"","V1","V2","V3","V4","V5","V6","result$classification"
"19812",0.015810542175844,0.0334954144060003,3.01577581429755e-06,0.00045894751068499,0.950130442448499,0.000101637683157324,5
"19814",0.00124145646838259,0.000775552392894932,0.00317937423218179,1.02574254190888e-05,0.994789238237257,4.121243865005e-06,5
"19816",0.976087084277469,0.00924797605515788,1.71150028273065e-06,4.14080278602435e-06,0.0145898722056746,6.92151586294695e-05,1
"19818",0.0371567328501563,0.000505502820827212,0.0111273699121124,3.07650143232419e-05,0.951138740662796,4.08887397852467e-05,5
"19820",0.999759690298324,0.000196835935346849,2.44293303639469e-09,4.31618779153338e-05,2.69330043468378e-07,4.01154370381713e-08,1
"19822",0.903597215324337,0.0390158227842208,4.53337862837593e-06,0.0573735196265196,7.57549440374908e-06,1.33339189012181e-06,1
"19824",0.998167499844011,1.11557550985233e-05,0.00108144934261411,3.92657777645742e-05,0.000564414590722309,0.000136214689789688,1
"19826",0.0250444495305647,0.103900514816798,6.34905361720696e-05,7.56463995545727e-06,0.858079559981552,0.0129044204949578,5
"19828",0.999060373254966,0.000204598639059179,2.31161576234927e-06,0.000241602818678612,0.000490882710896102,2.30960637843853e-07,1
"19830",0.000133511275988038,0.0656104647736363,0.000185283683750514,0.000252031887515236,0.932124039714655,0.00169466866445455,5
"19832",0.108426758704055,0.0341217111329608,3.31129666651803e-06,0.628586170001808,0.228853835697655,8.21316685480936e-06,4
"19834",0.273095553647196,0.691829696364785,0.000155031434918813,0.00399185871956353,0.030926760720974,1.09911256315255e-06,2
"19836",0.28589041751535,0.011382109557508,3.24846653292046e-06,0.000181232013583534,0.586595671254889,0.115947321192137,5
"19838",2.61367141221565e-05,0.000774985943267252,0.00067177603503332,3.51062741255825e-05,0.998483136281793,8.85875165830326e-06,5
"19840",0.218593380409456,0.729728190168082,7.61825178185861e-06,7.28244180524232e-06,0.0506180759464965,0.0010454527823783,2
"19842",3.79944741747868e-06,0.000590259409339099,1.89235324882434e-05,1.01165511194871e-07,0.0513417483966611,0.948045168048583,6
"19844",7.74978351250122e-06,4.50021429109863e-07,0.999947067362242,4.37934575668539e-08,1.87056707937253e-05,2.59833685646757e-05,3
"19846",6.01777600649685e-06,1.14136013500977e-05,0.112855223034962,9.45661422738728e-08,0.881833340522625,0.00529391049891396,5
"19848",8.87267936824865e-06,2.73116803945992e-05,0.0443283036768135,3.48847643488177e-07,0.955317975851321,0.000317187264458537,5
"19850",0.000129412122429636,0.000161512143695676,0.268921030682118,2.3183350522508e-06,0.73071326120337,7.24655133341814e-05,5
"19852",0.657808181691053,0.00873482095583562,0.000590552526244013,0.000153778585796972,0.332693812137972,1.88541030987057e-05,1
"19854",8.10830878298245e-06,7.43366695059853e-05,0.00481799291140013,8.34865368126127e-07,0.995020284540731,7.84427042113347e-05,5
"19856",0.000447728315717921,0.000631560688122398,0.982858452517123,8.73038751082233e-06,0.015837909188884,0.000215618902641747,3
"19858",0.0198664838103358,0.000145505215851167,0.977250665085135,0.000111945239866737,0.0025983532761277,2.70473726833158e-05,3
"19860",0.239186876707046,0.164995296686793,6.38787060165683e-05,6.99390447306624e-05,0.595640901806879,4.31070485346188e-05,5
"19862",2.74649969396531e-06,2.90029839701064e-05,0.00569071929505356,1.02132375898518e-07,0.975833945185601,0.0184434839033055,5
"19864",1.91433406367088e-05,1.42971981807578e-06,2.29268254165788e-06,7.90703845445384e-08,7.41906978601345e-06,0.999969636116833,6
"19866",0.890554460098105,0.086570819138051,1.6165611637188e-06,1.13111006693672e-05,0.00281792191360865,0.0200438711884018,1
"19868",5.03954447755678e-06,0.00562501568442289,8.21659514592642e-05,0.99420937923148,7.79751698712227e-05,4.24418289237866e-07,4
"19870",0.000193358225007165,5.02709276593178e-05,0.00239407779443257,1.45340137225788e-06,0.996026929044187,0.00133391060734169,5
"19873",0.0215800858769315,0.00134186225483427,0.000885781411332404,4.96218202302597e-06,0.97417651270092,0.002010795573959,5
"19875",0.959363934177156,0.0375235124712523,9.54565899360354e-08,0.000277717329755872,0.00283386511826885,8.75446977167039e-07,1
"19877",0.00229319738315728,0.00384673221953178,0.00237071163236868,1.33688944583588e-05,0.991376682627293,9.93072431904697e-05,5
"19879",0.255439089183145,0.0254556479683272,0.00618386810871972,0.00099276110391712,0.711716768373594,0.000211865262297728,5
"19881",0.00779844738975711,0.00392534972187026,0.00152895483754877,6.84563673040481e-06,0.963068358722903,0.0236720436911904,5
"19883",0.00260603752149106,0.00180410783123466,9.64063224805461e-05,7.82906618984921e-07,0.702294804254759,0.293197861163416,5
"19899",0.027821334358206,0.927771627387659,6.20873274544093e-06,0.000449906584825693,0.0437158751112703,0.000235047825293269,2
"19908",0.00279536545865761,0.980923134528983,0.000257079233957886,0.000859909433477528,0.000230216380068151,0.0149342949648557,2
"19910",0.338931270250234,0.00177967582357183,0.000373993558753372,4.97894100802378e-05,0.658509301980837,0.000355968976523701,5
"19912",9.64899626747973e-06,0.00475803368845758,0.000927536040237456,3.02581148497588e-07,0.399550832525607,0.594753646168282,6
"19914",0.102879169103863,0.402386188767909,0.00113952587631604,0.00246570400667555,0.491040419672053,8.89925731834881e-05,5
"19916",0.79545107599992,0.000642728149444489,0.00032540901093429,5.1745053871239e-05,0.000293485665357016,0.203235556120473,1
"19918",0.00027005212637252,4.53681875179019e-05,0.0933090329514009,1.36395174871595e-07,0.903734467173301,0.00264094316623268,5
"19920",1.39662667641197e-05,8.53846997933124e-05,0.88897132745656,7.52475561391493e-08,0.110886095673418,4.31506559086644e-05,3
"19922",0.0107432819678276,0.000101997724367581,1.55703115474476e-05,0.751051560343982,0.238078969013037,8.62063923840374e-06,4
"19924",0.00604748691847206,0.0052416978882801,0.031597128188239,6.05444241395195e-06,0.956898550563748,0.000209081998846622,5
"19926",0.164912184679547,0.723813613431781,6.68093841760122e-07,0.00598033796249889,0.09774890267366,0.00754429315867091,2
"19928",4.24253768979279e-08,1.45438835641673e-07,1.37021457418093e-06,4.84285043710167e-09,1.128218961282e-06,0.999997308859401,6
"19930",0.000468016649612371,0.000112275777850191,0.000149559180224692,5.64398017879319e-06,0.9992016595963,6.28448158342294e-05,5
"19932",1.84256696578797e-05,9.85158156613363e-05,0.00163331189819711,3.15669025500652e-06,0.998224870514052,2.17194121766901e-05,5
"19934",0.932791055374227,0.0359201600170889,0.000132839308645936,0.00188499491365896,0.0292698999078427,1.05047853695724e-06,1
"19936",0.00608533324167185,0.0440601386592578,0.000197568088776034,0.0002864827667476,0.94934207383214,2.8403411406753e-05,5
"19938",0.849216080337627,0.148648783379009,5.05645505640272e-05,0.00183826730361583,0.000235853677741073,1.0450751443114e-05,1
"19940",0.0758838826882011,0.000374944710918811,0.000549435702358365,6.55692498123072e-06,0.897111322159369,0.0260738578141713,5
"19942",7.27501959349544e-07,1.26302611511345e-05,4.30478861678445e-07,2.14922310714321e-09,1.06126338510649e-05,0.999975596974954,6
"19944",0.757847543920351,0.0147481539549747,4.00466661067426e-05,5.33582879462693e-05,0.226040466593225,0.00127043057739621,1
"19946",0.084671259436836,0.00670373041963665,0.0217182332759458,4.64904777019384e-05,0.886698789969918,0.000161496419961308,5
"19948",8.39174242313079e-07,1.78084580135781e-07,1.60424223198241e-06,7.27573921631765e-10,4.27293834403722e-05,0.999954648387931,6
"19950",3.41196313487652e-07,8.87867020166054e-07,0.998425753225015,8.29164295637792e-08,0.00157214609867636,7.8869654552984e-07,3
"19952",8.39174242313079e-07,1.78084580135781e-07,1.60424223198241e-06,7.27573921631765e-10,4.27293834403722e-05,0.999954648387931,6
"19954",8.5354816816824e-05,6.35138992236688e-05,0.000711186962699248,1.52436070158918e-06,0.999070948872109,6.7471088450151e-05,5
"19956",4.54909143057887e-06,0.101993366932046,0.719307145983554,4.2854285026843e-05,0.167391835300221,0.0112602484077204,3
"19958",7.54649420115251e-05,8.97658071473885e-07,0.000394979054916936,0.997794957034351,0.00173265002146652,1.05128918212048e-06,4
"19962",0.157102433733867,0.0181336293919654,0.213439205550655,0.00205105546653233,0.608885847195197,0.000387828661783483,5
"19964",0.043403690619807,0.000154318182316129,0.0129520870633184,1.7426591248154e-05,0.918998617770506,0.0244738597728049,5
"19966",0.961498212118426,0.0341257429774695,3.70909794069192e-08,4.70798888255554e-05,8.77595982405734e-05,0.00424116832605869,1
"19969",0.000334801942695864,0.00446539523297564,0.000123902612974789,1.31773459946696e-06,0.985056152972295,0.0100184295044591,5
"19972",0.000498235186808877,8.63345061808917e-05,0.0627235529154892,1.26400420115704e-06,0.797402368593529,0.139288244793791,5
"19974",5.56627799033301e-07,2.97407840970966e-06,0.878234440195611,9.44015908655375e-09,0.0811141819829159,0.0406478376751057,3
"19976",0.0108564172868443,0.00280331595794823,0.046536239315738,8.94023314884242e-06,0.93949588863664,0.000299198569680008,5
"19978",0.769722468438547,0.0010107058001795,0.000477643912392261,5.06152214451053e-06,0.227759154265746,0.00102496606099,1
"19980",6.41215967501939e-06,3.63597627712724e-05,0.215321829444856,7.36828759076046e-07,0.78457198458327,6.26772206684303e-05,5
"19982",9.8889645053145e-05,0.00111305674591948,0.864228828009092,1.32528199627963e-05,0.134528747473266,1.72253067073423e-05,3
"19984",7.70051031493307e-06,2.15169056618067e-06,0.999647808677143,5.31897218391563e-08,0.000337714651843216,4.57128041120353e-06,3
"19986",0.992008734254753,0.00775413278013119,3.66841426471328e-09,0.000234789527416953,1.84941224111789e-06,4.90357043044883e-07,1
"19988",0.998390032790663,0.00120061478408185,2.03689174804944e-09,0.000409197041329774,1.35180479135504e-07,1.81665547371265e-08,1
"19992",0.973054199774428,0.0265530051855008,2.13114092478269e-07,0.000389625268725685,2.9415864809768e-06,1.507077204725e-08,1
"19994",0.000575302934356821,0.000438112700384978,3.58146934004635e-05,1.95451551060434e-05,0.998887173526132,4.40509906203132e-05,5
"19996",0.99926667520537,0.000685477259857456,1.02642151475787e-07,4.24667209874711e-05,5.26802663833245e-06,1.01449951889524e-08,1
"19998",0.0187981371825461,0.45333482410526,0.00740462853869676,4.78262802098682e-05,0.133383358889087,0.387031225004201,2
"20000",3.9609286080626e-05,0.212095775292632,0.000596609393423268,0.00854735334581443,0.774242593549224,0.00447805913282532,5
"20003",0.00431710923568005,0.00669446644998233,2.41523947175331e-06,0.00012184669878501,0.988144852817961,0.000719309558119486,5
"20005",4.30525035082859e-06,2.72515023751716e-05,0.0395554914285433,1.01175471387404e-07,0.95782883301726,0.00258401762599987,5
"20007",0.390440363051966,0.384259283059607,0.000913503058377927,0.00137625943414178,0.222986296667885,2.4294728022626e-05,1
"20009",0.997626708305443,0.00104446558158782,0.000232487935092329,0.000510339661471916,0.00032894923539624,0.000257049281008592,1
"20011",0.00342814553233217,0.000802245677434861,0.00978064856078299,4.22547878588422e-06,0.956990590297542,0.0289941444531227,5
"20013",0.000309667133104471,0.0126736954328888,0.109372197106122,7.31060085228742e-06,0.877617757105348,1.93726216842127e-05,5
"20016",0.989551695693736,0.0063472888390463,7.5113195892443e-06,0.00408302057722561,9.62253001990979e-06,8.61040383195824e-07,1
"20018",0.00512680720625136,2.22612955935882e-05,9.09739834919098e-10,0.994850915825595,5.88329808903208e-09,8.87952163152573e-09,4
"20021",0.991129762221483,0.000639446451804947,9.44338288280036e-08,0.000311570539810981,0.00791101512941709,8.11122365553634e-06,1
"20023",0.876980430772286,0.0662843944679289,0.000106378945380369,0.00103376476330131,0.0555699656460915,2.50654050116266e-05,1
"20025",0.501733149659219,0.000923918347934922,6.76271187247696e-08,0.49732710574504,1.48313094388145e-05,9.27311248152714e-07,1
"20027",8.76502611308825e-05,0.0111046516614195,2.89923500162718e-05,1.45105936176676e-06,0.650924040511551,0.33785321415652,5
"20029",2.29409945398361e-05,0.000573633029068915,0.0154898756527617,5.73777623800925e-08,0.971487924260446,0.0124255686854215,5
"20032",8.7655858035587e-05,0.000416062277688595,2.05001907571285e-05,4.23305074034708e-06,0.992836833089635,0.00663471553314373,5
"20034",4.20317876838111e-06,5.15725546171315e-07,3.46980790407471e-07,5.64493317134342e-09,0.000176338417107724,0.999818590052854,6
"20036",0.00115383151815579,0.953469114990566,0.017617364608248,3.61876848416726e-05,0.0275074086751333,0.000216092523055456,2
"20038",0.776738033088877,0.218304093412302,3.08977190765623e-09,0.00475989948975153,0.000197636527155138,3.34392142507935e-07,1
"20040",0.988353447557252,7.27550272773439e-05,2.7904445198121e-06,0.0114705414687182,2.8746205820659e-06,9.75908816502228e-05,1
"20043",0.986871104913346,0.0105687786700472,5.76143211238634e-07,0.000629300611098604,0.00193011466416959,1.2499812708395e-07,1
"20045",0.993653421992742,0.000161928505488561,8.44487129385487e-08,0.00618436489840528,1.98185976778128e-07,1.96867454715996e-09,1
"20048",1.35494888181612e-07,1.88939165505121e-07,0.999963538556975,4.81537261294829e-08,3.56793061557047e-05,4.09549089437586e-07,3
"20051",0.251728415744467,0.0966616149611434,0.0128827570925739,0.0148068175994376,0.623919090335765,1.30426661275322e-06,5
"20053",0.989142578600648,0.00236492787879443,0.000166155672078019,5.20910598177021e-05,0.00819889954641965,7.53472422425496e-05,1
"20055",0.110692406292747,0.858635397388406,1.8505013559447e-08,0.0235394551388442,0.00711714609638745,1.55765786020636e-05,2
"20057",3.75091936556472e-07,2.77468433392753e-06,0.000829873414118196,0.999055537635669,7.91395460595661e-05,3.22996278827419e-05,4
"20059",0.988764520637936,0.00172955881625622,1.8417974216937e-05,0.00212655343606775,0.00703259691141438,0.000328352224108393,1
"20061",0.905466350259881,0.0108362847576064,0.000130624888154108,0.00025942457967112,0.0829467646317799,0.000360550882907426,1
"20063",0.00776419209403135,0.000484800160988615,0.990942668159962,0.000216984103730063,1.52256695278961e-05,0.000576129811759973,3
"20065",0.0797972355058682,0.000820498633606565,6.55529182996195e-11,0.919380097505134,2.16500392097158e-06,3.28591739705416e-09,4
"20067",0.987129483446126,0.00230172575851947,0.000215419849961918,0.0101733313426754,0.000180032233184996,7.36953225774911e-09,1
"20069",9.43140277344953e-06,6.06645642093838e-05,0.488682393303245,1.30437959986764e-06,0.511224403446495,2.18029036772893e-05,5
"20071",0.00230237018465689,0.993233913734724,2.52166311346777e-05,2.5401341257231e-05,0.00280743764741715,0.0016056604608103,2
"20073",0.0006901463221505,4.99799635967846e-06,0.877817247978827,6.22916073056193e-07,0.120947093545738,0.000539891240852362,3
"20075",2.62969684371701e-06,0.000900863994529007,7.60008915321185e-07,0.998989163164166,0.000106529819202569,5.33163432082699e-08,4
"20077",0.382671842416136,0.61313113726471,0.000279280663962684,2.05032225661389e-05,0.00389199386300941,5.24256961605203e-06,2
"20079",0.105417395281083,0.0129355905829224,0.833660928338963,0.000857124945560923,0.0471008918140155,2.80690374553926e-05,3
"20081",0.77681235996637,0.0594268908569489,6.86332581250159e-06,0.158381096712817,0.00537274753612867,4.16019228114808e-08,1
"20083",0.00112788278458799,0.162112588040915,0.830529176716558,0.000200393054528127,0.00444468824227547,0.00158527116113521,3
"20085",0.995399863151164,0.00221125878779672,5.53943943850443e-10,0.00238859076122013,2.79890878184049e-07,6.85499716091628e-09,1
"20088",0.994428939247225,0.0045946877420799,1.08081400789348e-07,0.000760555733995468,0.000215670847630081,3.83476689502848e-08,1
"20091",0.000879137779879839,0.000228730198922192,1.60655366655156e-06,0.998848842804992,4.1681221995956e-05,1.44054378222895e-09,4
"20095",0.0610445440544515,0.00104859391370725,0.881286657629616,0.000172955537127832,0.0128959186478782,0.043551330217219,3
"20097",0.981028452865673,0.00833658515504087,8.95337971935034e-10,0.0106343812761914,5.76179635747759e-07,3.62812122360724e-09,1
"20099",0.915998157125841,0.000133061446937494,0.00253849986803317,1.44495001100648e-06,0.00134959493478944,0.079979241674388,1
"20102",0.000744436922242432,0.000199161239403289,0.948927192278906,0.0486300284832578,0.00149880857610749,3.72500083400768e-07,3
"20105",0.994800766460635,0.00111533903016557,0.000418047824809042,0.000229132920694246,0.00343643265859331,2.81105102794168e-07,1
"20107",0.934077836385732,0.0656117097202322,4.28716035511905e-07,6.70888945116988e-05,0.000241901187912539,1.03509557666995e-06,1
"20109",0.800433536848453,2.06419889382613e-05,0.177752335868083,1.16562123470906e-05,0.0210327629391103,0.000749066143067954,1
"20111",6.38032644879677e-05,7.4931638812881e-05,0.00990076947432787,0.530487316672353,0.459425851615643,4.73273343758074e-05,4
"20113",0.224836494099077,0.767925578226132,3.78702919986725e-07,2.85897604633657e-05,0.00252996994875466,0.00467898926265214,2
"20115",5.84991336613611e-05,1.96298316050687e-05,0.000352142181741768,0.000161500628616528,0.994370513947713,0.00503771427666237,5
"20117",0.0933797677861753,0.0207366104224984,4.26997011007245e-06,0.568716218662459,0.000764347912798013,0.316398785245959,4
"20119",0.933934030909377,0.0470351156076431,1.93032963316025e-08,2.018980042863e-05,0.000101809810989401,0.0189088345682655,1
"20121",0.952302393840724,0.0474510375099671,1.46680947158681e-08,0.000218721710106352,2.72887685315501e-05,5.43502576077775e-07,1
"20123",0.000475554551852213,0.00087426538118265,5.72766396737105e-09,0.998642972123095,7.19895159502783e-06,3.26461093032625e-09,4
"20125",7.49907658815541e-05,0.000974224035922177,0.0913904565682286,7.62102867828463e-06,0.907539737704735,1.29698965545251e-05,5
"20127",0.999681049937154,0.000129734698288122,1.13405943232467e-06,0.000184505522854932,3.5399287647642e-06,3.58535061009115e-08,1
"20140",0.00501711772997569,0.986861551586183,4.17610897644873e-08,0.00612822718648559,0.00196050535468241,3.25563815835524e-05,2
"20142",5.53208672853959e-07,7.7177064867867e-06,0.995398270330019,1.87483793707316e-07,0.00459176847711418,1.50279391344134e-06,3
"20144",4.10264853779245e-05,0.0180857133984985,0.00814068572518898,0.00337484971233872,0.970284168781516,7.35558970799206e-05,5
"20146",0.00175351778975335,0.334389384690562,0.365577414585618,0.000783418212112749,0.297452363936191,4.39007857631313e-05,3
"20148",0.004051199041359,0.0299257794536539,0.00021384870910682,4.38940081053255e-05,0.96574500615424,2.02726335352144e-05,5
"20150",1.49938508788828e-06,1.01592500368406e-05,0.471061098777147,6.24440109400849e-08,0.525279710924455,0.00364746921926281,5
"20152",0.0212083941613885,0.0301882892005495,0.000151058159697723,7.7928707726808e-05,0.948275820994123,9.85087765147712e-05,5
"20154",0.0162173112495688,0.000399291996550459,4.15978214004379e-06,0.98337460531341,4.63143579584705e-06,2.22534783178005e-10,4
"20156",0.265713118219938,0.632678158100762,0.0447074038408397,0.00445102915758663,0.0523441403324025,0.000106150348472097,2
"20159",8.78007814491751e-06,0.000152804469684958,0.597310107876714,2.33662903742467e-06,0.402512890938254,1.30800081654099e-05,3
"20161",0.000194187003623172,0.00170934463665271,0.992762711908637,1.33080947417571e-05,0.00523197434189461,8.84740144510325e-05,3
"20163",0.0348250639310544,0.00143471219496056,4.94720723497358e-06,0.000947931634616795,0.961775179487625,0.00101216554450806,5
"20165",0.00707764316158297,1.00669970035682e-05,0.992235268984277,1.09944083602255e-05,0.000665021216782711,1.00523199291962e-06,3
"20167",0.00228515708543941,0.000481104286904223,0.00707635511609115,2.87593144822167e-06,0.990141181534908,1.33260452090129e-05,5
"20169",1.50988678659273e-07,6.55774812773064e-07,0.999834422033635,5.5071766612331e-08,0.000164231535607855,4.84595498987254e-07,3
"20171",0.00393781838317523,0.000342740985557867,5.53227027533579e-06,0.995713645044139,2.6319544606007e-07,1.21407023728986e-10,4
"20173",0.0732761140629382,4.8309726260149e-05,0.229268883358358,9.02739670883083e-06,0.000966922653550204,0.696430742802185,6
"20175",0.000750917693495896,0.00189204179113489,0.00715064036331161,6.44793751912258e-06,0.989916656538447,0.000283295676091649,5
"20177",0.592004195209336,0.000971193731013679,0.000138103625081383,4.19653269859421e-06,0.0024212351824305,0.40446107571944,1
"20180",0.993350136297696,0.00472130406469206,7.05841730810142e-11,0.00190585540985481,1.83009594744039e-05,4.40319769834892e-06,1
"20182",1.64268445898746e-08,8.89984284215326e-08,0.997220293769556,1.02697628499577e-05,0.00017441908828426,0.00259491195403615,3
"20184",5.10869407475786e-05,0.000212938160679375,0.962867630396782,6.64202657109311e-07,0.0368601127194493,7.56757968513115e-06,3
"20187",0.00299348710167997,0.00514863071806958,0.00132347583197558,1.70781035491414e-07,0.00146329936801088,0.989070936199228,6
"20189",0.950013149798983,0.000504802463211459,6.18832761821981e-06,3.83039076796176e-06,0.0386897391332189,0.010782289886201,1
"20192",0.825930450927723,0.000194302379608097,2.38969244816465e-06,0.156168465770594,0.0027950237733232,0.0149093674563034,1
"20194",3.58503971923616e-05,0.112986523796634,0.721060557496836,5.34616723896728e-07,0.0426475883900578,0.123268945302557,3
"20196",0.760784858841949,0.00366330137537372,1.69486392705598e-07,0.235496746391597,5.48677087258093e-05,5.61959610278381e-08,1
"20198",0.229753147256018,0.171459874505804,0.000789803468268224,0.00363852080651882,0.593859099795599,0.000499554167792582,5
"20204",1.35526749618177e-05,2.00805143653315e-05,0.446678594452793,4.56361439098914e-06,0.55325737620651,2.5832536979364e-05,5
"20207",0.871362488973285,0.0316130510638763,4.31994334910429e-05,0.0968380476256117,0.000143206787286564,6.11644923622387e-09,1
"20209",0.000318606629693843,0.0250832757924448,5.15846224399674e-06,0.0461200998680612,0.854377076403754,0.0740957828438021,5
"20211",0.000375462260768429,0.00196068594093614,5.83757573431129e-08,0.997643654521046,2.01388228061294e-05,7.86862940909318e-11,4
"20215",0.138539087446428,0.859392748619728,1.0383070870106e-05,0.000102006493933112,0.00195413853985317,1.63582918709844e-06,2
"20218",1.17612021503867e-06,4.06139714380168e-06,0.981584699282534,2.45961954483402e-07,0.0184076846512143,2.13258693828516e-06,3
"20222",0.868651138178921,0.0532965441926298,0.000107486048900897,0.0715661917396783,0.00637858245994391,5.73799262370429e-08,1
"20225",7.80941622323261e-05,0.0418679193068446,0.0317287189669029,0.00021963580718381,0.925702672109376,0.000402959647460657,5
"20229",9.95834275047576e-05,0.996929764014731,9.96726917724341e-06,0.000323918033637263,0.00262378344354815,1.29838114016509e-05,2
"20232",0.260172601157315,0.705056719967198,9.73113174715262e-06,0.0055079031782583,0.0292346058468266,1.84387186547028e-05,2
"20234",0.862784688392784,4.71274553945458e-05,6.54762062139264e-10,0.137167144115359,1.71601104200412e-07,8.67780596294701e-07,1
"20238",0.989097330683106,0.00981815333540869,7.77530533068667e-06,0.000860598608165705,0.000215527048223229,6.15019765246418e-07,1
"20253",0.324421249955668,0.675399368488389,7.88615094045612e-07,0.000144734560148806,3.32533292130089e-05,6.05051486422231e-07,2
"20255",0.000114659557183992,0.00219913508470485,0.000213023665489592,0.00017544664819768,0.997294402791551,3.33225287284685e-06,5
"20258",0.999860654531035,4.88235185680287e-05,2.26316709940744e-08,3.2979543020416e-05,5.68794425065055e-05,6.40333199362247e-07,1
"20269",0.951584668272042,2.85821276217154e-05,0.024311471895314,5.8992850961953e-05,0.0239907150921777,2.55697618830007e-05,1
"20271",0.993891247215618,0.000129752321948296,8.69216565525801e-08,7.71591010310748e-06,0.000145639128415505,0.00582555850225865,1
"20285",0.00249336259307838,0.0106498278285936,0.00101867886144541,3.52255639597987e-06,0.0253555950334547,0.960479013127032,6
"20288",0.221008220583137,0.774197653975038,3.48899742164815e-05,0.000338134019331672,0.00441861522675373,2.48622152285179e-06,2
"20291",0.696404306080165,0.00472345041021856,1.95732242569766e-06,0.298759198474598,0.000110787466902156,3.00245690974195e-07,1
"20295",0.84132316508827,1.94152917063311e-05,0.00859992803983327,0.000108098647244791,0.0547496169532574,0.0951997759796883,1
"20298",1.05803867910075e-05,0.00029550191316149,0.00291123940926696,1.05824054846401e-06,0.99670875911071,7.2860939522447e-05,5
"20302",0.00071335923221041,5.49667952300753e-05,0.605659501399538,3.01840523239963e-06,0.391161055613632,0.00240809855415756,3
"20305",8.88363014113182e-06,7.33095041057065e-05,0.000423968201257056,4.3402101588567e-07,0.997749248877072,0.00174415576640819,5
"20307",0.998595806931308,0.00111788007790255,1.95706457620124e-08,0.000278418375852593,7.86545705555006e-06,9.58723557485139e-09,1
"20310",0.998401522955738,0.000193065488603853,1.43348890299699e-08,0.00140506611421048,1.61749125042098e-07,1.69357433711606e-07,1
"20313",4.84893666693908e-08,1.4890445328908e-07,0.999397898878568,4.78110700107778e-09,0.000587251540529173,1.46474059755334e-05,3
"20315",0.989200122094876,0.010431676466518,3.00393547255339e-07,5.6105465761031e-05,0.000301785706923093,1.00098723740357e-05,1
"20319",0.270958244738704,0.0286277088473548,1.05405120977367e-07,0.700337597825392,7.62418420780254e-05,1.01341350678907e-07,4
"20321",0.992655749056849,0.00727243591196569,5.74945860795078e-06,3.30538796217742e-05,3.23601405434782e-05,6.51552412021253e-07,1
"20327",0.999947435435402,2.22756756624734e-05,6.49754810212355e-08,3.93994018966249e-06,1.52691833346456e-05,1.1014789930682e-05,1
"20329",4.11202432576983e-07,4.35705190152899e-06,5.92644757537151e-05,2.65051654666165e-10,0.000103463451372736,0.999832503553488,6
"20335",0.869077804194572,0.0007100114888999,8.73521926990922e-07,0.130203302437946,8.00775225770493e-06,6.04397087755158e-10,1
"20337",1.53689345000571e-05,7.39556098739082e-05,0.205771295569215,2.89272876922512e-06,0.794122240754835,1.42464028064234e-05,5
"20339",0.00247514317023018,0.396033956904304,2.11903788830939e-06,0.597301056781029,0.00390244236695133,0.000285281739597054,4
"20341",0.0147446907570321,0.00303724762186156,0.000417600309462537,0.981782714482713,1.77404589869136e-05,6.36994404216273e-09,4
"20343",0.991882124125666,0.000855733359610266,6.60129781232303e-05,0.00718947481474448,6.59580668127282e-06,5.89151747317033e-08,1
"20345",0.00270797826991111,0.00853012579606727,5.18431661915384e-06,1.91780238770083e-05,0.963061189506356,0.0256763440871691,5
"20350",0.00722522572989785,0.984226753683426,0.00118140507452046,0.00477117208847231,0.00237619505616156,0.000219248367521823,2
"20352",8.98297087862758e-07,2.7712422943527e-07,0.999602389195846,7.95474982752419e-08,0.000395938600092634,4.17235245617428e-07,3
"20355",0.00179440021679113,0.00053695479657317,0.976510277195443,8.38475640660658e-05,0.0209718020613688,0.000102718165757908,3
"20358",6.2164792480576e-06,3.05110820135216e-05,0.0111674266458736,1.11830661915468e-08,0.0212093620250691,0.96758647258473,6
"20363",0.992401359327648,0.00740679235582671,4.24270893276751e-06,3.41879561718055e-05,0.000153223067805008,1.9458361572173e-07,1
"20365",0.277550862562074,0.105589255431126,1.28350255207477e-06,0.594008619504283,0.0228496813395322,2.97660432780642e-07,4
"20379",0.000159102556314542,0.000247112246589335,0.000703080192633896,0.000284015450901248,0.998340172881238,0.000266516672322878,5
"20387",0.99840662229615,0.000215686370214071,1.07413108666695e-07,0.00110261781520387,0.000274925409087441,4.06962360877311e-08,1
"20392",0.000947223669019808,0.000226276892166793,3.0888491711395e-09,0.998820504896397,5.99137268853071e-06,8.08780775307186e-11,4
"20395",0.00717913245287726,0.269349578311969,0.000889424251205532,8.41256268574308e-05,0.722463271894502,3.44674625888761e-05,5
"20397",4.72308567904494e-08,1.52602109471041e-07,0.0041123367547061,1.18888128007423e-09,3.54235102208155e-05,0.995852038713225,6
"20410",0.993070651678491,0.00122030237224055,1.20653062585788e-08,0.000379238603927244,0.00514061701672294,0.000189178263312118,1
"20414",0.000582534380628586,2.06429304686679e-05,0.199236106298624,3.14192564524531e-06,0.800078511663832,7.90628008021581e-05,5
"20417",0.0558518759649115,0.000369411457570722,4.8630669209453e-09,0.943759977936378,3.64799351006698e-08,1.86932981373351e-05,4
"20419",0.999836316280126,0.000148505741556361,4.59907061334249e-07,5.68053467176471e-07,7.71991454958673e-06,6.43010323966849e-06,1
"20421",0.00201669717589926,0.000664388180313791,0.686180233235812,0.010517332205701,0.300614711192363,6.63800991105975e-06,3
"20423",0.000100384399994866,0.000128162065928405,0.307684720125655,4.42423131859506e-05,0.692035060892751,7.43020248491922e-06,5
"20425",0.000178186087192678,0.0245135817637123,0.674542357541647,0.000123248830991256,0.300640225842293,2.39993416301311e-06,3
"20427",0.0327356864608714,0.0051735044216686,0.000196399318080541,1.45520544345651e-05,0.961821992948324,5.78647966205253e-05,5
"20429",0.974924227268411,0.0226141248831236,0.000189148474304302,0.00213587742741484,6.09783734788698e-05,7.56435732674086e-05,1
"20432",2.52029722213082e-05,1.0529686145484e-05,0.787264623085404,1.32804681055469e-07,0.212161374195681,0.000538137255866741,3
"20435",0.730161986517072,0.122709277382754,6.93816815795649e-06,0.0176734427018433,0.129285339047082,0.000163016183091496,1
"20438",0.943111323048745,0.0563862872365792,0.000309295207938911,5.80591962758198e-06,0.000151024837743599,3.62637493651197e-05,1
"20440",0.999904166872743,1.90704581328737e-05,5.80885058271454e-06,1.210284344911e-05,5.34962767514001e-05,5.3546983409818e-06,1
"20443",5.15163866904138e-05,0.000799207047200707,0.998447177103937,5.50163494577377e-06,0.000694009443446255,2.58838377963812e-06,3
"20446",0.562001479858929,0.00774725783039962,0.0032701835149703,0.00122328096108613,0.423850769238224,0.00190702859639108,1
"20449",0.163654421414279,0.799834002580646,5.96786165711861e-06,0.00243866619489106,0.0340272103919987,3.97315565272533e-05,2
"20537",0.664622523088581,0.00060514995959609,0.000104499902007083,0.330161384920912,0.00450556700187099,8.75127033351144e-07,1
"20540",0.00352166090547526,9.30128695963413e-06,1.36888272870847e-09,0.996466677861578,2.35695474350864e-06,1.62236125509172e-09,4
"20543",0.171195687225946,0.00190444466495086,0.00259436118379412,0.000461139698145597,0.823805420821711,3.89464054517771e-05,5
"20545",0.000369599474757525,5.30834292892627e-05,1.38788426833828e-07,0.999564391815308,1.27864586555392e-05,3.35625190989576e-11,4
"20549",0.0303999497487038,0.00198063419877856,0.0106887935787473,0.00245910565438772,0.954470288837719,1.22798166401607e-06,5
"20551",0.908193128492423,0.0745257895365628,0.000106323540792502,0.00103364364633399,0.0161409227081547,1.92075733157862e-07,1
"20554",0.997587790252295,4.14053435784905e-05,3.67331362381086e-06,5.94996500578492e-05,0.00230473439537552,2.89704506916266e-06,1
"20556",0.00935205171805089,0.936695950824672,0.000156932207002047,0.0071289918462737,0.0466658303590265,2.43044974863302e-07,2
"20558",0.999530876966412,0.000351277254005365,1.08261021121316e-07,9.27328873907745e-05,2.49886921307019e-05,1.59390400715522e-08,1
"20560",0.974368326551625,0.00963634903648728,0.00338812018440489,3.94408331331266e-05,0.0125669503140572,8.13080292779611e-07,1
"20563",0.999835333363021,2.93425790842211e-05,2.81141062469011e-07,0.000132466307855902,2.52864424939491e-06,4.79647268840918e-08,1
"20565",0.693648249496262,0.196258760102913,0.0262019360913555,0.000582051550131883,0.0833042569792322,4.74578010563273e-06,1
"20567",2.76700379821563e-05,0.000274143434987455,0.907890040063341,4.16475344622323e-07,0.0916212921419024,0.000186437846442143,3
"20571",0.012520950919951,0.987216193804985,9.61144599348177e-07,0.000243083258419341,8.04679294084393e-06,1.07640791041854e-05,2
"20573",0.822375692427121,0.146010028146302,0.000545166901251482,0.00265603556720808,0.0284114616266707,1.61533144669993e-06,1
"20575",0.999696742603607,0.000240429550727719,6.21833761927263e-08,5.60983795639191e-05,5.98153281260782e-06,6.85749912166961e-07,1
"20577",0.0266735800155286,0.690049378898984,3.60292505016204e-05,0.0004010484783774,0.282606280320189,0.000233683036420021,2
"20579",6.86999546203813e-07,3.46571208806406e-06,0.869475211317565,3.32453343030449e-09,0.00104681885301418,0.129473813793253,3
"20582",0.999539284987214,0.000394011422833668,1.58134389405081e-08,6.38972467046388e-05,2.75155613674805e-06,3.89736725086949e-08,1
"20585",0.0484151991225751,0.0275055669348557,7.70650441816935e-07,0.915520977771217,0.00855746770237883,1.78185309812874e-08,4
"20588",0.00401038229178928,0.0718972310453738,0.000156916779848556,0.917878747567891,0.00605559367039878,1.12864469821892e-06,4
"20590",1.67146606328992e-07,1.34665180625642e-06,0.994036192552335,1.81155001124535e-09,0.00423147191440265,0.00173081992329971,3
"20592",0.999294435159482,0.000666354829402776,6.07018206549421e-07,3.72945562709821e-05,1.2942453358145e-06,1.41913018088395e-08,1
"20594",0.999617928419457,0.000167735778528403,2.14325061965279e-09,0.000208685651893108,5.34261530803333e-06,3.05391563323688e-07,1
"20596",0.992763343210581,0.00100502463366573,0.000232487489057062,1.76653758370169e-06,0.00496108454327522,0.00103629358583754,1
"20598",0.990976751393601,0.00254289214194092,3.06397756164869e-06,5.65574166738282e-05,0.00641852886960916,2.20620061366942e-06,1
"20600",0.0170383334120212,0.690356429677008,0.000620782016936779,0.225495311304917,0.0664889396801189,2.0390899889916e-07,2
"20603",0.00021346782801896,0.00753771794052468,0.00262058666028395,0.00106361010088728,0.988544821152536,1.97963177495243e-05,5
"20605",0.971394868370594,0.0282291920783172,1.10161419923904e-08,0.000227254212744458,0.000144055431370822,4.61889083183749e-06,1
"20607",0.962729673481669,0.0366767102597561,2.81682548198738e-07,4.45360345898026e-06,0.000562482808623756,2.63981639438302e-05,1
"20609",0.988376187187473,0.00015675864610066,1.14801953829391e-05,6.50951436165348e-05,0.0113827823471296,7.69648029714448e-06,1
"20611",1.21358087353105e-05,0.000455755935465222,0.000151550963443614,5.11846912391646e-07,0.988131627363003,0.0112484180824401,5
"20613",0.402144028030788,0.0013738274617271,5.21001570056545e-06,0.00258678937819345,0.593811747545975,7.83975676156423e-05,5
"20615",0.0436460504465853,0.779134484888552,0.000819420389885603,0.0111253933074508,0.165274388218646,2.62748880911037e-07,2
"20617",3.44816153269059e-07,1.22464146433472e-06,0.998018607900836,8.71748200434066e-08,0.0019789116752373,8.23791488608146e-07,3
"20619",0.982418212828751,0.0175580120711477,2.48502582872583e-06,1.42816016620121e-05,6.49070817076147e-06,5.17764440297253e-07,1
"20621",0.86749978527969,0.123569676973831,2.39465030621362e-05,0.000178600626941243,0.00870117609782676,2.68145186488216e-05,1
"20623",0.00129472963754436,2.17633630180031e-05,0.989903991207134,7.94059441326693e-08,0.00785343252302695,0.000926003863332399,3
"20625",0.000407058272592875,0.0499811906601308,0.0447234439524928,0.0126970494726656,0.892184713900878,6.54374123965997e-06,5
"20627",0.769724485616025,0.0547473939772053,2.46334824180015e-06,0.000290124709057024,0.174831315950051,0.000404216399419613,1
"20629",0.322911146758709,0.597719249775231,0.000430091658841653,0.000860377643491407,0.0780758113644597,3.32279926702718e-06,2
"20631",0.999046778683349,0.000883096005080922,4.56705522261295e-06,6.18571409959537e-05,3.66609511129624e-06,3.50202407377545e-08,1
"20633",3.10775925602571e-08,9.0830240245612e-08,0.999601766636487,2.21493905618622e-09,0.00031145360915751,8.66556315838784e-05,3
"20636",0.000260811258883328,0.278235282910041,0.0239501950981028,1.2181005110487e-06,0.637992617114573,0.0595598755178889,5
"20638",0.00369554871979001,0.967369135428573,9.25611509563215e-06,0.00186817136318379,0.0269996643135446,5.82240598134598e-05,2
"20640",0.891666665112801,0.0163257208350818,7.16300452405483e-09,0.0902572119303934,0.00174992628453085,4.68674189031968e-07,1
"20645",0.994370743015583,0.00230350520645577,1.12973240529881e-09,0.00332508507507132,6.63123731271862e-07,2.44942622583182e-09,1
"20647",1.40696343943641e-07,2.65731072802773e-07,0.999962445763567,5.42898051296151e-08,3.66480776622771e-05,4.4544154886556e-07,3
"20649",0.975010673801986,0.000820823532739382,4.96539818498206e-06,0.00973755145351953,0.014425346266874,6.39546695801221e-07,1
"20651",0.995557948720485,0.00246528572594679,6.85637923365598e-06,0.00196140356947944,1.94206871287248e-06,6.56353614292292e-06,1
"20656",0.962014395173184,0.000137039324439263,1.35498346736474e-06,0.0371397686909219,0.000707070570992688,3.71256995216249e-07,1
"20660",0.0340616591183746,0.00013118921490253,7.54196294783929e-07,0.962075267724485,0.00340235953268811,0.000328770213255475,4
"20662",0.000165851743296087,0.000931920755809026,0.844072289257777,5.90319811842709e-07,0.0517453723013374,0.103083975621969,3
"20664",0.893836709054711,0.00405283356203547,0.0897816525437914,1.15897757652232e-05,0.00670328567256757,0.00561392939112957,1
"20666",0.000214907664550128,0.00020280612741849,3.10808245126728e-05,0.038373623196724,0.961126787986368,5.07942004264888e-05,5
"20668",3.32459764732313e-05,3.37061558173732e-05,0.358547740545035,1.79279908692087e-07,0.641241905460931,0.000143222581835064,5
"20670",0.996605851023277,0.0025063447036155,2.1101106229643e-06,0.000188040929295893,0.000360723771720562,0.000336929461467465,1
"20672",1.93150228159588e-05,2.40674464411338e-05,0.351514013424697,8.89464085516597e-06,0.648423426174898,1.02832902927906e-05,5
"20674",0.581699464238046,0.377932553421001,9.86634502821704e-05,4.37373962736261e-05,0.0401480435657058,7.75379286917772e-05,1
"20676",2.12151728249153e-07,6.37242230350075e-06,0.0015063879046513,3.77156446973692e-08,0.0385957873571248,0.959891202448548,6
"20678",2.57755098484633e-07,3.97457825702469e-06,0.0179023359861777,4.59140084778029e-09,0.0235768647946663,0.9585165622944,6
"20680",0.000723434765781889,0.000153088169838056,0.224515882773228,1.06131047594601e-05,0.774588236797518,8.7443888748345e-06,5
"20682",0.00169478460723869,0.00140756849236243,0.000429756396666412,2.02204946797112e-06,0.848825165354161,0.147640703100104,5
"20684",0.680656364418492,0.202273775283974,1.05271075767621e-05,0.0022730710281619,0.0501686912975507,0.0646175708642445,1
"20686",1.87154628840029e-06,4.2824884553824e-06,0.98035359758736,2.78185341221144e-07,0.0196380182517958,1.95194075953117e-06,3
"20688",8.85430699170256e-08,3.83418353652584e-07,0.0240415881002829,1.04662728850023e-09,0.000877556742156968,0.975080382149509,6
"20690",0.0220678524676373,0.0566755271032721,4.56508588693033e-08,0.92053042461965,0.000725264152766754,8.86005814846874e-07,4
"20692",7.33999206324988e-08,2.32138435127733e-07,0.970975700255896,2.25611729675643e-09,0.000995016103303642,0.0280289758463271,3
"20694",6.05291358734446e-06,0.000105337073524935,0.00973389582286059,3.70615613400298e-07,0.989912861665966,0.000241481908448152,5
"20696",0.000258289986736158,0.00942781738046352,0.00474092386874654,6.52646164047004e-06,0.984709746738869,0.000856695563544101,5
"20698",0.0941912266558013,0.895387129666116,0.0020395512579962,0.000633820107455324,0.00774669698307972,1.57532955112269e-06,2
"20700",0.992892767962874,0.00404261708878584,0.00230522574422429,0.000162013556901894,0.000486468585597028,0.000110907061617592,1
"20702",0.0291811150778536,0.512940307928911,1.4684211284907e-08,0.45785594645364,2.25712889717248e-05,4.4566412499126e-08,2
"20704",0.739000610295758,0.116734361658729,2.64370089654066e-05,0.00018844825663392,0.143999469343258,5.06734366563824e-05,1
"20706",0.0391252356725802,0.738327971286578,0.00363430034383661,0.00053585891264914,0.10327196749678,0.115104666287576,2
"20708",2.08207084834095e-06,4.44977569122782e-06,0.000125466115845664,1.54655809720346e-08,0.0353317958679891,0.964536190704045,6
"20710",0.361495288425091,0.293154590761505,9.34955861124231e-07,0.31440455585724,0.0309442828728309,3.47127471818654e-07,1
"20714",7.62258249817354e-06,2.6221508565725e-05,0.991160874701855,8.55185891718927e-09,0.00876301977014761,4.22528850742111e-05,3
