"","V1","V2","V3","V4","V5","V6","V7","V8","best$classification"
"19811",0.000483257876283704,0.0050099923713205,2.52660082527018e-09,2.5920021547021e-07,0.000544392812909253,1.22308411689022e-07,0.0549889800312471,0.938972992873011,8
"19813",2.32918523342128e-08,1.73515349091419e-06,2.56054804907186e-08,4.09516378314098e-09,2.05155062855934e-06,4.68438217933634e-10,0.999987400247959,8.75958698684261e-06,7
"19815",6.04649909246241e-06,0.0429048201235355,3.99423176889559e-09,0.00016166448400144,0.00734029434284194,0.000646811885634146,1.75752153366297e-06,0.948938601149129,8
"19817",0.000331964500525016,0.00568152931322537,2.34387033543321e-10,3.22273971431589e-06,0.0025917097676463,1.03584989845334e-05,6.16710162438079e-06,0.991375047843893,8
"19819",1.73016155712472e-07,1.48205253599735e-05,0.0117779207531993,0.709367404164595,0.131335509613436,0.147497461879995,1.24281623064267e-10,6.70992297835095e-06,4
"19821",0.0154190422137087,0.000871107010328902,8.79958707330189e-08,2.48953623793901e-05,0.00724754046745587,1.39254471285024e-07,0.0163671783098065,0.960070009385979,8
"19823",9.00408013983623e-05,0.00100524058840559,2.0749358786239e-08,1.81965126560918e-05,0.00264144086872584,0.112046675898536,2.6093045335082e-06,0.884195775276386,8
"19825",0.690664515163838,0.00258534065863477,0.282264170565811,0.0133184633782807,0.00880454764995333,7.23071577842276e-05,0.00166544950351942,0.000625205922179376,1
"19827",0.304713187929632,6.51488235894419e-05,4.00525224256105e-08,7.32191160802071e-06,0.00286247140503959,7.55233585115472e-05,3.55347767508179e-07,0.692275951171329,8
"19829",0.00461500475652001,0.000101063348115883,0.00233666390123089,0.0974002870594287,0.895179114363396,1.98192630448471e-05,1.15968008264326e-06,0.000346887628180743,5
"19831",1.39732502972236e-07,4.53016808472742e-05,0.0232430650131834,0.0776844400330515,0.801425955786485,0.097574039691468,2.6305588088507e-07,2.67950065816516e-05,5
"19833",1.24148358958853e-05,0.00102191149607489,0.00231314116184671,6.0328739210659e-06,4.3001575885359e-07,0.996644776219853,9.99898282584274e-07,2.9349836657588e-07,6
"19835",0.0154190422137087,0.000871107010328902,8.79958707330189e-08,2.48953623793901e-05,0.00724754046745587,1.39254471285024e-07,0.0163671783098065,0.960070009385979,8
"19837",0.0186303286252426,0.000101961091905688,6.15080552780384e-09,1.37163206988043e-05,0.0179016893211655,5.98207969921973e-06,2.58692940393785e-06,0.963343729481079,8
"19839",0.0155527755388202,0.000959546706567668,0.332185795168818,0.0268084883141679,0.623188656867555,4.54171754582579e-06,0.000561194094023996,0.000739001592502298,5
"19841",0.999886123180979,3.00409086084025e-08,8.62682013424093e-05,2.38258397854183e-07,2.42112287116165e-06,3.45773832121972e-09,1.82966202483504e-05,6.619117514604e-06,1
"19843",1.17474100703915e-08,0.00436215005721808,0.667389209642941,0.251802538295808,0.0656102972991907,1.35975388898592e-05,0.0108194524250773,2.74299346541299e-06,3
"19845",4.591646814205e-06,0.000327359004737561,6.7641266145638e-10,1.86867848064122e-08,1.30787104000718e-05,3.43731344983235e-08,0.962714743325209,0.0369401735765071,7
"19847",8.62046860936872e-06,0.065657882520912,2.74789596507414e-07,0.000286783469882292,0.0578619709991321,8.26262508193149e-05,0.00996008864662929,0.866141752854419,8
"19849",5.00965928419713e-08,3.78780208025704e-07,2.06863902957175e-09,3.16631989273661e-10,1.95474655418579e-07,1.63733702633615e-10,0.999975249717499,2.41233820400587e-05,7
"19851",1.44372094909941e-05,0.0020628786648832,6.37213827028782e-11,9.8315121413098e-07,0.00051486626659892,1.28217553389175e-05,1.87167509482323e-05,0.997375296137804,8
"19853",0.000158751485147444,0.000291764216888355,5.64449588522189e-11,5.02090554685875e-09,9.85457964648181e-06,7.43206766961538e-05,0.0170177506450087,0.982447553319262,8
"19855",0.00167587633158802,0.000313131888440743,2.70996351755167e-11,2.61997241081933e-08,0.000162665652069206,2.72197319370625e-06,0.000894959476313198,0.996950618451571,8
"19857",0.0156476084013304,0.0160200800082273,5.90201846770788e-07,0.000146604361541196,0.258267601055398,8.581798752132e-07,0.0179354961351177,0.691981161656664,8
"19859",0.00876186015485004,0.00449900430397247,2.75488998934857e-08,2.11252013880679e-05,0.0288546480570966,9.83310617059551e-05,1.197020659734e-05,0.95775303346549,8
"19861",1.7515158926905e-05,0.0019340642896081,1.55513223019374e-09,2.68967373368947e-07,0.000497823195271949,6.26588178839767e-07,0.184944872179976,0.812604828065533,8
"19863",0.00698028929544287,8.16048585342217e-07,1.49459665861591e-06,4.62028477858413e-10,8.54059193037965e-08,2.16633185274744e-10,0.992999022163365,1.8291811367487e-05,7
"19865",0.998095030414428,3.87552919728289e-06,1.32401997032832e-08,4.7762299341001e-08,4.69822987512183e-06,7.91818669009176e-09,6.6826920556756e-07,0.00189565863660859,1
"19867",1.28163363208745e-06,0.0325984279337914,1.17732721787882e-08,4.68232941175643e-05,0.00426625216365092,2.03709933083573e-05,0.00960862879850642,0.953458203409721,8
"19869",1.73683425360704e-05,2.66562059490133e-06,2.17082956328189e-10,4.16514837581793e-10,1.26277671141432e-06,5.81034174245595e-10,0.995931303692737,0.00404739835278917,7
"19871",0.0316338837871756,0.00108649967736591,2.53103705893604e-08,6.69370746316835e-05,0.084961197593578,9.03472298923808e-05,1.69792997926063e-06,0.882159411397007,8
"19874",0.738296106786339,0.000673832070667403,9.10527562721739e-09,2.88525999229475e-07,7.11588531740989e-05,4.48221966898938e-06,3.86057008026499e-06,0.260950261868795,1
"19876",0.151519716091945,3.3696163726121e-05,1.41795253591792e-10,1.30090516005431e-08,4.39987678628707e-05,9.02413688064975e-08,0.000276515168811156,0.848125970415439,8
"19878",1.17427126744365e-06,0.995909061541092,4.11962742933114e-05,0.00374920056353735,0.000100812801304585,1.71684816853429e-05,2.08240191076313e-06,0.000179303664909558,2
"19880",0.998464957364418,1.19073981555713e-07,9.98076603436387e-10,4.87923740381928e-10,4.25819863533952e-07,2.11003802297053e-09,8.39090504173473e-06,0.00152610324065744,1
"19882",0.000626900364760616,0.0236752097044262,6.30983380670445e-09,4.57566981192473e-07,7.99442986534042e-05,1.19628567528606e-06,0.312872386122118,0.662743899347552,8
"19885",0.000352376278339641,0.011881086003781,1.15892968902431e-08,0.000276362280822979,0.103304025407031,5.50863594517429e-06,8.8400753363358e-06,0.884171789729447,8
"19907",8.40455159121912e-06,0.0325763341854517,5.16409456666337e-09,1.33039128749931e-05,0.000957518648075477,3.15431586673507e-06,0.100368622334998,0.866072656887047,8
"19909",4.36097573602199e-07,7.52640791549368e-06,3.60408922625904e-05,0.0100094143127492,0.989482347956852,2.53943355314662e-06,1.92501246862377e-05,0.000442444774408266,5
"19911",0.00417640952896468,9.9650424627334e-05,0.00157253522273658,0.011005946801803,0.981099041958799,0.000115443508511301,2.69532822886328e-06,0.00192827722632915,5
"19913",0.999989390923491,1.75006491990161e-08,2.98053085556567e-07,3.41807317077333e-09,1.78192468154353e-07,8.21062031227183e-09,1.42409271452788e-07,9.96129234164805e-06,1
"19915",0.273642136519592,0.000196616897796171,6.82361570538571e-10,2.50668380960064e-07,0.000125394214700259,3.33895102794265e-06,1.70042276800338e-06,0.726030561643373,8
"19917",0.98976949923129,3.93222485461608e-05,3.3502001020145e-07,4.85017731402333e-07,0.000151590465325384,3.78912610522982e-07,1.41264800224034e-06,0.0100369764564841,1
"19919",0.10641207722402,0.00571857008437226,1.00424253393781e-08,7.957095139272e-06,0.00263438124515299,2.49474717436234e-05,1.10059228429982e-06,0.885200956244862,8
"19921",4.31519999465826e-06,0.0138557599193118,5.17562376632945e-10,7.3721524868818e-06,0.00259914533263293,6.8264262710794e-06,0.000284777910024481,0.983241802541716,8
"19923",3.23373175250673e-08,0.99430983512163,4.79160198963491e-07,0.000510000794393272,0.000310308935431063,0.00041543065581236,6.98063762858461e-06,0.00444693235758859,2
"19925",0.93069418657229,0.000132651586821795,7.01036766637777e-09,2.40754737550932e-07,4.75891462528443e-05,8.0530959937578e-07,5.97657693927489e-07,0.0691239219622364,1
"19927",7.33787132704979e-05,0.000484439049335825,6.19463885037312e-11,5.97672410205193e-07,0.00117966764537988,5.55949884999298e-06,2.29255492064815e-05,0.998233431809601,8
"19929",0.599609870052012,1.98299725485912e-07,2.26183286124678e-06,8.11898925579753e-10,4.79373125102938e-07,4.00985866692431e-10,0.400248091833599,0.000139097395791887,1
"19931",0.000387975311074062,0.00146872696167495,3.67545331046269e-09,2.04077825355803e-05,0.00615778306931105,5.30984440606459e-05,6.84043203445177e-07,0.991911320712687,8
"19933",0.000185874519964533,0.000131784225462898,7.46332127891788e-06,0.0284101417226043,0.908500245774421,0.000235509202055104,1.26012229212338e-07,0.0625288552219844,5
"19935",0.000913892543989005,0.0314156749461096,6.97725171253889e-06,0.00661617954210551,0.25942461640886,3.11800002894277e-06,0.00072714327525501,0.700892398031939,8
"19937",6.34139663411146e-06,0.00585428318484813,2.89593539298657e-10,1.33366536398303e-05,0.0022207590600895,0.000218137962764537,2.43032954026974e-06,0.99168471112289,8
"19939",0.000763709933979671,0.307748072450952,3.10803827353771e-09,7.65219453630278e-05,0.00112058705275951,4.19905862401301e-05,4.64664689917795e-06,0.690244468275768,8
"19941",0.0193668416031906,7.25914711279649e-06,0.0518645683820599,0.0125325870048846,0.915018345473166,8.24425553889604e-06,6.55399875183867e-05,0.00113661414652924,5
"19943",0.999365927179614,7.67242892936748e-07,7.26723251830544e-09,1.27147474314554e-08,1.53356175693969e-06,1.12430011065312e-07,5.04406375988786e-08,0.000631589163107991,1
"19945",8.31164196573344e-06,0.0037752971129505,5.62066819088003e-05,0.0666004745754378,0.91476277735034,0.000723501337915532,5.84981124287355e-08,0.0140733728013695,5
"19947",0.613430832885121,0.000191402415208466,0.00246140498517317,0.00188585431113436,0.365861637479618,3.83710299914915e-05,0.0117015820312251,0.00442891486252912,1
"19949",3.52287670545669e-07,0.95680338032207,1.84547498246454e-06,0.019433943118502,0.00425240617055291,0.00154719500061242,2.85946069816856e-07,0.0179605916795399,2
"19951",0.705085773369423,0.0579903308102686,2.00699752895222e-06,8.89938826456187e-05,0.00123516286924839,1.06432841172623e-05,6.74004361870823e-06,0.235580348743149,1
"19953",9.37918060232399e-09,0.000944662926744137,0.000174205692898577,0.0656496352301131,0.0281036238960165,0.904965007233855,1.43118183052746e-08,0.000162841329373796,6
"19955",9.86491997197111e-07,0.291180259688968,0.0129423668216722,0.18241078348662,0.486475796449425,0.0266337813666721,6.46858038878034e-06,0.000349557114257217,5
"19957",0.905806003265718,0.000227882720590211,2.68162711444107e-06,9.7556697432376e-06,0.0183211813242073,0.00139362151312497,1.41121513485116e-05,0.0742247617281529,1
"19960",0.000176315751895522,0.00281641416439707,0.00185529830641551,0.280458203232501,0.714345100918554,2.19501841415345e-05,2.16969532024555e-05,0.000305020488893224,5
"19963",0.925366639635064,2.54153262290312e-06,0.0278143049663856,7.35865675188816e-06,7.83982214736725e-05,0.0464921772116404,1.97152463344015e-05,0.000218864529726921,1
"19965",7.86009711657333e-09,0.132195547206083,0.01698465253696,0.73220623318358,0.118464699327444,9.86704222611259e-05,3.18155536784227e-05,1.8373909895573e-05,4
"19968",0.793349626910638,5.16504884353699e-05,7.11598479148349e-05,2.3315115853866e-05,0.00281851201719192,1.47754668258978e-09,0.193812073283505,0.00987366085891352,1
"19971",0.992339699753724,5.92307620914893e-06,0.00688574635414745,8.15870724980455e-05,3.58630542264583e-05,0.000646782632150627,9.61904988195635e-08,4.30186654513295e-06,1
"19973",0.00209127238560521,0.000923989007140843,4.67747376100148e-10,1.63787050817811e-06,0.00168549500573425,3.18450679484712e-07,3.11103001224441e-05,0.995266176512462,8
"19975",0.975670342999761,5.01486887437532e-05,4.91202812611028e-08,3.91285449845218e-07,0.000154635952025109,1.22805362540392e-08,1.80491404900269e-05,0.0241063705327131,1
"19977",0.998711616700504,0.000612171924518274,0.000288584658642704,2.41850875761106e-06,1.08870163486836e-05,1.61348574982894e-05,4.39447203689392e-05,0.000314241613361574,1
"19979",3.42004968249001e-07,2.36188155866991e-06,0.0358532389011089,0.887405826418977,0.0766686561854661,6.94145088255195e-05,8.53066471584694e-11,1.60013788703483e-07,4
"19981",0.000160671845371561,0.00115505967428886,1.03712211376642e-07,0.000121551122003279,0.565911653980688,9.18277903379381e-06,0.000589294147441256,0.432052482738961,5
"19983",1.35206591165689e-05,0.456202884005056,1.08700258803439e-07,0.0014295287404931,0.227959498395487,6.71145467798341e-05,0.000509263863717231,0.313818081089091,2
"19985",0.748657275983672,0.000173467088210177,8.61513114197426e-10,3.05072753947651e-08,3.69430290812775e-05,1.63734416576709e-07,3.16459553176975e-05,0.251100472840513,1
"19987",0.022690662094689,0.000274190620121923,1.13973132306004e-06,0.00126033139317762,0.375364749419344,4.79997935771052e-05,2.67442984812756e-06,0.600358252517919,8
"19989",5.36721534458677e-10,4.04222513561342e-05,0.00137037807250399,0.95671196563341,0.040925324978593,0.000950290124143232,1.56337310922961e-10,1.61824693537149e-06,4
"19993",0.0141293032830634,0.598672186845753,2.69829790628532e-05,0.133547331231728,0.0605314446929047,0.000260087080430884,4.76273894105791e-07,0.192832187613163,2
"19995",0.0040716431847829,0.0423171406267561,0.000434909028808421,0.184788787237318,0.664250870546057,0.000130225285544024,4.21487421823235e-06,0.104002209216515,5
"19997",0.00344236284487537,0.000626808614185035,7.90369130745188e-10,3.13744746553e-07,0.000405175148451762,1.54952490602686e-06,2.70588725804621e-05,0.995496730459886,8
"19999",0.0198101166608832,8.42762029293715e-05,8.11699011202521e-11,1.89094136060807e-08,0.000136523090850227,7.24171890553891e-08,0.000829329097123231,0.979139663540441,8
"20002",0.514894231479929,7.31564695203123e-07,0.0260407099817573,3.50061695747239e-06,7.75986070127557e-05,4.33936964175272e-07,0.458633891672118,0.000348902140566178,1
"20004",0.00070278600816876,9.14736487161922e-06,0.000186614377248138,0.00792738861155932,0.97891348718277,4.8751461172508e-06,5.1669519401429e-05,0.0122040317898628,5
"20006",0.000453708480584504,0.370531642603376,0.0076183394601326,0.103869080847844,0.513799867321997,0.000935809946435537,0.00120933195701803,0.00158221938261248,5
"20008",3.46761590253947e-05,0.858868252463764,0.0359301689089802,0.098181131894666,0.00500223324332207,0.000948641936430202,2.09021056846122e-05,0.0010139932881278,2
"20010",1.09397583043374e-06,0.299553228179831,8.3169792517448e-05,0.485195757101556,0.193005902890625,0.0187643247909648,4.5003218940241e-09,0.00339651876835453,4
"20012",0.789007530968601,0.0031066269246916,6.17265266712437e-08,1.49057748260279e-06,8.27299269255275e-05,7.61036545849738e-08,0.00986594381539977,0.197935539956719,1
"20015",7.65431604315281e-09,0.000995201768322416,0.0066664795752371,0.964304065918302,0.0280328388249886,3.63254600563197e-07,1.74292845753005e-07,8.68711388089062e-07,4
"20017",0.00949342423039719,0.000135553728548649,2.23592915612137e-10,8.64181006598584e-08,0.000820322770876853,1.35190514161785e-07,0.00255502664543477,0.986995450792535,8
"20019",4.20757408608127e-10,3.77968597327805e-05,0.0218941193653452,0.975593865344276,0.00233399478675603,0.000140219535924829,6.46119382131676e-12,3.68074676302669e-09,4
"20022",3.1578202970906e-07,0.00329276427645742,4.98896211581585e-05,0.225859794980595,0.769810933479026,0.000544677914575166,4.18745454037654e-09,0.000441619758704449,5
"20024",1.39456790227579e-08,0.000173383236247936,0.0789480115268886,0.557398814115202,0.0183227022732394,0.345156195645328,2.74998196784702e-08,8.51757594691528e-07,4
"20026",1.39456790227579e-08,0.000173383236247936,0.0789480115268886,0.557398814115202,0.0183227022732394,0.345156195645328,2.74998196784702e-08,8.51757594691528e-07,4
"20028",0.0499697914078659,2.60591456926064e-05,3.70788921194438e-10,2.93250198486331e-08,9.06516600788292e-05,4.16648697211193e-07,8.37843840881685e-05,0.949829267057768,8
"20030",7.63273065868132e-05,6.01810125055512e-06,0.11285539606468,0.265756470726143,0.621275287687764,2.05304425499421e-06,2.79620031231382e-06,2.56508690082666e-05,5
"20033",0.154570779036208,0.00022047482780107,3.23466214506449e-08,1.76724749294808e-05,0.0168560241424278,2.95516617705199e-06,2.4323408728566e-05,0.828307738597106,8
"20035",3.54359118548874e-10,4.46796665544109e-05,0.00282458437877856,0.994942852578735,0.00200836028662142,0.000179512279043341,1.49719551533754e-11,1.04409358694088e-08,4
"20037",1.52361843811459e-11,0.000292250409408629,0.0082126049976237,0.985393310622862,0.00607231513139473,2.94952749107564e-05,1.30338698591531e-09,2.22451775978792e-08,4
"20039",9.4613550845249e-12,1.62773679438597e-05,1.2002224108574e-05,0.000644458248727887,1.35409706599398e-06,0.999325897376666,1.71100663675614e-11,1.06589160028074e-08,6
"20041",2.21242719151076e-05,0.978377584030683,1.5296834888719e-06,0.00182174199787431,0.0140375321260997,0.00136632004401315,2.66531579214835e-06,0.00437050253013397,2
"20044",0.00195168830019806,0.816668168730721,2.01384648366231e-05,0.0191860704379551,0.115537794861348,0.0133819811618249,1.90501437694759e-05,0.0332351078993468,2
"20047",9.52268253065359e-09,1.75725841724023e-06,0.346833998230858,0.647776563183773,0.00477939403537744,0.000608275696055307,5.42824649992021e-12,2.06740864978144e-09,4
"20050",1.09611999744431e-05,0.328846898868853,6.92858671645228e-05,0.183234310530939,0.00370602126109364,0.482209127482991,2.71301932738481e-10,0.00192339451768251,6
"20052",0.0252588483796752,0.0258576021488156,1.38395971517418e-06,0.00103934252094545,0.0943178421133664,0.00128349763755903,2.59068363493115e-07,0.85224122417156,8
"20054",1.41442027771133e-06,9.69788576506877e-05,0.0010581268568764,0.11763637187542,0.88117076149916,2.49093249563553e-07,5.65000941409365e-06,3.04473879515654e-05,5
"20056",0.998556144749875,1.33824907154172e-06,6.96157154748638e-06,5.08585774642457e-06,5.5571742264415e-05,7.41838128677345e-07,1.66753342069751e-07,0.00137398923802488,1
"20058",1.32723328767256e-10,0.000122021651454234,0.0015838680094726,0.939839067992829,0.0581809589324839,0.000272889600811006,2.64429785008542e-09,1.19103592817013e-06,4
"20060",0.000108284382540962,0.00225823287494483,2.99133597206724e-09,4.05163230470306e-05,0.00282585553489911,1.16913969910573e-05,1.1156199228834e-05,0.994744260297012,8
"20062",6.25446867005852e-05,0.371283406856724,7.60500437532456e-08,0.000844873156840977,0.0157489582139442,1.77064217471426e-05,1.90130667491399e-05,0.612023421547251,8
"20064",3.70320545261103e-05,0.00011625760960163,3.6586776519162e-05,0.0467068095788653,0.950375296600471,1.51244773874275e-05,2.28628520587938e-08,0.0027128700397773,5
"20066",6.09688904653914e-06,1.7173830215481e-06,0.109682954432185,0.724466236370883,0.165836877190311,4.6360153959744e-06,3.08751188807323e-07,1.17296796722089e-06,4
"20068",2.71007636964113e-05,0.0269959960167549,3.41886084090243e-10,1.66477095584148e-06,0.000821574948306653,1.84029131246621e-06,0.00136886999808027,0.970782952869007,8
"20070",1.36511414957413e-05,0.0404283833284333,2.58581810175954e-09,4.04500514879538e-06,0.000730938358281329,0.000427411727567342,5.0440079479191e-05,0.958345127773776,8
"20072",9.42658296616382e-09,0.0161251274761342,0.00635733362341733,0.617807815000061,0.355211654285227,1.18177868607736e-05,0.00441887203588642,6.73703658302797e-05,4
"20074",0.999795401422844,1.07754882534719e-07,1.72874717699467e-07,3.30316471823514e-10,5.04098423722837e-08,7.9332947369097e-10,0.000176788161649488,2.74782524178038e-05,1
"20076",0.624415254154964,0.000379476458659741,0.000153241179519937,8.48079229607097e-05,0.0797892346387253,3.68875756767444e-08,0.273512394788356,0.0216655539692385,1
"20078",2.40840177995309e-05,0.00149954043039289,0.000376231389841929,0.0409315425933823,0.952637414515763,0.000753057138325983,1.34910806721335e-07,0.00377799500368721,5
"20080",2.23228644375648e-09,3.01905750844707e-05,0.00231758792263519,0.98644171866842,0.0111043296957457,0.000106104552724964,3.58622348093351e-12,6.63495174284945e-08,4
"20082",9.2586404613506e-09,2.74864963012598e-06,3.17399327665268e-05,0.00310521320191352,0.000218953401041508,0.99664047473223,2.19035062606624e-12,8.60821587473764e-07,6
"20084",0.0130688892204681,0.000168045852636949,0.010837397094058,0.0396579926977955,0.929594002168544,0.00486528572679155,3.99786991170444e-08,0.00180834726100711,5
"20087",1.76235660716871e-07,0.090488562445243,0.000802515422832596,0.199639232747722,0.704536737462007,0.000324858884769361,1.64930116613426e-05,0.00419142379010349,5
"20090",9.17541535531973e-09,0.00401804767917649,0.000615639692039502,0.991523411431714,0.00219081513816028,0.0016515523826348,5.38910556735616e-12,5.24495470171346e-07,4
"20092",1.36361989960741e-08,0.245129285085,6.42532976448444e-06,0.00112809169850519,0.0202817507365836,0.725464991900164,0.000231702903623112,0.00775773871015995,6
"20096",0.00392510979091863,0.0803748054633065,1.4456502155763e-05,0.000272294658247319,0.033998408054692,0.669429966654035,3.05940012235833e-06,0.211981899476522,6
"20098",0.134699265119033,0.000344700788033991,4.24303932738898e-09,6.13912364016738e-06,0.00235851351239186,6.66830487880342e-06,2.64677266225194e-06,0.862582062136321,8
"20101",9.52900424738415e-05,0.000186412843722547,0.0285280477247111,0.775662541533521,0.194873968116465,0.000634844762604211,5.05410137331807e-10,1.88944710917266e-05,4
"20104",0.000751691399561837,0.00451542802230167,1.11822048818796e-06,1.14877611699436e-06,0.00237013386139505,0.149183190142777,0.4404760740994,0.402701215477959,7
"20106",2.60391880612665e-05,0.00234879627724911,0.000523460783130457,0.823779081239987,0.173196253130976,1.63494425480386e-05,1.59679423920828e-09,0.000110018341253519,4
"20108",0.00700075505883719,3.934356266516e-05,1.19126715268091e-08,3.17441542833204e-06,0.00690834948301361,7.46269104794672e-07,0.000109655960654464,0.985937963337625,8
"20110",0.100154817300339,0.391311779001767,9.97824849546858e-06,0.000816937579590649,0.00370268827859706,0.261985788868225,9.16785146159638e-08,0.242017919044472,2
"20112",6.70584803412961e-06,0.136299758254817,0.000225233018536721,0.817356902744277,0.0394041527687784,0.00464417481974126,4.80402003331355e-09,0.00206306774179582,4
"20114",0.0127792986260252,8.03657961526778e-06,0.000328813492522122,0.00775679012091058,0.973103223058988,0.000247256818904971,1.6998986848669e-07,0.00577641131316545,5
"20116",0.00518775381610281,2.03113095840493e-05,0.00223614142403492,0.0168042809781823,0.975275990031109,7.31197384682746e-07,5.77346153718591e-06,0.000469017782065857,5
"20118",0.029864318891478,0.000344448947565187,1.66092461784669e-06,0.000924315571061979,0.648407095823092,0.00013778982352248,7.19227873390886e-07,0.320319650790789,5
"20120",0.000386483994871319,0.00206989742886321,0.000294277517394296,0.78879528706639,0.192566037228333,0.0145366837199126,2.66423620714586e-10,0.0013513327778116,4
"20122",0.999095796002143,3.39568551777075e-07,4.73563283096132e-08,2.18632567255548e-08,2.89388078443673e-05,7.24607203054798e-09,5.74325018400708e-06,0.000869105905619625,1
"20124",6.51484904430333e-10,0.000873231928891818,0.0204442315347057,0.713293718330766,0.264121187710553,0.00126654771640709,4.14646043539563e-08,1.04066258756226e-06,4
"20126",4.26731099556218e-08,2.05966493399981e-05,0.00259078965678356,0.00131236931164774,0.00114887190296866,0.994927170642154,1.86675401775704e-08,1.40496456304082e-07,6
"20128",1.59440079640184e-10,2.38873536710524e-05,0.566998838225976,0.259295410909799,0.000457888033120327,0.173223974587983,8.54458534405864e-11,6.44564865217254e-10,3
"20141",0.0458253633474396,0.000168430012166399,1.46142889376412e-08,6.88189616891412e-07,0.00280307440017526,0.0518193407287481,6.32830545429377e-05,0.899319805653022,8
"20143",0.999982416264622,9.49061388169284e-09,4.42004995939335e-08,4.20864878840923e-10,5.55126930516457e-08,1.13175483473173e-09,2.62287398523212e-06,1.48501049664265e-05,1
"20145",1.77830888479787e-06,0.00338354838328722,3.09064264298618e-05,0.604469271959335,0.388552801739004,0.00218307242518206,2.93116357671466e-10,0.00137862046476156,4
"20147",1.16498901516362e-06,0.000224852197565243,0.000116789467627553,0.165334600326375,0.834143847684512,3.4742485219185e-05,2.93914370958172e-09,0.000143999910542921,5
"20149",0.999099238134763,5.39091141473684e-07,8.94567573247604e-09,2.44361142288117e-09,2.28208053889264e-06,1.69758453129575e-08,3.14378975577877e-06,0.000894768538668158,1
"20151",0.0397094099593198,0.000559644064416558,5.74372934000799e-09,8.79297142925867e-06,0.00157113946905265,2.31155407392038e-06,2.00346740529945e-06,0.958146692770573,8
"20153",0.552675444717778,0.00279261977078884,6.77454635811751e-07,0.00016796838934434,0.0015469785980734,0.0113022925744379,1.90014210003407e-08,0.431513999493521,1
"20155",1.26218166863627e-07,0.0205529055679868,0.00051737292306275,0.769967912869916,0.208903173290021,4.5260402808245e-05,1.20446836884641e-08,1.32366833545965e-05,4
"20157",0.375312983843888,5.65971196847453e-05,1.34562780213871e-08,3.89435602208185e-06,0.000533630320942405,7.65220450424669e-06,1.75113932989277e-06,0.624083477559351,8
"20160",0.999974705008767,1.3445084830658e-08,4.23472697651912e-08,1.15017243716459e-09,1.34884565769402e-07,3.24769415358398e-09,3.50471411523628e-07,2.47494450344474e-05,1
"20162",0.995679721193087,3.17934431413225e-07,7.56304028614381e-10,1.20750589905442e-09,1.05028652839296e-06,6.56702547204501e-09,4.3515198118253e-06,0.00431455053530611,1
"20164",0.947566835397858,0.000943492383807615,3.47316695423684e-07,3.91608497982107e-06,0.000100092170041182,1.03235040826189e-05,1.41973605924308e-06,0.0513735734064757,1
"20166",0.000583701888637585,3.85284896302996e-05,0.642952359314921,0.248893267868462,0.10745005098673,8.3027275867169e-07,6.85585520349466e-05,1.27026268255123e-05,3
"20168",0.000528096083042683,1.12835572482587e-05,0.25067544103516,6.79077305281634e-05,0.000613103271236892,5.27116943660921e-08,0.748099917769682,4.19784140687993e-06,7
"20170",0.219605168922729,0.000196478667553364,6.01309034411545e-09,2.68132725604002e-06,0.00482054062684171,3.96314961196648e-05,1.01759429778765e-06,0.775334475352112,8
"20172",5.13063604340976e-09,0.000987865891594681,1.23439417240917e-05,0.323019686630911,0.67529661445719,0.000453125504197201,5.54454832815419e-09,0.000230352899198175,5
"20174",0.133902973767928,5.03748527042555e-05,1.43186033284437e-09,2.1217308690572e-08,0.000137930215766076,1.62506892593445e-08,0.200084483286884,0.665824198976859,8
"20176",1.93091436811275e-06,1.57347695979504e-05,0.000108709604614958,2.70343754725997e-06,7.30824412488721e-05,3.68631841098895e-09,0.999779252658011,1.8582488293235e-05,7
"20178",0.999987555915648,1.47005940552985e-08,7.58361699016326e-08,1.69958704126248e-09,9.7195049986386e-08,6.4600280657556e-09,1.46001980807557e-07,1.21021909423833e-05,1
"20181",0.00469803650522502,8.53889154835052e-06,0.131514548277771,0.327801632134119,0.535939144878287,2.76091480323704e-06,5.17899123908682e-07,3.48204991223931e-05,5
"20183",3.84162820939614e-06,0.0101968228028849,5.90921941907711e-09,0.000282652277151062,0.05649964089781,0.00155781904366775,3.44249911696781e-06,0.931455774941941,8
"20186",7.58680522422633e-08,0.279948780454698,5.75228061051189e-07,0.00352699327306316,0.110090181252151,0.00677369481056765,0.00497133758494457,0.594688361528462,8
"20188",0.999771864225214,9.59000862755126e-08,1.1375969025486e-08,1.79559589591973e-09,1.6990880894956e-07,9.81144770104689e-09,2.61444133618954e-07,0.000227585538744549,1
"20190",7.18933719208537e-08,5.22692114358198e-05,0.0015295053390958,0.933966561510519,0.0644462572084636,2.71486818518556e-06,4.6920146956157e-09,2.61527691349807e-06,4
"20193",0.88680680805051,0.000142011561824497,0.102689412430197,7.57601907857451e-05,7.28849725211665e-05,1.21057218161019e-07,0.0101365224057692,7.64793311741022e-05,1
"20195",0.791603994319688,0.00378408527120335,1.24675193013569e-06,0.000105940573488197,0.00178488697145985,1.0841926116804e-05,1.55251545797526e-06,0.202707451670656,1
"20197",1.73040434501848e-08,0.0138328247397138,9.63523299652814e-05,0.550017270644375,0.435699917074801,0.000172146051205792,1.99338876565442e-08,0.000181451922007967,4
"20199",0.914270730384954,6.20938328659154e-05,2.20808608716061e-09,5.39957138920913e-08,3.10838923052428e-05,3.88513970356127e-06,6.80876796393335e-07,0.0856314696695751,1
"20205",5.27239059593476e-10,0.000226478192735316,2.17748100907796e-07,0.000113282544904952,5.4620500452673e-06,0.999653072576009,1.2171361648824e-11,1.48634879385306e-06,6
"20208",0.00794365549954641,0.00300740548025938,2.93485641735959e-08,7.30893320318683e-05,0.0102319249446429,5.62527874906407e-06,2.34175422831296e-05,0.978714852573923,8
"20210",0.983965096265426,1.64668206916296e-06,8.44880074797323e-10,7.57505820961958e-09,4.32841271032046e-06,3.93924197348994e-08,1.82478182231842e-06,0.0160270560456143,1
"20212",0.835859059911733,0.000270546070676174,7.75936831702837e-08,4.37292133721719e-06,0.000302606282452831,2.28151795181437e-06,3.07309415678092e-06,0.163557982608009,1
"20216",1.58876457730442e-05,5.34260245265841e-05,0.000161502303665854,0.183380365061361,0.816110669391484,1.41600310916132e-05,5.68372340995955e-08,0.000263932704863921,5
"20219",2.56222698379606e-05,0.00926665444220893,0.00112978950845666,0.138219519971189,0.126887995377988,0.722884523092801,7.40202348772589e-10,0.00158589459731659,6
"20223",7.79300782082604e-11,0.00244791332814114,0.440663596499532,0.550547005607167,0.00597993637162047,2.14909948261834e-05,0.000339926021077619,1.31099705223141e-07,4
"20226",8.39707497768489e-05,0.973626550648114,3.14311513583036e-07,0.00202891173761249,0.00118797591244157,0.000211515060487407,5.94717371168239e-08,0.0228607021083164,2
"20230",5.71092846666128e-09,1.9811226737265e-05,0.0039310180026942,0.963938812559791,0.0320962543649524,1.33828104701041e-05,2.75242820388477e-09,7.1257199852165e-07,4
"20233",2.84168055628408e-06,8.01257322828523e-05,2.01614248408053e-08,5.54945818283182e-08,4.22169693415379e-07,0.999462011013381,7.62774370183974e-08,0.000454447470642784,6
"20235",1.3641827269323e-09,0.130497890610124,0.0390290442047098,0.676710569285763,0.131799597656917,0.0218785567389722,6.77284232724939e-05,1.66117160586448e-05,4
"20239",3.97686082226987e-07,0.320572984622862,0.0109734784526081,0.129268819808108,0.536606762500443,0.000231893930785818,0.00134228962501486,0.00100337337409561,5
"20254",7.43628609302164e-10,1.34694629810439e-05,3.16682308169502e-05,0.00991745657444652,0.000117192744071381,0.989920088535652,3.99110612982987e-13,1.23708004294835e-07,6
"20256",8.832161536251e-10,0.000203297993104948,0.00138048781351511,0.29893532070879,0.699372912885098,0.00010466786731035,8.75564252087568e-08,3.2242925398191e-06,5
"20262",0.542279296451238,5.90882148157512e-05,4.76176116313409e-09,1.439138756942e-06,0.0011338041063124,2.25251547810288e-06,1.33912042765163e-06,0.45652277569121,1
"20270",0.00476201057274827,0.000833758702804994,0.177569977072403,0.380324238790451,0.418580538872247,1.14377128149974e-05,0.00270120838702527,0.0152168298895047,5
"20284",6.46875789607489e-06,0.0526631728275976,3.35264661119461e-07,0.00323173257561331,0.00717078347591606,0.5946327493312,1.28325621588104e-07,0.342294629441494,6
"20287",5.75283042857688e-11,0.000348685212704293,0.0525355258522716,0.944951550157839,0.00215839863842076,5.82839245571093e-06,5.24299758244982e-09,6.44578288904708e-09,4
"20290",5.59112783409646e-06,0.00124570386673815,3.84859111319343e-07,0.001592983214826,0.000129176115135977,0.996398459717185,3.99047589275545e-11,0.000627701059264224,6
"20293",3.91706014411758e-07,7.30240676490953e-05,2.94977609973331e-06,0.0105091848998393,0.987738846104502,0.000240483064405876,4.43019572255752e-08,0.00143507607953208,5
"20296",0.674256576875992,0.000732995871401714,2.12902779807983e-05,9.48284541402418e-05,0.0747127564460346,3.56523141786241e-08,0.0162075447838542,0.233973971638282,1
"20301",3.24180971687567e-07,1.77384734585548e-05,0.823873748435655,0.175970045350028,0.000134751858236123,3.38964682500978e-06,2.76639861997971e-10,1.77818511767079e-09,3
"20304",1.30160023352191e-08,1.26129365875795e-06,8.17579521385716e-06,0.00137214870092876,0.00107331370473445,0.997543364330683,7.52667709865408e-12,1.72315125172811e-06,6
"20306",1.43333953552611e-10,0.000107586407186849,0.00522884502401805,0.953234323016747,0.0408353943202272,0.000592830840044488,3.50846880496541e-09,1.01673997299424e-06,4
"20309",5.55023657926812e-05,0.116600543454836,4.34847603607193e-06,0.193041307387255,0.57513024304075,0.00301945720316642,5.49334064754527e-07,0.112148048738099,5
"20311",0.000158027392160521,0.000524324600179092,0.00982244767808791,0.11899129433354,0.869226672477907,0.000376909627016417,3.72882590604024e-07,0.000899951008518709,5
"20314",0.0125922543900739,0.000794400210162949,1.73600323431242e-08,9.48364644912979e-05,0.0179182691757517,4.22181561431157e-05,2.45250350416719e-07,0.968557758992994,8
"20318",0.999912798823128,3.85346154671573e-08,1.82613685897474e-05,2.72256167833897e-07,4.08126727460905e-06,1.68076989659132e-08,2.99601520819203e-06,6.15349273178766e-05,1
"20320",0.000824401822478448,0.631896626068603,1.16777338110927e-07,0.000217237834233904,0.00066993454527791,0.00193696164913633,8.01096098819316e-06,0.364446710341944,2
"20326",0.0307720940435183,0.000345601997347442,7.75897550630956e-08,9.48113210401154e-05,0.0276250639537972,0.000110784636955193,6.00581254424757e-07,0.941050965876332,8
"20328",4.37269958141502e-06,0.273358923594279,4.98119197147306e-09,0.000189659962200625,0.00244968791320145,0.00244565778469095,4.59966021264475e-06,0.721547093404642,8
"20330",2.44989707422721e-07,0.840940278393411,0.00195334172708702,0.138363496729004,0.0165505598097044,0.00214177043929986,1.95715855600505e-07,5.01121959303429e-05,2
"20336",7.71496681149408e-08,0.000781225211204579,1.06047522831389e-07,0.00162869603760297,0.0102746729657405,0.982959790605424,1.22757353396678e-09,0.0043554307552634,6
"20338",3.08407909504996e-05,0.00105874944219406,4.28642868487533e-05,0.00222792896695606,0.00916209085171019,0.987297277653015,4.57973727296177e-10,0.000180247550351814,6
"20340",5.21617243512719e-09,5.75631571272033e-05,0.0356747816980833,0.894544812889009,0.0695986110643757,0.000124013824677274,8.55018018136497e-09,2.03600374329414e-07,4
"20342",0.000140487576073503,0.0201369588454709,0.0363919338851593,0.000159498540191275,8.9715017869271e-06,0.943112438584349,1.17918648753931e-05,3.79192020941349e-05,6
"20344",9.19093913940442e-08,0.000190662852549821,0.000541165872251897,0.572639679175734,0.42591153130722,0.000337202547870272,9.48733583056553e-08,0.000379571461624736,4
"20349",7.44050926326656e-10,3.30657838405028e-05,0.00449422891948354,0.699254453319089,0.296144893008581,6.97190433098695e-05,4.69148705429992e-08,3.59226677463875e-06,4
"20351",5.96035955761356e-05,0.00108860963790712,1.13527526153861e-05,0.0334977713553574,0.959390454983849,0.00295547060507292,7.98237025896464e-08,0.00299665724591907,5
"20353",6.79467014130895e-09,0.332962272732979,0.000139031320071802,0.643456196676831,0.0119033628012609,0.0115180246621875,1.90256175505777e-09,2.11031094382476e-05,4
"20357",3.31954306004891e-11,0.000926424678363011,1.88001841833988e-06,0.00212250201152845,1.64995952026567e-05,0.996931972944301,1.62037825483854e-11,7.20702786853183e-07,6
"20360",2.58347073954162e-07,0.711056441830345,0.0114139133904412,0.00314111771100184,0.000287260292567061,0.273992324015003,9.25172940221304e-05,1.6167119545776e-05,2
"20364",2.69706350883637e-06,0.145936796551872,7.95983481173157e-06,0.69927217350172,0.146230362081543,0.00116852007005294,6.39093555773626e-09,0.00738148450555549,4
"20366",1.3513143221104e-06,0.000134648649383376,2.97173846814882e-08,9.57343800582044e-05,0.000794697099861735,0.997882823184754,8.43884966626603e-10,0.00109071481035135,6
"20381",0.0111439662734908,7.81638236924939e-06,7.55416782000228e-07,1.945206766869e-09,1.00555647630865e-05,7.33155170212837e-08,0.986655086692414,0.00218224440945704,7
"20391",5.12053166377609e-09,0.711228270945162,0.000642998131297284,0.0242897147481509,0.106075265640632,0.0105947356361994,0.141831983891398,0.00533702588662932,2
"20394",0.000498871695627197,0.0469679577693146,1.18461437250626e-08,2.34808238836209e-06,0.00189443239355771,2.01755041582094e-06,0.00228026536723486,0.948354095295318,8
"20396",0.00503835521732131,0.000100348258709292,6.67112987822e-10,2.13319765131644e-09,9.40453821318986e-06,6.26253850015561e-09,0.805658839120405,0.189193043802502,7
"20409",0.0815307966563955,8.6466191972531e-05,0.00156205733933173,0.024201824998149,0.808461228173847,0.000377560582622817,1.49172332088824e-06,0.0837785743343605,5
"20411",2.99423517731643e-10,0.0113537944929634,0.000129042263569941,0.76312209071142,0.154556876016272,0.0708175790600397,1.40491652501449e-09,2.06157513942868e-05,4
"20416",5.15207534626288e-12,5.86349055225087e-05,0.0099219602338904,0.189667169423387,0.000290550449185674,0.800061682835259,2.04948341587167e-11,2.1271085890382e-09,6
"20418",0.026715625475756,9.89947699630207e-06,8.3380111812741e-10,1.41872765537554e-09,9.1167950603902e-06,2.8642302653465e-09,0.837595193920323,0.135670159215106,7
"20420",2.97227948751228e-05,0.000221211666277409,2.99659300979982e-09,6.70166637349162e-07,2.3619275787858e-05,0.994521778154445,1.08820248829357e-07,0.00520288612513575,6
"20422",8.81097635950251e-06,0.00780419789735792,0.00165166381985285,0.977663388582855,0.0128017957931574,3.52814474480991e-05,3.83964776111556e-09,3.48576433219409e-05,4
"20424",8.92238321888727e-10,0.027921175064233,0.000102907271678605,0.869779327791295,0.0857757298367207,0.0164102492714256,4.6174450350156e-10,1.06094106644263e-05,4
"20426",3.87100940104418e-05,8.68201681612038e-06,1.71900538500921e-06,1.79781901768789e-06,8.48372363212419e-08,0.999946623037886,4.06674173031756e-11,2.38314898119177e-06,6
"20428",1.39788370836553e-06,0.0514227014617507,5.9885149174211e-05,0.0257899194987362,0.918880071844997,2.33041711371295e-06,0.00055316224914378,0.00329053149537605,5
"20431",0.0798169153207171,0.256906582122047,1.02326325217202e-05,0.0118785360225106,0.0107760431136932,0.00467752081614972,6.59393654341433e-07,0.635933510578706,8
"20433",9.51828139026829e-10,0.000151000045701264,0.767727451835796,0.223233645508092,0.00886669382654284,7.96364708004224e-07,2.03605728200099e-05,5.08945119527297e-08,3
"20436",3.21814735057615e-06,3.72746917756957e-05,0.00743534902356064,0.000210656442769479,0.0044438921496382,2.85695956153138e-08,0.987862596261437,6.98471387250966e-06,7
"20439",0.131018630970647,7.30543655438844e-05,5.71884642137822e-09,8.85045604228646e-09,6.03064546516447e-05,1.27168974802748e-08,0.296626994975298,0.572220985947659,8
"20441",3.16990444479106e-08,0.00395881611821789,5.26394212548225e-07,0.000493115446994133,8.09642873947076e-05,0.995459116295671,3.84239554161378e-11,7.42972004145266e-06,6
"20444",0.999883561809679,2.94922094389952e-08,5.72842414094645e-09,5.90318611175478e-10,1.47296060672356e-07,2.40940711640666e-09,8.52627100141381e-07,0.000115400046800528,1
"20448",0.112185540691504,7.41700757615823e-05,8.65484004292804e-06,0.000335664050617573,0.0522708507599484,0.00124954965889622,0.000124987583773023,0.833750582339456,8
"20536",2.77400780938204e-06,0.00768984197141087,1.064229965621e-08,1.73390488857429e-06,0.00170932944083373,2.24384830697637e-07,0.891947268619441,0.0986488170284858,7
"20538",1.59638954780762e-07,0.000103030618153153,1.71426457482245e-05,0.00764341991632137,0.464323337171251,0.520804529988436,1.27299710274937e-06,0.00710710702403305,6
"20541",3.54762046074684e-10,0.000482128454324556,0.00212179097380886,0.981070100383721,0.00701268306338397,0.00931316152679482,3.14194302282236e-12,1.35240062517922e-07,4
