"","V1","V2","V3","V4","V5","V6","V7","best$classification"
"19811",0.0516216303514357,9.64547292312075e-07,1.08830549897865e-15,0.00287865074525592,1.01622854019477e-06,0.928973468035811,0.016524270091664,6
"19813",6.10533713889594e-11,1.1378049962697e-29,2.86556724492653e-28,0.0152945847542093,5.61486163186101e-13,0.984705415184176,8.79576148153854e-36,6
"19815",0.966672998724741,1.41727510568187e-20,1.10275168740891e-05,0.000969031344116105,0.00731829931734946,6.99944915042027e-10,0.0250286423969748,1
"19817",0.0274614369018546,3.81473906743676e-08,2.70488307378693e-09,0.000189785926705718,5.52980645147203e-07,1.67344980120674e-06,0.97234650988872,7
"19819",9.04111552559986e-08,2.0101986078777e-41,0.68512822559781,7.26484499685325e-07,0.314870957506535,5.69991069369471e-72,4.01242509719021e-65,3
"19821",0.183396193004839,2.53172807192525e-05,3.35943851448547e-10,0.0819858276706028,7.86331577739449e-06,0.734580425439525,4.37295259261342e-06,6
"19823",0.00158137479168043,8.16698319304512e-29,2.91235156578199e-12,0.146881955263953,0.851535536197409,1.00584620548559e-27,1.13374404560611e-06,5
"19825",1.12094436936563e-15,2.59223995227881e-14,7.19585051791402e-14,0.999999999618467,3.81434256583654e-10,1.41942633698385e-22,8.43584390827721e-71,4
"19827",0.014292231616459,0.216002875505415,6.6691577841845e-07,0.00812591690849643,0.00106317216657521,5.1827913692777e-16,0.760515136887275,7
"19829",0.227774367792383,8.11249713249497e-09,0.177608018988742,0.495411390680157,0.0992062144262214,3.08226757108476e-22,5.93931881180062e-39,4
"19831",1.41470521686717e-08,8.7405899886279e-59,0.1077867876172,0.000214036569578172,0.89199916166617,2.87465664822432e-46,1.55582849538779e-64,5
"19833",2.6560552783503e-30,3.97135519274324e-72,8.51175853770115e-45,0.999389791477726,0.000610208522274134,4.27419355255127e-70,3.54002490129258e-128,4
"19835",0.183396193004839,2.53172807192525e-05,3.35943851448547e-10,0.0819858276706028,7.86331577739449e-06,0.734580425439525,4.37295259261342e-06,6
"19837",0.0162953069938896,0.0191381245018761,1.1432272209209e-05,0.000455743461729405,2.24024853112472e-06,5.88630573169954e-10,0.964097151933134,7
"19839",0.000444731822163076,4.75383638600327e-07,6.98438674059964e-06,5.0549133147617e-06,0.999542753494095,4.80892933385363e-14,1.46890577407311e-43,5
"19841",5.38787169316853e-18,0.691093719477371,9.54827318962926e-24,0.308905978064533,3.02457998522267e-07,9.70238670353765e-14,1.4096647399874e-55,2
"19843",1.93768429373744e-08,2.05565408679036e-51,0.00013108077520884,0.932959043285045,0.0669098565629028,8.34511372479613e-16,8.99363705444325e-95,4
"19845",1.72052365647542e-05,2.20396045830479e-30,6.35751936112132e-26,0.000687188539282877,1.37644416013767e-13,0.999295606171288,5.27269023737748e-11,6
"19847",0.919498241040667,9.39119602229266e-27,7.06825851906648e-07,0.0756679452009172,2.21926882338456e-05,0.0048106748864624,2.3935786755959e-07,1
"19849",4.53346701186968e-13,4.95888875391726e-30,1.36307476425496e-34,0.00047910492274593,9.08943838241044e-15,0.999520895076792,2.14611949751852e-28,6
"19851",0.00336348362106704,6.39742168546483e-12,2.10364581239187e-12,8.44520143386642e-05,1.40273363456324e-07,7.68014649978117e-08,0.996551847281265,7
"19853",4.76327567666619e-05,4.6588240362252e-22,1.60964584214489e-31,0.986358795075192,4.22220429343926e-10,1.92224636631428e-05,0.0135743492821577,4
"19855",0.0196064046721969,8.35709659079289e-08,9.37019203681308e-20,0.00456550375309823,1.49179748825206e-10,0.000449703805874435,0.975378304048685,7
"19857",0.93506710102953,9.71779199942867e-06,1.14567463564751e-06,0.0276413977006804,2.1190905936536e-06,0.0372449711340272,3.35475785336991e-05,1
"19859",0.79159209779375,4.48023082448893e-06,1.22864538410833e-06,0.011097262866051,0.000280663272840983,1.14347457179452e-08,0.197024255756404,1
"19861",0.0287709107139588,1.84680400073098e-14,1.37902146796379e-17,0.00852654182436074,1.82185850215173e-07,0.864448685633837,0.0982536796419751,6
"19863",2.1222822244102e-20,1.0354003272476e-07,3.53557995162883e-47,0.0286822285629107,2.90983351959222e-14,0.971317667897027,4.85698392933967e-47,6
"19865",4.9548505546652e-07,0.99831370030212,7.94966004262624e-17,0.00168577759304548,2.52305830533993e-09,2.23182668809314e-08,1.77845387552117e-09,2
"19867",0.925048974945068,1.94539335228777e-28,1.41975167582712e-09,0.022530557108629,5.03187396643045e-06,0.0520365674609401,0.000378867191644821,1
"19869",8.82135759043444e-09,1.73392676035177e-10,6.69654749911986e-33,0.00103822607086458,9.38352069564743e-16,0.998961764934059,3.25346025874078e-13,6
"19871",0.43918371908758,0.00365042713545062,0.000135306656057138,0.00397130461456766,5.79281280859519e-05,5.46548966380563e-12,0.553001314372793,7
"19874",0.00109106198653625,0.000737894904849966,2.52459324677465e-16,0.00615156213248772,2.05979670511822e-06,3.26783217327139e-08,0.992017388501099,7
"19876",6.00324314571151e-05,1.92055687593071e-05,1.65384399239979e-19,3.78856094200265e-05,1.69327864376827e-11,0.000415502623099443,0.999467373750331,7
"19878",0.470513275086208,1.92614548867511e-25,3.70637193555766e-07,0.512328169734242,0.0171581845423546,2.29859816104559e-15,1.0625542373234e-48,4
"19880",5.5309187704179e-11,0.999833514857156,1.35375338190298e-26,0.000166455301586638,6.53910975311998e-13,2.9773306540252e-08,1.19881703988822e-11,2
"19882",0.0013349012688878,2.2593709173259e-17,5.99886861313318e-24,0.00457412211309002,4.68244691152966e-12,0.994090975347048,1.26629179658746e-09,6
"19885",0.523367553909293,5.67171051337894e-07,0.0043519587293619,0.00204579310580898,0.000174933131249195,0.000225196754414073,0.469833997198822,1
"19907",0.150944497980196,1.15888631644572e-23,3.50000703528587e-15,0.0126497917642283,9.90874340714725e-10,0.836403742107145,1.96715755304674e-06,6
"19909",0.0272385940321448,2.06162010545536e-24,0.960385433932296,0.000845789203602295,0.0115301828317425,2.14752694445232e-13,6.60325259296846e-29,3
"19911",0.00487403514119218,1.47009742200492e-08,0.908538278335173,0.0256454540679894,0.0609422177546715,3.83944750069713e-23,1.39054302772824e-28,3
"19913",4.5351047627301e-17,0.998899577936742,2.38376712142562e-26,0.00110042027630864,1.78694952893113e-09,3.2659806646792e-17,9.69094701471927e-27,2
"19915",0.000958855021898643,0.987492393845015,3.57158555628368e-14,0.000592139653043663,8.03643370491761e-08,1.54381350801833e-10,0.0109565309612885,2
"19917",0.000122050219432219,0.998329874255604,3.3029716151734e-12,0.000963705519878632,0.000584363409056651,7.3101864209131e-12,6.58541514485264e-09,2
"19919",0.0892986489793267,0.232032608357946,1.10654359599817e-08,0.00153431206871337,9.35288244455939e-05,7.84591100204301e-10,0.677040889919541,7
"19921",0.0731139200274952,2.55170942441298e-15,1.2791592925875e-09,0.00039167293608687,1.53143242770612e-06,0.00106068351792217,0.925432190806906,7
"19923",0.975219712117088,4.76906272421019e-34,4.43694917709969e-09,0.00457916260829165,0.0202011208375012,1.69503561464488e-13,1.34916892009864e-20,1
"19925",0.000190854900311428,0.998809454877651,5.85083380763507e-14,0.000969392788443723,2.79099866768025e-07,4.08134214385375e-11,3.00182928547959e-05,2
"19927",0.539592348771812,2.64704129542078e-13,2.41368413896636e-09,0.00224848941110082,1.68083727839732e-05,0.000304634744437469,0.457837716285917,1
"19929",1.19982925925696e-20,0.000858031417940197,3.2487854916418e-41,0.0997040437016556,1.97979991512274e-13,0.899437924880206,5.60970868053933e-30,6
"19931",0.993017024344846,4.13473097959621e-14,6.25302226163846e-05,0.00138813984538111,0.00552517284496628,2.02056168089842e-08,7.1125365314269e-06,1
"19933",0.16765759643127,8.77717284351929e-13,0.804772642115834,0.000145317321071398,0.0274244441288282,3.70258018273708e-19,2.11873686121333e-12,3
"19935",0.954650117851413,7.52226331630492e-13,0.00816783701152368,0.0233303643499998,0.0124788240635641,0.00137285671765591,5.09145933004138e-12,1
"19937",0.220943579203529,4.85415430729778e-19,9.40641382544126e-08,0.00169270098228199,8.59295330940129e-05,3.55691864273237e-09,0.777277692660038,7
"19939",0.974332301898921,9.35357654546454e-11,1.19737928322306e-09,0.0254949346883046,7.10872193150889e-06,1.09218400294051e-06,0.000164561215925408,1
"19941",7.98464864409978e-06,6.1455940199423e-06,0.08063878610562,0.00166894671243183,0.917678136939284,1.87426535950202e-20,6.92333992624369e-37,5
"19943",7.099639601919e-09,0.997050567976704,6.7856722797621e-20,0.00294940769407557,2.41767096284441e-09,2.22944922972442e-14,1.48118878472809e-08,2
"19945",0.208174255667182,1.49297279400739e-14,0.775846915571106,1.98324669183601e-07,0.0159786304370205,5.5176888131592e-22,7.40475293370922e-15,3
"19947",8.51958524442727e-07,2.52595645523238e-07,6.32937595760842e-12,0.999998880037101,1.54023957297157e-08,3.44296479116631e-15,7.70331211823352e-39,4
"19949",0.967361971467726,3.28962621864468e-33,0.00147287024187409,0.00803013149975025,0.0231350267906481,1.15221216366234e-15,1.39467746054645e-16,1
"19951",0.432533915111951,0.507731487357059,1.07339289692106e-09,0.0307185346792114,0.0290160583210797,3.45705341442872e-09,2.52309208903013e-13,2
"19953",2.90702276471187e-09,3.78024886977975e-64,0.000136719239104524,0.00815845956300221,0.99170481829087,4.52012354199659e-55,6.21651136437211e-53,5
"19955",0.0861342439650895,6.49101855012441e-43,0.00126134657710597,0.000473698973607243,0.912130710484197,1.97354073285296e-23,4.86317796066324e-43,5
"19957",0.00115265988067288,8.23845176791236e-06,6.28703848587797e-11,0.996732420292674,0.00210667967981155,4.19629602658313e-21,1.6322033814883e-09,4
"19960",0.0250642431960043,4.93742805436317e-18,0.00599158677958888,0.968908503960203,3.56660642042229e-05,2.95352508750471e-18,1.26507431957513e-47,4
"19963",1.87833100582289e-27,3.60848572737198e-24,2.54530624418442e-29,0.695165312902124,0.304834687097876,1.93036181324748e-52,2.15283488205223e-64,4
"19965",0.436414529533144,9.46419436852069e-40,0.00133185750310253,2.58892442938971e-05,0.56222772371946,5.54004403916489e-20,1.96397045084583e-73,5
"19968",1.09922300176559e-07,0.0104101615384346,2.73377544007355e-12,0.947203357871337,1.93787400254629e-09,0.0423863687273199,1.99352223823423e-25,4
"19971",1.11174132335451e-19,3.25818794076181e-10,5.63478781144154e-24,0.999902118935798,9.78807383832207e-05,8.74177735384304e-47,3.07302785480559e-85,4
"19973",0.0112637964353337,0.000318406806943429,3.66085456633099e-09,5.9803841626681e-05,3.18477461747433e-07,0.000430648897338271,0.987927021880441,7
"19975",0.00153863050058068,0.94463697322517,1.5785163934002e-11,0.0537698790531397,1.86488947017473e-06,5.26473533308257e-05,4.96252355111075e-09,2
"19977",2.97296364236424e-12,4.85935417156283e-07,4.3284773830245e-29,0.999956774177661,4.27398839491948e-05,7.77287763085403e-24,4.68505615666745e-61,4
"19979",2.11840795225578e-06,9.26206027490385e-27,0.960459495435943,1.86831490617025e-05,0.0395197030070426,1.66231730326983e-52,4.93202296674168e-75,3
"19981",0.997534603752926,9.7312581415788e-14,0.000639820934474878,0.000867175910214776,0.000878754458107004,7.96087299095768e-05,3.62142711041696e-08,1
"19983",0.993594358727427,2.67407619517601e-18,6.56453651609114e-06,0.0063817861251766,3.61650797264645e-06,1.2140939494746e-05,1.53316341252187e-06,1
"19985",0.000688976189163646,0.404012630816721,1.29302918749371e-17,0.00137323629500499,2.09131726196896e-09,0.00011393603506842,0.593811218572724,7
"19987",0.464140767325812,0.00556916037607477,0.363151142431586,0.163034766999179,0.00193599563662127,2.02187595366087e-12,0.00216816722870445,1
"19989",7.20593048981245e-06,3.27904523366019e-51,0.964312718918714,4.44973612056742e-06,0.035675625414676,4.5476507802805e-45,1.53022463105715e-59,3
"19993",0.972424959848096,1.40922474478357e-07,0.00370745369817791,0.0171283242870114,0.00673912124424032,2.17453194740995e-16,2.38124299202724e-21,1
"19995",0.670923655735016,3.42015461162643e-09,0.13038265405325,0.00171433129664694,0.196979355494617,3.15677052745023e-13,1.2244938318485e-19,1
"19997",0.0683449995016858,2.51924926443804e-06,2.63161355266792e-11,0.000263931945549439,6.43830825645667e-05,5.10561413351011e-05,0.931273110053285,7
"19999",0.000603384932027681,0.997173324712613,6.68386900101617e-18,0.000780808413834555,1.07247370496904e-10,0.00044932623182647,0.000993155602450768,2
"20002",4.79472249078089e-26,6.21068915647036e-13,1.15653068055762e-30,0.99999994609061,5.36638884490372e-08,2.44880326366818e-10,1.87067192389445e-59,4
"20004",0.000402259173371565,9.13884067389596e-14,0.934473022355075,0.0618291156309833,0.00329560282731803,1.31604613641776e-11,2.53740625649826e-24,3
"20006",0.0113368068146982,4.96067106074215e-21,3.64044825224307e-08,0.988654584054674,8.57272614538984e-06,2.29581006731528e-21,3.14495154037975e-53,4
"20008",0.00086750571044797,3.03599144591197e-26,3.17360021034255e-07,6.13394444339389e-05,0.999070837485097,3.00273738195866e-22,2.03827243389892e-55,5
"20010",0.170173113504779,1.14180883776057e-24,0.804307603353708,0.000253242461343779,0.02526604068017,8.07014977015006e-30,4.47684823545935e-20,3
"20012",0.00101992040214783,0.418101498881273,1.17731651323422e-21,0.533441264235272,6.64811484644742e-10,0.0474373158164964,1.44177064483792e-22,4
"20015",0.000470145411173401,4.22405238551781e-35,0.964710438486958,0.00224456173961252,0.0325748543622565,1.76253658782126e-19,8.65841747951094e-71,3
"20017",0.00416266930827194,3.95616290779862e-05,1.08388155452357e-14,0.000118023786134229,1.18142539480722e-11,0.0124938125928604,0.98318593267183,7
"20019",1.11834556167734e-07,7.78820224941285e-48,0.950473384627382,0.000207363517563794,0.049319140020498,6.36889446077217e-60,5.1503075130405e-100,3
"20022",0.100225154533308,5.65811420196824e-22,0.88999734970354,0.000198360988478359,0.00957913477467376,1.60310523470467e-26,1.65632394980317e-21,3
"20024",1.81672884123347e-16,1.55792668233865e-85,6.58853852577499e-07,0.96760836967952,0.0323909714666269,1.81319676415408e-60,2.20168496893733e-97,4
"20026",1.81672884123347e-16,1.55792668233865e-85,6.58853852577499e-07,0.96760836967952,0.0323909714666269,1.81319676415408e-60,2.20168496893733e-97,4
"20028",0.000515524725192519,0.000947309027358658,3.1031924693447e-16,0.000177997456365176,5.33842409720426e-08,9.36529745913695e-06,0.998349750109383,7
"20030",8.32532573824489e-07,1.80174471452401e-17,0.822770821264115,0.0206640786302017,0.156564267573109,5.79688578949111e-23,3.26906102809653e-53,3
"20033",0.199771771199174,0.792508773250537,7.51949910251447e-08,0.00734927737183736,0.000328909679423144,1.66253071687607e-08,4.11766787307482e-05,2
"20035",2.51681430732187e-07,1.32106253964687e-54,0.869668150523457,0.0336704060431374,0.0966611917519748,3.92578493589306e-55,2.81202884385373e-98,3
"20037",0.000133521012233087,1.70076217361704e-53,0.979672445902977,1.2354225901608e-06,0.0201927976621994,8.59713280670239e-42,4.97769816154372e-95,3
"20039",5.5383911706553e-22,3.5228468578594e-128,1.1865546559696e-16,0.751629801832426,0.248370198167574,5.76261572806082e-83,1.6570115388103e-112,4
"20041",0.978640883843261,9.8343529225458e-22,3.46478660836032e-09,0.0210504112893645,0.000308701402587624,1.62262988015093e-18,4.99757093732597e-26,1
"20044",0.373465077908993,1.54101759116835e-18,4.11115898265783e-10,0.626359609506668,0.000175312173223234,3.4738790517395e-22,2.16889403192897e-34,4
"20047",2.83474265007925e-10,6.2071868667619e-42,0.846154744703062,1.75143590232095e-06,0.153843503577561,2.52029984014961e-73,5.7906845855583e-112,3
"20050",0.0315975827584557,2.75197268638129e-26,0.00794898056985486,0.00232507982572376,0.958128356845966,8.55118777381732e-49,1.64467249416129e-36,5
"20052",0.840085938943844,0.0377829671929267,0.00165233804293274,0.000107307913843183,0.116434058501658,4.58964717708365e-18,0.00393738940479513,1
"20054",0.0876470162386874,3.23572081283214e-20,0.853389652278437,0.0147024817397218,0.0442608497396889,3.4649044646046e-12,8.12347029619896e-41,3
"20056",4.06633753398703e-09,0.927001331672477,9.26467345908602e-11,0.0727637349838496,0.000234929184688986,2.98463921041113e-19,1.68473552028283e-20,2
"20058",1.46418202270873e-05,7.00735355246996e-58,0.962531430027379,9.89675178190906e-05,0.0373549606345748,8.07089280375295e-36,1.81832779919637e-61,3
"20060",0.921991968926954,3.33487606074306e-11,8.76813765971539e-06,0.0248256133165136,7.76355397825193e-06,8.16453878117358e-06,0.0531577214927646,1
"20062",0.992555511445844,4.12984022195773e-09,3.55300376736042e-05,0.000787146934151898,0.00655904202507309,1.91870516761265e-05,4.35783757412001e-05,1
"20064",0.106037039921402,1.13096558018404e-07,0.883636824449628,6.70194930322351e-06,0.0103193205831059,2.43651965162186e-21,2.83566858127696e-15,3
"20066",1.17109699705499e-08,4.38984846189498e-27,0.871885413810983,0.0804173228226252,0.047697251655422,2.92543148099763e-34,6.47346191827355e-85,3
"20068",0.470328805049168,6.56948363629172e-14,1.42974653690509e-11,0.00206106213437188,1.68060724041314e-08,0.116348834916018,0.411261281080007,1
"20070",0.978296208571276,8.33587691715867e-24,2.09059226769269e-11,0.00343163763955062,0.0171477697449314,2.86652593513355e-08,0.00112435535807709,1
"20072",0.0532634044537851,7.27835483541729e-49,0.0167181641299545,0.326351491664263,0.603666938618347,1.13365127214574e-09,7.37634164291503e-67,5
"20074",1.69288855759287e-18,0.994995756500159,4.57301574638354e-38,0.00500222436438467,2.37960366021228e-13,2.01913521801913e-06,6.35077334916759e-29,2
"20076",0.000528842736379286,0.0557525733261132,8.9410967128504e-11,0.847874493958896,1.05046570913457e-05,0.0958335852321093,6.58684713476148e-20,4
"20078",0.0832228416108999,6.63883448373843e-15,0.880830716584571,1.76476831570905e-07,0.0359462653276912,1.19235788666641e-25,9.52841129967159e-24,3
"20080",7.71648842283332e-05,8.90542944623806e-34,0.992186647439308,1.96301790415747e-06,0.00773422465855919,1.71670150042651e-56,5.66909678693941e-74,3
"20082",2.85368348055306e-14,2.20866849059714e-70,3.11908241881577e-07,0.000360983241286423,0.999638704850443,1.40854555361889e-85,5.59724572796242e-67,5
"20084",0.000514095731115526,1.03658684343929e-07,0.73027619914132,1.18572433754078e-05,0.269197744225505,1.56443732207695e-40,4.22674654057924e-28,3
"20087",0.350359669406303,6.42736061533013e-31,0.535755144330062,3.06427402103499e-06,0.113882121989565,4.92995841713557e-14,1.28364323884219e-29,3
"20090",0.00138387699106192,7.68233636512851e-37,0.976346867051382,6.86136864500711e-05,0.022200642271106,1.04655086454806e-54,2.53654489919042e-73,3
"20092",6.77478121536644e-05,4.63177002137118e-80,1.92060102081731e-11,0.099688689249261,0.900243562919379,1.20497728135087e-24,3.82232005239623e-39,5
"20096",0.00054419256072116,7.60594423653095e-24,6.57043589245504e-09,0.00208664293132796,0.997369157937515,4.28524079612017e-33,2.20167179387685e-17,5
"20098",0.201512720881837,0.772821729037604,4.44481150932208e-09,0.0113190122811253,4.9152450068761e-05,3.06055712844107e-09,0.0142973778439964,2
"20101",0.0127885652325224,7.98443719738384e-13,0.93605250032981,2.3087672024276e-07,0.0511587035601487,1.70063463513201e-48,2.32235721486219e-57,3
"20104",4.57742879892485e-12,6.31497080958505e-58,1.65705822077041e-34,0.999994718489153,5.28150626956226e-06,4.38597978344183e-18,8.25744144706369e-28,4
"20106",0.0667748176598102,1.9655062991373e-12,0.926533477292667,0.000210798641863123,0.00648090640369398,1.9039786456804e-28,2.92013595929693e-38,3
"20108",0.935475688446496,5.09863812871975e-05,5.31362077738987e-06,0.00421087281545161,0.00145687594206445,0.00102517162196726,0.0577750911719561,1
"20110",0.0221112399620359,8.30030461548393e-09,1.28685414080881e-08,0.205277878051177,0.772610860817935,2.35130217699618e-34,5.59608591926231e-15,5
"20112",0.802004454243947,3.9771806006915e-21,0.14622771803713,6.51789461726955e-06,0.0517613098243055,1.64506116158579e-31,1.82011241311838e-36,1
"20114",0.000509146317687518,2.4927705149319e-05,0.927199612592259,0.00255163266740313,0.0697146807175009,6.94763134401065e-32,4.16969649104245e-19,3
"20116",0.111203703629018,9.99600840139405e-05,0.648887083135095,0.0120944795500858,0.227714773601782,4.82730033221211e-15,1.64879526693256e-28,3
"20118",0.895555043336469,0.0069705736599695,0.0709332249107861,0.00028070998575537,0.0259746879848865,1.01225059622039e-15,0.000285760122132535,1
"20120",0.00480748098188636,1.46499645853626e-13,0.842864027701873,0.0805895088871813,0.0717389824289126,8.94522536726973e-50,5.10945024796179e-34,3
"20122",2.6611483191296e-08,0.998934514691059,8.32725131432206e-17,0.00106545656304701,1.3842490460643e-09,7.40291496374607e-10,9.86967050839096e-12,2
"20124",0.0117376300599636,4.72173564668782e-45,0.86062993139358,1.57027167862081e-07,0.127632281519288,2.0138354803694e-41,2.50607339997831e-70,3
"20126",1.85483763036746e-19,7.34029785812275e-85,1.53746796852664e-14,0.853629454885682,0.146370545114303,3.03988345464043e-73,1.14548721130209e-104,4
"20128",5.90241187813104e-19,1.07169457140037e-88,2.03068343252606e-06,3.80084446500907e-05,0.999959960871917,1.02092101199024e-91,3.8082177758762e-158,5
"20141",4.43528562748699e-07,6.62608247961075e-30,1.17299419727151e-19,0.999996648644019,2.90782741405503e-06,6.20142138230025e-23,3.96160057564936e-15,4
"20143",3.68467141290691e-16,0.279079221188606,4.72263981559998e-31,0.720920778681678,1.29715162263551e-10,5.24364718214887e-16,2.84043643890647e-45,4
"20145",0.0365480472656839,4.70426632810206e-18,0.953342201021423,6.60356325074405e-05,0.0100437160803861,1.07647556885458e-33,1.60241582589719e-20,3
"20147",0.389913295390097,1.93946794831664e-15,0.601252495237715,7.93906934750805e-07,0.00883341546525078,1.31770241598205e-24,1.3093408484495e-26,3
"20149",6.14646280090916e-09,0.994746909959621,6.74392647864542e-22,0.00525306263336238,1.7869956517936e-08,1.77483125503224e-09,1.6157659870077e-09,2
"20151",0.0974729599884317,0.2516171435028,1.06889052189402e-07,0.00105024237600798,6.25052108318251e-05,1.11235486367142e-07,0.64979693079739,7
"20153",0.0104261698731754,0.282588434017888,3.34750201151014e-08,0.513180364481896,0.193804997872362,6.48067356514415e-33,2.79659439493266e-10,4
"20155",0.852631656592875,4.55690277994117e-24,0.138620871441783,0.000318325965453978,0.00842914599988733,9.85080704033042e-27,1.95756832630199e-47,1
"20157",0.0128464318372273,0.782236930459901,3.78090652488076e-09,0.132710851138459,2.33202051040016e-06,1.86490158862382e-10,0.0722034505765066,2
"20160",3.00339047155067e-16,0.999693205322358,2.19352934808728e-27,0.000306794653854513,2.37782795021805e-11,9.33471654052653e-15,5.20879605334381e-23,2
"20162",4.2540550705584e-09,0.999764039186176,1.64374975303972e-23,0.000234009732933849,9.63668837446275e-12,6.84158223296775e-08,1.87840137583641e-06,2
"20164",0.000867766253382631,0.932856338491453,2.89448452768552e-13,0.0656265608706818,0.00064933438410611,2.93479412149076e-14,5.72792470015314e-14,2
"20166",7.24502103363376e-09,1.02889643674934e-15,0.00611020983955132,0.921533201369513,0.0723565815459133,1.88174904072574e-18,1.44408914015005e-79,4
"20168",3.311943025227e-20,7.55490044462768e-27,4.03715311103939e-22,0.999951698711262,3.24913468708037e-06,4.50521540509162e-05,2.04878238880431e-77,4
"20170",0.00236367450728715,0.992663757586124,1.59452783663583e-09,0.00390250448095426,1.58178257073617e-05,4.57060678535384e-17,0.001054244005399,2
"20172",0.0433677759306714,5.65418713407837e-34,0.945308514228729,0.000145823526784717,0.0111778863138151,3.09650607719788e-26,8.01922392641954e-26,3
"20174",3.04153348376626e-05,0.000337714582717786,2.22254246611527e-23,0.000791277908469761,1.4811133584815e-13,0.957439321371667,0.0414012708021601,6
"20176",3.35497094080836e-09,1.30438448482307e-23,1.5002139409948e-22,0.897052952314956,0.00943100780066703,0.0935160365294058,9.08909666316557e-59,4
"20178",2.60521414401027e-17,0.999155100941441,4.81835225095e-28,0.0008448990351949,2.33639908970097e-11,2.57274386733131e-16,2.19869300736746e-25,2
"20181",1.92649664942581e-06,6.176670481295e-10,0.903423693494064,0.0593473597560008,0.037227019635619,3.22852112203037e-29,1.9331578997848e-56,3
"20183",0.949860248350185,1.72334537876475e-20,0.000921858994268058,0.0319811890418849,0.00179105221767684,1.16543387328418e-11,0.0154456513843304,1
"20186",0.775184168868661,5.49675263351442e-55,7.43756956734005e-06,0.221076598438057,0.00372907530780996,2.71981590379204e-06,3.79398213802541e-16,1
"20188",1.26655798688337e-12,0.999076388350933,6.77400124158291e-25,0.000923611420175695,2.27617254945311e-10,7.97047577759864e-15,5.5241021172907e-19,2
"20190",0.000315719839106159,8.71304929065546e-27,0.992525650277698,0.000186777327202137,0.00697185255599398,8.29007347260204e-31,2.99816657119086e-62,3
"20193",5.46003051868927e-15,0.000160619620909197,1.42326641092025e-24,0.960438265850783,0.0394011119564031,2.57189929717314e-09,1.60435388128396e-75,4
"20195",0.147866708008232,0.818832184406073,3.63895718387892e-09,0.00831537878858441,0.0249857251580609,9.23757439752446e-14,3.64018575281461e-17,2
"20197",0.624223250556818,4.8240234388785e-25,0.367660314621747,3.23307559462932e-07,0.00811611151387556,1.06563632981562e-24,9.37839872228629e-32,1
"20199",2.7343640317575e-05,0.995390050850364,1.77468038343868e-17,0.00458238755284008,8.28029507076102e-08,1.87598750486022e-15,1.35153526185774e-07,2
"20205",4.55603747785341e-11,4.35645829828804e-82,7.50112604193073e-14,0.00645704404969344,0.993542955904671,1.41944625620263e-71,5.68938256243458e-61,5
"20208",0.981542975693227,0.00583458938261204,8.95255022910848e-08,0.0107699235725347,0.00185224167931884,7.80985073707515e-08,1.02048297715586e-07,1
"20210",2.60862693254023e-07,0.99973718853919,1.89017408909792e-20,0.000262344097772299,2.04607309934567e-10,6.21401058784744e-10,2.05674335678754e-07,2
"20212",0.00712773890966838,0.982445594957977,5.21338877757409e-13,0.0102723496346329,0.000154277378891218,3.49419644850463e-10,3.87688897925365e-08,2
"20216",0.00258038831128777,2.43804484103741e-15,0.973652140769683,0.0231526214189505,0.000614849500076122,2.47230195422299e-26,2.44599046960103e-30,3
"20219",0.000592255372329964,2.19198779282322e-25,0.694676708973925,3.08717780714567e-06,0.304727948475938,5.65115730414001e-53,1.30542110610068e-30,3
"20223",9.61989084219216e-09,6.21914211960968e-71,4.03545388750365e-05,0.0156862765972114,0.984273359244023,1.26017487540251e-23,7.83603042902367e-124,5
"20226",0.985369556690202,1.05090317936833e-10,1.10169820178302e-05,0.0134272410580591,0.00119218516463086,1.23287725142156e-17,3.41411383646997e-19,1
"20230",5.34344676039589e-05,1.18343390843798e-36,0.977590731747808,4.48214803599689e-06,0.022351351636552,2.13268303232383e-37,7.15945322593492e-75,3
"20233",6.52974392501524e-19,1.3886785865096e-63,1.05609473224043e-34,0.990844349629669,0.00915565037033065,3.16311596642862e-59,9.23826749659364e-38,4
"20235",0.000632383176612706,1.57454820949557e-67,7.66562752848637e-07,5.39500880183754e-05,0.999312900172616,6.63979971888674e-31,3.29676613417134e-82,5
"20239",0.303308861875566,4.80722248077765e-35,0.0637353545599491,0.0495482952721224,0.583407488054848,2.37514436585032e-10,1.75697180675425e-37,5
"20254",3.2672225308435e-14,1.32121196775097e-70,1.76015581452567e-06,0.00191574944791342,0.998082490396239,4.0868378768154e-96,3.32319174739673e-81,5
"20256",0.0266541732749859,2.88371582259244e-45,0.932622166025318,5.12329187266949e-06,0.0407185374078233,1.96662519925527e-26,2.90083336511763e-54,3
"20262",0.000832970020238205,0.986883009718795,3.04470700469775e-10,0.000442841391741401,1.40785078726515e-07,1.45368908320563e-11,0.0118410377651393,2
"20270",4.87513476677454e-06,5.76719815328532e-15,0.000168522023506579,0.0289486520421884,0.970877950799529,3.04209585928427e-15,2.62400601860607e-45,5
"20284",0.00673671306097028,1.26377244994727e-34,1.89680732676889e-06,0.803812943642899,0.18944844642678,1.4177196359161e-31,6.2023471866126e-11,4
"20287",5.34710809992632e-06,4.42370555699037e-56,0.862753058634291,0.000221203324264499,0.137020390933344,2.18704284763725e-35,3.86044505525619e-107,3
"20290",4.17080111909809e-08,9.22455456684535e-37,1.24898569464076e-09,0.964273618895711,0.0357263381472925,1.1573279114944e-63,4.96917504629261e-36,4
"20293",0.116380036871918,1.36206017530493e-18,0.85698604838582,0.000121277267562625,0.0265126374746978,3.08407668419633e-26,6.91318147282692e-16,3
"20296",0.0347467520898693,0.41592541336443,2.63729860489035e-05,0.311526312469096,0.000495662851017706,0.237279374736371,1.11503167172626e-07,2
"20301",2.01928815276923e-10,6.96116552507639e-30,0.00428645390888199,0.000227260974091453,0.995486284915098,3.7570754362081e-52,1.66434135430165e-140,5
"20304",8.42944367735652e-14,1.96315303716967e-71,5.55207622724967e-07,0.0110270074649366,0.988972437327356,2.78118597432519e-80,8.85964587517212e-61,5
"20306",2.04014810511997e-05,6.51217517454345e-52,0.964620348943501,2.06729276679785e-07,0.0353590428461706,7.22142764342074e-44,1.04238715769663e-69,3
"20309",0.982481562702748,7.43239575553531e-18,0.00487271121263456,0.00202377479967532,0.010621951284942,4.79061286329603e-21,9.91088033700321e-21,1
"20311",0.000406147633605947,4.43604095191897e-15,0.90568830836483,0.000116281293687047,0.0937892627078726,2.31853843587926e-28,1.09944414685568e-36,3
"20314",0.205388058149379,0.146032841334838,0.000147520978636417,0.000972632411098244,0.00106426564090456,2.7570916700363e-13,0.646394681484869,7
"20318",8.03479457833366e-16,0.304448760055811,9.98081715116726e-18,0.695549232102427,2.00784176085302e-06,1.58585629052864e-17,1.89236719162462e-39,4
"20320",0.579091889406851,6.47197730142967e-19,1.75232649137748e-11,0.420670250984214,0.000237859587703076,3.66955247994861e-12,3.84196235635819e-14,1
"20326",0.872301879230503,0.0136543132820608,9.44658921263874e-05,0.000846570342491199,0.0300306602310384,1.60525599717485e-14,0.0830721110217638,1
"20328",0.910475013544822,5.26025883997564e-38,2.54454926678456e-08,0.0882918001049715,0.00123315922913927,1.67309713576242e-09,2.47779494669808e-12,1
"20330",0.622359607882087,1.07552433225962e-33,0.0411366825757835,0.0246515901031095,0.31185211943902,9.70556691289413e-27,4.55791097626312e-49,1
"20336",8.36636513923707e-05,2.736732038373e-52,0.000134766309434883,0.246332938672625,0.753448631366548,3.88435090600711e-45,1.12110305932101e-20,5
"20338",6.79960035901905e-06,1.1535691362425e-31,7.44332127457805e-07,7.7250851833871e-05,0.99991520521568,1.71573790021603e-62,2.98233505743997e-40,5
"20340",2.57283180976176e-05,7.45751037690881e-47,0.51162662979199,0.00123723173771661,0.487110410152196,6.32290698954999e-38,1.10526155565139e-77,3
"20342",4.10731733062896e-22,1.74445982891323e-54,8.65123468956358e-30,0.224510166788962,0.775489833211038,1.58956577780404e-55,1.78380022316728e-93,5
"20344",0.012338711168024,7.19848974335723e-37,0.905567278247758,2.29563007429862e-06,0.0820917149541437,1.28128519579933e-25,9.36207161269084e-41,3
"20349",5.65522813966464e-05,2.10540738292665e-45,0.980715019575665,7.28451637382542e-07,0.0192276996913008,2.0385041535253e-31,4.54962680086942e-59,3
"20351",0.824144919055013,1.86359671604555e-18,0.0386671340842242,0.134813532701222,0.00237441415954035,1.11386614587638e-28,5.39485410285338e-20,1
"20353",0.76430354808979,9.21763581401939e-39,0.0257831938172407,0.000524008052092664,0.209389250040876,7.51525052590891e-43,2.15922578100283e-64,1
"20357",2.72880109327654e-11,4.00164781821633e-92,4.96610162572371e-09,0.206315655276708,0.793684339729902,1.36293813975648e-70,9.68344761036307e-68,5
"20360",1.32528048446414e-09,6.28558338317197e-68,6.75223865825333e-24,0.0490677921672768,0.950932206507443,1.92832775389529e-36,5.10750939550087e-91,5
"20364",0.332118311926178,1.14819880692239e-20,0.658961931434519,0.00123580357273909,0.00768395306656443,1.43923155085095e-23,7.37051235603024e-22,3
"20366",4.96039478998108e-08,1.08535076381249e-57,1.67104837373667e-11,0.997087094290257,0.00291285608908464,2.48752728381983e-49,3.42339820651341e-30,4
"20381",6.2135626454308e-12,2.20438683036566e-11,1.44340408954257e-34,0.995505627063952,3.02958815813725e-06,0.00449134331963228,4.6537821580899e-22,4
"20391",0.00081673694657107,1.49087630971087e-71,1.14642440274489e-08,0.983272646908144,0.0159106044604717,2.20569299322336e-10,3.42329397957858e-40,4
"20394",0.923398105994265,2.04207156095219e-10,1.40994105028358e-10,0.00416220272442716,0.000516664647526794,0.0666064735244802,0.00531655276409978,1
"20396",3.27824129402287e-06,0.000263457094024501,2.03857925142684e-30,0.00146644672721435,1.36893864535113e-13,0.998266173403209,6.44534121028358e-07,6
"20409",0.00466283661728654,3.40849270837565e-05,0.197481748469342,0.000562119349091744,0.797259210637195,8.0250905211879e-23,1.37266209118487e-15,5
"20411",0.020997174192967,3.31065128552506e-57,0.843499993651837,1.39360243455e-05,0.13548889613085,7.83494229362598e-44,1.55271155757434e-48,3
"20416",1.64543922827608e-17,4.68888011040139e-114,1.50148846333612e-06,0.00206056721944327,0.997937931292093,6.74669718261673e-88,1.49085270371999e-132,5
"20418",4.20316982524536e-08,0.0168254162202332,3.03773502531584e-31,0.000673207009469473,1.52967857162181e-15,0.982501286843045,4.78955528379507e-08,6
"20420",2.93835249322409e-12,3.97429124224363e-53,9.41882845097643e-27,0.999999492498291,5.07498770267996e-07,3.21262590037048e-46,1.12014072277383e-25,4
"20422",0.000701413865400051,1.13314150264233e-21,0.865717036432147,0.128118223034831,0.00546332666762175,1.16945296548087e-32,3.03682916980397e-57,3
"20424",0.0928810219126004,2.07385627572443e-50,0.814335495437887,0.000896272730070001,0.0918872099194429,2.33591028951973e-39,3.76413112611967e-47,3
"20426",7.46554826530448e-25,7.21024975316873e-51,5.78199267875694e-31,0.997266314292572,0.00273368570742774,2.05715500203616e-87,1.91681330869188e-75,4
"20428",0.967829445356621,3.20969225111666e-20,0.00348097333379437,0.000572367600256034,0.0281089683100648,8.24539926364073e-06,1.51016372760456e-24,1
"20431",0.931794945471436,1.02465687712448e-05,5.54145456735566e-08,0.0284723982331496,0.0397223543120975,1.07502897093656e-23,6.8318601288266e-26,1
"20433",8.46379035572863e-08,1.03905340837587e-42,0.000557545850669341,6.24332120412366e-05,0.999379936299386,1.96915711233613e-27,9.5909900023795e-114,5
"20436",7.72226581398302e-10,4.40644137304773e-25,1.16739541757294e-15,0.999053870044288,0.000908357901552794,3.77712819311196e-05,1.91408084850817e-79,4
"20439",8.15704325846306e-05,1.54051599400025e-05,1.6028159641806e-23,0.0164673203704336,6.23423205240538e-09,0.872513543760385,0.110922154042424,6
"20441",2.65188837307533e-06,5.24783671886784e-54,1.63576258726224e-11,0.27860395154957,0.721393396545699,2.9709862292153e-67,2.51605879999171e-52,5
"20444",1.0522287931687e-13,0.99926290400343,4.0067426167921e-27,0.000737095741392847,6.09601215784027e-12,2.48732290012939e-10,2.43337011990394e-13,2
"20448",0.00390411730788146,1.67340584842201e-09,4.55744803885657e-09,0.209382080974666,0.786713795486576,1.47321832791169e-18,2.32717451882271e-14,5
"20536",0.011867800053504,2.28926315585602e-21,6.3501862221686e-16,0.00269033399823923,2.69177187160757e-10,0.985441662744875,2.02934203694269e-07,6
"20538",9.33173693267582e-07,3.21417236036155e-58,0.000336319124067529,0.0103894845381336,0.989273263164106,1.70329463698081e-40,5.23314498559363e-32,5
"20541",9.28610564973956e-06,7.58547728302639e-49,0.977309428360053,5.54179272745203e-06,0.0226757437415702,3.27884440116866e-65,6.96545536270228e-71,3
"20544",0.812691383377804,4.28880969570874e-13,0.127609627718808,1.49567860489722e-05,0.0596840321168985,8.76107137827274e-15,3.11273464289812e-15,1
"20546",0.00373877165774989,7.98586997968044e-44,0.977140994044144,0.000573382904598679,0.0185468513935073,2.53074404876261e-33,1.45132771815583e-34,3
"20550",0.916573935932608,1.86181480744319e-17,1.92820162020398e-07,0.0833890694980699,3.68017491599135e-05,4.5609834227626e-19,2.60458593126039e-33,1
"20553",1.53330274496388e-32,7.05966017461236e-76,5.35704524129601e-14,0.0388877267892978,0.961112273210649,3.51714341517139e-117,3.66911013871575e-186,5
"20555",7.50273792093551e-14,6.47020009092013e-82,3.28300695166344e-28,0.999478136611286,0.000521863388639034,1.52809730724067e-50,5.11049112045483e-38,4
"20557",0.966731417854655,8.78222442144519e-17,1.33501287543786e-06,0.0144391521976637,0.0188280949348055,7.96123069649485e-29,5.00449732666899e-26,1
"20559",0.0399658212623695,1.09000700308397e-17,0.947113899009333,5.55254826638472e-06,0.0129147271800314,2.02811337232038e-27,6.24088293445445e-33,3
"20561",0.00847640474512751,0.982762300520457,4.18762803720984e-08,0.00870729171808552,1.18605138288314e-06,1.99688723950845e-16,5.27750886661317e-05,2
"20564",2.60521414401027e-17,0.999155100941441,4.81835225095e-28,0.0008448990351949,2.33639908970097e-11,2.57274386733131e-16,2.19869300736746e-25,2
"20566",0.578026692620876,4.22479894378761e-12,0.370213383631213,0.00595257791188438,0.0458073292405075,1.65912943531316e-08,5.1937348383903e-21,1
"20569",0.0013848656750136,0.995649736569466,5.44214040855601e-16,0.00247834777581463,3.46083085277367e-09,0.0002230066021963,0.000264039916678546,2
"20572",6.75333483269416e-07,0.987503120394535,1.49120270120635e-17,0.0124861297199778,1.83805325920026e-09,1.0072598191617e-05,1.15759471024982e-10,2
"20574",0.0617579641128446,1.61344834171073e-20,0.931044586926472,9.65911270296931e-08,0.00719735236955619,2.37045145476982e-41,3.14433218752159e-45,3
"20576",1.3518983301603e-11,0.999277123321173,4.64815546628365e-20,0.000722876488629222,1.76678689946893e-10,1.94307772981329e-18,5.89734823058656e-21,2
"20578",0.92788333695317,1.16154562586769e-07,0.0691876864154383,0.000696469967974712,0.00223239050716726,2.23743672917966e-17,1.68731767385878e-12,1
"20580",0.187291112262424,1.630978142843e-13,0.770983796363028,2.47742775811402e-05,0.0417003170805113,1.62065824978445e-11,8.56193357774288e-14,3
"20583",3.3721112441208e-13,0.999590383674069,1.0779145827941e-21,0.000409616267523192,5.80701577783981e-11,5.76962318112666e-17,1.14703855870378e-19,2
"20586",0.0274124780656304,4.61764006910385e-31,0.951164267821053,0.00449767595417393,0.0169255781591429,2.8344450567139e-18,8.58550379041232e-20,3
"20589",0.0692851201652428,7.50152909401017e-48,0.906341235820091,2.42995543092056e-05,0.0243493444603566,3.28149343521307e-25,8.07887197849462e-60,3
"20591",0.215548093830961,5.13242945127458e-40,1.01236403044885e-14,0.78429035603036,0.000161550138668378,3.17793619137462e-21,4.14598123758513e-17,4
"20593",2.47726166328597e-05,7.72666343892252e-38,0.842508107622952,1.77873688960549e-05,0.15744933239152,2.03304031957307e-46,3.09210551177694e-120,3
"20595",0.2624978765629,3.53673066489305e-16,0.711296681443202,2.11749560288912e-05,0.0261842670378684,6.71551266040981e-27,3.42002629455083e-27,3
"20597",1.0661502493683e-10,1.81354889724804e-30,4.60217255972804e-33,0.000188828472986136,2.10272572490298e-16,0.999811171420399,1.23470972204355e-17,6
"20599",1.05554647869035e-16,0.999549919544792,5.13271291044167e-26,0.000450080435084058,2.01238344873955e-11,3.1599328777891e-16,8.9867232266006e-27,2
"20601",0.224177248041651,2.74820161855415e-09,3.58687304107128e-07,0.000900116781124816,3.79215897615052e-05,7.54358412124867e-07,0.774883597793545,7
"20604",5.28860826726651e-05,4.63682363035264e-25,0.98756844613963,4.40412726944544e-05,0.0123346265050032,1.19318842052876e-41,1.35830701333059e-70,3
"20606",0.000507783427109615,2.47294047294807e-31,0.989303587197271,3.68987786859871e-06,0.0101849394977509,2.92624034985967e-35,3.77075658796852e-62,3
"20608",0.496470487918896,5.53891081284732e-23,0.465940103163606,0.000196123691695802,0.0373932852258025,3.01833336921928e-18,9.67466497382352e-50,1
"20610",2.95774458855753e-07,0.988244594965862,5.44516457158004e-19,0.011754967359189,1.41900489571238e-07,5.28535674183962e-17,1.3033917589335e-26,2
"20612",8.45669244596093e-25,2.17940908566645e-68,1.4601299402013e-22,0.998753135214155,0.00124686478584541,1.36481275904753e-27,6.7585693207853e-90,4
"20614",4.77658479317716e-07,0.999451273010728,1.14231499731665e-19,0.000548112762213557,2.54333188799956e-09,5.66888490663406e-12,1.34019578643443e-07,2
