"","V1","V2","V3","result$classification"
"19812",0.701697412399604,0.290531667537496,0.00777092006290009,1
"19814",0.987615905289712,0.0122326250497563,0.00015146966053139,1
"19816",0.0133730045655175,0.986593664212183,3.3331222299708e-05,2
"19818",0.907586982962173,0.0922143772176808,0.000198639820146576,1
"19820",8.64383348750597e-06,0.999731028745896,0.00026032742061633,2
"19822",0.00020790466316055,0.932196958512185,0.0675951368246546,2
"19824",0.015586161476046,0.984168784040019,0.000245054483935488,2
"19826",0.821799046534798,0.178042101138867,0.000158852326334491,1
"19828",0.00201500522758589,0.997117545855926,0.000867448916487945,2
"19830",0.992569511829157,0.00423315095270559,0.00319733721813763,1
"19832",0.0765433624204723,0.327506782864101,0.595949854715427,3
"19834",0.0663803960824155,0.914612393861867,0.0190072100557174,2
"19836",0.287488013840285,0.711477991595971,0.00103399456374412,2
"19838",0.998459368823314,0.000977106813297374,0.000563524363388795,1
"19840",0.0946495058764349,0.905186295526453,0.000164198597112129,2
"19842",0.999060495323987,0.000914393269117087,2.5111406895529e-05,1
"19844",0.988611536171522,0.0112202512940014,0.000168212534476059,1
"19846",0.999945641374665,5.3277181386462e-05,1.08144394886812e-06,1
"19848",0.999885787530745,0.000109709564138369,4.50290511660552e-06,1
"19850",0.999235482900472,0.000745424647288632,1.90924522391915e-05,1
"19852",0.217453425630028,0.781890439297917,0.000656135072054577,2
"19854",0.99979278905063,0.000191417575629882,1.57933737397704e-05,1
"19856",0.989484366578809,0.0102130995781605,0.000302533843030872,1
"19858",0.669626101519652,0.326180261892148,0.00419363658820013,1
"19860",0.314308641453263,0.685044550875231,0.000646807671506329,2
"19862",0.999946182759785,5.18949797532883e-05,1.92226046133531e-06,1
"19864",0.757465392329897,0.240552097657319,0.00198251001278331,1
"19866",0.00785120458851502,0.992063313433771,8.54819777142278e-05,2
"19868",0.00147020186801321,0.00012995315595531,0.998399844976031,3
"19870",0.998106189734381,0.00187330205050517,2.05082151143173e-05,1
"19873",0.917368611257195,0.0825685032960156,6.28854467894713e-05,1
"19875",0.00213354632335264,0.996914031692476,0.000952421984171639,2
"19877",0.980518130048661,0.0192987907512831,0.000183079200055953,1
"19879",0.589374934081353,0.407780952233903,0.0028441136847442,1
"19881",0.965649701146416,0.0342826394149833,6.76594386007643e-05,1
"19883",0.974994906057018,0.0249851579449732,1.99359980088171e-05,1
"19899",0.24825303495047,0.735661798965372,0.0160851660841581,2
"19908",0.23487607881246,0.600061767191327,0.165062153996213,2
"19910",0.441830494392845,0.55787060502328,0.000298900583875238,2
"19912",0.999664172612447,0.000325529842550561,1.02975450022974e-05,1
"19914",0.552400322234779,0.435195635581666,0.0124040421835547,1
"19916",0.0133473111023568,0.986280468290177,0.000372220607466573,2
"19918",0.998938974693764,0.00105949546183476,1.52984440106687e-06,1
"19920",0.999709538779989,0.000287328459316796,3.13276069449902e-06,1
"19922",0.166635341830859,0.0634111982556994,0.769953459913441,3
"19924",0.978458400040424,0.021488207099471,5.33928601052335e-05,1
"19926",0.0899162356282187,0.880457801610927,0.0296259627608541,2
"19928",0.990545954854915,0.00852412542049786,0.000929919724586933,1
"19930",0.991178668599069,0.00869086526822002,0.000130466132710977,1
"19932",0.999435441283445,0.000503706706771148,6.08520097838337e-05,1
"19934",0.0317872757421296,0.964163663547673,0.00404906071019785,2
"19936",0.914837278432513,0.0813803560353779,0.00378236553210966,1
"19938",0.00246086662440015,0.992417072368734,0.00512206100686622,2
"19940",0.823334662956626,0.176607265740167,5.80713032077664e-05,1
"19942",0.96390337977957,0.0358846312935069,0.000211988926923202,1
"19944",0.128519139652625,0.871223269168448,0.000257591178927532,2
"19946",0.845253168809374,0.154486617434605,0.000260213756020531,1
"19948",0.988712493855103,0.0112625101777863,2.49959671107256e-05,1
"19950",0.999798552664032,0.000163734685648546,3.77126503197155e-05,1
"19952",0.988712493855103,0.0112625101777863,2.49959671107256e-05,1
"19954",0.998284980559331,0.00168009266746531,3.49267732039704e-05,1
"19956",0.999471461225807,0.000114189766800346,0.000414349007392724,1
"19958",0.020231267748219,0.00107056489624379,0.978698167355537,3
"19962",0.82237824151134,0.174079587475531,0.00354217101312858,1
"19964",0.936311168178907,0.0636144791423894,7.43526787034847e-05,1
"19966",0.000508970239760091,0.999256782983189,0.00023424677705088,2
"19969",0.9940317943211,0.00593166692272506,3.65387561750401e-05,1
"19972",0.998455700650251,0.00153633247562166,7.96687412719095e-06,1
"19974",0.999984380263254,1.52409350731963e-05,3.78801672804966e-07,1
"19976",0.971507926241914,0.0284257547139451,6.63190441408374e-05,1
"19978",0.238978938736228,0.760981577136609,3.94841271634497e-05,2
"19980",0.999915521583385,7.67411214688575e-05,7.73729514637724e-06,1
"19982",0.998386738542137,0.00142420216970766,0.000189059288155205,1
"19984",0.996590377741309,0.00335867026324276,5.09519954480306e-05,1
"19986",2.27609302208382e-05,0.99906440387571,0.000912835194068722,2
"19988",4.76503795214024e-06,0.998420768820445,0.00157446614160323,2
"19992",5.41593100799743e-05,0.99834499245378,0.00160084823613994,2
"19994",0.98374217613722,0.0157540648504637,0.000503759012316156,1
"19996",7.53147937022977e-05,0.999664671570442,0.000260013635855958,2
"19998",0.875178587223168,0.124169700913911,0.000651711862920302,1
"20000",0.956862335810114,0.00141095067713437,0.0417267135127514,1
"20003",0.885255014270404,0.11190813670011,0.00283684902948683,1
"20005",0.999942810702989,5.56353438522255e-05,1.5539531587329e-06,1
"20007",0.227341315137267,0.767106038313035,0.00555264654969799,2
"20009",0.00633966169251053,0.991992857504331,0.00166748080315854,2
"20011",0.988689888373677,0.0112782866331243,3.18249931991081e-05,1
"20013",0.997530678834051,0.00239684993522906,7.24712307199225e-05,1
"20016",0.000284374380697501,0.990441067590658,0.00927455802864429,2
"20018",1.11897268859814e-06,0.0248637670478879,0.975135113979424,3
"20021",0.00503082529051378,0.994047057041255,0.000922117668230972,2
"20023",0.0501313180812911,0.947138949088445,0.00272973283026398,2
"20025",0.000154340906796501,0.602118460854848,0.397727198238355,2
"20027",0.996836866097803,0.00310590824048462,5.72256617122189e-05,1
"20029",0.999755212696145,0.000243635188911876,1.15211494374433e-06,1
"20032",0.996840996409171,0.00304114052655202,0.000117863064276764,1
"20034",0.972430340979109,0.0274902563191773,7.94027017137279e-05,1
"20036",0.942975124865285,0.0546268377363083,0.00239803739840612,1
"20038",0.000226612170903899,0.990323318223556,0.00945006960553965,2
"20040",0.000224235492461212,0.979246073877117,0.0205296906304214,2
"20043",0.00237191313643477,0.99584865193981,0.00177943492375498,2
"20045",1.20399328902242e-05,0.986456943548054,0.0135310165190561,2
"20048",0.999263266216915,0.000545250323420361,0.000191483459665047,1
"20051",0.518975952415439,0.451595904690599,0.0294281428939613,1
"20053",0.0267358962050955,0.972993820836321,0.000270282958583393,2
"20055",0.00961508467920674,0.87217975503746,0.118205160283333,2
"20057",0.00469927582332151,1.73108631734655e-05,0.995283413313505,3
"20059",0.0167470403258534,0.978501833933789,0.00475112574035741,2
"20061",0.0867776960427803,0.912277784847984,0.000944519109236228,2
"20063",0.263141500060018,0.696773388237183,0.0400851117027987,2
"20065",1.12524747577819e-05,0.218374496276604,0.781614251248639,3
"20067",0.00203479840354688,0.978958380072487,0.0190068215239661,2
"20069",0.999866960104839,0.000118535557120056,1.45043380409969e-05,1
"20071",0.445485878224708,0.544984162433715,0.0095299593415769,2
"20073",0.996423875229249,0.00356681814172469,9.30662902624553e-06,1
"20075",0.000672208206736685,9.35365201819289e-05,0.999234255273081,3
"20077",0.0259309864782753,0.973761400455364,0.000307613066360918,2
"20079",0.680294638191188,0.314619280837354,0.00508608097145805,1
"20081",0.00522039135667591,0.856196863530414,0.13858274511291,2
"20083",0.943794477140781,0.0477449168530349,0.00846060600618373,1
"20085",4.60872583872395e-06,0.994410661172349,0.00558473010181248,2
"20088",0.000481155344733047,0.997424302793255,0.00209454186201165,2
"20091",0.000412068917417269,0.00741870013863591,0.992169230943947,3
"20095",0.75282267547973,0.245344766073308,0.00183255844696247,1
"20097",6.49649183099824e-06,0.981686984090396,0.018306519417773,2
"20099",0.0442372374347891,0.955743745871582,1.90166936293768e-05,2
"20102",0.368489285777828,0.0307439934758442,0.600766720746328,3
"20105",0.0162613771045984,0.982814386511434,0.000924236383967601,2
"20107",0.000781657780662014,0.998862085841886,0.000356256377452441,2
"20109",0.292061134238982,0.707857539246959,8.13265140593034e-05,2
"20111",0.585049525537411,0.000758409783484568,0.414192064679105,1
"20113",0.011835602259462,0.987651273020769,0.000513124719768799,2
"20115",0.997887813867941,0.00104435733082875,0.00106782880123001,1
"20117",0.0103029780214605,0.324829749782015,0.664867272196524,3
"20119",0.000554692641367184,0.999320702973911,0.000124604384721212,2
"20121",0.000113798079988308,0.999030229516147,0.000855972403865273,2
"20123",5.22577618831218e-05,0.00502766085745522,0.994920081380662,3
"20125",0.999173028875664,0.000755001357081293,7.19697672552843e-05,1
"20127",0.000129693549068538,0.999006256549357,0.000864049901574274,2
"20140",0.0417232425961624,0.605662653690017,0.35261410371382,2
"20142",0.999807418428529,0.000148205116516151,4.43764549543821e-05,1
"20144",0.984735613664221,0.00088407724835576,0.0143803090874232,1
"20146",0.982594039887114,0.0127147886269255,0.00469117148596057,1
"20148",0.942271147326067,0.0568618946573704,0.000866958016562612,1
"20150",0.999980984023768,1.81756084820091e-05,8.4036775010414e-07,1
"20152",0.826091735058117,0.172839736788026,0.00106852815385683,1
"20154",0.000141523735114856,0.059595321641301,0.940263154623584,3
"20156",0.30684069989535,0.673630795117756,0.019528504986894,2
"20159",0.999836630436871,0.000134729832034801,2.86397310945146e-05,1
"20161",0.987777507865565,0.0111988246173614,0.00102366751707398,1
"20163",0.696995488304806,0.295081636598475,0.00792287509671826,1
"20165",0.691633785281281,0.306750381088055,0.00161583363066418,1
"20167",0.985788811783548,0.0141696064588786,4.15817575736248e-05,1
"20169",0.999610834060793,0.00028894722454378,0.000100218714663086,1
"20171",2.79362251467023e-05,0.0172210510148226,0.982751012760031,3
"20173",0.458271689783814,0.541358373460592,0.000369936755594806,2
"20175",0.994152906186737,0.00576974919505827,7.73446182051038e-05,1
"20177",0.0422503564167683,0.95769345279044,5.61907927914537e-05,2
"20180",3.83136983455359e-05,0.996060786610607,0.00390089969104694,2
"20182",0.997252808272462,2.66545138884675e-05,0.00272053721364904,1
"20184",0.998318358604243,0.00164560784726271,3.60335484939597e-05,1
"20187",0.732603208215663,0.267305068158416,9.17236259212197e-05,1
"20189",0.0497892951474315,0.950180243874485,3.04609780839445e-05,2
"20192",0.0108313972266872,0.858398439195378,0.130770163577935,2
"20194",0.999144261040862,0.000834744209110439,2.09947500281369e-05,1
"20196",0.000265419391960673,0.82467063916818,0.175063941439859,2
"20198",0.471071800261654,0.517354898809045,0.0115733009293012,2
"20204",0.999821157515576,0.000144867828896748,3.39746555277058e-05,1
"20207",0.00105935977505657,0.89372172444369,0.105218915781253,2
"20209",0.78566588040387,0.0107360142724046,0.203598105323726,1
"20211",0.000101763040793876,0.00386700408510341,0.996031232874103,3
"20215",0.0178350722934104,0.97992171503291,0.00224321267367974,2
"20218",0.999857723603015,0.000119591885306893,2.26845116781645e-05,1
"20222",0.0116049185051287,0.909399595617642,0.078995485877229,2
"20225",0.997907811716874,0.000898468496642582,0.00119371978648371,1
"20229",0.661406261516853,0.140049211951981,0.198544526531166,1
"20232",0.0446329303649744,0.930015950124935,0.0253511195100907,2
"20234",6.48994263126249e-06,0.870591186324521,0.129402323732847,2
"20238",0.00143024376113415,0.995720022643928,0.00284973359493774,2
"20253",0.000622098260814688,0.997749198621924,0.00162870311726141,2
"20255",0.99281188199775,0.00437650181641244,0.00281161618583782,1
"20258",0.00029618575374577,0.999516401502806,0.000187412743448604,2
"20269",0.159607261812457,0.840105975208245,0.000286762979298121,2
"20271",0.00121847861718928,0.998721320477706,6.02009051049622e-05,2
"20285",0.921898827233815,0.0778562633865073,0.000244909379677504,1
"20288",0.024440325890103,0.971591115133153,0.00396855897674392,2
"20291",0.000655019517971276,0.769099059017502,0.230245921464526,2
"20295",0.323410628715275,0.676202435913631,0.000386935371094465,2
"20298",0.999689605167175,0.000286977771170039,2.34170616549115e-05,1
"20302",0.99763729018191,0.00234413656800649,1.85732500833237e-05,1
"20305",0.999716114995094,0.000271829558239982,1.20554466656843e-05,1
"20307",5.82816379464564e-05,0.998905980919585,0.00103573744246812,2
"20310",1.10895546042543e-05,0.995672013690028,0.00431689675536813,2
"20313",0.99994952713139,4.52686631886232e-05,5.20420542151556e-06,1
"20315",0.0010598804007172,0.998662209463137,0.000277910136145691,2
"20319",0.000319408584232148,0.459801806610012,0.539878784805756,3
"20321",0.000579643725150439,0.99917442241607,0.00024593385877957,2
"20327",0.000244786370791486,0.999717101339787,3.81122894213213e-05,2
"20329",0.997578986858676,0.00241633633619123,4.67680513248408e-06,1
"20335",0.000106677964920667,0.86949955094207,0.130393771093009,2
"20337",0.999801026662132,0.000173066849012066,2.59064888560234e-05,1
"20339",0.0122891867326327,0.0253929051611244,0.962317908106243,3
"20341",0.000739430639642782,0.0503289354650852,0.948931633895272,3
"20343",0.000370743467888629,0.983683343572206,0.0159459129599056,2
"20345",0.943547652271209,0.0559538152077169,0.000498532521074363,1
"20350",0.308511351922754,0.458737518987505,0.232751129089741,2
"20352",0.999276249075565,0.000651184471929508,7.25664525055564e-05,1
"20355",0.971178493958291,0.0271429808906203,0.00167852515108872,1
"20358",0.999590618709335,0.000407736523422639,1.64476724219954e-06,1
"20363",0.00107685408815852,0.998695030451963,0.000228115459878318,2
"20365",0.011090607902161,0.538201462664376,0.450707929433463,2
"20379",0.994986172517576,0.00288322337161181,0.00213060411081237,1
"20387",0.000640383434344534,0.996653519787755,0.00270609677790081,2
"20392",3.52046553340811e-05,0.0080693287104948,0.991895466634171,3
"20395",0.915849461565211,0.082713745411442,0.00143679302334683,1
"20397",0.999721469282013,0.000268741328461231,9.78938952571076e-06,1
"20410",0.00306390489053422,0.995937141480406,0.000998953629060037,2
"20414",0.997996794371214,0.0019835271902385,1.96784385476621e-05,1
"20417",6.47861317373087e-06,0.146977487864302,0.853016033522524,3
"20419",0.000236024240464418,0.999754877210364,9.09854917144969e-06,2
"20421",0.965358829068252,0.0107044715879592,0.0239366993437894,1
"20423",0.998989184765403,0.000772197007684721,0.000238618226912142,1
"20425",0.996796087484186,0.00220275925867258,0.00100115325714137,1
"20427",0.804154010998709,0.195596297332286,0.000249691669004364,1
"20429",0.00199207560029733,0.991600480933148,0.0064074434665545,2
"20432",0.999766977360397,0.00023061285051739,2.40978908602808e-06,1
"20435",0.0549012237859163,0.916871689214559,0.0282270869995242,2
"20438",0.00364996269519964,0.996284617987476,6.54193173245909e-05,2
"20440",0.0011706649113168,0.998738146381703,9.11887069807855e-05,2
"20443",0.983328019907332,0.0146227638790963,0.0020492162135717,1
"20446",0.423869401265981,0.573691331040793,0.00243926769322595,2
"20449",0.0612196737661787,0.921193679477161,0.0175866467566604,2
"20537",0.0131680450026202,0.740217394335535,0.246614560661844,2
"20540",2.7377678853119e-05,0.0222541674815988,0.977718454839548,3
"20543",0.645126276404207,0.35306939920098,0.00180432439481271,1
"20545",0.000112479561365842,0.00375869288755562,0.996128827551078,3
"20549",0.875171625230412,0.116016437516504,0.00881193725308331,1
"20551",0.0191262232076259,0.978002873838669,0.00287090295370474,2
"20554",0.00639467107725859,0.99332847400971,0.000276854913031029,2
"20556",0.398116161087529,0.415479141801098,0.186404697111373,2
"20558",0.000182306250858523,0.999363642477173,0.000454051271968745,2
"20560",0.0454948951733662,0.954265650743796,0.000239454082837827,2
"20563",8.93058099572877e-05,0.999237776671808,0.000672917518235106,2
"20565",0.20224476249988,0.795533116806874,0.0022221206932457,2
"20567",0.999462692654512,0.000524349134356337,1.29582111312189e-05,1
"20571",0.00420587407391323,0.964040794796803,0.0317533311292833,2
"20573",0.0413634072037808,0.952168343198336,0.00646824959788331,2
"20575",0.000101530534532947,0.999604039545199,0.000294429920267983,2
"20577",0.567795449007075,0.42480427433435,0.00740027665857477,1
"20579",0.999842359170871,0.00015593282340134,1.70800572797779e-06,1
"20582",4.1901815151434e-05,0.999620291966869,0.000337806217979349,2
"20585",0.00618035086267087,0.165853120515374,0.827966528621955,3
"20588",0.0180636100628018,0.0247647279914235,0.957171661945775,3
"20590",0.999966093676015,3.32636497553083e-05,6.42674230350328e-07,1
"20592",5.53926870597203e-05,0.999689316419407,0.000255290893533056,2
"20594",4.5336535736565e-05,0.999218290592521,0.00073637287174264,2
"20596",0.031170139134097,0.968809409074844,2.04517910594139e-05,2
"20598",0.0080537546451616,0.991677839584998,0.000268405769840809,2
"20600",0.152090382209601,0.165507765876446,0.682401851913953,3
"20603",0.988877274455597,0.00382420508738492,0.0072985204570178,1
"20605",0.00030527256260079,0.998866984223783,0.000827743213616299,2
"20607",0.00149364271150684,0.998466119229186,4.02380593075289e-05,2
"20609",0.0192727260418906,0.980424846532918,0.000302427425191063,2
"20611",0.999554337012435,0.000429598263264622,1.60647243005337e-05,1
"20613",0.18869936406869,0.80423012571094,0.00707051022037001,2
"20615",0.415836225448198,0.492682573750048,0.0914812008017546,2
"20617",0.999815383494033,0.000149228316201307,3.53881897655107e-05,1
"20619",0.000187245194791625,0.999692671096479,0.000120083708729357,2
"20621",0.0152159195191621,0.984022566002494,0.000761514478344066,2
"20623",0.978323660786009,0.0216680904578498,8.24875614090302e-06,1
"20625",0.961615883035357,0.00419194307030419,0.0341921738943385,1
"20627",0.0554561867525546,0.943590558053591,0.000953255193854047,2
"20629",0.122056221223313,0.873187179358748,0.00475659941793966,2
"20631",0.000158944452922137,0.999445286168066,0.000395769379011724,2
"20633",0.999958491411945,3.80643483855128e-05,3.44423966993412e-06,1
"20636",0.997835047109973,0.00214636923644218,1.8583653585233e-05,1
"20638",0.483772461975502,0.390193238305148,0.12603429971935,1
"20640",0.000810719929886381,0.928257179569481,0.0709321005006331,2
"20645",7.88420167036318e-06,0.992621189225742,0.00737092657258714,2
"20647",0.999226589547865,0.000561686176263306,0.000211724275871949,1
"20649",0.0131060998217526,0.972589461712374,0.0143044384658732,2
"20651",0.000153466913840772,0.994398070189488,0.00544846289667158,2
"20656",0.0023401729799122,0.953807272087246,0.043852554932842,2
"20660",0.0104651506620578,0.131217498475348,0.858317350862595,3
"20662",0.998155832656492,0.00182944327164815,1.47240718593033e-05,1
"20664",0.141685214645475,0.858221775243157,9.30101113679494e-05,2
"20666",0.834266851597614,0.0066595449341411,0.159073603468245,1
"20668",0.999762412881938,0.000235293419528283,2.29369853400138e-06,1
"20670",0.00265506463493706,0.996622477004223,0.000722458360840144,2
"20672",0.999746284483727,0.000194697975933643,5.90175403398728e-05,1
"20674",0.0591876895147207,0.94047345540735,0.000338855077929473,2
"20676",0.999957133741328,3.78450046745145e-05,5.02125399769376e-06,1
"20678",0.999969003169071,3.0289772536716e-05,7.07058392353856e-07,1
"20680",0.996667350583196,0.00326043084630177,7.22185705018104e-05,1
"20682",0.986935193484215,0.0130314780970335,3.33284187520557e-05,1
"20684",0.06007443834527,0.934268385182584,0.00565717647214627,2
"20686",0.999810077400465,0.000165726435652644,2.41961638818867e-05,1
"20688",0.999938612606312,6.02214273978562e-05,1.16596628981029e-06,1
"20690",0.00113753592996258,0.0927264860274756,0.906135978042562,3
"20692",0.999971378960948,2.73934315631998e-05,1.22760748907908e-06,1
"20694",0.99986750493088,0.000125195429703515,7.2996394166504e-06,1
"20696",0.997108620573316,0.00281168358708262,7.96958396011737e-05,1
"20698",0.131663190061837,0.856298363654684,0.0120384462834781,2
"20700",0.0115558857141959,0.987607016011546,0.000837098274257651,2
"20702",0.000167327336129886,0.179527292983598,0.820305379680272,3
"20704",0.0744306400288589,0.924786420321674,0.000782939649467187,2
"20706",0.718628491472058,0.275394076037703,0.00597743249023866,1
"20708",0.999641197634221,0.000355161717258245,3.6406485212862e-06,1
"20710",0.011912667306355,0.672018497086413,0.316068835607232,2
"20714",0.999397538208093,0.000600343059252108,2.11873265511117e-06,1
"20716",0.00344264098809241,0.996307342900037,0.000250016111870978,2
"20719",0.232919432397192,0.76627126499781,0.000809302604998081,2
"20721",6.65531916582621e-05,0.99965762769946,0.000275819108881612,2
"20723",0.177080597618996,0.814998520368024,0.00792088201297984,2
"20725",0.980638282553334,0.018318147149852,0.00104357029681384,1
"20727",0.997720428619097,0.000200929849045366,0.0020786415318578,1
"20729",0.999452602331944,0.00052499693118086,2.24007368753991e-05,1
"20731",0.989131911718006,0.00953812151013975,0.00132996677185392,1
"20733",0.044163527439114,0.950346844565404,0.00548962799548225,2
"20735",0.162443319987736,0.808573337444267,0.028983342567997,2
"20737",0.9998766150631,0.000122488184724827,8.96752175015895e-07,1
"20739",0.999938085598651,5.27853445825877e-05,9.1290567662046e-06,1
"20741",0.985198444160906,0.014628316747625,0.000173239091469434,1
"20743",0.972369276674086,0.0273867588305077,0.000243964495406603,1
"20745",0.000479468153872302,0.998827177780973,0.000693354065155053,2
"20747",0.99935548585814,0.000617571323671855,2.69428181882423e-05,1
"20749",0.999718756135501,0.000256576063236045,2.46678012625336e-05,1
"20751",0.991724891866652,0.000383879881812299,0.00789122825153533,1
"20753",0.998958783022702,0.00100958131272836,3.16356645696846e-05,1
"20755",0.999183630578482,0.000808569907227976,7.79951428999483e-06,1
"20757",0.789701262487759,0.210236505416207,6.22320960340649e-05,1
"20759",0.0015350685311505,0.998379481989278,8.54494795714919e-05,2
"20761",0.916759450107586,0.0829208843301514,0.000319665562262978,1
"20763",0.877487023167194,0.120619172659177,0.00189380417362881,1
"20765",0.98879618324786,0.0109652888073488,0.000238527944791245,1
"20767",0.0164714816216577,0.982940591920473,0.000587926457869617,2
"20769",0.00857397179799436,0.451139000964878,0.540287027237128,3
"20771",0.927768427835298,0.0722161990842312,1.53730804711267e-05,1
"20773",0.928179428928626,0.0711838028663824,0.000636768204991109,1
"20775",0.979822739351217,0.0188516668390069,0.00132559380977568,1
"20777",0.461260342700872,0.087244608414355,0.451495048884773,1
"20779",0.984981572320278,0.0143576144341303,0.000660813245592024,1
"20781",0.0727629469028214,0.000106982769993406,0.927130070327185,3
"20783",0.948007385544077,0.0519396136522497,5.30008036733967e-05,1
"20785",0.997140139178533,0.00279850050067547,6.13603207920055e-05,1
"20787",0.999283524711043,0.000715352040460919,1.1232484961679e-06,1
"20789",0.221397841230356,0.776225466462923,0.00237669230672112,2
"20791",0.999954571140059,4.28603718479062e-05,2.56848809299549e-06,1
"20793",0.231450838074592,0.766317841074065,0.00223132085134314,2
"20795",0.99952581832689,0.00046877823387434,5.40343923514893e-06,1
"20797",0.917348586022083,9.83695371313065e-05,0.0825530444407856,1
"20800",0.999043667951797,0.000835645424656686,0.000120686623546571,1
"20802",0.969653688419485,0.0301034488627029,0.000242862717812491,1
"20804",0.999835177195947,0.000162483751903897,2.33905214877056e-06,1
"20806",0.999970740532801,2.77153971657419e-05,1.54407003271287e-06,1
"20808",0.00458456171894927,0.995292502505816,0.000122935775234491,2
"20810",0.998235261933529,0.00173120987848548,3.35281879859131e-05,1
"20812",0.968107097430211,0.0181864882456487,0.0137064143241404,1
"20814",0.999978539154201,2.09890152146697e-05,4.71830584332898e-07,1
"20816",0.0206186635338259,0.967756571465067,0.0116247650011072,2
"20818",0.971515916224534,0.028068430078629,0.000415653696836929,1
"20820",0.999772069314946,0.000172185725033003,5.57449600207824e-05,1
"20822",0.979268825785741,0.0206281448811126,0.000103029333146788,1
"20824",0.99766966664758,0.00226550250453561,6.483084788408e-05,1
"20826",0.999835736812976,0.000135641731755583,2.86214552683516e-05,1
"20828",0.999263266216915,0.000545250323420361,0.000191483459665047,1
"20830",0.999516539681212,0.000446474680040641,3.69856387473285e-05,1
"20832",0.643775187526341,0.355830838948689,0.000393973524970303,1
"20834",0.00970985317249235,0.988174045081586,0.00211610174592152,2
"20836",0.993213084320872,0.006528547397782,0.000258368281346201,1
"20838",0.999960622100455,3.82022719337373e-05,1.17562761088866e-06,1
"20840",0.0791750416918509,0.920163007302964,0.000661951005185584,2
"20842",0.996164184052189,0.00374916298806251,8.66529597488558e-05,1
"20844",0.920565867542958,0.0794072283245367,2.69041325056568e-05,1
"20846",0.982835726810135,0.0170633606481023,0.000100912541762277,1
"20848",0.659227733857437,0.338977431938107,0.00179483420445613,1
"20850",0.0730158168031147,0.926879280036903,0.000104903159982226,2
"20852",0.0685834272046346,0.92992115763644,0.00149541515892497,2
"20854",0.999859918859538,0.000119370762970346,2.0710377491531e-05,1
"20856",0.0201384989682752,0.0331499449047008,0.946711556127024,3
"20858",0.00176628295139679,0.996841926380799,0.00139179066780393,2
"20860",0.898135217154961,0.101131149961353,0.000733632883685383,1
"20862",0.000231697497832255,0.999702401773853,6.59007283150363e-05,2
"20864",0.998826169496568,0.000921425190555552,0.000252405312875984,1
"20866",5.7287457373605e-06,0.997890358778291,0.00210391247597169,2
"20868",0.0107838381387128,0.985981980377247,0.00323418148403958,2
"20870",0.939912504227312,0.0581761655941006,0.00191133017858757,1
"20872",0.997958192608933,0.00197678838583599,6.5019005231445e-05,1
"20874",0.999944091731981,5.35569826986216e-05,2.35128532023951e-06,1
"20877",0.00357207990599378,0.979063155096413,0.0173647649975934,2
"20879",0.000186468745033062,0.996859781317745,0.00295374993722212,2
"20881",0.999500221574441,0.00046349154686307,3.62868786965272e-05,1
"20883",0.999673833472266,0.000143297376160429,0.000182869151573579,1
"20885",0.998646624258567,0.00118020249610066,0.000173173245332825,1
"20887",0.140632944358924,0.850470804941411,0.00889625069966532,2
"20889",0.984309711397301,0.0123395553698575,0.00335073323284103,1
"20891",0.000179361469481922,0.995559668667171,0.0042609698633466,2
"20896",0.0839836322291268,0.838879897046527,0.0771364707243462,2
"20898",0.955486632023678,0.0440866470534696,0.000426720922851826,1
"20900",0.907569773451633,4.90233078004248e-05,0.0923812032405663,1
"20902",0.00660439228647918,0.226608772721839,0.766786834991682,3
"20904",0.867075019298094,0.123321445279632,0.00960353542227463,1
"20906",0.00296688050769425,0.978817717901418,0.0182154015908878,2
"20908",0.977132266512041,0.0227576215273735,0.000110111960585284,1
"20910",0.982447832089509,0.0175466919502531,5.47596023768393e-06,1
"20912",0.0593644373597799,0.000172059143892454,0.940463503496328,3
"20914",1.78794575081139e-05,0.987871734285084,0.0121103862574074,2
"20968",0.982242114648317,0.00988260200719078,0.00787528334449246,1
"20970",0.0475366403410186,0.951578935234049,0.000884424424932526,2
"20981",0.0212972254416612,0.978686499097126,1.62754612129426e-05,2
"20983",0.9999810718714,1.7787114797237e-05,1.14101380270908e-06,1
"20988",0.00581720104825357,0.993999443234902,0.000183355716844057,2
"20995",0.0965101843276153,0.218140274398238,0.685349541274146,3
"21017",0.875796565266329,0.12415970110032,4.37336333506955e-05,1
"21038",0.00189400175212773,0.990785790183159,0.00732020806471316,2
"21072",0.0274731056572985,0.966361200084202,0.00616569425849918,2
"21075",0.000237131985246385,0.946033770305303,0.0537290977094505,2
"21223",0.840035244498048,0.155524215506687,0.00444053999526517,1
"21225",5.06956309394331e-05,0.000279546446928266,0.999669757922132,3
"21230",0.999976423266064,2.1962858845176e-05,1.6138750908874e-06,1
"21236",0.988231105187508,0.0116743179121273,9.45769003643752e-05,1
"21238",0.224396665340051,0.191878050897287,0.583725283762662,3
"21241",0.00416468475887985,0.995230164107729,0.000605151133391183,2
"21246",0.0277130052149061,0.972255892878501,3.11019065927681e-05,2
"21253",0.999800784556313,0.000174235359233656,2.49800844531818e-05,1
"21256",0.994764729522669,0.00506935827512467,0.000165912202205807,1
"21260",4.9975564530069e-05,0.00860158093353965,0.99134844350193,3
"21266",0.0101597077121022,0.989500164707008,0.000340127580889994,2
"21332",0.00838708141889918,0.991543438854692,6.94797264089167e-05,2
"21334",0.933013483366033,0.0538985344150423,0.0130879822189251,1
"21375",0.000251002528280572,0.99901995084644,0.000729046625279259,2
"21378",1.75552146821072e-05,0.996064614803563,0.00391782998175536,2
"21381",0.000621539934653685,0.987116449877699,0.0122620101876478,2
"21389",0.999188700327807,0.000806559507207511,4.74016498508031e-06,1
"21391",0.0466020462388667,0.952702621148253,0.000695332612880733,2
"21402",0.00316012454927493,0.996830511476,9.36397472507512e-06,2
"21404",0.00413707834155141,0.72668766537392,0.269175256284529,2
"21409",0.0127781917549998,0.95001361618737,0.0372081920576304,2
"21413",0.221640602223714,0.691610142635563,0.0867492551407233,2
"21423",0.000522916063508082,0.996047042114169,0.00343004182232292,2
"21425",0.0422370666560361,0.930866077337222,0.0268968560067416,2
"21430",0.0108680823784791,0.00855762509904659,0.980574292522474,3
"21432",0.0199370686169765,0.979887968475853,0.000174962907170606,2
"21438",0.00394514403816694,0.995123604214669,0.000931251747163902,2
"21440",0.0733487290450177,0.924019025852185,0.00263224510279741,2
"21443",0.999340801109975,0.000649579580798607,9.61930922652598e-06,1
"21445",0.00107883258064616,0.0014411152620169,0.997480052157337,3
"21447",8.98511406569303e-05,0.995998058408728,0.00391209045061484,2
"21449",0.00150422966985615,0.998482701340427,1.30689897164902e-05,2
"21451",0.00150422966985615,0.998482701340427,1.30689897164902e-05,2
"21455",0.000839386503097842,0.999147762061927,1.2851434975498e-05,2
"21469",1.40560014461563e-05,0.870305867659483,0.129680076339071,2
"21471",0.000419205847635873,0.772035157247219,0.227545636905145,2
"21473",0.946975302745362,0.0487604532716379,0.00426424398300056,1
"21476",0.637685582325066,0.346661444995259,0.0156529726796753,1
"21478",0.940766121488875,0.0537086670509408,0.00552521146018384,1
"21481",0.998539040979791,0.001396110888012,6.48481321974374e-05,1
"21490",0.00306844543759126,0.992826964742859,0.00410458981955017,2
"21493",1.64787532879011e-05,0.974788602695455,0.0251949185512574,2
"21495",0.24998593109361,0.743887415793595,0.006126653112795,2
"21500",0.0136784673727836,0.985214820895735,0.00110671173148105,2
"21504",0.136553098029606,0.861985750482932,0.00146115148746253,2
"21507",8.72402043475562e-05,0.982947870514672,0.0169648892809801,2
"21512",0.00209751180115981,0.995776660537432,0.00212582766140839,2
"21519",0.967348409637078,0.0325169380414666,0.000134652321455712,1
"21522",0.132307943981058,0.00365149161985982,0.864040564399082,3
"21524",0.00391994940686211,0.995910203416571,0.000169847176566572,2
"21528",0.000163353098693081,0.998337933680409,0.00149871322089832,2
"21532",0.0698057293559661,0.855244004647279,0.0749502659967551,2
"21543",0.862803731816159,0.115635757087082,0.0215605110967583,1
"21546",0.0843741000588798,0.879970976143079,0.0356549237980416,2
"21550",0.000127319604453815,0.996361922578531,0.00351075781701545,2
"21554",0.000373072228021812,0.999547743152049,7.91846199296043e-05,2
"21557",0.951552154530871,0.00826426935541313,0.0401835761137157,1
"21560",4.86013614465179e-05,0.981398633266245,0.0185527653723086,2
"21564",0.531096426455467,0.46879201591763,0.000111557626902815,1
"21566",0.000236437925164045,0.999176335467911,0.000587226606925056,2
"21569",0.0958420225432946,0.886630521204384,0.017527456252321,2
"21574",0.995739062137103,0.002840344455781,0.00142059340711598,1
"21576",0.986312546106661,0.0136348113074453,5.26425858933801e-05,1
"21578",0.999703361976438,0.000273011183605286,2.36268399572059e-05,1
"21580",0.982729516872706,0.0171914245750725,7.90585522215704e-05,1
"21583",6.0553936038318e-05,0.998679610854134,0.00125983520982719,2
"21585",0.999542155370789,0.000454252131110199,3.59249810117498e-06,1
"21587",0.997112428128803,0.00245282558076133,0.000434746290435893,1
"21589",0.99525945023095,0.00257993846045976,0.00216061130859,1
"21593",0.595430766575425,0.00218675316523086,0.402382480259344,1
"21595",0.970310710990684,0.00062322447961579,0.0290660645297,1
"21597",0.813250576648234,0.186608600580912,0.00014082277085413,1
"21599",0.999978025939188,2.15292722525308e-05,4.44788559707389e-07,1
"21601",0.324259913766014,0.608794843073481,0.0669452431605045,2
"21603",0.999936815662873,6.22534922533582e-05,9.30844874147186e-07,1
"21605",0.99969582488996,0.000275932918603685,2.82421914359148e-05,1
"21607",0.882490198771408,0.0834944447296744,0.0340153564989177,1
"21610",0.763409732386309,0.231991242854523,0.00459902475916804,1
"21612",0.999514445865147,0.000469792356534262,1.5761778319109e-05,1
"21614",0.448078339866589,0.531551915155281,0.0203697449781306,2
"21616",0.921181663478955,0.0704796355314389,0.00833870098960619,1
"21618",0.00278434614049754,0.807650807409184,0.189564846450318,2
"21620",0.999508541718358,0.0004807034795087,1.07548021334672e-05,1
"21622",0.000527008877482462,0.978693345102648,0.020779646019869,2
"21624",0.985395765083828,0.012005884918623,0.00259834999754921,1
"21626",0.68753247995356,0.312441845321887,2.56747245527517e-05,1
"21628",0.131497755480897,0.857130811749499,0.0113714327696043,2
"21630",0.957836783253641,0.0418632496348302,0.000299967111529385,1
"21632",0.163332151710967,0.833775815244401,0.00289203304463148,2
"21634",0.0447326848850106,0.954510132665071,0.000757182449918492,2
"21636",0.996666266089368,0.00257946054245015,0.000754273368182137,1
"21638",0.999860431785128,8.61659905668534e-05,5.34022243056784e-05,1
"21640",0.712575522509233,0.28258928535665,0.00483519213411753,1
"21642",0.994020457289079,0.00581483403958096,0.000164708671339667,1
"21644",0.933754491437116,4.88052249332427e-05,0.0661967033379505,1
"21647",0.999686846279024,0.000274036775939753,3.91169450360168e-05,1
"21649",0.994247946136488,0.00548826940771908,0.00026378445579323,1
"21651",0.978647870536896,0.0185985959565973,0.00275353350650657,1
"21653",0.465287014307014,0.00150137590317615,0.53321160978981,3
"21655",0.999943136507035,5.05304916010751e-05,6.33300136398613e-06,1
"21657",0.995430515378551,0.00434264559198617,0.000226839029462739,1
"21659",0.99820168250486,0.00171723412724119,8.10833678992433e-05,1
"21661",0.997033001576708,0.00254884287344107,0.000418155549850325,1
"21663",0.998644008691437,0.00130361837079898,5.23729377642969e-05,1
"21665",0.998491500630768,0.000584110942177645,0.000924388427054932,1
"21667",0.0890222186041898,0.910648495157032,0.000329286238778634,2
"21670",0.250670085440216,0.744657574674871,0.00467233988491299,2
"21672",0.958187064767006,0.0396852747687966,0.00212766046419754,1
"21674",0.000417155717042985,0.999024167578585,0.000558676704372119,2
"21676",0.0130306943517345,0.98690230636598,6.69992822852231e-05,2
"21678",0.032836417139618,0.00485093821377259,0.962312644646609,3
"21680",0.997102803660495,0.00126927426551884,0.00162792207398642,1
"21685",0.0225105663645345,0.972142531036216,0.00534690259924945,2
"21687",0.313650910825893,0.0623755114771467,0.62397357769696,3
"21690",0.99858981000669,0.00123762107729954,0.000172568916010981,1
"21707",0.000147491605874399,0.99935504197934,0.000497466414785542,2
"21710",0.00179584167347271,0.069050899268603,0.929153259057924,3
"21713",0.00259458622003342,0.996299608873837,0.00110580490612994,2
"21718",0.0306559602326689,0.189048517452817,0.780295522314514,3
"21721",0.143987082344943,0.00217514261938084,0.853837775035676,3
"21723",3.55850097108427e-05,0.979340876760648,0.0206235382296408,2
"21726",8.11835573952901e-05,0.999869116336184,4.97001064206207e-05,2
"21729",0.996416036743935,0.000502537877965529,0.00308142537809915,1
"21733",0.999768401031769,0.000183835083972825,4.77638842576981e-05,1
"21735",0.0533505123481739,0.133261578900844,0.813387908750982,3
"21739",0.0152378410251251,0.984197469652151,0.000564689322723916,2
"21741",0.00436494470608667,0.995014197309615,0.000620857984297927,2
"21744",0.0313547037562135,0.968255896971817,0.000389399271969314,2
"21746",2.80922791251445e-05,0.997196288837098,0.00277561888377691,2
"21748",0.00105660084219943,0.990914865337453,0.00802853382034715,2
"21750",0.998037217651531,0.00194922745074857,1.35548977204589e-05,1
"21752",0.0166018346080221,0.981077182810003,0.00232098258197488,2
"21755",0.31200439361715,0.686896471318507,0.00109913506434301,2
"21757",0.882312191908549,0.107096138243044,0.0105916698484068,1
"21760",0.0965101843276153,0.218140274398238,0.685349541274146,3
"21762",3.9185452685269e-05,0.999146109501286,0.000814705046029194,2
"21764",0.999638347115192,0.000342090589191478,1.95622956160754e-05,1
"21766",8.44590367601196e-05,0.997956259352347,0.00195928161089259,2
"21768",0.576962652221126,0.418527026684385,0.0045103210944894,1
"21770",0.460003688522349,0.538894493173223,0.00110181830442783,2
"21773",1.3834860925451e-05,0.962252609599068,0.0377335555400063,2
"21775",0.93377663428726,0.0658156834412953,0.000407682271444785,1
"21777",0.999427052261535,0.000514835476147165,5.81122623184454e-05,1
"21779",0.451823908308787,0.514652135979865,0.0335239557113481,2
"21781",0.058333468375949,0.941239473622314,0.000427058001737593,2
"21784",0.00182460799277069,0.996501327682173,0.00167406432505645,2
"21786",0.761200486297881,0.238634780944623,0.000164732757496813,1
"21789",0.124474265099803,0.870320963811088,0.00520477108910894,2
"21791",0.0013121622140979,0.99448760898911,0.00420022879679169,2
"21794",0.935682864181594,0.0613958056962221,0.00292133012218347,1
"21797",0.0385750261912257,0.0300213309993183,0.931403642809456,3
"21800",7.48608340537098e-05,0.131411797068445,0.868513342097501,3
"21802",0.0408883319806207,0.927897578683336,0.0312140893360436,2
"21804",0.00305164112502799,4.07196562498701e-05,0.996907639218722,3
"21806",0.118368053642991,0.00964308656794031,0.871988859789069,3
"21808",0.457866802330237,0.0385531184762414,0.503580079193522,3
"21811",0.0144971377980999,0.209836810388948,0.775666051812952,3
"21815",0.00364411976240072,0.995902572197124,0.00045330804047496,2
"21817",0.019468679134066,0.010032729882543,0.970498590983391,3
"21820",0.00497999246004642,0.926522023178169,0.068497984361785,2
"21822",0.976495348927062,0.022948928720084,0.000555722352854208,1
"21824",0.969877524660009,0.0300928281559574,2.96471840337704e-05,1
"21826",0.000188279105972275,0.999201882514498,0.000609838379530048,2
"21828",0.511891947413806,0.488015986462133,9.2066124060791e-05,1
"21830",0.986179709487641,0.0137719099882869,4.83805240717785e-05,1
"21833",0.861014756777752,0.138931860439926,5.33827823212514e-05,1
"21835",0.861014756777752,0.138931860439926,5.33827823212514e-05,1
"21838",0.00140937982904262,0.828867027408666,0.169723592762292,2
"21840",4.74838884973436e-05,0.990642809005355,0.00930970710614797,2
"21842",0.00316291306130459,0.657665371014283,0.339171715924412,2
"21844",0.839826138844922,0.160085759882067,8.81012730115905e-05,1
"21847",0.035259368739396,0.963295824609313,0.00144480665129073,2
"21849",0.787379227412437,0.211640589943163,0.000980182644399755,1
"21852",0.0983572792171512,0.814237683800091,0.0874050369827582,2
