"","V1","V2","V3","best$classification"
"19812",0.951973571291799,0.0100263783092919,0.0380000503989093,1
"19814",0.0986332371388306,0.00144156465094355,0.899925198210226,3
"19816",0.985991794435602,0.0139827677674035,2.54377969944013e-05,1
"19818",0.650780160101409,0.00572570427678374,0.343494135621807,1
"19820",0.97576838446727,0.0242316155327296,3.81765915410892e-21,1
"19822",0.032252133517979,0.967747866482021,8.76254595601912e-23,2
"19824",0.429413250487048,0.570586713951732,3.55612201851113e-08,2
"19826",0.808322941497486,0.0315173209284353,0.160159737574078,1
"19828",0.988359645606026,0.0116403543296496,6.43241214975624e-11,1
"19830",0.552232153284147,0.256577197718534,0.191190648997319,1
"19832",0.407708628907177,0.592291349651597,2.14412257228056e-08,2
"19834",0.979719922109527,0.0202797441023161,3.33788157304701e-07,1
"19836",0.973742624819353,0.0258561784047911,0.00040119677585622,1
"19838",0.042648249724138,0.00439411704271817,0.952957633233144,3
"19840",0.948525189499843,0.0514535775108489,2.12329893086426e-05,1
"19842",5.24435356085206e-05,0.337452623266485,0.662494933197906,3
"19844",7.70418067284441e-09,0.808990434143967,0.191009558151853,2
"19846",0.00019971668902442,0.00136890793254505,0.998431375378431,3
"19848",0.00187848950703763,0.00261254803531689,0.995508962457645,3
"19850",0.00471424820582185,0.00550520457102391,0.989780547223154,3
"19852",0.981101717606429,0.00620739884078912,0.0126908835527823,1
"19854",0.00667990424568655,0.00612048254143658,0.987199613212877,3
"19856",0.000416856478805046,0.909331812445947,0.0902513310752479,2
"19858",0.00106858772223547,0.998897794997447,3.36172803175235e-05,2
"19860",0.974776304717938,0.00917016681047873,0.0160535284715834,1
"19862",0.00074049591609465,0.00656733113826108,0.992692172945644,3
"19864",2.54970784859671e-10,0.999999997493808,2.2512211889695e-09,2
"19866",0.594762889108573,0.405236726037561,3.84853866268184e-07,1
"19868",7.31223253744584e-12,0.999999999992688,6.98194661375707e-22,2
"19870",0.0332132623344605,0.00393534117402047,0.962851396491519,3
"19873",0.628269570070938,0.0469646596085034,0.324765770320559,1
"19875",0.98761733315373,0.0123826514229879,1.54232824425745e-08,1
"19877",0.699468315960831,0.00594554480203425,0.294586139237135,1
"19879",0.985049675958635,0.0116151702488952,0.00333515379246962,1
"19881",0.810355117465609,0.114246088118184,0.0753987944162068,1
"19883",0.0840896235154182,0.058305872240834,0.857604504243748,3
"19899",0.96014473361168,0.0398470987948022,8.16759351808638e-06,1
"19908",4.08227158041057e-07,0.999999591650603,1.22239171341266e-10,2
"19910",0.959727514154776,0.00533194405616333,0.0349405417890611,1
"19912",0.000293077137911718,0.0807398978967582,0.91896702496533,3
"19914",0.973362943435728,0.0257905067791867,0.000846549785085563,1
"19916",0.000283788763982013,0.999716211202669,3.3349009011947e-11,2
"19918",0.0196044679422588,0.00384865138249565,0.976546880675246,3
"19920",0.000433948904876861,0.00267589386584876,0.996890157229274,3
"19922",0.000809323864128046,0.999190675958801,1.77071573711327e-10,2
"19924",0.714138692857182,0.00900791256924995,0.276853394573568,1
"19926",0.894630424341308,0.105369463171085,1.12487606939821e-07,1
"19928",1.04730229781535e-15,0.999999974433233,2.55667657763297e-08,2
"19930",0.130594844250856,0.00150852898006159,0.867896626769083,3
"19932",0.0100158088123975,0.000594561887007153,0.989389629300595,3
"19934",0.979838586934336,0.0201601837075556,1.22935810823416e-06,1
"19936",0.940880781978141,0.0235210336999547,0.0355981843219049,1
"19938",0.614915647070942,0.385084352913137,1.59215394537673e-11,1
"19940",0.828757606439807,0.0164646772294038,0.154777716330789,1
"19942",2.61384680584464e-09,0.999992211238566,7.78614758739778e-06,2
"19944",0.985848049832068,0.0120867752523836,0.00206517491554832,1
"19946",0.834872021190622,0.0165677744947151,0.148560204314663,1
"19948",3.70274545101772e-09,0.998120954820314,0.0018790414769403,2
"19950",2.0443660258841e-07,0.00297941578566768,0.99702037977773,3
"19952",3.70274545101772e-09,0.998120954820314,0.0018790414769403,2
"19954",0.0341677240726885,0.000656070193519093,0.965176205733792,3
"19956",1.72461383643641e-06,0.773974516285916,0.226023759100248,2
"19958",2.01152332339768e-11,0.999999999979885,1.48072073695021e-18,2
"19962",0.300821716062099,0.689552661354477,0.00962562258342395,2
"19964",0.892429422494784,0.0991453442425562,0.0084252332626597,1
"19966",0.477210455862209,0.522789544137789,2.83180949690131e-15,2
"19969",0.262257283885558,0.0557041581289202,0.682038557985522,3
"19972",0.00199374487316097,0.033903039047078,0.964103216079761,3
"19974",3.30388450306892e-08,0.0035908396837976,0.996409127277357,3
"19976",0.43046531251084,0.013236974696608,0.556297712792552,3
"19978",0.988879516105921,0.00900447005529526,0.00211601383878387,1
"19980",0.000335770888731091,0.00065890771503329,0.999005321396236,3
"19982",0.00725746265777094,0.0607747926699109,0.931967744672318,3
"19984",1.88781786933895e-06,0.0211203207867985,0.978877791395332,3
"19986",0.926952599054174,0.073047400945826,2.41949128443653e-16,1
"19988",0.920056256129294,0.0799437438707059,1.43791272126022e-22,1
"19992",0.95932712505426,0.0406728749457343,5.37353956665153e-15,1
"19994",0.245612639064047,0.00228403761031424,0.752103323325638,3
"19996",0.990765734714459,0.00923426528545908,8.16236703634332e-14,1
"19998",0.00640961973247271,0.993536751355433,5.3628912094193e-05,2
"20000",0.00227634607339595,0.997616810995176,0.000106842931428461,2
"20003",0.948468908827762,0.0149368674652709,0.0365942237069672,1
"20005",0.00199434526180458,0.0307729481821155,0.96723270655608,3
"20007",0.97215181702947,0.0276850258719946,0.000163157098534884,1
"20009",0.102552581133272,0.897447418860039,6.68915280576852e-12,2
"20011",0.0707961344612568,0.0594282668080618,0.869775598730681,3
"20013",0.111169485408096,0.00398025499028728,0.884850259601616,3
"20016",0.321996109284913,0.678003890715084,2.65975404745131e-15,2
"20018",1.81595677048256e-09,0.999999998184043,1.77950651105339e-42,2
"20021",0.986467162021378,0.0135327625714607,7.54071611593015e-08,1
"20023",0.96159362732589,0.0382736672859607,0.000132705388148869,1
"20025",0.00129445011653319,0.998705549883467,2.97409222880767e-25,2
"20027",0.038489461853293,0.065249925842723,0.896260612303984,3
"20029",0.0341264041419033,0.124905019761946,0.840968576096151,3
"20032",0.040952084259368,0.00754430680164817,0.951503608938984,3
"20034",1.15368105749286e-06,0.996710450699128,0.00328839561981441,2
"20036",0.0845018148893451,0.890443384691027,0.0250548004196275,2
"20038",0.976540986233596,0.0234590137663798,2.40677035140473e-14,1
"20040",0.00023676396666275,0.999763236033337,1.71495446603444e-21,2
"20043",0.978485102302378,0.0215148954024697,2.29515239657581e-09,1
"20045",0.539233376207534,0.460766623792466,4.78551171110963e-22,1
"20048",5.41804575174048e-09,0.3220046699466,0.677995324635354,3
"20051",0.888466250284325,0.111270352315102,0.000263397400572866,1
"20053",0.866775558845144,0.133178166927083,4.62742277724878e-05,1
"20055",0.867950391172885,0.132049608826984,1.30455638562286e-13,1
"20057",6.51513876076694e-22,1,1.76939144127548e-27,2
"20059",0.814325582938444,0.185674157737736,2.59323819171476e-07,1
"20061",0.972825699142898,0.0270612752397047,0.000113025617396704,1
"20063",2.79890782271907e-11,0.999999999592591,3.79420371208783e-10,2
"20065",0.00866993843761573,0.991330061562384,4.34995256353407e-29,2
"20067",0.67975750008161,0.320242496866152,3.05223870838369e-09,1
"20069",0.000264645289682373,0.000689645484934132,0.999045709225383,3
"20071",0.177976668965917,0.82202193910115,1.39193293311938e-06,2
"20073",0.00458539730859828,0.0385122895390329,0.956902313152369,3
"20075",5.55067777464732e-10,0.999999999444932,1.12300692818896e-23,2
"20077",0.952342018502573,0.0476435215533376,1.44599440895932e-05,1
"20079",0.0285373875169717,0.971433533774246,2.90787087826705e-05,2
"20081",0.794005461529362,0.205994538330723,1.39914516892173e-10,1
"20083",8.21924991007648e-06,0.999961552526687,3.02282234026813e-05,2
"20085",0.932656219324002,0.0673437806759979,1.0290307766037e-23,1
"20088",0.978408949701474,0.0215910502596295,3.88970400596519e-11,1
"20091",1.41266043476728e-05,0.999985873395652,4.03311270272423e-19,2
"20095",2.05402273573304e-05,0.99989141166691,8.80481057326807e-05,2
"20097",0.892077869064352,0.107922130935647,6.75188337213842e-24,1
"20099",0.031150051569617,0.968846579875621,3.36855476186015e-06,2
"20102",1.45117476326251e-07,0.999999773727064,8.11554597156225e-08,2
"20105",0.962451837737897,0.0375481543634813,7.89862159473418e-09,1
"20107",0.986423045177396,0.0135769539112081,9.11396114974966e-10,1
"20109",0.604379091803644,0.392929699732316,0.00269120846404065,1
"20111",1.8072172777473e-08,0.999999981429523,4.98304129693353e-10,2
"20113",0.842922253906071,0.157077666625307,7.94686224808988e-08,1
"20115",0.0136468719041591,0.902231642774815,0.0841214853210259,2
"20117",1.97562525057613e-08,0.999999980243748,8.35634235086692e-24,2
"20119",0.341132756530526,0.658867243468419,1.05505832184696e-12,2
"20121",0.969706368261966,0.030293631734944,3.0896633550545e-12,1
"20123",1.38750115809137e-05,0.999986124988419,3.97789936078931e-25,2
"20125",0.0210352757573687,0.00376535831657587,0.975199365926055,3
"20127",0.943961742278192,0.0560382577218079,4.51018562857072e-18,1
"20140",0.709925935070197,0.290074064854458,7.53451086187258e-11,1
"20142",7.87541034165848e-07,0.00178406767497342,0.998215144783992,3
"20144",0.0265004262986291,0.900929493945766,0.0725700797556049,2
"20146",0.0160121230743495,0.455514534435964,0.528473342489687,3
"20148",0.684509245316733,0.00866455802263711,0.30682619666063,1
"20150",8.06795769208078e-06,0.001077010909544,0.998914921132764,3
"20152",0.815930450163003,0.0095732077225067,0.174496342114491,1
"20154",0.000138752848193435,0.999861247151807,7.65335658700381e-23,2
"20156",0.342673791866119,0.656046405229695,0.00127980290418565,2
"20159",0.00259297398596689,0.175745873702265,0.821661152311768,3
"20161",3.88008709981447e-05,0.84132919043864,0.158632008690362,2
"20163",0.873161399646453,0.12616355032846,0.000675050025087697,1
"20165",0.00869783674400623,0.974280476392214,0.0170216868637801,2
"20167",0.147392797255068,0.00182824020841226,0.850778962536519,3
"20169",1.28573996611425e-08,0.0148810695276656,0.985118917614935,3
"20171",5.53599698153588e-07,0.999999446400302,1.26168280372038e-25,2
"20173",3.91945003492815e-08,0.999999944832073,1.59734261278914e-08,2
"20175",0.358936079514322,0.011480708196147,0.629583212289531,3
"20177",0.0662992758868743,0.933700655126478,6.89866476823709e-08,2
"20180",0.899202511843445,0.100797488156555,5.98309003482955e-17,1
"20182",7.36193070967467e-20,0.999998050480717,1.94951928324131e-06,2
"20184",0.00104690209179039,0.00331750745306597,0.995635590455144,3
"20187",2.58601614506002e-05,0.999163059336721,0.000811080501828691,2
"20189",0.957643806956955,0.0423431652712879,1.30277717572357e-05,1
"20192",0.000160876387134538,0.999839123612865,1.88918929520757e-18,2
"20194",2.99990790789791e-06,0.872144277924481,0.127852722167611,2
"20196",0.234858334051243,0.765141665948757,1.45315711887277e-20,2
"20198",0.909983804932369,0.0810377492911862,0.00897844577644497,1
"20204",0.000612518289727404,0.00274264623556992,0.996644835474703,3
"20207",0.461468131067715,0.538531868932249,3.58058319222902e-14,2
"20209",0.000489964453344081,0.999510034065032,1.48162440987e-09,2
"20211",0.000185317367272242,0.999814682632728,5.57006922363544e-19,2
"20215",0.95902924556664,0.0409707439402727,1.04930875996813e-08,1
"20218",5.87680200563487e-06,0.000855708860298881,0.999138414337696,3
"20222",0.904234433576932,0.095765566402011,2.10571891427455e-11,1
"20225",0.00479371176783166,0.107384010134027,0.887822278098142,3
"20229",0.175057359031064,0.82494060256206,2.03840687590051e-06,2
"20232",0.931512290154494,0.06848745953253,2.50312976419376e-07,1
"20234",0.000948974885788661,0.999051025114211,1.41020551051504e-35,2
"20238",0.890349289375459,0.109650708790915,1.83362652949458e-09,1
"20253",0.903207280033951,0.0967927199660174,3.16292972160228e-14,1
"20255",0.219457550935653,0.0104210442827214,0.770121404781626,3
"20258",0.989425584043078,0.010574415956809,1.12630361883242e-13,1
"20269",0.9408385787075,0.0591520876985944,9.33359390589615e-06,1
"20271",0.579772350058643,0.420227649941244,1.1232376739031e-13,1
"20285",0.0023875920854188,0.997561068094476,5.13398201054172e-05,2
"20288",0.9717206754164,0.028279297797822,2.67857775110509e-08,1
"20291",0.104892493717664,0.895107506282336,4.43741542670788e-17,2
"20295",0.04222272452372,0.957776812007346,4.6346893384556e-07,2
"20298",0.0320169517697379,0.00260955258303468,0.965373495647227,3
"20302",0.0106210432944458,0.0766712551658225,0.912707701539732,3
"20305",0.0131158411382441,0.00497126179423593,0.98191289706752,3
"20307",0.974236568719364,0.0257634312806232,1.28797564420126e-14,1
"20310",0.197158818117388,0.802841181882612,3.8239964427722e-25,2
"20313",2.53289310264121e-09,0.0206868953506751,0.979313102116432,3
"20315",0.985774248026289,0.0142257519730729,6.37820496965956e-13,1
"20319",0.0599158359508955,0.940084164049104,2.31493204217125e-21,2
"20321",0.854443672212777,0.145556327785396,1.82658428824033e-12,1
"20327",0.973213947703066,0.0267860522962821,6.52276379214024e-13,1
"20329",7.96767571977152e-09,0.950026331010485,0.0499736610218388,2
"20335",0.351409807006285,0.648590192993715,4.35240730333607e-18,2
"20337",0.0018205396391298,0.00710033879570539,0.991079121565165,3
"20339",6.52389806421624e-05,0.999934761019334,2.33765869235751e-14,2
"20341",7.99181054480979e-06,0.999992008189455,4.23532129005534e-17,2
"20343",0.0855114751621001,0.914488524837899,1.15208971234942e-15,2
"20345",0.938303939648251,0.0364617220973006,0.025234338254448,1
"20350",0.00206694766302165,0.997933047979294,4.35768402893281e-09,2
"20352",2.26328006587183e-07,0.00746924259645604,0.992530531075537,3
"20355",0.00125703213257653,0.929858857563663,0.0688841103037607,2
"20358",2.78380158776332e-07,0.501792324212551,0.49820739740729,2
"20363",0.95930535719506,0.040694642715646,8.92941706074051e-11,1
"20365",0.409024068534925,0.590975931463333,1.74158044411529e-12,2
"20379",0.368682322786236,0.44029492818937,0.191022749024394,2
"20387",0.971140536619673,0.0288594632187296,1.6159763138886e-10,1
"20392",0.000118629990444435,0.999881370009556,3.93245367506958e-23,2
"20395",0.700959111813317,0.0109192143558908,0.288121673830792,1
"20397",6.40413310152215e-16,0.969726108298856,0.0302738917011431,2
"20410",0.969788480031806,0.0302115162921462,3.67604788637495e-09,1
"20414",0.0156662985966924,0.0123842043220275,0.97194949708128,3
"20417",2.20948479566474e-10,0.999999999779052,3.78220030183822e-46,2
"20419",0.879833795718073,0.120166204281855,7.2133698977696e-14,1
"20421",0.0141000164636999,0.952489613264962,0.0334103702713379,2
"20423",0.00472791443663009,0.00481539507755466,0.990456690485815,3
"20425",0.0333610450433264,0.0403626310802588,0.926276323876415,3
"20427",0.965848429454706,0.0159253995295216,0.0182261710157728,1
"20429",0.00552899094486462,0.994471009052981,2.15403519981949e-12,2
"20432",9.07450113514565e-05,0.00734925385239426,0.992560001136254,3
"20435",0.901095047590733,0.0988752149757035,2.9737433563104e-05,1
"20438",0.46774227709197,0.532257674348675,4.85593551284187e-08,2
"20440",0.964316545277689,0.0356834547209374,1.37406571046602e-12,1
"20443",3.29778450026429e-05,0.339757003319604,0.660210018835393,3
"20446",0.708314285777123,0.291667521337144,1.81928857325728e-05,1
"20449",0.958367477333589,0.0416316477471086,8.74919302253015e-07,1
"20537",0.134438067923419,0.865561932073705,2.8757740489893e-12,2
"20540",1.110304404666e-05,0.999988896955953,3.11933387480445e-27,2
"20543",0.969931440694055,0.0298689181144053,0.000199641191539845,1
"20545",9.9779344835428e-06,0.999990022065516,9.09845829752756e-21,2
"20549",0.592425621879133,0.0250380039450946,0.382536374175772,1
"20551",0.985648403218426,0.0143041232791929,4.74735023815592e-05,1
"20554",0.991140363695103,0.0088594613431009,1.74961796191356e-07,1
"20556",0.95443675655363,0.0455571953664792,6.04807989103888e-06,1
"20558",0.991268846561789,0.00873115343748172,7.29137986082309e-13,1
"20560",0.97229840312774,0.0273948063806019,0.000306790491658025,1
"20563",0.958843983006941,0.0411560169930593,3.25080223972059e-17,1
"20565",0.955410977895807,0.0445718297823024,1.71923218906845e-05,1
"20567",0.000368422115625626,0.00896784474115106,0.990663733143223,3
"20571",0.122690928513767,0.877309071486231,2.30588550370617e-15,2
"20573",0.97567972739116,0.0242731217184952,4.71508903442967e-05,1
"20575",0.932993051882696,0.067006948117293,1.09449578510157e-14,1
"20577",0.982760502466622,0.0171867243914744,5.27731419037543e-05,1
"20579",3.96168832238927e-11,0.117447148169797,0.882552851790586,3
"20582",0.980812385052791,0.0191876149472094,1.49552145528343e-18,1
"20585",0.202166908114356,0.797833091853267,3.23769700248968e-11,2
"20588",0.000285149223765058,0.9997148507748,1.43520534987411e-12,2
"20590",1.01003791166487e-08,0.00390996585882422,0.996090024040797,3
"20592",0.974871699807338,0.0251283001926594,2.92937680858105e-15,1
"20594",0.959451999344532,0.0405480006554684,1.53597888581456e-19,1
"20596",0.9345742243265,0.065420629525175,5.14614832542984e-06,1
"20598",0.989027729785494,0.0109653153171085,6.95489739732246e-06,1
"20600",0.448524869132986,0.551443538430247,3.15924367672251e-05,2
"20603",0.0554699888448616,0.0594479037415975,0.885082107413541,3
"20605",0.981438371481527,0.0185616285164806,1.99201691863955e-12,1
"20607",0.981646102580898,0.0183538889292887,8.48981374042531e-09,1
"20609",0.992107164858438,0.00789245138213078,3.83759431042463e-07,1
"20611",0.00444241168212685,0.00520404152818106,0.990353546789692,3
"20613",0.982208638998274,0.0175659830297058,0.000225377972020384,1
"20615",0.959384493395294,0.039639377351221,0.000976129253485485,1
"20617",6.35934697360101e-07,0.0154504527140952,0.984548911351207,3
"20619",0.935931495472308,0.0640685045271628,5.29426822170143e-13,1
"20621",0.949413315936856,0.0505851509402372,1.53312290699424e-06,1
"20623",0.00110653192934613,0.313973051804209,0.684920416266445,3
"20625",0.0441173168433941,0.862225002576531,0.093657680580075,2
"20627",0.988529048296018,0.0112863349415699,0.000184616762412285,1
"20629",0.984736994037494,0.0152082474608018,5.47585017038351e-05,1
"20631",0.87639908424208,0.123600915757915,5.05912250234097e-15,1
"20633",3.77937757966552e-11,0.00739184839124286,0.992608151570963,3
"20636",0.14066336040256,0.63049547555388,0.22884116404356,2
"20638",0.349837735852231,0.650158295237611,3.96891015863936e-06,2
"20640",0.722552229363602,0.27744777063633,6.88569855537323e-14,1
"20645",0.947952450782886,0.0520475492171137,2.01842744187481e-21,1
"20647",5.89274171300838e-10,0.0304180691235466,0.969581930287179,3
"20649",0.924523490965179,0.0754764897644883,1.92703325211068e-08,1
"20651",0.0138749983401783,0.986125001659822,1.2569669207389e-19,2
"20656",0.421632752989605,0.578367247010394,3.58869132254391e-16,2
"20660",2.28145111731441e-05,0.999977185488827,9.65348872928438e-19,2
"20662",1.05140979532737e-05,0.433242042061339,0.566747443840708,3
"20664",0.0303988975174958,0.969600830406227,2.72076276832315e-07,2
"20666",0.00490452811261797,0.995091110047008,4.36184037386556e-06,2
"20668",0.00308016650447379,0.00273070288166458,0.994189130613862,3
"20670",0.140734597392838,0.859265402607156,6.15905230650914e-15,2
"20672",0.000399414102545256,0.00140642669091263,0.998194159206542,3
"20674",0.962662954421548,0.0372253868848314,0.000111658693621055,1
"20676",1.16148910713673e-07,0.175583586384011,0.824416297467078,3
"20678",2.47507394153631e-09,0.0264609836460107,0.973539013878915,3
"20680",0.0293006376287288,0.00247685551897698,0.968222506852294,3
"20682",0.534692404504934,0.124537133347404,0.340770462147662,1
"20684",0.168914133710533,0.831085839292244,2.69972225689399e-08,2
"20686",8.22696958665378e-06,0.000574824986133132,0.99941694804428,3
"20688",4.94777349405341e-12,0.230614046027791,0.769385953967261,3
"20690",0.0114830088468462,0.988516991153154,5.04651931595552e-16,2
"20692",4.80557211345216e-13,0.0171892392636483,0.982810760735871,3
"20694",0.0133113678560711,0.00290049154488581,0.983788140599043,3
"20696",0.0805285932157862,0.0389979449097154,0.880473461874498,3
"20698",0.832130328642168,0.167850090324717,1.95810331148579e-05,1
"20700",0.042405338727022,0.95759405892582,6.02347157464275e-07,2
"20702",0.100078396882923,0.899921603117077,1.32463338138619e-22,2
"20704",0.991464347108547,0.00851354554403846,2.21073474147474e-05,1
"20706",0.00519282804266882,0.994550708732669,0.000256463224662327,2
"20708",6.97387350467689e-06,0.061822829927981,0.938170196198514,3
"20710",0.760455350978205,0.239544644122401,4.89939384271019e-09,1
"20714",0.000110891508017294,0.0315234469590109,0.968365661532972,3
"20716",0.978964317779513,0.0210352913747243,3.90845762757259e-07,1
"20719",0.0998476998696951,0.900148131975194,4.1681551108096e-06,2
"20721",0.93727116994946,0.0627288300505397,2.3123491115707e-16,1
"20723",0.00088099611009213,0.999119003506809,3.83098840886342e-10,2
"20725",0.171264725028367,0.00512524030094874,0.823610034670684,3
"20727",6.12241562816606e-10,0.987943441264329,0.0120565581234294,2
"20729",0.00261071037260237,0.00391852062221433,0.993470769005183,3
"20731",0.076709343065039,0.0105252228976856,0.912765434037275,3
"20733",0.969355523036683,0.0306323416835149,1.21352798020803e-05,1
"20735",0.983322314720279,0.0160776058452075,0.000600079434513414,1
"20737",2.02607839346144e-05,0.00418319912315382,0.995796540092912,3
"20739",1.49957837104953e-10,0.00571940618406995,0.994280593665972,3
"20741",0.165664597756662,0.00409802223439192,0.830237380008946,3
"20743",0.279597651398633,0.0864176025256914,0.633984746075676,3
"20745",0.918411107412649,0.0815888925873506,1.99830421694009e-16,1
"20747",0.001972395579972,0.0253790147468728,0.972648589673155,3
"20749",0.00115961486595567,0.0247845581513315,0.974055826982713,3
"20751",0.0461681219744915,0.929384487112717,0.0244473909127916,2
"20753",0.0530375788957741,0.0117404599330252,0.935221961171201,3
"20755",1.9152090644896e-08,0.772477866865274,0.227522113982636,2
"20757",3.98205805693701e-06,0.999824875668047,0.000171142273895861,2
"20759",0.5945712827174,0.405428704787733,1.24948667844035e-08,1
"20761",0.596736920218572,0.00316439642948272,0.400098683351945,1
"20763",0.332105959847984,0.665005549963214,0.00288849018880267,2
"20765",0.089468155870825,0.00130909525400078,0.909222748875174,3
"20767",0.968224882994951,0.0317750804428728,3.65621764190087e-08,1
"20769",0.067049178331933,0.932950821668051,1.62519119754306e-14,2
"20771",0.565103813423766,0.0242592413204031,0.410636945255831,1
"20773",4.627269077825e-07,0.99999147715686,8.06011623242094e-06,2
"20775",0.873778828319105,0.0264332066104777,0.099787965070417,1
"20777",0.0299816512419654,0.970018097724038,2.51033996826605e-07,2
"20779",0.204063592006246,0.00550891365778345,0.79042749433597,3
"20781",3.95551932027179e-17,1,1.83574149421171e-17,2
"20783",0.630989399454262,0.0132709676478809,0.355739632897857,1
"20785",5.20348142025224e-12,0.999910735593159,8.9264401637469e-05,2
"20787",0.00766404831629216,0.00197485397225784,0.99036109771145,3
"20789",0.986054742925571,0.013439595521221,0.00050566155320754,1
"20791",0.000690240820817542,0.00111537885906853,0.998194380320114,3
"20793",0.972427194129683,0.0251559723148617,0.00241683355545562,1
"20795",0.0350337272927072,0.017826209317789,0.947140063389504,3
"20797",4.51110149596892e-15,0.999999971950823,2.80491721411384e-08,2
"20800",0.0386178392194349,0.0394069682219997,0.921975192558565,3
"20802",0.175831144136156,0.00372604448319072,0.820442811380653,3
"20804",0.000280293666109585,0.00571965698425278,0.994000049349638,3
"20806",8.36786424495376e-05,0.0013161134275289,0.998600207930022,3
"20808",0.987527655246112,0.0124708925873465,1.45216654127545e-06,1
"20810",0.0650913119683046,0.226418680728121,0.708490007303574,3
"20812",0.187818805010628,0.0240097450563667,0.788171449933005,3
"20814",3.95545493067381e-08,0.0472017494132646,0.952798211032186,3
"20816",0.00369526708572708,0.996304732914271,1.38093628418559e-15,2
"20818",0.831681602543551,0.0175517331076069,0.150766664348842,1
"20820",1.59445124585109e-10,0.0462495375635068,0.953750462277048,3
"20822",0.154581767157636,0.00100514422277248,0.844413088619591,3
"20824",9.2311980381227e-13,0.999881587298484,0.000118412700592995,2
"20826",5.85440707894768e-07,0.000729052505815081,0.999270362053477,3
"20828",5.41804575174048e-09,0.3220046699466,0.677995324635354,3
"20830",0.00597702274937501,0.0147563642366522,0.979266613013973,3
"20832",0.913399640662787,0.0301909206786915,0.0564094386585219,1
"20834",0.985129257562957,0.0148705827800765,1.59656966219771e-07,1
"20836",0.119828719279585,0.00342891006569932,0.876742370654716,3
"20838",2.33413053125582e-06,0.0699003596758659,0.930097306193603,3
"20840",0.983602514116457,0.0163969128299782,5.73053564435192e-07,1
"20842",0.0338278990894113,0.103378155083673,0.862793945826916,3
"20844",0.000217207194188653,0.978297656709491,0.0214851360963204,2
"20846",0.0439071866654216,0.0185664439506989,0.937526369383879,3
"20848",0.977933197976115,0.00808322138938489,0.0139835806344999,1
"20850",0.969377097431123,0.0305989329599466,2.39696089308343e-05,1
"20852",0.729531094688566,0.270276984573652,0.000191920737782409,1
"20854",3.63358123925423e-05,0.00179252011171973,0.998171144075888,3
"20856",7.59413805859377e-07,0.999999240586194,7.30817640942225e-21,2
"20858",0.966730614557539,0.0332693853827806,5.96807085772156e-11,1
"20860",0.0106144698344649,0.983908839138287,0.00547669102724777,2
"20862",0.818855351951752,0.181144648046819,1.42908501792791e-12,1
"20864",8.59797684146042e-06,0.00218351667617711,0.997807885346981,3
"20866",0.46687603350476,0.53312396649524,2.48969022493254e-26,2
"20868",0.981871657986968,0.018128228849964,1.13163068081623e-07,1
"20870",0.793959553504849,0.0122697736692623,0.193770672825889,1
"20872",0.0576338629641342,0.000901449607250913,0.941464687428615,3
"20874",3.45706075033434e-10,0.00841378575835566,0.991586213895938,3
"20877",0.967599868150853,0.0324001070060592,2.48430877232287e-08,1
"20879",0.977109442220926,0.0228905577776346,1.43983917717455e-12,1
"20881",0.0463786366767878,0.00236772747392847,0.951253635849284,3
"20883",1.51503748646919e-05,0.978681829179993,0.0213030204451426,2
"20885",0.0159729931187871,0.00162041011332036,0.982406596767893,3
"20887",0.978678099662698,0.0213207719695317,1.12836777011835e-06,1
"20889",0.757498241331387,0.025484071461551,0.217017687207062,1
"20891",0.980251815484191,0.0197481845134472,2.36204160843895e-12,1
"20896",0.836013340224983,0.163986591302331,6.8472686203262e-08,1
"20898",0.326763311205355,0.00380398481665915,0.669432703977986,3
"20900",8.97859838492775e-14,0.999999999159705,8.40205162110455e-10,2
"20902",0.116538961292886,0.883461038630618,7.64955412622719e-11,2
"20904",0.00616861695223543,0.903592226422285,0.0902391566254796,2
"20906",0.890246943569984,0.10975305631656,1.13456199849204e-10,1
"20908",0.297150632312262,0.0251960519731599,0.677653315714578,3
"20910",0.0265414489926502,0.598001709536575,0.375456841470775,2
"20912",9.79704902244175e-16,0.999999999999999,4.08162255801818e-20,2
"20914",0.876345014257327,0.123654985742673,4.66786504693745e-24,1
"20968",2.40903202529093e-10,0.999955267995483,4.47317636138903e-05,2
"20970",0.968961875693949,0.0310371772229614,9.47083089574327e-07,1
"20981",0.715777110754804,0.284222277940289,6.11304907526117e-07,1
"20983",3.30822046566878e-08,0.0171019856487679,0.982897981269027,3
"20988",0.98516664173448,0.014833357535182,7.30338460093253e-10,1
"20995",9.21529023738032e-07,0.999999078462226,8.75060570360245e-12,2
"21017",0.76692314110237,0.0160443048447783,0.217032554052852,1
"21038",0.939770797447734,0.0602292023871746,1.6509153512913e-10,1
"21072",0.914808947094193,0.0851910502744985,2.63130900987138e-09,1
"21075",0.787900704087457,0.212099295912521,2.22647984909601e-14,1
"21223",0.962603370196514,0.0115885603495264,0.0258080694539595,1
"21225",9.700228461287e-13,0.99999999999903,1.02268939718164e-34,2
"21230",3.00817300311114e-09,0.00106738796760798,0.998932609024219,3
"21236",0.786350196053841,0.0203890758752854,0.193260728070873,1
"21238",0.122519872142644,0.877480096534432,3.13229238016158e-08,2
"21241",0.663094372099633,0.336905627898957,1.40991437852711e-12,1
"21246",0.980176632851423,0.0197966023980259,2.67647505512632e-05,1
"21253",1.74359420384362e-05,0.000546448263429509,0.999436115794532,3
"21256",0.0661031301353502,0.0296242383018054,0.904272631562844,3
"21260",9.02676239104589e-06,0.999990973237609,1.52271975115456e-23,2
"21266",0.980990734097181,0.0190091078876825,1.58015136471405e-07,1
"21332",0.982138957152295,0.0178569833800442,4.05946766103671e-06,1
"21334",0.729287967607546,0.0141323131271185,0.256579719265335,1
"21375",0.783357852678598,0.216642147321401,1.39509982110528e-16,1
"21378",0.486248627178177,0.513751372821823,2.64301005013086e-23,2
"21381",0.567317230706409,0.432682769293588,3.81002935787055e-15,1
"21389",0.00829550607346979,0.0072810057584331,0.984423488168097,3
"21391",0.0531339333107218,0.946821177002875,4.48896864029974e-05,2
"21402",0.922772450280395,0.077227287755312,2.6196429310246e-07,1
"21404",0.606820628738095,0.393179371232978,2.89262304822148e-11,1
"21409",0.957098815327905,0.0429011846371761,3.49190307235837e-11,1
"21413",0.745073476513738,0.254925601061294,9.22424967955367e-07,1
"21423",0.00585710028811273,0.994142899711887,8.13398141744826e-20,2
"21425",0.714814730891332,0.285185268975766,1.32902212207439e-10,1
"21430",0.00406204210103364,0.995937941902858,1.59961080505727e-08,2
"21432",0.989574995610238,0.0103244655392706,0.00010053885049188,1
"21438",2.11618108761413e-05,0.999978838189123,1.03650567680432e-15,2
"21440",0.957183107679007,0.0428161520433756,7.40277617374377e-07,1
"21443",0.0336922980755949,0.00104266232361375,0.965265039600791,3
"21445",9.00334783584009e-06,0.999990996652164,7.32996316367743e-16,2
"21447",0.921072976463115,0.0789270235368842,8.24629485120807e-16,1
"21449",0.911656455183218,0.0883435448107795,6.00244820052245e-12,1
"21451",0.911656455183218,0.0883435448107795,6.00244820052245e-12,1
"21455",0.977038917797937,0.0229610817882804,4.13782832263845e-10,1
"21469",0.0955386155833671,0.904461384416633,1.9050500706376e-28,2
"21471",0.849409837860357,0.150590162139643,3.10148063811195e-17,1
"21473",0.084461228247445,0.141380017906068,0.774158753846487,3
"21476",0.958637139941377,0.0403832066073664,0.000979653451256754,1
"21478",0.00184783475478394,0.93130452230367,0.066847642941546,2
"21481",0.0488510788391063,0.0106989058978488,0.940450015263045,3
"21490",0.899375416664988,0.100624583175334,1.59677623001883e-10,1
"21493",0.00413539597345877,0.995864604026541,1.97357526835005e-25,2
"21495",0.991718359330515,0.00815915286068079,0.000122487808804713,1
"21500",0.969142918195728,0.030856947382124,1.34422147676884e-07,1
"21504",0.538968928124023,0.461025617222082,5.45465389474412e-06,1
"21507",0.935342752437902,0.0646572475620985,4.06356451526393e-17,1
"21512",0.967860456665757,0.0321395431097478,2.24494770896988e-10,1
"21519",0.835787916355442,0.106468308269491,0.0577437753750666,1
"21522",6.41076642519099e-05,0.999935892201572,1.34175993898007e-10,2
"21524",0.932196826255947,0.067802539987044,6.33757008857377e-07,1
"21528",0.979112968975693,0.0208870310190964,5.21029097687191e-12,1
"21532",0.955205286433299,0.0447933076946281,1.40587207245085e-06,1
"21543",0.822744768180425,0.177254049349067,1.18247050851454e-06,1
"21546",0.979356491944138,0.0206125728721491,3.09351837133387e-05,1
"21550",0.985450458420053,0.0145495415799469,4.14049130030809e-16,1
"21554",0.973034823052522,0.0269651769473777,9.99799960096208e-14,1
"21557",0.157767736339404,0.746010385881134,0.0962218777794618,2
"21560",0.793601078657414,0.206398921342586,1.39191580176586e-18,1
"21564",0.930466850150186,0.0112459488944147,0.0582872009553995,1
"21566",0.978470177564566,0.0215298218193426,6.16091059496402e-10,1
"21569",0.966479624460048,0.0335115208417013,8.85469825102583e-06,1
"21574",0.00291266149338868,0.00675389722633058,0.990333441280281,3
"21576",0.129132799010767,0.00210162157385411,0.868765579415379,3
"21578",0.00481015821566177,0.00161359181966089,0.993576249964677,3
"21580",0.37151565609748,0.00939774617318506,0.619086597729335,3
"21583",0.946255103767288,0.0537448962327097,2.51432494517863e-15,1
"21585",4.73770263013745e-09,0.17448077251864,0.825519222743657,3
"21587",0.0534083900292883,0.00370749114573456,0.942884118824977,3
"21589",0.0292548023853007,0.254619667941449,0.71612552967325,3
"21593",2.40195946534405e-21,1,5.40810956064191e-16,2
"21595",4.8533025330672e-06,0.999989290469239,5.85622822809363e-06,2
"21597",0.882755687801906,0.0880683548128277,0.0291759573852656,1
"21599",1.10934451851081e-05,0.0137895576619098,0.986199348892905,3
"21601",0.00220478280346305,0.997795171879491,4.53170456683069e-08,2
"21603",7.44403011238455e-07,0.01846779407343,0.981531461523559,3
"21605",0.000658491016486408,0.000851325833678658,0.998490183149835,3
"21607",0.831900885982219,0.0585206482074803,0.109578465810301,1
"21610",0.841814694829261,0.154793089985848,0.00339221518489082,1
"21612",0.0244263422073445,0.00224196684484942,0.973331690947806,3
"21614",0.982294771686524,0.017504159808305,0.000201068505171466,1
"21616",0.970314364007978,0.016926639463725,0.0127589965282976,1
"21618",0.355968382731409,0.644031617268542,4.91452081759182e-14,2
"21620",0.00800921867409635,0.00420483494946235,0.987785946376441,3
"21622",0.0994891177927884,0.900510882207211,1.03088143412474e-15,2
"21624",0.0877899411375972,0.911927233140474,0.000282825721928901,2
"21626",0.854598145890324,0.0896404088534058,0.0557614452562705,1
"21628",0.990833742392409,0.00916591670076419,3.40906827091972e-07,1
"21630",0.315787465200281,0.09397213536089,0.590240399438829,3
"21632",0.686218996743511,0.312795814380241,0.000985188876248492,1
"21634",0.977056000039594,0.0227815893140397,0.000162410646366801,1
"21636",0.176726302059427,0.0110506317907748,0.812223066149798,3
"21638",0.000248804803898905,0.010651580274934,0.989099614921167,3
"21640",0.971726189662349,0.0256979489259918,0.00257586141165981,1
"21642",0.000596304716187291,0.0054304016705931,0.99397329361322,3
"21644",1.5601543602639e-09,0.999999010810878,9.87628967265126e-07,2
"21647",0.0421240073661148,0.0148968359675653,0.94297915666632,3
"21649",0.219928705908074,0.00589669164964025,0.774174602442286,3
"21651",0.356088264958168,0.197244204443748,0.446667530598085,3
"21653",0.00014006903368389,0.999859809029573,1.21936743095179e-07,2
"21655",1.82351669645462e-06,0.00198849328025193,0.998009683203052,3
"21657",0.0751057151553119,0.0017197320990123,0.923174552745676,3
"21659",1.18933812726272e-11,0.998200393790003,0.00179960619810359,2
"21661",0.0297977254495672,0.00230483526863979,0.967897439281793,3
"21663",0.0011805803379039,0.0359644753919814,0.962854944270115,3
"21665",0.0270091763667994,0.0516164180437689,0.921374405589432,3
"21667",0.993711293945761,0.00622918707399229,5.95189802463997e-05,1
"21670",0.984693611783085,0.0152115280031605,9.48602137548029e-05,1
"21672",0.678223391949106,0.0157592851229516,0.306017322927943,1
"21674",0.981084464230927,0.018915535769029,4.37541727534522e-14,1
"21676",0.974094633165412,0.0259052141890999,1.52645488161189e-07,1
"21678",3.52925063294727e-07,0.99999964707493,7.0041215635399e-15,2
"21680",0.0464456927038637,0.0123867806126873,0.941167526683449,3
"21685",0.983660551870774,0.0162793786477074,6.00694815183014e-05,1
"21687",0.0338891192358882,0.96610769487001,3.18589410184869e-06,2
"21690",0.0632885177873412,0.00599385777409027,0.930717624438569,3
"21707",0.978454150388451,0.0215458496112747,2.74536555127103e-13,1
"21710",0.0153636607726227,0.984636339227377,4.72855912126205e-16,2
"21713",0.947266662614314,0.0527333339020623,3.48362334663429e-09,1
"21718",0.731257705872774,0.268742293961153,1.66073936436688e-10,1
"21721",1.35938065240053e-10,0.999999999863982,7.93887174486403e-14,2
"21723",0.882412283445072,0.117587716554928,2.18499028264808e-18,1
"21726",0.949912887107676,0.0500871128922942,2.97004362687834e-14,1
"21729",0.000419160035879493,0.995641948315901,0.00393889164821903,2
"21733",4.33793409424614e-05,0.00708006947382057,0.992876551185237,3
"21735",0.000146906961012024,0.999853093038941,4.71328462190312e-14,2
"21739",0.98933606435513,0.010660878766745,3.05687812470571e-06,1
"21741",0.991461040443274,0.00853862019686206,3.39359864307171e-07,1
"21744",0.0487012370913123,0.951298297372287,4.65536400661882e-07,2
"21746",0.961152109490901,0.0388478905090992,1.1008186201984e-17,1
"21748",0.96437552928093,0.0356244695096381,1.20943207965748e-09,1
"21750",0.0399751674370904,0.0021784794931419,0.957846353069768,3
"21752",0.969496697527966,0.0304989494899773,4.35298205690106e-06,1
"21755",0.971991842403097,0.020788647333872,0.00721951026303124,1
"21757",0.616337884899002,0.383092342393875,0.000569772707122648,1
"21760",9.21529023738032e-07,0.999999078462226,8.75060570360245e-12,2
"21762",0.00659582886547621,0.993404171134524,3.96382145038131e-21,2
"21764",3.57559648838728e-08,0.00347483284182545,0.99652513140221,3
"21766",0.964860085453623,0.0351399145463771,1.78542115718389e-16,1
"21768",0.969290789883579,0.0247730857179753,0.00593612439844567,1
"21770",0.960041477195834,0.0375816114701314,0.0023769113340343,1
"21773",0.876206148042663,0.123793851957337,4.0677413565774e-23,1
"21775",0.0833343404838626,0.845218983159476,0.0714466763566611,2
"21777",0.0209144342885802,0.00224374414160094,0.976841821569819,3
"21779",0.962725387798474,0.0370733656147735,0.000201246586752438,1
"21781",0.93314315409889,0.0668465562397134,1.02896613963008e-05,1
"21784",0.976548045519317,0.0234519544790669,1.61616990376436e-12,1
"21786",0.867295567380409,0.132558919974078,0.000145512645512979,1
"21789",0.974063920318494,0.025007453753592,0.000928625927913611,1
"21791",0.963105179637273,0.0368948202251966,1.37530831881667e-10,1
"21794",0.906158325223912,0.093802653899442,3.9020876645704e-05,1
"21797",0.013221186260249,0.986778806784452,6.9552989335366e-09,2
"21800",0.00289307889607241,0.997106921103928,1.70828306751472e-21,2
"21802",0.904428691614148,0.0955712613581035,4.70277490854292e-08,1
"21804",2.68255576024740e-11,0.999999999973174,1.1424056669843e-16,2
"21806",7.45359247867565e-06,0.999992546403142,4.37900542414014e-12,2
"21808",8.43607290181372e-06,0.999991450920504,1.13006593866699e-07,2
"21811",0.0691399158083413,0.930860084190129,1.52967224066e-12,2
"21815",0.946993878459402,0.0530061212819435,2.58654769914117e-10,1
"21817",5.13918704932036e-08,0.999999948608128,1.53304168182638e-15,2
"21820",0.271069293642502,0.72893070624073,1.16767889792771e-10,2
"21822",0.642911393556617,0.136753299163561,0.220335307279822,1
"21824",0.0219531134028937,0.0974897778471892,0.880557108749917,3
"21826",0.978930572914646,0.0210694270853189,3.53309727139353e-14,1
"21828",0.334558194141215,0.665328517921213,0.000113287937571622,2
"21830",0.325757511226903,0.00835105594287226,0.665891432830225,3
"21833",0.934291100100681,0.0473147342399805,0.0183941656593391,1
"21835",0.934291100100681,0.0473147342399805,0.0183941656593391,1
"21838",0.576002150580151,0.423997849419841,7.38962232345968e-15,1
"21840",0.90110237387529,0.0988976261247095,1.7524355240588e-17,1
"21842",0.00449244004350332,0.995507559956497,6.20672044815219e-18,2
"21844",0.321547376941892,0.673569466082716,0.00488315697539192,2
"21847",0.985912091613843,0.0140877706013447,1.37784812724422e-07,1
"21849",0.593087887182978,0.406897581039521,1.45317775009779e-05,1
"21852",0.958791245413933,0.0412087545387747,4.72924625459921e-11,1
"21854",4.38143823216301e-06,0.00102949191322971,0.998966126648538,3
"21857",0.987033806477443,0.0129661935207234,1.8333844558351e-12,1
"21859",0.468199712272409,0.00935088186110435,0.522449405866486,3
"21863",1.96977579939707e-08,0.0195805064828212,0.980419473819421,3
