"","V1","V2","V3","best$classification"
"19812",0.308060820191295,0.683546875782612,0.00839230402609339,2
"19814",0.0128442474866635,0.986988626951984,0.000167125561352148,2
"19816",0.987111750652762,0.0128566607981407,3.15885490971081e-05,1
"19818",0.0954969654463909,0.904296458609653,0.000206575943956454,2
"19820",0.999774758812626,8.12776200102117e-06,0.000217113425373554,1
"19822",0.939027951324865,0.000192615246751952,0.0607794334283825,1
"19824",0.984407291993056,0.0153715972222438,0.00022111078470045,1
"19826",0.184574816787919,0.815247765667942,0.000177417544139834,2
"19828",0.997351108481224,0.00190256298490839,0.000746328533867924,1
"19830",0.00461304214763108,0.99138164017044,0.00400531768192917,2
"19832",0.340342373619261,0.0710413387813044,0.588616287599434,3
"19834",0.919693503344621,0.061361285194269,0.01894521146111,1
"19836",0.723369922152192,0.275581248054206,0.00104882979360216,1
"19838",0.00105065768927199,0.998282776242607,0.000666566068120516,2
"19840",0.909407363878944,0.0904211506871282,0.000171485433927323,1
"19842",0.000949941733903881,0.999019528143656,3.05301224402635e-05,2
"19844",0.0110966781465405,0.988723520962626,0.000179800890833524,2
"19846",5.40465103246124e-05,0.999944685961841,1.26752783437383e-06,2
"19848",0.000112856733294753,0.999881853233017,5.29003368822406e-06,2
"19850",0.000765097784346815,0.999212967610738,2.19346049152451e-05,2
"19852",0.790622417979726,0.208722668930805,0.000654913089468972,1
"19854",0.000200051512669896,0.999781287538569,1.86609487610578e-05,2
"19856",0.010388228935835,0.989276560605786,0.00033521045837931,2
"19858",0.33047166441289,0.665229140988217,0.00429919459889328,2
"19860",0.697873175105413,0.301452709526261,0.000674115368325568,1
"19862",5.33039589863683e-05,0.999944388394489,2.30764652403353e-06,2
"19864",0.24425953448422,0.753642654895393,0.00209781062038694,2
"19866",0.992392842625111,0.0075218787752036,8.52785996858556e-05,1
"19868",0.000125111040165653,0.00123900446704869,0.998635884492786,3
"19870",0.00194434234172549,0.998032641718898,2.30159393762179e-05,2
"19873",0.0852384949029027,0.914694139571014,6.73655260837992e-05,2
"19875",0.997146696041944,0.00197903800841024,0.000874265949646151,1
"19877",0.0203465668376399,0.979442172497304,0.000211260665056384,2
"19879",0.422112620439103,0.574904897216563,0.00298248234433353,2
"19881",0.0353554408157214,0.964569782477557,7.47767067213212e-05,2
"19883",0.0256756584869017,0.974302424691469,2.19168216297945e-05,2
"19899",0.750423187102911,0.232088717593662,0.017488095303427,1
"19908",0.598791038837968,0.217649628368791,0.183559332793241,1
"19910",0.568598489239531,0.431100809447813,0.000300701312655285,1
"19912",0.000337359172835352,0.99964988458363,1.2756243534077e-05,2
"19914",0.453358254626793,0.533002075276914,0.0136396700962935,2
"19916",0.986505345474556,0.0131324217908237,0.000362232734620566,1
"19918",0.00106798978673885,0.998930300976585,1.70923667621282e-06,2
"19920",0.000291032513310531,0.999705262228106,3.70525858397154e-06,2
"19922",0.0692915149202001,0.16335599735023,0.76735248772957,3
"19924",0.0222446479591218,0.977695696950441,5.96550904368136e-05,2
"19926",0.887188265770558,0.0825010660722615,0.0303106681571804,1
"19928",0.00867808137006408,0.990253940227619,0.00106797840231687,2
"19930",0.00916628475821444,0.990689145738264,0.00014456950352163,2
"19932",0.000531641869853524,0.999397287826489,7.10703036571291e-05,2
"19934",0.966355562709099,0.0298515220313059,0.00379291525959503,1
"19936",0.0871347469377172,0.908562347787562,0.00430290527472092,2
"19938",0.992781994648998,0.00230642180966401,0.0049115835413377,1
"19940",0.180595049849522,0.819345318241777,5.96319087008838e-05,2
"19942",0.0365053088049099,0.963249327200402,0.000245363994688242,2
"19944",0.87637067400893,0.123371924675712,0.00025740131535788,1
"19946",0.159651901796956,0.840065162267856,0.000282935935187859,2
"19948",0.0112827515351055,0.988689929277193,2.73191877013233e-05,2
"19950",0.000166716763453388,0.999789331483422,4.39517531249408e-05,2
"19952",0.0112827515351055,0.988689929277193,2.73191877013233e-05,2
"19954",0.00176040318552974,0.998199968331675,3.96284827947789e-05,2
"19956",0.000120726550829235,0.999319942681881,0.000559330767290029,2
"19958",0.00113492874390122,0.019297335927724,0.979567735328375,3
"19962",0.180049697752152,0.816166640599023,0.00378366164882503,2
"19964",0.0649154117826858,0.935007647052027,7.69411652876516e-05,2
"19966",0.999298236406697,0.000482453678424734,0.000219309914878683,1
"19969",0.00620601821059477,0.993751417952882,4.25638365232723e-05,2
"19972",0.001565513798464,0.998425505117008,8.98108452836817e-06,2
"19974",1.51989067763518e-05,0.999984345186044,4.55907179689624e-07,2
"19976",0.029414256713865,0.970511282591515,7.44606946198689e-05,2
"19978",0.764894799702234,0.235066436151232,3.87641465336908e-05,1
"19980",7.91937965340477e-05,0.999911644295075,9.16190839094756e-06,2
"19982",0.00147803419985214,0.998302342052561,0.000219623747587183,2
"19984",0.00335865046232989,0.99658501861439,5.63309232801316e-05,2
"19986",0.999168776504454,2.10315277299125e-05,0.00081019196781628,1
"19988",0.998661267533759,4.39879900792695e-06,0.00133433366723299,1
"19992",0.998504522036569,5.03229108974771e-05,0.00144515505253367,1
"19994",0.0168335728604192,0.982602153826192,0.000564273313388378,2
"19996",0.999704419871819,7.09358253250102e-05,0.000224644302856298,1
"19998",0.127982914619968,0.871267210603396,0.000749874776635163,2
"20000",0.00154205312919212,0.945703634973549,0.052754311897259,2
"20003",0.119757975938924,0.877115467791101,0.00312655626997536,2
"20005",5.69869968313664e-05,0.999941148450646,1.86455252209655e-06,2
"20007",0.779337301267657,0.21488557870211,0.00577712003023298,1
"20009",0.992338627517294,0.00611341968067901,0.00154795280202687,1
"20011",0.0116305257028676,0.988334111446282,3.53628508509104e-05,2
"20013",0.00251191689907968,0.997401330565027,8.67525358932446e-05,2
"20016",0.991325355639351,0.000264765317045218,0.00840987904360351,1
"20018",0.0299458358714105,1.18707290450977e-06,0.970052977055685,3
"20021",0.994479144496945,0.00470001089456924,0.000820844608486283,1
"20023",0.950148324050988,0.0471465901562408,0.0027050857927708,1
"20025",0.637391545610908,0.000146789658299268,0.362461664730792,1
"20027",0.00327334364345692,0.996657144314851,6.9512041692713e-05,2
"20029",0.000248317660180052,0.999750308138975,1.37420084552486e-06,2
"20032",0.00322014025725123,0.99664436401466,0.000135495728089325,2
"20034",0.0279367523910583,0.97197682675778,8.64208511621854e-05,2
"20036",0.0572742271536715,0.939810959008874,0.00291481383745462,2
"20038",0.991256301918601,0.000203917117026586,0.00853978096437224,1
"20040",0.981898681075504,0.000211389496521257,0.0178899294279751,1
"20043",0.996204934348663,0.00220829937483608,0.00158676627650082,1
"20045",0.98877972075335,1.11276034828068e-05,0.0112091516431672,1
"20048",0.000551749259544089,0.999228796504678,0.000219454235777848,2
"20051",0.468103571766476,0.501639231813668,0.030257196419856,2
"20053",0.97400869430005,0.0257300713920087,0.000261234307941683,1
"20055",0.878072373970824,0.00861133353785641,0.11331629249132,1
"20057",1.67995942473531e-05,0.0040680433071987,0.995915157098554,3
"20059",0.979727654517232,0.0157592241701167,0.00451312131265113,1
"20061",0.916430952251684,0.0826277016781597,0.000941346070156037,1
"20063",0.698607296218674,0.260224070276798,0.0411686335045275,1
"20065",0.25254940898595,1.12885157744534e-05,0.747439302498276,3
"20067",0.981009122976995,0.0018996840124413,0.0170911930105639,1
"20069",0.000122433729398853,0.999860431669901,1.71346007003231e-05,2
"20071",0.561469193028238,0.42742584888871,0.0111049580830522,1
"20073",0.00356466094717071,0.996425465535547,9.87351728207958e-06,2
"20075",9.3193047344174e-05,0.000576961223393687,0.999329845729262,3
"20077",0.974931086541825,0.024751478542679,0.00031743491549633,1
"20079",0.321157228395151,0.67363769803002,0.00520507357482828,2
"20081",0.86781706561195,0.00475642995773497,0.127426504430315,1
"20083",0.0494179824467409,0.940684645826598,0.00989737172666104,2
"20085",0.995345122906281,4.19867830010212e-06,0.00465067841541924,1
"20088",0.997698293284238,0.000445244044033114,0.00185646267172907,1
"20091",0.00803439714263878,0.000389483298057807,0.991576119559303,3
"20095",0.24932264701463,0.748758028961158,0.0019193240242127,2
"20097",0.984485036670472,5.86715153092019e-06,0.0155090961779973,1
"20099",0.955417550839141,0.0445644935194883,1.7955641370701e-05,1
"20102",0.0310256046922803,0.345385241564943,0.623589153742776,3
"20105",0.983596714446312,0.0155674692986145,0.000835816255073329,1
"20107",0.998934005601108,0.000729786128039886,0.000336208270851929,1
"20109",0.706708305467175,0.293215596382422,7.60981504028385e-05,1
"20111",0.000799396624664469,0.556224761420567,0.442975841954768,2
"20113",0.988370083628423,0.0111035504186064,0.000526365952970905,1
"20115",0.00111507546695158,0.997667572744478,0.00121735178857082,2
"20117",0.339096345887084,0.00979230650847383,0.651111347604443,3
"20119",0.999354623462593,0.000527718222802808,0.000117658314603885,1
"20121",0.999107296309569,0.000104997973277127,0.000787705717153989,1
"20123",0.00544691567348607,4.88246508444475e-05,0.99450425967567,3
"20125",0.000792042312559916,0.999121626174287,8.63315131531249e-05,2
"20127",0.999147651547447,0.000123499514366595,0.000728848938186963,1
"20140",0.601857338554514,0.0368493429275675,0.361293318517919,1
"20142",0.000152030955180128,0.999794485997601,5.34830472185751e-05,2
"20144",0.00096555679237366,0.980804460654363,0.0182299825532637,2
"20146",0.0135193844089299,0.980721387861414,0.0057592277296565,2
"20148",0.0604221192813731,0.938588884157658,0.000988996560969025,2
"20150",1.84031048829485e-05,0.999980589238421,1.00765669559927e-06,2
"20152",0.181479561884396,0.817347646070307,0.00117279204529713,2
"20154",0.0679327043892351,0.00014395333187973,0.931923342278885,3
"20156",0.686148907806112,0.292646542150756,0.0212045500431323,1
"20159",0.000139926892322164,0.999825475101172,3.45980065054251e-05,2
"20161",0.0115200555336423,0.98727389455535,0.00120604991100731,2
"20163",0.309665278566307,0.682325418805258,0.00800930262843545,2
"20165",0.308713935086051,0.689690383101881,0.00159568181206775,2
"20167",0.0146715827677959,0.985283211185795,4.52060464089793e-05,2
"20169",0.000293754361635898,0.999588452496255,0.000117793142109103,2
"20171",0.0192704859398482,2.7779781345121e-05,0.980701734278807,3
"20173",0.537606129958459,0.462024440531249,0.000369429510291815,1
"20175",0.0060522626775058,0.993857648028498,9.00892939957634e-05,2
"20177",0.958016569333137,0.0419290297526387,5.44009142244505e-05,1
"20180",0.996604386978616,3.47578415274813e-05,0.00336085517985666,1
"20182",2.75464264046441e-05,0.996737964187034,0.00323448938656158,2
"20184",0.00168397570032166,0.998274097125538,4.19271741407423e-05,2
"20187",0.26895515007849,0.73094018832148,0.000104661600029224,2
"20189",0.951269158111762,0.0487020861409378,2.87557473000387e-05,1
"20192",0.871843817404926,0.0102298855717766,0.117926297023298,1
"20194",0.000850158432222517,0.999123096087758,2.67454800193325e-05,2
"20196",0.849188106217896,0.000246271425688883,0.150565622356415,1
"20198",0.533637473994003,0.453988163693283,0.0123743623127145,1
"20204",0.000150034532852688,0.999810622680305,3.93427868425561e-05,2
"20207",0.903531752191599,0.000977862654177743,0.0954903851542231,1
"20209",0.0115287339354921,0.755688147704856,0.232783118359652,2
"20211",0.00415305056325641,9.38435338501842e-05,0.995753105902893,3
"20215",0.981038800254577,0.0166948140789685,0.0022663856664543,1
"20218",0.000122452840045915,0.999850950542237,2.65966177165599e-05,2
"20222",0.917200011282751,0.0107538256288583,0.0720461630883904,1
"20225",0.000959765618181359,0.997544111790152,0.00149612259166668,2
"20229",0.144983888462668,0.619646721789945,0.235369389747386,2
"20232",0.933804714241849,0.0407855350180285,0.0254097507401225,1
"20234",0.895066262874854,6.04359696007555e-06,0.104927693528186,1
"20238",0.995997616642839,0.0013326608242067,0.00266972253295384,1
"20253",0.99784033145085,0.000579998010146536,0.00157967053900385,1
"20255",0.00476219419052263,0.991940178780024,0.00329762702945357,2
"20258",0.999560112911486,0.000280929582220663,0.000158957506293272,1
"20269",0.842097091871833,0.157640248017389,0.000262660110777611,1
"20271",0.998764771403249,0.00118172203598306,5.35065607675052e-05,1
"20285",0.0794964926083193,0.920231256483479,0.000272250908202041,2
"20288",0.973275217444431,0.0227155541147269,0.0040092284408424,1
"20291",0.790051976412438,0.000605237846181942,0.20934278574138,1
"20295",0.677984366448611,0.321652390871368,0.000363242680021008,1
"20298",0.000301349571768679,0.999670411040552,2.82393876793233e-05,2
"20302",0.00237149167401313,0.997608177844255,2.03304817315884e-05,2
"20305",0.000283734200276702,0.999701989700597,1.42760991258835e-05,2
"20307",0.999050480324204,5.39631829345714e-05,0.000895556492861294,1
"20310",0.996422740843969,1.0325170883232e-05,0.00356693398514824,1
"20313",4.5330225374321e-05,0.999948535745245,6.13402938044232e-06,2
"20315",0.998748492711521,0.000999128524389121,0.000252378764089724,1
"20319",0.490815358707875,0.000304371855574491,0.508880269436551,3
"20321",0.999217221152726,0.000554397013442303,0.000228381833831429,1
"20327",0.999730721089902,0.000236489382054935,3.27895280432996e-05,1
"20329",0.00241000216761509,0.997584447998076,5.54983430841415e-06,2
"20335",0.888441128466981,9.85705851701563e-05,0.111460300947849,1
"20337",0.000179964142762689,0.999789601356576,3.04345006607773e-05,2
"20339",0.0244114213283739,0.0104610877634464,0.96512749090818,3
"20341",0.0532540663643253,0.000702007427448136,0.946043926208227,3
"20343",0.985584866677233,0.000350013917273668,0.0140651194054937,1
"20345",0.059321163417774,0.94011343350872,0.000565403073505746,2
"20350",0.460198964910915,0.286408307413987,0.253392727675098,1
"20352",0.000657668400376916,0.999261226467826,8.11051317971688e-05,2
"20355",0.027934602077272,0.970196528199829,0.00186886972289884,2
"20358",0.000405357386385771,0.999592747545181,1.89506843346922e-06,2
"20363",0.998763908974405,0.00102510677114444,0.000210984254450628,1
"20365",0.561285439236318,0.0102654377648408,0.428449122998841,1
"20379",0.00310494356960954,0.994422086092726,0.00247297033766403,2
"20387",0.997085959369493,0.000593976926679854,0.00232006370382768,1
"20392",0.00914274227826297,3.42918119813216e-05,0.990822965909756,3
"20395",0.0879995346270359,0.910306297033443,0.00169416833952107,2
"20397",0.000266160168518328,0.999722447047205,1.13927842764887e-05,2
"20410",0.996255926849794,0.00285321584898314,0.000890857301222528,1
"20414",0.00202283214625363,0.997956001524276,2.1166329470679e-05,2
"20417",0.171036384412594,6.79107005619423e-06,0.82895682451735,3
"20419",0.999760518068021,0.00023142516622368,8.05676575487056e-06,1
"20421",0.0114276839278643,0.961468517186329,0.0271037988858067,2
"20423",0.000811972272065055,0.998910960525635,0.00027706720230016,2
"20425",0.00233255636726463,0.996468315505634,0.00119912812710165,2
"20427",0.20338884008661,0.796343157975469,0.000268001937921329,2
"20429",0.991877645037043,0.00188281409092618,0.006239540872031,1
"20432",0.000231367808806953,0.999765904613602,2.7275775912785e-06,2
"20435",0.921654740686732,0.0504316767707281,0.0279135825425395,1
"20438",0.996365598837885,0.00356967713643568,6.47240256787032e-05,1
"20440",0.998780787373057,0.00114095918175992,7.82534451828634e-05,1
"20443",0.0151505220348779,0.982417994672931,0.00243148329219064,2
"20446",0.583352748361383,0.414255408905563,0.00239184273305323,1
"20449",0.925599225751239,0.0563453630156849,0.0180554112330767,1
"20537",0.759904200039205,0.0123845083631534,0.227711291597641,1
"20540",0.0262168870259332,2.80294895823066e-05,0.973755083484484,3
"20543",0.365298031284553,0.632856121876191,0.00184584683925546,2
"20545",0.00420827596499419,0.000109358635457895,0.995682365399548,3
"20549",0.123282025731118,0.867334661886456,0.00938331238242633,2
"20551",0.979414927148827,0.0178364169494471,0.00274865590172594,1
"20554",0.993637587845421,0.00612049443592467,0.000241917718654221,1
"20556",0.428493517071402,0.371154383424555,0.200352099504043,1
"20558",0.99943945966112,0.000171213543169594,0.000389326795710577,1
"20560",0.955727892075083,0.0440404226601665,0.000231685264750556,1
"20563",0.999352426693789,8.49337078229878e-05,0.000562639598388214,1
"20565",0.802767835995557,0.19499836320844,0.0022338007960027,1
"20567",0.000534828293458283,0.999449646932767,1.55247737746183e-05,2
"20571",0.963763521793973,0.00388365563613378,0.0323528225698937,1
"20573",0.955040426362493,0.0385524386404706,0.00640713499703604,1
"20575",0.999650961494656,9.60551728821987e-05,0.000252983332461404,1
"20577",0.443212419508089,0.548667989597501,0.00811959089440955,2
"20579",0.000153642378673184,0.999844312184783,2.04543654388161e-06,2
"20582",0.999675562994088,3.9519465440329e-05,0.000284917540471451,1
"20585",0.177139100359586,0.00580561682490872,0.817055282815505,3
"20588",0.0243421511716452,0.0157180375322279,0.959939811296127,3
"20590",3.30119283234993e-05,0.999966214254727,7.73816949166843e-07,2
"20592",0.999725203881105,5.26776442538418e-05,0.000222118474640907,1
"20594",0.999353970723431,4.23699091997288e-05,0.000603659367369398,1
"20596",0.969226659269456,0.0307537849958718,1.95557346725383e-05,1
"20598",0.992105913722152,0.00764693460866612,0.000247151669181469,1
"20600",0.164297343311829,0.134512889554255,0.701189767133916,3
"20603",0.00415838332980798,0.986950798272223,0.00889081839796909,2
"20605",0.998961076006578,0.000281534243301346,0.000757389750120441,1
"20607",0.998535665968312,0.00142614509053601,3.81889411519302e-05,1
"20609",0.98125503373516,0.0184751381414606,0.000269828123379712,1
"20611",0.000450327911002025,0.999530305693153,1.93663958451189e-05,2
"20613",0.815541232429835,0.177798820800349,0.00665994676981595,1
"20615",0.510603052767346,0.392503289181817,0.0968936580508373,1
"20617",0.000152120961394831,0.999806363885587,4.15151530181239e-05,2
"20619",0.999709610217425,0.000179258171434815,0.000111131611139753,1
"20621",0.984837090354581,0.014418720200821,0.000744189444597445,1
"20623",0.0212984110854508,0.978692897352734,8.69156181575165e-06,2
"20625",0.00454034048954888,0.954295843625365,0.0411638158850856,2
"20627",0.946960036007478,0.0521063709796007,0.000933593012921009,1
"20629",0.880333453882623,0.114837433148259,0.00482911296911836,1
"20631",0.999497730448691,0.00015198206252305,0.000350287488786411,1
"20633",3.78564264804721e-05,0.999958081447594,4.06212592585133e-06,2
"20636",0.00221777152306444,0.997759158227085,2.30702498499164e-05,2
"20638",0.404247267882678,0.455521847194187,0.140230884923136,2
"20640",0.93702415735846,0.000729972364413864,0.0622458702771263,1
"20645",0.993838597917862,7.17100390729433e-06,0.00615423107823051,1
"20647",0.000569023613183056,0.999186889059313,0.000244087327504052,2
"20649",0.975191545789711,0.0121982798433818,0.012610174366907,1
"20651",0.994950523743,0.000144736693085708,0.00490473956391414,1
"20656",0.960945942779426,0.00218304248522239,0.0368710147353519,1
"20660",0.14354442166617,0.0102402603805031,0.846215317953327,3
"20662",0.00185363583602833,0.998128945481787,1.74186821844085e-05,2
"20664",0.857533816649451,0.142376005860507,9.01774900416158e-05,1
"20666",0.00725981753109253,0.818224317267618,0.174515865201289,2
"20668",0.000238950086560243,0.999758417771894,2.63214154540564e-06,2
"20670",0.996802764374582,0.00254618280605526,0.000651052819362808,1
"20672",0.000202555436950704,0.999729542180638,6.79023824109481e-05,2
"20674",0.943347986728692,0.0563027871629712,0.00034922610833708,1
"20676",3.87856668683603e-05,0.999954995338656,6.21899447506376e-06,2
"20678",3.03198555745186e-05,0.999968828511235,8.51633190435269e-07,2
"20680",0.00338190239353951,0.996537256834581,8.08407718794043e-05,2
"20682",0.0134563028289176,0.986505602471187,3.80946998955992e-05,2
"20684",0.937755759951241,0.0565616476472049,0.00568259240155417,1
"20686",0.00016971514748508,0.999802071974975,2.8212877539887e-05,2
"20688",5.95041544139377e-05,0.999939107242929,1.3886026571378e-06,2
"20690",0.0967156802818707,0.00103056302566347,0.902253756692466,3
"20692",2.70081749522063e-05,0.99997153880595,1.4530190979883e-06,2
"20694",0.000130293203137878,0.99986083722886,8.86956800186013e-06,2
"20696",0.00295452820253208,0.996951538881412,9.39329160560011e-05,2
"20698",0.862674380262415,0.124754571729467,0.0125710480081181,1
"20700",0.987984970526045,0.0111931810279518,0.000821848446003005,1
"20702",0.190421713757729,0.000154411321124769,0.809423874921146,3
"20704",0.929034417579947,0.0701978355105424,0.000767746909510856,1
"20706",0.287463242819338,0.705581808971572,0.00695494820908992,2
"20708",0.000360982711197293,0.999634800215248,4.21707355480578e-06,2
"20710",0.682994415767052,0.0107084317105234,0.306297152522424,1
"20714",0.000599255510052952,0.999398270119191,2.47437075557147e-06,2
"20716",0.996528267341963,0.00322852656891641,0.000243206089120355,1
"20719",0.773817769634151,0.225302973227464,0.000879257138385288,1
"20721",0.999701563281758,6.3468321838733e-05,0.000234968396403668,1
"20723",0.821760528140132,0.169883458896098,0.00835601296377007,1
"20725",0.0196032946348949,0.9792523854182,0.00114431994690498,2
"20727",0.000211156177391233,0.997118925708313,0.00266991811429571,2
"20729",0.000549506061344079,0.99942430412611,2.61898125458797e-05,2
"20731",0.0102976931426312,0.988182279920593,0.00152002693677564,2
"20733",0.953351829876724,0.0411969027926492,0.00545126733062658,1
"20735",0.820952190656482,0.149608006630136,0.029439802713382,1
"20737",0.000123383203889466,0.999875594850151,1.02194595952848e-06,2
"20739",5.30531312284326e-05,0.99993576971621,1.1177152561182e-05,2
"20741",0.0152495159694538,0.984561824978715,0.000188659051830743,2
"20743",0.0288121201757842,0.970919247617381,0.000268632206834696,2
"20745",0.998969334374786,0.000459314905536277,0.000571350719677725,1
"20747",0.000647190821105917,0.999321354772702,3.14544061919286e-05,2
"20749",0.000269133303020456,0.999701807686708,2.90590102713752e-05,2
"20751",0.000422255635885474,0.989463224347137,0.0101145200169781,2
"20753",0.00105864169887039,0.998904504019922,3.6854281207949e-05,2
"20755",0.000816161825532057,0.999174739417223,9.09875724478766e-06,2
"20757",0.209173920350174,0.790758258795948,6.78208538776532e-05,2
"20759",0.998426621903971,0.00149217342995355,8.12046660757742e-05,1
"20761",0.0867630887934663,0.91289848569567,0.000338425510863423,2
"20763",0.125645319068354,0.872432035927722,0.0019226450039235,2
"20765",0.0115737902669691,0.988161746009488,0.00026446372354313,2
"20767",0.983962518260142,0.0154600076867143,0.000577474053143814,1
"20769",0.460159421757929,0.00776267055450047,0.532077907687571,3
"20771",0.072572288305685,0.927412166199063,1.55454952521275e-05,2
"20773",0.0733618997487021,0.92588374769849,0.000754352552807719,2
"20775",0.0202473477398436,0.978188873527801,0.00156377873235502,2
"20777",0.0882938325518107,0.419925876311728,0.491780291136461,3
"20779",0.0154132001265843,0.983836204569943,0.000750595303473115,2
"20781",9.41320358730017e-05,0.0575015287854406,0.942404339178686,3
"20783",0.0536791019545203,0.946263955631798,5.69424136812909e-05,2
"20785",0.00280858255041528,0.997121168923221,7.02485263639364e-05,2
"20787",0.000724519736789924,0.999274215032048,1.26523116181209e-06,2
"20789",0.787636743089968,0.210023812079957,0.0023394448300743,1
"20791",4.41368607844372e-05,0.999952762824062,3.10031515380713e-06,2
"20793",0.777723105238992,0.220067290934899,0.00220960382610907,1
"20795",0.000481308617768714,0.999512244914958,6.44646727332142e-06,2
"20797",0.000103638856196008,0.904055028875854,0.0958413322679504,2
"20800",0.000886225374096555,0.998973477963253,0.000140296662650521,2
"20802",0.0315567440693164,0.968181976001586,0.00026127992909749,2
"20804",0.000166377834234172,0.999830880724758,2.74144100750588e-06,2
"20806",2.8308392155802e-05,0.999969834883762,1.85672408162804e-06,2
"20808",0.995558366624386,0.00432831776411228,0.00011331561150207,1
"20810",0.00179301582698704,0.998166619742226,4.03644307874825e-05,2
"20812",0.0197093416131394,0.963859042556611,0.0164316158302498,2
"20814",2.09734186145679e-05,0.999978462479911,5.64101474218264e-07,2
"20816",0.968761709915162,0.01919059394647,0.0120476961383684,1
"20818",0.0296937920649694,0.969835596984826,0.000470610950204261,2
"20820",0.000174294794924761,0.999757621180117,6.80840249577287e-05,2
"20822",0.0216264969377558,0.978258832252567,0.000114670809676748,2
"20824",0.00228738469881028,0.997635602595092,7.70127060974914e-05,2
"20826",0.000138387455549849,0.999828154476212,3.34580682377968e-05,2
"20828",0.000551749259544089,0.999228796504678,0.000219454235777848,2
"20830",0.000471142313326634,0.99948301333045,4.58443562232562e-05,2
"20832",0.364725914844505,0.634849678744306,0.000424406411189259,2
"20834",0.989025276433837,0.00895009360811704,0.00202462995804635,1
"20836",0.00695711197674228,0.992748501067325,0.000294386955932996,2
"20838",3.8785715570005e-05,0.999959760918097,1.45336633309001e-06,2
"20840",0.923607065352424,0.0757771543079148,0.000615780339661469,1
"20842",0.00394779933012328,0.995946128498201,0.000106072171675805,2
"20844",0.0804221573660606,0.919547884390882,2.99582430580996e-05,2
"20846",0.0174481130895537,0.982441108680472,0.000110778229973936,2
"20848",0.352410942801004,0.645756487665342,0.00183256953365369,2
"20850",0.92801065926253,0.0718923543407489,9.69863967207355e-05,1
"20852",0.932395768825437,0.0661306447827977,0.00147358639176532,1
"20854",0.000122740920546861,0.999852934579256,2.4324500196929e-05,2
"20856",0.0358343033890194,0.0194946616730854,0.944671034937895,3
"20858",0.997088307872485,0.0016759564330471,0.00123573569446789,1
"20860",0.105948167752093,0.893222570233418,0.000829262014488659,2
"20862",0.999721632762559,0.000220907965986692,5.74592714536839e-05,1
"20864",0.000949924860174223,0.998761654650584,0.000288420489242123,2
"20866",0.998293829588031,5.35082735112388e-06,0.00170081958461738,1
"20868",0.986755941086836,0.0100138155613212,0.0032302433518425,1
"20870",0.0619272268084622,0.935990579289771,0.00208219390176721,2
"20872",0.00208182706958374,0.997841956544451,7.62163859650452e-05,2
"20874",5.30617258987526e-05,0.999944206355399,2.73191870228032e-06,2
"20877",0.98077403793679,0.00323860202482969,0.0159873600383806,1
"20879",0.997148810096301,0.000169404175789411,0.00268178572790994,1
"20881",0.000489815524846055,0.999465028443873,4.51560312809933e-05,2
"20883",0.000149526405263656,0.999639990695506,0.000210482899230005,2
"20885",0.00125562058708847,0.99854362852428,0.000200750888631343,2
"20887",0.859780231067179,0.131046422004864,0.00917334692795725,1
"20889",0.0134072799898568,0.982424670940883,0.00416804906925987,2
"20891",0.996090898933366,0.000163624610927995,0.00374547645570631,1
"20896",0.850802180506096,0.0774052739915698,0.0717925455023344,1
"20898",0.046678834341007,0.952849931938518,0.000471233720474976,2
"20900",5.23989538263261e-05,0.887993044410072,0.111954556636102,2
"20902",0.242249319371595,0.00616522461258816,0.751585456015817,3
"20904",0.126853672311648,0.863283849451655,0.00986247823669744,2
"20906",0.979589861399993,0.00271164953190072,0.0176984890681059,1
"20908",0.0234134979112256,0.976465146393384,0.000121355695390442,2
"20910",0.0177006508466934,0.982293218551796,6.13060151105396e-06,2
"20912",0.000159483553084475,0.048805594810199,0.951034921636716,3
"20914",0.989947509177305,1.61494772253433e-05,0.0100363413454693,1
"20968",0.0102979106263749,0.979704511759773,0.0099975776138523,2
"20970",0.953353486601378,0.0458447836189967,0.0008017297796251,1
"20981",0.97889763293698,0.0210867575305626,1.56095324571664e-05,1
"20983",1.77652042901841e-05,0.999980874202741,1.36059296903224e-06,2
"20988",0.994202297887339,0.00563710320444333,0.000160598908217971,1
"20995",0.204808577274038,0.0827135338809308,0.712477888845031,3
"21017",0.125790929511396,0.874164902814356,4.41676742480038e-05,2
"21038",0.991663407002176,0.0017315247503454,0.00660506824747867,1
"21072",0.968284725310049,0.0258209961937575,0.00589427849619309,1
"21075",0.953154180125129,0.000212745569230305,0.0466330743056409,1
"21223",0.165734198047978,0.82938955499855,0.0048762469534719,2
"21225",0.000311739780513335,4.88349369057541e-05,0.999639425282581,3
"21230",2.19478918750658e-05,0.999976132749895,1.91935822986269e-06,2
"21236",0.0122235857035878,0.987672596317498,0.000103817978914623,2
"21238",0.183582814206542,0.191929106425242,0.624488079368216,3
"21241",0.995411365094277,0.00406832749144724,0.000520307414275875,1
"21246",0.973035409395693,0.0269343735994018,3.02170049052827e-05,1
"21253",0.000178751373548425,0.99979212129384,2.91273326112405e-05,2
"21256",0.00529965650649879,0.994514787868604,0.000185555624897043,2
"21260",0.00941716210513215,4.76241233227677e-05,0.990535213771545,3
"21266",0.990043317207118,0.0096321001385297,0.000324582654352663,1
"21332",0.991862447044437,0.00807180616624023,6.57467893223136e-05,1
"21334",0.0586724101903736,0.926298603619759,0.0150289861898673,2
"21375",0.999104462223528,0.000238471486144701,0.000657066290327038,1
"21378",0.996686680004166,1.63305368792787e-05,0.0032969894589548,1
"21381",0.988772284242692,0.000578169645894288,0.0106495461114137,1
"21389",0.000827103549025248,0.999167488636809,5.40781416611237e-06,2
"21391",0.953935211125873,0.045371616274437,0.000693172599690153,1
"21402",0.996892878141345,0.00309830663473446,8.81522392093749e-06,1
"21404",0.751385597937819,0.00378978801969139,0.24482461404249,1
"21409",0.950520818156231,0.0115448328734077,0.0379343489703613,1
"21413",0.704098091571998,0.203680390961737,0.0922215174662646,1
"21423",0.996579979080274,0.000496343479797864,0.00292367743992839,1
"21425",0.93604271185107,0.038987028198239,0.0249702599506907,1
"21430",0.00848231460971466,0.00941140394492399,0.982106281445361,3
"21432",0.980976480194865,0.0188502382683949,0.000173281536739882,1
"21438",0.995264365867912,0.00385177764415638,0.000883856487931411,1
"21440",0.928553727271651,0.0688299598018206,0.00261631292652813,1
"21443",0.000673716068387725,0.999315154419516,1.11295120966513e-05,2
"21445",0.00146587286786984,0.000946962202661478,0.997587164929469,3
"21447",0.996341694356109,8.27773511655759e-05,0.00357552829272566,1
"21449",0.998509559076257,0.00147890585981298,1.15350639301687e-05,1
"21451",0.998509559076257,0.00147890585981298,1.15350639301687e-05,1
"21455",0.999174799539031,0.000813696626723675,1.15038342456521e-05,1
"21469",0.895050462379824,1.30247279403919e-05,0.104936512892236,1
"21471",0.791911421836806,0.000382851222751833,0.207705726940442,1
"21473",0.0511289555461014,0.944157842701269,0.0047132017526297,2
"21476",0.364468158136624,0.619339362832456,0.0161924790309194,2
"21478",0.0560383638823073,0.937384131909723,0.00657750420797009,2
"21481",0.00145512005525461,0.998471792821002,7.30871237430043e-05,2
"21490",0.993580525886131,0.00285002241217668,0.00356945170169195,1
"21493",0.978542869801095,1.53096857070574e-05,0.0214418205131978,1
"21495",0.75812769514827,0.235314335566355,0.00655796928537464,1
"21500",0.986055152678059,0.0128846266709027,0.00106022065103831,1
"21504",0.867722790106554,0.130780650269651,0.00149655962379509,1
"21507",0.985311888256397,7.94588705792532e-05,0.014608652873024,1
"21512",0.99612648894539,0.00195811788424083,0.00191539317036954,1
"21519",0.0340957191588002,0.965744870656921,0.000159410184278704,2
"21522",0.00345278271170643,0.109657103839245,0.886890113449048,3
"21524",0.996080081618384,0.00375347119635446,0.000166447185261236,1
"21528",0.998558370696253,0.00015110820509878,0.00129052109864822,1
"21532",0.857282898280763,0.063199330979941,0.0795177707392955,1
"21543",0.124141833864878,0.850480695618139,0.0253774705169838,2
"21546",0.886049122238175,0.0770995469674311,0.036851330794394,1
"21550",0.996709282269624,0.000117088842929774,0.00317362888744668,1
"21554",0.999568868067778,0.000362036341591397,6.90955906302439e-05,1
"21557",0.00894817477776317,0.941371528804231,0.0496802964180058,2
"21560",0.984821560705035,4.4260381450613e-05,0.0151341789135147,1
"21564",0.478001089165646,0.521882813727379,0.000116097106975646,2
"21566",0.99926555000209,0.000219101967564475,0.000515348030345523,1
"21569",0.894385644763589,0.0893089661974362,0.0163053890389746,1
"21574",0.00299690122714625,0.995416537338479,0.0015865614343743,2
"21576",0.0140766735057266,0.985865957566507,5.73689277667322e-05,2
"21578",0.000284610467932053,0.999687515483609,2.78740484585054e-05,2
"21580",0.01797482244744,0.981936891308368,8.82862441924062e-05,2
"21583",0.998839114909861,5.59046350107896e-05,0.00110498045512776,1
"21585",0.000450781337119722,0.999545246471116,3.97219176377589e-06,2
"21587",0.00261578306272393,0.996855093687816,0.000529123249460167,2
"21589",0.00277228722181356,0.994452390705008,0.00277532207317796,2
"21593",0.00216742237249766,0.548090261417214,0.449742316210288,2
"21595",0.000682750730518373,0.964257924290737,0.035059324978745,2
"21597",0.191066089131809,0.808779232879201,0.000154677988990045,2
"21599",2.16973671583048e-05,0.999977757214256,5.45418585795366e-07,2
"21601",0.616019900172183,0.309008660019233,0.0749714398085842,1
"21603",6.29546179327446e-05,0.99993591822596,1.12715610755293e-06,2
"21605",0.000285603597862123,0.999681177699469,3.32187026689037e-05,2
"21607",0.0904284971613442,0.869020200687002,0.0405513021516542,2
"21610",0.242124765799301,0.753165498477551,0.00470973572314838,2
"21612",0.000489129238432673,0.999492723099738,1.81476618288785e-05,2
"21614",0.550532293714413,0.427948265186172,0.0215194410994151,1
"21616",0.0766216324434297,0.913813628475081,0.00956473908148905,2
"21618",0.810295034490099,0.00248873123278951,0.187216234277111,1
"21620",0.000500479943477843,0.999486926028791,1.25940277311347e-05,2
"21622",0.981369780262631,0.000496993983760321,0.018133225753609,1
"21624",0.0128686275532173,0.98386371107455,0.00326766137223271,2
"21626",0.312778522725695,0.687195718860835,2.5758413469994e-05,2
"21628",0.865371461363855,0.122866858532747,0.011761680103398,1
"21630",0.0433101918804393,0.956353251828614,0.000336556290946445,2
"21632",0.841324978861606,0.155575295927335,0.00309972521105836,1
"21634",0.957431951514665,0.0417973037951223,0.000770744690212868,1
"21636",0.0027655572413557,0.996342590163361,0.000891852595283828,2
"21638",9.00658169517083e-05,0.999845828594737,6.41055883113515e-05,2
"21640",0.29850044693773,0.696335478706855,0.0051640743554148,2
"21642",0.0059736012956172,0.993839873368201,0.000186525336181742,2
"21644",5.28294915863734e-05,0.919861070971319,0.0800860995370944,2
"21647",0.000287105780381176,0.999667047713525,4.58465060942913e-05,2
"21649",0.00584172856673894,0.993835476545592,0.000322794887668734,2
"21651",0.0199558857870006,0.976594894834188,0.00344921937881153,2
"21653",0.0015287467225809,0.418259521736326,0.580211731541093,3
"21655",5.12795455702781e-05,0.999941234959968,7.48549446129338e-06,2
"21657",0.00463656148646255,0.995096999636067,0.0002664388774706,2
"21659",0.00175204043436168,0.998150909129078,9.70504365599515e-05,2
"21661",0.00273304017908585,0.996782113430957,0.000484846389957076,2
"21663",0.0013672536711509,0.998572061189801,6.06851390477962e-05,2
"21665",0.000624008409306645,0.998284793030535,0.00109119856015857,2
"21667",0.914066611926425,0.0856205621798552,0.000312825893719251,1
"21670",0.758533653012508,0.236744863641365,0.004721483346127,1
"21672",0.0425473395085569,0.95491996681609,0.00253269367535296,2
"21674",0.999137952682903,0.00039649491261216,0.000465552404484826,1
"21676",0.9871579566275,0.0127831954778769,5.8847894622735e-05,1
"21678",0.00518578720079227,0.0315227627467389,0.963291450052469,3
"21680",0.00137246080432891,0.996701161029868,0.00192637816580266,2
"21685",0.974200498405322,0.0206887116960384,0.00511078989863996,1
"21687",0.0648682994702346,0.288650394708892,0.646481305820874,3
"21690",0.00132122829086035,0.998469302711918,0.000209468997221163,2
"21707",0.999421666464767,0.000136543664725046,0.000441789870507521,1
"21710",0.0758629757412799,0.00171301686883112,0.922424007389889,3
"21713",0.996482134803206,0.0024513126241439,0.00106655257264991,1
"21718",0.184646515276426,0.0262483501935723,0.789105134530002,3
"21721",0.00212060941079742,0.127741741812944,0.870137648776258,3
"21723",0.982590973165729,3.19944816018548e-05,0.0173770323526691,1
"21726",0.999877373240214,7.80546578453117e-05,4.45721019410676e-05,1
"21729",0.000538551131651595,0.995468986306538,0.00399246256181018,2
"21733",0.000190539736158307,0.999749576674873,5.98835889690988e-05,2
"21735",0.146448040386107,0.0534836695344579,0.800068290079435,3
"21739",0.984976849801729,0.0145120679446884,0.000511082253582446,1
"21741",0.995357262030939,0.00408910898270495,0.000553628986355767,1
"21744",0.968792027826321,0.0308264766677328,0.00038149550594641,1
"21746",0.997614415270546,2.55778221711635e-05,0.00236000690728288,1
"21748",0.991920859740263,0.000973635425532444,0.00710550483420455,1
"21750",0.00202714132443912,0.997957322775956,1.55358996053915e-05,2
"21752",0.982196138858567,0.0156064392114157,0.00219742193001713,1
"21755",0.695865702322631,0.303038388213125,0.00109590946424398,1
"21757",0.112969894742173,0.875984270716356,0.0110458345414706,2
"21760",0.204808577274038,0.0827135338809308,0.712477888845031,3
"21762",0.9992685469832,3.72316668877637e-05,0.000694221349911694,1
"21764",0.000343652037151639,0.999633580670362,2.27672924865705e-05,2
"21766",0.998139212548196,7.79271889426273e-05,0.00178286026286123,1
"21768",0.434264498793815,0.561083743856193,0.00465175734999236,2
"21770",0.551650116439979,0.447157643196655,0.00119224036336569,1
"21773",0.968255263650817,1.25082630081272e-05,0.0317322280861754,1
"21775",0.0687688841678516,0.930752775552459,0.000478340279689044,2
"21777",0.000543038756838066,0.999384951485464,7.20097576977205e-05,2
"21779",0.533914115702333,0.432109193887271,0.0339766904103967,1
"21781",0.943754741721872,0.0558011125785938,0.000444145699534439,1
"21784",0.996815033629463,0.00172685509960403,0.00145811127093322,1
"21786",0.243886365195802,0.75593474441156,0.00017889039263853,2
"21789",0.87716840012302,0.117660161594055,0.00517143828292499,1
"21791",0.99508684703144,0.00121658337715099,0.00369656959140883,1
"21794",0.0652042221737562,0.9313311933633,0.00346458446294401,2
"21797",0.0286865965289456,0.0325236786028631,0.938789724868191,3
"21800",0.142532014251511,7.2074243949387e-05,0.85739591150454,3
"21802",0.931389414327804,0.0378315365631992,0.0307790491089968,1
"21804",3.82595134468342e-05,0.00248716896268368,0.997474571523869,3
"21806",0.00996363283987259,0.109986812428248,0.880049554731879,3
"21808",0.0370438664786307,0.396158738942245,0.566797394579124,3
"21811",0.219433481894512,0.0135027907355975,0.767063727369891,3
"21815",0.99612318217128,0.00343979262161454,0.000437025207104738,1
"21817",0.00991499387179689,0.0172366909495902,0.972848315178613,3
"21820",0.928954884965588,0.00458866676052947,0.0664564482738826,1
"21822",0.0240542195259312,0.975346592964531,0.000599187509537819,2
"21824",0.0300949326255327,0.969873584098404,3.1483276062922e-05,2
"21826",0.999316852439676,0.000176469223818948,0.000506678336504617,1
"21828",0.494861213169554,0.505037596017353,0.000101190813092466,2
"21830",0.0144096789119156,0.985533968643077,5.6352445007279e-05,2
"21833",0.141771698184838,0.858169413341066,5.88884740956831e-05,2
"21835",0.141771698184838,0.858169413341066,5.88884740956831e-05,2
"21838",0.846843818345038,0.00127300724306744,0.151883174411895,1
"21840",0.991985366049479,4.31836739130386e-05,0.00797145027660764,1
"21842",0.687453877338581,0.00298474103565465,0.309561381625764,1
"21844",0.16289608744107,0.837009627223719,9.42853352109917e-05,2
"21847",0.965465561072779,0.0330859376807288,0.00144850124649258,1
"21849",0.219185431063254,0.779677587859083,0.00113698107766364,2
"21852",0.820581740091969,0.0898672848102298,0.0895509750978008,1
