"","V1","V2","V3","V4","V5","V6","best$classification"
"19812",0.983927178807158,0.0129776550893522,0.00112932399665262,0.000466235810114599,0.0014996062967219,1.43009135632266e-16,1
"19814",0.147282181522135,0.846668604579288,0.000970660945895634,2.14024249973324e-06,3.76583274765621e-06,0.00507264687743427,2
"19816",0.230595568093635,2.62805484669047e-12,0.00635295643541264,0.763051475095778,3.72547227976624e-10,6.45952635309127e-18,4
"19818",0.987307365620157,0.00660623582042245,0.00481525852348458,0.00112157863712199,3.4360578857577e-07,0.000149217793025943,1
"19820",5.51299316474094e-05,1.59748644820411e-59,0.00929894527611241,0.990645670933879,2.53858360998258e-07,6.86536601763677e-48,4
"19822",4.46211477263468e-05,2.98657695689498e-69,0.985997267029345,0.00254884372619304,0.0114092680967357,1.213047299148e-41,3
"19824",0.000233594874595873,6.5003332970445e-28,0.834752913950211,0.165013490780421,3.94737254764402e-10,3.55306442594094e-14,3
"19826",0.81596820066534,0.107172945389799,0.076852261595419,6.48606375980223e-06,1.06239181289139e-07,4.65010554956621e-11,1
"19828",0.0489986298969611,1.04871550930533e-27,0.00700442063748567,0.943980620533334,1.63289322194163e-05,5.03005663479351e-24,4
"19830",0.951046760770238,0.031520950907159,0.0118568766249394,3.1760046369635e-13,0.00557541166458971,3.27559472209536e-11,1
"19832",0.0903621062175827,8.53627425086243e-13,0.00105482856248583,0.00555317859555188,0.903029886623526,1.28032730571447e-36,5
"19834",0.87910819383637,3.95463344738348e-18,0.0286338967460454,0.0922276693430485,3.02400745356177e-05,1.07280725797943e-19,1
"19836",0.986526351252635,5.88927290221741e-08,0.01319356115362,0.000274035718387519,5.9929826287228e-06,2.18173659157052e-25,1
"19838",0.0220470257463738,0.97785579728084,1.29410094308063e-05,4.98725003098270e-13,8.41331877762337e-05,1.02775080676794e-07,2
"19840",0.884674851873713,2.05569037316668e-11,0.04952472804277,0.0658004192667926,7.96167773679651e-10,4.09563686570615e-24,1
"19842",0.000132475482254049,0.797426352785107,0.202441078655543,2.12754201568119e-25,9.30764131257459e-08,6.82913740155784e-13,2
"19844",2.17653646375791e-13,6.30490663543656e-24,0.188150721352655,4.15702487477255e-19,7.33561181362697e-10,0.811849277913566,6
"19846",0.000703469028288066,0.873727488376336,0.0012567180863321,1.6366308927638e-19,1.5705449414242e-08,0.124312308803595,2
"19848",0.00163250094642647,0.0132433828487615,0.00035229747716094,4.1684360608906e-17,2.25243074952625e-07,0.984771593484576,6
"19850",0.0219782215914664,0.950394807459258,0.0233108433326661,3.32550493718998e-11,5.30195045283812e-07,0.0043155973883099,2
"19852",0.710986937017235,8.80764910445263e-06,0.00798277529513682,0.281020923427324,5.4067735416246e-07,1.59338459206871e-08,1
"19854",0.00412407370535794,0.0093775930607706,0.000288531280028973,2.70152618246192e-16,3.6390723021146e-06,0.98620616288154,6
"19856",0.000187323737365152,6.23657320267045e-13,0.994294216681403,9.65657623031303e-16,1.11037110455917e-07,0.00551834854349701,3
"19858",5.72795403381975e-06,6.59662691833882e-24,0.999962030561551,1.72382271416435e-07,5.27987539553437e-07,3.1541114604326e-05,3
"19860",0.731100655965144,0.000301640706835256,0.0320231776258756,0.236574259712311,2.6598973769559e-07,9.68051256652294e-14,1
"19862",0.000288230702228619,0.999180495683475,0.000531219270875554,1.01776886306789e-21,3.6694550343452e-08,1.76488702899932e-08,2
"19864",9.27431769531634e-13,3.71709290355893e-29,0.999999995582567,4.59727266023209e-25,4.41650503375575e-09,2.111385496384e-31,3
"19866",0.661817525443133,5.29402730039927e-20,0.289047779582819,0.049134694957395,1.66522835181381e-11,6.92368877246534e-27,1
"19868",1.68382228228307e-14,3.44933749658269e-46,2.44038209829847e-08,1.3728756393612e-30,0.999999975596162,2.83719584880487e-44,5
"19870",0.0897175691847477,0.908563220458403,0.00170764497716155,5.46456043020094e-11,2.99069857455821e-07,1.12662551851116e-05,2
"19873",0.926195230957895,0.0110015937774177,0.0625884474858,0.000214693529872564,1.27648402296245e-09,3.29725304845394e-08,1
"19875",0.0246094318714149,1.19134379893432e-17,0.020887979693065,0.954499435864397,3.1525711237141e-06,3.88989081876274e-31,4
"19877",0.867446537190144,0.12678972516558,0.0057002840081857,8.36497231076466e-06,1.06094788929123e-05,4.44791848871994e-05,1
"19879",0.996122465660472,2.24908803473208e-09,0.00370109419875846,0.00016055068253495,1.55170253654283e-05,3.70183781478306e-07,1
"19881",0.922015272406277,0.000126726640431956,0.0778579218150505,3.12446969678967e-08,1.95232942093763e-08,2.83702488283848e-08,1
"19883",0.390436736138644,0.471391118989233,0.138172141904662,4.80643502631776e-10,1.80140544360436e-09,6.85412429278513e-10,2
"19899",0.976115773981155,1.84163066374516e-11,0.0235712141382586,1.06028703745168e-06,0.000311951575132614,5.49716196215815e-24,1
"19908",5.43339554730539e-08,1.23267849761667e-34,0.99999968670858,2.50383081172154e-18,2.58957464698069e-07,1.61372316932347e-30,3
"19910",0.959744235766479,0.000329807032378114,0.00415395931360849,0.0357712611091951,2.52694084115476e-07,4.84084255484142e-07,1
"19912",0.00166860175591199,0.930987019260651,0.0673443516272686,1.28085127789983e-24,1.94383698428152e-08,7.91779828329056e-09,2
"19914",0.982162117973487,4.22752229902241e-09,0.0163560633216071,0.00135922113802117,0.00012259252342739,8.15934698347172e-10,1
"19916",2.08484698105784e-07,3.5147648227168e-37,0.999997005749657,2.78564671265538e-06,1.18932557977491e-10,3.28445896779375e-25,3
"19918",0.079946316579801,0.66582274992057,0.00988910334730412,3.17842125860148e-10,4.47195987598983e-10,0.244341829387287,2
"19920",0.000583593549970535,0.00277835422194803,0.00283337866426909,3.03987314551959e-15,8.6662179624941e-10,0.993804672697187,6
"19922",1.11581818682438e-05,3.26410613906038e-13,1.00285559876199e-08,1.19396613489645e-07,0.999988712392636,1.62751912855291e-33,5
"19924",0.943452585487452,0.0129470882695101,0.0152335885548971,6.01753089208049e-07,2.64904925683376e-06,0.0283634868857944,1
"19926",0.981942013860682,3.55555756467968e-14,0.00928441325167393,1.35082125691575e-06,0.00877222206635195,4.68642305696244e-30,1
"19928",7.65347884223148e-19,3.08968381454065e-24,0.999999925905476,2.88935249880967e-39,7.40945236809959e-08,1.84150469784587e-29,3
"19930",0.0505433977429587,0.949354805591635,9.91857600795487e-05,2.34113202771431e-07,2.34740028560328e-06,2.93918385874723e-08,2
"19932",0.00517778925142108,0.994757258942278,1.37831538692795e-05,2.12225933030664e-13,3.54033430195157e-06,4.76283179167878e-05,2
"19934",0.674453595835648,4.05745824995229e-17,0.032017787840316,0.293502351199666,2.62651243621101e-05,8.21450192658468e-15,1
"19936",0.985535400074736,0.00150503185024022,0.00724727608195307,1.73934290511383e-06,0.00571055264985105,3.14845444767677e-13,1
"19938",0.380070940087134,4.15582813905954e-37,0.618219338888187,0.0015951707435857,0.000114550281092811,1.90987307050081e-20,3
"19940",0.987120703070521,0.00144284849974951,0.0113616236693538,7.38230344213142e-05,1.63180703232005e-08,9.85407883628285e-07,1
"19942",3.80538617107322e-10,2.93430734070048e-16,0.999999999486358,8.56566383823555e-28,1.33102759966988e-10,1.7448222251088e-27,3
"19944",0.942975595451285,8.54190328253422e-07,0.0166471992019034,0.0403762075573167,1.43457782557831e-07,1.413846064461e-10,1
"19946",0.958832483336015,0.000509908031408824,0.029958713668889,0.0104563439793684,8.90283477958497e-08,0.000242461955970878,1
"19948",1.21787871466332e-10,3.07375191031587e-10,0.999999999566731,2.97756506490015e-25,4.10529376653905e-12,1.19300462327396e-20,3
"19950",1.3616234074382e-07,1.42909179305579e-09,0.0013882850417847,4.05406809607606e-22,7.98079752621609e-08,0.998611497558808,6
"19952",1.21787871466332e-10,3.07375191031587e-10,0.999999999566731,2.97756506490015e-25,4.10529376653905e-12,1.19300462327396e-20,3
"19954",0.012928051870951,0.987016389999763,4.19809104712062e-05,2.21344656922084e-10,6.06636051658738e-07,1.29703614182957e-05,2
"19956",7.31035030440644e-06,3.36238119227966e-05,0.999714171209061,9.72317776631648e-29,0.00024417411618759,7.20512524597933e-07,3
"19958",2.0577237141303e-16,5.92075239827036e-32,3.83740308944047e-11,3.80680057645592e-19,0.999999999961626,3.71846391064922e-36,5
"19962",0.102389473698299,7.32076245899277e-10,0.897567055120735,2.65265792650883e-06,3.56787435163042e-05,5.1390474473855e-06,3
"19964",0.966776283741196,1.63650787936428e-06,0.0332130032283622,1.11199427763597e-06,7.88422024045355e-06,8.03080447891904e-08,1
"19966",0.287781593174503,5.74275802872609e-42,0.709284973215483,0.0029330023616082,4.31248405695521e-07,5.52159188278221e-44,3
"19969",0.752568699661747,0.19427819720443,0.053153075207055,1.30583707029869e-09,2.6620903121885e-08,2.77586496256452e-14,1
"19972",0.146982831940672,0.0723691645438069,0.696657540767001,1.21588172014325e-14,2.63211312706174e-07,0.0839901995371951,3
"19974",1.45938660480034e-07,0.013294062298461,0.0100106100489586,5.28173926606594e-29,1.69358611929165e-10,0.976695181544561,6
"19976",0.957218045626681,0.0126335761937902,0.0215878031768665,1.39717522798957e-05,6.68668155016457e-08,0.00854653638356684,1
"19978",0.709302489746,7.63428244291049e-07,0.0113459211590071,0.279350823434037,2.12570116220834e-09,1.07010338240822e-10,1
"19980",0.000761695740569144,0.0495563216490832,0.000155874655626551,7.50476676624927e-18,3.45566762676274e-07,0.949525762387958,6
"19982",0.0577094507091696,0.000132178205741128,0.4006092004723,4.93346986459579e-14,0.00250377169145106,0.539045398921289,6
"19984",2.33104453054387e-07,4.37937890295947e-13,0.0252664086906621,1.01082438366529e-16,5.96244137086767e-10,0.974733357608203,6
"19986",0.0215148118067761,7.33337933335615e-46,0.0809682953284849,0.897515531734796,1.36112994303036e-06,9.93488161648816e-41,4
"19988",3.87928410975698e-05,1.88881041091291e-65,0.0309531411824905,0.968998110436179,9.95554023308571e-06,6.38303139047874e-53,4
"19992",0.000396759254417655,7.7226603875926e-45,0.0214634634667018,0.978139385470292,3.9180858839207e-07,7.91958599963647e-33,4
"19994",0.0535213085585717,0.946394976348567,3.90516910322867e-05,1.89614567294378e-07,4.44724901518797e-05,1.29710979675935e-09,2
"19996",0.00456337091602092,4.54889614152608e-38,0.0117932206898077,0.983643286272893,1.22121278109821e-07,2.34818471180602e-28,4
"19998",0.0128256957719929,1.80583247902974e-13,0.987174303763245,2.54812097506467e-12,4.62033146883866e-10,5.28297625317463e-16,3
"20000",0.0378951804037222,1.71544840861621e-05,0.0040227701286687,5.36867811697815e-21,0.958064894983523,6.19347081232572e-22,5
"20003",0.994252767496416,0.00398187066966056,0.00123164552953825,9.50966487637002e-06,0.000524206639509032,3.46287970690956e-20,1
"20005",0.000245936385258071,7.91129084727986e-05,0.000927695808719772,1.29624662399317e-20,3.23664417927074e-08,0.998747222531108,6
"20007",0.972197599069973,1.88486529993313e-11,0.0261252466282562,0.00167563292544618,1.52135747394509e-06,2.31032746112598e-15,1
"20009",0.000684871444042285,4.66056022134537e-39,0.999211608920082,0.000103362060099751,1.57575776469425e-07,3.22639099188421e-20,3
"20011",0.802312606085945,0.00611641759523031,0.188242441474668,5.32756752938558e-11,8.62822065864202e-08,0.00332844850867391,1
"20013",0.282390833793277,0.367475692225622,0.0084884968092246,1.39923617972628e-09,2.80040298938159e-06,0.341642175369651,2
"20016",0.00078011459006916,7.77660149448589e-53,0.871273076823236,0.127934568171127,1.22404155673431e-05,1.25293093451618e-29,3
"20018",4.95084204530945e-22,1.06727073272898e-101,3.89953411503588e-06,7.96883905265328e-08,0.999996020777494,1.43088778548985e-92,5
"20021",0.0213225872616822,8.37668849465351e-16,0.00497375207091767,0.973700504127802,3.15653959783046e-06,5.17921948639477e-32,4
"20023",0.879398058889683,2.35128428019681e-11,0.0569622612866151,0.0636050622374517,3.46175097295162e-05,5.30079821080923e-11,1
"20025",2.13887064490467e-10,1.85999144707188e-59,0.181258396711373,0.00309070491760883,0.815650898157131,2.0075781570085e-72,5
"20027",0.0266894887574794,0.951595864089412,0.0217134784398342,1.77405689349389e-17,1.16871327154678e-06,2.5009170255159e-15,2
"20029",0.0742607904284066,0.813775834591069,0.111963307774385,1.98660952743779e-15,1.53017728994404e-09,6.56759595344619e-08,2
"20032",0.00490834373966798,0.995017616220791,6.96577148277213e-05,1.49411658251719e-14,4.38229590750616e-06,2.87908247776546e-11,2
"20034",1.63134586427335e-07,2.64858974625701e-07,0.999999568738492,6.24842114624276e-21,3.26794695889836e-09,6.00523455267402e-21,3
"20036",0.0495257249388602,5.57939370672872e-09,0.950473084927149,1.91044993050138e-10,1.18304784637764e-06,1.31570552992609e-09,3
"20038",0.204492052458734,1.83436770666226e-32,0.003854009421184,0.790547970203295,0.00110596791678663,1.79202129576411e-45,4
"20040",1.89580639813e-09,1.95193036380766e-64,0.998787013136525,0.000820217300920013,0.000392767666748839,1.33051089448985e-40,3
"20043",0.0165178427115818,1.1018304765539e-19,0.02868571374962,0.95477964789935,1.67956394481408e-05,9.83648156759797e-26,4
"20045",4.51401669379153e-07,2.34957481226458e-67,0.0474771921084927,0.951593420074774,0.000928936415064192,4.76007480189242e-42,4
"20048",2.06598910198224e-12,4.34683131829946e-15,0.01026536581323,2.7585439369069e-24,5.33592629504817e-08,0.989734580825437,6
"20051",0.491251252925163,1.60978705089752e-09,0.485104336322522,0.0214830092914679,0.00216139985104774,1.24361393786782e-14,1
"20053",0.629580452983325,5.64549314638376e-15,0.267473033197837,0.102946505461654,4.83428895070486e-09,3.52288994821053e-09,1
"20055",0.905806833789659,8.08501272745721e-28,0.00340231635736893,0.000906560527561317,0.0898842893254104,4.30242280464129e-54,1
"20057",1.16906436369589e-28,4.27233573387932e-51,4.19381963398407e-13,2.66551267051757e-44,0.999999999999581,8.94466622020949e-51,5
"20059",0.495504568076576,7.12824873152348e-18,0.395868088247364,0.107070506650989,0.00155683702507108,8.00733211525949e-19,1
"20061",0.778166279296838,3.14891677192583e-11,0.0989152685418772,0.122918070956818,3.81172977595237e-07,5.98052298163944e-18,1
"20063",9.46907564165364e-20,1.45875586541312e-53,0.999999958139682,4.89178433993626e-16,4.18601447753417e-08,1.72616743040134e-13,3
"20065",5.60394142409718e-08,1.2056388079686e-60,2.04404613429989e-05,0.0576065102421704,0.942372993257072,1.59981323119915e-86,5
"20067",0.00296443993263152,1.42968180042257e-31,0.215457883519234,0.780978263333897,0.000599413214231186,6.20725917239982e-15,4
"20069",0.000370271053617101,0.00873409078728244,0.000136607084616338,1.27971147214285e-17,4.39984036287005e-07,0.990758591090448,6
"20071",0.282876446386583,9.9614828867517e-18,0.717122824692597,5.98775274438436e-09,7.22933067902018e-07,1.06027422111403e-23,3
"20073",0.00513087498230782,7.7126452052934e-05,0.0787930674546831,1.14976421904607e-09,2.95156590836212e-09,0.915998927009626,6
"20075",2.42672991795951e-11,9.80296227669089e-39,1.077668268055e-10,5.57759321656925e-24,0.999999999867966,7.79857355088128e-56,5
"20077",0.271074747633782,1.42112390480589e-15,0.0216911097904229,0.707234140737198,1.8371628422444e-09,1.43208814561298e-12,4
"20079",3.36573698850764e-05,1.58339304264205e-19,0.999965550110413,7.32192134769572e-07,6.02737167861383e-08,5.38499130164004e-11,3
"20081",0.516802019736774,2.02200171737355e-23,0.002833757512248,0.0815176127447952,0.398846610006183,2.79442689760246e-25,1
"20083",8.43276805965533e-07,2.9343215787631e-24,0.999998479994235,4.83060738355545e-19,6.75143117287626e-07,1.5858419641019e-09,3
"20085",1.32910020920144e-05,2.70233424902367e-63,0.00999384883568446,0.989932432099028,6.04280631960094e-05,1.85898918660079e-58,4
"20088",0.0209063654049159,5.70696917854828e-27,0.0277472030374042,0.951324738914781,2.16926428992498e-05,9.27830460099565e-30,4
"20091",2.8070375485751e-07,5.04813179193603e-40,3.82650363054141e-08,1.64252960271521e-08,0.999999664605913,1.55515304849201e-37,5
"20095",3.95330538669026e-06,2.18571711713071e-25,0.99999595167161,4.08392266509252e-16,6.34544482612102e-08,3.15685540991862e-08,3
"20097",1.55914541995871e-05,3.21715263640369e-63,0.013276689165139,0.98564233527382,0.00106538410684154,5.14062920510721e-62,4
"20099",0.000672695384481548,3.32251879672482e-26,0.998965821048364,0.000361483567081972,5.38369296915164e-15,6.69766988677659e-14,3
"20102",2.45612382057309e-09,1.54366490058927e-27,0.0591612107205831,5.64362209428112e-13,0.940838785980086,8.4264317003966e-10,5
"20105",0.00499609249138652,4.50626075350707e-24,0.14719481300814,0.847809037591498,5.69089753958975e-08,1.37196056275793e-19,4
"20107",0.612145618831606,7.43574269926376e-26,0.0140061464798297,0.37384807424673,1.60441833439862e-07,1.51724845830622e-24,1
"20109",0.00992848325496081,1.97326911602218e-15,0.906045302687693,0.0838966298448305,8.94160505333419e-11,0.000129584123097664,3
"20111",7.26635365985426e-10,3.68090124391011e-14,1.62359981559956e-10,2.10883454714112e-24,0.999999999110968,1.51829120202957e-22,5
"20113",0.920219826181293,6.15231053614676e-19,0.0792470873676563,0.000533062215381526,2.4235668951349e-08,1.33762205926249e-31,1
"20115",0.0594707263012876,0.586545342034623,0.00791618714103317,1.34975065359253e-13,0.34606774452292,1.19427273697377e-15,2
"20117",1.08358464978113e-10,3.56971329715347e-52,0.000679676556359105,1.83349015210807e-20,0.999320323335282,7.238628964093e-58,5
"20119",0.0699608235306265,3.75570037649281e-34,0.90142639812643,0.028612777130262,1.21268139431273e-09,8.70304921261356e-45,3
"20121",0.212528718208306,9.28457451566135e-32,0.0292459050760529,0.758221538401459,3.83831418178972e-06,8.41402704680057e-32,4
"20123",6.47688795586606e-08,7.79000843209775e-48,4.34344150799002e-07,1.57844048992441e-07,0.999999343042921,1.65350612116937e-62,5
"20125",0.00916355790578777,0.989840954994596,0.000569137566223915,6.37609572310338e-12,6.20335953027004e-06,0.000420146167486385,2
"20127",2.50325539053786e-06,5.55980271789046e-54,0.0186274537460241,0.981368489271692,1.55372689298598e-06,7.02615680163005e-35,4
"20140",0.870549168651965,3.89217224069637e-20,0.0133638190430086,5.20982570645883e-08,0.116086960206769,2.8055740570301e-41,1
"20142",5.08020536440332e-07,4.25807019202356e-05,0.00115925028284197,6.70277169403511e-21,2.29915003934108e-07,0.998797431079697,6
"20144",0.0448526776241503,0.018364197738726,0.00498900646631876,1.35834190445327e-16,0.931794118164278,6.52647962067172e-12,5
"20146",0.00901889267399519,5.48165273170225e-07,0.990842388288531,3.41283723693844e-11,0.000110541896085721,2.76289419867357e-05,3
"20148",0.906980687772969,0.0714209342529263,0.0214802241631865,0.000108114486231431,1.00393240290209e-05,6.58162036006121e-13,1
"20150",5.41593771840485e-05,0.356428212746992,0.00178489175905175,1.23268819355503e-23,1.25313436910365e-08,0.641732723585428,6
"20152",0.952769873431847,0.0332525530904123,0.0138022550152269,0.000157256511057279,1.80594685172311e-05,2.48293890802407e-09,1
"20154",3.99527904999336e-10,4.10650405088886e-58,8.60688587390916e-05,0.0001128619561202,0.999801068785613,1.20737057908853e-41,5
"20156",0.277940972860685,2.32253689691551e-15,0.72182415193694,6.68826574276663e-06,0.000228168844273295,1.8092356006648e-08,3
"20159",0.000551839760072617,7.93379391191897e-08,0.0049332585217663,3.14596043551983e-18,1.10797569264227e-05,0.994503742623296,6
"20161",2.17726558759139e-06,4.21638108308402e-12,0.998153117953811,2.64058738532392e-14,2.19412325067651e-06,0.00184251065310764,3
"20163",0.91370101890421,3.61994465447583e-06,0.0603092039556496,0.000359238928226032,0.0256269182672602,2.12450666940339e-29,1
"20165",1.45557752032476e-06,3.23597483209888e-21,0.99380448662561,1.25628615062206e-05,6.67409658711905e-08,0.00618142819439716,3
"20167",0.192873435429067,0.803604667128501,0.00246099845460941,2.26749152831798e-05,6.70617990068938e-08,0.00103815701074088,2
"20169",1.36505993549448e-10,1.34615335486014e-10,0.00161694257027735,1.11407760164108e-23,3.27790219540326e-08,0.998383024379579,6
"20171",5.32031549594554e-15,1.04800051339992e-72,0.00021739068261795,4.49104891525981e-07,0.999782160212485,3.43271329069388e-46,5
"20173",1.81000662824282e-13,6.29748734939887e-33,0.999999999997452,1.66165265078524e-12,6.9549635367339e-13,1.00751789851336e-14,3
"20175",0.712964422684149,0.273439934113052,0.0124505572603159,1.81977796273922e-09,2.09947372235392e-05,0.00112408938548102,1
"20177",0.0188034236639977,5.95091889028624e-23,0.981182393188153,1.41781518850204e-05,4.99596397319243e-09,1.06860125379949e-17,3
"20180",0.00252010532328478,2.423888194321e-37,0.0179358883787367,0.979188099672699,0.000355906625279027,6.3714209545757e-61,4
"20182",1.91597310582976e-22,2.68502903259428e-22,0.0489093268733504,1.43040787241757e-48,0.95109056951263,1.03614019043575e-07,5
"20184",0.00118933524687742,0.000107599688592854,0.00399568516200038,3.73545448134066e-13,6.01948918205506e-08,0.994707319707264,6
"20187",4.09672408973555e-05,4.5004309737595e-13,0.999959032703223,3.67205713599619e-12,1.21523701443363e-11,3.96047662589138e-11,3
"20189",0.412771661794252,1.6046100918841e-12,0.109441913950349,0.477786424172445,8.13487879062569e-11,4.41194563591092e-22,4
"20192",6.87006245576779e-10,9.97496785441727e-36,0.672778986892777,6.77306515212363e-05,0.327153281768695,3.91726545273582e-55,3
"20194",1.50427333497999e-05,4.02448750929819e-07,0.999957685408697,5.66039333972083e-24,1.68245240064956e-10,2.68692409576123e-05,3
"20196",7.48813478828624e-05,4.17531180793462e-50,0.00358134178029525,0.730399317155035,0.265944459716787,2.98684363407474e-48,4
"20198",0.756707315605985,1.96802897860517e-06,0.238067166738657,0.000163952142095296,0.00505959748366709,6.17042510141597e-13,1
"20204",0.0033531700665443,0.791479913643576,0.000582366895823195,8.48650849735542e-16,3.50788990640686e-05,0.204549470494991,2
"20207",0.0141922052602691,3.75588867283147e-42,0.148295874509195,0.632105191335964,0.205406728894573,4.01496056157334e-25,4
"20209",0.000181685919338689,4.38060701196406e-12,3.0097211666741e-06,3.22115790006947e-22,0.999815304355114,7.06517044488999e-44,5
"20211",1.66969522848356e-06,9.85823100861492e-37,4.20697105931512e-07,5.29370898599176e-06,0.99999261589868,6.0536406375585e-48,5
"20215",0.152252712316616,3.48694676642717e-21,0.158909539044233,0.688837639552326,1.09086825051743e-07,1.04750202735159e-27,4
"20218",8.00265809571464e-06,0.00202661388761243,0.00039949716448194,2.76053699056096e-19,1.60736796584482e-07,0.997565725553013,6
"20222",0.0430202927537935,4.43110701360172e-28,0.162478975367686,0.637268360245465,0.157232371633055,5.80759639381626e-26,4
"20225",0.0340579702712131,0.00974690679953022,0.920554567156166,3.98231117043642e-17,0.0356405557528823,2.02084698342335e-11,3
"20229",0.369777959999584,3.23669430900114e-14,0.627022082058536,4.42902232571119e-10,0.00319995749894456,2.18337025788337e-29,3
"20232",0.987482796036799,5.37530788633235e-15,0.0116526635380809,2.05023921312975e-05,0.000844038032983472,3.8768528394075e-21,1
"20234",8.94772777849972e-13,4.78226825563684e-86,0.00673800813274415,0.240553804393925,0.752708187472436,3.0345118273043e-86,5
"20238",0.11019558635267,2.953651806257e-28,0.633413967202078,0.256381979429122,8.46701613024641e-06,8.06915837114831e-24,3
"20253",0.00661390397791349,4.80027185888283e-41,0.0413850575473248,0.952000953161952,8.53128093821787e-08,1.98962082269981e-37,4
"20255",0.0911724529090799,0.907673966968509,1.9672735838515e-05,5.67621811703531e-10,0.00113390252568458,4.29326672751611e-09,2
"20258",0.00112588621583942,7.59263662284505e-33,0.00707190104820672,0.991801669199201,5.43536753316301e-07,4.12837328041443e-38,4
"20269",0.0305700580652823,3.32583570732723e-17,0.135778175058109,0.833651679183806,8.71606208985201e-08,5.32182535998895e-10,4
"20271",0.0012016261270594,6.57575207884756e-36,0.464165532112158,0.534632808586012,3.31747706552238e-08,4.05007968815797e-45,4
"20285",0.0026568994889799,3.56597726146815e-14,0.997342988371387,5.04126692910011e-18,1.12139583384877e-07,1.4327548285226e-14,3
"20288",0.920466223670153,6.76288187025168e-21,0.0735065388342186,0.00602544213578544,1.79535984347784e-06,2.6001987614489e-23,1
"20291",0.0121340010679289,3.3212028356279e-45,0.00417046192864287,0.00737293627892775,0.9763226007245,1.48635909898778e-34,5
"20295",9.17549673291144e-06,1.55160543380521e-18,0.999449241957924,0.000541580989271932,1.55607161770857e-09,4.805748291095e-19,3
"20298",0.00936283812859019,0.990494617085597,0.000140233743958667,1.23457816450845e-14,2.01673797864389e-06,2.94303863622493e-07,2
"20302",0.028145030517593,0.000104755794386809,0.112255282231617,1.28200972581357e-12,8.08248560520686e-07,0.85949412320656,6
"20305",0.0117266889324912,0.98751757047739,0.000754538859749849,7.7784389167494e-16,1.20172296165626e-06,7.40641300182838e-12,2
"20307",0.038164705662799,1.10681835000945e-39,0.0216854033731422,0.94008496322845,6.49277356084486e-05,5.43190281274632e-33,4
"20310",1.58141424849175e-09,8.86249451757419e-72,0.419938165046993,0.580034175377294,2.7657994298901e-05,1.01956101337334e-58,4
"20313",3.43600298310807e-09,1.65091855674122e-11,0.0319257251602829,2.44607206938338e-28,8.55007194799619e-09,0.968074262837133,6
"20315",0.795693370399136,1.62288682410602e-32,0.0250739566127614,0.179230649214204,2.02377389846194e-06,2.48772144592119e-32,1
"20319",7.42949423133875e-06,1.12368037301604e-47,0.0378260249651459,0.0178096995648056,0.944356845975817,3.21764303906525e-57,5
"20321",3.91810974785977e-05,1.45955416478726e-37,0.101643707719117,0.898317110239391,9.44013660754141e-10,1.76429911589532e-31,4
"20327",0.00226989128533035,9.11794584904856e-35,0.0152204892576075,0.9825096187087,7.48362663578978e-10,4.80092300031002e-32,4
"20329",1.11898323840891e-08,3.45484644457732e-07,0.999999614716129,4.40388412335114e-28,2.1314060446802e-12,2.86072628616157e-08,3
"20335",1.93692206808482e-05,2.0244909381584e-50,0.00876702924747037,0.931198980731563,0.0600146208002859,7.5063510521526e-36,4
"20337",0.000555999077614686,6.94834094783198e-05,0.000132523128932421,1.00291185159414e-16,1.52922978200513e-06,0.999240465154192,6
"20339",1.71431161142521e-06,5.83300063261945e-27,0.00952452258820121,7.06057658460708e-13,0.990473763099481,2.22125167441532e-53,5
"20341",1.12405502369024e-08,2.70991608384679e-52,0.000995095524374531,1.4613788257104e-07,0.999004747097193,3.73919561121566e-26,5
"20343",1.26251058373364e-07,4.95015446762342e-53,0.924721030421163,0.0751324857935272,0.000146357534250801,4.75940685233214e-26,3
"20345",0.985680674950595,0.000450435069665688,0.0138126404084555,1.89079686739851e-08,5.62306633149659e-05,2.27682302737319e-21,1
"20350",5.16996994828044e-05,3.97696445234934e-27,0.986828219264647,4.5559517056917e-13,0.013120081035415,9.81003458514878e-22,3
"20352",2.99570862745364e-09,4.70193094636311e-10,0.00144702242342618,5.47754863687627e-19,6.54495938167093e-09,0.998552967565713,6
"20355",0.000303451144975024,5.60489124765475e-13,0.979626085508494,1.92071177834311e-11,7.76780212468991e-05,0.0199927853055164,3
"20358",4.52959298235521e-07,0.000814817971668545,0.999184361392723,1.58109758104126e-25,2.54021750027778e-12,3.67673769681165e-07,3
"20363",0.00094071679754073,1.94739727907782e-29,0.044247349530843,0.954811932582191,1.08942582213051e-09,1.17423008077251e-27,4
"20365",0.132310117810566,5.07168298769654e-25,4.51983738876826e-05,0.00268772912913218,0.864956954686414,4.26208086422023e-36,5
"20379",0.230727578846807,0.0881765215111649,0.000525363734756558,1.5695970473371e-12,0.680569900704173,6.35201529196604e-07,5
"20387",0.017677897238759,6.07755623480821e-24,0.00692082771293178,0.975196677526863,0.000204597521445963,4.13247134186259e-26,4
"20392",1.75659414920597e-08,2.14221563999123e-43,1.74343287519404e-07,0.000120581399891952,0.999879226690879,2.70471342422708e-62,5
"20395",0.747710066729921,0.205869772161154,0.0463018608927777,3.05165683189661e-05,7.61132852714167e-05,1.16703625566484e-05,1
"20397",9.96458777117801e-18,2.74004544922653e-15,0.999997684260156,8.40793376379052e-43,6.54005538272363e-12,2.31573330148858e-06,3
"20410",0.072812338433839,2.29918566114836e-18,0.0158658257415338,0.911309489356161,1.23464684662943e-05,5.18468802950426e-40,4
"20414",0.137362692468752,0.683066653029931,0.161041380650377,6.29364878705743e-08,1.02309136188585e-06,0.0185281878230896,2
"20417",4.45120710052072e-24,2.94411163430591e-115,0.00133849186722701,6.50345177147647e-10,0.998661507482428,4.42043765432715e-108,5
"20419",0.00032160670758894,1.90691043668623e-42,0.00766552869166648,0.992012864600635,1.09699203708434e-13,2.55752543577173e-31,4
"20421",0.0362068666644639,1.87588936535287e-07,0.0172728712047562,6.72462913511392e-09,0.945946035066928,0.000574032750286325,5
"20423",0.0455972080381458,0.833206769229808,0.00191166295918769,6.39486657098404e-12,0.00184229476590116,0.117442065000562,2
"20425",0.686245318567808,0.00562298987074379,0.167412167246687,1.47837888976492e-11,0.00125350333066861,0.139466020969309,1
"20427",0.942770544110731,0.000185115563101177,0.040754323713558,0.016288630343413,1.38626919635832e-06,4.33462922173946e-16,1
"20429",2.4495206414421e-06,1.40699212263719e-44,0.998317829492167,0.00167957789592227,1.43091269447686e-07,5.12143738749865e-27,3
"20432",0.001198584233528,0.571967857763025,0.269204578274962,1.34399115270633e-14,3.56933354307945e-08,0.157628944035136,2
"20435",0.567399725896493,1.8346287592922e-10,0.41300595144929,0.0161183945158876,0.00347592795486732,9.51219063046278e-27,1
"20438",0.00835664727014107,9.49326026399195e-28,0.0835583835486427,0.908084969167933,1.32784509963861e-11,4.50387219392371e-15,4
"20440",0.00703671952955792,1.47711977395209e-37,0.0399724951370967,0.952990759805805,2.55275405541453e-08,8.23893702729175e-23,4
"20443",1.03892010983695e-05,1.90097001943998e-15,0.597766362061782,5.51353970474796e-15,2.42626217380827e-06,0.402220822474938,3
"20446",0.554022689654461,1.09486672188202e-13,0.445961133256756,9.02924610771634e-06,7.14784246999313e-06,9.58567957558199e-14,1
"20449",0.958771059745825,2.52921817688385e-15,0.0324245355437906,0.00855560586382313,0.000248798846558536,3.90314464789134e-22,1
"20537",0.00433978508258337,2.3463825215099e-28,0.0146417571475151,0.452731734672941,0.528286723096961,9.32013124103069e-25,5
"20540",9.98673935444088e-10,1.51784930003203e-51,2.26481909368877e-08,0.000129398626211835,0.999870577726923,1.38964801673968e-65,5
"20543",0.983600846150954,3.008156038641e-09,0.00668334826407463,0.00962680619999853,8.89963415547635e-05,3.52625343223918e-11,1
"20545",7.74553022109355e-09,1.16579107262029e-39,2.98583505719974e-08,3.02693840112691e-06,0.999996935457718,1.22774063351439e-45,5
"20549",0.986178104264331,0.00446264240607141,0.00136605243613852,0.00322929078383467,0.00321176413364736,0.00155214597597699,1
"20551",0.58208071103127,1.6787290951889e-13,0.0103606588037474,0.407509643744087,4.8986266063552e-05,1.54664321941674e-10,1
"20554",0.113582122864716,2.55204821479037e-17,0.00404029365856722,0.882376156130397,1.4273463197588e-06,1.34031766471022e-16,4
"20556",0.982150344097628,9.78678309688313e-13,0.00371920260554245,6.78081985529897e-06,0.0141236724759956,1.53115391862535e-17,1
"20558",0.00570161761229892,2.02980785589487e-32,0.00771804753408122,0.986576647587724,3.6872658962711e-06,4.35162464211284e-28,4
"20560",0.0910453413407333,4.74250045445452e-13,0.0425926642219527,0.866361847906935,1.13304013741186e-09,1.45396864908316e-07,4
"20563",1.1867512418133e-06,2.99310739025907e-49,0.0127320945297479,0.987265338591617,1.38012739327496e-06,1.22698943271341e-35,4
"20565",0.162577312974025,2.51066855496905e-15,0.797443893351644,0.039975597632439,3.1959785794573e-06,6.33104572276642e-11,3
"20567",0.00113062621992202,0.0236238865666327,0.0524703581281839,1.15281105924342e-15,2.05179727516911e-06,0.922773077287985,6
"20571",0.000614640137621822,1.98239853060437e-44,0.999347518656163,1.43816086659901e-05,2.34595975490996e-05,9.40944358149106e-42,3
"20573",0.814058164671577,3.04180918138599e-15,0.0222909970849686,0.163617208827776,3.36292321716325e-05,1.83504158473385e-10,1
"20575",0.00123797289867813,2.1851259995367e-42,0.111793512168728,0.886968511199714,3.73287935509336e-09,2.25978581989205e-34,4
"20577",0.991960578447781,2.16770654159823e-10,0.00799546052545991,2.5115454487697e-05,1.88453555004883e-05,1.69411610270482e-18,1
"20579",1.6678480384749e-11,1.41601264165684e-09,0.144062435401711,1.88782087693478e-31,1.15443423296323e-12,0.855937563164444,6
"20582",9.88432764725422e-05,8.07172591628116e-50,0.0207078277680872,0.9791930365157,2.92439740376785e-07,9.3093607636114e-43,4
"20585",0.0055215762261901,3.12703571055835e-20,0.000150673066024129,0.0419674648689517,0.952360285838834,1.4769671670796e-39,5
"20588",0.000237762442638164,1.01100972773985e-25,5.51661996735985e-05,4.9489959452007e-12,0.999707071352739,7.36135219467171e-26,5
"20590",9.6732946862853e-09,0.000206437786178848,0.00487551474663593,2.86742565019042e-28,8.26391006821537e-12,0.994918037785627,6
"20592",0.00024849502541438,7.58379866713705e-49,0.0135508574141121,0.986200637947009,9.61346459655939e-09,7.43812984569882e-28,4
"20594",0.000120877935646217,5.38172480567296e-49,0.00927165427625845,0.990604025372526,3.44241556937048e-06,3.32258905684316e-50,4
"20596",0.833546724141485,3.03988509265113e-16,0.0745652229695123,0.0918880528239422,6.27441525300784e-11,2.31542173845459e-12,1
"20598",0.345950358024049,8.19806899415888e-13,0.0139399058701943,0.640106859188225,2.87691670506942e-06,7.03127527555121e-15,4
"20600",0.515087924774012,2.18917707948516e-12,0.0027676226607375,4.94228486022305e-05,0.482095029714269,1.9013430297169e-13,1
"20603",0.541364120058792,0.278279670487703,0.0241104609035185,8.93971139853382e-11,0.156241438935884,4.30952470547707e-06,1
"20605",0.795537707997552,5.5437825564148e-29,0.0171264428496358,0.18729311993133,4.27292214817339e-05,2.81898213139291e-37,1
"20607",0.337108923761312,3.95853893323134e-20,0.00659389978010855,0.656297174455889,2.00269117012809e-09,5.10009204805434e-23,4
"20609",0.0653836147552703,1.27497497498547e-15,0.00671725610500093,0.927897533028675,1.59611105299362e-06,2.16192033271459e-19,4
"20611",0.0036613411645719,0.99560202634407,0.000729372266186226,6.39533648905335e-18,2.75601780286294e-07,6.98462339171903e-06,2
"20613",0.564716984103062,1.29997974817524e-06,0.00155146778233522,0.432905218167125,0.000825029967729674,1.1484892582819e-21,1
"20615",0.991297260970708,1.66222105823929e-08,0.00453956918748194,0.000822860811741751,0.00334029161411493,7.93742708751679e-10,1
"20617",1.20808601950771e-06,2.69787209927109e-10,0.0142302847584055,9.59697592465703e-22,8.2488038083712e-07,0.985767682005407,6
"20619",0.00332163574156689,1.11506676752267e-42,0.0103924306943118,0.986285933462254,1.01866983892245e-10,2.47803440627208e-25,4
"20621",0.843074166400233,7.47053211617457e-15,0.132578978812385,0.024341953143041,4.90164432388342e-06,9.65127945531614e-15,1
"20623",8.55661727389965e-05,8.54763013710159e-09,0.410259250686169,4.96628226843786e-09,2.18519538682852e-11,0.589655169605327,6
"20625",0.0990290368667706,0.000281919171331204,0.0123933534865887,2.86013337102922e-13,0.888295687608335,2.8666888326949e-09,5
"20627",0.941139912284808,9.06834637272737e-09,0.0120704033609646,0.0467816313894969,8.04389638394718e-06,1.08765246929786e-18,1
"20629",0.976214085594986,4.16972892232876e-12,0.013390218446529,0.0103244011462415,7.12947483866591e-05,5.96866611774565e-11,1
"20631",4.93337355008111e-06,3.31487932869638e-48,0.0805221509720125,0.919472912583329,3.0711083850013e-09,1.5670846494231e-29,4
"20633",7.17784748795766e-12,9.98850139013987e-12,0.0045897498760355,3.98839191576911e-32,1.02979006491281e-10,0.995410250003819,6
"20636",0.212670160161104,0.00381159651489336,0.783505122707018,1.17731863943135e-16,2.51619697197851e-07,1.28689972874176e-05,3
"20638",0.313510777576843,1.01986437020878e-12,0.686076661146642,8.01633666098577e-07,0.000411759641829541,4.27901420981881e-33,3
"20640",0.166975262223558,1.38988849639015e-27,0.000455062124352151,0.48034856695714,0.352221108694949,1.46134733030094e-44,4
"20645",1.1937429447461e-05,6.38002810279533e-55,0.0115151770716478,0.98834377171517,0.000129113783734857,1.9283533483086e-53,4
"20647",1.38690282975325e-11,6.27331829530774e-18,0.0155468054841827,3.6570386430368e-25,8.92496303894629e-08,0.984453105252318,6
"20649",0.057670191598596,7.59528799962538e-17,0.0203676492513928,0.89637410473722,0.0255880544127914,3.868773076647e-23,4
"20651",3.03185728199227e-07,3.77092686059592e-67,0.993277671575322,0.0067217214936278,3.03745322174122e-07,1.61053647229427e-36,3
"20656",2.22672925395428e-06,1.97574157856178e-35,0.0382351432324534,0.823138217990133,0.13862441204816,3.6162480016255e-41,4
"20660",6.16382859655387e-08,4.34528527608806e-33,3.13125219453092e-07,1.31715758779449e-09,0.999999623919337,3.68845654670988e-54,5
"20662",7.95972594570049e-05,1.24925629731511e-09,0.954847253069312,7.39455527560965e-22,5.47160835483537e-11,0.0450731483672589,3
"20664",4.18368990496426e-05,1.02102660858361e-27,0.999795659383759,0.000162503713822738,2.23395988926498e-12,1.13431221377869e-12,3
"20666",0.00136661179867231,7.12709977117146e-06,1.30409367935244e-07,1.89087084034969e-12,0.998626130690298,1.91101770307765e-30,5
"20668",0.00246722848226616,0.993973054597239,0.00105081837208225,9.93844441803499e-14,1.91661979200196e-09,0.00250889663169402,2
"20670",2.43094656950339e-06,1.75136823379557e-37,0.994835562766898,0.00516200563048571,6.56046484827679e-10,1.27095987385037e-43,3
"20672",0.00421473275701897,0.586258404205692,0.00042416262857027,1.17246829387288e-14,3.89314905971556e-05,0.40906376891811,2
"20674",0.471080383271163,1.2263796955243e-11,0.0311351324719441,0.497784483719312,5.2530599680844e-10,1.04951629479313e-14,4
"20676",1.45963241038121e-06,0.330374264215904,0.669560563455552,1.53128641538044e-32,1.39060257573257e-05,4.98066703763119e-05,3
"20678",1.01094341862824e-07,0.342798509964623,0.655579356516552,8.04120273442662e-33,4.16493638300233e-10,0.00162203200798924,3
"20680",0.14720418857052,0.811961182214361,0.00441816740105033,1.48372906730421e-07,3.75481249629998e-06,0.0364125586286663,2
"20682",0.761746523579637,0.0435265086951169,0.19472651391575,1.89480573604455e-09,4.51670619858598e-07,2.44070995948994e-10,1
"20684",0.0176515404261185,1.72306999222017e-18,0.982232316284668,0.000115948433059826,1.9485615338057e-07,6.00156571436274e-34,3
"20686",8.42060795635674e-06,0.000198254632512042,0.000187114197510674,1.27030436115649e-18,5.93763886462146e-08,0.999606151185632,6
"20688",3.72023055376627e-12,4.9969813906634e-06,0.994602247839039,1.99183662928714e-36,6.8159174404994e-11,0.00539275510769093,3
"20690",0.00325341349727858,3.14146518633294e-31,0.000293092866618157,2.14251878455377e-06,0.996451351117319,3.55774385809318e-55,5
"20692",5.3622407484021e-14,6.78370895014615e-10,0.0141218349947242,1.79806019109371e-37,3.80215704901179e-12,0.985878164323049,6
"20694",0.00328595558755518,0.996509915851826,0.000201294251037808,3.01793661684551e-16,4.45191785442739e-07,2.38911779547154e-06,2
"20696",0.799742086405309,0.144508021428771,0.0557467616392722,1.60768505522458e-11,1.60967946631536e-07,2.96954262420063e-06,1
"20698",0.0617713121616506,1.56525096672481e-16,0.930767769749068,0.00745452329577024,6.39479348413384e-06,2.64819602773086e-14,3
"20700",0.000169668449882334,7.66428854862244e-28,0.99464163582366,0.0051886919361836,3.78827130528083e-09,2.00301880168271e-12,3
"20702",0.00423777953918557,4.12997071720366e-52,0.00076538186388869,0.000301561225302528,0.994695277371623,5.16979671669547e-60,5
"20704",0.978744051252988,5.20710379326226e-10,0.00954137189299874,0.0117095825982394,4.99373506348755e-06,3.01569112147544e-16,1
"20706",0.0202295258100651,4.64202032045837e-14,0.979770221250692,3.82926166716336e-13,2.52938663862377e-07,1.49891777708038e-13,3
"20708",2.13160122691995e-05,0.922396001545338,0.077582643027103,8.60234293775275e-25,7.21261554729065e-09,3.220267430936e-08,2
"20710",0.670931362594993,2.4443525144772e-18,0.00324055060072674,0.0264551665138404,0.29937292029044,1.15223599979161e-36,1
