"","V1","V2","V3","V4","V5","V6","V7","V8","result$classification"
"19812",0.759127200731566,0.000214234765173856,6.80971357400003e-05,0.0499498116915427,0.190188432594941,0.000356448017175066,1.34365098491183e-06,9.44314128769338e-05,1
"19814",0.986477861670212,3.54434750390162e-06,2.09913841897819e-06,0.000732792269399025,0.0107107502136423,2.17014840900998e-05,0.00205000302839451,1.24784833934906e-06,1
"19816",0.00403270007968404,1.19424907572728e-05,4.38641164200463e-05,0.0106308025030161,0.833814835489282,0.151465149297744,6.99962809965385e-07,6.06028656547829e-09,5
"19818",0.485386758859515,1.25952834784138e-05,2.12042430927523e-05,0.000403717625606313,0.505741005542888,0.000597648981213446,0.00783489885749894,2.17060670751943e-06,5
"19820",6.23145373306797e-09,0.000208923621694136,4.06774706406214e-09,5.24508258088567e-05,0.00389763532864697,0.995840979298885,2.71995694987317e-10,3.53768178497759e-10,6
"19822",3.68407363707825e-07,0.108028689682714,1.72770425510784e-07,0.0156130833431622,0.00476767121576705,0.871579837212074,1.01695069686406e-06,9.16041779593675e-06,6
"19824",0.000129454663572398,6.96807048379371e-05,0.000104563090557769,8.97300291853778e-06,0.621645203825249,0.376833602425686,0.00120828934579481,2.32941383884822e-07,5
"19826",0.766368810056664,2.38300771865667e-06,0.0134641432504376,0.140280710754046,0.0782842508406441,0.00156579349349472,3.21147659632273e-05,1.79383103121364e-06,1
"19828",0.0001332168563335,0.00216841547900069,1.29733143578818e-07,0.000284145044017178,0.499719939413488,0.497692241405887,1.77778399460744e-06,1.34284135766224e-07,5
"19830",0.917121688916353,1.17931262317045e-05,0.00128651103358971,0.0742514801740354,0.00408509674146047,1.07268538664601e-06,0.000104249718338818,0.00313810760460407,1
"19832",0.135236350006105,0.670073873778943,3.0410978262743e-06,0.0385002826555904,0.124234768014519,0.00947061805464925,1.2824788066881e-06,0.0224797839135614,2
"19834",0.00915504090998386,0.0100531431040924,3.62363938859075e-07,0.800983878200151,0.145470489487505,0.0342522586660184,7.76078065319951e-05,7.21946177796704e-06,4
"19836",0.04594865654676,7.24505508657054e-06,0.0220559759909681,0.00234285032374071,0.928223326318484,0.00139784273413422,2.63003741617525e-07,2.38400270855243e-05,5
"19838",0.998913039222517,2.33674327762013e-06,3.24458555391614e-06,0.000495549316204064,0.000279461040719593,1.54634920676712e-07,0.000259693770129037,4.6520686677645e-05,1
"19840",0.0175042937602016,7.89027613299858e-06,0.000715729307976254,0.816428063798706,0.131667542271577,0.0336736683667533,2.75424871359815e-06,5.79699395260566e-08,4
"19842",0.0392271615570422,8.12203618404034e-10,0.960459819622331,0.000284129722110046,1.85576433512483e-05,5.18313892957523e-08,5.3435941326537e-06,4.93521743985941e-06,3
"19844",6.12934702509701e-06,2.01719605719936e-09,1.15578001183111e-05,1.27753887578637e-07,9.79224575326295e-07,1.41143917021658e-06,0.999979777644802,1.47732255252847e-08,7
"19846",0.927968384311527,1.02965703089179e-09,0.00364734976822256,4.98893373533559e-06,0.000171970739456669,2.23996404049571e-08,0.068204896360586,2.38645717496799e-06,1
"19848",0.975781556287263,6.76369080472985e-09,0.000162979198083027,1.28132792163752e-05,0.000193872890060235,3.37358688961917e-08,0.023845958640894,2.77920492374408e-06,1
"19850",0.801500080260053,1.81069592182377e-07,3.75153027281743e-05,9.67821932877179e-05,0.00064624205831044,2.04228349302346e-06,0.197715192520582,1.96431195317733e-06,1
"19852",0.024967442359251,3.66660921641507e-05,1.93027085061733e-06,0.00194555057125731,0.968158461142388,0.00480966689301562,7.98551017327674e-05,4.27569340937502e-07,5
"19854",0.997730899207093,2.26188068303869e-08,3.47858659933407e-05,3.69720784795292e-05,0.000150392272248664,3.0756928184134e-08,0.00204321010507424,3.68709537633753e-06,1
"19856",0.0127396257064689,1.36642491060902e-06,0.000129505834691235,0.000427721150823253,0.000143699870548021,6.02147736253275e-05,0.986496248106918,1.61813201458156e-06,7
"19858",0.000747337157374411,3.5009780200033e-05,1.00222078859487e-05,7.42209958496146e-05,0.0064298549480517,0.00283666374043477,0.989863741676191,3.14949401247613e-06,7
"19860",0.274654091012707,8.60114865985066e-05,2.13219596490496e-05,0.183624264882629,0.528800238125578,0.012786850696589,2.66243272703534e-05,5.9750897887571e-07,5
"19862",0.98503375196679,7.27058273212715e-10,0.0125602173449998,1.17728208626388e-05,7.82779071127897e-05,8.31069746047055e-09,0.00231086051779153,5.11040468793824e-06,1
"19864",1.18176864059495e-06,7.81181870367088e-10,0.999975583052785,4.21347325855985e-07,1.9060151849503e-05,1.52024175262386e-06,8.67981668957452e-07,1.36467479525019e-06,3
"19866",0.000546417018909252,1.0392002564495e-05,0.0189691205715781,0.0945605224022052,0.689278099007673,0.196634539625646,7.3336911664523e-07,1.76002307251846e-07,5
"19868",2.46932924977435e-05,0.0469097787217292,6.59185234433856e-08,0.00223619822487898,3.0149556655237e-07,7.18778106817449e-07,2.63718355813164e-05,0.950801871733116,8
"19870",0.983243834275765,8.33575832291418e-08,0.00124560123823472,4.07248440127068e-05,0.0136546903493561,1.16776751540417e-06,0.0018046108261627,9.28734136997057e-06,1
"19873",0.646520254908929,1.56534426644576e-06,0.00186516484633853,0.00132199958209165,0.349228142968097,0.000459986613378043,0.000601718418821638,1.16731807787868e-06,1
"19875",0.00119550105742463,0.0033019947612969,5.50431121092569e-07,0.070420453668115,0.20734454449165,0.717736789979176,4.77622700404844e-08,1.17848946602763e-07,6
"19877",0.869143932755213,2.2936775363404e-06,7.91077032569041e-05,0.0050111401478525,0.123555982558895,2.18466463811705e-05,0.00216981174946405,1.58847614014942e-05,1
"19879",0.0576290636028894,8.59118360634004e-05,2.51908759352448e-05,0.00593729764769955,0.934235236284044,0.00101974159872856,0.00104238250347725,2.51756511630918e-05,5
"19881",0.895667042757146,1.10788464249036e-06,0.0265587477226167,0.0044710093733604,0.0719773240619588,0.000216974799014639,0.00110177283630403,6.02056495663498e-06,1
"19883",0.580338565756261,7.15521720149381e-08,0.390744856851932,0.00168227423736501,0.0271261932199108,5.9140703736688e-05,4.73922885538865e-05,1.50539006842566e-06,1
"19899",0.0122409809812286,0.000106696909795871,0.000104171818972311,0.904386756691419,0.0820023732864595,0.00108946271966581,2.13581209695807e-06,6.74217803623454e-05,4
"19908",6.65493674441519e-05,0.000120784047436628,0.0132517358184755,0.983875574198205,0.000706074876626395,0.00115127830532116,0.000198132267620991,0.000629871118870747,4
"19910",0.0392763859183421,3.89599885057793e-06,3.48507257021408e-05,0.0002669816132354,0.959373754408386,0.00100800947313361,3.55792966897765e-05,5.42565660616682e-07,5
"19912",0.398970365758339,3.32382775026086e-09,0.597817829525553,0.00278756223484703,5.90067973343709e-05,1.15755264054006e-07,0.000355194566021404,9.92203881296499e-06,3
"19914",0.150108064928126,0.000738417777400546,2.99611248522891e-05,0.349090690473312,0.497498334637576,0.00185770864208786,0.000509608698291018,0.000167213718355084,5
"19916",5.7313498962412e-05,1.94159081520894e-05,0.237684222631128,0.000514646384683125,0.295354899251364,0.466064729272551,0.000299501467494919,5.27158566488016e-06,6
"19918",0.906993801874856,7.89565189836773e-09,0.00243333053563776,3.2881604387029e-05,0.00738171300704868,2.37997837809871e-06,0.0831555109113767,3.74192663792675e-07,1
"19920",0.118836540728635,3.81064811953323e-09,2.69029643856542e-05,5.38970505421726e-05,9.36356712808818e-05,2.07940829191469e-07,0.880988683075194,1.28758485279152e-07,7
"19922",0.184745573026018,0.28946678917589,4.05223597810903e-06,9.95955845076394e-05,0.0882934840214003,0.000387743414287938,9.09451737216115e-06,0.436993668024546,8
"19924",0.83511664589427,1.36534880795821e-06,0.00017568167299076,0.00671365506522534,0.124830936343792,0.000113772520933986,0.0330450780571758,2.86509680384293e-06,1
"19926",0.0184220443885207,0.000852082707144603,0.00281003357263174,0.530544523100721,0.441846367562884,0.00423294042335221,1.35690327524834e-07,0.00129187255441817,4
"19928",2.95440327704159e-07,9.55177233102236e-12,0.999998142523284,3.27528997717488e-08,2.20096935215836e-08,2.78547230229477e-09,4.54544212617514e-07,1.04993455848823e-06,3
"19930",0.980883120572914,7.92899088026602e-07,4.32919494805686e-05,0.000103203075623386,0.0188728860753473,3.55906077595532e-06,8.65184108366772e-05,6.62795593442619e-06,1
"19932",0.998875251213664,1.4079581902279e-07,9.09059214878148e-06,5.60236220385108e-05,0.000351925131915535,8.02022634190112e-08,0.000699758535190679,7.7299069598214e-06,1
"19934",0.0188731504698413,0.0156682649086237,6.9844626326077e-07,0.0775647270678028,0.519561256773689,0.368199277099565,0.000130405599539348,2.21963467509305e-06,5
"19936",0.886776533135364,8.75261968591704e-05,1.65842203660668e-05,0.0605488387823,0.0521932405795881,0.000164601571511346,0.000118813106875381,9.38624071363747e-05,1
"19938",5.12135726776614e-05,0.00512957064672572,5.58850514619597e-06,0.222986972776654,0.120364784459511,0.651416057651757,4.14144946653039e-05,4.39789286211172e-06,6
"19940",0.153287375953347,4.14036370495644e-07,0.00916774692637159,0.000118075667165,0.836902762425523,0.000397029710533613,0.000125229244334855,1.36603635392351e-06,5
"19942",2.88284503232467e-06,1.38802169957179e-11,0.999992634855458,3.99501278137318e-06,2.7620932911404e-07,5.58101855764297e-08,1.10948386393436e-07,4.43049464223122e-08,3
"19944",0.0155971031942592,6.92831399555051e-06,0.000174636700768514,0.00331305661001666,0.974795108274501,0.00610857000289029,4.16607235778839e-06,4.30831210787467e-07,5
"19946",0.312716344641396,1.19971432745167e-05,6.53768439683314e-05,0.00448522449726628,0.669122417412581,0.00123868248553043,0.0123567233187436,3.23365723948321e-06,5
"19948",1.19443850902269e-05,4.10782081231462e-12,0.999986497744436,4.20906994888731e-08,1.0386738595863e-06,2.82798692837499e-08,4.30146585258034e-07,1.86753529607662e-08,3
"19950",0.00119971387170787,2.32056641298466e-09,3.05374568166238e-07,3.43177337145478e-07,8.79181752530249e-07,5.83625232456459e-09,0.998798566541354,1.83696461522538e-07,7
"19952",1.19443850902269e-05,4.10782081231462e-12,0.999986497744436,4.20906994888731e-08,1.0386738595863e-06,2.82798692837499e-08,4.30146585258034e-07,1.86753529607662e-08,3
"19954",0.996163200085991,1.06522198896196e-07,4.09373332536056e-05,4.64587974145279e-05,0.00335879670218677,4.37948590653477e-07,0.000386540676962802,3.52193340132953e-06,1
"19956",0.23787811874346,5.51167383097701e-07,0.0091740061848048,0.0806563549063411,1.19848818496715e-05,1.38055394693366e-07,0.670041657032443,0.00223718902832341,7
"19958",0.000206574747119774,0.0148437846921221,6.70994701304669e-08,9.14106803160993e-08,3.79629022991194e-05,7.43382706590079e-07,6.16370444964911e-05,0.984849138721106,8
"19962",0.524822283896158,0.00121982079242074,0.000264466970384496,0.0215192610936007,0.192064680583253,0.0198996583553505,0.240055181701973,0.000154646606859517,1
"19964",0.283496347366431,9.81371300499194e-07,0.0126553081742378,7.0132383885768e-05,0.697304625984821,0.000379521527831741,0.00607741797958195,1.56652119100265e-05,5
"19966",1.39692290293674e-05,7.31299308355835e-05,0.00357536536207325,0.040373990791871,0.117977775455483,0.837985496747333,1.44210660929496e-08,2.58062308478229e-07,6
"19969",0.982557884128169,1.15414042796943e-07,0.00962241630108362,0.00403321669672118,0.00372287123009303,4.901096472473e-06,5.62040302258301e-05,2.39110319248883e-06,1
"19972",0.691562922687006,3.40670738236801e-08,0.197098236815704,6.85683647442206e-05,0.041836063150765,4.16577037740533e-06,0.0693898640411407,4.01451031885988e-05,1
"19974",0.0983701264122148,4.68805066637994e-11,0.044611928857381,1.30543886893603e-06,1.23343911816728e-05,3.87251142617712e-09,0.857002834896175,1.46608478665804e-06,7
"19976",0.621548470079257,1.73135634645736e-06,0.000229270989590385,0.00289534087956455,0.327469333874471,0.000150172214853417,0.047700870757809,4.8098481085166e-06,1
"19978",0.0181852066751439,8.1588310814357e-07,0.000168487852451888,0.000205301223073361,0.972877168480779,0.00849682627966384,6.61653579873598e-05,2.82477925696529e-08,5
"19980",0.863129267139032,1.75407950745933e-08,2.91447236658285e-05,1.74781769135959e-05,0.000104300158738909,3.04025153710939e-08,0.136715572809389,4.18904895033622e-06,1
"19982",0.144497661349558,1.20036716767611e-06,8.86523798410282e-06,0.000841532430928289,0.000224442743631172,3.82221119633266e-06,0.854411055944658,1.14197148768227e-05,7
"19984",0.000159707654280101,3.21374588851503e-09,1.89771693064775e-06,8.32524421761467e-07,4.52072568761185e-06,4.21248109758858e-07,0.999832600303756,1.66130682175763e-08,7
"19986",1.18577456600816e-07,0.00141002489387408,1.50804371982805e-07,0.00673399289854584,0.0443008920412948,0.947554785965348,1.11616152748385e-09,3.3702947392397e-08,6
"19988",2.49161061407658e-09,0.00176661132866889,1.52171717480482e-09,0.00032154945458085,0.00351248201927839,0.994399348831331,2.23931876957955e-10,4.12888136579078e-09,6
"19992",1.15185222284187e-07,0.00221010074099737,1.50537522331986e-09,0.0102474175610165,0.00385126248552014,0.983691063633953,3.49693599715288e-08,3.9185557548857e-09,6
"19994",0.97404250173438,3.00841620472456e-06,2.94727348824527e-05,0.000470421395031275,0.0254061403231303,4.36627671157384e-06,1.93043966108734e-05,2.47847230488206e-05,1
"19996",4.0968877373235e-07,0.000514455412973285,2.26042532697388e-09,0.000487702441539185,0.0296116305696238,0.969385764558926,3.41885148183071e-08,8.79223620153793e-10,6
"19998",0.0880107102150631,7.7034446793181e-06,0.422764189989042,0.470318298522392,0.011117975443083,0.00278125079684408,0.00497936964966218,2.05019392344119e-05,4
"20000",0.722720192915013,0.000194577701346424,0.00209881920228061,0.147996802693218,0.000132404520894038,5.44151525430519e-07,0.000210977006668729,0.126645681809054,1
"20003",0.906063804009088,2.93409577760989e-05,0.000603008467929532,0.00904862265852386,0.0840835708674559,7.22210250927492e-05,1.07949919469259e-06,9.83525149391436e-05,1
"20005",0.975927171255402,1.07219098590694e-09,0.00169577591909557,1.25713925431389e-05,0.000179586242160459,1.24486707286286e-08,0.0221818895254651,2.99214447219285e-06,1
"20007",0.0406256593958517,0.000773739986720839,6.04124360965949e-06,0.238950681875468,0.708203814938006,0.0111191389184984,0.000309074484192356,1.18491576521281e-05,5
"20009",8.91934589409101e-05,0.00100541132747761,0.000208801677300471,0.00126867352572265,0.22393904190258,0.773236049874406,0.000249249704491739,3.57852908062667e-06,6
"20011",0.748246061798912,3.47103748974357e-07,0.0381019005348819,0.000836301714246493,0.202887041427029,4.18342637192726e-05,0.0098653728116602,2.11403458020078e-05,1
"20013",0.890816174650211,1.00487893710279e-06,1.0653521936505e-05,0.0126960951385628,0.00307231891112992,4.24990199478456e-06,0.0933955413327115,3.96166451643795e-06,1
"20016",9.65817752753054e-07,0.0179323972807443,3.25297259166567e-07,0.00624756863140961,0.0889558518395587,0.886855047916991,5.3722898131992e-06,2.47092647151354e-06,6
"20018",1.65578238276068e-10,0.990547738037664,6.36925822216915e-10,4.39220287259561e-06,6.168546459967e-06,0.00903224726663797,1.14466170087824e-10,0.000409453029395443,2
"20021",0.00157302121934136,0.000788848103512831,3.06616834933231e-06,0.000501703260256419,0.892394533676948,0.104738283101342,2.62783710530754e-08,5.18191879675839e-07,5
"20023",0.0100902437422039,0.000739563719633814,6.52600386991183e-06,0.0462791728385166,0.901165610294072,0.0416772058561679,3.56883259649124e-05,5.9892195706946e-06,5
"20025",8.65321400064854e-07,0.676858314060004,1.31637708706637e-07,0.000307537682124264,0.0115165546540803,0.310788877820353,1.27749920678232e-08,0.000527706049337449,2
"20027",0.601513980860963,3.12663203225918e-08,0.387617008624881,0.00927981021566866,0.00153959034880695,9.74073193111287e-07,1.10901203908191e-05,3.75144897767794e-05,1
"20029",0.981988641898143,1.43483778632757e-09,0.00981898478084134,0.000325177995243676,0.000248688015413469,1.77160240217971e-07,0.00761802141249705,3.07302783109128e-07,1
"20032",0.99197527826868,1.60109491393781e-07,0.00534170782086292,0.000321711858022367,0.00231553406552203,5.88442896925977e-07,7.62630504884741e-06,3.73931294751533e-05,1
"20034",4.96945275091185e-05,4.05923527375246e-11,0.999936238656334,1.50299597212241e-07,1.35678239180614e-05,9.23652038204785e-08,8.87306798556712e-08,1.67556165905986e-07,3
"20036",0.0213572434864407,9.25469930111229e-06,0.000124982057490399,0.966232387012889,0.000204337735724894,0.000243185065158097,0.0118250890419721,3.52090102345247e-06,4
"20038",3.81439792052267e-05,0.0393592281417458,1.35570125663393e-07,0.361032776243246,0.118555541877882,0.48101209475883,1.04944319952353e-09,2.0783795220952e-06,6
"20040",2.1245785404651e-07,0.0128181965351127,4.22153940306089e-05,4.24885843133103e-05,0.0921548328032304,0.894865354053241,1.70693040641511e-06,7.49932418117376e-05,6
"20043",0.000728068996211664,0.00970919159817577,5.64066590930958e-08,0.0158956097488016,0.0950943649826626,0.878572338908094,2.82906392606781e-07,8.64530031299022e-08,6
"20045",4.33020024907831e-09,0.0288503770753732,1.30756281518298e-10,3.9732044362204e-05,0.00341975933851943,0.967690051227979,1.32976508851449e-08,6.25551588410915e-08,6
"20048",1.64238647042894e-05,1.14224682357014e-09,1.32959089395475e-07,5.33759222247797e-08,7.7716160799346e-08,5.4014708938909e-09,0.99998324083034,6.47100653415134e-08,7
"20051",0.613345728165962,0.0509055041933568,6.31272861039221e-07,0.1441144219689,0.118988264856418,0.0609154596657988,0.0116711901291839,5.87997475194254e-05,1
"20053",0.000865880803617321,3.40852455818619e-05,2.06826657700709e-05,0.00110287239364409,0.952244263558213,0.0456760842201658,5.59590126372486e-05,1.72100370886585e-07,5
"20055",0.00169623259543808,0.0286241901424846,5.27215208417231e-06,0.912957087251275,0.0399247981614477,0.0165979303870648,3.89630799436202e-09,0.000194485413898145,4
"20057",3.31723298494242e-07,5.89953697673763e-05,7.74353785025556e-08,7.26644687429322e-09,1.781787139658e-09,1.74177098859057e-10,4.10469464880154e-06,0.999936481554496,8
"20059",0.000516399457283378,0.000420012777628049,6.18501181360383e-05,0.00054730506356607,0.967462209636811,0.0309459913180988,3.8430979268007e-06,4.23885305503705e-05,5
"20061",0.00504961370902169,4.09373319225481e-05,4.70751290091028e-05,0.00230550979052669,0.981643836974632,0.0108936694927274,1.73685086215706e-05,1.98906353840619e-06,5
"20063",3.13620918927132e-06,5.02817527210269e-05,0.000250807198491873,0.000184435027921544,5.09829079154034e-05,0.01800831354639,0.981446352422934,5.6909344369106e-06,7
"20065",4.36655278828958e-08,0.984443867530745,1.07704014523624e-10,0.00012149574169785,0.000456895099319434,0.0149015350835345,2.64927409943197e-12,7.6162768821491e-05,2
"20067",4.05829995391792e-05,0.10693907260738,2.20408733148133e-09,0.00277731049392764,0.103988466513846,0.786046401751941,0.000206242535478158,1.92089380116893e-06,6
"20069",0.612969569909251,4.71277766725205e-08,1.05401338164832e-05,3.43732710977991e-05,0.000110277872205031,7.18083885124338e-08,0.386870521248612,4.59862885227724e-06,1
"20071",0.000807805061139657,3.7665294896521e-06,0.00104342448392881,0.994933435610411,0.0030264236824083,0.000164866770314462,1.19986653473507e-05,8.27919696008622e-06,4
"20073",0.08531846676152,5.04570400773439e-08,0.000366090007971341,2.66007832085083e-06,0.00466589787208992,1.42033079816796e-05,0.909632134068524,4.97446552299103e-07,7
"20075",4.64907312992489e-05,0.0809879335648119,9.20961872484539e-09,0.000483036681781142,4.70997402843003e-07,2.22401648219408e-07,2.18612460237219e-07,0.918481617800978,8
"20077",0.00107967701318055,5.79783282949562e-05,2.51759511285148e-06,0.783755407317076,0.0835155692308684,0.131410636221287,0.000178192638068457,2.16561122661549e-08,4
"20079",0.0344191934338612,0.001620614180316,1.5030931877577e-05,0.0117292553983039,0.00631789766394391,0.0755101433842938,0.870385079731483,2.78527592086817e-06,7
"20081",0.00105997388320443,0.50954067228488,8.4906745892645e-09,0.0583220253644289,0.300987541826144,0.129910806877936,2.74243339619113e-06,0.000176228839335825,2
"20083",0.00293298628273852,3.20367755298883e-05,0.00103433451071115,0.139402727940757,8.7983895920155e-05,0.000477880818719523,0.855989614061713,4.24357139102517e-05,7
"20085",5.7655743643369e-09,0.0142754968523468,4.67574758442467e-10,0.000587002215892101,0.00214522753290344,0.982992255212606,4.66043934438544e-11,1.1906498199152e-08,6
"20088",5.92639301948665e-05,0.0124946854570384,1.67331130706579e-08,0.00755143152993126,0.131219595739175,0.848674835567571,6.06024889810307e-08,1.10440486996575e-07,6
"20091",1.28576502990297e-05,0.935295186609525,3.81263299691854e-10,0.000267559152503969,0.00112187706869876,0.000113285105842653,1.33510642491666e-06,0.0631878989254426,2
"20095",0.00245225054842193,1.13394627379698e-05,0.0267198279365411,0.000472693937654428,0.149533469913258,0.00369410209465333,0.81697731815563,0.000138997951102984,7
"20097",1.3229449958253e-08,0.0587314405647296,2.18117378127319e-10,0.00229666411509509,0.0020349740555647,0.936936840688678,7.38565572279372e-11,6.70545087115975e-08,6
"20099",0.00027652089719278,9.40346155133797e-07,0.0973695135744353,9.56557823334241e-05,0.553143002958942,0.346781255462323,0.00233307816300098,3.28156174274089e-08,5
"20102",0.000460261919415467,0.00709292513302548,8.22097187711041e-08,8.92201167568318e-05,0.000466220553811484,5.27239583877701e-05,0.981933317914269,0.00990524819461537,7
"20105",0.00153989838920269,0.00284681393345692,1.73349277011043e-07,0.0016305883921712,0.243808283363042,0.749723017519389,0.000451152473702526,7.25797585947148e-08,6
"20107",5.00270505458503e-05,0.000469772557512091,6.3323977676042e-07,0.118072834785913,0.424560413782841,0.456845987210976,2.8441809929125e-07,4.69543351601013e-08,6
"20109",0.00566968617592827,8.2874179687004e-06,0.000453324207907777,1.12554970530537e-05,0.713514217046678,0.113517286167243,0.166825821712229,1.21774991807519e-07,5
"20111",0.0332238539258556,0.00111836476504865,1.27670705477819e-06,3.06330986638055e-06,5.00940205117694e-05,5.6177581696711e-08,0.000464587731038221,0.965138703363043,8
"20113",0.000476010284889343,1.76157576736918e-05,0.00332860089019921,0.814072180188928,0.139905152760953,0.0421996217636567,1.27032209869455e-07,6.91321489784617e-07,4
"20115",0.984905499048917,3.21901085907165e-06,0.0036588098284202,1.14306822595514e-05,0.00325966568252578,2.86308305894424e-07,0.000185791510870023,0.00797529792784256,1
"20117",9.65605185886104e-05,0.0376005739701077,0.157783522310446,0.0104846137042677,0.0324993146402715,0.0177230127771895,1.32122791819834e-06,0.743811080851211,8
"20119",1.46338393550409e-05,2.97219634694766e-05,0.0165951116496767,0.0469496302091452,0.080117614913999,0.856293193551921,6.00475256728323e-09,8.78676808569766e-08,6
"20121",4.09548302801838e-06,0.00168389913460672,2.6280797655736e-07,0.0758715897826661,0.139968244950979,0.782471815702272,7.01854123266425e-09,8.51199310817253e-08,6
"20123",1.81253317594293e-06,0.979210083028572,6.4536771158642e-10,0.000795880601639892,5.32479739897638e-05,0.000146073263294258,2.01371400642198e-09,0.0197928999402459,2
"20125",0.930664788643861,4.91923959405811e-07,5.85208143712808e-06,0.000713447988207344,0.0011201148832604,5.737979593477e-07,0.0674820999941693,1.26306871466201e-05,1
"20127",1.33118901832844e-07,0.00071253186647584,3.24118989041814e-09,2.99908217740026e-05,0.00295670166421797,0.996300467035667,1.70233152370726e-07,2.01862065157907e-09,6
"20140",0.000514944913253293,0.00170617341198166,1.16688574436289e-05,0.993670973309259,0.00285567888657732,0.000512866837057732,1.0159482729504e-08,0.000727683624944096,4
"20142",0.00401389356867538,5.05463800357852e-09,6.14848823855731e-07,3.50828251485554e-06,1.77677987196519e-06,8.88034867621858e-09,0.995979598171254,5.94413873486232e-07,7
"20144",0.929696695340388,7.85912602218381e-05,2.68809088153272e-05,0.0127436569642219,0.000505676748717818,2.87053929671987e-07,0.00430833524601931,0.0526398764776858,1
"20146",0.288713032257918,0.000168225686892793,2.33049984817823e-05,0.348726213902679,0.00205334646678822,0.000139412659359393,0.35991769690189,0.000258767125991363,7
"20148",0.950014676743473,2.14116881749386e-05,1.1446403934277e-05,0.034894149659301,0.0148041638965138,0.00014054921110022,0.000109908785997574,3.69361150512386e-06,1
"20150",0.657046431073734,5.3379179157122e-10,0.00266502758677857,4.43723483259151e-06,3.39822045483363e-05,6.80718705355925e-09,0.340247432926784,2.68163234333566e-06,1
"20152",0.86635370502627,4.20501865828065e-05,6.57328691401227e-05,0.0413812071401649,0.0911786428476731,0.00088527808523529,8.62160724385266e-05,7.16777249545466e-06,1
"20154",1.72330816069923e-07,0.995285577750584,6.34812175128786e-12,5.76208020608277e-05,3.69441333607352e-05,0.00455603453067309,4.25319922414165e-07,6.32251262343419e-05,2
"20156",0.0108394815163966,0.00121980042693719,3.55718233884065e-05,0.478292717951416,0.464316036234378,0.0145805381209983,0.0304325361919011,0.000283317734584707,4
"20159",0.491004157631573,8.76671279847863e-08,6.15574577982327e-06,9.32590723438864e-05,9.28620605996413e-05,7.49799092975156e-08,0.508794737051823,8.66579084425295e-06,7
"20161",0.00305607376489065,1.0563797881637e-06,4.22937760973775e-05,0.00101996328825442,9.42772383908061e-05,1.75838853835773e-05,0.995761994519825,6.75714737002103e-06,7
"20163",0.870257548229993,0.000444061299454813,0.000774331792744775,0.00152410285816018,0.124717332364735,0.00209012217539682,2.03589318168479e-06,0.000190465386333986,1
"20165",0.000188954341680357,6.54488961471096e-06,3.26950504099465e-07,4.22620388347997e-06,0.00107319579214352,0.00172487374788285,0.997001812235477,6.58388138722882e-08,7
"20167",0.975355348727522,1.12535080187868e-06,8.11745602498312e-06,0.000458073275586675,0.0189974584568413,4.77354995963378e-05,0.00513186083762353,2.80396003480005e-07,1
"20169",9.52634918541923e-05,1.27087459621277e-09,1.67164236163425e-07,2.16519611989544e-07,1.60114329583357e-07,4.16127419634042e-09,0.999904079526434,1.07751385296326e-07,7
"20171",1.11922482528012e-08,0.996832464109275,5.03591145562089e-12,6.57888821730529e-05,7.21524674045203e-06,0.00290764274859523,1.00009398769563e-06,0.000185877721945021,2
"20173",0.000278017188903651,1.20750349110124e-06,0.714618185993551,2.19546244684492e-05,0.00977048591543696,0.0431718879869474,0.232136223090147,2.03769705512661e-06,3
"20175",0.947219528391709,6.07643635814505e-07,0.000246430142727912,0.00215406235577367,0.043527403603065,6.93791832493681e-06,0.00682314008116962,2.18898635935645e-05,1
"20177",0.000550583554639468,1.1944873095126e-06,0.459823845029813,0.000742525243200169,0.35154624385932,0.187249505178344,8.56807988322217e-05,4.21848540504212e-07,3
"20180",2.28964828741852e-06,0.0107517747213242,2.07865652846555e-06,0.00550742226269761,0.114479692164676,0.869255258881766,1.85034678692655e-11,1.4836462163256e-06,6
"20182",0.000124539327275265,1.76026863543744e-08,0.00149135193809948,2.07244546008425e-08,2.91125705648402e-08,4.07367734489552e-10,0.991654293130719,0.00672974775682685,7
"20184",0.0270861584631857,5.13393841024223e-08,3.52914476877828e-06,0.000137471792671305,0.000211689175256587,9.80775854113997e-07,0.972559724112686,3.95196192982808e-07,7
"20187",0.000360462308162438,6.39781244801383e-09,0.992985671438266,0.00278934763187117,0.00281096988053524,0.000300813861903666,0.000752434169008156,2.94312441243957e-07,3
"20189",0.00544318431038563,1.607240836222e-06,0.00464206353450443,0.000207425169105096,0.944484368905343,0.0452200141211999,1.30530670644363e-06,3.14119195909272e-08,5
"20192",0.00101157792114318,0.104053923534806,0.013602678181585,0.000174320153244627,0.361502000434575,0.493762161898031,1.49679835124873e-06,0.025891841078264,6
"20194",0.0492145046139062,1.71890620430254e-08,0.148956067533753,0.0958506731958454,2.2659414087516e-05,3.92847172526486e-06,0.705948988345496,3.16123612471812e-06,7
"20196",2.8139073444126e-06,0.715244723759262,4.85567527412554e-09,0.00117554298714581,0.00938586401891734,0.274176039224936,2.2316646124568e-08,1.49889300733877e-05,2
"20198",0.291589004128073,0.00116866538545626,0.000240016766326787,0.174211981920141,0.518128790730124,0.0137590864897891,0.000413952107650742,0.000488502472439172,5
"20204",0.638563277287904,1.53362998419217e-07,1.20417688570712e-05,1.08881867659907e-05,0.000203060788949759,8.73938938193645e-08,0.361189533982554,2.09572280767601e-05,1
"20207",1.53391065712477e-05,0.445198648309899,7.28907702028999e-10,0.0195200923393856,0.0174925318986189,0.517749447747103,1.50042523728969e-05,8.93561714197279e-06,6
"20209",0.170425906135564,0.000216192798119934,0.0126309137418979,0.00517057628932806,0.0012088256334701,9.30970676525743e-07,4.17361763881131e-07,0.81034623706918,8
"20211",3.08587943004934e-06,0.995893468165201,6.5396527081488e-12,0.000999402838482251,2.68100912000678e-05,5.07296157774639e-05,1.26630276758306e-08,0.0030264907403417,2
"20215",0.000562691733607605,0.000400910774085817,5.94245341684639e-07,0.905190814667741,0.00593162504232081,0.0879094462025855,3.87784137642897e-06,3.94929409609959e-08,4
"20218",0.0185218168758129,8.31860031352232e-09,9.4636203852368e-07,1.95779140346636e-06,6.60761673399339e-06,1.42244335583704e-08,0.981467963354531,6.85456446232986e-07,7
"20222",0.00160120112890736,0.381249894031592,1.00818282208425e-08,0.0382750811377447,0.021665585083601,0.557160773324473,3.63329658767472e-05,1.11222459769138e-05,6
"20225",0.95952902173239,7.81312570112263e-06,0.000166829986883294,0.024843066978431,0.000135376903707721,1.8981571997704e-06,0.014566905525493,0.000749087590193686,1
"20229",0.00139166681223714,6.06792670465549e-05,5.44600784806981e-06,0.998419435356735,3.62968952352078e-05,9.88319723367391e-06,3.91605022465292e-06,7.26764134395989e-05,4
"20232",0.0050491808806389,0.00328625000714309,5.26426537429174e-06,0.580125337708108,0.398515722355139,0.0129282236664238,3.01205321203576e-06,8.70090639616581e-05,4
"20234",2.7151233288776e-09,0.149260617465371,6.14234934007094e-08,6.89140163326987e-06,0.00211038380647454,0.848604484382865,4.79130433162396e-11,1.75587571264962e-05,6
"20238",4.19698859296056e-05,0.00427287808161142,3.21851468815168e-07,0.0136761626170225,0.506947589743186,0.475053058018679,6.7209794934258e-06,1.29882260952913e-06,5
"20253",3.84836069985935e-06,0.000705263556691236,1.47340377631421e-07,0.52946708797705,0.00250372540430128,0.467319703615714,2.12505119979234e-07,1.12400459915032e-08,4
"20255",0.995593669550427,2.23816798194254e-05,1.38389335542562e-06,0.00197519385059296,0.00213662589859282,8.24112944574284e-07,0.000101209451452085,0.000168711562815888,1
"20258",1.08586070452172e-05,0.000284430252945362,3.53436725348375e-07,5.39450308795722e-05,0.204653796824474,0.794996593309571,1.10256726142989e-08,1.15126861893813e-08,6
"20269",0.00565337934887882,6.59365479814706e-05,1.0201220608637e-05,1.52474578037778e-05,0.875620979619965,0.101264836302335,0.0173691989741482,2.20528278765348e-07,5
"20271",2.59459383210352e-05,1.09755001286129e-05,0.00577528920808459,0.000110669504359348,0.252066767388858,0.74201025172923,3.80190642824548e-08,6.2711954021469e-08,6
"20285",0.0133342581087697,1.7536807355634e-07,0.976625978990322,0.0075680785840283,0.00170278477447348,0.000261065217387851,0.000501369265541165,6.28969140358109e-06,3
"20288",0.00104788921662581,0.000737895289962977,9.659951737369e-07,0.873958537243526,0.0729673165143419,0.0512697340710326,1.69778309380549e-05,6.8383839836488e-07,4
"20291",1.07064375915036e-05,0.505084390440075,7.10432413239792e-08,0.00390214486725162,0.363084903657971,0.126746185905872,9.64718695352516e-07,0.00117063292930304,2
"20295",0.0116033347385217,2.18206871042532e-05,0.0550608325128177,6.82221038071423e-06,0.858013660223744,0.0710137981890068,0.00427122250518803,8.50893323689114e-06,5
"20298",0.998421590517775,3.09788776459355e-08,3.19607126972308e-05,0.000162989523267357,0.000175359148831561,4.40969682038868e-08,0.00120377858695385,4.2464346285261e-06,1
"20302",0.358533064543615,1.80943106885331e-07,0.00189498091837398,3.81417776381044e-05,0.00664534639775017,1.3364001419976e-05,0.632867841431536,7.07998656069193e-06,7
"20305",0.998603103529449,7.92232420052396e-09,0.00102010501095635,3.5851812929027e-05,0.000187843403426205,3.61771326944005e-08,0.000147992489344148,5.05965443795647e-06,1
"20307",9.65390180091723e-07,0.00387715386252763,3.14980080112401e-09,0.00140058405905471,0.102933476701054,0.89178778363488,9.54835426816343e-09,2.3654147882381e-08,6
"20310",1.96100544140332e-09,0.00271025003792399,9.84823262708623e-09,2.37297862417787e-05,0.00118320978972296,0.996082781221274,1.02955688095873e-09,1.63260421619448e-08,6
"20313",0.000451127187279444,4.84492495657801e-11,7.5682490586988e-06,4.74218935195039e-08,1.52644254009811e-07,7.04616916800465e-10,0.999541046895674,5.68487745680942e-08,7
"20315",6.84407098965143e-05,0.00029280580851337,7.30179460369944e-06,0.016275896907342,0.338603256379214,0.644752050414166,1.79163891716805e-07,6.88223725111787e-08,6
"20319",3.43325052573051e-06,0.891266323539981,4.83791387657050e-09,0.00549870260738103,0.000572734572940575,0.102610800754565,6.89118895070659e-09,4.79935455036872e-05,2
"20321",2.35770862402342e-06,0.000133305927725404,1.23770290105021e-07,0.00306407847292287,0.00936751197022605,0.987431197855071,1.42286780983484e-06,1.42733097942933e-09,6
"20327",1.96905261615391e-06,1.82625752210184e-05,7.59475603145821e-06,2.07131609004494e-05,0.272823023832594,0.727128397738647,3.58198105937865e-08,3.06417954391984e-09,6
"20329",3.37975237144185e-05,8.95893924026596e-13,0.999942959467917,1.23130033333202e-06,7.74158593358406e-07,9.41719055320204e-09,2.1213189030844e-05,1.49423251166804e-08,3
"20335",3.15344579606049e-07,0.645403186143495,3.9959832840242e-11,0.000226065739846051,0.013175984407994,0.341191151512296,1.70471404576055e-07,3.12634042437004e-06,2
"20337",0.862079930851786,1.17987121873775e-07,5.95867289254644e-06,3.98227216104442e-05,0.000197545355754792,9.34671313802974e-08,0.137669390314054,7.14062964985293e-06,1
"20339",0.00259707982848354,0.171672849689503,0.000164572661537899,0.4885871616989,0.000534957965003698,0.000841611253328222,1.022500248238e-06,0.335600744402995,4
"20341",2.67867560052005e-06,0.983312890223274,1.07359210070182e-09,0.00216342567195888,0.00143168790166032,0.00574613279210777,0.000322211739957516,0.00702097192184933,2
"20343",2.89796445881026e-07,0.0182188215944944,5.00890632696009e-09,0.000212089293540935,0.00282843926767056,0.978725391322862,1.47245299697093e-05,2.39186110140514e-07,6
"20345",0.895980740732791,1.97563236255914e-06,0.0290869411596033,0.0108919689097906,0.0639235247509944,4.36071897745284e-05,2.43418092404149e-06,6.88074437598287e-05,1
"20350",0.00105310261602025,0.00106722698481763,0.000111720008802532,0.991606061681053,0.000938778129277991,0.00344096302762352,0.000783130007571204,0.00099901754483426,4
"20352",0.000238538871010299,3.75208063516045e-09,1.4756673738757e-07,9.42681385892232e-08,8.41389863612779e-07,3.08362482016572e-08,0.99976029605349,4.72624315939286e-08,7
"20355",0.0109596573270771,8.83874448358251e-06,4.61539452479822e-05,0.000326886892184068,0.00203710432330329,0.000105041930947536,0.986484160287709,3.21565490475198e-05,7
"20358",0.0165916261501786,1.18837090689161e-10,0.978391230306985,1.08137919184588e-05,6.54454017808565e-06,2.16464390529745e-07,0.00499943082471906,1.37802792933218e-07,3
"20363",2.53407123940532e-05,0.000329431978972373,6.46321728794106e-08,0.00653782901036348,0.0381097344258097,0.954995729732776,1.86742725901695e-06,2.0802521314302e-09,6
"20365",0.00447471059619996,0.792174655706378,4.75729218308548e-08,0.0774927161360411,0.102636345613274,0.0214987689248805,2.82831003486987e-07,0.00172247261930066,2
"20379",0.976987875365539,9.64184407502242e-06,0.000173599764290783,0.000223541270279623,0.0149324371952335,7.35854067725917e-07,0.000492860319817642,0.00717930838669679,1
"20387",7.9117920894961e-05,0.0135715306594396,2.00849084945034e-08,0.00035015780057015,0.49242782358978,0.493570778367808,7.37865646673033e-08,4.97790033504411e-07,6
"20392",4.78524455269039e-07,0.998885116504088,4.39817268033923e-12,6.69501589850619e-05,2.82984742911949e-05,0.000127667722932703,3.58754222087765e-10,0.000891488252095448,2
"20395",0.591253648664619,2.82470625716059e-05,1.98817399831787e-05,0.36644491051669,0.0414405181000165,0.000225198578943721,0.000572068733713489,1.55266034623622e-05,1
"20397",1.40118220397364e-05,2.05203170307458e-12,0.99781827941816,3.15496183697715e-08,5.10274483325759e-08,1.53371547651061e-09,0.00216738411368524,2.40533280221274e-07,3
"20410",0.000934857416322391,0.000581605023127426,8.99406995746444e-05,0.000972630724492194,0.8813449986053,0.116074104322791,2.85634263413745e-09,1.86035205002503e-06,5
"20414",0.830507354338812,4.50725192074777e-07,4.77971138279663e-05,1.257279023589e-05,0.00383500811963243,1.15603651794656e-05,0.165583907636221,1.34891089940595e-06,1
"20417",1.35969311931371e-09,0.685071358676996,2.5849421466531e-06,8.23774619857553e-05,2.39882978593371e-05,0.313865808989716,6.32861152746376e-10,0.000953879638742195,2
"20419",5.90571642721984e-07,2.68047688299135e-06,2.49988891120294e-06,8.24645267046679e-05,0.0330707174579523,0.966840892628779,1.54403475553786e-07,4.56515173284776e-11,6
"20421",0.182859776539652,0.00101930352545127,2.41052705785581e-06,0.000480577207325138,0.0293307192452992,2.61756272365472e-05,0.770469115224102,0.0158119221038761,7
"20423",0.696411106402774,2.71413664712542e-06,3.43862383762894e-06,9.13303172449538e-05,0.00256558979885711,7.51345389550779e-07,0.300792142319313,0.000132927055936301,1
"20425",0.346027649339467,2.51073957537064e-05,1.02540305726314e-06,0.0230256857444277,0.000283238733280767,7.20822452847103e-06,0.630602699958941,2.7385200543596e-05,7
"20427",0.724735764065462,9.51180821678884e-06,3.90669919787235e-05,0.00613883791130842,0.267975920305104,0.00098323906588284,0.000116810735300815,8.49116746123459e-07,1
"20429",8.80962825498179e-06,0.00330018649161832,4.19418300492761e-05,0.0221553769612516,0.13274990292505,0.841558702560701,0.000172507527578066,1.25720754968974e-05,6
"20432",0.270636068709047,5.8283029589853e-09,0.000405488589333581,5.62530867923531e-06,0.000116539811383049,5.47408112489646e-07,0.728835361724033,3.62621108728503e-07,7
"20435",0.0190518686650855,0.00639031107539858,3.64184704805811e-05,0.0595830743478697,0.889094461299727,0.0254792234970236,1.37285481255695e-06,0.00036326978960285,5
"20438",1.79857870247452e-05,1.24631529820131e-05,1.2292634202556e-05,0.034134813664102,0.0159919212811507,0.949702593558714,0.000127928502450608,1.41937309282315e-09,6
"20440",9.52011932160512e-06,5.66410541468932e-05,3.39233989840859e-06,1.81105257716505e-05,0.202948629206881,0.796959339336007,4.3588977892606e-06,8.52018446484249e-09,6
"20443",0.000241117891171457,4.05130012372959e-07,8.65646008787961e-07,0.000395172871189033,3.87412238451058e-05,2.81493975198303e-06,0.999319110313876,1.77198414524844e-06,7
"20446",0.378083234882147,0.00153845142086434,0.00180700950150811,0.0110872104054193,0.471819839539027,0.13267706729158,0.0029498982996736,3.72886597810828e-05,5
"20449",0.00853823999274837,0.00159112836635909,1.34892339540486e-05,0.807645704684183,0.172555645386261,0.00961386743603579,1.96027438078086e-06,3.9964626077845e-05,4
"20537",0.000892977804207448,0.418362876903871,2.14185771090233e-07,0.000428485633266066,0.504875101087764,0.0728885295348541,5.84680230388135e-05,0.00249334682722716,5
"20540",2.56354837576827e-07,0.988322136048556,2.33762499839908e-10,5.03386671541425e-06,0.000847351359667581,0.00064335390613933,3.83594296303379e-10,0.0101818678467279,2
"20543",0.14593480566863,9.07570323807967e-05,7.16178219446579e-06,0.000712016957509523,0.851333199980086,0.00121854111120342,0.000692165100238104,1.13523677569861e-05,5
"20545",2.01267898759256e-06,0.99713406940563,2.57105474986321e-12,2.23117567668049e-05,2.39631855115875e-05,5.37993218914834e-05,3.33541279028554e-08,0.00276381029451344,2
