"","V1","V2","V3","V4","result$classification"
"19812",0.0356496136732268,0.962987001979278,0.00134935551069412,1.40288368006836e-05,2
"19814",0.00602021601048402,0.985994761858349,8.97330427638784e-05,0.00789528908840268,2
"19816",0.966007722932977,0.0339638255536164,1.9367425920217e-05,9.08408748684161e-06,1
"19818",0.0806052390648742,0.894968794048731,0.000161761652432504,0.0242642052339627,2
"19820",0.999867247735971,4.2533110918662e-06,0.000128469492936917,2.94600005247506e-08,1
"19822",0.943304680314555,5.73278496012464e-05,0.0566269799164874,1.10119193558438e-05,1
"19824",0.992996547590992,0.00263509252835478,0.000123928357624497,0.00424443152302852,1
"19826",0.0389741241086887,0.960813539876791,3.42977436059152e-05,0.000178038270914087,2
"19828",0.997933118774405,0.00148741651859904,0.000567761363996385,1.17033429998149e-05,1
"19830",0.00063790310750256,0.997879538654338,0.00101550023107501,0.000467058007084448,2
"19832",0.182242043052486,0.260349840321102,0.557395784217489,1.23324089223844e-05,3
"19834",0.88811395080515,0.0916804469034697,0.0197608498749336,0.000444752416446944,1
"19836",0.242725252382606,0.756899321901941,0.000355230147174861,2.0195568278954e-05,2
"19838",0.000231356735351641,0.997506946274195,0.000254361560874784,0.00200733542957818,2
"19840",0.728270702594932,0.271558665781101,0.000103473453155115,6.71581708124578e-05,1
"19842",0.000163458233109865,0.998830634698501,6.72102793943308e-06,0.000999186040449703,2
"19844",3.98006974654358e-05,9.61496955984814e-05,4.65670207509909e-07,0.999863583936729,4
"19846",3.62100335388793e-05,0.789635346771814,9.78024889581985e-07,0.210327465169757,2
"19848",6.76834728239819e-05,0.908046211551624,3.9798316726638e-06,0.0918821251438792,2
"19850",0.000674809685862939,0.674132503094177,2.08097361340357e-05,0.325171877483825,2
"19852",0.693316974837623,0.305102408817587,0.000487048499092745,0.0010935678456975,1
"19854",7.18482082693615e-05,0.986466785662701,9.49971134068933e-06,0.0134518664176886,2
"19856",0.00219952974196203,0.0387545462328244,6.32985826653497e-05,0.958982625442548,4
"19858",0.0499301880963845,0.00787997217022444,0.000493892272718328,0.941695947460673,4
"19860",0.360343387944696,0.639180594431373,0.000315532052272411,0.000160485571659121,2
"19862",1.84554972293155e-05,0.98259526498136,1.05006356866485e-06,0.0173852294578426,2
"19864",0.304421021739275,0.52328224361536,0.00234887781666887,0.169947856828697,2
"19866",0.984027998176894,0.0159060528297001,5.41913963784646e-05,1.17575970278498e-05,1
"19868",3.91280057474244e-05,0.000275087725937226,0.999548041525008,0.000137742743306989,3
"19870",0.000768129133617061,0.990772393669985,1.07068397290137e-05,0.00844877035666932,2
"19873",0.0362978409653357,0.961102181128625,2.50028698205771e-05,0.00257497503621902,2
"19875",0.992167293669629,0.00710498783359319,0.00072720991723013,5.08579547244859e-07,1
"19877",0.00790281059060136,0.986860422057544,9.49338030489333e-05,0.00514183354880608,2
"19879",0.342552750648286,0.645880182843535,0.00252275450695892,0.00904431200122058,2
"19881",0.0139011822860385,0.982725611803817,2.70469387071834e-05,0.00334615897143706,2
"19883",0.00543162407579581,0.994088188543727,4.22347740736129e-06,0.000475963903070274,2
"19899",0.39145534363256,0.596789121259681,0.0116146574452659,0.000140877662493166,2
"19908",0.60699852191711,0.128704523127794,0.22106549551825,0.043231459436847,1
"19910",0.36911317322194,0.62965460931506,0.000165988814936739,0.00106622864806339,2
"19912",8.33790248926899e-05,0.995317578045331,4.00737162825374e-06,0.00459503555814797,2
"19914",0.259409648075184,0.729098396703344,0.00930405423661551,0.00218790098485667,2
"19916",0.994247451662725,0.00338971371244567,0.000211673965775423,0.00215116065905341,1
"19918",0.000934256656477017,0.837661302711229,1.30471047226168e-06,0.161403135921822,2
"19920",0.000101659302589196,0.137128494798168,1.25622857107565e-06,0.862768589670671,4
"19922",0.028392122286439,0.286346904603974,0.685159162234691,0.000101810874895879,3
"19924",0.017501718373621,0.93528340163552,4.53381903263627e-05,0.0471695418005327,2
"19926",0.516130446624733,0.459953673175355,0.0239074685527087,8.41164720290725e-06,1
"19928",0.00770547892926739,0.504279786662366,0.00104323842299735,0.48697149598537,2
"19930",0.00195293111256741,0.997316911060375,3.87890435941586e-05,0.000691368783463698,2
"19932",0.000155898737572916,0.994605797791541,3.10412687903075e-05,0.00520726220209568,2
"19934",0.960613031578274,0.0358470224687166,0.0033415447575434,0.000198401195465864,1
"19936",0.0200494052500069,0.978068734330127,0.00137002435678373,0.00051183606308267,2
"19938",0.994823134784901,0.00107348674362179,0.00400706611401146,9.63123574659877e-05,1
"19940",0.0846185266119413,0.913363159392615,2.29281782451402e-05,0.00199538581719856,2
"19942",0.0262529998150656,0.936847582187177,0.000160093829169034,0.0367393241685882,2
"19944",0.698799638095614,0.300906748173813,0.00016269698550616,0.000130916745067285,1
"19946",0.143621092706216,0.826911276073548,0.000221164335911171,0.0292464668843251,2
"19948",0.00939962850744281,0.929630545163855,1.90916931931017e-05,0.0609507346355092,2
"19950",4.43535467655999e-06,0.00339064120233364,1.34115559812678e-06,0.996603582287392,4
"19952",0.00939962850744281,0.929630545163855,1.90916931931017e-05,0.0609507346355092,2
"19954",0.000488243199808994,0.996743183210245,1.41242774931423e-05,0.00275444931245267,2
"19956",5.19910244182715e-05,0.340086258975115,0.000400279399067173,0.659461470601399,4
"19958",0.000437527303305038,0.00460322856496435,0.993168967023873,0.00179027710785733,3
"19962",0.234516094666863,0.590192325480075,0.0046785618539407,0.170613017999121,2
"19964",0.0567361038360147,0.911224730372457,5.86979280239156e-05,0.0319804678635048,2
"19966",0.998926715594793,0.000925020428117725,0.000147829327702542,4.34649386869053e-07,1
"19969",0.00101740790744689,0.998568526928856,7.88851617855863e-06,0.000406176647518674,2
"19972",0.00128923364483922,0.856085006542588,7.53506250388585e-06,0.142618224750069,2
"19974",2.86126525135141e-06,0.0797446790498953,9.14008039313429e-08,0.920252368284049,4
"19976",0.026275896110276,0.905767678096525,6.19003668890806e-05,0.0678945254263101,2
"19978",0.701867771915862,0.296600451848246,2.29235630025777e-05,0.00150885267288931,1
"19980",5.46360356698368e-05,0.686599416540898,8.34436587774009e-06,0.313337603057554,2
"19982",0.000675840321556235,0.178769370425445,0.00012309108415798,0.820431698168841,4
"19984",5.82332792870751e-05,0.00115548339215455,7.85592774209985e-07,0.998785497735784,4
"19986",0.99939944576688,2.21552985784063e-05,0.000578366265611283,3.2668930283178e-08,1
"19988",0.999073067780686,2.24088146719018e-06,0.000924672135723919,1.92021231614553e-08,1
"19992",0.998983084262784,2.20883839668323e-05,0.0009941790254663,6.48327782836309e-07,1
"19994",0.00239828434220073,0.997308795536875,0.000113426742401121,0.00017949337852365,2
"19996",0.999825400155553,3.55362763180462e-05,0.000138526940373018,5.36627755482909e-07,1
"19998",0.10509189238201,0.861234527962266,0.000535941889701315,0.0331376377660238,2
"20000",0.000262412787081162,0.977119505562762,0.0213621924867547,0.00125588916340181,2
"20003",0.00996148134256801,0.989662299994969,0.000362769677211532,1.34489852515371e-05,2
"20005",3.10086105105857e-05,0.912866409479117,1.26260165998209e-06,0.0871013193087128,2
"20007",0.677715597310245,0.315456232460501,0.00517162834166265,0.00165654188759127,1
"20009",0.996594257213407,0.00169882282846778,0.0010406043692174,0.00066631558890791,1
"20011",0.0070757710430381,0.969729464821353,2.14135386247008e-05,0.0231733505969845,2
"20013",0.00189555677160344,0.880709728439744,7.77082473202394e-05,0.117317006541332,2
"20016",0.99326915601988,6.87825757884808e-05,0.00664158115660415,2.04802477275152e-05,1
"20018",0.0194037696390622,2.73983391881536e-07,0.980595936803369,1.95741769434612e-08,3
"20021",0.979996465082622,0.0193067601540733,0.000695863402546156,9.11360758412672e-07,1
"20023",0.918732979301977,0.0786992230351833,0.00237123311881343,0.000196564544026476,1
"20025",0.581944696801259,0.000116759231911529,0.417937952703992,5.91262837115642e-07,1
"20027",0.000346869668370314,0.999485943595316,9.86258424950997e-06,0.000157324152064306,2
"20029",0.000115703919026908,0.969744538954677,6.63622282008286e-07,0.0301390935040136,2
"20032",0.000332314703292023,0.999536746660055,2.01814629832553e-05,0.000110757173669664,2
"20034",0.0122655750534618,0.98248220646417,3.52597117692758e-05,0.00521695877059896,2
"20036",0.0592064030489044,0.747607184795799,0.00314118709784137,0.190045225057456,2
"20038",0.989992939607084,0.00095333320761202,0.00905370250531379,2.46799901680814e-08,1
"20040",0.98558203720785,4.25599325339447e-05,0.014353824220772,2.15786388442925e-05,1
"20043",0.994485814220394,0.00419829339486215,0.0013137534653781,2.13891936615418e-06,1
"20045",0.991302012225537,2.30838130683428e-06,0.00869525411140414,4.25281752324861e-07,1
"20048",1.90451456351192e-06,0.000153944928577653,7.95398851376978e-07,0.999843355158007,4
"20051",0.446828605526428,0.5087098533921,0.0324021347927747,0.0120594062886974,2
"20053",0.97964562709688,0.0197275224266627,0.000175875047681173,0.000450975428775699,1
"20055",0.770643068919895,0.0789031243208229,0.150453256702857,5.50056425175352e-07,1
"20057",4.70208549397652e-06,0.000433746774879105,0.996488154668531,0.00307339647109561,3
"20059",0.975544411337749,0.0202461460487702,0.00412417412571221,8.52684877681253e-05,1
"20061",0.86763795533587,0.131242110529977,0.000745003121791662,0.000374931012361794,1
"20063",0.0198483066433704,0.00015369838198423,0.000831080499683513,0.979166914474962,4
"20065",0.169214296966665,2.4295607942819e-05,0.830761406076095,1.34929720791611e-09,3
"20067",0.984739085247536,0.0004377226621883,0.0145740073302762,0.000249184759999896,1
"20069",7.72924731805191e-05,0.447947762911849,1.40805232314706e-05,0.551960864091739,4
"20071",0.381738810825646,0.606342046916117,0.00827645077319799,0.0036426914850389,2
"20073",0.00157355611879205,0.114267631234691,3.43853831812335e-06,0.884155374108199,4
"20075",2.55548553005939e-05,0.000379215411752639,0.999592261236253,2.96849669380819e-06,3
"20077",0.981194887241007,0.017914167455656,0.000215591824802013,0.000675353478535161,1
"20079",0.236804750224851,0.0882791301587067,0.00307694116712363,0.671839178449319,4
"20081",0.829030359112712,0.0074396664894919,0.163516436171282,1.35382265141078e-05,1
"20083",0.00856476893587692,0.0276107968129142,0.00173309634549651,0.962091337905712,4
"20085",0.996286719611491,3.69052258162102e-06,0.00370958450588939,5.36003775965961e-09,1
"20088",0.99778508396642,0.000709171142433058,0.00150527660855039,4.68282596888555e-07,1
"20091",0.00349502020813631,0.000152174877554917,0.996347290818701,5.51409560803968e-06,3
"20095",0.0668328649414919,0.0257680008808018,0.000428609332139011,0.906970524845567,4
"20097",0.98590113729284,5.99395202367545e-06,0.0140928621145609,6.64057517065294e-09,1
"20099",0.977466555307281,0.00886773173128347,8.54785393162709e-06,0.0136571651075037,1
"20102",0.00428062990697715,0.00443101277334801,0.134160729029752,0.857127628289923,4
"20105",0.992424363661653,0.00623882331672324,0.000586324396478975,0.000750488625144476,1
"20107",0.998752498683297,0.00100102633103168,0.000244775545050367,1.69944062078452e-06,1
"20109",0.676187357150255,0.0375739942536899,3.89344534878455e-05,0.286199714142567,1
"20111",0.000351543941283653,0.400199801846141,0.576799648210202,0.0226490060023727,3
"20113",0.960516859930471,0.0390536770639841,0.000421608594050148,7.85441149431329e-06,1
"20115",0.000248576507287859,0.997491347837377,0.000488267600265808,0.00177180805506942,2
"20117",0.243418246552877,0.00975596963437685,0.746758301746782,6.74820659645818e-05,3
"20119",0.998676055648652,0.00124916077743019,7.44910829397623e-05,2.9249097760235e-07,1
"20121",0.999215167562761,0.000181498314556587,0.000603245106441387,8.90162411605721e-08,1
"20123",0.00230201500817847,5.14308043302787e-05,0.997646510121136,4.40663551593877e-08,3
"20125",0.000558571079974345,0.877739880828093,8.08212051669633e-05,0.121620726886766,2
"20127",0.999515888022281,2.76768581465323e-05,0.000451114045297823,5.32107427448879e-06,1
"20140",0.393957566374506,0.198203275899617,0.407832105577847,7.05214802983817e-06,3
"20142",7.94714864078174e-06,0.00973547355713588,3.40137433185173e-06,0.990253177919892,4
"20144",0.000319215228279145,0.973846854383268,0.0135374044235167,0.0122965259649359,2
"20146",0.0124759338461196,0.597838313495234,0.00695449077184418,0.382731261886802,2
"20148",0.0139171584417102,0.98528300437385,0.000269824131034357,0.000530013053405609,2
"20150",9.68837274861503e-06,0.418363597663243,6.38133432265669e-07,0.581626075830576,4
"20152",0.0478410741923993,0.951447765714116,0.000335157494951264,0.000376002598533596,2
"20154",0.0456969807044829,2.73406454270581e-05,0.95426481463651,1.08640135800131e-05,3
"20156",0.753533399389954,0.155226479259684,0.0244188965733243,0.0668212247770372,1
"20159",8.06953805873426e-05,0.389141421097176,2.69499560248624e-05,0.610750933566212,4
"20161",0.00136411927513215,0.0187817751711538,0.000140573567631101,0.979713531986083,4
"20163",0.0521586280161382,0.946066205602274,0.00174437356166832,3.07928199195769e-05,2
"20165",0.0185396067777776,0.00191448710417098,6.58154566974923e-05,0.979480090661354,4
"20167",0.00895561350841391,0.974957016555847,2.67277163401061e-05,0.0160606422193986,2
"20169",2.35069180279236e-06,0.000578350398756045,1.04595641476021e-06,0.999418252953027,4
"20171",0.0121758868742829,2.35421733341019e-06,0.987810027211283,1.17316971008091e-05,3
"20173",0.150297879556067,0.0094092646487427,5.61763139351344e-05,0.840236679481255,4
"20175",0.00290593266944156,0.98184203198439,5.18698019058516e-05,0.0152001655442625,2
"20177",0.974905371908092,0.0235608708525355,3.15156562263976e-05,0.00150224158314617,1
"20180",0.996660979504954,0.000177010531551599,0.00316200831325694,1.65023747580125e-09,1
"20182",1.38899137412528e-07,0.000440919839001349,3.02490259757898e-05,0.999528692235885,4
"20184",0.000402940317770062,0.0645009631860315,1.00060055287944e-05,0.93508609049067,4
"20187",0.331572202438007,0.44858097516231,8.51004931812306e-05,0.219761721906502,2
"20189",0.892694706694449,0.107234925234777,1.63630259704675e-05,5.400504480362e-05,1
"20192",0.852778879456491,0.0147085730754423,0.13248316029623,2.9387171836064e-05,1
"20194",0.000297328552547001,0.151016756933645,9.08982374609952e-06,0.848676824690062,4
"20196",0.826957054259524,0.000235515737266351,0.172806627303777,8.02699431684152e-07,1
"20198",0.32716893808153,0.662653501418684,0.00875601780372857,0.001421542696057,2
"20204",9.92907047157209e-05,0.461672883846269,3.54990770740783e-05,0.538192326371941,4
"20207",0.899513882136282,0.000352481937105974,0.100084342846942,4.92930796701374e-05,1
"20209",0.000942904162787944,0.949310277519011,0.0497191713984249,2.76469197759216e-05,2
"20211",0.00167987068458179,7.10646004571509e-05,0.998248863142161,2.01572800205277e-07,3
"20215",0.974503023639316,0.0235700272352233,0.00183935937314973,8.75897523103914e-05,1
"20218",1.29361436404753e-05,0.0260676315482266,3.40666201777702e-06,0.973916025646115,4
"20222",0.911953214452845,0.00852686851351637,0.0793808298433645,0.00013908719027376,1
"20225",0.000479496272415089,0.959190543901327,0.00124899631258307,0.0390809635136745,2
"20229",0.0569785264725172,0.789160602092225,0.151784026318774,0.00207684511648402,2
"20232",0.853868193961709,0.117135919262176,0.028934974350315,6.09124257995784e-05,1
"20234",0.890897157698981,3.83564777512733e-06,0.109098990668003,1.59852401383795e-08,1
"20238",0.997016850589835,0.000806807195217098,0.0021543561607079,2.19860542403482e-05,1
"20253",0.998377833704787,0.000466998978459809,0.00115059212885472,4.5751878979982e-06,1
"20255",0.000850752748505326,0.997373789538926,0.00106687873226126,0.00070857898030758,2
"20258",0.99954185658,0.000353793279185515,0.000104048835718196,3.01305096029818e-07,1
"20269",0.914495405365099,0.038066002408936,0.00017984161899421,0.0472587506069707,1
"20271",0.998448358763699,0.00151818521095148,3.15347841340571e-05,1.92124121525739e-06,1
"20285",0.0653494562631169,0.898607540546104,0.000196509516207548,0.0358464936745712,2
"20288",0.966683040159646,0.0294373890389978,0.0036913548850981,0.000188215916258005,1
"20291",0.746667414929045,0.000424611734004026,0.252901269200312,6.70413663888251e-06,1
"20295",0.810828986795281,0.148447124879035,0.000284325674738058,0.0404395626509456,1
"20298",9.07743768426652e-05,0.992461198954885,1.2156412519748e-05,0.00743587025575213,2
"20302",0.00187925446858381,0.35761232048026,1.49746923958553e-05,0.64049345035876,4
"20305",5.61778949950194e-05,0.998243312895236,3.92590084319125e-06,0.00169658330892567,2
"20307",0.999288285094527,4.89954743341324e-05,0.000662600680978221,1.18750160934384e-07,1
"20310",0.997454417963331,3.042086811193e-06,0.00254237965818945,1.60291667895161e-07,1
"20313",5.69679409581237e-07,0.00133477498617663,8.15535397369376e-08,0.998664573780874,4
"20315",0.998420731545914,0.00139538765719402,0.000181952632099471,1.92816479225181e-06,1
"20319",0.418940473978235,0.000388753084898155,0.580670290271963,4.82664903633066e-07,3
"20321",0.999658619784238,0.000193371987694051,0.000130621013989197,1.73872140787983e-05,1
"20327",0.999823604474964,0.000157744665099744,1.76279958063024e-05,1.02286413017503e-06,1
"20329",0.00211112547089458,0.666335283565196,3.9866033011587e-06,0.331549604360608,2
"20335",0.883068828890455,3.45228727967247e-05,0.116894215839852,2.4323968960672e-06,1
"20337",0.000132557941830393,0.710489338471935,3.04747942125321e-05,0.289347628792022,2
"20339",0.0117090611075923,0.0203149990149101,0.967964228588735,1.17112887622936e-05,3
"20341",0.0343279904359732,7.22900667021012e-05,0.965145713596053,0.00045400590127125,3
"20343",0.989507252751227,4.07828583869893e-05,0.0103331071062807,0.000118857284105619,1
"20345",0.0052074729545971,0.99470468681185,6.22471042374019e-05,2.55931293154146e-05,2
"20350",0.449746230055141,0.183984290552703,0.328943509358015,0.0373259700341417,1
"20352",9.25512194632497e-06,0.00104552667462476,1.13066544700434e-06,0.998944087537982,4
"20355",0.00720396037265993,0.0469929113666307,0.000473221811474143,0.945329906449235,4
"20358",0.000335724526215308,0.627540069418858,1.34587138423951e-06,0.372122860183543,2
"20363",0.999266716242452,0.000594355539077936,0.00012710410489237,1.1824113578059e-05,1
"20365",0.423994515389615,0.0329089422333565,0.543092332049479,4.21032755019087e-06,3
"20379",0.000787124609149523,0.995553237417895,0.00114723212562279,0.00251240584733228,2
"20387",0.997140870192912,0.000886273694169109,0.00197218229826802,6.73814650834185e-07,1
"20392",0.0040183084060821,3.41794757102826e-05,0.9959474872804,2.48378081071392e-08,3
"20395",0.0287351269951176,0.968774604468358,0.000665144693494469,0.0018251238430301,2
"20397",2.03810902895065e-05,0.0153449004486754,8.23264747821262e-07,0.984633895196287,4
"20410",0.980895872333288,0.0183238369894798,0.000780094903509213,1.95773723149371e-07,1
"20414",0.00211725156433446,0.681791901988667,2.17141090394147e-05,0.316069132337959,2
"20417",0.138956565781763,1.99638617128087e-06,0.861041319048531,1.18783535183365e-07,3
"20419",0.999909057740657,8.35519825269342e-05,3.48904794944782e-06,3.90122886710603e-06,1
"20421",0.00843319876779718,0.312517962063161,0.0316621265137097,0.647386712655332,4
"20423",0.000654151565358011,0.610372300013597,0.000322183089846716,0.388651365331199,2
"20425",0.00167685085159147,0.4161670188547,0.00118877903353114,0.580967351260178,4
"20427",0.0661071926012287,0.933240793040715,8.17869417960466e-05,0.000570227416259748,2
"20429",0.994564179303122,0.000409764866818794,0.00463434231949114,0.000391713510568284,1
"20432",0.000106772867322998,0.189633971160287,1.18364350883505e-06,0.810258072328881,4
"20435",0.780887412873225,0.190016711081027,0.0290699871860718,2.58888596757987e-05,1
"20438",0.998613627512367,0.000825825796989043,3.20870467775582e-05,0.000528459643866339,1
"20440",0.999568597710509,0.000347602561886415,4.31129145459742e-05,4.06868130586071e-05,1
"20443",0.000526971688359452,0.00330164731573943,8.78776832950155e-05,0.996083503312606,4
"20446",0.543572331265743,0.448978138068495,0.00193654993195138,0.00551298073381129,1
"20449",0.787621111254011,0.194667037059176,0.0176651120535702,4.67396332423924e-05,1
"20537",0.723264941702387,0.00840730849471111,0.268087376578888,0.000240373224013443,1
"20540",0.0127858641930564,2.36996589654626e-05,0.987190410961961,2.51860175852513e-08,3
"20543",0.263591066961154,0.729958052429701,0.00133521923918818,0.00511566136995673,2
"20545",0.00179426490475562,5.16745898616662e-05,0.998153448956717,6.11548666357887e-07,3
"20549",0.0938532475049955,0.877889054117836,0.00918834283584341,0.0190693555413245,2
"20551",0.977113056954716,0.0202841150369717,0.00246049345706276,0.0001423345512493,1
"20554",0.993459181319897,0.00634587549928643,0.000170715937840642,2.42272429758948e-05,1
"20556",0.267139219449573,0.537049475041131,0.19394575189206,0.00186555361723579,2
"20558",0.999606756987484,0.000125940611264932,0.000266655516133517,6.46885117663256e-07,1
"20560",0.978643123097188,0.0177745329746213,0.000147945903796619,0.00343439802439398,1
"20563",0.999625517811548,2.32449962258428e-05,0.000349197859476939,2.03933274910767e-06,1
"20565",0.87860432366224,0.0982009448936441,0.00195103624837235,0.0212436951957434,1
"20567",0.000179851260224742,0.12894137242578,5.49600672047534e-06,0.870873280307275,4
"20571",0.96593450281487,0.00270723962462271,0.0312553612746049,0.000102896285902024,1
"20573",0.955204826770997,0.0380128175744673,0.00613524842906405,0.000647107225471774,1
"20575",0.999788009160001,5.6637455071843e-05,0.000154806008293478,5.47376633216033e-07,1
"20577",0.132919148671223,0.863986833506917,0.00289957880198148,0.000194439019879133,2
"20579",3.71438649182306e-06,0.0031352821664264,4.16805962211641e-08,0.996860961766486,4
"20582",0.999800485931169,2.5166510944707e-05,0.000174219310901112,1.2824698454009e-07,1
"20585",0.103761565346254,0.0134884775301848,0.882747482153238,2.47497032281421e-06,3
"20588",0.0111705486442514,0.0100703756479516,0.978539018675448,0.000220057032348788,3
"20590",1.31775632891088e-06,0.00759236312583417,2.9530825128151e-08,0.992406289587012,4
"20592",0.99986276163158,1.16144720619388e-05,0.000123305860011127,2.31803634701086e-06,1
"20594",0.999521838277143,5.18157241855826e-05,0.00042631318693879,3.28117331347311e-08,1
"20596",0.982230735829217,0.0167759455366861,1.06645843522421e-05,0.000982654049744364,1
"20598",0.986505347648876,0.0133025357984595,0.00017970465823826,1.24118944261569e-05,1
"20600",0.0963287058362077,0.145366693700755,0.757071082375433,0.0012335180876045,3
"20603",0.00130011898667697,0.988175672955955,0.00520648494309179,0.00531772311427614,2
"20605",0.998569282322806,0.000795038741170353,0.000635579326749466,9.96092737711046e-08,1
"20607",0.997391813660605,0.0025835297294961,2.30148560971348e-05,1.64175380165813e-06,1
"20609",0.976549680026597,0.0231899688394036,0.000197090364331604,6.32607696673817e-05,1
"20611",6.36975550066139e-05,0.99934423040508,3.82625778679527e-06,0.000588245782126438,2
"20613",0.431728505267584,0.564215996627257,0.00402849154297241,2.70065621873104e-05,2
"20615",0.364128994166272,0.537218366622926,0.0958092884415691,0.00284335076923256,2
"20617",4.62180410975799e-06,0.00419955078659283,1.46339345500637e-06,0.995794364015842,4
"20619",0.999881543050969,5.24331098038046e-05,5.89270564798631e-05,7.09678274748206e-06,1
"20621",0.978771319060585,0.0205994666734344,0.00057053776042987,5.86765055514466e-05,1
"20623",0.00293237957870427,0.0154555055048705,7.12207743738593e-07,0.981611402708682,4
"20625",0.0027315019241404,0.899893126496903,0.0485350804029002,0.0488402911760562,2
"20627",0.753348543525554,0.245953955060191,0.000686972308301432,1.05291059531774e-05,1
"20629",0.829315883959729,0.165325648040251,0.00445222054466325,0.000906247455356042,1
"20631",0.999766766325844,2.75204637030501e-05,0.000192737237005751,1.29759734474249e-05,1
"20633",3.20657927786856e-07,0.00077141674443272,3.485496308646e-08,0.999228227742676,4
"20636",0.00117348361130038,0.963716577303493,1.29951474771196e-05,0.0350969439377289,2
"20638",0.153125040324247,0.76926554859188,0.0772681386785224,0.000341272405350432,2
"20640",0.913950493830526,0.00442879610568258,0.0816206536286838,5.64351071272083e-08,1
"20645",0.994887998751734,6.61868128971688e-06,0.0051053734390105,9.12796610736429e-09,1
"20647",2.03042021814382e-06,0.000163002121271554,9.21287342720822e-07,0.999834046171168,4
"20649",0.965097113260827,0.0219953773126608,0.0128881884519174,1.93209745948701e-05,1
"20651",0.996578972343645,2.36623771412771e-05,0.00337351052200049,2.385475721298e-05,1
"20656",0.959994329956597,0.00209045299852337,0.0379071796678062,8.03737707335297e-06,1
"20660",0.079280332713669,0.0155708143210401,0.905137238825344,1.16141399474582e-05,3
"20662",0.000529461750356218,0.0905044107125902,4.59224124030605e-06,0.908961535295813,4
"20664",0.858716716795817,0.0198549266187331,4.49790100063344e-05,0.121383377575444,1
"20666",0.00105620518176673,0.935551295647488,0.063217005983421,0.000175493187324353,2
"20668",0.00018301230159845,0.542635961752437,2.06635661521875e-06,0.457178959589349,2
"20670",0.997397550750063,0.00216718948698808,0.000421564234944245,1.36955280046023e-05,1
"20672",0.00014803718811158,0.543933272276066,6.92174326464268e-05,0.455849473103176,2
"20674",0.905051286501514,0.0944516020809236,0.000248804287397637,0.000248307130165075,1
"20676",1.81974231815673e-05,0.924068469035528,4.10648011293704e-06,0.0759092270611771,2
"20678",1.73225487958557e-05,0.488836723970265,5.30405041331034e-07,0.511145423075898,4
"20680",0.00334814179641113,0.695881996991524,8.83433262842481e-05,0.300681517885781,2
"20682",0.00355506228092685,0.995024152221174,1.00760721812834e-05,0.00141070942571737,2
"20684",0.830609521579635,0.164619609579048,0.00471444798485752,5.6420856459951e-05,1
"20686",1.90521604168239e-05,0.0272612017831072,3.76362691180622e-06,0.972715982429564,4
"20688",8.48092813938968e-06,0.0452194537776965,1.89655263357939e-07,0.954771875638901,4
"20690",0.0485790081975509,0.00248978531132282,0.948930917816124,2.8867500179559e-07,3
"20692",4.35683425313532e-07,0.00204521931580937,2.27187885286811e-08,0.997954322281977,4
"20694",5.1483367569039e-05,0.976616861328607,4.8094302133051e-06,0.0233268458736109,2
"20696",0.00112446306912976,0.989972031091027,4.37833520400866e-05,0.00885972248780307,2
"20698",0.90209284081908,0.0772962259713289,0.0117348190402335,0.00887611416935774,1
"20700",0.993482819354573,0.00210738273768948,0.000512800680589664,0.00389699722714766,1
"20702",0.118547172841858,0.000238242488188667,0.881214464557121,1.20112832441506e-07,3
"20704",0.813528516323972,0.185786177430834,0.000607564242700774,7.77420024926738e-05,1
"20706",0.227093379416943,0.744594717419238,0.00607063125291691,0.0222412719109019,2
"20708",0.000128805576425795,0.989251365565594,1.68414592580908e-06,0.0106181447120549,2
"20710",0.550970981008728,0.0460459945785277,0.402979902877526,3.12153521802499e-06,1
"20714",5.75056484233582e-05,0.0178568805762532,1.90859269116318e-07,0.982085422916054,4
"20716",0.988934090848174,0.0108829224123082,0.000181575416241592,1.4113232757651e-06,1
"20719",0.560368006559951,0.438578510171132,0.000519405538904589,0.000534077730012168,1
"20721",0.99985190413232,1.33937828465683e-05,0.000131862133528011,2.83995130485465e-06,1
"20723",0.776896842657515,0.213715000352255,0.00703740825018454,0.00235074874004549,1
"20725",0.00313755125725777,0.996374318041643,0.000264834686163223,0.000223296014936195,2
"20727",8.79100027889348e-06,0.00858362670116799,0.000184560636838246,0.991223021661715,4
"20729",7.46976746226256e-05,0.999491617167607,5.07151464093499e-06,0.000428613643129294,2
"20731",0.000826520222427238,0.998936900408857,0.000201116278340293,3.54630903752105e-05,2
"20733",0.862519580245376,0.132661457686944,0.00479078265129372,2.81794163862849e-05,1
"20735",0.396135144501199,0.584198704136532,0.0196474838547402,1.86675075289762e-05,2
"20737",7.12102104203065e-05,0.937575886563753,6.21772218984325e-07,0.0623522814536081,2
"20739",5.3903428539629e-07,0.00104839919512303,1.22755610803342e-07,0.998950939014981,4
"20741",0.0120635802809136,0.946851252657896,0.000157736529694954,0.0409274305314952,2
"20743",0.00611307332707511,0.993278272732555,6.9101925341729e-05,0.00053955201502764,2
"20745",0.999423673552509,0.000194411167411391,0.000376386790155877,5.52848992428927e-06,1
"20747",8.3949804999324e-05,0.999557345678114,5.83958507357192e-06,0.000352864931813254,2
"20749",4.14050527536645e-05,0.999149906250793,6.83033551379393e-06,0.000801858360939325,2
"20751",5.80228108135262e-05,0.995641529235412,0.00342862701850753,0.000871820935267514,2
"20753",0.000150880923857951,0.999448836943702,7.15596740669905e-06,0.000393126165033266,2
"20755",0.000533036953186304,0.919761408971629,6.10827585047469e-06,0.0796994457993342,2
"20757",0.205502049229172,0.213073274071843,3.95607720349777e-05,0.58138511592695,4
"20759",0.999381733333224,0.00027066515338286,4.17052028311166e-05,0.000305896310562432,1
"20761",0.0362067430441957,0.961255417412218,0.000147542564742055,0.00239029697884366,2
"20763",0.0887969491696994,0.900800383799478,0.00142000746704236,0.00898265956377991,2
"20765",0.00469418419342711,0.98983007469923,0.000132083839695759,0.00534365726764743,2
"20767",0.936382819264532,0.0631396436914249,0.000470707437901144,6.82960614201903e-06,1
"20769",0.3158126494769,0.0609642988191545,0.623222680190934,3.71513011067932e-07,3
"20771",0.101437257883617,0.697357508571032,1.51515405285256e-05,0.201190082004823,2
"20773",0.0539646027958105,0.904139512567903,0.00054678503446864,0.0413490996018178,2
"20775",0.00252414266911195,0.99704601832329,0.000287939012784922,0.000141899994813165,2
"20777",0.0349088752491619,0.603489021993103,0.360800836899905,0.000801265857829804,2
"20779",0.00140504318747293,0.998447877820383,0.00010110905977093,4.59699323731479e-05,2
"20781",3.09911272277836e-05,0.0112008119545117,0.952995551170339,0.0357726457479213,3
"20783",0.024451109343309,0.971202692711009,2.43275082333647e-05,0.0043218704374481,2
"20785",0.00133794220380875,0.176922888319644,3.2219194968202e-05,0.821706950281579,4
"20787",0.000370521449611776,0.976255573665082,6.16515048928266e-07,0.0233732883702574,2
"20789",0.353456433876274,0.645391105316418,0.00112587292541726,2.65878818914822e-05,2
"20791",2.18760090036756e-05,0.933498376464916,2.0514648265218e-06,0.066477696061254,2
"20793",0.293912437988352,0.70521272404475,0.000862198102017888,1.26398648795683e-05,2
"20795",0.000359655764950291,0.816639064933682,5.25821691668603e-06,0.182996021084451,2
"20797",1.91640144793731e-06,0.00217137951921194,0.00420005335317186,0.993626650726168,4
"20800",0.000241832724737731,0.996107101014768,5.81861239807933e-05,0.00359288013651406,2
"20802",0.0116693387834521,0.985768975483958,0.000106903446786964,0.00245478228580328,2
"20804",4.63326696741067e-05,0.99429227218394,9.25276797973479e-07,0.00566046986958788,2
"20806",1.77745291321748e-05,0.72562174918072,1.47904620392951e-06,0.274358997243944,2
"20808",0.978306142048908,0.0216102225972044,8.30452448112552e-05,5.90109076555053e-07,1
"20810",0.00141279090411012,0.556496623387562,3.48587178316211e-05,0.442055726990496,2
"20812",0.00808333094547893,0.973361702998946,0.0109588138081689,0.00759615224740575,2
"20814",1.13184664931812e-05,0.435227198215432,3.34310683066849e-07,0.564761149007391,4
"20816",0.91496952208439,0.0733009214952776,0.0117152235243937,1.43328959384379e-05,1
"20818",0.0116759720709486,0.983588189565852,0.000227983972345164,0.00450785439085438,2
"20820",9.33760297924943e-07,0.000373100957441245,3.93821974958012e-07,0.999625571460286,4
"20822",0.00688382658528978,0.991165332765537,3.93918156364156e-05,0.00191144883353655,2
"20824",0.00149128754827586,0.343484619742666,5.02607987741152e-05,0.654973831910284,4
"20826",6.3126394903506e-06,0.00756790516808556,1.78977175718791e-06,0.992423992420667,4
"20828",1.90451456351192e-06,0.000153944928577653,7.95398851376978e-07,0.999843355158007,4
"20830",7.00088722158388e-05,0.999108936827501,1.00046521274602e-05,0.000811049648155692,2
"20832",0.401671444303916,0.554707094467948,0.000373398693222423,0.043248062534914,2
"20834",0.960427862537217,0.0377130159468173,0.00185609308585094,3.02843011495503e-06,1
"20836",0.000674437441003653,0.999214350254686,4.16138301653275e-05,6.95984741446977e-05,2
"20838",1.83697675110304e-05,0.932240309663614,8.39958699896544e-07,0.0677404806101745,2
"20840",0.867284714819477,0.132058457994624,0.000470914911103497,0.000185912274795695,1
"20842",0.000514023181490163,0.999187508961107,1.80039956867966e-05,0.000280463861715559,2
"20844",0.0336551631099087,0.963349500958758,9.70372407438932e-06,0.00298563220725901,2
"20846",0.0141752105545363,0.273227337880023,7.76212074730594e-05,0.712519830357968,4
"20848",0.172056833607099,0.825815962079753,0.000973364399031138,0.00115383991411642,2
"20850",0.967542175136987,0.0264175060434646,5.76655160765213e-05,0.00598265330347215,1
"20852",0.948706697131311,0.0137037609955572,0.00107404875944952,0.0365154931136819,1
"20854",3.02785403129877e-05,0.0916360472157954,7.52961579273427e-06,0.908326144628099,4
"20856",0.0164428596061195,0.0266090607847619,0.956918236015812,2.9843593306355e-05,3
"20858",0.998043339623328,0.00104125697539687,0.000899160265154351,1.6243136120905e-05,1
"20860",0.0126424436217335,0.987190840927697,0.000114602744222483,5.21127063470958e-05,2
"20862",0.999582576106773,0.000382982574632745,3.43107462774075e-05,1.30572316758687e-07,1
"20864",4.86103119637458e-05,0.0070697918794579,1.73491215199904e-05,0.992864248687058,4
"20866",0.998849929077376,1.76875388892915e-06,0.00114824916055231,5.30081832867256e-08,1
"20868",0.986753734050394,0.0102634736628645,0.00286291875570573,0.000119873531035629,1
"20870",0.0265649447634856,0.968290691938926,0.00116559958495148,0.00397876371263692,2
"20872",0.000691908869407083,0.993681778236882,3.25270086332422e-05,0.00559378588507742,2
"20874",6.92119461351758e-07,0.00133329793282674,3.40182349866761e-08,0.998665975929477,4
"20877",0.968603373793469,0.0135448820422659,0.0178508361330692,9.08031196204431e-07,1
"20879",0.99695041738975,0.000548875629798485,0.00250066504889584,4.19315558585969e-08,1
"20881",0.000115278865122486,0.996379078776498,1.54121587115253e-05,0.00349023019966842,2
"20883",6.81200034937902e-05,0.967892533484239,0.000162222550267794,0.0318771239619995,2
"20885",0.000285934337602307,0.997825490006915,7.05531691434042e-05,0.00181802248633943,2
"20887",0.408547468148081,0.586353820248102,0.00508895070059115,9.76090322497526e-06,2
"20889",0.00166097521891108,0.997289237254975,0.000845055615429619,0.000204731910684031,2
"20891",0.996418203221696,0.000269326481475496,0.00331232858815651,1.41708672135676e-07,1
"20896",0.634818281578769,0.288832171425738,0.0763230474340154,2.64995614779748e-05,1
"20898",0.00641940781493615,0.993400468698155,7.99622304615002e-05,0.00010016125644773,2
"20900",1.80559662232472e-05,0.214842928426218,0.118850137419479,0.66628887818808,4
"20902",0.130357558735136,0.0420443485622741,0.82759791190301,1.80799580033592e-07,3
"20904",0.012301679606507,0.00683894075845461,0.00090828756008111,0.979951092074957,4
"20906",0.972630591831087,0.00902990136894691,0.0183380174836985,1.4893162672487e-06,1
"20908",0.0274215261354592,0.682786954976997,0.000129330313765286,0.289662188573779,2
"20910",0.00922325897261624,0.980469175525724,2.42353803030228e-06,0.0103051419636297,2
"20912",4.38010207491498e-05,0.0485405365879387,0.951102460309116,0.000313202082195725,3
"20914",0.990113752886674,4.05615733733328e-05,0.00984568265431583,2.88563736838316e-09,1
"20968",0.000901914973755906,0.0153771356863725,0.00102263599243253,0.982698313347439,4
"20970",0.971062816857965,0.0270172409780674,0.000612505200395558,0.00130743696357201,1
"20981",0.982406225756642,0.0173900217308813,7.86804166026094e-06,0.000195884470816538,1
"20983",7.19470437238961e-07,0.00811126508143347,5.92725918075429e-08,0.991887956175537,4
"20988",0.997452193137795,0.00227816860725269,9.918445160577e-05,0.000170453803346162,1
"20995",0.150265282257924,0.0550802468484276,0.790305029419423,0.00434944147422448,3
"21017",0.14282115569915,0.808933195768515,3.64559718051627e-05,0.0482091925605298,2
"21038",0.987095043576408,0.00578798668097262,0.00711630623485359,6.63507765548794e-07,1
"21072",0.971490795733767,0.0230762317453631,0.00508694624211614,0.000346026278753896,1
"21075",0.940397345483586,0.00110707511872945,0.0584955627007024,1.66969826891018e-08,1
"21223",0.044625289304608,0.953091660506248,0.00176081237802497,0.00052223781111931,2
"21225",9.5797838875084e-05,3.27760069960743e-05,0.9998713423721,8.3782028582054e-08,3
"21230",6.71614201715632e-07,0.0052699296254725,6.29191433029797e-08,0.994729335841183,4
"21236",0.00408501876567389,0.993313384852993,3.90068446139853e-05,0.00256258953671952,2
"21238",0.0763138121501344,0.447179889656181,0.476361191391782,0.000145106801902564,3
"21241",0.998065368625626,0.000567881043680676,0.000307790054581297,0.00105896027611243,1
"21246",0.974293441395043,0.0254320039391728,1.72305273264432e-05,0.000257324138457223,1
"21253",2.89307807008069e-05,0.046345436028444,5.68869623326255e-06,0.953619944494622,4
"21256",0.00502596472788519,0.811435438550463,0.000209378603419651,0.183329218118233,2
"21260",0.00449181665100311,1.22753907879127e-05,0.995494666908161,1.24105004792669e-06,3
"21266",0.98101541053327,0.018722600012023,0.000245613188305664,1.63762664017609e-05,1
"21332",0.991914388677165,0.00800006398975097,3.92738894018845e-05,4.62734436822772e-05,1
"21334",0.00638945413392487,0.990794520207932,0.00276074268457557,5.52829735673402e-05,2
"21375",0.999410615858483,0.000156712629009053,0.000431208427741997,1.46308476626636e-06,1
"21378",0.997589184182112,5.76922026379743e-06,0.0024048475871333,1.99010490869611e-07,1
"21381",0.989994114922582,0.000260610270779624,0.0097332089790924,1.20658275456497e-05,1
"21389",0.000363748375377362,0.983318419564299,2.65046365353373e-06,0.0163151815966708,2
"21391",0.958620474554643,0.0077906706966307,0.000457388368050176,0.033131466380676,1
"21402",0.996910295394344,0.00307264080615611,4.34895229055935e-06,1.27148472094397e-05,1
"21404",0.649445368332451,0.0205661845677949,0.329988033173984,4.1392576976496e-07,1
"21409",0.891164051095459,0.0645455547167411,0.0442868793278525,3.51485994737204e-06,1
"21413",0.162879740597012,0.803985249882124,0.0331317211308581,3.28839000595393e-06,2
"21423",0.997182547977257,0.000518765180890003,0.0022975791085812,1.10773327197416e-06,1
"21425",0.750381775670674,0.224445888123809,0.0251671970866954,5.13911882202341e-06,1
"21430",0.00344294173543975,0.00857029400366541,0.987946438578738,4.0325682157011e-05,3
"21432",0.947521634642714,0.0523343259797513,0.000126117925748127,1.79214517869376e-05,1
"21438",0.99791694531879,0.000863155261458253,0.000566222515843981,0.000653676903908083,1
"21440",0.809096260363481,0.188475169826036,0.00234252279971735,8.60470107651762e-05,1
"21443",0.000244498554504257,0.990530572389664,4.9005877455291e-06,0.0092200284680859,2
"21445",0.000499651364095997,0.000666233526153408,0.998830104469857,4.01063989418354e-06,3
"21447",0.99721608316369,4.92034706780899e-05,0.00273400933301943,7.04032612539554e-07,1
"21449",0.999133048374853,0.000848077161010445,5.51215557998047e-06,1.33623085562245e-05,1
"21451",0.999133048374853,0.000848077161010445,5.51215557998047e-06,1.33623085562245e-05,1
"21455",0.999068369210537,0.000924240889026809,5.8491653069424e-06,1.54073512942718e-06,1
"21469",0.888847213391675,9.92224516019453e-06,0.111142838661713,2.57014513667733e-08,1
"21471",0.750861705370639,0.000625200389998467,0.248512607282473,4.86956889149391e-07,1
"21473",0.0583741131808907,0.482160160885096,0.00609032954615392,0.453375396387859,2
