"","V1","V2","V3","best$classification"
"19812",1.66070497328856e-08,0.977470964642437,0.0225290187505136,2
"19814",0.122012918923909,0.86739581835021,0.0105912627258808,2
"19816",5.3656209083678e-16,0.971602879302892,0.0283971206971077,2
"19818",1.17124663207909e-08,0.987559136893101,0.0124408513944328,2
"19820",4.33420425356969e-46,0.884533420986542,0.115466579013458,2
"19822",3.07299094802451e-65,6.05192677562763e-05,0.999939480732244,3
"19824",3.37803595274305e-35,0.146492204136378,0.853507795863622,3
"19826",1.62236759804693e-09,0.959540868741701,0.0404591296359318,2
"19828",4.12324568809677e-31,0.976723468914657,0.023276531085343,2
"19830",1.89383615755515e-16,0.649340899407961,0.350659100592039,2
"19832",6.92607215424979e-22,0.2507484733333,0.7492515266667,3
"19834",6.64456154439548e-25,0.926865785075249,0.073134214924751,2
"19836",1.33826879131475e-16,0.938488162518045,0.0615118374819549,2
"19838",0.747419791880644,0.24214451830753,0.0104356898118251,1
"19840",2.04510649287403e-20,0.955761485171532,0.0442385148284675,2
"19842",0.963028710959242,0.000123217179530043,0.0368480718612277,1
"19844",1.27285216096294e-05,1.28543556668155e-09,0.999987270192955,3
"19846",0.991262443353004,0.00682898526081801,0.00190857138617811,1
"19848",0.98279706976661,0.0164989666797172,0.000703963553672686,1
"19850",7.04856909341357e-05,0.931513717766263,0.0684157965428032,2
"19852",1.07910307279034e-17,0.979934780947666,0.0200652190523339,2
"19854",0.998407753928842,0.0015566772181136,3.55688530441541e-05,1
"19856",1.4655735031362e-20,0.00604212473370812,0.993957875266292,3
"19858",9.53562440569221e-26,0.00248904828789081,0.997510951712109,3
"19860",2.86849489773169e-14,0.96187930454369,0.0381206954562812,2
"19862",0.999568790648331,0.000311362865786444,0.000119846485882311,1
"19864",2.82704383473777e-15,1.71127359926841e-15,0.999999999999996,3
"19866",1.42996252874361e-35,0.655252304031125,0.344747695968875,2
"19868",4.73958588353559e-22,7.27149709467495e-19,1,3
"19870",2.1543024690992e-06,0.962121153172148,0.0378766925253827,2
"19873",1.3600464572632e-18,0.971616778447435,0.0283832215525653,2
"19875",1.59866223015914e-26,0.974727749213945,0.0252722507860549,2
"19877",4.22179743346406e-12,0.985410839536097,0.0145891604596807,2
"19879",5.91540672971591e-28,0.955623171770304,0.0443768282296959,2
"19881",3.91818070578659e-19,0.933149207958344,0.0668507920416557,2
"19883",0.000198056811439775,0.878741658644398,0.121060284544163,2
"19899",5.95613072350939e-29,0.87564317169519,0.12435682830481,2
"19908",1.09422120712765e-47,4.58316048185685e-10,0.999999999541684,3
"19910",5.1039294812776e-15,0.987418874866273,0.012581125133722,2
"19912",0.0992359857746582,0.0484762491080183,0.852287765117324,3
"19914",9.1452477259047e-34,0.950685944182025,0.0493140558179753,2
"19916",1.54512565492652e-47,4.37253741915162e-06,0.999995627462581,3
"19918",0.0588417762455715,0.908466029482925,0.0326921942715032,2
"19920",0.998308347295517,0.00146645490560983,0.000225197798873032,1
"19922",8.31387153531583e-07,0.00113534683439637,0.99886382177845,3
"19924",1.80562794059047e-14,0.980771105852534,0.0192288941474475,2
"19926",3.46991805261598e-40,0.667280150772515,0.332719849227485,2
"19928",0.000511591926430334,5.09550380158059e-21,0.99948840807357,3
"19930",0.017024525430474,0.973145510077844,0.00982996449168252,2
"19932",0.986928125344055,0.0128712909942678,0.000200583661677703,1
"19934",1.72072556123622e-25,0.962588679387472,0.0374113206125277,2
"19936",7.50896252298753e-13,0.96068449792085,0.0393155020783993,2
"19938",3.7905313252476e-65,0.181285794836663,0.818714205163337,3
"19940",4.97397815548004e-12,0.972794679925563,0.0272053200694628,2
"19942",3.32709199110811e-07,4.72372855480638e-11,0.999999667243564,3
"19944",2.210232554653e-24,0.972259942831257,0.0277400571687429,2
"19946",6.2710551360155e-19,0.974972010172455,0.0250279898275452,2
"19948",0.0254529800554825,7.05618065713623e-10,0.9745470192389,3
"19950",0.999964148728485,8.87984657581484e-08,3.57624730495237e-05,1
"19952",0.0254529800554825,7.05618065713623e-10,0.9745470192389,3
"19954",0.798950223799594,0.199229518112211,0.00182025808819478,1
"19956",1.51121297428946e-13,1.43299179550305e-05,0.999985670081894,3
"19958",1.0724171234468e-11,1.85806251888017e-14,0.999999999989257,3
"19962",9.56563466772504e-28,0.669189138812637,0.330810861187363,2
"19964",6.98149208753795e-20,0.85279487770566,0.14720512229434,2
"19966",2.31206035039419e-47,0.164887137916552,0.835112862083448,3
"19969",3.13903185165233e-07,0.958591919616532,0.0414077664802825,2
"19972",1.31937766996865e-09,0.113858039483785,0.886141959196837,3
"19974",0.999319464620462,2.90423752653091e-07,0.000680244955785912,1
"19976",4.21470324441693e-14,0.974781144342589,0.0252188556573692,2
"19978",2.18296751863013e-12,0.976017212261179,0.023982787736638,2
"19980",0.99847760739344,0.00141342397354059,0.000108968633018969,1
"19982",1.93921718762874e-11,0.277056498800784,0.722943501179824,3
"19984",2.89276055141118e-05,0.000761694702463919,0.999209377692022,3
"19986",8.24934156027381e-54,0.801947209301881,0.198052790698119,2
"19988",1.18331497329481e-51,0.466787366076998,0.533212633923002,3
"19992",5.49119586824475e-42,0.89516701147902,0.10483298852098,2
"19994",0.0808392086019161,0.908762599423152,0.0103981919749323,2
"19996",8.91742681444902e-37,0.981548203722382,0.0184517962776183,2
"19998",2.7979674799898e-31,0.0306841926542187,0.969315807345781,3
"20000",9.27951219648074e-15,0.000474304852995753,0.999525695146995,3
"20003",1.4913448372761e-05,0.978073755976208,0.0219113305754194,2
"20005",0.999012564210155,0.000875090405875714,0.000112345383968769,1
"20007",8.13196435644126e-30,0.955056206552877,0.0449437934471229,2
"20009",3.69383225204985e-57,0.0171652915443184,0.982834708455682,3
"20011",2.77471487249892e-13,0.746796635395774,0.253203364603948,2
"20013",0.0010069756862187,0.979890591857661,0.0191024324561207,2
"20016",8.19323258427158e-57,0.00737246346753395,0.992627536532466,3
"20018",2.81888468412252e-52,2.3113345162113e-17,1,3
"20021",1.93049100496135e-24,0.981487419386631,0.0185125806133695,2
"20023",1.18825099238113e-36,0.954141767039776,0.045858232960224,2
"20025",5.4377242700049e-69,5.34256332403602e-07,0.999999465743668,3
"20027",0.185056372696632,0.505838295476949,0.30910533182642,2
"20029",0.956335034730181,0.039543342022636,0.00412162324718288,1
"20032",0.332718462828816,0.636672742606516,0.0306087945646687,2
"20034",0.0315180678480047,2.40223639689404e-07,0.968481691928356,3
"20036",1.37927463993773e-18,0.343901564150667,0.656098435849333,3
"20038",1.43354710401296e-35,0.957024497252016,0.0429755027479844,2
"20040",1.8769442821923e-64,1.64008268645074e-08,0.999999983599173,3
"20043",1.44011209477756e-25,0.974946998690102,0.0250530013098983,2
"20045",3.22581502780296e-48,0.0301465747048838,0.969853425295116,3
"20048",0.999849368562176,7.16015289427586e-12,0.000150631430664226,1
"20051",1.33609793716339e-18,0.882952747027234,0.117047252972766,2
"20053",1.28328439479734e-37,0.939357599695824,0.0606424003041759,2
"20055",2.96147826980963e-25,0.669121957316228,0.330878042683772,2
"20057",5.03488430629486e-06,2.29483782806379e-31,0.999994965115694,3
"20059",1.57307072352325e-45,0.467822971357454,0.532177028642546,3
"20061",6.9559199261979e-38,0.936183519695594,0.0638164803044061,2
"20063",1.26399661122819e-23,9.88608658577362e-15,0.99999999999999,3
"20065",1.0817656312917e-37,0.000137587520011561,0.999862412479988,3
"20067",1.28812512112267e-29,0.661170634174178,0.338829365825822,2
"20069",0.997406551066043,0.00231304432107597,0.000280404612880693,1
"20071",7.71896150886161e-36,0.0927158126761103,0.90728418732389,3
"20073",4.78112378645811e-06,0.572632538691881,0.427362680184333,2
"20075",2.28905619184814e-16,1.28955840437137e-14,0.999999999999987,3
"20077",1.76546964168785e-22,0.956103986322452,0.0438960136775481,2
"20079",1.29973735396275e-24,0.120712520972445,0.879287479027555,3
"20081",6.02084485323487e-29,0.706974084420318,0.293025915579682,2
"20083",1.38212929876198e-29,2.04854880063134e-06,0.999997951451199,3
"20085",3.05790915487701e-49,0.64968694773625,0.35031305226375,2
"20088",1.72394922115879e-32,0.973568056707568,0.026431943292432,2
"20091",2.77879038367822e-31,5.82467626219141e-08,0.999999941753237,3
"20095",6.80324365004608e-27,2.00317050026934e-07,0.99999979968295,3
"20097",1.28887554424574e-47,0.504719365816398,0.495280634183603,2
"20099",4.19405294993771e-23,0.00217579064670229,0.997824209353298,3
"20102",1.74572537929607e-20,2.27180596291037e-09,0.999999997728194,3
"20105",5.99269239152548e-29,0.949763928558695,0.0502360714413051,2
"20107",2.99637155057006e-36,0.977690612972536,0.0223093870274644,2
"20109",9.4051382119754e-15,0.539719473412825,0.460280526587165,2
"20111",0.00339788664868473,1.37428109433272e-09,0.996602111977034,3
"20113",2.87598657628664e-31,0.74437464294859,0.25562535705141,2
"20115",9.77327484235405e-12,0.0268752511813601,0.973124748808867,3
"20117",9.96562798027644e-52,8.19234908957578e-16,0.999999999999999,3
"20119",2.66780656101663e-33,0.149521735049356,0.850478264950644,3
"20121",2.64367250689513e-46,0.963381770378047,0.0366182296219527,2
"20123",9.88216459172916e-40,7.4294425825509e-08,0.999999925705574,3
"20125",0.148324704470742,0.823779987206116,0.0278953083231424,2
"20127",6.86690208245187e-41,0.628768866662525,0.371231133337475,2
"20140",3.79006957818508e-34,0.0886913687420068,0.911308631257993,3
"20142",0.997185918530287,3.91797579242714e-05,0.00277490171178826,1
"20144",3.67139493536726e-13,0.0406217806247655,0.959378219374867,3
"20146",3.99107052769271e-24,0.206538626057845,0.793461373942155,3
"20148",4.63769494819029e-10,0.971201494613067,0.0287985049231634,2
"20150",0.999462212620822,0.000163556318269468,0.000374231060908685,1
"20152",6.77795654914742e-12,0.972862891525719,0.0271371084675035,2
"20154",4.81706615541236e-30,8.74304389769221e-07,0.99999912569561,3
"20156",8.84512446078054e-35,0.23536023147409,0.76463976852591,3
"20159",0.999827285169667,0.000136656064627815,3.60587657054878e-05,1
"20161",1.8147356739933e-20,0.000721217716979875,0.99927878228302,3
"20163",1.85795983103781e-10,0.923973390377191,0.076026609437013,2
"20165",3.40643172602203e-11,0.00699703739303015,0.993002962572906,3
"20167",0.057992086844851,0.931101443877488,0.0109064692776611,2
"20169",0.999632872976214,3.3391663618457e-09,0.000367123684619461,1
"20171",6.27922169416861e-31,1.64478617569036e-11,0.999999999983552,3
"20173",3.62581649836351e-27,1.74663303525321e-09,0.999999998253367,3
"20175",2.59041292000123e-10,0.975464398718179,0.0245356010227793,2
"20177",5.47210340985883e-35,0.00299825470072567,0.997001745299274,3
"20180",2.08984705105457e-38,0.798361970424442,0.201638029575557,2
"20182",0.997889168375352,8.12393231339476e-28,0.00211083162464776,1
"20184",0.000143139290101739,0.714757273913638,0.28509958679626,2
"20187",4.57726399789856e-24,1.89099400060631e-05,0.999981090059994,3
"20189",1.64547689507967e-16,0.957912050685482,0.0420879493145178,2
"20192",3.66878163115453e-48,3.53079895411985e-07,0.999999646920105,3
"20194",1.88420053776543e-08,0.000122631973746289,0.999877349184248,3
"20196",5.71497660575677e-40,0.0067613716841989,0.993238628315801,3
"20198",3.72536869904681e-27,0.783608490104091,0.216391509895909,2
"20204",0.877434331959622,0.0928155727255034,0.0297500953148749,1
"20207",7.62924677956569e-37,0.222098324156713,0.777901675843287,3
"20209",2.41959357168603e-10,1.83298723134133e-05,0.999981669885727,3
"20211",5.08992608408092e-21,2.42758912684645e-06,0.999997572410873,3
"20215",8.83595583471165e-31,0.950105402256117,0.0498945977438833,2
"20218",0.999921656802184,1.12256809790568e-05,6.71175168373232e-05,1
"20222",3.62153128043537e-28,0.670891025560007,0.329108974439993,2
"20225",1.90783298824196e-14,0.0935437669609059,0.906456233039075,3
"20229",2.46254538727066e-27,0.0724348290884393,0.927565170911561,3
"20232",1.55571005439573e-32,0.890958913351491,0.109041086648509,2
"20234",7.31768688746313e-50,1.24867205063958e-08,0.99999998751328,3
"20238",3.45421290293276e-49,0.768518336691849,0.231481663308151,2
"20253",3.88166019833963e-36,0.884268284037767,0.115731715962233,2
"20255",0.195603097539206,0.770512526542784,0.0338843759180107,2
"20258",8.07860380965436e-33,0.980634604145702,0.019365395854298,2
"20269",2.24282330349054e-15,0.928403795831517,0.0715962041684807,2
"20271",2.44456976133275e-29,0.163836244302029,0.836163755697971,3
"20285",1.35309798374898e-41,0.000546132457728109,0.999453867542272,3
"20288",1.04948377934337e-32,0.940878352518789,0.0591216474812112,2
"20291",2.44062187262017e-54,0.00198019253005679,0.998019807469943,3
"20295",3.80930466245329e-31,0.0134124545581187,0.986587545441881,3
"20298",0.967480416981928,0.0319750145949492,0.000544568423123065,1
"20302",1.52123735671363e-16,0.478133952442022,0.521866047557978,3
"20305",0.940916394542824,0.0566438614024097,0.00243974405476609,1
"20307",1.79580957436874e-41,0.975305435939256,0.0246945640607437,2
"20310",2.57432049890035e-59,0.000378788906088356,0.999621211093912,3
"20313",0.999985731772702,1.7116912062709e-10,1.42680561284828e-05,1
"20315",8.4845104275852e-40,0.956219623338988,0.043780376661012,2
"20319",4.2956666720228e-42,0.00301611623224911,0.996983883767751,3
"20321",6.64226953430399e-47,0.787108604112474,0.212891395887527,2
"20327",1.61861079563817e-35,0.899790256664998,0.100209743335002,2
"20329",0.00155535085311027,1.01105855364517e-08,0.998444639036304,3
"20335",2.39449653506974e-36,0.0428271469213255,0.957172853078675,3
"20337",0.999740679245432,0.000242651945416648,1.66688091516202e-05,1
"20339",1.01108215432689e-42,2.93272893496969e-07,0.999999706727107,3
"20341",7.45693337770218e-38,1.12286151852581e-08,0.999999988771385,3
"20343",1.66608228316333e-42,0.00708826664492458,0.992911733355075,3
"20345",1.16823012890646e-07,0.957646788155112,0.0423530950218751,2
"20350",1.74628747747032e-38,1.52152593324735e-05,0.999984784740668,3
"20352",0.996006859023799,1.67427310309537e-06,0.00399146670309788,1
"20355",1.20755062456141e-26,0.00757413834333197,0.992425861656668,3
"20358",7.60754464526394e-06,4.82210214270735e-05,0.999944171433928,3
"20363",6.66632955550628e-38,0.959521984750275,0.0404780152497252,2
"20365",3.7627410647222e-30,0.351452372071771,0.648547627928229,3
"20379",3.15512045210153e-12,0.573264983679264,0.426735016317581,2
"20387",8.28870373408363e-31,0.97448171169811,0.0255182883018903,2
"20392",1.58662514804309e-27,1.56763783940692e-06,0.999998432362161,3
"20395",2.20129094612389e-11,0.971175688996132,0.0288243109818556,2
"20397",0.987568180175312,1.39920296034707e-19,0.0124318198246883,1
"20410",2.4124240139002e-23,0.970525947628178,0.0294740523718218,2
"20414",2.81380606638534e-08,0.939762426246047,0.0602375456158919,2
"20417",1.08412591546373e-47,2.66619008722342e-20,1,3
"20419",6.49293201108693e-33,0.877468277112051,0.122531722887949,2
"20421",7.16617028420475e-16,0.0175479061371914,0.982452093862808,3
"20423",0.175181711254198,0.670534041201351,0.154284247544451,2
"20425",0.0145880624278075,0.696075360287791,0.289336577284401,2
"20427",1.13991571297289e-07,0.965581965645203,0.0344179203632252,2
"20429",1.44305385483334e-63,0.000410333945883189,0.999589666054117,3
"20432",0.000174798614074335,0.459426316090711,0.540398885295215,3
"20435",6.76673903316339e-42,0.749359838857749,0.250640161142251,2
"20438",3.62950162359115e-29,0.583037887498745,0.416962112501255,2
"20440",7.04400889464208e-37,0.818876501918878,0.181123498081122,2
"20443",6.25039913434789e-11,0.000228161255275946,0.99977183868222,3
"20446",1.18011325271207e-31,0.835532648021694,0.164467351978306,2
"20449",1.00939315973836e-39,0.933775083631184,0.0662249163688164,2
"20537",3.71204849188903e-42,0.0447491199091644,0.955250880090836,3
"20540",1.25990811845184e-34,3.63055884655195e-08,0.999999963694412,3
"20543",1.93580389118114e-18,0.97503880064792,0.0249611993520803,2
"20545",4.10277138259415e-17,2.97405777409772e-07,0.999999702594223,3
"20549",5.42200007824505e-08,0.961900544274574,0.0380994015054256,2
"20551",7.54512967191977e-23,0.972930948743795,0.0270690512562054,2
"20554",1.45791607670102e-24,0.988393404155727,0.0116065958442731,2
"20556",8.51907737360984e-19,0.843403905020537,0.156596094979463,2
"20558",3.36484239261423e-34,0.983750649181689,0.0162493508183114,2
"20560",1.04795469281278e-15,0.969109125377189,0.0308908746228096,2
"20563",3.78774856153457e-41,0.629730585383862,0.370269414616138,2
"20565",1.75486939992053e-25,0.930708293802126,0.0692917061978735,2
"20567",3.74331548846263e-06,0.331519534876565,0.668476721807947,3
"20571",8.05866875448032e-43,0.00041086667124171,0.999589133328758,3
"20573",8.62678883673263e-32,0.959897255384153,0.0401027446158471,2
"20575",7.51939524710994e-46,0.798652666796611,0.201347333203389,2
"20577",2.60908002508535e-24,0.95684707397535,0.0431529260246502,2
"20579",0.0192995874128314,8.51944637744222e-10,0.980700411735224,3
"20582",6.73445088710897e-41,0.96160559087401,0.0383944091259902,2
"20585",4.8891447120887e-21,0.0756350650353951,0.924364934964605,3
"20588",4.53295530148642e-46,1.19219453875947e-05,0.999988078054612,3
"20590",0.999055500482537,7.58527472506696e-08,0.000944423664716044,1
"20592",6.57159698919592e-39,0.916141793116317,0.083858206883683,2
"20594",6.68496429159548e-41,0.904141638703178,0.0958583612968223,2
"20596",3.86835560999477e-24,0.877875352707342,0.122124647292658,2
"20598",1.7399920967749e-23,0.978561039083804,0.0214389609161966,2
"20600",6.79891941541053e-23,0.252550402171404,0.747449597828596,3
"20603",4.92532898175408e-14,0.592481083749673,0.407518916250277,2
"20605",2.0210753296918e-39,0.961911625444643,0.0380883745553571,2
"20607",1.34179115816196e-28,0.969865508248027,0.0301344917519725,2
"20609",3.86005392070784e-22,0.988278513649415,0.0117214863505848,2
"20611",0.988751697530936,0.0105737193798599,0.00067458308920412,1
"20613",4.05085969219225e-12,0.978426070924347,0.0215739290716019,2
"20615",3.12592124941508e-13,0.913174179982243,0.086825820017444,2
"20617",0.9999875910293,4.7681967512917e-08,1.23612887328672e-05,1
"20619",5.15809158366871e-38,0.876803019440072,0.123196980559929,2
"20621",3.15778357614831e-35,0.935168940167911,0.0648310598320886,2
"20623",2.26360671461254e-07,0.035553820902944,0.964445952736385,3
"20625",2.03139940341449e-10,0.10402156992514,0.89597842987172,3
"20627",2.05042712336759e-23,0.973239993307652,0.0267600066923476,2
"20629",7.16111394117763e-29,0.964782742515827,0.0352172574841735,2
"20631",1.68006701794628e-39,0.794367403951498,0.205632596048503,2
"20633",0.999934464685913,7.86329418767715e-12,6.55353062237772e-05,1
"20636",2.63491692340151e-10,0.548304763078819,0.45169523665769,2
"20638",2.17385533990929e-41,0.261225230239292,0.738774769760708,3
"20640",3.83976873193973e-32,0.806697874394212,0.193302125605788,2
"20645",2.36687748860994e-46,0.791693777911936,0.208306222088064,2
"20647",0.999541361478738,2.67777386684039e-11,0.000458638494484372,1
"20649",5.27716668609925e-23,0.925136702330892,0.0748632976691085,2
"20651",1.89600426618758e-61,5.44847816225429e-05,0.999945515218377,3
"20656",1.2199119926628e-36,0.14455427465589,0.85544572534411,3
"20660",3.96582232767187e-31,1.41696839265631e-08,0.999999985830316,3
"20662",1.44968419761318e-15,5.55746734353327e-05,0.999944425326563,3
"20664",1.84947404026504e-27,0.0388018395296966,0.961198160470303,3
"20666",0.0611010854916074,0.00542345255502853,0.933475461953364,3
"20668",0.995122848263221,0.00466007952652899,0.000217072210249998,1
"20670",2.07763470383254e-45,0.172128797227403,0.827871202772597,3
"20672",0.993512396789324,0.0052872247289511,0.00120037848172501,1
"20674",6.43011545455977e-29,0.960578083544716,0.0394219164552836,2
"20676",0.886300415541053,2.72735802854403e-07,0.113699311723144,1
"20678",0.996380668855151,5.56437687583072e-09,0.00361932558047266,1
"20680",0.0073833107384309,0.965305588981736,0.0273111002798331,2
"20682",1.29543792856958e-13,0.855524267868978,0.144475732130892,2
"20684",7.30249433291931e-46,0.196938639352176,0.803061360647824,3
"20686",0.999888757128864,2.3775460031327e-05,8.74674111048589e-05,1
"20688",0.994500026580058,1.58635772733983e-13,0.00549997341978295,1
"20690",8.77955613709072e-40,0.000169985848885107,0.999830014151115,3
"20692",0.999565781774799,5.04128409804635e-14,0.000434218225150129,1
"20694",0.926411072232618,0.0715921250098785,0.00199680275750366,1
"20696",1.30591020138487e-11,0.902292355864838,0.0977076441221026,2
"20698",5.73416300938678e-25,0.831869513853189,0.168130486146811,2
"20700",3.4219917726526e-47,0.0522848663519628,0.947715133648037,3
"20702",1.43004509341127e-43,0.000340502256189618,0.99965949774381,3
"20704",1.18281503115789e-21,0.984470506122524,0.0155294938774757,2
"20706",9.26633877803151e-43,0.0030513188938625,0.996948681106138,3
"20708",0.998239369323403,1.74350197416587e-06,0.00175888717462306,1
"20710",1.29693835687456e-24,0.646923420144889,0.35307657985511,2
"20714",0.999378810476794,0.000176727034287585,0.00044446248891801,1
"20716",2.41920840544404e-31,0.96711710750295,0.0328828924970504,2
"20719",8.13465680825091e-31,0.077253904819942,0.922746095180058,3
"20721",1.98272047966206e-39,0.869523167062255,0.130476832937745,2
"20723",1.4537260168857e-35,6.51752351929726e-05,0.999934824764807,3
"20725",0.0648019860716592,0.919133064399097,0.016064949529244,2
"20727",2.05427394312621e-17,1.27823129057843e-10,0.999999999872177,3
"20729",0.998928037496825,0.0009026687059066,0.000169293797268384,1
"20731",0.969160274192045,0.0298733618018282,0.000966364006127238,1
"20733",9.40251887150283e-35,0.901969753785298,0.0980302462147017,2
"20735",5.46844852833338e-22,0.961174008460999,0.0388259915390012,2
"20737",0.990674204484107,0.00126576498475854,0.00806003053113474,1
"20739",0.974256685290952,1.5664601207634e-08,0.0257432990444465,1
"20741",0.107047844748999,0.878068213948146,0.0148839413028549,2
"20743",1.0341833301296e-10,0.901467470827566,0.098532529069016,2
"20745",1.83754721333247e-37,0.547458464802419,0.452541535197581,2
"20747",0.999880754634313,9.66284684400773e-05,2.26168972471139e-05,1
"20749",0.999897975757281,7.74473459620958e-05,2.45768967569852e-05,1
"20751",0.000372562424437848,0.0799293581384149,0.919698079437147,3
"20753",0.811845166145184,0.180041767278567,0.00811306657624933,1
"20755",0.82539008141873,1.43216696108941e-09,0.174609917149103,1
"20757",2.32286839867121e-26,4.66905750972189e-06,0.99999533094249,3
"20759",1.43849786162545e-38,0.374156201309577,0.625843798690423,3
"20761",1.03529904877009e-06,0.989444536530639,0.0105544281703122,2
"20763",3.1232001311231e-33,0.815571502367572,0.184428497632428,2
"20765",0.259877447546663,0.731162514963843,0.00896003748949398,2
"20767",1.419778052192e-31,0.894985539899186,0.105014460100814,2
"20769",5.30468659766804e-33,0.00235547297662052,0.997644527023379,3
"20771",6.97528115019076e-08,0.957020468654585,0.0429794615926039,2
"20773",8.07757253056626e-23,1.46256371595308e-09,0.999999998537436,3
"20775",5.56933059420119e-12,0.957656412009849,0.0423435879845815,2
"20777",1.54892489425687e-41,0.00436009906696266,0.995639900933037,3
"20779",0.139145776440997,0.845372763222108,0.0154814603368945,2
"20781",2.79980520224234e-21,1.00857323051746e-23,1,3
"20783",1.51739729561578e-09,0.985167502209482,0.014832496273121,2
"20785",3.48148011524323e-12,5.09745195333293e-15,0.999999999996513,3
"20787",0.957359140550145,0.0409882021677165,0.00165265728213863,1
"20789",1.84825006946463e-19,0.972581509852337,0.0274184901476628,2
"20791",0.996965811120156,0.00281374142722867,0.000220447452615823,1
"20793",7.57697432006859e-12,0.970651383252053,0.0293486167403703,2
"20795",0.000659957538096449,0.961514977562604,0.0378250648992999,2
"20797",0.970929117803544,4.45244090692653e-20,0.0290708821964563,1
"20800",0.999652133578137,0.000340000697776653,7.86572408669048e-06,1
"20802",0.00745725631981219,0.979199742699344,0.0133430009808441,2
"20804",0.9994402178277,0.00025786667436585,0.000301915497934258,1
"20806",0.999138352275741,0.000672617525336035,0.00018903019892287,1
"20808",9.30836077465452e-20,0.984118892811939,0.0158811071880608,2
"20810",6.20120565706329e-14,0.536068396960993,0.463931603038945,2
"20812",2.1477813572677e-09,0.885216322726905,0.114783675125314,2
"20814",0.999650053324311,6.4892432348357e-09,0.000349940186445886,1
"20816",9.32573405982574e-31,6.69963626432368e-05,0.999933003637357,3
"20818",2.70424053129679e-12,0.98030373836956,0.0196962616277361,2
"20820",0.970781233175095,1.7046170540428e-09,0.0292187651202877,1
"20822",0.34250528627486,0.64840178515529,0.00909292856985047,2
"20824",1.69049839308455e-06,4.91393660696627e-15,0.999998309501602,3
"20826",0.999920337701444,1.39188901322813e-06,7.82704095423361e-05,1
"20828",0.999849368562176,7.16015289427586e-12,0.000150631430664226,1
"20830",0.0597045581953542,0.772990358800716,0.16730508300393,2
"20832",7.77325045397846e-20,0.967781920747478,0.0322180792525225,2
"20834",3.65631842806872e-25,0.971470373132601,0.028529626867399,2
"20836",0.811332549669635,0.185267888103447,0.00339956222691795,1
"20838",0.995694873343148,3.15538471907988e-06,0.00430197127213289,1
"20840",5.0839074157934e-27,0.97212490605659,0.02787509394341,2
"20842",2.07999424216779e-05,0.543532377187324,0.456446822870255,2
"20844",4.68053872259838e-08,0.00121309635563009,0.998786856838983,3
"20846",8.00120938238313e-07,0.928746835309698,0.0712523645693635,2
"20848",4.58756467171486e-11,0.985413438538075,0.0145865614160497,2
"20850",3.47490002493641e-19,0.970544654468374,0.0294553455316258,2
"20852",1.11854871085749e-31,0.273968551289314,0.726031448710686,3
"20854",0.999931572583273,3.45830585454257e-05,3.38443581819295e-05,1
"20856",7.07592885846064e-39,2.58206644483156e-10,0.999999999741793,3
"20858",2.20090507177182e-34,0.864394490133917,0.135605509866083,2
"20860",0.000135263131514195,0.0199193731859729,0.979945363682513,3
"20862",2.5755502940403e-33,0.863210515925494,0.136789484074506,2
"20864",0.999305942565672,1.84636960193132e-05,0.000675593738308789,1
"20866",1.99258386284821e-53,0.00106280228487887,0.998937197715121,3
"20868",1.0059062224387e-33,0.956587229625462,0.043412770374538,2
"20870",3.51623179130749e-09,0.981149126947397,0.0188508695363714,2
"20872",0.556134645108811,0.439118396817725,0.00474695807346445,1
"20874",0.999070957267087,1.08042188347319e-09,0.000929041652490772,1
"20877",5.22195074026176e-28,0.952915574271418,0.0470844257285822,2
"20879",4.54195520074134e-40,0.96651385411742,0.0334861458825804,2
"20881",0.0144521211691848,0.967449734020932,0.0180981448098831,2
"20883",3.22942967821429e-07,2.75299836325406e-05,0.9999721470734,3
"20885",0.992669253008718,0.00720626355397558,0.000124483437306583,1
"20887",1.28077815030536e-18,0.941213268256521,0.0587867317434793,2
"20889",6.42130168058651e-09,0.951400125205426,0.0485998683732728,2
"20891",3.51902001815406e-32,0.972108335836197,0.0278916641638025,2
"20896",1.30327582809362e-25,0.879460947499146,0.120539052500853,2
"20898",0.000112317948313289,0.985111080824258,0.0147766012274286,2
"20900",0.000150832450846079,1.51344883155451e-17,0.999849167549154,3
"20902",5.39383709031272e-17,0.0778586134914126,0.922141386508587,3
"20904",1.77371110301971e-09,0.00714331283664165,0.992856685389647,3
"20906",4.00076595732492e-42,0.776589909708952,0.223410090291048,2
"20908",4.45365628055672e-13,0.958946094799955,0.0410539051995995,2
"20910",1.57389835438594e-12,0.301551536850826,0.6984484631476,3
"20912",3.14605998221935e-08,5.69287501350975e-23,0.9999999685394,3
"20914",1.2869351316986e-41,0.598656719716479,0.401343280283521,2
"20968",5.21155046384348e-23,3.64905645616803e-11,0.999999999963509,3
"20970",9.43373756905481e-34,0.956103180055185,0.0438968199448149,2
"20981",8.06535697322985e-28,0.713369751198105,0.286630248801895,2
"20983",0.999960785256969,5.74055732845639e-09,3.92090024736138e-05,1
"20988",1.21309138378729e-30,0.959763004433319,0.0402369955666811,2
"20995",1.00472612351507e-46,1.13972232726501e-09,0.999999998860278,3
"21017",1.6147381794159e-07,0.982037973938872,0.0179618645873103,2
"21038",3.78170701813616e-36,0.921526680111865,0.0784733198881354,2
"21072",7.17501172580798e-26,0.935290915122692,0.0647090848773082,2
"21075",2.18466588079501e-31,0.828763561753458,0.171236438246542,2
"21223",4.55625746038981e-14,0.97710232473142,0.0228976752685346,2
"21225",8.21464533755544e-17,4.29109958604212e-19,1,3
"21230",0.999839299324081,1.79137310922911e-08,0.000160682762188213,1
"21236",0.644968017411721,0.350091695123578,0.00494028746470062,1
"21238",6.49860260057664e-24,0.00257279130615249,0.997427208693847,3
"21241",6.5337189470104e-29,0.338540828485331,0.661459171514669,3
"21246",2.84114685385832e-15,0.960619396697561,0.039380603302436,2
"21253",0.999690218355615,0.000110136861614137,0.000199644782771,1
"21256",1.35114118577783e-05,0.949991633460681,0.0499948551274613,2
"21260",2.45876328724933e-30,5.48123967813678e-09,0.99999999451876,3
"21266",4.87820483050456e-37,0.96098549023875,0.0390145097612504,2
"21332",3.45012770787068e-20,0.964198195092569,0.0358018049074313,2
"21334",0.000348528201972939,0.954297457902158,0.0453540138958695,2
"21375",9.63039991251683e-47,0.103095724787737,0.896904275212263,3
"21378",3.57201004900957e-58,0.00293141376154963,0.99706858623845,3
"21381",1.91950129728584e-48,0.174830832301079,0.825169167698921,3
"21389",0.00106618304268973,0.788920852299662,0.210012964657649,2
"21391",1.76797277417533e-40,0.00776709021269353,0.992232909787307,3
"21402",9.64442433705353e-27,0.888452269427143,0.111547730572857,2
"21404",5.96823549883219e-18,0.618402262047866,0.381597737952134,2
"21409",5.01790792085774e-37,0.80731961995335,0.19268038004665,2
"21413",5.82616796836573e-22,0.373285088654337,0.626714911345663,3
"21423",8.93549549614067e-42,3.31742676170761e-05,0.999966825732383,3
"21425",1.16485375555986e-33,0.58129900186949,0.41870099813051,2
"21430",6.60174699699428e-15,0.000484866615010362,0.999515133384983,3
"21432",1.24523488097742e-19,0.966895946957595,0.0331040530424052,2
"21438",1.76501134855549e-42,5.08612091317091e-10,0.999999999491388,3
"21440",5.01071447924239e-35,0.895302262241851,0.104697737758149,2
"21443",0.317307068721451,0.674840550831951,0.00785238044659798,2
"21445",1.11426519410449e-17,4.9272104513654e-08,0.999999950727895,3
"21447",1.14753794243965e-44,0.865981972659247,0.134018027340753,2
"21449",1.28292466604574e-28,0.912442652715499,0.0875573472845015,2
"21451",1.28292466604574e-28,0.912442652715499,0.0875573472845015,2
"21455",4.52001386258791e-26,0.978450446734693,0.0215495532653067,2
"21469",8.8483086555242e-44,0.00319767202477313,0.996802327975227,3
"21471",2.29114857097336e-31,0.395190505661825,0.604809494338175,3
"21473",8.77019827696052e-16,0.533686593647177,0.466313406352822,2
"21476",1.353685130585e-24,0.920961531127278,0.0790384688727215,2
"21478",4.79120368644691e-22,0.0113448502246669,0.988655149775333,3
"21481",5.77563598588861e-06,0.963269031041363,0.0367251933226516,2
"21490",1.83785157441159e-26,0.95584746370476,0.0441525362952396,2
"21493",4.46841112380252e-57,1.51855773040159e-07,0.999999848144227,3
"21495",2.91353646145308e-22,0.975542550541377,0.0244574494586228,2
"21500",1.81402632432364e-42,0.941568372374158,0.0584316276258419,2
"21504",9.01462732273072e-38,0.103671719498319,0.896328280501681,3
"21507",5.14072104280709e-39,0.864003760184519,0.135996239815481,2
"21512",4.30379424034283e-43,0.958170536034876,0.0418294639651237,2
"21519",4.16555684078437e-09,0.953236615147112,0.0467633806873312,2
"21522",4.64582272161113e-24,4.62952303058404e-07,0.999999537047697,3
"21524",7.02594086046501e-30,0.949332261250336,0.0506677387496644,2
"21528",2.18716309270829e-37,0.979917911991584,0.0200820880084163,2
"21532",2.64677041964481e-30,0.884261065809947,0.115738934190053,2
"21543",1.1446070834468e-29,0.333775714726896,0.666224285273104,3
"21546",2.56182113106371e-28,0.920401794659698,0.0795982053403025,2
"21550",3.10108302591998e-38,0.941846804750421,0.0581531952495791,2
"21554",1.48011175471945e-34,0.899095972103013,0.100904027896987,2
"21557",2.20831550065953e-14,0.114174295122472,0.885825704877506,3
"21560",1.26162199768241e-37,0.638326198383745,0.361673801616255,2
"21564",1.09847677598278e-14,0.974362153625271,0.0256378463747179,2
"21566",1.09157989537648e-31,0.984643285398071,0.0153567146019287,2
"21569",1.20689382832998e-18,0.945820143347434,0.0541798566525662,2
"21574",0.992963284586664,0.00493346046600537,0.0021032549473302,1
"21576",0.000509094602995811,0.985434451586477,0.0140564538105275,2
"21578",0.995266867506678,0.004627737747603,0.000105394745719408,1
"21580",1.00799731536943e-08,0.982573419789499,0.0174265701305283,2
"21583",1.31663139212012e-53,0.829906961894345,0.170093038105655,2
"21585",0.00155576647920903,5.00016657741224e-09,0.998444228520624,3
"21587",1.32621915598593e-07,0.963819299583255,0.0361805677948291,2
"21589",6.14599191943368e-16,0.476716118243074,0.523283881756926,3
"21593",2.36829488226199e-08,1.00718068944112e-30,0.999999976317051,3
"21595",0.00552076708083166,4.21151552095106e-07,0.994478811767616,3
"21597",6.22117077780567e-30,0.864995071109574,0.135004928890426,2
"21599",0.997134725957374,9.58299096993055e-05,0.00276944413292676,1
"21601",4.70993735482704e-36,8.98060658373748e-05,0.999910193934163,3
"21603",0.998268646067242,1.25390262964261e-06,0.00173010003012863,1
"21605",0.996809730267083,0.00283215655468955,0.000358113178227006,1
"21607",3.00192536853392e-21,0.836881420505877,0.163118579494123,2
"21610",1.88252970935249e-25,0.933039641507195,0.0669603584928048,2
"21612",0.716661751253149,0.277818558781474,0.00551968996537679,1
"21614",3.1349353070739e-26,0.948876471413588,0.0511235285864122,2
"21616",6.74373863030797e-06,0.967793772510874,0.0321994837504954,2
"21618",2.43909698961796e-57,0.0140205724985993,0.985979427501401,3
"21620",0.998341700909836,0.00151201661616157,0.000146282474002426,1
"21622",1.29752428053087e-37,0.00153929981046315,0.998460700189537,3
"21624",6.66508455287595e-18,0.155753751463181,0.844246248536819,3
"21626",8.48448059267698e-11,0.952126446148789,0.0478735537663662,2
"21628",1.08120817491725e-21,0.964294781743295,0.0357052182567054,2
"21630",1.73461027418479e-15,0.939447722675988,0.0605522773240104,2
"21632",5.28487185265087e-40,0.861849414061247,0.138150585938753,2
"21634",1.6757134361426e-17,0.969719745303152,0.0302802546968484,2
"21636",0.00115835484412773,0.957113124958554,0.0417285201973183,2
"21638",0.0550637818505775,0.542727147245435,0.402209070903987,2
"21640",2.76336414466246e-06,0.97007192136544,0.0299253152704152,2
"21642",0.000976103434256168,0.421397454263023,0.577626442302721,3
"21644",0.621786521656381,5.83436543815911e-11,0.378213478285276,1
"21647",0.999003295437202,0.000965298822429056,3.14057403690445e-05,1
"21649",2.21047393398078e-10,0.974394236589719,0.0256057631892333,2
"21651",5.40193328935197e-20,0.554929740649305,0.445070259350695,2
"21653",0.0285388321550623,2.61351247368137e-05,0.971435032720201,3
"21655",0.999954868197519,1.7850732642228e-06,4.33467292171936e-05,1
"21657",0.214589802900007,0.773014391883578,0.0123958052164149,2
"21659",0.0129525539190401,3.20249744227222e-13,0.98704744608064,3
"21661",0.985220817805117,0.0144974625878119,0.000281719607070677,1
"21663",0.99983132388922,6.204305612079e-05,0.000106633054659217,1
"21665",1.23812954064474e-05,0.489464625373306,0.510522993331287,3
"21667",2.38511793981715e-23,0.982316833741843,0.017683166258157,2
"21670",4.97163213851644e-22,0.967214781098196,0.0327852189018037,2
"21672",2.57941632196728e-14,0.974596681743689,0.0254033182562854,2
"21674",3.07211636939686e-33,0.947512597923094,0.0524874020769059,2
"21676",2.95404956114722e-24,0.970570777014732,0.029429222985268,2
"21678",2.5083984042224e-16,6.02204273909313e-09,0.999999993977957,3
"21680",0.243048324998084,0.68370641206927,0.0732452629326461,2
"21685",2.09602825806556e-25,0.975794803687875,0.0242051963121254,2
"21687",1.01640838165505e-11,0.104281777594603,0.895718222395233,3
"21690",0.0322247866153874,0.935881210401066,0.031894002983547,2
"21707",3.01947553864359e-33,0.979198589983809,0.0208014100161911,2
"21710",1.24591234683121e-17,0.00268453116142553,0.997315468838575,3
"21713",1.60180788037722e-31,0.915419484378461,0.0845805156215392,2
"21718",1.80228686766878e-21,0.0933509214967844,0.906649078503216,3
"21721",8.0412214766308e-36,1.00208776235665e-12,0.999999999998998,3
"21723",1.11912436855263e-37,0.766273854885832,0.233726145114168,2
"21726",1.6629137639596e-44,0.798261543770633,0.201738456229367,2
"21729",2.05335922510766e-09,0.00245437406350375,0.997545623883137,3
"21733",0.150869043668385,0.138499187196108,0.710631769135507,3
"21735",4.44136827628706e-24,4.16275103900325e-06,0.999995837248961,3
"21739",1.81044440436842e-27,0.982964094678981,0.0170359053210185,2
"21741",1.54921186039347e-22,0.987247355802128,0.0127526441978721,2
"21744",4.54737943192716e-44,0.00587391443936938,0.994126085560631,3
"21746",1.04018438131197e-41,0.949947567971129,0.0500524320288707,2
"21748",1.40949627682126e-26,0.95896576055616,0.0410342394438399,2
"21750",0.972388492065589,0.0271300332756676,0.000481474658743708,1
"21752",5.34464398334624e-39,0.940269849727748,0.0597301502722525,2
"21755",1.05690592685071e-12,0.971673958280072,0.0283260417188712,2
"21757",1.12149919184017e-31,0.702777447354023,0.297222552645977,2
"21760",1.00472612351507e-46,1.13972232726501e-09,0.999999998860278,3
"21762",1.46434791035432e-58,5.5291708938712e-05,0.999944708291061,3
"21764",0.694539706290592,4.43670663506343e-05,0.305415926643057,1
"21766",3.02501065729701e-43,0.936978903329556,0.0630210966704444,2
"21768",7.30495121698907e-21,0.952731268509217,0.0472687314907832,2
"21770",6.24135901877158e-24,0.951746462319709,0.0482535376802907,2
"21773",5.19785112452347e-45,0.269786323455812,0.730213676544188,3
"21775",1.51605005260779e-19,0.0238163819783857,0.976183618021614,3
"21777",0.00587820354197598,0.965099886828183,0.0290219096298413,2
"21779",5.08353859385773e-16,0.94719050116,0.0528094988399996,2
"21781",7.21353329028564e-32,0.886073753855432,0.113926246144568,2
"21784",9.16981990526902e-30,0.940358636780729,0.0596413632192706,2
"21786",4.71692839106205e-26,0.774371348991401,0.225628651008599,2
"21789",2.83318689608254e-18,0.956997786240265,0.0430022137597347,2
"21791",2.88768187275325e-38,0.960958206916346,0.0390417930836544,2
"21794",2.18623892815071e-24,0.802263691347498,0.197736308652502,2
"21797",8.81864934607578e-37,0.00246366599544437,0.997536334004556,3
"21800",4.87622834363111e-37,6.68348161939344e-06,0.999993316518381,3
"21802",1.83882512839302e-32,0.884234741318721,0.115765258681279,2
"21804",9.42457308332308e-08,1.73412531394125e-15,0.999999905754267,3
"21806",1.02908257562698e-22,1.69800872245385e-06,0.999998301991278,3
"21808",7.22645726990345e-35,6.10051050853488e-08,0.999999938994895,3
"21811",5.04834374938771e-44,0.00342627058717642,0.996573729412824,3
"21815",1.7000857366334e-39,0.734188912458835,0.265811087541165,2
"21817",3.1439951302256e-41,9.43543102434774e-12,0.999999999990565,3
"21820",7.12591214124587e-48,0.187742209432475,0.812257790567525,3
"21822",5.93207394456166e-20,0.943801766221498,0.0561982337785024,2
"21824",9.76325803213637e-05,0.706240279290962,0.293662088128716,2
"21826",1.66536597615568e-37,0.97494358817242,0.0250564118275798,2
"21828",3.01871195308959e-21,0.446202155992761,0.553797844007239,3
"21830",0.00717899615603731,0.975125078457954,0.0176959253860081,2
"21833",4.75041870498305e-19,0.928442991107286,0.0715570088927144,2
"21835",4.75041870498305e-19,0.928442991107286,0.0715570088927144,2
"21838",1.25079009615307e-23,0.542426005272885,0.457573994727115,2
"21840",7.91936040829976e-50,0.659462243554074,0.340537756445926,2
"21842",1.94937729977299e-53,0.000110180208177975,0.999889819791822,3
"21844",5.01808063086212e-18,0.851021550410616,0.148978449589384,2
"21847",9.95479226197995e-43,0.951329801508923,0.0486701984910771,2
"21849",4.515013055784e-33,0.217311017570333,0.782688982429667,3
"21852",2.19225572290943e-25,0.78243630538663,0.21756369461337,2
