"","V1","V2","V3","V4","V5","V6","V7","result$classification"
"19811",0.96110383455688,0.000475347811594667,1.42680604558105e-07,8.99438162652212e-08,0.000369873475665717,0.00361043199709401,0.0344402795343443,1
"19813",1.53046085538622e-05,3.88813626431555e-08,7.6643945115689e-10,1.41713663221825e-08,1.41970545192375e-06,1.73853767782706e-06,0.999981483329148,7
"19815",0.944199411828077,7.48755150114531e-06,0.000699727476431029,1.41848596989898e-05,0.0114914125067352,0.0435860952630632,1.68051449338409e-06,1
"19817",0.991773037874902,0.00033766347395016,1.1302875713051e-05,3.04196813252667e-07,0.00245818982838265,0.00541428089732305,5.22085291608815e-06,1
"19819",8.24936457687431e-06,3.07540754365687e-07,0.176541904182824,0.549819298564327,0.273604831521572,2.54084614155885e-05,3.64529357493624e-10,4
"19821",0.966288431844402,0.0144756327035968,1.90041646668462e-07,7.36502217349827e-06,0.00683022273799899,0.000856159440661202,0.0115419982095211,1
"19823",0.894910293018817,0.000109365857513571,0.100401305199796,3.52501889128042e-06,0.00347184972217348,0.00110079744181586,2.86374099287657e-06,1
"19825",0.000914307340904344,0.90627266007208,0.000123284774335381,0.0734090008717899,0.0126765366482383,0.00335119479835542,0.00325301549429707,2
"19827",0.699283414226207,0.297508712056541,9.10250854332922e-05,2.12027974990727e-06,0.00303797413883575,7.63479197713075e-05,4.06293461282692e-07,1
"19829",0.00042337359367682,0.00553629471168243,2.89215116951395e-05,0.0656003283520008,0.928259154919853,0.000149692606978865,2.23430411354102e-06,5
"19831",3.81939116497025e-05,2.74832807142221e-07,0.114249953609655,0.117679902274947,0.767967097488329,6.3856777101346e-05,7.21105511250528e-07,5
"19833",5.04742312029023e-07,2.11464442868119e-05,0.998670656415954,7.05915889541006e-05,1.02032261592743e-06,0.00123321244972451,2.86803615265998e-06,3
"19835",0.966288431844402,0.0144756327035968,1.90041646668462e-07,7.36502217349827e-06,0.00683022273799899,0.000856159440661202,0.0115419982095211,1
"19837",0.966521234670905,0.0183940935452268,7.40181300575901e-06,2.0670994664896e-06,0.014956161892825,0.000116551541041685,2.48943752912852e-06,1
"19839",0.00153779762850325,0.0326722080448613,1.14140588735289e-05,0.150577599911804,0.811796923044821,0.0016206180749738,0.00178343923616299,5
"19841",8.82976690782112e-06,0.999955362435069,5.95780010122775e-09,1.81353209263449e-06,2.93681704947555e-06,3.97606149392974e-08,3.10117304653522e-05,2
"19843",3.54409191126409e-06,1.96984660489069e-08,1.81750494157286e-05,0.908924813282127,0.0699875290660384,0.00401877899768045,0.0170471398143607,4
"19845",0.0707202455819134,8.55281824373999e-06,6.83783889163348e-08,1.81513020622528e-08,1.70146700682585e-05,0.000424349127401572,0.928829751272682,7
"19847",0.887219466926061,1.05724749511054e-05,8.97825074853375e-05,6.28919080642752e-05,0.0495884343872085,0.0544868936612535,0.00854195813497654,1
"19849",4.52943309641545e-05,8.92759484162354e-08,3.03755554455524e-10,1.13441978056176e-09,1.77494464225056e-07,4.28506600175419e-07,0.999954008953848,7
"19851",0.997417654035267,1.60722409363457e-05,1.38928183334766e-05,9.48965592686067e-08,0.000572736521681337,0.00196539005084504,1.41594363770827e-05,1
"19853",0.989665820227473,0.000154686208198814,6.47501564853019e-05,1.55553077339959e-09,7.89777003410658e-06,0.000233870257179552,0.00987297382509832,1
"19855",0.997566161960647,0.00148318195233709,2.66370545934119e-06,4.14440148041261e-09,0.000107245120284982,0.00027356317039084,0.000567179946478934,1
"19857",0.802527524763983,0.0163609356807932,1.15428319606458e-06,4.78449800693047e-05,0.150200975175348,0.0150531154479943,0.0158084496686164,1
"19859",0.966072965215451,0.0087278246428619,0.000103275632691548,3.94851075723194e-06,0.0208606578333216,0.00421889235222922,1.24358126869744e-05,1
"19861",0.879763658435121,1.99592174553478e-05,7.23661919995029e-07,8.56766726432725e-08,0.000374196949305601,0.00153158408604889,0.118309791973476,1
"19863",2.50054046965517e-05,0.00698213224614174,3.09416109740861e-10,5.46797889576881e-09,5.83317717754734e-08,6.47087133877596e-07,0.992992151152861,7
"19865",0.00248014683715999,0.997507631830942,1.35788043221092e-08,5.15559354412988e-08,6.22810348258775e-06,5.02683945771015e-06,9.01254217972693e-07,2
"19867",0.960208817144885,1.58157821880982e-06,2.28400796441395e-05,7.65317500891589e-06,0.00495706193719889,0.0279423304949248,0.00685971559011899,1
"19869",0.00815352248565733,3.06138462225975e-05,1.24807134815729e-09,7.43934752816887e-10,1.29655795088274e-06,3.61613040301036e-06,0.99181094898776,7
"19871",0.903845910653019,0.0310211931948921,0.0001015201921038,9.67735972974292e-06,0.0638183335710932,0.00120157583003462,1.78919912782586e-06,1
"19874",0.291846601380599,0.707356640398814,5.76389311912266e-06,1.3823318118045e-07,8.62881370855562e-05,0.000700120090352648,4.44786684948029e-06,2
"19876",0.870488922866087,0.129245600708702,1.11328614740725e-07,4.03331096036037e-09,3.51557955299343e-05,3.21514238529811e-05,0.000198053843902415,1
"19878",0.000226124633121374,1.77565346116985e-06,2.54174267259553e-05,0.00315815394367322,0.000333275968628377,0.996251853702123,3.39867226732253e-06,6
"19880",0.00212485862831224,0.997864522829117,3.54565336130955e-09,7.94853865462365e-10,4.36370327227844e-07,1.5459841044811e-07,1.00232333255081e-05,2
"19882",0.775139681702723,0.000689282834109711,1.51202873977158e-06,2.28212848515229e-07,8.63895111203221e-05,0.0197852170592583,0.204297688651201,1
"19885",0.891128384906125,0.000378571070825393,6.81858240110309e-06,2.6225678458027e-05,0.0963164988809663,0.0121353770491341,8.12383209007234e-06,1
"19907",0.907082825151814,9.62590307566024e-06,3.74840066036523e-06,2.54636770823345e-06,0.001179413167916,0.0286737385987601,0.0630481024100653,1
"19909",0.000701145125842728,8.4593160841765e-07,4.71015089139249e-06,0.00540440632369807,0.99384042382376,1.32502281160682e-05,3.52184160828808e-05,5
"19911",0.0033449408275989,0.00751938360275397,0.000220263201843448,0.0160303220296848,0.972704406153937,0.000174083969943485,6.60021423834876e-06,5
"19913",1.37705538180193e-05,0.999985719886403,1.3164424609922e-08,1.6338664794609e-08,2.0936869309383e-07,2.32966291875526e-08,2.47391367107782e-07,2
"19915",0.751095414364636,0.248543064430409,4.11930034558367e-06,5.98068521395305e-08,0.000143311484273688,0.000212425894273786,1.60471920989636e-06,1
"19917",0.0120616848046936,0.987749658152506,5.42802063844529e-07,5.73628227616111e-07,0.000143500258699127,4.20598185725279e-05,1.98053523714642e-06,2
"19919",0.8918949030506,0.0996535738405353,2.88434990692821e-05,1.57114515540479e-06,0.0027712677341683,0.0056486681372402,1.17259323177436e-06,1
"19921",0.984938602755096,4.9471005910447e-06,7.57733401741863e-06,7.91616594567068e-07,0.00268107719975495,0.0121639100840653,0.00020309390988048,1
"19923",0.00573104518966501,5.59441613700447e-08,0.000537627452334065,0.000189407318145616,0.000835235109004412,0.992696647207383,9.98177930605872e-06,6
"19925",0.0820024155716771,0.917781607268518,1.16044571831797e-06,1.27726818611547e-07,6.00500696489896e-05,0.000153912525463358,7.26392155174012e-07,2
"19927",0.998393763670224,7.66595240241424e-05,5.99898952207734e-06,5.94168740170096e-08,0.00103402081897756,0.000472273444427769,1.72241359500422e-05,1
"19929",0.000194700566298969,0.579650526913526,6.27555572265503e-10,8.8890271734285e-09,3.0873752178699e-07,1.84325776083969e-07,0.420154269940294,2
"19931",0.99075529406968,0.000436852579391663,6.21133810616488e-05,2.61588617785682e-06,0.00719329385734955,0.00154913060927424,6.99617065139383e-07,1
"19933",0.0526520846822674,0.000193051179485031,0.000255646555537153,0.00415911277113115,0.942588811977441,0.000151148303901653,1.44530236110193e-07,5
"19935",0.688252777973508,0.00100759707526085,4.2857982785421e-06,0.0017513757140921,0.278898056320011,0.0294391662896923,0.000646740829156692,1
"19937",0.990775511330731,7.556461371807e-06,0.000230930336861102,1.04160855883535e-06,0.00294577772583486,0.00603708434903425,2.09818760830717e-06,1
"19939",0.692511033774225,0.00078032278708662,4.87937840127239e-05,7.84955884088022e-06,0.00199627285177011,0.304651509945591,4.21729847429536e-06,1
"19941",0.00200070439619058,0.0353458671907955,1.81552397298501e-05,0.0445250426462906,0.917931067118739,1.29864107451887e-05,0.00016617699750893,5
"19943",0.000835824167812539,0.999160885233117,1.70937007510184e-07,1.53165896074133e-08,1.97855956043041e-06,1.04842856236656e-06,7.73573510474397e-08,2
"19945",0.0124891243173017,9.89707550204024e-06,0.00075806983069073,0.0147630133398551,0.968347483217632,0.00363233110080289,8.11182158007603e-08,5
"19947",0.0065514459423268,0.732603778671549,5.699839513949e-05,0.00348016593432067,0.238246644346778,0.000266229751310537,0.0187947369585747,2
"19949",0.018339089648846,4.98568685966778e-07,0.00181458572608968,0.00342755832661491,0.011989116199393,0.964428769499125,3.820312456017e-07,6
"19951",0.252582291289755,0.689120088038213,1.45124817671601e-05,4.87421349096799e-05,0.00194249852664252,0.0562836601302432,8.20739846940239e-06,2
"19953",0.000191207713130685,1.67458863546158e-08,0.914528822870672,0.0312159199814877,0.0528229680893951,0.00124103780930479,2.67901227106696e-08,3
"19955",0.000426010451956858,1.53471845257674e-06,0.0278234040275331,0.174169023870229,0.526597991692459,0.270968608576443,1.34266629269715e-05,5
"19957",0.0867471241370981,0.900906673822861,0.00143722109327776,7.48533941621005e-06,0.0106384257234324,0.000243004757903608,2.00651260104235e-05,2
"19960",0.000394524723251372,0.00023306696911207,3.27977317234565e-05,0.174066704650878,0.82135898801446,0.00387886278471175,3.50551258626676e-05,5
"19963",0.000247278309062763,0.956358250827141,0.0431992142329313,7.74669641753796e-05,7.73080691409016e-05,2.59823942958678e-06,3.78833581188546e-05,2
"19965",2.18101961378761e-05,1.25566573775689e-08,0.000121654326824486,0.689293356843268,0.185252085161971,0.12525833065593,5.27502592106262e-05,4
"19968",0.0122008555419564,0.787306643993328,2.67509009801494e-09,5.05616477377012e-05,0.00220350905496354,5.43204963135662e-05,0.198184106590611,2
"19971",5.4008684906006e-06,0.998737299132923,0.000761499381222892,0.000429208691922765,5.82239770093946e-05,8.13763401338249e-06,2.30314418110698e-07,2
"19973",0.995513339535812,0.00203323522938332,3.99603827741207e-07,2.28979100568533e-07,0.00154074250851146,0.000888101623403399,2.39525199618256e-05,1
"19975",0.029981631786701,0.969787276162515,2.03607505017469e-08,3.16882845351686e-07,0.000152195092363394,5.682550084732e-05,2.17342139773109e-05,2
"19977",0.000385170926390532,0.998922984945908,1.99726446093816e-05,1.23736002966427e-05,1.42572831709303e-05,0.000568628433530274,7.66121660946131e-05,2
"19979",1.80886632954954e-07,4.99315043722361e-07,9.29153648374654e-05,0.872229818200954,0.127672904784955,3.68120813439858e-06,2.39442201791616e-10,4
"19981",0.607886293920121,0.000237730218254498,1.38238640879519e-05,3.00185102395605e-05,0.389658828989762,0.00146437468213256,0.000708929815402673,1
"19983",0.358584287569713,1.69245903916731e-05,7.86638471194483e-05,0.000189954549623687,0.20521899512158,0.435420029259333,0.000491145062238642,6
"19985",0.296605991511844,0.703146768843026,2.27446874704186e-07,1.43245315566513e-08,3.5507715249823e-05,0.000180570090118867,3.09200683558325e-05,2
"19987",0.629571213426667,0.0251812400884299,6.42644528680707e-05,0.000265534210677754,0.344569598155295,0.00034484219645417,3.30746960765769e-06,1
"19989",3.3872816276615e-06,1.82091042888357e-09,0.00227566235366528,0.814067998208847,0.183541258836805,0.000111690794864143,7.03280551487e-10,4
"19993",0.175541179570673,0.013995125357324,0.000325526681894364,0.0234818315048985,0.141254541555256,0.645401196782868,5.98547086802212e-07,6
"19995",0.0882058689780162,0.00396377762724254,0.000150299151362507,0.0576319016148857,0.811421248151746,0.0386223124017377,4.59207500944826e-06,5
"19997",0.995637991188968,0.00340370397923108,1.81083080866339e-06,7.05476448527039e-08,0.00037218337838674,0.000561334480931008,2.29055940298389e-05,1
"19999",0.98227619135671,0.0170138598401797,8.42190692138699e-08,4.43954871420255e-09,8.91272225502718e-05,7.38134264574765e-05,0.000546919495484401,1
"20002",0.000364700933752814,0.467836421188841,5.34004768218964e-07,4.51071203067453e-05,5.62297814475697e-05,6.17764499951621e-07,0.531696389206384,7
"20004",0.0177759714030299,0.00115687915188655,9.40917072111884e-06,0.0062853199605674,0.974668813018663,1.54352850529527e-05,8.81720100790087e-05,5
"20006",0.00215176657382947,0.000615039822666318,0.00119530226537338,0.11738820206418,0.486217808146233,0.390531044309603,0.00190083681811459,5
"20008",0.00119462937996119,5.13810870645695e-05,0.0012897923291893,0.186909558294048,0.0125729820688909,0.79794479222509,3.68646157563679e-05,6
"20010",0.00417091145991617,1.87273874829914e-06,0.0248954337157876,0.116226373542856,0.463512900304843,0.391192498342389,9.89545998388419e-09,5
"20012",0.239897364571221,0.748112016999882,1.18688483871619e-07,9.96315542773747e-07,0.000114879670707613,0.00332899196774938,0.0085456317864138,2
"20015",1.22313353590115e-06,1.44360058712834e-08,6.95534348168434e-07,0.929784822936886,0.0687647551413558,0.00144809983009241,3.88987775907904e-07,4
"20017",0.989566623014766,0.00823190349978227,1.52766385464279e-07,1.81966817630642e-08,0.000457579677934634,0.000118370745780511,0.00162535209866976,1
"20019",3.92320495819789e-09,6.51738749084511e-10,0.000162423103584937,0.994226794630756,0.00556248496423877,4.8292708471772e-05,1.80044859537235e-11,4
"20022",0.000460780265275756,4.43612035489967e-07,0.000630733762957262,0.0454280637801857,0.949630661108296,0.00384930995921125,7.51203814685072e-09,5
"20024",8.71377048658951e-07,2.04066540075629e-08,0.296616015585716,0.674824528379916,0.0283595203990627,0.000198982591287144,6.12603158553333e-08,4
"20026",8.71377048658951e-07,2.04066540075629e-08,0.296616015585716,0.674824528379916,0.0283595203990627,0.000198982591287144,6.12603158553333e-08,4
"20028",0.954541374551296,0.0452939881093548,4.98523713733212e-07,9.31889080979607e-09,7.41283470213337e-05,2.47893362341054e-05,6.52118134895444e-05,1
"20030",2.79281010713257e-05,9.69721924073184e-05,3.01882982068745e-06,0.394665639167626,0.605193414850719,7.64056735859803e-06,5.38629099690317e-06,5
"20033",0.843027298506139,0.142190918610648,3.71381390924671e-06,3.79033567630797e-06,0.0145046280360358,0.000246552246790716,2.30984508003096e-05,1
"20035",1.84371482378637e-08,8.9489413911067e-10,0.000346612045085064,0.990479406115566,0.00907000521059105,0.000103957235693646,6.1022347697434e-11,4
"20037",2.94800035242781e-08,3.14008558391991e-11,4.31803846388626e-05,0.982932809467155,0.0166183357548747,0.000405641460374853,3.42155270043321e-09,4
"20039",1.53941129456521e-08,2.05121348095041e-11,0.999274116130884,0.000691699816368881,6.2542100665751e-06,2.79143774112176e-05,5.06439536717724e-11,3
"20041",0.00539208279160486,2.83643246980266e-05,0.00149489536869082,0.000534276739623222,0.0179638298109375,0.97458283901162,3.71195282528878e-06,6
"20044",0.035006030740954,0.00200634870827647,0.0129177638804889,0.00511021974690804,0.134164504973063,0.810772979192833,2.21527574773825e-05,6
"20047",1.67555615447671e-09,1.06055449344213e-08,0.000505772717161233,0.992698444682584,0.00679398217261038,1.78813331478076e-06,1.32287296080748e-11,4
"20050",0.00201332169276412,1.52956545547205e-05,0.521958609194525,0.0501850209318057,0.0143782863395018,0.411449465644582,5.42266674356594e-10,3
"20052",0.837610191604829,0.0266328638807415,0.00143040028417047,0.000227135851143133,0.107983739832143,0.0261153275141801,3.41032792263305e-07,1
"20054",4.20612419647569e-05,2.23999073574391e-06,4.37858717057752e-07,0.0818284244748828,0.917976658884099,0.000139514516007908,1.06630335928784e-05,5
"20056",0.00154570842740914,0.998360812765989,1.13417406977118e-06,8.43141157107263e-06,8.19213229498183e-05,1.74145897754284e-06,2.50439033138969e-07,2
"20058",2.3859860664321e-06,4.27544816464818e-10,0.000610035937765974,0.790387552513309,0.208710497732232,0.000289516975138707,1.04279428042737e-08,4
"20060",0.993363920986623,0.000123703144426886,1.48068642671522e-05,4.79465477084767e-06,0.00402957620737015,0.00245364532272097,9.55281982105367e-06,1
"20062",0.62545948351614,7.36537151323321e-05,2.25233611992592e-05,0.000117389828052726,0.0249379739268863,0.349370632539145,1.83431134445073e-05,1
"20064",0.00269345932211131,4.49711093993575e-05,1.98075078109809e-05,0.011401628994073,0.985697974950336,0.000142123445683769,3.46705853598694e-08,5
"20066",1.10814783069599e-06,6.70537710533746e-06,5.61965308264822e-06,0.814700462060621,0.185283407674806,2.16934736515943e-06,5.27739190077457e-07,4
"20068",0.976685222813755,2.85419099556403e-05,2.02897332448539e-06,2.29436966232749e-07,0.00075076665369442,0.0216261359801259,0.000907074232178263,1
"20070",0.965228686047096,1.60585975068251e-05,0.00041983510717137,7.33015293152099e-07,0.000872777747939789,0.0334184833888519,4.34260961409393e-05,1
"20072",8.5965878253019e-05,1.56356690477983e-08,1.66486380190937e-05,0.48217057120683,0.493543506113485,0.0179861859639819,0.00619710656376164,5
"20074",4.05294373832698e-05,0.999711265994484,1.30988907642726e-09,2.50556805021009e-09,4.88143123484221e-08,1.20441186377215e-07,0.000248031497176571,2
"20076",0.0278836335967919,0.635169992265131,5.80597275366596e-08,0.000147646426069704,0.0415682937677334,0.000378814957878873,0.294851560926667,2
"20078",0.00429321666188723,3.46913480553883e-05,0.000948157150608831,0.021021607734549,0.971996553061887,0.00170553292859428,2.41114417977821e-07,5
"20080",1.29074110863701e-07,6.29952539813909e-09,0.000242410052795398,0.950876122239789,0.0488029755498305,7.83567669444354e-05,1.70040586092943e-11,4
"20082",1.06389351073884e-06,1.64909546953788e-08,0.997388166931733,0.00196326132264897,0.000642674261319463,4.81709328251149e-06,6.5501942650792e-12,3
"20084",0.00224270698792119,0.0178487588040581,0.00641795839670415,0.0475427261367135,0.925720145217238,0.000227607305704855,9.71516602306465e-08,5
"20087",0.0043246607061877,2.57797782198399e-07,0.000378415777543166,0.0895891283501439,0.826427692804973,0.0792572952773716,2.25492859987345e-05,5
"20090",1.38367975917505e-06,3.41696275570555e-08,0.00484485945264276,0.962172548058096,0.0196635001382003,0.0133176744689462,3.27279721229196e-11,4
"20092",0.0109681463381284,2.60126364263447e-08,0.709300718168421,0.000590081802233976,0.0258513713236337,0.252948295666178,0.000341360688768229,3
"20096",0.251778846416069,0.00507401547145271,0.63178611870904,0.000171038384419617,0.0333288023770238,0.0778562605150643,4.91812693104137e-06,3
"20098",0.87325555792784,0.123690750440412,8.23231133493786e-06,1.03896257169397e-06,0.00264331868843515,0.000398542703041116,2.55896636470454e-06,1
"20101",2.07722342563612e-05,0.000124942814684327,0.000827409948679155,0.665033891954346,0.333734906522848,0.000258075265324797,1.25986121338943e-09,4
"20104",0.465530963470214,0.000853870453443075,0.113284639492773,1.1538629486651e-06,0.00135767006539781,0.00362911637064014,0.415342586284584,1
"20106",0.000193813035362502,5.46980840798559e-05,3.94113648527761e-05,0.433063638167602,0.561421489999559,0.00522694422268852,5.12585591867234e-09,5
"20108",0.987525518189276,0.00705579779360061,9.55177377641335e-07,8.2385147790015e-07,0.00528444426186296,4.02806010091383e-05,9.21801253957188e-05,1
"20110",0.249020846851015,0.106704376304877,0.254988691446272,0.000365411829539771,0.00629643684584238,0.38262409700551,1.39716943491888e-07,6
"20112",0.00416010081843937,1.80177337634948e-05,0.0114053072120538,0.404004698400362,0.24832090859646,0.332090950258659,1.69802629635908e-08,4
"20114",0.00821650691413323,0.0193906387553213,0.000409828014024444,0.00630254667855201,0.9656659929657,1.41114274432491e-05,3.75244825449688e-07,5
"20116",0.000740761637176449,0.00811392370321185,1.49398329298688e-06,0.0214990510722096,0.969596339712738,3.49182261885494e-05,1.35116651825829e-05,5
"20118",0.384508309819457,0.0367438237791881,0.000191976621734511,0.000242967349605114,0.577841580232297,0.000470242228277985,1.09996944002506e-06,5
"20120",0.00218415329199056,0.000756016357276647,0.0278359988288162,0.29177607049254,0.672521371797123,0.00492638834203827,8.90215125419801e-10,5
"20122",0.00117980200204237,0.998790425128425,1.16042127773413e-08,3.54058483164576e-08,2.13474751880469e-05,4.25445915975861e-07,7.95293836767014e-06,2
"20124",1.24099932209535e-06,1.14305341296469e-09,0.00141618232729598,0.661227178085374,0.336381819214421,0.000973484610390693,9.3620142800295e-08,4
"20126",2.28949991797377e-07,8.20649731771344e-08,0.994645129868099,0.00383215826849832,0.00149121564695848,3.11290403106628e-05,5.61611690308347e-08,3
"20128",7.43415016129215e-10,2.66313457515464e-10,0.151319580470091,0.847650182426537,0.00100130572568122,2.89301032247012e-05,2.64738489819444e-10,4
"20141",0.915252142071005,0.0425155148197374,0.0403685204712774,2.26555501799059e-07,0.00163948150880328,0.000165439464823285,5.86751088519004e-05,1
"20143",2.16700012036383e-05,0.999974314417948,1.91271530844332e-09,2.1278447113263e-09,5.98021074163058e-08,1.26355539121656e-08,3.93910262737344e-06,2
"20145",0.00163129552437285,2.88232605425809e-06,0.00313021544365722,0.103952837767797,0.885913555219983,0.00536921309398353,6.24151906030495e-10,5
"20147",0.000150237706995015,1.55352335242874e-06,4.39376356304714e-05,0.0447868515102035,0.95473882902917,0.000278585327915289,5.26673300635197e-09,5
"20149",0.00123613991060854,0.998757065009834,2.60552231962184e-08,4.62701825099428e-09,1.97774805545336e-06,6.4820820958352e-07,4.13844105047188e-06,2
"20151",0.958622085918716,0.0387085234776116,3.07480660694225e-06,1.59834441597237e-06,0.0020404424187728,0.000622347323290102,1.92771058694825e-06,1
"20153",0.428136577146649,0.552830248537664,0.0126025516628123,5.11354864224238e-05,0.00297237185074597,0.00340708812328766,2.71924182610387e-08,2
"20155",2.46692649964383e-05,2.92177378814092e-07,9.42617616396927e-05,0.433604333267355,0.527279296557767,0.0389971089837627,3.79871000344032e-08,5
"20157",0.639740886098798,0.359468153637779,1.01965009488307e-05,1.08195600674819e-06,0.000708083794045937,6.97772860686798e-05,1.82072635316286e-06,1
"20160",3.48345019120746e-05,0.999964433795354,5.37396812303003e-09,4.32645084227805e-09,1.52993975747895e-07,1.82931346532438e-08,5.50715204266584e-07,2
"20162",0.00583071669965309,0.994162595679844,1.07478475135712e-08,1.41481452528343e-09,1.11927373210944e-06,4.1391301385025e-07,5.14227109539415e-06,2
"20164",0.0585662184795991,0.940231323284794,1.40951827286887e-05,3.09174111787593e-06,0.00015021718524336,0.0010332957308633,1.75839565334246e-06,2
"20166",1.70695330317367e-05,0.000819534704196037,1.51601778126776e-06,0.85497174922676,0.144003552653532,5.43178942184493e-05,0.000132259970480459,4
"20168",4.80075041199963e-06,0.00055740189516781,6.52755492915545e-08,0.000910010127871759,0.000358049350998329,8.49573024575152e-06,0.998161176869755,7
"20170",0.793200845543886,0.202712218501001,4.43262368125575e-05,5.61628270275832e-07,0.00382768370721325,0.000213293938878355,1.07044393788342e-06,1
"20172",0.000241461487460151,7.89518155244674e-09,0.000527954661861598,0.0445726014065899,0.953401483060856,0.0012564824566537,9.03139697825586e-09,5
"20174",0.750969017759934,0.118760610903516,2.15308436797528e-08,1.14264110178552e-08,8.65748785581176e-05,4.66344413215758e-05,0.130137129059416,1
"20176",2.24258082810402e-05,2.30986772688562e-06,4.90125760594488e-09,1.16528202944409e-05,5.64053571921573e-05,1.24932474633594e-05,0.999894707997785,7
"20178",1.7070986939162e-05,0.999982528046143,1.05126356483255e-08,6.91184092969834e-09,1.19375923608871e-07,2.03974557731939e-08,2.43769062195493e-07,2
"20181",3.62981023149853e-05,0.00509369349505739,3.96904829807729e-06,0.459645742012106,0.535208193198287,1.11185474209975e-05,9.85596515044608e-07,5
"20183",0.927883365506814,4.78683681172532e-06,0.00159074528663217,2.27212629134363e-05,0.0599250217332179,0.0105701593853978,3.19998821350583e-06,1
"20186",0.614193135510922,1.08887494374757e-07,0.00669742496736945,0.000579813336767057,0.127485986710278,0.246810759504555,0.0042327710826146,1
"20188",0.000303552274623035,0.999695695706993,1.59601294467032e-08,4.15473548359197e-09,2.25482603490408e-07,1.25825232560179e-07,3.80595683289426e-07,2
"20190",4.99977354485504e-06,1.81779879957275e-07,7.11172256952169e-06,0.774200599671517,0.22565594737488,0.000131144184895685,1.54927135044197e-08,4
"20193",0.000102239246794106,0.981715451707305,2.07230535476023e-07,0.00100110060881634,0.000108104773167743,0.000145988113750546,0.0169269083196308,2
"20195",0.215632157907404,0.777011522828641,1.52242949048954e-05,4.72836951997297e-05,0.00299212346885862,0.00429973271035168,1.9550946394695e-06,2
"20197",0.000229039708093656,3.09158062804549e-08,0.000248052522215476,0.139124738892385,0.841727185382195,0.0186709116921917,4.08871127778959e-08,5
"20199",0.102744691905199,0.897143436096637,5.08173388197313e-06,2.80313712035873e-08,3.40208801057509e-05,7.190577532785e-05,8.35577477055325e-07,2
"20205",2.10549568587094e-06,1.04248094410426e-09,0.999556923888946,5.28106094612285e-05,2.20025803719888e-05,0.000366156350735229,3.23191273321826e-11,3
"20208",0.975983874387193,0.00793507473200167,7.11909442626617e-06,1.15897773086891e-05,0.0127861156509094,0.00325373545519074,2.24909029702756e-05,1
"20210",0.0207001132490011,0.979290347518403,6.21751010799732e-08,5.58664531624842e-09,5.14345264700371e-06,2.17674714644751e-06,2.15127105611089e-06,2
"20212",0.182105233702822,0.817103533914402,3.25920378897742e-06,1.96974750232058e-06,0.000456079019876363,0.000326168341028232,3.75607057959635e-06,2
"20216",0.000291018198836268,2.06748844820214e-05,2.00095662583214e-05,0.0559126878173393,0.943678237277101,7.72763036656481e-05,9.59523181433045e-08,5
"20219",0.00163047286986107,3.54101785156753e-05,0.709946909009783,0.06721270634278,0.210632579014592,0.0105419209844466,1.60002165241972e-09,3
"20223",1.01058767173432e-07,8.72629919155726e-11,1.71284252841636e-05,0.991121100798151,0.00697788219470937,0.00151047635038007,0.00037331108544572,4
"20226",0.0235011664529167,9.79727872586566e-05,0.000254285076830856,0.00036868841493475,0.00292708795589098,0.972850720722974,7.85891936984995e-08,6
"20230",1.18070114059809e-06,1.35111971877121e-08,2.84900009362104e-05,0.89173167725664,0.108195347518409,4.32825254125478e-05,8.48626401246248e-09,4
"20233",0.000706218908979722,5.00680263109314e-06,0.999178233215963,7.66052481014704e-08,9.79330322069815e-07,0.000109337992805769,1.47144050168503e-07,3
"20235",1.87997479061233e-05,2.20034628329706e-09,0.0204937583522724,0.678164567117355,0.184409500672229,0.11679500386562,0.000118368044270656,4
"20239",0.00130304142501934,6.69738583777329e-07,0.000304465902973388,0.151929456965783,0.554887851489417,0.289324369638193,0.00225014484003007,5
"20254",1.56450849286498e-07,1.38080702998155e-09,0.993866317261836,0.00570516118544881,0.000404954022003018,2.34096978725127e-05,1.18341442933381e-12,3
"20256",4.40807580817585e-06,1.71543527377351e-09,0.000143060019889795,0.183422519558745,0.816153467904306,0.000276343639837271,1.99085978198587e-07,5
"20262",0.489757206405099,0.509041976248818,2.98659074944697e-06,3.70507442412665e-07,0.0011254790593759,7.05537839650343e-05,1.42740455032211e-06,2
"20270",0.012829306447932,0.00476071504691151,1.45617915153522e-05,0.460198561342255,0.518255627035805,0.000771598132042411,0.00316963020353891,5
"20284",0.341650704708465,8.91229869682074e-06,0.581351351708237,0.000467632826295809,0.0161859238451484,0.0603353096554942,1.64957662346661e-07,3
"20287",5.45013894852901e-09,7.17474116759382e-11,5.64992913914269e-06,0.995782676966205,0.00391790416097194,0.000293754078454307,9.3433432131748e-09,4
"20290",0.000689539942324368,7.72699250318034e-06,0.996576393838232,0.000350887519801908,0.00046321140471425,0.00191224022743567,7.49884691692951e-11,3
"20293",0.00189882769162011,6.65898312750768e-07,0.000333039978705029,0.0023624370446486,0.995293453037756,0.000111495911705713,8.0437251666399e-08,5
"20296",0.266084378118042,0.670031575560384,5.67664174403314e-08,8.95365926830252e-05,0.0468349111761665,0.000695891022814919,0.0162636507634917,2
"20301",2.66103078938643e-09,5.84011529841592e-07,6.25894096515369e-06,0.999453125127843,0.000510721479025152,2.93067198085097e-05,1.0597979433881e-09,4
"20304",2.29571606219756e-06,2.37289163561917e-08,0.997153196715437,0.000729780358881526,0.00211239826116142,2.30519814306643e-06,2.13983747199493e-11,3
"20306",1.57304143579071e-06,3.61194208081002e-10,0.00100980624145461,0.878686581575365,0.120109765267792,0.000192263078090339,1.04346681251288e-08,4
"20309",0.08403524079265,4.99733499611485e-05,0.00260394978640757,0.0141465701698111,0.790645034769421,0.108518688193215,5.42938533754573e-07,5
"20311",0.00103885550681488,0.000221339161867324,0.000506432792334629,0.120266918795477,0.877351428873937,0.000614319411188703,7.05458380544323e-07,5
"20314",0.963797447499831,0.0130296242402172,5.25225408371794e-05,1.22301040241069e-05,0.0221605496011904,0.000947354286278571,2.71727621024405e-07,1
"20318",7.57719796962834e-05,0.999913280428857,2.79232528566596e-08,1.29897040711605e-06,5.02460377237062e-06,4.97984982102421e-08,4.54629551574805e-06,2
"20320",0.382802061787837,0.000926755332154457,0.00215724659410541,5.16865164592344e-05,0.00135075844113019,0.612703546730409,7.94459790495409e-06,6
"20326",0.937119768585062,0.0315032540750158,0.000132677290390428,1.718427166902e-05,0.0308168844078139,0.000409549445180766,6.81924867602499e-07,1
"20328",0.727600934844968,5.41317289582401e-06,0.00253292698295424,1.88300591158719e-05,0.00432410651517589,0.265513664075267,4.12434962269727e-06,1
"20330",6.41560976364908e-05,4.01002167424771e-07,0.0026544189566944,0.118969750979339,0.0315425118659982,0.84676835131108,4.09787084389675e-07,6
"20336",0.00519280357530114,1.29352996620142e-07,0.974326681352705,0.000231403616352925,0.0190994312534209,0.00114954868514779,2.16407586138098e-09,3
"20338",0.000234668212417715,4.61205737820592e-05,0.982405245405103,0.00137068281214403,0.0144651092999156,0.00147817252235704,1.17428047838169e-09,3
"20340",2.34074488110657e-07,8.34675403055378e-09,0.000152262005456772,0.890011188421484,0.109761858689026,7.44268538495088e-05,2.16089421024608e-08,4
"20342",5.28904887755636e-05,0.000220315382516946,0.978492487964275,0.00150997167643791,2.19447901495208e-05,0.0196754694252059,2.69202726387546e-05,3
"20344",0.000421691848069102,1.49316536100428e-07,0.000462780004864287,0.198209418754012,0.800633763090583,0.000272028997022688,1.67988912804383e-07,5
"20349",4.68352278589886e-06,1.5004537724645e-09,0.000104972595027393,0.510323149748216,0.489517979988454,4.91067060299532e-05,1.0593903342879e-07,4
"20351",0.00363928185240348,8.02508307059162e-05,0.00352555226413951,0.0071178693563885,0.984064973914172,0.00157193173974834,1.40042442171151e-07,5
"20353",3.87380396448405e-05,1.7323694419601e-08,0.0205532191017856,0.294184686745534,0.0559820100269345,0.629241322716354,6.04605297730467e-09,6
"20357",9.50881100553681e-07,6.82104311070372e-11,0.997600890260191,0.000954004551302172,6.94385850990364e-05,0.00137471561416169,3.99344335315552e-11,3
"20360",2.44471671800164e-05,4.65511933272847e-07,0.285641559602167,0.0107012082388248,0.000630553314185536,0.702783294902096,0.000218471263613474,6
"20364",0.0114096157987091,5.48582829177642e-06,0.00225154895060921,0.111269992637482,0.587986568125173,0.287076773598955,1.50607795652568e-08,5
"20366",0.00144703081086671,2.15287007804748e-06,0.996852745167263,2.05503202593241e-05,0.0014555421986499,0.000221977032989896,1.59989353031316e-09,3
"20381",0.00300075255867265,0.0122486087434992,9.1364729012822e-08,1.12344568558948e-08,4.782166087877e-06,6.11930551504831e-06,0.984739634627039,7
"20391",0.00720396253926364,9.79566268773489e-09,0.0120389958841701,0.0213887540595034,0.128653088677276,0.645677362929096,0.185037826115028,6
"20394",0.962494730915102,0.000512527583056913,2.25330287766803e-06,7.06084649200176e-07,0.00146440905111377,0.033765199813292,0.00176017324990899,1
"20396",0.297909229815193,0.00658606426828733,1.09656553263398e-08,2.42624666197169e-09,8.3620478830294e-06,0.000107259734097959,0.695389070742637,7
"20409",0.0792410498567379,0.0870110968770933,0.000471031966593365,0.0152360326952948,0.817937418368549,0.000101105001545938,2.26523418499318e-06,5
"20411",4.17218852382991e-05,9.38685089777195e-10,0.127387225749018,0.320153116376881,0.52730865040022,0.0251092795281517,5.1218055596523e-09,5
"20416",2.69252103128066e-09,1.03460456400387e-11,0.739136568771501,0.259913403027758,0.000865752829400879,8.42726027353618e-05,6.57374762153126e-11,3
"20418",0.225145697455218,0.0349082587249894,5.45310040558001e-09,1.97042912622637e-09,7.90327858689016e-06,1.2116839326884e-05,0.739926016278349,7
"20420",0.0077807088785711,4.62114177285476e-05,0.991789289749702,2.73849166062501e-07,4.11711795019548e-05,0.000342166070878996,1.78854451501245e-07,3
"20422",7.31540505797191e-05,2.28398333311445e-05,0.000101428779372346,0.907052236680491,0.0726160269452826,0.0201342986851442,1.5025798651432e-08,4
"20424",2.85820782607202e-05,3.53341351042911e-09,0.0412337400689068,0.470337042220095,0.407416533362107,0.0809840964571331,2.28008358539822e-09,4
"20426",3.29582354769231e-06,5.70183271628285e-05,0.999921708372652,3.59219015467107e-06,3.27996403384848e-07,1.40571815399709e-05,1.08539669795607e-10,3
"20428",0.00467072130218675,2.28811548020312e-06,3.75845280219774e-06,0.0120303251767168,0.92417989916076,0.0583110623309057,0.000801945461148468,5
"20431",0.598065186582708,0.0798207853766282,0.00540829109793828,0.00270858660492965,0.0271700849486882,0.286826199640131,8.6574897640138e-07,1
"20433",6.95379592375829e-08,1.79617885218947e-09,1.26239210878337e-06,0.985331267841514,0.0144545321821489,0.000167794680534906,4.50715695548514e-05,4
"20436",7.99738204412143e-06,3.60478932128131e-06,3.4418457113278e-08,0.000924080458720143,0.00241265319725622,2.89028383952316e-05,0.996622726915806,7
"20439",0.663063151541811,0.123938628679116,1.73946523921847e-08,8.67840869339934e-09,3.80421049055145e-05,6.11259657891034e-05,0.212899025635318,1
"20441",1.05951152404594e-05,5.57633281683076e-08,0.993528106839939,0.000187606730323252,0.000235851495041388,0.00603778395568925,1.00438693746176e-10,3
"20444",0.000163001078691491,0.99983558121577,4.03549158425453e-09,1.52536610335294e-09,1.65229407914433e-07,3.9946314075511e-08,1.20696895900411e-06,2
"20448",0.829454375599252,0.113768711700816,0.0014074266393733,0.000150621986693589,0.0549960200775028,8.97013575515727e-05,0.000133142638811279,1
"20536",0.159435202184098,4.60823825995703e-06,3.72012223746556e-07,9.10507212077967e-07,0.00156281438405154,0.00832872373280443,0.83066736894135,7
"20538",0.00850756261829075,2.69629593257463e-07,0.513664321023236,0.00245124314669454,0.475234093435583,0.000140412696516166,2.09745008603711e-06,3
"20541",2.71915826979636e-07,1.11431795457091e-09,0.0186692297174313,0.945812718238395,0.0343515529838818,0.00116622601406878,1.60783303105157e-11,4
"20544",0.150792520995459,0.000939803023803899,0.000333802701995914,0.000637846651683146,0.84620208336813,0.00109329072460507,6.52534323231706e-07,5
"20546",0.000218774643489728,4.40147666644367e-09,0.00656367397209915,0.323657577402955,0.657931033785977,0.011628930670248,5.12375429770320e-09,5
"20550",0.00165473884683958,5.72983097035928e-05,0.000222664023122364,0.00107332084453033,0.00288455502198002,0.99410692611214,4.9684168355311e-07,6
"20553",6.1384222025018e-10,1.48675618744136e-07,0.47087175749462,0.528945525270034,0.000180545651970266,2.02194796946825e-06,3.45946377825062e-10,4
"20555",0.00037902218064527,1.72411640128982e-08,0.997773137920835,4.0204699867944e-07,2.5767311670795e-06,0.00184475769570706,8.61834823673708e-08,3
"20557",0.0139034314547571,0.000213023895084741,0.0191315351921978,0.00189333298903644,0.0119341906996616,0.952924474142022,1.1627239796808e-08,6
"20559",5.96128736747468e-05,9.67301504252906e-07,3.5028635295311e-05,0.238560735735201,0.761083828149092,0.000259825101604988,2.20362718185316e-09,5
"20561",0.748623701083485,0.232216443131101,4.51361239850055e-05,3.44071821838948e-06,0.0185830131197671,0.000525204882310092,3.06094113397914e-06,1
"20564",1.7070986939162e-05,0.999982528046143,1.05126356483255e-08,6.91184092969834e-09,1.19375923608871e-07,2.03974557731939e-08,2.43769062195493e-07,2
"20566",0.0220131443945708,4.00019370303263e-05,3.10299098951264e-06,0.0510551865471895,0.7904013617877,0.136458625981242,2.85763612776582e-05,5
"20569",0.94865111730817,0.0509771168455911,1.13773817348433e-07,2.95154632755769e-08,0.000115124657104049,4.88722880053048e-05,0.000207625611848508,1
"20572",0.121695961445593,0.877715825714512,1.77558574705282e-08,4.51298021467757e-08,5.64189977223244e-05,3.3022449333006e-06,0.000528428711580112,2
"20574",4.19571583674706e-05,2.26171249765201e-06,0.00154503051695438,0.608213839130712,0.388396719230126,0.00180019190403078,3.47311099300037e-10,4
"20576",0.000131026555207423,0.999866157036261,3.93024519774208e-08,2.30362989660518e-08,2.45752032600065e-06,1.00624219595589e-07,1.95925234705328e-07,2
"20578",0.0165938698294849,0.000924275524591595,0.000129161820598496,0.00440097485651944,0.971443283273694,0.00650824874482827,1.85950283715806e-07,5
"20580",0.028265208033483,1.21062935912888e-05,1.62484744336251e-05,0.0108737166526163,0.959675977672504,0.00115228140898597,4.46146438591417e-06,5
"20583",6.3595626635624e-05,0.99993475028806,2.78316465272589e-08,2.00197722590859e-08,1.35949664296958e-06,5.98297031949455e-08,1.8690753904912e-07,2
"20586",0.0113543348423735,4.15591628949426e-07,0.000620344016077704,0.0122571739288092,0.974747653576953,0.00101987187701534,2.06167142512528e-07,5
"20589",2.60769204320263e-06,3.72338490678818e-10,8.80670103496236e-05,0.627752268303249,0.366928899945934,0.00522806453819117,9.21378947977402e-08,4
"20591",0.0880357711530003,1.43653956875662e-06,0.083471954790281,3.23060544326389e-05,0.00452300845474034,0.823926395287771,9.12772020587538e-06,6
"20593",1.39289013008022e-09,1.3562413641881e-09,2.38105808989223e-06,0.995656342448689,0.00430764435022014,3.36285845578489e-05,8.09311501644492e-10,4
"20595",0.000420868486543661,1.19822071488179e-05,9.32889919934513e-05,0.0300360569728767,0.969347193609284,9.05980471584738e-05,1.16849952692833e-08,5
"20597",0.000716438913926002,1.58951210129407e-06,5.32456991039198e-10,5.74185819367108e-10,3.69221442905454e-07,1.18685947047772e-06,0.999280414386417,7
"20599",2.94766005200927e-05,0.999969856450329,5.54055768010893e-09,7.90610378819718e-09,1.88849328951972e-07,1.29514591844884e-08,4.51701701816941e-07,2
"20601",0.966305767951772,0.000121801128493437,4.17322023618199e-05,1.28588022662593e-06,0.00351530619035489,0.0300114389740878,2.66767270287669e-06,1
"20604",1.00503978613549e-06,4.58158508880577e-07,1.96491270032632e-05,0.867495180247278,0.132459461837916,2.42446278285934e-05,9.61679586197406e-10,4
"20606",5.65578194084365e-07,7.04832411732124e-09,1.84816305604581e-05,0.916773271056454,0.0828389635822149,0.000368709850105212,1.25414714183079e-09,4
"20608",9.17516519497054e-05,1.62152772908998e-07,4.8796624462487e-06,0.468455757064456,0.497968467242085,0.033477587044068,1.39518222211447e-06,5
"20610",0.000931374361802192,0.999050971755868,2.37645552916118e-07,2.03951862295736e-07,1.13736245787472e-05,5.51129292123137e-06,3.27367414667852e-07,2
"20612",0.00045097466884362,0.000800937385033607,0.100684660706068,0.102087703919361,0.0722785913998997,0.00021198704938464,0.723485144871409,7
"20614",0.00952038108325887,0.99046550023146,2.07819583442144e-07,1.28036931944203e-08,3.10417665317591e-06,1.04575658530429e-05,3.36319498976107e-07,2
"20616",0.95966851335945,0.000253500152317886,0.000105508755027751,5.45506283051489e-05,0.0384828591063086,0.00140614920023496,2.89187983557796e-05,1
