"","V1","V2","V3","V4","V5","V6","best$classification"
"19811",0.00202836464983262,0.962038433576436,1.37121750782131e-07,2.76057920172934e-05,0.0347301787268148,0.00117528013314847,2
"19813",1.96385055088084e-06,4.4422302932355e-05,1.87975979601989e-09,8.38524929890171e-07,0.999952647244398,1.26197429471796e-07,5
"19815",0.019632646761497,0.978856406971928,0.00032946473769261,0.00116113527091943,1.85462542700655e-06,1.84916325363872e-05,2
"19817",0.00345042652900523,0.995676316141742,6.61341625938681e-06,0.000102137162047549,6.56964357312703e-06,0.000757937107373077,2
"19819",3.38027001995446e-05,3.50041239289138e-05,0.178374406863302,0.821556340909384,6.20010376163861e-10,4.4478317530277e-07,4
"19821",0.000701844224623873,0.959120826406862,2.29032015231581e-07,0.00100810501840991,0.0119158053490633,0.0272531899690259,2
"19823",0.000840738498304075,0.95386837227189,0.0446373375102211,0.000374991276761515,4.08712434746849e-06,0.000274473318475953,2
"19825",0.0065873885063466,0.00221609788463973,0.00032142320262161,0.108838984403082,0.00571110009757366,0.876325005905736,6
"19827",7.42951668434208e-05,0.581835458386706,6.43371284554499e-05,0.000321229710269983,6.84828812179197e-07,0.417703994778913,2
"19829",0.000363266172885781,0.00185087267817157,6.79559730506983e-05,0.989667395100253,4.47781295502759e-06,0.00804603226268431,4
"19831",8.20243873453782e-05,0.00024133134738444,0.145442626951698,0.854232294886755,1.16826731128183e-06,5.54159506336652e-07,4
"19833",0.00298536982459815,1.38795137178423e-06,0.996965828476156,1.8454959183208e-05,5.5714168956297e-06,2.33873717954531e-05,3
"19835",0.000701844224623873,0.959120826406862,2.29032015231581e-07,0.00100810501840991,0.0119158053490633,0.0272531899690259,2
"19837",9.64774060207042e-05,0.967227549712499,5.51990144384961e-06,0.000722337892765518,3.44547453980897e-06,0.0319446696127308,2
"19839",0.00157274034577564,0.00409892684616195,2.19368877788115e-05,0.964795692349147,0.00195934484469223,0.0275513587264441,4
"19841",1.46762673997905e-07,1.63781831809458e-05,2.25825111894316e-08,1.44630442816986e-05,7.40125873828922e-05,0.999894976839969,6
"19843",0.00517756615144315,3.22543453282185e-05,7.08460854308558e-05,0.971314541141476,0.0234047384395103,5.38368117877395e-08,4
"19845",0.000311249414159305,0.0875897345178815,8.55429050024058e-08,3.11423908681287e-06,0.912066245516776,2.95707691913363e-05,5
"19847",0.0180995108614398,0.971714514835528,5.0945258549757e-05,0.00439794352916874,0.00571616436780563,2.09211475084445e-05,2
"19849",4.50441703140822e-07,8.97558836461581e-05,6.73586854767016e-10,9.28482046601434e-08,0.999909397031426,3.03121433273148e-07,5
"19851",0.0011483800247464,0.998741957328274,8.38038000548638e-06,3.20460396988154e-05,1.79855702895852e-05,5.12506569855137e-05,2
"19853",0.000243015600336136,0.984090769817031,4.94976925736033e-05,7.03353622060231e-07,0.0149910025194747,0.00062501101696294,2
"19855",0.000278634935358804,0.994740460075792,1.99007812915435e-06,3.61884882235305e-06,0.00078932210097098,0.00418597396092677,2
"19857",0.00898477013185445,0.950332573258429,9.83043529616898e-07,0.00775988745697783,0.012176064490611,0.0207457216185984,2
"19859",0.00270386664918476,0.983540467563968,5.73778284416723e-05,0.000870013113498978,1.42445783364117e-05,0.0128140302665709,2
"19861",0.000761872360438933,0.896574026875881,6.01160726505479e-07,2.57661512011929e-05,0.102577532370686,6.02010810668591e-05,2
"19863",9.01043663921924e-07,2.80276196893285e-05,7.08472637100346e-10,8.28136779207558e-08,0.992635907703337,0.00733508011115908,5
"19865",7.86487276903175e-06,0.0021126288835708,1.87022616773678e-08,2.61770804717558e-06,1.63927455868282e-06,0.997875230558793,6
"19867",0.0102439848431069,0.983902830517587,1.44734328275617e-05,0.000616096538636754,0.00521813760671692,4.47706112471964e-06,2
"19869",3.39113489976345e-06,0.00946822607418728,1.94209876620193e-09,2.01664482664142e-07,0.990438755843594,8.94233407372486e-05,5
"19871",0.000956214340072911,0.95428181611775,5.87358904225304e-05,0.00240697821479004,2.20902186088244e-06,0.0422940464151034,2
"19874",0.000627586474535914,0.187711596234505,4.08224222620905e-06,1.26613273112174e-05,6.64221500161504e-06,0.81163743150642,6
"19876",3.82756972844776e-05,0.709525689515831,1.20785617508207e-07,2.52361351202574e-06,0.000340938533642777,0.290092451854113,2
"19878",0.995442621548393,0.000670323397691201,4.92054876016564e-05,0.0038264950001166,6.93583785658538e-06,4.41872834071241e-06,1
"19880",2.44143938867215e-07,0.00140630953266652,4.33910898734314e-09,9.29178786788806e-08,1.56359043834077e-05,0.998577713162023,6
"19882",0.0143919005951286,0.758770463012554,1.58276242501182e-06,2.13531878896006e-05,0.224970771813244,0.00184392862875844,2
"19885",0.006169051206899,0.988513243960187,4.26456177964282e-06,0.00465106717586502,7.96369700088268e-06,0.000654409398269043,2
"19907",0.0149393154816874,0.931746022737098,3.11289249971814e-06,0.000209633180924592,0.0530729524991448,2.89632086452799e-05,2
"19909",4.91355349204911e-05,0.0102119548162396,2.78933936470923e-05,0.98955904526348,0.000144872617376403,7.09837433651562e-06,4
"19911",0.000521035066803804,0.0235247870338189,0.000739670146458524,0.953620510166022,2.35817595428548e-05,0.0215704158273537,4
"19913",7.89874603719599e-08,1.93075473170101e-05,3.12395551351192e-08,3.59815356158307e-07,6.88761611099357e-07,0.9999795336487,6
"19915",0.000234360603100568,0.57197623420446,3.30596700081673e-06,1.44457374492701e-05,2.95788173909324e-06,0.42776869560625,2
"19917",5.1056595195616e-05,0.0123134136660352,6.23531682212575e-07,3.74913732832898e-05,3.4370532975099e-06,0.987593977780506,6
"19919",0.00495373214832379,0.841773800004815,2.04759504881594e-05,0.000253309934145337,1.92981482140135e-06,0.152996752147406,2
"19921",0.00518609712245828,0.994449701682064,4.43621082413548e-06,0.000159434999851621,0.000186573775502775,1.37562092992695e-05,2
"19923",0.975290074946001,0.0216150897350522,0.000861042007217331,0.00220871128794019,2.47683237434844e-05,3.13700045464018e-07,1
"19925",0.000153483997824305,0.0545279644913264,9.11229402328742e-07,1.01850168591399e-05,1.13245240378267e-06,0.945306322812184,6
"19927",0.000311488497102527,0.999415431950358,3.66486329375341e-06,3.42969213085874e-05,2.11578038034115e-05,0.00021395996413422,2
"19929",3.04721648274881e-07,0.000186376951353449,1.41578039936821e-09,2.66053680155546e-07,0.472255102533029,0.527557948324509,6
"19931",0.000918671882033014,0.9975864939516,3.75229903733098e-05,0.000512490419875436,9.67253628617871e-07,0.000943853502489654,2
"19933",0.000417116438905316,0.323238489246516,0.000775175451310695,0.674418713989291,6.64901346615925e-07,0.00114983997263093,4
"19935",0.0151107562428443,0.909922545533477,4.58170827183889e-06,0.0725719284374383,0.000633438037779852,0.00175675004018954,2
"19937",0.0031254812823943,0.996549990597722,0.000111417399128833,0.000189180012371801,2.48533109653236e-06,2.14453772861986e-05,2
"19939",0.242014626617366,0.755713987017316,3.61791618536076e-05,0.000456941090293474,6.44309188350144e-06,0.00177182302128746,2
"19941",2.1677985855604e-05,0.00721217266203678,4.7754358784483e-05,0.943668050547157,0.000292168328706448,0.0487581761174593,4
"19943",2.14259080445024e-06,0.000767683112015024,2.06967326974308e-07,8.10339722518307e-07,1.69407410273665e-07,0.999228987582721,6
"19945",0.00611054767708792,0.083204646841761,0.00183522194970306,0.908800027552556,3.05211109639526e-07,4.92507677823971e-05,4
"19947",0.000641670062645754,0.0187431095913582,0.000112924874467859,0.11193576649574,0.0269648351901383,0.84160169378565,6
"19949",0.908418724394478,0.0585913838750195,0.0025469472338513,0.0304397729163112,9.49972621322812e-07,2.22160771822525e-06,1
"19951",0.0467907331896094,0.219297061146159,1.34710083066754e-05,0.000983425254192665,1.22679788018683e-05,0.73290304142293,6
"19953",0.00138688912411846,0.000856215914146012,0.87698650280369,0.120770289001243,5.16747449849339e-08,5.14820574603642e-08,3
"19955",0.236799938299302,0.00205957014228502,0.0323694257205391,0.728749242032002,1.905306822209e-05,2.77073764944066e-06,4
"19957",0.000312704985934291,0.109831480098931,0.000987103309453083,0.000858286668936146,2.85681881627565e-05,0.887981856748583,6
"19960",0.00542696921361279,0.00138436858851236,5.58611968322567e-05,0.992794745528172,4.26106885647169e-05,0.000295444784306041,4
"19963",7.22137806509949e-06,0.000451790818739264,0.0633048305896085,0.0003067358348045,8.85472962455138e-05,0.935840874082537,6
"19965",0.106055512784527,0.000126541860206556,0.00022575961752964,0.893530621118976,6.15376224730118e-05,2.69962872492297e-08,4
"19968",6.08529856363996e-05,0.0147878956120545,6.25095405291537e-09,0.00143499884787714,0.197528875007414,0.786187371296064,6
"19971",4.99173403943071e-05,1.70241203878433e-05,0.00202943832227407,0.00072272362466883,8.34352625246203e-07,0.99718006223965,6
"19973",0.000648006219195858,0.994547188967366,3.44492055271323e-07,9.0194465152665e-05,3.26165913203714e-05,0.00468164926491026,2
"19975",5.87843901257833e-05,0.0251818357823545,2.45295756044477e-08,2.86630298863152e-05,3.01354319780094e-05,0.97470055683608,6
"19977",0.00118742454054017,0.000612001197649923,3.73894385960534e-05,5.59234550408278e-05,0.000171366990061892,0.997935894378111,6
"19979",8.01407286801511e-06,1.30803693085278e-06,0.000230162925909337,0.999759785308234,5.37852925150997e-10,7.29118205001958e-07,4
"19981",0.000888763625621018,0.986505716902356,1.04446478301888e-05,0.0114835661164364,0.000645788381690522,0.000465720326066206,2
"19983",0.265181387261012,0.7148556148394,6.21118471356268e-05,0.0193511419688365,0.000508105805422909,4.1638278193698e-05,2
"19985",0.000159634327343365,0.177075976544124,1.72051325547556e-07,2.84377161688979e-06,4.0489857292181e-05,0.822720883448298,6
"19987",0.000315595591398034,0.918418801483234,6.21073060992453e-05,0.0383237483903252,5.03066101446558e-06,0.042874716567929,2
"19989",0.000112079553155673,1.87155927542866e-05,0.00332471760990292,0.996544481898003,1.19653659025548e-09,4.14964776457262e-09,4
"19993",0.574646892887857,0.241161555861561,0.0003320252721262,0.164154504375563,9.56670038449782e-07,0.0197040649328542,1
"19995",0.0347952370851348,0.18831278698376,0.000212477157238782,0.769943471696328,7.55965343032369e-06,0.00672846742410775,4
"19997",0.000436471414275074,0.991053497764879,1.57058556399463e-06,2.77329580086523e-05,3.69840359006129e-05,0.00844374324137286,2
"19999",7.80229266442592e-05,0.954554719876986,9.02067729903952e-08,4.21323554137509e-06,0.000867991090669777,0.044494962663386,2
"20002",9.13697634418807e-07,0.000455018261972818,1.29320429472881e-06,0.000208395596354367,0.59437147846419,0.404962900775554,5
"20004",4.26249538993279e-05,0.116876181275809,4.20665402811724e-05,0.877284222966682,0.000310503543032092,0.00544440072029656,4
"20006",0.433794122823568,0.00711404387212508,0.00159661459293134,0.554590078199009,0.0021455530366567,0.000759587475710678,4
"20008",0.81439213541314,0.00399408806076634,0.00270721657435803,0.178722464633265,7.57097416318418e-05,0.000108385576838896,1
"20010",0.315506392840178,0.0142137312390206,0.0243637758896069,0.64591176621194,1.93671960961606e-08,4.31445205795121e-06,4
"20012",0.00321422700132404,0.153692967210883,1.27555101382887e-07,3.84611167433072e-05,0.00879688461971439,0.834257332496234,6
"20015",0.00208988715486412,9.97972341250298e-06,2.68614742348596e-06,0.997896661247376,7.47965755207674e-07,3.77611686011502e-08,4
"20017",0.000107406214868621,0.97898747780562,1.42340177701406e-07,1.56293176543431e-05,0.00202419055985284,0.0188651537618268,2
"20019",0.000466006659423592,1.94798934199201e-07,0.00212126684732962,0.997412525329294,2.25077988814659e-10,6.13994036225638e-09,4
"20022",0.00570032658837406,0.00327428012990652,0.00120289923789636,0.989820899242415,2.10745039390163e-08,1.57372690387403e-06,4
"20024",0.000427073203654635,7.27882297911288e-06,0.570359316359008,0.429206135238342,1.45133018841484e-07,5.12429974981591e-08,3
"20026",0.000427073203654635,7.27882297911288e-06,0.570359316359008,0.429206135238342,1.45133018841484e-07,5.12429974981591e-08,3
"20028",2.80437596369399e-05,0.884369435014971,5.40015785438501e-07,5.85335997494152e-06,0.000123596394700133,0.115472531454931,2
"20030",6.53903775167525e-06,7.26119400841129e-05,4.92806550964164e-06,0.999836598910889,4.6863695578322e-06,7.46356762077225e-05,4
"20033",0.000236703965194248,0.796975401375545,3.06264618439283e-06,0.000907098607590031,2.92225107761482e-05,0.20184851089471,2
"20035",0.000826986841226159,6.25364821810606e-07,0.00319200122570304,0.995980378688742,5.58865137298288e-10,7.32064141195562e-09,4
"20037",0.00145721334790093,8.13249707942296e-07,0.000310750549008794,0.998231205287729,1.73369215277812e-08,2.28732302330885e-10,4
"20039",5.85470084051305e-05,8.12955345064985e-08,0.999781437760756,0.000159933754257076,1.22432968051701e-10,5.86137749456982e-11,3
"20041",0.976356910589545,0.014128237943179,0.00127459997614418,0.00818225582802953,5.50621942737262e-06,5.24894436749711e-05,1
"20044",0.867957714666133,0.0648479249592671,0.00917084884250905,0.0554559159962293,2.65430068145003e-05,0.00254105252904694,1
"20047",2.07771532239427e-05,7.60966382800469e-08,0.00615108229046137,0.99382799527609,1.57416714615008e-10,6.90261690847695e-08,4
"20050",0.475625140340282,0.00493187913781636,0.448234944759567,0.0711773416960906,1.3564486980325e-09,3.06927097954261e-05,1
"20052",0.0173300817500466,0.933296772650646,0.000854277406806556,0.0138206497544145,4.8575884256087e-07,0.0346977326792431,2
"20054",0.000186076790080371,0.000239597331026205,1.14800214760095e-06,0.999554316278372,1.46466782848978e-05,4.21492008842907e-06,4
"20056",2.9778206966227e-06,0.00167855329911863,1.81949632014225e-06,0.000118541273442743,5.28185776063611e-07,0.998197579924646,6
"20058",0.000255269483303971,1.44269692012067e-05,0.00093992149133505,0.998790366195675,1.48527082771232e-08,1.00777640140944e-09,4
"20060",0.00147335611536471,0.997611116138363,1.11389512950469e-05,0.000568826677841243,1.23711636708055e-05,0.000323190953465047,2
"20062",0.182522703090779,0.811567664989201,1.8133629570147e-05,0.00570076033479225,2.22416614156338e-05,0.000168496294242105,2
"20064",0.000360839520134603,0.0211877287781257,7.06069044426876e-05,0.978169018994959,1.48250399869354e-07,0.00021165755193794,4
"20066",3.77451423232897e-06,4.98606856369723e-06,1.37432572821037e-05,0.999969535424138,6.73057019345216e-07,7.28767876435587e-06,4
"20068",0.0107529234747168,0.988198185294952,1.40042654009101e-06,5.13895066521427e-05,0.000917717081534889,7.83842156037014e-05,2
"20070",0.016157839201398,0.983440631906405,0.000218641378117221,8.79412077087174e-05,5.11912953112497e-05,4.37550110599448e-05,2
"20072",0.0114602633551383,0.000327182479919542,2.5025924493817e-05,0.984125002345453,0.0040624983736315,2.75213640498566e-08,4
"20074",3.080357130058e-07,4.53746221894246e-05,3.14839927624587e-09,6.67903875929852e-08,0.000488058612260317,0.99946618879105,6
"20076",0.000451618340238826,0.0474348070833255,1.11649206873074e-07,0.0096399332710747,0.2886636837613,0.653809845894854,6
"20078",0.00305026759688032,0.0297043514453923,0.00232672070903432,0.964784948548278,8.27099889157876e-07,0.00013288460052534,4
"20080",0.000217037715566348,1.63339620965918e-06,0.000850740652910933,0.998930567884728,6.70766366845704e-11,2.02835087774834e-08,4
"20082",1.0824402433283e-05,4.99637256016479e-06,0.996560802277492,0.00342333632415538,1.94134858247131e-11,4.06039461677225e-08,3
"20084",0.000472140480021006,0.00990919731906847,0.0118960440003456,0.948454199385861,2.80828856394756e-07,0.0292681379858476,4
"20087",0.0503018978179555,0.0179792179984912,0.000555812665704058,0.931130485685805,3.18554383618468e-05,7.30393682314229e-07,4
"20090",0.0547376184852633,2.08193069062375e-05,0.0209564998624606,0.924284882970886,2.18920099295496e-10,1.79155564295692e-07,4
"20092",0.261466753300601,0.0522416382080576,0.670050570782059,0.0156405046636414,0.000600403041243966,1.30004397620973e-07,3
"20096",0.0794328244385289,0.492881711677693,0.410328091648526,0.00788233425629177,9.5255950489912e-06,0.00946551238391219,2
"20098",0.000441234148760541,0.792844866941879,6.66382461328566e-06,0.000228350215023267,4.11922493436537e-06,0.206474765644789,2
"20101",0.00034093575820658,6.89297597252421e-05,0.00110487145235217,0.99837181081754,2.08339620513059e-09,0.000113450128779832,4
"20104",0.00312666602103046,0.560774532658864,0.0569040317411451,0.000117406941707153,0.377453710304185,0.0016236523330683,2
"20106",0.00460362625427972,0.000488348602165036,4.74810866053999e-05,0.994805355189513,6.75073855417017e-09,5.51821166985599e-05,4
"20108",3.00029619618343e-05,0.98515256463678,8.89448601207223e-07,0.000322177416219576,0.000116722328605198,0.0143776432078326,2
"20110",0.39285680482406,0.305172792459421,0.157001699573668,0.00425867247580325,2.93275381592515e-07,0.140709737391666,1
"20112",0.268341127800267,0.00916839271764614,0.0106368841725513,0.711824864929463,2.68010948493428e-08,2.87035789776711e-05,4
"20114",6.0923860741861e-05,0.0626370599866244,0.00159938404977185,0.859360391531836,1.99059883901559e-06,0.0763402499721866,4
"20116",9.75460787739944e-05,0.00453852704353746,5.93792050747717e-06,0.977830111383442,3.66060435066826e-05,0.0174912715302319,4
"20118",0.000644670954641949,0.863266858345415,0.000227611989888904,0.0596549347037744,2.34450866226922e-06,0.0762035794976175,2
"20120",0.0058155488351979,0.00475017098218565,0.0241393872114081,0.964428940877895,1.58074880180747e-09,0.000865950512564913,4
"20122",7.78882802002212e-07,0.00136226184285503,1.7830889737096e-08,4.32374999739044e-06,1.3692258466985e-05,0.998618925434989,6
"20124",0.000885634712051282,8.89935705003241e-06,0.00202133530458549,0.997084010705712,1.17790497410064e-07,2.13010403520861e-09,4
"20126",6.9289558301348e-05,1.34363496542704e-06,0.994925468870118,0.00500368006192623,9.66899065052988e-08,1.21184782583865e-07,3
"20128",0.000203059725279616,2.2571669886614e-08,0.825485189540373,0.174311725187316,1.70648217306927e-09,1.26887928449516e-09,3
"20141",0.000200613044288752,0.910184208654748,0.0183617924917066,6.67356163118955e-05,8.22166126216769e-05,0.0711044335803228,2
"20143",3.92898359875705e-08,2.48015712293971e-05,4.36842017240854e-09,7.02271251241863e-08,9.06292495683356e-06,0.999966021618432,6
"20145",0.00586739534772489,0.00604588515062765,0.00368845141171174,0.984391539647064,1.36670657895856e-09,6.72707616556764e-06,4
"20147",0.000465440651951728,0.00103450844440869,9.9094722534238e-05,0.998396466317714,1.39351140264487e-08,4.47592827727217e-06,4
"20149",1.1555150158855e-06,0.0011508187461162,3.37236812066539e-08,4.66714975363898e-07,7.41646700953188e-06,0.998840108833202,6
"20151",0.000596507173957927,0.921821765908361,2.94459876315847e-06,0.00028435423294462,3.41223137330201e-06,0.0772910158545998,2
"20153",0.00361485153444053,0.341137037435658,0.00741889671582816,0.00118159114613476,5.24339781592348e-08,0.64664757073396,6
"20155",0.0356715896907047,0.000111167923000988,0.000123846839050799,0.96409293313086,4.8871368616994e-08,4.13545015191314e-07,4
"20157",7.24529058340896e-05,0.464836455869158,8.54861146267288e-06,0.000121330537059601,3.00790334757246e-06,0.534958204173138,6
"20160",5.40936257875204e-08,4.00021444363623e-05,1.10994870323262e-08,1.54386406539945e-07,1.33905655435426e-06,0.99995843921949,6
"20162",5.78826818801316e-07,0.00360124718391709,1.12638408945862e-08,1.84772955827503e-07,7.76121172194764e-06,0.996390216740745,6
"20164",0.00109814369326177,0.0455428114811945,1.25022422147085e-05,7.40480781158998e-05,2.87308141040774e-06,0.953269621423803,6
"20166",8.12273036758043e-05,5.92108651383203e-05,4.4264439278913e-06,0.99892726079388,0.000159096055996227,0.000768778537381633,4
"20168",1.21960653937647e-05,1.46640163018785e-05,2.24731057262127e-07,0.00205735879460997,0.997344334120364,0.000571222272272578,5
"20170",0.000210147414594501,0.714453600575713,2.81994075686533e-05,0.000176676789581044,1.64373834837963e-06,0.285129732074194,2
"20172",0.00175496111101627,0.00189826258242578,0.000988134286780826,0.995358582529912,2.26371162433077e-08,3.68527489247842e-08,4
"20174",4.99111450673462e-05,0.621386572586769,2.62924345066529e-08,5.83054280045695e-06,0.147925828172246,0.230631831260683,2
"20176",1.50874446725744e-05,6.57578249122928e-05,1.51268800912965e-08,0.000124854012347853,0.999789418738569,4.86685261776226e-06,5
"20178",6.91114138813915e-08,2.15113545031948e-05,2.3028804327637e-08,1.7359893256067e-07,6.53891296510132e-07,0.99997756901505,6
"20181",1.28396507023189e-05,8.39255163870438e-05,6.56610454343705e-06,0.996852987032279,1.00210688986149e-06,0.0030426795891981,4
"20183",0.00423072798311533,0.992282235583718,0.000624120578669672,0.00284965501286634,2.8509052244535e-06,1.04099364059145e-05,2
"20186",0.0812375424995168,0.892408941072128,0.00337545675803066,0.0200567428656041,0.00292100796251705,3.08842203036707e-07,2
"20188",2.57053943529494e-07,0.000252322870454704,2.4161432890436e-08,1.62528612625905e-07,8.21386634283621e-07,0.999746411998922,6
"20190",0.000139305250686545,2.04253058888485e-05,1.3040762342666e-05,0.999826945918244,2.02005121218064e-08,2.62562326125057e-07,4
"20193",0.000334493944740465,0.000216578551376306,8.30486713856411e-07,0.00160918507176223,0.0313980109466951,0.966440900998712,6
"20195",0.00407312660200706,0.178178983094867,1.37361127674274e-05,0.0012288254842374,2.93456962817531e-06,0.816502394136493,6
"20197",0.0157199533113535,0.00112203789379406,0.000333167365163585,0.982824700312048,6.31935736278255e-08,7.79240675780914e-08,4
"20199",7.48997947837151e-05,0.0647742831067402,3.29789758382936e-06,3.51333100554772e-06,1.28382813328399e-06,0.935142722041754,6
"20205",0.000896135054660866,1.08759612440764e-05,0.99896129502479,0.000131689446443656,1.17771496419428e-10,4.39508978649281e-09,3
"20208",0.0025923462960383,0.981496191913826,5.93185812803095e-06,0.00147768377195895,2.88032724388485e-05,0.0143990428876094,2
"20210",2.70063152291746e-06,0.0121112045413482,5.4663671051822e-08,7.09437299501553e-07,3.14773765154934e-06,0.987882182988507,6
"20212",0.000326207111990998,0.125695317986853,2.74008422112441e-06,0.000105994877411127,5.32247122111734e-06,0.873864417468303,6
"20216",0.000134524078751451,0.00145512222453163,4.42775227988886e-05,0.998319508779579,2.01092407508509e-07,4.63663019314271e-05,4
"20219",0.0120020865407173,0.00546254800058759,0.64588946778829,0.33658150681376,3.80474963351082e-09,6.43870518954054e-05,3
"20223",0.00709202817366747,3.58053008492188e-06,0.000229979339778471,0.990847327528771,0.00182708348199661,9.45701556942984e-10,4
"20226",0.949572187673244,0.0459960782488198,0.00027740720057097,0.00391744480089277,1.76408115216819e-07,0.000236705668357265,1
"20230",6.41643871857981e-05,7.52086097135787e-06,7.06260348654213e-05,0.999857643500023,1.53583988676338e-08,2.98585558876276e-08,4
"20233",0.000301277004075448,0.00194713454531487,0.9977256041581,1.81343637458029e-06,6.09025803190881e-07,2.35618303315972e-05,3
"20235",0.11600490849713,0.000130447471345001,0.0307612115277377,0.852957799414547,0.000145627394650299,5.69459040723752e-09,4
"20239",0.180266088620934,0.00566261718937496,0.000472156879243032,0.811121272696416,0.00247645414289562,1.41047113663069e-06,4
"20254",5.14452234563221e-05,8.65877289954101e-07,0.995992937696202,0.00395474785844909,3.45138780214497e-12,3.34115172413549e-09,3
"20256",0.000266216041096702,3.25039322235553e-05,0.000224346509354293,0.99947667605819,2.5363886345551e-07,3.82027194857963e-09,4
"20262",6.90740263304348e-05,0.361742868895426,2.20213833576471e-06,8.00972675561658e-05,2.08774327710847e-06,0.638103669929075,6
"20270",0.000390878828082585,0.0145504446899383,1.81162672564703e-05,0.979215918461479,0.00210284878567465,0.00372179296756929,4
"20284",0.0481161459326526,0.578734542993981,0.363204928345316,0.00991412610936964,3.29910770199513e-07,2.99267079100982e-05,2
"20287",0.00239993150264865,3.10162241551006e-07,0.000105503781804942,0.99749415661994,9.70273008477979e-08,9.06064003865862e-10,4
"20290",0.00462240062277063,0.00202554109609115,0.991569885870412,0.00175670687824284,3.00254473536516e-10,2.54652322292083e-05,3
"20293",0.000628316770070392,0.0424995015246945,0.00199660965120332,0.954865342759159,7.00686072870555e-07,9.52860879992391e-06,4
"20296",0.000493654289992183,0.293123356409861,7.96906973207934e-08,0.00746387003893746,0.0152600768016128,0.6836589627689,6
"20301",0.00115883901179342,2.82660701637051e-07,0.000384548020377606,0.998446083909301,4.05202452739182e-08,1.02058775807285e-05,4
"20304",5.89678069080842e-06,1.29568086825569e-05,0.995745484570068,0.004235595896689,6.44727332896316e-11,6.58793967566991e-08,3
"20306",0.000215870202019969,1.17864572359426e-05,0.0019787398253317,0.997793583705484,1.87616320254763e-08,1.04829613614543e-09,4
"20309",0.172101414932687,0.305538965493913,0.00376511015277497,0.518411346748083,1.34193407534623e-06,0.000181820738467277,4
"20311",0.000610345429209017,0.00352822838437542,0.000755387131803279,0.994791695937143,1.13430483281352e-06,0.00031320881263607,4
"20314",0.000772293156048376,0.974792384651098,3.66125015656333e-05,0.00194717834663614,4.16644905050878e-07,0.0224511146997465,2
"20318",1.22549468518245e-07,0.00010059297699071,7.34538494325476e-08,1.45516761084158e-05,1.01057929499946e-05,0.999874553550633,6
"20320",0.526723523921027,0.468542828278758,0.00168118947647608,0.000937664020892336,1.36991245918191e-05,0.00210109517825511,1
"20326",0.000356093238765805,0.947283678659999,9.15938421583741e-05,0.00265534046098527,1.00761928107521e-06,0.0496122861788104,2
"20328",0.141451530756554,0.856312783440969,0.00133375313258739,0.00088113486536579,5.2458385101302e-06,1.55519660142224e-05,2
"20330",0.8312645889317,0.00031819763012421,0.0039813832270892,0.16443425344872,7.60501515954954e-07,8.16260850876558e-07,1
"20336",0.00209091085334783,0.0247016504823714,0.961698279635047,0.0115084108324715,7.61921041668669e-09,7.40577552136765e-07,3
"20338",0.00351075097223109,0.00104501879859115,0.979651783783147,0.0156944206510747,3.69427682243558e-09,9.80221006795615e-05,3
"20340",0.000132213794388704,2.20168443680748e-06,0.000406025541504267,0.999459497275544,4.33879106781151e-08,1.8316215827373e-08,4
"20342",0.0247744057886028,0.00010193703744353,0.974409633858252,0.000415570162250282,4.64334587991965e-05,0.000252019694651954,3
"20344",0.000199849353508703,0.00128197632035352,0.000525684390734586,0.997992008436117,1.93911564053185e-07,2.87587721819867e-07,4
"20349",3.14745347108816e-05,2.07756319728995e-05,0.000133623520728632,0.999814023846233,9.9956175749849e-08,2.51017855099212e-09,4
"20351",0.00824930049027867,0.0461517270013164,0.0129935984037264,0.932063329677855,8.72948719868832e-07,0.000541171478103713,4
"20353",0.681119939919767,0.000188023908729995,0.023503375685084,0.295188609118742,1.10917138956127e-08,4.02759636300608e-08,1
"20357",0.00227950608072256,5.18420608590329e-06,0.996914382349169,0.000800926970796723,1.18105020326426e-10,2.75120480286962e-10,3
"20360",0.722953205929087,7.96142873531767e-05,0.271856947894832,0.00484147643246906,0.000268061074764037,6.94381495207237e-07,1
"20364",0.253063889089556,0.0300232161380777,0.00226530973401394,0.714635300486599,2.60520828701715e-08,1.22584996706219e-05,4
"20366",0.000638163173835393,0.00621205261169423,0.992172210412583,0.000967562384506357,6.38297820255894e-09,1.00050344026124e-05,3
"20381",6.35027192460737e-06,0.00346809946405668,1.24309877884346e-07,1.05617980897941e-06,0.980278497464345,0.0162458723099867,5
"20391",0.495952103668185,0.0386161855293879,0.0189590746291236,0.21142027527793,0.23505231287373,4.80216433229869e-08,1
"20394",0.0161324324615663,0.98087034560363,1.70598084741143e-06,0.000120570514364418,0.00181985679519952,0.00105508864439206,2
"20396",8.87384490377011e-05,0.24654027034117,1.3505599954459e-08,8.46933555577044e-07,0.738493685148891,0.014876445621746,5
"20409",0.000161022589523489,0.208586904487006,0.000900413475130619,0.620519723322929,5.63766582688808e-06,0.169826298459584,4
"20411",0.0219429585593433,0.000232426216880195,0.111915352556403,0.865909252638278,7.62924692072158e-09,2.3998485833618e-09,4
"20416",0.000159130008463448,2.46683410563329e-08,0.970675256987916,0.0291655881759808,1.36625174820118e-10,2.26734831506764e-11,3
"20418",1.17413081956912e-05,0.169775036980105,7.02495847440122e-09,7.46174960578753e-07,0.762410949187814,0.0678015193239664,5
"20420",0.00119167820645669,0.0244484662665362,0.974103210926008,2.33522932248318e-05,7.5364716722894e-07,0.000232538660606488,3
"20422",0.0342066366892833,0.000331910414222293,0.000260431338755254,0.965154944508958,3.94511740637976e-08,4.6037597606973e-05,4
"20424",0.0733365317082325,0.000155879944744763,0.0392263699663363,0.887281206968359,3.58043411949892e-09,7.83189312081254e-09,4
"20426",5.31198722038485e-05,7.54198138707208e-06,0.999828482240227,4.1076354194542e-06,4.41532487532249e-10,0.00010674782923003,3
"20428",0.105848344147968,0.0438022199874866,1.45267622151177e-05,0.848220374066806,0.00210194759409829,1.25874414265302e-05,4
"20431",0.26835226293305,0.596237957923057,0.00410936058484317,0.0241985409122875,1.41555706199631e-06,0.1071004620897,2
"20433",0.000528290988639026,1.59752109350493e-06,1.31127960215948e-05,0.999297534128122,0.000159454868086105,9.69803784809436e-09,4
"20436",4.36171368827569e-05,3.7687602513952e-05,1.23213475304229e-07,0.00628638640913314,0.993625641370959,6.54426703601646e-06,5
"20439",5.32084770847719e-05,0.523835255037395,2.20039989962182e-08,3.43249095907739e-06,0.244739353097059,0.231368728893503,2
"20441",0.0158057548203993,5.67554257520839e-05,0.983388472004598,0.000748833900708712,3.61893707739633e-10,1.83486647942438e-07,3
"20444",9.36643714891591e-08,0.000146967718747947,6.66342932472982e-09,8.87638256085395e-08,2.50021857846753e-06,0.999850342971047,6
"20448",9.47736674172383e-05,0.828554276565733,0.00110374952235335,0.00995070621161507,0.000162158911599208,0.160134335121282,2
"20536",0.00505165556939971,0.269137296297454,4.29153128385965e-07,0.000172197100170496,0.725623482889627,1.49389902205279e-05,5
"20538",0.000270355712970407,0.0562434071097281,0.729894370992855,0.21358437093307,5.8976904439894e-06,1.59756093285875e-06,3
"20541",0.00341582477529124,4.3722427363667e-06,0.0602633951382762,0.936316402562432,8.18757222548118e-11,5.19938897542283e-09,4
"20544",0.00228740127403373,0.785510072898812,0.000731974365659395,0.207140322761647,2.48817882706073e-06,0.00432774052102114,2
"20546",0.00746219627265221,0.000808248832626528,0.00581812627179804,0.985911411761363,6.67365460440903e-09,1.01879060677417e-08,4
"20550",0.991297497829463,0.00365708898340394,0.000233644976474392,0.00471676547218031,8.28753980053301e-07,9.41739844986992e-05,1
"20553",7.98686737882344e-06,4.71860774828007e-09,0.978991287647787,0.0210005568403712,9.10265393400455e-10,1.63015589417356e-07,3
"20555",0.00410285294486846,0.0014006858922814,0.994489722533163,6.29043758179319e-06,3.30233701492909e-07,1.17958403831628e-07,3
"20557",0.954293811820614,0.0224099615653182,0.0122051047069182,0.0107682009299274,1.99771481814015e-08,0.000322901000073994,1
"20559",0.000213297071100104,0.000204188863185658,4.53565009613559e-05,0.999535812346935,3.00979437209572e-09,1.34220802359779e-06,4
"20561",0.000498700699905888,0.711895227418001,2.85935403554643e-05,0.000829826611997694,4.02620981285914e-06,0.286743625519928,2
"20564",6.91114138813915e-08,2.15113545031948e-05,2.3028804327637e-08,1.7359893256067e-07,6.53891296510132e-07,0.99997756901505,6
"20566",0.118215033770947,0.0675010925855689,5.98867202996965e-06,0.814136469043978,4.38659309817735e-05,9.75499964942408e-05,4
"20569",5.72033195470086e-05,0.870637269490012,1.43275064980592e-07,1.29205720099437e-05,0.000367161847733654,0.128925301495632,2
"20572",2.8595183121791e-06,0.0704144648584044,1.81328028030636e-08,6.77796507095989e-06,0.000567011249164125,0.929008868276245,6
"20574",0.001784430983898,0.000140482644808901,0.00170436380382095,0.996367885037967,5.49220188795336e-10,2.836980284467e-06,4
"20576",2.75279075478866e-07,0.000165167601471436,6.6337122500817e-08,1.26020622922676e-06,4.58034467380601e-07,0.999832772541634,6
"20578",0.0276057269280224,0.170094230191152,0.00053479624199679,0.79613667828497,1.16420824358643e-06,0.00562740414561526,4
"20580",0.00164980935338094,0.154797967525098,4.77814665205227e-05,0.843429886595361,1.29931799505294e-05,6.15618796886537e-05,4
"20583",1.80015810225305e-07,8.47020842713566e-05,5.17429050262105e-08,9.11258158470388e-07,4.60901476744552e-07,0.999913693997378,6
"20586",0.00182691859988393,0.0825056002856614,0.00157037542906101,0.914093458598972,7.32613820832359e-07,2.91447260076999e-06,4
"20589",0.0040508472171508,1.6278208797119e-05,0.000127186217511697,0.99580558422836,1.0336512781304e-07,7.63052704101417e-10,4
"20591",0.775069391435543,0.176775144613746,0.046974804482385,0.00116225667450284,1.37226664048966e-05,4.68012741830635e-06,1
"20593",0.000363087939339261,8.07706371093724e-08,4.75935353748073e-05,0.999589216445633,9.22311949954412e-09,1.20858959694294e-08,4
"20595",0.00021439425973936,0.00281052552135598,0.000233221682186102,0.996703162315941,3.59895623639648e-08,3.86602312150388e-05,4
"20597",1.19201482645792e-06,0.00104970665711299,9.66869859372463e-10,9.63261347703369e-08,0.998943857331448,5.14670360758824e-06,5
"20599",3.89738258630939e-08,3.44716394618418e-05,1.20721875029896e-08,2.34258164287226e-07,1.11750957104102e-06,0.99996412554679,6
"20601",0.0161839190162155,0.983292775626036,2.27898261314531e-05,0.000224831106166422,3.29319239701551e-06,0.000272391233053871,2
"20604",4.20205401407821e-05,5.63252281257702e-06,4.64627978569021e-05,0.999905166365939,1.86468644524129e-09,7.15908563922947e-07,4
"20606",0.000525160528082765,4.89181027196382e-06,5.42057466043059e-05,0.999415721366053,2.97935277243562e-09,1.75696356676193e-08,4
"20608",0.0210911172266267,0.000301290909799892,6.82662260195476e-06,0.978599213407553,1.31630395397167e-06,2.35529464575123e-07,4
"20610",1.20615235996306e-05,0.00099867924763472,3.30537716587044e-07,6.77457114961266e-06,6.81891866192859e-07,0.998981472228033,6
"20612",0.000256726642571998,0.00125478794852796,0.137758065326326,0.202335626215365,0.657536498207625,0.000858295659584061,5
"20614",1.40252991675553e-05,0.0062689797217646,1.9253039601194e-07,8.25665280497753e-07,5.92917367662208e-07,0.993715383866024,6
"20616",0.000806786038887267,0.993783735261178,7.15120258218843e-05,0.00478157275307036,3.09294089739095e-05,0.000525464512068727,2
"20618",0.0018125101549348,0.000780559332281403,0.997213806111093,0.000176583047742093,1.55553490733125e-09,1.65397984138699e-05,3
"20620",9.43188458813885e-05,0.000393358468385038,3.02974713014241e-05,0.999428445681927,3.11983600703035e-05,2.23811724345663e-05,4
"20622",3.53438324461646e-07,0.000481505978219454,1.0086989984576e-07,4.21269006287553e-06,2.60635113908691e-07,0.999513566388379,6
"20624",0.000412769904874001,0.000318321111025382,0.0271786083700825,0.972090242558337,2.34635784476692e-08,3.45921030230963e-08,4
"20626",0.00700135718019152,0.0141518884209388,9.89432649651364e-07,0.762512014630734,0.215210993764905,0.00112275657058117,4
"20628",0.536482453182386,0.156378922684411,0.000104377509447403,0.156451066444217,0.150164960600114,0.000418219579423949,1
"20630",0.356048523992834,0.0543483971060871,0.000138213818451525,0.576149743883024,2.84972583145149e-06,0.0133122714737725,4
"20632",1.16621616932672e-06,0.00827450456317868,2.59046986039308e-09,1.02293057810298e-07,0.000828077873884662,0.99089614646324,6
"20634",0.000955858529846084,8.84156471772694e-06,3.56100252629223e-05,0.998999670208551,6.55669965793755e-09,1.31149230047758e-08,4
"20637",0.00102204207972284,1.5452941003548e-05,0.991752791488289,0.00720139204193385,6.6360641578831e-12,8.32144241427142e-06,3
"20639",7.67441129025993e-05,0.388234250603718,2.03822381669588e-06,1.14096628166848e-05,3.08553406783083e-06,0.611672471862678,6
"20644",0.000536772147953505,2.63521566124817e-08,0.685804608112775,0.313650756102351,7.81783657601729e-06,1.94481880436634e-08,3
"20646",0.320863453654949,4.83480266439159e-05,0.011919266184066,0.66546990314877,0.00168960171291556,9.42727265548595e-06,4
"20648",0.000490128245080234,0.991668294755131,1.70665440459902e-05,8.37369758814515e-05,6.86030890168198e-07,0.00774008744897058,2
"20650",0.00142003945193639,7.4663186055545e-05,0.319040102764748,0.679465148312593,1.75989586033339e-08,2.8685708132021e-08,4
"20653",0.0414206703888602,0.954738136497816,0.000284188165050072,0.000282051673734004,7.70374667409403e-05,0.00319791580779863,2
"20658",0.000672563117154497,5.53879965008835e-05,3.56459263961109e-06,0.999118416577008,0.000150053810037956,1.39066586493927e-08,4
"20661",0.000376483902481356,0.00421708629351125,0.961246154839074,0.0340726182477722,8.68323527969656e-05,8.24364364503188e-07,3
"20663",0.0180579260877811,0.395823400766642,0.00154810262072629,0.584562280838286,2.75357994754023e-06,5.53610661715836e-06,4
"20665",7.17237883550473e-08,3.50731393408108e-05,3.26292933016951e-09,1.79972908041963e-06,4.0784174871626e-05,0.999922267969989,6
"20667",0.893687135689652,0.0978623743867733,6.23426012047732e-05,0.0038008559679247,0.00452888355255249,5.84078018927853e-05,1
"20669",6.55199071320281e-06,0.0392706149810142,3.96444036569055e-08,6.50177667838554e-07,0.960530977832632,0.000191165373568906,5
"20671",0.00533852222007306,0.00138635652194721,0.838599007459814,0.15459580861416,1.87728137667057e-10,8.03049962778683e-05,3
"20673",6.20157723710398e-07,0.00100469974756075,4.24315806153443e-10,5.33664580652987e-08,0.998967712909029,2.69133949122312e-05,5
"20675",0.00108632952285159,0.800622666079349,5.04546463231686e-06,0.00706548780179297,0.19120490589879,1.55652325844082e-05,2
"20677",0.0160577013768805,0.42004552645877,0.000219517060575221,0.563133806799122,0.000539409486040364,4.03881861159831e-06,4
"20679",1.66713672420564e-05,0.0413967543117377,1.48681376134835e-08,1.68535413364157e-07,0.957769904342769,0.000816486574699751,5
"20681",0.00118650664484184,0.952796876933183,2.03765569691721e-06,5.60701027824063e-05,0.0459429571466918,1.55515168032334e-05,2
"20683",0.127384132114922,0.474386260780649,5.91090773503472e-05,0.394283362118866,0.00387470242305782,1.24334851543648e-05,2
"20685",0.00993660056900805,0.0117305318874947,0.978258315016477,7.83761340335271e-06,1.41150633200805e-06,6.53034072853554e-05,3
"20687",2.645976496688e-05,0.0877233065411716,6.28437949321525e-07,3.61077895917526e-06,1.72489827154116e-06,0.912244269578681,6
"20689",5.76025067249088e-05,7.57553051627129e-07,0.857929521479333,0.141996875038109,1.52349711255673e-05,8.45165589015595e-09,3
"20691",1.96841187220329e-07,0.00022180939446599,2.62085574308079e-08,2.03707501552729e-07,4.29901869163897e-07,0.999777333946419,6
"20693",0.000116897568718892,6.07511719215616e-06,0.00112230700702661,0.998754683971829,3.50736721422514e-08,1.26156103378831e-09,4
"20695",0.000574534467194954,0.997458113747891,4.47695688523925e-06,8.49583341262744e-05,9.61624968849904e-06,0.00186830024421378,2
"20697",0.000220254812725694,6.54247875694067e-05,0.000236511040686062,0.999448170329534,5.63909336242979e-10,2.96384655752376e-05,4
"20699",0.00380433222828333,0.647006218727318,4.28516645940837e-06,0.335284815761771,0.0138066124668101,9.37356493587109e-05,2
"20701",0.0828428364163443,0.0424771136222509,0.000118456597700803,0.874012627403106,0.000548725486472829,2.40474125053365e-07,4
"20703",0.00680999418681763,0.015334117927653,0.000449423009596396,6.80519957506061e-06,0.977276163487596,0.000123496188761951,5
"20705",0.0166616760700156,0.00087559378995155,0.00336391136874922,0.979098682943891,4.88247404016518e-08,8.7002652144358e-08,4
"20707",0.0151727585964321,0.981836635001121,0.000148463092502246,0.00282979611912144,3.20769984728506e-06,9.13949097640851e-06,2
"20709",0.000603941068846488,0.0748683977253159,2.91161153041274e-06,0.0258964781769259,0.00028615724349128,0.89834211417389,6
