"","V1","V2","V3","V4","V5","V6","V7","V8","V9","V10","best$classification"
"19812",0.000118124494193638,0.00101819862899315,0.000105455834148706,0.14423319061505,0.67868525272636,1.39669454852565e-05,4.84244970641899e-07,6.80223878666579e-07,0.000506814246790785,0.175317832040128,5
"19814",2.03647205532316e-06,2.37478141882809e-06,1.09350878783159e-06,0.00174144411682732,0.980011533631204,2.8111458562661e-06,4.43555508881582e-09,0.00190548459377911,4.11695091680066e-05,0.0162920478053478,5
"19816",5.23069035263416e-09,0.0596813054622463,8.43802255229007e-06,0.0266907286411868,0.00421178446362232,2.85021367115517e-06,4.57114345358328e-07,5.64139039169115e-07,0.352655087828077,0.55674877888457,10
"19818",2.05284908099241e-06,8.14844870648971e-05,3.06588362835803e-06,0.00036749076109145,0.284900614209607,1.14841679019744e-05,1.54770907748045e-08,0.00514997716222213,0.000872892833897618,0.708610922168414,10
"19820",8.35031260111714e-11,0.000402275655664843,0.00015108102482511,2.12240246998802e-05,1.85843207321219e-09,9.46746476956505e-12,1.2951350380366e-07,9.30942134084832e-11,0.998843751002528,0.000581536734281604,9
"19822",2.81585524907409e-06,0.00185510480780392,0.149297680545167,0.00664188358823991,1.71342824777276e-07,8.70719865610689e-10,0.00252631949354547,6.18571097760406e-07,0.838585081022336,0.00109032390301641,9
"19824",1.09588807806913e-07,0.450276774431237,4.66030515054639e-05,2.36112799512103e-06,8.05957576957538e-05,2.650364862118e-06,1.99914277147502e-06,0.00101092242814487,0.385916988781031,0.16266099532595,2
"19826",1.11300434728627e-06,0.0520619576910608,9.00296088358352e-07,0.211383497884882,0.704364702368085,0.00217875053881704,4.01600685222842e-05,1.62196044553883e-05,0.00129629627950358,0.0286564022642378,5
"19828",8.16526524187098e-08,0.00027288900881706,0.000918965486422044,0.000275547910574639,4.7588743759592e-05,4.81332722882519e-09,3.79557696055228e-09,8.09870516442338e-07,0.755883918800616,0.242600189917738,9
"19830",0.00337445554227876,2.39761670249855e-05,6.00696997024264e-06,0.0785243136341297,0.905215148875057,0.00136231617549416,0.000523252899838289,6.33101351412351e-05,1.13459729391075e-06,0.0109060850037713,5
"19832",0.0345302968164722,0.0016274970099845,0.676573597938005,0.0844439314144481,0.130222476623155,1.74909376777851e-07,6.2164202838207e-06,7.40250349247881e-07,0.0134861692579773,0.0591088993599488,3
"19834",3.90735808961188e-06,1.77935911365999e-05,0.004746030553766,0.738498426696364,0.00462775900784447,2.66095403426507e-08,0.000119331923144418,4.19285602027432e-05,0.0578994906432413,0.194045305056671,4
"19836",1.74023798651173e-05,0.383547908920167,3.76776492999082e-06,0.00226878732664533,0.0333522087685005,0.002104178998868,3.86009946595388e-06,1.02615300550494e-07,0.00124048635536165,0.577461296770896,10
"19838",8.15135814931964e-05,1.81597180852634e-07,7.76563182069861e-07,0.00124908563031659,0.998062445054045,7.51609458129227e-06,9.38201178707226e-09,0.000191891979587756,1.89572053135636e-07,0.000406390545548314,5
"19840",2.4617022213004e-08,0.00435112053570943,3.21090731382509e-06,0.844428799338776,0.0113398951242148,6.97273580842772e-05,0.000336946512648436,1.21272195559042e-06,0.0403342086405876,0.0991348542436882,4
"19842",1.3750607259732e-06,0.000116395690815653,1.20565969808841e-10,0.000117482326821246,0.014277256765236,0.985478666720356,3.67281824112587e-06,9.46452172929279e-07,7.88361147653003e-09,4.19616145339543e-06,6
"19844",4.55877089427403e-09,4.805907810952e-07,5.491979628823e-10,1.31427933994968e-08,2.98368520591684e-06,7.27311287810949e-06,1.12583839501894e-06,0.999987247003252,5.70904776828445e-07,3.00613949269444e-07,8
"19846",2.68239357605713e-06,1.11362265162901e-05,2.27593754822126e-10,4.41719420285894e-06,0.921821544326611,0.0189813222031689,1.24667617436616e-08,0.0590207615668583,1.4729688743794e-08,0.000158108665022132,5
"19848",3.48559637546918e-06,2.23004602020595e-06,1.54525926495432e-09,1.43955412970769e-05,0.97854066495337,0.000571616523006976,6.06692300638911e-09,0.0206765280121932,2.75211338762906e-08,0.000191044194421459,5
"19850",1.95389497165541e-06,8.14718344860622e-06,4.69997817292629e-08,7.91767561136134e-05,0.805895226397351,4.50027762469745e-05,1.33362717587357e-07,0.193554783988542,1.84182893469515e-06,0.000413686811892219,5
"19852",2.61329340503912e-07,0.000361012619377321,1.11445771537739e-05,0.00117623579682746,0.0135505943075602,1.35072286788558e-07,3.07965662754745e-07,4.24325344953247e-05,0.00731970686557086,0.977538168931725,10
"19854",5.61359535936134e-06,3.86736633309619e-07,5.53402959934813e-09,6.46348719382949e-05,0.997969911582714,0.00014464934611309,2.40697809382416e-09,0.00161846666303816,3.0478119018353e-08,0.000196298785077332,5
"19856",7.55905673259989e-07,0.000143083327806785,5.02457500786797e-07,0.000205163356993838,0.0102309577524126,3.97510250851236e-05,2.64604934894945e-05,0.989290170401409,3.25508306805836e-05,3.06044489485133e-05,8
"19858",1.1628351264342e-06,0.00110635882806207,1.54402055584358e-05,1.25736080745434e-05,0.000453390046471255,5.68298307134442e-07,6.91684978453427e-05,0.994647451833096,0.00198261112749546,0.00171127471996375,8
"19860",4.37835974104788e-07,0.000768052884118675,3.21417583766596e-05,0.258883211972541,0.206604202704483,2.59011981093786e-06,6.4442843742595e-06,1.46069391281504e-05,0.021457852674011,0.512230458827183,10
"19862",5.71282492434497e-06,8.73630144111548e-06,1.60803959025669e-10,1.24651386133406e-05,0.923373421181029,0.0750509515640565,1.84142255926872e-08,0.00147657697418129,4.64702031480554e-09,7.21127937046552e-05,5
"19864",7.86773249382707e-07,0.00432672497580561,7.8715350550484e-10,1.10075001833763e-07,9.46294612350859e-07,0.995583633638099,6.93674138927721e-05,6.08677007346591e-07,7.51295331478154e-07,1.70700698471437e-05,6
"19866",2.23521742132102e-08,0.739398368529381,3.16334201712274e-06,0.0178015551083863,0.00015160134543485,0.000194448486245268,0.00549563259568641,1.41374583916284e-07,0.0792319643735863,0.157723102492505,2
"19868",0.952928465311857,5.09261397016781e-10,0.0454119663419712,0.00134340613618305,1.22489691396788e-05,5.0424344432328e-08,0.000287111447386308,1.58928643783419e-05,4.81717605845895e-07,3.76277871883573e-07,1
"19870",1.46114182947177e-05,3.71532358219396e-05,2.65891446218169e-08,5.11066749139849e-05,0.962140528588074,0.00422784120515667,1.71770443823877e-08,0.00146954560770869,1.52327696309627e-06,0.0320576462268781,5
"19873",1.08894529764082e-06,0.0024373139372772,5.38558896977573e-07,0.00138307020779994,0.536681097552298,0.00109562787439842,5.34082490981091e-07,0.000394792474082091,0.000615471049059974,0.457390465318399,5
"19875",5.31897840192343e-08,0.00101873838887101,0.00140458206357949,0.0905200136187973,0.000510527257369034,8.73984397418638e-09,6.91502606987697e-07,1.4992223932459e-08,0.850524962848042,0.0560204073988826,9
"19877",1.47829069766624e-05,7.01571334505949e-05,7.05495703455057e-07,0.00391507684674533,0.715240304823382,4.20993223820204e-05,3.30427164771706e-06,0.0015477853309335,3.17084479805144e-05,0.279134075420799,5
"19879",9.63013086709323e-06,0.000178536558618102,1.73724025073964e-05,0.00196715793699586,0.0179766310462257,2.48003377818573e-06,2.64642988710474e-06,0.00035670354357013,0.000823510932805409,0.978665330984745,10
"19881",3.95143899026411e-06,0.109589136845965,4.28161258635454e-07,0.00490389306833312,0.854083412707897,0.00584547463405293,8.74583324377316e-06,0.000690547668097214,0.000151403986862507,0.0247230056552996,5
"19883",1.30702667073944e-06,0.0818918868659431,2.99563889744672e-08,0.00316564670530121,0.603082841056785,0.297647378073148,1.13408499427708e-06,2.7841416147096e-05,4.44362196790742e-05,0.0141374985949432,5
"19899",4.91588624023707e-05,0.000140727213703165,6.53863947353738e-05,0.752301632357875,0.00915769819200022,1.86586485648043e-05,0.00330659609113669,1.18467863092405e-06,0.00185065662763873,0.233108300933313,4
"19908",4.32526768106906e-07,9.62941712048415e-07,3.13293954174894e-07,0.000338720146421838,1.01820904732781e-07,4.90668592977731e-06,0.999649117516356,2.98318615178092e-07,2.01108994708736e-06,3.13565939106401e-06,7
"19910",4.10815345420322e-07,0.00204550189579977,1.24758436358825e-06,0.000205846019350815,0.0242725935172514,4.6043172563086e-06,4.42114278266287e-08,1.93426272148164e-05,0.00139035570901876,0.972060053302971,10
"19912",2.94582615485778e-06,7.43638434239261e-05,4.57897921350141e-10,0.00133672284741325,0.161288857780129,0.837181773436185,1.5986817870169e-05,8.14256670307029e-05,2.18956393841525e-08,1.79014282558792e-05,6
"19914",0.000101780057700052,0.00113191870347313,0.000366233871920634,0.227808280878476,0.110445293919818,2.23026433456762e-06,0.00115690002131761,0.000321938675155725,0.00253429488437486,0.656131128723429,10
"19916",1.54354868319448e-08,0.995364644402325,2.15462553328992e-07,7.16952598836386e-07,4.51127140460821e-07,3.68815081612534e-05,0.0010124105632871,2.29989723472128e-06,0.00293848578073183,0.000643878870480405,2
"19918",3.50913686075974e-07,0.000377141280071134,1.98084001483143e-09,2.82958103406486e-05,0.911480538101824,0.00373575647564016,5.14726770321393e-08,0.0781097897766465,2.16558246221313e-06,0.00626590860581244,5
"19920",9.24800040425415e-08,3.74390329223412e-07,7.48198974592829e-10,2.67419436455974e-05,0.0993252144176452,6.26486198232849e-05,3.09132147522657e-07,0.900479258151872,1.78381394253248e-07,0.000105181734940214,8
"19922",0.739375403715487,2.88862699111399e-05,0.128845595679786,0.000135688908888943,0.0794223347409281,1.16722321068325e-06,1.74431380772843e-09,3.13481389659534e-06,0.000325423644154455,0.0518623632594233,1
"19924",2.79848528164648e-06,0.000111374689173088,4.07179145587203e-07,0.00766083140583739,0.716589202737916,0.000161944181528932,1.11104647093255e-06,0.0307657066768627,0.000182094136025986,0.244524529461758,5
"19926",0.000819284700515897,0.0631051473108447,0.000630311090223335,0.559607586168048,0.0127226492759553,0.000138407329855836,0.00149930723255682,5.25778756076564e-08,0.00412418526478849,0.357353069049336,4
"19928",3.89374228901682e-07,0.000250340079649906,7.04970559935601e-12,5.20485120743762e-09,2.18623605192874e-07,0.999673256897133,7.55463564000558e-05,2.36948948897557e-07,5.12698838147872e-10,5.99543376546276e-09,6
"19930",1.12408137522564e-05,2.78882956743573e-05,2.63909933416134e-07,0.000202282067866471,0.971556568851486,5.33873577126886e-05,2.82615180966369e-09,6.15240244872303e-05,5.21059496124475e-06,0.0280816312579743,5
"19932",1.29759542341202e-05,4.15591088427672e-07,3.80168207963827e-08,0.000110316800638798,0.998841300184509,2.53312883574233e-05,1.68207508273774e-09,0.000540896353369019,9.14901035435049e-08,0.000468632638803999,5
"19934",1.62436617959733e-06,0.00215267554883219,0.00905181171127296,0.143851398194975,0.0131538774877365,2.69696191021173e-08,1.52037706302637e-06,9.34525439911821e-05,0.622834399865035,0.208859212935296,9
"19936",0.000118948256726912,4.4594667517102e-05,3.52743012453322e-05,0.113748215307646,0.813902468045101,6.72541648165647e-06,1.89753800402269e-06,8.20395687639521e-05,0.000266076803140744,0.0717937600953725,5
"19938",1.48924793557466e-06,0.0152005087013139,0.0047039419658029,0.106937934766425,3.0552975266927e-05,6.07945470580155e-08,0.0103483054365028,2.99701762364667e-05,0.809761421429336,0.0529858145066327,9
"19940",1.33042663642547e-06,0.0523663731845558,1.63235988463102e-07,0.000130336558310984,0.128791506049835,0.00365272081492874,6.29578470229377e-08,8.37056493769055e-05,0.000477481209689697,0.814496319912831,10
"19942",2.83120906646599e-08,0.00413101657011247,1.80534801389265e-11,2.57297912746137e-06,4.77303905695915e-06,0.995408900082738,0.000452442736669765,1.06163294093493e-07,2.72088631580866e-08,1.32889993375868e-07,6
"19944",4.03940804759103e-07,0.124652714612723,5.09186683616758e-06,0.00447566684332289,0.0187165665470846,1.14421890739151e-05,4.01870811652957e-06,3.60192024442842e-06,0.01184553054678,0.840284962825014,10
"19946",2.14746693496952e-06,0.0018515154462767,4.05797242186309e-06,0.00224621729171648,0.244813077814768,9.64487025559525e-06,1.42053690782918e-05,0.00955860065208822,0.00170735125848864,0.739793181857971,10
"19948",6.89857628943176e-09,0.00113874826884861,1.54206723578226e-12,1.23064521964334e-08,7.15314083535629e-06,0.9988534829452,2.04045047814514e-07,1.64018191393316e-07,5.90983690171566e-09,2.22465469832903e-07,6
"19950",1.17456071876277e-07,1.52630165076517e-09,4.40660274683912e-10,8.7489062559307e-08,0.000718309000836829,8.25578756641706e-07,1.70215240205519e-08,0.999279797814599,3.62275678352735e-09,8.40049430150963e-07,8
"19952",6.89857628943176e-09,0.00113874826884861,1.54206723578226e-12,1.23064521964334e-08,7.15314083535629e-06,0.9988534829452,2.04045047814514e-07,1.64018191393316e-07,5.90983690171566e-09,2.22465469832903e-07,6
"19954",5.88694924812724e-06,4.43621165681645e-06,3.01740132950876e-08,8.50733609968872e-05,0.994078363034904,9.45463132937402e-05,1.67835896037401e-09,0.00029695371449199,5.79400661083924e-07,0.00543412916237462,5
"19956",0.000864381091854716,1.20358567738176e-06,1.59235881499201e-07,0.0161337642799812,0.162512163842281,0.0142798645642303,0.403944007435648,0.402252451103965,5.01587443057041e-08,1.19547017370394e-05,7
"19958",0.99346224575268,5.37328956224242e-08,0.0064375581117349,2.01850072062608e-08,6.35607662804519e-05,1.59306523949784e-08,4.22970540758023e-09,2.20627567116196e-05,2.89474688943906e-07,1.41890596434096e-05,1
"19962",0.000118334041523527,0.0516809255227818,0.000737889959913875,0.0155720407614722,0.585217765263956,2.23036826750484e-05,0.000349343711798763,0.265044414404013,0.0213113361707869,0.0599456464810782,5
"19964",1.81377890569564e-05,0.0600349958373625,4.19073960489308e-07,6.48234540144646e-05,0.271991129162473,0.00690075637485156,1.43789495317001e-07,0.00560941462793422,0.000459617515744301,0.654920562375107,10
"19966",1.3521030696914e-08,0.874569278838394,1.34761149236716e-05,0.00496689204844458,1.52232522490177e-06,5.33029593031821e-06,0.000357033845776384,1.09239642275251e-09,0.116010545321561,0.0040759065963173,2
"19969",2.21330787653509e-06,0.000436531754109742,4.05614772102985e-08,0.00682983707639307,0.978345694868248,0.011052744896233,1.66803370334902e-06,3.15802253627461e-05,4.17151747688854e-06,0.00329551775911924,5
"19972",2.78070598486789e-05,0.000630190000848343,7.30163256664574e-09,2.32956591367144e-05,0.396192672898667,0.493831372363036,1.86040814960817e-06,0.0388192698080824,2.64300811377215e-06,0.0704708814924856,6
"19974",8.51725419213448e-07,2.99097643111943e-06,7.4972213283556e-12,3.49338336236936e-07,0.0654200079285863,0.337942084374357,3.06028670040888e-07,0.596623327768827,1.34816487347788e-09,1.00805037115917e-05,8
"19976",2.93543895706546e-06,0.000151422728533066,3.89159006084346e-07,0.0011043664051865,0.371295989117472,0.000102164993415516,7.7215948514503e-06,0.0304985289273532,0.000173534733398365,0.596662946901827,10
"19978",2.85617589871125e-08,0.0257529968084488,4.01361273364864e-07,0.000246056625775295,0.0184857183184261,3.00350653460433e-05,7.12308123618778e-08,6.17711347289457e-05,0.0173300801706769,0.938092840722753,10
"19980",5.81063609009253e-06,1.92417235712313e-07,4.03811715549903e-09,1.86157597788098e-05,0.860806735620649,0.000156098038886413,8.68571952821659e-09,0.138862253873172,2.97228845787419e-08,0.000150251207466407,5
"19982",1.09700486335057e-05,1.71493713348828e-07,3.08997543452248e-07,0.000646025302845396,0.109998459920762,2.12788163765143e-05,8.22311805101872e-07,0.889032734519097,3.99597198616782e-06,0.000285232617237744,8
"19984",6.18374357611335e-09,3.09294118737958e-07,7.31297409790882e-10,1.5452188341384e-07,9.07619435899387e-05,1.04704386259606e-06,2.55965677314873e-07,0.999905535454901,2.15240791577191e-07,1.71362013425572e-06,8
"19986",7.05177961821413e-09,0.00490650518834323,0.00125442871729965,0.00202625866046756,4.13189566076329e-08,3.07578373110496e-10,0.000271762671904755,3.72712459306058e-10,0.978027310548109,0.0135136851628488,9
"19988",8.01884118529666e-10,0.000100328715170093,0.00144772304592923,7.56180208309532e-05,6.45942537649856e-10,2.37945777939158e-12,7.8670667204483e-06,6.93385257729134e-11,0.997561636172652,0.000806825459153092,9
"19992",6.97983930480435e-10,4.01750157513126e-05,0.00130824837302395,0.00275751386384014,3.42775315351363e-08,3.41805706554893e-12,8.12220240631142e-05,1.27688451989798e-08,0.994975989722629,0.000836803252913857,9
"19994",4.40676222102141e-05,2.3986034875476e-05,1.11362615021182e-06,0.0011304431962702,0.955319975626814,3.02172787846772e-05,6.40227916291822e-09,1.27871009998644e-05,6.84888817482303e-06,0.0434305542234415,5
"19996",1.87000360483533e-10,4.54446683508425e-05,0.000190578142522636,0.000168700878024515,9.328793932997e-08,9.75007373704395e-12,1.02766714660202e-07,1.01902997402862e-08,0.992692347831987,0.00690272203741098,9
"19998",5.40231506842217e-06,0.439315749001166,3.6708827949592e-06,0.194392603462102,0.0661185655917894,0.0347529283949541,0.259576345830624,0.00255669875949956,0.00109291846698946,0.00218511729501209,2
"20000",0.126624459215148,1.25422846985096e-05,0.000120099794783066,0.174430675961377,0.693245034321453,0.00213141579475559,0.00318730141454621,0.000115789400616611,3.26702058793575e-07,0.000132355110563309,5
"20003",0.000135346965007045,0.00236873690776111,1.48784001330726e-05,0.0265617234897754,0.899067875418172,0.000206582041156839,2.22546250017425e-07,5.54106079633397e-07,8.74029873960086e-05,0.0715566771382688,5
"20005",3.62762629926859e-06,2.29234756552059e-06,2.38194048620468e-10,1.11121817356765e-05,0.970113864560099,0.0110712185871379,2.64271072993075e-08,0.0185131994084125,9.8797875573663e-09,0.000284648743661606,5
"20007",3.67762448605059e-06,2.96536309920082e-05,0.000162319605482846,0.0695095711072605,0.0115893957185458,4.26694030332028e-07,0.000125638427462452,9.12011470844496e-05,0.010481805251392,0.908006310793263,10
"20009",4.09846499570764e-07,0.785319249559101,0.000315471846183866,0.000141397189878209,1.999030967912e-05,5.91305437615586e-07,0.000216960825534056,6.28091462652273e-05,0.202771431452489,0.0111516885189325,2
"20011",1.69988819274254e-05,0.000937096776246684,9.56706403410411e-08,0.000497294182624635,0.484024566079395,0.0616128715670228,2.93076422453011e-06,0.00596883910244428,4.08338099416541e-05,0.446898473165533,5
"20013",3.96894120625983e-06,1.20158332402824e-06,3.01083943018739e-07,0.0139021107395321,0.880985281681883,1.51927161673407e-05,5.29405190603395e-06,0.0981985497584796,6.52018801253297e-06,0.00688157925554626,5
"20016",5.72990755960387e-07,0.00166845236888208,0.0156721297652872,0.00103555370245184,3.34799523813889e-07,1.73828272266668e-09,0.00405457164802242,2.67904611713553e-06,0.931960277320976,0.0456054266197009,9
"20018",6.80036328774523e-05,1.88755926158165e-06,0.997617903091594,3.8376750373994e-07,2.31422191391555e-11,8.43809323190287e-13,1.52926556952279e-05,1.83216435935895e-11,0.00229613249423875,3.96756521670465e-07,3
"20021",8.45746716120371e-07,0.0347167966625012,0.000958981763084339,0.0014552562929018,0.0019305549962628,1.4877072440005e-07,3.68046060640514e-08,2.23621866296481e-08,0.305492561764814,0.655444794836202,10
"20023",5.58916369812253e-06,0.0299117295934918,0.000721149238124116,0.0552331089227298,0.0126587058345883,2.14715155557999e-07,0.000131947173629602,3.88847279797008e-05,0.099318716747923,0.80197995388268,10
"20025",0.000243975414861296,0.000150872418068124,0.723165048979589,6.77444871052844e-05,2.78622447713027e-07,1.17143200954132e-09,6.48607953125828e-05,4.10165914582485e-09,0.27197218079676,0.00433503321276501,3
"20027",2.46675284867459e-05,0.000536937325982902,8.73382265739713e-09,0.0094356460070435,0.420364282099968,0.568250725814039,2.05653063544212e-05,3.87168544214443e-06,4.76621852365578e-07,0.00136281887700788,6
"20029",2.60218127480695e-07,2.42508438143691e-05,3.3258360868947e-10,0.000397493111388935,0.957092173080286,0.0367335013964641,3.02320199668884e-07,0.00552049729166391,1.23628117918067e-07,0.000231397777354056,5
"20032",5.26434609777905e-05,0.00024831321436687,5.83326598790863e-08,0.000806660856674199,0.988624367115948,0.00838535094101461,2.28626229108836e-08,4.03678322742497e-06,4.70963505921456e-07,0.00187807546900265,5
"20034",1.20023840476109e-07,0.0101061479675931,2.71636475205112e-11,8.80574096794821e-08,4.99655526268709e-05,0.989837694394157,3.40410807453606e-07,4.97647574391284e-08,3.74618060235516e-08,5.55633983764545e-06,6
"20036",2.12285627053761e-06,7.85725335578648e-05,6.79893921557409e-06,0.799491530739206,0.0301926644402378,3.51979949712484e-05,0.154996019393648,0.0147577675336044,0.000286066008043935,0.000153259561244229,4
"20038",7.51530690101361e-07,0.000361554933653495,0.0242976821825362,0.374875794200275,1.27726184433515e-05,9.81304726381177e-10,1.70156241565098e-05,2.67050534183128e-10,0.552116718920101,0.0483177087417885,9
"20040",1.83553177333091e-05,0.441552945721168,0.0157697661591525,3.90614901946053e-06,7.70436853622681e-08,1.40824479911729e-07,0.00232108911638856,7.75299124867432e-07,0.52249079543114,0.0178421489381086,9
"20043",3.89953985753023e-08,0.000225563080484331,0.00362311659218347,0.0220497333063788,0.000267193286332991,8.84254561426744e-10,4.10497661965532e-08,9.28814579058452e-08,0.956401047111772,0.0174331728119709,9
"20045",1.51237590174147e-08,3.59013818107107e-05,0.0244267914822867,7.78691209290683e-06,1.13117831754907e-09,1.97709681100891e-13,1.384241101236e-06,5.34177029758544e-09,0.974906408429841,0.000621705955962312,9
"20048",2.71372562124517e-08,6.10626049512843e-10,2.49190932892454e-10,6.24403280830084e-09,7.97663813458824e-06,2.15746994541867e-07,1.10274060234707e-07,0.999991604944894,2.53864970580013e-09,5.56161605893648e-08,8
"20051",6.37671268953628e-05,9.2884077130401e-05,0.0271526070006546,0.228915720014265,0.551936424485827,8.81621417398131e-08,9.47406000632022e-06,0.0106361414133682,0.110561705795724,0.0706311878639876,5
"20053",1.13990079069108e-07,0.0737342523976351,2.92365763294855e-05,0.00063494269890761,0.000874555252618146,6.63064963223367e-07,3.97406107891772e-05,5.74407991791062e-05,0.092295778522263,0.832333276087236,10
"20055",7.10728667705408e-05,4.59738863798271e-05,0.0100173708929308,0.961421307341763,0.000406872716700285,1.72898138082509e-07,1.09374499518792e-05,5.92752501913511e-10,0.0104176572708581,0.0176086340837557,4
"20057",0.99994434123936,2.78272350549365e-10,5.30074919170648e-05,1.35357174639764e-09,1.52190950291132e-07,6.37391528482673e-08,2.61399718864233e-07,2.17137109920139e-06,4.72614994447780e-11,8.88695499332003e-10,1
"20059",3.52973184526489e-05,0.220378700008079,0.000471509958469304,0.00026349572722865,0.000503787559374921,1.4431049524442e-06,8.35706323735318e-05,3.26125429412016e-06,0.0511118929882786,0.727147041448496,10
"20061",1.07477715517517e-06,0.00745848957386533,1.94173078259432e-05,0.000845741301976132,0.00314195500261973,2.15239958045764e-06,3.15340805593608e-05,9.33285078659309e-06,0.0146353707661126,0.973854931939519,10
"20063",9.91654389075085e-07,0.000883439769996996,3.0754847150876e-05,1.04181554972123e-05,1.39409083756021e-06,1.14042196381497e-05,0.168315629030181,0.824687994664497,0.00605158129961303,6.39226819838193e-06,8
"20065",3.72734211104903e-05,1.43818291114877e-06,0.987399322890598,7.07783730016356e-05,1.12175893992692e-08,3.65697805887857e-13,8.79302468346619e-08,5.44305007807192e-13,0.012389409185644,0.000101678797988192,3
"20067",6.26739054731988e-07,6.17905886514237e-05,0.0517480352582978,0.000779911253396813,1.35939172285331e-05,1.41725756424697e-11,7.0086621530976e-06,0.000109897674012446,0.916663048427135,0.030616087465898,9
"20069",5.99787863092855e-06,1.00767963454739e-07,1.08568111860141e-08,3.28857241118254e-05,0.581854604709745,4.8737667713332e-05,1.92224660805829e-08,0.417893253488733,7.48108867662964e-08,0.000164314872937666,5
"20071",2.01793118009901e-06,0.000154753702220221,1.76729571549824e-06,0.240699089216552,0.000409784679689701,9.81921806510396e-05,0.754248185298143,4.76326625893831e-06,0.000114857981106532,0.00426658844848283,7
"20073",3.67738884976483e-07,0.00048606517785663,1.32863049088908e-08,1.13618876775923e-06,0.0701922882854153,0.000242579991717573,4.09439128842307e-08,0.927019657652075,1.04848134931606e-05,0.00204736592157157,8
"20075",0.936671759057972,7.61710183365049e-10,0.0628752830246156,0.00043121661127824,1.92441977565052e-05,2.82955524768839e-09,2.0021785093157e-06,8.03581266105555e-08,1.16487922925561e-07,2.94492553231481e-07,1
"20077",1.02716807858418e-08,0.00070811926824555,3.98037981437599e-05,0.591635734096053,0.00100561460286433,1.15949121299672e-07,0.00481118203747398,0.000182046472411837,0.30493522725112,0.0966821462528858,4
"20079",1.59101581126669e-06,0.000417544947586358,0.00077993824006542,0.00849764919516372,0.0262138088765556,2.36283450348881e-06,5.56969805165084e-05,0.891384563788721,0.071193643552861,0.0014532005682156,8
"20081",0.000149463118540998,4.66208348928704e-06,0.286754037401243,0.0647277386649764,0.000434415473638069,3.88558255598909e-10,9.65120000072401e-07,1.34542020972136e-06,0.268350898127624,0.37957647420172,10
"20083",9.4450219663619e-06,0.00020085405360674,1.34691698375416e-05,0.0310012276566645,0.0016482830309242,0.000138330539772347,0.368595252186256,0.598200920853536,0.00017319224724835,1.90252401878808e-05,8
"20085",2.87318514885817e-09,9.12502589157671e-05,0.0136314686802933,0.000261159668389758,1.66800590803326e-09,6.16203714654644e-13,1.75692010204277e-06,1.38584787945387e-11,0.985678152789173,0.00033620712746037,9
"20088",4.0951863073072e-08,0.00141852769296458,0.00680202432390836,0.00609722447660862,2.44336757058674e-05,6.72137389850113e-11,5.82349217174017e-07,2.22599872645508e-08,0.963136026475513,0.0225211177270182,9
"20091",0.0665781420602057,3.08656324953568e-08,0.930973954085073,0.00012393633967044,5.51383441461325e-06,2.43197973305496e-11,2.78768597097115e-06,7.78313056610794e-07,0.000172058120427437,0.00214279867122868,3
"20095",6.3676095744641e-05,0.00162491777022291,4.78982812661165e-06,5.9545423761924e-05,0.00112477145510841,0.0171050481478939,0.0021633227437128,0.655870847745518,0.00322811031867886,0.318754970471232,8
"20097",1.64914956282109e-08,2.64972929576762e-05,0.0525942062089958,0.000934195423601062,3.65563908421635e-09,2.8917647197524e-13,6.04143453020782e-06,2.06712604077081e-11,0.946076944926602,0.000362094545217689,9
"20099",6.71367284530654e-09,0.691264194150336,2.65595390913594e-07,1.64815541120937e-05,8.2698858660653e-05,0.00736283904996112,1.07656827800436e-05,0.000922085017583943,0.162424421183475,0.137916242194027,2
"20102",0.00660782738820854,1.22487099837258e-07,0.00405897753732051,1.09320655879296e-05,0.000236623585676554,2.03452192003352e-08,0.000364454598133668,0.987983153155647,5.12315142360351e-05,0.000686657322871144,8
"20105",3.21627435397782e-08,0.000104985723381189,0.000873439543509874,0.00104029618650115,0.000539365598775318,8.0293853468634e-09,7.0552296886355e-08,0.000218935755244049,0.910345370702871,0.0868774957452918,9
"20107",1.28011440272108e-08,0.000606006589308175,0.000211798098586342,0.0525803184442911,1.7577558559694e-05,7.61144544652152e-09,9.75858975679142e-05,1.03751874356363e-07,0.624360708868177,0.322125880379046,9
"20109",1.17354491245565e-07,0.147730239911665,5.29990717064594e-06,7.21528886457875e-06,0.00591971554525722,9.57945026455759e-05,2.10371869732724e-07,0.265526947403296,0.195273596644915,0.385440863069825,10
"20111",0.991172154125767,4.87551058172091e-09,0.0002245320617994,1.36984801819646e-06,0.00844492962367587,1.93961979510015e-06,1.01248643525687e-09,0.000122311736911794,1.89385783209679e-08,3.27381574572319e-05,1
"20113",3.43440640798639e-07,0.0282838210037383,1.64051167321906e-05,0.654596332733394,0.000396267899521695,0.000245794618117904,0.0313664808902097,7.25470119462373e-08,0.0669964213814618,0.218098060369172,4
"20115",0.015275790482554,9.35721054849866e-05,1.47763421109937e-06,1.14934795764785e-05,0.972010559026355,0.00830133974344964,5.98932002586395e-08,0.000116935593774789,2.31797585380526e-07,0.00418854024380815,5
"20117",0.713003076057747,0.0984629364977404,0.0767568033953639,0.00749720062616288,6.57643913339333e-05,0.0346889868301797,0.0179910642899958,8.0828526382938e-07,0.0152037817444494,0.0363295778817634,1
"20119",2.93031212010922e-09,0.917611198658453,3.86743158335891e-06,0.00382374188011178,1.12208011844415e-06,2.13979271747383e-05,0.00062392468731092,2.84847127696649e-10,0.0759718092522969,0.00194293486779222,2
"20121",2.12646922012071e-08,0.00488219135795632,0.00118941204760629,0.0341689896723654,1.64237968458521e-06,8.10364909663397e-10,0.000306944019196445,2.46575096704765e-09,0.910231317381998,0.0492194786003849,9
"20123",0.0103829710098886,5.78732699588953e-07,0.989135241357168,0.000368359276044027,6.58994747560286e-07,4.72429506588671e-12,1.24428704561609e-05,5.86107776234714e-10,8.72195346300942e-05,1.2527633533569e-05,3
"20125",1.4611330952508e-05,6.43678177419294e-07,1.35728149577068e-07,0.0006166123054009,0.930227176810036,8.63080445061006e-06,5.82925677247295e-07,0.0671938344615829,7.32303466607828e-07,0.0019370396521065,5
"20127",6.47039285188313e-10,9.57404067547249e-05,0.000405222745975466,1.41426391536951e-05,4.35035914635305e-08,2.16923356143821e-11,2.25134161001277e-08,8.02235061762338e-08,0.999109549683862,0.000375197615008877,9
"20140",0.000443108115295708,2.27406031509802e-05,0.00126661543518453,0.991985953296716,0.000284167572565217,8.81611082458479e-07,0.00204986384438926,3.54521227845144e-09,0.000532970818537551,0.00341369515786619,4
"20142",3.76514888017442e-07,3.00100716922347e-09,1.02376115079218e-09,8.8328889749293e-07,0.00268731151287145,1.39097100600386e-06,2.79573467342565e-07,0.99730775787732,5.91615535727202e-09,1.99032062590603e-06,8
"20144",0.0655248979432521,1.05987902986046e-06,3.60748962938755e-05,0.00900546525087447,0.921052757372995,2.46372709886137e-05,0.000200778830036633,0.00326674321357011,2.69884854623241e-07,0.000887315458104225,5
"20146",0.000217178526128954,4.60615059307461e-06,9.41739876509533e-05,0.170804959904348,0.333222880348224,1.36726554913034e-05,0.0518678844808643,0.439509712549655,0.00020880754433464,0.00405612385271003,8
"20148",3.85452127436754e-06,3.70741015621803e-05,7.88369997515117e-06,0.0630766641363047,0.923442289950581,3.99531995652606e-06,1.49467289326098e-06,7.2137604998574e-05,0.000199222496572839,0.0131553834958818,5
"20150",2.98921627986046e-06,1.24898308631543e-06,1.13196192841235e-10,3.25260276951339e-06,0.649541530745835,0.0251062880303454,3.15278888445912e-08,0.32530490283166,4.37493660315026e-09,3.97515740023041e-05,5
"20152",6.77878197915826e-06,0.00243568972291706,1.77046569453765e-05,0.0816687298898816,0.868836338715495,9.68415240909898e-06,1.83393734670228e-06,5.69546781156225e-05,0.00110975309527915,0.0458565323696307,5
"20154",3.65701125139291e-05,5.73662360420394e-08,0.995278596398488,2.81238626546949e-05,6.59588809459657e-08,6.12676307858596e-14,2.91533803221191e-07,2.4153161311823e-07,0.00464782811574333,8.22512000511631e-06,3
"20156",7.90868590940259e-05,0.000110369037878416,0.000381222368435702,0.057303689125912,0.00387358887704587,2.25756238007083e-06,0.104270283187028,0.0146650045058053,0.0139395511950996,0.805374947281321,10
"20159",9.7395864491903e-06,7.42765340600233e-08,2.0844834061576e-08,6.52894949213924e-05,0.460121617010384,1.94763643900346e-05,1.98521301082783e-07,0.539639769741636,7.58120647506405e-08,0.00014373834748598,8
"20161",2.41442118838099e-06,2.77103130981733e-05,4.16446734785328e-07,0.000164513114668034,0.00237523604005721,7.63942824229613e-06,0.0060047128659272,0.991367769076146,1.00537385157812e-05,3.95345554224678e-05,8
"20163",0.000379333667546285,0.00849340794680227,0.00027372091172837,0.00608444546240949,0.92206823989725,0.000326245717529151,1.4484792445054e-08,1.19732112837051e-06,0.00272182658286925,0.0596515680079445,5
"20165",3.08069832465742e-08,3.2738078773425e-06,1.94753928265037e-06,8.76009541737298e-07,8.79750956960184e-05,7.49451743854692e-08,1.63515302030957e-07,0.997835958159013,0.00159074790826843,0.000478952212861097,8
"20167",3.86012467989745e-07,1.40504356701836e-05,3.27790819754132e-07,0.000909205070236553,0.971405028065104,9.01730407401899e-06,6.04182951574119e-09,0.00485779866027885,8.25076055637024e-05,0.0227216730139553,5
"20169",5.04481488764299e-08,6.76142262197117e-10,2.62212230927871e-10,3.10659925017888e-08,5.16508493817991e-05,3.03229300726342e-07,1.74518738574276e-07,0.999947650041019,2.17980060485002e-09,1.36729263610587e-07,8
"20171",7.19827351792847e-05,5.12696229778817e-09,0.997401572677073,1.07227188508423e-05,3.22613625525467e-09,4.71042913452677e-14,2.72397770753026e-05,5.14667611139113e-07,0.00248548577658441,2.47329448078202e-06,3
"20173",6.22172450950841e-08,0.970156061422088,8.46148786526451e-08,2.81535849451235e-07,2.17508167597805e-05,0.00521242637549031,0.000444051849149175,0.0223231583688005,0.00173199561657561,0.000110127183163185,2
"20175",2.60556151142546e-05,1.37457033069746e-05,1.85875461382861e-07,0.00179617899528737,0.832877520376911,0.000438479220300493,1.9334384014554e-06,0.00567664547339189,1.10913349739481e-05,0.159158163966851,5
"20177",1.62175189607546e-08,0.97497209512256,6.80548645027623e-08,3.23063886860536e-05,3.41791495971327e-05,0.0033699630230237,8.55437400639045e-06,5.06326552491412e-06,0.0124712312052492,0.0091065231989691,2
"20180",6.3979725570967e-07,0.0321497607895023,0.0117572860534359,0.00464883808985029,9.99239062957447e-07,8.63163182287984e-09,8.95869558055505e-06,5.04191368502643e-12,0.921798467407242,0.0296350412913966,9
"20182",0.00542586188772946,3.14459337031457e-08,8.10619442675125e-09,2.57507590013685e-09,8.1773069842875e-05,0.0129620060026487,6.88029394063496e-06,0.981523412748652,1.11302240184364e-10,2.37586796706477e-08,8
"20184",2.35179135399568e-07,3.77746630638254e-07,1.12887990293762e-08,5.4676625632702e-05,0.0190325266023564,3.37657452122163e-06,1.10940926476418e-06,0.980678593749697,8.78641827415479e-07,0.00022821418213518,8
"20187",1.16359008494918e-07,0.238153289451628,5.46253464434665e-09,0.000601083746553986,0.000453363765144121,0.227114021309983,0.53003506169096,0.000808722815069169,0.000247936719552253,0.00258639867956697,7
"20189",9.0725521150592e-09,0.851751173839382,3.87512174875905e-07,0.00010562428207721,0.00195542825246955,0.00012284746940031,6.95137841874674e-08,3.21436871797904e-07,0.0216221430126299,0.124441995608658,2
"20192",0.00213586206870197,0.945637657945924,0.0148391580280942,8.00267712196625e-06,7.34978325863717e-05,3.19772469151734e-05,1.32241270448721e-05,7.30687354886255e-08,0.0316236139692466,0.00563693303562961,2
"20194",7.9829495217002e-07,5.96655533830363e-05,4.64863161931671e-09,0.022623330604887,0.0340286231127984,0.159714616673292,0.327925636647215,0.455634412784745,1.33828928880803e-06,1.15733908074137e-05,8
"20196",8.8463035918722e-06,2.76875621585725e-05,0.666825790217954,0.00131947027488293,9.85715031709002e-07,6.72659844430761e-11,1.48755093683418e-07,8.96846665787538e-09,0.32892802028626,0.00288904184929488,3
"20198",0.000512385279899702,0.0169919362948922,0.000828116580845237,0.182907336756846,0.334383376135155,2.45911181373702e-05,0.000565479021316784,0.000366592726897335,0.0223986408350795,0.441021545250931,10
"20204",2.89298930187708e-05,4.69019782004982e-07,3.95098001623507e-08,1.00839721935681e-05,0.613307407234079,3.6717432927488e-05,8.89345286696788e-09,0.386397045286857,8.20245481863065e-08,0.000219216733340061,5
"20207",3.75876067358812e-06,9.04842031833432e-06,0.285792312353297,0.010343673432004,5.70343380612652e-06,6.26547239951303e-12,1.14674383719198e-05,8.36476496991057e-06,0.697801934353526,0.00602373703676767,9
"20209",0.886931507097119,8.82499173164318e-05,0.000105587335677295,0.00646185321500756,0.0953182763895948,0.0101031216092215,7.34453296177705e-06,1.15864703104425e-07,4.18244994004598e-07,0.000983525793404333,1
"20211",0.00287489803576866,9.6298784426665e-10,0.996248483293109,0.000775139522259819,1.3635199645014e-06,2.4164804191762e-13,1.1373049624636e-06,5.87059216841819e-09,7.15973310319821e-05,2.73741590819125e-05,3
"20215",1.592194426854e-08,7.57851189536692e-05,0.000237049806274501,0.869767061864779,0.000377422179692629,2.072575093661e-08,0.000792261132099695,2.26156125544963e-06,0.125778174595719,0.00296994709353031,4
"20218",5.70465647928881e-07,6.30635790270149e-09,1.59148790268862e-09,8.11860806428662e-07,0.0128229909996002,3.13525582188227e-06,1.32795564834232e-08,0.987165037631761,1.06216666508633e-08,7.42198729375676e-06,8
"20222",7.73657293864915e-06,6.45962936323225e-06,0.180841055279759,0.0538200436190441,0.000680695947938473,4.47296713713659e-10,2.75930978444467e-07,1.86215904482511e-05,0.757949491096374,0.00667561988585871,9
"20225",0.000788217253969689,1.14777488072057e-06,2.9181235146324e-06,0.0205850357762063,0.966554672757542,0.000279728717701158,0.000199580595109931,0.0114333754553875,1.63251345902368e-06,0.000153691032229071,5
"20229",4.87838689255683e-05,1.35795528932398e-06,5.81402424307553e-05,0.849750243318769,0.00154648977421433,1.15993444946909e-06,0.148521561237562,2.96386135737435e-06,1.20009166284e-05,5.7298890373663e-05,4
"20232",3.63780321091419e-05,2.47090509390782e-05,0.00109641152195253,0.278537225691259,0.00157579354767941,3.74068160216718e-07,0.00018207260114441,8.83402507957013e-07,0.0149914803129251,0.703554671771323,10
"20234",8.59121226670303e-06,0.00127529279526483,0.264333095006039,2.62233289199044e-06,9.12482268106016e-10,2.59774804911674e-10,8.19699865875221e-07,1.68841644175984e-11,0.734007596015226,0.000371981749304384,9
"20238",3.51887648747781e-07,0.000270876450629597,0.00195289832718993,0.00235018146840495,1.29065301348753e-05,3.57708747547062e-09,0.000376393434856335,2.56255558864531e-06,0.573176716536834,0.421857109231625,9
"20253",3.19151659704977e-09,0.000264062939997529,0.000635356361662556,0.352665318017096,2.35521157388816e-06,1.32153238929747e-09,0.00594146611854392,1.26912153615871e-07,0.639612313138359,0.000878996787564091,9
"20255",0.00033911219407166,2.10817373572671e-07,8.80933389770659e-06,0.00506320278878044,0.98904769677267,2.52495951439048e-06,2.78621892178941e-08,7.67191887901819e-05,1.43142642277117e-06,0.00546026465629029,5
"20258",5.66297945492025e-09,0.00739371980450109,0.000154426541495146,4.32184371645063e-05,4.4365672289665e-06,3.71240829586069e-09,5.3538850635556e-09,4.20933396119642e-09,0.950186304954973,0.0422178747560303,9
"20269",2.97552990788306e-07,0.00842182943132292,4.34259892227664e-05,1.54670097888949e-05,0.00577923411342224,2.21006748521781e-06,1.52590305727851e-08,0.026902619092184,0.250399770387984,0.708435131096569,10
"20271",1.02386818210939e-08,0.762010824267734,2.82554113241764e-06,2.56114457065275e-05,4.92448405112405e-06,6.03930277914135e-05,3.76175826778015e-07,5.65998283571971e-09,0.218848620370955,0.0190464087881376,2
"20285",5.65938779560563e-06,0.407246797980393,1.80211606470381e-07,0.012290793837139,0.0231961892847658,0.554501550390637,0.00115747349271043,0.000632719444516751,0.000227887974657626,0.000740747995778087,6
"20288",4.03566265706859e-07,1.61856268584453e-05,0.00045639108050712,0.696204053026552,0.000671179608221076,1.0393737409108e-07,0.00111253471210104,1.1877097672796e-05,0.1223307661877,0.179196505156748,4
"20291",0.000572287263562607,0.00014651562350759,0.432706685012702,0.00116639652460683,3.51049447230094e-06,8.81909484047763e-10,7.15195931872869e-05,4.23192510003496e-07,0.17186549479269,0.393467166620851,3
"20295",1.02098685517793e-06,0.954559480169426,2.22301044823857e-06,4.35798473660984e-07,0.00153371110165922,0.00101862096845335,2.18417959125097e-07,0.000553987729970825,0.00899190388782859,0.0333383979289254,2
"20298",5.44234358576623e-06,6.32324305602628e-07,7.65800321443688e-09,0.000245854609024036,0.998571603359121,7.89127872134064e-05,1.93131392635981e-08,0.000888874323159097,4.17385604231263e-08,0.000208611543888365,5
