"","V1","V2","V3","best$classification"
"19812",0.0093962004557743,0.0498905197561461,0.94071327978808,3
"19814",0.00146992305793312,0.904893573958532,0.0936365029835352,2
"19816",0.0126179010624829,3.2527569359335e-05,0.987349571368158,3
"19818",0.00535758524871825,0.352706377116669,0.641936037634612,3
"19820",0.0217851520213908,6.76479931075313e-21,0.978214847978609,3
"19822",0.945164381824961,7.01346635833022e-22,0.0548356181750392,1
"19824",0.533162400708932,4.61183830263174e-08,0.466837553172685,1
"19826",0.0406183059937647,0.185452811582721,0.773928882423514,3
"19828",0.00996861904969745,8.47733753977312e-11,0.990031380865529,3
"19830",0.267715510405555,0.215380637431602,0.516903852162844,3
"19832",0.610204298297068,3.4821581800229e-08,0.38979566688135,1
"19834",0.0213131902030741,5.11785232860247e-07,0.978686298011693,3
"19836",0.0253703747901292,0.000583914943138697,0.974045710266732,3
"19838",0.00431848112494728,0.95909537762364,0.0365861412514129,2
"19840",0.0464290742950179,2.12259934904901e-05,0.953549699711492,3
"19842",0.345899968541494,0.65405042968208,4.96017764253531e-05,2
"19844",0.823910646600986,0.176089345246318,8.15269600235792e-09,1
"19846",0.00136740310985512,0.998449101912876,0.000183494977268923,2
"19848",0.00269479960576237,0.995676331114062,0.00162886928017588,2
"19850",0.00605659154580753,0.990133076729451,0.00381033172474159,2
"19852",0.00625805223928431,0.0142573017480307,0.979484646012685,3
"19854",0.006284104187575,0.987946897748125,0.00576899806430017,2
"19856",0.88335258596717,0.116253500221806,0.000393913811023443,1
"19858",0.998760787984752,6.2208138973775e-05,0.00117700387627415,1
"19860",0.00925593917844935,0.0164000785810973,0.974343982240453,3
"19862",0.00664547156853547,0.992683671584293,0.000670856847171466,2
"19864",0.999999997297657,2.32779455965616e-09,3.74547986286746e-10,1
"19866",0.377498757954533,5.27904103620103e-07,0.622500714141364,3
"19868",0.999999999990738,1.2395902213719e-21,9.26214386509865e-12,1
"19870",0.00389143989160815,0.962633656732774,0.033474903375618,2
"19873",0.0427174120660663,0.310595530678551,0.646687057255383,3
"19875",0.0128999283217618,1.6088257305959e-08,0.987100055589981,3
"19877",0.00583167970786252,0.307829501186993,0.686338819105144,3
"19879",0.00928112455975539,0.00421808028751103,0.986500795152734,3
"19881",0.105711415117168,0.102150367176244,0.792138217706589,3
"19883",0.0515909340885273,0.873068961317587,0.0753401045938857,2
"19899",0.0450184740803541,1.07501793125269e-05,0.954970775740333,3
"19908",0.999999552356887,1.29881195449092e-10,4.47513231893113e-07,1
"19910",0.00501309322111275,0.0383531602248694,0.956633746554018,3
"19912",0.080086953611527,0.919655828667628,0.000257217720845375,2
"19914",0.022730754822841,0.00127736995835594,0.975991875218803,3
"19916",0.999692754637189,6.56105894955127e-11,0.000307245297200332,1
"19918",0.00362787024766461,0.977154790726084,0.0192173390262511,2
"19920",0.00274889678628439,0.99687825946266,0.000372843751055568,2
"19922",0.999130759365267,2.18009043176122e-10,0.000869240416723873,1
"19924",0.00684612812640307,0.275235498915092,0.717918372958505,3
"19926",0.084185501367291,2.46106661611444e-07,0.915814252526047,3
"19928",0.999999969256701,3.07432976888553e-08,1.28010936686822e-15,1
"19930",0.00152755421345706,0.873131094471007,0.125341351315536,2
"19932",0.000619684955165268,0.990507415739517,0.00887289930531821,2
"19934",0.0161515708125856,2.15189800796131e-06,0.983846277289406,3
"19936",0.0327840094975957,0.0486816779759172,0.918534312526487,3
"19938",0.24400276023484,4.82210198560831e-11,0.755997239716939,3
"19940",0.0141672287977597,0.169242706403942,0.816590064798298,3
"19942",0.999990142020626,9.85499572650438e-06,2.98364771616034e-09,1
"19944",0.0121046016151561,0.00286675123718509,0.985028647147659,3
"19946",0.0170208025174667,0.166877569719008,0.816101627763525,3
"19948",0.998202611049591,0.00179738407574817,4.87466046571877e-09,1
"19950",0.00303461839568103,0.996965202804244,1.78800074604968e-07,2
"19952",0.998202611049591,0.00179738407574817,4.87466046571877e-09,1
"19954",0.00066923378574289,0.966949354768932,0.0323814114453251,2
"19956",0.76425392169265,0.235744951754372,1.12655297808856e-06,1
"19958",0.999999999977771,1.97353777200129e-18,2.22290555521976e-11,1
"19962",0.737154528447465,0.0135493055731247,0.249296165979411,1
"19964",0.0778724267627199,0.0108161415356718,0.911311431701608,3
"19966",0.445387322404206,1.03236356457598e-14,0.554612677595784,3
"19969",0.053886703742316,0.697352568036314,0.24876072822137,2
"19972",0.0340037509539847,0.963754686948623,0.00224156209739228,2
"19974",0.00362211448307419,0.996377852989815,3.2527110923063e-08,2
"19976",0.012842224557337,0.554227680841424,0.432930094601239,2
"19978",0.00916610768382226,0.00230253067021482,0.988531361645963,3
"19980",0.000676143274853765,0.999035804590484,0.000288052134662343,2
"19982",0.0617086909983744,0.932240836842573,0.00605047215905306,2
"19984",0.0188270948379439,0.981171169467327,1.73569472931712e-06,2
"19986",0.0667435510013205,5.58751039376797e-16,0.933256448998679,3
"19988",0.0725793026750147,2.6912754561469e-22,0.927420697324985,3
"19992",0.0414004473098325,8.28446473390758e-15,0.958599552690159,3
"19994",0.00222173340511567,0.767609925823954,0.230168340770931,2
"19996",0.00845064943950875,1.03930366225969e-13,0.991549350560387,3
"19998",0.993953494690991,8.87142458246219e-05,0.00595779106318465,1
"20000",0.998144190944059,0.000150005183742574,0.00170580387219794,1
"20003",0.0145898164104067,0.0499823526870396,0.935427830902554,3
"20005",0.0304837677383964,0.967784727185917,0.00173150507568706,2
"20007",0.0256766653151615,0.000173635834604362,0.974149698850234,3
"20009",0.866482807549202,2.61671749246742e-11,0.13351719242463,1
"20011",0.0597214593648566,0.865978486291695,0.0743000543434486,2
"20013",0.00374809440858536,0.89039610188233,0.105855803709085,2
"20016",0.664982602402175,6.36485009037605e-15,0.335017397597819,1
"20018",0.999999997334434,4.51049617532524e-42,2.66556645196227e-09,1
"20021",0.0131085533736188,9.306709541904e-08,0.986891353559286,3
"20023",0.0399807959636577,0.000235243248008722,0.959783960788334,3
"20025",0.997929557508852,3.37682152874131e-25,0.00207044249114799,1
"20027",0.0645506447100686,0.898839462868822,0.0366098924211095,2
"20029",0.12003341709251,0.846761726616549,0.0332048562909412,2
"20032",0.00689356229311672,0.957543932664054,0.0355625050428289,2
"20034",0.996571659028088,0.00342696299604746,1.377975864355e-06,1
"20036",0.916433992177894,0.0268307910438603,0.056735216778246,1
"20038",0.0199693229423952,5.13101277030094e-14,0.980030677057554,3
"20040",0.999694492220788,5.17518913763379e-21,0.000305507779211709,1
"20043",0.0214877140188484,2.47178792483714e-09,0.978512283509364,3
"20045",0.409990179222877,1.0116518749356e-21,0.590009820777123,3
"20048",0.325965212085311,0.674034782407674,5.50701509697473e-09,2
"20051",0.118928894719218,0.000291271245991518,0.880779834034791,3
"20053",0.127774813780448,6.21323006280096e-05,0.872163053918924,3
"20055",0.11983382366679,2.59863380858475e-13,0.88016617633295,3
"20057",1,4.3569362461581e-27,7.82482674187531e-22,1
"20059",0.232319632725733,5.17669301540652e-07,0.767679849604965,3
"20061",0.0271613189390793,0.000133236473598766,0.972705444587322,3
"20063",0.999999999607457,3.65770426902728e-10,2.67725866970544e-11,1
"20065",0.989291479500332,1.01945385953472e-28,0.0107085204996679,1
"20067",0.289936733624388,4.6060390549834e-09,0.710063261769573,3
"20069",0.00070929707774827,0.999066172668931,0.000224530253320833,2
"20071",0.814481460863372,2.05978869803415e-06,0.18551647934793,1
"20073",0.0355334928958486,0.960336285642156,0.00413022146199531,2
"20075",0.999999999266512,3.42612616662747e-23,7.33488081460283e-10,1
"20077",0.0500730405069255,1.85026008418061e-05,0.949908456892233,3
"20079",0.972609613127614,2.93429546659256e-05,0.0273610439177196,1
"20081",0.164574931869859,1.89042971721811e-10,0.835425067941098,3
"20083",0.999937229971251,5.44076212642043e-05,8.36240748441622e-06,1
"20085",0.0602280590509009,2.31430053865852e-23,0.939771940949099,3
"20088",0.0212485061280635,7.17760904338217e-11,0.97875149380016,3
"20091",0.999975600529136,1.19939514234114e-18,2.43994708636156e-05,1
"20095",0.999889224261719,8.32369488351727e-05,2.75387894454652e-05,1
"20097",0.101422412518671,1.46438175375613e-23,0.898577587481329,3
"20099",0.961696512408161,3.66049295450905e-06,0.0382998270988847,1
"20102",0.999999745528309,9.56898305002139e-08,1.58781860573818e-07,1
"20105",0.0360304816779905,7.92983110459399e-09,0.963969510392178,3
"20107",0.0121745402386711,1.3461141976974e-09,0.987825458415215,3
"20109",0.355482418059516,0.00280596217164861,0.641711619768835,3
"20111",0.999999980628392,5.89513262956858e-10,1.8782094736131e-08,1
"20113",0.144002442609836,9.17276696581242e-08,0.855997465662494,3
"20115",0.895928128805961,0.0911178220378694,0.01295404915617,1
"20117",0.999999963579696,2.77076376069953e-23,3.64203038936404e-08,1
"20119",0.63539825048496,2.12304212760318e-12,0.364601749512917,1
"20121",0.0284297903265845,6.6784698204989e-12,0.971570209666737,3
"20123",0.99998131188399,2.45354242266502e-24,1.8688116010027e-05,1
"20125",0.00411099169427419,0.978509636585391,0.0173793717203348,2
"20127",0.0524323672442021,5.68395829863904e-18,0.947567632755798,3
"20140",0.301069849431291,1.39322028176284e-10,0.698930150429387,3
"20142",0.0019151560307762,0.998084206693917,6.37275306803033e-07,2
"20144",0.902433350623795,0.0823463811640114,0.015220268212194,1
"20146",0.463048001882011,0.525455037475909,0.0114969606420794,2
"20148",0.0100459413340295,0.331763828097776,0.658190230568195,3
"20150",0.0010908661866061,0.998901941136711,7.19267668335379e-06,2
"20152",0.0113626081721922,0.218520255688785,0.770117136139022,3
"20154",0.999806174235265,1.98698232622284e-22,0.000193825764735171,1
"20156",0.675409707447739,0.00149267797137824,0.323097614580882,1
"20159",0.180837750995681,0.817268238097906,0.00189401090641288,2
"20161",0.829553291488972,0.170423341821053,2.33666899749924e-05,1
"20163",0.145006203982168,0.000747770590101422,0.85424602542773,3
"20165",0.975393816712475,0.0151069648279169,0.0094992184596077,1
"20167",0.00182341270843684,0.855099166516472,0.143077420775091,2
"20169",0.0155268574550837,0.984473130745968,1.17989476282884e-08,2
"20171",0.999999295521614,1.98468467091494e-25,7.04478385525155e-07,1
"20173",0.999999935292224,1.98558740476846e-08,4.4851902234544e-08,1
"20175",0.0116932064407733,0.633675711989513,0.354631081569714,2
"20177",0.916612657570569,1.03168387165857e-07,0.0833872392610443,1
"20180",0.0966955037904693,1.02285150974907e-16,0.903304496209531,3
"20182",0.999998147057512,1.85294248781226e-06,7.01117951453676e-20,1
"20184",0.00301701157830014,0.996006036928366,0.000976951493333993,2
"20187",0.999174619220633,0.000802023475463723,2.33573039033888e-05,1
"20189",0.0381779477781358,1.57727471989816e-05,0.961806279474665,3
"20192",0.999809757310357,2.68906422240824e-18,0.000190242689643057,1
"20194",0.867692040588483,0.132305380244984,2.57916653295735e-06,1
"20196",0.769080009460374,3.2957266398828e-20,0.230919990539626,1
"20198",0.180570196275932,0.0162999516024049,0.803129852121663,3
"20204",0.00261673139241709,0.996861456009538,0.000521812598044486,2
"20207",0.445421223654647,8.77950954028513e-14,0.554578776345265,3
"20209",0.999462260996601,3.37389222978382e-09,0.000537735629506638,1
"20211",0.999769830023563,1.04861130065321e-18,0.000230169976436592,1
"20215",0.0407638331755081,1.23198618533596e-08,0.95923615450463,3
"20218",0.000874956113019003,0.999119807331259,5.23655572234836e-06,2
"20222",0.0981653670896214,2.28709934247021e-11,0.901834632887508,3
"20225",0.134871382305387,0.862532959175901,0.00259565851871223,2
"20229",0.851672990945637,3.13234722714395e-06,0.148323876707136,1
"20232",0.061005070300763,2.79626773225305e-07,0.938994650072464,3
"20234",0.998695830645429,2.49006952979596e-35,0.0013041693545707,1
"20238",0.0991804568007599,1.96832483450639e-09,0.900819541230915,3
"20253",0.0985904885954069,5.83648240274045e-14,0.901409511404535,3
"20255",0.0102832343986552,0.787953913337842,0.201762852263503,2
"20258",0.010781223738517,1.40724525512026e-13,0.989218776261342,3
"20269",0.0526658647636397,1.01566915813947e-05,0.947323978544779,3
"20271",0.387676675939575,1.28311433525386e-13,0.612323324060296,3
"20285",0.996561528167445,0.000105998322599514,0.00333247350995537,1
"20288",0.026381193981263,2.92914480539574e-08,0.973618776727289,3
"20291",0.838145880854513,1.58312011756938e-16,0.161854119145486,1
"20295",0.94691470239579,5.31705791392257e-07,0.0530847658984187,1
"20298",0.0027826615355306,0.969809675910666,0.0274076625538034,2
"20302",0.0595497925286954,0.931312567492312,0.0091376399789932,2
"20305",0.00518763226636992,0.98331935508594,0.01149301264769,2
"20307",0.0229321959231167,2.88623418012007e-14,0.977067804076854,3
"20310",0.751550956360106,3.10116745383797e-25,0.248449043639894,1
"20313",0.0206718949358942,0.979328102840283,2.22382310822775e-09,2
"20315",0.0113071727276007,9.52603102486221e-13,0.988692827271447,3
"20319",0.938335042241109,5.68480285009467e-21,0.0616649577588912,1
"20321",0.131582463616415,1.64156029670626e-12,0.868417536381944,3
"20327",0.023399287713851,7.38633385859591e-13,0.97660071228541,3
"20329",0.949614023988624,0.0503859670560327,8.95534367413064e-09,1
"20335",0.596430350783079,6.65244023248638e-18,0.403569649216921,1
"20337",0.00720813458156902,0.991274280795252,0.00151758462317894,2
"20339",0.999949011566557,5.04489330216816e-14,5.09884333926299e-05,1
"20341",0.999987184306328,1.27510540283281e-16,1.28156936721238e-05,1
"20343",0.91114287319968,2.10296190018108e-15,0.0888571268003179,1
"20345",0.0371143139552234,0.0358140981319834,0.927071587912793,3
"20350",0.999142766246221,3.55124502618048e-09,0.00085723020253395,1
"20352",0.00785145595510529,0.992148326430839,2.17614055872898e-07,2
"20355",0.909880518319926,0.0891641558908945,0.00095532578917987,1
"20358",0.503451523200174,0.496548202521758,2.74278067578693e-07,1
"20363",0.0373415612677351,9.48957041019124e-11,0.962658438637369,3
"20365",0.459840151475177,4.59253614557913e-12,0.54015984852023,3
"20379",0.437222629316106,0.2217409096957,0.341036460988194,1
"20387",0.0273014529244097,2.77236116678806e-10,0.972698546798354,3
"20392",0.999849644575157,6.86216707380229e-23,0.000150355424843258,1
"20395",0.0156097348497491,0.339936772693819,0.644453492456432,3
"20397",0.974474679337604,0.0255253206623954,7.43571860005888e-16,1
"20410",0.0294547744701355,5.77272507228229e-09,0.970545219757139,3
"20414",0.0125532272734899,0.972237394022685,0.0152093787038249,2
"20417",0.99999999968096,1.1122050966156e-45,3.19039603869078e-10,1
"20419",0.102770180941704,9.16249335533653e-14,0.897229819058204,3
"20421",0.943536763911595,0.0428801283767592,0.0135831077116457,1
"20423",0.00498004703857612,0.990962179303045,0.00405777365837888,2
"20425",0.0374064522409268,0.934369727903284,0.0282238198557894,2
"20427",0.017687930750957,0.0202666367517478,0.962045432497295,3
"20429",0.994082171933741,4.1170234053903e-12,0.00591782806214199,1
"20432",0.00792480860992685,0.991995845924222,7.93454658514785e-05,2
"20435",0.101756857155882,3.07905491389798e-05,0.898212352294979,3
"20438",0.56039972391186,6.01975082370573e-08,0.439600215890632,1
"20440",0.0261384538542753,2.08940118895323e-12,0.973861546143635,3
"20443",0.341862143006187,0.658107715567656,3.01414261562097e-05,2
"20446",0.261215933019412,3.31892861695067e-05,0.738750877694418,3
"20449",0.0387595538973311,1.992628352431e-06,0.961238453474316,3
"20537",0.848093225534444,7.62646636553328e-12,0.15190677445793,1
"20540",0.999984279558113,9.30065006929265e-27,1.57204418869141e-05,1
"20543",0.0250890222218165,0.000312067520080448,0.974598910258103,3
"20545",0.999986995436832,1.86167647415853e-20,1.30045631679759e-05,1
"20549",0.0227746632099454,0.403824262857866,0.573401073932189,3
"20551",0.011374747110543,6.35104430134349e-05,0.988561742446444,3
"20554",0.00767743812237373,2.38466331185221e-07,0.992322323411295,3
"20556",0.0424367740581151,8.06642732433221e-06,0.95755515951456,3
"20558",0.00850439800392511,8.72250723061287e-13,0.991495601995203,3
"20560",0.026577755245065,0.000347131436949468,0.973075113317986,3
"20563",0.0424025847076502,3.54608007946305e-17,0.95759741529235,3
"20565",0.0493066277547233,1.67177526247487e-05,0.950676654492652,3
"20567",0.0103040407976972,0.989405828719458,0.000290130482845232,2
"20571",0.878307902011694,2.47294308042772e-15,0.121692097988304,1
"20573",0.0204914952050066,6.88918640485894e-05,0.979439612930945,3
"20575",0.073046136090115,1.91697358937083e-14,0.926953863909866,3
"20577",0.0145949340544081,9.390319154015e-05,0.985311162754052,3
"20579",0.117961904281252,0.882038095675159,4.35882298081855e-11,2
"20582",0.0180070580295173,2.41584202360782e-18,0.981992941970483,3
"20585",0.78775533446801,4.55562901768031e-11,0.212244665486434,1
"20588",0.999592298039825,4.33249830080874e-12,0.000407701955842376,1
"20590",0.00395126238859601,0.996048727223801,1.03876032291449e-08,2
"20592",0.0220393964266872,4.46858984063734e-15,0.977960603573308,3
"20594",0.0365397594596302,2.88234217672592e-19,0.96346024054037,3
"20596",0.0543139514646519,4.91512250381696e-06,0.945681133412844,3
"20598",0.0115333148336485,9.65441463135836e-06,0.98845703075172,3
"20600",0.503599024176908,4.79358085385488e-05,0.496353040014553,1
"20603",0.0680213520416416,0.892333978847386,0.0396446691109721,2
"20605",0.0172793436438296,3.10536444858114e-12,0.982720656353065,3
"20607",0.0174462398502406,1.12785200876895e-08,0.982553748871239,3
"20609",0.00772660427165781,4.09232106391103e-07,0.992272986496236,3
"20611",0.00542396997628991,0.990556520916,0.00401950910771007,2
"20613",0.017456466257108,0.000304410101979473,0.982239123640913,3
"20615",0.0349061450702703,0.00118281152502386,0.963911043404706,3
"20617",0.0155473447588956,0.984452126184537,5.29056567280201e-07,2
"20619",0.0561291191638136,8.9576902682795e-13,0.943870880835291,3
"20621",0.0608081395239322,2.46978968260991e-06,0.939189390686385,3
"20623",0.337044017255011,0.661950230158623,0.00100575258636646,2
"20625",0.874340123704737,0.099995814180043,0.0256640621152201,1
"20627",0.0110986740343858,0.000304416142902402,0.988596909822712,3
"20629",0.0110214549356524,7.63467364860396e-05,0.988902198327862,3
"20631",0.114911831319166,6.51088812580174e-15,0.885088168680827,3
"20633",0.00763629602825408,0.992363703935513,3.62333314219267e-11,2
"20636",0.650955637466742,0.2305956825268,0.118448680006457,1
"20638",0.620649259994134,4.4422951072817e-06,0.379346297710759,1
"20640",0.214478108755875,1.76599404466636e-13,0.785521891243949,3
"20645",0.0477909236280278,2.98447927972822e-21,0.952209076371972,3
"20647",0.0325902060378994,0.967409793393385,5.6871563823504e-10,2
"20649",0.0886035938840666,2.51764683429741e-08,0.911396380939465,3
"20651",0.984244210851824,4.39351032842454e-19,0.0157557891481763,1
"20656",0.581694908861703,2.96468395378138e-16,0.418305091138296,1
"20660",0.999972194350011,1.62677513849984e-18,2.7805649988589e-05,1
"20662",0.456920446236484,0.543067358609172,1.21951543433767e-05,2
"20664",0.964482379700528,3.10254033492539e-07,0.0355173100454381,1
"20666",0.995493889489948,5.43617882088261e-06,0.0045006743312312,1
"20668",0.00272217904421794,0.994315877346097,0.00296194360968525,2
"20670",0.850271427603967,7.98228268549932e-15,0.149728572396026,1
"20672",0.0014420287815141,0.99821606137857,0.000341909839916353,2
"20674",0.0353849969466619,0.000136473682135851,0.964478529371202,3
"20676",0.177968890817753,0.822031000616492,1.08565755158884e-07,2
"20678",0.0277013937906258,0.972298603631194,2.57818044459828e-09,2
"20680",0.00250966333593398,0.969971259547606,0.0275190771164599,2
"20682",0.128743773451658,0.401301910881149,0.469954315667193,3
"20684",0.829000198033112,4.49327548335389e-08,0.170999757034133,1
"20686",0.000583028912426447,0.99940953027836,7.44080921335718e-06,2
"20688",0.234813316874267,0.765186683120312,5.42021215536504e-12,2
"20690",0.986826688518011,8.63441432403128e-16,0.013173311481988,1
"20692",0.0183281241094484,0.981671875890024,5.27216512042623e-13,2
"20694",0.00312023801959263,0.985200573910445,0.0116791880699628,2
"20696",0.0412409551264554,0.889743832200036,0.0690152126735081,2
"20698",0.213129179778472,2.35340411330465e-05,0.786847286180395,3
"20700",0.962116412005265,7.84505522877877e-07,0.0378828034892122,1
"20702",0.860228097938737,5.22889983139508e-22,0.139771902061263,1
"20704",0.00785579042259766,2.41646954545653e-05,0.992120044881948,3
"20706",0.99381881433413,0.000258533286408841,0.00592265237946074,1
"20708",0.0612002807006068,0.938792836171292,6.8831281009028e-06,2
"20710",0.253278038378417,7.95389903826289e-09,0.746721953667684,3
"20714",0.0308422174978491,0.969060744867259,9.70376348922397e-05,2
"20716",0.0224990332733445,6.78589130671275e-07,0.977500288137525,3
"20719",0.893927487151512,7.68485448102858e-06,0.106064827994006,1
"20721",0.0562641355184588,3.73530279672466e-16,0.943735864481541,3
"20723",0.999192904933058,7.93980946584582e-10,0.000807094272960396,1
"20725",0.0051542232536168,0.833068330206769,0.161777446539614,2
"20727",0.986389278110414,0.0136107214299582,4.59627882513587e-10,1
"20729",0.00394806974331559,0.993710476488314,0.00234145376836991,2
"20731",0.0110505548863047,0.919872517486775,0.0690769276269204,2
"20733",0.0401413535920721,1.5609880764675e-05,0.959843036527163,3
"20735",0.0163287477822664,0.000782548455036755,0.982888703762697,3
"20737",0.00417946913588824,0.995800714461477,1.98164026349693e-05,2
"20739",0.00611749261355477,0.993882507257734,1.2871093543708e-10,2
"20741",0.0041158420660777,0.842149481098544,0.153734676835379,2
"20743",0.0847463766218701,0.627218352373708,0.288035271004422,2
"20745",0.0755234801739311,2.06955916039443e-16,0.924476519826069,3
"20747",0.0267035046098177,0.971493979792392,0.00180251559778999,2
"20749",0.0260307020419873,0.972944149235843,0.00102514872216924,2
"20751",0.939916354600243,0.0287352178901723,0.0313484275095847,1
"20753",0.0121064615729229,0.942414697872263,0.045478840554814,2
"20755",0.773412393139087,0.226587584372758,2.24881551423606e-08,1
"20757",0.999784541522234,0.000211649908140337,3.80856962567054e-06,1
"20759",0.370746380763579,1.63045522729214e-08,0.629253602931868,3
"20761",0.00308558858021214,0.411752914140325,0.585161497279463,3
"20763",0.624352261425733,0.00250389979678621,0.37314383877748,1
"20765",0.00132436794778078,0.914120205056581,0.0845554269956382,2
"20767",0.0269520638187072,6.52225462566179e-08,0.973047870958746,3
"20769",0.939225764261237,4.54735509472822e-14,0.060774235738717,1
"20771",0.021171037358344,0.407784375926969,0.571044586714687,3
"20773",0.999987706575644,1.17152687177766e-05,5.78155637850786e-07,1
"20775",0.0339723252108007,0.146798418493428,0.819229256295771,3
"20777",0.968262695558492,2.67588130168441e-07,0.0317370368533782,1
"20779",0.00548437655148024,0.805034690900139,0.189480932548381,2
"20781",1,4.60813870619282e-17,3.15592476824284e-17,1
"20783",0.0119989325109733,0.354106394130852,0.633894673358175,3
"20785",0.99991317522415,8.68247695734418e-05,6.27599042132937e-12,1
"20787",0.00192606515260135,0.990242901489603,0.00783103335779504,2
"20789",0.0128537638350951,0.000668973071204835,0.9864772630937,3
"20791",0.0011691672470177,0.998226566984771,0.000604265768211378,2
"20793",0.030910204304752,0.00278328481694523,0.966306510878303,3
"20795",0.0190096439482652,0.949175435189147,0.0318149208625877,2
"20797",0.999999968947577,3.10524183970683e-08,4.2226216232745e-15,1
"20800",0.0417113861291433,0.92419542954327,0.0340931843275865,2
"20802",0.00374663190796997,0.832725981922756,0.163527386169274,2
"20804",0.00573627043286584,0.993996519650107,0.000267209917026921,2
"20806",0.00134452633768418,0.998583776117539,7.16975447767457e-05,2
"20808",0.0119784871250106,1.81454013474307e-06,0.988019698334855,3
"20810",0.223104001766761,0.708740541434585,0.0681554567986546,2
"20812",0.0283125645864914,0.835984955928336,0.135702479485173,2
"20814",0.0473671551713243,0.952632803894347,4.09343285137083e-08,2
"20816",0.995908122316595,4.06171173362823e-15,0.0040918776834015,1
"20818",0.0180115833057952,0.157610819316853,0.824377597377352,3
"20820",0.0485598144662071,0.951440185396253,1.37540053794551e-10,2
"20822",0.00108575462021044,0.852352884455728,0.146561360924062,2
"20824",0.999888027339791,0.000111972659152474,1.05647214294309e-12,1
"20826",0.000747895124681597,0.999251581645118,5.23230200844855e-07,2
"20828",0.325965212085311,0.674034782407674,5.50701509697473e-09,2
"20830",0.0149689881637518,0.979894984030901,0.00513602780534696,2
"20832",0.0296326497769665,0.0685347793013899,0.901832570921643,3
"20834",0.0148389278593362,2.34865207219432e-07,0.985160837275457,3
"20836",0.00335326122663743,0.890904796626108,0.105741942147254,2
"20838",0.0705582164076498,0.92943962889124,2.15470111079922e-06,2
"20840",0.0147740755352829,6.88120146657109e-07,0.98522523634457,3
"20842",0.113117561943453,0.857759703494168,0.0291227345623792,2
"20844",0.979141099051188,0.020602198025111,0.000256702923701083,1
"20846",0.0180453700290038,0.943159247547664,0.0387953824233319,2
"20848",0.00850505021185217,0.0156078412823182,0.97588710850583,3
"20850",0.0283406781705988,2.70883856844662e-05,0.971632233443717,3
"20852",0.269153269405844,0.000241013628772934,0.730605716965383,3
"20854",0.00180991050008504,0.998159558445809,3.0531054106531e-05,2
"20856",0.999998707189164,4.26679683855721e-20,1.29281083645174e-06,1
"20858",0.0515927500343195,8.57495555113666e-11,0.948407249879931,3
"20860",0.984085627886828,0.00563577321603102,0.010278598897141,1
"20862",0.178765149221411,1.73653857078588e-12,0.821234850776852,3
"20864",0.00220716957222823,0.997784836479435,7.99394833732891e-06,2
"20866",0.483312763108396,6.21094580920622e-26,0.516687236891604,3
"20868",0.0149381260841964,1.68111857974927e-07,0.985061705803946,3
"20870",0.0115926352098808,0.201084702471826,0.787322662318293,3
"20872",0.00090445723330859,0.946375076950057,0.0527204658166348,2
"20874",0.00845354334613547,0.991546456324344,3.2952045300232e-10,2
"20877",0.0290223426277901,4.82645414578053e-08,0.970977609107669,3
"20879",0.0214782401344039,2.39256099772581e-12,0.978521759863203,3
"20881",0.00263547033162703,0.958041079669145,0.039323449999228,2
"20883",0.97519614728069,0.0247931620395877,1.06906797224289e-05,1
"20885",0.00172055823386652,0.983947061064949,0.0143323807011845,2
"20887",0.0261624943025859,1.62191972914087e-06,0.973835883777685,3
"20889",0.0324798118353185,0.28230009115198,0.685220097012701,3
"20891",0.0186848505626536,3.25833671813832e-12,0.981315149434088,3
"20896",0.111677245319619,1.43640038923042e-07,0.888322611040342,3
"20898",0.00405988066493296,0.704416879852876,0.291523239482191,2
"20900",0.999999998991973,1.00794470687387e-09,8.22985480775611e-14,1
"20902",0.874814696871962,1.11015942239148e-10,0.125185303017022,1
"20904",0.898862246024325,0.095220120556553,0.00591763341912234,1
"20906",0.125486008047298,2.94271946289459e-10,0.87451399165843,3
"20908",0.0228231738197167,0.700356194946962,0.276820631233321,2
"20910",0.577052768111712,0.39464001087031,0.0283072210179785,1
"20912",0.999999999999999,9.39192239354971e-20,9.35343308755704e-16,1
"20914",0.109873448790253,1.04771734445238e-23,0.890126551209747,3
"20968",0.99995090061657,4.90991782742567e-05,2.05155491618001e-10,1
"20970",0.0205308018681196,1.3592104188037e-06,0.979467838921461,3
"20981",0.274877670996458,5.50763534663988e-07,0.725121778240008,3
"20983",0.0173973749175366,0.982602592397991,3.26844719647562e-08,2
"20988",0.0129849789304332,7.65180048979793e-10,0.987015020304387,3
"20995",0.999999572999855,1.26901130990843e-11,4.26987455026763e-07,1
"21017",0.0167434538641345,0.231581965538352,0.751674580597513,3
"21038",0.0531390088759801,2.4720413053201e-10,0.946860990876816,3
"21072",0.0780036744999107,4.88981246520752e-09,0.921996320610277,3
"21075",0.193898247759557,4.34977011678678e-14,0.806101752240399,3
"21223",0.0115389556710607,0.028135444168935,0.960325600160004,3
"21225",0.999999999998576,2.30316281374203e-34,1.42388206956984e-12,1
"21230",0.00109226974073064,0.998907727433588,2.82568122601439e-09,2
"21236",0.0196080440995457,0.215765362015886,0.764626593884568,3
"21238",0.908529400234812,4.32136202188581e-08,0.0914705565515674,1
"21241",0.310229044795579,1.96398104747973e-12,0.689770955202457,3
"21246",0.0172577868430692,3.36266646060033e-05,0.982708586492325,3
"21253",0.000553361551676484,0.999431067447498,1.55710008259772e-05,2
"21256",0.0287584807068353,0.905841835499823,0.0653996837933412,2
"21260",0.999987064840969,3.29890636291409e-23,1.29351590313282e-05,1
"21266",0.0179368714851238,2.35127286047995e-07,0.98206289338759,3
"21332",0.0187267109996964,5.17457252473421e-06,0.981268114427779,3
"21334",0.0174356460013415,0.313821074427765,0.668743279570894,3
"21375",0.26708250062955,2.13981388513836e-16,0.73291749937045,3
"21378",0.452307855649555,2.13012644062845e-23,0.547692144350445,3
"21381",0.359586078402127,9.07731029000077e-15,0.640413921597864,3
"21389",0.00703300499671146,0.984334028012464,0.00863296699082452,2
"21391",0.935841273248873,5.88145958655404e-05,0.0640999121552612,1
"21402",0.074266746195933,3.00997506448443e-07,0.92573295280656,3
"21404",0.373216888640304,4.0365676067449e-11,0.626783111319331,3
"21409",0.0372890496534048,8.55094171066163e-11,0.962710950261086,3
"21413",0.274100767876261,1.69406608963351e-06,0.725897538057649,3
"21423",0.99344853673631,1.69933665504083e-19,0.00655146326368977,1
"21425",0.219700278760736,4.43760982901962e-10,0.780299720795503,3
"21430",0.996661244751841,1.87486735702873e-08,0.00333873649948499,1
"21432",0.0107196514911966,0.000126729880998426,0.989153618627805,3
"21438",0.999977950780778,1.56578468414867e-15,2.20492192206882e-05,1
"21440",0.0380089161795036,9.36299595634878e-07,0.961990147520901,3
"21443",0.00103568570347033,0.967076426999572,0.0318878872969582,2
"21445",0.99998960533411,9.17469749718613e-16,1.03946658892958e-05,1
"21447",0.0759330703745268,1.66974799686922e-15,0.924066929625472,3
"21449",0.0769770988077764,8.2302466469519e-12,0.923022901183993,3
"21451",0.0769770988077764,8.2302466469519e-12,0.923022901183993,3
"21455",0.0207147767372019,5.53824568261328e-10,0.979285222708973,3
"21469",0.878835254593387,5.11664805810485e-28,0.121164745406613,1
"21471",0.142765053973892,4.68322919388439e-17,0.857234946026108,3
"21473",0.171786948365581,0.771491777298256,0.0567212743361623,2
"21476",0.0296397438960238,0.00130762382184347,0.969052632282133,3
"21478",0.915683326221256,0.0827898425445819,0.00152683123416254,1
"21481",0.0120320574705369,0.944807318085649,0.0431606244438145,2
"21490",0.0982935788535129,2.14276459740359e-10,0.901706420932211,3
"21493",0.995277955443252,3.64474194738345e-25,0.00472204455674804,1
"21495",0.00738150077601803,0.000149229958640446,0.992469269265342,3
"21500",0.0279804073516625,2.24526228955226e-07,0.972019368122109,3
"21504",0.41751173232977,6.32739015997614e-06,0.58248194028007,3
"21507",0.0600429355113726,7.14738152813052e-17,0.939957064488627,3
"21512",0.0189866045661479,5.06091680542999e-10,0.98101339492776,3
"21519",0.1097668630256,0.0714930171433177,0.818740119831083,3
"21522",0.999937974980081,2.83992107525938e-10,6.20247359268396e-05,1
"21524",0.0670894126602369,7.7928367722678e-07,0.932909808056086,3
"21528",0.0163931691462204,1.01193487560371e-11,0.98360683084366,3
"21532",0.0521121149501018,2.12529338993023e-06,0.947885759756508,3
"21543",0.166330912104567,1.56777140861182e-06,0.833667520124025,3
"21546",0.0248294692605076,3.89274922102468e-05,0.975131603247282,3
"21550",0.0144642334171061,6.31594760685327e-16,0.985535766582893,3
"21554",0.0233826147260209,1.05036610597823e-13,0.976617385273874,3
"21557",0.816090356278548,0.0969681587279659,0.0869414849934867,1
"21560",0.190739048360128,2.01761256156939e-18,0.809260951639872,3
"21564",0.0118825669807296,0.0644372834420676,0.923680149577203,3
"21566",0.0203252570213533,9.37946496292567e-10,0.9796747420407,3
"21569",0.0320401088524548,9.22931747563311e-06,0.967950661830069,3
"21574",0.00665750644903502,0.990662138660505,0.00268035489046004,2
"21576",0.00224846364034802,0.882527226839027,0.115224309520625,2
"21578",0.0016835995361611,0.994125167599523,0.00419123286431604,2
"21580",0.00828714271861268,0.656222389680201,0.335490467601186,2
"21583",0.0446900055165511,6.5900584315005e-15,0.955309994483442,3
"21585",0.1886883871966,0.81131160672727,6.07612957363907e-09,2
"21587",0.0042892084630693,0.956657204662322,0.0390535868746084,2
"21589",0.279268541153356,0.702850093081194,0.0178813657654503,2
"21593",0.999999999999999,7.0548704040434e-16,2.3117929748089e-21,1
"21595",0.999988033969961,7.6717032379802e-06,4.29432680149196e-06,1
"21597",0.0722318229337859,0.0336655029858231,0.894102674080391,3
"21599",0.0141403556427161,0.985848894450781,1.07499065030114e-05,2
"21601",0.997957893600139,7.58210774729736e-08,0.00204203057878364,1
"21603",0.0187843324190391,0.981214904768675,7.62812286280503e-07,2
"21605",0.000876380062410673,0.998530768177778,0.000592851759811208,2
"21607",0.0860700507886694,0.158668173607283,0.755261775604047,3
"21610",0.135577145082462,0.00526175092972009,0.859161103987818,3
"21612",0.00216902557877301,0.976453039950717,0.02137793447051,2
"21614",0.0141514996193535,0.00030427935465232,0.985544221025994,3
"21616",0.0173618017901026,0.0158448467243771,0.96679335148552,3
"21618",0.590084821860522,1.6223716290715e-13,0.409915178139316,1
"21620",0.00416966295396273,0.988496060355662,0.00733427669037514,2
"21622",0.91282058649066,1.27485509649731e-15,0.0871794135093389,1
"21624",0.924950086638163,0.00040651660367448,0.0746433967581621,1
"21626",0.0834118499295473,0.0581436854633471,0.858444464607105,3
"21628",0.00898327085622128,4.24145814464623e-07,0.991016304997964,3
"21630",0.0999586257114395,0.631236474999127,0.268804899289433,2
"21632",0.332977016370353,0.00135305110096726,0.66566993252868,3
"21634",0.0230521957095615,0.000217472437422281,0.976730331853016,3
"21636",0.0107294503181031,0.837799163748852,0.151471385933045,2
"21638",0.0122414473172837,0.987588131716388,0.000170420966328395,2
"21640",0.0271396818477914,0.00341491947575443,0.969445398676454,3
"21642",0.00549522547689199,0.993928276065696,0.000576498457412382,2
"21644",0.999998818389962,1.18037709692932e-06,1.23294126870926e-09,1
"21647",0.0149424127420836,0.948192040370279,0.0368655468876376,2
"21649",0.00708586934526252,0.816989006011901,0.175925124642836,2
"21651",0.274272798575493,0.488605938237153,0.237121263187354,2
"21653",0.999892561745327,1.7887637031979e-07,0.0001072593783024,1
"21655",0.00202806390349421,0.997970270160284,1.66593622205991e-06,2
"21657",0.00194201869626766,0.932976339732074,0.0650816415716585,2
"21659",0.998207381799179,0.00179261818797852,1.28426938835386e-11,1
"21661",0.00248774354171965,0.970735827182763,0.0267764292755177,2
"21663",0.0370397834879967,0.961869959485632,0.00109025702637138,2
"21665",0.0473356261206799,0.928412505139885,0.0242518687394349,2
"21667",0.00534963704626216,7.64930238551006e-05,0.994573869929883,3
"21670",0.0139873422058191,0.000117911183177123,0.985894746611004,3
"21672",0.0166636216628802,0.335885143830316,0.647451234506804,3
"21674",0.0171852003914664,6.51459852434414e-14,0.982814799608468,3
"21676",0.0234988294220884,1.76358929066248e-07,0.976500994218983,3
"21678",0.999999560052349,1.43867913727169e-14,4.399476363296e-07,1
"21680",0.0122328018811639,0.944589657823493,0.0431775402953428,2
"21685",0.0156690095391644,7.12448220043191e-05,0.984259745638831,3
"21687",0.956252227362324,4.75656332015111e-06,0.0437430160743555,1
"21690",0.00641113683620878,0.941078760099909,0.0525101030638821,2
"21707",0.0210996566784059,5.15020336281706e-13,0.978900343321079,3
"21710",0.983100193226079,6.65274843428669e-16,0.0168998067739205,1
"21713",0.0743613473618814,5.75323920196749e-09,0.925638646884879,3
"21718",0.296078073670873,2.59477957983317e-10,0.703921926069649,3
"21721",0.999999999877485,1.2343159466112e-13,1.2239198536053e-10,1
"21723",0.116677113232986,3.38630063111556e-18,0.883322886767014,3
"21726",0.0401148755113319,5.2230812385e-14,0.959885124488616,3
"21729",0.995022114093395,0.00464937433976797,0.000328511566837115,1
"21733",0.00720270467549117,0.992761621757376,3.56735671324537e-05,2
"21735",0.999839661301945,4.27342428622662e-14,0.000160338698012523,1
"21739",0.010130269647665,3.88036975857651e-06,0.989865849982577,3
"21741",0.00844037510827551,5.05123719398193e-07,0.991559119768005,3
"21744",0.934545515731877,1.09810464167991e-06,0.0654533861634814,1
"21746",0.0369718556689351,2.30273617254374e-17,0.963028144331065,3
"21748",0.0310367611350782,1.93948771153509e-09,0.968963236925434,3
"21750",0.00226009158901477,0.960705783811381,0.0370341245996037,2
"21752",0.0284040894165229,4.6263942531299e-06,0.971591284189224,3
"21755",0.0196542096215953,0.00878856980782938,0.971557220570575,3
"21757",0.298834392045356,0.0010907098477615,0.700074898106883,3
"21760",0.999999572999855,1.26901130990843e-11,4.26987455026763e-07,1
"21762",0.991997808214392,5.11970345526483e-21,0.00800219178560849,1
"21764",0.00342212648964764,0.996577840582968,3.29273841223367e-08,2
"21766",0.0326336666647248,4.52903900869497e-16,0.967366333335275,3
"21768",0.0301113370915802,0.00834223166840405,0.961546431240016,3
"21770",0.0365294871310654,0.00256338467536361,0.960907128193571,3
"21773",0.119100681072878,5.47508051460783e-23,0.880899318927122,3
"21775",0.860219081203946,0.07391014082016,0.0658707779758939,1
"21777",0.00258672998902008,0.980480723965417,0.0169325460455631,2
"21779",0.0341131707959048,0.000240533839142393,0.965646295364953,3
"21781",0.0594965170792624,1.54452226358997e-05,0.940488037698102,3
"21784",0.0212667876546495,2.28507097724024e-12,0.978733212343065,3
"21786",0.114579268095625,0.000151535422442212,0.885269196481932,3
"21789",0.0250560893083848,0.0010419280549433,0.973901982636672,3
"21791",0.0237660354485937,2.60116149048577e-10,0.97623396429129,3
"21794",0.0807710889895126,5.35725929041145e-05,0.919175338417583,3
"21797",0.98608275450709,1.78531867897312e-08,0.013917227639723,1
"21800",0.996908673953956,3.02872260468415e-21,0.00309132604604392,1
"21802",0.103815239301025,8.76542250447879e-08,0.89618467304475,3
"21804",0.999999999975359,1.46933591840147e-16,2.46412751338611e-11,1
"21806",0.999993351298259,9.35996634660479e-12,6.64869238131482e-06,1
"21808",0.999993704372318,1.51152673848751e-07,6.14447500858743e-06,1
"21811",0.897179104942247,5.73597250615194e-12,0.102820895052017,1
"21815",0.056104218242761,3.37759587765544e-10,0.943895781419479,3
"21817",0.9999999340101,3.50871989066647e-15,6.59898967085537e-08,1
"21820",0.758743952349625,2.73781434731114e-10,0.241256047376593,1
"21822",0.133893312785953,0.214204318679546,0.6519023685345,3
"21824",0.103037839249905,0.876341300638111,0.0206208601119844,2
"21826",0.0168108616204307,5.96936857002184e-14,0.98318913837951,3
"21828",0.630515977187663,0.000124396782554012,0.369359626029783,1
"21830",0.00982523877809686,0.687805504096227,0.302369257125676,2
"21833",0.0330501692579007,0.0201693610157384,0.946780469726361,3
"21835",0.0330501692579007,0.0201693610157384,0.946780469726361,3
"21838",0.397367030614199,1.73859546060846e-14,0.602632969385783,3
"21840",0.0925922149421896,3.15732344922177e-17,0.90740778505781,3
"21842",0.994529341108018,8.32394392902913e-18,0.00547065889198169,1
"21844",0.677684728514841,0.00546117067455531,0.316854100810603,1
"21847",0.00836735343016638,2.24079886072937e-07,0.991632422489948,3
"21849",0.33314756531491,1.88210155029159e-05,0.666833613669587,3
"21852",0.0420091599500806,7.29638546235921e-11,0.957990839976956,3
"21854",0.00100966007318859,0.998986400213599,3.93971321250641e-06,2
"21857",0.0134970024583609,2.92315924848894e-12,0.986502997538716,3
"21859",0.00917054068529474,0.566065724201574,0.424763735113131,2
"21863",0.0178667253239396,0.982133252662141,2.20139192499939e-08,2
