"","V1","V2","V3","V4","V5","V6","best$classification"
"19811",4.28617131657308e-06,0.00127448507452688,0.349860324543102,0.067256125646796,0.581604675508539,1.03055719107626e-07,5
"19813",1.05062154171371e-34,2.63018494331428e-14,0.99866897067295,0.00133078144158504,1.40114129626675e-18,2.47885438543367e-07,3
"19815",4.70197507317699e-16,0.267471543684322,6.56586601847814e-10,0.00723231460367765,0.725076869086377,0.000219271969036104,5
"19817",7.47446005498029e-07,0.0279492762699056,3.02413088541965e-07,0.00135099447870837,0.970698385718002,2.93674289388029e-07,5
"19819",1.31885261091859e-36,0.205957308612154,4.09279659839465e-25,0.00478488166067076,2.60941163634223e-41,0.789257809727175,6
"19821",0.000184804728012674,0.0246515505199687,0.0225469321637183,0.937384470888308,0.0152321491463235,9.25536681977193e-08,4
"19823",2.89356059900002e-20,0.000201309149434934,1.81931857804202e-16,0.0001209110534413,0.00023282276090071,0.999444957036223,6
"19825",2.46582388269008e-22,4.0445678151629e-11,1.14282820662356e-10,0.999999999829167,1.66923320502404e-46,1.61047370943987e-11,4
"19827",0.645030801584287,0.00896734082664568,9.80498447081928e-09,0.0124325795888849,0.333492270650694,7.6997544503739e-05,1
"19829",5.58096620092067e-11,0.671056688523989,2.11993381989954e-11,0.328941628081925,5.41995744567268e-25,1.68331707766015e-06,2
"19831",2.23436868556295e-47,0.0428647981088754,4.07256174279362e-19,0.0144743521493097,7.99331046507419e-31,0.942660849741815,6
"19833",6.14455417528925e-62,1.56258166172837e-24,2.5373478259399e-26,7.94845529906011e-08,7.90550926908242e-78,0.999999920515447,6
"19835",0.000184804728012674,0.0246515505199687,0.0225469321637183,0.937384470888308,0.0152321491463235,9.25536681977193e-08,4
"19837",0.147361982285745,0.0224198330865412,7.5478476220325e-06,0.00273402697233965,0.827476517341189,9.24665629345565e-08,5
"19839",1.80406387884123e-10,0.00598474835601353,1.1479400042703e-05,0.994002951969787,1.16087766978623e-24,8.20093750620811e-07,4
"19841",0.0368278466864596,5.25027809694101e-14,0.00271742586870118,0.960454128342649,3.6309104935372e-33,5.99102137279314e-07,4
"19843",2.17827607853705e-63,0.000150172042781415,5.21143941807724e-07,0.99984903583202,2.58897317887357e-50,2.7098125701113e-07,4
"19845",5.97152551353645e-23,4.01792166288021e-09,0.975058557319369,0.0113125581400381,0.0136287146786936,1.65843977647446e-07,3
"19847",1.54326262280645e-21,0.101766822500938,0.00217315382287736,0.707788264727742,0.188271557183491,2.01764951726677e-07,4
"19849",2.70121903263378e-30,7.07684249097227e-17,0.99991918251703,8.07582833621501e-05,2.77578593954363e-14,5.91995799811571e-08,3
"19851",2.54560404715673e-08,0.00115078741277361,2.09564450541714e-05,0.000994320391940807,0.997831858585531,2.05170866018938e-06,5
"19853",1.4442920381119e-15,4.34674601015669e-10,0.000826056051164354,0.000800185650288596,0.0191491940185514,0.97922456384532,6
"19855",4.37203971991777e-06,6.83508289122955e-05,0.00114343996349471,0.00328192018532284,0.995356765357827,0.00014515162472357,5
"19857",1.39939351940197e-05,0.556067340870694,0.00327913332887635,0.372796302706852,0.0678432247856265,4.37275690874948e-09,2
"19859",2.25713571410679e-05,0.193328383880709,9.95683758901624e-07,0.0358147236224455,0.770817104899511,1.62205564342642e-05,5
"19861",1.09664823655571e-12,2.61976737631586e-05,0.295538554569899,0.0183994409662663,0.686034555238437,1.25155053782265e-06,5
"19863",6.64417739661947e-13,3.82009008042115e-25,0.999801222118126,0.000198776435039926,1.45875495453964e-27,1.44616992082833e-09,3
"19865",0.998364098939265,3.71872884827531e-08,6.78865467438875e-09,0.00163335825650425,2.49873447573619e-06,9.38116043872389e-11,1
"19867",9.84109108385711e-23,0.00658479490534577,0.00271070200493892,0.0535771625188893,0.937127223952914,1.16617912212356e-07,5
"19869",1.06270690801444e-13,5.64027380573722e-14,0.99928126105822,0.000718710379924239,3.2961787001168e-09,2.52655146050366e-08,3
"19871",0.00530402703690678,0.266600324114835,6.05534684058622e-08,0.0064314501988354,0.721655783406281,8.35468967423689e-06,5
"19874",0.000137117186191167,4.70594559874062e-05,1.1829869837378e-10,0.0186078174364902,0.981206687702515,1.31810051742538e-06,5
"19876",9.81487316645613e-05,7.84819960409349e-07,8.24101152618982e-07,0.000289437210986013,0.999610798412393,6.72384356138615e-09,5
"19878",3.3740045026038e-29,0.153299304692973,4.98841113173891e-13,0.846700684851983,3.38741289846196e-27,1.0454545019807e-08,4
"19880",0.999821438405766,7.00257865562486e-13,8.10308035608686e-05,9.75127041704541e-05,1.59086273117903e-08,2.17717529285685e-09,1
"19882",2.20946281317495e-13,1.17800960829164e-06,0.254159773724112,0.740743183906287,0.00509377770915655,2.08665061482735e-06,4
"19885",9.46716431898773e-07,0.441864352138775,2.38313270267544e-07,0.00417641910974546,0.553958036094914,7.62686370135866e-09,5
"19907",4.0679787366424e-19,0.00128254923004101,0.0947270109683058,0.819104777834669,0.0848853853144617,2.76652522552992e-07,4
"19909",1.22895140559991e-23,0.979619585351722,6.72257243612026e-07,0.0203779573982788,5.90580285803291e-15,1.78499274994073e-06,2
"19911",1.12979980941505e-09,0.455805585433736,1.36260232171377e-08,0.544170577224147,1.75863861748911e-16,2.38225862944416e-05,4
"19913",0.999890196567471,5.49265277902318e-16,1.83920696669587e-10,0.000109770783369133,3.72845185955167e-18,3.24652390736904e-08,1
"19915",0.982825253103279,3.47578426231775e-05,8.28805543553592e-07,0.000597194709101322,0.0165417462411423,2.19298311240511e-07,1
"19917",0.981522900074004,3.58681865733876e-05,1.85031148628716e-06,0.0184365841593254,2.22792984206579e-06,5.6933876844622e-07,1
"19919",0.084701687943279,0.0307896435177886,5.34282695706486e-08,0.00544916125027716,0.879058138678425,1.31518196036073e-06,5
"19921",1.06652662699333e-12,0.00330061259370536,0.000110539983657219,0.00113994768186729,0.995448842403886,5.73358176115437e-08,5
"19923",2.80012730171638e-31,0.153845428939897,3.69661666288245e-08,0.846051458478488,2.11833168726416e-10,0.000103075403614757,4
"19925",0.997044618111609,1.56449903909198e-05,1.96663154397844e-07,0.00249646675451031,0.000443035090428462,3.83899073207031e-08,1
"19927",4.72864109555668e-11,0.0244758402312556,4.75341607362027e-07,0.00133145069831129,0.974176229710044,1.60039714956419e-05,5
"19929",0.00332813144659,3.41735086285657e-22,0.992738728393723,0.00393309306635602,2.94934381328143e-16,4.70933304238312e-08,3
"19931",7.31503604364522e-12,0.854677898830804,5.60973838262339e-11,0.0324642091441156,0.112801184972806,5.67069888624409e-05,2
"19933",8.60111323731678e-11,0.993174814305437,2.05132091974385e-11,0.00681156799865037,8.23156093930106e-07,1.27944332941465e-05,2
"19935",5.95962449039737e-11,0.763414655574683,4.88444675067289e-07,0.236428193318164,0.000156662326553625,2.76328008785506e-10,2
"19937",1.35595098479501e-14,0.00696649519219672,7.45755112650757e-09,0.000463572100254719,0.992556594337436,1.33309125473275e-05,5
"19939",1.01072538189657e-09,0.782689721571233,1.97783510535273e-11,0.206277361363961,0.0110306038700652,2.31216423769067e-06,2
"19941",2.48636210956751e-10,0.0247677351625516,4.2705066011385e-07,0.975228942952589,1.13878868718125e-23,2.89458556276857e-06,4
"19943",0.995154952795577,5.54446024823632e-09,2.22452334040942e-11,0.00483597187380791,8.29878643586817e-06,7.7097747324359e-07,1
"19945",5.66341871830263e-13,0.992085295723905,1.1074048265742e-11,0.00788235018103062,1.14032020447028e-07,3.22400514037653e-05,2
"19947",1.26285083880653e-09,3.09767437966384e-06,0.000259692688226514,0.999729689079743,4.7203109083187e-24,7.51929479994289e-06,4
"19949",6.06065458910503e-28,0.910917115327218,2.22050537112028e-14,0.0890804431855177,5.49132948174751e-09,2.43599591232819e-06,2
"19951",0.322514471310743,0.0900154313312152,2.25575191521516e-06,0.587464565963836,8.66745872409271e-07,2.40889641851414e-06,4
"19953",4.0762019768537e-52,0.00229945925869752,3.20255641499324e-21,0.0015658749514227,3.52752614546701e-29,0.99613466578988,6
"19955",3.10532769760887e-38,0.199581104918825,3.45482474283227e-12,0.793929581705951,3.90014555755759e-21,0.00648931337176937,4
"19957",0.000554410393581504,0.00673998275980064,1.43181137239665e-08,0.544308379585973,1.04704496571194e-05,0.448386742492874,4
"19960",6.55452312969953e-21,0.078795900486859,1.15608302781611e-11,0.921204093329969,8.07136775412896e-29,6.17161089847256e-09,4
"19963",2.52384105917051e-19,6.57011670332075e-20,3.85439419428961e-23,1.17518631063887e-05,1.82560290751705e-42,0.999988248136893,6
"19965",5.6318857126281e-46,0.409695853385188,4.36605455292481e-10,0.590127720820662,2.0274421105518e-39,0.000176425357545036,4
"19968",1.75470393644037e-05,4.53227807617237e-07,0.00113105240062278,0.998850947332171,3.27356247215065e-14,2.10237828454834e-15,4
"19971",1.97429277636633e-08,2.51011167112437e-13,3.95021502813569e-14,0.220281584478633,2.23624732706686e-52,0.779718395778148,6
"19973",0.00185996053863587,0.00768433275988141,1.81883105995167e-05,0.000903831762712163,0.989533684330131,2.29803965568891e-09,5
"19975",0.963661585226194,7.1839343284695e-05,0.00213683407754829,0.0341186436414032,1.10976553306228e-05,5.62389079356526e-11,1
"19977",5.66544821744422e-12,4.92126125514748e-14,5.66901327686958e-05,0.999904681712595,2.84583591782862e-38,3.86281489221438e-05,4
"19979",1.42728913775469e-29,0.971804711672747,4.55259242825969e-19,0.0281716658184611,7.11682987959864e-48,2.36225087918772e-05,2
"19981",6.62121715822907e-12,0.987795803420862,1.3380341130946e-05,0.00884553017712366,0.00334035021834769,4.93583591414068e-06,2
"19983",1.31207367415151e-16,0.928009514511571,1.13784853396007e-05,0.0664624440841518,0.00551655344140555,1.09477531948352e-07,2
"19985",0.229782491520912,1.05377725339748e-05,4.22176715470442e-06,0.00515205624970821,0.765050676628443,1.60612488608778e-08,5
"19987",0.0035807679107571,0.815548422360697,3.7068594896962e-06,0.165507765488658,0.0153592378360487,9.95443498872766e-08,2
"19989",4.09726303008101e-46,0.988613750437911,3.84248336650329e-20,0.0111578104149593,9.9268199813293e-34,0.000228439147129725,2
"19993",4.00124891537992e-08,0.989429380635696,1.25236212313563e-15,0.0105705504778646,1.06630686318991e-12,2.8872882101175e-08,2
"19995",3.90925507462893e-09,0.839168044767549,8.64587645671837e-11,0.160831824189848,6.46323098269132e-11,1.26982257412643e-07,2
"19997",1.05423553995867e-05,0.0040953695301534,5.73842102888266e-07,0.00238589963084492,0.993507105016104,5.09625395142849e-07,5
"19999",0.948495467113515,7.82823227526466e-06,0.0455140109301113,0.00334703876254063,0.00263563002663209,2.49349257265975e-08,1
"20002",4.59560021510786e-17,5.41516425413073e-20,0.227685778293509,0.772312833873924,5.42031782990882e-37,1.38783256664916e-06,4
"20004",2.59334199609931e-13,0.614321710260399,1.92202198709356e-06,0.385676362232287,4.83306011188706e-11,5.43673768656467e-09,2
"20006",3.43165200074236e-28,0.00114664756090625,2.4065173648172e-07,0.998852114602376,1.2883607843341e-32,9.9718498103636e-07,4
"20008",5.76555159897688e-28,0.0104358442193288,5.16995929691412e-12,0.9895377779236,1.33832772679815e-30,2.63778519016254e-05,4
"20010",2.12302530688511e-22,0.985365088119594,2.09142065131965e-15,0.0146085686872014,4.63272858924608e-12,2.63431885700075e-05,2
"20012",0.03018022937865,1.31216432172884e-06,0.00126790108134019,0.968550529600195,1.08262704213394e-10,2.76672304166554e-08,4
"20015",1.14525726492811e-38,0.981220620425809,1.13763023415335e-16,0.0187793795509185,1.4558080304065e-39,2.32725601743767e-11,2
"20017",0.000366414866686174,8.69509475244188e-05,0.00114587339684233,0.00124472338931672,0.997156030860199,6.53943115858094e-09,5
"20019",2.08047072063895e-51,0.955360194804517,1.62562026569672e-23,0.0446188825907688,1.45059174918352e-61,2.09226047146417e-05,2
"20022",1.7208209617933e-20,0.992033630359053,5.14134567283486e-13,0.00796414784571391,4.90561941343363e-12,2.2217898130099e-06,2
"20024",6.49323814321847e-73,0.000135435664699382,1.56171409794701e-20,0.695202097181442,3.18150757889858e-55,0.304662467153859,4
"20026",6.49323814321847e-73,0.000135435664699382,1.56171409794701e-20,0.695202097181442,3.18150757889858e-55,0.304662467153859,4
"20028",0.0201919067148974,1.97350743113995e-05,3.02064264993627e-05,0.00103865709296626,0.978719044043352,4.50647973437022e-07,5
"20030",1.17622832582632e-22,0.297453796750168,1.00223916877304e-10,0.702546202324501,3.62302278667725e-32,8.25106445538619e-10,4
"20033",0.868869091954421,0.0931254210675517,8.32785584470048e-05,0.0259948157670154,0.011910708566357,1.66840862077899e-05,1
"20035",8.98708645642239e-55,0.890946967289618,9.37321979036666e-26,0.109025251907966,1.25275192628581e-60,2.7780802415359e-05,2
"20037",2.23727263894699e-59,0.965754653041085,6.89828188229385e-18,0.0342194267594961,2.79086282769598e-55,2.59201994190175e-05,2
"20039",9.15230665350292e-100,1.3186749240268e-11,6.12840785834932e-32,1.2359267423156e-06,1.42268550733543e-67,0.999998764060071,6
"20041",5.34180536237137e-21,0.632606148799028,2.29877311631835e-10,0.366797930892241,2.32732093648214e-14,0.000595920078830176,2
"20044",3.64951646238549e-18,0.0471451588138886,6.34669825555196e-11,0.945054627427813,3.07284206808744e-20,0.00780021369483152,4
"20047",9.57937092559068e-44,0.620047507099883,9.04472705347949e-23,0.34007166518096,2.99852183818952e-69,0.0398808277191576,2
"20050",8.08177886731009e-23,0.798321776381046,1.44141558968931e-21,0.0816656404755616,1.40266108211578e-23,0.120012583143392,2
"20052",0.0489609521158568,0.901140091696371,1.86643338898256e-09,0.0285828444789347,0.0209786195098481,0.000337490332556403,2
"20054",5.27593481678261e-22,0.95873903402481,2.47921769460112e-10,0.0412609653985458,4.75670686057827e-23,3.28722027363077e-10,2
"20056",0.561042985120214,1.90502264972706e-06,1.12621570383965e-07,0.438954485717902,1.17203129189237e-14,5.11517651790205e-07,1
"20058",3.56851076045829e-53,0.969881670687695,1.58442646362321e-17,0.0301060836244885,2.22253368489952e-33,1.22456878161926e-05,2
"20060",1.3212384277632e-08,0.0832648280381167,2.60550325301811e-06,0.0678013678503418,0.848931163538817,2.18570875035677e-08,5
"20062",7.57723452696293e-09,0.967694055822392,8.74039693885777e-07,0.0235172215173357,0.00878767702292324,1.64020420869827e-07,2
"20064",1.77621213791078e-08,0.99447019447686,1.54466724274451e-09,0.00552959720305782,5.50440040438186e-10,1.88462853222747e-07,2
"20066",1.68149686130844e-33,0.165170814763497,1.27825552695372e-14,0.834829021525836,4.68676336468997e-53,1.63710654117997e-07,4
"20068",7.1441028561216e-12,0.00356999671567178,0.000275880287876552,0.00737718900533353,0.988776929998823,3.98515068072007e-09,5
"20070",2.7126628793744e-18,0.0577761321840633,3.59402942019849e-09,0.0263588888142438,0.911576689350823,0.0042882860568403,5
"20072",3.21342939691417e-51,0.0997583039823619,1.79604480228463e-07,0.900238643624416,1.89681917681058e-35,2.87278874213802e-06,4
"20074",0.997919642982392,6.69274188365597e-20,0.000815011666167641,0.00126533525933555,1.27863321455207e-17,1.00921049368084e-08,1
"20076",0.00135599901292892,9.25376320539835e-05,0.138219947616049,0.86033151459495,1.73942788413275e-10,9.70075442151618e-10,4
"20078",5.20222843379297e-14,0.982862447157877,6.06778022399958e-13,0.0170026333496603,2.16951906937691e-12,0.000134919489634356,2
"20080",2.24438910949299e-37,0.995428545103011,1.05031703076461e-21,0.00455277366056947,1.44746289007496e-47,1.86812364192474e-05,2
"20082",6.93307498497433e-53,9.44158945682292e-06,8.82270049438668e-33,6.38718326493156e-06,7.0905814489602e-42,0.999984171227278,6
"20084",1.41750869356838e-07,0.676544803035074,1.62398263556233e-13,0.317219753578819,1.22368297886854e-18,0.0062353016350761,2
"20087",5.68409345837271e-29,0.965325533541617,3.04567403518288e-09,0.0346722393588039,7.47266974239167e-13,2.22405315810843e-06,2
"20090",1.71865301253018e-37,0.991548654648891,1.10869637931302e-24,0.00829828880824505,3.34829787253177e-46,0.000153056542864258,2
"20092",1.07571459607671e-62,0.0001155407347336,4.78372715534966e-17,0.00031428590880694,3.38040327057157e-16,0.999570173356459,6
"20096",1.43868260655889e-18,0.0125089939911095,1.99503646934638e-19,0.0105269475483689,2.53456936115152e-09,0.976964055925952,6
"20098",0.530448237079486,0.0492603556023,7.80229108663078e-07,0.0166762692979414,0.403588985921607,2.53718695570893e-05,1
"20101",2.02558989442533e-15,0.952710931760179,8.8747996871837e-17,0.0465758245175677,3.69329469749464e-37,0.000713243722251245,2
"20104",1.67229621607521e-43,5.25688054773783e-14,4.18837821091111e-16,1.51691907314811e-07,1.00992834174236e-14,0.99999984830803,6
"20106",1.41889897245493e-14,0.997757637108961,1.63276228392071e-16,0.0022423595708997,1.55820348381601e-24,3.32012455378185e-09,2
"20108",0.000166225402243855,0.0292749060230033,2.34922470201662e-05,0.00772391345955457,0.962811122237876,3.4063030166826e-07,5
"20110",2.37808698124229e-07,0.040429250356137,6.74588798406073e-14,0.616188267337222,6.67769795020883e-11,0.343382244431098,4
"20112",1.54915199621338e-20,0.989577906483861,1.09135708939354e-18,0.0101302566252778,1.31619645066523e-22,0.000291836890860982,2
"20114",3.82544844253489e-06,0.760219654755489,3.39989857307653e-09,0.239516835531284,3.39744983212457e-14,0.000259680864852069,2
"20116",2.82487364642474e-07,0.794918448551296,1.23045901470748e-06,0.205080017574389,9.66238686289786e-18,2.09279359066568e-08,2
"20118",0.00660558818008987,0.978101650564773,5.50091260036374e-09,0.00763880335536675,0.00760676015973996,4.7192239117341e-05,2
"20120",9.7981430987301e-15,0.929930453009643,9.55604908858398e-18,0.0699694920365578,1.30320854545491e-24,0.0001000549537892,2
"20122",0.998410541298775,6.96863968631871e-09,7.50294325295888e-05,0.00151440617358354,1.45603628428474e-08,1.56610919246828e-09,1
"20124",4.09284861599017e-48,0.885111033271163,1.42588098571096e-15,0.0995884110767946,4.82866584849094e-40,0.015300555652041,2
"20126",2.36568766480234e-68,9.30708300230407e-11,2.18663177567363e-27,4.54931133690018e-07,3.22583697178902e-60,0.999999544975796,6
"20128",1.82958890474554e-82,6.16185070376647e-07,5.97693503246513e-30,0.000696863161237056,1.67661570242574e-94,0.999302520653693,6
"20141",3.50371713933373e-22,2.04057636203712e-07,8.40049936899773e-18,2.48128244362987e-06,2.44816217755579e-07,0.999997069843702,6
"20143",0.000628166675137227,2.41671800301785e-16,0.888159881783328,0.111205060299666,3.6178534322707e-30,6.89124186849622e-06,3
"20145",2.92816837962781e-16,0.994402078418826,3.57744526497563e-16,0.00557595062327573,4.03982775641347e-13,2.19709574935897e-05,2
"20147",3.53880759018685e-15,0.996469560769009,3.13915051780477e-13,0.00352590780760814,1.65097250861304e-15,4.53142306396631e-06,2
"20149",0.996380073335136,9.02802667556850e-10,1.35229457380619e-07,0.00361420141364639,3.26369260406718e-06,2.32542635330801e-06,1
"20151",0.306533392500995,0.0158686394014648,7.12664262197483e-07,0.00386301073820949,0.673734176370185,6.83248832675487e-08,5
"20153",0.807134755346447,0.00759278593667595,5.64698716280733e-11,0.149004733215319,1.82071672072495e-08,0.0362677072379213,1
"20155",4.78807598431994e-27,0.995324541870367,5.98928516665025e-15,0.00467536633147709,2.38029469905135e-28,9.17981495149052e-08,2
"20157",0.854898448973302,0.00105718934273159,1.49530263784072e-06,0.092301452391114,0.0517410324264687,3.81563745800722e-07,1
"20160",0.999958531784345,5.99928923067729e-16,1.58992094227134e-08,4.14453850793493e-05,5.05184410948754e-16,6.93136464881486e-09,1
"20162",0.999783460912323,6.809763827187e-11,2.73063990741198e-06,0.000164178528049331,4.96241677299336e-05,5.68389224713631e-09,1
"20164",0.64488626913512,0.000108939522109125,2.32970494149888e-07,0.354943885351349,2.88230075325874e-09,6.06701386272037e-05,1
"20166",8.13680983058834e-24,0.00023133222417678,1.28698597448677e-09,0.999768665998421,6.00745518147278e-48,4.90416229932059e-10,4
"20168",1.53708154828064e-28,7.66916034251357e-16,0.018627267292556,0.981372730138287,8.68852290911672e-40,2.56915630775893e-09,4
"20170",0.998132358397901,0.000496772538398858,1.22600521397889e-06,0.00106417408977422,0.000297393803804361,8.07516490779739e-06,1
"20172",4.08989754093621e-30,0.993875314751393,3.99982549961981e-13,0.00610273150888634,8.05728417431021e-14,2.19537392399011e-05,2
"20174",0.00591472571930185,6.81411748190516e-08,0.102438807171829,0.0104699647948227,0.881176416333274,1.78395976128803e-08,5
"20176",2.58799385391186e-29,6.0040751959935e-11,0.200361273310421,0.799632921578349,2.95373697689512e-30,5.8050511886833e-06,4
"20178",0.999939138880463,1.22789637782153e-16,1.92483030045953e-10,6.08438153058601e-05,1.97640836738574e-17,1.71117484337552e-08,1
"20181",4.30315291852752e-16,0.225121169186848,8.12874865066667e-11,0.774878829731746,5.83053812654433e-37,1.00011778445717e-09,4
"20183",1.09429290833155e-15,0.0916812966002889,1.12264630693081e-07,0.00438532945712803,0.903840063463567,9.31982143845924e-05,5
"20186",2.12854326052571e-41,0.439264005069706,0.000191044313111412,0.549077329811132,0.00820672542655907,0.00326089537949229,4
"20188",0.999392368424675,4.63851321470471e-13,4.25404599209318e-06,0.000603360632470858,9.98564760289422e-14,1.68962986598495e-08,1
"20190",4.96283073380561e-31,0.988135640904235,7.65579926082842e-17,0.0118643544935038,1.17865510147128e-38,4.60226084104565e-09,2
"20193",6.28785968842293e-09,4.33952325966932e-14,0.00015065241831343,0.999848975265869,1.44884303060063e-42,3.66027914668074e-07,4
"20195",0.794965008442575,0.0354627694978767,1.03427885785495e-06,0.169554216254575,5.13589543765561e-09,1.69663902195178e-05,1
"20197",6.55249558042272e-26,0.995013262538999,2.16221714751287e-12,0.00496307477500266,1.45857349322224e-18,2.36626838363749e-05,2
"20199",0.997894915141366,7.74230099071158e-07,3.07997653841533e-06,0.00209579708217953,2.7978664243732e-06,2.63570339268977e-06,1
"20205",5.97071599221997e-62,9.45633454794926e-07,2.36901510910515e-31,6.61304968549563e-06,5.30956397683059e-37,0.99999244131686,6
"20208",0.0150005657227361,0.850306285062732,3.77224363299427e-05,0.130565726692465,0.00407201576472906,1.76843210081817e-05,2
"20210",0.999774365095684,6.33436075023348e-09,2.0171620253055e-06,0.000195981176240074,2.76126493826473e-05,1.7582307031087e-08,1
"20212",0.951382390852955,0.00134724649080595,1.02027264750756e-07,0.0465540431760624,0.000709985105370931,6.2323475411287e-06,1
"20216",4.62982406754338e-18,0.957800568271274,1.32008701671838e-12,0.0421994304116585,4.78845492258618e-20,1.31574743964993e-09,2
"20219",2.0694413642942e-20,0.683402670122618,8.63169060453018e-22,0.032037861485385,3.10617193278656e-18,0.284559468391997,2
"20223",7.27217392186911e-82,0.000209662531498529,3.06654455518338e-11,0.999766170204111,1.10985640026891e-67,2.41672337255844e-05,4
"20226",3.56333652541887e-11,0.945468761559477,2.75549808518393e-12,0.054530811314556,5.02016081631589e-11,4.2703737725008e-07,2
"20230",9.56372115884026e-40,0.978561389796877,2.29070391155882e-17,0.0214347117202419,1.28937905260086e-45,3.89848288100683e-06,2
"20233",1.01136317625081e-44,6.77812511420723e-16,1.10325113745526e-29,2.87158825625749e-09,7.1868058401163e-25,0.999999997128411,6
"20235",9.08362045008497e-66,0.0102454807546334,9.86847918689162e-13,0.756820015524728,9.29851589634397e-44,0.232934503719652,4
"20239",5.16334105569997e-37,0.24372860455673,1.13909024517704e-05,0.756259793242595,2.21108955950201e-17,2.11298223247234e-07,4
"20254",2.64183278830597e-57,2.48607416185905e-05,5.34662573933262e-32,2.21615328558824e-05,3.82561765588662e-53,0.999952977725525,6
"20256",2.14819035294128e-42,0.986363567865935,1.69078543009258e-12,0.0134829684342016,1.01734204816251e-27,0.000153463698172311,2
"20262",0.988344449281134,0.000134790186112153,1.02491049597373e-06,0.000509008404988032,0.011010705753746,2.1463524206903e-08,1
"20270",1.511980600078e-21,0.0101039757413702,1.03255261083613e-08,0.98989601367381,3.42103814498912e-28,2.59293469486632e-10,4
"20284",1.22020543804038e-24,0.154725984400061,4.38275095431449e-13,0.347329064061576,3.390220400788e-06,0.497941561317525,6
"20287",6.95417465364029e-61,0.871530725218114,4.14307609849791e-19,0.128468912221521,1.08417774064068e-60,3.62560364042597e-07,2
"20290",3.18646877324171e-28,0.000120096758590207,1.37117013794373e-22,0.00322891338757581,2.26301903787082e-26,0.996650989853834,6
"20293",5.06459283194542e-17,0.994400313656413,3.30506141327428e-10,0.00518252467031827,2.76852148823301e-09,0.000417158574241422,2
"20296",0.105449753542046,0.0325314377450229,0.174844123472338,0.686759178762427,0.00041550647516051,3.00505953546969e-12,4
"20301",5.60922011197109e-40,0.00867079716053344,5.91495161591525e-20,0.991317036139724,2.61598496172876e-85,1.2166699742898e-05,4
"20304",2.17502706771154e-52,1.49781304037187e-05,4.79017575334667e-31,8.54060340429429e-07,3.30764909422193e-36,0.999984167809256,6
"20306",6.7320427008323e-52,0.963507524898092,1.32570826686192e-17,0.0353273291863124,3.06637912829048e-40,0.00116514591559566,2
"20309",9.13325053796113e-17,0.99166288626958,1.34176499196477e-13,0.00819374492448841,4.13369982154264e-13,0.000143368805383986,2
"20311",4.20078930703128e-16,0.773017785759807,2.71599315542074e-11,0.226975815887826,1.76053333435608e-20,6.39832520690671e-06,2
"20314",0.313863054560602,0.126230861291413,9.8401259353092e-08,0.00373812414392896,0.55616348229511,4.37930768785054e-06,5
"20318",7.86402056695566e-05,9.17436489840104e-12,0.00322886248481535,0.996692414332836,8.02929843755263e-29,8.296750467885e-08,4
"20320",1.25909714783514e-15,0.00973952300693216,9.7321897762494e-12,0.989744202073946,1.11713742957577e-07,0.000516163195645272,4
"20326",0.0323829474951176,0.551449785150214,4.13148851015888e-09,0.013708348433004,0.401616401617472,0.000842513172703913,2
"20328",1.0268396351705e-28,0.374946961873514,5.19378635195133e-13,0.621862727843451,0.000448617197336379,0.00274169308517992,4
"20330",6.92009847004177e-36,0.709763198547066,4.85310862988925e-13,0.290221787294596,8.22518745533441e-28,1.50141578526984e-05,2
"20336",2.12959888296493e-37,0.0112492145278209,4.29300459591665e-20,0.000233606466400315,1.15185727589115e-10,0.988517178890593,6
"20338",8.90968080684545e-25,0.00754029962856236,3.43744566393048e-27,0.000457752880303745,1.00625043673172e-24,0.992001947491134,6
"20340",1.09268596210737e-46,0.650185571604416,6.50370700015318e-17,0.349745662208255,3.87872467120288e-45,6.87661873280283e-05,2
"20342",1.41561346317637e-49,7.39021006919591e-18,4.16803357140645e-23,0.000145112085616528,3.13660456525273e-58,0.999854887914383,6
"20344",2.84579631970414e-32,0.982694158568804,5.51802717570343e-15,0.017123754164945,2.17622512071788e-22,0.00018208726624532,2
"20349",1.316057058948e-44,0.986202972142573,5.89799774104194e-14,0.0137821596872133,1.30425220674579e-31,1.48681701550804e-05,2
"20351",1.18151808653146e-16,0.964448853292079,2.00341523302847e-12,0.0354072859268392,3.82548664082916e-13,0.000143860778695667,2
"20353",7.23717128939288e-41,0.920981437561398,6.39575944581147e-18,0.0716974326414046,1.60280519182865e-38,0.0073211297971968,2
"20357",4.51291890965078e-73,1.30732097185243e-05,4.88925778801893e-27,0.000254709042923563,3.73581995931175e-41,0.999732217747358,6
"20360",6.98843361621386e-63,5.68530676274809e-10,3.44267774594305e-15,0.135094989220914,5.25914261888207e-50,0.864905010210552,6
"20364",2.87637808044066e-19,0.995890387335379,6.86542817921477e-18,0.00410806163179438,2.49085576728886e-14,1.55103280144004e-06,2
"20366",6.21680522775757e-41,1.74044432233747e-05,4.15544000171878e-24,1.16752080764759e-05,4.34279687543584e-17,0.9999709203487,6
"20381",1.2424202513884e-09,2.14123989593486e-13,0.0163582930859001,0.601769632927398,1.56737400242522e-10,0.38187207258733,4
"20391",1.79137602005898e-64,0.000766170303796205,0.000284027413898385,0.994893905214453,1.24552498635324e-16,0.00405589706785184,4
"20394",2.96636695503173e-09,0.10415305822764,0.000553239957426058,0.113974403003033,0.781318923270041,3.72575493440642e-07,5
"20396",2.01067742200473e-05,4.10753896446742e-11,0.996676344894305,0.00324960421970661,5.39404400271504e-05,3.63066550275101e-09,3
"20409",2.09554957773323e-05,0.62684160821248,2.4704457837673e-09,0.373109379411425,3.27312288516792e-10,2.80540825595036e-05,2
"20411",2.72259415064335e-49,0.83907870688526,5.2065129636506e-19,0.00897036444151385,8.11857478399017e-27,0.151950928673226,2
"20416",1.97312528299977e-96,3.71595068425871e-06,1.38196436418306e-30,0.000134771375306048,1.08356147413144e-77,0.99986151267401,6
"20418",0.00028567515620454,4.64892006025805e-13,0.999238236922076,0.000474252332215043,1.8332100722503e-06,2.37896714870453e-09,3
"20420",2.75294692311643e-37,1.22319662700297e-11,5.17801249747871e-21,3.28208231305764e-08,1.28676816870938e-17,0.999999967166945,6
"20422",4.64513452678638e-26,0.978759359060655,1.24672423644603e-22,0.0212406408977305,2.321338056348e-36,4.16143907350406e-11,2
"20424",1.01285222520969e-44,0.983853612386109,5.52640006087482e-19,0.0134405952396522,1.09805965373892e-26,0.00270579237423888,2
"20426",6.65900724214395e-38,2.26669890197355e-17,9.18773173393336e-30,7.55354937333326e-08,3.2658990654668e-52,0.999999924464506,6
"20428",2.408088234418e-21,0.95934229097339,1.41497779785852e-05,0.0406435267951437,3.91814053486362e-12,3.244956984395e-08,2
"20431",1.59217736586196e-05,0.623038533018753,1.83429354391075e-11,0.375209268861231,2.42060256854469e-13,0.00173627632777194,2
"20433",2.85128938583222e-62,0.00454336007218061,4.54068881250821e-12,0.995456264366184,4.12137483225472e-66,3.75557094575204e-07,4
"20436",2.28287323331737e-35,4.2679989885138e-09,0.0432937337788689,0.95669573113707,3.00290626089792e-42,1.053081606238e-05,4
"20439",0.000156226669751001,2.5251152901315e-08,0.0240009925485553,0.0133215018525907,0.96252123390147,1.97764804416705e-08,5
"20441",6.49031696107957e-44,0.000120016937024295,6.84890956327826e-25,0.000257522810901676,5.90531478603877e-34,0.999622460252074,6
"20444",0.999850079611576,1.90256341923976e-14,6.69034831699943e-09,0.000149902364986108,2.06117760654388e-09,9.27189284383961e-09,1
"20448",1.38423080978505e-07,0.00584679521453839,1.09492750632359e-09,0.0796207394676076,1.05817073845078e-08,0.914532315218138,6
"20536",5.59408284500561e-20,5.32377962173074e-05,0.948999348142533,0.0309123147319069,0.0200350893387756,9.99056742748333e-09,3
"20538",1.01169618055846e-43,0.00325389928088907,1.298463698108e-18,4.3326105798653e-05,1.46393483507698e-15,0.996702774613311,6
"20541",1.9493102301456e-47,0.978765510104781,3.15591327882068e-23,0.0164504553643904,3.18354609761411e-44,0.00478403453082861,2
"20544",3.37453595407423e-12,0.99257415455367,7.63065716345847e-14,0.00726529943970026,1.21538883049831e-06,0.000159330614348119,2
"20546",5.11567785587158e-39,0.987426116984082,1.96767457434593e-16,0.0125448116125655,2.68807576299501e-19,2.90714033527039e-05,2
"20550",1.69554814732015e-18,0.34355853272102,5.0149495754344e-13,0.656440722359535,2.21058886505349e-19,7.44918944287064e-07,4
"20553",2.30169324401533e-77,1.07121349293248e-13,6.30042567051614e-30,0.000128302329856116,9.58353191096668e-123,0.999871697670037,6
"20555",5.92866636063871e-60,1.60380014103198e-12,5.95861121918745e-23,1.08205522295609e-07,9.81223901813384e-24,0.999999891792874,6
"20557",1.21980885142414e-15,0.954574192493723,2.32185960838752e-18,0.0386878844953695,1.37002234832649e-15,0.0067379230109045,2
"20559",2.65400520831964e-18,0.997110041919446,3.94575105150721e-15,0.00288986589067215,6.40459386443495e-20,9.21898778531664e-08,2
"20561",0.989530165348423,0.00354631950349744,2.81367824666521e-05,0.00676045697367298,0.000132921196435671,2.00019550435363e-06,1
"20564",0.999939138880463,1.22789637782153e-16,1.92483030045953e-10,6.08438153058601e-05,1.97640836738574e-17,1.71117484337552e-08,1
"20566",1.72555874486711e-14,0.998068397160776,7.12583109156088e-11,0.00193160275997648,2.70280609087716e-12,5.26877493208707e-12,2
"20569",0.979630308833892,1.25008427075148e-05,0.00992091578857041,0.00622140823976662,0.00421486016072747,6.13433645944881e-09,1
"20572",0.0868691414662571,7.6033008061114e-08,0.833318501484869,0.0798122749215772,2.93175411525205e-09,3.16253433002811e-09,3
"20574",4.39350270094977e-20,0.993721912435046,1.41750876645042e-19,0.0058978581867056,3.17632017454438e-28,0.000380229378248657,2
"20576",0.99961302547479,2.60469470755822e-11,4.14037236752984e-07,0.000386525991344804,5.23034451766751e-15,3.44705760395762e-08,1
"20578",1.27061662661638e-07,0.988416385534385,4.95598420429727e-11,0.0115825606115194,9.3837719270154e-08,8.32905153541835e-07,2
"20580",2.37614759373365e-13,0.991270280860467,8.35292544097657e-08,0.00872919023009415,4.37839579570129e-07,7.54036719187281e-09,2
"20583",0.999868477765754,1.03815210065885e-12,1.03113251770278e-09,0.000131507813065206,5.20991436722112e-14,1.33889577299725e-08,1
"20586",1.6629445042528e-25,0.980044542978482,1.08230450771294e-11,0.019954183016453,1.64933882654238e-08,1.2575008534406e-06,2
"20589",3.05246001726756e-47,0.986357756414508,5.53001284925642e-14,0.0136357564705776,1.44580806793119e-32,6.48711485936484e-06,2
"20591",6.2087552089371e-32,0.0304633041444943,2.72543898149585e-10,0.154675613693906,1.14934723627675e-09,0.814861080739709,6
"20593",4.40127970190773e-49,0.898480757084641,1.74118751066388e-18,0.101517054872501,4.55203913689988e-72,2.18804285775107e-06,2
"20595",1.33657132319792e-15,0.996503927183378,2.18564351252483e-14,0.00346944311898905,1.4110374199951e-17,2.66296976095497e-05,2
"20597",1.37086424737196e-24,3.26199940846849e-15,0.999906743751191,9.27101614812759e-05,5.39266908227392e-07,6.82041628698038e-09,3
"20599",0.999811230381376,1.64424208587732e-15,7.39431699512075e-07,0.000188023718775311,1.07293574146013e-18,6.46814784424938e-09,1
"20601",5.07144392895923e-08,0.0887006330939217,1.23973228613295e-07,0.00386639142987754,0.907431689111975,1.11167655808839e-06,5
"20604",5.91392241372121e-29,0.986027891242514,1.40178093088354e-18,0.013971823905228,5.66801159252479e-45,2.84852258141794e-07,2
"20606",9.55821073342792e-36,0.996522965492819,2.0060653469481e-17,0.00347702064457797,3.72504076974289e-37,1.38626029298885e-08,2
"20608",7.43574855370323e-29,0.997782166314898,2.43753880272554e-13,0.00221783302561967,6.89734638442746e-29,6.59238537499546e-10,2
"20610",0.992246548609925,6.48389099460392e-08,9.98420370537978e-08,0.00775190427244933,7.83265243439864e-15,1.38243667109301e-06,1
"20612",1.45023062518392e-56,4.81405801744368e-16,8.8457485112782e-10,0.0404659989001991,1.99841823416462e-47,0.959534000215226,6
"20614",0.99916786503808,2.33492997787625e-08,1.30501807666605e-08,0.000810076515091625,2.1970162948637e-05,5.18843992831687e-08,1
"20616",4.31015154459701e-11,0.0858259895391236,5.59390907315817e-06,0.913370391051151,0.000797901939632418,1.23517918121326e-07,4
"20618",2.34090753104722e-31,8.93687742041674e-06,6.9135794234597e-30,3.39942106648061e-05,1.17450668510688e-20,0.999957068911915,6
"20620",7.95437333493875e-27,0.0791013949458632,1.22728284205063e-10,0.920897293053477,2.43602698743629e-36,1.31187793171622e-06,4
"20622",0.995781994195755,1.07858285923569e-08,9.46129238799553e-06,0.00420848899435219,3.40396926037666e-13,4.47313359046362e-08,1
"20624",3.99680575591779e-44,0.729917979298715,5.58873521071566e-19,0.00633693051237123,4.64952059153155e-29,0.263745090188914,2
"20626",1.20651191519358e-17,0.0177052100878536,0.000430341395699778,0.981864440470764,7.54312275318877e-24,8.04568247069288e-09,4
"20628",3.42579190580024e-27,0.00485080741023026,1.59533979305448e-07,0.995142970106253,6.34866211147813e-20,6.06294953729331e-06,4
"20630",2.26189840660615e-12,0.98459930608894,2.85091979722534e-16,0.0154006921722953,8.18459655059252e-24,1.73650273311435e-09,2
"20632",0.96904914097024,6.36201594308094e-13,0.0304175645816008,0.000533184523262467,1.08348526729031e-07,1.5757339553222e-09,1
"20634",6.75133751961544e-35,0.997785992534456,8.23505918202017e-17,0.00221394095303104,1.69414647407861e-36,6.65125132683101e-08,2
"20637",1.00645542957523e-30,0.000744980903567814,1.38144396413487e-28,0.00444407219504539,9.51961836626942e-43,0.994810946901387,6
"20639",0.994978096083484,4.79060744299399e-06,0.000280573101064133,0.00473498301942328,4.36572068865935e-08,1.51353137883276e-06,1
"20644",6.80765564124245e-96,8.50039083423899e-14,3.9056915360659e-22,0.00164598488760995,1.64190013515925e-113,0.998354015112305,6
"20646",6.07439974490794e-50,2.02455920066758e-07,1.2639891565389e-11,0.998654529920952,5.64958877875852e-61,0.00134526761048805,4
"20648",0.303147014680452,0.00984100664984049,1.843498401519e-06,0.00229668062762454,0.684704201583072,9.25296060932043e-06,5
"20650",2.97515993489779e-54,0.0898618916588051,3.2172554718013e-21,0.155726875910307,1.92867120960037e-41,0.754411232430888,6
"20653",5.81068434337241e-13,0.00295093983844606,9.94553777033147e-08,0.996997665809386,4.24278454485234e-05,8.86705076108476e-06,4
"20658",2.19222864829622e-46,0.758066271708635,5.94426711675224e-10,0.241933718485418,1.24331848350424e-34,9.21151963839705e-09,2
"20661",5.01419500821432e-62,1.72005908030636e-07,1.83666605456517e-17,6.41414028285658e-07,3.15295932639699e-27,0.999999186580064,6
"20663",4.04619882033976e-19,0.993161249366598,7.70057077613403e-09,0.00637506873482239,0.000447473462700156,1.62007353090273e-05,2
"20665",0.99895696613959,7.5813529674072e-15,1.81840913187824e-05,0.00102484945250572,1.8744893828604e-18,3.16578475093613e-10,1
"20667",1.08761082267278e-19,0.018021380186454,1.77489789952905e-05,0.981889005524125,2.10319413013658e-12,7.18653083226343e-05,4
"20669",1.31638905635883e-19,5.35649016799943e-11,0.988810218753612,0.00168140784548989,0.00947967598618888,2.8697361144643e-05,3
"20671",3.96882350585996e-20,0.454768319233229,3.17187146645852e-22,0.0150440782892095,5.48585888449415e-22,0.530187602477561,6
"20673",1.98889542818445e-18,1.93970465700157e-16,0.999960452027727,3.93802100320867e-05,1.66044003163604e-07,1.71823731637196e-09,3
"20675",1.43251153738405e-23,0.0175561459494835,0.492587934787186,0.470669472127469,0.0191863340038127,1.13132048952771e-07,3
"20677",2.07822290505571e-24,0.923179295467134,1.72128606637176e-05,0.0767323340072325,7.11427595359679e-05,1.49054341524965e-08,2
"20679",4.00484221381575e-11,1.13125193031557e-12,0.998748659464293,0.000704682010118858,0.000544913762479323,1.74472192901875e-06,3
"20681",2.26787623303844e-20,3.90995441799581e-05,0.0215795233372736,0.00169962012225257,0.976681444358516,3.12637778043159e-07,5
"20683",2.42424971878181e-22,0.84849410275169,4.49314868278481e-06,0.151501382105165,5.23515219968846e-09,1.67593095071384e-08,2
"20685",2.03481907029154e-40,2.66115705100747e-11,8.42480200793048e-24,7.62241354430014e-07,2.79896661584886e-17,0.999999237732034,6
"20687",0.0261918849191955,7.32884725127962e-06,1.82876924692019e-09,0.0013760987148783,0.972424370602366,3.1508753913243e-07,5
"20689",8.64851040137385e-99,3.21480671930502e-13,2.025466183518e-23,2.36816157759197e-06,4.34998090220354e-85,0.999997631838101,6
"20691",0.999634252258362,2.98749534074887e-12,2.61104746587087e-10,0.000365663933023297,2.23087471932355e-08,6.12357751556266e-08,1
"20693",5.33459341402276e-52,0.94122063692363,2.14088178476508e-16,0.058548059223637,4.14335073844452e-38,0.000231303852732821,2
"20695",0.0495287802442498,0.0742960674391308,0.000245237702666401,0.0379895938816254,0.837837271115243,0.000103049617084619,5
"20697",1.00446643191667e-16,0.993602194698764,5.03282865802973e-18,0.00639751352223307,5.84999150554225e-30,2.91779003137522e-07,2
"20699",2.33553089694008e-16,0.950860084361027,0.000930552779364106,0.0481861600566692,2.31990200340753e-05,3.78290566109867e-09,2
"20701",1.24835736559743e-33,0.944877314168762,4.32463632097237e-07,0.0551186403000299,1.27979304522051e-13,3.61306744780711e-06,2
"20703",4.06674116787473e-38,1.86210064499881e-17,0.00293546607843155,0.315989365728491,1.52152559353589e-21,0.681075168193078,6
"20705",1.21031734667617e-35,0.975337863257139,2.20844509368896e-15,0.0246606186450897,1.91411026275607e-23,1.51809776941583e-06,2
"20707",1.89511781853285e-11,0.0696483098783288,1.13718249919013e-06,0.00579132284672022,0.924554181702329,5.04837117130818e-06,5
