"","V1","V2","V3","V4","best$classification"
"19811",0.99731816401893,7.18084146104405e-05,1.04523124121749e-06,0.00260898233521878,1
"19813",0.993943736961227,0.00394822916050221,2.18713020764146e-05,0.00208616257619463,1
"19815",0.993460648317593,0.00465663389065953,0.00177476572687781,0.000107952064869644,1
"19817",0.996461625618498,0.000603241574267398,7.26434511706044e-05,0.00286248935606408,1
"19819",8.85555020538757e-05,0.870431362951253,0.129477254494501,2.82705219272612e-06,2
"19821",0.94076003151798,0.00224380957557287,2.11362195337963e-06,0.0569940452844936,1
"19823",0.885168648145921,0.00205765695341395,0.11117078923858,0.00160290566208444,1
"19825",0.0103858136459746,0.156312950193759,0.00110407010731952,0.832197166052946,4
"19827",0.315517418984958,0.00160036650803971,0.000438014300256166,0.682444200206746,4
"19829",0.00361247228921079,0.981929448708254,0.00021259072464809,0.0142454882778868,2
"19831",0.00103301183261223,0.896165045831592,0.102796763190429,5.17914536770401e-06,2
"19833",2.27085557466521e-05,9.60164266311789e-05,0.999822291029288,5.89839883341546e-05,3
"19835",0.94076003151798,0.00224380957557287,2.11362195337963e-06,0.0569940452844936,1
"19837",0.875680238299334,0.00428417356155646,7.0899061490148e-05,0.11996468907762,1
"19839",0.0144050091602465,0.933988361178524,8.2594551428037e-05,0.0515240351098014,2
"19841",7.09751703176574e-05,5.52312969608304e-05,2.28296819466101e-07,0.999873565235902,4
"19843",0.00104469633657662,0.998741165967973,0.000213277815217553,8.59880233183276e-07,2
"19845",0.999361217196348,4.27023666555181e-05,2.54960804522925e-06,0.000593530828951251,1
"19847",0.994568491581079,0.00524145185126236,0.000118287535810299,7.17690318482822e-05,1
"19849",0.996426254210674,0.000384996930968397,6.14755065950361e-06,0.00318260130769813,1
"19851",0.999459498164102,0.000180689759589036,6.91160959644121e-05,0.000290695980344595,1
"19853",0.997743272665594,3.92747262723383e-06,0.000185128196776203,0.00206767166500263,1
"19855",0.987296910017134,2.39853203594084e-05,1.85838752612451e-05,0.0126605207872451,1
"19857",0.956957600884376,0.011366128893192,6.27281081963521e-06,0.0316699974116119,1
"19859",0.961350123669944,0.00390080737519396,0.000418351169307116,0.0343307177855549,1
"19861",0.999715939263378,5.79912038764899e-05,2.7747990813917e-06,0.000223294733663969,1
"19863",0.0209640716767875,2.83056230546557e-05,6.05182914581444e-07,0.979007017517243,4
"19865",0.00353213024661637,2.00317895731108e-05,4.07308201575598e-07,0.996447430655609,4
"19867",0.998988732087808,0.000948525732084008,4.28733849410212e-05,1.98687951666955e-05,1
"19869",0.987248093992656,2.65160528334019e-05,6.22629202590068e-07,0.0127247673253079,1
"19871",0.865659187612298,0.0122954175618088,0.000551438016945313,0.121493956808948,1
"19874",0.16277019545493,8.57959726456963e-05,4.50290642933866e-05,0.837098979508131,4
"19876",0.531494733255534,1.68355112154604e-05,1.72752527946004e-06,0.468486703707971,1
"19878",0.315676899034572,0.662292309245729,0.0210651909516864,0.000965600768012497,2
"19880",0.0020493490099103,7.93552787581665e-07,7.77942505819057e-08,0.997949779643051,4
"19882",0.996676818346678,5.46493335994747e-05,8.79354897238691e-06,0.00325973877074962,1
"19885",0.982545893481486,0.0149208851247593,4.33138163917537e-05,0.0024899075773628,1
"19907",0.999568621521089,0.000332006967763026,1.15433579506285e-05,8.78281531969166e-05,1
"19909",0.0269490924636302,0.972900737904236,8.21335351387755e-05,6.80360969950798e-05,2
"19911",0.0310390182431848,0.929804660043413,0.00159173767270018,0.037564584040702,2
"19913",6.33965015154391e-05,3.18086183889926e-06,4.58349399641004e-07,0.999932964287246,4
"19915",0.383608767443117,0.000109660135490343,4.21966031218617e-05,0.616239375818271,4
"19917",0.0155312314622219,0.000195103591914095,7.24147513840375e-06,0.984266423470726,4
"19919",0.734157004883176,0.00163200020747881,0.000247315303600155,0.263963679605745,1
"19921",0.999428642702449,0.000477015159935221,2.68842268685709e-05,6.74579107472631e-05,1
"19923",0.898409517001173,0.0666981638821074,0.0348708590049219,2.14601117981629e-05,1
"19925",0.0506596984885621,7.35121647588154e-05,1.30806695829126e-05,0.949253708677096,4
"19927",0.9985328301586,0.00021615427990092,3.7072502727538e-05,0.00121394305877108,1
"19929",0.00155650041584201,1.93350320774715e-06,2.69517842351863e-08,0.998441539129166,4
"19931",0.99160802573046,0.00316033456801312,0.000369427198782258,0.00486221250274426,1
"19933",0.191063726782348,0.803358905892365,0.00192783435002777,0.00364953297525874,2
"19935",0.905011695277814,0.0907175703118638,2.60626139918259e-05,0.00424467179633002,1
"19937",0.998147078273342,0.000997822324337402,0.000712048425578412,0.000143050976742798,1
"19939",0.992568554153875,0.00248505763406843,0.00041706488873157,0.00452932332332518,1
"19941",0.0139749913818981,0.877458347634031,0.000132337652503285,0.108434323331567,2
"19943",0.00125949637153427,8.06283300797561e-06,3.22524634813122e-06,0.99872921554911,4
"19945",0.0747364720958752,0.92144679500991,0.00364815952649704,0.000168573367717631,2
"19947",0.0371839958463057,0.117705627865685,0.000284640757913976,0.844825735530095,4
"19949",0.620709492619824,0.334707212718665,0.0445302142492863,5.30804122247372e-05,1
"19951",0.276260902195317,0.00433301858278258,0.000160556792213151,0.719245522429687,4
"19953",0.00294881745839684,0.215174256333294,0.781876323270957,6.02937352082681e-07,3
"19955",0.0114472729655934,0.93714165799165,0.0513968667956019,1.42022471549315e-05,2
"19957",0.0945015968631205,0.00266017252867791,0.00290530569609072,0.899932924912111,4
"19960",0.00512834156408676,0.993860855381098,0.000204965832709143,0.000805837222106437,2
"19963",0.00106345009101428,0.00087833721256518,0.0651304757547632,0.932927736941657,4
"19965",0.00166174488141153,0.997639546849094,0.000698418829745291,2.89439748836075e-07,2
"19968",0.0389765197293173,0.00249828436797511,7.67415012121912e-08,0.958525119161207,4
"19971",9.7253692947302e-05,0.00339400714888048,0.00762778392820051,0.988880955229972,4
"19973",0.983861639530288,0.000501706181978601,5.5793146693915e-06,0.0156310749730636,1
"19975",0.0312985155646937,0.000133935569927935,4.3045677312233e-07,0.968567118408605,4
"19977",0.00328412890922463,0.000331278117421927,0.000286524728769697,0.996098068244584,4
"19979",7.0436618498693e-06,0.999532664269414,0.000456190382548065,4.10168618838109e-06,2
"19981",0.977005297229351,0.0210264391841913,4.92545333519419e-05,0.00191900905310602,1
"19983",0.969046726756935,0.0305601276333792,0.000256158211022068,0.000136987398664152,1
"19985",0.154804259937165,1.96651885511015e-05,2.63056906739995e-06,0.845173444305216,4
"19987",0.763148266805212,0.107867487489771,0.000410097339584645,0.128574148365433,1
"19989",8.48993114047174e-05,0.995411975865614,0.00450307176896762,5.30540139802509e-08,2
"19993",0.415480835043011,0.538575307196511,0.0033247064663423,0.0426191512941361,2
"19995",0.174883821028712,0.81369371504021,0.000758776107164164,0.0106636878239138,2
"19997",0.97322679398525,0.000184874015927144,1.99770972793485e-05,0.0265683549015434,1
"19999",0.894803105404405,2.75830750026053e-05,1.38913263988583e-06,0.105167922387953,1
"20002",0.00352670152354823,0.00063712681191769,7.19533838064819e-06,0.995828976326153,4
"20004",0.140569399027802,0.840269816893996,0.000125054331289077,0.0190357297469127,2
"20006",0.0506872707517758,0.940584980970502,0.00634075771635979,0.00238699056136215,2
"20008",0.0663401841350306,0.905579457886566,0.027109302554528,0.000971055423875865,2
"20010",0.0246793962311725,0.924793659656578,0.0505109115546598,1.60325575902767e-05,2
"20012",0.224932822418732,0.000151222612580022,1.81719263088845e-06,0.774914137776057,4
"20015",0.000121318161339741,0.999864293098618,1.40319623366247e-05,3.56777705592332e-07,2
"20017",0.951169250609944,7.69950894169573e-05,1.76805171628809e-06,0.0487519862489229,1
"20019",2.26427452131629e-06,0.996653252471909,0.00334443642769013,4.68258795747041e-08,2
"20022",0.00552809856138697,0.992031290255128,0.002433482568408,7.12861507678177e-06,2
"20024",7.90093072136559e-05,0.579617724008053,0.420302724877747,5.41806986305168e-07,2
"20026",7.90093072136559e-05,0.579617724008053,0.420302724877747,5.41806986305168e-07,2
"20028",0.724015663642061,4.33606459636166e-05,7.09260978789339e-06,0.275933883102187,1
"20030",0.000380141009824947,0.999201554124416,1.85830374017959e-05,0.000399721828357372,2
"20033",0.597559343012647,0.00362957878961375,3.16212792221876e-05,0.398779456918517,1
"20035",5.95115771788345e-06,0.995074905406289,0.00491908702822055,5.6407772450817e-08,2
"20037",1.35533521169637e-05,0.999316381949824,0.000670060854061992,3.84399758299365e-09,2
"20039",1.70957071886059e-06,0.000860961070288134,0.999137327958985,1.40000762980341e-09,3
"20041",0.605428015595799,0.31568476190907,0.0769118160910577,0.00197540640407302,1
"20044",0.458220181155058,0.421812244858242,0.104338672934973,0.0156289010517279,1
"20047",7.89936023674671e-07,0.992898589879531,0.0071001825601858,4.37624259545485e-07,2
"20050",0.0081148882934523,0.167496628250545,0.824315256922481,7.32265335221639e-05,3
"20052",0.853995559868149,0.0585132269640244,0.00585998178926093,0.0816312313785658,1
"20054",0.00136189613082438,0.998602481358831,6.1969581960003e-06,2.94255521484397e-05,2
"20056",0.00215569235255008,0.000464533442081468,1.4159642339159e-05,0.997365614563029,4
"20058",0.000106545237998082,0.998341915001812,0.00155152238367592,1.73765138558671e-08,2
"20060",0.996055195979834,0.00233375793720528,9.38906137886839e-05,0.0015171554691723,1
"20062",0.984022768547919,0.0152856234351307,0.000143575750186294,0.000548032266763851,1
"20064",0.0202567782138615,0.978862904923987,0.000219336890938873,0.000660979971213001,2
"20066",3.92459214270157e-05,0.999869815238779,4.29282146537205e-05,4.80106251398974e-05,2
"20068",0.999596197859269,0.000153790249234024,9.55343680957779e-06,0.000240458454687562,1
"20070",0.998550939141322,0.000352964414051694,0.000917579945343664,0.000178516499282476,1
"20072",0.00469251329150304,0.995215750774098,9.12906528445404e-05,4.45281553806487e-07,2
"20074",0.000224091614752587,5.7931271168858e-07,5.6114231596867e-08,0.999775272958304,4
"20076",0.116702464648831,0.0150549151025352,9.92632748477511e-07,0.868241627615885,4
"20078",0.0350878828259045,0.960219465447781,0.0042849286420925,0.00040772308422187,2
"20080",8.879825604702e-06,0.998429179128013,0.00156180249531127,1.38551070960598e-07,2
"20082",2.3356345933258e-05,0.0130609010998038,0.986915273498373,4.69055890313334e-07,3
"20084",0.00915087727947883,0.937562525464673,0.0161368144839168,0.0371497827719311,2
"20087",0.0555624349598002,0.943054645995652,0.0013776597627523,5.25928179491457e-06,2
"20090",7.86409180645309e-05,0.968215934086431,0.03170481263698,6.12358524369731e-07,2
"20092",0.22076385721902,0.0356303862688859,0.743604298675729,1.45783636528105e-06,3
"20096",0.420653513512896,0.019100640085846,0.546034168533641,0.0142116778676177,3
"20098",0.593564217151682,0.00136235465241882,8.14170650544182e-05,0.404992011130845,1
"20101",0.000147532980284247,0.997434987185381,0.00217699128161766,0.00024048855271752,2
"20104",0.934966763637298,0.000332123438575684,0.0598343814926958,0.00486673143143067,1
"20106",0.000931143852087606,0.99876648209071,0.00018116686942902,0.000121207187772959,2
"20108",0.939435307075923,0.00147857495545849,1.01115076931463e-05,0.0590760064609248,1
"20110",0.314341350125597,0.0191974332142479,0.511584980946835,0.15487623571332,3
"20112",0.0144610245738317,0.95983804620474,0.025624758929382,7.61702920458964e-05,2
"20114",0.0404403318601749,0.839175116471118,0.0027895839980124,0.117594967670695,2
"20116",0.00886969062967901,0.954942200982619,2.5512702783387e-05,0.0361625956849192,2
"20118",0.643618898686834,0.163991594092338,0.00126583581311865,0.191123671407709,1
"20120",0.00364045047158635,0.961351447966425,0.0338633144431515,0.00114478711883768,2
"20122",0.00214439715374996,2.2362551864654e-05,2.3824493929359e-07,0.997833002049446,4
"20124",8.97802990859283e-05,0.996878191277927,0.00303199744106772,3.09819197083085e-08,2
"20126",2.29724634197521e-05,0.0175833921614856,0.982392223214843,1.41216025189741e-06,3
"20128",7.31008008892076e-07,0.323856603786497,0.676142645922061,1.92834321649006e-08,3
"20141",0.775032649795387,0.000412769202068233,0.0490367002608587,0.175517880741686,1
"20143",8.50537551887067e-05,6.48739633728196e-07,7.48553408380954e-08,0.999914222649837,4
"20145",0.00571852447433256,0.987534846931213,0.00672571751535152,2.09110791031589e-05,2
"20147",0.00182901884522055,0.997872860168921,0.000278062024782739,2.0058961076407e-05,2
"20149",0.00199355192559516,3.78036324800138e-06,5.18802889691642e-07,0.998002148908267,4
"20151",0.803264222433551,0.00179736368549657,4.54341361508846e-05,0.194892979744802,1
"20153",0.210337588092438,0.00624527143770995,0.0345017784797267,0.748915361990125,4
"20155",0.000528274062560089,0.999063227880095,0.000406663499963907,1.83455738056901e-06,2
"20157",0.263578143347696,0.000571074373549097,7.02269727679309e-05,0.735780555305987,4
"20160",0.000108873957473044,1.41440051466967e-06,1.80484536540111e-07,0.999889531157476,4
"20162",0.00423721472597443,1.53120537426188e-06,1.88709610716635e-07,0.995761065359041,4
"20164",0.0550943657284806,0.000434466807408146,0.000131369460818941,0.944339798003292,4
"20166",0.000463047582935319,0.99689060493524,2.08088905584292e-05,0.00262553859126559,2
"20168",0.0524003917489275,0.561980176546576,0.000188621318367213,0.385430810386129,2
"20170",0.48042362429104,0.00107927909200985,0.000256388222625711,0.518240708394325,4
"20172",0.00404900097460212,0.994065166664174,0.00188548255893289,3.49802291322277e-07,2
"20174",0.644908620884892,2.24910403195861e-05,2.98424016104941e-07,0.355068589650773,1
"20176",0.771554853852052,0.199503647109081,8.29587736550839e-05,0.0288585402652119,1
"20178",6.83509303114953e-05,1.7153425186185e-06,3.6776941335888e-07,0.999929565957756,4
"20181",0.000291708169563591,0.992407797256404,2.64069019689184e-05,0.00727408767206316,2
"20183",0.98789639471688,0.00948761306169935,0.0025406528107832,7.53394106374418e-05,1
"20186",0.977982304749088,0.0183113261066629,0.00370458552641129,1.78361783831408e-06,1
"20188",0.000495837346580504,1.61259028999592e-06,4.09031496356485e-07,0.999502141031633,4
"20190",0.000105881880772641,0.999843361100345,4.88611663014882e-05,1.89585258050407e-06,2
"20193",0.00160844376533829,0.00369681075297955,6.51593141114128e-06,0.994688229550271,4
"20195",0.158070199659192,0.00482029374865501,0.00013471116873729,0.836974795423416,4
"20197",0.00320419307404064,0.995948615897677,0.000846629827463848,5.61200818534741e-07,2
"20199",0.0536527044075692,2.83078202641626e-05,3.58061463844439e-05,0.946283181625782,4
"20205",5.15111931807669e-05,0.000612379888374077,0.999336069462861,3.94555837575351e-08,3
"20208",0.953738498040834,0.00599544855875242,6.29587928662469e-05,0.0402030946075471,1
"20210",0.0111630962367958,5.46163191884955e-06,8.21101932271677e-07,0.988830621029353,4
"20212",0.098935697865575,0.000490166220664664,2.74789108284955e-05,0.900546657002932,4
"20216",0.00283075149589923,0.996844961296143,0.000139729131357981,0.000184558076599392,2
"20219",0.00574033429791814,0.423903522858266,0.570215474787885,0.000140668055931148,3
"20223",0.000162366973852476,0.999298016067862,0.000539593956930467,2.30013549942921e-08,2
"20226",0.833902004897043,0.141030229760859,0.0199111746218531,0.0051565907202454,1
"20230",4.96860240611055e-05,0.999764973171422,0.00018502000345771,3.20801058872569e-07,2
"20233",0.00409903392409063,1.29976100222431e-05,0.99580349488661,8.44735792775234e-05,3
"20235",0.00189259654859139,0.958935802209289,0.0391715189291258,8.23129938871002e-08,2
"20239",0.0460493217347604,0.952557117964621,0.00138252487132414,1.1035429294614e-05,2
"20254",5.55821985956975e-06,0.0136306781559721,0.986363724492117,3.91320514428042e-08,3
"20256",0.000251631574819643,0.999287231211493,0.000461075351165464,6.18625213305432e-08,2
"20262",0.202202675110112,0.00039609075119095,2.22227130423837e-05,0.797379011425655,4
"20270",0.0406477690060172,0.946823201592804,6.84497926741468e-05,0.012460579608505,2
"20284",0.458084204644832,0.0249540656219847,0.516844602388864,0.000117127344318593,3
"20287",7.87388844828796e-06,0.999715626080767,0.000276487759692658,1.22710923355795e-08,2
"20290",0.00190842098986812,0.00471204241945777,0.993327678942661,5.1857648013144e-05,3
"20293",0.0458086012656532,0.950778295010946,0.00336075293937524,5.23507840257261e-05,2
"20296",0.299874876922485,0.0100610713529705,6.52860733037892e-07,0.690063398863811,4
"20301",3.90333038526109e-06,0.99904304883315,0.000924833418700472,2.82144177647731e-05,2
"20304",5.49820073094986e-05,0.0162467682282258,0.98369740821332,8.4155114488077e-07,3
"20306",8.92707326792173e-05,0.99698042680494,0.00293028401393079,1.84484501564674e-08,2
"20309",0.279574667729458,0.709777459736078,0.0101465560966346,0.000501316437829609,2
"20311",0.00680243182276278,0.990680230404702,0.00161120820207602,0.000906129570458996,2
"20314",0.90373152492734,0.0124757921791628,0.000458209958114762,0.0833344729353824,1
"20318",0.000238376740453187,5.62859513216641e-05,6.42697557620725e-07,0.999704694610667,4
"20320",0.974132702676217,0.00583770581279335,0.0136045785074428,0.00642501300354708,1
"20326",0.814831481688939,0.0150264527484114,0.000866956931789686,0.16927510863086,1
"20328",0.990877806969217,0.00329089146856697,0.00575903922506154,7.2262337154058e-05,1
"20330",0.00814518777659274,0.952885165287635,0.0389572357704244,1.24111653480436e-05,2
"20336",0.0267893537542598,0.0286261838798966,0.944579410840928,5.05152491591934e-06,3
"20338",0.00158619739875501,0.0359693437755652,0.962225386248754,0.000219072576926334,3
"20340",2.38390548264801e-05,0.999228868013837,0.000747095228795992,1.97702540036545e-07,2
"20342",0.000791507400231132,0.00133395365066051,0.997364512380007,0.000510026569101369,3
"20344",0.00310234943226104,0.995852971353355,0.00104195725217698,2.72196220727084e-06,2
"20349",0.000155038243665313,0.999563703087716,0.000281207242384809,5.14262335935943e-08,2
"20351",0.0440620804913457,0.935580885816826,0.0192030500380672,0.00115398365376168,2
"20353",0.00189331219551646,0.902329755483207,0.0957764710396654,4.6128161129344e-07,2
"20357",3.86687465682859e-05,0.00293007684722363,0.997031250629383,3.77682542850464e-09,3
"20360",0.00349185242462299,0.0334222415083383,0.963076207873116,9.69819392263966e-06,3
"20364",0.0379212630634257,0.95512918045759,0.0069107897773601,3.87667016242172e-05,2
"20366",0.00713331848278994,0.00327363254339261,0.989552955663657,4.0093310160671e-05,3
"20381",0.286233998902886,8.909342836027e-05,1.59124818849784e-05,0.713660995186868,4
"20391",0.536024469224916,0.420417667063363,0.0435566920014972,1.17171022361494e-06,1
"20394",0.997489964654121,0.000325272767575111,1.14126847740934e-05,0.00217334989353027,1
"20396",0.930647420375796,8.36222810165478e-06,3.41539658506614e-07,0.0693438758564444,1
"20409",0.118548085194845,0.638211966161625,0.00184521069333339,0.241394737950197,2
"20411",0.000834145957576539,0.893092412833276,0.106073416698231,2.45109162103963e-08,2
"20416",8.44444051940117e-07,0.0827518902964643,0.917247264569677,6.89806355503344e-10,3
"20418",0.672057115456446,8.51001520664101e-06,2.13711936834467e-07,0.327934160816411,1
"20420",0.0257642108996956,0.000112745867185238,0.973573059098747,0.000549984134371756,3
"20422",0.000983731427492507,0.998071700498358,0.0008467169115503,9.78511625988796e-05,2
"20424",0.000607266294658932,0.949135153707338,0.0502575233955034,5.66024992884376e-08,2
"20426",2.21200890562707e-05,2.69575378141109e-05,0.999763536576025,0.000187385797104804,3
"20428",0.150434787259338,0.849432705980833,6.76933168293336e-05,6.48134429998308e-05,2
"20431",0.695482727234915,0.0985928180200469,0.0264508264860895,0.179473628258948,1
"20433",5.65805911571889e-05,0.999898081630487,4.51683459804877e-05,1.6943237585827e-07,2
"20436",0.0796172791377022,0.914810590191986,7.18549671351704e-05,0.0055002757031764,2
"20439",0.635161655795457,1.42749589080036e-05,2.56731595658597e-07,0.364823812514039,1
"20441",0.000176480507009663,0.00244773131056694,0.997375099374805,6.88807617973033e-07,3
"20444",0.000316961019020756,8.57344072365123e-07,1.20261449701476e-07,0.999682061375457,4
"20448",0.592313527498355,0.0250800620458992,0.00336374734884906,0.379242663106897,1
"20536",0.999375775844768,0.000509877917685974,3.57944134295359e-06,0.000110766796203314,1
"20538",0.0922336124405256,0.339389122791056,0.568358695288159,1.85694802594645e-05,3
"20541",2.25491252316019e-05,0.940478039820888,0.0594993750099117,3.60439686364519e-08,2
"20544",0.595829612040496,0.388224980020465,0.00267892470847174,0.0132664832305676,1
"20546",0.00207829527491466,0.988962398656132,0.00895921032677725,9.57421767765579e-08,2
"20550",0.450242375933597,0.492616868961427,0.0502978185639244,0.00684293654105202,2
"20553",1.74224058178143e-07,0.0638878034533092,0.936110504773419,1.51754921395816e-06,3
"20555",0.00419422596504726,3.66273439818834e-05,0.995768372540703,7.74150268289016e-07,3
"20557",0.287546852543554,0.300993439454179,0.406381394359271,0.00507831364299559,3
"20559",0.000473046268341769,0.999379189763185,0.000140847838280098,6.9161301929585e-06,2
"20561",0.51072563463658,0.00380566878747514,0.000240270814249895,0.485228425761695,1
"20564",6.83509303114953e-05,1.7153425186185e-06,3.6776941335888e-07,0.999929565957756,4
"20566",0.131520252794417,0.868133005349891,3.71191568406583e-05,0.000309622698851541,2
"20569",0.729056029539519,7.5300248429483e-05,2.10762505617113e-06,0.270866562586996,1
"20572",0.0538604744115645,2.43772092671718e-05,1.94493820796305e-07,0.946114953885347,4
"20574",0.000278747194113174,0.99643572569602,0.0032762495070878,9.27760277850039e-06,2
"20576",0.000334064947863606,9.72033830993043e-06,9.15251215567911e-07,0.999655299462611,4
"20578",0.127371852606359,0.862803701660115,0.00159477985300239,0.00822966588052301,2
"20580",0.174505890902778,0.825050677729593,0.000158190222871608,0.000285241144757148,2
"20583",0.000196883737969152,7.31648066859204e-06,7.32391775772306e-07,0.999795067389586,4
"20586",0.0886375624164232,0.908436201767417,0.00290751661641545,1.87191997440296e-05,2
"20589",0.000161291392238142,0.999507288095155,0.000331408794875318,1.17177315511016e-08,2
"20591",0.745893080413211,0.00922067160621735,0.24483819957131,4.80484092617313e-05,1
"20593",1.71427118787966e-06,0.999860755048518,0.000137429172192742,1.01508100857799e-07,2
"20595",0.00361524871660439,0.995685329998566,0.000557610699595211,0.000141810585234978,2
"20597",0.994205800579204,6.79849968789087e-05,1.56786875462104e-06,0.00572464655516186,1
"20599",9.20666971797471e-05,1.96620341827614e-06,1.83880823458101e-07,0.999905783218579,4
"20601",0.997615018373486,0.00115861807795891,0.000211120296626469,0.00101524325192846,1
"20604",2.65414340970735e-05,0.999834336172668,0.000135134803163147,3.98759007182898e-06,2
"20606",3.63028099460733e-05,0.999803711998244,0.000159834397738188,1.5079407123491e-07,2
"20608",0.00168871877411759,0.998275239845009,3.44748495811856e-05,1.56653129261916e-06,2
"20610",0.00187321374377412,5.08252031473794e-05,4.85828360494154e-06,0.998071102769474,4
"20612",0.0319566543767146,0.670809635191722,0.285093718627214,0.0121399918043495,2
"20614",0.00791037463166287,8.22087432366606e-06,3.37287339427609e-06,0.992078031620619,4
"20616",0.983501177325456,0.0136380394314781,0.00037093900916042,0.00248984423390539,1
"20618",0.00119249464326387,0.000692404651633567,0.998073505220771,4.15954843318539e-05,3
"20620",0.00199656803368783,0.99776735108592,9.52038988469929e-05,0.00014087698154525,2
"20622",0.000705977715405786,2.66594516086919e-05,1.23765297899597e-06,0.999266125180006,4
"20624",0.00087573617384926,0.972071745451577,0.0270521665178273,3.51856746670516e-07,2
"20626",0.0921698089990314,0.902593322694129,7.80437166342017e-06,0.0052290639351763,2
"20628",0.723887373838839,0.273772842144925,0.000570390261871936,0.00176939375436414,1
"20630",0.0853962140241746,0.894875192931776,0.000848856718879329,0.0188797363251705,2
"20632",0.0115206779861211,7.26495485489038e-07,4.45302946532566e-08,0.988478550988099,4
"20634",6.26699799454414e-05,0.999822354571715,0.000114854883060077,1.20565279110236e-07,2
"20637",3.42090468751222e-05,0.0180979374042292,0.981849651463043,1.82020858527003e-05,3
"20639",0.229806003979629,7.63611846168552e-05,2.30373887330253e-05,0.770094597447021,4
"20644",1.84907482627706e-06,0.485875631639238,0.514122262081946,2.57203989555445e-07,3
"20646",0.00112030931576069,0.973352920706707,0.0254784390669454,4.83309105875794e-05,2
"20648",0.966722774647717,0.000794334890949991,0.000245363948602511,0.032237526512731,1
"20650",0.00032599823190818,0.760784123747876,0.238889609257508,2.68762708425713e-07,2
"20653",0.991009351060422,0.00104457368637065,0.00141665062177797,0.00652942463142882,1
"20658",0.000795066489002634,0.999188990506162,1.56914743352867e-05,2.51530500310735e-07,2
"20661",0.0215477722456532,0.0839051145250874,0.894535101135765,1.20120934941001e-05,3
"20663",0.359537849752015,0.637148098539889,0.00328469905850486,2.93526495916399e-05,2
"20665",0.000121875646075446,9.20244483022895e-06,4.66776047183317e-08,0.99986887523149,4
"20667",0.972437156622651,0.026001537108077,0.000973211659358471,0.000588094609913406,1
"20669",0.991330850760558,2.61520952009342e-05,2.75696709349765e-06,0.00864024017714724,1
"20671",0.00135668847865606,0.230933155024049,0.767565391304138,0.000144765193157038,3
"20673",0.973584762071261,4.57874447443602e-05,8.93656191066646e-07,0.0263685568278033,1
"20675",0.993043305905135,0.00686305160577709,1.32313306913684e-05,8.04111583964175e-05,1
"20677",0.5506159066101,0.448902643061577,0.000458407429193181,2.30428991293548e-05,1
"20679",0.975551627335232,7.80664548227726e-06,1.26996320019529e-06,0.024439296056085,1
"20681",0.999813677755558,0.000112247824479149,7.54083419848899e-06,6.65335857642635e-05,1
"20683",0.694878502620139,0.304911861721102,0.000158187035925377,5.14486228328723e-05,1
"20685",0.0173699827401098,4.13403766115395e-05,0.982441329451973,0.000147347431305355,3
"20687",0.0593079774675161,2.55370587043629e-05,7.66959395638515e-06,0.940658815879823,4
"20689",2.80732833368655e-05,0.30248720475184,0.697484493813271,2.28151552701599e-07,3
"20691",0.000411029843010952,2.0092375785618e-06,4.40463812769086e-07,0.999586520455598,4
"20693",5.90340876390903e-05,0.998220994517132,0.00171994833532233,2.30599059803423e-08,2
"20695",0.991138279563928,0.000569452183057177,5.582509122788e-05,0.00823644316178666,1
"20697",0.00013746868417075,0.999197864661439,0.000587593115545153,7.70735388448594e-05,2
"20699",0.753126807566333,0.246484275372168,1.45269904244098e-05,0.000374390071074067,1
"20701",0.141287034249169,0.858346105766464,0.000364545331222387,2.31465314508218e-06,2
"20703",0.981342338986651,0.000309010575724515,0.0131126447614759,0.00523600567614817,1
"20705",0.00275897848779323,0.991211051750733,0.00602935607918858,6.13682284648156e-07,2
"20707",0.990397037249292,0.00878746201743351,0.000758297267702968,5.72034655718652e-05,1
"20709",0.076492490710699,0.0406632476500711,1.85618280180764e-05,0.882825699811212,4
"20713",0.941994047426943,0.000222413754819877,0.0189533150013236,0.038830223816914,1
"20715",2.84682129842664e-05,0.858188387959012,0.112498675983021,0.0292844678449825,2
"20717",0.999359872006049,0.000248923707121504,5.6820789126664e-05,0.000334383497702742,1
"20720",0.0146680500001221,0.984746785963995,0.000539851573787711,4.53124620949051e-05,2
"20722",0.0190542705627694,0.980806977176757,0.000133121176673972,5.63108379942584e-06,2
"20724",0.780180680365576,0.000110119608740007,1.87204805593366e-05,0.219690479545125,1
"20726",7.40320204416e-05,0.998463964268402,0.00146198936954512,1.43416108566848e-08,2
"20728",0.999659116170906,4.08339352711503e-05,4.62512342894245e-06,0.000295424770393609,1
"20730",0.554108450151068,0.00217559672614708,0.000166001402976201,0.443549951719809,1
"20732",0.476320602786764,0.42349495749994,0.0999229737826731,0.000261465930623434,1
"20734",0.590683569003819,0.406596425895028,0.00263264872605044,8.73563751024173e-05,1
"20736",0.130407883117101,6.77139292374505e-05,2.09758741928326e-06,0.869522305366242,4
"20738",0.0194390042594537,0.519721966714312,0.0727204767962674,0.388118552229967,2
"20740",0.101840661744449,0.605748385364358,0.292410794908204,1.57982988540603e-07,2
"20742",0.997072751386673,0.000227573348282735,0.00228392775222789,0.000415747512816657,1
"20744",0.0394212668254848,4.48382345600237e-06,3.95935476614378e-08,0.960574209757512,4
"20746",0.918692611061256,0.0809896366823369,0.000169095399260365,0.000148656857147273,1
"20748",0.687083144437797,0.000115944830004084,6.90888154153199e-05,0.312731821916783,1
"20750",0.354514556250243,0.000841327688888083,3.21635806964438e-06,0.644640899702799,4
"20752",0.0306477388410623,0.968083429947831,0.00126749392090987,1.33729019700196e-06,2
"20754",0.986485709528918,0.000189111651511955,1.48474904103974e-06,0.0133236940705293,1
"20756",0.551623949065353,0.141505517194595,0.000527490145476548,0.306343043594576,1
"20758",0.344739242535713,0.2681196073774,2.37948544592743e-05,0.387117355232429,4
"20760",0.834629672553301,2.47673305221838e-05,8.72330291533202e-07,0.165344687785885,1
"20762",0.998632476805198,0.000112803729770024,3.28488173054531e-06,0.00125143458330169,1
"20764",0.319147467582202,1.15287126666324e-05,6.0309786330559e-06,0.680834972726498,4
"20766",0.906871746958627,5.18737847581442e-05,1.02826982622593e-05,0.0930660965583522,1
"20768",0.174075948669491,0.00128436951702268,6.06285079913676e-05,0.824579053305495,4
"20770",0.973189512434361,0.0262687434391627,1.04262542130591e-05,0.000531317872263352,1
"20772",6.42107676088888e-05,0.999912439742866,2.19057022642605e-05,1.44378726114145e-06,2
"20774",6.81770495567988e-06,0.998739476729413,0.00125368551179061,2.00538402921543e-08,2
"20776",0.996446900576959,0.00161463333183014,0.00188323202960371,5.52340616074222e-05,1
"20778",6.62800397560228e-07,0.326721754500472,0.673277311567847,2.71131283230676e-07,3
"20780",0.810883133197823,0.0012876211825205,5.83818869534421e-06,0.187823407430961,1
"20782",0.932068067240753,5.55068943548312e-05,2.0991992664866e-06,0.0678743266656255,1
"20784",0.999044587212622,0.000214449039425525,3.60922414151949e-06,0.000737354523810448,1
"20786",0.000952798761780651,3.12015765036563e-06,1.5946690880476e-08,0.999044065133878,4
"20788",0.977462639293483,0.0201416293918798,0.00224084134568055,0.000154889968957266,1
"20790",0.910138579884785,5.03110994213405e-05,3.08191740128695e-07,0.0898108008240539,1
"20792",0.471546992937055,0.0460630363991622,0.00400769726239517,0.478382273401387,4
"20794",0.538485758675575,2.33558265076376e-05,1.65721653942022e-07,0.461490719776263,1
"20796",0.000549531869441187,0.995673890066309,0.00377649364924927,8.44150008444638e-08,2
"20798",6.83509303114953e-05,1.7153425186185e-06,3.6776941335888e-07,0.999929565957756,4
"20801",0.00156077449764049,3.60567192782458e-05,2.92732261118693e-06,0.99840024146047,4
"20803",0.958336157507187,0.0366617796162122,0.00497097442017716,3.10884564230782e-05,1
"20805",0.656007889346578,0.342382708240946,0.00149192760208591,0.000117474810390495,1
"20807",6.83509303114953e-05,1.7153425186185e-06,3.6776941335888e-07,0.999929565957756,4
"20809",0.9959916517143,0.00148275901331491,0.00104831882391611,0.00147727044846923,1
"20811",0.0264295482008484,0.0129992936724671,0.00336157297522412,0.95720958515146,4
"20813",0.47297165710373,0.446413152535235,0.00420662398516814,0.0764085663758674,1
"20815",0.00137917469455567,8.47873187056837e-07,2.10016550554441e-08,0.998619956430602,4
"20817",0.960040617154987,0.000225545366462937,0.000118314139524042,0.0396155233390264,1
"20819",0.654473241763923,0.337243163229476,0.00827898578942812,4.60921717266706e-06,1
"20821",0.00629381799390821,0.968742476854889,0.00093061334778838,0.0240330918034143,2
"20823",0.781754230673673,0.196380629234106,0.00694764288994923,0.0149174972022717,1
"20825",0.933602143710281,2.97819327876589e-05,3.25435354194437e-06,0.0663648200033894,1
"20827",0.171567252558878,0.000406362069773905,0.000388712476812392,0.827637672894535,4
"20829",0.00242288504051303,0.995677720537198,0.00186654372195009,3.28507003387698e-05,2
"20831",0.933628396215135,0.000141512529637354,2.35939633183518e-05,0.0662064972919091,1
"20833",0.80102228619495,0.00011302158767727,1.76774792462858e-06,0.198862924469448,1
"20835",0.969677449552057,7.48208280435925e-05,9.33729520722956e-05,0.0301543566678275,1
"20837",0.997323877996888,0.000329911545476149,0.000133220873485605,0.0022129895841503,1
"20839",0.988321572376957,8.33576036594172e-05,5.27177824378639e-06,0.0115897982411403,1
"20841",0.204399971829099,0.441384419498409,0.354137623683225,7.79849892661123e-05,2
"20843",0.998638616453253,0.00129408847197098,3.56844626615374e-05,3.16106121144915e-05,1
"20845",0.449625245217176,0.00145937431380298,4.63512606071173e-05,0.548869029208414,4
"20847",0.558786965728736,0.438733267943799,0.00212704672740734,0.000352719600057674,1
"20849",0.403651735411822,0.582965448846568,0.000321729346820861,0.0130610863947891,2
"20851",0.288654351537608,0.705015852288358,0.00627470560057075,5.50905734628563e-05,2
"20853",0.00958149305702312,0.464340550474906,0.526074431988941,3.52447912970718e-06,3
"20855",0.00284601059811488,0.9962313084027,0.000663565154951901,0.000259115844233396,2
"20857",0.365232228084373,0.633328890429197,0.00136653479997902,7.23466864511687e-05,2
"20859",0.0209877563850215,0.978790168916257,0.000106344990103056,0.000115729708618315,2
"20861",0.0351910445466461,0.0003276887547404,0.961338642642944,0.00314262405566951,3
"20863",0.637681845776009,6.35751905501899e-05,5.4078239143134e-05,0.362200500794298,1
"20865",0.998041191025974,0.00115858308026592,1.1737669145441e-06,0.000799052126845116,1
"20867",1.15636815251145e-06,0.998925026986831,0.00107378443742039,3.22075958085159e-08,2
"20869",0.482106818420129,0.000345644043573048,1.51893927714795e-05,0.517532348143527,4
"20871",0.000123982025295163,0.997886783593875,0.000657551600498508,0.0013316827803317,2
"20873",0.000101220919882471,0.999090259643595,0.00036746830209667,0.00044105113442602,2
"20875",0.0366356305185936,0.931175446266415,0.032141097425437,4.78257895545757e-05,2
"20878",0.00341125031441506,2.15753817159781e-06,2.44111971161802e-07,0.996586348035442,4
"20880",0.812140851174942,0.000206216756094615,3.16854223340354e-06,0.18764976352673,1
"20882",0.000316780889067732,0.997894602738168,0.0017856833397082,2.93303305585538e-06,2
"20884",0.994643203209653,0.00034117059775854,0.000171435230878583,0.00484419096170954,1
"20886",0.284191064525015,0.00207613161288228,7.10312751406605e-06,0.713725700734588,4
"20888",0.114071645119605,1.84842781393904e-06,1.13672132301531e-07,0.885926392780448,4
"20890",0.786896960556204,0.000632729118961159,4.44460128185276e-06,0.212465865723553,1
"20892",0.463234543873968,0.485664202914169,0.0510361038769108,6.51493349515627e-05,2
"20897",0.882103490723902,0.0804860603447496,0.0197607986376429,0.0176496502937058,1
"20899",0.869177357341835,0.0887160713225593,0.00144956859414651,0.0406570027414593,1
"20901",0.00136932594607729,0.0311060725497929,0.967508781327022,1.58201771079996e-05,3
"20903",4.10011679541123e-05,0.964093924687559,0.0309628378067304,0.00490223633775685,2
"20905",0.042516923392798,0.903152382320182,0.0183735172935906,0.0359571769934293,2
"20907",0.000863889232615233,0.999051584612734,8.393331841156e-05,5.92836239204355e-07,2
"20909",0.544629301497214,0.427262573436241,0.00138844029245471,0.0267196847740899,1
"20911",7.70873112748577e-06,0.0249248865431907,0.9750672569018,1.4782388205037e-07,3
"20913",0.984183921317195,0.00898564732064683,0.000351755887461042,0.00647867547469674,1
"20962",0.0847596604826472,0.915037519153622,0.000144474449466265,5.83459142644371e-05,2
"20969",0.00308340173779612,0.963796345170279,0.0202517808577756,0.0128684722341497,2
"20980",0.09155924265387,0.907547228225819,0.000214863280110398,0.000678665840200368,2
"20982",0.0120925888250625,0.98776548426275,0.000140506722897025,1.42018929082979e-06,2
"20984",0.991429253178188,0.000573844225671066,0.000683894953995441,0.0073130076421457,1
"20994",0.0103328342689103,0.977500671268641,0.0115329978666921,0.000633496595756218,2
"21015",0.161328537348738,1.58987879138227e-05,0.000716970485434642,0.837938593377914,4
"21023",8.92312690550726e-05,0.969621385301192,0.0302892599220752,1.23507677768225e-07,2
"21040",0.0835695750211455,0.91142362953999,0.0049938948067005,1.2900632164023e-05,2
"21073",0.235562456906173,0.542032561499565,0.214179690423524,0.0082252911707384,2
"21222",0.88185890049521,0.000636619507881822,8.75390999649959e-05,0.117416940896943,1
"21224",0.92562136769604,0.0701690889186924,1.39987090666592e-05,0.00419554467620121,1
"21228",0.259383778237223,0.0110498272610063,0.109892726978486,0.619673667523285,4
"21232",0.00200522361286216,0.963875703823193,0.0341187239993669,3.48564578209897e-07,2
"21237",0.0202241394565972,0.553302257967488,0.425503197924246,0.000970404651668165,2
"21240",0.90605821012311,0.000115079297726529,8.20508425265179e-05,0.0937446597366366,1
"21245",0.750847411276283,7.13458844926762e-05,5.5722016340529e-06,0.249075670637591,1
"21252",0.00480514701250349,0.863888447944644,0.13130630152217,1.03520682669649e-07,2
"21254",0.0498938094728892,0.833738680244468,0.116354599908409,1.29103742345923e-05,2
"21258",0.894594785833032,0.0961462023308195,8.80171392407269e-05,0.00917099469690778,1
"21264",0.856556575180477,0.00700535199066249,0.000365498243801505,0.136072574585059,1
"21305",0.962445831275538,0.0159043627214452,7.9200531145124e-06,0.0216418859499024,1
"21333",0.104340390428922,0.894273088986587,0.00138538449215197,1.13609233933177e-06,2
"21366",0.971653717511385,0.0251839331105555,0.00285269485425782,0.000309654523801383,1
"21377",0.00124401023499621,2.0213568521329e-05,1.70204022874078e-06,0.998734074156254,4
"21380",0.0600134186667873,0.919270079014299,0.000356896551516785,0.0203596057673966,2
"21387",6.19349169067364e-07,0.00014769636580813,0.999851683416505,8.68518072443356e-10,3
"21390",0.00549755647607901,0.984335653610195,0.0101645262628314,2.26365089459506e-06,2
"21392",0.761251147496286,0.180354608989244,0.0579296157495492,0.000464627764921468,1
"21403",0.0759662054670595,0.894648762691088,0.000216156657910865,0.0291688751839418,2
"21408",0.000624808533876131,0.998741651127863,0.000573115970687996,6.04243675728178e-05,2
"21412",0.000431917752271809,0.0224695192135661,0.976814386942462,0.000284176091700192,3
"21421",0.995949290038859,0.00252191373463275,4.55486602104295e-05,0.00148324756629785,1
"21424",1.21158274184705e-05,0.0385119573651916,0.96147591595634,1.08510501787926e-08,3
"21429",0.00310294324064642,0.991401635083029,0.00546954175035723,2.58799259676391e-05,2
"21431",0.984406999471215,0.0142125606351207,0.000222076332364576,0.00115836356129999,1
"21436",0.997017565498692,0.00209498755572238,4.89077931279025e-06,0.000882556166272863,1
"21439",0.0293096598854396,0.966078874862427,0.000835036124718645,0.00377642912741513,2
"21442",0.735656932893605,0.0794889669512315,0.00113889507255824,0.183715205082605,1
"21444",0.996071302119217,1.28895743462038e-05,2.68383273273376e-05,0.00388896997910937,1
"21446",0.00588647549201724,1.24890366368073e-06,4.75392905696756e-05,0.994064736313749,4
"21448",0.00477340363141923,1.21115125556224e-05,0.995122961130522,9.15237255032912e-05,3
"21450",0.583237620925547,0.349200316868554,0.0295404253192503,0.0380216368866493,1
"21452",0.021236527864419,0.97872031758619,3.66459733302184e-05,6.50857606091632e-06,2
"21466",5.12733111531475e-05,0.977517940828196,0.0224307790493528,6.8112980050598e-09,2
"21470",0.0934820361146273,0.905735188215925,7.1672633585182e-05,0.000711103035862491,2
"21472",0.00979429656184308,0.989442491794097,0.000763127488889955,8.41551694509706e-08,2
