"","V1","V2","V3","V4","V5","V6","V7","V8","best$classification"
"19811",0.0397248204851731,0.00116522310864045,5.17001314799493e-12,0.0461482390306787,1.71657580382132e-07,0.510947359022814,4.69059948997397e-09,0.402014181999343,6
"19813",6.55173729551839e-07,0.0149399794820865,1.46382100267035e-27,3.14884426034169e-42,1.22802572897816e-40,0.985059365343397,8.17197457693828e-25,7.86547010059349e-13,6
"19815",0.0139369669474652,2.80771110678613e-05,5.89372116439198e-05,9.70035771575182e-13,1.42042134835264e-21,1.19733823840504e-11,0.004040618884415,0.981935399832465,8
"19817",0.021759078790566,1.31503780892174e-05,5.13876601778168e-07,0.0705680003764079,8.49635946901913e-08,1.7537919447864e-06,0.00164775099562072,0.906009666827175,8
"19819",0.00571993966637068,0.023920143634456,0.366863573872181,6.26871265585121e-90,5.12032158663508e-47,3.59184960628832e-34,0.603496342826992,9.15468964350987e-29,7
"19821",0.33313759144658,0.404575802528565,2.97926032337693e-08,0.000194520217444553,7.86425786240851e-06,0.0157724699610386,1.96214666164345e-12,0.246311721793943,2
"19823",7.98156276014495e-06,0.0207470137721812,1.3478210705594e-11,5.04150684444249e-16,9.10183129557787e-29,4.29357589812202e-24,0.979243522580944,1.48207063562936e-06,7
"19825",0.000719711728046761,0.999280286108651,1.73050568948859e-21,1.27230061620626e-69,2.12844050856663e-25,2.16330166272034e-09,1.95607524127458e-21,5.64187843952788e-40,2
"19827",0.0188772099051221,0.00178818437517163,2.61771901789287e-08,0.755354977229878,0.222885306923888,9.38300860261315e-11,0.000815571843004368,0.000278723451915419,4
"19829",0.980527449408359,0.00241149943147357,0.0170610358757783,2.72146846761728e-41,1.40416353041663e-11,1.42420738259135e-10,1.51279265121662e-08,4.7958526233415e-16,1
"19831",0.0397647889631235,0.00573264336827672,0.0561765993448567,2.77292907189022e-112,3.76270182996688e-57,8.53991983587502e-26,0.898325968323743,5.34931628448915e-24,7
"19833",2.64278836869419e-15,0.999997623254921,7.5444553444063e-41,2.53255860855513e-135,1.32409090078276e-76,4.32259134845311e-40,2.37674507620609e-06,7.25579898654848e-84,2
"19835",0.33313759144658,0.404575802528565,2.97926032337693e-08,0.000194520217444553,7.86425786240851e-06,0.0157724699610386,1.96214666164345e-12,0.246311721793943,2
"19837",0.00347109683202606,3.38686936217923e-05,6.35531890238259e-07,0.976154200492165,0.0136345184367351,6.04693646624252e-07,8.74299788592552e-06,0.00669633232202948,4
"19839",0.999910727983265,7.03886869601594e-06,5.25340665594738e-05,3.12201223022264e-47,6.94295655260799e-12,2.96990744997797e-05,3.64180049548829e-14,1.24178037076059e-16,1
"19841",2.15544207298157e-05,0.985560097511327,1.18800621014916e-26,6.78810878865137e-36,0.0131634963342648,0.00125485173367872,5.77862000948733e-26,7.14969538244023e-36,2
"19843",0.729878794596046,0.270113097108902,7.41891706722067e-06,4.47453579205622e-125,7.6038418353279e-74,6.89377984391893e-07,7.05066044140481e-19,8.09567777533816e-30,1
"19845",1.04398550566146e-05,0.0314388701974052,6.28068094170997e-24,2.19881104207847e-17,4.97361710488598e-28,0.944421243547966,6.41274033846349e-15,0.0241294463995654,6
"19847",0.218273318261137,0.00901054568375363,1.25108928814318e-07,6.84246670871914e-22,2.49261018551278e-26,0.00334070427962962,3.87815309690938e-05,0.769336525135581,8
"19849",3.18346391978971e-09,0.00289804472212555,1.75674233204922e-33,3.13691060424153e-34,1.48058887775075e-36,0.997101952080939,1.49703296487352e-25,1.34711236192166e-11,6
"19851",0.000851124317289389,8.13391128649018e-05,7.57487707488548e-11,0.977495041509004,1.21448024469542e-11,1.4730864363233e-06,0.000255748287394232,0.021315273599118,4
"19853",1.914029833822e-08,0.995023868399332,1.86268357745076e-30,0.000364342296515998,6.1311813087152e-22,2.50412134011262e-06,0.00460903152880202,2.34513711520849e-07,2
"19855",0.000138975203777803,0.00398218650631665,1.96836849152907e-17,0.990422319096918,2.88118060833726e-08,0.000173262386707165,0.000104945198479202,0.00517828279599466,4
"19857",0.160393701777569,0.000111353575940307,6.52608971787762e-05,4.61385611798933e-07,5.14835204195752e-06,0.0025186907216051,7.68512343464782e-10,0.836905382521541,8
"19859",0.0685356488293372,9.27870871543675e-06,1.77330599324953e-06,0.000176144919531545,3.12851146187712e-06,4.30194676813669e-07,0.005578975501339,0.925694620028945,8
"19861",0.00218313987373815,0.00701280912556221,1.82969749635108e-15,0.000375997103137746,1.09808039569974e-16,0.167804742197242,2.72203699043693e-08,0.822623284479948,8
"19863",2.05438800742766e-10,0.0036769394690685,3.84103798640302e-48,6.14538583187309e-38,4.45860470190832e-14,0.996323060325448,5.78120599877423e-35,6.37485467306808e-29,6
"19865",0.000102214673583519,0.00072154467713784,4.94908844294973e-18,7.58567243938441e-05,0.999100245298183,1.38428913416056e-07,7.40028835558117e-14,1.97713790777079e-10,5
"19867",0.00379286826013544,0.00197477248055104,2.16285060379653e-10,6.2891611293492e-17,1.10253862736207e-29,0.000721919244450136,1.1609754657637e-06,0.993509278823112,8
"19869",3.62571297873645e-08,0.0124538425759476,1.39350422841718e-32,1.7796955562588e-10,4.04424276153777e-16,0.98754606332985,2.48512629400035e-20,5.76591027950101e-08,6
"19871",0.0854316620859049,3.3167866797197e-05,0.000298362613178131,0.341515855914653,0.00320386466512384,1.50771808910225e-08,0.00242337287320529,0.567093698903956,8
"19874",0.00788894574570449,0.000811835571940969,4.48533480525936e-15,0.988200895386742,9.80752265400707e-05,3.04776171798e-09,2.33203610771806e-05,0.00297692466022959,4
"19876",4.30076174294031e-06,4.12902540618131e-05,2.15575128915319e-19,0.99657724941147,1.3809192272649e-06,4.01480147803023e-07,1.67741751196733e-10,0.00337537700560846,4
"19878",0.971536680091116,0.0284619970296144,1.11852844324385e-06,1.09929071276128e-51,2.55894328713912e-33,2.70016604262024e-11,2.04323823363736e-07,9.77403950001642e-16,1
"19880",4.38074524025541e-08,0.000198699438255565,1.54829927142685e-28,7.60497112002922e-09,0.999774404712089,2.68444372304267e-05,1.00910649417734e-16,1.85187434688335e-15,5
"19882",0.00335161896118738,0.518710464420787,2.72470016120218e-21,6.72941773687937e-09,5.25181884820193e-16,0.471314022800892,4.18022504814152e-11,0.00662388704591319,2
"19885",0.0380098830367261,3.85945660004543e-06,0.0107543307239491,2.22301157995012e-05,6.76306912005864e-08,1.50263959107392e-06,7.17051405059585e-05,0.951136421256137,8
"19907",0.00332803320289819,0.0394080969125813,1.09904989059155e-14,3.81495093356989e-12,4.1576613014177e-25,0.0232136968877679,3.24000645665552e-09,0.93405016975292,8
"19909",0.0989603427665964,0.000402716062925498,0.900636580663124,6.99408125174555e-49,5.42329399894802e-28,1.681697166864e-07,1.31143291702809e-08,1.7922330826181e-07,3
"19911",0.985850003220247,0.000186947260302569,0.0139629150561426,5.03877212493287e-34,1.09122483368705e-10,1.1981667829913e-10,1.34227005552669e-07,7.36294705059305e-12,1
"19913",2.12510609318569e-08,0.000320048646548725,1.73646353739505e-29,3.87857020549016e-18,0.999679930084003,1.8387732571199e-11,3.52625971811607e-19,5.00902614492708e-29,5
"19915",0.000361296215041357,0.000141000834359886,3.70279782176635e-14,0.0145349087120812,0.98495275945984,2.56172511174155e-07,5.61303239500636e-06,4.16557373434431e-06,5
"19917",0.0153064480992371,3.62289043856067e-05,1.94391785794552e-11,1.90190980750115e-06,0.984655041972642,3.65136719145675e-07,8.19532357011997e-09,5.76244541558012e-09,5
"19919",0.0119878786790239,2.996385438506e-06,1.56796385477848e-07,0.938215251591529,0.0246034704296654,2.99068797435398e-08,0.000367120212022195,0.0248230959990564,4
"19921",0.00920888961062209,9.76678497968767e-05,5.37594110389714e-08,0.000402318831538921,8.30879287371784e-16,0.000230282878160652,4.17871654039091e-05,0.990018999905066,8
"19923",0.994412126288102,0.00181931179926574,3.19638699372492e-06,4.90327586659807e-35,8.37261579154449e-39,5.41479521781851e-09,0.00371850540883098,4.68547020123848e-05,1
"19925",0.000908382464372718,0.0001128686351308,3.51001253519193e-14,0.00014432135913003,0.998834110714013,1.60587096197527e-07,8.4915736769135e-08,7.13244858105517e-08,5
"19927",0.00196628091886854,4.59368255762113e-05,2.94737046179065e-08,1.1755945039534e-05,7.43291202467881e-15,4.69316244319552e-08,0.00035733908672134,0.997618610818458,8
"19929",4.83724474998459e-09,0.152505575997614,2.74511345639112e-43,7.73195174241595e-24,0.0019044447400087,0.845589974425133,3.35225633326695e-33,7.56154131612142e-25,6
"19931",0.0371812578363004,3.40080666033356e-05,7.05567021098026e-05,2.07403092026093e-12,2.98325874175936e-15,1.01474306824919e-11,0.00159679796751346,0.961117379415249,8
"19933",0.198515589658917,0.000620433488972279,0.796784077710009,3.40134304947133e-21,3.62955993628012e-13,1.3199537355653e-12,0.00069565526337035,0.00338424387704748,3
"19935",0.968421918932495,0.00981034956470807,0.0129065004084148,2.27423217423156e-18,4.26613043639856e-12,1.28972759833286e-05,2.33495296260965e-09,0.00884833147917946,1
"19937",0.00202076763189484,7.47640067112799e-05,1.33020081141226e-07,1.69750982535119e-06,6.03044316411469e-19,6.76850105702804e-10,0.00255467863034351,0.995347958524294,8
"19939",0.900730840254922,0.00347413830423072,4.42090742939924e-07,5.93436358353386e-07,4.35575928570114e-11,1.84977101616382e-09,0.00647262252307566,0.0893213614973414,1
"19941",0.999051312708923,0.000885685945483208,6.29921521733887e-05,3.40854879865956e-41,4.66477430552678e-12,9.18872012609799e-09,3.54914341396166e-14,1.54864930346402e-17,1
"19943",2.91272860339176e-05,0.00362566056189734,4.33627928837981e-21,0.00087977732052801,0.995465433930227,4.74439492788369e-11,8.53275667522252e-10,5.9386488621775e-13,5
"19945",0.0379313715617685,3.42584369454441e-07,0.957653638182866,8.67032020339077e-30,2.9549409849556e-16,1.63503028296685e-13,0.00255869189272013,0.00185595577811218,3
"19947",0.173348993421806,0.825294774868098,7.35573885139667e-13,1.00257531162305e-33,7.72453508837468e-09,0.00135622398479066,3.49888740604193e-14,3.84401839299608e-18,2
"19949",0.972737905807747,0.00388686478604684,0.00648963125317142,1.63575006444552e-38,8.3329054938983e-33,4.67433903812136e-12,0.0168820132980819,3.5848502781331e-06,1
"19951",0.793384745026852,0.00128527171590703,3.28952168290324e-07,6.73488410408001e-08,0.205316776293884,3.3077644929665e-06,4.70386030354392e-06,4.79903755174685e-06,1
"19953",2.29096286009502e-05,0.0252928666226488,0.00014682230105251,2.04930140201851e-82,5.3011122733098e-67,6.5382015742724e-31,0.974537401447698,7.71509008196293e-23,7
"19955",0.979706994520848,1.57316856185928e-06,0.0134064849110073,4.995815776271e-88,4.78512071737063e-43,2.61089673212132e-13,0.00688494739932185,1.43243404120997e-16,1
"19957",0.440984022055599,0.0410987586045523,4.51646997646179e-10,1.22859601246475e-09,0.000601536997895834,1.54471547029461e-11,0.517315622114566,5.85316961585286e-08,7
"19960",0.986096183958155,0.013462614379622,0.000441201441911411,3.03608263956826e-51,4.82933322557649e-22,2.18683826229655e-10,1.62736272723062e-12,2.34569059664046e-16,1
"19963",1.35070794703862e-10,0.999999979514252,1.15673423106151e-33,1.96485651587753e-69,3.10816426913735e-25,1.35718686638564e-34,2.03506775792322e-08,2.2222436506676e-58,2
"19965",0.904311872794529,0.000194167727154616,0.0954939452770497,2.76128548875476e-94,1.78032423009091e-54,1.30696195532635e-09,1.28943051653527e-08,3.84375713819955e-20,1
"19968",0.00284019984603778,0.996872226416185,2.5926213803054e-16,1.79593714031029e-18,4.1340002402246e-06,0.00028343969818242,2.00778450613623e-28,3.93546349215619e-11,2
"19971",3.0483611136914e-07,0.999999695074978,4.47156982283154e-25,1.04515078731163e-66,6.23356985150895e-11,2.20377436574678e-18,2.65751914652036e-11,4.36031191624959e-58,2
"19973",0.00210316384688565,6.04208781293275e-06,8.86430840652164e-08,0.954828960874747,0.000108364596109533,1.72409267513784e-05,2.49954890482658e-07,0.0429358890697183,4
"19975",0.016653029499565,0.00243625651849862,1.83666416293722e-12,4.06211920196719e-06,0.967576993251757,0.0133276112595973,1.16386210336821e-11,2.04733790501925e-06,5
"19977",0.00226574308014698,0.997726891480653,6.09988564063693e-29,1.51222337288769e-42,4.90199144953637e-13,7.36543135223114e-06,7.35770143926925e-12,2.09563680897919e-33,2
"19979",0.103686428575974,0.00110427471476924,0.89520660297991,8.92117917305039e-91,1.24927382163412e-34,5.54125611414334e-20,2.69372934596307e-06,2.25709481634301e-30,3
"19981",0.0444089983228465,2.21609837386161e-06,0.0379642171812323,6.76564666890485e-17,3.70787120791377e-14,4.14857521044686e-06,6.08576004506785e-05,0.917559562221849,8
"19983",0.317917230630734,2.52791360128248e-05,0.000382618897363057,3.54709629427386e-15,2.86538483638843e-18,7.27498378069599e-05,0.000203943000558798,0.68139817849752,8
"19985",0.000402047726189864,0.000147254083571021,2.91806532625437e-17,0.933585742370792,0.0655829313311218,1.00518722095436e-05,1.49219564109774e-08,0.000271957694159306,4
"19987",0.896396609013671,0.00779744249205369,0.00157095554772702,9.08433916001205e-05,0.00079931759064543,2.79446835689985e-06,0.000364998663098566,0.0929770388328467,1
"19989",0.00636552275375383,0.000928175992608198,0.990954380881939,6.21477039589955e-104,3.6493706065579e-57,1.07862992180312e-22,0.0017519203716989,1.03696652673878e-22,3
"19993",0.95191868328825,0.00462196505185943,0.0426388891390053,1.15617298420717e-16,2.52298121443672e-08,1.67191087820315e-12,0.000820008458228355,4.2883117236713e-07,1
"19995",0.877828768419157,0.00141075969256206,0.120757425594041,6.39311220929135e-24,6.62271686583305e-10,4.00817428370782e-10,3.40984453464131e-07,2.704246697007e-06,1
"19997",0.0143028680400722,2.35924593141081e-05,3.6745445211065e-09,0.0395620628319616,5.07211274339508e-07,8.93416370728928e-07,5.80674546534374e-05,0.946052004911809,8
"19999",0.000277955992588949,0.00100310476327928,2.71163534807578e-17,0.00184945799242216,0.970108105364748,0.0267591312166299,2.55613805489947e-08,2.21910895161943e-06,5
"20002",5.63641542536933e-08,0.990705682859491,1.31968733083515e-37,1.14169789887729e-58,4.32613928810602e-21,0.00929426077635442,2.91973969241279e-29,1.15538810589038e-39,2
"20004",0.946627567254358,0.0303340031371783,0.0230362432197431,1.91598346067697e-32,6.22676127444846e-15,1.91773528318734e-06,3.97634176864695e-10,2.68255796704508e-07,1
"20006",0.994357923088354,0.00564169373340184,3.93108787640204e-08,7.47434010063866e-55,3.15768443120148e-30,3.43587194338574e-07,2.80171077526648e-10,1.96213802748044e-18,1
"20008",0.996923542935379,0.00307337782792853,3.03906531678994e-06,7.81672425284266e-67,4.92911575917436e-33,3.48234021862876e-13,4.01710277622048e-08,1.13735336787632e-21,1
"20010",0.102408786622676,1.49510037698645e-05,0.865591838978352,1.60849401384095e-38,4.89160150362829e-26,2.26708206372785e-15,0.0319779183659731,6.50502922698073e-06,3
"20012",0.0060818173418351,0.957231165761227,2.62007879521449e-19,5.44786346711746e-12,0.034483574702727,0.00220343674386403,1.89651976668891e-15,5.4448967681539e-09,2
"20015",0.0506186628269184,0.00424245173065622,0.945138885442076,2.08876004027932e-95,2.21218229903098e-43,6.31075093029168e-14,2.85894115604537e-13,5.00578643492688e-25,3
"20017",0.000145670929283699,8.47438326971935e-05,2.16130002991367e-14,0.9811567318004,2.56808089069198e-05,0.00069442441410581,2.2850054475791e-09,0.0178927459295789,4
"20019",0.0327711110785691,0.00320846263898111,0.963997616129056,2.74286411185063e-128,6.89353408884943e-61,6.75914101283673e-24,2.28101533935018e-05,7.70144688623955e-39,3
"20022",0.073704200151223,3.35402660751376e-06,0.917924332170519,1.68453272244985e-41,2.99056499782503e-23,1.04920117436597e-12,0.00832941893339676,3.86947172048723e-05,3
"20024",1.79019366739079e-05,0.997843778185348,9.29563473527417e-09,9.11699617844312e-150,7.0042912082666e-89,1.23538084092205e-24,0.0021383105823434,2.67803665123885e-46,2
"20026",1.79019366739079e-05,0.997843778185348,9.29563473527417e-09,9.11699617844312e-150,7.0042912082666e-89,1.23538084092205e-24,0.0021383105823434,2.67803665123885e-46,2
"20028",5.4441518118269e-05,6.45876768739341e-05,2.47478079842816e-16,0.998663688169423,0.000472014706689693,1.79065018855321e-06,8.36484457524423e-08,0.000743393630260742,4
"20030",0.926171215157376,0.0383282794179249,0.0355005048598013,1.00095356742736e-66,3.77387291161086e-26,5.64720716295761e-10,1.76976810063061e-13,3.43454400780394e-21,1
"20033",0.231284302050813,0.0031001469432264,2.85383366279362e-05,0.142366496560265,0.617066746625046,2.91532048551968e-05,1.55797168423274e-05,0.00610903656232386,5
"20035",0.10374247513943,0.0876629089296546,0.808450631458815,5.85199048724105e-127,8.30520362468901e-64,5.78624860563509e-24,0.000143984472099518,1.284230111176e-38,3
"20037",0.0528190927241582,0.000791049242630411,0.946389392958765,6.42663296298403e-127,1.69064468474959e-71,1.99950492601345e-18,4.65074446131447e-07,4.98507264329894e-30,3
"20039",1.28876206596058e-14,0.113202005422814,2.82404649573182e-17,6.25074747447088e-169,5.83012739880899e-124,1.28213547140743e-41,0.886797994577173,6.87420998289163e-61,7
"20041",0.986677024061859,4.48923201765294e-05,0.000150737125101541,1.2003715223967e-30,2.93875224521723e-22,1.06202532245197e-10,0.0131272542269677,9.21596923818448e-08,1
"20044",0.968687435435328,0.0301655487026295,3.7896282942458e-06,1.40202623103716e-32,7.95652317692267e-20,7.20973553563983e-12,0.00114322622506907,1.46932910006573e-12,1
"20047",0.174034032012434,0.0204077191705468,0.805373888766029,3.56373072348507e-137,5.3738951029725e-53,8.92572672695637e-27,0.000184360050990219,3.32927326359113e-48,3
"20050",0.0195432715607569,0.00355662180283327,0.00754328966322329,1.23077883971729e-43,1.67918738074461e-28,7.62730532378329e-26,0.969356816973186,7.57515209101044e-16,7
"20052",0.608454269794901,4.05360469111692e-06,0.0778325484113358,0.0018854101798019,0.0241642282740429,5.58430462678712e-11,0.0605538634921015,0.227105626187282,1
"20054",0.188757818131242,0.000199142805642417,0.811043019054199,9.46898170782818e-63,2.49462358834764e-23,2.0001188632326e-08,7.68839710240845e-12,4.00887204462317e-14,3
"20056",0.0144750042780645,0.307014165219419,3.59259590126064e-14,6.87602897451744e-17,0.678510801030636,2.94608660628235e-08,1.09780564665076e-11,1.87056329659928e-18,5
"20058",0.0199960007046726,0.00179025322961869,0.978078083268834,5.05560212400245e-114,1.26832152127117e-64,6.76664223836312e-18,0.000135662796874909,6.37504120084841e-23,3
"20060",0.059439574276576,0.00777628488273593,8.06927075683772e-08,0.000106686810373181,3.05322940782678e-11,5.63252837637234e-06,0.000114965652269285,0.932556775126429,8
"20062",0.430044724534388,6.24895941902956e-05,0.0156165275819613,8.08932135091225e-08,1.66750406435343e-10,7.71732961344622e-06,0.000433637586875274,0.553834822313007,8
"20064",0.0483643069622091,4.35165555056638e-06,0.951111829522515,6.93871708299406e-21,4.93177565079357e-10,2.65020615200676e-10,2.14873943802931e-05,0.000498023707147093,3
"20066",0.582051129048867,0.270579773695012,0.147369097256029,5.10766950347528e-92,4.23763918683e-38,7.25603592214099e-14,1.94396959375704e-14,1.45767777735481e-33,1
"20068",0.013113612259197,0.000256787211621643,8.49222481234395e-11,0.000534884974671484,8.17014766148194e-14,0.0018637060057814,4.08655828367183e-06,0.984226922905441,8
"20070",0.0290540478433607,0.000129090512647095,2.08823774805022e-08,4.27702002750795e-13,4.39042629555781e-24,1.42686362687415e-11,0.0202875358417188,0.9505293049052,8
"20072",0.894118760729739,0.0614399701944484,0.0444382228208866,1.54969173943831e-102,3.47898998373343e-60,3.04625479635925e-06,1.29606393441192e-13,2.25017265239555e-21,1
"20074",5.03907259511096e-09,0.00559162713092248,2.06625836593401e-40,2.99084318465661e-19,0.993457327324168,0.000951040505837047,9.19601718655931e-25,4.42330431934889e-27,5
"20076",0.326813600092194,0.0439268437008609,5.00922428682986e-09,2.04337848609453e-15,0.0157054710935777,0.613553566558972,1.3974588199606e-20,5.13545169253585e-07,6
"20078",0.105147202598832,2.64813346138374e-07,0.893727852769579,3.95109739016907e-37,1.3268489272791e-16,1.54810217889807e-15,0.00112251294429674,2.16687394473525e-06,3
"20080",0.00946123227046172,0.000144306347518254,0.990267526188106,1.24073504577643e-90,8.25874078703856e-45,2.92520842701247e-23,0.000126935193914205,3.66708530919058e-26,3
"20082",1.14617714049455e-09,0.0217245677027176,1.04267278881142e-07,3.67376597866729e-104,4.98886510558285e-68,5.09353906828042e-46,0.978275326883826,1.92909461852793e-38,7
"20084",0.919829472473351,2.93121192900959e-05,0.0784359250836265,8.62231599166492e-34,2.6216780380961e-09,2.88106193995812e-18,0.00170528770200442,5.00338439958595e-14,1
"20087",0.103281163091185,3.06674020652714e-06,0.896683272489324,7.54635733915374e-59,1.96607641103201e-34,1.37197358773153e-09,3.23370572576837e-05,1.59250053486708e-07,3
"20090",0.0138542592146686,0.000568776961274885,0.9772645240251,1.92005480650592e-85,3.04331984641111e-44,5.84552845624613e-25,0.00831243979895644,8.73017074082154e-27,3
"20092",0.00024918504607428,0.00914867899495814,4.29107088952459e-08,5.75029833674534e-79,8.70064358575714e-78,1.19660461571362e-23,0.990602093047708,5.50974424835576e-13,7
"20096",0.00703597965310883,1.79819707684215e-05,6.76922876051547e-07,2.13684253972888e-26,1.27003657344531e-22,1.19969052155139e-27,0.992945361324403,1.28843485316674e-10,7
"20098",0.0245787054631275,0.00118287041014784,1.00307059964285e-07,0.917189865679628,0.0480477277134466,8.80692371796399e-08,0.000118702269771953,0.0088819400875814,4
"20101",0.326547171044754,0.000101233313132477,0.673300081375673,3.45017677000276e-56,4.94246454747981e-18,2.80455767595891e-19,5.15142664412269e-05,8.23639015061558e-22,3
"20104",9.46742761560458e-10,0.963750504620043,1.74915524466151e-28,8.24597207419274e-48,1.23604126078176e-53,3.84135838613346e-21,0.036249494433214,8.87956912721515e-17,2
"20106",0.0211397064362718,3.93204550606082e-05,0.978819072032245,1.85985722800612e-38,3.43507654424775e-16,7.57818953120981e-15,1.90107418070605e-06,2.23371981981596e-12,3
"20108",0.0328707878457195,0.000462080318217916,9.8332113710787e-07,0.00093899488344193,5.02478403975202e-06,1.13478250335096e-05,4.28939583540434e-07,0.965710352082827,8
"20110",0.0909600434426403,0.00421927121906037,4.43135366439046e-08,3.2986526047416e-16,5.98847724602337e-09,3.5983077818028e-19,0.90482063503508,1.20478132482256e-12,7
"20112",0.245916236936594,0.000442159187659939,0.725986950107162,2.93484680733686e-45,2.05722339448513e-24,8.41183120109302e-19,0.0276546537675816,1.00172748052679e-12,3
"20114",0.949545749854017,0.00197416793562898,0.0484475217280677,2.01739662806944e-21,3.12315332023849e-07,1.53131959126269e-12,3.22481005564987e-05,6.48663686386456e-11,1
"20116",0.831534945663199,0.00022360996772212,0.168234770485465,2.81806098508949e-30,1.74786828714388e-07,6.49857642863615e-06,5.09245552693237e-11,4.6943169038713e-10,1
"20118",0.239260505682193,6.52965604781152e-06,0.316239902403891,2.98382938876137e-06,0.00323144929592407,4.03120306353279e-10,0.00430109053370256,0.436957538195733,8
"20120",0.642478778374212,0.0627345605001102,0.137776822331874,8.02028447069106e-32,3.02265807429243e-17,2.29041236806192e-18,0.157009838793618,1.85444599743959e-13,1
"20122",3.70865769535116e-05,0.000110473897452204,1.2373115746203e-18,4.55235853993964e-08,0.999802460140714,4.99338597505187e-05,7.15125190752776e-15,1.5372280468566e-12,5
"20124",0.327721153956412,2.7976083343104e-05,0.67129982550748,4.90734574655454e-105,7.93305749616688e-59,2.14745370269297e-18,0.000951044452765033,1.01860508673776e-20,3
"20126",4.17625123056605e-09,0.845886751502665,6.397779739721e-14,1.1826530495138e-140,6.22522887295975e-82,4.07063643041352e-39,0.15411324432102,2.57895917501029e-55,2
"20128",2.00572016243972e-05,0.993715555113919,5.13916554928004e-06,2.41776789127429e-201,3.21558796309417e-101,1.84097226200195e-39,0.00625924851890756,1.40038867405854e-72,2
"20141",2.73207917032312e-08,0.142116016446137,3.26764327728778e-19,2.59096858158503e-16,9.67709586862265e-27,4.02893345094423e-24,0.857883956043719,1.89351884720965e-10,7
"20143",2.9101591478437e-07,0.965017820026472,7.78356929214474e-35,7.7663547683699e-35,0.000507904465204867,0.0344739844924086,2.36807778445976e-20,2.67199031578286e-35,2
"20145",0.0345544043960292,4.16916517274473e-05,0.954501838475954,1.41107088182995e-32,1.21116600090802e-19,3.35876532382303e-17,0.0108968215083719,5.24396791736198e-06,3
"20147",0.0172805050462427,3.01932823785774e-07,0.982447916497208,1.12780482277474e-43,2.71436949627029e-17,1.53295145255246e-13,0.000271018851112091,2.57672460343537e-07,3
"20149",9.35516518875303e-05,0.00345232611930746,5.1190932244049e-21,1.86946318812331e-05,0.996435408948876,1.86468174292777e-08,6.14483026461297e-13,6.15501520546363e-13,5
"20151",0.00338910764560451,3.6211655170155e-05,3.28525519555307e-08,0.975856609824177,0.0128331713907378,1.11560599290633e-07,1.20941812763291e-06,0.0078835456530318,4
"20153",0.0520579267225918,0.14784150465158,3.77817459351085e-09,1.31408962975265e-07,0.310832027757701,6.62943626889731e-15,0.489268405609317,7.16665651055823e-11,7
"20155",0.0405891301747336,1.51260987990459e-06,0.95937695047457,8.79733437727319e-61,3.55431270374429e-29,7.12738630422384e-13,3.24067399009228e-05,2.02833502659089e-13,3
"20157",0.0174576965110435,0.115699439494506,2.41050964757866e-12,0.170540096075303,0.695893167130454,3.87221956544232e-06,4.53338241346077e-05,0.000360394742583474,5
"20160",5.25587122212205e-09,0.000160890168088467,2.00030814186565e-30,5.21130564692759e-15,0.999839102484333,2.09170239167535e-09,1.19565951912787e-19,6.99720184108859e-26,5
"20162",6.16455830740562e-07,0.000360745243605465,8.6580916544824e-25,0.000460384417383708,0.999176004591209,2.24926466540848e-06,6.77915875820459e-14,2.72375694177083e-11,5
"20164",0.0894639434470764,0.0421365496301863,1.02811057485663e-12,1.39973448094424e-11,0.868399067286809,1.97945676303584e-08,4.19822278310728e-07,4.05659058387818e-12,5
"20166",0.612663075490019,0.387311896805736,2.50075074068498e-05,1.05296933720692e-78,1.44411834238669e-25,2.01968382071062e-08,4.50723709761023e-24,4.3380980344161e-32,1
"20168",0.0004088548797613,0.607001322923256,1.39494322945743e-25,2.80045437847369e-99,6.10481400706331e-32,0.392589822196983,7.774021047909e-33,7.17632722053926e-41,2
"20170",0.00118150659568235,3.08995163943252e-05,4.87849731773199e-10,0.000265604368106703,0.998407129620424,1.07809305264567e-08,0.000114813368742179,3.52618698429488e-08,5
"20172",0.0319437157159871,3.65750881665007e-05,0.959816676404089,1.24380395557062e-53,2.45239401082462e-36,6.9002712573858e-14,0.00820054394192265,2.48884976564521e-06,3
"20174",2.55327205789482e-05,0.0152368249716411,6.10840841640443e-22,0.898100346640773,0.000507941775286707,0.0684757599839319,5.04484269002401e-15,0.0176535939077838,4
"20176",0.00557734162539209,0.217929302878428,1.4489689081563e-19,9.36899900636304e-67,2.2056139508482e-35,0.77649335549618,1.83456500517313e-27,1.61446039523068e-22,6
"20178",2.5088688489079e-09,0.000332020241632201,1.38912723842882e-31,1.25120368999666e-16,0.999667977212953,3.65460538700845e-11,2.39146734336548e-19,1.41662031294327e-28,5
"20181",0.94740699555544,0.0378031584096532,0.014789845857536,4.67295938419553e-52,3.32701908528038e-18,1.77355698284024e-10,1.46218474763049e-14,6.53319981606402e-23,1
"20183",0.0165537892064939,0.000292207605534103,7.92660123240982e-05,5.4947808709039e-09,3.67585377913649e-20,1.96086817890151e-09,0.0184855441439115,0.964589185576087,8
"20186",0.266501285486445,0.262975129501159,6.06670611548263e-05,1.99336411541811e-42,4.65467257033062e-52,1.86888733310736e-05,0.0433297085913634,0.427114520486546,8
"20188",1.88367866978147e-07,0.000887784047347907,3.51155087159566e-28,4.37364601644656e-14,0.999111356561569,6.71023167985581e-07,4.8618679008243e-15,2.371841350402e-21,5
"20190",0.042669126871697,0.00140635782946145,0.955924514902303,3.79643024951264e-72,7.79344896977772e-36,3.98594369323829e-16,3.9653775434787e-10,1.03394403939449e-20,3
"20193",0.00440818581725931,0.995234161568409,9.09682114476815e-25,3.51963941588043e-57,9.03482740315997e-10,0.000357651710849112,4.18015161466449e-30,4.27985636060602e-40,2
"20195",0.40993964902011,0.003718585517984,3.64525569113306e-07,1.61310045136022e-08,0.586337742592149,2.16966642810829e-07,3.33769071407342e-06,8.75558265532133e-08,5
"20197",0.0142334281814821,4.35074113000452e-07,0.984160675626671,3.56252267606134e-52,1.80001386393742e-31,1.44957465642739e-12,0.00160543866181755,2.24544672702427e-08,3
"20199",8.83681744614976e-05,0.000223292762626528,2.20712059458441e-18,6.2410088340308e-08,0.99968374549916,9.34957490634625e-08,4.43764297363802e-06,1.49409395094475e-11,5
"20205",1.27125081852601e-09,0.0538695269707164,8.17543783491761e-12,6.26915165490523e-96,2.46735412655062e-79,1.34577026229729e-43,0.946130471749857,1.56489561946441e-33,7
"20208",0.956946986041791,0.00642643619471368,9.42249264157629e-05,0.00124085705701441,0.00109279511288462,3.54106076180078e-05,0.000702220531227357,0.0334610695283346,1
"20210",3.10083265503677e-06,0.000199255270474709,4.78956414531426e-21,4.36360304959957e-05,0.999753265124907,7.42569382958945e-07,2.70153261194523e-11,1.45069357889956e-10,5
"20212",0.0931383337109358,0.013552501866038,1.49485989337392e-10,0.0169412072072245,0.87630642119781,3.64240684025206e-07,8.83429506439032e-06,5.23373327577023e-05,5
"20216",0.732018602188411,0.00559642020262071,0.262384377015069,2.99451434944182e-36,5.22347263393969e-20,1.00306364556672e-11,5.98534799736491e-07,2.04906836197144e-09,1
"20219",0.0312697456478781,6.03245882306002e-05,0.405700944738965,1.47159553661271e-47,1.4430482782461e-25,1.02159877203575e-29,0.56296898502484,8.54652601108288e-14,7
"20223",0.404349971672579,0.595610503348934,3.95248428574751e-05,5.16063048767736e-162,1.28549653381919e-98,1.35629292172263e-10,6.77033335408234e-17,1.12877357560051e-40,2
"20226",0.97996626502352,0.00065258703721153,0.00037982745329533,6.85118729942763e-16,4.42314469080844e-12,1.83049087701638e-10,0.0189473642378909,5.3956060609185e-05,1
"20230",0.0684339791300852,0.0034513926243612,0.928114613047827,4.73771850950649e-94,1.29376887610505e-47,7.23478166906847e-18,1.5197726954567e-08,4.4753165931066e-26,3
"20233",1.84973443887506e-16,0.0913871973927472,9.78328134169001e-33,1.27671380840373e-50,5.24233647342504e-60,1.77130655407288e-46,0.908612802607253,1.13777761148744e-36,7
"20235",0.993593705371242,0.00532184576506437,0.000966880560239243,4.14102470644688e-128,3.23696213141886e-81,1.76481661998902e-14,0.000117568303436259,7.82047612910137e-28,1
"20239",0.984889705855122,7.65238174962e-05,0.0150220563798489,1.5216929510288e-70,1.75065115511728e-42,1.16434781911063e-05,7.03463534999659e-08,1.22987877135888e-10,1
"20254",3.42114837636419e-09,0.0307564497637378,2.0918499160492e-06,8.15315940970312e-107,1.20824037882364e-73,1.20857023087612e-45,0.969241454965198,9.13536491087229e-43,7
"20256",0.0441924524750716,2.74386225539531e-06,0.955686447209315,3.74904676297817e-101,1.00991281765952e-49,2.86453305595444e-13,0.000118356453071488,2.96889207443835e-16,3
"20262",0.000548142581915256,5.53328938144506e-05,2.80629179420612e-11,0.0444113637787708,0.954972579000878,4.03605630714558e-07,6.84330339185433e-07,1.14937805883992e-05,5
"20270",0.563494539957374,0.436500010601757,5.44265410359059e-06,5.6749841410987e-48,8.38256347650259e-26,6.78676456733026e-09,4.88585289770859e-16,1.45773508030472e-17,1
"20284",0.000742296702051839,0.0562131158974149,6.90780901258409e-08,1.33399606560539e-22,8.48168437336356e-34,5.30841892278131e-19,0.943038781252685,5.73706975847633e-06,7
"20287",0.198199985003175,0.00792390353546473,0.793876110830202,1.87807830065462e-148,1.55195317717366e-71,9.4151966169374e-17,6.31157699794834e-10,2.91438626764852e-40,3
"20290",9.44054589092824e-08,0.0365109172614649,1.76431452589218e-11,8.20739998317931e-42,9.79536329934334e-37,3.69404912243545e-30,0.963488988315433,7.41822786705935e-24,7
"20293",0.0425727742812969,6.99258256320128e-06,0.948073613771117,1.79140075082697e-28,5.13509957351705e-21,5.08494964505126e-13,0.0074896131939599,0.00185700617055415,3
"20296",0.417103712889932,0.0123730231985658,2.35055970194348e-06,1.3628444694931e-06,0.0978220694676487,0.466415929337519,1.46386799153433e-15,0.00628155170216073,6
"20301",0.698723649433545,0.299029848882636,0.00224650168367912,3.59234967736561e-132,1.03885486307458e-46,3.75777438001616e-19,1.39155452859019e-13,2.25370363421133e-57,1
"20304",4.63853223546839e-10,0.0145664481076646,1.18627653311779e-07,1.50698660003584e-95,3.50954868269161e-66,1.16633187628591e-44,0.985433432800829,2.54198220764798e-33,7
"20306",0.0751554082413189,0.00306419790045755,0.921503955513565,2.13690049464882e-107,5.26252272402468e-65,8.08020074343503e-21,0.000276438344658519,7.52934829575938e-23,3
"20309",0.588965607597747,0.000923396878646427,0.297817348927076,1.95119233848203e-27,8.74553237051369e-20,8.32914712661964e-13,0.112292707406512,9.39189185793273e-07,1
"20311",0.804766350842995,0.000115211321810357,0.195115399968165,5.04231137572368e-48,1.85313816329636e-18,2.49696570715249e-13,3.03786658149209e-06,1.98277677780658e-13,1
"20314",0.00951024525291832,1.80185923313928e-05,4.5325481880061e-05,0.959197786862964,0.0118095029851913,2.36657679047497e-09,0.0002640692672129,0.0191550491909248,4
"20318",0.000136450477410278,0.999588274640101,7.83338993721991e-24,3.87351567453289e-33,2.36299246907235e-05,0.000251644957798035,1.1448873543402e-20,1.33200448490376e-31,2
"20320",0.596859637322074,0.390751942196274,6.92059631101276e-10,5.86432859210007e-16,2.91097536608864e-17,2.86358272665596e-11,0.0123813483499941,7.07141096154264e-06,1
"20326",0.470058258854185,0.000998795403683458,0.00291197022202288,0.110633262969647,0.00341537270569402,9.27498580892099e-11,0.0159221770238783,0.396060162728139,1
"20328",0.601165038543925,0.104959611711984,1.49351906418937e-06,1.95974706083015e-24,6.59069061996019e-34,9.65336152039563e-13,0.103387793869021,0.19048606235504,1
"20330",0.918169179430136,0.000113349945742876,0.0810731907447097,3.7531251699934e-69,7.12179085975822e-40,5.06937677096387e-13,0.000644279878904007,3.99145979504468e-16,1
"20336",2.04508698467292e-05,0.0249671207559306,4.23792539053674e-05,1.45436425520685e-41,1.93234858710403e-47,8.34552360150004e-28,0.974970029015931,2.01043862682452e-08,7
"20338",0.000167121651743422,7.94754398084087e-05,7.3333119286907e-05,9.15196555196043e-54,2.76217000653864e-31,1.34826687983883e-38,0.999680069789161,5.06731383043426e-22,7
"20340",0.742855274020362,0.00833376972167466,0.2487994021705,2.00904523017283e-122,9.49285523553275e-55,1.6231728485989e-15,1.15540874620573e-05,1.28050074125586e-31,1
"20342",1.37793471141899e-08,0.999964169155645,7.55235449131948e-30,1.18667420593842e-107,6.03535393120267e-61,4.87847106433202e-34,3.58170650076451e-05,2.22425333970523e-61,2
"20344",0.214526169558175,0.00352987900169815,0.781765903361036,3.82954249335876e-75,6.516219077776e-40,4.62108114459153e-16,0.00017804807907196,1.88848536626887e-14,3
"20349",0.038188022662489,0.00025923217277165,0.961550964080679,1.08029461160046e-99,1.14713827699207e-54,1.35995818458957e-15,1.78108405871279e-06,1.17102616211957e-18,3
"20351",0.930105014432017,0.000947198835036051,0.00688938923414806,1.13693726965247e-29,8.65159524292721e-18,1.47117069715967e-12,0.0620539787431206,4.41875420652016e-06,1
"20353",0.265098455055852,0.000920421710887602,0.608653261350235,3.43662221603359e-72,1.39195426629586e-48,3.00778476313425e-19,0.125327861883025,4.15960180395502e-18,3
"20357",6.23106089654947e-09,0.0364845894102927,1.62501849638779e-09,3.14073693715521e-106,3.37996268278875e-92,9.49829593726272e-37,0.963515402733628,2.30344692824843e-33,7
"20360",0.0548721883000817,0.943299251712064,2.04729302750486e-16,1.22130880781514e-119,8.34174450739882e-75,2.06395713055622e-18,0.00182855998785448,7.09769187115936e-41,2
"20364",0.170042119629731,0.000337430097085039,0.807913572338342,1.02844362908499e-32,3.97323279611324e-22,8.90497693150843e-16,0.0217065484676042,3.29467236992276e-07,3
"20366",1.26964795786657e-08,0.07402185085202,1.11323929618648e-12,1.25538874471125e-46,2.68727564446901e-49,1.47415112308124e-31,0.925978136450387,2.22625565422186e-16,7
"20381",0.000594295350114699,0.998871367525652,1.80856964905409e-30,1.19134955123041e-22,1.64844349153231e-12,0.000534337122574166,1.27034116399974e-15,9.52968197586717e-15,2
"20391",0.258891525712533,0.741076211050005,1.51293409268622e-07,2.32499384375085e-83,3.63305149234718e-79,9.5913485413851e-06,2.25201609501999e-05,4.3456102905214e-10,2
"20394",0.115681696797271,1.39001451132911e-05,1.6669653992856e-07,4.44514210977861e-07,6.18140088615917e-11,0.000604636455836127,7.59065311320352e-06,0.883691564676101,8
"20396",3.30718721895467e-06,0.00730603457164163,4.10589468550798e-29,0.000208489967744568,3.80511130390274e-06,0.992450430729363,1.06274346957385e-15,2.79324327267754e-05,6
"20409",0.99206135546952,0.003152398559871,0.00477105456217331,1.3911984470668e-20,3.99603561722228e-07,1.7282240943025e-11,1.47636351259013e-05,2.81524661784282e-08,1
"20411",0.00738512203654137,5.62917623020513e-05,0.648660978701199,2.27458172695153e-90,3.04037153587784e-61,9.94144903476289e-24,0.343897607499953,4.48649901510464e-15,3
"20416",1.12546609193249e-07,0.321255998172491,5.06636725771085e-06,4.70155083909114e-197,1.8271008342751e-118,2.41196790716235e-39,0.678738822913642,3.76125466010845e-61,7
"20418",6.06074997263911e-08,0.00415365459538397,8.44860650149099e-32,4.9515394071817e-06,0.000153416892561764,0.995687889655033,2.27405740001326e-19,2.67101145275796e-08,6
"20420",2.70629866365013e-14,0.0788509502072909,2.16175100407989e-27,3.32065080728024e-33,7.3936763184074e-47,1.00991216472213e-30,0.921149049792682,2.61087386528881e-24,7
"20422",0.720111843870111,0.114814595225886,0.165072647873352,1.13043032612631e-57,3.08690772512474e-29,1.3652718983576e-18,9.13030650464195e-07,3.02272375245858e-20,1
"20424",0.0389168466056126,5.11505828553376e-05,0.793784290931359,1.00125263356908e-83,6.31571632875422e-52,3.77529983038606e-20,0.167247711880163,1.04388257397673e-14,3
"20426",2.12951112262912e-17,0.182572868450391,8.13384925299339e-32,1.47697899568595e-76,2.65652129116422e-48,6.55312961679739e-44,0.817427131549608,1.4730621144514e-61,7
"20428",0.0286103570007372,5.63824496933578e-07,0.97131054516553,8.33718424858642e-43,1.37830489184588e-23,7.53388946074322e-05,7.04323335639415e-09,3.18807139498748e-06,3
"20431",0.899989144802202,0.0262739445895186,5.95056416758567e-06,9.36856182936243e-15,5.05170835319407e-07,4.87515582168474e-12,0.0737304455294335,9.33895782133962e-09,1
"20433",0.973897039257521,0.0259391842767287,0.000163776461896356,3.31677607423834e-130,2.21354079813979e-74,3.85361230202001e-12,6.89833421243936e-19,7.49699720931857e-35,1
"20436",0.0474894036963367,0.387823195633001,9.81418303260641e-14,4.19345263188112e-81,3.92304928181733e-40,0.564687400670564,9.91678524942768e-30,2.19237172800638e-26,6
"20439",0.00187781534047639,0.0678384293937667,3.67558422587768e-21,0.126767823578337,0.000100149888753581,0.481442603535334,1.02190177870946e-13,0.32197317826323,6
"20441",2.74421568656305e-06,0.0102332972577914,5.56831586273957e-10,3.83679127711093e-67,1.09643575192328e-53,2.99703323399695e-33,0.989763957969691,4.08483984430437e-27,7
"20444",3.54187936846074e-08,0.000891121165249356,1.50158677619252e-29,1.67230943984745e-07,0.999108670530336,5.6546774379246e-09,1.01269264405346e-17,1.46006658348721e-18,5
"20448",0.0199442885962929,0.979990767490203,6.43413243136016e-09,2.28910250959882e-15,2.43307653233368e-11,5.64503073089351e-14,6.49355049530145e-05,1.95002972446001e-09,2
"20536",0.00200933481987171,0.00185245496011803,6.05620225901673e-14,7.29302609759169e-14,8.71665731710825e-24,0.554604678862974,9.14310542124944e-12,0.44153353134776,6
"20538",4.83594967553064e-06,0.00776139960775812,0.000106584813869387,3.47913602811443e-63,2.68415595692326e-57,2.04816175692475e-27,0.992127179627603,1.09371659054092e-12,7
