"","V1","V2","V3","V4","result$classification"
"19811",7.67727581604166e-05,0.997165540113177,0.00275688005884565,8.07069816777884e-07,2
"19813",0.00421164938183672,0.993413616947959,0.00235496427650606,1.97693936982409e-05,2
"19815",0.0047020060710316,0.993811928373079,0.000105172227446652,0.00138089332844295,2
"19817",0.000622790834900516,0.99649322714852,0.00282916232831091,5.48196882685227e-05,2
"19819",0.859241294122399,9.27954182071351e-05,2.78998881688473e-06,0.140663120470576,1
"19821",0.00240290517916432,0.937256058148781,0.0603392838498653,1.75282218951536e-06,2
"19823",0.00205561186386704,0.904245328892183,0.00155684619220357,0.0921422130517465,2
"19825",0.154814928138597,0.0102666751821229,0.833856096020476,0.00106230065880432,3
"19827",0.00166388317117643,0.323546967409209,0.674423199310288,0.000365950109326142,3
"19829",0.982085439686669,0.00355496227630148,0.0141552195559932,0.000204378481036012,1
"19831",0.890135231840394,0.00106715192760725,5.25083742113605e-06,0.108792365394578,1
"19833",9.25974000428165e-05,2.4384399386546e-05,5.80667479705627e-05,0.9998249514526,4
"19835",0.00240290517916432,0.937256058148781,0.0603392838498653,1.75282218951536e-06,2
"19837",0.00445927540126261,0.875902979316322,0.11958022546221,5.75198202057798e-05,2
"19839",0.933929039075945,0.0139874494460366,0.0520053653595866,7.8146118431529e-05,1
"19841",5.50078523062058e-05,6.88787892870877e-05,0.999875898668817,2.14689589509348e-07,3
"19843",0.998748097952929,0.00103037884684676,9.15799166975257e-07,0.000220607401057216,1
"19845",4.5569160729945e-05,0.99930681542167,0.000645560410771002,2.05500682880074e-06,2
"19847",0.00543415769789563,0.994394722955387,7.42796607487777e-05,9.68396859688138e-05,2
"19849",0.000412213782111558,0.995993071584475,0.00358928320672179,5.43142669125463e-06,2
"19851",0.000186441658460811,0.999470710198782,0.00029036096239901,5.24871803585533e-05,2
"19853",4.01578586971919e-06,0.997756837926216,0.00209725107086659,0.000141895217047761,2
"19855",2.50372851493358e-05,0.987101811072198,0.0128590934125491,1.40582301039634e-05,2
"19857",0.012125140616977,0.954573731635831,0.033295978545489,5.14920170325068e-06,2
"19859",0.00399094441000048,0.961953368775818,0.0337259411497145,0.000329745664467024,2
"19861",6.16469143703491e-05,0.999698166153585,0.00023799603522339,2.190896820961e-06,2
"19863",2.73558694167615e-05,0.0192212599928509,0.980750886879362,4.97258370056113e-07,3
"19865",2.08623008327352e-05,0.00355664155776466,0.996422158901412,3.3723999042069e-07,3
"19867",0.000988733595151572,0.99895615377704,2.06950905308795e-05,3.4417537277446e-05,2
"19869",2.8633633745563e-05,0.985891274919243,0.0140795772483059,5.14198705465408e-07,2
"19871",0.0126417624443267,0.867700662422634,0.119212802048729,0.000444773084309899,2
"19874",8.97222300396073e-05,0.167397549361448,0.832477060778132,3.56676303802563e-05,3
"19876",1.76318009268288e-05,0.526901803638048,0.473079246398429,1.3181625964882e-06,2
"19878",0.66153741243282,0.31948471977592,0.000957403725818691,0.018020464065441,1
"19880",8.17882806580226e-07,0.00202582790296461,0.997973290941204,6.32730246035617e-08,3
"19882",5.74687106673408e-05,0.996515099182082,0.00342058305178414,6.84905546694031e-06,2
"19885",0.0156015829052885,0.981857555025728,0.00250650438589622,3.43576830872714e-05,2
"19907",0.000349862700119699,0.999548073417676,9.28567313820672e-05,9.2071508222623e-06,2
"19909",0.974002709947158,0.0258503110626708,6.9342082012301e-05,7.76369081592651e-05,1
"19911",0.930619230247329,0.0306419067823797,0.0372413905766405,0.00149747239365127,1
"19913",3.25419243181946e-06,6.42617806135479e-05,0.999932068777704,4.15249250061214e-07,3
"19915",0.000114507098500129,0.390237563489386,0.609615023248055,3.29061640594959e-05,3
"19917",0.000203266403062735,0.0158045330198597,0.983986131221574,6.06935550373883e-06,3
"19919",0.00167930834355293,0.741326584011218,0.256802904512708,0.000191203132521866,2
"19921",0.000497829551366503,0.999412483629369,6.89461424063121e-05,2.07406768577021e-05,2
"19923",0.0662821240252174,0.905382063875872,2.11504733316002e-05,0.0283146616255786,2
"19925",7.73997732640308e-05,0.0522042831124547,0.947707759856781,1.05572575004127e-05,3
"19927",0.000224851116696069,0.998525777624766,0.00122092627599053,2.84449825477299e-05,2
"19929",1.88988560172561e-06,0.0014352138773809,0.998562873822168,2.24148496610709e-08,3
"19931",0.00322825987917563,0.991733074467889,0.00474850750739239,0.000290158145543312,2
"19933",0.80630383659114,0.188401469429973,0.00356849744370632,0.00172619653518128,1
"19935",0.0953525774114977,0.900232580585493,0.00439280828523344,2.20337177762869e-05,2
"19937",0.00101338170444342,0.998297846602181,0.000140203687085524,0.00054856800629071,2
"19939",0.00252694680337884,0.992757136571247,0.00440215630870134,0.000313760316672621,2
"19941",0.877098651266346,0.0135334488937226,0.109238019420366,0.000129880419565266,1
"19943",8.42962249408666e-06,0.00130495155956339,0.99868385833058,2.76048736237599e-06,3
"19945",0.921960910723228,0.0746276890849342,0.000164580914268996,0.0032468192775689,1
"19947",0.116787221245387,0.0358088981735719,0.847141754123185,0.00026212645785651,3
"19949",0.333734685448141,0.629152575871975,5.17213496857981e-05,0.0370610173301978,2
"19951",0.00450206760775999,0.28227809329032,0.71309006729488,0.000129771807039052,3
"19953",0.213488362862993,0.00309636228288375,6.00996927806194e-07,0.783414673857196,4
"19955",0.939568491121933,0.0118253150735948,1.43221747480477e-05,0.0485918716297236,1
"19957",0.00273773133165228,0.097491457454415,0.897244553986198,0.00252625722773451,3
"19960",0.993972221968911,0.00502301898255641,0.000811047450094067,0.000193711598438646,1
"19963",0.000872340577684776,0.00111496221766868,0.931553069835546,0.0664596273691003,3
"19965",0.997664098687334,0.00166338078449649,2.97774901653401e-07,0.000672222753267781,1
"19968",0.00248258147791915,0.0356841547414812,0.961833199597504,6.4183095694253e-08,3
"19971",0.00342160895561608,0.000103163536624398,0.988593062419333,0.00788216508842689,3
"19973",0.000529737020702368,0.983599229711843,0.0158667321202403,4.30114721397531e-06,2
"19975",0.000139084563774294,0.0309010628496121,0.968959506723558,3.45863055736508e-07,3
"19977",0.000335545442781282,0.00338348520385885,0.996024392369022,0.000256576984338356,3
"19979",0.999482834782053,7.25101324412896e-06,4.12291884829163e-06,0.000505791285854537,1
"19981",0.0221500562440849,0.975815822394921,0.0019929503261886,4.117103480552e-05,2
"19983",0.0316080653613238,0.96804741385661,0.000139448965156769,0.000205071816909757,2
"19985",2.05679896264564e-05,0.155524603017382,0.844452811955719,2.01703727192646e-06,3
"19987",0.111004262116149,0.76089897766476,0.127745211842336,0.000351548376754763,2
"19989",0.995130639109295,8.7997301917114e-05,5.34790385027084e-08,0.00478131010974952,1
"19993",0.540852854522176,0.415379164289555,0.0410063317747375,0.00276164941353158,1
"19995",0.816896119211874,0.172007756264807,0.0104361866321513,0.000659937891166958,1
"19997",0.000192267276416342,0.973243733323583,0.0265487214433906,1.52779566100714e-05,2
"19999",2.92480524090392e-05,0.891937330090839,0.10803236337386,1.058482891696e-06,2
"20002",0.000612909556303781,0.00329289198412725,0.996087436850912,6.76160865690954e-06,3
"20004",0.845487713286507,0.135194026154912,0.0192015743724467,0.000116686186134336,1
"20006",0.941269664185665,0.0505370205616917,0.00241076513686924,0.00578255011577393,1
"20008",0.906383795611355,0.0677080261408143,0.000972871237592149,0.024935307010239,1
"20010",0.928974530280586,0.0256156346737425,1.56323635316642e-05,0.0453942026821403,1
"20012",0.000155496771968702,0.219093584547971,0.780749500934337,1.41774572239734e-06,3
"20015",0.9998660144219,0.000119622941105445,3.64692327675159e-07,1.39979446672952e-05,1
"20017",8.20586608382704e-05,0.949239690871652,0.0506768756633385,1.37480417150481e-06,2
"20019",0.996242887879386,2.39588148969351e-06,4.74080884735079e-08,0.00375466883103589,1
"20022",0.992167021637711,0.00558145816182562,6.99388307224081e-06,0.00224452631739133,1
"20024",0.549049259657841,8.03788232129205e-05,5.28618569450692e-07,0.450869832900376,1
"20026",0.549049259657841,8.03788232129205e-05,5.28618569450692e-07,0.450869832900376,1
"20028",4.52973478825451e-05,0.722109559955952,0.277839634974476,5.50772169013279e-06,2
"20030",0.999202055271119,0.000371422798968133,0.000407254763558987,1.92671663539329e-05,1
"20033",0.00378659602965317,0.595829057520547,0.400358589855466,2.57565943334357e-05,2
"20035",0.994556620712787,6.26924461147873e-06,5.712453401832e-08,0.00543705291806736,1
"20037",0.999266792091657,1.39648709054035e-05,3.95545911512062e-09,0.000719239081978322,1
"20039",0.000773533178497511,1.72904980741741e-06,1.28407610282289e-09,0.999224736487619,4
"20041",0.317614780512651,0.616819808859616,0.00194195367496869,0.0636234569527645,2
"20044",0.426367810060246,0.468525332003827,0.0154573697731122,0.0896494881628152,2
"20047",0.991572897626469,8.42216144728476e-07,4.44002985301771e-07,0.00842581615440097,1
"20050",0.179776854106222,0.00932069661093836,7.55530306155293e-05,0.810826896252224,4
"20052",0.0589208849885399,0.85833098890549,0.0780167009148021,0.00473142519116825,2
"20054",0.998657310800795,0.00130686576678314,2.98966024924341e-05,5.92682992988517e-06,1
"20056",0.000478957158209529,0.00219861045467069,0.99730943464757,1.29977395497734e-05,3
"20058",0.998262751549447,0.000109273147857294,1.77146122318381e-08,0.00162795758808357,1
"20060",0.00241380595979281,0.995990512482467,0.00152079386070897,7.48876970310076e-05,2
"20062",0.0157559476821682,0.9835851381806,0.000546588151206658,0.000112325986025231,2
"20064",0.979317567174728,0.0198375033504171,0.000645960278734208,0.000198969196120372,1
"20066",0.999864549655966,3.89625465326357e-05,4.93499446830199e-05,4.71378528186151e-05,1
"20068",0.000161311047438549,0.999584635069101,0.000246832251433965,7.22163202623769e-06,2
"20070",0.000356347785705411,0.998770881053062,0.0001752519885673,0.000697519172665296,2
"20072",0.995351209915292,0.004560210291008,4.66549068898677e-07,8.81132446307979e-05,1
"20074",5.82048726601402e-07,0.000218238851951698,0.999781131519977,4.75793448121497e-08,3
"20076",0.0150890536939698,0.108505471578807,0.876404641751573,8.32975649615548e-07,3
"20078",0.960564425647562,0.0351105193891368,0.000400708272160357,0.0039243466911407,1
"20080",0.998312963623547,9.26358772961623e-06,1.38283898569807e-07,0.0016776345048245,1
"20082",0.0120592704209893,2.37818662935553e-05,4.29661923301204e-07,0.987916518050794,4
"20084",0.938681339757411,0.00933386727613247,0.0363260630272771,0.0156587299391797,1
"20087",0.943725834454934,0.0550316960269849,5.28439000885749e-06,0.00123718512807228,1
"20090",0.967718786046055,8.34783931941829e-05,6.03037965891849e-07,0.0321971325227852,1
"20092",0.0386382778363242,0.247814721826064,1.60310002419209e-06,0.713545397237588,4
"20096",0.0204995350579663,0.468840627573651,0.014755380461235,0.495904456907148,4
"20098",0.00141579929071609,0.597596997478043,0.4009223234393,6.48797919409192e-05,2
"20101",0.997388305874226,0.000151694175199408,0.000236329505642602,0.00222367044493192,1
"20104",0.000331565152555258,0.94439154864794,0.00492714826078226,0.0503497379387229,2
"20106",0.998780475649082,0.000931425874112397,0.000118255472691013,0.000169843004114707,1
"20108",0.00156122098771931,0.93773021069801,0.060700254649771,8.3136644996944e-06,2
"20110",0.0208647222959487,0.357802080322645,0.159554678415839,0.461778518965568,4
"20112",0.961620022822202,0.0149115392742561,7.41951572022956e-05,0.0233942427463397,1
"20114",0.841651445675871,0.0401733458469534,0.11552685869729,0.00264834977988533,1
"20116",0.955381415916026,0.00853323373673988,0.0360613308855169,2.40194617175488e-05,1
"20118",0.167761529657834,0.643381678444048,0.187777232929548,0.00107955896856995,2
"20120",0.962649751001948,0.00378111966577489,0.00110475976003998,0.0324643695722371,1
"20122",2.2981166090236e-05,0.0021140282017331,0.997862789650528,2.00981648182702e-07,3
"20124",0.996735921094978,9.23071278559682e-05,3.17375476205209e-08,0.00317174003961865,1
"20126",0.015888279212383,2.26174069121413e-05,1.30934149487891e-06,0.98408779403921,4
"20128",0.280832762115556,7.02004549099421e-07,1.73460689823168e-08,0.719166518533826,4
"20141",0.000414277611272053,0.787938759117001,0.171277016135495,0.0403699471362315,2
"20143",6.58818705995232e-07,8.42653198648755e-05,0.999915010364453,6.54969765341064e-08,3
"20145",0.987926473034557,0.00583307264501901,2.02486744396631e-05,0.0062202056459844,1
"20147",0.997899576335572,0.00181911334801711,1.97195939036644e-05,0.000261590722506987,1
"20149",3.90485781596795e-06,0.00199862585942699,0.997997038687,4.30595757051252e-07,3
"20151",0.00186795220802084,0.805158477735815,0.192937631997045,3.59380591199523e-05,2
"20153",0.00652662384621034,0.225892117026792,0.737592732187349,0.0299885269396488,3
"20155",0.999082734187905,0.000532349608983102,1.82251027977631e-06,0.000383093692832743,1
"20157",0.00059443272571333,0.267651678349228,0.731695929035461,5.79598895973318e-05,3
"20160",1.44874376970811e-06,0.000109401001476698,0.999888991063811,1.59190942305169e-07,3
"20162",1.58732352419458e-06,0.0042240666432582,0.995774193242536,1.52790681748151e-07,3
"20164",0.000453552864351487,0.0570543185197914,0.942382281131067,0.000109847484790435,3
"20166",0.996828860737931,0.000450460469895043,0.00269909496800116,2.15838241723161e-05,1
"20168",0.549983481229215,0.0494762061339071,0.400355516053707,0.000184796583171755,1
"20170",0.00112002591293648,0.488284388671089,0.510389783714645,0.00020580170132981,3
"20172",0.994158640568762,0.00407001753215455,3.47362281028948e-07,0.00177099453680282,1
"20174",2.37123765747563e-05,0.629312633249543,0.370663421723001,2.32650881275164e-07,2
"20176",0.208116959630646,0.759965442065965,0.0318389720182111,7.86262851782174e-05,2
"20178",1.75740374032867e-06,6.92957298962132e-05,0.999928617233238,3.29633125800931e-07,3
"20181",0.992382705002856,0.000286412432328254,0.00730370980467105,2.71727601446645e-05,1
"20183",0.00961328532493991,0.988275924393732,7.41561688149077e-05,0.00203663411251336,2
"20186",0.0185822383319765,0.978314908523534,1.82594239640413e-06,0.003101027202093,2
"20188",1.66807445569888e-06,0.000503861905193966,0.999494119229453,3.50790897283958e-07,3
"20190",0.999843075724382,0.000105343049813373,1.90934971450664e-06,4.96718760901539e-05,1
"20193",0.00362718300332487,0.00154138044918284,0.994825409331567,6.0272159249306e-06,3
"20195",0.00502839588862808,0.161976401303908,0.832882815374053,0.000112387433411663,3
"20197",0.996002887186923,0.0032157228179987,5.56922834229365e-07,0.000780833072243831,1
"20199",2.97798715808182e-05,0.0557506916721906,0.944190647572655,2.88808835731845e-05,3
"20205",0.000621359758924252,5.79901301929381e-05,3.95686018897668e-08,0.999320610542281,4
"20208",0.006230856452689,0.953420487164241,0.0402981548398578,5.05015432122885e-05,2
"20210",5.7004456015514e-06,0.0112608532518083,0.988732781949727,6.64352862641145e-07,3
"20212",0.00051146890982962,0.100780523833699,0.898685391384833,2.26158716382866e-05,3
"20216",0.996899841970693,0.00278311613655509,0.000183180616897252,0.000133861275855161,1
"20219",0.433717015045757,0.00622854327765198,0.000139552225464768,0.559914889451127,4
"20223",0.999253949003112,0.000163531781265634,2.46514701841946e-08,0.000582494564152319,1
"20226",0.140195948367644,0.839179272018511,0.00490257442871146,0.0157222051851334,2
"20230",0.999753564977012,5.0138081035997e-05,3.2621524885214e-07,0.000195970726703264,1
"20233",1.44382373789168e-05,0.0049507326253755,9.25987493377219e-05,0.994942230387908,4
"20235",0.958592396070056,0.00195296188379132,8.55843329692559e-08,0.0394545564618195,1
"20239",0.953115238114669,0.0456108685501758,1.12895367517142e-05,0.00126260379840374,1
"20254",0.0124847149990171,5.65792127177945e-06,3.55946632600336e-08,0.987509591485048,4
"20256",0.999280760400549,0.000252738796440382,6.32109492628651e-08,0.000466437592060956,1
"20262",0.000415228614574117,0.205157787759685,0.794409006927403,1.79766983374629e-05,3
"20270",0.947971238441553,0.0392750316464277,0.0126878895152743,6.58403967449022e-05,1
"20284",0.0264644771089271,0.50537831039803,0.000120383914075181,0.468036828578968,2
"20287",0.999691058564412,8.09995694163324e-06,1.27123664139386e-08,0.00030082876627959,1
"20290",0.00503951195101464,0.00221190288121243,5.33822616241817e-05,0.992695202906149,4
"20293",0.951444388778605,0.045432749165126,5.17529597100521e-05,0.0030711090965588,1
"20296",0.0103779248883217,0.286577527622972,0.703044007838334,5.3965037219653e-07,3
"20301",0.998920510676899,4.07738986533533e-06,2.87467016224697e-05,0.00104666523161327,1
"20304",0.0152158442124453,5.61986023275748e-05,7.8267822923406e-07,0.984727174506998,4
"20306",0.996784629581661,9.19062319728134e-05,1.88629543868434e-08,0.00312344532341152,1
"20309",0.711007051542631,0.279848762483493,0.000488022147150809,0.00865616382672516,1
"20311",0.990746803532448,0.00680217674719192,0.000899156978853645,0.00155186274150627,1
"20314",0.0127905578717014,0.905686802503897,0.0811540699036308,0.000368569720770642,2
"20318",5.67844829596406e-05,0.000235022515112846,0.99970759444419,5.98557737543887e-07,3
"20320",0.00580994034693623,0.977407358314798,0.00616968955463528,0.0106130117836309,2
"20326",0.0153933786954293,0.818341460914695,0.165551135930248,0.000714024459627956,2
"20328",0.00329231382637328,0.992194178458738,7.00204961372982e-05,0.00444348721875184,2
"20330",0.955455427543107,0.00844844833185341,1.23948766778759e-05,0.0360837292483624,1
"20336",0.0311836966643351,0.0308235922435027,5.3646820519207e-06,0.93798734641011,4
"20338",0.0375165780903603,0.0017773421177982,0.00022184812041216,0.960484231671429,4
"20340",0.999164558377083,2.44870733697039e-05,2.02572054277011e-07,0.000810751977493284,1
"20342",0.00133465198312911,0.000862785281732582,0.000516914067068574,0.99728564866807,4
"20344",0.995871251609533,0.00310147199978051,2.73590933695526e-06,0.00102454048134924,1
"20349",0.999549672511171,0.000155601184567617,5.27623459139513e-08,0.000294673541915634,1
"20351",0.936862627383111,0.0444711247791644,0.00113173932627213,0.0175345085114528,1
"20353",0.907135800310459,0.0019979517023325,4.59036564576126e-07,0.0908657889506436,1
"20357",0.00288893958398043,4.22295633515872e-05,3.71716808315173e-09,0.9970688271355,4
"20360",0.0343785006090825,0.00384688513231802,1.02415678170032e-05,0.961764372690783,4
"20364",0.95555524846768,0.0383719354578017,3.75353495525478e-05,0.00603528072496542,1
"20366",0.00355975754054907,0.00828324160109699,4.2406795600498e-05,0.988114594062753,4
"20381",8.88772303455866e-05,0.272887112409294,0.727010985070077,1.30252902833793e-05,3
"20391",0.422081408044152,0.538195546470821,1.22865762680556e-06,0.0397218168274002,2
"20394",0.00034050800052217,0.99742980868951,0.00222097949044386,8.70381952430369e-06,2
"20396",8.95218086513187e-06,0.925730085568347,0.0742606958942324,2.66356555040493e-07,2
"20409",0.642778840707874,0.117914878165985,0.237587512774084,0.00171876835205671,1
"20411",0.894247222451981,0.000876529434533059,2.45539713231127e-08,0.104876223559515,1
"20416",0.070636764628847,8.04004574312579e-07,6.07424190917005e-10,0.929362430759154,4
"20418",8.96186934936646e-06,0.653849218557211,0.346141651982742,1.6759069745209e-07,2
"20420",0.000128760620670562,0.0313781049527322,0.000613193756136472,0.967879940670461,4
"20422",0.998091294090904,0.000999485568065639,9.64177860246386e-05,0.000812802555005191,1
"20424",0.950448477703391,0.00063716816396194,5.6302065869696e-08,0.0489142978305814,1
"20426",2.67508066373314e-05,2.46586151801847e-05,0.000181992716867487,0.999766597861315,4
"20428",0.855211371903479,0.144664890550772,6.57511581369638e-05,5.79863876121812e-05,1
"20431",0.0989044027117331,0.707239995636598,0.171931812626411,0.0219237890252576,2
"20433",0.999894762720053,5.62688337001079e-05,1.79429808654589e-07,4.87890164381741e-05,1
"20436",0.918377566977899,0.0756722383478511,0.00588055352429143,6.96411499585129e-05,1
"20439",1.50044671564435e-05,0.619944947541647,0.380039848997143,1.98994052694112e-07,2
"20441",0.00258010076973765,0.000204437719980306,7.0924938558753e-07,0.997214752260897,4
"20444",8.81807088214822e-07,0.000317269682367766,0.999681746075256,1.02435287874735e-07,3
"20448",0.0255025573369485,0.592370462392092,0.379132576897791,0.00299440337316853,2
"20536",0.000545010780205644,0.999331721685172,0.000120361643802998,2.90589081964673e-06,2
"20538",0.344964663955452,0.0964371773295786,1.89901458972238e-05,0.558579168569072,4
"20541",0.936627928873725,2.40814125802301e-05,3.57943558922392e-08,0.0633479539193392,1
"20544",0.392875596973835,0.591859235748331,0.0129775604076196,0.0022876068702149,2
"20546",0.989261343706466,0.0021317719897842,9.51796986395212e-08,0.00860678912405131,1
"20550",0.493600021489944,0.457953357762294,0.0066660626533009,0.0417805580944607,1
"20553",0.0503639695980987,1.54319609215818e-07,1.238522324946e-06,0.949634637559967,4
"20555",4.1188779976467e-05,0.00511879022622028,8.64518605971118e-07,0.994839156475197,4
"20557",0.31879787873895,0.316416286742759,0.0051325845627229,0.359653249955568,4
"20559",0.999383939822973,0.000472570527034108,6.82109439737231e-06,0.000136668555595715,1
"20561",0.00394718817537222,0.515925657741121,0.4799320391618,0.000195114921707059,2
"20564",1.75740374032867e-06,6.92957298962132e-05,0.999928617233238,3.29633125800931e-07,3
"20566",0.872786664374245,0.126874644316541,0.000307329871716028,3.13614374973542e-05,1
"20569",7.92283167485622e-05,0.724005963586329,0.275913161891933,1.64620498976566e-06,2
"20572",2.50109983217768e-05,0.0518967973676525,0.948078035926308,1.55707717288024e-07,3
"20574",0.996462821779972,0.000287200201033696,9.08693954311427e-06,0.00324089107945109,1
"20576",1.00387279318323e-05,0.000339245318965315,0.999649908969134,8.06983968685737e-07,3
"20578",0.864897681973567,0.12576617707044,0.00796954561287578,0.00136659534311786,1
"20580",0.830130990551121,0.169445594873273,0.000283901611509735,0.000139512964095647,1
"20583",7.53760030666551e-06,0.000199788370321518,0.99979202294496,6.51084411759215e-07,3
"20586",0.909387389189554,0.0879626051582608,1.85249319945051e-05,0.00263148072019095,1
"20589",0.999507822343481,0.00016265055275014,1.194543402636e-08,0.000329515158335239,1
"20591",0.0094699352635384,0.788208483805411,4.83572438952399e-05,0.202273223687155,2
"20593",0.999844966479375,1.76551647755568e-06,1.04248481984183e-07,0.000153163755665748,1
"20595",0.995734046897535,0.00359740926375223,0.0001394291417889,0.000529114696924265,1
"20597",7.31984355585359e-05,0.993527942736047,0.00639752812405453,1.33070433971852e-06,2
"20599",2.01091327726795e-06,9.24084179678925e-05,0.999905416487279,1.64181476285881e-07,3
"20601",0.00118624895133412,0.997660606033988,0.000994196770148651,0.000158948244529195,2
"20604",0.999826286150382,2.68524991878524e-05,3.99761943205415e-06,0.000142863730998148,1
"20606",0.999798393428529,3.69013695408157e-05,1.51722945093536e-07,0.000164553478984731,1
"20608",0.998310283850614,0.00165631185696525,1.57418228495263e-06,3.18301101353216e-05,1
"20610",5.28033306010799e-05,0.0019215225528509,0.998021478195888,4.19592065959658e-06,3
"20612",0.654408331335476,0.0319554022823431,0.0125437280387428,0.301092538343438,1
"20614",8.63402998880964e-06,0.00816083820178131,0.991827767416585,2.76035164471994e-06,3
"20616",0.0140359549728566,0.983147112619875,0.00250651425908698,0.000310418148181575,2
"20618",0.000751822412561924,0.00141190503439266,4.36788325911419e-05,0.997792593720454,4
"20620",0.997799002468446,0.00196124771035708,0.000143806843426693,9.59429777705131e-05,1
"20622",2.76456291403807e-05,0.000717795304658667,0.99925346650149,1.09256471066503e-06,3
"20624",0.971559446912789,0.000904295296451047,3.5369343039511e-07,0.0275359040973292,1
"20626",0.907586736873271,0.0870003023731358,0.00540588675566209,7.07399793151299e-06,1
"20628",0.281443132657096,0.716219718834268,0.00184492545328153,0.000492223055354547,2
"20630",0.896232615822067,0.0846737740636583,0.0183581740220393,0.000735436092235031,1
"20632",7.4323718969122e-07,0.0111360639379865,0.988863158190591,3.46342327862191e-08,3
"20634",0.999820388764079,6.33160217483374e-05,1.21384729539579e-07,0.000116173829442824,1
"20637",0.0175279563579317,3.66975590427414e-05,1.70677522259302e-05,0.9824182783308,4
"20639",8.00065935535866e-05,0.234014561174934,0.765887216296614,1.821593489857e-05,3
"20644",0.428332358226393,1.78394055114287e-06,2.42343907304164e-07,0.571665615489149,4
"20646",0.972607654375797,0.00116046990377418,5.01187969505475e-05,0.0261817569234785,1
"20648",0.000813479082328527,0.967674830692155,0.031323180692528,0.000188509532988458,2
"20650",0.748592933984856,0.000341664133390186,2.67532436045448e-07,0.251065134349318,1
"20653",0.00105307491914947,0.991458330739235,0.00638273731444254,0.00110585702717283,2
"20658",0.999214363586192,0.000769815307789296,2.62434716433122e-07,1.5558671302055e-05,1
"20661",0.0844658683746675,0.0225366761205071,1.23887931274084e-05,0.892985066711698,4
"20663",0.64106439711191,0.356102782555736,2.89716171635962e-05,0.00280384871518981,1
"20665",9.27071727389803e-06,0.000118231637891769,0.999872456026751,4.16180835692337e-08,3
"20667",0.0264629663753224,0.972152601338853,0.000596418597931226,0.000788013687893953,2
"20669",2.79767360898629e-05,0.990532539208248,0.00943721380227058,2.27025339113217e-06,2
"20671",0.236077804505273,0.00148548460329191,0.000142426207112827,0.762294284684322,4
"20673",4.9348126548504e-05,0.97055620766323,0.0293936895315278,7.54678693638908e-07,2
"20675",0.00730509233736022,0.992596034325882,8.73482894039334e-05,1.15250473540482e-05,2
"20677",0.457975946827189,0.541601817552415,2.35851735925165e-05,0.000398650446803365,2
"20679",8.33280841415385e-06,0.97357288132972,0.0264177779490737,1.00791279234705e-06,2
"20681",0.000118745966078681,0.999804654160277,7.0617355395005e-05,5.9825182495193e-06,2
"20683",0.313484735156494,0.68632592693822,5.31916887527128e-05,0.000136146216532666,2
"20685",4.81949893426701e-05,0.0218395817030172,0.000167901808563997,0.977944321499076,4
"20687",2.68468588589016e-05,0.0607212362912897,0.939245772310416,6.14453943559865e-06,3
"20689",0.265055528435106,2.64322225054213e-05,2.12861364996508e-07,0.734917826481024,4
"20691",2.0825382622552e-06,0.000418311894161914,0.999579226493035,3.79074540639852e-07,3
"20693",0.998085148500454,6.07236439871552e-05,2.36743315783853e-08,0.00185410418122694,1
"20695",0.00059026820347041,0.991156716781399,0.00820967616965321,4.33388454770002e-05,2
"20697",0.999190753056719,0.000140333387124033,7.55235639593019e-05,0.000593389992198148,1
"20699",0.259581483397556,0.740008461989918,0.000397330436493903,1.27241760320666e-05,2
"20701",0.862147402227048,0.137531039374652,2.35728008329886e-06,0.000319201118216536,1
"20703",0.0003069290044407,0.983296080012509,0.00535478754615035,0.0110422034369002,2
"20705",0.991365554134039,0.00282720870916249,6.11708577399086e-07,0.00580662544822131,1
"20707",0.00895238095084772,0.990393040239497,5.6474112796012e-05,0.000598104696859314,2
"20709",0.0414517253521689,0.0744034102513488,0.884128686550297,1.61778461850504e-05,3
"20713",0.000220755381137971,0.947860073827213,0.0372879287827128,0.0146312420089359,2
"20715",0.843548583922786,2.98834390951213e-05,0.0290707870107282,0.127350745627391,1
"20717",0.000257712282131839,0.999362828094956,0.000335796118753068,4.36635041590811e-05,2
"20720",0.984966363343125,0.0144994262865459,4.51293936841429e-05,0.000489080976644747,1
"20722",0.981228882603244,0.0186467096209099,5.57620541602347e-06,0.000118831570429863,1
"20724",0.000114712069260013,0.782185783786064,0.21768533434323,1.41698014457042e-05,2
"20726",0.998420902287073,7.61954918690976e-05,1.46503156365235e-08,0.00150288757074194,1
"20728",4.31647570774821e-05,0.999644216931361,0.000309036338833762,3.58197272783601e-06,2
"20730",0.00225883711023202,0.559383654753142,0.438224163404634,0.000133344731991662,2
"20732",0.425967737665787,0.488115832077207,0.000265216711971982,0.0856512135450342,2
"20734",0.409653453653046,0.588078905981205,8.57029071815548e-05,0.00218193745856688,2
"20736",7.06495275324057e-05,0.129871240347634,0.870056436445209,1.67367962446914e-06,3
"20738",0.515373631446215,0.0199107602632862,0.390806099698179,0.0739095085923198,1
"20740",0.611799882513529,0.10523327065091,1.64218552454656e-07,0.282966682617008,1
"20742",0.000229138547676873,0.997594759967284,0.000406073186680855,0.00177002829835807,2
"20744",4.55506380403267e-06,0.0372667945967612,0.962728619530671,3.08087642874826e-08,3
"20746",0.0841490346622859,0.915556024217226,0.000152107178766026,0.000142833941721924,2
"20748",0.000120006802897505,0.691794473286589,0.308031961701381,5.35582091321269e-05,2
"20750",0.00087851640853633,0.349998944109673,0.649119972308175,2.56717361526465e-06,3
"20752",0.968455327396108,0.030430266528485,1.32426401654797e-06,0.00111308181139061,1
"20754",0.00020412467685114,0.984824774149706,0.0149698251376181,1.27603582429435e-06,2
"20756",0.145298887145993,0.551822957137022,0.302435907207368,0.000442248509617152,2
"20758",0.269625475692321,0.327029817969057,0.403323017305482,2.16890331397874e-05,3
"20760",2.62515120708612e-05,0.830123412747999,0.169849672455623,6.63284306901149e-07,2
"20762",0.000120917024849599,0.998480340877079,0.00139594509459858,2.79700347296554e-06,2
"20764",1.19345037256373e-05,0.3160221307421,0.683961225011553,4.70974262186227e-06,3
"20766",5.41644697311055e-05,0.9069953151516,0.0929427643327615,7.75604590744922e-06,2
"20768",0.00134406791309505,0.17714004661077,0.821465963428037,4.99220480987128e-05,3
"20770",0.0282030834743338,0.97119673090246,0.000590644407561074,9.54121564541371e-06,2
"20772",0.999912667090467,6.3802136200894e-05,1.45473784473728e-06,2.20760354876316e-05,1
"20774",0.998566426229297,7.06024841082078e-06,2.12808431078755e-08,0.00142649224144959,1
"20776",0.00162408352388329,0.996879468003879,5.38052163866249e-05,0.00144264325585064,2
"20778",0.285383241394118,6.43859694706799e-07,2.42899481227616e-07,0.714615871846706,4
"20780",0.00134663464860644,0.792171794332,0.206476459305873,5.11171352035887e-06,2
"20782",5.91383070380362e-05,0.92517890339391,0.0747601937292057,1.76456984592875e-06,2
"20784",0.000229839301746364,0.998944557619818,0.000822511611489577,3.09146694558452e-06,2
"20786",3.09169528720951e-06,0.000888268907769422,0.999108626014967,1.33819761342558e-08,3
"20788",0.0204089428919356,0.977655808801748,0.000151163967140042,0.00178408433917651,2
"20790",5.40341415774579e-05,0.904269463753199,0.0956762590675164,2.43037706856759e-07,2
"20792",0.0471920183009251,0.482274961049094,0.467186651590584,0.00334636905939731,2
"20794",2.44994515083785e-05,0.522327422207282,0.477647951387335,1.26953874298965e-07,2
"20796",0.995810738358005,0.000564502897010378,8.39618108036513e-08,0.0036246747831736,1
"20798",1.75740374032867e-06,6.92957298962132e-05,0.999928617233238,3.29633125800931e-07,3
"20801",3.72539209338465e-05,0.00159330882593503,0.998366924465403,2.51278772801355e-06,3
"20803",0.0370464107103746,0.958914032662174,3.06782980610803e-05,0.0040088783293903,2
"20805",0.347246790496408,0.651386970157191,0.000116426135976083,0.00124981321042547,2
"20807",1.75740374032867e-06,6.92957298962132e-05,0.999928617233238,3.29633125800931e-07,3
"20809",0.00151407742418456,0.996116603719104,0.00149325479773764,0.000876064058973458,2
"20811",0.0133127454799632,0.027466315000062,0.956032448607235,0.00318849091273979,3
"20813",0.448888421124896,0.4721218116817,0.0753347419269472,0.00365502526645602,2
"20815",8.32453197944858e-07,0.00127652588504201,0.998722624312605,1.73491546571734e-08,3
"20817",0.000231115645333071,0.961147030838866,0.0385327431078713,8.91104079299381e-05,2
"20819",0.339098326603245,0.65394157504862,4.57010422651399e-06,0.00695552824390844,2
"20821",0.967513028604487,0.00627100502549501,0.0252564393513062,0.000959527018711986,1
"20823",0.198451195957052,0.78128775139182,0.014513510001198,0.00574754264993015,2
"20825",3.13615175321544e-05,0.93269260709955,0.067273579043941,2.45233897704598e-06,2
"20827",0.000424088036193097,0.178911528234172,0.82035345561316,0.000310928116474699,3
"20829",0.995676266389332,0.00245406185503471,3.32399432494891e-05,0.00183643181238346,1
"20831",0.000147415992096296,0.933735722996241,0.0660986751494701,1.81858621928645e-05,2
"20833",0.000118840963794473,0.7811661836283,0.21871345592207,1.51948583568437e-06,2
"20835",7.68843539093343e-05,0.970334565650942,0.0295188497194101,6.97002757386139e-05,2
"20837",0.000338047650573094,0.997391770934479,0.00216975791263415,0.0001004235023138,2
"20839",8.77858178582123e-05,0.988092158295102,0.0118159956790461,4.06020799415623e-06,2
"20841",0.456683509304825,0.216371341472054,8.02115626028659e-05,0.326864937660518,1
"20843",0.00134756858567478,0.99859229972177,3.24272057627502e-05,2.77044867929821e-05,2
"20845",0.00151151537962248,0.448961282028864,0.549490555734827,3.66468566871331e-05,3
"20847",0.443755727181543,0.554081952852879,0.000351561031297103,0.00181075893428009,2
"20849",0.592093618033023,0.394461434696284,0.0131557540202919,0.000289193250400434,1
"20851",0.706706042411259,0.287806256219677,5.41853861247729e-05,0.00543351598293894,1
"20853",0.48589215613158,0.0106453030515295,3.60329052215221e-06,0.503458937526369,4
"20855",0.996268064098736,0.00283190094857086,0.000260338192841782,0.000639696759851164,1
"20857",0.637230377982498,0.361542667480555,7.12068474986948e-05,0.00115574768944775,1
"20859",0.979379350687328,0.0204117714794188,0.000114144954928412,9.47328783244617e-05,1
"20861",0.000370400264231396,0.0423178039460431,0.00343866447499385,0.953873131314732,4
"20863",6.57979750645718e-05,0.642836385909177,0.357056080740793,4.17353749652821e-05,2
"20865",0.00125353765016595,0.997869292979273,0.000876173428483474,9.95942077636678e-07,2
"20867",0.998716717200818,1.20218855604638e-06,3.37535543476906e-08,0.0012820468570722,1
"20869",0.000360410020264957,0.482866647679647,0.516761146626909,1.17956731786524e-05,3
"20871",0.997858379383002,0.000126963147793832,0.00133900355845292,0.000675653910751348,1
"20873",0.999089238439141,0.0001030581905072,0.000438634502227621,0.00036906886812455,1
"20875",0.934292964874234,0.0375679933324574,4.68517982893677e-05,0.0280921899950197,1
"20878",2.11768052084787e-06,0.00320909375390585,0.996788580966071,2.07599502154193e-07,3
"20880",0.000216082246171283,0.793764824291311,0.206016374648766,2.71881375263333e-06,2
"20882",0.997816215392254,0.000323043197908717,2.95451398317081e-06,0.00185778689585403,1
"20884",0.000349407468671183,0.994785975365725,0.00473428044932485,0.000130336716278517,2
"20886",0.00216862536890944,0.282559774061053,0.715265781109497,5.81946054096793e-06,3
"20888",1.86952545897878e-06,0.107633959083199,0.892364084411781,8.69795617543869e-08,3
"20890",0.000667648291544822,0.783956947328748,0.215371913080545,3.49129916143915e-06,2
"20892",0.48574084464552,0.471717126537035,6.32747810280597e-05,0.0424787540364175,1
"20897",0.0799058547435905,0.887770614215002,0.0167301917887287,0.0155933392526789,2
"20899",0.0904788654893621,0.868583643134428,0.0397459231100554,0.001191568266154,2
"20901",0.0295249175293487,0.00137978073219426,1.5620949547586e-05,0.969079680788909,4
"20903",0.960302671651123,4.31136213471329e-05,0.00495361681723824,0.0347005979102913,1
"20905",0.901961279907528,0.042371553817757,0.0370944209986667,0.0185727452760485,1
"20907",0.999067795008332,0.000845613151196083,6.18683489234726e-07,8.59731569822653e-05,1
"20909",0.431758481348658,0.540366632532919,0.0266912763659421,0.00118360975248068,2
"20911",0.020996422790282,7.12041559207758e-06,1.31899946921203e-07,0.978996324894179,4
"20913",0.00917717950407147,0.984152559372554,0.00639257729805368,0.000277683825320638,2
"20962",0.917874228858351,0.0819420238812475,5.7982187939549e-05,0.000125765072462429,1
"20969",0.964509640273201,0.00317787836721959,0.0124641019636171,0.019848379395962,1
"20980",0.909879009781439,0.0892646411632245,0.000669646487455251,0.000186702567881045,1
"20982",0.988093817426435,0.0117770837760612,1.43331605243215e-06,0.000127665481452052,1
"20984",0.000585462838042072,0.991605014890962,0.00727557878164036,0.000533943489355511,2
"20994",0.978034463672434,0.0105845402384309,0.000617663917772701,0.0107633321713629,1
"21015",1.65529809658947e-05,0.169302127739526,0.830110112123401,0.000571207156106635,3
"21023",0.968302461829155,9.39519696174264e-05,1.22700839197672e-07,0.0316034635003885,1
"21040",0.912863508424471,0.0823042452004884,1.33320038556764e-05,0.00481891437118548,1
"21073",0.549166125543353,0.243303072614399,0.0080912688760484,0.199439532966199,1
"21222",0.000656387531575421,0.883993628118042,0.115282775554744,6.72087956386299e-05,2
"21224",0.074279079554014,0.921324091738714,0.00438482097306137,1.20077342109918e-05,2
"21228",0.011348188732255,0.27582590103508,0.619510436594527,0.0933154736381384,3
"21232",0.965846660485971,0.0020928635356353,3.45883578863667e-07,0.0320601300948149,1
"21237",0.573148066015927,0.0220822111695447,0.000999700557522779,0.403770022257005,1
"21240",0.000118452765143565,0.908238320868878,0.091581450454622,6.17759113564531e-05,2
"21245",7.4878061299548e-05,0.749146791765344,0.250774050775286,4.27939806993624e-06,2
"21252",0.870550246235114,0.00507370275875008,1.03398535748705e-07,0.124375947607599,1
"21254",0.838992935863154,0.0514993888387042,1.29734444905719e-05,0.109494701853651,1
"21258",0.100476233184597,0.88986389228505,0.00958580772683745,7.40668035149267e-05,2
"21264",0.00718271861258257,0.859861183201422,0.132665123903722,0.000290974282273556,2
"21305",0.0168561007442807,0.959987051315658,0.023150100409241,6.7475308205654e-06,2
"21333",0.895576479083187,0.103211248924219,1.14253390636865e-06,0.00121112945868779,1
"21366",0.0254348778783603,0.971944431151313,0.000302809233592779,0.00231788173673404,2
"21377",2.0934480460159e-05,0.00126482984315909,0.998712753516285,1.48216009576165e-06,3
"21380",0.919587780280465,0.058391065980658,0.0216735483580223,0.000347605380854243,1
"21387",0.000130406801626757,6.21144180622849e-07,7.9335972098174e-10,0.999868971260833,4
"21390",0.984694365479753,0.00557897815920727,2.26413287266856e-06,0.00972439222816683,1
"21392",0.180518313387356,0.772458843155124,0.000447286406413767,0.0465755570511061,2
"21403",0.897084474779203,0.0734069831009929,0.0293058611711818,0.000202680948622977,1
"21408",0.998741845830227,0.000632817893817435,5.97596557640719e-05,0.000565576620191191,1
"21412",0.022051602557008,0.000461870879184793,0.000272194156702569,0.977214332407105,4
"21421",0.00261589908098467,0.995858754265795,0.00149046584548058,3.48808077400718e-05,2
"21424",0.0363232602778091,1.26603739456854e-05,1.01404831818675e-08,0.963664069207762,4
"21429",0.991688356053173,0.00317112458865042,2.51670336138334e-05,0.00511535232456277,1
"21431",0.0145576155756144,0.98411932407435,0.0011519630693781,0.000171097280657899,2
"21436",0.00224890239003959,0.996759014338759,0.000987863671094199,4.21960010682621e-06,2
"21439",0.96665650799864,0.0289069741795148,0.00367780553294629,0.00075871228889937,1
"21442",0.0812073034361356,0.736771299889949,0.181077388841484,0.000944007832431742,2
"21444",1.33467663284101e-05,0.996065788296765,0.00390078728832392,2.00776485827467e-05,2
"21446",1.25601273594951e-06,0.00596349830148561,0.993994948008339,4.02976774396577e-05,3
"21448",1.36021965328675e-05,0.00583388260232817,0.000102175201710788,0.994050339999428,4
"21450",0.348961164058424,0.589243113715647,0.0369377026909678,0.0248580195349612,2
"21452",0.979545426008244,0.0204148519774074,6.66789321490794e-06,3.30541211336481e-05,1
"21466",0.976007280462366,5.37231204608508e-05,6.90760740919845e-09,0.0239389895095663,1
"21470",0.909608490665209,0.0896103759907004,0.0007165359567574,6.45973873328194e-05,1
"21472",0.989568328042128,0.00973154685327262,8.59322529847259e-08,0.00070003917234616,1
"21474",0.857056640416523,0.0260277117701373,0.0010599735729207,0.115855674240419,1
