"","V1","V2","V3","V4","V5","V6","V7","V8","best$classification"
"19812",7.42602273531375e-05,0.000112450126187563,0.255218125969206,0.0467447822629933,0.000623404825603859,1.17985284955532e-06,0.000203579015880545,0.697022217719926,8
"19814",2.20016408022545e-06,1.72917634452517e-06,0.0141569041001708,0.000674408095531515,3.79613842752445e-05,0.00184695007689276,3.0293663761144e-06,0.983276817636329,8
"19816",4.82070982889286e-05,7.85231680675241e-09,0.757971200315659,0.00763438323305918,0.230665418791464,6.60893713704355e-07,1.49171187985348e-05,0.00366520469669921,3
"19818",2.06724330261385e-05,2.82101452538403e-06,0.56810608035481,0.000278379631547195,0.000988863022621467,0.00666475993399358,1.02152403326991e-05,0.423928208369144,3
"19820",4.47071429200302e-09,4.87974550234629e-10,0.00227555345842909,3.11662589752427e-05,0.997384805254746,2.75585018938011e-10,0.000308464471026971,5.3225492096376e-09,5
"19822",1.84645142899057e-07,1.19116131931928e-05,0.0032910325188479,0.0120330867316528,0.843155701407508,1.05569959028861e-06,0.141506693844328,3.33539736658059e-07,5
"19824",0.000121575824185429,3.5164962964643e-07,0.411580132090822,6.14109446924607e-06,0.586746799425204,0.00133131224438177,8.11000080726263e-05,0.000132587663234701,5
"19826",0.0143842109950151,1.91886116354668e-06,0.0891878001532069,0.147650319247753,0.00264666951887227,2.95656992460453e-05,2.55050048866786e-06,0.746096965024255,8
"19828",1.37470159346207e-07,1.95496588516919e-07,0.384756647682279,0.000161136396777125,0.61252435039787,1.64925094394101e-06,0.00244170275036033,0.000114180555021093,5
"19830",0.00140135369673239,0.00333906098584862,0.00812384852582099,0.0918952036050687,1.99475723019389e-06,9.83553334263577e-05,1.04312470221656e-05,0.895129751848851,8
"19832",3.51187208983906e-06,0.0313667705936429,0.13238793206404,0.0387710083044467,0.0140871482564497,1.20376938268798e-06,0.650803933166004,0.132578491973944,7
"19834",4.21732931847619e-07,1.1256745700124e-05,0.202072258313296,0.727357872229492,0.0492314466681153,8.1306291729148e-05,0.0121695341621263,0.00907590385660918,4
"19836",0.0216002597779504,2.18141637116519e-05,0.938507016968604,0.00171045678679429,0.00226732567232894,2.1251742119366e-07,6.5929807357524e-06,0.0358863211324535,3
"19838",3.33743245798078e-06,5.64200832019266e-05,0.000436382582870363,0.000552187379927835,2.71017282498683e-07,0.000225914448410443,1.81357018398965e-06,0.998723673485665,8
"19840",0.0007995651184716,6.86086314467204e-08,0.165194943441359,0.767692279194702,0.0496882953838776,2.74064706552904e-06,1.04991156489418e-05,0.0166116084902442,4
"19842",0.961344134601157,3.74655494909409e-06,2.65149768826378e-05,0.000363689995155538,8.42816511212481e-08,4.77931400319659e-06,7.72624401030027e-10,0.0382570495035766,1
"19844",1.0559294671538e-05,1.62997237800833e-08,7.42019883279361e-07,1.17202031428884e-07,1.68759169859352e-06,0.999980603360371,1.75717001200572e-09,6.27247445061196e-06,6
"19846",0.00350838382036126,2.42719940329061e-06,0.000225190574371756,5.27602301943644e-06,4.33224321439534e-08,0.0594306295344386,7.37909038872179e-10,0.936828048788064,8
"19848",0.000157899737801294,3.05423405723421e-06,0.000258225147400177,1.3526344929744e-05,6.41934152351528e-08,0.0205524201871594,4.80400656601787e-09,0.97901480535123,8
"19850",3.6480034687564e-05,2.42189997494474e-06,0.000722690694982375,0.00010161411221885,3.49555587036829e-06,0.176280081838738,1.37113843041335e-07,0.822853078749685,8
"19852",1.86161526318935e-06,5.50088740805064e-07,0.971015857449939,0.00126318380972075,0.00746152208676331,6.67797137198915e-05,3.17061630127113e-05,0.02015853907284,3
"19854",3.45471412850755e-05,4.15572864349545e-06,0.000221928721328895,3.98612754699172e-05,5.72371159647678e-08,0.00175839103362418,1.67391490219419e-08,0.997941042123384,8
"19856",0.000129600884091025,1.98439167156113e-06,0.000126679318300401,0.000479728877073597,8.58105387060721e-05,0.98508203288825,1.2705843500568e-06,0.0140928925175573,6
"19858",9.92574365638082e-06,4.28553493118217e-06,0.00466395050518519,6.1919080231865e-05,0.00394317704385732,0.990537361946924,3.12325198020477e-05,0.000748147625411949,6
"19860",2.1240305955157e-05,7.35027286825679e-07,0.59926872912019,0.146999405548255,0.0189012854660594,2.26830168561402e-05,8.49262139434675e-05,0.234700995301454,3
"19862",0.0123104696103359,4.79349944300055e-06,0.000114232982431375,1.34551737478117e-05,1.60148229985903e-08,0.0019978000279695,5.43920290891681e-10,0.985559232147329,8
"19864",0.999975909354176,9.87188549680916e-07,1.88385650209948e-05,3.71060693835746e-07,1.98649740874556e-06,8.55312393635609e-07,8.44086468137772e-10,1.05117767086889e-06,1
"19866",0.0193934535647582,1.74067752958377e-07,0.642504955850194,0.0709665045608468,0.266672222896033,6.84572078040461e-07,1.30352505433222e-05,0.000448969237793438,3
"19868",6.28318968279623e-08,0.9582846582244,3.9373770762622e-07,0.00266766637652265,6.43039777251877e-07,2.42142542941259e-05,0.0389997442252462,2.26173101551378e-05,2
"19870",0.00133817832195517,1.09085491305492e-05,0.0209218232004423,3.80026705198174e-05,2.38311873156963e-06,0.00167314407316612,6.90832046373906e-08,0.97601549098285,8
"19873",0.0018826149165978,1.35268017973761e-06,0.417087746746459,0.00104256914975396,0.000794620724910916,0.000526193060886366,1.41711018859588e-06,0.578663485611024,8
"19875",5.35927338358201e-07,1.44176154281121e-07,0.160743990597943,0.0475221486848707,0.787073675711282,3.94788630509411e-08,0.00371230016906969,0.000947165254478803,5
"19877",8.23357886251867e-05,1.95743742304937e-05,0.188580164748341,0.00453153656721241,4.26696261210149e-05,0.00196955800388843,1.90445592450105e-06,0.804772256435657,8
"19879",2.05601237277355e-05,2.54480905958995e-05,0.954643458391184,0.00344625086538163,0.001380482194166,0.000752904266512719,6.04033026172507e-05,0.0396704927658152,3
"19881",0.0278626024778095,6.57108021140877e-06,0.0773310598009996,0.0044634565600056,0.000401944222094562,0.00101255923035722,1.04504781755047e-06,0.888920761580705,8
"19883",0.407758828045987,1.43853729811266e-06,0.0317509019877193,0.00164071609830976,0.000106091901064331,4.25155621354205e-05,7.16478878751314e-08,0.558699436219599,8
"19899",0.000112607194619261,7.40837380984382e-05,0.130901379677671,0.856482647161697,0.00164508720470692,2.03797373725363e-06,0.000115384357754133,0.0106667726917165,4
"19908",0.0120731852021923,0.000512922720728192,0.000881976382293505,0.985018032203359,0.00114459041999684,0.000186404176149437,0.000129292388576124,5.35965067051892e-05,4
"19910",3.36962449134895e-05,6.38088381369898e-07,0.966437958551385,0.000170777174238872,0.00169057180902115,2.92823472827865e-05,3.27704283165103e-06,0.0316337987419455,3
"19912",0.594938590735432,8.16453123189205e-06,9.05529138185864e-05,0.00367058532395799,1.93827604443921e-07,0.000321046712432336,3.0757431279182e-09,0.40097086287978,1
"19914",2.79891976236643e-05,0.000187845281894657,0.593989155870266,0.281562754537136,0.00277703922227704,0.000421280418632587,0.00061028016477295,0.120423655307398,3
"19916",0.232710644005022,5.03349655298714e-06,0.176661923752754,0.000371815799882592,0.589890711162605,0.000289753411255117,2.12409130542013e-05,4.88774588735937e-05,5
"19918",0.00244082174135569,4.30667073180593e-07,0.00874003587065163,3.07630850232822e-05,4.73564356113521e-06,0.075453049145721,6.34159101375392e-09,0.913330157505023,8
"19920",2.75066637455048e-05,1.63729454540112e-07,0.000129435681612498,6.07695921955068e-05,3.8057762717718e-07,0.86923064683626,3.16571167831146e-09,0.130551093753393,6
"19922",4.13859907796419e-06,0.537862982912682,0.0901482247100214,7.61243241396535e-05,0.000539047849786155,7.43522758979796e-06,0.212002518882409,0.159359527494294,2
"19924",0.000179616196667937,3.54080347561591e-06,0.170550237708,0.00578603151262556,0.000205821171876964,0.0304014334283786,1.19898284600407e-06,0.79287212019613,8
"19926",0.00283026487168588,0.00119383047484848,0.523792381500879,0.450630951435204,0.00614791624385562,1.15020380080194e-07,0.000840704785443005,0.0145638356677037,3
"19928",0.999998495342022,6.86480894548446e-07,2.18904680360984e-08,4.04598799583354e-08,3.73508275207167e-09,4.59124973099218e-07,9.78989469102304e-12,2.92956890008383e-07,1
"19930",4.75133365403386e-05,8.45974869208759e-06,0.0269152103718732,9.68721796727476e-05,7.191302366695e-06,7.85992778064631e-05,6.68319682339331e-07,0.972845485463366,8
"19932",9.25689781825592e-06,9.23113699172187e-06,0.000517378449243394,5.9269042015587e-05,1.50336642446124e-07,0.000606452913300348,1.05471251236311e-07,0.998798155752737,8
"19934",7.15811743055207e-07,3.1827001477801e-06,0.43255237720587,0.0573458705302784,0.476443294206824,0.000117341050445768,0.016443460306325,0.0170937581883664,5
"19936",1.81310545591967e-05,0.000119309140521709,0.0750033494852826,0.0616017417065789,0.000286300542351572,0.000110226212775963,8.07498494868643e-05,0.862780192008443,8
"19938",5.54090547922305e-06,5.21358124906224e-06,0.0948323364020283,0.164447229686987,0.734737462962346,3.93706084565358e-05,0.00588965966984998,4.31861836031959e-05,5
"19940",0.00907371140248503,1.43951067840254e-06,0.859781575498175,8.15727772561526e-05,0.000716000358204443,0.000105947123552309,3.59444002898968e-07,0.130239393885646,3
"19942",0.999991818502357,2.98450852735813e-08,2.82746598285546e-07,4.88978081666301e-06,7.62652155383095e-08,1.08630366074841e-07,1.58340988187225e-11,2.79421372691145e-06,1
"19944",0.000187768589507666,5.21334218553108e-07,0.972553493069293,0.00253817756910583,0.0108261469598503,3.83054789555206e-06,7.10984112695469e-06,0.0138829520890026,3
"19946",6.26151071636195e-05,3.9975056553063e-06,0.714297917852057,0.00341598388284792,0.00208945362150326,0.0106216677634972,9.74273085560663e-06,0.26949862153642,3
"19948",0.999986913143954,1.35091341648901e-08,9.98255370675104e-07,4.38156171879289e-08,4.2328500601664e-08,4.08599480700661e-07,4.2414970114123e-12,1.15803437011574e-05,1
"19950",3.03103930925406e-07,2.38766777576469e-07,1.11561808621264e-06,3.80178930058391e-07,9.4678055183196e-09,0.998667978675366,1.76364916264938e-09,0.00132997242545441,6
"19952",0.999986913143954,1.35091341648901e-08,9.98255370675104e-07,4.38156171879289e-08,4.2328500601664e-08,4.08599480700661e-07,4.2414970114123e-12,1.15803437011574e-05,1
"19954",4.34748624625665e-05,4.32178290085709e-06,0.00496452248040796,4.53776768877868e-05,8.80235536328554e-07,0.000346325646284629,8.52380954706142e-08,0.994595012077424,8
"19956",0.00855149758699618,0.00201859981738981,1.97527107099676e-05,0.122380490602554,1.96498778604263e-07,0.627613782070333,4.39881504190967e-07,0.239415240831734,6
"19958",5.54664126248888e-08,0.991810314961246,2.90544197535565e-05,6.68319011904052e-08,7.76658856744315e-07,4.51449130614733e-05,0.00795692025324899,0.000157666495520019,2
"19962",0.000278594927261561,0.000211064420137164,0.165489304476837,0.021362497250052,0.031506368543018,0.233974184165233,0.00111995311570809,0.546058033101752,8
"19964",0.0132224545828435,1.7858354576502e-05,0.714436835090959,5.3548729813299e-05,0.000730002812324357,0.00558672130046767,8.40468342626104e-07,0.265951738660673,3
"19966",0.0033783675902975,2.24474934164387e-07,0.0768753622988405,0.0272564259345191,0.892387853318629,1.23891069622395e-08,9.12204796695317e-05,1.05335140031508e-05,5
"19969",0.0102310290669077,2.50333037720197e-06,0.00546196938200992,0.00449111705004399,8.93102310223199e-06,5.13314755452095e-05,1.11450809800798e-07,0.979753007221204,8
"19972",0.204260950110086,4.15361486346375e-05,0.0615673263553072,6.18534223493086e-05,8.22477618328244e-06,0.0658385495021301,2.8367664641892e-08,0.668221531317645,8
"19974",0.0450975204490797,1.44622842696372e-06,1.7912045584263e-05,1.58972713511441e-06,7.53880445754146e-09,0.845836665212988,3.69767202290493e-11,0.109044858761005,6
"19976",0.000218076294119473,5.66071362089086e-06,0.420743619721306,0.00224446709806869,0.000260653967396054,0.0411817690602482,1.36427900856799e-06,0.535344388866232,8
"19978",0.000191211243304729,3.85136535760217e-08,0.966197455923567,0.000151030384593991,0.0157590957755016,6.55601450050473e-05,8.87721404821154e-07,0.0176347202929692,3
"19980",2.8187554488145e-05,4.87876140526362e-06,0.000146701732983436,1.86896512986704e-05,5.52924576742676e-08,0.120043812474002,1.23357444500626e-08,0.87975766219762,8
"19982",9.10712460137894e-06,1.4775396194097e-05,0.000302840617116043,0.000934826710472192,5.95451337435536e-06,0.842542604832297,1.02245280709343e-06,0.156188868353137,6
"19984",1.82502394528678e-06,2.06718205087272e-08,4.17620794550189e-06,8.22798529248793e-07,6.18952607093617e-07,0.999821824689901,2.70303802895236e-09,0.000170708952214039,6
"19986",1.51585512478849e-07,3.91910833934678e-08,0.0310624907213786,0.00407333895271304,0.963028946980849,1.03064271762059e-09,0.0018349420534978,8.94843236335268e-08,5
"19988",1.74583676782302e-09,5.92390424321906e-09,0.00241613230102848,0.00020690853247295,0.994668094509102,2.40976573218691e-10,0.00270885458703358,2.15964547818303e-09,5
"19992",1.63424677448428e-09,5.77338824924868e-09,0.00280162115659023,0.00740209173800487,0.986653937664235,3.62765072518866e-08,0.00314220345766769,1.02299360501637e-07,5
"19994",3.30301289294768e-05,3.14609005229751e-05,0.0390854150035378,0.000454049252554435,8.84140376542633e-06,1.76488594711521e-05,2.60621631572893e-06,0.960366948234903,8
"19996",2.26128638417062e-09,1.23324023526535e-09,0.019333456922103,0.000268130355182249,0.979758267341873,3.14248430686998e-08,0.000639784111046218,3.26350425891923e-07,5
"19998",0.393591333215365,1.81908158480545e-05,0.0103693872013555,0.50729497045175,0.00369627628429108,0.00443664626792932,7.74924444771661e-06,0.0805854465190134,4
"20000",0.00203671413459482,0.114831617797811,0.000212429543645268,0.203003207146392,7.79365275408962e-07,0.000180829384484517,0.000154601118151927,0.679579821509645,8
"20003",0.000680806916177233,0.000113384608412078,0.116851549840055,0.00905541297136818,0.000136481187777505,9.78131044160909e-07,2.82728490885773e-05,0.873133113496077,8
"20005",0.00166670717678176,3.08745962418909e-06,0.000274149770274536,1.36348554176062e-05,2.4668248683721e-08,0.0195899877033345,7.82908674010762e-10,0.97845240758341,8
"20007",5.14842460136726e-06,1.29013990709679e-05,0.802772609748746,0.15406497811948,0.0134515746514982,0.000236560060124755,0.000635747554485433,0.0288204800419938,3
"20009",0.000191576930367115,3.88860105696373e-06,0.119331436245676,0.000822434011565999,0.878366009946174,0.000218362263485127,0.000993628860155253,7.26631415194336e-05,5
"20011",0.0378565358414553,2.18654218326236e-05,0.287945525258002,0.000675330798851009,7.52185610404567e-05,0.00877809625541701,2.94416082863091e-07,0.664647133447319,8
"20013",1.08050622780656e-05,5.0734433345858e-06,0.0048226449949973,0.0134498694273908,7.47228507079673e-06,0.0870219434986558,8.44269635886385e-07,0.894681347018637,8
"20016",3.21001095478438e-07,3.12152823858968e-06,0.0660380989046974,0.00385599518812311,0.909525849568141,5.1607642707576e-06,0.0205706866603737,7.66385059526458e-07,5
"20018",5.72034104171814e-10,0.000421205996971292,3.04588554920608e-06,2.84696773482971e-06,0.00580547606651835,9.76804246474432e-11,0.993767424293735,1.19776294565138e-10,7
"20021",3.81726174978872e-06,7.86180762547262e-07,0.823948425040799,0.000377978466261002,0.173147215639962,2.674933918903e-08,0.000981290710653884,0.00154045995047196,3
"20023",7.13425320044704e-06,8.17290719022316e-06,0.884362644840085,0.0380015050141075,0.0675146764233334,3.4331014433109e-05,0.000768952941971019,0.00930258260567898,3
"20025",1.3174686446782e-07,0.000626945923092611,0.00794118697706319,0.000201338333764232,0.277798722182025,1.15706381554021e-08,0.713430993615953,6.69650599432771e-07,7
"20027",0.408025808193287,3.23025251762401e-05,0.00257135611524832,0.0111114486792,1.75094752660677e-06,1.00827780814181e-05,3.01854728710052e-08,0.578247220576007,8
"20029",0.0095573924448891,3.02544451684538e-07,0.000353393558025234,0.000362869441563254,3.17770790661505e-07,0.00671830625606912,1.2135646690614e-09,0.983007416770646,8
"20032",0.00580074757862487,3.81819896050134e-05,0.00339823286622162,0.000354309487336955,1.15189462222907e-06,6.8161852112992e-06,1.41260638816416e-07,0.990400418737739,8
"20034",0.999940652376126,1.21100569706239e-07,1.33135236984273e-05,1.46227379306547e-07,1.45510008735533e-07,8.0677892329664e-08,3.98960409778502e-11,4.55405444296795e-05,1
"20036",9.61754578259049e-05,3.03352823962329e-06,0.000186635198847528,0.973567035937015,0.000242491715623439,0.00897337023233198,7.52224480098666e-06,0.0169237356853159,4
"20038",1.51628763991007e-07,2.69367134991738e-06,0.11841260884142,0.270926449433853,0.557850652291511,1.00045728540389e-09,0.0527752605921138,3.21825405308003e-05,5
"20040",4.19760502390223e-05,8.28124803758829e-05,0.0506676487501412,2.53847825255782e-05,0.935372633048775,1.64436038342289e-06,0.0138077317820435,1.68745516462634e-07,5
"20043",5.43043021386757e-08,1.14475123840743e-07,0.0654331359251038,0.0102895216709706,0.913090763376783,2.3382316080396e-07,0.0105933370447189,0.000592839379836934,5
"20045",1.4749818766043e-10,1.00549698908943e-07,0.00204945151825833,2.47552527129764e-05,0.959441634381491,1.42603799256503e-08,0.0384840400180033,3.87195717203983e-09,5
"20048",1.24346122602751e-07,7.81210670425503e-08,8.28850520199437e-08,5.57279586299609e-08,7.34177310064074e-09,0.999982217397799,8.7472223624061e-10,1.74333055052358e-05,6
"20051",6.58468431824468e-07,9.11130994357081e-05,0.115759432800088,0.133594709024885,0.0810075563474003,0.0108358125021827,0.048518944567468,0.610191773190108,8
"20053",2.43705089968471e-05,2.55050036221982e-07,0.917603373985158,0.000849418802391195,0.0805690515619344,5.99226637425275e-05,3.99424337825076e-05,0.000853664993958324,3
"20055",6.38516581455421e-06,0.000242793716071197,0.056533548957242,0.881501420803996,0.0221041834947609,3.92610097014491e-09,0.03801548478342,0.0015961791525938,4
"20057",7.96658601687125e-08,0.999953707723841,2.04186940721094e-09,9.3838756811064e-09,2.02350404664925e-10,4.06318665394947e-06,4.17964651748426e-05,3.41330374548179e-07,2
"20059",7.69629076275837e-05,5.95678857442234e-05,0.942365391783694,0.000454468626797554,0.0560474362232399,4.22550182447793e-06,0.000477828794766896,0.000514118276305787,3
"20061",4.74637381725382e-05,2.38494233877099e-06,0.977316786408687,0.00160843380854284,0.0168260153449243,1.54730650899956e-05,3.87216191765565e-05,0.00414472107306768,3
"20063",0.000222111137189461,5.91919745804078e-06,2.81679960429017e-05,0.000165591281874287,0.015679133866688,0.983845740225409,5.03685482109431e-05,2.96774712707787e-06,6
"20065",1.02636604285967e-10,8.7528651074834e-05,0.000302800812086199,7.51294295311144e-05,0.0121222244438639,2.12363154439134e-12,0.987412285776139,3.0782544454483e-08,7
"20067",2.10123977683962e-09,2.9188109470021e-06,0.0681775467645742,0.00170468534842857,0.826837301066785,0.000185077608068164,0.103058948828333,3.35194716236613e-05,5
"20069",1.04589507876511e-05,5.71383667924244e-06,0.00015669862731785,3.75588190812288e-05,1.28812046850891e-07,0.354197574040182,3.44884556583975e-08,0.64559183242545,8
"20071",0.00100817267926574,7.53432819450933e-06,0.00444408179145651,0.993639419924891,0.000216167690107775,1.10839447144119e-05,4.02064799251121e-06,0.000669518993377179,4
"20073",0.000384662873449384,6.59422349578561e-07,0.00446336234613261,2.44865348664135e-06,2.70629108380137e-05,0.902205028668875,4.20143527801151e-08,0.0929167331105159,6
"20075",8.8051819732254e-09,0.936697506753553,5.81726664714524e-07,0.000549536182408152,2.15816375516619e-07,1.85824523265117e-07,0.0627109782330267,4.09866582662797e-05,2
"20077",2.84694370205439e-06,3.14845725378647e-08,0.0944946977481011,0.717234514652082,0.186924184714108,0.000192286322624622,7.71818951330426e-05,0.00107425623967648,4
"20079",1.50953342189136e-05,3.99874592128575e-06,0.00475866165970762,0.0112045686792981,0.0880444297249148,0.857759441378213,0.00167057528984975,0.0365432291878766,6
"20081",8.68002582634203e-09,0.000249891718056065,0.309150518444246,0.0388823840898371,0.149205876962477,2.42605397000919e-06,0.501646478518403,0.000862415532984582,7
"20083",0.000952431563639794,4.30007045003597e-05,8.14160674811323e-05,0.165890223225503,0.000529425237736849,0.829540789176138,3.13848435632563e-05,0.00293132918143811,6
"20085",5.49638458065077e-10,1.78320047751257e-08,0.00144893703043762,0.000404339961763395,0.975990246097399,4.9698811166196e-11,0.0221564533089872,5.17007071220136e-09,5
"20088",1.58178647178505e-08,1.43538023080133e-07,0.0820219128383362,0.00461168184002562,0.900228953979669,4.96490272972893e-08,0.0130915739994301,4.56683376243661e-05,5
"20091",4.58134365308879e-10,0.100915538901249,0.0015089000882126,0.000239540815562315,0.000152147169297325,1.43263158902203e-06,0.897169905744338,1.25341916176397e-05,7
"20095",0.025889736721702,0.000146181282001368,0.161888441196895,0.000337293055832156,0.00501384523232613,0.804569553654164,1.04445447992882e-05,0.00214450431227926,6
"20097",2.54111373126571e-10,1.0090847432042e-07,0.00145657611696975,0.00165886023034022,0.909075606202246,7.78957058667654e-11,0.0878088444387389,1.17712242315954e-08,5
"20099",0.10331922568569,3.71470972022447e-08,0.413784072997066,6.2229317652445e-05,0.480152029513289,0.00242217700368552,1.17513326162949e-06,0.000259053202259052,5
"20102",8.11758935950601e-08,0.0140344926362611,0.000503665418983891,8.12809161642283e-05,6.59392408793557e-05,0.97949901469804,0.0053707849308282,0.000444740982949721,6
"20105",1.64759742804386e-07,1.04681425967172e-07,0.172636798880292,0.000971432776922747,0.821807825699802,0.000392121145402687,0.00289119015434673,0.00130036190206496,5
"20107",6.23984582909925e-07,5.68937646979782e-08,0.395659398361962,0.0734536773877822,0.530291369117395,2.54356838362267e-07,0.000556295245241266,3.83246524329968e-05,5
"20109",0.000575066637313379,2.07683019319416e-07,0.580063774966497,8.91194514144623e-06,0.210860237133795,0.201692772429824,1.00383414015167e-05,0.00678899086300874,3
"20111",1.12940991672324e-06,0.971037376634809,6.02349569001399e-05,2.71017915458901e-06,7.10017820188171e-08,0.000354408942371859,0.000636689334093131,0.0279073795409724,2
"20113",0.00385285726941583,7.44218158097011e-07,0.186142391045354,0.74888940870169,0.0606551712049841,1.3346414891935e-07,2.52841314900673e-05,0.000434009964759383,4
"20115",0.00396815406045429,0.00864420640321478,0.00467864395200952,1.21568495149035e-05,5.62306297431768e-07,0.000168752923086313,2.40565894571888e-06,0.982525117846477,8
"20117",0.185108583860562,0.70017613509434,0.0368817874479082,0.00968984553759177,0.0217172413359044,1.42794228569529e-06,0.0463343612485385,9.06175328696214e-05,2
"20119",0.0158302735963276,7.44402898792116e-08,0.0541098211326485,0.0328596099345883,0.897149707787952,5.21514473142904e-09,3.93667642806119e-05,1.11411287682148e-05,5
"20121",2.56684507225866e-07,9.77936255133462e-08,0.106651852588502,0.0481816590597557,0.84313658271193,6.16179577129454e-09,0.00202648345416351,3.06154571947129e-06,5
"20123",7.22439165901333e-10,0.0261322913252336,5.1780656972229e-05,0.000807388634948472,0.000163829165928117,1.95929016277515e-09,0.972843030042181,1.67749300776655e-06,7
"20125",5.87493000441312e-06,1.60243845062262e-05,0.00165291805370593,0.000768040760337117,1.05499775204802e-06,0.0612827748049151,3.68717871232366e-07,0.936272943350908,8
"20127",3.52032565647963e-09,3.07001307848276e-09,0.00163180001777683,1.90003667325884e-05,0.997396533571779,1.74259312198792e-07,0.000952361561692368,1.23632368160199e-07,5
"20140",1.21757513122906e-05,0.000713631192161223,0.0040239708982563,0.992335965817801,0.000623767870699862,9.20381718219827e-09,0.00186231931177398,0.000428159954178316,4
"20142",6.13315589727758e-07,7.60329282382244e-07,2.43976635278276e-06,4.16197507601526e-06,1.47325186886284e-08,0.995562227164064,3.85465203387524e-09,0.00442977886246464,6
"20144",2.75903496556057e-05,0.0592147827767711,0.000851622781250288,0.0165505224882615,4.95864640397852e-07,0.0039274911752394,5.69761368957003e-05,0.919370518427286,8
"20146",2.19427833911552e-05,0.000305947490799837,0.00271203542724236,0.39515540015737,0.000184782748278035,0.328899175563307,0.000139812914561599,0.27258090291505,4
"20148",1.22641471801369e-05,4.81952867919042e-06,0.0196941678200739,0.0368940568460816,0.0002352843625173,0.000100558283966356,2.03299907992673e-05,0.943038519020702,8
"20150",0.00258208577908919,2.75938515604998e-06,4.81788568041298e-05,5.07604351567909e-06,1.28650864700913e-08,0.307346508652409,3.8562402120773e-10,0.690015378032315,8
"20152",7.09689536175628e-05,9.0791898075484e-06,0.10402614033609,0.0413227635046016,0.00154080195726233,7.8792399145853e-05,4.05542811516212e-05,0.852910899378324,8
"20154",6.55725621107038e-12,9.86101363238471e-05,2.50004772770511e-05,4.5603461439069e-05,0.00410293658622764,4.10431841198675e-07,0.9957272804397,1.58460634070096e-07,7
"20156",3.34596743228865e-05,0.000328324300498847,0.570944833558939,0.371848471716856,0.0192149987779207,0.0277822037832337,0.00108000901696031,0.008767699171269,3
"20159",6.18038000390293e-06,1.09901256575954e-05,0.000137620281955972,0.000107907069883029,1.35114030845613e-07,0.476756333013042,6.46905211577599e-08,0.522980769324906,8
"20161",4.10962122428268e-05,7.95597500307405e-06,9.42581674988177e-05,0.00118206868157909,2.50253566814297e-05,0.9954722542206,9.13917094470842e-07,0.00317642746930042,6
"20163",0.000879151945618184,0.000231465048388524,0.130356310019813,0.00142845426513406,0.00340884281359575,1.85279256891452e-06,0.00044193311235547,0.863251990002526,8
"20165",3.2008941180097e-07,9.74545393064263e-08,0.00079021587136675,3.13752954682964e-06,0.00212837940611075,0.996882407359147,6.01307330747348e-06,0.000189429216570286,6
"20167",8.41342048924204e-06,3.84156404125543e-07,0.0231018877007152,0.000406661831570782,8.42642980067065e-05,0.00462816290215385,9.7801980134816e-07,0.971769247670859,8
"20169",1.59395874644589e-07,1.32514549906668e-07,1.89049274031733e-07,2.39509863932471e-07,6.08433934547772e-09,0.999896704945244,9.65774889803432e-10,0.000102567535079011,6
"20171",5.03311608783854e-12,0.00027226960906746,5.16998924675152e-06,5.26876245760245e-05,0.0023035592650855,9.9120394361919e-07,0.997365312408918,9.89412918799936e-09,7
"20173",0.702191240411124,2.05878834964515e-06,0.00538434805481495,1.8637414337019e-05,0.054839611372754,0.237285827660371,1.26316517282198e-06,0.000277013133077318,1
"20175",0.000263771280294402,2.67108131028587e-05,0.0740208473690194,0.0020523517755752,1.36551010430369e-05,0.0064745597740333,5.17659923850945e-07,0.917147586227008,8
"20177",0.481439349974703,4.11173567347474e-07,0.255932027611429,0.000543473138701516,0.261497818933729,8.4717378340505e-05,1.44669338995622e-06,0.000500755096139897,1
"20180",2.13356523543759e-06,1.58369748611851e-06,0.0807101895722787,0.00345250788042596,0.902402428743319,1.5978299254606e-11,0.0134294560770454,1.70044823063361e-06,5
"20182",0.00141834920357851,0.00607789339919089,3.4380921187714e-08,2.64759916960603e-08,5.5039262762241e-10,0.99236899259666,1.21675456257722e-08,0.000134691225719324,6
"20184",3.6049290157672e-06,5.26285341954763e-07,0.00027846915092093,0.000144993044207935,1.71009647209764e-06,0.970550334301608,4.30294737600606e-08,0.0290203191629601,6
"20187",0.992770476329514,2.5257476309499e-07,0.00289586753790604,0.00279325711390642,0.000445100513767586,0.000761024894076529,7.13350693612217e-09,0.000334013902559576,1
"20189",0.00608757979558423,4.39109743590366e-08,0.8983860327414,0.000176712329613025,0.0893671636151949,1.46616570604069e-06,2.22493053849723e-06,0.00597877651098919,3
"20192",0.0149353372856227,0.0284045393295353,0.229007804599381,0.000139993253738542,0.618774844045093,1.43302100396129e-06,0.107813491184589,0.000922557281037297,5
"20194",0.13781863212795,2.7504714439695e-06,2.97467114835214e-05,0.132259971478134,5.21726918371809e-06,0.67971815604928,1.66864357430395e-08,0.0501655092060899,6
"20196",4.61815848001409e-09,1.88360836060944e-05,0.00620802391639852,0.000694141195094432,0.237079672538447,1.8703185122732e-08,0.755997144973857,2.15797125301051e-06,7
"20198",0.000250236593377853,0.000580570966882753,0.547024814794034,0.162339879084314,0.0213806106242625,0.000379033020716851,0.00108365192490685,0.266961202991506,3
"20204",1.19957648208278e-05,2.63192179851857e-05,0.000263596423605966,1.1556173535121e-05,1.61320620577463e-07,0.327648375968344,1.07207914274437e-07,0.672037887923174,8
"20207",7.22170120225432e-10,1.32367312721221e-05,0.012669373688865,0.0134703728706697,0.507116620287775,1.38826818890144e-05,0.466703462076002,1.30509413569091e-05,5
"20209",0.0152829654774695,0.798289436454821,0.00220676961355872,0.00688640382928564,1.67773576802954e-06,4.15072113705707e-07,0.00020685489784366,0.17712547691914,2
"20211",7.46491417151211e-12,0.00471209756621171,3.33152506110395e-05,0.000990880024990878,5.63489695493467e-05,1.26773719562672e-08,0.994204413410623,2.93209317770845e-06,7
"20215",6.53014041989504e-07,5.4553025632446e-08,0.00620624341214366,0.888040258965056,0.104655431875268,3.9550160642876e-06,0.000542384800794525,0.000551018363606244,4
"20218",9.71773227637506e-07,9.19701746861711e-07,9.13149733944071e-06,2.22760787395497e-06,2.51411993589634e-08,0.979106817258171,6.36027667259118e-09,0.020879900660165,6
"20222",1.01178768100786e-08,1.64345984879432e-05,0.0166643263669512,0.0289011535669346,0.551110460591212,3.25992328348389e-05,0.401832415756229,0.00144259976947359,5
"20225",0.0001620742509472,0.000790220514782524,0.00019436072348497,0.0324547557102922,2.75126047174912e-06,0.0130250308621697,6.22723155846679e-06,0.953364579446293,8
"20229",4.19410242248419e-06,5.72537038377855e-05,4.25981406707416e-05,0.998847639954396,9.38559462427386e-06,2.81603250827577e-06,4.76947628694738e-05,0.000988417708670543,4
"20232",5.2859705918863e-06,9.99207618995679e-05,0.5458482117611,0.4300370174136,0.0167112954437497,2.65998147548489e-06,0.00332773356972691,0.00396787509785661,3
"20234",7.28049764089584e-08,2.27874538623838e-05,0.001237770046076,4.52721560634378e-06,0.787611924488988,5.1349973802839e-11,0.211122915532142,2.40699843311206e-09,5
"20238",3.148001382273e-07,1.67638608585335e-06,0.445477381364963,0.00835209422440919,0.541617340634769,6.12618304912464e-06,0.00451271610630318,3.23503002820408e-05,5
"20253",1.66150389796699e-07,1.54328589535399e-08,0.00224478673575,0.492628709029257,0.504035540553223,2.29824587678965e-07,0.00108682109457038,3.73117936353068e-06,5
"20255",1.50575107869726e-06,0.000221141222464816,0.00371074513958193,0.00212049667605187,1.50131302640122e-06,9.18891248040451e-05,1.83601094178622e-05,0.993834360663574,8
"20258",3.46518992326783e-07,1.41789863869231e-08,0.117288261068587,2.84526595825635e-05,0.882359373901975,9.31400944151604e-09,0.000315161207686085,8.38115018064756e-06,5
"20269",1.33900598708834e-05,4.15457709301885e-07,0.782710173923878,1.18083128311645e-05,0.189492131526511,0.0209478401279922,7.96510965643592e-05,0.00674458949464289,3
"20271",0.00567821876219025,5.98307327935744e-08,0.149688344757159,6.49629473549849e-05,0.844534834353231,3.3298246521415e-08,1.31707006554615e-05,2.03753504298234e-05,5
"20285",0.976320720992044,5.37044649353093e-06,0.00159444566848265,0.00817039210563679,0.000375517116884926,0.00047331839205685,1.87089214288533e-07,0.0130600481891866,1
"20288",1.17109426459071e-06,1.03356784199847e-06,0.108111111423898,0.817260420558819,0.0725339088372304,1.90787920031431e-05,0.00101826382179723,0.00105501190414574,4
"20291",7.3974709119006e-08,0.00154136547330546,0.339857658578463,0.00239929498309099,0.147657659639252,9.07462808742325e-07,0.508534614386422,8.42550194773776e-06,7
"20295",0.0786809876112658,1.37160677487362e-05,0.751400750983601,6.57146515338784e-06,0.149182379016957,0.00558668611190514,2.87362403069815e-05,0.015100172503061,3
"20298",3.19735567844497e-05,4.76677274667898e-06,0.000265125360884511,0.000184584042394236,8.27999531060675e-08,0.00104507278864915,2.34354847368379e-08,0.998468371243103,8
"20302",0.00195923384427925,8.57599306908258e-06,0.0067820497449984,3.75394166308105e-05,2.52880958834288e-05,0.608628043518595,1.47903176667549e-07,0.382559121483368,6
"20305",0.00103784644683715,5.17585431293195e-06,0.00027360259794309,4.05857635352731e-05,6.92511025954717e-08,0.000128178126621356,6.20873608054106e-09,0.998514535750911,8
"20307",3.0585657682915e-09,3.11166497058873e-08,0.0661642092020097,0.000760613070848929,0.928712622650286,8.26441778977349e-09,0.00436179102243073,7.21614791050318e-07,5
"20310",1.23735216653885e-08,2.51471983062803e-08,0.000830638155614352,1.65139245007194e-05,0.994607841381072,1.23480142644143e-09,0.00454496586313336,1.92015822805885e-09,5
"20313",7.3448951944294e-06,6.46565807686728e-08,1.90707049437479e-07,5.44330280481231e-08,1.15619277511238e-09,0.999491239355566,3.67802333413698e-11,0.00050110475960858,6
"20315",7.15504675844276e-06,7.75089419227146e-08,0.281117394694377,0.00955958435072693,0.708911671903037,1.56850215548045e-07,0.000351186462191581,5.27731837521619e-05,5
"20319",4.50676248693522e-09,5.64723803075994e-05,0.000333002958010136,0.00422711538347422,0.0848062666627371,5.6848295712818e-09,0.910574399239059,2.73318481983053e-06,7
"20321",1.24111122434155e-07,1.90166097145619e-09,0.00625053658301233,0.00210536679398894,0.991468946298921,1.37648835065778e-06,0.000171618189885149,2.02963305852383e-06,5
"20327",7.5350766703088e-06,3.55324447446938e-09,0.162141790725505,1.05073664160784e-05,0.837817010941743,3.19977715108166e-08,2.15993020873039e-05,1.52103656181792e-06,5
"20329",0.999942428482736,1.09798317319951e-08,9.0580638468723e-07,1.49125272156133e-06,1.53581980830591e-08,2.11517678718512e-05,9.18744846181038e-13,3.39963513371739e-05,1
"20335",3.98440979254429e-11,4.80879314615231e-06,0.00896181894635024,0.000127587681605988,0.31726101916908,1.5570931463254e-07,0.673644359736352,2.49924306750085e-07,7
"20337",5.8217345638526e-06,8.84356786462419e-06,0.000275486460062117,4.17857475324994e-05,1.6624679169073e-07,0.121620571304496,8.37210752251366e-08,0.878047241217614,8
"20339",0.00015057508336326,0.295457077415098,0.000507238154385511,0.551330245445684,0.000842743728147052,8.39516512284147e-07,0.149589578870685,0.00212170178612481,4
"20341",1.18282430710876e-09,0.0109211941823546,0.00143938715662859,0.00186394521348063,0.00643173079621489,0.0003502007335291,0.978990982165004,2.55856996373403e-06,7
"20343",5.29918524007742e-09,3.6748220462264e-07,0.00154015094986116,0.000153529518257607,0.97640171682764,1.53505274402803e-05,0.0218886052254413,2.7416996953354e-07,5
"20345",0.0324866575412251,7.0458893671301e-05,0.0882954775859171,0.0115731301211933,8.51647950272969e-05,2.23692410086592e-06,1.94261917092359e-06,0.867484931519694,8
"20350",0.000100619753845117,0.000929645900458915,0.000973721184931484,0.992016526708065,0.00338713647617391,0.000696817157032315,0.00101658512862027,0.000878947690872957,4
"20352",1.44197372496267e-07,6.2994747943952e-08,8.73545255910337e-07,9.68019250945216e-08,4.61730429277591e-08,0.999736390243028,2.92108744121085e-09,0.000262383123540355,6
"20355",4.67460242444883e-05,4.10813976815292e-05,0.00187956724057382,0.000334719126058317,0.000165349293581797,0.986081237459556,7.44661015402237e-06,0.0114438528481499,6
"20358",0.976929166927384,1.19025676767524e-07,6.70959280538912e-06,1.37843578942217e-05,3.45757188356406e-07,0.00481976451034917,1.15043466155352e-10,0.0182301097136589,1
"20363",6.06811061531092e-08,2.72468042612155e-09,0.0247888289251696,0.00413212034582434,0.970680079615096,1.62949070132744e-06,0.000376909491724926,2.03687256973969e-05,5
"20365",5.11870156686613e-08,0.00234085140097272,0.112348763013123,0.0606664721753965,0.026691686187636,2.52110938691422e-07,0.794069868480679,0.00388205544423813,7
"20379",0.000192398095992523,0.00848677881590343,0.0246269580240316,0.000229961993498457,1.52009830819675e-06,0.000460636342016163,7.36009783985131e-06,0.96599438653241,8
"20387",2.18108979451578e-08,7.50952303530192e-07,0.338117798825299,0.000216633554203833,0.64682189408718,6.78267526316086e-08,0.0147746642019919,6.81687413714853e-05,5
"20392",4.9338273604125e-12,0.00134553465950869,2.82037583261852e-05,5.87466966115185e-05,0.000133414451062165,3.4390459826133e-10,0.998433667293883,4.32791769629003e-07,7
"20395",2.07612307770681e-05,1.92126831396436e-05,0.0609142002143048,0.38005342703873,0.000375597420985172,0.000527558863232148,2.63135083605119e-05,0.558062929040471,8
"20397",0.997711161562612,1.83291072269478e-07,5.718613746329e-08,3.97940316505607e-08,2.3034086655273e-09,0.0022733205896443,1.96792142123217e-12,1.52352711258745e-05,1
"20410",0.000112823272228514,2.48309597023832e-06,0.807037106915004,0.000763043343947585,0.190420030321254,2.90922537876239e-09,0.000762395507290548,0.00090211463508001,3
"20414",4.75728233124178e-05,1.76656849670263e-06,0.00400334817898444,1.13129599369794e-05,1.97012337082846e-05,0.148389178642108,3.49821912641809e-07,0.84752676977154,8
"20417",2.37055949168707e-06,0.000841942494088854,1.05110208733966e-05,5.94631749887321e-05,0.191630130919969,5.62972538583067e-10,0.807455580225891,1.04172377027795e-09,7
"20419",2.33498109155387e-06,5.2002883879379e-11,0.0179123476167761,4.33275635164592e-05,0.982038039174504,1.36241664097794e-07,3.35717031769834e-06,4.57200127361833e-07,5
"20421",2.54548056184171e-06,0.0227641795786252,0.0396946333745005,0.000454343284685254,4.59725603007227e-05,0.754219456988596,0.000740421196042236,0.182078447536688,6
"20423",3.56676089197324e-06,0.00018101765867403,0.00383423138548241,9.13207689722788e-05,1.40586307756896e-06,0.283175918334497,1.96325643667177e-06,0.712710575971968,8
"20425",1.03596223107192e-06,3.72572133811078e-05,0.000417728242802106,0.0268173353501989,1.0668030589483e-05,0.606395037047771,2.14349488368359e-05,0.366299503204189,6
"20427",4.135982293211e-05,1.11029506291209e-06,0.311985739312066,0.00529514793609165,0.0017375774048048,0.000104624768844513,8.90485146173703e-06,0.680825535608736,8
"20429",3.9241395479415e-05,1.38904192843329e-05,0.0945743060978032,0.0153500380239655,0.886368954304338,0.000162344995245612,0.00348430459993967,6.92016394447421e-06,5
"20432",0.000410459467743173,4.38540122949034e-07,0.000128901976549647,6.21353194793892e-06,9.68147805706371e-07,0.698587264103352,4.7127598475713e-09,0.300865749519719,6
"20435",3.40517281726012e-05,0.000385081825182595,0.905488410232004,0.0423009407107238,0.0321596740601793,1.09387009647017e-06,0.00556602877915451,0.0140647187944867,3
"20438",1.12583304064567e-05,1.60326274512902e-09,0.0100310015441509,0.0244084726950536,0.965401538548347,0.000117678947909037,1.50162793805426e-05,1.50320514899057e-05,5
"20440",3.24647992437168e-06,1.03802460529369e-08,0.109906172036768,9.16820283199253e-06,0.89000830385271,3.83387273131886e-06,6.16309076947005e-05,7.63426709298233e-06,5
"20443",8.18430802524084e-07,2.15783713504226e-06,4.90567495467615e-05,0.000395039739901465,3.76744125981963e-06,0.999315760931995,3.4242382275616e-07,0.000233056445536476,6
"20446",0.00202858216755484,5.00871997315452e-05,0.370050013687688,0.0103706671006643,0.208843283616356,0.0029139958327862,0.00165394928548211,0.404089421109737,8
"20449",1.48545892751463e-05,4.94826491565213e-05,0.205137608393023,0.770388818840185,0.0148664480392389,1.88095993368484e-06,0.00174131879275807,0.00779958773642908,4
"20537",2.64777639819304e-07,0.00426820946977881,0.448371292282935,0.000354111989335697,0.116622351948492,6.36196752237494e-05,0.429397681226636,0.000922468629959388,3
"20540",2.76742782027591e-10,0.0149057010645544,0.000770277130163627,3.85622406388037e-06,0.000773193618238976,3.85402385732426e-10,0.983546741952932,2.29347901651071e-07,7
"20543",7.2834503183362e-06,1.51708059988037e-05,0.867365881388337,0.000516863237572397,0.00214120903752463,0.000603176348319659,7.46745788764476e-05,0.129275741153053,3
"20545",3.15148423709282e-12,0.00489374434414165,2.5470375977092e-05,2.20956691405341e-05,6.54354228511078e-05,3.56141518472207e-08,0.994991109151862,2.10941872398317e-06,7
