"","V1","V2","V3","V4","V5","V6","V7","result$classification"
"19811",0.969360042253387,0.000679193361227516,0.000373388268461919,1.1577741534461e-07,8.58772195195826e-08,0.00215659688345444,0.0274305775788344,1
"19813",1.99444210005369e-05,4.7448828601335e-08,1.53947831978174e-06,7.59860007401869e-10,1.50921310850089e-08,1.03504475666038e-06,0.999977417755103,7
"19815",0.956081905607243,1.28641464893299e-05,0.011083229851251,0.000570206098338684,1.30187125440753e-05,0.0322375439898492,1.23159428492882e-06,1
"19817",0.992070450540148,0.000598903260062156,0.00271068007871771,1.01269764078037e-05,3.16863000952229e-07,0.0046050875635347,4.43471812909515e-06,1
"19819",7.59934664476493e-06,3.80112604787014e-07,0.251317699282537,0.186140849374787,0.562504213747441,2.92577844039849e-05,3.51581725428926e-10,5
"19821",0.959829684475575,0.0215649404105678,0.00735876577547138,1.76850838160963e-07,8.22759570301052e-06,0.000689833865631657,0.0105483710262134,1
"19823",0.901615261110718,0.000184423060237675,0.00356728043674067,0.0936985556133166,3.5444917429058e-06,0.000928568907947494,2.36637929657556e-06,1
"19825",0.000839037871055976,0.891797178269222,0.0141620784619788,0.00013850096602183,0.0845275365685295,0.00430532635957881,0.00423034150361314,2
"19827",0.558886488032204,0.437702587902991,0.00324391499199785,8.73474223102541e-05,2.33506628925774e-06,7.69503987995878e-05,3.76185407951896e-07,1
"19829",0.000344952333468152,0.00624996359587967,0.921144301976562,2.94763608102998e-05,0.0720488345732291,0.00018010484788719,2.36631216404177e-06,3
"19831",4.01766087783032e-05,3.41570434670256e-07,0.749402513991743,0.1264148618339,0.124084341762035,5.70450010556487e-05,7.19232052753159e-07,3
"19833",4.92002988889812e-07,1.87470668739003e-05,1.05602995659998e-06,0.998129452940332,6.2909535813144e-05,0.00178382110303265,3.52132100220563e-06,4
"19835",0.959829684475575,0.0215649404105678,0.00735876577547138,1.76850838160963e-07,8.22759570301052e-06,0.000689833865631657,0.0105483710262134,1
"19837",0.948379015822683,0.0334111365288233,0.0180802361005671,7.94226462115337e-06,2.5999557261422e-06,0.000116600152723745,2.46917485601984e-06,1
"19839",0.00133134513792847,0.0321140151225312,0.802571462771724,1.13399259398755e-05,0.160521350673719,0.00150221110002063,0.00194827526813695,3
"19841",7.44072273423962e-06,0.999940604070096,3.5933579117676e-06,7.26288638408615e-09,2.44409794989766e-06,5.92834590325981e-08,4.5851204963235e-05,2
"19843",4.5100557490252e-06,2.0819639517064e-08,0.0675841839979983,1.8674548507175e-05,0.911680611420469,0.0030029194495597,0.0177090797080775,5
"19845",0.097375321728563,1.42902744342573e-05,2.05900335941521e-05,6.88497359694612e-08,2.08183392992276e-08,0.000282922980165634,0.902306785315168,7
"19847",0.918401343136174,1.51949670733477e-05,0.0449391387524145,7.16233850263443e-05,5.54676484628044e-05,0.0303310937251055,0.0061861383857437,1
"19849",5.96078810124211e-05,1.15753073180958e-07,1.97390662977111e-07,3.04345000064531e-10,1.25061529186929e-09,2.53020376666756e-07,0.999939824399914,7
"19851",0.998061136589721,2.75691475573443e-05,0.000566806865205701,1.13360175390423e-05,8.94958924351609e-08,0.00132269121461064,1.03706694736153e-05,1
"19853",0.99206859664753,0.000227293187283285,7.81028348802003e-06,5.2902477727322e-05,1.41974525590264e-09,0.000146455299018935,0.00749694068520694,1
"19855",0.996713876494305,0.00245520017879811,0.000119946657535938,2.40556495262945e-06,4.36382317218892e-09,0.000217691772192621,0.000490874968392708,1
"19857",0.786610953357329,0.0232823064853476,0.16338233806592,1.06892272808928e-06,5.13869843689692e-05,0.0120065386766276,0.0146654075076791,1
"19859",0.956619380716057,0.0147357964420911,0.0244748236397244,0.000103663477446342,4.48932376962304e-06,0.00404972958730672,1.21168136046458e-05,1
"19861",0.913913581551187,2.84955379983529e-05,0.000348877045518086,5.62784007790021e-07,7.69254220719228e-08,0.000772824557588712,0.0849355815982778,1
"19863",1.99012641265663e-05,0.00525380282529332,5.34186005352206e-08,2.53526863064141e-10,4.9218371799565e-09,4.53163847219715e-07,0.994725784152768,7
"19865",0.00158366610606232,0.998404305746709,5.91051714812033e-06,1.10656378924834e-08,4.91036245671339e-08,5.21572582216665e-06,8.41734995834965e-07,2
"19867",0.977375569928645,2.27298270083256e-06,0.00418309926507301,1.6525893646817e-05,6.24921877455295e-06,0.0139992801817943,0.00441700252936599,1
"19869",0.0100705790618174,4.51028737666024e-05,1.53265041201085e-06,1.25740122185163e-09,8.65750310316025e-10,2.36285785190094e-06,0.989880420433001,7
"19871",0.867354468966005,0.0542467695328948,0.0769709122653598,0.000107018990235892,1.16764095044059e-05,0.00130735678436082,1.79705163884132e-06,1
"19874",0.197230480440099,0.802059047180103,7.95385933853621e-05,4.3725398914431e-06,1.21292430025367e-07,0.000622777181397287,3.66277269441102e-06,2
"19876",0.798158425511945,0.201581666588494,4.09849132790722e-05,1.06451040307136e-07,4.6412508727653e-09,2.86701253092845e-05,0.000190141768681345,1
"19878",0.000243156515457997,2.17930409586622e-06,0.00033018297945487,2.16885903280675e-05,0.00281967617179875,0.996579849404636,3.26703422804607e-06,6
"19880",0.00139047110242077,0.998599493426344,4.24657082817138e-07,2.98122119383678e-09,7.83786677923836e-10,1.46240376667545e-07,9.46080876751613e-06,2
"19882",0.817517012805156,0.00094779226420994,8.79345432872785e-05,1.23361129318461e-06,2.12885852290848e-07,0.0130978083677375,0.168348005522464,1
"19885",0.885902256341585,0.000652408204087915,0.103263543785752,6.20053831376633e-06,2.78544058976948e-05,0.0101408508886894,6.88583567419381e-06,1
"19907",0.939571759890581,1.36143880774482e-05,0.00104627673378088,2.76817321639124e-06,2.15691647794818e-06,0.0159297774506709,0.0434336464471959,1
"19909",0.000754007979924207,1.21873264265929e-06,0.993010344600028,4.97420863219697e-06,0.00618694452279226,1.0130237959102e-05,3.23797180211537e-05,3
"19911",0.00280734913987205,0.00869356795900345,0.970809858139353,0.000224655341747932,0.0172904670411819,0.000167521479698813,6.58089914250113e-06,3
"19913",1.01169992229107e-05,0.999989247632691,2.43432178226942e-07,1.43085695565916e-08,1.9678067504252e-08,3.36355451699335e-08,3.24313725927034e-07,2
"19915",0.623130407829776,0.376486718637547,0.000159286491411255,3.78223118887122e-06,6.47376801348228e-08,0.000218241181663068,1.4988907336407e-06,1
"19917",0.00783656071052516,0.991987771308476,0.000133674929153103,4.39888306004845e-07,5.31384415470368e-07,3.92316680893014e-05,1.79011103516665e-06,2
"19919",0.825395520653212,0.164886465343571,0.00332160247211467,2.84132360026287e-05,1.79388630443602e-06,0.00636501549529374,1.18891350173271e-06,1
"19921",0.990255028340672,7.86236428146329e-06,0.00247393041046793,5.76380759371083e-06,6.94225614669294e-07,0.00711767653649979,0.000139044314870266,1
"19923",0.00880925899887573,1.07912251291474e-07,0.0010522168900465,0.000572869060016223,0.00021236512131338,0.989342548188231,1.06338292661676e-05,6
"19925",0.0498544692816541,0.949956264276351,5.20242292970149e-05,8.37057143071884e-07,1.07126691462876e-07,0.000135727840324125,5.70188538882353e-07,2
"19927",0.998417778277322,0.0001348982960722,0.00108434108983189,5.23236237464706e-06,6.05861740966792e-08,0.000344144202552659,1.35451856718942e-05,1
"19929",0.000161335995945616,0.506928160207586,3.30867448973479e-07,6.12991096601716e-10,9.75782850352136e-09,1.60858359437024e-07,0.49291000169984,2
"19931",0.989889382945751,0.000788703226828009,0.00792452737861305,5.90605286130459e-05,2.86259872532188e-06,0.00133485571819691,6.07603272045629e-07,1
"19933",0.0487718496252051,0.000304698506336529,0.945863959389059,0.000256891778139372,0.00466307884764065,0.000139394579991407,1.27273628110699e-07,3
"19935",0.692835007891161,0.00148676838283305,0.281376330785039,3.85974509273669e-06,0.00182208589705003,0.0219233974581603,0.000552549840664113,1
"19937",0.992633608802623,1.3245908712477e-05,0.00286670351874041,0.00018958291762549,9.69418203182101e-07,0.00429437266681664,1.5167672786869e-06,1
"19939",0.688591701808056,0.00129548008920193,0.00215845241219086,4.16457482800094e-05,7.71558631214741e-06,0.307901321231789,3.6831241695949e-06,1
"19941",0.00167777822089704,0.037493454963841,0.909395848250493,1.94335705798593e-05,0.0512260869509122,1.1741775740534e-05,0.000175656267536243,3
"19943",0.000521050738744175,0.999475576379345,1.91979940144686e-06,1.45418022069927e-07,1.47854566555846e-08,1.21752253116032e-06,7.53564987418428e-08,2
"19945",0.0124201529284473,1.51596103905747e-05,0.968162350594869,0.00073850195538962,0.0154993074565656,0.00316445559310981,7.18612277743993e-08,3
"19947",0.00528746461469822,0.729024389471084,0.241255622849859,5.71672219346871e-05,0.00373209038395621,0.00028221280716207,0.0203610526513058,2
"19949",0.0228977608369043,8.84987578908626e-07,0.0131686186107423,0.00174676106638359,0.00352377084649933,0.958661846333183,3.5731870840934e-07,6
"19951",0.181133721052287,0.762427916602516,0.0018020613609002,1.10650066445229e-05,4.26913468915466e-05,0.0545754736143743,7.0710163870819e-06,2
"19953",0.000213461877452213,2.41375365525231e-08,0.0502098359142858,0.918331062865149,0.0301204570693367,0.00112513480403643,2.33322029048205e-08,4
"19955",0.000478151542041241,1.95569548418782e-06,0.541802310755128,0.0276899507321052,0.170469536824591,0.259544370729125,1.37237215249292e-05,3
"19957",0.0578043186629138,0.931016169429584,0.0097316200150594,0.0012004641115539,6.73796019185857e-06,0.000223201756309067,1.74880643883677e-05,2
"19960",0.000367187681141655,0.000270426852619088,0.813883329268374,3.2285498431187e-05,0.181198593517156,0.00421268583124224,3.54913510359862e-05,3
"19963",0.000214182624711115,0.947170867366137,8.89689868372026e-05,0.0523782871616765,9.24017339368577e-05,3.60735110785077e-06,5.16847755934908e-05,2
"19965",2.81352963616281e-05,1.63201036011051e-08,0.189552639160801,0.000121176630378303,0.694452454412085,0.115791571331454,5.40068488156127e-05,5
"19968",0.010004276231028,0.784467083001392,0.00219884060709131,2.47786035427135e-09,5.46267973972536e-05,4.46823659883321e-05,0.203230488519243,2
"19971",4.50901758791515e-06,0.998406537408343,7.20707500872963e-05,0.000957405981242839,0.000541460063779707,1.76540605857112e-05,3.62718373051859e-07,2
"19973",0.993949549355234,0.003533620198043,0.00174846551701774,3.72333098520097e-07,2.55480922700589e-07,0.000746406609247891,2.13305064361722e-05,1
"19975",0.0193868118147833,0.980408783335163,0.000137543462146641,1.56520617597002e-08,2.88076975009104e-07,4.80432959189072e-05,1.85143629515193e-05,2
"19977",0.000330060886450546,0.998730757046526,1.65414832253482e-05,2.08295138326991e-05,1.35718788112034e-05,0.00078704275391753,0.000101196437236256,2
"19979",1.48686174516574e-07,5.16337449165349e-07,0.112657232804529,9.49486961016581e-05,0.887242733134001,4.42009917367104e-06,2.42570876366616e-10,5
"19981",0.601452944629564,0.000367380808555381,0.396547737948988,1.26119198775584e-05,3.1247480846073e-05,0.00100456093616548,0.000583516276004389,1
"19983",0.419721465746628,2.89631789359208e-05,0.225955210864056,7.27746742104295e-05,0.000195391181636013,0.353593792442012,0.0004324019125225,1
"19985",0.201744303054239,0.798049448941416,3.30614884408622e-05,1.70735412356781e-07,1.27261423406782e-08,0.000147976850727639,2.50262036224262e-05,2
"19987",0.577883060235327,0.0405448257774629,0.380852771946824,6.7293710406096e-05,0.000316919591420356,0.000331948948437936,3.17979012209802e-06,1
"19989",3.61767864830644e-06,2.48814410120977e-09,0.168279286319164,0.00234357747397135,0.829264730140457,0.000108785254324373,6.4529112366057e-10,5
"19993",0.138714633121767,0.0176583004671838,0.128404892768465,0.000257678177423119,0.0210059648196093,0.693958027198584,5.03446967393882e-07,6
"19995",0.081189596819527,0.00539514865158754,0.815723861439577,0.000141080747586698,0.0601451222366547,0.037400933099397,4.2570056703161e-06,3
"19997",0.993301827581287,0.00578084237734988,0.000426805610110226,1.71124902147517e-06,7.85066351750268e-08,0.000467753245052014,2.0981430543974e-05,1
"19999",0.971162140367042,0.0281545207644699,0.00010551704600985,8.10879288957729e-08,5.13237916217175e-09,6.10734623001943e-05,0.000516662139870285,1
"20002",0.000303376657564588,0.386089084450161,5.49866073600854e-05,5.49960236562398e-07,4.93666288335335e-05,5.19536168617362e-07,0.613502116159675,7
"20004",0.0165468221513963,0.00154401505237894,0.974473280148557,9.93850129309543e-06,0.00733080191967078,1.22170865448296e-05,8.29251401589418e-05,3
"20006",0.0021188806143998,0.000675570484568714,0.489863517703495,0.00112304625971888,0.112314354970955,0.391971681728284,0.00193294823857821,3
"20008",0.00130564209407771,6.1079283937807e-05,0.0128656063883998,0.00122469611308049,0.182113751441916,0.802390753843168,3.84708354204206e-05,6
"20010",0.00426904827198851,2.81964444141902e-06,0.458818097629113,0.023142472993156,0.111466285173319,0.402301267413531,8.8744513217785e-09,3
"20012",0.182623787780271,0.806982879430621,0.000107983790426169,9.04298851821932e-08,9.01280009189213e-07,0.00291074994816229,0.00737360734062496,2
"20015",1.32281337911264e-06,1.6958224521587e-08,0.0643708881094936,6.73754730777785e-07,0.934242955281119,0.00138376041507367,3.82667978996109e-07,5
"20017",0.984505354976622,0.0133860454267345,0.000527215460347818,1.45478771846035e-07,2.06221551660463e-08,9.31299001121131e-05,0.00148808813525717,1
"20019",3.96823386209389e-09,7.25743576426237e-10,0.00523480958860935,0.000172131420266904,0.994530062224057,6.29920535975848e-05,1.94917706403637e-11,5
"20022",0.000467540907965925,6.64732971699102e-07,0.948181780271218,0.000625767242162948,0.0469719446289641,0.00375229533431574,6.88240187712381e-09,3
"20024",9.12990381002864e-07,2.28284842433688e-08,0.0262091491294288,0.317352326014676,0.656222612279992,0.000214914114245174,6.26427924889492e-08,5
"20026",9.12990381002864e-07,2.28284842433688e-08,0.0262091491294288,0.317352326014676,0.656222612279992,0.000214914114245174,6.26427924889492e-08,5
"20028",0.924438904378848,0.075386091868674,8.87047297763043e-05,5.02298195386298e-07,1.1169503684505e-08,2.19335264054222e-05,6.38520285968767e-05,1
"20030",2.4292562544585e-05,0.000101594445231179,0.562747648175667,3.17693545495747e-06,0.437110520219406,7.18160688054314e-06,5.58605481548201e-06,3
"20033",0.758698577635013,0.224437118482698,0.0165805251500655,3.69693043795974e-06,4.47780320860155e-06,0.000252925953860503,2.26780447162134e-05,1
"20035",1.90075463755281e-08,1.05884002809447e-09,0.00852868111134219,0.000362765715520986,0.990970887118703,0.000137645924201754,6.38461784814291e-11,5
"20037",3.5634921593712e-08,3.9187392937911e-11,0.0158164071135628,4.45706718111347e-05,0.983720355598316,0.000418627480922021,3.46127920168099e-09,5
"20039",1.71440398543232e-08,2.50486581776985e-11,5.76153359176348e-06,0.999348829037233,0.000610614735591773,3.47774755517449e-05,4.89431514676095e-11,4
"20041",0.00514326667799361,3.65751051138677e-05,0.0176755845522261,0.00123298634353557,0.000461959710510688,0.975446364384329,3.26322629140783e-06,6
"20044",0.0287818833868544,0.00229631392193894,0.121315415020007,0.0101318673548039,0.00423131460484567,0.833224748036542,1.84576750087006e-05,6
"20047",1.47560790363998e-09,1.02214641074586e-08,0.00611424666984779,0.00054239050633203,0.993340935596448,2.41551563689714e-06,1.46627355117172e-11,5
"20050",0.00176873692717518,1.99790368696483e-05,0.0131131179458692,0.43971176639714,0.0428822768321155,0.502504122393197,4.67633300597454e-10,6
"20052",0.799172121342576,0.0442292834403207,0.125640633317988,0.00145119371178348,0.000258735386439191,0.0292476894738294,3.43327063422153e-07,1
"20054",4.24280088294067e-05,2.7750350911539e-06,0.909475923402422,4.48772182886929e-07,0.0903401524038845,0.000127576027402375,1.06963501874527e-05,3
"20056",0.00102753225359174,0.998882662403115,7.79475513470033e-05,1.04069624474991e-06,8.65857574802143e-06,1.90998117635339e-06,2.48538776805911e-07,2
"20058",2.74598774930221e-06,5.86660157216625e-10,0.194207162726386,0.000629849727057408,0.804897402555102,0.000262828734341522,9.68270353064694e-09,5
"20060",0.993806860987869,0.000210694429458378,0.00409952548734621,1.30762988025737e-05,4.89251814733417e-06,0.00185736412402385,7.58615435314303e-06,1
"20062",0.67767637705143,0.000124955108272314,0.0265724449925817,1.97113911989904e-05,0.000118333570186273,0.295472490625303,1.56872610272624e-05,1
"20064",0.00245994109595256,6.51847593285693e-05,0.984683601947041,1.98897631532364e-05,0.0126370040915303,0.000134346410978599,3.19320155762036e-08,3
"20066",9.17911673641461e-07,6.42407188080271e-06,0.159782886063731,5.64665634155983e-06,0.840201336265026,2.2615490469776e-06,5.27482299829711e-07,5
"20068",0.985234924228864,4.40578477917692e-05,0.000725674496163886,1.5659701519294e-06,2.04743549416184e-07,0.0133325731386025,0.000660999574876614,1
"20070",0.976668409664404,2.52246361541761e-05,0.000839018535762642,0.000330865949362435,6.44085345914981e-07,0.0221038846567368,3.19524722338393e-05,1
"20072",0.00011199563861062,2.03852768384079e-08,0.484956312840785,1.64659410220759e-05,0.494749810247295,0.0142049087195743,0.00596048622743655,5
"20074",3.38339592037661e-05,0.999629326220631,5.96248876319106e-08,1.4249180099118e-09,3.04917400418715e-09,1.51273086683822e-07,0.000336624448098271,2
"20076",0.0228871210504099,0.64018734979368,0.0414922881590352,5.28879219240544e-08,0.000154260161166256,0.00030962373073288,0.294969304217054,2
"20078",0.00412019766609899,4.78741760552263e-05,0.971335285368167,0.000940654172620309,0.0220418189390168,0.00151394640900834,2.23269033685148e-07,3
"20080",1.23352243173097e-07,7.62245745203553e-09,0.0450722678831162,0.000246792030780259,0.954584072772181,9.67363222951265e-05,1.69268186712931e-11,5
"20082",9.60595906959197e-07,2.06242603221066e-08,0.000579566022993337,0.997569451706725,0.00184405737226544,5.94367177724413e-06,6.07218503472886e-12,4
"20084",0.00176965986343095,0.0204471838560655,0.919964621346293,0.00662635380244588,0.050937405643827,0.00025467506603406,1.00421903502711e-07,3
"20087",0.00524653267022755,3.86839259120491e-07,0.842074506259456,0.000370728616107345,0.0921425475689184,0.06014475304336,2.05450026717077e-05,3
"20090",1.42777120693588e-06,4.52852791480352e-08,0.0196191800631138,0.00489135861089278,0.956147926678524,0.0193400615567843,3.41994146576731e-11,5
"20092",0.0161849870955252,4.51563213364483e-08,0.0295980133703079,0.743447374117284,0.000607266586968879,0.209835188780618,0.00032712489297457,4
"20096",0.248030427005619,0.00735823858615631,0.0371912604966947,0.626706814735112,0.000174580225024056,0.0805337882114105,4.89073998274947e-06,4
"20098",0.790892434005205,0.205547602388919,0.0031006145755933,8.19618296127862e-06,1.22446610624157e-06,0.00044738900570949,2.53937550552836e-06,1
"20101",1.67656958483547e-05,0.000137716369094405,0.315336808001254,0.000826000968565478,0.683346729507947,0.000335978151473817,1.30581649910639e-09,5
"20104",0.505207191697083,0.00113764953612097,0.00143085533960275,0.107093204482953,1.12171720098932e-06,0.00269214154158839,0.38243783568545,1
"20106",0.00016956869076425,6.94892668604257e-05,0.546275556230025,3.78197500921312e-05,0.447076001654428,0.00637155936732644,5.04050359753921e-09,3
"20108",0.981990231882363,0.0118767092818381,0.00601298243405903,9.70858701787593e-07,9.92247722821478e-07,3.23023622271076e-05,8.58109330884029e-05,1
"20110",0.196955707272189,0.133258548895145,0.00624977671542984,0.21678010448217,0.000326611378183358,0.446429123441886,1.278149974438e-07,6
"20112",0.00391283137956123,2.46159061135529e-05,0.232939642421747,0.0100296225418026,0.376690568604032,0.37640270405296,1.5093783460174e-08,5
"20114",0.00652084589718031,0.0241277569056922,0.961792464185218,0.000429065335732241,0.00711522466928328,1.42755551452068e-05,3.67451748239519e-07,3
"20116",0.000608830319257425,0.00909235091279588,0.965914287293314,1.53383386776333e-06,0.0243335138002251,3.53233916445283e-05,1.4160448895521e-05,3
"20118",0.327537536340871,0.0552147944711437,0.616317428940095,0.000190851625670181,0.000273992776380842,0.000464362442113077,1.033403727038e-06,3
"20120",0.00181197555317877,0.00101595070935039,0.660319416048879,0.0276493047358781,0.302479416804756,0.00672393527609468,8.71862969910167e-10,3
"20122",0.000788636288992349,0.999181548195326,2.13458041001572e-05,1.04364004712775e-08,3.66356063368974e-08,4.25287664413652e-07,7.99735191029216e-06,2
"20124",1.45719169346474e-06,1.45557834938562e-09,0.327396298646018,0.00148195944420468,0.670205286134735,0.000914903765215034,9.33625556512873e-08,5
"20126",2.13498621477094e-07,8.00095606543536e-08,0.00136183225378174,0.995187437092634,0.00341518525877324,3.51952198507709e-05,5.66667776619614e-08,4
"20128",8.119003497172e-10,2.68923196495501e-10,0.00095948321624505,0.170308327293264,0.828691646644243,4.0541455359669e-05,3.1006520382815e-10,5
"20141",0.887301556889007,0.067682000015458,0.00194291954886094,0.0428431412613544,2.57292156066649e-07,0.000171433554591803,5.86914385722233e-05,1
"20143",1.63291395021997e-05,0.999978503817693,6.98434683177406e-08,2.04661220849338e-09,2.55975063263024e-09,1.68105910471749e-08,5.07578238229934e-06,2
"20145",0.001575273190213,4.49400698022964e-06,0.880973502353553,0.00308758589250289,0.108432600629391,0.00592654336234334,5.65016070445686e-10,3
"20147",0.00014398249324673,2.20085514078336e-06,0.951138873893482,4.44651025127566e-05,0.0483872605666564,0.000283212098621485,4.99033985624891e-09,3
"20149",0.000830416826028911,0.999162761199536,1.99837728979919e-06,2.27887711544553e-08,4.63398307401854e-09,6.65115343352966e-07,4.13105904746545e-06,2
"20151",0.928968587984658,0.0679143005316626,0.00244812667129272,3.13088581966852e-06,1.93608415097997e-06,0.000661991063834776,1.92677858173797e-06,1
"20153",0.295623825523395,0.687286731521342,0.00277003367159376,0.0104446517146202,4.68010778608567e-05,0.0038279333395185,2.3151669188035e-08,2
"20155",2.53631683670313e-05,3.80315291124667e-07,0.524921121197094,9.08548691768777e-05,0.430898139253132,0.044064103537868,3.76590707558759e-08,3
"20157",0.496375104192658,0.502821277691994,0.000723795090871836,9.25943087686636e-06,1.14582722353432e-06,6.77941420961714e-05,1.62362428024128e-06,2
"20160",2.48113844426545e-05,0.999974311657949,1.71329354985228e-07,5.52689415127655e-09,5.01212279763496e-09,2.40531649280001e-08,6.71036071657736e-07,2
"20162",0.00366114751677227,0.99633290750455,1.03952323493536e-06,8.56248868385574e-09,1.3260457506603e-09,3.73986461437872e-07,4.52158044624415e-06,2
"20164",0.0383270605586764,0.960530425347293,0.000134053761179549,1.06849896590843e-05,2.65347333756587e-06,0.000993646020524483,1.47584932960032e-06,2
"20166",1.41235041751591e-05,0.000720511705291525,0.128321245655182,1.47159582825953e-06,0.87075304699477,5.29117444050348e-05,0.000136688800348199,5
"20168",3.89885174884611e-06,0.000377570886423982,0.000295110821879221,5.6453279611878e-08,0.000807384595279896,5.77176704186442e-06,0.998510206624347,7
"20170",0.67566618739576,0.319674956214909,0.00438716201555325,4.37447113433376e-05,6.3960986112403e-07,0.000226271362693769,1.03868988026294e-06,1
"20172",0.00027426357437388,1.308951660531e-08,0.95088890902089,0.000536203011988379,0.0471601889298865,0.00114041443034413,7.94300079290465e-09,3
"20174",0.711167874642678,0.165338014688705,9.6818393531715e-05,1.99998774024075e-08,1.27578723813825e-08,3.58758815981456e-05,0.123361383635737,1
"20176",2.45499429555666e-05,2.29868984105862e-06,5.4284443875062e-05,4.53538658252755e-09,1.16839241736964e-05,8.211864038007e-06,0.99989896659973,7
"20178",1.23043852645011e-05,0.999987200044566,1.36752165944668e-07,1.11349638229658e-08,8.15005524607873e-09,2.91832987879368e-08,3.10349685451637e-07,2
"20181",2.75394966808046e-05,0.00492498707581208,0.494996530842251,4.06248110261376e-06,0.500033354209839,1.24762931991266e-05,1.04960111574071e-06,5
"20183",0.934354226332562,8.20939686231908e-06,0.0570468472819412,0.00133862781481193,2.11431988010433e-05,0.00722865389738488,2.29207763633093e-06,1
"20186",0.739234768103747,1.74423484892407e-07,0.115730522048733,0.00549004227846545,0.000505804378293951,0.136085206761609,0.00295348200566672,1
"20188",0.000203020021861191,0.999796182339638,2.31369932642412e-07,1.46076970119385e-08,4.33528656802116e-09,1.44480842981481e-07,4.02844741995696e-07,2
"20190",4.76441389444603e-06,2.19904085188165e-07,0.205719186905784,6.96186422518867e-06,0.794132799029912,0.000136053248950095,1.46331487772712e-08,5
"20193",0.000102969077483416,0.97243663940137,0.000134981888937996,2.48308862755769e-07,0.00129701239944237,0.000202543493741583,0.0258256054301614,2
"20195",0.143696216693718,0.849457117832965,0.00263927916032475,1.14908313150399e-05,4.14448901287291e-05,0.00415284376682591,1.60682472182544e-06,2
"20197",0.000257785199458385,4.7377543108289e-08,0.839522919351285,0.000240943708232375,0.142170689668605,0.0178075772815836,3.74132922570836e-08,3
"20199",0.062151763251216,0.937751339943689,2.96099918823327e-05,3.69245148903476e-06,2.33791235165178e-08,6.29180004520132e-05,6.52982147975725e-07,2
"20205",2.35944250656035e-06,1.55372286618684e-09,2.2569587805928e-05,0.999439738941937,4.97378358965834e-05,0.000485592606587703,3.15431837988685e-11,4
"20208",0.968738731147853,0.0134515366621602,0.0145368559023667,6.90763057290729e-06,1.32963655492678e-05,0.00323120096839274,2.14713231053526e-05,1
"20210",0.0124272016165075,0.98756457929921,4.51388735820449e-06,4.64574848265616e-08,4.92626586208818e-09,1.90995666446527e-06,1.74385650972128e-06,2
"20212",0.117001402835483,0.882298431409273,0.00039635625636656,2.42771114924956e-06,1.72166175704461e-06,0.000296645087058817,3.01503891230075e-06,2
"20216",0.000269071610529241,2.79292804836779e-05,0.93710445740042,2.0870932175302e-05,0.0624974534036306,8.01241680250749e-05,9.32047362913039e-08,3
"20219",0.00151260287601544,4.82571295106516e-05,0.210352978718475,0.709080856229921,0.0669306962203913,0.0120746072847223,1.54096383385928e-09,4
"20223",1.4043775440381e-07,9.7349660486171e-11,0.00670639195762084,1.78335944300152e-05,0.99161712462972,0.00126323904767519,0.000395270235450195,5
"20226",0.0206655497451945,0.000132149430148049,0.00274869595111569,0.000196872597049638,0.00031297831085263,0.975943689265863,6.46997769137197e-08,6
"20230",1.17453241256561e-06,1.62251187499809e-08,0.0965354674370611,2.82142526395216e-05,0.903391639663873,4.34799378952432e-05,7.95099952716773e-09,5
"20233",0.00074952484357633,7.08248107042695e-06,1.06913674631411e-06,0.999123009199663,7.43894477636449e-08,0.00011909408698918,1.45862506986211e-07,4
"20235",2.59854623767711e-05,2.9395386200487e-09,0.190225864257873,0.0213486820859857,0.67921348276029,0.109062669957925,0.000123312536010562,5
"20239",0.00170205825906175,9.22627524290136e-07,0.603255420908997,0.000318234032600988,0.161397788305385,0.230980519848009,0.00234505601842288,3
"20254",1.49850948836041e-07,1.74307864135366e-09,0.000371548456688359,0.994346105822833,0.00525093425464001,3.12598706958508e-05,1.11498210475935e-12,4
"20256",5.16105056060455e-06,2.35558709612831e-09,0.805617066539145,0.000151283190208788,0.19398320444298,0.00024308991606684,1.92505450871891e-07,3
"20262",0.343138287798868,0.655707987814614,0.00108527774871499,2.48470258759389e-06,3.63313265025447e-07,6.44066971070077e-05,1.19192484428772e-06,2
"20270",0.0118824793586587,0.00532142602913392,0.482724186241261,1.42752852460892e-05,0.496325620448757,0.000636241220791819,0.00309577141615073,5
"20284",0.374075323831993,1.5802352887268e-05,0.016732781736009,0.552811050993275,0.000464323751736641,0.0559005784990806,1.38835018608736e-07,4
"20287",6.41698781443702e-09,8.07847012271476e-11,0.00372808627375894,5.85760762034766e-06,0.995946324946776,0.000319714566037409,1.0108034339432e-08,5
"20290",0.000660578565224131,1.18840128099524e-05,0.000482869985224756,0.99575103480633,0.000350030333424077,0.00274360222473936,7.22480282767728e-11,4
"20293",0.00192639503690281,1.04585287310238e-06,0.995097476361233,0.000336757734413908,0.00254354792568926,9.47070465325909e-05,7.00423556238171e-08,3
"20296",0.20841711786123,0.731675691342466,0.0447532909049451,4.86607163694525e-08,9.02604102234638e-05,0.000504964728453695,0.0145586260919651,2
"20301",2.33778263612005e-09,5.03153123630896e-07,0.000475774046505188,6.45220666224392e-06,0.999474004253258,4.32627147969131e-05,1.28787162245165e-09,5
"20304",2.03663763893058e-06,2.99927889717173e-08,0.00190421240405137,0.99740540425035,0.000685677022084569,2.63967392130618e-06,1.91647189868646e-11,4
"20306",1.82093806601054e-06,4.81206263123159e-10,0.110949140595938,0.00103872163976561,0.887836626603113,0.000173680062404552,9.67950661049563e-09,5
"20309",0.082555639957713,7.94607958520161e-05,0.78719756672555,0.00235753324888554,0.014144216054328,0.113665112784939,4.70432732882286e-07,3
"20311",0.000952790175889118,0.000269397871207508,0.869140698605752,0.000521300848677104,0.128537431703413,0.000577683012932311,6.9778212929258e-07,3
"20314",0.948058296774035,0.0241535123504037,0.0266645330870431,5.53890054476518e-05,1.50338748576489e-05,0.00105296382921622,2.71078996451121e-07,1
"20318",5.79263513107676e-05,0.999929217207574,5.5402804055501e-06,3.06708624963745e-08,1.58382081832756e-06,6.13867657330643e-08,5.64028226298782e-06,2
"20320",0.383652755237086,0.00139594035671713,0.00142257258684839,0.00186058715386802,4.87512920263661e-05,0.611612391179405,7.00219404964247e-06,6
"20326",0.906534676661403,0.055976231705772,0.0368697204217074,0.000142183612572055,2.13165641598435e-05,0.000455178906114578,6.92128271493606e-07,1
"20328",0.784642692241083,9.33098380872995e-06,0.00431460399567233,0.00209616836440202,1.7150729772908e-05,0.208916918696273,3.13498898763517e-06,1
"20330",6.82843501154113e-05,4.82834195898e-07,0.0309051722575404,0.00241200049248803,0.10676544263801,0.859848219157248,3.98270401949943e-07,6
"20336",0.00560940957645012,2.27629772682851e-07,0.0195077230330706,0.973518488331118,0.000232316786639166,0.0011318328051319,1.83781711248165e-09,4
"20338",0.000208384290641191,5.97503889966626e-05,0.0148746569505568,0.981518831023238,0.00134832545083221,0.00199005070138678,1.19434794166524e-09,4
"20340",2.38105453296407e-07,9.413289046926e-09,0.100903566135742,0.000157553882909915,0.898861121207612,7.74892091017675e-05,2.20458922280878e-08,5
"20342",5.38542880073338e-05,0.000214460549523248,2.26751076471466e-05,0.974873353763618,0.00139398883160985,0.0234104602574304,3.12072021638788e-05,4
"20344",0.000464027173644259,2.24904859500299e-07,0.781335366568745,0.00048116820135709,0.217472812539412,0.000246246535709783,1.54076272355264e-07,3
"20349",5.35768424313058e-06,2.02238297198573e-09,0.45846708787213,0.000110589538240827,0.54137636902888,4.04956233151473e-05,9.82308079518157e-08,5
"20351",0.00327878731087053,0.000112236950250644,0.984122398635628,0.00346275215585877,0.00733337232564391,0.00169032300727951,1.29614468114414e-07,3
"20353",3.96624783893408e-05,2.22175114321274e-08,0.050387263141302,0.0173225964981206,0.246860493928529,0.685389956527565,5.20858270989914e-09,6
"20357",1.13908551786636e-06,1.01331769792731e-10,6.88967137127016e-05,0.99741863229939,0.00087700130460811,0.00163433045794777,3.74915360683951e-11,4
"20360",2.76002635683438e-05,4.82104974952394e-07,0.000612954089958769,0.258184883244733,0.00903141724923739,0.731914878563459,0.000227784484068778,6
"20364",0.0112034402681098,8.5122330670204e-06,0.568508131014463,0.00200401459849997,0.107271425913327,0.311004463063986,1.29085477370795e-08,3
"20366",0.00140932788848816,3.38871090123623e-06,0.00150372795978031,0.996805484904528,2.0392407589131e-05,0.000257676683432201,1.44528110116718e-09,4
"20381",0.00272695707167691,0.0120705486121713,4.89709844205662e-06,8.27298063819769e-08,1.11572906814892e-08,4.12249569825592e-06,0.985193380834915,7
"20391",0.0143651375506004,1.93839331287041e-08,0.175872491825705,0.0157247094703231,0.0277061696471177,0.543881085902663,0.222450386219657,6
"20394",0.973562155894773,0.00075842085613714,0.0015173836057271,1.86954299341697e-06,6.75072030538462e-07,0.022704126995638,0.00145536803270068,1
"20396",0.319262909503531,0.00935203661940054,9.61916783601943e-06,1.02422598635761e-08,2.67520409469914e-09,7.41960037298116e-05,0.671301225788039,7
"20409",0.0642170083358792,0.110595990296666,0.807480567508145,0.000480002032410658,0.0171270478067896,9.71916342319802e-05,2.19238587770865e-06,3
"20411",5.08137084724749e-05,1.47725287083349e-09,0.527517471694945,0.129261363365601,0.317234925941111,0.0259354190916066,4.72101026577314e-09,3
"20416",2.99428938989866e-09,1.15625483284264e-11,0.000778311166677731,0.765468405874835,0.233649254232305,0.000104025654013802,6.63164977162965e-11,4
"20418",0.227285316155827,0.0474115966613979,9.0255543093951e-06,5.20112843161562e-09,2.23448283394936e-09,8.70076420635941e-06,0.725285353428648,7
"20420",0.00783000386810363,7.10678316010181e-05,4.54379993370036e-05,0.991653918672523,2.7325235997723e-07,0.000399127488995599,1.70887079284246e-07,4
"20422",6.70484573940471e-05,2.75504521324038e-05,0.0698646439451477,9.68361710727959e-05,0.904787137133118,0.0251567686749997,1.51661351110765e-08,5
"20424",3.32233896538297e-05,5.32810723369631e-09,0.409596299961552,0.0411044374244062,0.458989914555262,0.0902761171885636,2.15245597251886e-09,5
"20426",2.74726465755581e-06,6.27150305595137e-05,3.32759574939254e-07,0.999907605842877,3.37950701399413e-06,2.32194758187321e-05,1.19498044972018e-10,4
"20428",0.0052683498415433,3.18186505500403e-06,0.937272253489892,3.47503802590643e-06,0.012186184995907,0.0445378361406511,0.000728718628925754,3
"20431",0.50631270705917,0.110699908188371,0.0273887044390133,0.00472536842210141,0.00264992349794878,0.348222582944839,8.05448557005708e-07,1
"20433",8.1901255893279e-08,1.79857401738399e-09,0.0133464914207703,1.28602254210308e-06,0.98646670373407,0.00013796710936925,4.7468013418898e-05,5
"20436",8.30413002807695e-06,3.24939146181668e-06,0.0022293499193052,3.21348659192516e-08,0.000905596063826902,1.98749557517209e-05,0.99683359340476,7
"20439",0.631511488554719,0.165024589335334,4.2259924513336e-05,1.59941976282371e-08,9.52546763222889e-09,4.32710176449843e-05,0.203378365648123,1
"20441",1.11619143381561e-05,8.08605050894523e-08,0.000251539628370518,0.990687677254435,0.000178012763339615,0.00887152747627415,1.02737310347386e-10,4
"20444",0.000111248427877239,0.999887200528789,1.74744277172286e-07,3.80584262896656e-09,1.64812721131909e-09,4.65788430995895e-08,1.3242662437742e-06,2
"20448",0.770041355943333,0.168247557817382,0.0598301256752711,0.00148108103400244,0.000178404574515408,9.00498239940034e-05,0.000131425131502717,1
"20536",0.217901537827904,7.76941951181079e-06,0.00182766993886404,3.64896813977306e-07,1.00954771453064e-06,0.00536259119960354,0.774899057169588,7
"20538",0.00930601236159198,4.22253241289727e-07,0.460102727065653,0.527954622593064,0.00252579807556775,0.000108655783383106,1.76186749908225e-06,4
"20541",2.9371454986553e-07,1.48214719906842e-09,0.0335445814133775,0.0196957428564125,0.945290468194953,0.00146891232213294,1.64268174915771e-11,5
"20544",0.135407242499013,0.00141782512316317,0.861224171061338,0.000318884821429666,0.000678766369831607,0.000952538479015012,5.71646210186385e-07,3
"20546",0.000257604283099725,7.23710145675759e-09,0.650163203502141,0.00662238428303902,0.331802757016022,0.0111540391378925,4.5407038137783e-09,3
"20550",0.00139205200881219,6.44881392169321e-05,0.00257611307994052,0.000166945202925471,0.000849284393603304,0.994950704213114,4.12962387839951e-07,6
"20553",5.19601954384891e-10,1.16882301297857e-07,0.000158967978163978,0.509067324070832,0.490770405531805,3.18460427378032e-06,4.13021607515603e-10,4
"20555",0.000479037467550102,2.83761618309037e-08,2.860982548481e-06,0.997598597955847,3.86267120923218e-07,0.00191900734190903,8.16088624825353e-08,4
"20557",0.00969339387237766,0.000234787188896358,0.00929402207827825,0.0126330243396481,0.00133376821680754,0.966810996086659,8.21733349377445e-09,6
"20559",5.70038562491619e-05,1.33023731159705e-06,0.741934351346798,3.5687612746452e-05,0.257700095736226,0.000271529100327153,2.11034199937174e-09,3
"20561",0.626752398079701,0.351930067415591,0.0207122770016609,4.37526404110543e-05,3.83656683802571e-06,0.000554743495402635,2.92480039502355e-06,1
"20564",1.23043852645011e-05,0.999987200044566,1.36752165944668e-07,1.11349638229658e-08,8.15005524607873e-09,2.91832987879368e-08,3.10349685451637e-07,2
"20566",0.0230647636197683,5.85522455518978e-05,0.801141579569479,2.85375949765211e-06,0.053250153213252,0.122455796335594,2.63012568570817e-05,3
"20569",0.916292822339544,0.0833267968069626,0.000135042610905212,1.12086532302988e-07,3.51195911490199e-08,4.37526668840715e-05,0.000201438369580485,1
"20572",0.0821231578402177,0.917396120626339,5.04265398930215e-05,1.39568884151332e-08,4.2314266564676e-08,2.35551102447803e-06,0.000427883211370401,2
"20574",3.85756214461176e-05,2.95777742205956e-06,0.374460687353977,0.00152909290885872,0.62175151316023,0.00221717283890641,3.39159329655865e-10,5
"20576",8.69544942933797e-05,0.999910067247027,2.57350588062274e-06,3.76880388987433e-08,2.48440243026833e-08,1.26276628832233e-07,2.1594410658519e-07,2
"20578",0.0142026702159703,0.00127346781276523,0.97321026324431,0.000119521095052717,0.00448361934980399,0.00671028961028535,1.68671811962054e-07,3
"20580",0.0294181636466802,1.8769951857224e-05,0.957748556227332,1.59388250369368e-05,0.0119136845943293,0.000880989760295533,3.89699446907261e-06,3
"20583",4.32028192131611e-05,0.999954985793901,1.46644166415932e-06,2.76711770168005e-08,2.22819490347631e-08,7.87665009314692e-08,2.1622559525155e-07,2
"20586",0.0124415084071903,7.07515502257841e-07,0.972838159881943,0.000625097812100485,0.0132626399454173,0.000831711375976993,1.75061869657101e-07,3
"20589",3.1915427566122e-06,5.19375823340373e-10,0.359740788273857,8.8807061245252e-05,0.635246117571767,0.0049210068036857,8.82273124954181e-08,5
"20591",0.104425911871992,2.50091571553542e-06,0.00489833611772824,0.0754129099684218,3.04931010592978e-05,0.815221881913592,7.96611149135699e-06,6
"20593",1.40169224433824e-09,1.35119377425896e-09,0.00401292404677279,2.46031449083642e-06,0.995943195530039,4.14164506623032e-05,9.05149001817909e-10,5
"20595",0.000387370290852642,1.70682469824396e-05,0.966042892366841,9.59295264682539e-05,0.0333583585626979,9.83697901015794e-05,1.12160565838894e-08,3
"20597",0.000922205667183865,2.24370144304233e-06,4.27745428275952e-07,5.37039140628098e-10,6.54963284045534e-10,7.43587179368198e-07,0.999074378106763,7
"20599",2.10346880964556e-05,0.999978166701428,2.1128942677153e-07,5.78954731890244e-09,9.28612617486883e-09,1.71712840705364e-08,5.55074090878124e-07,2
"20601",0.971409389782946,0.000211534262945892,0.00373861941816725,3.58588642826593e-05,1.26693769537997e-06,0.02460116538395,2.16535001324787e-06,1
"20604",8.71452993751785e-07,5.1169893375287e-07,0.118196377707017,1.94019407844855e-05,0.881754773039208,2.80632258974301e-05,9.35165786823282e-10,5
"20606",5.78531392246106e-07,8.5765394227667e-09,0.0771965268779077,1.84595437736574e-05,0.922406629685295,0.000377795557046952,1.22804522070926e-09,5
"20608",0.000101326249694825,2.19631468662029e-07,0.489869382915676,4.63895838235378e-06,0.477623389197664,0.0323997047700587,1.33827705487152e-06,3
"20610",0.000602399547810603,0.999379023011634,1.10845518138825e-05,2.03885056531675e-07,1.99404414952391e-07,6.76152341738741e-06,3.2807585278613e-07,2
"20612",0.000420611981619926,0.00067781063169575,0.0635204113363597,0.100196475221232,0.0965324736075535,0.000161803358740057,0.738490413862799,7
"20614",0.00579116060563878,0.994195330922717,2.80521521677747e-06,1.57658079769242e-07,1.1248477912823e-08,1.02476813080306e-05,2.86668562134467e-07,2
"20616",0.959221585538676,0.000420652022657985,0.0390948802099739,9.88998376648809e-05,5.77216791564001e-05,0.0010824358078964,2.38249039747039e-05,1
"20618",0.000198214497402873,7.01216419751769e-06,9.98030356972538e-05,0.998705982051853,1.37569365274712e-05,0.000975230950256302,3.64065594543519e-10,4
