"","V1","V2","V3","V4","V5","V6","V7","V8","best$classification"
"19811",0.000298826227596441,0.963406699644152,1.03512173983474e-07,0.00254628933603498,1.00250328676041e-09,0.000337482751352849,0.0333893739038608,2.12236223261809e-05,2
"19813",8.3062129994646e-07,9.12807940692293e-06,1.72498926789517e-08,7.90641982353984e-07,7.47796757710071e-12,1.9866235387662e-08,0.999989148604924,6.49287809445189e-08,7
"19815",0.011698465345368,0.937520404086031,1.07703114479975e-05,0.0490788121490321,4.32505857624672e-05,5.10608764685772e-06,1.15861377122571e-06,0.00164203282094007,2
"19817",0.0024220513807614,0.992136108382229,2.21461103903775e-07,0.00509761874153414,2.9723262419341e-07,0.000246076557576241,3.69002542443526e-06,9.39362187465779e-05,2
"19819",0.148729947873144,2.58652804630284e-06,0.19488459249971,1.89590987796397e-05,0.656288887435856,1.12293979887991e-07,8.57395068208088e-11,7.49141847445498e-05,5
"19821",0.0047197426946706,0.97424143050378,9.10091508264915e-06,0.000641442001914645,1.00984119994367e-08,0.0102426564625246,0.0101447863701645,8.30953451485671e-07,2
"19823",0.00223817466245561,0.41346622739617,1.00335520872886e-06,0.000629948859307143,0.00126883415760222,4.74913248685504e-05,9.37807486703991e-07,0.582347382436901,8
"19825",0.00850863029980771,0.000723975714012586,0.0803303210593652,0.0029095453695878,0.000106146870155206,0.904747919350062,0.00266738898494956,6.07235206008465e-06,6
"19827",0.00300595555388837,0.707674617570567,1.51330062190947e-06,7.42620951507524e-05,4.81337988576146e-06,0.289005012722657,2.51073274538706e-07,0.000233574303954991,2
"19829",0.91682957100614,0.000375149324848005,0.0774679301469292,0.000192281545526274,0.000124735751798793,0.00500859059649034,1.63087841544338e-06,1.10749852020701e-07,1
"19831",0.813236960037445,1.88375146700795e-05,0.0837364643675171,6.36284075584801e-05,0.100164691764322,1.60143958237154e-07,3.52456152129449e-07,0.0027789053083766,1
"19833",9.49313350717143e-07,2.54351933285263e-07,2.29748481572945e-05,0.00133495004888313,0.161119498897706,2.31787773040539e-05,1.67391916914745e-06,0.837496519843496,8
"19835",0.0047197426946706,0.97424143050378,9.10091508264915e-06,0.000641442001914645,1.00984119994367e-08,0.0102426564625246,0.0101447863701645,8.30953451485671e-07,2
"19837",0.0143739983953207,0.970989492292729,1.76239364276444e-06,0.000104739428537811,3.98338915854308e-07,0.0145112869391047,1.66074291795638e-06,1.6661468830689e-05,2
"19839",0.719101723702371,0.00130177032379197,0.246029787179274,0.00174512030465655,1.31351596990832e-05,0.0303275184737323,0.00148009671375686,8.48142717373844e-07,1
"19841",1.51737134338528e-06,6.2972503951439e-06,1.62632923133449e-06,2.57825796883917e-08,1.91563402363345e-09,0.999970192951889,2.03369929434347e-05,1.40598395053791e-09,6
"19843",0.0296775189106882,1.32984125547025e-06,0.958454041099108,0.00218208612216691,2.02581066748905e-05,6.71144422693916e-09,0.00966449709817207,2.62110490110432e-07,3
"19845",1.12410380400185e-05,0.0582484871136257,1.92099107902875e-08,0.000231464696131907,2.82914134557454e-10,5.0238865396021e-06,0.941483952766028,1.98110068099819e-05,7
"19847",0.0505585886627086,0.889516711132584,7.52324790093769e-05,0.0509629507819972,3.60965972509341e-06,7.10559869120839e-06,0.00813220607056029,0.000743595614723977,2
"19849",9.75754789144812e-08,2.88963808566613e-05,1.32956429088233e-09,1.83090741727264e-07,1.51346221033686e-12,4.72562741206703e-08,0.999970696825227,7.75403443201741e-08,7
"19851",0.000548225815611455,0.997373992971532,7.29375986157429e-08,0.00173893769795132,2.02279157589558e-07,1.0848787033846e-05,1.06050615449968e-05,0.000317114449570251,2
"19853",7.78517045536344e-06,0.913991351009279,1.00434915675241e-09,0.000164416698273686,1.02418215225012e-07,0.000124688396350239,0.0088763069846538,0.0768353483184229,2
"19855",0.000108213642896598,0.997591623461402,2.96672303010878e-09,0.000213568141657049,1.38080313796255e-08,0.00120153484139513,0.000481320463948716,0.000403722673945834,2
"19857",0.142107440497521,0.816727663372872,6.23910761824695e-05,0.0131772822847331,6.63158143518839e-08,0.0127071808099561,0.0152126390181972,5.33662472436998e-06,2
"19859",0.0238197806604927,0.963760647282897,3.06643455781869e-06,0.00429844981123875,4.10783733626285e-06,0.00753695276017258,8.89599517635208e-06,0.000568099218128607,2
"19861",0.000328809735952749,0.876125426439865,1.00957811583157e-07,0.00109252532577703,4.17698861392035e-09,1.33835634673474e-05,0.122277953611959,0.000161796188178311,2
"19863",3.0897368867805e-08,1.7887779969381e-05,5.9887498531183e-09,3.13980672633942e-07,3.85999149669435e-12,0.00621435182099535,0.993767378917583,3.06108004064952e-08,7
"19865",4.03616900347684e-06,0.00229920767645092,3.86271034566145e-08,3.82380252714605e-06,1.06044766290484e-09,0.99769228036145,5.90765077936412e-07,2.15379389987463e-08,6
"19867",0.00435573686906146,0.964662563220974,8.71489617581734e-06,0.0241460774469947,6.01974913092078e-07,9.64821102336265e-07,0.00649438272362726,0.000330958047150788,2
"19869",7.87904391803947e-07,0.00637496357496743,8.12000356211697e-10,1.66610256735567e-06,3.61628514894362e-12,1.87085305823652e-05,0.993603208466835,6.64605039368695e-07,7
"19871",0.0723059023825152,0.899476413796476,7.39938377655456e-06,0.0012587807876841,7.2208780249826e-06,0.0267800293804606,1.20377306571848e-06,0.00016304961799639,2
"19874",7.15259008731921e-05,0.289082723550927,8.76634587967025e-08,0.000610396032899409,1.59189504092853e-07,0.710178118541643,2.90853994173469e-06,5.40805807526307e-05,6
"19876",2.75703849826868e-05,0.888629910165762,3.20763836183794e-09,2.20679352767792e-05,8.42801464909691e-10,0.111159243144631,0.000152961099024389,8.24321988385138e-06,2
"19878",0.000186038331014829,0.00016917876227225,0.00256294889059522,0.997056166590732,2.13076049449424e-05,1.12468863258821e-06,2.24005723579507e-06,9.95074572328419e-07,4
"19880",2.83836387527977e-07,0.00184975724503917,5.5878044024309e-10,9.56998493084096e-08,6.04702540410655e-11,0.998142931218288,6.86287313504937e-06,6.85080508618219e-08,6
"19882",6.40132674042169e-05,0.771066268725514,2.3215100958729e-07,0.0139337919248092,1.13428843833953e-08,0.000517729367618172,0.214225340870428,0.000192612350332279,2
"19885",0.0904063119561692,0.897257426946829,2.55705756329204e-05,0.0120429345100291,6.8147362547144e-07,0.000254507981118274,5.87108108029868e-06,6.69547551579962e-06,2
"19907",0.000901511944051544,0.912551607253519,2.84633965924162e-06,0.0224726010696634,8.09852620607254e-08,5.98096236066891e-06,0.0639890793886207,7.62920568634682e-05,2
"19909",0.990998387112955,0.000564080217721498,0.00839131494473299,1.3362692893475e-05,4.14933751013549e-06,5.10330832334514e-07,2.79806213560115e-05,2.14741998563351e-07,1
"19911",0.973978519406198,0.002530926960966,0.0170873636022366,0.000174921880636994,0.000127563150875853,0.00608189687478832,4.3203133209678e-06,1.44878109777663e-05,1
"19913",1.16644840642806e-07,9.1210857008255e-06,9.26425774060685e-09,1.43999189342029e-08,1.0930858088604e-09,0.999990592382421,1.29711102981132e-07,1.54186718173226e-08,6
"19915",0.000121823991723926,0.768853397456024,3.85380882111365e-08,0.000182520927401816,9.47914193713395e-08,0.230801300383122,1.04283214995046e-06,3.97810800703709e-05,2
"19917",0.00011255497093472,0.0106080165565745,4.34353175643421e-07,3.48617409402762e-05,3.20805198023849e-08,0.989241217234026,1.23818944735267e-06,1.64487438208515e-06,6
"19919",0.00261573503442318,0.901423744910641,1.05308878526364e-06,0.00565500493313032,1.42263335195317e-06,0.0902097632142091,7.48292949992267e-07,9.25278925086284e-05,2
"19921",0.00247292727153905,0.986488906492843,7.56623253005435e-07,0.0107363016642919,1.53186659537264e-07,3.1016964149491e-06,0.000170044271743817,0.000127808793254765,2
"19923",0.000611145706657018,0.00428888185339407,0.000134612661407112,0.994505711781532,7.60043234173062e-05,3.16888338485986e-08,6.54552483328131e-06,0.000377066459924968,4
"19925",4.72099107172217e-05,0.0802312137248423,8.44587443307547e-08,0.000131927136980936,4.71118277547537e-08,0.919584153748659,4.62182238123687e-07,4.90172599013194e-06,6
"19927",0.00104195593940961,0.998328089031502,4.67270400092612e-08,0.000413892340794933,8.52426381833991e-08,5.39994487557284e-05,1.2904094301547e-05,0.000149027175558238,2
"19929",1.77724971456688e-07,0.000152984296005541,1.00211737793059e-08,9.3439216952852e-08,8.20436200987097e-12,0.589446662825115,0.410400019130287,5.25550260847091e-08,6
"19931",0.00713417246779184,0.990787681395666,2.04259022595667e-06,0.00154810012471261,2.91592372002811e-06,0.000326173652202202,4.50790103921856e-07,0.000198463055577412,2
"19933",0.946148332145556,0.0489555512506719,0.00437405207850301,0.000177512796586932,0.000197854599827519,0.000137963378836167,8.94937507577023e-08,8.64425626825438e-06,1
"19935",0.226381035776958,0.740770149621908,0.00269014943985503,0.0288667267247109,8.99900392947335e-07,0.000714008816418003,0.000574806764777561,2.22295497947732e-06,2
"19937",0.00307183495442293,0.989233902052306,7.55186914952017e-07,0.00618461150141868,6.98054124450595e-06,5.16046548091309e-06,1.48279686675091e-06,0.00149527250134547,2
"19939",0.00157461822250604,0.685556188335707,5.144678276829e-06,0.312233009017095,4.24789201785217e-06,0.00056848797158273,2.86465017952325e-06,5.54392326349805e-05,2
"19941",0.891410951875825,0.00173270056078987,0.0737697222242069,1.32268108468956e-05,1.61722379687335e-05,0.0329225996044272,0.000133351536464547,1.27514947015596e-06,1
"19943",1.33669048542125e-06,0.000658399756414832,7.89163016392641e-09,7.67451815576724e-07,9.82653271643982e-09,0.999339135986116,4.14982564728817e-08,3.00898749245591e-07,6
"19945",0.970021724106813,0.0102635653826707,0.0146727492942695,0.004410739368168,0.000596400946770717,6.50994819774218e-06,4.67969734266282e-08,2.82641561365907e-05,1
"19947",0.237712359048655,0.00550229555762805,0.00386320012764793,0.000250821645070228,2.03546245684864e-05,0.73564456214075,0.0169911473826186,1.5259473062177e-05,6
"19949",0.00782639774039911,0.0132496150332944,0.00220846777982548,0.975790438483159,0.000823528899039585,2.5755633752399e-07,2.00407418080777e-07,0.000101094100527268,4
"19951",0.00147525092803193,0.259780736792121,3.96632216166295e-05,0.0583701196842846,2.03345275218004e-06,0.68031340001647,5.68450119603301e-06,1.31114035272959e-05,6
"19953",0.0737518174764666,0.00015449871048252,0.0258881648457827,0.00198540376565081,0.863521331620922,1.35578737390349e-08,1.8826947385428e-08,0.0346987511958744,5
"19955",0.524097143369768,0.000262078585907704,0.135278884533337,0.316458950606971,0.0224785780840076,9.98218838347814e-07,8.09642677587502e-06,0.00141527017439434,1
"19957",0.0122000460165927,0.067706645407743,4.27252555399551e-06,0.000223112186944433,5.73873938882697e-05,0.9129030620536,1.23045867720446e-05,0.00689316982890566,6
"19960",0.76305545610745,0.000349194845703737,0.231474758149223,0.00479159745486493,0.000110739176086925,0.000187660350512153,3.04092300252259e-05,1.84686133684138e-07,1
"19963",5.46027858655956e-05,0.000117821674157711,3.11229225367286e-05,1.747972190927e-06,0.00291116690697776,0.919768242277539,1.65802226445017e-05,0.0770987152380882,6
"19965",0.123575900479432,1.25348977119375e-05,0.746632048538366,0.129417859390314,0.000326445683459084,6.10623414579359e-09,3.42608097951614e-05,9.44094687932868e-07,3
"19968",0.0014593723051339,0.0133753945342821,9.92726392805817e-05,4.02694899426295e-05,4.67690549312759e-10,0.757412053023924,0.227613634014087,3.52565965988168e-09,6
"19971",3.56653812625548e-05,2.82141475795726e-06,0.000167887677880612,6.85944064471063e-06,0.000790384115039854,0.998983467790584,9.97338160119397e-08,1.28144460143123e-05,6
"19973",0.00124982893632884,0.996592624426137,2.0409931537196e-07,0.000713349592169306,1.01126098486479e-08,0.0014230176236422,1.737890132146e-05,3.5863084760632e-06,2
"19975",0.000114526767084713,0.0314626153407837,3.17994731138986e-07,4.64994463248374e-05,1.34035543208653e-09,0.968359095555241,1.68809420656397e-05,6.26134139719625e-08,6
"19977",8.62709746633713e-06,0.000255170171748794,6.88750126794154e-06,0.000421587325314122,2.23783898563817e-06,0.999237430156349,4.45323566028062e-05,2.35275522658058e-05,6
"19979",0.110666461293468,1.18880945492177e-07,0.886094512399534,5.13912731805427e-06,0.00323340281699091,3.58192197672902e-07,1.24633539911949e-10,7.16491274680682e-09,3
"19981",0.435199697834019,0.562613488186394,3.43321589102352e-05,0.00134436637723216,6.79025496994903e-07,0.000161848139928253,0.000580786383887457,6.48018941315418e-05,2
"19983",0.210318466862835,0.336838963850134,0.00018898862814558,0.452098565560594,7.43565862961383e-06,1.09367210701988e-05,0.000419511508169004,0.000117131210423494,4
"19985",2.89214227520756e-05,0.30728552599172,1.05623330069181e-08,0.000140945761694723,3.30256317605914e-09,0.692515029281123,2.31007953085864e-05,6.46288250544335e-06,6
"19987",0.345131466260809,0.63392280967442,0.000268625096982346,0.000347503894961188,1.29885623463772e-05,0.0202954557800714,2.24003433024534e-06,1.89106960790387e-05,2
"19989",0.163151620298155,2.27458544834601e-06,0.808090936262553,0.000155911746018494,0.0285984339691162,1.04559855540266e-09,3.73659018782292e-10,8.21719450963303e-07,3
"19993",0.090906932073884,0.155460021951124,0.017271632513037,0.726051450837962,0.000434852447326159,0.00987099704816521,3.29225652182846e-07,3.78390284968347e-06,4
"19995",0.767790957122627,0.0974275094286449,0.0793426144230718,0.0517438553254545,0.000162682379367573,0.00352263483664884,3.69796034507848e-06,6.04852383996192e-06,1
"19997",0.000327345846649922,0.996468346422278,5.71767598899847e-08,0.000460829973752863,2.51562851949776e-08,0.00267266513796141,1.63338410252777e-05,5.43964452875609e-05,2
"19999",7.35222930321274e-05,0.986065533261474,3.76911447884415e-09,5.01227199213059e-05,5.38956105843839e-10,0.0133603759381279,0.000442068539656124,8.37293971810482e-06,2
"20002",3.57094895417781e-05,0.000290640367505555,6.27187555169351e-05,3.90788302468234e-07,5.08415262876895e-08,0.492861541105203,0.506746839379737,2.10927266764447e-06,7
"20004",0.970870376996131,0.0174063779008017,0.01071431971924,1.53053578515307e-05,5.13620316665541e-06,0.000912233737166687,7.52817710793732e-05,9.68314563407363e-07,1
"20006",0.454161608954851,0.00162443896976903,0.118844722938272,0.4223988335041,0.000780883742249464,0.000485619156770477,0.00160596024172571,9.79324922611297e-05,1
"20008",0.00773271102293905,0.000836962595654399,0.172662903603909,0.817484465318262,0.00116391703001911,3.53678292691497e-05,2.33469791018608e-05,6.0325620845354e-05,4
"20010",0.393818138895935,0.00290534799335151,0.0750592752535664,0.487809149230574,0.0402409904615394,1.09338920858076e-06,4.70130187385865e-09,0.000166000074522764,4
"20012",7.64977181097099e-05,0.26514126978146,1.0099502766241e-06,0.0027022414438816,5.80241724240192e-09,0.723903228233841,0.00817494672476257,8.00345250968789e-07,6
"20015",0.0286497319767529,5.8906543231031e-07,0.970224909873312,0.0011166564692573,7.92223410172318e-06,5.26514754352902e-09,1.84949135015536e-07,1.66861568484324e-10,3
"20017",0.000405369484497385,0.991794787985325,1.6981838082797e-08,8.310272987758e-05,1.23945802146543e-09,0.00630235823048584,0.00140352122419107,1.08421243271729e-05,2
"20019",0.00488692577005289,2.6086226516479e-09,0.985303780707575,8.00348916837859e-05,0.00972924922679111,4.6688006446324e-10,1.03242276990075e-11,6.31806994294893e-09,3
"20022",0.952193301789724,0.000345151465164382,0.040998660145368,0.00494776780593508,0.00151197471159052,2.69637185969288e-07,4.16627300955786e-09,2.87027875873757e-06,1
"20024",0.0135828747258444,2.40439421974086e-07,0.22837747005258,0.000121754431565815,0.757699756313299,6.84592228122632e-09,1.69819611585259e-08,0.000217880209405031,5
"20026",0.0135828747258444,2.40439421974086e-07,0.22837747005258,0.000121754431565815,0.757699756313299,6.84592228122632e-09,1.69819611585259e-08,0.000217880209405031,5
"20028",6.21505876596585e-05,0.961296284371902,7.47021385463551e-09,1.7894917906651e-05,4.11298258510651e-09,0.0385431252659407,4.7835818338503e-05,3.26974550557366e-05,2
"20030",0.423460173454803,1.92208751658211e-05,0.57642882248698,7.10469182906839e-06,1.84299396474466e-05,6.28331812485019e-05,3.41059366254417e-06,4.77666347563351e-09,3
"20033",0.0133497432974492,0.863761048801725,3.38460567093704e-06,0.000230882523331064,2.64603782689044e-07,0.12263007638386,1.65055502549877e-05,8.09423392634638e-06,2
"20035",0.00816360118766533,1.3342015550567e-08,0.971292428617691,0.000178550221229214,0.020365392556724,6.45042027767586e-10,3.79344025632622e-11,1.33916980004211e-08,3
"20037",0.0107847580329634,1.55726130943264e-08,0.987830161049415,0.000481013781216047,0.000904042558668307,1.44889653443965e-11,1.80743855590791e-09,7.18319697685352e-09,3
"20039",2.61824217520072e-06,3.4513125203359e-09,0.000108360029754906,1.6676322938975e-05,0.998044089528116,6.17952912991201e-12,1.05755211023144e-11,0.00182825240894775,5
"20041",0.0150506090894744,0.0035471962035405,0.000286486422021065,0.980444622211693,0.000309543771076028,1.78599930298798e-05,2.14201305511259e-06,0.000341540296109535,4
"20044",0.114819805141459,0.0243934423964964,0.00280200147177462,0.850969445698262,0.00403458739186654,0.00142141684378666,1.32976076822236e-05,0.00154600344867181,4
"20047",0.00685605220484984,1.08408288993393e-09,0.961333048239692,3.11175816818088e-06,0.0318077535825278,9.13544208278947e-09,7.33657972612639e-12,2.39879012083684e-08,3
"20050",0.00718096754472677,0.00088596140693406,0.0139896074055946,0.360783354519667,0.615548768135754,6.86298285349591e-06,1.46475875595965e-10,0.00160447785799386,5
"20052",0.116411129921081,0.826394552100029,0.000168936653137097,0.0319198284776641,0.000220131127044854,0.0240333388281361,2.0661389322456e-07,0.000851876279014326,2
"20054",0.848218466612441,3.69819604062861e-05,0.15156295824589,0.000168539672745195,2.20119522859416e-06,1.55086180170181e-06,9.29971240301722e-06,1.73908441978537e-09,1
"20056",5.34745237879481e-05,0.00132345433827624,6.76548217370855e-06,1.42048480499063e-06,2.74820976357237e-07,0.99861420918291,1.47093426049171e-07,2.54073644462372e-07,6
"20058",0.16980251310526,1.48077437310058e-06,0.823687546257875,0.000356209495811196,0.00615193461178375,2.14158858097909e-10,5.76935597367974e-09,3.09771382571564e-07,3
"20060",0.00325230594667338,0.9944864282849,4.2595388254655e-06,0.00213660899757925,7.97192076431492e-07,8.08548272510733e-05,6.81200590268252e-06,3.19332067915352e-05,2
"20062",0.0199278544836239,0.617066427519289,0.000111332078826435,0.362810971350152,2.89681975386643e-06,4.81418976894056e-05,1.32799238704836e-05,1.90959267950663e-05,2
"20064",0.983131328006246,0.0024524453575971,0.0141702325666361,0.000177229008032306,3.62151880736828e-05,3.23242185583374e-05,2.20618487464357e-08,2.03593008003986e-07,1
"20066",0.107835012196147,6.10330068990105e-07,0.892070157153253,1.90937174572289e-06,8.83524688017104e-05,3.67780805866702e-06,2.79549884947305e-07,1.12204071482968e-09,3
"20068",0.000650489453183096,0.980970044579843,2.13855810805462e-07,0.0174896804999042,2.61041020843466e-08,1.87422563762033e-05,0.000798927625468942,7.1875625311894e-05,2
"20070",0.000926828798345865,0.949361202663628,5.47843447972036e-07,0.03382517231844,5.96859179188652e-06,1.21710899008318e-05,3.35796995601795e-05,0.0158345289948853,2
"20072",0.313396345253049,5.24732851358547e-05,0.665713318663083,0.0159768851210336,3.46374973426088e-05,6.9752286239369e-09,0.00482613075567616,2.02449451565815e-07,3
"20074",2.56580464711612e-08,2.84875452216216e-05,1.74860709411386e-09,6.35584667591863e-08,3.0975938700603e-11,0.999800476977074,0.000170924729908174,1.97517003308114e-08,6
"20076",0.0354551205818382,0.0280363757707013,0.000254324902688422,0.000313919433788392,7.47350259611492e-09,0.610555418817539,0.325384695615769,1.37404172599193e-07,6
"20078",0.973705919832807,0.00318508406637206,0.0204793951561729,0.00192905890291164,0.000629340689810392,2.35727131476864e-05,1.3769682304266e-07,4.74909419552734e-05,1
"20080",0.04413714466953,9.23544627484825e-08,0.94531167088807,0.000130574872460684,0.0104204989561776,4.36077555714561e-09,9.20856191798516e-12,1.38893143702028e-08,3
"20082",0.000280040544950858,2.40756264922152e-07,0.000307403811523771,2.75216673134068e-06,0.998143053958121,4.94305666350317e-09,1.04698654402866e-12,0.00126650381830409,5
"20084",0.939513083008703,0.00155310580689592,0.0367834867591953,0.000256872215135742,0.0065360531279957,0.0152137692941584,4.85309213616085e-08,0.000143581256994753,1
"20087",0.780544911636581,0.00355387533505204,0.121746673892709,0.0938345142392269,0.000272905278453532,1.57864464720557e-07,1.7104533328179e-05,2.98572201855276e-05,1
"20090",0.0189504188964967,1.1579073654149e-06,0.805203233870637,0.0265303918436695,0.149314167737374,2.8111373063206e-08,1.95074686325462e-11,6.01613576518957e-07,3
"20092",0.00763468937236329,0.0017301551678933,8.95491550770777e-05,0.0665889970840284,0.00796164111289729,3.94067297296413e-09,5.95044406299693e-05,0.915935459726438,8
"20096",0.0110996738848076,0.0499494585572148,2.27752788095143e-05,0.0232076523293831,0.00654708839743491,0.00123223462651158,7.48495959255362e-07,0.907940368429879,8
"20098",0.00232847685353658,0.889753225975322,7.44000276603755e-07,0.00037611858949817,4.98464240238444e-07,0.107521400637261,1.6708281121723e-06,1.7864651752986e-05,2
"20101",0.332389893863676,1.67521511124013e-05,0.656134687969126,0.00041777206049352,0.0109259465499883,0.000114476800923267,7.16772541080541e-10,4.69887907983158e-07,3
"20104",3.2303872635234e-05,0.00635325257787097,1.2305934927374e-08,5.55308489092085e-05,7.96059372232659e-06,1.41373814769548e-05,0.00654815928225517,0.986988643137195,8
"20106",0.486351917404511,0.000180736746638679,0.504920786241334,0.00799795549122918,0.000505342481111031,4.32391798876067e-05,3.28391088501154e-09,1.91713781675094e-08,3
"20108",0.00463864184154386,0.989937395702224,8.83161654261024e-07,3.17634887784505e-05,2.62508394986241e-08,0.00531255273430931,6.92779380748716e-05,9.45888257602207e-06,2
"20110",0.00636947919813791,0.21121535758764,0.000165927384810672,0.471406437845878,0.0307481922137416,0.108980504972935,7.48970676646475e-08,0.171114025899789,4
"20112",0.188530872901893,0.00327891743122757,0.294816180184998,0.46821596977375,0.0451182893097277,1.20990835531073e-05,8.75859287448305e-09,2.76625562581243e-05,4
"20114",0.971873226465309,0.00630843457535297,0.00586598033352214,1.43056861222994e-05,0.000264453372968106,0.0156565691354063,2.10729983696674e-07,1.68197013354083e-05,1
"20116",0.957713763786843,0.000695727917428867,0.0342006983751054,4.07183737138953e-05,3.37921623491129e-06,0.00733484360277434,1.0846628299771e-05,2.20996002423436e-08,1
"20118",0.621399623625067,0.34787087207917,0.000206019334483019,0.000497991072799779,3.60148741914807e-05,0.029921322741074,6.59283781397136e-07,6.74969894330688e-05,1
"20120",0.627118656978398,0.00178540612540462,0.193332756963369,0.00718604916192525,0.169944729824807,0.000610320957001972,4.35442757218828e-10,2.20795536506773e-05,1
"20122",1.60764683266397e-05,0.00100183596962535,2.87961142090893e-08,2.99353730140667e-07,5.71534985447896e-10,0.998976268102071,5.44593686644906e-06,4.48017309193989e-08,6
"20124",0.321928536037061,7.07349023802776e-07,0.669460431786529,0.00125076731618507,0.0073560741234606,6.36269027528202e-10,5.47936280647067e-08,3.42795784249106e-06,3
"20126",0.00222738935221344,1.3288827579311e-07,0.00209773699518589,4.54867899677152e-05,0.952461566232409,8.04803845077302e-08,3.68452541578359e-08,0.0431675704163102,5
"20128",0.000283573716672357,1.03791811138441e-10,0.151217744216101,1.29949588082546e-05,0.848473894467379,5.80446214582561e-11,3.94695474931599e-11,1.17924397335679e-05,5
"20141",0.000627774535900768,0.213991287814452,3.0031746276337e-08,4.26123860149425e-05,8.23988635395383e-05,0.0119566259997648,1.1169113723345e-05,0.773288101254858,8
"20143",3.2468488614828e-08,1.50804283590628e-05,1.32499099489243e-09,7.0691564015969e-09,7.67075382719182e-11,0.999982492779101,2.37749472360166e-06,8.35847231555936e-09,6
"20145",0.888505460525574,0.00139411590868454,0.0892771456678874,0.00802002613436759,0.0127955420924868,1.97965249428503e-06,3.37208732059905e-10,5.7296812963465e-06,1
"20147",0.949443972898055,0.000119340801217745,0.0498854657573971,0.000373181229282976,0.000176889616163981,1.02768025614686e-06,3.08850056568716e-09,1.18929126348861e-07,1
"20149",1.39245059163936e-06,0.000978343087758655,2.97608885111468e-09,4.27979002660699e-07,5.64965000426933e-10,0.999016886628825,2.6157036423743e-06,3.3060912585533e-07,6
"20151",0.00158382347666661,0.967364590169392,1.26180622826096e-06,0.000548128836246015,1.88690578718747e-07,0.0304948785183519,1.22381396863432e-06,5.90468856805708e-06,2
"20153",0.00280667719910977,0.408272698068542,2.5866473150267e-05,0.00400236380109402,0.00195234681719862,0.578020760626805,1.42967327647532e-08,0.00491927271736699,6
"20155",0.481496205890705,1.90638631621199e-05,0.460546104959356,0.057113704214771,0.000824612751395512,1.93445961939206e-07,2.50389080046562e-08,8.98357410371208e-08,1
"20157",0.000578378370366657,0.66806604178726,8.1219405208886e-07,6.08640093948588e-05,5.97873486631877e-07,0.331272012207292,1.19426207874356e-06,2.00992960693567e-05,2
"20160",8.72014115702823e-08,2.45852307348326e-05,2.5735338768447e-09,1.10388774885956e-08,2.84809672592919e-10,0.999974991081596,3.0924598273736e-07,1.33430543558256e-08,6
"20162",7.68187752981808e-07,0.0052635774810209,9.74093086031552e-10,2.72935559390179e-07,1.95963433522843e-10,0.994731737895086,3.46456542949371e-06,1.77765095039687e-07,6
"20164",0.000111449674803856,0.0540074768860947,2.06197184268691e-06,0.000930518403856438,1.00030321420802e-06,0.94491991094038,1.11082651032555e-06,2.64709932983041e-05,6
"20166",0.0603060234674616,8.29145560330154e-06,0.939170107666016,3.40171137170297e-05,6.11476063311702e-06,0.00040695361810314,6.84895410822607e-05,2.37738373601571e-09,3
"20168",0.000221972602611523,3.21006418548473e-06,0.00150679350167119,5.62854532471026e-06,2.26140247291695e-08,0.000455490909902118,0.997806844445459,3.73168213236994e-08,7
"20170",0.00416369848639525,0.800083348640864,3.79785669494561e-07,0.000209558071059573,1.56433612604829e-06,0.195306933855701,6.96790349273037e-07,0.000233820033835455,2
"20172",0.953044612772927,0.000178918623635518,0.043669402585798,0.00162379043200256,0.00148142539330862,4.20454699561281e-09,5.25207603336383e-09,1.84073570548961e-06,1
"20174",6.60087699833589e-05,0.770819090622805,1.22726750296548e-08,2.91505853673393e-05,1.41684259279236e-10,0.0999494357512256,0.129132992911292,3.30894496741322e-06,2
"20176",3.23013638625978e-05,1.52344419627248e-05,1.83092948236169e-05,7.71877574874633e-06,5.12026426888039e-10,1.44507784187778e-06,0.99992497216667,1.83670643388866e-08,7
"20178",6.62033047523794e-08,1.15083504237586e-05,3.75484354406008e-09,1.2414564000274e-08,7.3016462676542e-10,0.999988263678716,1.29748505726382e-07,1.51194772660046e-08,6
"20181",0.386223401506195,2.70285130047101e-05,0.609730321535342,1.14758448078937e-05,3.60421609983504e-05,0.00397110922539646,6.18017428010105e-07,3.19682746186958e-09,3
"20183",0.0714484701160935,0.912605203112346,1.87582554339146e-05,0.0116958541991996,8.51832068425612e-05,3.24874152123354e-06,2.34710655533435e-06,0.00414093526200784,2
"20186",0.139228300177517,0.565968842155787,0.000625784563255327,0.257638311571805,0.000353500079275616,6.52032649190253e-08,0.0039180977125363,0.0322670985365591,2
"20188",1.32177724611891e-07,0.000236293892292003,2.45186660479275e-09,7.99838389133626e-08,6.37960321478112e-10,0.999763215004496,2.16077224397929e-07,5.97745976068835e-08,6
"20190",0.136570364912883,3.17213423696859e-06,0.863168246761373,0.000139293896986368,0.000118820798600586,9.2090378377866e-08,8.19427921022939e-09,1.211262611089e-09,3
"20193",5.47225891172439e-05,7.70962442297158e-05,0.00121185589066176,0.000109306952545108,9.95339871951268e-08,0.98485858386775,0.0136882787889013,5.61328077518359e-08,6
"20195",0.00233030353842099,0.223855655795259,3.83267538278661e-05,0.00459134809076939,3.1466943338314e-06,0.769173213409855,1.28444210973948e-06,6.72127542397282e-06,6
"20197",0.818222498356356,0.000183567244082512,0.153397827769953,0.0271829372726365,0.00101225282002236,1.8549875764015e-08,2.60650185669416e-08,8.71922055383737e-07,1
"20199",2.90344288223783e-05,0.0943020924593933,1.53249765282271e-08,5.91367994653461e-05,1.06656150841286e-07,0.905553454566053,5.04727709143159e-07,5.56550374297479e-05,6
"20205",3.39977975367281e-05,1.75687089752763e-06,2.35375428505457e-05,0.000760071963876107,0.951883296664793,1.09508977604138e-09,2.04909478805026e-11,0.0472973380444651,5
"20208",0.0104696300618745,0.980425803744117,1.00131378606545e-05,0.00310647398797458,7.18257607151459e-07,0.0059633901410516,1.54981128412576e-05,8.47255667300875e-06,2
"20210",3.75545741517809e-06,0.0196221479148716,3.73886719752203e-09,1.60176394172102e-06,1.57324018273154e-09,0.980370491302862,1.41661843512563e-06,5.81630367336781e-07,6
"20212",0.000356016849739179,0.188089670290911,1.490323051427e-06,0.000310812467938046,3.22277619529026e-07,0.811234684367468,2.49591696914497e-06,4.50750630370643e-06,6
"20216",0.926357361037801,0.000262368541830169,0.0731733509569779,9.82400638241203e-05,9.33570186521656e-05,1.5210849950693e-05,6.81074256090938e-08,4.34235386033206e-08,1
"20219",0.209164896409303,0.00102506425361514,0.0350493428719026,0.0134171927067271,0.731278912123378,2.53995612587768e-05,6.68387801983072e-10,0.0100391914054282,5
"20223",0.00292539915237988,3.87476975036155e-08,0.99577873003736,0.00101951752378132,6.91136427202574e-05,2.96167547892593e-11,0.000207160657414119,4.02090306940346e-08,3
"20226",0.00187141388598576,0.0179315717524973,0.000200810700208062,0.979824424726849,9.34200310153052e-05,6.07130707061974e-05,3.95630562759629e-08,1.7606269682064e-05,4
"20230",0.066756166488344,6.87429622602666e-07,0.932688087934001,4.69082901146736e-05,0.000508134211435112,6.6009891794876e-09,4.26874282992708e-09,4.77675053852258e-09,3
"20233",3.74112805735367e-08,1.51193672750507e-05,7.61201003879545e-10,3.66140352902815e-06,0.000406453096693655,1.59061853313975e-07,2.66136541372221e-09,0.999574566236802,8
"20235",0.173693429827422,1.12062207432071e-05,0.639130278600272,0.147544193468512,0.0391090216834115,1.278536741664e-09,8.47145254221869e-05,0.000427154395680037,3
"20239",0.494142370130081,0.000956197251691335,0.205049570982599,0.297766447070291,0.000168692489661169,4.12048979399204e-07,0.00187296526713375,4.33447595640156e-05,1
"20254",9.54221449669908e-05,1.92271096709979e-08,0.00049357194100952,8.02688147756058e-06,0.999162856882009,2.2189855805477e-10,1.08020347064183e-13,0.000240102701420553,5
"20256",0.790316639757227,2.68019375529112e-06,0.208787024926261,0.000327691028304946,0.000565386990371777,8.92916969176002e-10,1.22692811901161e-07,4.53518350681094e-07,1
"20262",0.00102625898862656,0.51329441320065,2.79300272701282e-07,6.40369598069479e-05,1.42412260504921e-07,0.485604365514088,9.5150268586322e-07,9.5521216104774e-06,2
"20270",0.287934848599713,0.00996679732658973,0.696217534973184,0.000624596277161192,2.30388131750005e-05,0.00303730689608113,0.00219561368341943,2.63430675941022e-07,3
"20284",0.022959230181354,0.400632978846561,0.000352950065959203,0.0982518478340948,0.0997385654055538,8.72727351103147e-06,1.29336768373562e-07,0.378055571056198,2
"20287",0.00211025740629311,2.6970372215319e-09,0.997407854412136,0.000310916225768959,0.000170963868103867,3.25204080311515e-11,4.84562766967687e-09,5.12513254095214e-10,3
"20290",0.000616730815255275,0.000694372717746848,0.000170367638125925,0.00358288596612251,0.969958635700176,8.73399235322625e-06,4.63935363284114e-11,0.0249682731238261,5
"20293",0.996479492348391,0.00124749972379338,0.00196117042730114,0.000111759068716788,0.000187664821664551,3.52827499190474e-07,4.20253945762884e-08,1.20187572390309e-05,1
"20296",0.0397348251929348,0.306542732696129,0.000162213154216912,0.000599485751505451,5.99232099678118e-09,0.636056153750525,0.0169044345197213,1.48942646591914e-07,6
"20301",0.000295935688415784,1.62017173968697e-09,0.9992886857425,3.79077321182874e-05,0.000377011370216627,4.56954836208679e-07,5.85623546466756e-10,3.06118145067681e-10,3
"20304",0.00205695237568881,9.93453228025798e-07,0.000224378128482147,2.42233471908055e-06,0.991287225844018,1.36131157958781e-08,6.99282850743052e-12,0.00642801424375548,5
"20306",0.0937528134023084,9.1825010399689e-07,0.897520715431828,0.00023260338874604,0.00849219657662682,1.80344907017961e-10,5.57328591351319e-09,7.47196755798907e-07,3
"20309",0.759240733901329,0.0776136387616708,0.011297856322896,0.148645422198543,0.0031172718193327,3.46925779289301e-05,3.43305819641745e-07,5.00411124799188e-05,1
"20311",0.855215730928618,0.000813000291738933,0.142423423495822,0.000703269248638827,0.000662197583551369,0.000171817205356787,4.56783975776794e-07,1.01044622989231e-05,1
"20314",0.0207509199075193,0.967827592190284,9.21368045329096e-06,0.000980622234674331,5.93803768797508e-06,0.0103899989248355,1.63659068237527e-07,3.55513654775413e-05,2
"20318",2.80696589757515e-06,5.87053166700204e-05,1.17360636197018e-06,3.27984962910656e-08,5.13902874128967e-09,0.999934353464654,2.91066666265156e-06,1.20422283961691e-08,6
"20320",0.00110640179936005,0.355214589671696,3.23806766541653e-05,0.639210870187174,0.000154643663643154,0.000739773666424482,5.50981709348661e-06,0.00353583051795444,4
"20326",0.0311727449429875,0.94096874643267,1.33728277209365e-05,0.000438724566544178,1.37389603301936e-05,0.0272593883181007,4.23833520469113e-07,0.000132860118125346,2
"20328",0.00418042953387601,0.697972407764404,1.29239222129599e-05,0.290586065730037,0.000129532052410483,3.68981333210221e-06,2.9512896161149e-06,0.00711199989411147,2
"20330",0.0223321404220401,3.68415034739974e-05,0.0806828115987413,0.893160654904256,0.00375786349481917,2.26446613836359e-07,2.17340366303466e-07,2.92442896891943e-05,4
"20336",0.0626354023772691,0.00962172805885015,0.000277365843808343,0.00381019443126249,0.564463744826438,2.24649541145661e-07,2.80479112892804e-09,0.35919133700804,5
"20338",0.0284031470514955,0.000230926521892038,0.000849993013783616,0.00329396315524724,0.890020973480355,6.40149061837566e-05,8.23395519637979e-10,0.0771369810476475,5
"20340",0.088956398502474,1.38349403586041e-07,0.908350144179906,9.19039471854143e-05,0.00260135508468457,4.87019058687891e-09,1.21300691064785e-08,4.29360868954912e-08,3
"20342",1.42830862617835e-05,2.47310494033028e-05,0.000571447576773102,0.0160304567605662,0.10884642263322,0.000178934199026786,1.3076874754971e-05,0.874320647819994,8
"20344",0.747130352975974,0.000345901320025158,0.250388339949318,0.000360912297817344,0.00177247314331453,9.35568096791898e-08,1.1021964623529e-07,1.81653709443414e-06,1
"20349",0.380372339191012,2.75335884361114e-06,0.618974829889449,5.1987345391843e-05,0.000597888717821679,7.06614374228207e-10,5.96191380338301e-08,1.41171729546996e-07,3
"20351",0.988154972570373,0.00246583744242422,0.00456304892530972,0.00169464617165949,0.00301304947417161,5.12761200008974e-05,7.33489977297392e-08,5.70959470636198e-05,1
"20353",0.0367943744607156,2.0058016092653e-05,0.147431176578763,0.734925575913765,0.080802391161202,8.14463705672377e-09,2.53424428939268e-09,2.64131905797192e-05,4
"20357",5.32514831745888e-05,4.26802304048573e-07,0.00028705113193715,0.00150276542727419,0.990951036087887,3.40987696867691e-11,1.46466658319353e-11,0.00720546901867741,5
"20360",0.000551749690037096,1.36158162330234e-05,0.00564889478905091,0.804892312452277,0.105059094394774,3.57989994136034e-07,0.000143224820018181,0.0836907500476159,4
"20364",0.488451219141961,0.00995091628835174,0.0887223640640806,0.405389709360438,0.0074763598863531,3.46399243871154e-06,8.51071945731869e-09,5.95875565760961e-06,1
"20366",0.00480654296081922,0.00256908676817598,1.89505204772769e-05,0.000700841922690031,0.395519865187894,4.36443415937122e-06,2.04233141881917e-09,0.596380346163453,8
"20381",3.96303763116357e-06,0.00234660866798331,1.16921698741309e-08,3.59894752770774e-06,3.5927142991984e-10,0.0116841887695266,0.985896017442576,6.56110833140336e-05,7
"20391",0.127672321710364,0.00525813720176522,0.0256406383611474,0.635300651273048,0.00146425858214412,5.59328269795793e-09,0.181341878647134,0.0233221086311141,4
"20394",0.00131755632292722,0.968249412250335,7.18207872336998e-07,0.0283963919856395,3.02504783374851e-08,0.000385594327918035,0.00153962374438929,0.000110672910440225,2
"20396",5.84200208928998e-06,0.28393775907674,2.57882692353496e-09,5.9586781369458e-05,3.20871825677605e-11,0.00508394199216386,0.710905707990711,7.1595460119485e-06,7
"20409",0.821940657934827,0.0774842394873588,0.0180030978426682,0.000117177025194693,0.000342327483680326,0.0820813984819528,1.49659666460721e-06,2.96051476536718e-05,1
"20411",0.446831041349582,2.05209388986257e-05,0.175349894853503,0.029506943523601,0.348005504361774,4.09688292118354e-10,2.1301947825151e-09,0.000286092432758289,1
"20416",8.74822213497746e-05,1.30340021241723e-10,0.0133373424567694,1.30803160830525e-05,0.986538360183995,6.72218114254851e-13,3.19066327006056e-12,2.37346876001605e-05,5
"20418",5.40369359803814e-06,0.214051053498687,2.15662917032383e-09,6.43687780280877e-06,1.77109552745973e-11,0.0280529921863279,0.757881320270534,2.79129870997926e-06,7
"20420",6.17776445265528e-06,0.000649058677568469,9.86643703254762e-09,4.24050419330292e-05,0.00235749166752774,5.00338528701441e-06,1.20122647855742e-08,0.996939841584529,8
"20422",0.0496418583106516,6.17581741751026e-05,0.921656954814522,0.0271398488684475,0.00148289922623361,1.66403578675343e-05,9.21513407458795e-09,3.10329689556217e-08,3
"20424",0.382760777774387,1.72574267487191e-05,0.306218836317688,0.113334205901591,0.197618387537964,1.8894283950994e-09,1.13400666537575e-09,5.05320181851123e-05,1
"20426",7.59848937540803e-07,4.91028932084122e-06,2.18198120295222e-06,4.19287914149448e-05,0.675312933712959,0.000157028480395061,1.16276461293421e-10,0.324480256779493,5
"20428",0.907571967783186,0.00430834268673682,0.0197900505001813,0.0675561836824277,2.30678792052157e-06,1.51139684666457e-06,0.000769081866960062,5.55295740624835e-07,1
"20431",0.0206183553765416,0.561018995336126,0.00164956701537611,0.344924740700141,0.00275298719919946,0.0686426598474386,4.85380102830843e-07,0.000392209145074127,2
"20433",0.00523049516801568,2.38780628708866e-08,0.994646534175513,9.65568521085984e-05,6.08742603536672e-06,5.70467477055446e-10,2.03004199528666e-05,1.50984461448299e-09,3
"20436",0.001508910476486,4.97023011186095e-06,0.00157254261997845,1.91964765018039e-05,1.06426728887896e-08,2.20525779850329e-06,0.996892145659972,1.8636479009226e-08,7
"20439",2.87084016769187e-05,0.679130482146077,1.00068351945988e-08,3.73531318049473e-05,7.63439099889405e-11,0.108582733220254,0.212213990259382,6.72275762605501e-06,2
"20441",0.00035164848338154,8.38118078306329e-06,7.58135227325157e-05,0.0116763004815912,0.954912001913761,5.71289263969219e-08,5.98618290302431e-11,0.032975797228962,5
"20444",9.83911926233055e-08,0.000124797733821054,9.36160967072864e-10,2.42381570271868e-08,1.32201296296062e-10,0.99987433195329,7.24026959585341e-07,2.25882176248348e-08,6
"20448",0.0579888058579608,0.828221495458541,0.000139478736618335,9.50933183323956e-05,0.000150212887310336,0.111021446186452,9.96548133080706e-05,0.00228381274147642,2
"20536",0.00122255164683821,0.135764159416863,1.10445528194924e-06,0.00544233923256042,4.1082570319749e-09,2.61792166290246e-06,0.857542639136981,2.45840815556178e-05,7
"20538",0.695296265968575,0.00631060172324278,0.00188597457976492,0.000172865182064476,0.104659823160187,1.89581291279702e-07,1.36911435819579e-06,0.191672910690516,1
"20541",0.0301107394642669,1.57285290900531e-07,0.628651038078908,0.00176058499193458,0.33947474107022,6.64637444415329e-10,7.14903378287751e-12,2.73843759347615e-06,3
