"","V1","V2","V3","V4","V5","best$classification"
"19811",6.67415098568399e-05,6.17423906017786e-07,0.00235161130132443,0.0493212638900579,0.948259765874855,5
"19813",2.38601544518262e-06,9.35137718234383e-09,3.75491951380671e-07,0.999894600955294,0.000102628185932552,4
"19815",0.00165638269551044,0.00055472337696592,3.64313606941991e-05,3.58320015985073e-06,0.99774887936667,5
"19817",0.000211828241969979,1.95799696231584e-05,0.00149308242420928,1.4223409427348e-05,0.99826128595477,5
"19819",0.850256027097595,0.149626527291945,1.29467559168396e-06,2.17583492258729e-09,0.000116148759033577,1
"19821",0.00223776389236417,1.17432263343195e-06,0.0607788683030243,0.0227032755054169,0.914278917976561,5
"19823",0.000729656794053638,0.0511329372170011,0.000723322518122376,1.03515955629137e-05,0.94740373187526,5
"19825",0.168038470084946,0.000954918480066908,0.817450348251889,0.00804023648887371,0.00551602669422411,3
"19827",0.00053718775376927,0.000123708402157115,0.623641806474952,1.74663458589454e-06,0.375695550734535,3
"19829",0.985589826906943,0.000140007791138614,0.0110465746692509,8.09410344833852e-06,0.00321549652921864,1
"19831",0.884086738894921,0.11516169368021,1.65971632404497e-06,2.4917753026768e-06,0.000747415933242353,1
"19833",3.9483455796812e-05,0.999927645927387,1.89841702778494e-05,7.07028168673249e-06,6.81616485188992e-06,2
"19835",0.00223776389236417,1.17432263343195e-06,0.0607788683030243,0.0227032755054169,0.914278917976561,5
"19837",0.00164177670352491,1.87151508228696e-05,0.0861590853114783,1.14126206173551e-05,0.912169010213557,5
"19839",0.959219300851249,4.95167255410946e-05,0.0308021572234078,0.00244947859053541,0.00747954660926683,1
"19841",3.10248682271013e-05,9.10362524264488e-08,0.999817071279283,0.00012903949073515,2.27733255023747e-05,3
"19843",0.977330876893334,0.000149512052194557,1.0732317377279e-07,0.0223653535368577,0.000154150194439824,1
"19845",7.53850361606861e-06,3.30211623897743e-07,6.38337483169385e-05,0.910608241562852,0.0893200559735912,4
"19847",0.00519723681721031,8.62273481312284e-05,3.74236613200788e-05,0.00592295444753637,0.988756157725802,5
"19849",2.79949037126498e-07,3.21758385205369e-09,8.81982741956864e-07,0.999851032332507,0.000147802518130416,4
"19851",7.42910234323849e-05,2.34632276277155e-05,0.000139839920382772,4.1175441234878e-05,0.999721230387322,5
"19853",2.68044534775868e-06,0.000145122833924343,0.0018524761410983,0.0288627554690738,0.969136965110556,5
"19855",1.26828770603209e-05,8.38984686168714e-06,0.0111743168735006,0.00179698577347317,0.987007624629104,5
"19857",0.0116696042673005,3.60817423051185e-06,0.0303072622610714,0.0153500293418757,0.942669495955522,5
"19859",0.00152893800846725,0.00013043448825451,0.0212235286837082,2.84995534072127e-05,0.977088599266163,5
"19861",5.96132993020259e-05,2.02323919092967e-06,0.000158351504702384,0.136321773774681,0.863458238182124,5
"19863",2.86860754074363e-07,4.46538068199484e-09,0.00920222706893151,0.990746856779812,5.0624825121983e-05,4
"19865",6.38816726919999e-06,8.95210001286749e-08,0.997873331819469,3.59759687300417e-06,0.00211659289538863,3
"19867",0.000917354193378936,3.09470177337228e-05,1.00912954368626e-05,0.00633644601565136,0.992705161477799,5
"19869",5.50610786192315e-07,8.78107872746353e-09,0.000194776794921931,0.991473530045986,0.00833113376722665,4
"19871",0.00437609040505494,0.000150537764629281,0.0806710659401509,5.77256044552901e-06,0.914796533329719,5
"19874",2.84332828251459e-05,1.24301696230521e-05,0.838335005615581,1.33307276522513e-05,0.161610800204318,3
"19876",7.38925723637577e-06,5.38374123858912e-07,0.522259075866882,0.000733491365384643,0.476999505136373,3
"19878",0.674357837371811,0.0177551424018736,0.0005176056144407,0.00114929532467616,0.306220119287199,1
"19880",2.32967983196721e-07,1.7098317477307e-08,0.999057219274165,2.68896778658328e-05,0.00091564098166808,3
"19882",4.90074893230255e-05,6.10167315004968e-06,0.00274144073899654,0.244910536000476,0.752292914098054,5
"19885",0.0068392055502885,1.23065469876032e-05,0.0012479289167165,1.59383915015599e-05,0.991884620594506,5
"19907",0.000374966076911283,9.40485684815148e-06,5.85825456150846e-05,0.059898390079237,0.939658656441388,5
"19909",0.984288175145708,5.01074405422078e-05,2.33778278682082e-05,0.000260256105876523,0.0153780834800055,1
"19911",0.934857066417009,0.00116925028693889,0.0321411680266557,4.16785518234244e-05,0.0317908367175728,1
"19913",1.00032414466696e-06,1.23924403802282e-07,0.999972284231506,1.60527031875005e-06,2.49862496273644e-05,3
"19915",3.35982465505623e-05,1.04370696452019e-05,0.590107579005232,7.15605592264894e-06,0.40984122962265,3
"19917",7.41360424639664e-05,2.01718957337412e-06,0.987805068812494,6.97509805841045e-06,0.0121118028574105,3
"19919",0.000498954227268159,5.92028525972219e-05,0.195446659483822,4.42352980257516e-06,0.80399075990651,5
"19921",0.000288428145653461,1.19574587268638e-05,3.25227342871064e-05,0.000308466534563987,0.999358625126769,5
"19923",0.053003905216131,0.026813567836202,7.73833906019692e-06,0.000556021885437155,0.91961876672317,5
"19925",2.21777821665191e-05,3.08999897569362e-06,0.954107207010319,2.48661796068021e-06,0.0458650385905778,3
"19927",9.02256397209345e-05,1.21194140952142e-05,0.000668201877032001,5.616489962605e-05,0.999173288169526,5
"19929",7.23633660607674e-07,7.0151633032051e-09,0.535035725722158,0.464772796469985,0.000190747159032691,3
"19931",0.000980999503574011,8.98238072355086e-05,0.00224025702681535,2.7127674529949e-06,0.996686206894922,5
"19933",0.67661693753654,0.00113475637599854,0.00273124839199629,1.71734660870447e-06,0.319515340348856,1
"19935",0.0829354613952971,1.29479460001496e-05,0.00283245322637924,0.000941361576271295,0.913277775856052,5
"19937",0.000347281095063886,0.000222781766840881,5.39714422895069e-05,5.62645993012661e-06,0.999370339235875,5
"19939",0.000888358695715907,0.000119672164447004,0.00233765870142491,1.24841929881736e-05,0.996641826245424,5
"19941",0.910060275457151,8.46363067954753e-05,0.0805981583742248,0.000491789550484924,0.0087651403113439,1
"19943",2.09742293478288e-06,7.34123141054339e-07,0.999210688264906,4.14283603070454e-07,0.000786065905415148,3
"19945",0.866142185248053,0.00252434332356382,0.000101773018711693,6.98563184243058e-07,0.131230999846488,1
"19947",0.125573095145706,0.00022568057936165,0.826201390638889,0.0269103453316149,0.0210894883044286,3
"19949",0.214322000177155,0.0254562112776801,1.94468638171172e-05,9.71407193469253e-06,0.760192627609414,5
"19951",0.00198176409460785,5.32529399848826e-05,0.697027886097535,2.57514692520381e-05,0.30091134539862,3
"19953",0.165891289089059,0.83116249557554,1.81837355608946e-07,1.54811579265703e-07,0.00294587868646674,2
"19955",0.939760079561038,0.0506362395259155,4.96187409750616e-06,3.20726809300201e-05,0.00956664635801859,1
"19957",0.0012627928094066,0.00140314440272648,0.904555411337279,4.38498067270356e-05,0.0927348016438613,3
"19960",0.996280964752423,0.000136225970305781,0.000406974737467649,6.15734396579051e-05,0.00311426110014558,1
"19963",0.000528585517665089,0.0604974542788544,0.93821089740653,0.000145763548655819,0.00061729924829505,3
"19965",0.998729558693407,0.000521241461080662,5.29859786823196e-08,8.68716969807124e-05,0.000662275162552695,1
"19968",0.00205453511350557,2.92905060469661e-08,0.790434043867109,0.194307035302419,0.0132043564264612,3
"19971",0.00177851931211298,0.00507409335967788,0.993090814413975,2.2046634704637e-06,5.43682507638728e-05,3
"19973",0.000226136352949378,1.59208867942037e-06,0.0110802252454005,8.42033877224073e-05,0.988607842925248,5
"19975",5.62160158949955e-05,1.07525300809732e-07,0.978231503793341,5.2632473986671e-05,0.0216595401914761,3
"19977",0.000182395016710521,0.000158038760909174,0.997440901510831,0.000361413506810814,0.00185725120473886,3
"19979",0.999628097359165,0.000364404913500044,1.73292949925362e-06,1.73583725745604e-09,5.76306199813974e-06,1
"19981",0.017067808754929,2.55741845173573e-05,0.00118229384656439,0.00111554336417145,0.980608779849818,5
"19983",0.0242078604797149,0.000143930900172403,6.54748927315041e-05,0.000614929952876392,0.974967803774505,5
"19985",6.72535445708219e-06,6.61773865289165e-07,0.873277321529724,7.15139201530763e-05,0.126643777421801,3
"19987",0.0547655356866598,0.000138451456021721,0.0919058128469161,1.3106782324667e-05,0.853177093228078,5
"19989",0.995861257881533,0.0040565174153404,1.45211730346263e-08,3.87378779789703e-09,8.22063081660586e-05,1
"19993",0.335938779778191,0.00145639139869421,0.0331066235712867,3.24149910820457e-06,0.62949496375272,5
"19995",0.748739710399048,0.000446657474949714,0.00859227891816458,1.37437304031653e-05,0.242207609477435,1
"19997",7.5074894716286e-05,5.93677143525773e-06,0.0190801000893449,9.53471811100866e-05,0.980743541063393,5
"19999",1.51454173387047e-05,5.17729562417117e-07,0.114004978567423,0.00218514922465896,0.883794209061017,5
"20002",0.000324686884366729,2.81521236456129e-06,0.440188589465193,0.559000264389624,0.000483644048452154,4
"20004",0.872231012077133,7.61505885534538e-05,0.0130009044257733,0.000577237441664388,0.114114695466876,1
"20006",0.960409583563686,0.00535464562029489,0.00119446608247237,0.00345837513730228,0.0295829295962445,1
"20008",0.920684965978569,0.0237695316323201,0.000483607480285292,0.00045849693739513,0.0546033979714309,1
"20010",0.900183435815476,0.0451555457424292,9.35749924753488e-06,5.98801618383928e-08,0.0546516010626854,1
"20012",9.13039036635858e-05,7.12756385842215e-07,0.83980630696671,0.0122324145754439,0.147869261797797,3
"20015",0.999940425466224,8.04901469542067e-06,7.79010267548457e-08,1.39219126759951e-06,5.00554267861887e-05,1
"20017",5.10816909214883e-05,7.78586254737485e-07,0.0517140709290879,0.00474116846993494,0.943492900323801,5
"20019",0.996796030537408,0.00320234528416782,1.2694869289068e-08,6.33962869384492e-10,1.61084959163648e-06,1
"20022",0.989289934150114,0.00186162858532348,3.53479062814923e-06,5.25788559285839e-08,0.00884484989507815,1
"20024",0.499714509305058,0.500243002838343,1.29917360339782e-07,3.20569226159507e-07,4.20373700128862e-05,2
"20026",0.499714509305058,0.500243002838343,1.29917360339782e-07,3.20569226159507e-07,4.20373700128862e-05,2
"20028",1.90237132796129e-05,2.31136920129432e-06,0.282274525095475,0.000348204688683796,0.71735593513336,5
"20030",0.999633924210045,1.06543148720694e-05,0.000166968670367249,9.76408827219533e-06,0.000178688716443105,1
"20033",0.00176111034785652,1.01446384657018e-05,0.366827608831246,6.94522171332273e-05,0.631331683965298,5
"20035",0.995195440431432,0.00480015646092483,1.5606153566276e-08,1.49701687035872e-09,4.386004472275e-06,1
"20037",0.999440712522561,0.000552989308336546,6.09114887418439e-10,3.88535749506764e-08,6.25870641291828e-06,1
"20039",0.000374429406009757,0.999624774170578,2.12581581113158e-10,4.62017358143208e-10,7.95748813534515e-07,2
"20041",0.235972824518923,0.0558947774795709,0.0011350350856404,0.000156731017354334,0.706840631898511,5
"20044",0.340575690672316,0.0839348677936369,0.0118342918004273,0.000175386440642037,0.563479763292977,5
"20047",0.992572177042579,0.007427133606959,1.45402657396713e-07,4.87887151025265e-10,5.43459917396999e-07,1
"20050",0.135106861133402,0.843105062344414,5.73159078796096e-05,5.57393585271046e-09,0.0217307550403689,2
"20052",0.0179956732622639,0.00147412994249129,0.0432494009764638,1.06008690359221e-06,0.937279735731877,5
"20054",0.999329228753676,3.21537515873349e-06,9.45491727953561e-06,2.52833858806884e-05,0.000632817568005054,1
"20056",0.00018480232542513,4.35964078277319e-06,0.998346823034215,1.14968484601706e-06,0.0014628653147312,3
"20058",0.998628954933119,0.00129836430322997,3.53584535126069e-09,3.88206552633343e-08,7.2638407150617e-05,1
"20060",0.00106702335986206,3.12360336774741e-05,0.000794594678132729,2.94440371842296e-05,0.998077701891144,5
"20062",0.00781066157231596,4.91377816903971e-05,0.000244119819836827,3.6063254279635e-05,0.991860017571877,5
"20064",0.967713546103988,0.000132722463380275,0.000474296390804278,3.90230741269855e-07,0.0316790448110859,1
"20066",0.999937582273096,2.8311581199838e-05,1.69326626811259e-05,1.48559874435912e-06,1.56878842786285e-05,1
"20068",0.000101324162808339,4.54388466219806e-06,0.000147010751353079,0.00130445664364816,0.998442664557528,5
"20070",0.000155335614378973,0.000391048745332093,7.88383473596707e-05,8.18628418787249e-05,0.999292914451051,5
"20072",0.994306132147395,5.86554046153225e-05,6.47257686214976e-08,0.00448381540176708,0.00115133232045378,1
"20074",2.35753367376237e-07,1.81379375502139e-08,0.999122910422866,0.000812722228942571,6.41134568868646e-05,3
"20076",0.012831692926554,4.3033669252046e-07,0.670806062688355,0.271095367348487,0.045266446699911,3
"20078",0.945334278105893,0.00323235505770449,0.000257395339527888,1.79748930497599e-06,0.0511741740075696,1
"20080",0.998642982643534,0.00134762997096588,4.85897666251533e-08,2.27190755571705e-10,9.33856854278722e-06,1
"20082",0.00731567978948188,0.992656464127684,1.71556398026578e-07,1.12752138000691e-10,2.7684413684549e-05,2
"20084",0.930277162938522,0.0139735572742426,0.0403831718056979,6.4264592327487e-07,0.0153654653356143,1
"20087",0.952800525763415,0.000981246933707636,1.62805328214644e-06,5.2894284064497e-05,0.0461637049655311,1
"20090",0.967539523250606,0.0323410346903901,2.76748281166277e-07,6.17946632473551e-10,0.000119164692775962,1
"20092",0.0276309035644944,0.810290582394395,3.71151013889859e-07,0.00095952902170034,0.161118613868396,2
"20096",0.0101583428130736,0.379299387091253,0.0101958987813526,1.46222080592086e-05,0.600331749106262,5
"20098",0.000493530275844192,2.18599777713196e-05,0.34957948659027,1.08876095572737e-05,0.649894235546558,5
"20101",0.997844877913213,0.00177688450560695,0.000174312878962692,6.0080355249384e-09,0.000203918694181852,1
"20104",0.000229810987374933,0.0604300925134687,0.00273879172200688,0.366604262750802,0.569997042026347,5
"20106",0.998442134548575,0.000115664341437992,8.23499343562287e-05,1.75211305364708e-08,0.00135983365450058,1
"20108",0.00085687061465425,3.70472862025189e-06,0.0493923197866038,0.000372491455562645,0.949374613414559,5
"20110",0.00834261642042975,0.279702815198629,0.148118019414328,7.6636620501416e-07,0.563835782600409,5
"20112",0.948259898399541,0.0221277938995103,5.07222130759279e-05,8.04133129473361e-08,0.0295615050745604,1
"20114",0.807677320859972,0.00202021128267812,0.130039588466838,4.42803524587658e-06,0.0602584513552662,1
"20116",0.966514101577082,1.3995279128004e-05,0.0267711399617762,6.37829024027248e-05,0.0066369802796114,1
"20118",0.0787202506270109,0.000432102879576478,0.138967244270819,5.78936471107428e-06,0.781874612857883,5
"20120",0.957647385845403,0.0313498799725933,0.00122971483564077,4.58152285058758e-09,0.00977301476484048,1
"20122",8.51935930267059e-06,6.20821605339017e-08,0.998883392193898,2.28939831797256e-05,0.00108513238145907,3
"20124",0.997226037328232,0.00272441348347456,5.94862171457105e-09,2.44303733843192e-07,4.92989359383946e-05,1
"20126",0.00938950382772967,0.990601396926414,3.15933273261464e-07,2.42512383828203e-07,8.54080019903252e-06,2
"20128",0.224876728264968,0.775123007791685,2.99339406251628e-09,4.56320049883272e-09,2.56386752253896e-07,2
"20141",0.000171311167907046,0.0279339443804914,0.153325454111774,0.000190925258070855,0.818378365081756,5
"20143",2.10260577490016e-07,1.99204097765929e-08,0.999954773635914,1.76750249674144e-05,2.73211581311099e-05,3
"20145",0.980802434623504,0.00543283325977673,1.43217640644758e-05,4.25168559268397e-09,0.0137504061009687,1
"20147",0.997298070096484,0.000184689735701101,1.0597650053875e-05,3.85144100930588e-08,0.00250660400335058,1
"20149",1.18027572181129e-06,1.29170453302425e-07,0.998992501994611,1.39669656732992e-05,0.000992221593540378,3
"20151",0.000642492329981795,1.10974649589953e-05,0.148778309799526,1.00474801383016e-05,0.850558052925395,5
"20153",0.00187189294054115,0.011234920415383,0.677270227247088,1.38282705613005e-07,0.309622821114282,3
"20155",0.999211321838998,0.000289815114814009,6.8133968161321e-07,9.88734855943202e-08,0.000498082833021197,1
"20157",0.000207563592610246,1.98401557973043e-05,0.719177929180352,6.6600029405705e-06,0.2805880070683,3
"20160",4.23507584186176e-07,4.47702117346033e-08,0.999954738357835,2.88206095542931e-06,4.19113034139519e-05,3
"20162",4.35518932313373e-07,4.05988101040778e-08,0.997776850097169,1.3766791018947e-05,0.00220890699406921,3
"20164",0.000159968234376268,4.118171146877e-05,0.949574904468958,6.46822976351149e-06,0.0502174773554329,3
"20166",0.998481641786673,1.21500314711308e-05,0.00111742205505708,0.000242759228888166,0.000146026897910435,1
"20168",0.00376604362994015,8.33882674937412e-07,0.000890386706816071,0.995295274825442,4.74609551271421e-05,4
"20170",0.000352668476471807,6.92385519465183e-05,0.452222996146202,4.16914651864627e-06,0.547350927678861,5
"20172",0.993269881905547,0.00145725071199696,1.19650257459725e-07,5.98335924223537e-08,0.00527268789860669,1
"20174",1.54515851972704e-05,1.29139397432595e-07,0.39136461278164,0.202869686311323,0.405750120182442,5
"20176",0.000257473883237759,6.61601087880274e-08,1.05673569707747e-05,0.999570648932683,0.000161243666999519,4
"20178",5.0437106033362e-07,9.46646088393645e-08,0.99997150322439,1.51910884647416e-06,2.63786310939688e-05,3
"20181",0.994949072625243,1.5505737027381e-05,0.00484957917645553,2.18473651749383e-06,0.000183657724756398,1
"20183",0.00390107281207505,0.000929541661730927,2.59898082115064e-05,5.71198800943565e-06,0.995137683729973,5
"20186",0.0192808475822748,0.00357575366189727,6.37747470225696e-07,0.00282413862086089,0.974318622387497,5
"20188",4.40587119187656e-07,9.30460313055231e-08,0.99976080285588,1.83666259858605e-06,0.000236826848370529,3
"20190",0.99989507276196,3.08104627697754e-05,6.42900271421347e-07,5.31299550302493e-08,7.3420745043606e-05,1
"20193",0.00368884778240993,4.41775219445794e-06,0.948597008549938,0.0471435243587044,0.00056620155675323,3
"20195",0.00208408534341617,4.21277419591363e-05,0.820848083828346,6.35404930904454e-06,0.177019349036969,3
"20197",0.995666318812682,0.000608533217215442,1.86021474345309e-07,1.43642857171989e-07,0.0037248183057704,1
"20199",7.84615409295877e-06,8.92653044243381e-06,0.951007354179164,2.66996928868304e-06,0.0489732031670121,3
"20205",0.000293157363486246,0.999648699106522,1.19552755564191e-08,4.26426523656793e-10,5.81311482900005e-05,2
"20208",0.00280542106107833,1.96006233558501e-05,0.0268468161498019,6.54612630885126e-05,0.970262700902676,5
"20210",1.54187991467269e-06,1.7798706309778e-07,0.992742113508489,5.90173122162449e-06,0.00725026489331117,3
"20212",0.000190881140325631,7.9067185085621e-06,0.902457689112145,1.05164306038462e-05,0.0973330065984175,3
"20216",0.996894495398353,8.88805813630768e-05,0.000105518401694249,4.87633533089924e-07,0.00291061798505653,1
"20219",0.377059857431417,0.609131235889892,0.000108507305528506,1.09825730178967e-08,0.0137003883905895,2
"20223",0.997587461535292,0.000432012862076984,2.13309060317196e-09,0.00195649458064537,2.4028888895186e-05,1
"20226",0.0569546702329443,0.00688431917589762,0.00237969549231739,3.33432670319152e-06,0.933777980772138,5
"20230",0.999836449228909,0.00013280989293481,8.64272621843825e-08,4.19666362683663e-08,3.06124842574146e-05,1
"20233",5.55286975339374e-06,0.995758525844834,4.9402397908023e-05,1.55471203121148e-06,0.00418496417547339,2
"20235",0.958227584766518,0.0408422235821348,1.26155982371042e-08,0.000188603653227095,0.000741575382521932,1
"20239",0.974063935522235,0.00102475124088804,2.75095317664477e-06,0.00315009648645358,0.0217584657972472,1
"20254",0.0073657908813919,0.992628305282588,1.15893470105682e-08,1.77557088130651e-11,5.89222891762085e-06,2
"20256",0.999507213160041,0.000351644874741174,1.25658189048715e-08,5.38021900972918e-07,0.000140591377498234,1
"20262",0.000135940437469742,5.57394777491777e-06,0.78595373608099,4.36097911559549e-06,0.21390038855465,3
"20270",0.969638329836179,3.91790679261294e-05,0.00625147545265125,0.00314786499723054,0.0209231506460131,1
"20284",0.0115636890357095,0.30445833757488,5.15062640194203e-05,6.5166333766863e-07,0.683925815462054,5
"20287",0.999781953283096,0.000215104223145248,1.89280294059499e-09,1.82254114448964e-07,2.75834684105847e-06,1
"20290",0.00283115706836571,0.992549893360293,4.24490426211632e-05,9.92519362563057e-10,0.00457649953620033,2
"20293",0.932740524377454,0.00254692924818125,2.70970117196162e-05,1.60195155777572e-06,0.0646838474110872,1
"20296",0.00941547424429126,2.89591870441508e-07,0.749936111761009,0.017772937241259,0.222875187161571,3
"20301",0.99920759945106,0.00077959350199101,1.08843854594787e-05,8.03951639453177e-08,1.84226632626172e-06,1
"20304",0.00921371921171659,0.990722693316883,3.17180718344609e-07,3.65447672702959e-10,6.32699252348292e-05,2
"20306",0.997352296186593,0.00259045543918364,3.67877684741329e-09,4.98730783852881e-08,5.71948223676008e-05,1
"20309",0.543339909879984,0.00616912169324558,0.000287722139740167,2.56661012175097e-06,0.450200679676909,1
"20311",0.991112237009542,0.00119603566133487,0.000568998004178339,2.46023641871785e-06,0.00712026908852586,1
"20314",0.00370526584116399,0.00010020068405158,0.0474207082369743,1.32834656055307e-06,0.94877249689125,5
"20318",2.60293074201426e-05,2.1868614003173e-07,0.99985911923975,1.84788609913471e-05,9.61539056979354e-05,3
"20320",0.00245936096505939,0.00580922051905108,0.00360019672667569,3.55833349658433e-05,0.988095638454248,5
"20326",0.00511036866026297,0.000227973596950038,0.109569681487316,3.23590346763341e-06,0.885088740352003,5
"20328",0.00129162334951148,0.00223822419438434,2.58729538848483e-05,8.80265832284342e-06,0.996435476843897,5
"20330",0.955093535801836,0.0370185659656183,4.9367912091829e-06,5.92168931543923e-06,0.00787703975202125,1
"20336",0.0192710504342437,0.924888559315976,2.60764540538109e-06,2.72127712931472e-08,0.0558377553916033,2
"20338",0.0240017703856659,0.972939473448167,0.000160079043619703,1.07002107910827e-08,0.00289866642233619,2
"20340",0.999371848796687,0.000615598671470634,4.6040100225998e-08,9.65526390581327e-08,1.24099391029853e-05,1
"20342",0.000714727398319466,0.99866078201357,0.000210497468790221,5.97669055445032e-05,0.000354226213776111,2
"20344",0.996288318014987,0.000772347341211601,9.36412677790858e-07,5.06124755456427e-07,0.00293789210636834,1
"20349",0.999710404216751,0.000206493397862038,1.0164841454897e-08,2.58078559197934e-07,8.28341419858516e-05,1
"20351",0.909928011845409,0.0165325001927045,0.000887334748079112,1.6572919049738e-06,0.0726504959219021,1
"20353",0.896755543816293,0.100674486479139,1.69842746685816e-07,6.23684506568573e-08,0.00256973749337073,1
"20357",0.00151197123955231,0.998452753517903,8.18510017852872e-10,4.07034488230988e-10,3.52740170005874e-05,2
"20360",0.0217915274350819,0.97612372436996,2.1175545694655e-06,0.000797779242997238,0.00128485139739139,2
"20364",0.912374277143845,0.00514601100268932,2.45546010237829e-05,7.61175743083219e-08,0.0824550811348674,1
"20366",0.00190074240699131,0.984744127155184,2.68270811077513e-05,2.1407759416198e-08,0.0133282819489577,2
"20381",2.8237173409867e-06,4.18085616873072e-07,0.0230636110236081,0.97306622226501,0.00386692490842426,4
"20391",0.418005620267606,0.0423385027077296,1.90165089708848e-07,0.349592524498327,0.190063162361248,1
"20394",0.000220801914841049,5.35046948845562e-06,0.00153857245073221,0.00239832767297119,0.995836947491967,5
"20396",2.30518270138882e-06,6.27921369174076e-08,0.0235143677564191,0.791957703191941,0.184525561076802,4
"20409",0.567670327582225,0.00115236895487775,0.255987916826532,1.16631392609474e-05,0.175177723497105,1
"20411",0.882103749038243,0.116861930682081,6.58147737591319e-09,1.84261646375447e-08,0.00103429527203332,1
"20416",0.0472595453408072,0.952740120379335,8.15515509456428e-11,4.80426793847524e-10,3.33717879402728e-07,2
"20418",1.87923125086165e-06,3.07937905232013e-08,0.102211909887968,0.798543852801713,0.0992423272852783,4
"20420",5.52078979702119e-05,0.962867647549098,0.000431018938769934,1.70113818672678e-06,0.0366444244759745,2
"20422",0.998172393145682,0.000609284850514938,5.80287322122563e-05,8.74835462724485e-08,0.00116020578804515,1
"20424",0.946779198910341,0.0524082581268331,1.78128026299484e-08,8.81104331547823e-09,0.000812516338979645,1
"20426",1.08518513150263e-05,0.99982199648169,0.000142805111145555,1.44045619667557e-09,2.43451153933431e-05,2
"20428",0.90375851922634,4.04382953364201e-05,2.25986061183844e-05,0.00257233242353489,0.09360611144867,1
"20431",0.0379689321700223,0.00910441064068382,0.116811286652903,3.27336854177778e-06,0.836112097167849,5
"20433",0.999746869589417,2.98764808238898e-05,2.14748176722668e-08,0.000213370927479386,9.86152746193391e-06,1
"20436",0.0105234063118354,5.01546009903765e-07,1.42034903061398e-05,0.989346880456585,0.000115008195263545,4
"20439",8.75754457505202e-06,9.90072660194877e-08,0.350046605859884,0.305715226586806,0.344229311001469,3
"20441",0.00130694682894546,0.998442795829476,2.96904654435394e-07,9.59467801658855e-10,0.000249959477456478,2
"20444",2.43537754772853e-07,2.74651433491741e-08,0.999865180594775,5.06096914618921e-06,0.000129487433180483,3
"20448",0.0164516180497447,0.00193044289413382,0.350168101189602,0.000381643796662039,0.631068194069858,5
"20536",0.000316924686427948,1.46287344270116e-06,3.15133298292235e-05,0.677062358055713,0.322587741054587,4
"20538",0.29228335891855,0.604024747171604,7.1484496980976e-06,1.56247489706727e-05,0.103669120711176,2
"20541",0.933520184183887,0.0664511797879666,1.16064165707461e-08,2.5040136871463e-10,2.86241713285977e-05,1
"20544",0.223247944140852,0.00111470936296108,0.00803885244718276,5.35736645490959e-06,0.767593136682549,5
"20546",0.989283409591483,0.00787877881907054,3.04509016524749e-08,1.81669932547119e-08,0.00283776297155109,1
"20550",0.384110181421893,0.0353270326112251,0.00471909679793095,7.1728781197488e-05,0.575771960387754,5
"20553",0.0345328023029517,0.965466815142763,3.29267747852626e-07,2.87917280661033e-09,5.0407364698029e-08,2
"20555",1.63691074128333e-05,0.996074438892968,2.76790841535683e-07,7.45476745745503e-07,0.00390816973203212,2
"20557",0.175136101577553,0.255326179313615,0.00371497595005562,4.90273385638629e-07,0.565822252885391,5
"20559",0.999310604410154,9.08348491901569e-05,3.32995288531421e-06,9.27441865741578e-09,0.000595221513351995,1
"20561",0.00146493491812924,7.16716691094132e-05,0.427823517044384,9.10808322999671e-06,0.570630768285148,5
"20564",5.0437106033362e-07,9.46646088393645e-08,0.99997150322439,1.51910884647416e-06,2.63786310939688e-05,3
"20566",0.868952761443963,1.90385153811717e-05,0.000154027118885166,7.15861249387437e-05,0.130802586796832,1
"20569",3.91906885226373e-05,7.21583120076068e-07,0.29246369567173,0.000931961138598894,0.706564430918029,5
"20572",1.08820269644454e-05,5.38906195016196e-08,0.968334640183043,0.000732927131719809,0.0309214967676533,3
"20574",0.996820792636673,0.0027118019882349,5.34722329299401e-06,1.70257213203132e-09,0.000462056449227127,1
"20576",2.93939170429459e-06,2.28348099781164e-07,0.999830564392109,1.00170402289928e-06,0.000165266164063649,3
"20578",0.768821504758446,0.000984466245519392,0.00733255134896326,2.17087465513049e-06,0.222859306772416,1
"20580",0.80154568618353,8.85084821969914e-05,0.000145193733136909,2.56692997978363e-05,0.198194942301338,1
"20583",2.22195994922375e-06,1.85663185307102e-07,0.999905681760386,1.024503879641e-06,9.08861126000472e-05,3
"20586",0.871508443962665,0.00206898656488635,8.52008764944601e-06,1.68031033982138e-06,0.126412369074459,1
"20589",0.999662965001368,0.000245905274881058,2.11379231041697e-09,2.10003254394442e-07,9.0917606704653e-05,1
"20591",0.00485762364767566,0.168341197146566,1.87419867946393e-05,5.1413437346746e-05,0.826731023781617,5
"20593",0.999894992338627,0.000104281297602659,2.20474605212231e-08,2.02074908079599e-08,6.84108819301309e-07,1
"20595",0.994249033782074,0.000386631784249448,8.95987772055414e-05,9.75552072531897e-08,0.00527463810126388,1
"20597",2.82588203883935e-07,4.58282351373655e-09,1.30259984031319e-05,0.998762961398683,0.00122372543188651,4
"20599",6.05200828463304e-07,4.62753624733678e-08,0.999961670946659,2.40008445053504e-06,3.52774927000731e-05,3
"20601",0.000392244853189199,5.71857244793438e-05,0.000460140859596708,6.43004519635396e-06,0.999083998517538,5
"20604",0.999882002053542,9.47293174667815e-05,1.64358727040692e-06,5.64154762798054e-09,2.1619400173105e-05,1
"20606",0.999861308686121,0.000111654400292468,4.20406714886484e-08,8.09963765268353e-09,2.6986773276966e-05,1
"20608",0.998855470833509,1.97109745466993e-05,4.48181001854876e-07,2.36796032617833e-06,0.00112200205061626,1
"20610",1.66713372412921e-05,1.29585573879965e-06,0.998778929012255,1.59640482758296e-06,0.0012015073899377,3
"20612",0.245291668712376,0.124078809642621,0.0014573619785652,0.626281267667526,0.00289089199891182,4
"20614",2.1497730722939e-06,7.34998937330559e-07,0.994413622859451,1.37530029369038e-06,0.00558211706824531,3
"20616",0.00760276540270754,0.000154530700025666,0.00135887895091296,6.89825091095436e-05,0.990814842437244,5
"20618",0.000368760349286457,0.997398730835985,2.95057643120327e-05,4.97334718494506e-09,0.00220299807706879,2
"20620",0.998885796790328,5.89751356020628e-05,4.91540469477289e-05,5.87135718138491e-05,0.000947360455307897,1
"20622",8.23094983344274e-06,2.97421177402808e-07,0.999584613195082,5.63536231090351e-07,0.000406294897675686,3
"20624",0.971853117216812,0.027178201980975,1.12072741305825e-07,6.10637495180094e-08,0.000968507665722341,1
"20626",0.770073157016068,3.18423439844038e-06,0.00153079123961056,0.204989724095798,0.0234031434141258,1
"20628",0.326348663574337,0.000475081864698814,0.000905441401354263,0.223385992888529,0.448884820271081,5
"20630",0.852351362546556,0.000521144323503543,0.0173454585912988,7.00870181162607e-06,0.12977502583683,1
"20632",2.59107053915554e-07,1.10906871559915e-08,0.993948599144254,0.00112379390553361,0.00492733675247134,3
"20634",0.999876945937184,7.72512523157592e-05,3.1672252371868e-08,1.69809331831644e-08,4.57541573147077e-05,1
"20637",0.0108415496143045,0.989081084108019,1.25804000505528e-05,2.60228784489027e-11,6.47858516025956e-05,2
"20639",2.35836068394933e-05,5.67538939170534e-06,0.766002414499264,6.68487876105933e-06,0.233961641625744,3
"20644",0.37221792624839,0.627770758042451,3.22029846325179e-08,1.0992877176171e-05,2.90628997680161e-07,2
"20646",0.972152535292898,0.0253321781339012,1.22018206199498e-05,0.00214272160121031,0.000360363151370007,1
"20648",0.000211737550497374,5.38066218284897e-05,0.0184533536124652,2.24336104272087e-06,0.981278858854166,5
"20650",0.72380966640418,0.275867880687829,7.77665876310215e-08,4.5437941666832e-08,0.00032232970346227,1
"20653",0.000492016218244248,0.000625382484960445,0.00420319425172305,0.000124710458739839,0.994554696586332,5
"20658",0.999565863663111,9.09632301353163e-06,3.88792641437764e-08,0.000214459075378892,0.000210542059232104,1
"20661",0.0585979898767966,0.92959312392544,3.24139319134337e-06,0.000182392664258329,0.0116232521403138,2
"20663",0.507469276539169,0.00194461653002423,1.21683285267238e-05,4.69219400129622e-06,0.490569246408278,1
"20665",4.14348376578914e-06,1.42853896835284e-08,0.999885368608249,7.04701980549295e-05,4.00034245402797e-05,3
"20667",0.0284965126973194,0.000824957562698255,0.00034601046756443,0.0243935062351507,0.945939013037267,5
"20669",1.66103391398666e-06,1.35171879242658e-07,0.000433729308225459,0.968573539508196,0.0309909349777857,4
"20671",0.183392718831505,0.812861574202343,0.00012855808371156,6.11076948877571e-10,0.00361714827136315,2
"20673",1.61070289721487e-07,2.15239400348928e-09,6.14784886539682e-05,0.998879757434011,0.00105860085465086,4
"20675",0.00969457561438118,1.17215130775113e-05,4.40581246815333e-05,0.222615078337,0.76763456641086,5
"20677",0.483571180514123,0.000324751571971298,9.00919169573394e-06,0.000667062386981926,0.515427996335228,5
"20679",4.95298941791575e-07,6.13631211354787e-08,0.00152936579295701,0.963421779476918,0.035048298068062,4
"20681",0.000119968565888045,6.0337691489982e-06,4.40488400188444e-05,0.0613091838548152,0.938520764970129,5
"20683",0.364654991934165,0.000113513684210094,2.16386507843001e-05,0.00426291055269827,0.630946945178143,5
"20685",1.94924510758253e-05,0.977086569159877,9.68694150426061e-05,2.7213751059085e-06,0.0227943475988984,2
"20687",7.27494512940083e-06,1.7472748861552e-06,0.947738138270049,3.42779270511141e-06,0.0522494117172301,3
"20689",0.21234009959065,0.787624955508318,2.82585084582438e-08,2.94459321635191e-05,5.47071036033594e-06,2
"20691",5.32607727106787e-07,9.76165547512393e-08,0.999798033075673,9.69989247903099e-07,0.000200366710797477,3
"20693",0.998495611033864,0.00147159979482722,4.34217836218694e-09,8.86357900102015e-08,3.2696193340238e-05,1
"20695",0.000216754253222974,1.60055898993807e-05,0.00491381414881314,2.75706968984417e-05,0.994825855311166,5
"20697",0.999313164195389,0.000429912717786153,5.28025966991652e-05,1.81966144690272e-09,0.000204118670464663,1
"20699",0.334168045799419,1.02022691593233e-05,0.000208686192379159,0.0165705828694071,0.649042482869636,5
"20701",0.905009851805821,0.000247606122359374,5.9549233463032e-07,0.000752842358180664,0.0939891042213048,1
"20703",1.82083192693523e-05,0.000970448826934032,0.00018684260743749,0.969610474606305,0.029214025640054,4
"20705",0.991802010859455,0.00500270870865642,2.04549047943073e-07,1.18195216839645e-07,0.00319495768762338,1
"20707",0.00364239175123037,0.000251114313847544,1.90690893886636e-05,5.82935692019068e-06,0.996081595488613,5
"20709",0.0304002877441022,8.25791557496644e-06,0.908340684501711,0.000402512642547013,0.0608482571960647,3
"20713",8.53397081889047e-05,0.00931616734203608,0.0276115112532039,0.000209853709596933,0.962777127986974,5
"20715",0.842165892675074,0.133300212491333,0.0245141179557295,6.98449744434031e-07,1.90784281187845e-05,1
"20717",0.000108671878951692,1.98506237694314e-05,0.000164443200202156,5.3665446881315e-05,0.999653368850196,5
"20720",0.985844606887023,0.00036438845555437,1.89393640853972e-05,1.06755178280066e-05,0.0137613897755097,1
"20722",0.978145117106664,7.86818373306662e-05,2.20684801856386e-06,1.00801462708248e-06,0.0217729861933595,1
"20724",3.75792367804365e-05,4.81311054945156e-06,0.194562332718337,3.20411671207178e-05,0.805363233767212,5
"20726",0.998735230953014,0.00122360147293332,2.58545232813442e-09,1.49522084145984e-07,4.10154665162485e-05,1
"20728",3.24305893984758e-05,2.74356772724639e-06,0.000212459510416823,0.0092196121203541,0.990532754212103,5
"20730",0.00077837766130801,4.58452934297424e-05,0.383676507683821,7.06771737948546e-06,0.615492201644062,5
"20732",0.484409550053658,0.113279821635646,0.000117022028816505,0.0370511476017347,0.365142458680145,1
"20734",0.267642432467438,0.00123623992797079,3.46390629865717e-05,5.78612442914569e-06,0.731080902417176,5
"20736",2.51340473669732e-05,5.2876396623631e-07,0.889070599883438,3.49925360326102e-05,0.110868744769197,3
"20738",0.568495318575509,0.0803727396758267,0.333802332577318,0.00452179808599909,0.0128078110853478,1
"20740",0.598385104435265,0.331540714446484,3.09063040210882e-08,0.000347233667838745,0.0697269165441077,1
"20742",8.17668646235368e-05,0.000889833428395764,0.000188038739096326,2.30037254358826e-05,0.998817357242448,5
"20744",2.13498666389006e-06,1.16219219203208e-08,0.970750453639036,0.0117921342467854,0.0174552655055926,3
"20746",0.0577132183508634,7.75799491900427e-05,6.26219229226055e-05,9.28752441594711e-05,0.942053704532865,5
"20748",3.64646376725044e-05,1.80878874992636e-05,0.272526457997566,1.52205769288346e-05,0.727403768900333,5
"20750",0.000436077937654706,1.0084451985215e-06,0.667788042800887,0.000236860430122749,0.331538010386137,3
"20752",0.961471488913087,0.000896153238645418,4.6406094899602e-07,1.39984166427469e-06,0.0376304939456547,1
"20754",3.31506046404392e-07,1.7307070361019e-09,1.20496447209894e-05,0.999552970903559,0.000434646214966218,4
"20756",0.0796701751776553,0.000199063136944557,0.255530159515951,2.3492757339625e-05,0.66457710941211,5
"20758",0.0101735065284748,4.88263713154105e-07,0.00665884481866861,0.980040725443789,0.00312643494535416,4
"20760",1.40794249412616e-05,3.24134187686611e-07,0.187740067986451,0.00344311746315145,0.808802410991269,5
"20762",7.07921509184773e-07,1.49914755414877e-08,3.58818027078935e-06,0.998163451236475,0.00183223767026923,4
"20764",4.87157488181885e-06,2.09812656760744e-06,0.7425609393603,0.00112064500489064,0.256311445933359,3
"20766",1.91988816622372e-05,2.85513966612346e-06,0.0804613790413025,8.33707536265361e-05,0.919433196183743,5
"20768",0.000479333123291355,1.69665653631627e-05,0.81079530545593,4.27222507934802e-06,0.188704122630336,3
"20770",0.00763751484433646,1.76776779818651e-06,5.12986721204605e-05,0.895666049532951,0.0966433691827937,4
"20772",0.999946568036088,1.30258770694432e-05,4.54836230238385e-07,6.51853757369878e-08,3.98860652368516e-05,1
"20774",0.998843259621539,0.00114040794320253,2.36553972221328e-09,1.50535364671495e-05,1.27653325195871e-06,1
"20776",0.000614511645962074,0.000674476914228039,1.8969575277928e-05,9.8887993358603e-06,0.998682153065196,5
"20778",0.230234976647293,0.769764673565091,6.10342649809246e-08,2.29649576913190e-09,2.8645685558833e-07,2
"20780",2.26031975335035e-07,6.81442813524526e-10,1.59956066572022e-05,0.999958601254947,2.51764249773629e-05,4
"20782",1.28277144927064e-07,3.51613559964684e-09,0.000110118900164108,0.999216694803939,0.000673054502615911,4
"20784",1.9429856695173e-06,2.29980516592578e-08,2.75523067004391e-06,0.997356301030446,0.00263897775516241,4
"20786",1.75158796708419e-06,5.83064695348586e-09,0.974414833172039,0.0253324362506063,0.000250973158740802,3
"20788",0.0070382694952657,0.000651544532386165,5.09733775004949e-05,1.33512036212402e-06,0.992257877474485,5
"20790",3.97829259751493e-05,1.44502617219705e-07,0.0889140052440179,0.285491179549221,0.625554887778169,5
"20792",0.0189715292155794,0.00136032912314334,0.397512859542986,3.50741293003986e-06,0.582151774705361,5
"20794",1.55212846951598e-05,6.53293084295629e-08,0.502849426378836,0.169740314066163,0.327394672940997,3
"20796",0.996156125100783,0.00320248650075562,2.60159776597914e-08,1.38952170764867e-08,0.000641348487266198,1
"20798",5.0437106033362e-07,9.46646088393645e-08,0.99997150322439,1.51910884647416e-06,2.63786310939688e-05,3
"20801",1.29778017789662e-05,8.33823818272083e-07,0.999128980770546,7.13561401246781e-06,0.000850071989844544,3
"20803",0.0187567186522289,0.00221789738820792,1.02803950447076e-05,1.4030797703917e-05,0.979001072766814,5
"20805",0.231772277439978,0.000707418861950182,4.8184803124553e-05,1.10746020209415e-05,0.767461044292926,5
"20807",5.0437106033362e-07,9.46646088393645e-08,0.99997150322439,1.51910884647416e-06,2.63786310939688e-05,3
"20809",0.000955864585663406,0.000635678700271669,0.000885325600305234,0.000861532540973679,0.996661598572786,5
"20811",0.00689417985935095,0.00166023661147092,0.965904399674787,6.34332323261315e-06,0.0255348405311588,3
"20813",0.384389381335677,0.00265888254602263,0.0595458709975819,0.000392008943346443,0.553013856177372,5
"20815",3.88718956930383e-07,6.91745733396528e-09,0.761719287232579,0.238040278915904,0.000240038215103073,3
"20817",6.2660004576108e-05,2.71393105025505e-05,0.0249057728395147,6.00715442224377e-06,0.974998420690984,5
"20819",0.241418862708258,0.00478794998498659,1.39287063182395e-06,1.26831267219303e-05,0.753779111309402,5
"20821",0.415168046075389,0.000292307450065007,0.00326102540424257,0.58081432540822,0.000464295662082989,4
"20823",0.0918420086548123,0.00265379063184384,0.00835487749989515,6.05816239654636e-06,0.897143265051052,5
"20825",1.34011584118571e-05,1.04449273793403e-06,0.0622745265145541,0.000446889621956191,0.93726413821234,5
"20827",0.000142942157715451,0.000122791855720863,0.82242143109711,1.08527861701567e-05,0.177301982103284,3
"20829",0.997069998662228,0.00143703063944776,1.18267078727788e-05,1.51754346005486e-05,0.00146596855585061,1
