"","V1","V2","V3","V4","best$classification"
"19812",0.959662440695688,0.0106052429277417,9.77745799080433e-12,0.0297323163667926,1
"19814",0.0799669531910225,0.00180275463932205,0.0231774974156416,0.895052794754014,4
"19816",0.988202425799187,0.0117975737359548,2.3884349778972e-12,4.62469432729205e-10,1
"19818",0.96715591942555,0.00739255693706734,0.00186114300333855,0.0235903806340445,1
"19820",0.976333934284609,0.0236660657153908,4.29903598117761e-32,1.21649094325104e-44,1
"19822",0.141472321540781,0.858527678459219,1.59791167353487e-27,1.27257445355543e-49,2
"19824",0.541678309687384,0.458321689434493,8.78122975797952e-10,9.81307969006999e-22,1
"19826",0.715275330204893,0.0720351879459755,5.73228920197751e-08,0.21268942452624,1
"19828",0.99278965861086,0.00721034138914,1.45949361406512e-16,3.40342366940411e-21,1
"19830",0.443365173681714,0.455802392507119,1.20216690844377e-07,0.100832313594475,2
"19832",0.29287697400959,0.707123025513786,1.39905672575869e-25,4.76624504442492e-10,2
"19834",0.974993435620014,0.0250065643795954,2.26111182121455e-13,1.64866367759443e-13,1
"19836",0.970773992159332,0.0292255472493664,5.07565759440033e-18,4.60591302038101e-07,1
"19838",0.00474628949017926,0.00107972808804684,3.66224440681717e-06,0.994170320177367,4
"19840",0.939720070776971,0.0602799280735477,2.57160520742021e-17,1.14948104922136e-09,1
"19842",1.05314587829905e-05,0.218465419205537,5.30904542032727e-08,0.781523996245226,4
"19844",5.09529062116227e-10,0.0261278743266008,0.97387212516387,1.17816678813674e-17,3
"19846",0.000261388769580434,0.00170868571832818,0.101257749104039,0.896772176408053,4
"19848",0.000503645903533114,0.0010001161189147,0.988361384808459,0.0101348531690935,3
"19850",0.0052873743442959,0.0123533957758471,0.00223655441219718,0.98012267546766,4
"19852",0.99232675560457,0.00761449259918655,1.01799886449803e-06,5.77337973789472e-05,1
"19854",0.000675354327273328,0.0013848988827954,0.995281225469895,0.00265852132003663,3
"19856",0.00100522358703923,0.898434164034147,0.100560610818432,1.56038104635685e-09,2
"19858",0.00305043480543844,0.994830287003655,0.0021192781909065,3.47822522569858e-17,2
"19860",0.984484847017557,0.0144940885779025,2.86493102191566e-10,0.00102106411804764,1
"19862",8.56582366574197e-05,0.00135586123058117,1.05882941001755e-07,0.99855837464982,4
"19864",1.60267826941311e-10,0.999999999839732,2.22415313427528e-19,5.41926444784463e-22,2
"19866",0.648058166977453,0.351941833022546,3.81344277822293e-18,5.4453779183861e-16,1
"19868",1.24128943377077e-12,0.999999999998759,3.76053841145793e-32,2.37750757766869e-35,2
"19870",0.0423476957369586,0.00613943099020967,0.000191103336149031,0.951321769936683,4
"19873",0.900150260953013,0.0617039126105583,1.19169990044901e-05,0.0381339094374244,1
"19875",0.981411864408488,0.0185881355913102,9.22807146427835e-21,2.02132590140334e-13,1
"19877",0.89829064413955,0.00850920889904613,9.88213233451916e-05,0.0931013256380584,1
"19879",0.994691852874422,0.00528411007276203,2.39364323667843e-05,1.00620449183179e-07,1
"19881",0.916120851495028,0.0826101300845203,7.20690208819008e-06,0.00126181151836294,1
"19883",0.089358064943523,0.0612034685749864,2.05839672470562e-06,0.849436408084766,4
"19899",0.930087397560102,0.0699125999150025,4.11978449407581e-17,2.52489560806465e-09,1
"19908",1.78210943564835e-07,0.999999821789056,4.38693658911516e-20,1.57264035323399e-25,2
"19910",0.993894736188739,0.00537761070794774,2.23192284959307e-05,0.000705333874817503,1
"19912",9.20633873734959e-05,0.0559488794016653,6.40243775544979e-06,0.943952654773206,4
"19914",0.982451041731961,0.0175486333476396,1.2815225319693e-07,1.96768146730634e-07,1
"19916",0.000319989951133884,0.999680010048866,1.3033216963546e-17,3.87597985802806e-29,2
"19918",0.0448431920367647,0.00512516840603075,0.196197055726032,0.753834583831173,4
"19920",0.000265361866766218,0.00162991414044854,0.993560245661014,0.0045444783317716,3
"19922",0.000402608056698848,0.999597391834578,2.00711823477575e-23,1.08723615746596e-10,2
"19924",0.949890032004006,0.00309309964323838,0.0356029364473044,0.0114139319054507,1
"19926",0.951415426709362,0.048584573272781,2.74084641107846e-21,1.78570799729699e-11,1
"19928",2.83645018963018e-16,1,6.64066658661378e-19,1.64301840494165e-18,2
"19930",0.0425427833390916,0.00082201042907556,1.15443451073348e-06,0.956634051797322,4
"19932",0.00198567434454639,0.000246065473984381,0.000173476166799664,0.99759478401467,4
"19934",0.992196852868416,0.00780314684248448,2.88401926459595e-10,6.97108052066946e-13,1
"19936",0.930174120290228,0.0613825316072012,2.84684419977018e-10,0.00844334781788641,1
"19938",0.959677235894743,0.0403227641052558,1.11457134965907e-15,1.48411798904434e-27,1
"19940",0.983798776996675,0.0125904709731038,9.96072183858194e-05,0.00351114481183579,1
"19942",1.79906674320513e-09,0.999999998197405,1.03595359931567e-17,3.52798350097348e-12,2
"19944",0.98830783414755,0.0116866678749574,4.88927580063395e-08,5.4490847351066e-06,1
"19946",0.976409689285213,0.0208864716475202,0.000680751325077779,0.00202308774218897,1
"19948",2.86144413591025e-09,0.999999822909957,2.02891099876009e-12,1.74226569756453e-07,2
"19950",9.02120251902304e-08,0.000991565434441748,0.999008332630528,1.17230051699291e-08,3
"19952",2.86144413591025e-09,0.999999822909957,2.02891099876009e-12,1.74226569756453e-07,2
"19954",0.00932586360772674,0.000294340161512619,7.5706453122333e-05,0.990304089777638,4
"19956",4.45007123439038e-07,0.999749597184974,1.1957190146057e-05,0.00023800061775658,2
"19958",4.36883881555227e-12,0.999999999995631,4.0630689729639e-27,3.00585827490012e-26,2
"19962",0.262691384222888,0.737037530477256,0.000270946796073243,1.38503783108382e-07,2
"19964",0.96953445576843,0.0304574386947936,1.15381845302209e-06,6.95171832370177e-06,1
"19966",0.754771495623304,0.245228504376696,1.19395187916818e-29,6.11441352269367e-33,1
"19969",0.322116520440009,0.110575345669069,2.61313737203221e-10,0.567308133629608,4
"19972",0.0318066094185098,0.432738057740159,0.468772055266176,0.0666832775751557,3
"19974",6.36246117102163e-08,0.00566452049676469,0.975225239057139,0.0191101768214846,3
"19976",0.91993135480076,0.025560458106673,0.017595670462397,0.0369125166301697,1
"19978",0.989224156134738,0.0107736708351645,1.13392089943231e-08,2.1616908877576e-06,1
"19980",0.000231907985349941,0.000653691444911367,0.942821365753515,0.0562930348162233,3
"19982",0.0229955169339729,0.18678719684217,0.787728743702615,0.00248854252124175,3
"19984",1.49448714869835e-06,0.00390408351049036,0.996094421687554,3.14807086314305e-10,3
"19986",0.936654595288409,0.0633454047115914,2.15113909162904e-27,3.09893945765968e-34,1
"19988",0.911313862753319,0.0886861372466814,4.35247382586371e-35,1.97968429858456e-48,1
"19992",0.949808564503679,0.0501914354963214,1.29563979605276e-22,2.55095346582588e-32,1
"19994",0.0702406803788113,0.00103514909610314,2.04966434297492e-07,0.928723965558651,4
"19996",0.991345129822473,0.00865487017752733,7.77866263563967e-20,1.64638532832129e-28,1
"19998",0.00634836605038663,0.99365163364485,3.8845926950007e-11,2.6591793892512e-10,2
"20000",0.000407632275111048,0.999531997845235,4.88075159675976e-16,6.03698796536761e-05,2
"20003",0.970950804355582,0.019309843697744,1.59984472938236e-14,0.00973935194665772,1
"20005",5.85925200073308e-05,0.00152765652181442,0.998369585252037,4.41657061417297e-05,3
"20007",0.971780650893814,0.0282193442168877,4.08116181516231e-11,4.84848683221139e-09,1
"20009",0.285113577285722,0.714886422714167,1.10643123593554e-13,3.25398022489751e-29,2
"20011",0.448689714517917,0.367629366987956,0.162118822076716,0.0215620964174116,1
"20013",0.178676657535011,0.00488539742411974,0.326435648593876,0.490002296446994,4
"20016",0.292420213610177,0.707579786389823,2.37243420025298e-19,1.71380240878347e-38,2
"20018",4.79586620410364e-10,0.999999999520413,6.09355192284314e-61,1.09729624628137e-74,2
"20021",0.985614574777457,0.014385425221664,1.21859508472175e-21,8.78876682087802e-13,1
"20023",0.967230533007862,0.0327694454476348,1.71224640274166e-08,4.42203915296794e-09,1
"20025",0.00289809365663754,0.997101906343362,8.66847676334243e-48,6.54968437156972e-45,2
"20027",0.0073563089855833,0.0250723981651486,1.45768916975466e-10,0.967571292703499,4
"20029",0.025970153777808,0.099976088086453,5.93626591453581e-07,0.874053164509147,4
"20032",0.00313037158655267,0.000972562494663384,4.30735360225332e-08,0.995897022845248,4
"20034",7.8256209155531e-07,0.999983261242492,7.17200637467165e-13,1.59561946992375e-05,2
"20036",0.0277213504251407,0.972276998701025,2.764367200435e-07,1.37443711437777e-06,2
"20038",0.98675359094072,0.0132464090592798,4.32455679814643e-30,2.98871863368887e-24,1
"20040",0.00018698513224826,0.999813014867752,8.39004602536511e-28,4.55171900980838e-49,2
"20043",0.971871321462941,0.0281286785370486,3.76796253044974e-17,1.06134376672729e-14,1
"20045",0.577826759794813,0.422173240205187,4.80860335183386e-28,1.10389244234155e-48,1
"20048",1.7007475737366e-10,0.00563104775253561,0.994368951853461,2.23929130760288e-10,3
"20051",0.83449373460516,0.165506060292918,3.86177234400984e-11,2.05063305075983e-07,1
"20053",0.886915312959323,0.11308416587406,5.21163340769437e-07,3.27581799430031e-12,1
"20055",0.89361489740505,0.106385102594951,1.05531987274735e-35,1.75799395794662e-21,1
"20057",2.39934303654906e-23,1,1.54599615322085e-38,9.14351051769267e-41,2
"20059",0.69127145435887,0.308728545641084,3.19085354397827e-14,1.33813917390888e-14,1
"20061",0.97206775600711,0.027932242925227,6.5784867281991e-14,1.06759658259775e-09,1
"20063",1.3324468149587e-11,0.999999995352772,4.63390320045013e-09,5.95363075034266e-39,2
"20065",0.00990818551101159,0.990091814488989,4.18478492844111e-57,6.47447075441361e-45,2
"20067",0.777942710034315,0.222057289795291,1.70394281062214e-10,9.73005876649379e-23,1
"20069",0.000122024604746063,0.000407923741886635,0.988388731128532,0.0110813205248353,3
"20071",0.161327915258753,0.838672084741173,1.25605661846605e-16,7.40447009611588e-14,2
"20073",0.00581718355314994,0.0237777517622206,0.970092678465259,0.000312386219369792,3
"20075",1.66660896853535e-10,0.999999999833339,2.05193144358626e-40,9.41333260887642e-30,2
"20077",0.941048058635597,0.0589519405424964,8.15251328447832e-10,6.65551081365646e-12,1
"20079",0.0213926453569812,0.97860705463668,3.00006272261071e-07,6.68317326876283e-14,2
"20081",0.892258256218814,0.107741743781186,7.22402779322437e-18,1.68393084032717e-17,1
"20083",1.54994736269941e-05,0.999982378614189,2.12191218369922e-06,6.63303237205359e-17,2
"20085",0.938235909976293,0.0617640900237066,4.72345585777912e-38,3.60268518371155e-46,1
"20088",0.978897236043179,0.0211027639568214,2.22034634254789e-20,1.39044763733874e-20,1
"20091",2.77985481361963e-05,0.999972201451864,6.70253879052894e-27,6.61434282377129e-30,2
"20095",3.41854737481013e-05,0.999963710864594,2.10366165739191e-06,1.82955328815875e-20,2
"20097",0.888843052251359,0.111156947748641,9.25470595893836e-41,3.49670517170751e-46,1
"20099",0.052654333169866,0.947345659909198,6.92093604385644e-09,9.24063212394041e-20,2
"20102",1.33520620367912e-07,0.999999791288755,7.51906242203666e-08,1.14692674201302e-20,2
"20105",0.959863406089068,0.0401365939108411,9.09406228710895e-14,2.31251341249834e-18,1
"20107",0.988605480171692,0.0113945198283082,2.83739168759901e-17,4.38703385761941e-20,1
"20109",0.781959527647706,0.2163648090861,0.0016756632618521,4.34187943318384e-12,1
"20111",4.38604253834967e-09,0.999999995612062,3.22806671301932e-17,1.89512774114215e-12,2
"20113",0.844264227621691,0.1557357723783,2.8260325176771e-21,8.98841951958296e-15,1
"20115",0.00565701782329954,0.856971543193565,3.499738757249e-12,0.137371438979636,2
"20117",2.20589684450167e-08,0.999999977941032,4.10179147505851e-40,1.32389239033066e-39,2
"20119",0.397426913189869,0.602573086810131,4.90851832275334e-29,4.17382503591401e-26,2
"20121",0.97656848350783,0.0234315164921696,2.69190583768668e-22,5.39045420808293e-24,1
"20123",1.33909672893576e-05,0.999986609032711,3.18908377808995e-44,6.40006583255388e-36,2
"20125",0.00365212301242546,0.00121251620266393,0.0001700774351918,0.994965283349719,4
"20127",0.941989344742369,0.0580106552576312,1.24606361669843e-23,1.53723976095026e-39,1
"20140",0.629378520647975,0.370621479352022,1.77755865642957e-28,3.22517224179082e-15,1
"20142",6.84650564300462e-07,0.00186135096172008,0.997107867623892,0.00103009676382364,3
"20144",0.00494435762456446,0.955357583893442,1.80045366218795e-10,0.0396980583019485,2
"20146",0.0123251538188458,0.98640249606015,0.00120764459866449,6.47055223401185e-05,2
"20148",0.761955892663404,0.0249652353907969,4.75655579944493e-10,0.213078871470144,1
"20150",1.68705797544585e-05,0.00263271610007666,0.5565987547902,0.440751658529969,3
"20152",0.881923589891467,0.0194754154739702,5.36579993476316e-07,0.098600458054569,1
"20154",0.000177938538206975,0.999822061461793,1.63851186519783e-28,2.07879884970532e-41,2
"20156",0.297771667822993,0.702226882769057,1.4493962275929e-06,1.17228761137521e-11,2
"20159",5.88007706448797e-05,0.00897625037984067,0.990964929481526,1.9367988404299e-08,3
"20161",2.41521831325432e-05,0.986717974364672,0.0132578638564022,9.59579292718522e-09,2
"20163",0.715445877048359,0.284523295754019,7.87187373318365e-21,3.08271976222808e-05,1
"20165",0.0121607002860391,0.786139492256999,0.20169980745695,1.19264289657493e-14,2
"20167",0.11547994160027,0.00185395582992204,0.00291665842755834,0.879749444142249,4
"20169",1.76947232265689e-09,0.00150857557882774,0.998491229975466,1.92676234245818e-07,3
"20171",3.00515625729905e-07,0.999999699484374,2.15233344839538e-31,7.17261760482903e-52,2
"20173",5.56860399590625e-08,0.999999943997662,3.16298061519709e-10,1.92086630987082e-25,2
"20175",0.684712313306645,0.0279762018777984,0.00573266691540253,0.281578817900155,1
"20177",0.173305341868015,0.826694658131584,4.01184285959692e-13,5.4224008968609e-18,2
"20180",0.904045595956488,0.0959544040435123,3.04057502944636e-39,6.40453920926069e-28,1
"20182",1.06761341822808e-20,0.99999933286422,6.67135779737991e-07,6.10599494069602e-19,2
"20184",0.00105599428928268,0.00109670883750234,0.997004148044173,0.000843148829041445,3
"20187",2.18108011679738e-05,0.999978185648483,3.52184320444189e-09,2.85060036338288e-11,2
"20189",0.963030390055642,0.0369696099191185,5.66546429754268e-16,2.52385790122894e-11,1
"20192",0.000111177249450582,0.999888822750549,2.23588688617368e-37,5.27144007495218e-29,2
"20194",2.05682676633834e-06,0.999706109001141,0.000282416797899723,9.41737419351497e-06,2
"20196",0.203173694591518,0.796826305408482,4.30287070264526e-31,8.15644600792873e-36,2
"20198",0.558451109225643,0.441468056474017,6.78159257477167e-10,8.08336221802458e-05,1
"20204",0.000734248188537709,0.0028454971560564,0.0580582063066224,0.938362048348783,4
"20207",0.761463616139114,0.238536383860886,1.09972680532965e-17,3.91959616227503e-30,1
"20209",0.000226148761728632,0.999773850343405,3.28221371886731e-31,8.94866245409764e-10,2
"20211",0.000162918687144899,0.999837081312855,7.87216316131529e-33,9.56503279482847e-27,2
"20215",0.939752226036458,0.0602477739635419,8.86923867350249e-20,2.59157951017343e-16,1
"20218",8.32697936309457e-06,0.000979858850602808,0.972812334006556,0.0261994801634777,3
"20222",0.871816225580155,0.128183774419845,3.8943481978994e-18,1.05999190617409e-20,1
"20225",0.00261391042540001,0.929779633702176,3.52609440214233e-09,0.0676064523463292,2
"20229",0.0706053496166631,0.929394650257779,5.43450351792006e-21,1.2555817053505e-10,2
"20232",0.935738805853946,0.064261194139058,9.6511673768185e-15,6.98666693647419e-12,1
"20234",0.000494584472090824,0.999505415527909,6.57820309041072e-57,3.41374232351364e-64,2
"20238",0.905341349069693,0.094658650930307,6.98186645022103e-17,8.33271220530326e-22,1
"20253",0.876200745439617,0.123799254560383,1.59543486459219e-25,1.94993432332972e-30,1
"20255",0.0374572362338211,0.00335802603627294,6.212179453569e-07,0.959184116511961,4
"20258",0.985754348612699,0.0142456513873014,3.6564944807326e-26,7.78429246818562e-26,1
"20269",0.964061090898678,0.0359388712755553,3.78256810951307e-08,8.55297956488482e-14,1
"20271",0.544748872142286,0.455251127857714,2.60518523615628e-30,1.3751177883911e-28,1
"20285",0.0177590460413671,0.982240952794988,7.91052359953391e-10,3.72593016164847e-10,2
"20288",0.966503577099449,0.0334964229005503,1.7858779445055e-16,3.83543660090876e-16,1
"20291",0.244866983944947,0.755133016055053,7.05269196053014e-24,8.67049623657845e-34,2
"20295",0.0674945693836967,0.932505430615907,3.88809506999396e-13,7.07876271948713e-15,2
"20298",0.00410904015747552,0.000740058182067044,6.37484972398122e-07,0.995150264175485,4
"20302",0.0186977291984542,0.03203838794369,0.948804017687896,0.000459865169959723,3
"20305",0.00273457469954484,0.00276549951257879,2.4780331936494e-10,0.994499925540073,4
"20307",0.981286360898124,0.0187136391018763,5.84404487784658e-23,2.37719565120022e-30,1
"20310",0.166739892206249,0.833260107793751,1.16585446266961e-37,1.31029233030495e-52,2
"20313",2.19478694519533e-09,0.0132313680054484,0.986768629749641,5.01237593304504e-11,3
"20315",0.992855827744628,0.00714417225537181,2.53238670095197e-22,1.34662308206487e-25,1
"20319",0.0408273307055228,0.959172669294477,1.84540073870928e-38,2.55757473605586e-35,2
"20321",0.848059841872539,0.151940158127461,5.87191298171598e-22,2.45438647014881e-28,1
"20327",0.974146495955506,0.0258535040444943,9.89451635315831e-22,3.15900180023116e-27,1
"20329",9.56080236982079e-09,0.999982794258602,1.23975723779921e-05,4.79860821729347e-06,2
"20335",0.42390611415836,0.57609388584164,1.038665213118e-23,3.51001252614135e-36,2
"20337",9.37157377489925e-05,0.000590293470065146,0.999286905177738,2.90856144476008e-05,3
"20339",1.44145581405245e-05,0.99998558544186,1.02903132491857e-36,1.33235031685343e-20,2
"20341",1.77623551117819e-05,0.999982237644888,4.73210015134029e-19,1.33681480452627e-37,2
"20343",0.0844415473082163,0.915558452691784,6.85163567524516e-18,2.19581930562396e-38,2
"20345",0.952233565865873,0.0468398551611876,6.44595194828089e-16,0.000926578972938648,1
"20350",0.000137640350705237,0.999862359649295,3.06491459011568e-17,1.69850781293656e-21,2
"20352",4.81896630343382e-08,0.00100221847774528,0.998997438113933,2.95218658686877e-07,3
"20355",0.00177051596902915,0.89908307481006,0.0991464086004591,6.20451856854698e-10,2
"20358",4.1495760533024e-07,0.991973277929229,0.000148049974171179,0.00787825713899464,2
"20363",0.957161723152195,0.0428382768478052,1.3478186452387e-19,1.1037777857242e-22,1
"20365",0.784662655584667,0.215337344415333,1.59320310726667e-24,2.975848107297e-18,1
"20379",0.324692980573424,0.59400856175315,1.9685535581162e-05,0.0812787721378446,2
"20387",0.97493052169147,0.0250694783085294,5.83572850794933e-18,2.46360558134305e-18,1
"20392",0.000116448776565183,0.999883551223435,4.62148884456738e-42,4.61637407167985e-32,2
"20395",0.678802898611734,0.0404263110669513,0.000125634537712013,0.280645155783603,1
"20397",3.51697933579343e-16,0.998256248892596,0.00174375110547291,1.93054107104255e-12,2
"20410",0.968587707047714,0.0314122929522802,1.36042023587133e-26,6.29899034212389e-15,1
"20414",0.0815086774562568,0.0751324288174007,0.0236149765496684,0.819743917176674,4
"20417",3.02241935741689e-11,0.999999999969776,1.18807332893544e-70,8.89866421642575e-85,2
"20419",0.895486145480437,0.104513854519563,3.61110656246743e-21,6.13190690728788e-33,1
"20421",0.0165002166329881,0.982782536780716,0.000708627738485498,8.61884780978607e-06,2
"20423",0.00933023920777934,0.0126859354782608,0.0404842534083003,0.937499571905659,4
"20425",0.154213319243297,0.204984596332261,0.479760022772947,0.161042061651494,3
"20427",0.96863332705646,0.0312271097937413,8.25883765012865e-14,0.000139563149716259,1
"20429",0.00549577857067367,0.994504221429326,1.44598034746819e-18,3.45070761599186e-33,2
"20432",0.000674439197701605,0.0804970094246633,0.076421006451774,0.842407544925861,4
"20435",0.898606879970022,0.101393097387128,2.23891234776921e-18,2.26428503104183e-08,1
"20438",0.422940540981524,0.577059459013158,5.31769360476935e-12,4.41337945429422e-21,2
"20440",0.988269865972965,0.0117301340270341,3.70285106763075e-16,6.43476683467631e-29,1
"20443",4.14037183830522e-05,0.35901098773631,0.640947608530514,1.47930378877079e-11,3
"20446",0.855674336276028,0.144325662629385,9.91570983587478e-10,1.03016612973937e-10,1
"20449",0.969823611820621,0.0301763881768468,3.50636784014023e-16,2.53154735844893e-12,1
"20537",0.167726834264503,0.832273165735497,2.98922129181892e-18,3.72110809664357e-22,2
"20540",1.07357148648432e-05,0.999989264285135,6.30646995035982e-46,2.18282911577644e-39,2
"20543",0.982934585195508,0.0170653944793107,9.85662288683653e-10,1.93395189827694e-08,1
"20545",9.33816743922009e-06,0.999990661832561,2.42584467427901e-32,2.23189973325263e-29,2
"20549",0.924011161659625,0.0318265595287042,0.015448695474934,0.0287135833367364,1
"20551",0.993680967648105,0.00631894360549889,8.83577605439829e-08,3.88635342943428e-10,1
"20554",0.994380490995565,0.00561950899805325,6.30578751935922e-12,7.58829011565945e-14,1
"20556",0.960632402513375,0.0393675942911739,2.36154115373329e-12,3.19308986740908e-09,1
"20558",0.990534337824038,0.0094656621759618,1.2105484026185e-19,1.74200234676225e-24,1
"20560",0.974395835718251,0.0255954900558372,8.67350254013903e-06,7.23371537085109e-10,1
"20563",0.937503267550783,0.0624967324492174,3.64419339831691e-24,1.93452557661447e-36,1
"20565",0.913477985173727,0.0865219937109759,2.11089386481773e-08,6.35882455480046e-12,1
"20567",0.00128979294290447,0.0368158208514019,0.89630423367684,0.0655901525288533,3
"20571",0.0479741498779058,0.952025850122094,1.92382478064381e-28,3.2568021505646e-32,2
"20573",0.985281775644104,0.0147181329982637,9.13474622416678e-08,1.01695351996694e-11,1
"20575",0.904975356807311,0.0950246431926893,3.51873877213078e-22,1.10824510252763e-31,1
"20577",0.990958998077793,0.00904097006336671,6.09465154328624e-13,3.1858230793767e-08,1
"20579",3.99319267642399e-11,0.0508602685513171,0.949139680459519,5.09492322808893e-08,3
"20582",0.980774066303584,0.0192259336964157,6.78633349122524e-29,1.17812377542965e-37,1
"20585",0.187593416420982,0.812406583579008,1.56486587479618e-26,9.98391328307755e-15,2
"20588",0.00067846009884886,0.999321539901151,4.2964506925956e-20,8.87386421242524e-20,2
"20590",1.27729799053485e-08,0.00213934920147447,0.996446408507685,0.00141422951786118,3
"20592",0.980144499467193,0.0198555005328072,3.01725992669944e-19,7.91317873323396e-36,1
"20594",0.967113078136705,0.0328869218632953,1.46192873583331e-32,1.81623890074804e-36,1
"20596",0.955794594068401,0.0442054047778078,1.15364123974267e-09,1.50280771984576e-13,1
"20598",0.988894320048527,0.0111056795199002,6.77850243967978e-11,3.63788141120255e-10,1
"20600",0.54954485463298,0.450455138042955,1.31060586338439e-09,6.01345931341183e-09,1
"20603",0.0955482880862819,0.482489440975103,0.000133311141177436,0.421828959797437,2
"20605",0.983086362853857,0.016913637146143,1.09436473811892e-25,9.13436013894656e-23,1
"20607",0.984269235982699,0.0157307640173006,1.02403368118011e-16,7.01793580358712e-16,1
"20609",0.990996060057852,0.00900393994050622,9.26592942572139e-14,1.54857535924385e-12,1
"20611",0.00128516765042998,0.00385966990216884,0.000477683902872185,0.994377478544529,4
"20613",0.978442245490112,0.0215486495563077,2.06374369259487e-15,9.10495357871331e-06,1
"20615",0.971923041819715,0.028070398904589,9.00600970957441e-07,5.6586747249656e-06,1
"20617",4.12612313097365e-07,0.00873643245643831,0.991263154225689,7.05559893623895e-10,3
"20619",0.956298948732856,0.0437010512671436,1.01211503761632e-17,2.80112875497601e-31,1
"20621",0.948667763985276,0.051332235991646,1.18027105582085e-11,1.12753778130771e-11,1
"20623",0.00162363484050977,0.301239270001022,0.697136416296079,6.78862388588972e-07,3
"20625",0.0120041013794159,0.981731543362413,9.01223343025092e-08,0.00626426513583726,2
"20627",0.989766779013566,0.0102330360123431,1.90208296375297e-13,1.84973900612318e-07,1
"20629",0.996335276063492,0.00366469817682456,2.34158866702043e-08,2.34379671586653e-09,1
"20631",0.867761877738216,0.132238122261784,4.64370342920633e-20,1.36214954936943e-35,1
"20633",1.49628239424775e-11,0.00199867304241209,0.9980013268196,1.23025265134216e-10,3
"20636",0.102147829656394,0.889284223109045,0.000328834789815818,0.00823911244474548,2
"20638",0.329726925707047,0.670273071437748,5.63739027859503e-22,2.85520565494674e-09,2
"20640",0.882686599736665,0.117313400263335,4.10676896574754e-30,8.55102453893488e-21,1
"20645",0.948147830504986,0.0518521694950135,5.33606493917802e-35,6.12445258148368e-40,1
"20647",2.41043548646886e-10,0.00891207095802414,0.991087928800922,1.01325287729553e-14,3
"20649",0.875869533516102,0.124130466483289,2.6586705690194e-16,6.08539754802663e-13,1
"20651",0.0123730118539334,0.987626988146067,1.04840235444925e-23,3.07034922101422e-49,2
"20656",0.271367260974696,0.728632739025304,1.30279089599482e-27,7.48358367362103e-27,2
"20660",1.07518162626119e-05,0.999989248183737,5.87976857339568e-37,1.55582076824499e-26,2
"20662",2.31426697096912e-05,0.695336807291377,0.304639983659574,6.63793392002573e-08,2
"20664",0.0598582683614751,0.940141722417453,9.2210720351328e-09,1.53242093464088e-20,2
"20666",0.00154266595812237,0.998392914495321,1.75072816276759e-22,6.44195465562331e-05,2
"20668",0.000810355395089111,0.000639018869945557,0.000731830271105895,0.997818795463859,4
"20670",0.113638592640891,0.886361407359109,2.77173463722482e-28,1.16064274447869e-28,2
"20672",0.000868851357951642,0.00426421877375554,0.234310166119614,0.760556763748679,4
"20674",0.960756581671006,0.0392434157401246,6.29070932417961e-11,2.52596241924339e-09,1
"20676",2.23480942362288e-07,0.872429319723309,0.0024108435392082,0.125159613256541,2
"20678",2.29790132431135e-08,0.336939060400427,0.0458083957445204,0.617252520876039,4
"20680",0.0428788334188707,0.00382040839494627,0.0122338438345383,0.941066914351645,4
"20682",0.694897366474129,0.230378866243237,3.57007974291188e-08,0.074723731581836,1
"20684",0.160740195896264,0.839259804103708,2.55674714002141e-22,2.79230189080586e-14,2
"20686",5.97207052586028e-06,0.000310957285611928,0.998198254936625,0.00148481570723706,3
"20688",1.83389882835918e-11,0.827819559018373,0.172087893750982,9.25472123057932e-05,2
"20690",0.0103931010664238,0.989606898933576,1.72513920368631e-37,5.65501117136192e-24,2
"20692",1.32017675567e-13,0.00367222660367796,0.996327766017563,7.37862725359554e-09,3
"20694",0.00148497734539058,0.000672640824663233,2.06083915632922e-06,0.99784032099079,4
"20696",0.117580401687094,0.134846923949284,0.000708328135282895,0.74686434622834,4
"20698",0.629365627157785,0.370634372630219,2.07254665619524e-10,4.74095127013581e-12,1
"20700",0.0395391953875528,0.960460801926155,2.68629196019504e-09,2.86354925325117e-21,2
"20702",0.186285115836357,0.813714884163643,1.38374627152553e-39,2.4965098894222e-37,2
"20704",0.991366341158128,0.0086336306585474,1.75275192045469e-11,2.81657968287479e-08,1
"20706",0.00504359645750763,0.994956400797443,2.71461766277538e-09,3.04321855528349e-11,2
"20708",5.07535635461691e-06,0.0696371588003912,2.1939511182046e-05,0.930335826332072,4
"20710",0.704488207326293,0.295511792673675,5.44335469756535e-26,3.16881498750522e-14,1
"20714",0.000166371588979201,0.031346229887936,0.968472080085091,1.53184379943127e-05,3
"20716",0.973548046144357,0.0264519538556226,1.69163834080495e-18,2.05977561574676e-14,1
"20719",0.169210203395963,0.830789796550715,1.80591450110673e-15,5.33195738772142e-11,2
"20721",0.939083741003425,0.0609162589965754,2.9957533754318e-21,1.38501574148191e-38,1
"20723",0.000679946120837642,0.999320053879162,9.82106775550673e-21,1.08495758675499e-19,2
"20725",0.0275571521698619,0.00152067747090283,4.29676864782847e-07,0.97092174068237,4
"20727",2.37731440248896e-10,0.99978219948004,0.000217798634618848,1.64760956645415e-09,2
"20729",0.000208148530267867,0.000787497668048507,3.77227898413409e-09,0.999004350029405,4
"20731",0.00295243275694353,0.00122924682184234,2.13856794837316e-08,0.995818299035535,4
"20733",0.935221096443244,0.0647789015093148,5.91282119748811e-20,2.04744157055181e-09,1
"20735",0.979212678184539,0.0207725310113498,9.63802916558574e-15,1.47908041010157e-05,1
"20737",1.32938573585764e-05,0.00334782320312412,0.000562969673217103,0.9960759132663,4
"20739",5.30100522985274e-11,0.0021009131926586,0.997898102190935,9.84563396783309e-07,3
"20741",0.183904400845186,0.00551608722111976,0.0019810610602874,0.808598450873407,4
"20743",0.486900978356682,0.20450887874853,5.47865876851314e-05,0.308535356307103,1
"20745",0.903024332515094,0.0969756674849062,1.70807399874849e-24,4.18411797780179e-32,1
"20747",0.000650890601902882,0.0272709754247496,0.00092317432391125,0.971154959649436,4
"20749",0.00113341364269378,0.0862992515736085,0.0201985949864632,0.892368739797234,4
"20751",0.00744153592684604,0.940481249749533,9.31615075437013e-18,0.0520772143236208,2
"20753",0.0222860558494206,0.013673750660974,1.55131296798938e-12,0.964040193488054,4
"20755",1.84976520699552e-08,0.997516940925811,1.58700526469655e-07,0.0024828818760107,2
"20757",5.47577659873871e-06,0.999994416519903,1.0770337550335e-07,1.23270285452422e-13,2
"20759",0.654404511099669,0.345595488861703,3.86282233028947e-11,6.39980919076685e-26,1
"20761",0.735211515600455,0.0046523649328426,4.85404468309767e-05,0.260087579019872,1
"20763",0.323136196087242,0.676854603112644,2.61713181539444e-08,9.17462879571126e-06,2
"20765",0.0591491593131782,0.00125629770732572,0.0160944600086394,0.923500082970857,4
"20767",0.985213476085629,0.0147865239143677,7.46114298782223e-19,3.13577172635689e-15,1
"20769",0.0380229002448731,0.961977099755127,1.53239221333115e-44,9.3587481145641e-21,2
"20771",0.958687327711794,0.020292028134194,0.0186911820591752,0.00232946209483714,1
"20773",6.21848465782691e-07,0.999999378150947,6.46305526242821e-14,5.23131948312353e-13,2
"20775",0.874550099024873,0.0711573674171726,1.51778098364559e-12,0.0542925335564366,1
"20777",0.0157346543513204,0.984265345635645,1.86708719367859e-25,1.30347671248775e-11,2
"20779",0.0435338194713457,0.00245065088520622,9.76977875837805e-11,0.95401552954575,4
"20781",1.60327265722797e-18,1,6.93575908966572e-28,1.24097155623617e-28,2
"20783",0.924196756651124,0.0154241707548507,0.0243682543487105,0.0360108182453146,1
"20785",3.13716146232512e-12,0.999999994104398,5.89244171341822e-09,2.33319763802416e-14,2
"20787",0.00512163823331546,0.00114220602097049,0.00346038635273834,0.990275769392976,4
"20789",0.985106817927177,0.0148910108783207,3.7058203377904e-15,2.17119449869815e-06,1
"20791",0.000149046948509747,0.00043350279138246,0.000379039281495658,0.999038410978612,4
"20793",0.935398000286838,0.0638582090084758,3.84888757254695e-15,0.000743790704682361,1
"20795",0.00941165778113168,0.0050945468313269,0.983337493752713,0.00215630163482839,3
"20797",9.78873377613789e-16,0.999999997761057,2.23894188569083e-09,4.16424560803881e-18,2
"20800",0.00187166908893408,0.00517048933604993,0.992254130672838,0.000703710902177863,3
"20802",0.140982478352976,0.00404543024246975,0.0493625221346963,0.805609569269858,4
"20804",4.49971902324464e-05,0.00158500162354571,8.26266293120405e-08,0.998369918559592,4
"20806",6.43865303749142e-05,0.00156695440241381,0.937429892838585,0.0609387662286259,3
"20808",0.986442400198284,0.0135575997881074,2.99946816148943e-19,1.36081923370272e-11,1
"20810",0.243999259937192,0.705451281688421,0.00926840515938492,0.0412810532150025,2
"20812",0.161854843287278,0.0875511432884295,3.09819494420971e-05,0.75056303147485,4
"20814",5.41073717458825e-08,0.0686830048134448,0.000153998542198317,0.931162942536985,4
"20816",0.0039103561219262,0.996089643878074,1.27113456121032e-39,7.90013682346767e-30,2
"20818",0.950240244972546,0.0266005030635684,0.000801992004896191,0.0223572599589894,1
"20820",8.75179822235313e-11,0.0276296550461575,0.972370344865567,7.57972383915304e-13,3
"20822",0.0558112193835546,0.000689353587656985,0.000101262715895507,0.943398164312893,4
"20824",3.96377882443086e-13,0.999999998699093,1.30025188765581e-09,2.59199205852198e-13,2
"20826",2.53309234040872e-07,0.000232388306682212,0.999711346927313,5.6011456770532e-05,3
"20828",1.7007475737366e-10,0.00563104775253561,0.994368951853461,2.23929130760288e-10,3
"20830",0.000750682773545893,0.00541448973508187,9.55714466198566e-07,0.993833871776906,4
"20832",0.971395518688292,0.0262298248828656,0.00232910517385811,4.55512549837666e-05,1
"20834",0.982950253058886,0.0170497469410147,7.03420358710463e-20,9.88313042549447e-14,1
"20836",0.0157103275190149,0.000947114190380135,6.10344251223182e-10,0.983342557680261,4
"20838",6.74889655839022e-07,0.0384460616419705,7.39112033237684e-08,0.96155318955717,4
"20840",0.98561639903997,0.0143836009596289,1.3018196241093e-18,4.01514218938719e-13,1
"20842",0.0128302127773243,0.165030920765853,4.11568631118092e-11,0.822138866415665,4
"20844",0.00020527345705635,0.999279071229469,2.58338624024129e-09,0.000515652730088477,2
"20846",0.0491152005954262,0.0135653327054514,0.936568851100669,0.000750615598453019,3
"20848",0.987556447867634,0.0114853732747064,5.64206102002766e-09,0.000958173215598766,1
"20850",0.97685394372885,0.0231459327299836,1.23537507784575e-07,3.65834575337156e-12,1
"20852",0.776059816649586,0.223908785456213,3.13978942005044e-05,5.33863455430774e-17,1
"20854",7.3913869901333e-06,0.000386887513512158,0.999586327643397,1.93934561002305e-05,3
"20856",1.02385268217581e-06,0.999998976147318,6.93046569970908e-36,1.54456065300348e-27,2
"20858",0.894597107850197,0.105402892149803,2.37729744173766e-18,1.05301067768055e-21,1
"20860",0.00452397023468489,0.98723609367544,1.72146753968398e-15,0.00823993608987368,2
"20862",0.790853646763186,0.209146353236814,1.10782318442578e-24,2.78119951476918e-23,1
"20864",2.68581204145905e-06,0.000432458545309676,0.999561554611441,3.30103120780138e-06,3
"20866",0.45707214637158,0.54292785362842,1.64075792579643e-36,1.49078314054661e-56,2
"20868",0.989981069747966,0.0100189302484674,3.56650042885239e-12,3.12583590329379e-16,1
"20870",0.928800229284385,0.0146036592450181,7.08692167811232e-05,0.056525242253816,1
"20872",0.0162606417821939,0.000373408350505303,0.00121359969953347,0.982152350167767,4
"20874",2.47557769155054e-10,0.00288235818304903,0.997117640063721,1.50567268754058e-09,3
"20877",0.975451330508114,0.0245486694918181,5.91659654509955e-19,6.81094061814863e-14,1
"20879",0.979444306788885,0.0205556932111155,6.95704030407373e-27,3.82314543448212e-23,1
"20881",0.00828981784591657,0.00121763477791711,3.05124124246583e-06,0.990489496134924,4
"20883",3.27325992025733e-06,0.997380368284801,4.01623407475263e-09,0.00261635443904485,2
"20885",0.0115348159215897,0.00287704362838886,0.0393751155167694,0.946213024933252,4
"20887",0.952830056757653,0.0471699429683098,4.77258720723584e-24,2.7403683910707e-10,1
"20889",0.503188260323009,0.0646895397100636,1.13055805103511e-11,0.432122199955622,1
"20891",0.98134968059488,0.0186503194051203,4.22371824112717e-22,7.53200734576101e-22,1
"20896",0.952894418537767,0.0471055814553022,4.75302641869876e-18,6.93016860871301e-12,1
"20898",0.0724206132818854,0.00178876346602485,6.22377077522889e-07,0.925790000875012,4
"20900",9.00572286960245e-15,0.999999999999984,1.93611469725238e-16,6.45032560499474e-15,2
"20902",0.106618692503168,0.893381307488484,2.57848234908385e-31,8.34818155599523e-12,2
"20904",0.0059046738596296,0.541107905034717,0.452987421071297,3.43561636546617e-11,2
"20906",0.865633211657256,0.134366788342744,6.6813961073671e-24,6.46114944057768e-18,1
"20908",0.631268820723671,0.0226051029453766,0.337225492169562,0.00890058416139047,1
"20910",0.0543259663205708,0.915985520847481,5.75798712499704e-05,0.0296309329606978,2
"20912",2.89097258359709e-17,1,1.40065405274227e-40,6.42030727018814e-25,2
"20914",0.901266058676536,0.098733941323464,9.72146579798083e-45,9.38286989845226e-43,1
"20968",6.85901652066199e-11,0.999999993423427,6.50798238662572e-09,1.49681212342728e-17,2
"20970",0.995470077127764,0.004529918206851,4.66537060513198e-09,1.48874707073509e-14,1
"20981",0.685032658309841,0.314967341690154,5.19230707683927e-17,4.9233091174687e-15,1
"20983",1.94668437956238e-07,0.0630136314701137,0.324342312888045,0.612643860973404,4
"20988",0.989216774316055,0.0107832256838791,6.60039727668108e-14,7.4804045308109e-21,1
"20995",6.87733146965409e-08,0.999999931226685,7.83155198204969e-31,1.47234288751246e-25,2
"21017",0.967993827862543,0.0187460698504709,0.00325099887307028,0.0100091034139156,1
"21038",0.951525462648042,0.0484745373519583,1.1371570207877e-21,6.57143175794513e-17,1
"21072",0.937934587116542,0.0620654128834556,2.66728628703157e-15,1.15195700568721e-18,1
"21075",0.837112056356406,0.162887943643594,7.43540236957581e-31,3.66775939552718e-21,1
"21223",0.981225628672382,0.015802755120763,1.36546106905248e-09,0.00297161484139387,1
"21225",1.56267644892569e-13,0.999999999999844,4.46868743170276e-60,1.20772957906823e-45,2
"21230",1.54717932325796e-09,0.000376047280756995,0.999567571534888,5.63796371760727e-05,3
"21236",0.936417347954311,0.026248332643179,1.74909083450059e-08,0.0373343019116015,1
"21238",0.0258834305795073,0.974116569415439,1.47295168784998e-24,5.0536761302828e-12,2
"21241",0.728353039141278,0.271646960858719,2.86875146799572e-15,2.17659334468915e-29,1
"21246",0.985642290029825,0.0143577043172406,5.6294270437631e-09,2.35073738745642e-11,1
"21253",1.2515128574788e-05,0.000307489088334171,0.996625556840592,0.00305443894249934,3
"21256",0.0288623960639612,0.0114796246976336,0.959552877754077,0.000105101484327919,3
"21260",9.34632756424514e-06,0.999990653672436,1.31127317271632e-33,1.94607983898315e-40,2
"21266",0.989788710339409,0.0102112896599518,5.96500483004535e-14,5.79369871874752e-13,1
"21332",0.975307824900101,0.0246921750938557,4.91384373388986e-12,1.12971508625292e-12,1
"21334",0.41408074394577,0.0259976436561594,1.86233933793089e-12,0.559921612396208,4
"21375",0.594760157882829,0.405239842117171,1.12000217222414e-28,1.50655610197214e-34,1
"21378",0.441014939216746,0.558985060783254,6.97908298883029e-37,4.86310144889256e-49,2
"21381",0.774090106642754,0.225909893357246,6.95888751217963e-21,1.91726196900414e-31,1
"21389",0.0149703735278556,0.0126560753743914,0.00177816739643828,0.970595383701315,4
"21391",0.096334067684663,0.903663071332284,2.86098305287255e-06,5.17602413605848e-20,2
"21402",0.919702791817539,0.0802972081824545,5.29627551497231e-15,7.83969935323314e-16,1
"21404",0.630162200022324,0.369837799977672,2.86281939105485e-28,3.10825764220476e-15,1
"21409",0.976235747675907,0.0237642523240932,7.50606243128935e-27,1.39541637967217e-18,1
"21413",0.647947787789259,0.352052212064793,1.35865465984101e-32,1.45947136262843e-10,1
"21423",0.0039676719114069,0.996032328088593,6.88462042681163e-34,6.40008365655052e-35,2
"21425",0.889507980480011,0.110492019519989,1.04995355915219e-25,6.04441841068635e-17,1
"21430",0.00151967184477511,0.998480328149659,5.51133713217258e-19,5.56577160661226e-12,2
"21432",0.986567547285653,0.0134324262497154,2.46020062576698e-11,2.6440029601731e-08,1
"21438",1.27004048068738e-05,0.999987299595193,1.60463067638062e-24,8.48423329889189e-39,2
"21440",0.968030047490425,0.0319699524565824,1.38358523571543e-14,5.29787903691964e-11,1
"21443",0.0175947292941309,0.00062748120228748,0.00324949687499866,0.978528292628583,4
"21445",4.1026266849133e-06,0.999995897373315,2.7405155279599e-27,3.72126833700021e-22,2
"21447",0.915845031157958,0.0841549688420418,3.26368584417778e-25,3.40649534133575e-34,1
"21449",0.935955580261405,0.0640444197385951,2.11525832745322e-19,2.89491798051647e-27,1
"21451",0.935955580261405,0.0640444197385951,2.11525832745322e-19,2.89491798051647e-27,1
"21455",0.97917058880552,0.0208294111944798,7.6940163291288e-19,2.06505325639988e-21,1
"21469",0.11021530143578,0.88978469856422,2.80827775052643e-43,1.10906026232052e-49,2
"21471",0.836186213862005,0.163813786137995,3.02139920577229e-31,9.53494471358383e-29,1
"21473",0.145129505438484,0.850789474676127,0.000757306026472257,0.00332371385891599,2
