"","V1","V2","V3","V4","V5","V6","V7","V8","best$classification"
"19812",0.695743138209432,1.3373756866295e-06,0.000745591322769302,0.268437060971359,6.26217310644872e-05,0.00020275497349653,0.0347140277023766,9.3467713815751e-05,1
"19814",0.982537257345141,0.00216593430359446,5.0305545122181e-05,0.0147033696643481,2.09769955046159e-06,3.3497002408604e-06,0.00053628367569551,1.40206630760222e-06,1
"19816",0.00389358259246523,7.63309719127437e-07,0.266764964747091,0.72282452314963,4.56135506001558e-05,1.36698320744311e-05,0.00645687620488167,6.6135382666922e-09,4
"19818",0.414305498130998,0.00770529740711713,0.00133673168166906,0.576408651856054,2.00505927069333e-05,1.11368347813041e-05,0.000210325424624867,2.30807204848039e-06,4
"19820",5.81668404637027e-09,2.97684843566933e-10,0.997890160809609,0.00181681232931826,4.39596732004614e-09,0.000261417351611059,3.15986041828116e-05,3.94943048470712e-10,3
"19822",3.71822826591308e-07,1.10953080197173e-06,0.845107519339476,0.00286858404616519,1.85976057501886e-07,0.137979598629839,0.0140326939372132,9.93671762103561e-06,3
"19824",0.000129509322843643,0.00136113695545714,0.704271026380782,0.294032648431019,0.000121792751208631,7.83784536433462e-05,5.22731418104133e-06,2.80390865806396e-07,3
"19826",0.767463684964821,3.25541053781225e-05,0.00295105986851062,0.0922954716192265,0.0129303390268247,2.48258192134551e-06,0.124322677557354,1.73027596372213e-06,1
"19828",0.0001112264851744,1.7766697530726e-06,0.687373424972786,0.310228404509469,1.26657533851893e-07,0.00215537343164931,0.000129521423509827,1.45850124472812e-07,3
"19830",0.908861187975395,0.000111049787426893,2.39925968155136e-06,0.0112274683165674,0.00126351870408891,1.22301690722711e-05,0.0753154512789267,0.00320669450884144,1
"19832",0.139189807449357,1.36583708243262e-06,0.0171253172422217,0.117782464602962,3.05610603836748e-06,0.669190595279091,0.0321860186626106,0.0245213748206377,6
"19834",0.00972748280095055,9.41367946362913e-05,0.0559372570063887,0.23137817465743,4.05671825562633e-07,0.0126915169854021,0.690162116503128,8.90958023906188e-06,7
"19836",0.0346191077162187,2.27358506680523e-07,0.00260620908148238,0.94328449041593,0.0182683788701609,6.1948883325358e-06,0.00119535898521676,2.00326841524152e-05,4
"19838",0.998753660176092,0.000261767262000681,3.56681624275888e-07,0.000490911370749427,3.06835403813322e-06,2.10953618874265e-06,0.000439779808157382,4.83468111496946e-05,1
"19840",0.0184380210920015,3.21749584028077e-06,0.053712602674454,0.201555139207292,0.000779832141182552,1.0210931920028e-05,0.725500912001061,6.44562487614442e-08,7
"19842",0.0413940647941805,5.44633510234412e-06,9.96316141993491e-08,3.53202159459741e-05,0.95822935995537,8.78587648996338e-10,0.0003310972890719,4.61090012790519e-06,5
"19844",6.25383559640182e-06,0.999978767015959,1.94200805924767e-06,6.67740862388935e-07,1.22212578727619e-05,2.06693716651109e-09,1.30562921881977e-07,1.55117906154779e-08,2
"19846",0.928653123524488,0.0675151696510413,6.07882071141373e-08,0.000249429549332117,0.00357550643613228,9.16537286107827e-10,4.28816562816838e-06,2.42096863380185e-06,1
"19848",0.975878465207962,0.0236677553320469,9.01492429750607e-08,0.00028233642273406,0.000157509964356486,5.93341968341951e-09,1.09830967849411e-05,2.85389345333971e-06,1
"19850",0.806050084458843,0.193130214578858,4.56388913284889e-06,0.000690703174992603,3.58143300967164e-05,1.59239227458823e-07,8.6455622796464e-05,2.00470605242212e-06,1
"19852",0.0200800447551231,7.62341851090229e-05,0.00939146362325432,0.969438499332543,1.737369142409e-06,3.26633886726811e-05,0.000978928871601556,4.28474554028766e-07,4
"19854",0.997625873236146,0.0020523540170091,7.86077944733497e-08,0.000252644646490732,3.34463073477265e-05,2.01442148408378e-08,3.17579055902783e-05,3.82513540699788e-06,1
"19856",0.0139279125359675,0.985246376258525,9.74009766203767e-05,0.000106889036146417,0.000130630806830107,1.39104468365613e-06,0.000487760786818259,1.63855440865858e-06,2
"19858",0.000731902713693996,0.99083236748176,0.0046743972143581,0.00365249474970905,1.02285883648621e-05,3.44748282398861e-05,6.08025598583303e-05,3.33186401621364e-06,2
"19860",0.235844096305865,2.54613110873523e-05,0.0214336302574051,0.624978955376208,1.88667046064971e-05,8.14061283183547e-05,0.117617009833831,5.74082678521432e-07,4
"19862",0.98542091367774,0.00228237585278963,2.16686386644008e-08,0.00013571995008141,0.0121452132443992,6.58768355559586e-10,1.07211364271131e-05,5.03381115571278e-06,1
"19864",1.02186965969868e-06,8.28929340203903e-07,2.01666892356687e-06,2.09333342865179e-05,0.999973637955177,8.49378428479671e-10,3.30762409327651e-07,1.22963082491739e-06,5
"19866",0.000449632369968091,6.96311631190104e-07,0.260391917163886,0.661408466553778,0.0173227156988206,1.13947152598799e-05,0.0604150210652635,1.56121392824377e-07,4
"19868",2.44479318432281e-05,2.60652019986248e-05,6.7978073742041e-07,4.80086536336617e-07,6.31831188674909e-08,0.0480816410152692,0.00311056090563596,0.94875606189486,8
"19870",0.971967227243258,0.00197777938914513,3.35752844532429e-06,0.0246928730644461,0.00131974427500064,8.16778055008305e-08,2.83415831530813e-05,1.05952387461178e-05,1
"19873",0.560281937386848,0.000585401467123786,0.000994163618061331,0.435626278259656,0.0017427864910574,1.44961372743216e-06,0.000766819518798572,1.16364472841101e-06,1
"19875",0.000980468789493919,4.34105763230074e-08,0.813636456989876,0.141431422254268,4.70200555943228e-07,0.00315733312859037,0.040793697058455,1.08168185081303e-07,3
"19877",0.774707559091537,0.00220579691788861,5.41588955413982e-05,0.219537588742957,7.50684638980194e-05,2.12943849435479e-06,0.00340122302301883,1.64754266645766e-05,1
"19879",0.0352373197793826,0.000765419366314488,0.00157576340943432,0.95988394220388,1.74738144640324e-05,5.9757179499413e-05,0.0024411277628167,1.91964842082919e-05,4
"19881",0.894189934132951,0.00110232132818273,0.000495783680407006,0.0747374224707944,0.0258295881944231,1.09674567962381e-06,0.00363796884379883,5.88460376329164e-06,1
"19883",0.577149479988662,4.8099619293081e-05,0.00013098613829169,0.0343842001656442,0.386967628093771,7.41142730149518e-08,0.00131806271189015,1.4691681748269e-06,1
"19899",0.0117950276094195,2.44624319720409e-06,0.00185857017286477,0.189766924670293,0.000109027387908778,0.000127170112892437,0.796266804679513,7.40291239117396e-05,7
"19908",5.05050353583928e-05,0.000166631563374471,0.000928922262499639,0.00110193710413075,0.0107363199636643,0.000123933904032803,0.986409684411989,0.000482065754950478,7
"19910",0.0311690628038349,3.35039094581718e-05,0.00220413731518805,0.966433214405194,3.13572930378181e-05,3.38922420570288e-06,0.000124801638172841,5.33410908546758e-07,4
"19912",0.417199797144536,0.000354865405570514,2.25367458328415e-07,0.000118379372569707,0.579011681723242,3.49036025961343e-09,0.00330586143855597,9.18605770791537e-06,5
"19914",0.117804421263807,0.000451138069238735,0.00317339684237951,0.647757648510659,2.45274131469806e-05,0.000642185094751592,0.229999799902582,0.000146882903434968,4
"19916",4.96002046486293e-05,0.000283344668341031,0.619208142654124,0.14725297817196,0.232825922923449,2.05138809348623e-05,0.00035467800298206,4.81949356098258e-06,3
"19918",0.903150418434238,0.0853419866106065,6.54451865536091e-06,0.00901638963661613,0.00245965392652238,7.41579116568569e-09,2.46033705891509e-05,3.9608698146165e-07,1
"19920",0.118521315439508,0.881269683627095,4.50003247340599e-07,0.000131533827731744,2.6258072332836e-05,3.54451705821519e-09,5.0622104651439e-05,1.33380916878934e-07,2
"19922",0.171038972386804,9.26619435045711e-06,0.000794934087522684,0.0868472566779873,4.02211166581771e-06,0.251091571927553,6.03440190676319e-05,0.49015363259505,8
"19924",0.769854204223202,0.033989480639837,0.000257093988222386,0.191076983544069,0.000171636180869077,1.31977154034818e-06,0.0046462405925458,3.0410597144358e-06,1
"19926",0.0149588130819574,1.25527504769651e-07,0.0065850917644403,0.605386538431582,0.0024181511565876,0.000825552637915123,0.368702363380863,0.00112336401914964,4
"19928",2.88389009461119e-07,4.28559456708627e-07,3.69449693929359e-09,2.36759387347175e-08,0.9999983193754,1.03746469830816e-11,3.93544338908773e-08,8.9694088912944e-07,5
"19930",0.970744798601484,9.3252754545309e-05,9.97537735655267e-06,0.0290289083723851,4.43232904530562e-05,7.50649717632409e-07,7.05295633104459e-05,7.46139074746695e-06,1
"19932",0.998649842679571,0.000712313022223786,2.07367613212794e-07,0.00057420201942186,8.79597727650689e-06,1.25348289087239e-07,4.6320998049944e-05,8.19258755487733e-06,1
"19934",0.017647203411758,0.000129886261805104,0.549752536424609,0.365316088743341,6.6299739469278e-07,0.0157602056315077,0.0513911138939358,2.30263564808974e-06,3
"19936",0.86617513150252,0.000125625971874332,0.000342096826553399,0.0832417574087876,1.62408565321807e-05,8.60404172517937e-05,0.0499126483230966,0.00010045869338442,1
"19938",4.51777555084933e-05,4.06819482086199e-05,0.735044448014561,0.0890760860415617,5.29140633188873e-06,0.00567005504098635,0.170114017440347,4.24235249485007e-06,3
"19940",0.127287311299675,0.000119295796028576,0.000940205153681391,0.863049664983564,0.00854320403464733,3.72202951739496e-07,5.86136699838603e-05,1.33285946827959e-06,4
"19942",2.92825826193633e-06,1.08295563563803e-07,7.53169542254836e-08,3.27512634869535e-07,0.999991589498057,1.6222813782843e-11,4.93302267026719e-06,3.80796348501634e-08,5
"19944",0.0144732880062104,4.40147574719536e-06,0.0134399725964848,0.969857952288235,0.0001756644297692,7.20980800170357e-06,0.00204105835495969,4.53040591626333e-07,4
"19946",0.263439615054931,0.0117202107058348,0.00264489610364881,0.719414294299742,5.90520023555841e-05,1.05830372164345e-05,0.00270817832564083,3.17047063098928e-06,4
"19948",1.15205927292437e-05,4.10791816063394e-07,4.63202439097494e-08,1.04088134033374e-06,0.999986926538725,4.32593037528408e-12,3.82157819227993e-08,1.66550369639034e-08,5
"19950",0.00121002381267467,0.998788031374838,1.15096248313695e-08,1.08780254410285e-06,3.05825215180035e-07,2.12107117151215e-09,3.40785291659701e-07,1.96768740663397e-07,2
"19952",1.15205927292437e-05,4.10791816063394e-07,4.63202439097494e-08,1.04088134033374e-06,0.999986926538725,4.32593037528408e-12,3.82157819227993e-08,1.66550369639034e-08,5
"19954",0.99394712853281,0.000411835267180524,1.23474145216123e-06,0.00556020674758935,4.15726579432341e-05,9.93963734770277e-08,3.40046796059025e-05,3.91797704544153e-06,1
"19956",0.236190925983819,0.628880306317846,2.05660275632318e-07,2.61309387686304e-05,0.00825369446234222,5.37159819237289e-07,0.124677087273851,0.00197111220327843,2
"19958",0.000176232833598992,5.53326933375242e-05,1.19601243023353e-06,2.80274509977809e-05,6.12465307329339e-08,0.011207789509466,6.41516455943328e-08,0.988531296101993,8
"19962",0.554657046753161,0.248822592704424,0.0384015469819118,0.136671521695515,0.00026953823188719,0.00121553556734182,0.0197977282429758,0.000164489822783248,1
"19964",0.268080963762681,0.006445558516207,0.00101645533293543,0.711047884399555,0.0133491062078065,9.52116228114756e-07,4.17527029969784e-05,1.73269615896141e-05,4
"19966",1.18244195906461e-05,1.34713751295969e-08,0.893909421825986,0.0751996802013107,0.00327233234518398,8.20927509284872e-05,0.027524411456251,2.23529373878601e-07,3
"19969",0.980834008983712,5.71175766993079e-05,1.06867236613195e-05,0.00627187667492391,0.0092905566975522,1.16643404901997e-07,0.00353328663783972,2.35006220656807e-06,1
"19972",0.645463861337557,0.0733725577871514,1.09621439027711e-05,0.0747591662201495,0.206302687305084,3.35895635423468e-08,4.73185525881997e-05,4.34130640038009e-05,1
"19974",0.0996857643859704,0.855151803645431,9.30657524470041e-09,1.98331216284921e-05,0.0451398116376619,4.41377884284383e-11,1.30399852618513e-06,1.47386006903693e-06,2
"19976",0.494984912413204,0.0440036218387337,0.000319415857420631,0.458809955455971,0.000201109251362632,1.47350793940119e-06,0.00167490890258821,4.60277278021731e-06,1
"19978",0.0187208132375677,7.88911795453849e-05,0.0210297812590059,0.959850108174536,0.000195650242368514,9.30884295945638e-07,0.000123790015978243,3.50067022218028e-08,4
"19980",0.863273468063917,0.136516085139561,7.62830943833062e-08,0.00016221697507544,2.82705652265002e-05,1.53813593502194e-08,1.54687105612751e-05,4.39888120508836e-06,1
"19982",0.143401138804108,0.855443871045715,6.70242944539564e-06,0.000305095071621456,8.63297783776596e-06,1.12404044871272e-06,0.000821421267960159,1.20143628631767e-05,2
"19984",0.000163528531085624,0.99982922463052,7.34921460983461e-07,3.73422481313247e-06,1.93831596907347e-06,3.14524082411882e-09,8.18792425435718e-07,1.74384851709137e-08,2
"19986",9.91937776882693e-08,1.12499434355474e-09,0.964315725498323,0.0299163067773546,1.45580355877382e-07,0.00165739271882907,0.00411029601085281,3.30955119337628e-08,3
"19988",2.45827174734525e-09,2.67478369352077e-10,0.995133801256753,0.0021919546985716,1.76808914197102e-09,0.00244918286164894,0.000225051718597723,4.97059001866592e-09,3
"19992",1.16620793674227e-07,4.03089726830968e-08,0.986021735447931,0.00259307768137208,1.65940596131043e-09,0.0029339643170616,0.0084510594367858,4.52767692941616e-09,3
"19994",0.956033459796096,2.08647280267994e-05,1.18988713681293e-05,0.0435452313599041,2.98610046069344e-05,2.8819377357148e-06,0.00032814034210573,2.76619601565502e-05,1
"19996",3.31657084428983e-07,3.30881512340422e-08,0.983457041159974,0.0157543218159729,2.11487432368831e-09,0.000540925998611474,0.000247343274722171,8.90609807437621e-10,3
"19998",0.0852043748692806,0.00458049199127693,0.00389166819448231,0.0107842382514671,0.380362019198411,8.04668304909826e-06,0.515151852025651,1.73087863816988e-05,7
"20000",0.701061497470304,0.000195681763695488,8.85187684342731e-07,0.000267692792908618,0.001827830942439,0.000181802401991432,0.185590047754958,0.110874561686019,1
"20003",0.869448756101081,1.10690054547717e-06,0.000166967213843591,0.123098252039281,0.000578664067931715,2.85210989152033e-05,0.00657813346431294,9.95991140899413e-05,1
"20005",0.97529325083453,0.0226716633441117,3.43786619914645e-08,0.000333915213345039,0.00168705703836596,9.83063504097298e-10,1.09601438189046e-05,3.1180641032719e-06,1
"20007",0.0256519091577109,0.000235201126520098,0.0136125041505261,0.845306357175124,4.2487129159298e-06,0.000585983794663308,0.114594591181357,9.20470118206681e-06,4
"20009",7.06057485511382e-05,0.000208527019239267,0.913092984651843,0.0847853145237633,0.000177178610231253,0.000907699189564694,0.000754682085492626,3.00817131482683e-06,3
"20011",0.618266234894683,0.00944815385323666,9.28162902146105e-05,0.336300786725035,0.0353815219173946,3.16720270402726e-07,0.000489543195461318,2.06264037045648e-05,1
"20013",0.885087923706194,0.0974882711464116,9.2541994987969e-06,0.00572920052169197,1.0408764150263e-05,9.86832403941809e-07,0.0116697312592703,4.22357037888789e-06,1
"20016",7.83145536473724e-07,5.22577713809685e-06,0.91649397754085,0.0600949989733155,3.09087552111941e-07,0.0195795148725185,0.00382275290953946,2.43769355022632e-06,3
"20018",1.35944854736301e-10,1.01646654989954e-10,0.00586161922996258,2.43692485487366e-06,5.75365983488529e-10,0.993761131489748,3.34124343056508e-06,0.000371470299046544,6
"20021",0.00175552309389259,3.37112516642034e-08,0.230620308955542,0.766312116955661,3.7804095585279e-06,0.000987780326011934,0.000319766916786443,6.8963129591772e-07,4
"20023",0.0100310625705413,3.96790518515478e-05,0.0824880722481637,0.872245948525868,6.8464594377943e-06,0.000814302523433765,0.0343673983776919,6.69024301208427e-06,4
"20025",7.24216169914264e-07,1.25824947178247e-08,0.296586972604993,0.00707992244860711,1.28057066550372e-07,0.695595740001909,0.000195684739841752,0.000540815348917719,6
"20027",0.603836040353228,1.15516282435376e-05,2.06398571719277e-06,0.00352695222646569,0.383373335910461,3.33110949676389e-08,0.00921362960919324,3.63929755968736e-05,1
"20029",0.982417017764225,0.00750008422274909,3.98189989698226e-07,0.00041753543026851,0.00936070504593934,1.38000009830189e-09,0.000303960676713766,2.97290114803435e-07,1
"20032",0.990674748149175,7.78172161081854e-06,1.47460290332473e-06,0.00380237604042294,0.00521189276778574,1.53196656046141e-07,0.000264015279509207,3.75582419363554e-05,1
"20034",4.70199867306382e-05,8.61127459945727e-08,1.70353988619942e-07,1.45375899501135e-05,0.999937909956885,4.20902540976322e-11,1.23844231151592e-07,1.52113378897253e-07,5
"20036",0.0161529132579683,0.00844024327499563,0.000219509072995985,0.000187713224585243,8.46957097927196e-05,7.28513245441227e-06,0.974905272032,2.36829520820136e-06,7
"20038",3.56571603657141e-05,1.14878188728048e-09,0.572674820707551,0.123787585043721,1.37142891099863e-07,0.0477910515047014,0.25570851500641,2.23228557844231e-06,3
"20040",1.65198734248134e-07,1.5538499617794e-06,0.949319576529116,0.0377779452483948,3.96380713181705e-05,0.0127683140098573,2.34059169463729e-05,6.94011756710352e-05,3
"20043",0.000586710726353678,2.45850385831698e-07,0.931944034163671,0.0500342484479272,4.67347756083385e-08,0.00872857289725807,0.00870606286500135,7.8314627343228e-08,3
"20045",4.03663100871691e-09,1.46090701683013e-08,0.96401197927489,0.00151170641320183,1.42488641831306e-10,0.0344509344352306,2.52882961541776e-05,7.27923339864435e-08,3
"20048",1.66173747994595e-05,0.999983028331707,8.78029410759752e-09,8.17912381134675e-08,1.36301090769241e-07,1.0965503402183e-09,5.73126868282609e-08,6.90116332198649e-08,2
"20051",0.62171789136476,0.0119666764268965,0.0954315164168749,0.0998907209436453,6.15206797221822e-07,0.049691583726932,0.121237027061087,6.39688530068759e-05,1
"20053",0.000924777763861615,6.96036084547957e-05,0.102869237831145,0.895304472296047,2.49493478271906e-05,4.27305425590935e-05,0.000764010377262575,2.18232842552592e-07,4
"20055",0.00188937440629836,4.94101546265687e-09,0.0250611167128282,0.0727252326086027,6.14307273776235e-06,0.0391987441841491,0.860880043370324,0.000239340704044437,7
"20057",3.306606474382e-07,3.94836887621213e-06,2.33407008569119e-10,1.95162754117578e-09,7.69286014925455e-08,5.33291102050908e-05,9.18916890051373e-09,0.999942303557466,8
"20059",0.000566565911693739,4.96441955588889e-06,0.0724351740185473,0.925925428624625,7.79812193407402e-05,0.000528234078917218,0.000406078730525834,5.5572996794511e-05,4
"20061",0.00407127181396125,1.67682291688012e-05,0.0196352998938147,0.974942158988252,4.33557772660829e-05,3.84762835729381e-05,0.00125071653187111,1.95248209355832e-06,4
"20063",3.27579183483172e-06,0.983058666687492,0.0163565933606681,2.42823071730057e-05,0.000266957067485593,5.75708265042178e-05,0.000226912445946744,5.74151289570311e-06,2
"20065",3.6410779354805e-08,2.54813235804339e-12,0.0137275963492578,0.000281696718787011,9.90486433054394e-11,0.985838624514648,7.64413214162953e-05,7.56045835148825e-05,6
"20067",3.15259906840519e-05,0.000180772855885772,0.855198986661615,0.049146818366744,1.87604356497989e-09,0.0939151101291087,0.00152496419241411,1.81992750467782e-06,3
"20069",0.612791664266415,0.386995746576614,1.68837779029043e-07,0.000166211905625671,1.02355335992264e-05,4.16011874983084e-08,3.10619681632158e-05,4.86931061631647e-06,1
"20071",0.000711014212073551,1.19216500843216e-05,0.000215286374103781,0.0064308640268765,0.000961357757933319,4.29917766496275e-06,0.991657760786038,7.49601522584297e-06,7
"20073",0.0843717899200523,0.911609285511906,3.4780601176421e-05,0.00360836960309366,0.000373274890526058,4.57472071877007e-08,1.92140164359302e-06,5.32324394797438e-07,2
"20075",4.65023091947918e-05,2.1598944289782e-07,2.55478092016275e-07,6.85972907160679e-07,8.70760640173632e-09,0.079110632320411,0.000602420465944113,0.920239278756402,8
"20077",0.00111507917452282,0.000205705023088985,0.187992142152436,0.0997473477884212,2.71802293714938e-06,7.37502327043418e-05,0.71086323307806,2.45278300405787e-08,7
"20079",0.0358690818948137,0.853220134036175,0.0944359882600057,0.00357049759802013,1.47759504147528e-05,0.00163750780451945,0.0112491442314524,2.87022459923746e-06,2
"20081",0.000877162895060237,2.73068220885827e-06,0.166370960346642,0.305767071245244,7.87906907362464e-09,0.493016609961132,0.0337778959666882,0.000187561023955585,6
"20083",0.00299259111677886,0.799711798299268,0.000516505534837481,8.03473991105795e-05,0.000960486888963537,3.40757685000694e-05,0.195666334662022,3.78603305188559e-05,2
"20085",5.91095059203044e-09,5.52044870094427e-11,0.978788496672187,0.0012263103909753,5.35598651964542e-10,0.0195508034021117,0.000434368826549759,1.42064226846026e-08,3
"20088",4.54958679212672e-05,5.1401254340603e-08,0.923720452845174,0.0612693530451375,1.35102209427093e-08,0.0110197638667686,0.00394477320139474,9.62621285312498e-08,3
"20091",1.14261863318155e-05,1.41214033552225e-06,0.000162106659019081,0.00139783549470978,3.83110409821435e-10,0.926169226940203,0.000194992457984944,0.072062999738305,6
"20095",0.00196627629910216,0.791189071220284,0.00549275547122627,0.17464751435275,0.02626246487122,1.11930144458957e-05,0.000290720946437501,0.000140003824534386,2
"20097",1.37178280489331e-08,8.83722649179374e-11,0.916764870899197,0.00129654404104749,2.49577095557923e-10,0.0801025167804884,0.00183597339941846,8.08240712937449e-08,3
"20099",0.000253573800276921,0.00246418919890235,0.527082977894027,0.36341798706964,0.106725612065884,1.09141736785621e-06,5.45331675781455e-05,3.53863234643503e-08,3
"20102",0.000422312534922051,0.981549837967383,7.81016446219812e-05,0.000476649721787757,8.16788695105241e-08,0.00656910674595046,7.82800446135134e-05,0.0108256296618512,2
"20105",0.00119868546684942,0.000392429709446858,0.867081417084264,0.128055811122054,1.47620337824048e-07,0.00248074126769892,0.000790698898147989,6.88312003532959e-08,3
"20107",3.87634746663544e-05,2.70954247882095e-07,0.525520292496967,0.408988320665859,5.6331693609282e-07,0.000492921742443302,0.0649588228821874,4.446669324708e-08,3
"20109",0.0071569661451405,0.231138075834603,0.29129837011441,0.4697360826047,0.000651101516998642,1.10288605668856e-05,8.19055708166433e-06,1.84366499288401e-07,4
"20111",0.0291330395531176,0.000425774556524766,1.04020536524752e-07,6.72364229324873e-05,1.15327015700527e-06,0.000862371547174541,2.33562147017531e-06,0.969507985008087,8
"20113",0.00046624709524092,1.4713806384752e-07,0.0595737056397657,0.238861628644719,0.00361033898578209,2.37236068293437e-05,0.697463468677636,7.40211963079101e-07,7
"20115",0.982205456987741,0.000195517573620213,8.01712585339683e-07,0.00513819937502405,0.00377320235311835,2.93144947704603e-06,8.9483899689685e-06,0.00867494215846447,1
"20117",8.55545585270466e-05,1.34213895390424e-06,0.0201354482572182,0.0373531187141256,0.161380329154638,0.0428952131467069,0.0083564126702721,0.729792581359558,8
"20119",1.27886087973364e-05,5.75173216818327e-09,0.8954134292863,0.0553260699799304,0.015593054924934,3.52072843554634e-05,0.0336193672244465,7.69395042878849e-08,3
"20121",3.32899887128076e-06,6.75346573287296e-09,0.846486048449311,0.104989248848957,2.37524425134621e-07,0.00183044535504513,0.0466906045225218,7.95474032894133e-08,3
"20123",1.71457510874429e-06,1.99737978284991e-09,0.000168670230587701,4.46907941446823e-05,6.08377415422859e-10,0.979237911052719,0.000760613012347381,0.0197863977293349,6
"20125",0.927826454168803,0.0696299357998634,1.39343755837373e-06,0.00187488806533391,5.71227390037754e-06,4.51029028995652e-07,0.000647636225879031,1.35289996333001e-05,1
"20127",1.25889007913915e-07,1.77847890375627e-07,0.998052723789981,0.00112404330172551,3.40690275624494e-09,0.00080418172135109,1.87417952005191e-05,2.24794072228865e-09,3
"20140",0.000486061799669551,1.08254327661659e-08,0.00065146683367981,0.00557419099195321,1.13702896426212e-05,0.00197514975970174,0.99057511905004,0.000726630449879686,7
"20142",0.00404980709342656,0.995942690704267,1.74747695815664e-08,2.50078779704708e-06,6.06117706819583e-07,4.64171109584906e-09,3.74844444969513e-06,6.24735871838867e-07,2
"20144",0.926697641588935,0.00437499577282454,6.17956502561644e-07,0.00104677118204194,2.54937508258891e-05,7.19710169559295e-05,0.014444147652674,0.0533383610792402,1
"20146",0.269762494201294,0.342368425339849,0.000199430955320182,0.00308262063849294,2.08854998345318e-05,0.000158404478535915,0.384161845775651,0.000245893111021776,7
"20148",0.948915670838259,0.000113184723007248,0.000278242975742946,0.0205514243306419,1.09509265958644e-05,2.0955038566738e-05,0.0301057436932382,3.82747394828082e-06,1
"20150",0.661909082088276,0.335420821359522,1.71911804607535e-08,5.40017577677348e-05,0.00260918863350093,4.76670850305637e-10,4.17563019340435e-06,2.71286288856029e-06,1
"20152",0.863953814729066,8.81062791754186e-05,0.00184122561068861,0.10029852376871,6.30958517420465e-05,4.11333053418931e-05,0.0337067900783103,7.31037696624457e-06,1
"20154",1.639418612705e-07,4.21380668986005e-07,0.00434081683417336,1.8319195225517e-05,6.18335567182881e-12,0.995524233992522,4.81989906541355e-05,6.78456587109088e-05,6
"20156",0.00791970272823004,0.0268362313392834,0.0189822990033112,0.630512403291852,2.95021657302898e-05,0.00108728338131974,0.314380590218243,0.000251987872030821,4
"20159",0.490805091373725,0.508942349400564,1.71015749236877e-07,0.000147124838982664,5.93305989277744e-06,7.78170833945625e-08,9.01618158386609e-05,9.09067816433668e-06,2
"20161",0.00316821413107572,0.995417513865949,2.78176548627719e-05,9.14934961418396e-05,4.19165734546934e-05,1.06846446739677e-06,0.00124524714371397,6.72867033468288e-06,2
"20163",0.876768243742592,2.11897127325491e-06,0.00423339937461381,0.116507163766336,0.000780668712286039,0.000430182734809613,0.00107440550855015,0.000203817189538654,1
"20165",0.000178486276855479,0.996732622779576,0.00246874335652329,0.000610453007831437,3.36080065849264e-07,6.30657695514448e-06,2.97864736651944e-06,7.32748263484225e-08,2
"20167",0.970970237479945,0.00538937353778504,0.000112235065764261,0.0231943536363276,8.1460000015875e-06,1.06990710804794e-06,0.000324271954555113,3.124185129083e-07,1
"20169",9.6424477724527e-05,0.999902856701626,7.24253057491083e-09,1.91045010625747e-07,1.68720082757452e-07,1.2009396508732e-09,2.36518409459851e-07,1.1409367596931e-07,2
"20171",9.92605588379693e-09,9.59170089167847e-07,0.00220838129529344,4.0759233566776e-06,4.76721614955419e-12,0.997536804514346,5.84165587409891e-05,0.000191352607350257,6
"20173",0.000265102026747489,0.217189391179936,0.0573605317807354,0.00384101984130847,0.721322636050766,1.22817797998559e-06,1.81872296399932e-05,1.9037128866234e-06,5
"20175",0.897062996879257,0.00743490777077446,1.76326287312605e-05,0.0936170862935357,0.00025288262418879,6.02785398413125e-07,0.00158937077017662,2.45202479374334e-05,1
"20177",0.00051218792097144,8.82438803412127e-05,0.280785694696374,0.233279189345056,0.484838094007981,1.35507925060742e-06,0.000494810345696892,4.24724329158542e-07,5
"20180",1.84636737057744e-06,1.75802400856383e-11,0.912143634964244,0.0734068588839391,1.88929950389172e-06,0.0113955046521545,0.00304889242779655,1.37338741096558e-06,3
"20182",0.000131583544361344,0.991325713382356,6.85669545852617e-10,3.71508989503902e-08,0.00158718307892685,1.68479762827798e-08,2.73023201763152e-08,0.00695543800749067,2
"20184",0.0263831167445426,0.973209238095875,1.9879559847087e-06,0.00027685965710887,3.43328976913491e-06,4.82632760777512e-08,0.000124903914083192,4.12079360407284e-07,2
"20187",0.000335980944837591,0.000753287862515021,0.000442796657061334,0.00331907113147655,0.992431582091133,7.30660525311624e-09,0.00271700371375296,2.70292617901468e-07,5
"20189",0.0068509221639557,1.8225354240405e-06,0.120413449759534,0.866159260485748,0.00641794697354121,2.28963001561763e-06,0.000154264472721142,4.39790605721065e-08,4
"20192",0.000926915924712371,1.45115521344198e-06,0.692839540896678,0.165904885865798,0.0135822839595124,0.101099285099608,0.000116256372622136,0.0255293807258563,3
"20194",0.0502649918075761,0.668470657658854,5.11270807945016e-06,3.65698558139835e-05,0.138179488417152,1.8469741288737e-08,0.143040406668875,2.75441390871968e-06,2
"20196",2.39191346665645e-06,2.12838041890855e-08,0.266223315408727,0.00533162062641685,4.50856159959104e-09,0.727734026241876,0.000693533386033289,1.50866311153421e-05,6
"20198",0.276224959196446,0.000422671100632752,0.0249283083034232,0.554151071884827,0.000232113026332157,0.00114703182150377,0.14239577828534,0.000498066381495503,4
"20204",0.640359670865934,0.359334991046118,2.21278359777484e-07,0.000261567662791641,1.17455302536595e-05,1.31714500239407e-07,9.3960304734208e-06,2.22758715687992e-05,1
"20207",1.34900334272283e-05,1.46347121621398e-05,0.526588268692654,0.0104232964646749,6.81642399963311e-10,0.449168585233838,0.013782486488472,9.23769312919482e-06,3
"20209",0.16916067273264,4.34461085353223e-07,1.85767850191756e-06,0.00258281721978713,0.0125059566019516,0.000217423507575404,0.00512869186017515,0.810402145938284,8
"20211",2.86664314803463e-06,1.29745869713512e-08,5.72802398402339e-05,3.10597160504942e-05,6.22970383345437e-12,0.995752850629959,0.000895639124804397,0.00326029066538124,6
"20215",0.000577118600183362,4.17410988802237e-06,0.0992930776200999,0.00615858417453281,5.97230004330067e-07,0.000487153760553349,0.893479253167162,4.13375756997155e-08,7
"20218",0.0186101537553435,0.98137742997473,3.0715082959493e-08,8.85321062275928e-06,9.3525386095392e-07,7.43809269892047e-09,1.85580073259578e-06,7.33851533852865e-07,2
"20222",0.00148271593855807,3.53192027844758e-05,0.584677002884466,0.0134412498209069,9.41147616310333e-09,0.372513226742905,0.0278388637269967,1.16122719072129e-05,3
"20225",0.954833243760269,0.014029319937598,3.10546593453974e-06,0.000226179134416053,0.000152473393234472,7.17842423198307e-06,0.0300344683301488,0.000714031554167144,1
"20229",0.00101050839209044,2.87575265122972e-06,8.81320033700629e-06,5.37852919945918e-05,3.6640078312843e-06,4.93680213043475e-05,0.998821815097832,4.91702359587693e-05,7
"20232",0.00373731791444358,2.76556345573578e-06,0.0165766971334662,0.638135418416999,4.43157548246321e-06,0.00309514808265007,0.338368312502299,7.99088112038247e-05,4
"20234",2.66260140090364e-09,5.50368827868947e-11,0.809166129066463,0.000962313675561679,7.20436122351483e-08,0.189845987610416,4.5980897849139e-06,2.08967965238477e-05,3
"20238",3.17867540629305e-05,6.35440986126566e-06,0.556474275501314,0.431989353616641,2.8967624341229e-07,0.00421354688332896,0.00728312724782478,1.26591072373967e-06,3
"20253",4.03606786285979e-06,2.3812170431411e-07,0.45013661040311,0.00215792787365477,1.55948079320564e-07,0.000951819512547138,0.546749200039073,1.20339683475316e-08,7
"20255",0.993653112010685,0.000108092689645302,1.97024210145779e-06,0.00438296041438156,1.3670075024632e-06,2.12295482540605e-05,0.00164416159813391,0.000187106489296793,1
"20258",8.0325044451632e-06,9.52333694157495e-09,0.916252141783492,0.0834660752764585,3.01238286736872e-07,0.000251371177193864,2.20580373674785e-05,1.04594194249031e-08,3
"20269",0.0075484675362388,0.0262446380544252,0.282181302908315,0.683906147014975,1.564971423705e-05,9.23267219993531e-05,1.10961231584842e-05,3.7192665209245e-07,4
"20271",2.06029686555372e-05,3.45894178980459e-08,0.871647556660456,0.122931324834806,0.0053351128387146,1.0982798145401e-05,5.43285855135925e-05,5.67242910366544e-08,3
"20285",0.0138433746143857,0.000499651902344498,0.00040609332354777,0.00165445507537282,0.975420857360297,1.94507489725533e-07,0.00816954299341774,5.83022314448041e-06,5
"20288",0.00111701830814053,2.15116363787318e-05,0.0750496679665121,0.132504002288465,1.13013676042759e-06,0.00101088236538266,0.79029492263928,8.64659080845798e-07,7
"20291",8.38712652413166e-06,9.57696218813827e-07,0.161176228356267,0.327652991798817,6.76020841872027e-08,0.507854149456077,0.00208763721552807,0.00121958074848411,6
"20295",0.017541022810315,0.0069209196645888,0.224362614350095,0.657638012346932,0.0934825802112409,3.40451040302043e-05,6.2472751294829e-06,1.45582376692274e-05,4
"20298",0.998305716196432,0.00120486101779286,1.09789550272545e-07,0.000305854325778864,3.02954343276018e-05,2.78502246226876e-08,0.000148822083950575,4.31330194284818e-06,1
"20302",0.360093380160194,0.631998946236592,3.25227076989404e-05,0.00593517510964107,0.00190175144682328,1.66043927309525e-07,3.07025820057158e-05,7.35571311851334e-06,2
"20305",0.998525462285568,0.000147552731642627,9.20807949473353e-08,0.000311744008082718,0.000978773846803719,7.16954768871762e-09,3.1310467882929e-05,5.05740967761427e-06,1
"20307",7.28048529358027e-07,8.6496368053595e-09,0.942168525236043,0.0534301566089738,2.72655261768756e-09,0.00372836105306133,0.000672195534538033,2.21426648783207e-08,3
"20310",2.13852277321833e-09,1.33850587752987e-09,0.995202136488645,0.000709391444756989,1.28809771055473e-08,0.00407060921979242,1.78245119257211e-05,2.19768734816774e-08,3
"20313",0.000463099477983017,0.999528867790027,1.41714968807221e-09,1.95119489875838e-07,7.7263336020687e-06,4.54865998666339e-11,5.02243407753169e-08,5.95919212526063e-08,2
"20315",5.3567687109631e-05,1.69071639907977e-07,0.716574314831622,0.27472693239594,6.6104725827667e-06,0.000303549413809799,0.00833479054318634,6.55841087255673e-08,3
"20319",3.21417212092788e-06,6.45617686390457e-09,0.0922239607974848,0.00027309308743371,4.38936303900165e-09,0.902699793649843,0.00475463780328657,4.5289644291168e-05,6
"20321",2.18729734558269e-06,1.47344608636047e-06,0.992152353329331,0.00547556488588748,1.2512772896838e-07,0.000155160324560014,0.00221313409196064,1.4970996205358e-09,3
"20327",1.47877864743368e-06,3.27215458439187e-08,0.873875417854124,0.126089849660592,6.95500113927848e-06,1.78092843976978e-05,8.45380117321509e-06,2.89837997069745e-09,3
"20329",3.34786548458268e-05,2.07425718635989e-05,1.60115704398551e-08,1.06214555024843e-06,0.999943302518647,9.83147554303306e-13,1.38485153342001e-06,1.32450058744575e-08,5
"20335",2.59164361453695e-07,1.67957390169071e-07,0.34674967284871,0.0072579479020339,3.81446434081925e-11,0.645865929469677,0.000122652486536831,3.37013314677748e-06,6
"20337",0.861186897921609,0.138466359481704,2.28081099376278e-07,0.000298279603466773,5.78397320449181e-06,1.035386677871e-07,3.47210364649451e-05,7.62636378305948e-06,1
"20339",0.0023054787401571,8.77701236398764e-07,0.000854088590052956,0.000528392315691765,0.000134618910949427,0.158851054262291,0.568323082242378,0.269002407237244,7
"20341",2.32504193742846e-06,0.000321246092822818,0.00616957597788418,0.00121611386634574,1.0390644314937e-09,0.983070154965621,0.00176795926963784,0.00745262374668665,6
"20343",2.79849107586983e-07,1.50557627204756e-05,0.978670101811334,0.00104248997755747,5.16027984309581e-09,0.0201081580305765,0.00016365235811824,2.57050306358926e-07,3
"20345",0.866291288101905,2.48208379822413e-06,0.000101249712128666,0.0968621287443356,0.0280475912922524,1.9707723278631e-06,0.00862617153963716,6.711775361543e-05,1
"20350",0.000829097596373939,0.00064697391082302,0.00287618965664531,0.00102860351876372,8.83955357457252e-05,0.000966714069333633,0.992771621085672,0.000792404626642362,7
"20352",0.000243262981978585,0.999755605505518,5.64951190786499e-08,7.79256367168538e-07,1.50396940891567e-07,3.46939578580178e-09,9.06586483502318e-08,5.12360325181451e-08,2
"20355",0.0110450001060457,0.986731656436351,0.000194788048981614,0.00162362676283036,4.61294781884038e-05,8.48565059313455e-06,0.000317209105688867,3.31044113205482e-05,2
"20358",0.0180194665092063,0.00484934925363008,3.88256141165675e-07,6.5729210762506e-06,0.977111368040965,1.22370287065195e-10,1.27278940614086e-05,1.27002549474511e-07,5
"20363",2.08198145148548e-05,1.70244410549274e-06,0.97542130544623,0.0203249272825759,5.67452903619079e-08,0.000326352010967194,0.00390483431596153,1.94035440814661e-09,3
"20365",0.00409815234055907,2.92563536217034e-07,0.0309779040488411,0.111616524213186,4.57822673311469e-08,0.798607858392676,0.0528396778693295,0.00185954478960469,6
"20379",0.961571853139886,0.000540426675933832,2.11638936691451e-06,0.0293575128881959,0.000181094816468991,9.08474811651137e-06,0.000173195464079929,0.00816471587795223,1
"20387",6.80783069262281e-05,7.3069383953949e-08,0.738792298494225,0.247856086815825,1.92074328460618e-08,0.0131088657307687,0.000174053757969213,5.24617469575912e-07,3
"20392",4.45993126702085e-07,3.69657279346268e-10,0.000144059893903137,2.46676826428762e-05,4.28238956047065e-12,0.998802042909483,5.36532986102086e-05,0.000975129848294967,6
"20395",0.586040002148444,0.000614636679391067,0.000446722523040371,0.0747754194718558,1.95902464277161e-05,2.9355391355645e-05,0.33805776915091,1.65043885759087e-05,1
"20397",1.3792083175505e-05,0.00203284071487473,2.33607380639544e-09,5.90162845134446e-08,0.997953055716795,2.11327920158011e-12,3.6458470051266e-08,2.13672212608946e-07,5
"20410",0.00102170560179885,3.55379367529335e-09,0.240067602452866,0.757424572358505,0.000108135821217404,0.000737335455060818,0.00063832817077892,2.31658597957597e-06,4
"20414",0.82904200346437,0.167221721963414,2.72390848396981e-05,0.00365007599775279,4.79548327844894e-05,4.00125003331876e-07,9.126087805554e-06,1.47844403003546e-06,1
"20417",1.29137546004794e-09,6.09690171682418e-10,0.190646526522252,8.75919226458546e-06,2.60270570545804e-06,0.808363778509444,7.99024141851994e-05,0.000898428755083366,6
"20419",4.6576202576493e-07,1.40384395943044e-07,0.985753302993071,0.0142009325072846,2.27633748656603e-06,2.77870399084634e-06,4.01032696205823e-05,4.21251407984121e-11,3
"20421",0.165293556137027,0.77724915316383,5.82724887341569e-05,0.0388507613074841,2.3488481572024e-06,0.000884861661658745,0.000358607103471567,0.0173024392896367,2
"20423",0.678996489162197,0.316602764570112,1.90909195765299e-06,0.00416879631379961,3.47760585691633e-06,2.43078772379092e-06,7.29659971491068e-05,0.000151166471204856,1
"20425",0.346655715355727,0.628299007668768,1.19566113982891e-05,0.000444039416387243,9.66381610693514e-07,2.39463303823721e-05,0.0245360775581173,2.82906776091476e-05,2
"20427",0.682006958736987,0.000119879348315799,0.00217403911625625,0.311578666307394,3.77332225087755e-05,9.08991236187811e-06,0.00407273955611648,8.93800059627423e-07,1
"20429",7.18324343317452e-06,0.000162795378958677,0.890522735657354,0.0898220186851186,3.90001145856087e-05,0.00349241150943219,0.0159421898641775,1.16655469398891e-05,3
"20432",0.279529924898547,0.719943823117481,1.20772838836916e-06,0.000116324358012185,0.000403188037664738,5.25746135710446e-09,5.15113850685033e-06,3.75463939189696e-07,2
"20435",0.0134755847334193,1.14862580812216e-06,0.0342330883081622,0.91483510649957,2.85041712924253e-05,0.00522042991561477,0.0319005694237557,0.000305568322377865,4
"20438",1.65230954504062e-05,0.000124948884331747,0.962804614718907,0.00922683373001206,1.17921006056425e-05,1.42195686076396e-05,0.0278010665500957,1.35199017799681e-09,3
"20440",7.06067430435343e-06,3.74234391559887e-06,0.924455602199481,0.0754726473581651,2.96138108343821e-06,5.05907281340464e-05,7.38750862788529e-06,7.80628799768871e-09,3
"20443",0.00022372943632991,0.999308461348006,4.09092892702004e-06,5.60167526994021e-05,8.4417165728506e-07,4.07939573007117e-07,0.00040463307004925,1.8163527585455e-06,2
"20446",0.430048689562353,0.00325629648592395,0.261091918783199,0.292393810124225,0.00198523174514724,0.00168849944293747,0.00949348577054586,4.20680856686706e-05,1
"20449",0.00876294516040022,2.21292940945439e-06,0.0173251512888906,0.235080522763313,1.40434320761646e-05,0.00187392399892107,0.736897907279094,4.32931478955452e-05,7
"20537",0.000975009735182101,7.19003221769294e-05,0.152963735203026,0.3665621599201,2.58112622586692e-07,0.475810534510432,0.000315045804636945,0.00330135639182439,6
"20540",2.29452772130779e-07,4.07354522984329e-10,0.000874202034930032,0.000636922633015242,2.41261044136562e-10,0.986872225125935,3.22067893539195e-06,0.0116131994257969,6
"20543",0.135809791793894,0.000728853642845641,0.00304973463392584,0.859886561128735,7.21135745744739e-06,8.59344493898886e-05,0.000419248568068612,1.26644256840363e-05,4
