"","V1","V2","V3","V4","V5","V6","result$classification"
"19811",2.76467098452649e-05,0.0548623665364055,0.00105864563245351,0.00222404787829024,0.941827148494466,1.44748539331136e-07,5
"19813",7.93751218058481e-07,0.999962365098327,1.18252982614724e-07,2.33770566632426e-06,3.43834004231123e-05,1.79138317507436e-09,2
"19815",0.00108016685337197,3.26239519827712e-06,1.38647707066203e-05,0.0200236720257933,0.978548191564231,0.000330842390699128,5
"19817",9.18679103941694e-05,1.06777436283678e-05,0.000580984846749242,0.00347141496559677,0.995838638315809,6.41621782219823e-06,5
"19819",0.820795209866247,6.83463246206922e-10,3.81405524164062e-07,4.05229852143656e-05,3.8836152902888e-05,0.179125048906648,1
"19821",0.00100464309375272,0.0171564574856739,0.0244553549856972,0.000783947995622754,0.956599358871867,2.37567386398824e-07,5
"19823",0.000341073026145424,6.31244512814184e-06,0.000207167639426609,0.000777606236501463,0.957121903666205,0.0415459369865937,5
"19825",0.101625281511538,0.00465020681139924,0.884826979504283,0.00633523598292575,0.00224924997040169,0.000313046219451951,3
"19827",0.000299206794703904,9.79103523672346e-07,0.344563962307689,6.73277097591138e-05,0.655007195822785,6.13282615392789e-05,5
"19829",0.9897368018542,4.56958435991026e-06,0.00765881138079696,0.000472051273250151,0.00205745860414518,7.03073032479613e-05,1
"19831",0.857237837958967,1.20372012508126e-06,4.87965768674939e-07,0.0001092098620899,0.0002455503875928,0.142405710105457,1
"19833",1.69209473189801e-05,4.592464547024e-06,2.45161413404209e-05,0.00243422130347247,1.46998078972608e-06,0.997518279162531,6
"19835",0.00100464309375272,0.0171564574856739,0.0244553549856972,0.000783947995622754,0.956599358871867,2.37567386398824e-07,5
"19837",0.000642956491425244,4.94090681960903e-06,0.024286943414431,9.56111363441064e-05,0.974964512038353,5.0360126268407e-06,5
"19839",0.964748656081701,0.00177350146358588,0.0273228378902071,0.00185887643723233,0.00427378183888891,2.2346288384851e-05,1
"19841",1.29647262358303e-05,5.44444881419417e-05,0.999915900933481,1.22480952438359e-07,1.65469685384676e-05,2.04026506821731e-08,3
"19843",0.972249766931684,0.0205858113095343,5.18014418578633e-08,0.00706391654528853,2.74381523414511e-05,7.30152597103594e-05,1
"19845",2.21537485374253e-06,0.944548407254738,1.93485302194327e-05,0.000247770846962025,0.0551821948415081,6.31517187022323e-08,2
"19847",0.00457675218016038,0.0091908666127287,1.83153018184718e-05,0.0229257389705111,0.963232998829034,5.53281057473624e-05,5
"19849",8.31648656632826e-08,0.999933233419947,2.65197371286975e-07,4.6798410315864e-07,6.59496314138493e-05,6.02299064263004e-10,2
"19851",3.06187427350117e-05,3.25712696634273e-05,4.02524665668252e-05,0.00119860658504355,0.998689464672346,8.48626364522766e-06,5
"19853",6.98238886716878e-07,0.0250662441901238,0.000556798169408274,0.000240833701078519,0.974084880843252,5.05448572511657e-05,5
"19855",3.41085482097153e-06,0.00126424544298036,0.00354008450636314,0.000288122994339236,0.99490216565706,1.97054443588956e-06,5
"19857",0.00754049366092925,0.0164647202838449,0.0185976500946711,0.0110334520013678,0.946362675484454,1.00847473303507e-06,5
"19859",0.000764639080458864,1.96430781611027e-05,0.00992564748047515,0.00266931250074112,0.986567642102531,5.31157576322675e-05,5
"19861",2.60356123850876e-05,0.165328565925835,5.26914470839472e-05,0.000873488816878843,0.833718591938766,6.26259052014186e-07,5
"19863",9.63237042822917e-08,0.990189514031964,0.00977820760380011,1.01324627172449e-06,3.11679539902758e-05,8.40269193990457e-10,2
"19865",2.56500289732829e-06,1.98676971531711e-06,0.997464640933784,7.10890013803946e-06,0.00252367889782686,1.94956386835492e-08,3
"19867",0.000659152526890578,0.00945796633727459,3.94392491830975e-06,0.0127510984043836,0.977111547872472,1.6290934060744e-05,5
"19869",1.55819352300552e-07,0.993461861359808,6.60965566111123e-05,2.90171689914561e-06,0.00646898303295204,1.51437777457329e-09,2
"19871",0.0020774722712847,3.0341043349749e-06,0.0319596187924909,0.000950386201409205,0.964956413403838,5.30752266421998e-05,5
"19874",1.25590359689662e-05,9.69176172114986e-06,0.77157430973212,0.000567030334675144,0.227832059341666,4.34979384857296e-06,3
"19876",2.39225576553261e-06,0.000507532764626684,0.254120840055494,3.56640824806355e-05,0.745333452026199,1.18815434683528e-07,5
"19878",0.00379496124941823,8.84958296957811e-06,4.19216038768485e-06,0.995426125773841,0.00070938002865249,5.64912047311319e-05,4
"19880",8.98713363125126e-08,1.82826498510401e-05,0.998386644759856,2.14328476661784e-07,0.00159476407482303,4.31565644133197e-09,3
"19882",1.94384237458979e-05,0.315831214793949,0.00157252850343321,0.0135288431853438,0.669046427181341,1.54791218686542e-06,5
"19885",0.00429184888874602,1.25440047520299e-05,0.000505913262736915,0.00690299826637904,0.988282482208078,4.21336930782068e-06,5
"19907",0.000217301119384981,0.0905187005318649,2.59136751919222e-05,0.0177192567366922,0.89151538166706,3.44626980656808e-06,5
"19909",0.990175171121949,0.00017097915307855,5.95930091584126e-06,7.2046514325482e-05,0.00954848937008434,2.73545396462464e-05,1
"19911",0.952800957672133,2.5985991700912e-05,0.0200093303765421,0.000644477389051375,0.0257787868611795,0.000740461709392869,1
"19913",3.26210921282832e-07,6.02658724929531e-07,0.9999774216242,6.23844781103203e-08,2.1558080995575e-05,2.90406795597311e-08,3
"19915",1.33552173673904e-05,4.45579397371245e-06,0.361698043204528,0.000204769009074567,0.638076130944885,3.24583017178444e-06,5
"19917",3.76099862899081e-05,4.29006885303299e-06,0.984867130872511,4.84517336167351e-05,0.0150418608953337,6.56443395689953e-07,3
"19919",0.000216674187333961,2.67044266060993e-06,0.118619558373932,0.00426390728291513,0.87687821438717,1.89753259877935e-05,5
"19921",0.000160272662945888,0.000343809179628704,1.13832011205006e-05,0.00603172281676721,0.993448056802079,4.75533745893976e-06,5
"19923",0.00208253594969247,3.65024907117463e-05,2.5727886353349e-07,0.976243049231121,0.0207230002478449,0.000914654801766269,4
"19925",1.0372814065875e-05,1.67096024255285e-06,0.930861940712193,0.000143280627649126,0.0689817399138395,9.94972009693679e-07,3
"19927",3.24225808239782e-05,3.66137498103872e-05,0.00016818621798873,0.00033203932475066,0.99942711064191,3.6274847165846e-06,5
"19929",2.62800263305914e-07,0.406563720085295,0.593250983506581,2.84783514156438e-07,0.000184747428416581,1.395929642345e-09,3
"19931",0.000456757543545988,1.52054416237488e-06,0.000693504467525474,0.000871569355739233,0.997941585868094,3.50622209330823e-05,5
"19933",0.655860357644782,9.3758987867974e-07,0.00090795425056733,0.00049000012493572,0.341980926509085,0.000759823880751077,1
"19935",0.0718659114015833,0.000926113326712523,0.00149435542306879,0.0174301923503517,0.90827865416445,4.773333833215e-06,5
"19937",0.000177311185825838,4.4965678024188e-06,1.61745430545614e-05,0.00323657717961655,0.996454293760975,0.000111146762725286,5
"19939",0.000408333680626945,1.02431707335962e-05,0.00140349394141357,0.224908599778001,0.773232574782794,3.67546464307955e-05,5
"19941",0.946076594874373,0.000278153263076359,0.046072179232216,2.61196512264699e-05,0.00750077750000054,4.61754791076905e-05,1
"19943",7.84933600613659e-07,1.99638122272294e-07,0.999049736606209,1.86214236683997e-06,0.0009472052507619,2.11428938938689e-07,3
"19945",0.901122915379164,4.31610472289481e-07,4.00348977382011e-05,0.00729208006149109,0.0896590985599157,0.00188543949121879,1
"19947",0.108575311072753,0.0246628356013587,0.846583344130789,0.000789160065935433,0.0192782417894984,0.0001111073396658,3
"19949",0.0286072435974365,1.44432643109095e-06,1.75273228457663e-06,0.909712399471747,0.0589907410424017,0.00268641882969951,4
"19951",0.000964039281362084,1.69896220998645e-05,0.69548630626889,0.0424643641045821,0.261053632516681,1.46682063845923e-05,3
"19953",0.118239430012902,6.81375182688134e-08,4.20175792335343e-08,0.00160014950712294,0.000868328370968593,0.879291981953909,6
"19955",0.685427313636868,2.02209911501684e-05,2.40605838810411e-06,0.279791698802264,0.00203038420797027,0.0327279763033587,1
"19957",0.000855909884857463,3.52059508056783e-05,0.865816570230497,0.000336131008292301,0.131947735396187,0.0010084475293614,3
"19960",0.990837326778255,4.57517454921948e-05,0.000281377747319132,0.00733881285901473,0.00143748824072229,5.9242629196587e-05,1
"19963",0.000286028525189835,7.11679131221239e-05,0.941487075866189,5.74043533676403e-06,0.000494595804860065,0.0576553914553017,3
"19965",0.863814259717093,6.51876380024122e-05,2.38821473658167e-08,0.135766822951796,0.000115353900593263,0.000238351910368115,1
"19968",0.00140953741831998,0.193350647089401,0.790742649347312,6.64081454375874e-05,0.0144307517421744,6.25735455333287e-09,3
"19971",0.000633136508486693,6.04358116548514e-07,0.997432404129968,4.02811251809673e-05,1.89821890810753e-05,0.00187459168916698,3
"19973",8.31572393105635e-05,5.17780775430437e-05,0.00372453241673334,0.000652896900730476,0.995487298432223,3.36933459014857e-07,5
"19975",2.89236224835198e-05,3.89154166611076e-05,0.970228402559796,5.89249880805666e-05,0.0296448072436854,2.6169292830079e-08,3
"19977",5.00580716975085e-05,0.000146281552368188,0.998188387411316,0.000922541649425544,0.000656703184069962,3.60281311233546e-05,3
"19979",0.9997525934372,5.01623193209355e-10,6.63347196907765e-07,1.03364300994815e-05,1.44258069493636e-06,0.000234963703184947,1
"19981",0.0114138948560973,0.000965068656601183,0.00039232036674471,0.00117291306125184,0.986045223895959,1.05791633459075e-05,5
"19983",0.0176970671558126,0.000747196481350984,3.29055722607355e-05,0.317825064757094,0.663635636670664,6.21293628179977e-05,5
"19985",2.82866002148172e-06,5.98469102952056e-05,0.791627850101875,0.000151045436461232,0.208158246207982,1.82683364891535e-07,3
"19987",0.0346869890277885,6.60913659281849e-06,0.0330275531481819,0.000331067883114214,0.931890849508984,5.69312953389099e-05,5
"19989",0.996426546715204,1.40007254111002e-09,3.39965252505762e-09,0.000142612258068675,1.9152470479436e-05,0.00341168375652244,1
"19993",0.154517232427535,1.32404351428438e-06,0.0167006912408894,0.558737645138265,0.269690502098671,0.000352605051125158,4
"19995",0.753070669524715,1.00881096550394e-05,0.00580177847362325,0.0378837693604692,0.203012618360487,0.000221076171049538,1
"19997",2.51692834298827e-05,5.62431624937467e-05,0.00668528765103053,0.000401078206631915,0.992830725057508,1.4966389052801e-06,5
"19999",3.95933735049255e-06,0.00131432037180761,0.0379211786396513,7.73263296939324e-05,0.960683127203035,8.81184617871304e-08,5
"20002",0.000232641581455444,0.510804801424459,0.488466584136528,9.68627218165507e-07,0.000493625169965154,1.37906037336942e-06,2
"20004",0.878446250173766,0.000363803777368758,0.00469673911761902,5.43508802939131e-05,0.116398212041536,4.06440094159597e-05,1
"20006",0.493897636852595,0.00206746299934217,0.000677314585063822,0.495210295422274,0.00659992350511109,0.00154736663561381,4
"20008",0.180811233861421,8.83666482139124e-05,0.000104698899024289,0.811706696806464,0.00426950335732791,0.00301950042754885,4
"20010",0.612733175347549,2.6905300389563e-08,3.45190631251635e-06,0.346445053771366,0.0153591909402311,0.0254591011292407,1
"20012",3.75787234486467e-05,0.011496016052645,0.821769336839424,0.00306744740535961,0.163629484794779,1.36184343871315e-07,3
"20015",0.997206509005276,7.7400980163512e-07,3.4104689034579e-08,0.00278016155573785,9.63015711485007e-06,2.89116738096246e-06,1
"20017",1.50051561843953e-05,0.0030845985353819,0.0163286206980417,0.000116542688023477,0.980455091583029,1.4133933904703e-07,5
"20019",0.997142118843341,2.14891611283751e-10,5.6451406595915e-09,0.000583876672674054,2.10912792960896e-07,0.00227378771115911,1
"20022",0.987657856704553,2.838413973825e-08,1.30996410760819e-06,0.00750524650362882,0.00356533249030726,0.00127022595326331,1
"20024",0.424409623261673,1.37209151759323e-07,4.65133737454764e-08,0.000522139309533189,7.3901768126304e-06,0.575060663529456,6
"20026",0.424409623261673,1.37209151759323e-07,4.65133737454764e-08,0.000522139309533189,7.3901768126304e-06,0.575060663529456,6
"20028",5.41181895574361e-06,0.000181446640213609,0.0957261292114771,2.52951114840847e-05,0.904061206576052,5.10641817302728e-07,5
"20030",0.999840703700347,4.18888102303246e-06,6.87177065730195e-05,8.50879960534693e-06,7.30294654298543e-05,4.85144702145045e-06,1
"20033",0.000834921205556692,4.02310697451438e-05,0.166433815126901,0.000239452445655751,0.832448648507091,2.93164505022318e-06,5
"20035",0.995499841609755,5.67682951798614e-10,6.63342395970532e-09,0.00105727805746212,6.6841308240534e-07,0.00344220471859397,1
"20037",0.997724377061757,1.78988818174744e-08,2.01606226666054e-10,0.00194161937205389,7.88844216144822e-07,0.000333196621485211,1
"20039",0.0001496390769995,1.30745999086637e-10,5.02189974851532e-11,5.84133869637099e-05,8.18978843996009e-08,0.999791865457187,6
"20041",0.00689066288481671,6.66831111316924e-06,4.17518275658346e-05,0.97841428764583,0.0134222345229727,0.00122439480770102,4
"20044",0.0476198896975874,3.14316078917705e-05,0.00209314103056681,0.87773657401508,0.0636817718728007,0.0088371917760736,4
"20047",0.993625715512466,1.32546377158845e-10,6.53688254043618e-08,2.5441480190385e-05,8.47021933290112e-08,0.00634869280377854,1
"20050",0.0680699644206492,1.93015406882311e-09,2.59398810015891e-05,0.441243033230813,0.00581822732505838,0.484842833212323,6
"20052",0.011578064202059,6.37442671570866e-07,0.0253929915838502,0.0150928151029315,0.947169710759952,0.000765780908535329,5
"20054",0.999474034297388,1.52173691459262e-05,3.79776586746767e-06,0.000272362033039275,0.000233406334719534,1.18219983944123e-06,1
"20056",0.000119824713552396,6.02616013105479e-07,0.997829805626191,2.69285601650829e-06,0.00204520139380054,1.87279442657138e-06,3
"20058",0.998671009110673,1.68251962040951e-08,8.34187615070237e-10,0.000344516356495842,1.40736984996807e-05,0.00097038317494779,1
"20060",0.000540033478681225,2.07082397556032e-05,0.00025251370860468,0.00151125056856937,0.997664369858321,1.11241460678952e-05,5
"20062",0.00530614861563444,3.55790196765813e-05,0.000133176919609396,0.187371545786603,0.807134837426583,1.87122318938755e-05,5
"20064",0.976205286217831,1.95595860698512e-07,0.000176545237171221,0.000456214920796559,0.0230897377119517,7.20203163890269e-05,1
"20066",0.99996879002178,5.77767982722938e-07,6.83694581066167e-06,5.06138905926025e-06,5.00999689404836e-06,1.37238784727865e-05,1
"20068",5.10406999095012e-05,0.00161940787573693,6.69971944636508e-05,0.0120717076650665,0.986189343623504,1.50294131982737e-06,5
"20070",8.3465933177764e-05,8.77176820928811e-05,3.5020942981707e-05,0.0158654160243848,0.9837057444786,0.000222634938762939,5
"20072",0.978869874172794,0.0043178102397226,2.45835060069886e-08,0.0165050819992006,0.000280926518158561,2.62824866175946e-05,1
"20074",5.83132464350329e-08,0.000396185476529851,0.999558548724644,2.36141813434091e-07,4.49685079808896e-05,2.83578521956177e-09,3
"20076",0.00943917511550233,0.288976388643561,0.654220227998881,0.000540550354283032,0.0468235458661143,1.1202165825041e-07,3
"20078",0.961622109179112,1.06755388622171e-06,0.000113297794256876,0.00368376680493173,0.0322032629649395,0.00237649570287439,1
"20080",0.998819164059184,7.24783264839504e-11,1.77650703277324e-08,0.00027349793036327,1.80230836750061e-06,0.000905517864536858,1
"20082",0.00333690392031016,2.27000976877769e-11,3.44203843104569e-08,1.13166262317376e-05,5.68690997985945e-06,0.996646058100394,6
"20084",0.948654751758387,3.07539156323128e-07,0.0270373841019359,0.000534146267398039,0.0117784528876122,0.0119949574455111,1
"20087",0.9196588045758,4.17558116732891e-05,6.06409438317057e-07,0.0624391341485087,0.0172819107260185,0.00057778832856132,1
"20090",0.914735888071108,2.61094477020113e-10,1.59106230966048e-07,0.0619072005007663,2.38898359428351e-05,0.0233328622248575,1
"20092",0.0142606503470957,0.000800717717515346,1.02729749519272e-07,0.290986056828713,0.0460774516316534,0.647875020745273,6
"20096",0.00705907958158067,1.22589135271417e-05,0.00778778090847977,0.0726474420725712,0.523634806498508,0.388858632025333,5
"20098",0.000203643811385009,5.86882925731614e-06,0.164797957032342,0.000406234105218985,0.834579999227024,6.29699477237157e-06,5
"20101",0.998256877257741,2.19419829943133e-09,0.000104859657312577,0.000395210169683805,8.13948655302295e-05,0.00116165585553365,1
"20104",0.000105757654316037,0.441541382792412,0.00139248940529982,0.00307060048639229,0.50215702312674,0.0517327465348398,5
"20106",0.993756053899384,8.18997314838887e-09,4.92641963959025e-05,0.00558267304557926,0.000560327878306229,5.16727903619517e-05,1
"20108",0.000307070840582423,0.000171880710133311,0.0116972037168505,3.12743473606999e-05,0.987791720048883,8.50336189708387e-07,5
"20110",0.00401544959418878,4.131717192444e-07,0.125476284952037,0.333769737816199,0.372604258016082,0.164133856449774,5
"20112",0.69632423034366,3.70356955818437e-08,2.4312023055916e-05,0.281738709739851,0.0103080706080575,0.0116046402496802,1
"20114",0.859333052495371,2.31874869997334e-06,0.067913671341267,7.2875428871654e-05,0.0711107503264417,0.00156733165934831,1
"20116",0.978525412747952,3.66366199501879e-05,0.0164415590299517,0.000127033156824068,0.00486337582205982,5.98262326197142e-06,1
"20118",0.0528388864572914,2.97960699015249e-06,0.0584065684023539,0.000668717027038267,0.887876895106844,0.000205953399481987,5
"20120",0.961147170923875,2.03812090879444e-09,0.00075866208158747,0.00650714249387093,0.00582382856507482,0.0257631938974711,1
"20122",4.19319224169412e-06,1.47938069635107e-05,0.998428324110964,7.65606974330819e-07,0.0015519056150718,1.7667784519954e-08,3
"20124",0.996657798483139,1.24017838054772e-07,1.86893582559788e-09,0.00122932829237041,8.73739297021365e-06,0.00210400994474676,1
"20126",0.00488507809093676,8.94857491983027e-08,1.17472876747761e-07,8.25933465416207e-05,1.41972878240789e-06,0.995030701875113,6
"20128",0.1674602753895,1.38080544110282e-09,1.19151159103914e-09,0.000231651756348258,2.30361986137014e-08,0.832308047245636,6
"20141",5.89924331372782e-05,0.000109376006604746,0.0578660917781925,0.000186520721006896,0.925380785859929,0.0163982332011298,5
"20143",6.29568368802925e-08,7.89020922500817e-06,0.999965693026633,3.10537103623096e-08,2.63187537795701e-05,3.9998146970382e-09,3
"20145",0.982063599519072,1.98510980185041e-09,5.50356314748395e-06,0.0070875148201346,0.00691359264943178,0.00392978746310432,1
"20147",0.998147663350895,1.75896413287638e-08,3.78538883266772e-06,0.000617959298310261,0.00112734279569154,0.000103231576629696,1
"20149",4.45349685815471e-07,8.3335225473217e-06,0.998670406764538,1.02685800151246e-06,0.00131975413814445,3.33670834691176e-08,3
"20151",0.000250345447750375,4.93081909850337e-06,0.0595113127695006,0.000526271424386842,0.939704393984104,2.74555515999554e-06,5
"20153",0.0011302605379172,7.66225177261326e-08,0.563785843503436,0.00306061616874458,0.424425096191754,0.00759810697563113,3
"20155",0.952131283271322,5.72946052739801e-08,3.69307373086034e-07,0.0476140901140946,0.00011846296844983,0.000135737044155495,1
"20157",0.000117907511652317,4.4449365040845e-06,0.466777643752775,6.72696989384863e-05,0.533024147496837,8.58660329316243e-06,5
"20160",1.41681339942833e-07,1.24786717026925e-06,0.999953943491209,4.36862834967269e-08,4.46128485608856e-05,1.04254366000268e-08,3
"20162",1.82515586716841e-07,9.77855221112909e-06,0.995770174318416,5.20972592156843e-07,0.00421933214721544,1.14939787169264e-08,3
"20164",7.44418929949435e-05,3.97867321036213e-06,0.942600832339376,0.000981079320522676,0.0563260976797649,1.35700941312253e-05,3
"20166",0.998936450303082,0.000134457882291269,0.000765956335610789,9.97268796094734e-05,5.89204990073194e-05,4.48810039864372e-06,1
"20168",0.00294220963322173,0.996122183646155,0.000896117430100754,2.01925937403604e-05,1.89783911713946e-05,3.18305611004194e-07,2
"20170",0.000157566917994954,2.30431711816407e-06,0.228639728964178,0.000195550531401713,0.770978643533661,2.62057356461103e-05,5
"20172",0.994579744964597,3.2001368625234e-08,2.93232220216911e-08,0.00244750809749353,0.00194005704333007,0.00103262856998806,1
"20174",5.53401721857866e-06,0.195153298666623,0.209780969031967,5.06548064048372e-05,0.595009517884011,2.55937749844946e-08,5
"20176",0.000137811982903226,0.999775191842288,5.42273648125136e-06,1.98366977309248e-05,6.17198386262618e-05,1.69019705471472e-08,2
"20178",1.57388472154522e-07,5.88402433167408e-07,0.999975118362123,5.45570676288927e-08,2.40597966201495e-05,2.14932842414472e-08,3
"20181",0.996958759971928,8.89716815094186e-07,0.00292656871535517,1.59789643817611e-05,9.12063608348191e-05,6.59627068583795e-06,1
"20183",0.00271902072293318,5.01362176929139e-06,7.88630470694708e-06,0.00483715746703901,0.991807440996364,0.000623480887187378,5
"20186",0.0212320264533921,0.00514169008335137,2.62738956404142e-07,0.107324965134829,0.862563398583867,0.00373765700560496,5
"20188",1.54647972984214e-07,8.87684457514191e-07,0.999704040738025,2.07892457149056e-07,0.000294685248686633,2.37884002709871e-08,3
"20190",0.999782211669005,2.21379027619175e-08,2.29616090840103e-07,0.000182920263085832,2.09320156289803e-05,1.36842982864912e-05,1
"20193",0.00143190761611724,0.0222606488195904,0.975828878491443,0.000273505304290322,0.000204286191553954,7.73577004800476e-07,3
"20195",0.00123805426275072,4.17194067190577e-06,0.776378902994263,0.00385186208647082,0.218511988857362,1.50198584817157e-05,3
"20197",0.977647235897351,8.46422890668485e-08,6.44215528215894e-08,0.0208373823731782,0.00115716917709236,0.000358063488536711,1
"20199",3.56069526601435e-06,1.89592322427849e-06,0.917785011354731,6.9726700254882e-05,0.0821362582850003,3.54704152373172e-06,3
"20205",0.000120248508810166,1.50094923618641e-10,3.56564480190209e-09,0.000839608666961888,1.15234649597433e-05,0.999028615643529,6
"20208",0.001338484403091,4.12560017907437e-05,0.0113616573450688,0.00254563243502481,0.984707240246616,5.72956840885919e-06,5
"20210",7.18289332973638e-07,4.33302236369369e-06,0.985214449840688,2.51112136554982e-06,0.0147779299723356,5.77539143101326e-08,3
"20212",0.000108302038903094,7.61781070667217e-06,0.845002076039801,0.000312893676533549,0.154566124637009,2.98579704670326e-06,3
"20216",0.998185832211615,2.3681860682805e-07,4.01942286877949e-05,0.000181549386142665,0.0015468959447986,4.52914101492278e-05,1
"20219",0.324521594452853,4.87059583380036e-09,5.40512214563491e-05,0.0123208271263769,0.00632812809994163,0.656775394228777,6
"20223",0.988703568655195,0.00160071492951859,8.88572935047127e-10,0.00945148947032052,3.00607055553252e-06,0.000241219985837683,1
"20226",0.00384883080175345,2.78606007429512e-07,0.000209235930912111,0.942093590325972,0.0535330801857528,0.000314984149602382,4
"20230",0.999835967638906,1.63449640075482e-08,2.57890712094669e-08,8.33310012729865e-05,7.5219302355678e-06,7.31372955506745e-05,1
"20233",1.73428220748185e-06,8.28969148166589e-07,2.12408442876053e-05,0.000249837261756132,0.00214660983296935,0.997579748809631,6
"20235",0.81923867369897,0.000148523116742838,4.97962690555835e-09,0.148798813341007,0.000116678982465922,0.0316973058811872,1
"20239",0.769300889975982,0.00264363400960411,1.21497282904603e-06,0.222516604801476,0.00506334061156917,0.000474315628539184,1
"20254",0.00373672789010361,3.99834458967811e-12,2.78211965231649e-09,5.32649221388482e-05,9.56956800426117e-07,0.996209047444839,6
"20256",0.999341141320131,2.80765390523663e-07,3.25845617866778e-09,0.00039687726898126,3.13019990272779e-05,0.000230395388013712,1
"20262",7.88367339569816e-05,3.1281226104936e-06,0.572022309673953,6.84755079924303e-05,0.427824990465445,2.25949604214323e-06,3
"20270",0.979871086102288,0.00212506770225385,0.00338271500031103,0.000434856724220899,0.0141681668549521,1.81076159742722e-05,1
"20284",0.00909586246571574,5.28897456479537e-07,2.22969644807653e-05,0.0447875605309875,0.59195436451394,0.354139386627419,5
"20287",0.996760208095051,8.90037277531355e-08,8.38618908249494e-10,0.0031253291019354,3.00483844160425e-07,0.000114072476822494,1
"20290",0.00161132234432893,4.22208954193819e-10,2.05408057557453e-05,0.00407198002820633,0.00231456488313274,0.991981591516367,6
"20293",0.952886350428106,9.75847381061781e-07,7.73447739211808e-06,0.000869296460298228,0.044223559437508,0.00201208334931436,1
"20296",0.00758601460673193,0.0184314562818769,0.66406441236396,0.000571388749333835,0.309346645081475,8.29166229999864e-08,3
"20301",0.998318318881498,3.16795550425722e-08,1.05403909287247e-05,0.00125513457910538,3.13109122655115e-07,0.000415661359790246,1
"20304",0.00419561513624157,7.81256357308665e-11,5.64919512432694e-08,6.81487635946246e-06,1.47961189606266e-05,0.995782717298362,6
"20306",0.997675234230764,2.11176990130221e-08,8.73386106216693e-10,0.000279855659883276,1.1433810477922e-05,0.0020334543077895,1
"20309",0.484176362623013,1.93456050988415e-06,0.00014303247471604,0.195092202732044,0.316735643559586,0.00385082405013157,1
"20311",0.994413005252819,1.28125239578587e-06,0.000280242021664495,0.000729609947687502,0.00381151900206471,0.000764342523368225,1
"20314",0.00166656476675724,5.93690199055354e-07,0.0162892475254051,0.000702706709069805,0.98130791689051,3.29704180584715e-05,5
"20318",1.38036989984035e-05,9.02392432375804e-06,0.999867787124053,1.04039920912655e-07,0.000109211894465537,6.93182387770711e-08,3
"20320",0.000894941004417469,2.19679699448246e-05,0.00182285255102227,0.486014397139036,0.509443138237821,0.0018027030977587,5
"20326",0.00230019999523806,1.38138524744738e-06,0.0368312687354451,0.000325509550554782,0.96045951310185,8.21272316641795e-05,5
"20328",0.000822620010523942,9.30976460136942e-06,1.20315394576385e-05,0.141156524435584,0.856628316423079,0.00137119782675481,5
"20330",0.144392056172053,8.02752322464655e-07,6.73262051469638e-07,0.851367602833025,0.000302535273712749,0.00393632970683528,4
"20336",0.0110432963402747,1.20638042336146e-08,5.71075456871172e-07,0.00231876452224109,0.0265668756115395,0.960070480386684,6
"20338",0.014714924598435,4.40502254097681e-09,8.51721819952209e-05,0.00357824512076475,0.00122020495096447,0.980401448742818,6
"20340",0.999397738922659,4.07658385735304e-08,1.65159759804373e-08,0.000179711741939594,2.22146778850903e-06,0.000420270585798462,1
"20342",0.000389334283229095,4.29800734118963e-05,0.000252143568206688,0.0193256863716666,0.000107174012215408,0.97988268169127,6
"20344",0.997935747875511,2.44943860225515e-07,2.3361964014796e-07,0.000254741026706235,0.0012751905140745,0.000533842020207938,1
"20349",0.99980257538734,1.09985539678016e-07,2.07588229161263e-09,4.37925906584091e-05,1.95593066171477e-05,0.000133960653962544,1
"20351",0.92359103723194,1.14136556721642e-06,0.000471520075127129,0.0108878168651393,0.0515566679523825,0.0134918165098443,1
"20353",0.259360911547621,1.3160303582931e-08,3.14075866929615e-08,0.71681848227646,0.000181942279648081,0.0236386193283813,4
"20357",0.000732198965077352,1.49756611917185e-10,2.18131825074604e-10,0.00222201936944196,5.23058724896008e-06,0.997040550710343,6
"20360",0.00451233221646817,0.000254744754539672,6.65451694864576e-07,0.712253576391404,7.69896018138142e-05,0.282901691584079,4
"20364",0.680703201319265,3.85194032939362e-08,9.74143074320223e-06,0.284559160229755,0.0323177054298238,0.00241015307100972,1
"20366",0.000922770679998482,9.36908715166947e-09,8.24932844146403e-06,0.000674563829503147,0.00699040600403254,0.991404000788937,6
"20381",1.02866818368324e-06,0.979998884841454,0.0167069399968327,6.28970150433388e-06,0.00328673613119774,1.20660827948454e-07,2
"20391",0.175146227249175,0.243799501460573,3.47157704857068e-08,0.537325181482333,0.027304073153819,0.016424981938329,4
"20394",0.000116259306708035,0.00282782619948801,0.000908773135122178,0.0167766673040562,0.979368705524718,1.76852990711209e-06,5
"20396",6.65952058548427e-07,0.801618371279716,0.0112886937175675,7.1846868241295e-05,0.187020411216876,1.09655404439413e-08,2
"20409",0.617272343990539,6.70508692036606e-06,0.147971076742385,0.000173173215999144,0.233693133700081,0.000883567264075252,1
"20411",0.852305284724515,1.0169684765301e-08,1.95439346990239e-09,0.0288148309306689,0.000238593093831204,0.118641279126906,1
"20416",0.0275628017049572,1.27205165521548e-10,1.96569318915086e-11,0.000183345596981688,2.4471651468263e-08,0.972253828079548,6
"20418",6.02635612372026e-07,0.813754744387526,0.0535028686942498,9.77969432791545e-06,0.132731998840073,5.74821115059381e-09,2
"20420",2.20859667607033e-05,1.09822250730292e-06,0.0002029529687524,0.00112743489321735,0.0271885570509274,0.971457870897835,6
"20422",0.960870301097224,4.54318043091591e-08,4.21061789407392e-05,0.0384277619306621,0.000372976273023882,0.000286809088344781,1
"20424",0.863407357516175,4.66718949782758e-09,6.48599359928492e-09,0.0943421045029897,0.000163502981087254,0.0420870238465653,1
"20426",3.82625721805832e-06,4.78720320086465e-10,0.000101317273626901,4.00891607313737e-05,9.11213938954466e-06,0.999845654690314,6
"20428",0.814625162890266,0.00257096670627671,1.07261984779745e-05,0.142511114340097,0.0402670826989168,1.49471659653707e-05,1
"20431",0.0218444015805334,1.91177625404589e-06,0.0878971081859789,0.228470525526933,0.657654986135376,0.00413106679492535,5
"20433",0.999155091981682,0.000132329217735066,9.21245975383413e-09,0.000697631658494203,1.40802555692138e-06,1.35299040723391e-05,1
"20436",0.00754764058946368,0.99233566950707,8.07305796459967e-06,7.00293290565987e-05,3.84385395419751e-05,1.48976902811091e-07,2
"20439",3.17971626329452e-06,0.305242029437083,0.20674102358283,4.95694350563594e-05,0.487964177045077,2.07836907474447e-08,5
"20441",0.000667398299990353,4.46302961730331e-10,1.51174170617795e-07,0.0152253201322158,6.16357098603849e-05,0.98404549423746,6
"20444",8.30360523595104e-08,2.56719873918215e-06,0.999831449791238,7.76485592878282e-08,0.000165815912905832,6.41250521270019e-09,3
"20448",0.00943532311967666,0.000207121365325172,0.134501260231324,9.41656590974397e-05,0.854723786847624,0.00103834277695324,5
"20536",0.00013207156349945,0.811859886208829,1.02586239177027e-05,0.00487984915641215,0.183117589224441,3.45222901065688e-07,2
"20538",0.217467489945359,8.27020719192041e-06,1.30996627684582e-06,0.00035483491472116,0.0572937858065134,0.724874309159938,6
"20541",0.931204240117525,9.357834088349e-11,4.48923199692544e-09,0.00412949207557724,4.83937082187852e-06,0.0646614238532651,1
"20544",0.189381083552518,3.35406723952206e-06,0.00332693279232205,0.00252457658457119,0.804078786290328,0.000685266713021104,5
"20546",0.98328658494651,9.48155074905116e-09,8.12118752550293e-09,0.00970042318367214,0.000831900508538364,0.00618107375854062,1
"20550",0.00434854907217591,1.07243587159169e-06,8.33768218473795e-05,0.991415246339846,0.00390162320669898,0.000250132123560572,4
"20553",0.0204491847274941,6.4237405686465e-10,1.67351305900771e-07,8.26800697848772e-06,5.21652747850825e-09,0.97954237405532,6
"20555",5.83685481663446e-06,4.84058221742301e-07,9.81677499032878e-08,0.00363383935883358,0.00141670629263837,0.99494303526774,6
"20557",0.0103416614114811,2.99918438358676e-08,0.000282865387742075,0.949029169249201,0.0267622133366788,0.0135840606230536,4
"20559",0.999455673807868,3.6592665391157e-09,1.13255640931371e-06,0.000274449045630423,0.000221428461493226,4.73124693321936e-05,1
"20561",0.000747541128948114,5.52231093943256e-06,0.233877272070818,0.000497705679266433,0.764844994228578,2.69645814498322e-05,5
"20564",1.57388472154522e-07,5.88402433167408e-07,0.999975118362123,5.45570676288927e-08,2.40597966201495e-05,2.14932842414472e-08,3
"20566",0.789875365893836,5.76837065933556e-05,8.19853374674507e-05,0.14287448029423,0.0671041343337188,6.35043415517353e-06,1
"20569",1.21937040775794e-05,0.000541216605825205,0.109644119431653,5.39525488643386e-05,0.889748377769871,1.39939708880432e-07,5
"20572",6.98953381547761e-06,0.000764207500188744,0.920232353928393,2.87408390221443e-06,0.0789935560921479,1.88615525300427e-08,3
"20574",0.995887053844427,6.70833314056742e-10,2.46777893636256e-06,0.00212105155890608,0.000161747882864512,0.00182767826403292,1
"20576",1.19123865625478e-06,4.6897643960817e-07,0.999804461453965,2.4573389403811e-07,0.000193567959728023,6.46373166594e-08,3
"20578",0.77101607814051,1.57157026299156e-06,0.00481927706982547,0.033764273783461,0.189845069444904,0.000553729991036121,1
"20580",0.842488186106295,1.80613053395873e-05,4.99488972716872e-05,0.00204868739658492,0.155346542712422,4.85735820864661e-05,1
"20583",8.50365816282779e-07,4.50942128275845e-07,0.999900513291593,1.56943683291777e-07,9.79787441840457e-05,4.97125956037138e-08,3
"20586",0.912391421346402,1.08754439934688e-06,2.28305730302948e-06,0.00236621332161794,0.0836402577290036,0.00159873700127408,1
"20589",0.994008906141069,1.19760018565623e-07,6.53506237332452e-10,0.00583876384510839,1.57032573023718e-05,0.000136506342995808,1
"20591",0.00102122766093804,2.06902070947175e-05,3.59880870294568e-06,0.784308316099511,0.168277451810344,0.0463687154134093,4
"20593",0.99947859680734,7.86418529164601e-09,1.16355265713145e-08,0.000470132480902939,8.32685830874674e-08,5.1167943462546e-05,1
"20595",0.996355104645172,4.47709902306434e-08,3.27805309797306e-05,0.00028064429553685,0.00309129080719907,0.000240134950121875,1
"20597",7.86425671862776e-08,0.999264749328966,4.05529292660089e-06,1.10354865925647e-06,0.000730012393048517,7.93832823043478e-10,2
"20599",2.15944610097751e-07,1.03035956889937e-06,0.999960240915053,3.15775497703413e-08,3.84698762306858e-05,1.13269874552186e-08,3
"20601",0.000202187187613486,5.52357811613961e-06,0.00020710176000886,0.0159278130498926,0.983634998736972,2.23756873968391e-05,5
"20604",0.999891180986871,1.92106825904264e-09,6.3933064738461e-07,5.36613124429593e-05,6.06452472157173e-06,4.84519242486158e-05,1
"20606",0.99926397570035,3.20710557884484e-09,1.53499627402022e-08,0.00067335850456562,5.07729192145143e-06,5.75699460943601e-05,1
"20608",0.971683240504041,1.56203981632055e-06,2.05524513116177e-07,0.0280087488708115,0.000298807322607664,7.43573820998858e-06,1
"20610",6.53023467210763e-06,7.68980494926983e-07,0.998777292033352,1.08321127041084e-05,0.00120423637405746,3.40264719342092e-07,3
"20612",0.23986612914605,0.601163758434294,0.00103245350389289,0.000352289185609566,0.0013885502061129,0.15619681952404,2
"20614",8.21318681916192e-07,8.00623998334195e-07,0.992170335094273,1.2250098782049e-05,0.0078155884262422,2.04438022671863e-07,3
"20616",0.00460892945956742,4.80492406704395e-05,0.000416713265850116,0.000889651876049985,0.99396599418604,7.06619718216008e-05,5
"20618",0.000164754842975465,2.06294805754583e-09,1.41674592736022e-05,0.0015985046548338,0.000905613048290585,0.997316957931678,6
"20620",0.999423525372925,3.05123956742958e-05,2.01620651695434e-05,0.000112481981655478,0.000383193076452613,3.01251081238289e-05,1
"20622",4.12344531517904e-06,2.88125293211846e-07,0.999411864351354,3.28794342853601e-07,0.000583294209174577,1.01074520387753e-07,3
"20624",0.971223124156672,2.91222302633237e-08,2.84671754574977e-08,0.000557397844729474,0.000327570146262026,0.027891850262931,1
"20626",0.762358980932928,0.2146675156215,0.00107304558519142,0.0088389915956063,0.0130604406646893,1.02560008525349e-06,1
"20628",0.128857430533788,0.153828869093328,0.000327193279684844,0.592565849508879,0.124326686744028,9.39708402918162e-05,4
"20630",0.5590148075196,3.64160327764374e-06,0.0118972938099389,0.36824565952541,0.0606880679097493,0.000150529632024679,1
"20632",9.93693133458481e-08,0.000997553613351269,0.990058340264874,1.04947258976495e-06,0.008942954689518,2.59035351295412e-09,3
"20634",0.99871986036907,7.28475864583906e-09,1.13533217614299e-08,0.00123294628895247,9.05323935396902e-06,3.81214645426328e-05,1
"20637",0.00660874907015634,7.45649225940845e-12,7.10346555762191e-06,0.000908310230058306,1.8433219384447e-05,0.992457404007387,6
"20639",1.10742665103333e-05,4.73406870307656e-06,0.546007880280824,7.06961539999169e-05,0.453903535811227,2.07941873535746e-06,3
"20644",0.306911940314752,5.10321150849404e-06,2.03148926790065e-08,0.000628161407444463,2.54225299230944e-08,0.692454749328873,6
"20646",0.633455495816093,0.00134366844652742,9.36544602635374e-06,0.352768754685125,4.62709408861581e-05,0.0123764446653418,1
"20648",7.19002064575858e-05,1.05793173085031e-06,0.00566270188543232,0.000441810238143122,0.993807010141725,1.55195965109538e-05,5
"20650",0.67111458098505,1.97791729795813e-08,2.4116164557425e-08,0.00165644154804742,7.71009314986643e-05,0.327151832640066,1
"20653",0.00025886579508786,0.000118174025341766,0.00261534484262991,0.0367353112215633,0.959990018923338,0.000282285192038855,5
"20658",0.998792504884432,0.000154687167204922,1.22915092079598e-08,0.00100045738642512,4.86381307075972e-05,3.70013972120068e-06,1
"20661",0.0344311937446645,0.000106174156558,7.35642128514234e-07,0.000511408261315526,0.00418167346382107,0.960768814731512,6
"20663",0.573716132706056,4.33886111812502e-06,4.31466311323816e-06,0.0241303635043607,0.400555078481883,0.0015897717834688,1
"20665",1.63152835416948e-06,3.32821785781987e-05,0.999928680763434,6.14660092720968e-08,3.63410865131443e-05,2.97711134562707e-09,3
"20667",0.00357718431806936,0.00596063229574203,5.0897114173353e-05,0.897769445495591,0.0925765441165494,6.52966598746289e-05,4
"20669",4.90815841043399e-07,0.973171000440106,0.000136233796365725,5.71727458992572e-06,0.0266865277435993,2.99294982969192e-08,2
"20671",0.145425789261841,2.37734180995398e-10,6.7082719024297e-05,0.00562981170595861,0.00165075278635586,0.847226563289086,6
"20673",4.45582949003123e-08,0.999248504404833,2.21010301090238e-05,5.73062587474432e-07,0.000728776588566507,3.55608947834464e-10,2
"20675",0.00721043703567181,0.282451084829969,1.32125229709776e-05,0.00139130580617491,0.708928783446378,5.17635883549735e-06,5
"20677",0.573726072695398,0.000811222550923797,3.33434392970314e-06,0.0227168843496458,0.402512317793637,0.000230168266465712,1
"20679",1.27314996645716e-07,0.970260792509047,0.000599511622112732,1.36218440017989e-05,0.0291259352550537,1.14547881398002e-08,2
"20681",5.90224158258093e-05,0.0801755637928195,1.39069251235501e-05,0.00149613832540879,0.918253149740478,2.21880034433751e-06,5
"20683",0.393451589298756,0.0055095712996934,1.0339852497974e-05,0.157899160646532,0.443066680711367,6.26581911544485e-05,5
"20685",7.23779206150604e-06,1.9587370789998e-06,5.69470784064496e-05,0.00845632193530726,0.0127621350659646,0.978715399391181,6
"20687",3.71034909709082e-06,2.63485106210645e-06,0.889677527912856,2.51184198996903e-05,0.110290328794952,6.79672133429425e-07,3
"20689",0.142223601710145,1.23898044115639e-05,8.21839657555175e-09,7.50885948100913e-05,7.17760513918059e-07,0.857688193911723,6
"20691",1.93848109138793e-07,4.67113352634067e-07,0.999737354589894,1.65227312601144e-07,0.000261793395726958,2.58256051295782e-08,3
"20693",0.998700558655855,3.6619432919315e-08,1.068540544751e-09,0.000153040367515716,5.86378280475531e-06,0.00114049950585054,1
"20695",7.75953770815115e-05,1.55566894209801e-05,0.00144349677188271,0.000555480199163163,0.997903542827325,4.32813512618611e-06,5
"20697",0.99938827494284,6.21837135847821e-10,2.64300889916565e-05,0.000260045202987333,7.63405837817602e-05,0.000248908559562279,1
"20699",0.350691651665496,0.019927910987995,8.24355128141372e-05,0.00556452163976515,0.623728903967579,4.57622635101918e-06,5
"20701",0.849233846599415,0.000740790297825709,1.94167976566168e-07,0.111921627096645,0.0379808508136757,0.00012269102446173,1
"20703",5.74444292451986e-06,0.982220126832015,0.000103773682490781,0.00510100020350758,0.0121715208576515,0.000397833981410802,2
"20705",0.975972982984548,6.36799468150581e-08,7.18619564056419e-08,0.0195521202484981,0.000901541227953301,0.00357321999709791,1
"20707",0.00269888132164339,5.69899427065394e-06,6.93391966773513e-06,0.016706753149144,0.980430232050413,0.000151500564861449,5
"20709",0.0264650982634185,0.000345808444981477,0.887559298752445,0.000710654304899264,0.0849160238747964,3.11635945917674e-06,3
