"","V1","V2","V3","best$classification"
"19811",0.031515628920206,0.0749119774197362,0.893572393660058,3
"19813",0.999997703575819,2.99018625769631e-07,1.99740555507461e-06,1
"19815",0.00968805278157098,0.917582791598141,0.0727291556202883,2
"19817",0.00131554571322672,0.140031126855263,0.858653327431511,3
"19819",0.763309059573644,0.236690940426338,1.7744745010347e-14,1
"19821",0.0683241153324976,0.161349428098614,0.770326456568889,3
"19823",0.991511815480964,0.00781064113767513,0.000677543381360644,1
"19825",0.999999700733252,2.99266700787229e-07,4.76144762276072e-14,1
"19827",0.0035360075932415,0.0122513526230757,0.984212639783683,3
"19829",0.182794492267388,0.817193051281542,1.24564510696293e-05,2
"19831",0.961970050812493,0.0380299491874942,1.25955526934789e-14,1
"19833",0.999999999999999,7.33516385344164e-16,2.29261641881989e-22,1
"19835",0.0683241153324976,0.161349428098614,0.770326456568889,3
"19837",0.00109137957020793,0.0382202868678732,0.960688333561919,3
"19839",0.9307645170211,0.0692297031966942,5.77978220575735e-06,1
"19841",0.706073690671483,8.73412258950616e-10,0.293926308455105,1
"19843",0.979712245311349,0.0202877546886508,4.56128578746281e-18,1
"19845",0.940697446991259,0.00126722465246512,0.0580353283562758,1
"19847",0.0757116533065632,0.921295014776352,0.00299333191708485,2
"19849",0.999789573649796,6.25467129356889e-08,0.000210363803490586,1
"19851",0.00380636019126053,0.0455316205452242,0.950662019263515,3
"19853",0.964135872610268,2.20873202942996e-05,0.0358420400694376,1
"19855",0.0402478391924362,0.0114760752802613,0.948276085527303,3
"19857",0.0337264962997125,0.678820400356476,0.287453103343812,2
"19859",0.00869313959171103,0.176356796977826,0.814950063430464,3
"19861",0.110068701355766,0.0286910485665825,0.861240250077652,3
"19863",0.995298938933535,4.57591030064632e-14,0.00470106106641898,1
"19865",0.00157791319714431,4.63104597855791e-06,0.998417455756877,3
"19867",0.0822263399595566,0.871512626531156,0.046261033509288,2
"19869",0.976072372699162,1.26351807432881e-06,0.0239263637827635,1
"19871",0.00210006612281189,0.175516810643197,0.822383123233991,3
"19874",0.00977461505613303,0.00147235490971529,0.988753030034152,3
"19876",0.00230210291195627,0.000777473598190849,0.996920423489853,3
"19878",0.303366682868266,0.696633317124958,6.77568743794132e-12,2
"19880",0.000628636085768604,8.37112305871987e-09,0.999371355543108,3
"19882",0.834382372909057,0.0119774355986275,0.153640191492316,1
"19885",0.00181027339979515,0.713766298439137,0.284423428161068,2
"19907",0.481950800229421,0.351254145934716,0.166795053835862,1
"19909",0.00754109800997432,0.99245882279769,7.91923358403026e-08,2
"19911",0.0533455656550482,0.946615427256366,3.90070885858618e-05,2
"19913",0.00711644985359582,1.77538942747053e-10,0.992883549968865,3
"19915",0.000475095856500712,0.000621604102825094,0.998903300040674,3
"19917",0.00916710646638515,0.000663323101768699,0.990169570431846,3
"19919",0.00104932892525321,0.0247762504976399,0.974174420577107,3
"19921",0.00429806634358755,0.239862429929129,0.755839503727283,3
"19923",0.108274493812515,0.891724541462137,9.64725348097801e-07,2
"19925",0.000820255306399552,0.000257461584077303,0.998922283109523,3
"19927",0.00490293144190992,0.314929246877449,0.680167821680641,3
"19929",0.569465244814776,8.34905433049209e-14,0.43053475518514,1
"19931",0.0125022764937364,0.968738461548759,0.0187592619575043,2
"19933",0.00468767537516463,0.995214461474915,9.78631499198161e-05,2
"19935",0.0239206628506729,0.976047724752577,3.16123967496789e-05,2
"19937",0.00838598766192159,0.346644054662152,0.644969957675927,3
"19939",0.0162487446753364,0.964850316602377,0.0189009387222864,2
"19941",0.383754755972465,0.616229560318456,1.56837090785442e-05,2
"19943",0.00263164710018072,5.34144831867816e-07,0.997367818754987,3
"19945",0.0103446535533429,0.989620040293564,3.53061530928004e-05,2
"19947",0.997439717442473,0.000352192817235468,0.00220808974029193,1
"19949",0.0210588060194781,0.978941107988179,8.59923432013572e-08,2
"19951",0.0802529525711947,0.196474662926539,0.723272384502266,3
"19953",0.987812329044012,0.0121876709559802,7.54158429317779e-15,1
"19955",0.660991937563703,0.339008059296573,3.13972371742134e-09,1
"19957",0.833068033268465,0.0105134335777159,0.156418533153819,1
"19960",0.236506173416475,0.763493778908669,4.76748556000668e-08,2
"19963",0.999999999258896,1.97549747438564e-13,7.40906718554936e-10,1
"19965",0.0481201197554134,0.951879880244585,1.51211432185287e-15,2
"19968",0.99683753955119,1.60538430166494e-05,0.00314640660579364,1
"19971",0.999956260986142,4.8213034282054e-10,4.37385317278866e-05,1
"19973",0.000400515301833025,0.0471435459779752,0.952455938720192,3
"19975",0.00928881551374074,0.000296856305826797,0.990414328180432,3
"19977",0.999998313689352,4.46027742225817e-09,1.68185037010942e-06,1
"19979",0.0349094398054365,0.96509056019455,1.3569640957584e-14,2
"19981",0.00446625008850324,0.990127985908793,0.00540576400270404,2
"19983",0.00964157383575212,0.98499031473499,0.00536811142925849,2
"19985",0.000798892103076315,0.000159864758253495,0.99904124313867,3
"19987",0.0415078643661129,0.930270052988224,0.0282220826456635,2
"19989",0.0510324564472157,0.948967543552784,4.00747867909637e-17,2
"19993",0.0211005526146081,0.978795463896673,0.000103983488718397,2
"19995",0.00842621075661109,0.991565613083933,8.1761594556891e-06,2
"19997",0.00322601729718467,0.0821428844745087,0.914631098228307,3
"19999",0.0163812572492114,0.00202506104364587,0.981593681707143,3
"20002",0.999999928233743,9.64007390097887e-13,7.17652930837064e-08,1
"20004",0.0503232953179324,0.949676582369921,1.22312146385788e-07,2
"20006",0.857737873135531,0.142262124939855,1.92461373173248e-09,1
"20008",0.707014128788284,0.292985871150395,6.13208702006846e-11,1
"20010",0.0296279033900608,0.970371976919291,1.19690647998307e-07,2
"20012",0.390922384691469,0.000637183958786863,0.608440431349745,3
"20015",0.0559584731682153,0.944041526831785,1.15514170850983e-16,2
"20017",0.00154113096309314,0.00398580115058472,0.994473067886322,3
"20019",0.0766127019730215,0.923387298026978,6.42462446500425e-22,2
"20022",0.0123867029863202,0.987613115971323,1.81042357250785e-07,2
"20024",0.99887337161027,0.00112662838972984,5.12206194513241e-25,1
"20026",0.99887337161027,0.00112662838972984,5.12206194513241e-25,1
"20028",0.00105438766533503,0.00100264398268639,0.997942968351979,3
"20030",0.306200035868053,0.693799964126886,5.06106625058789e-12,2
"20033",0.0121951010065323,0.199473978880516,0.788330920112952,3
"20035",0.121540992450173,0.878459007549827,8.90596411260195e-23,2
"20037",0.0189023885919276,0.981097611408073,1.14398156983009e-20,2
"20039",0.999999994092785,5.90721505708453e-09,5.16829995342742e-28,1
"20041",0.0374900982710586,0.962509572392165,3.29336776070296e-07,2
"20044",0.240645194255407,0.759354142076349,6.63668244030295e-07,2
"20047",0.489174750869792,0.510825249130208,6.69984477357059e-19,2
"20050",0.263995363905102,0.736004627829575,8.26532376500198e-09,2
"20052",0.0176729158005367,0.591051365947821,0.391275718251643,2
"20054",0.0364756888196184,0.963524308381359,2.79902263799243e-09,2
"20056",0.678946395276327,0.00105221096498919,0.320001393758684,1
"20058",0.0408508004213596,0.95914919957864,4.77575160703256e-18,2
"20060",0.0269002342454383,0.947431054841335,0.0256687109132268,2
"20062",0.00389374217003694,0.977077823471025,0.0190284343589381,2
"20064",0.00346886074512445,0.996454895673071,7.62435818041754e-05,2
"20066",0.33634405060075,0.663655949399245,4.80823823342743e-15,2
"20068",0.0124481919674846,0.386405955641993,0.601145852390522,3
"20070",0.0628078071745811,0.894565335533423,0.0426268572919957,2
"20072",0.320626774948928,0.679373225050934,1.37553755013214e-13,2
"20074",0.0120356534766642,2.28166970248236e-13,0.987964346523108,3
"20076",0.650097038078417,0.00447700184526339,0.345425960076319,1
"20078",0.00832423190557914,0.991674930092628,8.38001792830767e-07,2
"20080",0.0127638100199152,0.987236189980085,7.72564097299248e-17,2
"20082",0.999980749210668,1.9250789331834e-05,4.81391349570198e-17,1
"20084",0.282194792371955,0.717753857935694,5.13496923512564e-05,2
"20087",0.0175932918826281,0.98240670185014,6.26723187436615e-09,2
"20090",0.0302350068714266,0.969764993128573,2.95548727521485e-16,2
"20092",0.994653896610276,0.0053461033887513,9.7283954458561e-13,1
"20096",0.928207435743015,0.0717902318901825,2.3323668020193e-06,1
"20098",0.00202988382999462,0.025992274991426,0.971977841178579,3
"20101",0.020219378771843,0.979780619375159,1.8529980250322e-09,2
"20104",0.999999985830891,1.40598267556765e-08,1.09281899754419e-10,1
"20106",0.00738578940663063,0.992614196921736,1.36716335321339e-08,2
"20108",0.00819325366809232,0.379353886576056,0.612452859755852,3
"20110",0.852719993696518,0.14425248391966,0.00302752238382243,1
"20112",0.0142566373716421,0.985743356333311,6.29504687107972e-09,2
"20114",0.0969913388242394,0.902324898320729,0.000683762855031162,2
"20116",0.106040144858224,0.89367122544089,0.000288629700885921,2
"20118",0.00719536851168451,0.831139110760294,0.161665520728022,2
"20120",0.17182844056886,0.828171554054007,5.3771329268219e-09,2
"20122",0.0019040671727111,1.09119010492258e-06,0.998094841637184,3
"20124",0.07788624222109,0.92211375777891,1.78124129618905e-16,2
"20126",0.999999972418197,2.75818029158367e-08,1.06222504327272e-21,1
"20128",0.999946254081004,5.37459189964067e-05,6.85596588824082e-28,1
"20141",0.999887120633312,0.000102370203071561,1.05091636161955e-05,1
"20143",0.897638749666569,1.00259740190963e-10,0.102361250233171,1
"20145",0.0109376646998772,0.989062030446008,3.04854114780007e-07,2
"20147",0.00233209089000331,0.997667752765667,1.563443299308e-07,2
"20149",0.00735734116921121,1.43002765155505e-06,0.992641228803137,3
"20151",0.000568936833118289,0.0207024952999992,0.978728567866882,3
"20153",0.342957211337923,0.0284836776285499,0.628559111033527,3
"20155",0.00550133910568293,0.994498660832242,6.20752454027041e-11,2
"20157",0.0489633038431668,0.0269073846381817,0.924129311518652,3
"20160",0.0013975956447233,1.12847976299468e-10,0.998602404242429,3
"20162",0.000356892943083488,9.45560093270277e-08,0.999643012500907,3
"20164",0.0431542568472609,0.00557037703507678,0.951275366117662,3
"20166",0.925660312729587,0.0743396870385957,2.31817121799201e-10,1
"20168",0.999999998667267,9.89848460027298e-11,1.23374796247573e-09,1
"20170",0.0252861514554758,0.0214541165909345,0.95325973195359,3
"20172",0.0104752746792546,0.989524719366733,5.95401226420845e-09,2
"20174",0.00836659868964313,2.48844817604911e-05,0.991608516828596,3
"20176",0.99999916611211,8.29080319660617e-07,4.80757075351046e-09,1
"20178",0.00429778607048915,5.94890602350723e-11,0.995702213870022,3
"20181",0.434350868391827,0.565649125215466,6.39270642726331e-09,2
"20183",0.0322364030030819,0.818565425177212,0.149198171819706,2
"20186",0.200253807572908,0.799716091442409,3.01009846828182e-05,2
"20188",0.00275610885381367,6.54355659792212e-09,0.99724388460263,3
"20190",0.00576924739807774,0.994230752601902,2.00305736784969e-14,2
"20193",0.999950415346873,2.20085420502604e-09,4.95824522727061e-05,1
"20195",0.0568866094589983,0.149780507916094,0.793332882624908,3
"20197",0.00855575577668952,0.991444241111916,3.11139495185734e-09,2
"20199",0.0150569832151944,0.000201287138772967,0.984741729646033,3
"20205",0.999996540300531,3.45969946896065e-06,5.34130263395004e-17,1
"20208",0.0376793338897158,0.654026393579354,0.30829427253093,2
"20210",0.000359652430324163,1.80281267984892e-06,0.999638544756996,3
"20212",0.00708718536501226,0.00263311132207265,0.990279703312915,3
"20216",0.017719946131872,0.982280052203391,1.66473676973252e-09,2
"20219",0.512347061406923,0.487652888065995,5.05270818385077e-08,1
"20223",0.960452812524643,0.0395471874753575,1.66291073505809e-22,1
"20226",0.0208653408531125,0.979112719522736,2.19396241519905e-05,2
"20230",0.00828527195054506,0.991714728049455,1.93477619988549e-16,2
"20233",0.999999999971881,2.80782885141084e-11,4.10501132780738e-14,1
"20235",0.933812370457748,0.0661876295422518,4.61400870025827e-18,1
"20239",0.325904159551479,0.67409583882506,1.62346055817517e-09,2
"20254",0.999940635200134,5.93647998657669e-05,1.03592465706622e-19,1
"20256",0.0160636103096746,0.983936389689905,4.20566634293423e-13,2
"20262",0.000483581677774177,0.00108712706671808,0.998429291255508,3
"20270",0.86891031230006,0.13108968756791,1.32029326495444e-10,1
"20284",0.79667479547943,0.203322765869055,2.43865151448963e-06,1
"20287",0.119340184614296,0.880659815385704,4.63734939699974e-22,2
"20290",0.999275833954143,0.000724165996409338,4.94476802727468e-11,1
"20293",0.0121690470977522,0.987816930317558,1.40225846899187e-05,2
"20296",0.261433559169179,0.0516740502204316,0.686892390610389,3
"20301",0.926457514641388,0.0735424853586119,1.15916903015406e-18,1
"20304",0.999982599315749,1.74006842506093e-05,2.19852078715484e-16,1
"20306",0.0471437737876164,0.952856226212384,2.67669160557144e-17,2
"20309",0.0191367744404901,0.980857293238212,5.93232129787591e-06,2
"20311",0.04365821000613,0.95634178137382,8.62005046959022e-09,2
"20314",0.00121749108022901,0.0673734345683641,0.931409074351407,3
"20318",0.986173009444239,1.17771639649397e-07,0.0138268727841216,1
"20320",0.265206146912867,0.734657300570643,0.000136552516489867,2
"20326",0.00782258467942222,0.382311389236283,0.609866026084294,3
"20328",0.113789684151846,0.886204142556296,6.17329185871354e-06,2
"20330",0.110855429343531,0.889144570654021,2.44758381592228e-12,2
"20336",0.980197765651537,0.0198021873299637,4.70184987298332e-08,1
"20338",0.991744694818598,0.00825530514841881,3.29834788491374e-11,1
"20340",0.170931935708974,0.829068064291026,1.0818044973373e-16,2
"20342",0.999999999934804,6.5196036134036e-11,1.08490650347763e-17,1
"20344",0.0192845205874465,0.980715479405295,7.25820164320785e-12,2
"20349",0.0119382333556511,0.988061766644347,1.9128197256269e-15,2
"20351",0.0570533193596674,0.942927657606718,1.90230336144171e-05,2
"20353",0.0414671332338181,0.958532866766178,3.70430447821507e-15,2
"20357",0.999872133522142,0.000127866477858545,2.39744666387818e-20,1
"20360",0.999998289885192,1.71011480758328e-06,1.254397004692e-17,1
"20364",0.00774210062439506,0.992257774137215,1.25238389608794e-07,2
"20366",0.99989480692353,0.000105192901500434,1.74969315379515e-10,1
"20381",0.999888018580997,7.32960867749856e-09,0.00011197408939443,1
"20391",0.955087748388994,0.0449122515527913,5.82149277733317e-11,1
"20394",0.0296066728484185,0.758109182585759,0.212284144565822,2
"20396",0.265997344971919,2.174428554951e-05,0.733980910742532,3
"20409",0.151269717197799,0.848245833408598,0.000484449393602648,2
"20411",0.17007951902479,0.829920480974915,2.94663867905856e-13,2
"20416",0.999959445176886,4.05548231144041e-05,1.88836850793149e-28,1
"20418",0.123558389472337,8.70317606169783e-07,0.876440740210057,3
"20420",0.999999973859548,2.57866528969739e-08,3.53799689149933e-10,1
"20422",0.0685026442744254,0.931497355725574,4.95145414422016e-16,2
"20424",0.0473266176478302,0.952673382351666,5.03647083776087e-13,2
"20426",0.999999999997924,2.06593887399531e-12,1.03038304136963e-14,1
"20428",0.0091119125267978,0.990887495503048,5.91970153863259e-07,2
"20431",0.224398808794179,0.771290133305483,0.00431105790033802,2
"20433",0.861690233985389,0.13830976601461,5.5724315598604e-21,1
"20436",0.999963426306191,3.65736175528099e-05,7.62557032455982e-11,1
"20439",0.0540098753819026,9.04789720390886e-05,0.945899645646058,3
"20441",0.999549598462286,0.000450401537671219,4.3024689184842e-14,1
"20444",0.00204134656334103,8.80063029058751e-10,0.997958652556596,3
"20448",0.848833265773663,0.144551937255745,0.00661479697059303,1
"20536",0.596923386913467,0.157902414107963,0.24517419897857,1
"20538",0.988415240491994,0.0115847592806713,2.27335106587252e-10,1
"20541",0.155563876984238,0.844436123015762,8.80387700129761e-18,2
"20544",0.0053425247513915,0.994641040017257,1.64352313512951e-05,2
"20546",0.0262867714289589,0.973713228569481,1.5603629921753e-12,2
"20550",0.0828225463252058,0.91717738868723,6.49875643611751e-08,2
"20553",0.999999999494352,5.05647790028924e-10,3.7729250383947e-30,1
"20555",0.999999982951838,1.70481436460692e-08,1.8509985101303e-14,1
"20557",0.0504837705086503,0.949511791367847,4.4381235029762e-06,2
"20559",0.00459114087764199,0.995408858202724,9.19634165970377e-10,2
"20561",0.035301036293267,0.0491048650341412,0.915594098672592,3
"20564",0.00429778607048915,5.94890602350723e-11,0.995702213870022,3
"20566",0.0242733279412577,0.975724070292547,2.60176619522611e-06,2
"20569",0.00525693456321862,0.0008792241973921,0.993863841239389,3
"20572",0.112672732859878,5.20951837893842e-05,0.887275171956332,3
"20574",0.00689715944201357,0.993102840288807,2.69179340934561e-10,2
"20576",0.00169925865262169,4.0340198304888e-08,0.99830070100718,3
"20578",0.00251270274106892,0.996006028293062,0.00148126896586957,2
"20580",0.00606045432903771,0.993930259212629,9.28645833323114e-06,2
"20583",0.0015586250485639,7.58062704902432e-09,0.998441367370809,3
"20586",0.0134114804153939,0.986588509644535,9.94007113382013e-09,2
"20589",0.0100568461070749,0.989943153892915,9.62834226261783e-15,2
"20591",0.868806030604407,0.131192546952057,1.42244353562766e-06,1
"20593",0.0528381281867373,0.947161871813263,1.67352731243474e-20,2
"20595",0.00786466792345219,0.992135136691822,1.95384725399655e-07,2
"20597",0.98809589824543,7.01132310600165e-07,0.0119034006222597,1
"20599",0.00244451132378358,1.54703036776768e-10,0.997555488521513,3
"20601",0.00240383313049468,0.523366627422783,0.474229539446723,2
"20604",0.00748300957821892,0.992516990421762,1.94258886742806e-14,2
"20606",0.0117589372151589,0.988241062784841,3.61696059395133e-16,2
"20608",0.011868244360358,0.988131755630595,9.04675649180583e-12,2
"20610",0.0237239040036928,1.31977265380095e-05,0.976262898269769,3
"20612",0.99999999989159,1.08408227927509e-10,1.59035149536999e-15,1
"20614",0.000573541898206931,3.76924054505334e-06,0.999422688861248,3
"20616",0.21424372251397,0.785721522675008,3.47548110222622e-05,2
"20618",0.999914459811576,8.55400995867972e-05,8.88377431947534e-11,1
"20620",0.454419540964015,0.545580459029291,6.69445564331906e-12,2
"20622",0.00450433626138631,1.45464200100885e-06,0.995494209096613,3
"20624",0.338267837426955,0.661732162572659,3.85401076931844e-13,2
"20626",0.849985034582528,0.150014800940333,1.6447713824135e-07,1
"20628",0.856191093974777,0.143808759574503,1.46450720624888e-07,1
"20630",0.0485677283873686,0.95143204011276,2.31499871768286e-07,2
"20632",0.00532147948414369,2.61681756072172e-08,0.994678494347681,3
"20634",0.00699543510707995,0.993004564892913,6.96722005541097e-15,2
"20637",0.998358466874518,0.00164153312528234,2.00072937209948e-13,1
"20639",0.165523602433964,0.00313467724187211,0.831341720324164,3
"20644",0.999999996618568,3.38143225794287e-09,1.24490662406861e-29,1
"20646",0.999846687880593,0.000153312119406516,3.68524347288373e-16,1
"20648",0.00118289182942354,0.0146658824856292,0.984151225684947,3
"20650",0.914432523316897,0.085567476683103,6.13220722294179e-17,1
"20653",0.534694669409732,0.465100173632296,0.000205156957971658,1
"20658",0.0855598545420998,0.91444014545787,3.01128235986943e-14,2
"20661",0.999988123398469,1.1876601519712e-05,1.16728302063839e-14,1
"20663",0.00689749078398807,0.992403966688246,0.000698542527766117,2
"20665",0.0137482276405009,6.07006327190488e-10,0.986251771752493,3
"20667",0.322627378196317,0.67737063084972,1.99095396333004e-06,2
"20669",0.938100594538737,2.08215483667615e-05,0.0618785839128962,1
"20671",0.746378201555621,0.253621685065272,1.1337910669177e-07,1
"20673",0.887359683332056,1.7849189278226e-07,0.112640138176052,1
"20675",0.329331172339996,0.666578518275998,0.00409030938400585,2
"20677",0.0186529686556814,0.981341844699732,5.18664458648985e-06,2
"20679",0.568947309499043,5.89476234585105e-06,0.431046795738611,1
"20681",0.0778482781810698,0.110776745307161,0.81137497651177,3
"20683",0.0433726795742452,0.9566193490132,7.97141255524087e-06,2
"20685",0.999999922048242,7.78445861251446e-08,1.07171908950109e-10,1
"20687",0.000831904229560594,0.000185584706201152,0.998982511064238,3
"20689",0.999999998753149,1.24685098793609e-09,5.36902836848482e-28,1
"20691",0.00194558943056258,1.39712345036092e-08,0.998054396598203,3
"20693",0.0901630283595266,0.909836971640473,1.07201208992779e-17,2
"20695",0.00584319803897836,0.072496794999301,0.921660006961721,3
"20697",0.019098275051572,0.98090172467934,2.69088063894965e-10,2
"20699",0.010022188740487,0.989523105621179,0.000454705638334281,2
"20701",0.0156642644379294,0.984335708204966,2.73571044608128e-08,2
"20703",0.999999975087309,1.09237100843335e-09,2.38203202762322e-08,1
"20705",0.0409351361319252,0.959064863867981,9.40837099812403e-14,2
"20707",0.0155024459251807,0.639415407546882,0.345082146527938,2
"20709",0.625862600794383,0.187546252296019,0.186591146909598,1
"20713",0.990148485460252,0.00487856698809418,0.00497294755165409,1
"20715",0.99999908937241,9.10627589132785e-07,3.55987725034741e-16,1
"20717",0.0103462207939467,0.051803940345903,0.93784983886015,3
"20720",0.0145499590305136,0.985450039707023,1.26246293199729e-09,2
"20722",0.011637701380854,0.988362245748618,5.28705284080427e-08,2
"20724",0.000581148345871793,0.00757047974808149,0.991848371906047,3
"20726",0.049054652611001,0.950945347388998,3.78589089524518e-16,2
"20728",0.00773574120629167,0.0246172777538225,0.967646981039886,3
"20730",0.00148109843805956,0.030421267359828,0.968097634202112,3
"20732",0.794053773869273,0.205946226129108,1.6191317048039e-12,1
"20734",0.00626098313129943,0.993536791217418,0.000202225651282056,2
"20736",0.0024672511965447,0.000321101931131212,0.997211646872324,3
"20738",0.999999544736735,4.55263265170281e-07,1.91654574483211e-19,1
"20740",0.952951496857387,0.0470485031374689,5.14388783998978e-12,1
"20742",0.327689214996323,0.395273782781671,0.277037002222006,2
"20744",0.0091816773935427,4.6638832258669e-07,0.990817856218135,3
"20746",0.0041305648643325,0.980333192665235,0.0155362424704322,2
"20748",0.000607630138994047,0.00220619636729087,0.997186173493715,3
"20750",0.0014974982588463,0.00621704882347892,0.992285452917675,3
"20752",0.00697885335478676,0.9930203758071,7.70838113515989e-07,2
"20754",0.979598166268355,5.38084343830726e-07,0.0204012956473013,1
"20756",0.0132086315818304,0.369950946314394,0.616840422103775,3
"20758",0.999987152618707,9.33531489573241e-06,3.51206639700744e-06,1
"20760",0.000971957530533276,0.00099767102564437,0.998030371443822,3
"20762",0.992523477946524,3.06348497295963e-06,0.00747345856850331,1
"20764",0.0196459667141488,0.000129004736268411,0.980225028549583,3
"20766",0.000419103312787884,0.00162147358354268,0.997959423103669,3
"20768",0.00104570160900111,0.00490482893686919,0.99404946945413,3
"20770",0.746569754338084,0.25200134216421,0.00142890349770568,1
"20772",0.00846535777687636,0.991534642223095,2.8785929106441e-14,2
"20774",0.971334816090912,0.0286651839090879,1.68635915253522e-25,1
"20776",0.0373572249817953,0.95890973448173,0.00373304053647447,2
"20778",0.999937016024651,6.29839753485012e-05,1.64092134196975e-25,1
"20780",0.999993133192689,8.48212017057614e-11,6.86672248950219e-06,1
"20782",0.981378668148293,3.43465529174998e-08,0.0186212975051539,1
"20784",0.997818303125519,1.7634433105984e-05,0.00216406244137495,1
"20786",0.070637532444078,5.18282281626109e-11,0.929362467504094,3
"20788",0.00837430534404359,0.61889312422886,0.372732570427097,2
"20790",0.0466766835697506,0.00182679456102558,0.951496521869224,3
"20792",0.240906304133834,0.72353182207929,0.0355618737868753,2
"20794",0.0313867042249042,0.000209358816454727,0.968403936958641,3
"20796",0.00963031485006186,0.990369685149865,7.27290635581405e-14,2
"20798",0.00429778607048915,5.94890602350723e-11,0.995702213870022,3
"20801",0.998945531784169,1.97443827835976e-06,0.0010524937775526,1
"20803",0.0276853461836234,0.96117722386876,0.0111374299476166,2
"20805",0.00658507461138102,0.993398758523322,1.6166865296687e-05,2
"20807",0.00429778607048915,5.94890602350723e-11,0.995702213870022,3
"20809",0.715611039397295,0.275395862059347,0.00899309854335831,1
"20811",0.999570302179077,0.000429675487598376,2.23333247217835e-08,1
"20813",0.628420198283502,0.370670509502405,0.000909292214092724,1
"20815",0.605954230132074,1.27338838005792e-13,0.394045769867799,1
"20817",0.000992616267983826,0.0321033021220384,0.966904081609978,3
"20819",0.0175339414262132,0.982303587503647,0.000162471070139533,2
"20821",0.99999999262099,7.37900942352786e-09,2.56437726319614e-16,1
"20823",0.00878270574631928,0.972053494262418,0.0191637999912623,2
"20825",0.00353305802429492,0.0202964611251544,0.976170480850551,3
"20827",0.165866844176455,0.0291017461418105,0.805031409681734,3
"20829",0.716922007275449,0.283077992724551,5.01992767362013e-19,1
"20831",0.03195734010077,0.265550112143881,0.702492547755349,3
"20833",0.98924083210178,8.77069588993458e-11,0.0107591678105127,1
"20835",0.00158348263398385,0.00956608383869611,0.98885043352732,3
"20837",0.0043067434994619,0.0627079075149318,0.932985348985606,3
"20839",0.000848202286802087,0.00679987705660303,0.992351920656595,3
"20841",0.62205992446682,0.377940034061809,4.1471370251574e-08,1
"20843",0.0121700328620864,0.878631747653477,0.109198219484436,2
"20845",0.0874340861197233,0.0683844401459528,0.844181473734324,3
"20847",0.0120071944115724,0.987939172262464,5.36333259633286e-05,2
"20849",0.0182252368855806,0.981719064883167,5.56982312530361e-05,2
"20851",0.0172418143890306,0.982753189055162,4.99655580717639e-06,2
"20853",0.0740210184806395,0.925978981519119,2.42015201168139e-13,2
"20855",0.155431474492078,0.844568525462928,4.49936847002306e-11,2
"20857",0.0136200049517691,0.985831016979213,0.000548978069017931,2
"20859",0.00370218428342989,0.99629658897942,1.22673715030942e-06,2
"20861",0.999998469246727,1.52017887021272e-06,1.05744030713794e-08,1
"20863",0.00342552644015007,0.000824080659398767,0.995750392900451,3
"20865",0.225899634182194,0.237757657736949,0.536342708080858,3
"20867",0.56655017820683,0.43344982179317,8.69276943072815e-23,1
"20869",0.0213539173449304,0.0128375491159457,0.965808533539124,3
"20871",0.974376896221064,0.0256231037789362,4.53618165397779e-17,1
"20873",0.29078504716225,0.709214952811615,2.61356267518795e-11,2
"20875",0.0068677998281907,0.993132173497227,2.66745821213127e-08,2
"20878",0.996838918136853,3.10324345009804e-13,0.00316108186283652,1
"20880",0.999504056060218,3.54718287617265e-11,0.000495943904310538,1
"20882",0.0734086594949256,0.926591340505075,1.1382226284689e-17,2
"20884",0.00156548458969298,0.0185995193647991,0.979834996045508,3
"20886",0.00383461437364829,0.01067712877464,0.985488256851712,3
"20888",0.228103053819903,1.77050734559965e-07,0.771896769129362,3
"20890",0.000408195558623542,0.0127058984866529,0.986885905954724,3
"20892",0.0185116683469491,0.981447697029986,4.06346230652052e-05,2
"20897",0.0346411627443594,0.961791089963024,0.00356774729261708,2
"20899",0.0200239449619234,0.961776447178348,0.0181996078597283,2
"20901",0.999999999664174,3.35826003853255e-10,8.41395078707929e-23,1
"20903",0.999972898527616,2.71014723838295e-05,1.32866455623024e-17,1
"20905",0.999657064935324,0.000342935064079341,5.96875016829177e-13,1
"20907",0.117170847166353,0.882829152833127,5.20440754201491e-13,2
"20909",0.566008691200085,0.425679488141695,0.00831182065821921,1
"20911",0.999999999963357,3.66426977976049e-11,1.10457071061609e-29,1
"20913",0.0334790668633007,0.767571725196424,0.198949207940276,2
"20962",0.00242716950770771,0.997530659626875,4.21708654170323e-05,2
"20969",0.202864829363418,0.797132177187619,2.99344896308094e-06,2
"20980",0.0104188380685434,0.989577233194678,3.92873677814358e-06,2
"20982",0.00481524762344642,0.99518470511679,4.72597638941898e-08,2
"20984",0.316044964107337,0.66810857825694,0.0158464576357233,2
"20994",0.0370459943316676,0.962954003031851,2.63648201511703e-09,2
"21015",0.0460621742835101,0.000101698391163995,0.953836127325326,3
"21023",0.159663626347275,0.840336373652527,1.9753182955016e-13,2
"21040",0.724252364061126,0.275747635934017,4.85695412884857e-12,1
"21073",0.200755634293036,0.799229006530713,1.53591762504361e-05,2
"21222",0.00119157662716076,0.0184800964989177,0.980328326873922,3
"21224",0.0116379338335726,0.986512377837741,0.00184968832868658,2
"21228",0.999500393742756,0.000499392842728909,2.13414514601177e-07,1
"21232",0.0201653615794474,0.979834638420425,1.2733551759327e-13,2
"21237",0.921541776657155,0.0784582233428004,4.49123122198946e-14,1
"21240",0.00320009934832191,0.0428780645152859,0.953921836136392,3
"21245",0.000346810711893854,0.00140939556619962,0.998243793721907,3
"21252",0.0741639431429807,0.925836056855158,1.86176831890562e-12,2
"21254",0.378592157722132,0.621407834613695,7.66417338922858e-09,2
"21258",0.175866308184315,0.824130196026363,3.4957893221922e-06,2
"21264",0.0035466834312852,0.151511052131616,0.844942264437099,3
"21305",0.988918887296549,0.011063935720765,1.71769826862785e-05,1
"21333",0.0187086169957461,0.981291353423677,2.95805768602792e-08,2
"21366",0.0325735884930872,0.954909894529687,0.0125165169772254,2
"21377",0.00438602593448865,2.57258032352868e-06,0.995611401485188,3
"21380",0.999999995453254,4.54674343696558e-09,2.25151035101019e-15,1
"21387",0.999999999997709,2.29074529556002e-12,6.27156260008181e-30,1
"21390",0.108685847332322,0.891314152663695,3.98343511299345e-12,2
"21392",0.0372019353376547,0.962726375288723,7.16893736221458e-05,2
"21403",0.0306851708229548,0.969308767625714,6.06155133152298e-06,2
"21408",0.0381590837365806,0.961840916261659,1.76011754232968e-12,2
"21412",0.99970089780583,0.000299102181874455,1.22958233026963e-11,1
"21421",0.00708104714194831,0.975249197924901,0.0176697549331505,2
"21424",0.997475927994038,0.00252407200596201,2.30717692570113e-19,1
"21429",0.0112138021387824,0.988786194898054,2.96316412606075e-09,2
"21431",0.0170447662850993,0.98160144128291,0.00135379243199053,2
"21436",0.999649328025621,0.000146137093744132,0.000204534880634573,1
"21439",0.00166329329342117,0.998292608381146,4.40983254331016e-05,2
"21442",0.0950781452567476,0.821675028278308,0.0832468264649444,2
"21444",0.00916998795841876,0.0192669153794624,0.971563096662119,3
"21446",0.985923080104295,8.5727638558269e-13,0.0140769198948475,1
"21448",0.999999999994845,5.06866616240583e-12,8.60844086620777e-14,1
"21450",0.341403524377513,0.658591342990228,5.13263225838574e-06,2
"21452",0.0870962148178215,0.912903783790314,1.39186410995596e-09,2
"21466",0.213494038145405,0.786505961854595,1.52951251562851e-16,2
"21470",0.00420659180198932,0.995791001792555,2.40640545532215e-06,2
"21472",0.0233352993132095,0.976664700676596,1.01941503702952e-11,2
"21474",0.0687212795796777,0.931278367078905,3.53341417674167e-07,2
"21477",0.998779605866022,6.22832986720498e-06,0.00121416580411023,1
"21480",0.999928944984746,7.10550152535161e-05,2.47153523547635e-29,1
"21483",0.00283205587182841,0.0590611788645156,0.938106765263656,3
"21491",0.0196280241845307,0.0562826803722025,0.924089295443267,3
"21494",0.999999999979071,2.09294903272071e-11,1.95155104820373e-27,1
"21499",0.995765655705174,0.00423434429482606,1.20088549197469e-18,1
"21501",0.989638304226945,0.0103616957730537,1.73560199268245e-15,1
"21506",0.00450829133646027,0.995490788031176,9.20632363200185e-07,2
"21511",0.983704544515126,0.0162954554422037,4.26702971435779e-11,1
"21513",0.682935218453327,0.317064519532582,2.62014091576362e-07,1
"21521",0.173937391638577,0.82599041636954,7.21919918830712e-05,2
"21523",0.0334950206139387,0.962549828936593,0.00395515044946823,2
"21525",0.0179384107316754,0.788852729679617,0.193208859588708,2
"21531",0.0131391702981977,0.986860829701802,1.87095354354758e-17,2
"21536",0.010352797638721,0.989646497658207,7.04703071881977e-07,2
"21544",0.00373346354105486,0.995690704842806,0.000575831616139291,2
"21547",0.0342822094485735,0.965717790424237,1.27189186890844e-10,2
"21551",0.968864212075697,0.0311353767988205,4.11125482199352e-07,1
"21556",0.0950294098186266,0.904970590181373,4.35385162204635e-17,2
"21559",0.999999798274911,2.01725057003918e-07,3.23698563063076e-14,1
"21563",0.487411224222819,0.512588775777179,1.496097941673e-15,2
"21565",0.00492873000259589,0.995071269997295,1.0937113995498e-13,2
"21568",0.0557450112744048,0.944254988697528,2.80669075358983e-11,2
"21572",0.0825485430295144,0.917451456970486,3.11772513124613e-23,2
"21575",0.994124467580867,0.00587553241913285,3.14470409498927e-21,1
"21577",0.00286450238673995,0.238334940134842,0.758800557478418,3
"21579",0.00848412123768431,0.985764712202169,0.00575116656014622,2
"21581",0.00429778607048915,5.94890602350723e-11,0.995702213870022,3
"21584",0.996076384976785,5.46308179971717e-08,0.00392356039239755,1
"21586",0.00535136619682672,0.88954215561984,0.105106478183333,2
"21588",0.458741171955056,0.541114959790063,0.000143868254880907,2
"21590",0.0401109303515018,0.959889069647928,5.70442374092124e-13,2
"21594",0.999999999999958,7.7191861454696e-20,4.2394862253969e-14,1
"21596",0.000297233023900937,0.00626251146383394,0.993440255512265,3
"21598",0.998566416839938,0.00143358316004544,1.62736244008882e-14,1
"21600",0.0468987720253743,0.438165499504142,0.514935728470483,3
"21602",0.0107685448588913,0.989231006764012,4.48377096633932e-07,2
"21604",0.018710686600043,0.974341707882932,0.00694760551702493,2
"21606",0.000903260243693565,3.93681038577884e-05,0.999057371652449,3
"21608",0.789340322968401,0.210659327029694,3.50001904481077e-07,1
"21611",0.934768116046234,0.0652317554782753,1.28475491054866e-07,1
"21613",0.0133873470402901,0.986607029502769,5.62345694104087e-06,2
"21615",0.0404829853986878,0.881309408402172,0.0782076061991404,2
"21617",0.00113556614196097,0.0206250792710188,0.97823935458702,3
"21619",0.00641240388746908,0.965598365051736,0.0279892310607952,2
"21621",0.999581759237027,2.7787226765116e-08,0.000418212975746082,1
"21623",0.00174254158976961,0.0183390634568421,0.979918394953388,3
"21625",0.0019149675475553,2.97459963076173e-08,0.998085002706449,3
"21627",0.145821750893241,0.853991840816978,0.000186408289780907,2
"21629",0.0758771395187953,0.800687239908747,0.123435620572458,2
"21631",0.000532112409509584,3.06805556969915e-05,0.999437207034793,3
"21633",0.948084609421813,0.0519153903578719,2.20315222317867e-10,1
"21635",0.672520957270437,0.32747904272955,1.27577267398117e-14,1
"21637",0.607423828281282,0.391866817986606,0.000709353732112021,1
"21639",0.033248920164921,0.966751014186942,6.56481375139308e-08,2
"21641",0.88468688106716,0.114916673163948,0.000396445768891843,1
"21643",0.00750183361300791,0.992459223479016,3.89429079756961e-05,2
"21645",0.00107564003976111,0.00663120572742488,0.992293154232814,3
"21648",0.00885754331097563,0.990862517233236,0.000279939455787984,2
"21650",0.999999999849556,1.50444229258857e-10,1.32250146821592e-26,1
"21652",0.00673348582088415,0.993266091778547,4.22400569010084e-07,2
"21654",0.999999733205639,2.66794360665692e-07,1.75489637430448e-19,1
"21656",0.0494246400972441,0.00588411333664428,0.944691246566112,3
"21658",0.00181694378454664,3.08294082450246e-11,0.998183056184624,3
"21660",0.996544788474665,1.49412497781018e-10,0.00345521137592238,1
"21662",0.999998634282711,1.2218368488189e-06,1.43880440735377e-07,1
"21664",0.000365151612255849,0.00158847904827671,0.998046369339468,3
"21666",0.999999963541668,2.85483779555829e-08,7.90995413782405e-09,1
"21668",0.00145761144405045,0.0253302738998433,0.973212114656106,3
"21671",0.111342654375126,0.88865731216995,3.3454924315504e-08,2
"21673",0.918676561004073,1.19510749552386e-05,0.0813114879209714,1
"21675",0.0770742352589766,0.904395792999874,0.0185299717411489,2
"21677",0.00598704867054979,0.994012951329439,1.10984728432e-14,2
"21679",0.997138806293729,0.00285737130842121,3.8223978500203e-06,1
"21681",0.180700475517523,0.805057428656644,0.0142420958258324,2
"21686",0.078119697954016,0.921880302045783,2.01060654132673e-13,2
"21689",0.0123502146567294,0.987649785245879,9.73916592502223e-11,2
"21706",0.0142987390734616,0.985671388164621,2.98727619168372e-05,2
"21708",0.0163911305193279,0.983608869480521,1.51540498135726e-13,2
"21711",0.00295536690801195,0.96540211869352,0.0316425143984677,2
"21716",0.999999887409774,1.12590226452662e-07,3.89538623265709e-29,1
"21719",0.0289755855772011,0.971009912118214,1.45023045850518e-05,2
"21722",0.00287057040470134,0.996511640588247,0.00061778900705117,2
"21725",0.00935038209777434,0.990634483179084,1.51347231420807e-05,2
"21728",0.0803036719471086,0.919696317857175,1.01957167806457e-08,2
"21732",0.00784324836847958,0.992156641726913,1.09904607071816e-07,2
"21734",0.0257201673475592,0.974279832652428,1.31976281672719e-14,2
"21737",0.00960818892617466,0.982828818343368,0.00756299273045742,2
"21740",0.999999906983128,9.10378705607506e-08,1.9790018190766e-09,1
"21742",0.999999999280737,7.19263187849015e-10,1.50463412823576e-27,1
"21745",0.198205042300799,0.80135990756333,0.000435050135871247,2
"21747",0.993790018531331,0.00620998146797294,6.96053580307131e-13,1
"21749",0.0119019404419992,0.0100044429905204,0.97809361656748,3
"21751",0.0361198419507012,0.9638801578782,1.71098785009048e-10,2
"21753",0.948000385516053,0.0519996143889068,9.50401236713414e-11,1
"21756",0.00807350376878806,0.991926496184449,4.6763497280428e-11,2
"21759",0.483939224013529,0.412752497634841,0.10330827835163,1
"21761",0.0691133268980947,0.930886669612194,3.48971124381238e-09,2
"21763",0.942892718850087,0.0569013665567445,0.00020591459316846,1
"21765",0.999969009009678,3.09909903155564e-05,6.09130032898103e-15,1
"21767",0.0302371900135459,0.969762809983278,3.17584150833942e-12,2
"21769",0.940760521050901,0.059239478949099,2.78142512802845e-22,1
"21771",0.00847704336446723,0.991522956622493,1.30393082286863e-11,2
"21774",0.000625044580581293,0.0034646349093654,0.995910320510053,3
"21776",0.0832552746325327,0.916744725367432,3.47171746446362e-14,2
"21778",0.179383190919464,0.820613078594253,3.73048628276452e-06,2
"21780",1,6.72854064406422e-18,2.81800000677868e-17,1
"21783",0.0113506799867833,0.988596864513672,5.24554995445026e-05,2
"21785",0.0634376131219949,0.936561596207766,7.90670239426402e-07,2
"21788",0.0261119208163548,0.973888079183636,8.79391516446393e-15,2
"21790",0.245924447631992,0.754075552368008,3.36779883286945e-22,2
"21793",0.0259036629883119,0.974096220918788,1.16092899647799e-07,2
"21796",0.0139435173601941,0.975419498017615,0.0106369846221904,2
"21798",0.999992898150653,7.10184932239839e-06,2.45989648787609e-14,1
"21801",0.270456580637654,0.729543419362346,1.72350203708626e-22,2
"21803",0.0077710998182261,0.992222862996682,6.03718509230192e-06,2
"21805",0.999938089748475,6.19102515245388e-05,1.33158097027302e-25,1
"21807",0.999982392661376,1.76030318943646e-05,4.3067300565494e-09,1
"21810",0.0301033392090506,0.969896617522482,4.32684671374899e-08,2
"21812",0.999752707632094,0.000247292367905823,7.24276096727422e-19,1
"21816",0.0195069516371991,0.980492995864812,5.24979889005548e-08,2
"21819",0.999889840946594,0.000110159053405516,2.49113411197167e-19,1
"21821",0.99999997965018,2.01942148244271e-08,1.55604979894834e-10,1
"21823",0.0039770313756281,0.000107117584030112,0.995915851040342,3
"21825",0.00502261180306682,0.994977273465465,1.14731467991529e-07,2
"21827",0.978682004004834,0.0213179959947526,4.13278149323545e-13,1
"21829",0.500363054520096,0.4996369454799,4.25237651018177e-15,1
"21832",0.999655135684198,0.000344746094733516,1.18221068356111e-07,1
"21834",0.0403868545551626,0.95961314385478,1.59005736242822e-09,2
"21836",0.0403868545551626,0.95961314385478,1.59005736242822e-09,2
"21839",0.0437960507182458,0.797722184474262,0.158481764807492,2
"21841",0.999786565008108,0.000200258134115372,1.31768577762872e-05,1
"21843",0.0261858647830482,0.0553671142797719,0.91844702093718,3
"21846",0.972397149042831,0.0276028509571685,1.20504408429921e-16,1
"21848",0.904692596572648,0.095307403408749,1.86033850981896e-11,1
"21850",0.00276254117455235,0.996818518621154,0.000418940204294238,2
"21853",0.99931570883853,5.179264828007e-10,0.000684290643543388,1
