"","V1","V2","V3","V4","best$classification"
"19812",0.420521114507428,0.567877876695025,0.011589915027028,1.10937705188113e-05,2
"19814",0.531692127167659,0.162476125069663,0.00443265548376395,0.301399092278915,1
"19816",0.75269342223933,0.221606969101277,0.025699608659393,3.48481358090914e-17,1
"19818",0.947415121893572,0.0441537569090142,0.00843090837031801,2.12827095486424e-07,1
"19820",0.969320092995861,0.00340960929774875,0.0272702977063906,1.62867293978592e-39,1
"19822",0.00418576012346627,0.000320207179178458,0.995494032697355,6.41975086541865e-56,3
"19824",0.73454546676121,3.81280761050484e-07,0.265454151958029,1.27864281561116e-31,1
"19826",0.915530845193198,0.0374584016777011,0.0470107511704625,1.95863796905676e-09,1
"19828",0.883689330043212,0.104951417026673,0.0113592529301156,1.36500986265955e-26,1
"19830",0.211601684893472,0.616321033492711,0.172077281613804,1.28827109640365e-14,2
"19832",9.30407367033544e-05,0.94966925717118,0.0502377020921163,2.17359959088989e-21,2
"19834",0.404809243764667,0.569572575132738,0.0256181811025956,2.4564201335559e-21,2
"19836",0.952400953187633,0.0155973316212965,0.0320017151909099,1.6092521001402e-13,1
"19838",0.0133715561645922,0.121019978109963,0.00211631932121945,0.863492146404225,4
"19840",0.788843023593035,0.100902875286461,0.110254101120504,6.00668481533825e-19,1
"19842",0.00383315205174255,4.6365361635348e-09,0.00812311904647571,0.988043724265246,4
"19844",0.000556407392371876,5.67792165483825e-20,0.999239863281724,0.000203729325904486,3
"19846",0.0195094031836398,6.75087386427632e-07,0.00102945843801663,0.979460463290957,4
"19848",0.00794367232548556,3.38476678479147e-05,0.000253996548105394,0.991768483458561,4
"19850",0.942137388045265,0.00467253857594502,0.0513451064239703,0.00184496695481948,1
"19852",0.829265709188619,0.161070959722935,0.00966333108844487,9.77763479148754e-16,1
"19854",0.000294533461392699,3.76465252232588e-05,1.10522951958638e-05,0.999656767718188,4
"19856",0.213347298050032,5.11568710772342e-08,0.786652650793097,1.9237747030976e-16,3
"19858",0.155781558359799,3.15332793175223e-08,0.844218410106922,4.46294615291054e-23,3
"19860",0.494532730166054,0.493374220336855,0.0120930494959678,1.1226274932982e-12,1
"19862",0.000822746935027088,2.96005115179789e-07,6.19472728858703e-05,0.999115009786972,4
"19864",5.932730732584e-06,4.00539774715628e-23,0.999994067239404,2.98634364021837e-11,3
"19866",0.747907894232638,4.23436995312207e-05,0.252049762067831,1.63445941409783e-32,1
"19868",5.95462417179972e-19,0.00364723480896471,0.996352765191035,1.44939899011884e-45,3
"19870",0.968468256620405,0.00822414146394695,0.0232093755095183,9.82264061294082e-05,1
"19873",0.942814419865362,0.0222932923838196,0.0348922877508178,6.27840456756921e-16,1
"19875",0.524550804168376,0.466255432413108,0.00919376341851624,8.07180527084695e-22,1
"19877",0.908565001674623,0.0807728175559998,0.0106621805287038,2.40673400043443e-10,1
"19879",0.932328470475271,0.0423927576819001,0.0252787718428293,1.2193330315869e-23,1
"19881",0.958911325684616,0.00186353150446411,0.0392251428109202,1.14501369843137e-17,1
"19883",0.946430422270606,0.000223567798994245,0.0531683059994122,0.000177703930987382,1
"19899",0.791315218831508,0.127586693612198,0.0810980875562938,5.68774610790148e-23,1
"19908",0.000170895158675649,1.14431557517851e-12,0.99982910484018,6.77639888574157e-42,3
"19910",0.942135325985586,0.0495695641695475,0.00829510984474949,1.16688553372877e-13,1
"19912",0.504055506782848,1.86830694614126e-06,0.237336969883564,0.258605655026642,1
"19914",0.708029178397483,0.263746574033426,0.028224247569091,1.3760959059859e-29,1
"19916",0.0199088309678809,4.66244194484302e-14,0.980091169032073,6.03909731373537e-42,3
"19918",0.966629618657134,0.000127836202798132,0.0310271748872018,0.00221537025286619,1
"19920",0.0148710346764272,3.41905361625733e-07,0.00144925862928029,0.983679364788931,4
"19922",1.10071947453783e-09,0.979941543067647,0.0200584558316334,4.95906956356493e-17,2
"19924",0.977040086605477,0.00737190584733257,0.015588007546783,4.06885082848813e-13,1
"19926",0.389610610106862,0.36732498927178,0.243064400621357,3.42622118302205e-32,1
"19928",1.50142635668129e-08,1.84379294653565e-27,0.999742977286988,0.000257007698748626,3
"19930",0.465304444302158,0.152464209084066,0.00519493217505891,0.377036414438717,1
"19932",0.00107897629786602,0.000633618480221594,2.66609200043182e-05,0.998260744301908,4
"19934",0.653838727825088,0.332319917255445,0.0138413549194665,2.61021345339216e-21,1
"19936",0.392471886602936,0.585469467536982,0.0220586451732636,6.86817497153586e-10,2
"19938",0.575950292825534,0.000601789966709081,0.423447917207757,1.82662438745785e-54,1
"19940",0.982295277104726,0.00107297083965889,0.0166317520252852,3.03296692099237e-11,1
"19942",0.000464180748856774,5.3883730098151e-20,0.999312291895449,0.000223527355693739,3
"19944",0.926608556824432,0.0523328929452097,0.0210585502303579,6.2017133900549e-23,1
"19946",0.946617921697739,0.02889785240769,0.0244842258945712,6.36876846550903e-18,1
"19948",0.000287907109264074,1.23037240340948e-19,0.17579616973207,0.823915923158666,4
"19950",5.55843666674097e-06,4.52000451166353e-12,3.08546869877502e-05,0.999963586871826,4
"19952",0.000287907109264074,1.23037240340948e-19,0.17579616973207,0.823915923158666,4
"19954",0.0258669223350234,0.00397080025597346,0.000246822834715141,0.969915454574288,4
"19956",0.0105274771247378,1.61833010954474e-07,0.98947236104058,1.67106425326479e-12,3
"19958",5.63869392068768e-18,0.147594793067685,0.852405206932315,4.5632804358144e-35,3
"19962",0.812470906599499,0.00524572800554273,0.182283365394958,7.13118206997463e-24,1
"19964",0.943173881006908,0.000162854688426347,0.0566632643046652,3.81916610620246e-17,1
"19966",0.720394046173783,1.25017733762228e-05,0.279593452052841,1.44996941645052e-39,1
"19969",0.945810581259708,0.0207190015947757,0.0334678603575521,2.55678796381253e-06,1
"19972",0.778773884416962,3.04536512252711e-07,0.221225674517507,1.36529018045931e-07,1
"19974",5.85933521311253e-05,2.81455134433892e-15,0.000186839825355562,0.999754566822511,4
"19976",0.97026048238819,0.00477234148538362,0.024967176125074,1.35209019084688e-12,1
"19978",0.949664418038765,0.014619440516378,0.0357161414445773,2.79365146804164e-13,1
"19980",0.000834596084405949,5.10279909034803e-06,3.73866888231508e-05,0.999122914427681,4
"19982",0.717931352804642,0.00079264940733894,0.281275997633747,1.54272369230521e-10,1
"19984",0.1158955347796,1.56400117145333e-11,0.883759218386568,0.000345246818191221,3
"19986",0.934523503040744,0.00849474140950677,0.0569817555497494,2.49300139696602e-46,1
"19988",0.858576022391996,0.0140557971314813,0.127368180476522,5.69488163667239e-44,1
"19992",0.928668789059298,0.0212681279477476,0.0500630829929551,3.98647966911952e-36,1
"19994",0.111953558023028,0.0940786798175889,0.00177530377212232,0.79219245838726,4
"19996",0.961113279953328,0.0281126494436006,0.0107740706030719,7.43069061209726e-32,1
"19998",0.411569174169229,2.59585365987538e-07,0.588430566245405,2.67311401084901e-28,3
"20000",0.000118395140957335,0.450563521430349,0.549318083428694,8.42974027560311e-18,3
"20003",0.463520572433608,0.517773847945027,0.0162946309578783,0.00241094866348682,2
"20005",0.000885001629809937,3.10153545005774e-07,5.87174951166342e-05,0.999055970721529,4
"20007",0.79000682845186,0.18184555404227,0.0281476175058704,2.8153569081827e-24,1
"20009",0.435370868361056,1.55906593417258e-06,0.56462757257301,1.08067986701374e-49,3
"20011",0.919073098861947,5.64215293238858e-05,0.080870479547736,6.09929997128874e-11,1
"20013",0.953090738772055,0.0280260746583419,0.0158820181689024,0.0030011684007001,1
"20016",0.279198031948948,0.000205933230222074,0.72059603482083,2.48614220105264e-50,3
"20018",6.66438632413728e-16,0.000799956104812271,0.999200043895187,2.35607610153351e-68,3
"20021",0.65397558374283,0.335554732329144,0.0104696839280255,2.39210416295831e-19,1
"20023",0.828094868699038,0.142276004128221,0.0296291271727408,4.93218265187771e-32,1
"20025",4.87605806750588e-07,0.092172371313485,0.907827141080708,9.67143333835616e-64,3
"20027",0.524421486838428,0.000363223645217819,0.0502111541170966,0.425004135399257,1
"20029",0.225718211339559,5.16969658773594e-05,0.0176719077353548,0.756558183959209,4
"20032",0.0876264453956036,0.012360237529307,0.00456196912613314,0.895451347948956,4
"20034",0.0043502456409029,2.20806236911259e-14,0.326267988247044,0.669381766112031,4
"20036",0.637722854982832,0.000183520423915196,0.362093624593252,2.14005602144559e-16,1
"20038",0.16213460571741,0.827170407903189,0.0106949863794018,1.79821526134901e-29,2
"20040",0.000199090474712784,5.17827041234278e-09,0.999800904347017,9.03354892196707e-60,3
"20043",0.486630395146638,0.504616488818975,0.00875311603438753,1.29050438489637e-21,2
"20045",0.17620345290099,0.0769742401069702,0.74682230699204,1.76532864112233e-42,3
"20048",4.13426366613979e-07,4.83812920788872e-17,0.000412784210762398,0.999586802362871,4
"20051",0.277200228811858,0.681596066477088,0.0412037047110326,2.12099241537755e-14,2
"20053",0.92141945756302,0.00417221784307122,0.0744083245939088,3.54756909503799e-35,1
"20055",0.00505169373532907,0.976575758357666,0.0183725479070045,1.18655656093424e-22,2
"20057",3.16438511423762e-29,1.01689487260773e-07,0.999999898310513,1.04122922080269e-47,3
"20059",0.621776442259091,0.0158462322797146,0.362377325461194,6.20714807526612e-39,1
"20061",0.915488052983314,0.0300979072870349,0.0544140397296514,2.16130083436374e-31,1
"20063",2.54131916812884e-06,1.82080637324875e-22,0.999997458680832,3.94447338518399e-21,3
"20065",6.56552525310516e-10,0.988637313584775,0.011362685758673,2.4464280056887e-43,2
"20067",0.617894588119129,0.198609572815798,0.183495839065074,8.28907136189388e-26,1
"20069",0.00152745357810355,7.63000135195183e-06,9.42481158431309e-05,0.998370668304701,4
"20071",0.566452304285448,4.98530074814404e-05,0.43349784270707,7.74576594870949e-31,1
"20073",0.856713132515792,1.24190584015675e-06,0.143282858822662,2.76675570540419e-06,1
"20075",2.90404224681738e-20,0.906249210269717,0.0937507897302827,7.75935306551893e-42,2
"20077",0.821795458982418,0.0313876005626061,0.146816940454975,2.31478443670244e-22,1
"20079",0.542821076205143,0.000132365845409167,0.457046557949447,1.89577161619094e-20,1
"20081",0.00557115602745443,0.97818228971505,0.0162465542574961,5.79572746755734e-26,2
"20083",0.00757956948452079,2.31817791749763e-11,0.992420430492297,1.76704319601032e-24,3
"20085",0.335648149182524,0.575424140956119,0.0889277098613567,1.78364159215545e-42,2
"20088",0.548535854774516,0.442036450539741,0.00942769468574376,2.99486815791617e-27,1
"20091",1.55079395197753e-12,0.932890587754686,0.0671094122437633,1.25683832064363e-41,2
"20095",0.00436436822354151,1.10705165460081e-14,0.995635631776447,4.74770810231923e-21,3
"20097",0.0453420045860431,0.90636543921831,0.0482925561956471,1.20539443660099e-41,2
"20099",0.133029702757195,1.35848980182492e-13,0.86697029724267,6.94861826285254e-20,3
"20102",2.85786800409365e-07,1.268982023438e-05,0.999987024392965,2.44287301874358e-25,3
"20105",0.907499202240399,0.0605870774392193,0.031913720320382,1.33481075532917e-24,1
"20107",0.936700182712091,0.0464367847509415,0.0168630325369671,1.53744261362647e-31,1
"20109",0.825412510996942,1.23510734463714e-07,0.17458736549229,3.27992447634933e-14,1
"20111",8.27060266805261e-14,0.795618485088884,0.204381514911033,2.74809896800621e-21,2
"20113",0.886555153939645,0.000378370056939121,0.113066476003416,2.59888906518358e-26,1
"20115",0.00516989056157444,0.32713630326823,0.667693806166267,3.92873681045702e-12,3
"20117",2.91421206716253e-11,9.99247124726229e-10,0.999999998971611,3.65984523608374e-51,3
"20119",0.751436575705341,1.78777562083702e-06,0.248561636519038,1.80050445101262e-28,1
"20121",0.897450321407334,0.0786981382185986,0.0238515403740672,1.25362596674706e-39,1
"20123",1.90263763124701e-13,0.963692988452722,0.0363070115470874,4.01971543132825e-50,2
"20125",0.255408315853109,0.0229258848423092,0.00921941597904365,0.712446383325538,4
"20127",0.919192383166888,0.00263762899105019,0.0781699878420617,5.93803823823848e-36,1
"20140",0.00641938349630518,0.772621654398447,0.220958962105248,7.81370414715769e-30,2
"20142",0.000544132375865217,3.66672558121355e-09,0.00115198860985149,0.998303875347558,4
"20144",0.000725615762895626,0.79967268216485,0.199601702071954,3.00054805922977e-13,2
"20146",0.362736935444554,0.011712841309954,0.625550223245492,8.93807754421228e-19,3
"20148",0.527729068230928,0.458749347298029,0.0135212872902185,2.97180824115965e-07,1
"20150",0.00115185257081593,4.44701746884791e-09,0.000176538684318286,0.998671604297848,4
"20152",0.748938474640927,0.238353240672294,0.0127082840784759,6.08302649653532e-10,1
"20154",7.54944246928286e-09,0.750099230259995,0.249900762190563,3.29644612807089e-36,2
"20156",0.659591507162795,0.000577174048342143,0.339831318788862,3.73152239514387e-29,1
"20159",3.19758485046476e-05,4.10350375968862e-07,9.59346143503859e-06,0.999958020339684,4
"20161",0.0684723029578167,1.17787769125667e-08,0.931527685263406,3.84274719103333e-18,3
"20163",0.176634671050232,0.770237321046101,0.0531279675737192,4.03299477186035e-08,2
"20165",0.301962850401252,2.13210597248298e-08,0.698037125054902,3.22278652287324e-09,3
"20167",0.851442181847745,0.110399641137322,0.00713399259731801,0.0310241844176141,1
"20169",6.67611425330991e-06,3.97933118036504e-14,0.000489813121073985,0.999503510764633,4
"20171",3.17282892608627e-11,0.0223183652687512,0.977681634699521,1.75826019824969e-41,3
"20173",0.00062446664024681,7.38380606114911e-21,0.999375533359753,7.14890872624432e-23,3
"20175",0.969726651919379,0.0133084397887868,0.0169648335841701,7.4707663958514e-08,1
"20177",0.202536781245925,2.54516894262584e-11,0.797463218728623,2.30696687147941e-30,3
"20180",0.289569002720345,0.614723714128522,0.0957072831511323,1.66239482535334e-31,2
"20182",2.79801020786226e-14,7.40119769355467e-21,0.999999999961599,3.83731584640742e-11,3
"20184",0.88843763120504,2.58745856594464e-05,0.111326053324059,0.00021044088524188,1
"20187",0.00551901178275088,4.83929475256673e-16,0.994480988217249,7.92317501528014e-22,3
"20189",0.955580632023362,0.00204849718470088,0.0423708707919368,5.82114421015029e-16,1
"20192",4.32558467806407e-06,0.000292959860138939,0.999702714555183,2.20029782104167e-45,3
"20194",0.0498550215907149,6.95538527507294e-13,0.950144738842565,2.39566024477854e-07,3
"20196",7.15716015356827e-05,0.925243299445761,0.0746851289527035,9.73126172247511e-39,2
"20198",0.576984897827836,0.196031920166845,0.22698318200532,5.47566917750464e-22,1
"20204",0.027512921043987,0.000598497802017185,0.00484345091043267,0.967045130243563,4
"20207",0.0418786633268903,0.784790023166963,0.173331313506146,3.10507770776321e-32,2
"20209",1.69990561777169e-07,0.527722884466841,0.472276945542595,2.11760285332098e-15,2
"20211",1.73071191486819e-12,0.983925505396526,0.0160744946017431,1.71506400538878e-33,2
"20215",0.74170620218124,0.198787988437349,0.0595058093814107,3.1602904797496e-26,1
"20218",6.97716937720211e-05,5.22239531022791e-09,3.60382956217261e-05,0.999894184788211,4
"20222",0.0328555299383537,0.938737526877833,0.0284069431838132,2.57100783309841e-26,2
"20225",0.107189586908791,0.106633611303908,0.786176801774309,1.29913750072088e-11,3
"20229",0.0959933126702277,0.280771640628797,0.623235046700975,3.19365007733836e-24,3
"20232",0.511285280911394,0.423879966267219,0.0648347528213872,5.1978286483725e-26,1
"20234",2.70279777772946e-07,0.00429608357056545,0.995703646149657,5.45791542731899e-51,3
"20238",0.87551300803411,0.0202707902467855,0.104216201719104,2.16049679188131e-40,1
"20253",0.895999830170916,0.0144699497089766,0.0895302201201069,1.37356442116649e-31,1
"20255",0.0233997534712952,0.507951797314218,0.00567966854674115,0.462968780667745,2
"20258",0.938643997686638,0.0498374745213462,0.0115185277920162,2.26930273551832e-27,1
"20269",0.965750519833046,0.000277011690981103,0.0339724684759032,6.94588667936476e-14,1
"20271",0.816932983985457,1.86500995866106e-06,0.183065151004584,1.11290920425758e-24,1
"20285",0.110522400275439,4.98135330436301e-10,0.889477599226426,2.98052287866476e-33,3
"20288",0.885635759155879,0.0752438627085171,0.0391203781356039,3.89614271272153e-27,1
"20291",0.000502297417060823,0.510066372587682,0.489431329995257,3.84769455741186e-49,2
"20295",0.401454890857505,1.25884278431891e-07,0.598544983258217,5.13407464327169e-26,3
"20298",0.00418462136958987,0.000724986726890299,8.520292859622e-05,0.995005188974924,4
"20302",0.834700732137288,8.25957454401131e-06,0.16529100828813,3.79705898469156e-14,1
"20305",0.00929912235587866,0.000477155591086284,0.000355590906812869,0.989868131146222,4
"20307",0.766831902973448,0.220826859999591,0.0123412370269607,4.41228641498349e-35,1
"20310",0.0540030616701997,0.000206577447729852,0.94579036088207,6.92970659965481e-51,3
"20313",1.41055083157732e-07,9.12199954732378e-18,7.27205808040396e-06,0.999992586886836,4
"20315",0.975645647432054,0.00724022623853621,0.0171141263294102,2.67499915144768e-34,1
"20319",1.79638740208131e-05,0.914963726491588,0.0850183096343914,7.13678041571639e-41,2
"20321",0.791533892204072,0.00127601412260457,0.207190093673324,5.57638151066591e-39,1
"20327",0.970691575249789,7.43061392083488e-05,0.0292341186110028,1.67404149080949e-30,1
"20329",0.00187769811796308,1.54541633744571e-20,0.952921981038074,0.045200320843963,3
"20335",0.00119140388580025,0.920154763791565,0.0786538323226351,8.54361675578348e-35,2
"20337",6.08565641879491e-05,3.03691875786124e-06,5.24062941700928e-06,0.999930865887637,4
"20339",8.21690943774935e-08,0.159739277475883,0.840260640355023,1.44508953702604e-45,3
"20341",3.32317975763181e-08,0.00708520322398072,0.992914763544222,3.60209003280799e-41,3
"20343",0.157299624542294,0.000498185629588735,0.842202189828118,3.81150715921261e-37,3
"20345",0.891398448796778,0.0762232027582442,0.032362405088343,1.5943356634875e-05,1
"20350",0.00123713384018625,7.70507220411879e-06,0.99875516108761,4.20967087878255e-35,3
"20352",0.000192175991619344,9.87726600302976e-12,0.00194307718237219,0.997864746816131,4
"20355",0.162706842552479,1.40717925760427e-06,0.837291750268263,2.7501629490128e-23,3
"20358",0.074012549662901,1.83427962782265e-13,0.925544026852032,0.000443423484883475,3
"20363",0.874087243755785,0.0677547462672078,0.0581580099770073,2.6663880199962e-32,1
"20365",6.87049841547681e-05,0.987955361421611,0.0119759335942338,7.09889273338935e-28,2
"20379",0.029891449421942,0.794955085940133,0.175153464433858,2.04067211521108e-10,2
"20387",0.446413902228133,0.540519910067265,0.0130661877046013,2.25875317342466e-25,2
"20392",2.81508073094749e-13,0.983931918250066,0.016068081749653,3.31967214533644e-40,2
"20395",0.724533958258335,0.253077832900729,0.0223882056096911,3.2312449152279e-09,1
"20397",2.63895461687256e-10,8.92624488331809e-33,0.000315942331150829,0.999684057404954,4
"20410",0.780990713370778,0.19681830439571,0.0221909822335123,1.50242268398945e-18,1
"20414",0.953321928843733,0.0045387955651779,0.0421356776248736,3.59796621574715e-06,1
"20417",1.42042665159429e-14,5.80078609153339e-09,0.9999999941992,2.69620087163678e-59,3
"20419",0.818977316937291,1.75323922968084e-05,0.181005150670413,2.21214575065173e-30,1
"20421",0.0116301056894608,0.139227826640689,0.849142067669848,2.28583682472557e-15,3
"20423",0.16271963489865,0.0311302585034978,0.0385683395471773,0.767581767050675,4
"20425",0.714384613165505,0.0619813821170582,0.147240074240347,0.07639393047709,1
"20427",0.555644472308309,0.429125108073428,0.0152291168518571,1.30276640541833e-06,1
"20429",0.0946915179473004,1.25927103789436e-07,0.905308356125596,5.30484374118519e-56,3
"20432",0.815819281674333,5.12138738157738e-06,0.182921017188934,0.00125457974935101,1
"20435",0.160421065646123,0.691010977200107,0.14856795715377,4.35660606507127e-32,2
"20438",0.286494227425125,1.58386839485275e-06,0.71350418870648,7.39436995930117e-29,3
"20440",0.962499461355836,3.36459898381699e-05,0.0374668926543262,2.76679392285719e-32,1
"20443",0.0594881525659023,1.61946951985438e-09,0.940511842084325,3.73030305915904e-09,3
"20446",0.914528145112474,0.0104688628779352,0.0750029920095911,1.07650114853672e-25,1
"20449",0.511613326479537,0.45377437189532,0.0346123016251429,7.16050784832829e-34,1
"20537",0.00112235689541693,0.814123329039526,0.184754314065057,4.46766347531767e-40,2
"20540",2.10142286439072e-14,0.9685912089373,0.0314087910626788,1.49116285170036e-47,2
"20543",0.738672751898303,0.244920431190378,0.0164068169113188,9.27417216073357e-16,1
"20545",6.28451299500833e-14,0.976377197633464,0.0236228023664729,6.79559350204503e-32,2
"20549",0.350702618569487,0.62795089750151,0.0213399114636679,6.57246533546492e-06,2
"20551",0.708199918960645,0.283208071744526,0.00859200929482932,8.43540371029957e-20,1
"20554",0.957500516999465,0.0353891683305392,0.00711031466999588,4.94917580171636e-21,1
"20556",0.0501124950257187,0.929964413539184,0.0199230914350969,2.5776141801181e-16,2
"20558",0.88510533717233,0.106245553706726,0.00864910912094482,2.54030035502893e-29,1
"20560",0.901627787534134,0.0516312350363688,0.0467409774294961,7.13644082128116e-16,1
"20563",0.898552541916338,0.00355176474380265,0.0978956933398594,2.9066115733484e-35,1
"20565",0.912731628442924,0.0305740397105194,0.056694331846557,2.49938857023016e-22,1
"20567",0.73418373155824,3.37772766823353e-06,0.265806650978677,6.23973541490844e-06,1
"20571",0.0900195389602071,4.89670537653879e-06,0.909975564334416,2.21859273946658e-37,3
"20573",0.823413623747981,0.157167835621602,0.0194185406304179,1.09494394018041e-27,1
"20575",0.938570697936956,0.0018507853884357,0.0595785166746079,6.80369693372817e-40,1
"20577",0.616139711713433,0.359408955708488,0.0244513325780786,4.65002634854905e-20,1
"20579",0.000568448556991451,8.13763012211843e-23,0.768216630789901,0.231214920653108,3
"20582",0.954917016412564,0.0285481906122746,0.0165347929751618,5.22892109945793e-35,1
"20585",6.23688973611868e-06,0.966165154738196,0.0338286083720676,1.30415587268988e-22,2
"20588",6.9674731018447e-08,0.592850084603382,0.407149845721887,6.03691752290711e-45,2
"20590",3.51015595323525e-05,2.06921138892642e-17,0.000357734572523576,0.999607163867944,4
"20592",0.969138404672428,0.000730135994484187,0.0301314593330877,2.26839224457087e-34,1
"20594",0.857551960071326,0.104293652386228,0.0381543875424466,1.76915630997078e-34,1
"20596",0.844218149921413,8.22093416402344e-06,0.155773629144423,3.99036931352792e-23,1
"20598",0.83368718253379,0.156982396008664,0.00933042145754634,3.22704727876005e-21,1
"20600",0.000967467598769342,0.965067254596572,0.0339652778046588,1.3730035490591e-21,2
"20603",0.0202930527575883,0.871896363350155,0.107810583841989,5.02678708795256e-11,2
"20605",0.915795994746272,0.0646765687737278,0.0195274364800005,1.67044512642573e-32,1
"20607",0.911600521002957,0.0297369599546225,0.0586625190424209,1.97178339246892e-27,1
"20609",0.941270972583353,0.0522545922427227,0.00647443517392394,3.22783364774669e-19,1
"20611",0.0052839771967919,7.8120977774922e-05,0.000235769984235381,0.994402131841198,4
"20613",0.382063607338825,0.602400051512712,0.0155363353117333,5.83672935514736e-09,2
"20615",0.13005795278672,0.850924455378911,0.0190175917556409,7.87279062526356e-11,2
"20617",1.80498359661796e-06,2.91951387368048e-12,1.1115576213301e-05,0.999987079437271,4
"20619",0.890168218613882,0.000100923789941351,0.109730857596177,1.08091330234227e-34,1
"20621",0.878387234210316,0.0534816611818919,0.0681311046077926,5.41246680702118e-31,1
"20623",0.176420675097355,5.63718560959215e-11,0.823579306291572,1.85547010208671e-08,3
"20625",0.00182792930471804,0.842015331893867,0.156156738399113,4.02302273056035e-10,2
"20627",0.800132764026957,0.188116527414696,0.0117507085583469,3.65534916451755e-20,1
"20629",0.729990952288452,0.253861634876407,0.0161474128351414,1.2850861383856e-24,1
"20631",0.920052394158853,0.000536846217113478,0.0794107596240335,2.60675723958357e-34,1
"20633",8.4748383813184e-08,7.68683452530276e-21,1.95683735813109e-05,0.999980346878035,4
"20636",0.805789850472852,9.94145394358135e-06,0.194200207886272,1.86931977767901e-10,1
"20638",0.0678923553514323,0.653757006591853,0.278350638056715,8.65726501210823e-35,2
"20640",0.0023483903809187,0.982745163406448,0.0149064462126336,1.66158569186123e-27,2
"20645",0.148979971358589,0.81223780968266,0.0387822189587508,7.24568981152658e-40,2
"20647",1.28887174175408e-06,9.06858956687415e-17,0.00110893902134545,0.998889772106913,4
"20649",0.135490387643013,0.830779813514713,0.0337297988422742,7.49833740682042e-19,2
"20651",0.0578693358306425,7.254837480218e-08,0.942130591620983,1.0278583187341e-54,3
"20656",0.0026222793031184,0.899125258375569,0.0982524623213124,3.90618860060436e-34,2
"20660",2.71787152457143e-10,0.202267897738549,0.797732101989664,2.78741283948099e-39,3
"20662",0.0511576519090839,1.58731247985389e-13,0.94884234808527,5.48732885333411e-12,3
"20664",0.306670560011899,5.06683807505102e-10,0.693329439481417,5.2456172640224e-25,3
"20666",2.92956034953743e-08,0.980800084308789,0.0191998863044584,9.11487273504366e-11,2
"20668",0.0114098320123627,6.36966800189009e-06,0.000359901782562455,0.988223896537073,4
"20670",0.684916511972936,0.0002029735638144,0.31488051446325,3.17317205960688e-38,1
"20672",0.00176105135630271,0.000174126356214489,0.000334108613916027,0.997730713673567,4
"20674",0.792074386042394,0.13872232120201,0.0692032927555957,2.05927252851302e-27,1
"20676",0.00110303462121705,4.2030111696484e-12,0.0542338893379097,0.94466307603667,4
"20678",1.29922910407487e-05,9.146439594671e-18,0.000354814054502494,0.999632193654457,4
"20680",0.835623635757296,0.0221862096089769,0.0194389586659003,0.122751195967827,1
"20682",0.933770011483762,0.000455063198787853,0.0657749253166533,7.96950734830108e-13,1
"20684",0.606373323959046,0.00285194279061971,0.390774733250334,1.65088571788772e-40,1
"20686",0.000112765045198644,7.66705519770866e-09,4.25460888323976e-05,0.999844681198914,4
"20688",1.36176767438181e-07,1.01655108680307e-25,0.000348108425646998,0.999651755397586,4
"20690",4.71019561312762e-08,0.940271730072802,0.0597282228252421,4.78939560374161e-41,2
"20692",1.73129478101302e-08,1.01752460683832e-25,3.68947880018922e-05,0.99996308789905,4
"20694",0.0129006931320247,0.0003163043144808,0.000323382441648624,0.986459620111846,4
"20696",0.899658620009417,0.0251416538503982,0.0751997254174012,7.2278336347053e-10,1
"20698",0.813604503742886,0.0386627096559445,0.14773278660117,7.44020378060972e-21,1
"20700",0.340204503447879,3.28759910512853e-07,0.65979516779221,2.52891373399667e-42,3
"20702",8.41928215146134e-07,0.955071585582574,0.0449275724892113,1.80283621117335e-43,2
"20704",0.843144133208422,0.149357557346209,0.00749830944536911,5.07943076694936e-19,1
"20706",0.202416051276862,6.7143871222404e-07,0.797583277284426,2.45393058601983e-35,3
"20708",0.000164511133781306,1.83672499762353e-12,0.000344244478790769,0.999491244385591,4
"20710",0.00209473579251452,0.969559895247695,0.0283453689597908,1.31635208059953e-20,2
"20714",0.0152659955146517,4.40748047469084e-10,0.0178607778567689,0.966873226187831,4
"20716",0.832578704923322,0.139963317282996,0.0274579777936819,2.91057806229264e-28,1
"20719",0.476470018536926,7.69425573880837e-07,0.5235292120375,1.64072707620827e-26,3
"20721",0.958336044974708,0.00106619672340315,0.040597758301889,2.9666232903038e-34,1
"20723",0.0505823867651303,3.4309488015374e-09,0.949417609803921,5.0190892158522e-29,3
"20725",0.0767018177699055,0.183485047874245,0.00371846294968789,0.736094671406162,4
"20727",9.0098729532191e-06,1.36557116041034e-11,0.999990990113391,2.15027265995702e-18,3
"20729",0.000830059964332731,1.2532976049105e-05,6.83387806991628e-05,0.999089068278919,4
"20731",0.00052629787553326,0.00270402238835163,9.06779826948361e-05,0.99667900175342,4
"20733",0.547768522631902,0.37173518854671,0.080496288821388,6.23121613075812e-27,1
"20735",0.26279813161721,0.717882314982861,0.0193195533999291,8.3740154553784e-17,2
"20737",0.0139756427454014,6.70747104979673e-09,0.00282847242631734,0.98319587812081,4
"20739",6.70052208154954e-05,1.51355278423733e-16,0.00839713740154878,0.991535857377636,4
"20741",0.619414363303078,0.111774087380672,0.00668675734403519,0.262124791972215,1
"20743",0.925429900038067,0.0132314657412978,0.0613385710241142,6.31965211090439e-08,1
"20745",0.868464392600435,0.00528200392690964,0.126253603472655,1.66237769819983e-32,1
"20747",6.62781928629755e-05,1.58176388971832e-06,1.15828128202189e-05,0.999920557230427,4
"20749",6.44955811037402e-05,3.77621568208483e-06,1.87544180715371e-05,0.999912973785143,4
"20751",0.000140256593515144,0.949287054349621,0.0505717435663051,9.45490558442214e-07,2
"20753",0.0180200306560445,0.00151958060962524,0.000811121307461631,0.979649267426869,4
"20755",3.13726667863037e-05,5.89168351389869e-19,0.00695306118673755,0.993015566146476,4
"20757",0.00477085712237558,2.29054581960731e-17,0.995229142877625,1.17065654417742e-24,3
"20759",0.615916724135018,1.84557274279015e-07,0.384083091307708,2.53032285932032e-35,1
"20761",0.830753322605541,0.163309852997292,0.00590406681440612,3.27575827606836e-05,1
"20763",0.443553691366104,0.361669602033158,0.194776706600739,6.64008349443567e-26,1
"20765",0.249874351204244,0.106948623305807,0.00232035545218703,0.640856670037761,4
"20767",0.948148642687847,0.0047216039517731,0.0471297533603795,3.77226815577837e-26,1
"20769",4.34376875149268e-05,0.692103139124681,0.307853423187804,2.91297574419075e-32,2
"20771",0.968108046249808,3.9284079230263e-05,0.0318526472461972,2.2424764300699e-08,1
"20773",0.00154934201319517,8.00971927711835e-18,0.998450657986805,1.74058573930183e-17,3
"20775",0.477124595490629,0.483203671121935,0.0396717255059928,7.88144293834858e-09,2
"20777",0.000251202040154889,0.750359624278289,0.249389173681556,1.95406713522573e-37,2
"20779",0.100121821378256,0.139009639759966,0.00334836057208772,0.75752017828969,4
"20781",9.74481274136389e-19,2.88899475907325e-09,0.999999997111005,4.4493839289099e-43,3
"20783",0.980995430892437,0.00639883840642914,0.0126057121294173,1.85717159617359e-08,1
"20785",1.02102839942981e-05,1.41738541436073e-24,0.999989787763404,1.95260206817185e-09,3
"20787",0.321307785720767,3.80726159460791e-05,0.00732341877663698,0.67133072288665,4
"20789",0.842240019482015,0.13666085564567,0.0210991248723135,1.04546174087019e-15,1
"20791",0.00261765744200749,5.89739345725971e-06,8.91781828786443e-05,0.997287266981657,4
"20793",0.745738990823655,0.234798021434337,0.0194629814321222,6.30988640966488e-09,1
"20795",0.962107929360301,0.000756108327676714,0.0366368354971134,0.000499126814909032,1
"20797",1.25109037332438e-14,3.78278228876755e-09,0.999999996217205,6.13347115908769e-17,3
"20800",1.3125702277042e-05,2.47508055007207e-05,1.22426252155737e-06,0.999960899229701,4
"20802",0.731723819748684,0.190900046240279,0.0078181546491258,0.0695579793619113,1
"20804",0.00155909031806346,6.18257825780397e-08,0.000156330091716653,0.998284517764437,4
"20806",0.00141784800148579,2.18139674050425e-07,9.31005714246976e-05,0.998488833287416,4
"20808",0.903414146735053,0.0876737670311543,0.00891208623379256,6.06841780452992e-17,1
"20810",0.840711485983685,3.25115890509386e-05,0.159256002419328,7.93680120874846e-12,1
"20812",0.125513398262048,0.827983440704471,0.0465021412394728,1.01979400782494e-06,2
"20814",7.14039173537274e-06,1.00791707077584e-16,7.82731081075374e-05,0.999914586500157,4
"20816",0.0366851928580977,2.02554095063733e-07,0.963314604587807,7.99263096553361e-25,3
"20818",0.908271331522695,0.0768341473999448,0.0148945192556689,1.82169104687952e-09,1
"20820",2.62986878870749e-05,3.89452574590078e-17,0.0139814076716198,0.985992293640493,4
"20822",0.497974831655349,0.146049440840007,0.00385977447970321,0.352115953024941,1
"20824",1.03726874913277e-05,6.43946958212158e-25,0.999314223946614,0.00067540336589498,3
"20826",3.32377081359325e-05,1.70676255665561e-10,5.23547559239821e-05,0.999914407365264,4
"20828",4.13426366613979e-07,4.83812920788872e-17,0.000412784210762398,0.999586802362871,4
"20830",0.775315885705908,0.00915077627652633,0.070502432171508,0.145030905846058,1
"20832",0.935807657209162,0.0256585810433544,0.0385337617474839,4.79120061051197e-20,1
"20834",0.434215272766001,0.557617152633437,0.00816757460056277,1.80492733804788e-21,2
"20836",0.0074610156399041,0.00414811758547021,0.0002337106920007,0.988157156082625,4
"20838",0.00043103254337813,3.04913241301255e-12,0.00121672090006855,0.998352246553504,4
"20840",0.905480422983682,0.072327864590072,0.022191712426246,2.44064408626094e-22,1
"20842",0.855101462635139,0.00100800560717685,0.143730995347498,0.00015953641018629,1
"20844",0.120220552855651,3.85806027259455e-11,0.879775412216489,4.03488927878238e-06,3
"20846",0.944445857459326,0.000943304838704999,0.0546096871116805,1.15059028836116e-06,1
"20848",0.736914971385596,0.254547140684914,0.00853785796528584,2.99642044966211e-08,1
"20850",0.963087014208951,0.00282281760208333,0.0340901681889659,3.85405995536708e-18,1
"20852",0.738890499423253,6.0647247154176e-06,0.261103435852032,4.91096403545986e-28,1
"20854",6.07042475500309e-05,4.28992822295237e-08,1.60411815041737e-05,0.999923211671664,4
"20856",1.53149302217641e-12,0.107689427201115,0.892310572797353,5.14275682959706e-46,3
"20858",0.86510433049091,0.0492526652902745,0.0856430042188155,8.58552869011969e-29,1
"20860",0.46156396793361,1.40949358146205e-05,0.534744194744114,0.0036777423864617,3
"20862",0.949423180025273,0.00047520794726549,0.0501016120274616,3.50382554544233e-28,1
"20864",0.000274019347515651,2.62526470366123e-08,0.00051643371685461,0.999209520682983,4
"20866",0.149381995714909,0.000105421242009425,0.850512583043081,1.04512783522807e-45,3
"20868",0.915695927903528,0.0568084480681667,0.0274956240283056,3.84623046804862e-29,1
"20870",0.569738846078464,0.418068139353434,0.0121914537833911,1.5607847111342e-06,1
"20872",0.147954766208154,0.0347754743203406,0.00138600304708721,0.815883756424418,4
"20874",2.22677376252579e-06,3.28765292928222e-19,0.000188943387602586,0.999808829838635,4
"20877",0.189965197433832,0.798652645863947,0.0113821567022216,3.23177498976016e-23,2
"20879",0.537512637785359,0.446929414577134,0.0155579476375069,6.99187968335714e-33,1
"20881",0.697023494679053,0.0800199210314644,0.0146490811178463,0.208307503171637,1
"20883",0.000617874821338631,8.48275140578419e-05,0.999297281393364,1.62712399111227e-08,3
"20885",0.000285411644758501,0.000470312445734601,1.28266396519788e-05,0.999231449269855,4
"20887",0.650793662807137,0.311541116864522,0.0376652203283395,1.40853369930015e-15,1
"20889",0.317899361038501,0.649778337627448,0.0323208294616666,1.47187238494079e-06,2
"20891",0.292534278949338,0.70030883608849,0.00715688496217161,7.18109215838589e-27,2
"20896",0.00832343880850925,0.975342518087271,0.0163340431042199,5.3021611256418e-21,2
"20898",0.771128489260212,0.210407374815182,0.0114466882924781,0.00701744763212789,1
"20900",1.39128146766468e-15,3.82118308794715e-06,0.999996178816911,5.0138492667241e-24,3
"20902",1.12207072173859e-06,0.96124653345499,0.0387523444742886,7.04799849436803e-20,2
"20904",0.129184313477263,2.80355796007235e-05,0.870787630506691,2.04364445957983e-08,3
"20906",0.496144861669199,0.361126614336726,0.142728523994075,4.42153439733861e-35,1
"20908",0.964793884080768,0.00448766591241476,0.0307184500037626,3.05442324897353e-12,1
"20910",0.59323796688045,2.05964298047086e-07,0.406761827154973,2.78627742682246e-13,1
"20912",1.9817522389872e-21,3.79902253765119e-06,0.999996200977462,8.81059201018298e-36,3
"20914",0.0172295993693758,0.958136656415043,0.0246337442155816,4.99636809549311e-37,2
"20968",8.79571248605949e-05,1.36418773875018e-16,0.999912042875139,9.50772684036902e-21,3
"20970",0.963037259167114,0.0149069131053664,0.02205582772752,1.6387441246517e-28,1
"20981",0.481734793470902,4.08268178596309e-05,0.518224379711239,3.37208403973585e-25,3
"20983",1.57088108813438e-06,4.03448495247914e-16,1.53480081256298e-05,0.999983081110786,4
"20988",0.983660571567241,0.00147009645536606,0.0148693319773928,1.9937161291574e-27,1
"20995",2.04146912728884e-06,1.16722686572875e-07,0.999997841808186,5.22041292004372e-43,3
"21017",0.975867620486297,0.00720343007151355,0.0169289169183573,3.25238321325559e-08,1
"21038",0.314373296357479,0.637420076324065,0.0482066273184554,3.48093045811991e-29,2
"21072",0.711776839431972,0.256061086155419,0.0321620744126092,9.47526495642396e-22,1
"21075",0.00390669342477845,0.97936738684721,0.0167259197280121,5.73694971100057e-27,2
"21223",0.505226488753536,0.480081391901054,0.0146921188465927,4.98816623121361e-10,1
"21225",8.11366247690329e-25,0.674178833258705,0.325821166741295,7.23809752857926e-52,2
"21230",6.72084169271906e-06,7.23073734538272e-16,5.47521429945361e-05,0.999938527015312,4
"21236",0.128744895288323,0.0559545314112722,0.00143480537075837,0.813865767929647,4
"21238",0.00562654349478052,0.141501573126121,0.852871883379098,1.68340323304485e-22,3
"21241",0.823300808636799,6.72869535769651e-05,0.176631904409624,4.11507371860975e-25,1
"21246",0.693732902079126,0.206896523282146,0.0993705746387274,4.11512110059654e-18,1
"21253",0.000351178742780297,6.41161804820208e-08,9.02858577574856e-05,0.999558471283282,4
"21256",0.914503248952694,0.0311880123695984,0.0530799351008497,0.00122880357685824,1
"21260",3.6852776918592e-12,0.833470385459278,0.166529614537037,4.4438256037003e-41,2
"21266",0.928413086373254,0.0423058054003184,0.029281108226428,9.95715493197426e-33,1
"21332",0.708563613196427,0.253191482344531,0.0382449044590418,2.41266131512439e-20,1
"21334",0.100468944065048,0.798273889117779,0.019937026074837,0.081320140742337,2
"21375",0.655735239252748,8.00009830070673e-05,0.344184759764245,2.32058758614524e-40,1
"21378",0.139893542747247,0.00102192064874454,0.859084536604008,4.20283391164543e-49,3
"21381",0.209328170447428,0.165279288180571,0.625392541372001,2.74445235301342e-41,3
"21389",0.952986743362809,4.72358341705589e-05,0.0418111898058304,0.00515483099719042,1
"21391",0.305503137675671,1.02562723264812e-09,0.694496861298701,1.25830431000066e-35,3
"21402",0.724432130574643,0.000173173753518158,0.275394695671839,6.40998923784335e-26,1
"21404",0.00036297777467964,0.976602998336161,0.0230340238891593,1.9493847593088e-17,2
"21409",0.393614952973839,0.510530384638034,0.0958546623881263,1.90149453709433e-30,2
"21413",0.0933361501838505,0.590617734641706,0.316046115174444,3.59716151396105e-18,2
"21423",0.00705817134594307,2.45332043226967e-06,0.992939375333625,1.69295125737781e-35,3
"21425",0.0600301980222465,0.784171387939903,0.15579841403785,3.86852660364284e-27,2
"21430",9.9749149636436e-09,0.959705969009235,0.0402940210158504,1.10180659021353e-20,2
"21432",0.665483339283922,0.315438602957714,0.0190780577583634,2.33880634463019e-19,1
"21438",0.000478764207997526,1.31935706806399e-17,0.999521235792002,1.19401547782079e-35,3
"21440",0.926673384033377,0.0189918265061718,0.0543347894604514,1.18183641832956e-28,1
"21443",0.484173187026321,0.00966030484071985,0.00465445300492004,0.501512055128039,4
"21445",7.52335683770959e-14,0.971520727336428,0.0284792726634971,8.32888871764112e-33,2
"21447",0.851884723639676,0.0894196842023797,0.0586955921579443,1.50287092457048e-38,1
"21449",0.92222228976326,5.40224649222724e-05,0.0777236877718179,2.60959477063966e-26,1
"21451",0.92222228976326,5.40224649222724e-05,0.0777236877718179,2.60959477063966e-26,1
"21455",0.944583362794684,0.0144128499310391,0.0410037872742772,7.06253417818612e-25,1
"21469",1.16722012647772e-05,0.946673406341324,0.0533149214574113,2.18478071888469e-43,2
"21471",0.00095298606531135,0.98781376834323,0.0112332455914589,6.60677602637315e-30,2
"21473",0.538009042046446,0.0524791270194883,0.409511830917975,1.60909072856515e-11,1
"21476",0.196346947754961,0.759642244800592,0.044010807444447,2.97663012452383e-19,2
"21478",0.249264917327275,1.10491324173912e-06,0.750733977759483,5.70978929549652e-20,3
"21481",0.810710734275468,0.156941897884251,0.0321299995827938,0.000217368257486996,1
