"","V1","V2","V3","V4","V5","V6","V7","V8","V9","V10","best$classification"
"19812",0.00013498750775088,9.49172918823968e-05,0.666051933579927,2.26340536591298e-05,0.000211205570149345,0.000404392314466251,5.98320583459782e-07,0.199673016372534,0.133405918125127,3.96863920520241e-07,3
"19814",2.37294400303702e-06,9.47481322478445e-07,0.983973111334602,4.61934650809282e-06,2.83682756898173e-07,3.35505821469445e-05,0.0016806743140313,0.0126901997219892,0.00161423313550764,7.45713196230511e-09,3
"19816",5.77027869022543e-09,7.97578687343467e-06,0.0036997926471024,3.42466532682634e-06,0.0108742640407419,0.277804697468531,4.49138159923062e-07,0.682002162264024,0.0256069678718632,2.60347098533223e-07,8
"19818",2.93565384043237e-06,3.25166829284605e-06,0.347597007774534,2.11689751861817e-05,1.01476736453115e-05,0.000888067133470381,0.00566607644089745,0.645353987557802,0.000457329828607822,2.72937237315112e-08,8
"19820",1.17228286728401e-10,0.000186375255554564,2.06208124778973e-09,1.0208523180112e-11,0.000143206377851232,0.998699580630313,8.86848923019935e-11,0.000942243418460793,2.85161500275588e-05,7.58895900025994e-08,6
"19822",4.04202950310048e-06,0.168801446019913,2.02686258322108e-07,8.6870800802867e-10,0.0019362869320752,0.818159365705671,6.03482268305215e-07,0.00165211875112977,0.00798661277617913,0.00145932074829304,6
"19824",1.69799898122159e-07,5.81450804082618e-05,0.000103051710131264,3.30244848634719e-06,0.200667953625353,0.478842917515006,0.00120890636849014,0.319110500203383,3.28703370332392e-06,1.76621514047809e-06,6
"19826",1.30256837202733e-06,9.36615749822734e-07,0.724699021056159,0.00311854650820096,0.02679857181469,0.00123352928654033,1.55811778634564e-05,0.0458421168333588,0.198258912152192,3.14819868731333e-05,3
"19828",1.14459165632782e-07,0.00103075817409642,5.3467853771011e-05,6.96398833829799e-09,3.12775264426143e-05,0.728675064118875,8.01975208850559e-07,0.269833778239793,0.000374727116242159,3.57241713404676e-09,6
"19830",0.00358834472197224,4.92899845012274e-06,0.917900496575162,0.00201375081258556,1.29175525318651e-05,9.1303444143929e-07,5.77335521565546e-05,0.00829736877786267,0.067512206510053,0.000611339464784362,3
"19832",0.0440684170975461,0.638446021587225,0.139536684856472,2.75673310296152e-07,0.000516059524871101,0.0112584273273216,6.70965524017834e-07,0.085264133517479,0.0809036988731293,5.6105771212742e-06,2
"19834",5.40021469081284e-06,0.00471342825543774,0.00521473019809343,3.96218713218354e-08,4.31757692196118e-06,0.0471239384011261,3.74302755689134e-05,0.139032174590193,0.803707935795436,0.000160605070660303,9
"19836",1.79087582891129e-05,3.45199891131645e-06,0.0307410218372223,0.00271629832060873,0.127172011608022,0.00108482039297468,9.38217441484853e-08,0.836057255894751,0.00220513021096051,2.00715651616451e-06,8
"19838",9.02199769632144e-05,6.33410480289473e-07,0.998335619824765,1.26018125455586e-05,4.03140273311527e-08,1.51199757691435e-07,0.000171542510138561,0.000327677283924929,0.00106149993580437,1.3731592912087e-08,3
"19840",2.85000702935417e-08,3.33337421916631e-06,0.0112052326210123,9.10605613907321e-05,0.00167940032698885,0.0349634376130072,1.06402603179008e-06,0.10028453525616,0.851480857123398,0.000291050597721299,9
"19842",1.04621545376099e-06,9.21176326605915e-11,0.0110515410028985,0.988712824925503,0.000142521387178038,6.50312552357216e-09,7.92161817324941e-07,4.79448183580523e-06,8.46950436627013e-05,1.77818640714741e-06,4
"19844",4.94232585701901e-09,5.02941564256762e-10,3.15135122098047e-06,6.17417054412603e-06,4.76748741727121e-07,6.13074755708417e-07,0.999987567311694,2.90084162107701e-07,1.28249549211619e-08,1.70898865860786e-06,7
"19846",2.75855584350753e-06,1.90486008971791e-10,0.914417581231926,0.02642067339684,4.37574855636267e-06,1.40372543309764e-08,0.058988956600243,0.000161802462960813,3.82179663841259e-06,1.59792515891662e-08,3
"19848",3.71593223606515e-06,1.27606448047201e-09,0.979148534163778,0.00084754108822328,6.56275796347781e-07,2.47207975221452e-08,0.0198052550194048,0.000182056506443537,1.22060535963909e-05,8.96366007984486e-09,3
"19850",2.21485201999184e-06,4.00052945701368e-08,0.822128428013412,6.25207759482244e-05,2.58888896912602e-06,1.63243956741984e-06,0.177327264250469,0.000409227787859583,6.58489514653234e-05,2.34034994386719e-07,3
"19852",3.75236844460137e-07,1.18232155259684e-05,0.0160993073938522,2.27622127460315e-07,5.09641031102808e-05,0.00693169190824127,4.28460391625781e-05,0.975472137403238,0.00139014219198092,4.84885916614486e-07,8
"19854",6.02798909148747e-06,4.60110520721454e-09,0.998011258178064,0.000232584739332843,9.20144678787055e-08,2.64022917863901e-08,0.00152484870916189,0.000169296369699501,5.58573308218132e-05,3.66596407579349e-09,3
"19856",9.44955170603058e-07,4.88184534663993e-07,0.011375064213547,4.43947175129001e-05,0.000149098445007879,3.30249443067694e-05,0.988138780822789,4.31078068597373e-05,0.000185346552464247,2.97493578069391e-05,7
"19858",1.5589409037694e-06,1.50396314172373e-05,0.000526349928533476,5.96160083150349e-07,0.000719919045399658,0.00201482797008351,0.99439784926816,0.00221938927650385,1.27056461169099e-05,9.17641327981037e-05,7
"19860",5.61962786151935e-07,3.25196079433635e-05,0.219123686265874,4.16173338236484e-06,0.000146446434628638,0.0182853129183473,1.3144957856828e-05,0.498749194993227,0.263636699177516,8.27194843889897e-06,8
"19862",5.58373821585193e-06,1.35124829793511e-10,0.891166829450705,0.107268040329949,4.04986191201483e-06,4.38648430731325e-09,0.00146931613527633,7.55063420174871e-05,1.06490764311114e-05,2.05438831016944e-08,3
"19864",8.47124527260308e-07,9.28377764023158e-10,1.08867309784607e-06,0.988641513681376,0.0112913107628176,1.0498617384793e-06,8.11031945959721e-07,2.82691917278022e-05,1.49875941947653e-07,3.49588684488211e-05,4
"19866",2.90622699071252e-08,3.76009379065207e-06,0.000168801298923194,0.000233354795486016,0.645490661178223,0.0828260071014723,1.46982464193815e-07,0.246970354725842,0.0212270709235281,0.00307981383800097,5
"19868",0.962851200830251,0.035515391303551,1.27236204533662e-05,5.33096211581892e-08,5.42828755772655e-10,3.88832997025634e-07,1.40016119717035e-05,2.26638629416979e-07,0.00123162883056852,0.000374384479128489,1
"19870",1.57303240303994e-05,2.2935844198062e-08,0.965345509192864,0.006620048560218,7.20636968586323e-06,1.38170302637337e-06,0.00144995901932617,0.0265096128884667,5.05064890978549e-05,2.25174406848497e-08,3
"19873",1.28284391558776e-06,5.12992584502087e-07,0.548026114759618,0.00166700189063921,0.000523245749390061,0.000560434141947819,0.000380971991217871,0.4474112292108,0.00142861869974827,5.87720138888956e-07,3
"19875",7.70180996263427e-08,0.00169984129417351,0.000584353552859469,1.38625152015825e-08,0.000230603710085627,0.808360963429873,1.44462036012771e-08,0.0791880908363027,0.109935400761278,6.41088609942911e-07,6
"19877",1.79001129262204e-05,6.30034279353697e-07,0.776566762492351,6.78003203492123e-05,1.3868899129653e-05,2.74174378661079e-05,0.00147639561818197,0.217988573461216,0.00383515455331851,5.4970703812237e-06,3
"19879",1.55680801396699e-05,2.03314154797642e-05,0.0251483895055611,4.67825590049301e-06,4.09746295060974e-05,0.000907037438854038,0.000435130355711104,0.970688406111902,0.00273520048890982,4.28371803540738e-06,8
"19881",4.67001197803089e-06,4.16151406258537e-07,0.880219786455459,0.00797340841155978,0.0645331941771815,0.000145265589074826,0.000684348204985061,0.0419396335512076,0.00449334173382672,5.93571332164197e-06,3
"19883",1.31794555136868e-06,2.77214855604813e-08,0.548686505486557,0.382689667511045,0.0443263475169085,4.09430304056261e-05,2.63704912255488e-05,0.0213711440107749,0.00285711201232524,5.64273721262254e-07,3
"19899",5.77969242608183e-05,6.43620428895892e-05,0.0100105199949699,2.67394331723115e-05,4.95779444706626e-05,0.00161608418921866,1.11192084285054e-06,0.175635325247123,0.808224155850802,0.0043143264522496,9
"19908",4.92061686398883e-07,3.15336518612667e-07,1.15427204265666e-07,4.62176907137972e-06,2.89031427885397e-06,1.97919099533269e-06,2.98876268732467e-07,2.42529010157516e-06,0.000361119987573917,0.999625741746301,10
"19910",4.84691023784448e-07,1.14261551448195e-06,0.0242963995447551,6.70691640613946e-06,0.000269357597909407,0.00119343003376277,1.76883637996434e-05,0.97400103827601,0.000213705952631604,4.60081873217448e-08,8
"19912",2.34540414754409e-06,3.40717311495887e-10,0.127642694231689,0.871248615763705,7.8844879995739e-05,1.73192327529896e-08,6.66877946359961e-05,1.74828891535198e-05,0.000933837985755375,9.47339096797904e-06,4
"19914",0.000139427210257181,0.000356629713820745,0.129768822107492,3.42128260918425e-06,0.000407159104476417,0.00222151481243371,0.00031144417938934,0.632428151524841,0.232851404126459,0.00151202593822078,8
"19916",1.07786579594057e-08,1.39652271204703e-07,2.85603927853256e-07,1.83859232389647e-05,0.996875517429999,0.00198033056705095,1.4293687786452e-06,0.000822288073919427,4.70024183543689e-07,0.000301142577972703,5
"19918",3.88388860989816e-07,1.73485601318659e-09,0.911936189403331,0.00514794338489447,0.000112051989580743,2.02447577713217e-06,0.0759731990287169,0.00680259709412344,2.55433890919038e-05,6.11107673807689e-08,3
"19920",1.09254559165215e-07,6.72031960395962e-10,0.109314901462578,8.71432044954262e-05,1.38393821893061e-07,1.70560249586215e-07,0.890489980806477,8.24213785674119e-05,2.44377026501149e-05,6.96564569427072e-07,7
"19922",0.773587538406096,0.100885259900246,0.0747344909874629,1.74542706741835e-06,3.67398794494707e-06,0.000254617846264405,2.74032039592217e-06,0.050397809878177,0.000132121620831158,1.62551411299094e-09,1
"19924",3.36121073730409e-06,3.74993902087753e-07,0.768779048047145,0.000244177866205398,2.05182568162701e-05,0.000163457885667891,0.0296544507570149,0.193339374127703,0.00779355370045801,1.68315434962882e-06,3
"19926",0.000848091821509026,0.000559733147872179,0.0119829986254894,0.000168522118365533,0.030776670200829,0.00331183657890951,4.52859525477639e-08,0.432231048682253,0.519318638247143,0.000802415291676172,9
"19928",4.34299262018674e-07,8.84863698316504e-12,2.74390134079286e-07,0.997876245167814,0.0020837495224765,8.18189500666188e-10,3.50690818037731e-07,1.47114854498418e-08,6.55004607307528e-09,3.8923840925273e-05,4
"19930",1.26567708640056e-05,2.30165761692053e-07,0.972954478213198,9.03933513512127e-05,4.08874136954929e-06,4.46976054241261e-06,5.77194874356423e-05,0.0266836040751923,0.000192355792430429,3.64185501154087e-09,3
"19932",1.41731046648471e-05,3.14085382149565e-08,0.998946407639494,4.19852740692664e-05,8.08958814406809e-08,7.68596316494189e-08,0.000498770834344129,0.000402881574611458,9.55898009091034e-05,2.60785584374621e-09,3
"19934",2.35054007401e-06,0.00959224420304563,0.0147714958793667,3.98556452350328e-08,0.000481714625202592,0.549715129622711,8.65996788741217e-05,0.268896410825025,0.156452614910116,1.39985993879086e-06,6
"19936",0.000135270431275719,3.12761101477429e-05,0.831765641629334,1.05408906064596e-05,8.17009718197381e-06,0.000217321159398488,7.22964054314535e-05,0.0628957692296447,0.104860955133579,2.75891340097024e-06,3
"19938",2.09582199969979e-06,0.00522165730076023,3.60563587557583e-05,6.71224592516204e-08,0.010432272290998,0.782449790673326,2.92117842819907e-05,0.0704109017507095,0.123422560396246,0.00799538650046405,6
"19940",1.2798830265667e-06,1.32144160677107e-07,0.109174238570316,0.00439022494710846,0.0094815644856362,0.000387372968298494,7.12234958321487e-05,0.876375448456066,0.000118475673708113,3.93758472258964e-08,8
"19942",2.97399142657597e-08,2.13072004433429e-11,5.26248049255278e-06,0.975766217881888,0.0240367868043751,3.63248844254078e-08,1.3202941160462e-07,3.07475667886172e-07,2.7880969797959e-06,0.000188439145079255,4
"19944",3.89507113564898e-07,3.97945298877662e-06,0.0151367879509142,1.23310626103811e-05,0.0256933185379649,0.00838963041798262,2.64238165496178e-06,0.947174391778415,0.0035841375754012,2.3913349538258e-06,8
"19946",2.79161595609204e-06,3.838880735644e-06,0.271693264321748,1.41994682073341e-05,0.000418381952057419,0.00153720118555375,0.00912024958810522,0.714938167645427,0.0022496135027781,2.22918394308832e-05,8
"19948",6.64605187496212e-09,1.64541632077598e-12,7.13318428112376e-06,0.997124607824284,0.00286749420539276,7.4694555654425e-09,1.94803859820157e-07,4.57465896417667e-07,1.3140080667955e-08,8.5259052521497e-08,4
"19950",1.36915863807275e-07,3.74100377066682e-10,0.000803890253764106,1.03535037075909e-06,6.65860831668242e-10,3.49583676845067e-09,0.999194230862383,5.77359458814255e-07,8.10241939249659e-08,4.36981676833634e-08,7
"19952",6.64605187496212e-09,1.64541632077598e-12,7.13318428112376e-06,0.997124607824284,0.00286749420539276,7.4694555654425e-09,1.94803859820157e-07,4.57465896417667e-07,1.3140080667955e-08,8.5259052521497e-08,4
"19954",6.48256694686426e-06,2.57463307461111e-08,0.994695139623027,0.000157719980613815,7.12707829015388e-07,5.00463198688774e-07,0.000280224841468168,0.00478039544266014,7.87962302663256e-05,2.39765947055999e-09,3
"19956",0.000677551809575994,1.00196722078268e-07,0.13191612948933,0.0122145518600638,1.88214262420638e-06,3.44557113506184e-08,0.288867201182908,6.61146422609135e-06,0.00955235694053086,0.556763580458308,10
"19958",0.995258086200111,0.00464646949109015,6.24987686959546e-05,1.84187426050353e-08,1.71316042785167e-08,2.40901088161584e-07,1.98671291151303e-05,1.27778830849785e-05,1.85503400257534e-08,5.52612745032915e-09,1
"19962",0.000146556754570455,0.000673680454988224,0.614655820801148,2.66149280867927e-05,0.0260786901659268,0.0189947481560109,0.238426184194757,0.0871894469603153,0.0134263943778407,0.000381863206356195,3
"19964",1.76459675866926e-05,3.38740538855131e-07,0.241546540468085,0.00799575279868174,0.0117824230378438,0.00039611646704624,0.00498751175563363,0.733214103899235,5.945641576139e-05,1.10449587233132e-07,8
"19966",1.50002511512529e-08,1.45569926032525e-05,1.44683582112603e-06,4.92770494013526e-06,0.877147195873482,0.109374978286011,9.87974374650262e-10,0.00810454374540662,0.00524465931598897,0.000107675257520461,5
"19969",2.43540173348675e-06,3.80828860629329e-08,0.97295574452734,0.0167508649166707,0.000213562036449643,3.78814400573095e-06,3.04794118017996e-05,0.00381911307859235,0.00622254202844329,1.43237207701698e-06,3
"19972",2.48375099336416e-05,5.53024438204688e-09,0.348179604345882,0.566424820004004,0.000185070285209052,2.26130325525396e-06,0.0351125367989347,0.0500480737375329,2.08462932755898e-05,1.94419172845269e-06,4
"19974",7.6105848145455e-07,5.78317179538128e-12,0.0603250180658853,0.365402949744208,2.12709734514032e-06,1.2770416636377e-09,0.574260086897641,8.37996050108928e-06,2.83476524681288e-07,3.92416587800768e-07,7
"19976",4.11660602590743e-06,4.06756587499524e-07,0.4659808063948,0.000175074239670504,3.397372190799e-05,0.000179172376838687,0.0338474592094744,0.498464235392905,0.00129822563136818,1.65296704220171e-05,8
"19978",2.88755319466838e-08,3.40722609308464e-07,0.0157999922841393,3.47702108142815e-05,0.0033628134573773,0.0137930264472619,4.95541800862407e-05,0.966732546070861,0.000226869372806901,5.83785122072605e-08,8
"19980",6.22619546239694e-06,3.24619441451353e-09,0.869417259308209,0.000231023846061496,4.90396765202218e-08,2.59360080991024e-08,0.130215124512454,0.000114455821290392,1.58155887278685e-05,1.65059157632971e-08,3
"19982",1.29607461294809e-05,2.81002083024672e-07,0.12338498250911,2.97966503163128e-05,5.22786754938429e-08,3.79066103790984e-06,0.87573361161021,0.000203858142731647,0.000628716804458451,1.94959524812852e-06,7
"19984",7.42608456132402e-09,6.67928943709382e-10,0.000100711949147391,1.10792978608983e-06,2.10920521426698e-07,2.18566632756615e-07,0.999895493761574,1.67075496217746e-06,1.45248531863135e-07,4.32774830301127e-07,7
"19986",1.04296082895281e-08,0.00154978653809733,4.9240386400776e-08,3.56195965069545e-10,0.00292129708694518,0.97250609763776,3.7074612752669e-10,0.0201657099666175,0.00269087900635609,0.000166169367286753,6
"19988",1.18007387852432e-09,0.00180359508877754,7.6609891196626e-10,2.59577155334962e-12,4.5513695806392e-05,0.996940522178896,6.7427331867884e-11,0.00109931773430198,0.000105317274721815,5.73201130027096e-06,6
"19992",1.11787191870381e-09,0.0016675165611419,4.33308065420833e-08,4.13483360801603e-12,1.99015992048138e-05,0.993546167784253,1.24820243256136e-08,0.0010759937279877,0.00360418873143718,8.61746611378736e-05,6
"19994",4.95055061110059e-05,9.67331397619951e-07,0.958535656079317,5.22675217713078e-05,3.47371001231917e-06,5.72481793077115e-06,1.1868237096627e-05,0.0402639245261713,0.00107660448136056,7.78883169149554e-09,3
"19996",2.90291573600659e-10,0.000238243611664981,1.12681543718663e-07,1.28626903406414e-11,9.59799516644092e-06,0.991135166941456,1.00836062615928e-08,0.00838039825381063,0.000236367827252956,1.02302345269491e-07,6
"19998",4.38438428195675e-06,2.58565938606926e-06,0.048058920918565,0.0256756226067428,0.696768829273034,0.000747911449773393,0.00173212401229321,0.00262872958603729,0.118270873530849,0.106110018579038,5
"20000",0.134828402385362,0.000100106299639278,0.717888554669332,0.00294385443869844,1.61945255944755e-05,2.7450713067337e-07,0.000108372915540802,0.000131481553923879,0.140929968089832,0.00305279061494644,3
"20003",0.000151083435976496,1.35767458478369e-05,0.881511067000664,0.000334359231122281,0.000622118626401199,7.37922298956119e-05,5.11932373362574e-07,0.0925194602260575,0.0247738701448895,1.60426772943648e-07,3
"20005",3.69944794415677e-06,1.96698311022982e-10,0.965394280607754,0.0161439070920695,7.6604052913517e-07,9.10738811366656e-09,0.0182075763650655,0.000240017590062693,9.70337964255056e-06,4.01728460815933e-08,3
"20007",7.1399863336604e-06,0.000232542000389268,0.0192468228165311,9.56609188108108e-07,8.63115157694841e-06,0.0130367232285455,0.000124010592399657,0.853255168734523,0.113768463414003,0.000319541466509581,8
"20009",5.8491973731394e-07,0.000363439473861211,2.35947425775211e-05,6.20727571374644e-07,0.751741826350736,0.222560223943074,6.67054931932938e-05,0.0249563122175914,0.000163946425424609,0.00012274570623298,5
"20011",1.96847877383474e-05,9.17447952286664e-08,0.526557800634342,0.0926735916751958,0.000263280239603189,4.08661581556883e-05,0.00642886353480668,0.373449839131468,0.000562435758645015,3.54633525066917e-06,3
"20013",4.51534240245988e-06,2.46368875946162e-07,0.898958834926318,2.18776895182622e-05,2.9408495436051e-07,5.15532922516507e-06,0.0848547219848553,0.0043247976502083,0.0118193874914786,1.01691321637023e-05,3
"20016",8.65712219125084e-07,0.017867321305374,4.16220524364036e-07,1.91354380812398e-09,0.00106532359515188,0.925186855441284,2.7223638370307e-06,0.050970400580875,0.00136597168472609,0.00354012118246449,6
"20018",8.38007722034978e-05,0.997784067505214,2.50576225680171e-11,7.19542900614496e-13,2.68094831350455e-06,0.00212058288255906,1.68320413699435e-11,6.00220344394741e-07,4.4403661395921e-07,7.82359214273907e-06,2
"20021",8.35319305196229e-07,0.000776133283515694,0.00152076341468071,1.69171588029579e-07,0.00440166128972601,0.210604816037312,1.59172591958569e-08,0.781427329564406,0.00126825691735686,1.90848511029873e-08,8
"20023",6.12144279398411e-06,0.000590654713436322,0.0114447737616953,2.38494830848994e-07,0.00726401735850864,0.0714818807668368,2.91913177211325e-05,0.863277506138188,0.0457978122380418,0.000107803767946679,8
"20025",0.000301480887355355,0.742603609568217,3.02906656557365e-07,1.28379635055866e-09,6.85031950871974e-05,0.251982575053555,3.81499237069592e-09,0.00490133852513574,8.27755958550211e-05,5.94091693498625e-05,2
"20027",1.99092546963843e-05,6.65313999304529e-09,0.335999132745736,0.655244264927713,0.000321326598399846,3.70355556037813e-07,3.17036937113854e-06,0.00125767163596996,0.00714130110125939,1.28463581582216e-05,4
"20029",2.73214810025751e-07,2.96589155857785e-10,0.942354469967188,0.0516837995415025,1.23786642485713e-05,1.15028489167047e-07,0.00537163523692158,0.000231355641432792,0.000345642511875646,3.29896942185167e-07,3
"20032",5.59796294638183e-05,5.34619177953733e-08,0.983100655586804,0.0135030791360752,9.18045840017467e-05,4.38533852700731e-07,4.0546484143617e-06,0.00249092525584213,0.000752991622039552,1.75415883694503e-08,3
"20034",1.07585128455556e-07,2.63121844212812e-11,4.58304109764685e-05,0.982987224380906,0.0169556773651751,4.1992732417241e-08,5.36815521059447e-08,1.08512295889638e-05,8.69124761321656e-08,1.26415152131509e-07,4
"20036",2.73771953671957e-06,7.08173502587505e-06,0.0352353962809401,4.32312497426976e-05,0.000114045814435584,0.000275937009687685,0.0142192619509696,0.000169810198766114,0.719188176188761,0.230744321852135,9
"20038",1.01486464696358e-06,0.0269325861674501,1.3940239185158e-05,1.36238623187054e-09,0.000106627764735877,0.470594314485114,2.4018563863406e-10,0.0566239166244083,0.445716227642911,1.13706089765242e-05,6
"20040",2.19406417170844e-05,0.0156895431018332,8.04066738832103e-08,1.13597951602875e-07,0.438996244336534,0.514726647766693,7.41086018149232e-07,0.0294565518891254,4.53188758571721e-06,0.00110360528586774,6
"20043",6.061221820237e-08,0.00451045103276178,0.000320044533699744,1.44607618861636e-09,4.49959735070266e-05,0.941153088672571,9.26523695160766e-08,0.0259841735397897,0.0279870514359352,4.01010719999809e-08,6
"20045",2.32961405514222e-08,0.0289137680292371,1.38631096777051e-09,2.14862742253485e-13,1.3555879760339e-05,0.970204345833291,5.21727957851497e-09,0.000856427284259894,1.06360094245314e-05,1.2370640816509e-06,6
"20048",3.08780189451765e-08,2.11689218576045e-10,8.90630813171297e-06,2.2288533234565e-07,4.44035619997615e-10,2.52929874699301e-09,0.999990529910464,3.79327186726865e-08,5.86994499979251e-09,2.63030365448105e-07,7
"20051",8.49502043400248e-05,0.0255191119140183,0.593441838617908,1.31131049734556e-07,1.9949476993942e-05,0.090120350776789,0.00910198737396363,0.0679122713255904,0.213783833496276,1.55756830704501e-05,3
"20053",1.28795730834343e-07,2.52313642129494e-05,0.000806810331756719,6.94810334821941e-07,0.0197463322622787,0.0723585793805429,4.609734942454e-05,0.906401219272587,0.000584893628146168,3.00128049850376e-05,8
"20055",7.6682537212782e-05,0.00921309399882823,0.000381219207683839,2.30575641232015e-07,1.32469231570018e-05,0.00780871366323571,4.82989895402731e-10,0.0157198962386832,0.96678008177601,6.83459655857369e-06,9
"20057",0.999956189900665,4.10233343764767e-05,1.66736576360205e-07,6.41958378195563e-08,5.39434511916718e-10,4.61351471498896e-11,2.27055273979353e-06,8.95241180102402e-10,1.27114308312563e-09,2.82527850663777e-07,1
"20059",3.60116322706422e-05,0.00038668583281036,0.000450206509668417,1.42311412349018e-06,0.0649806009660292,0.0402728901736094,2.60971002528006e-06,0.8935741783588,0.000237718957100317,5.76747455625945e-05,8
"20061",1.30010232284171e-06,1.85383261693441e-05,0.00326766104904346,2.81255082388552e-06,0.00177647208475044,0.0128489073279922,8.50384317363656e-06,0.98115262066901,0.000886957681329494,3.62263653850514e-05,8
"20063",1.15109391222465e-06,3.08954370462345e-05,1.53188908716736e-06,7.97368037301179e-06,0.0024205734248095,0.00664569831856621,0.809097411277814,8.43309211565314e-06,1.03645953472244e-05,0.181775967190929,7
"20065",4.70082415798858e-05,0.98953864589106,1.18156667648416e-08,4.51131950129169e-13,4.62508568640203e-07,0.0102030201723003,4.70992392799094e-13,0.000128631352883249,8.2161709837299e-05,5.83071811037891e-08,2
"20067",1.06040957571789e-06,0.059711133384601,1.79976395056393e-05,1.96402601987656e-11,1.62496651627308e-05,0.903630281208954,0.000111421922386881,0.0355010991510882,0.000999937480914654,1.08191181711703e-05,6
"20069",6.645926117941e-06,8.88883317792573e-09,0.605716232084757,7.18857451640972e-05,2.50320892748842e-08,6.58958452093392e-08,0.3940580906746,0.000118382611639896,2.86214999141794e-05,4.16410394556455e-08,3
"20071",2.31486452484398e-06,1.71182972916737e-06,0.000441943647043702,0.0001124227188616,0.000185752128336242,0.000101567277615908,4.44163642368674e-06,0.0033624246410816,0.236590891547625,0.759196529708758,10
"20073",4.28219503258604e-07,1.18948481929879e-08,0.0731182801453245,0.000299407856138388,0.00016436886213089,1.03953179398611e-05,0.923892033882701,0.00251395508999762,1.0656540293283e-06,5.30773868046575e-08,7
"20075",0.951962429722519,0.047643849519232,1.91607795417907e-05,3.37267479454121e-09,5.76509101089995e-10,8.77833722909761e-08,6.81056120180149e-08,2.26140467849827e-07,0.000372209058872852,1.96494119885966e-06,1
"20077",1.41451402011375e-08,4.31572108877693e-05,0.001140294358872,1.45965416765077e-07,0.000279410041661911,0.272835366712121,0.000164209794921006,0.0887880087445423,0.630170728087018,0.00657866493941829,9
"20079",2.27075383313712e-06,0.000844546560644899,0.0307939060965801,2.96587388953752e-06,0.000254253610458192,0.072213929739649,0.885139664472435,0.00189502428295635,0.00877671066441887,7.6727945135332e-05,7
"20081",0.000234795708537406,0.328782222948098,0.000571299249573639,6.89649507138092e-10,6.20518511499422e-07,0.256773717108564,1.40523602472296e-06,0.323061713253623,0.0905725856366884,1.63965072916198e-06,2
"20083",1.15157626119184e-05,1.32441243151548e-05,0.00186400611277267,0.00013213505267489,0.000523572812535716,0.000172426416794294,0.583931304153809,2.29301170136559e-05,0.027632715192995,0.385696150254478,7
"20085",4.48282177836774e-09,0.0174995852468528,2.02595533715068e-09,7.40646390141066e-13,4.44762275623895e-05,0.98154285629464,1.36538789274868e-11,0.000552222513287774,0.00035975546927556,1.09772520967789e-06,6
"20088",6.64065562516435e-08,0.00841554090965255,3.0189409163753e-05,1.01987225189904e-10,0.000391495511565926,0.94481253312519,2.22121571456136e-08,0.0387429557029214,0.00760668453780849,5.12082996510771e-07,6
"20091",0.0974292031516547,0.900661336032052,7.27534184882132e-06,3.72837226705009e-11,8.68344418938892e-09,0.000157029532485424,8.12980699705992e-07,0.00158096783544986,0.00015857880166942,4.78760341278801e-06,2
"20095",7.52962331668243e-05,4.81268465716899e-06,0.00131348991097217,0.0185934051615348,0.000827071023248237,0.00360764715823646,0.74098922271313,0.231375051874457,7.75202151275073e-05,0.00313648302547087,7
"20097",2.59773495238237e-08,0.0671370395691549,4.55040814919978e-09,3.62289282371393e-13,1.22958662832312e-05,0.93102996959987,2.02543047564329e-11,0.000542128294309425,0.00127378626397171,4.74985803679705e-06,6
"20099",1.05757593964814e-08,3.96815296101848e-07,0.000114775025664249,0.00973431517864173,0.485594799193639,0.246110107573548,0.00132027227466062,0.257088650915224,2.8283568682678e-05,8.3888788831601e-06,5
"20102",0.00877633269928281,0.00351936117942253,0.000293782489210282,2.42020640023343e-08,6.18024090702971e-08,4.77017009509558e-05,0.985923974941488,0.00042998333459904,1.15693808050975e-05,0.000997208269768816,7
"20105",4.94653967724481e-08,0.00101622953350738,0.000647695939910762,1.20905978496287e-08,1.72370830370538e-05,0.90447213237118,0.000221015792750679,0.092270949881736,0.00135458114375092,9.66981329104588e-08,6
"20107",1.91379923556161e-08,0.0002556775832652,2.14334308158288e-05,1.08112597769151e-08,0.000168983981251654,0.605235862171437,1.04068743390893e-07,0.323973329058861,0.0702412150575817,0.000103364698791559,6
"20109",1.40634286510237e-07,5.15040377399571e-06,0.00595998178191509,0.000102994381872638,0.0340290940549067,0.195066876124719,0.255797197430156,0.509030486415988,7.88484027123956e-06,1.93932110610775e-07,8
"20111",0.991197468607744,0.000165510807176774,0.00849396651249756,2.79541630845492e-06,1.16738063290203e-09,1.58519563190014e-08,0.000115886420677538,2.30643754383321e-05,1.2893274148527e-06,1.51340495673023e-09,1
"20113",3.71780139784747e-07,1.66686145215611e-05,0.000385764185624051,0.000273165826342663,0.0173407459930972,0.0584823054713072,6.4197854781936e-08,0.212687771971529,0.690238898475151,0.020574243484433,9
"20115",0.0155707894256257,1.21549792264742e-06,0.967165768531725,0.0125669817041533,3.18446431563679e-05,2.12984424777868e-07,0.000117220624153259,0.00453526922415968,1.06316962336522e-05,6.56684454157172e-08,3
"20117",0.697067237203366,0.0727070934581675,6.53414044706339e-05,0.0322258466488272,0.122451168814542,0.0151589073065615,8.29555611250476e-07,0.0446461155845207,0.00889091948358485,0.00678654054034914,1
"20119",2.6013684168978e-09,3.45160173270306e-06,8.4935434723473e-07,1.59613487044538e-05,0.93495945618269,0.0584833364529532,2.09088050404303e-10,0.00312715033921514,0.00326856460528423,0.000141227304616753,5
"20121",3.16856467343726e-08,0.00145271732884001,1.97364908640488e-06,1.04557059172025e-09,0.00223040376442362,0.882316243958848,2.42106974884069e-09,0.0705654131574277,0.0432031012918139,0.000230111697272787,6
"20123",0.0144682358804991,0.985030465838955,8.04501875472352e-07,6.3701011032842e-12,4.56252982062648e-07,7.77271805706406e-05,5.68816901357875e-10,1.76327627791699e-05,0.000393552935561417,1.1124071589915e-05,2
"20125",1.60801860867365e-05,1.06817686120003e-07,0.939806463540143,1.25300140726768e-05,1.46732581534129e-07,5.85603686993161e-07,0.0583214596516107,0.00133810057060325,0.000503280164066469,1.24671946224465e-06,3
"20127",9.01317761337426e-10,0.000475548648578962,4.81724561763219e-08,2.36232281419812e-11,2.64713019856503e-05,0.998918635702217,7.56410844680429e-08,0.000561169851102879,1.80314417385808e-05,1.83158952184864e-08,6
"20140",0.000482405608814367,0.00119759671381635,0.000291713086664294,1.13537003361795e-06,1.26153384716437e-05,0.000437999779193491,3.12332988154984e-09,0.00302272918663983,0.992782314355868,0.0017714874371683,9
"20142",4.46093940893283e-07,8.81008838342598e-10,0.00308054367992826,1.80888411071679e-06,1.47494783746049e-09,5.68487211599857e-09,0.996914231403892,1.35712804395415e-06,8.02334690749728e-07,8.02434564976654e-07,7
"20144",0.0668447155632046,2.65635782822908e-05,0.922474256258693,3.36238315923297e-05,4.88444800979079e-07,2.06634681569239e-07,0.00278227441880951,0.000639544113485533,0.00683219235467156,0.000366134801778705,3
"20146",0.000250070387546855,7.93042801016456e-05,0.354677865328749,1.69167170891491e-05,2.6349433863164e-06,0.000169313187936523,0.373340817409762,0.00256092339935073,0.141104669088922,0.127797485257156,7
"20148",4.5441545550172e-06,7.15267581130558e-06,0.932090389441411,6.32389377550621e-06,8.75453761348729e-06,0.000161040209200856,6.21301320524983e-05,0.0125810376460084,0.0550765042839202,2.12302565258471e-06,3
"20150",2.9958593543084e-06,9.23871622626372e-11,0.643814544608567,0.033621654848614,5.57439775162726e-07,4.14889669234697e-09,0.322522947023519,3.44824370408952e-05,2.76518974939206e-06,4.83520968886747e-08,3
"20152",7.98693121778177e-06,1.63433653213199e-05,0.867530728162588,1.43484388218525e-05,0.000648132495497892,0.0009233794355506,4.97563794005943e-05,0.0594746268481716,0.0713328939021731,1.80404125773491e-06,3
"20154",5.33137358869136e-05,0.995813355371811,7.8964797536241e-08,7.30043911745815e-14,2.4414256127161e-08,0.00409178433240825,2.2088046521923e-07,9.41778307291537e-06,3.14549160431767e-05,3.49601185485733e-07,2
"20156",0.000125572464894843,0.000448073656437231,0.00565675890017368,3.48302990202575e-06,5.03897470211818e-05,0.0154672927465733,0.017247193425166,0.606987617408852,0.0776426319949344,0.276370986626045,8
"20159",1.10528869947578e-05,1.71191687020633e-08,0.492550128590509,2.85360866351937e-05,2.19164449447101e-08,6.65009530588167e-08,0.507253525570789,0.000100210258413299,5.59496634640099e-05,4.91406628195819e-07,7
"20161",3.03868235623001e-06,3.95324163935696e-07,0.00279088379278356,8.25342075560659e-06,3.59356028293641e-05,1.01162994106022e-05,0.986040953445856,4.34103556431584e-05,0.000146998128568696,0.0109200149476329,7
"20163",0.000420581184532303,0.000265072815368136,0.895291245744044,0.000514059418703579,0.00181761559649158,0.00248258544172062,1.13308750450494e-06,0.0931343548723213,0.00607334129916408,1.05401499134423e-08,3
"20165",4.08020455243926e-08,1.94312766506728e-06,0.000101249931428216,8.45705176539613e-08,9.48244964378489e-07,0.00163697897814143,0.997833919075135,0.000423512980885333,9.92741424130169e-07,3.29547792979747e-07,7
"20167",4.55166575378029e-07,2.91547012906305e-07,0.975124820954875,1.43127316813695e-05,1.88963978871367e-06,6.95136505867107e-05,0.00435381844878883,0.0195853208086293,0.00084956771533858,9.33672355460021e-09,3
"20169",5.84014212718485e-08,2.23675419960707e-10,5.85426305323913e-05,3.40179979487035e-07,4.40034885490797e-10,2.14483093162379e-09,0.999940470617116,9.18204582112023e-08,2.8687588901539e-08,4.64854362363456e-07,7
"20171",0.000102764892297317,0.997577957101994,4.01472240142539e-09,5.01099735612385e-14,3.20285217581663e-09,0.00225911885489015,4.79070645879035e-07,2.14375991219971e-06,1.25587736702233e-05,4.49703289658569e-05,2
"20173",3.43800319228641e-08,4.40625526464809e-08,1.11825610307015e-05,0.0020106255564142,0.984945168572943,0.00102906291613435,0.0117510682627299,0.000120774465052693,1.42796993734838e-07,0.000131896426116128,5
"20175",2.95422341688808e-05,1.63171550812207e-07,0.887650200667899,0.00068964833840046,2.52362756272921e-06,9.81583684423868e-06,0.00549287024212038,0.104315434704558,0.00180611222546627,3.68895142929685e-06,3
"20177",2.4562278292827e-08,1.04882257131053e-07,4.77217842494046e-05,0.0045142877986987,0.952083308070342,0.0195794889668593,7.37493372717698e-06,0.0237094872822464,5.26028166098675e-05,5.59890273156914e-06,5
"20180",8.63089935514937e-07,0.0143218921119176,1.11013032710184e-06,1.12296524445964e-08,0.014761182714963,0.909734874631713,5.00837121584042e-12,0.0551231293136717,0.00605277004119177,4.16673161920929e-06,6
"20182",0.0046186792838737,5.80339356055532e-09,7.88845572838752e-05,0.0107506743522105,6.21640315295333e-08,1.10582056023963e-10,0.984542941107296,1.87376447648498e-08,2.15127023437440e-09,8.73173241365174e-06,7
"20184",2.96404055956084e-07,1.03020005896463e-08,0.0219797141955157,4.60304507767141e-06,1.3851485153547e-07,8.36948795616776e-07,0.977783232099806,0.000176343948796009,5.23425915272366e-05,2.48194957318789e-06,7
"20187",1.09711707898986e-07,5.05646447953527e-09,0.000423582508516409,0.183339692064138,0.435343542724249,0.000243755442175258,0.000746490274654092,0.00313210562584866,0.000536976019294006,0.376233740572953,5
"20189",2.03904985027084e-08,7.90600327603156e-07,0.00364396559226176,0.000296548937325473,0.501390606802753,0.0408104376468669,5.96759256405666e-07,0.453637183470332,0.000219784151126102,6.56492522899969e-08,5
"20192",0.00278881391244262,0.0175635412173315,8.66710023981324e-05,3.90834670345026e-05,0.925704005746389,0.038294371260068,8.56049911790126e-08,0.0155060977549304,1.0099762489611e-05,7.23027192518603e-06,5
"20194",7.92158199328474e-07,4.11393807198128e-09,0.0335977209056086,0.151734906759362,0.000148184030999505,1.25097836966231e-06,0.4178369622801,1.03588878611692e-05,0.0177656266311746,0.378904193254387,7
"20196",1.22356754982155e-05,0.706149678960478,1.08498132550257e-06,8.54010309327263e-11,8.08398262983784e-06,0.288693923250179,8.30008428078525e-09,0.00349552857088256,0.00163936294914867,9.32443726058339e-08,2
"20198",0.000556387346951011,0.000721697726375708,0.326111427649111,3.0376676040584e-05,0.00510753416516403,0.0183091028398484,0.000307456536210943,0.488870973685109,0.159335282985964,0.000649760389225859,8
"20204",3.21531348103426e-05,3.16693031270949e-08,0.634060601619675,5.32212611433906e-05,1.20966248460523e-07,7.2181243656896e-08,0.365660572308561,0.000184581220033608,8.6292445161237e-06,1.63944644877964e-08,3
"20207",5.96082190165964e-06,0.322915256099298,7.29283632948475e-06,8.40839002336872e-12,2.57611424634257e-06,0.657569515304655,8.12471967944991e-06,0.00657300863434957,0.0129023009252964,1.5964535835544e-05,6
"20209",0.880808227818362,9.24193399384396e-05,0.0967474047322854,0.0148705683848249,6.05370564250699e-05,3.83982182514077e-07,1.18157035604957e-07,0.00116820932615265,0.00624718855524061,4.94264755331137e-06,1
"20211",0.00428943748206174,0.994719228738629,1.76116357077939e-06,3.87816823234345e-13,3.37347636281009e-10,6.133891381084e-05,5.67989160205114e-09,2.1952803202664e-05,0.000904290387487623,1.98449360989545e-06,2
"20215",2.14298708729066e-08,0.00025915629263695,0.000412420545472385,2.67742906237598e-08,3.78407939513451e-05,0.108950780033403,1.96847795585455e-06,0.00304734365438479,0.886381990112903,0.000908451885130867,9
"20218",6.72083791953292e-07,1.35596830262386e-09,0.0143214696841217,4.35195758903322e-06,2.13149674983086e-09,1.00641515367401e-08,0.985667474513423,5.23598040630227e-06,7.48362242085008e-07,3.38668095586483e-08,7
"20222",1.16244134871216e-05,0.206918702024866,0.000825863197590723,6.92624620814009e-10,1.27584368419258e-06,0.719074991508036,1.80616913732441e-05,0.0073738028126507,0.0657752733915889,4.04424098522818e-07,6
"20225",0.000806958449555684,2.41061807729993e-06,0.971895230865287,0.000370929475662736,6.41999478670034e-07,1.37651312071412e-06,0.0100421410027403,0.000119179634636106,0.0163650450026395,0.00039608643880185,3
"20229",6.19820132621052e-05,5.82810757410983e-05,0.00182147041921319,1.58176029515875e-06,1.96671977031875e-06,1.06892456100076e-05,2.82496815761344e-06,5.10051377422361e-05,0.792449482672551,0.205540715987657,9
"20232",5.68607986715284e-05,0.00135520045625052,0.00219277278258833,6.94397702552284e-07,6.41809610447111e-06,0.0158994461509914,1.02704943086326e-06,0.571352088906584,0.408822913737703,0.000312577623973918,8
"20234",1.00317543046401e-05,0.284235770752677,9.26643894460757e-10,2.3691575341941e-10,0.00068300838062446,0.714446155496126,1.57900156523939e-11,0.000621264121041178,3.41714090117666e-06,3.51174976117897e-07,6
"20238",5.58309691231921e-07,0.00237326210851809,1.71469220800239e-05,5.1280986388281e-09,8.03219926998205e-05,0.59673208569051,2.75003037800807e-06,0.396851806172976,0.00333326247117677,0.000608801173871803,6
"20253",4.56330934502258e-09,0.000759671178129815,2.7235367291751e-06,1.51098073794893e-09,0.000211132866717295,0.597627116545121,1.15959779834406e-07,0.00110249395756817,0.395029003735319,0.00526773614634512,6
"20255",0.000377430731085862,7.09141907687546e-06,0.991350041051773,4.35242737701783e-06,3.31188355184454e-08,1.09444440307864e-06,6.69625006791595e-05,0.00371254209274536,0.00448040703170664,4.51823171415813e-08,3
"20258",7.44902607071625e-09,0.000177166529277874,4.66166380318806e-06,4.76118537259268e-09,0.00128503559801996,0.929131818983855,4.01422728609495e-09,0.0693464409475728,5.48565067356931e-05,3.54629683990727e-09,6
"20269",3.45410868616324e-07,3.92145150408924e-05,0.00554295950605579,2.52983781989725e-06,0.0010140613484127,0.222044766512015,0.0236997263392341,0.747640034146537,1.63462147099153e-05,1.61693058444188e-08,8
"20271",1.85520423066276e-08,5.27732233707803e-06,7.79575049972964e-06,0.000102269185971046,0.555968022967065,0.382622169066505,9.22489605430857e-09,0.0612424376177053,5.17518447421704e-05,2.48468236469179e-07,5
"20285",4.62378820798551e-06,1.44250404966049e-07,0.0181428959779635,0.443339911132887,0.527196488104196,0.000190604625111076,0.000508799185717976,0.00112019997768771,0.00906678634694619,0.000429546610877046,5
"20288",5.17364893892195e-07,0.000464188746765813,0.000735909192208816,1.3975937538037e-07,4.1411911789135e-06,0.102388282569296,1.04650643008308e-05,0.111695632628471,0.782985639046534,0.00171508443697532,9
"20291",0.00084348268767616,0.463140845423971,4.44901735610725e-06,1.18732093898119e-09,4.14704087046821e-05,0.164756232444408,4.41624300630497e-07,0.369514203501718,0.00162268370186619,7.61900026783296e-05,2
"20295",2.30995470745439e-06,4.42031001968129e-06,0.00304515637994591,0.00217064212099539,0.84770264080955,0.0192179449648559,0.00112923356033731,0.126726432943589,9.38662333425282e-07,2.80293665253182e-07,5
"20298",5.85100228035926e-06,6.34941146526776e-09,0.998664129340565,0.000124645747757688,1.73807895036958e-07,3.53703582385363e-08,0.000817269312335214,0.000183378621135471,0.000204480491213522,2.99570478436145e-08,3
