"","V1","V2","V3","V4","best$classification"
"19812",0.964704076813415,0.0339547353770598,0.00132619701956311,1.49907899624765e-05,1
"19814",0.985583923914195,0.00593253141818124,8.95486211954801e-05,0.00839399604642886,1
"19816",0.0344555522510548,0.965513991815875,2.08374240228468e-05,9.61850904717595e-06,2
"19818",0.89366819015201,0.0804881274996338,0.000166040755310803,0.0256776415930457,1
"19820",4.38863207635557e-06,0.999850151444308,0.000145430037327181,2.98862878581045e-08,2
"19822",5.97478898798675e-05,0.938438137701103,0.0614910349265238,1.10794824934704e-05,2
"19824",0.00256646091023477,0.993074252483029,0.000131515592233386,0.00422777101450269,2
"19826",0.961509166166667,0.0382668198197551,3.40392630751945e-05,0.000189974750503125,1
"19828",0.00151941145976697,0.997839428154027,0.00062897101393693,1.21893722691816e-05,2
"19830",0.997953060853701,0.000607971561726698,0.000942269415936491,0.000496698168636067,1
"19832",0.266990318351758,0.174204573434488,0.558791998776704,1.31094370491949e-05,3
"19834",0.0959063521612012,0.882830631776032,0.0207955758293877,0.000467440233379322,2
"19836",0.761214654210193,0.238403798789875,0.000359653753874133,2.18932460580889e-05,1
"19838",0.997378474136591,0.000223707002462193,0.00024274178160522,0.0021550770793415,1
"19840",0.277272272595297,0.722549511084174,0.00010704594613061,7.11703743983934e-05,2
"19842",0.998731565698347,0.00016231567495401,6.39439586992378e-06,0.00109972423082909,1
"19844",9.46699909103442e-05,4.12161043074359e-05,4.70943668595227e-07,0.999863642961114,4
"19846",0.773821047066176,3.63650586324176e-05,9.34964781906696e-07,0.226141652910409,1
"19848",0.900771082448117,6.78440651373718e-05,3.83348326037673e-06,0.0991572400034852,1
"19850",0.660818720093319,0.000668555824005347,2.00530523794501e-05,0.338492671030296,1
"19852",0.308657240913349,0.689687634186754,0.000506371569610761,0.00114875333028637,2
"19854",0.9853001473787,7.13219239965395e-05,9.1518237571399e-06,0.0146193788735459,1
"19856",0.0377672100385394,0.00218141933104563,6.18490304636793e-05,0.959989521599951,4
"19858",0.00784030853783802,0.0507598179460566,0.000507474101027409,0.940892399415078,4
"19860",0.646590041148878,0.352918788217892,0.000321799312797781,0.000169371320431875,1
"19862",0.980759689744239,1.86186351922275e-05,1.00616620514978e-06,0.0192206854543638,1
"19864",0.51441925662264,0.305281311676491,0.00233419533558351,0.177965236365285,1
"19866",0.0161652197126191,0.983765598582224,5.68563728247276e-05,1.23253323320469e-05,2
"19868",0.000298035547603965,3.90629479825075e-05,0.999514624313267,0.000148277191146507,3
"19870",0.989995596038748,0.000769933763763773,1.05876969400423e-05,0.00922388250054865,1
"19873",0.960925753698932,0.036284689623535,2.53930996748272e-05,0.0027641635778586,1
"19875",0.00745478198010776,0.991749496400628,0.000795177133215713,5.44486048402914e-07,2
"19877",0.986689863728664,0.00776938949223396,9.28770339717561e-05,0.00544786974512989,1
"19879",0.649960453391699,0.338015687154819,0.00256243524895139,0.00946142420453081,1
"19881",0.982478777044121,0.0139039329744802,2.70075335083197e-05,0.00359028244789048,1
"19883",0.994030616397789,0.00544351655172091,4.2362883874064e-06,0.000521630762103208,1
"19899",0.609914092706016,0.37844689231407,0.0114907487591353,0.000148266220778867,1
"19908",0.133108484615466,0.603968112678485,0.218499032162823,0.0444243705432259,2
"19910",0.63123890983815,0.367455940144376,0.000171537169998451,0.00113361284747553,1
"19912",0.99489615215404,8.29227644897875e-05,3.79971107037873e-06,0.00501712537039989,1
"19914",0.736754470858764,0.251781797912152,0.00919449439680104,0.00226923683228242,1
"19916",0.00332339528890684,0.994308858179255,0.000217920185083631,0.00214982634675491,2
"19918",0.826482739482693,0.000947821129595319,1.29252291562124e-06,0.172568146864796,1
"19920",0.130930123566539,9.92178312188743e-05,1.17736054816068e-06,0.868969481241694,4
"19922",0.288643523432674,0.0271002623358682,0.684147136389087,0.000109077842371341,3
"19924",0.932840090858696,0.0174290032922933,4.53276283362365e-05,0.0496855782206749,1
"19926",0.474334572814119,0.501614635892663,0.0240417276547699,9.06363844876014e-06,2
"19928",0.487206360399931,0.00760822386929081,0.000978097617659038,0.504207318113119,4
"19930",0.997286568965893,0.0019237533085895,3.83578973670242e-05,0.000751319828150085,1
"19932",0.99417461745449,0.000153497200449457,2.99581154526853e-05,0.00564192722960795,1
"19934",0.0369855015077925,0.959216128431684,0.00359052898367404,0.000207841076849618,2
"19936",0.978875287841246,0.0192526529897135,0.00133320621025724,0.000538852958783039,1
"19938",0.00110939213638209,0.994521081470491,0.00427166308253512,9.78633105914507e-05,2
"19940",0.912476792176231,0.085338340725273,2.36533348734758e-05,0.002161213763623,1
"19942",0.934117410779945,0.0264945173496146,0.000155971800084391,0.0392321000703559,1
"19944",0.304058441542526,0.695633823052195,0.00016866019198737,0.000139075213291807,2
"19946",0.826227614478168,0.143071851637393,0.000222675503980068,0.0304778583804594,1
"19948",0.923896629878366,0.00965606375390015,1.9044850009249e-05,0.0664282615177243,1
"19950",0.00326352484292568,4.37574514509855e-06,1.26515866934954e-06,0.99673083425326,4
"19952",0.923896629878366,0.00965606375390015,1.9044850009249e-05,0.0664282615177243,1
"19954",0.996502511173363,0.000484110220984442,1.38629150592044e-05,0.00299951569059294,1
"19956",0.332393129967112,4.98503826046496e-05,0.000354973155684756,0.667202046494599,4
"19958",0.00475674638722811,0.00043379986149713,0.992894563735106,0.00191489001616864,3
"19962",0.588087875832749,0.232623354742037,0.00468626419591165,0.174602505229303,1
"19964",0.90803400088468,0.0575652291038223,6.01641412716038e-05,0.0343406058702257,1
"19966",0.000950634117008238,0.998889794644528,0.000159115869506531,4.55368957513878e-07,2
"19969",0.998547929723438,0.001002854267254,7.68462012110225e-06,0.000441531389186847,1
"19972",0.845440765782401,0.00130220229420176,7.39675887453316e-06,0.153249635164522,1
"19974",0.0736605231638216,2.75708881228351e-06,8.18838271440984e-08,0.926336637863539,4
"19976",0.902504977211587,0.0262283631534442,6.15929554603772e-05,0.0712050666795087,1
"19978",0.294503402378847,0.703885722326233,2.40218264941175e-05,0.00158685346842656,2
"19980",0.670404170678283,5.37974477586563e-05,7.88703346722803e-06,0.329534144840491,1
"19982",0.173228512669341,0.000654609923648793,0.00011675056790254,0.826000126839108,4
"19984",0.0011278894415643,5.90590694501016e-05,7.7579628421399e-07,0.998812275692701,4
"19986",2.32388398965225e-05,0.999336387051203,0.000640340461620344,3.36472799323515e-08,2
"19988",2.34963226544603e-06,0.998955820116008,0.00104181078429605,1.94674302299468e-08,2
"19992",2.31088114461177e-05,0.998877988578287,0.00109824980875301,6.52801513365267e-07,2
"19994",0.997364311765365,0.00233004196338812,0.000111148076517335,0.000194498194729859,1
"19996",3.66036032054486e-05,0.999807682270248,0.000155169409559029,5.44716987993774e-07,2
"19998",0.860762666859369,0.104337898954142,0.000525985118358297,0.0343734490681302,1
"20000",0.978987523475247,0.000247722313934705,0.0194371826550408,0.00132757155577687,1
"20003",0.990071210147585,0.00955895389463557,0.000355279515734121,1.45564420459067e-05,1
"20005",0.905314031453973,3.12024033539285e-05,1.20768775125263e-06,0.0946535584549222,1
"20007",0.323481623970716,0.669482302939409,0.0053031249797213,0.00173294811015417,2
"20009",0.00169852334323641,0.996531016973358,0.00110102037199087,0.000669439311414489,2
"20011",0.9679020045373,0.00711560007120859,2.13902573215125e-05,0.0249610051341701,1
"20013",0.876050534259749,0.00186116009220827,7.49097658916594e-05,0.122013395882151,1
"20016",7.1055064634771e-05,0.992709576864671,0.00719882643282781,2.0541637866859e-05,2
"20018",2.688873824171e-07,0.0176693045077424,0.982330408176766,1.8428109474668e-08,3
"20021",0.0199465232104689,0.979295522187525,0.000756969762701202,9.84839305570225e-07,2
"20023",0.0809745064289426,0.916343546152665,0.00247571120987083,0.000206236208521554,2
"20025",0.000119544970975861,0.560821375056853,0.439058481447153,5.98525017624463e-07,2
"20027",0.9994787374498,0.000339518159619785,9.38470537668227e-06,0.000172359685203953,1
"20029",0.96711518096011,0.000116782423713202,6.44825443949433e-07,0.0327673917907326,1
"20032",0.999532925583323,0.00032535982461501,1.95395729959177e-05,0.000122175019066605,1
"20034",0.981721923333266,0.0125016750470722,3.51979383923847e-05,0.00574120368126891,1
"20036",0.747405641038406,0.0577512884198112,0.00301245742544773,0.191830613116335,1
"20038",0.00102781455144488,0.988964338521952,0.0100078202818536,2.66447497965643e-08,2
"20040",4.31493049526564e-05,0.984511655796304,0.0154235767657321,2.16181330113094e-05,2
"20043",0.00438036406096763,0.994168373274489,0.00144899963380056,2.26303074308406e-06,2
"20045",2.40278628446215e-06,0.990233051398757,0.00976412155372425,4.24261234368004e-07,2
"20048",0.000151078903654606,1.93051285364138e-06,7.7147881421731e-07,0.999846219104677,4
"20051",0.516351645224128,0.438107468377886,0.0330916758216418,0.012449210576344,1
"20053",0.0198115975882191,0.979540211074383,0.000184834188336256,0.000463357149061728,2
"20055",0.0842902985702223,0.756803331850808,0.15890576606891,6.03510059731533e-07,2
"20057",0.000470901581101552,4.86280405241938e-06,0.996108868203619,0.00341536741122689,3
"20059",0.0206682660693433,0.974927979350393,0.00431435717584034,8.93974044233988e-05,2
"20061",0.133223220182353,0.865611144941439,0.000771671792113807,0.000393963084094076,2
"20063",0.00015764738086794,0.0208665749010868,0.000876879648134124,0.978098898069911,4
"20065",2.43478179813384e-05,0.153906156139931,0.846069494706624,1.33546283954222e-09,3
"20067",0.000451011497168525,0.983488682935633,0.0158102889799381,0.000250016587260044,2
"20069",0.432180480292256,7.51174595900755e-05,1.31785687533807e-05,0.5677312236794,4
"20071",0.6161173784817,0.372066006545878,0.00805605577326743,0.00376055919915482,1
"20073",0.108215880706779,0.00155221660764657,3.33881823751916e-06,0.890228563867337,4
"20075",0.000411635748188439,2.51952325054347e-05,0.999559911963318,3.25705598802453e-06,3
"20077",0.0183420197864676,0.980743905928094,0.000225878148662033,0.000688196136776603,2
"20079",0.0877392854403351,0.236080190742979,0.0031572629644966,0.673023260852189,4
"20081",0.00783484144831918,0.816691161509938,0.175459746943616,1.42500981265877e-05,2
"20083",0.0276738147702543,0.00853610730296055,0.00169319839966376,0.962096879527121,4
"20085",3.92083025999375e-06,0.995784522000913,0.00421155164613447,5.52269231016826e-09,2
"20088",0.000742579757891662,0.997596610506421,0.00166031934523789,4.90390449401148e-07,2
"20091",0.000156215964335855,0.00331140062935561,0.996526789520348,5.59388596005319e-06,3
"20095",0.0251163309222076,0.0665982410341082,0.000428995032430936,0.907856433011253,4
"20097",6.42473548210882e-06,0.98409921398163,0.0158943544150615,6.86782637834497e-09,2
"20099",0.00851688193026371,0.977824546283205,8.99029722175243e-06,0.0136495814893098,2
"20102",0.00449109719782187,0.00425517634112181,0.1328351523915,0.858418574069556,4
"20105",0.0063023916538308,0.992294456854526,0.000636915448227219,0.000766236043415985,2
"20107",0.00104232600304377,0.998689926230583,0.0002659808473516,1.76691902180113e-06,2
"20109",0.0360732824524034,0.678277384179125,4.0789927629817e-05,0.285608543440842,2
"20111",0.412302526156633,0.000346414589305828,0.562557451457202,0.0247936077968583,3
"20113",0.0405544135190995,0.958996851720314,0.000440363556253579,8.37120433250009e-06,2
"20115",0.997341899993574,0.000244409754900512,0.000467842869290697,0.00194584738223484,1
"20117",0.00989508368994632,0.235605424309698,0.754429031001359,7.04609989962469e-05,3
"20119",0.00128110392031391,0.998638577540179,8.00110262909421e-05,3.07513216188026e-07,2
"20121",0.000191173193103109,0.999147951803353,0.000660782216534021,9.27870097135534e-08,2
"20123",5.3593840533638e-05,0.0021738024374826,0.997772558397305,4.53246788866413e-08,3
"20125",0.871913892202024,0.000549429838734794,7.71516042372515e-05,0.127459526355004,1
"20127",2.81331742431516e-05,0.999462590819292,0.00050395129354406,5.32471292095066e-06,2
"20140",0.208926379808789,0.381520880599514,0.40954516283696,7.57675473774502e-06,3
"20142",0.00939602376884941,7.79040097241126e-06,3.16598012268264e-06,0.990593019850056,4
"20144",0.974443477174344,0.000304434802266752,0.0123718490007535,0.0128802390226356,1
"20146",0.595538482943682,0.0120856182227299,0.00656937702735255,0.385806521806235,1
"20148",0.985716478304775,0.0134608245639532,0.000263894945574291,0.00055880218569713,1
"20150",0.397198727173285,9.44808995996854e-06,5.85849530285203e-07,0.602791238887225,4
"20152",0.952727214595948,0.0465428152498599,0.000332650125173616,0.000397320029018081,1
"20154",2.69511663216568e-05,0.0421593723132662,0.957803373171495,1.03033489166377e-05,3
"20156",0.158611812635934,0.748712051853101,0.0245801796223936,0.0680959558885708,2
"20159",0.376152960294124,7.81431240218826e-05,2.49899331015718e-05,0.623743906648752,4
"20161",0.0186139056423286,0.00136266879958387,0.000135527161597827,0.97988789839649,4
"20163",0.947643705277123,0.0505633370679961,0.00175955810548855,3.33995493916477e-05,1
"20165",0.00190214505230191,0.019002861756942,6.92576829222115e-05,0.979025735507834,4
"20167",0.973940197099058,0.00893237520094767,2.69873496780376e-05,0.017100440350316,1
"20169",0.000564791984938347,2.35690666642774e-06,9.97968077076913e-07,0.999431853140318,4
"20171",2.34628030197269e-06,0.0113344629216396,0.988652168949474,1.10218485845993e-05,3
"20173",0.00911401121782701,0.153384425073261,5.74752584872091e-05,0.837444088450424,4
"20175",0.980888189889142,0.00287317490156395,5.05881945090272e-05,0.0161880470147849,1
"20177",0.0230582850336043,0.975369173343678,3.28580816490135e-05,0.00153968354106879,2
"20180",0.000188765055647378,0.996291571211985,0.00351966194845147,1.78391676881328e-09,2
"20182",0.000419959787941226,1.35367758140649e-07,2.72422408278855e-05,0.999552662603473,4
"20184",0.0624427473645051,0.000395377048109802,9.55420368315568e-06,0.937152321383702,4
"20187",0.441986682301063,0.333308803582408,8.36061785004399e-05,0.224620907938028,1
"20189",0.1065678057626,0.893357566456173,1.73280888484138e-05,5.72996923782078e-05,2
"20192",0.0149755642304453,0.846394503708064,0.138598801370214,3.11306912769188e-05,2
"20194",0.146610906367391,0.000291134771065248,8.38584399963305e-06,0.853089573017544,4
"20196",0.000245638854399881,0.810179076571179,0.189574454496029,8.3007839281799e-07,2
"20198",0.669951212765892,0.319842478499143,0.0087201583509497,0.00148615038401496,1
"20204",0.445193041447099,9.65210842517379e-05,3.33156907263699e-05,0.554677121777923,4
"20207",0.000368324664906032,0.89122161027317,0.108360240747366,4.98243145581863e-05,2
"20209",0.952793889261612,0.000887059864324589,0.0462890085157268,3.00423583366427e-05,1
"20211",7.40168971045804e-05,0.00157852119356277,0.998347256266094,2.05643238160021e-07,3
"20215",0.0246024992752458,0.973361963360752,0.00194438600680759,9.11513571951629e-05,2
"20218",0.024858074249816,1.25629441152186e-05,3.17029922156326e-06,0.975126192506847,4
"20222",0.00889812055400191,0.905143592483563,0.0858137005642299,0.000144586398204726,2
"20225",0.95749845101593,0.000464217384252082,0.00116155034074897,0.040875781259069,1
"20229",0.801221162607697,0.0540253294965634,0.142626422455148,0.00212708544059184,1
"20232",0.123212462566065,0.846528278726577,0.0301940674355246,6.5191271833758e-05,2
"20234",3.99096280837816e-06,0.878537687145698,0.121458305473741,1.64177523791607e-08,2
"20238",0.00083492251904131,0.996828917587727,0.00231364836218704,2.25115310445937e-05,2
"20253",0.000489641345788492,0.998264688957883,0.0012409963854804,4.67331084779758e-06,2
"20255",0.997411678742784,0.000813431552734015,0.00101921682029869,0.00075567288418313,1
"20258",0.000360912525024046,0.999523005301929,0.000115767363000262,3.14810046657964e-07,2
"20269",0.0371499026539978,0.914873674566611,0.000190720443169006,0.0477857023362225,2
"20271",0.00151792982743895,0.998445886865528,3.41744151110274e-05,2.00889192188708e-06,2
"20285",0.896374522948365,0.0655596045067749,0.000195601773045109,0.0378702707718151,1
"20288",0.0307751620466553,0.965133694076,0.0038944371953072,0.000196706682037589,2
"20291",0.000440505985739276,0.730616286470745,0.268936344130757,6.8634127588534e-06,2
"20295",0.144074891667164,0.814004933274586,0.000294712256152567,0.0416254628020973,2
"20298",0.991860724616642,8.95746209518018e-05,1.16094558193945e-05,0.00803809130658676,1
"20302",0.343133114061011,0.001853304177688,1.44633906509984e-05,0.65499911837065,4
"20305",0.998070541050959,5.5813082318683e-05,3.77176566106349e-06,0.00186987410106151,1
"20307",5.11993098855513e-05,0.999208901074125,0.000739777197786541,1.22418202437871e-07,2
"20310",3.14978649054041e-06,0.997135438217697,0.00286125018964806,1.61806164917904e-07,2
"20313",0.00126918129208245,5.64242930925465e-07,7.59199675831037e-08,0.998730178545019,4
"20315",0.00143818918948381,0.99836018979485,0.000199599283924588,2.02173174118446e-06,2
"20319",0.00039787225772051,0.397746049239718,0.601855592825031,4.85677530701482e-07,3
"20321",0.000196800005246122,0.999644148958293,0.000141638944461225,1.74120919997864e-05,2
"20327",0.000157969209918267,0.999821521234037,1.94611040592824e-05,1.04845198564255e-06,2
"20329",0.649333817034517,0.0021279156809316,3.79498874084899e-06,0.348534472295811,1
"20335",3.6022752140579e-05,0.871048549369775,0.128912973674393,2.45420369084761e-06,2
"20337",0.696753994086402,0.000130156341643445,2.89760933180215e-05,0.303086873478636,1
"20339",0.0218143274799963,0.0116033218845971,0.966569635636542,1.27149988646511e-05,3
"20341",7.30025645199929e-05,0.0327238296629563,0.966764894297941,0.000438273474582368,3
"20343",4.16314934569856e-05,0.988603143132997,0.0112383802088764,0.000116845164669644,2
"20345",0.994852489215594,0.0050590207151301,6.06294262121434e-05,2.78606430642353e-05,1
"20350",0.190198288420337,0.444640187649012,0.326788603774634,0.038372920156017,2
"20352",0.00101419167226927,9.27799233870005e-06,1.09661209957448e-06,0.998975433723293,4
"20355",0.046151792051225,0.00715050740658225,0.000461594405603294,0.946236106136589,4
"20358",0.607545975028498,0.000337155327668863,1.28762733785583e-06,0.392115582016495,1
"20363",0.00060773210571802,0.99924194190824,0.000138323255280132,1.20027307615179e-05,2
"20365",0.0339808623882047,0.404625275583115,0.561389439813938,4.42221474329531e-06,3
"20379",0.995430233810875,0.000765074896505279,0.00109600858776377,0.00270868270485626,1
"20387",0.000920551808948562,0.996897142217744,0.0021815970915049,7.08881803036365e-07,2
"20392",3.49011529447061e-05,0.00371041747668715,0.996254656369139,2.50012285359673e-08,3
"20395",0.969755962616316,0.0277051871679117,0.000642854210714366,0.00189599600505795,1
"20397",0.0142803819546899,1.99273274646679e-05,7.50878249399689e-07,0.985698939839596,4
"20410",0.0190019453747125,0.980151028486061,0.000846812249634784,2.1388959149103e-07,2
"20414",0.666639569809419,0.00211146119493197,2.15001539080511e-05,0.331227468841741,1
"20417",1.95707850945501e-06,0.128393209238857,0.871604720502739,1.13179895244505e-07,3
"20419",8.30069617830296e-05,0.999909240222595,3.84565537784797e-06,3.90716024383601e-06,2
"20421",0.307583008757738,0.00814909536338135,0.0301925131805846,0.654075382698296,4
"20423",0.597666497018738,0.000636901455249762,0.000306000797098364,0.401390600728914,1
"20425",0.410275311462312,0.0016179365372783,0.00112833230826424,0.586978419692146,4
"20427",0.934260982611686,0.0650507176013031,8.2489006458524e-05,0.000605810780551952,1
"20429",0.000417569430340435,0.994347383354997,0.00484580956287678,0.000389237651785918,2
"20432",0.179101872308768,0.000104269796589787,1.1127762897729e-06,0.820792745118352,4
"20435",0.197916963296203,0.772051387825819,0.0300038203063798,2.78285715984281e-05,2
"20438",0.000825736802906546,0.998619220934208,3.39453864527406e-05,0.000521096876432742,2
"20440",0.000344576166937739,0.999566832903058,4.74575427617638e-05,4.11333872424291e-05,2
"20443",0.00331444907696101,0.000530647046825721,8.59584623484478e-05,0.996068945413865,4
"20446",0.450208592982213,0.541991166260349,0.00201151096649142,0.00578872979094664,2
"20449",0.203420756827558,0.7783897908065,0.0181397355878565,4.97167780854663e-05,2
"20537",0.00858911180770699,0.711055815193488,0.28010799012635,0.00024708287245534,2
"20540",2.37316971919018e-05,0.0117709254451874,0.988205317722758,2.51348629224699e-08,3
"20543",0.732330447419191,0.260920513902696,0.00136516571318629,0.00538387296492706,1
"20545",5.27432668315236e-05,0.00167746063548476,0.998269181121916,6.14975768010514e-07,3
"20549",0.879360805033137,0.0915770324419024,0.00920604970426547,0.0198561128206952,1
"20551",0.0210640428299644,0.976150939622368,0.00263651187892134,0.000148505668746239,2
"20554",0.00638984433220149,0.993398516141247,0.000186295464217843,2.53440623337774e-05,2
"20556",0.550020701403166,0.255842273693012,0.192211662691168,0.00192536221265347,1
"20558",0.000129870665491602,0.999571297608187,0.000298165567423369,6.66158898030202e-07,2
"20560",0.017852618999618,0.978518709400847,0.000157185106396663,0.00347148649313825,2
"20563",2.35962327453195e-05,0.999584616644971,0.00038973669144367,2.05043083975929e-06,2
"20565",0.0996640610144705,0.876587156456904,0.00204491346722104,0.0217038690614044,2
"20567",0.123744027502796,0.000175423960819126,5.12453492227753e-06,0.876075424001463,4
"20571",0.00285303237887411,0.96424627141057,0.0327949636553604,0.000105732555195661,2
"20573",0.0393895922192976,0.953489386515566,0.00644880662291027,0.000672214642226283,2
"20575",5.78701299968437e-05,0.999769460355297,0.000172110649939663,5.58864766156349e-07,2
"20577",0.86932428128907,0.127613208651805,0.0028589182186546,0.000203591840471007,1
"20579",0.0029613495228857,3.69851563971297e-06,3.84915421811892e-08,0.997034913469932,4
"20582",2.59309140933862e-05,0.999777674575083,0.000196263546543569,1.30964279615189e-07,2
"20585",0.0138054043842138,0.0975256730545956,0.88866636890992,2.55365126996871e-06,3
"20588",0.0106387009407705,0.0109588878523298,0.978170210566209,0.000232200640690884,3
"20590",0.00711832217615911,1.29325855346683e-06,2.69990659309708e-08,0.992880357566221,4
"20592",1.18523900552873e-05,0.999848418178899,0.000137431218207529,2.2982128379705e-06,2
"20594",5.3684903557167e-05,0.999462911371928,0.000483369404547868,3.4319966393017e-08,2
"20596",0.0165179950063798,0.982466155826006,1.13109500577977e-05,0.00100453821755622,2
"20598",0.0135974929062235,0.98619508534616,0.000194363099632514,1.305864798421e-05,2
"20600",0.151606161907075,0.0933716985123935,0.753737363703971,0.00128477587656025,3
"20603",0.988297801348723,0.00124561833634667,0.00487257463945478,0.00558400567547589,1
"20605",0.000836451663279729,0.998467501673021,0.000695940740450485,1.0592324888959e-07,2
"20607",0.00264638753652123,0.997326971857734,2.49274495738869e-05,1.71315617109519e-06,2
"20609",0.0233744664631623,0.976345052366453,0.00021383070100448,6.66504693803373e-05,2
"20611",0.999285288606648,6.28996180975509e-05,3.64930674322699e-06,0.000648162468510826,1
"20613",0.572371531834648,0.423412547521672,0.00418671001942995,2.92106242498672e-05,1
"20615",0.54953663070286,0.351248286244744,0.0962789739055118,0.00293610914688452,1
"20617",0.00404175944071603,4.5525999503991e-06,1.37619705199364e-06,0.995952311762282,4
"20619",5.34382594058792e-05,0.999875070638769,6.4440539658885e-05,7.05056216626859e-06,2
"20621",0.0211783281326737,0.978155927869247,0.000604556425051383,6.11875730284813e-05,2
"20623",0.0148492692706973,0.00296164325444508,7.11838162346111e-07,0.982188375636695,4
"20625",0.901431053065001,0.0026127044970564,0.0455653636813467,0.0503908787565955,1
"20627",0.252535572467291,0.746735500652575,0.000717583570282641,1.13433098513142e-05,2
"20629",0.170834511380706,0.82357121853069,0.00464634327910302,0.000947926809501607,2
"20631",2.79316355330468e-05,0.999746859048631,0.000212411755175187,1.27975606609899e-05,2
"20633",0.000731384279848166,3.18818959541927e-07,3.23803757023305e-08,0.999268264520817,4
"20636",0.96176894905107,0.0011619448238281,1.24191055477823e-05,0.0370566870195539,1
"20638",0.779415541264969,0.145582738736781,0.0746480410926181,0.0003536789056315,1
"20640",0.00473593287797307,0.905847924048989,0.0894160814763087,6.15967289540359e-08,2
"20645",7.04206854483596e-06,0.99420202292748,0.00579092557520395,9.42877112990071e-09,2
"20647",0.000160192141474013,2.05815628762075e-06,8.9234112455904e-07,0.999836857361114,4
"20649",0.0227658960624221,0.963224244990934,0.01398926078007,2.05981665740415e-05,2
"20651",2.41576706932889e-05,0.99630377393569,0.00364848568857912,2.35827050376962e-05,2
"20656",0.00215832541585427,0.956124723709547,0.041708496752408,8.45412219086417e-06,2
"20660",0.0157223768228987,0.0757917059289303,0.908473668941123,1.2248307047495e-05,3
"20662",0.0863803154178436,0.000518128689418335,4.30350822620677e-06,0.913097252384512,4
"20664",0.0192701512157496,0.860390074445819,4.71476692031837e-05,0.120292626669228,2
"20666",0.93843737677162,0.00100327948432832,0.0603692422285806,0.000190101515471536,1
"20668",0.524476295182655,0.000180767032844169,1.9780612964374e-06,0.475340959723205,1
"20670",0.00219420581846664,0.997335693470357,0.000455945004305963,1.41557068706841e-05,2
"20672",0.527880970377849,0.000144210347429581,6.5467855428667e-05,0.471909351419293,1
"20674",0.09668737762787,0.902794865928139,0.000258797811355201,0.000258958632635543,2
"20676",0.916654551331993,1.83501303629473e-05,3.83900140579681e-06,0.0833232595362381,1
"20678",0.464586842231772,1.70681367576939e-05,4.8678418808716e-07,0.535395602847282,4
"20680",0.684580807364862,0.00330708886454441,8.64233190110162e-05,0.312025680451583,1
"20682",0.994899519620412,0.00355898045860727,9.8845661756696e-06,0.00153161535480547,1
"20684",0.168921060236437,0.826174285432228,0.00484456302629108,6.00913050440776e-05,2
"20686",0.0260178338317349,1.85211599137416e-05,3.51643588490042e-06,0.973960128572466,4
"20688",0.0417302784966006,8.23274081125027e-06,1.70165785036934e-07,0.958261318596803,4
"20690",0.00259856701081323,0.0461430049907409,0.951258125285065,3.02713380439927e-07,3
"20692",0.00190855162579158,4.29632438963604e-07,2.07406047362411e-08,0.998090998001165,4
"20694",0.974658189634564,5.12704074345864e-05,4.58431233231097e-06,0.0252859556456695,1
"20696",0.989396911588735,0.00110622359262503,4.24991950522259e-05,0.00945436562358796,1
"20698",0.0797735300598904,0.899037671979141,0.0121302824870975,0.00905851547387086,2
"20700",0.00210086006335354,0.993512580539728,0.000532916735627839,0.00385364266129032,2
"20702",0.000245211058145415,0.110322826231287,0.88943184213261,1.20577957136262e-07,3
"20704",0.190897864765055,0.808377318909862,0.000641805650994011,8.30106740890103e-05,2
"20706",0.748388942908346,0.222707515219072,0.00589699195614741,0.0230065499164347,1
"20708",0.988044971988227,0.000131331852338301,1.64000542922274e-06,0.0118220561540059,1
"20710",0.0485331133181872,0.534770817615324,0.416692742402491,3.32666399752043e-06,2
"20714",0.017110885574536,5.70622827692084e-05,1.81788228818089e-07,0.982831870354466,4
"20716",0.0112948397932423,0.9885101146679,0.000193548886033973,1.49665282339704e-06,2
"20719",0.443487813443109,0.555428581324675,0.000521974244381239,0.0005616309878346,2
"20721",1.35649411339606e-05,0.999836804143909,0.000146810216450568,2.82069850692301e-06,2
"20723",0.217555833981395,0.772843735753011,0.00714672172375545,0.00245370854183784,2
"20725",0.996447649251842,0.00304942350336506,0.00026097337770723,0.00024195386708612,1
"20727",0.00838478228620686,8.56504786952007e-06,0.000166444355651867,0.991440208310272,4
"20729",0.999444391031571,7.40585331953563e-05,4.88352038874163e-06,0.000476666914845264,1
"20731",0.998973308940865,0.000794226447096459,0.000193791360378378,3.86732516599577e-05,1
"20733",0.137636581947117,0.857345080020769,0.00498831921782794,3.00188142859128e-05,2
"20735",0.598202808101913,0.382029917408783,0.0197473540597689,1.99204295346526e-05,1
"20737",0.931071428690577,7.28557092130017e-05,6.09635723743675e-07,0.068855105964486,1
"20739",0.00100689841744084,5.36422193342384e-07,1.13457093082598e-07,0.998992451703273,4
"20741",0.9448366682402,0.0119532651943821,0.000158280140448064,0.0430517864249704,1
"20743",0.993301486037097,0.00604132818499201,6.84999556660993e-05,0.000588685822244469,1
"20745",0.000195445321158488,0.999380264329703,0.000418625627331067,5.66472180791484e-06,2
"20747",0.999518878856592,8.31288796561047e-05,5.62375475629116e-06,0.000392368508995923,1
"20749",0.99906127733433,4.10331069247821e-05,6.54305617244759e-06,0.000891146502572542,1
"20751",0.995905215646959,5.49142837630869e-05,0.00310966967435132,0.000930200394926502,1
"20753",0.999410388314705,0.000149127009085863,6.90618176728237e-06,0.000433578494441624,1
"20755",0.912351021691908,0.000543800760402955,5.90201164656464e-06,0.087099275536043,1
"20757",0.206416594660768,0.206751247538982,3.90094613143258e-05,0.586793148338936,4
"20759",0.000269948959552595,0.999384036947685,4.45660700319125e-05,0.000301448022730063,2
"20761",0.96147183513252,0.0358251372611198,0.000149434571591493,0.00255359303476926,1
"20763",0.900880219835062,0.088122094092326,0.0014545825419703,0.0095431035306421,1
"20765",0.989572267760194,0.00460732023346214,0.000131168524587539,0.00568924348175653,1
"20767",0.0653727837437871,0.934121076969242,0.000498789593172527,7.3496937986757e-06,2
"20769",0.0639150052417124,0.305609075472558,0.630475517123455,4.02162274338956e-07,3
"20771",0.685449257363003,0.102953238755244,1.56598499622934e-05,0.21158184403179,1
"20773",0.902060591280689,0.0538356412735995,0.000527819592664372,0.0435759478530468,1
"20775",0.9971416947428,0.00243150730906016,0.000274830054455052,0.000151967893685129,1
"20777",0.618400049207988,0.0333504693846148,0.347410999364033,0.000838482043364354,1
"20779",0.998496430663902,0.00135526281424079,9.82749316912997e-05,5.0031590166409e-05,1
"20781",0.0124921812982651,3.27603736893258e-05,0.947058381027855,0.0404166773001903,3
"20783",0.970822094128836,0.024497384167146,2.46557028368818e-05,0.00465586600118121,1
"20785",0.167216100302913,0.00130508211632987,3.00012685157222e-05,0.831448816312242,4
"20787",0.973945709618313,0.000378188798509105,6.13484851568267e-07,0.0256754880983267,1
"20789",0.651894782859397,0.346924317824002,0.00115213090468167,2.87684119191177e-05,1
"20791",0.927703116396531,2.19316612385089e-05,1.95553402076339e-06,0.07227299640821,1
"20793",0.712605728161405,0.286498248137357,0.000882410189476746,1.36135117608748e-05,1
"20795",0.806397936214085,0.000358851908618649,5.04161150585442e-06,0.19323817026579,1
"20797",0.00210404090746205,1.84552145732733e-06,0.003823244105985,0.994070869465096,4
"20800",0.995825460419634,0.000237027886626471,5.6195941224411e-05,0.00388131575251516,1
"20802",0.985736365960667,0.0115291697567984,0.000107396753284149,0.00262706752925098,1
"20804",0.99365043751498,4.68761266309808e-05,8.97300379457061e-07,0.0063017890580093,1
"20806",0.707921164410108,1.7649572262573e-05,1.39023917513747e-06,0.292059795778454,1
"20808",0.0222180528100249,0.977691469598084,8.98402670667231e-05,6.37324824374339e-07,2
"20810",0.544522696539866,0.00138602909506058,3.30693330284397e-05,0.454058205032045,1
"20812",0.974069720111121,0.00771362173921396,0.0103833098716652,0.00783334827799969,1
"20814",0.410801034084746,1.11107680968902e-05,3.05575424001608e-07,0.589187549571733,4
"20816",0.0765696699192302,0.911376959154027,0.0120379919929224,1.53789338197977e-05,2
"20818",0.983558675970654,0.0114337762273949,0.000224494689489347,0.00478305311246226,1
"20820",0.000365194818936346,9.39881712041393e-07,3.71424784027563e-07,0.999633493874568,4
"20822",0.991140074070797,0.00678052299074957,3.91801113599517e-05,0.00204022282709299,1
"20824",0.328859667572765,0.0014610674122831,4.66618030026631e-05,0.669632603211949,4
"20826",0.00725339877255674,6.18697060544505e-06,1.67811574083406e-06,0.992738736141097,4
"20828",0.000151078903654606,1.93051285364138e-06,7.7147881421731e-07,0.999846219104677,4
"20830",0.999037761766858,6.85453300218851e-05,9.42733480632105e-06,0.00088426556831369,1
"20832",0.555314548333871,0.399837901017702,0.000378491482710663,0.0444690591657165,1
"20834",0.0396598119634831,0.958343364733942,0.00199356510356225,3.25819901219499e-06,2
"20836",0.999226482755457,0.000656779630327575,4.03684931646219e-05,7.63691210513434e-05,1
"20838",0.925611555793487,1.86261834402332e-05,7.92062268442162e-07,0.074369025960804,1
"20840",0.132980494543142,0.866323469771815,0.000498446385628487,0.000197589299414784,2
"20842",0.999176708825521,0.000502007128974675,1.7079642419713e-05,0.000304204403084836,1
"20844",0.962590392995193,0.0341598828804337,9.69082524629521e-06,0.00324003329912718,1
"20846",0.267038834697917,0.013981686157982,7.67755635965722e-05,0.718902703580505,4
"20848",0.828667150036265,0.169111902056652,0.00099429747157108,0.00122665043551175,1
"20850",0.0259843697044187,0.967883603961081,6.15607988979194e-05,0.00607046553560234,2
"20852",0.013726105130206,0.948563467865969,0.00112389026029541,0.036586536743529,2
"20854",0.0872089203352793,2.92087648982397e-05,6.97771571946528e-06,0.912754893184103,4
"20856",0.0271327362929486,0.015879552811209,0.956955717642806,3.19932530358599e-05,3
"20858",0.00106171021782376,0.997943264109871,0.000978341659113462,1.6684013191871e-05,2
"20860",0.987472678438399,0.0123586243597523,0.000111920919873718,5.6776281975071e-05,1
"20862",0.00039042176878819,0.999571436297675,3.80048484525252e-05,1.37085084680574e-07,2
"20864",0.00688294555775619,4.79227980457157e-05,1.66602699513378e-05,0.993052471374247,4
"20866",1.82457765730986e-06,0.998695902355948,0.00130221945345314,5.36129410668597e-08,2
"20868",0.0107296257432747,0.986110196024955,0.00303595559383718,0.000124222637932959,2
"20870",0.968741346921286,0.0258887614475204,0.00116094025907578,0.00420895137211768,1
"20872",0.993312743899805,0.000679623221494297,3.15557962695122e-05,0.00597607708243087,1
"20874",0.00125850406397007,6.87462977201927e-07,3.16896527018666e-08,0.9987407767834,4
"20877",0.0144094731100627,0.966256013146863,0.0193335341942343,9.79548839730162e-07,2
"20879",0.000585083507664033,0.996663913803076,0.00275095795290204,4.47363584795513e-08,2
"20881",0.99612073070628,0.000112877911385748,1.4526921134694e-05,0.00375186446119921,1
"20883",0.964730316721625,6.81755566120587e-05,0.000154768516553182,0.0350467392052098,1
"20885",0.997686205887878,0.000279353286825195,6.81358203001049e-05,0.0019663050049966,1
"20887",0.599920878017556,0.394932253377756,0.0051364376550213,1.04309496672782e-05,1
"20889",0.997420735121431,0.00157475060273971,0.000788875068225947,0.000215639207603751,1
"20891",0.000285990677471881,0.996020397187127,0.00369346331661499,1.48818786280686e-07,2
"20896",0.298365831264252,0.621675664904735,0.0799298577039625,2.86461270506912e-05,2
"20898",0.993547663238574,0.00626493104027766,7.89025360004614e-05,0.000108503185147672,1
"20900",0.209035351519594,1.70863049243941e-05,0.10531318388119,0.685634378294291,4
"20902",0.0433445743263276,0.122761734401777,0.833893498210502,1.93061393013249e-07,3
"20904",0.0067786420994587,0.0123722574926083,0.000924203853749772,0.979924896554183,4
"20906",0.00959364147795859,0.970934414925117,0.0194703570995889,1.58649733531867e-06,2
"20908",0.674997715673508,0.0271550247899176,0.000128984424488566,0.297718275112085,1
"20910",0.979393622511604,0.00942626420088246,2.42334553779962e-06,0.0111776899419762,1
"20912",0.0537331939131757,4.54523910805647e-05,0.945854436355666,0.000366917340077635,3
"20914",4.34382363269131e-05,0.988777618180955,0.011178940503347,3.07937103985693e-09,2
"20968",0.0154386589451245,0.000896292737895335,0.0009636286849512,0.982701419632029,4
"20970",0.0270774537559904,0.970911057458411,0.000658667619629433,0.00135282116596963,2
"20981",0.0171182373641995,0.9826724418462,8.29922690235464e-06,0.000201021562697817,2
"20983",0.00758005939763607,7.01296379351018e-07,5.39562050055555e-08,0.992419185349779,4
"20988",0.00227344908504595,0.997443549491584,0.000108733815664566,0.000174267607705606,2
"20995",0.0585344950812305,0.151310069517509,0.785575731212599,0.00457970418866206,3
"21017",0.804314571432273,0.144694245226301,3.79429143179094e-05,0.0509532404271078,1
"21038",0.00609405450613129,0.986172482090046,0.00773274722015062,7.16183672385938e-07,2
"21072",0.0238654795757284,0.970338909408606,0.00543699647283803,0.000358614542827373,2
"21075",0.001189773926442,0.93417477454019,0.0646354334067624,1.81266054633982e-08,2
"21223",0.954625740174669,0.0430840398269103,0.00173737346402825,0.000552846534392954,1
"21225",3.41267794107736e-05,9.14668582714451e-05,0.999874317246584,8.91157337157448e-08,3
"21230",0.00494435434769855,6.57078538412099e-07,5.75708777979203e-08,0.995054931002885,4
"21236",0.993170294320488,0.00403764641274056,3.89607304891663e-05,0.00275309853628229,1
"21238",0.467072192261353,0.0734199725881535,0.459354507527169,0.000153327623325036,1
"21241",0.000558496080498475,0.998054509234869,0.000334028972892245,0.00105296571174038,2
"21246",0.0255471655342424,0.974169514259234,1.83921415717467e-05,0.000264928064951634,2
"21253",0.0442020909349098,2.80306574451803e-05,5.30924794758667e-06,0.955764569159697,4
"21256",0.803073831955605,0.00496432928873162,0.000205695410773568,0.191756143344889,1
"21260",1.25280731284256e-05,0.00419934027713034,0.995786911441801,1.22020794076304e-06,3
"21266",0.0192158836920832,0.980504067121115,0.000262782690876329,1.72664959253306e-05,2
"21332",0.00809346238282705,0.991816686512098,4.22018235389757e-05,4.76492815358141e-05,2
"21334",0.991246915198385,0.00604789246788334,0.00264649877237352,5.8693561357881e-05,1
"21375",0.000160668776013467,0.99936754951161,0.000470285783630285,1.49592874657213e-06,2
"21378",5.98400950108677e-06,0.99730455755315,0.00268925688356276,2.01553786483947e-07,2
"21381",0.000268848516380088,0.989073074366065,0.0106456950203629,1.23820971921672e-05,2
"21389",0.981703556009188,0.000368037532414231,2.61048300348698e-06,0.0179257959753942,1
"21391",0.00770900424932785,0.958874680648683,0.000471930593945511,0.0329443845080441,2
"21402",0.00305109300527473,0.996931200473938,4.64726453502211e-06,1.30592562525003e-05,2
"21404",0.0215452685589216,0.62837303616418,0.35008125134811,4.43928787896554e-07,2
"21409",0.0690712340658075,0.884693757977068,0.0462312137510896,3.79420603517816e-06,2
"21413",0.813947977878866,0.154081579428935,0.0319669373091438,3.50538305489566e-06,1
"21423",0.000526383502796289,0.996974726651146,0.00249772911481626,1.16073124098533e-06,2
"21425",0.232342600257857,0.741189226025938,0.0264625459215259,5.62779467937065e-06,2
"21430",0.009111324010041,0.00335252078937841,0.987493327734653,4.28274659281489e-05,3
"21432",0.053903556766153,0.945943784669159,0.000133687028988887,1.89715356996348e-05,2
"21438",0.000853629611766538,0.997900416117202,0.00059065587004564,0.00065529840098559,2
"21440",0.193735466195606,0.803736590362474,0.00243578177088592,9.21616710332761e-05,2
"21443",0.989707246923068,0.000244691788157982,4.78314707366133e-06,0.0100432781417003,1
"21445",0.000708817273712325,0.000482901148650777,0.998804022487217,4.25909042002317e-06,3
"21447",5.18451989350199e-05,0.996944070480538,0.00300336925458457,7.15065942673757e-07,2
"21449",0.000839029304582453,0.999141282517826,6.04911742044446e-06,1.36390601706756e-05,2
"21451",0.000839029304582453,0.999141282517826,6.04911742044446e-06,1.36390601706756e-05,2
"21455",0.000929024863833711,0.999062954609586,6.42855575553157e-06,1.59197082463552e-06,2
"21469",1.03804072803657e-05,0.875488318375897,0.124501274789413,2.6427409237993e-08,2
"21471",0.000661138071571637,0.731523191478485,0.267815166650509,5.03799435258154e-07,2
"21473",0.477295292219642,0.0572461684291668,0.0059713913376342,0.459487148013557,1
"21476",0.8669297699824,0.124700316465826,0.00789805071478205,0.000471862836992322,1
