"","V1","V2","V3","V4","V5","V6","V7","V8","V9","best$classification"
"19811",3.84016627806786e-05,0.00692288935380194,2.50504941724545e-12,3.25088969545511e-10,2.21781115845668e-21,3.32434870610837e-22,0.0380246396676193,0.125774958367373,0.829239110620831,9
"19813",0.00354591053374753,0.00397345224315957,1.36793194329379e-30,3.97515734516349e-72,1.00508601282676e-83,1.32020564693694e-34,8.7178419222176e-12,1.07819471301576e-27,0.992480637214375,9
"19815",0.00101219134893011,0.000451845433581293,0.00813919129745969,1.30786285446212e-15,1.1501677506328e-66,1.77811266990824e-09,0.858689859071657,0.131706911069121,1.1377068202018e-12,7
"19817",1.15336809313583e-06,0.000217180428969568,3.88458021642541e-05,3.47783313726493e-06,1.38012372977136e-24,6.98404395302774e-15,0.0283721415231367,0.971367188049457,1.29950353302239e-08,8
"19819",0.0789001136214263,0.000386326619609637,0.225496757353587,1.06536949702745e-48,1.00546402303361e-113,0.695216683094406,1.1931097076611e-07,2.21104713411359e-73,8.51323834302453e-77,6
"19821",0.0199700708876036,0.206026113864815,4.27197019968849e-15,2.467093258988e-09,2.13623489592474e-16,7.0325670615744e-15,0.241392583330384,2.97774098131414e-06,0.532608251709111,9
"19823",0.10729363313254,2.06760050242781e-07,0.89267245443014,8.2551197192613e-27,4.17368148078508e-76,2.92581220295365e-17,3.04586970727326e-05,3.24698019694585e-06,4.23293981611704e-30,3
"19825",0.92444090532778,0.0755590946722204,2.33453371982899e-24,4.54629363235508e-32,3.6696471094179e-38,5.08960891458613e-17,3.66961647059987e-17,2.40129382097664e-82,6.63063177126623e-30,1
"19827",0.00158360267160736,0.000198833691599783,7.17061001192964e-05,0.990879884902316,5.51601059105476e-09,4.85324285632324e-11,0.0018243595662422,0.00544160750357248,8.44424172517255e-18,4
"19829",0.000115420657624022,0.929417783071003,1.34565382417479e-10,8.62776822755284e-19,1.12052433371615e-28,0.0236234656856128,0.046843330451195,5.58265340231997e-46,8.28262705542158e-29,2
"19831",0.11339159985756,0.0169283436523231,0.0580759232879214,2.88484747056972e-77,6.86722394249312e-164,0.811604112677243,2.05249524597463e-08,8.698921403036e-62,1.57928113626126e-45,6
"19833",0.999999796062175,3.27231667006679e-09,2.00665508292395e-07,2.23924309556648e-143,3.32038654954955e-139,1.37071319327219e-49,1.7092454382837e-38,1.18695998805316e-106,2.22570886514296e-72,1
"19835",0.0199700708876036,0.206026113864815,4.27197019968849e-15,2.467093258988e-09,2.13623489592474e-16,7.0325670615744e-15,0.241392583330384,2.97774098131414e-06,0.532608251709111,9
"19837",6.02865750876459e-05,0.000113666213381302,9.7780666768161e-07,0.915489445162061,1.69333768078084e-10,3.33116460926221e-09,0.0143906893452884,0.069944931380315,1.67000461508515e-11,4
"19839",5.24479023088512e-07,0.998425374565159,9.23934532640479e-19,1.64142422021863e-14,7.86382128229124e-21,0.000144402786753773,0.00142969800148833,4.53012480407761e-44,1.67559542309982e-10,2
"19841",0.123938861294881,0.0462142487783643,2.81794575779275e-31,2.00568712945815e-09,0.829846887921065,6.35112028639953e-26,1.30778731965147e-19,4.8083951357666e-66,2.09595895446044e-15,5
"19843",0.0166390805647825,0.983347297316021,8.08119210421776e-24,2.68105266853342e-101,2.18645826812862e-162,1.36102737338181e-05,1.18454625036374e-08,1.95334146030722e-94,2.91567234591087e-18,2
"19845",0.0031989862787887,9.41496398414804e-05,1.23041749970645e-18,2.92044162699547e-53,2.45458948827407e-86,1.10441824476335e-35,7.34181523211171e-06,5.46042151684129e-10,0.996699521720095,9
"19847",0.0114442952431839,0.0179112463945488,6.21538360039254e-08,1.3979631689995e-30,1.55745799692286e-92,6.03803110320214e-11,0.97061948049708,2.13501245107308e-07,2.47021497258685e-05,7
"19849",0.000580988837458047,7.82066083772391e-06,4.013652112057e-32,4.49128954780414e-67,1.18103968086496e-82,1.27308903661241e-42,7.53339717650172e-14,5.47726441996901e-23,0.999411190501629,9
"19851",4.34325139385204e-05,2.37909798723355e-06,7.38823204471525e-06,7.75681497900769e-09,7.45034190157034e-40,7.03785760681954e-19,0.00405790521153138,0.995888884555612,2.632071154255e-09,8
"19853",0.795642747999219,1.35721079271793e-07,0.000746695536822399,9.81361385833057e-32,4.03716795576141e-57,1.45317713145293e-44,1.15979258272769e-06,0.203604500834532,4.760115765158e-06,1
"19855",0.000616723089097325,0.000379725274343974,5.81939441175753e-06,5.15388407026919e-12,3.50202727710914e-21,5.78582971827731e-30,0.00397647105808519,0.994982451692714,3.88094861935428e-05,8
"19857",1.30544093017714e-06,0.18438587387225,8.06356914244281e-12,1.02136898681981e-10,3.66969456535016e-19,6.20412479437688e-10,0.78569597090574,0.000441802861859228,0.0294750461886078,7
"19859",3.1473803817354e-05,0.0708950183719518,0.00117523556795926,4.87400267404676e-05,2.13786098236286e-18,3.74056988342716e-10,0.564223341976283,0.363626189697117,1.82074384850096e-10,7
"19861",0.00169529260268565,0.000592304207434974,9.97837331964826e-12,2.6933142858276e-20,3.40441812913028e-47,3.3877979046851e-25,0.0149609399375769,0.567189021772653,0.415562441469671,8
"19863",0.000493075164775224,0.00165888870245984,1.71903642694619e-43,8.37584867529393e-37,2.09412811165678e-16,2.85870670038915e-54,7.16517157002373e-24,1.52959502419085e-40,0.997848036132765,9
"19865",2.39925777335941e-05,0.00210691926127387,3.46235811779189e-16,0.046140496458777,0.951728568035801,4.89111861831976e-22,2.36276201672926e-08,1.88815468340152e-12,3.69056119286958e-11,5
"19867",0.0152129668499682,0.000397951935958606,3.59106483560367e-08,1.09107040060396e-31,2.79500544618294e-98,1.77506240336296e-15,0.983105949210393,0.000513654778860269,0.000769441314170312,7
"19869",0.00459857747782764,0.000119771867326536,4.66837635896929e-25,4.02573442389422e-26,5.64227727747397e-28,2.39460597446936e-43,2.26030119590176e-09,1.23206749402196e-09,0.995281647162477,9
"19871",2.56256298958066e-05,0.00945690355201109,0.00074601691670262,0.0150388563875127,1.62823276570484e-10,7.67077911279341e-08,0.376353105927826,0.598379414715131,3.06110052987379e-13,8
"19874",0.000103858201311271,0.0237514394117096,3.69204837038007e-07,0.000197939718081687,3.45124400011254e-05,7.3467908466456e-22,0.000231413825495083,0.975680467167167,3.13968857785923e-11,8
"19876",1.56675587198393e-05,1.60216298831794e-05,2.85585255296724e-12,5.79516956371833e-07,3.94085822384701e-07,8.06554098821102e-28,1.41778017326031e-05,0.999928142657081,2.50167469490448e-05,8
"19878",0.000846958141831557,0.761661569953426,3.41533636859675e-09,6.4611550198894e-43,1.5111269631701e-79,3.36108010289485e-10,0.237491468153298,3.73679492302355e-51,6.93712723693149e-24,2
"19880",0.000170902798383894,0.000187154107563839,2.18699782403215e-18,0.234288599297387,0.765353300188495,2.36137117401389e-33,5.19501649094889e-12,1.38677878133529e-12,4.36015883499239e-08,5
"19882",0.0389387753205034,0.00975175118959659,2.73832387100888e-13,4.97980234692787e-31,4.60087682962831e-49,1.5598442489095e-33,0.00126662409017062,2.96419134872902e-07,0.950042552980321,9
"19885",3.14957933441215e-06,0.00240399904188356,1.37731028005099e-05,9.07218048759697e-05,4.50201163364469e-26,5.04616688621325e-06,0.316249785611987,0.681230363431521,3.16126071162071e-06,8
"19907",0.0759713234792742,0.006092147816844,8.52189556516024e-11,4.26053423220341e-34,8.40690211660253e-79,5.37699706545507e-23,0.579606508606896,2.74115794708095e-05,0.338302608432296,7
"19909",0.000464199049919466,0.0145499780608183,8.27744536202041e-11,9.46379644782744e-32,3.64070217862033e-82,0.832524299426022,0.152461523380449,9.08013093250229e-30,1.63800234986188e-14,6
"19911",0.000724424779510533,0.694020084858078,3.32749074789569e-08,4.03532457881766e-14,1.96964822594274e-27,0.303417844703869,0.00183761238359471,2.70570903703979e-29,4.08176048339568e-21,2
"19913",9.21880487562613e-06,5.73053412064033e-06,1.16727148525961e-22,4.17023589527488e-10,0.99998505024398,1.86142932172466e-31,5.15673259559033e-21,5.43241542793851e-31,6.44809559666918e-20,5
"19915",1.68665725858181e-05,3.44009629971762e-05,2.03342415681751e-07,0.999752799947223,8.98905058741551e-06,1.6799252666199e-21,8.39173819095536e-05,0.000102822741336864,9.44113026864576e-13,4
"19917",4.85932168853413e-06,0.0325564779952376,9.80779027485843e-11,0.966671599481789,0.000751120781162527,6.14975937585614e-15,1.59415709454644e-05,6.6830374570929e-10,8.27894322974105e-11,4
"19919",1.3902202219483e-06,0.00439169864961358,8.6428676581904e-05,0.840876669856341,7.04303525819986e-06,3.00685982266918e-13,0.0290749773547194,0.125561792203931,3.03147772834569e-12,4
"19921",3.85020364024341e-05,4.97692058827968e-05,7.66034496029455e-07,9.8091699298374e-15,5.29830605228002e-53,1.94078990294556e-15,0.043364669305717,0.95646994632155,7.63470959397126e-05,8
"19923",0.000377462519648514,0.099081925654675,0.000145047945439722,8.83869936307729e-45,1.77099034863369e-109,1.52010847540072e-12,0.900395563878717,6.99320281963708e-19,2.4039711270827e-18,7
"19925",1.48219229714482e-05,0.00112553005687119,5.24611842351039e-09,0.998220773711188,0.000618089747586201,1.41209844829287e-19,1.98333409560476e-05,9.4597353613051e-07,7.72772689895327e-13,4
"19927",0.000263003830110691,0.000207913439079261,0.00017073348080812,1.8156226357426e-11,3.42339199674765e-37,3.24482114870769e-15,0.336248400325363,0.663096089167624,1.38597388550625e-05,8
"19929",0.0154499114643927,0.00422267186466089,1.31712834838923e-40,1.06699203208535e-27,6.63352829788402e-10,9.18334625357335e-48,1.03870531692629e-23,4.60370608561746e-27,0.980327416007593,9
"19931",0.00122324094928837,0.0016266760738491,0.000987633410987114,1.76951678266055e-07,8.1293269934931e-39,4.89227559499823e-08,0.993990223646327,0.00217199999361512,5.14986550948844e-11,7
"19933",0.00347165222471024,0.00063873777543489,9.91349143796027e-05,1.53975369042859e-08,5.85335636465972e-46,0.312208341734677,0.683582117953243,1.89150948802495e-14,1.79745381550818e-22,7
"19935",0.00834989753485264,0.0942865194738271,3.52421409610276e-11,4.96897280482821e-12,1.6582223818852e-45,0.000340987721079162,0.896938471209866,5.19692399318082e-11,8.41239681945726e-05,7
"19937",0.000374495906388874,6.51099340700404e-06,0.00083846927726867,1.62167764184031e-14,6.47177738299318e-62,2.68374983983064e-13,0.0765828200802325,0.922197703740377,2.04153600649909e-12,8
"19939",7.47713049845449e-05,0.0322827730260008,0.000603669410806914,4.04126690534942e-13,5.98420119303122e-34,2.90853610194098e-16,0.966768007764853,0.000270778475130569,1.78190764405437e-11,7
"19941",0.00689354879125741,0.974687251788591,2.27391871189343e-16,2.29063196738868e-10,4.26828649099434e-21,0.0184114868693493,7.71232173878705e-06,1.42424795486402e-42,4.90187421709172e-17,2
"19943",8.82789014162118e-06,5.51431726918293e-05,3.69824279877793e-13,3.74643751568576e-07,0.999935654279406,1.22533367362208e-26,4.7349665066571e-12,8.9040449046313e-12,1.79218000581414e-19,5
"19945",4.78731195427509e-05,0.00587433755979833,0.000989673850252183,4.56788235991413e-11,4.28539908593937e-56,0.479796153965834,0.513291961458893,5.34328957240027e-16,9.30893887530322e-23,7
"19947",0.000939218348324465,0.999060778325833,1.43424488095559e-18,2.63847314729447e-28,1.08734494297695e-21,8.09769274132954e-16,3.32584135984488e-09,1.58600196998553e-38,3.58659154422061e-18,2
"19949",0.00144488809671878,0.00771989467379785,0.000636587200065449,4.43485588795666e-35,1.06463873751738e-114,2.36991739021536e-06,0.990196260112028,2.76734943268954e-19,7.32475825859374e-25,7
"19951",5.60058134550376e-05,0.501065848853268,4.86782442565032e-07,0.294514683643739,7.08079002849882e-07,3.9207916665459e-13,0.204362266730397,3.0908569636794e-14,9.72720553054895e-11,2
"19953",0.0334390398070602,1.39256949128919e-07,0.966298679237369,4.84058601208346e-76,1.75859407732535e-183,0.000262138123637672,3.57498447038965e-09,2.73582831501095e-52,3.37358959152967e-58,3
"19955",7.67416276746317e-07,0.991554837492703,8.32466786342032e-05,9.70043722088612e-66,2.67710758639289e-129,0.000694272811073724,0.00766687560131203,6.91669564395844e-41,3.0785325210513e-26,2
"19957",0.00311777712545504,0.993465049524797,0.00339934862863559,6.78337462932685e-12,3.46156853432963e-11,2.24566746835654e-14,1.77831231740231e-05,4.15565170424513e-08,1.75497337021889e-20,2
"19960",0.000224918049071121,0.993248390782756,1.05153422323071e-13,7.22562881497617e-38,2.72627370233695e-58,5.27845036456785e-05,0.0064739066644219,3.93285250316338e-51,3.92557221024305e-24,2
"19963",0.999999935364029,6.4302067132314e-08,3.33904030894521e-10,1.49020480877057e-48,1.08547837046561e-43,8.82342915657263e-33,1.56348803703883e-33,4.32323226394083e-63,4.59227486460673e-48,1
"19965",1.87980656214687e-06,0.492205181899147,1.09097628438002e-10,1.52729665961977e-69,1.87994864587781e-119,0.00159199190912428,0.506200946276069,7.71109082550726e-68,5.0620196486295e-21,7
"19968",0.0221458602658529,0.960855058963737,3.82907260303212e-35,1.61654914702407e-08,1.02658784840924e-07,8.72092343976648e-16,1.23757864766518e-08,3.62268064576575e-31,0.0169989495703466,2
"19971",0.98802982890274,0.0119701710954323,1.8275390476619e-12,4.59348643475915e-37,2.70263223866652e-16,2.88588144623085e-25,1.72547971822008e-23,3.67072982434582e-88,9.21289060658725e-55,1
"19973",2.8184567509406e-06,0.000141317688095624,1.53690877524567e-08,0.0129156808858894,3.72025506516244e-12,6.83197350701479e-14,0.0131676243750756,0.973647326062153,0.000125217159159231,8
"19975",5.21866308133202e-05,0.102342768649372,1.15949980135091e-14,0.894544203125794,0.00285648375433166,1.47459281236103e-15,0.000197313435519783,2.24889622104087e-11,7.04438166679539e-06,4
"19977",0.00422718030455717,0.995771624455833,9.73182851668672e-17,1.52409360707651e-15,1.19523960674139e-06,3.44074382619667e-32,1.41539310409599e-15,8.96909964919362e-60,2.27384709526946e-27,2
"19979",0.000994295979346032,0.0116340196310841,7.27092778746801e-08,7.2588915759104e-37,5.20890500761298e-78,0.987328500146321,4.31115339709077e-05,2.98399119882572e-93,1.63738749909369e-63,6
"19981",1.56109115717657e-06,0.00616144926947305,1.64823261963295e-06,2.15497355466538e-15,1.67428252608624e-41,4.42157532743755e-06,0.993739763990819,2.73576409539271e-07,9.08822641917768e-05,7
"19983",5.59945742458821e-07,0.0128257685943899,7.6082823837892e-06,2.73388310293403e-25,7.75794734973455e-63,3.33101173815683e-10,0.987159723700296,6.21971515104835e-06,1.19428935200797e-07,7
"19985",2.06697468935795e-05,0.00576522399832975,4.32397926822757e-10,0.144554203240996,0.25038250747852,7.05897592843786e-25,0.000123515323524893,0.599148183260602,5.69651873545595e-06,8
"19987",0.0161819230265248,0.0130137255520066,1.13290530041809e-05,0.459565145726195,2.44385332180067e-18,0.00239591983707371,0.508831458305206,4.9849998917119e-07,2.28726738133036e-16,7
"19989",0.014433604691931,0.000284645964584555,0.000545648306014152,5.8617176740235e-57,1.19207405006371e-170,0.98424040772374,0.000495693313730613,1.32239249319574e-70,8.26451588582967e-57,6
"19993",7.36732874743941e-05,0.0176987916966686,2.63209015569228e-05,6.30948153995211e-10,1.00962905699794e-24,1.42149169344389e-05,0.982186998566417,5.49568278674494e-28,6.88037449241945e-25,7
"19995",0.00425591027233275,0.124963190879888,1.1749557479437e-07,2.22828262180754e-09,4.95274165323767e-35,0.0585122992286479,0.812268479895269,1.29077481217924e-21,5.01244632164723e-15,7
"19997",1.43749403124927e-05,0.000602496928555156,7.3072044451537e-07,0.000866261369898252,5.98085825827908e-16,1.48630554333958e-16,0.032050243679469,0.966460926837927,4.96552339257829e-06,8
"19999",0.000118505076674029,0.000613767561457794,1.41592410051191e-10,0.996921937769073,0.000253944428409428,3.69677990896332e-26,0.000377356455987997,0.00123938296353132,0.000475105603273581,4
"20002",0.999874739106168,0.000125260874835443,1.13448800689852e-37,5.88299690839417e-34,1.33830835334871e-31,4.02155532779933e-33,8.34097691090708e-28,6.28889021930131e-70,1.89967152624186e-11,1
"20004",0.0846164378649091,0.0308854973783285,4.35889968035568e-12,1.49754376593541e-13,1.1803110343368e-50,0.871944801048705,0.0125532637029098,4.17814331696663e-27,6.38814073870743e-13,6
"20006",3.43285059608952e-05,0.999620120115895,7.61344233278813e-12,2.34692658759633e-45,3.44550370478292e-54,1.94076740287693e-11,0.000345551351123055,3.70090341520753e-47,1.21212506142442e-24,2
"20008",0.00318194602497969,0.99508352000859,1.38979846871468e-09,4.24289381973555e-40,6.75104236130479e-81,3.69963964241357e-08,0.00173449558023543,8.22436258158529e-56,6.02088736818742e-24,2
"20010",0.000179179044000509,0.0176600303005028,0.0237451678812697,3.41612963533502e-25,1.71582139956723e-86,0.317671883867372,0.640743738906855,1.04807123575061e-23,4.81332356867532e-39,7
"20012",0.00803063119544219,0.989032776394354,1.07716298629847e-17,6.06019955424339e-07,0.000600208749204021,1.54131294487188e-30,0.000112647205878414,2.18961920998159e-21,0.00222313043516605,2
"20015",7.64540137263249e-05,0.0141475167581846,1.82575691447086e-16,1.85076103527807e-55,5.39162868417984e-121,0.981763222785479,0.00401280644260968,5.52784429688603e-81,2.29768334396124e-26,6
"20017",1.6128618430214e-05,0.000315160603685524,4.04776371143166e-11,2.87640899701146e-07,2.33989802219087e-12,3.21979790935138e-22,0.00201658023319412,0.991959735364049,0.00569210749692418,8
"20019",0.0037851467398865,0.00909469206046337,2.15378671497787e-06,1.06030774645804e-69,4.00652098700912e-143,0.987113249786803,4.75762613248707e-06,6.08322508213182e-118,6.44954575326976e-77,6
"20022",2.26670445422984e-05,0.00776954492247128,0.0014250557202534,2.44077830303325e-22,1.51573110343957e-79,0.514838090876551,0.475944641436182,6.81035588503284e-25,3.25600386276424e-33,6
"20024",0.999860309725698,1.19163548613259e-06,0.00013681543001733,1.76111955635507e-123,1.16526238508757e-249,1.68320879762405e-06,5.68050596439428e-16,5.65384384928414e-111,3.09741084532767e-81,1
"20026",0.999860309725698,1.19163548613259e-06,0.00013681543001733,1.76111955635507e-123,1.16526238508757e-249,1.68320879762405e-06,5.68050596439428e-16,5.65384384928414e-111,3.09741084532767e-81,1
"20028",0.000188111414628075,4.38409718681555e-05,4.49875901854069e-09,0.0255804159973361,9.99085260840244e-08,1.20202813309142e-22,0.000456584629231272,0.973723187489195,7.755090456152e-06,8
"20030",0.0113784275798378,0.0616690197355949,1.22913406458087e-18,5.10677920465867e-26,4.86097282362432e-59,0.926943402486797,9.15019777031618e-06,7.67737611402283e-71,1.54517082014961e-29,6
"20033",9.61821588522349e-05,0.012037749222097,1.98136874019248e-07,0.875625705545825,0.000200538284970519,1.37922716353205e-11,0.112039156803137,4.64730232417414e-07,5.10421950995018e-09,4
"20035",0.057527129039542,0.0111789971601182,2.44096614092477e-05,4.90263657864906e-81,1.59700763676502e-167,0.93124612835236,2.33357865706638e-05,9.25376120381731e-117,1.81773411880821e-76,6
"20037",0.00026816134202725,0.029095732437073,9.95604906996621e-09,1.91676839626579e-80,6.90605591469607e-164,0.969037467979108,0.00159862828574282,3.7262204732313e-103,4.7532330987216e-50,6
"20039",0.017361797320106,2.53582310700368e-14,0.982638202679869,4.41869023909081e-188,0,1.55838466358246e-17,1.06156497245443e-24,4.91510352579059e-117,7.18844035806748e-109,3
"20041",1.97234224487646e-07,0.114082139847933,0.00530917156266553,5.82481090613023e-37,3.9779592500178e-58,9.86381603043879e-13,0.88060849135419,2.07178979449623e-20,1.36637503246946e-21,7
"20044",0.000230810310639206,0.932198721751087,0.00145265375835644,8.92791800440962e-37,1.28783480382947e-46,4.86717702804387e-14,0.0661178141798685,4.62884905554477e-28,8.97427922858194e-26,2
"20047",0.0154576139435942,0.0508438038056262,5.29421815155386e-06,2.33327551369571e-63,5.92058532671811e-114,0.933693286061466,1.97116222009703e-09,2.22813253311925e-128,3.6412799407057e-84,6
"20050",0.010665614129853,0.00258375974511669,0.980349395490258,1.17971742489896e-29,7.36540184959817e-81,4.68051606056723e-05,0.00635442547416637,5.98005963923253e-42,1.40399429956529e-61,3
"20052",1.36983492651764e-05,0.0386460193277879,0.0152456037879695,0.383846032661979,2.3916869735419e-13,2.35462659781615e-05,0.562098914092987,0.000126185513794614,1.51346309820392e-18,7
"20054",3.43047543359889e-06,0.0849897468192285,2.46927861970671e-15,2.92357373617934e-33,1.92820993980554e-74,0.726377384716815,0.188629437988517,1.90823066424778e-44,3.20471513413352e-15,6
"20056",0.339797808418031,0.0139978502445121,7.11802102360208e-13,0.646197147837503,7.18966188456494e-06,4.34732138095476e-13,3.83692242864219e-09,1.00728962728898e-29,2.31593796309293e-21,4
"20058",0.00586882215622167,0.000847030567837087,2.44621039351097e-06,6.7854501807422e-71,4.35434752620485e-196,0.992702484504981,0.000579216560566529,5.13166259729851e-72,1.91353799824009e-48,6
"20060",0.0187519774193209,9.49670536477424e-05,6.72334110435232e-06,2.2774776488858e-07,1.91709922363616e-45,3.91900200631731e-11,0.977960294452968,0.00318580885612213,1.08988221798589e-09,7
"20062",9.40445252055862e-06,0.00840706805214474,2.95586031896426e-05,1.10167501565446e-08,2.03462333669602e-35,4.10201166271669e-08,0.991512790939542,4.07093938698437e-05,4.16521866321754e-07,7
"20064",2.92999017181128e-05,0.00251383188119841,1.82172890756765e-06,3.2079337282718e-06,6.17084367191225e-32,0.695705374681581,0.301746463872866,7.84168963693827e-21,4.81026054692973e-23,6
"20066",0.0364704420555385,0.0641746775389539,6.73239250735126e-18,9.33433419732832e-46,6.30155489128544e-79,0.899354569252982,3.1115252564188e-07,3.54217012268517e-106,1.56329872558508e-44,6
"20068",0.00019567114000264,0.00279052806420333,2.68707389209376e-07,1.45135943629872e-15,2.58326071199018e-46,7.33984065752603e-19,0.505798693831896,0.470984184071712,0.0202306541847957,7
"20070",0.00219424066455808,0.00311581282469521,0.0154645558445254,7.13577035080298e-22,7.61268911494561e-67,1.07428425264096e-16,0.975871413910476,0.00335396875979733,7.99594765696106e-09,7
"20072",0.000284477339936454,0.986040007157757,2.08153502252101e-17,7.15340771984238e-91,2.30514314631854e-163,0.000857739229840568,0.0128177762722637,1.07829528226287e-65,2.01994086896261e-13,2
"20074",0.000156885905848266,0.000351381330683161,2.04169211701278e-30,8.39477621748379e-13,0.999491597441661,1.18035955627762e-44,2.87893866667838e-22,1.08434846166549e-28,1.35320968442997e-07,5
"20076",5.37848185296899e-06,0.907014579591909,4.05020462615287e-26,1.79495181955726e-11,5.97207721044803e-09,4.15864369131681e-13,4.40052905694985e-05,1.1672144678622e-17,0.0929360306452256,2
"20078",3.2355979739178e-05,0.028035501738446,0.000428736119422267,8.24330721050412e-15,6.46254734490117e-51,0.768600561248653,0.202902844913731,2.34037526500809e-23,7.10889378908671e-23,6
"20080",0.000544823880765824,0.00340257714808305,6.34067857948659e-05,4.58228759016634e-43,2.6410963241772e-101,0.993573863760529,0.0024153284248271,2.66688989677607e-90,6.48971600368453e-69,6
"20082",0.0104129826607705,1.76402768977392e-10,0.989585798977516,3.02808444458989e-86,2.98115182748958e-180,1.21818531083105e-06,4.31607653979788e-16,4.69860503288422e-72,1.64103848591929e-101,3
"20084",0.00046698313487217,0.356677607872567,0.000241978668727822,4.48382286051996e-09,6.4108522487209e-23,0.642287069288268,0.000326356551741735,8.74221922390049e-32,1.57537193842504e-37,6
"20087",5.58618138847411e-05,0.0323364209138961,1.21735354820465e-06,3.47336974669355e-36,5.86253315863276e-110,0.307609871189366,0.659996628729266,1.57849463855168e-28,3.95384939958298e-14,7
"20090",0.000607305798167923,0.00601946238189294,0.00985911086726343,1.70328501397923e-49,6.78636371386644e-108,0.972525712780607,0.0109884081720687,6.60574220742908e-85,2.10219567133277e-71,6
"20092",0.0991110545358013,0.000451430915563444,0.900432407062577,2.39315904683554e-112,2.57016875940405e-212,3.23499630708553e-14,5.10748602560368e-06,2.81424435902978e-34,3.51290588393889e-23,3
"20096",0.000778372037768307,0.0171388675180511,0.982055431608898,5.50078134064026e-29,9.63830950283323e-53,1.15848144210668e-11,2.7328823689968e-05,7.70205664063338e-15,3.71527414134407e-29,3
"20098",0.000502040219490948,0.00881449203238329,2.86220661583474e-05,0.849006531421776,0.00024132437591245,6.29355519192573e-14,0.140893194565525,0.000513795291955791,2.67354917095087e-11,4
"20101",0.000191433299247959,0.16837908540071,2.13845618488984e-05,2.12998437238558e-16,7.54165031773228e-34,0.801121520107442,0.0302865766307502,1.29272964160062e-67,1.17757190450286e-50,6
"20104",0.999200426693934,1.15040762499607e-06,0.000798422898428206,1.22552194641604e-94,2.37403522886536e-126,8.01210425839318e-41,1.28150168227006e-14,6.95699641436615e-23,2.81644068566367e-16,1
"20106",4.57037438748566e-06,0.00161269536099179,1.88236953205029e-07,1.66456039309097e-15,3.77745044107322e-38,0.805344380314658,0.193038165713007,1.31486397416628e-49,8.1428351274896e-37,6
"20108",0.00421305427346446,0.00283615589517656,2.3935202150245e-08,0.00856717513790475,8.54674923340675e-16,1.48078053183389e-09,0.665627601761916,0.318382383275373,0.000373604240180978,7
"20110",0.0115798081274545,0.0975892517704753,0.890152170660088,4.8489809969795e-10,8.49027356245349e-27,8.37750969254377e-13,0.00067876895622648,2.01754661558187e-14,2.42612874824144e-37,3
"20112",0.000264766018578198,0.0215215037703315,0.00967613719374929,7.59197805432564e-25,2.22674299095259e-68,0.0131104899677915,0.955427103049549,1.87477285356632e-42,7.34155441330572e-40,7
"20114",0.00665489198622358,0.0705031018040693,5.66250606106553e-06,7.73227640534888e-05,9.57038900191264e-19,0.921143681911843,0.00161533902774997,1.13876358011331e-24,2.36229566216765e-30,6
"20116",1.09505446486682e-05,0.286075617936826,1.26057737358608e-14,4.61343205549189e-08,7.4299095317839e-17,0.647035806355959,0.0668775790282335,5.2857807585975e-35,1.14627647072246e-16,6
"20118",1.67155041792312e-05,0.0176530168481201,0.000507208328652422,0.253372070729594,2.35379234988132e-11,0.00569599796378252,0.722712015703417,4.29748987161871e-05,5.50498470773551e-16,7
"20120",0.165647181630558,0.0230531250438304,0.101489337171987,2.23880304523243e-13,8.39448187857058e-42,0.574038984802232,0.135771371351168,3.39449115937305e-49,1.05760285875319e-65,6
"20122",7.93715202739204e-06,0.004774958970167,9.94984250893753e-18,0.184199588044099,0.811017513709192,2.20355832897903e-20,1.27930314064749e-09,7.34109172974225e-13,8.44476468796814e-10,5
"20124",0.000110629531131967,0.539945883387737,5.31986491109552e-05,1.33097303251074e-66,1.80738622978257e-132,0.445434176678366,0.0144561117536536,6.88812827165887e-69,1.17098277092495e-41,2
"20126",0.946840945950193,1.01410784514043e-06,0.053158039941958,1.12671604724177e-149,1.04097169962288e-196,3.56032200553306e-15,1.76706715512133e-23,1.3898708564371e-94,2.87980660649034e-74,1
"20128",0.998145385670604,0.00045322632220496,0.00136563942054512,3.44366668090777e-145,2.97088683131221e-220,3.57485866456821e-05,4.80435167011642e-20,8.77388147333313e-157,2.31893608776807e-99,1
"20141",0.147909463649967,4.84759356169114e-07,0.852090049244437,9.79949998111978e-48,1.07955075261803e-57,1.3141416874015e-26,2.34617435264215e-09,6.59828892894556e-14,2.74900317910701e-22,3
"20143",0.0161649129373613,0.00144651566650619,1.81375638470354e-24,0.982385526981239,3.04441489365489e-06,2.79129330591323e-38,5.41981530627442e-20,1.83986171302932e-49,1.21789414980637e-16,4
"20145",0.000506778955866396,0.00102370703235024,0.00801425294850207,3.13686662646522e-15,3.64263113850464e-67,0.747456668885821,0.242998592177457,8.32138114456584e-27,3.11403850141801e-42,6
"20147",1.00024562688444e-06,0.00357358396621769,4.89534007096099e-05,6.05860462743083e-16,1.80969690016485e-55,0.379375385484412,0.617001076903034,2.32146178919872e-29,3.96667462100184e-27,7
"20149",2.30177556197135e-05,0.00131939863606006,9.40866379265925e-16,2.16806599057229e-06,0.99865540926731,7.30060212763328e-28,2.84718433739543e-11,5.27260070178343e-09,9.73946175509893e-10,5
"20151",6.92070885682264e-05,0.000274640996959206,2.02985242337259e-07,0.977470607220036,5.57366372380058e-08,1.18394742447104e-12,0.0209731355239571,0.00121215008865644,3.58759414346372e-10,4
"20153",0.0579372744064644,0.00151809990824665,0.0748899231124604,0.865303909328793,3.50026130524644e-15,3.29462109578741e-13,0.000350793243702867,6.06845243863682e-17,7.59130135380818e-39,4
"20155",9.54078802513692e-09,0.00271968629529961,1.9607348575879e-06,2.0005253594041e-37,2.63134573304589e-75,0.0618781885903983,0.935400154838656,1.12447134071625e-49,6.19233664533554e-34,7
"20157",0.00912484104371614,6.04859856982398e-05,2.42074820854536e-07,0.990127690665542,9.29766090528321e-10,8.48881524074085e-16,0.000686403663001604,3.35637453612954e-07,6.33625036260456e-16,4
"20160",6.75080749822817e-06,2.64911376649297e-06,8.02457729501966e-23,1.55428390181475e-07,0.999990444650345,2.75649154239418e-33,1.10383630685619e-19,8.50333392545352e-27,8.10405800883515e-17,5
"20162",2.38395845595175e-05,3.6974865640203e-05,2.34840049117876e-16,0.00564609826638857,0.994293049300667,5.5651094394002e-31,7.60819525084873e-11,3.48007946364707e-08,3.10586774144287e-09,5
"20164",0.037262358970424,0.348456271079615,3.90017320916788e-07,0.613928376405585,2.66935404559535e-06,1.9137884326016e-17,0.000349934172949351,3.04008903314802e-14,2.97820597146715e-14,4
"20166",0.0229668431350265,0.976188963258878,3.71289814162671e-27,9.05212712525348e-35,6.51847809340531e-49,0.000844190408321855,3.19777327279629e-09,2.29718798352643e-91,1.64777932593687e-21,2
"20168",0.0602790725800934,0.939684011358094,9.55576945097839e-44,7.72914610559112e-74,1.40580384806845e-85,3.88466711801501e-21,1.21640685440872e-21,4.05687979965269e-79,3.69160618125672e-05,2
"20170",2.74783990362194e-05,0.000635072488001979,2.98362242524363e-05,0.998941449030501,2.67132322551744e-07,1.87281985914158e-14,0.000349091378786167,1.68053470813018e-05,1.02240864124539e-17,4
"20172",0.000262529326255765,0.00136182592033857,0.00220512690325862,8.44820733580553e-35,1.35301039443954e-120,0.731636504114957,0.26453401373519,1.21955247272723e-28,2.84434793554215e-33,6
"20174",0.000674321647173588,0.00306637793463575,1.29806540169077e-18,3.53214819889551e-11,3.42742974995585e-09,2.47831073937831e-32,9.81284613436813e-06,0.262110724025224,0.734138760084081,9
"20176",0.000944283654621497,0.944482410968974,3.68323027603163e-36,1.20735490352637e-62,1.67767860303328e-71,1.75361625608199e-25,2.93973471870132e-10,1.68781906208532e-53,0.0545733050824312,2
"20178",8.66968136957461e-06,1.41947885089791e-06,1.16757518832687e-22,1.91888949319495e-11,0.999989910820591,2.46805478966096e-34,1.58408781633977e-21,8.60893520942246e-30,5.21702592942766e-20,5
"20181",0.00466910804651247,0.144446315215778,4.04134076931635e-18,1.00610772138276e-14,1.18662161542119e-25,0.850875213689656,9.36304804387023e-06,1.84233199120916e-76,1.74561166485417e-35,6
"20183",0.00784126285706712,0.000149631397043452,0.0287192254168593,5.80974890236982e-16,1.40738861347162e-72,2.43878888889464e-07,0.917686970073796,0.0456026663763199,2.44661268755682e-14,7
"20186",0.135202079646147,0.000289840489346487,0.000539963996765636,1.37818565366838e-63,1.07364426117317e-177,1.57769157837019e-09,0.863968102086532,3.74716384662648e-15,1.22035137503439e-08,7
"20188",0.000935415786767001,0.000216906032289957,1.18405436059878e-16,0.955802249643733,0.0430454285371563,3.03238713355702e-30,5.31525881071376e-14,3.55112070333698e-23,7.59712948917982e-16,4
"20190",0.000424196475124669,0.00356113118345861,1.22759083715191e-11,1.96102565019128e-36,2.63410875835622e-84,0.989234058567636,0.00678061376150482,1.98822622267376e-77,3.04745508363829e-39,6
"20193",0.0053578255542492,0.994642173856187,2.56686386440317e-36,4.91822960476644e-23,3.12001821246518e-13,1.88983938572592e-27,3.86058356908898e-17,2.75825066752353e-78,5.89251646918079e-10,2
"20195",0.000490053318334041,0.148997437556872,4.25539342525847e-07,0.761349678693785,3.28675223615241e-07,1.14967253797365e-12,0.0891620762152882,1.03587172097979e-21,4.81011253935349e-15,4
"20197",3.46612800896584e-07,0.00355085928200288,0.000221431992679009,1.00670618526662e-30,8.3536363849463e-86,0.288201458971225,0.708025903141292,2.19863413918777e-34,3.74308259912023e-29,7
"20199",4.37811476911209e-05,0.000615962630561763,3.10529277243071e-07,0.999332723341722,6.46361553892834e-06,1.62362676229951e-24,7.48371623136191e-07,1.03635855232435e-08,3.63354754382756e-17,4
"20205",0.0575197825191514,2.37544557553041e-08,0.942480193726326,6.13967546562251e-110,2.08144836318461e-203,1.78480728632439e-15,6.48301764911842e-14,8.38518981607566e-57,9.73222712469685e-86,3
"20208",0.000205411913565038,0.0223522620276059,3.65825399358472e-06,0.00520081461405718,6.76155903064255e-12,1.24983834336593e-11,0.972237852046172,5.95946987881566e-10,5.29399602834562e-10,7
"20210",8.92608989083251e-05,0.000202909666960502,1.89443244243661e-12,0.868052072556536,0.131655690927698,6.46286963687758e-27,6.17362543264744e-08,4.12796057951242e-09,8.37880005518319e-11,4
"20212",0.00112349373980248,0.0964607183881551,1.25853017345872e-07,0.856574863365365,0.0346171428522956,6.48247696015158e-17,0.0112236557101281,9.00080766518564e-11,1.22873633947464e-12,4
"20216",0.00382431284658405,0.0256430491436033,1.93873250418964e-08,5.32233474576584e-17,3.97987795182053e-52,0.833857168333591,0.136675450288897,5.03883866929473e-41,3.87720669197325e-34,6
"20219",0.00544886822075162,0.0102948347050873,0.711722837150127,1.52808696029909e-25,2.93912763408056e-75,0.272218771472729,0.000314688451305188,5.29992579745972e-32,1.94821878851255e-54,3
"20223",0.0189604904064714,0.981024417351174,6.57715264358464e-22,5.16832011426318e-132,5.231637595472e-215,1.50683371576025e-05,2.39051970278779e-08,6.32797677563817e-126,9.4967495994639e-30,2
"20226",1.91220329998912e-05,0.0213527648014383,0.00190390061307971,1.37895238368463e-13,4.09473002261389e-36,2.45621772244302e-09,0.976724210096126,9.39438749742999e-21,9.09888800177928e-26,7
"20230",0.00297238979679101,0.00750323347200962,5.49220711666927e-10,5.32937682334831e-50,2.3359220054924e-113,0.987241044995368,0.00228333118661118,2.02279407596891e-89,2.86878901517236e-45,6
"20233",0.0439856961201654,1.57936015586457e-14,0.956014303879819,8.4301837753693e-84,2.46524827195975e-133,1.03013627038834e-41,7.41637097643081e-24,5.55522952203639e-31,1.17493907051552e-59,3
"20235",8.91076799804077e-05,0.999809360434378,1.88891964451882e-07,1.49904674591825e-112,1.11703613878739e-191,1.00640734029298e-06,0.000100336586336834,5.45340015291876e-74,8.82565167803029e-35,2
"20239",3.71617955183747e-05,0.92765649054992,2.04859450335418e-11,1.77969378339588e-57,7.36535737806023e-120,0.0108163006793051,0.0614900469532341,2.50705798076804e-37,1.53624330171237e-12,2
"20254",0.0180938694928868,1.83089115006037e-09,0.981898786901179,9.8890443690439e-90,3.66226444365444e-179,7.3417750411552e-06,2.1925148919818e-15,1.09852441172123e-85,8.77487325377285e-111,3
"20256",9.23350362393393e-06,0.0548294562037517,6.42928533956482e-06,3.23920184223844e-63,3.26912157314514e-148,0.846369533357259,0.0987853476500261,2.46438121732364e-53,1.29791240955684e-28,6
"20262",1.20311516048842e-05,8.78798554909866e-05,2.52713719396519e-08,0.999527024666204,0.000203316816396164,2.12480287436378e-15,0.000147982955111108,2.1739283714186e-05,1.04693364628809e-13,4
"20270",0.849885005149633,0.149920131452015,2.25077091645378e-21,4.29988149367135e-23,2.46778622747315e-49,2.23842976030594e-05,0.000172479100748837,9.91290750652258e-65,1.64044877266122e-19,1
"20284",0.161626782248771,3.31043510649551e-07,0.833376296279215,3.1728639555886e-29,1.74798319436002e-113,2.37198009227924e-10,0.00499659019102773,2.77673708032651e-13,1.62614268371898e-41,3
"20287",0.000175393213369882,0.04356534656032,1.16446757254737e-13,2.24849560426121e-93,6.07467482245381e-179,0.956207423868883,5.18363573108759e-05,7.65400180140403e-121,1.27742886087242e-48,6
"20290",0.0206255962799039,2.08878058327709e-09,0.979374398310978,4.30525169853897e-41,2.04913958416717e-102,2.23801134050548e-13,3.32011338393953e-09,6.20589635539893e-43,1.17867469146805e-82,3
"20293",0.0001450362340025,0.00598882505310129,0.00470129162818007,5.56489654555771e-18,1.9318521365993e-62,0.65145353233663,0.337711314748086,1.95571153702219e-16,5.53337431251873e-27,6
"20296",0.00022595795532498,0.655080106457917,4.07093644650667e-20,0.0197131646601034,1.84863671610612e-05,3.75404855844897e-07,0.00616657669579785,6.61339291467261e-09,0.318795325845447,2
"20301",0.0255287080559549,0.947037662189009,4.16398816231573e-16,1.1331012881546e-54,1.68825548376256e-71,0.027433626843237,2.91179861279141e-09,5.06292499291508e-162,1.50443695233431e-63,2
"20304",0.00580639567335184,9.26576364925417e-11,0.994192507994593,5.49744819920303e-91,6.7101447310981e-180,1.0962393967604e-06,6.05326572967169e-16,2.33819390741854e-61,1.23208284182843e-91,3
"20306",0.0204427968039259,0.00770364646942635,2.02086258898605e-05,2.95094268617246e-65,1.12152354043676e-165,0.97098948724715,0.000843860853608234,7.80971830730911e-78,2.56633293093379e-49,6
"20309",4.27726876781669e-05,0.00844319361740582,0.00768409595505521,1.69507306630471e-21,3.50132804547233e-56,0.000111568574918122,0.983718369164943,6.48506842964977e-23,6.20003853900319e-29,7
"20311",0.000996853258668927,0.0667211151874387,2.05378423367671e-07,1.5607235130637e-18,1.66919824676973e-51,0.931167245097151,0.0011145810783178,2.28997833802809e-39,4.0358068676133e-27,6
"20314",3.5891250106189e-05,0.000153826986519484,4.57531211695517e-05,0.969070872968507,8.34284690298131e-12,2.18785909672003e-08,0.030390267409652,0.000303366377112275,1.12045918397119e-16,4
"20318",0.96657701472005,0.0106366683005024,2.15805968428284e-23,0.0227614634839652,2.48534954825894e-05,8.34419295914357e-21,1.16090892302758e-16,4.86195960458441e-53,2.81286179186247e-18,1
"20320",0.378183285000942,0.0845091845015888,0.0137717496404513,9.94791763022328e-25,9.67664003671331e-56,3.89127849453524e-17,0.523535780856135,8.8279411238472e-13,5.0634050348313e-16,7
"20326",0.000748849441474894,0.00345410037795557,0.00092229640822924,0.568570650809286,1.67810719364828e-11,1.30542913564028e-07,0.425224868919851,0.00107910348350704,9.16628648027137e-16,4
"20328",0.064516529236283,0.00112542718043448,0.0097807669041184,1.22389606887329e-39,5.18305134302318e-110,1.84840540224161e-13,0.924577276667706,1.11147462822084e-11,1.57995337769493e-13,7
"20330",5.57013591659838e-05,0.689512083691693,0.000137248727502972,4.45647695429172e-53,5.2750356865209e-103,0.00664672910139741,0.30364823712024,4.08961150443136e-48,1.58055641151372e-32,2
"20336",0.0615757129864442,7.06371464255411e-08,0.938395292755194,1.19500514641092e-51,4.75554610204982e-150,3.55939283984417e-06,2.53642283756428e-05,5.66182750565259e-20,4.80664644633933e-54,3
"20338",0.000524763088069166,0.00275386293274215,0.99672128519609,1.99292887889441e-43,9.47319502398957e-69,4.68116477160494e-08,4.19714505242268e-08,6.82560273370362e-36,7.06179100403997e-63,3
"20340",0.00152992990353374,0.0814697226971986,4.68766064376372e-09,8.48235374151846e-72,9.99303277303988e-151,0.916928269157939,7.20735536684547e-05,5.36824056576975e-90,2.3980374037e-51,6
"20342",0.99999559283731,2.11528463480055e-06,2.29187805478388e-06,6.82325085617801e-93,1.10053198573566e-119,6.22027800169678e-34,6.94861078645828e-27,2.71288180643702e-84,5.13855820553829e-55,1
"20344",0.0251090842594021,0.00717068122569846,1.26181477225731e-05,6.40373950015955e-40,9.49784158224224e-123,0.775524218092362,0.192183398274815,3.06324135990141e-44,3.51551391685118e-30,6
"20349",0.00238575727024629,0.00464095778368402,4.42847665120109e-08,5.36271197883942e-56,9.98458197452131e-153,0.989973209121189,0.00300003154011468,4.69898795961779e-65,3.52871148228668e-35,6
"20351",0.000550597038121691,0.132375553789223,0.019141374448375,5.81666264086672e-25,1.67409463546194e-58,0.000406258392669723,0.847526216331611,1.05491900475556e-21,4.33236970593603e-36,7
"20353",0.000171926769237286,0.20854073486221,0.198801222733969,2.98974971330971e-55,2.92587817576723e-108,0.00974239120312816,0.582743724431456,1.74871639351563e-62,7.80854857846113e-52,7
