"","V1","V2","V3","V4","V5","V6","V7","best$classification"
"19812",0.195851456120868,0.0508982261176087,0.000546491786051495,0.000760448152995453,9.43883309625324e-05,1.74475923037461e-06,0.751847244732284,7
"19814",0.0115206741113143,0.000783483329700947,8.66197618320537e-06,4.55807202751268e-05,3.08619658018427e-06,0.00217374795385098,0.985464765712095,7
"19816",0.857957796579006,0.00696365082455767,1.69652940036306e-06,0.131298552673206,4.03602604921403e-05,8.37022016526053e-07,0.00373710611132133,1
"19818",0.492256153109596,0.00038745574733769,2.37432209571882e-05,0.000882121747208473,2.79233746587113e-05,0.00821041526238269,0.498212187537859,7
"19820",0.00515922481898731,3.60191812478225e-05,5.68804941971548e-06,0.994799050563592,6.15660831395347e-09,5.14888978227846e-10,1.07152557179357e-08,4
"19822",0.00405388288057379,0.00806761971375592,0.00998788467379155,0.97788889899085,1.94070736605063e-07,1.08273948233956e-06,4.3693080986551e-07,4
"19824",0.73350772084938,7.80153771496343e-06,2.98706063980712e-05,0.264633861830644,0.000124062967701109,0.00151786430621691,0.000178817901945341,1
"19826",0.105699843435982,0.149897627690246,5.58238229577177e-06,0.00196312656572514,0.0139033706638837,3.97380562060995e-05,0.728490711205661,7
"19828",0.446883204119388,0.000176574268485507,0.000199073414664098,0.552582044965665,1.73262045544998e-07,2.23284366195835e-06,0.000156697126090641,4
"19830",0.00437548907858397,0.0976579543043915,0.000341072937104735,2.74903920013423e-06,0.00168001036752493,0.000113745027727382,0.895828979245467,7
"19832",0.105116192012868,0.0336048318497682,0.696477369809618,0.0231169961466642,4.89975497472705e-06,1.57845557017356e-06,0.141678131970536,3
"19834",0.169136022802476,0.7208355487398,0.00306003257402819,0.0941116363785446,6.36266245204773e-07,0.000111658493195175,0.0127444647457107,2
"19836",0.93327459249528,0.00225133369392972,3.06666793093696e-05,0.00130850828391695,0.0210090364666077,3.25833767391668e-07,0.0421255365471885,1
"19838",0.000310165246141594,0.000649151265316069,2.74936073409682e-05,4.73661994783416e-07,5.15967515583134e-06,0.000277174152219809,0.998730382391831,7
"19840",0.184192121279451,0.752573999356141,3.46778976334853e-06,0.0431129996292038,0.000775620918439373,3.93008788329353e-06,0.0193378609391185,2
"19842",3.3740714855809e-05,0.000504822354352556,5.54216435157242e-08,7.21318583471157e-08,0.958371553301893,6.80989116729148e-06,0.0410829461842298,5
"19844",1.67761372164985e-06,1.75399795383594e-07,1.64219424890331e-08,1.41115826411322e-06,1.5388465773912e-05,0.99997211160693,9.21933357226638e-06,6
"19846",0.000240966179235652,8.18664035710227e-06,6.25451355885645e-08,3.42691645557258e-08,0.00438069157637777,0.0659645246044311,0.929405534185298,7
"19848",0.000251054208556999,1.95537729252109e-05,2.2982955025631e-07,6.32569447655858e-08,0.000217956457309691,0.0233711946781381,0.976139947796575,7
"19850",0.000805738093868526,0.000125206872871132,1.51999456568478e-06,3.542851488898e-06,5.01889548902619e-05,0.18604543093178,0.812968372300535,7
"19852",0.963002309657028,0.00174563132805459,2.71092635509775e-05,0.00695026143181273,2.69823716072542e-06,9.91660431730494e-05,0.0281728240392197,1
"19854",0.00018945234344164,5.48958041718117e-05,5.54477676132324e-07,7.03105525034436e-08,4.99685525348565e-05,0.00212368307913282,0.99758137543249,7
"19856",0.000218870593981822,0.000516918872132762,5.07847805811779e-06,9.20539539117445e-05,0.000167875554890195,0.983252563867759,0.015746638679266,6
"19858",0.00771874494556052,7.39692740762644e-05,5.80504708947038e-05,0.00327400758737876,1.36662303616636e-05,0.987860037541661,0.00100152395006756,6
"19860",0.556817515520471,0.15504249357609,4.0542123186684e-05,0.020004691943273,2.57515525195831e-05,3.21032628912672e-05,0.268036902021569,1
"19862",0.000116489912008717,2.09509520580844e-05,6.42799976043466e-08,1.38698579647155e-08,0.0150812793806574,0.00246023328479138,0.982320968320629,7
"19864",3.61875194449837e-05,7.01962779738795e-07,4.05356402863039e-08,1.05877209826899e-06,0.999958943783323,1.29192259086848e-06,1.77550412287036e-06,5
"19866",0.778896429806035,0.0702111122629689,5.19172771963606e-06,0.13578103903451,0.0145645077269959,8.98937476766058e-07,0.000540820504292999,1
"19868",4.26392603824695e-07,0.00361697280160739,0.996289926521141,4.23116025217233e-06,1.96262657226543e-07,3.99087753578555e-05,4.83380863801453e-05,3
"19870",0.0156216949644878,5.50974275866088e-05,1.69208999777332e-06,1.82062572271766e-06,0.00155118163543673,0.00193016494946613,0.980838348307302,7
"19873",0.380634216320623,0.00135276440073897,4.10153897028248e-06,0.000553685796604342,0.00196692825656564,0.000656122233768485,0.614832181452729,7
"19875",0.171745690807897,0.0372775617882343,0.000166699819851037,0.789770474083439,5.57932837409692e-07,5.35405652995882e-08,0.00103896202717567,4
"19877",0.125407964624352,0.0056869302855651,1.79446109903993e-05,3.90573062214136e-05,0.000104380737949162,0.00231258241603322,0.866431140018889,7
"19879",0.923270309951457,0.00589347424746718,0.000235480739259017,0.00176092057762432,3.60850891797914e-05,0.0012369051756057,0.0675668242194072,1
"19881",0.0927886200915225,0.00514453986972353,6.00987993596426e-06,0.000268757957873451,0.0272349623288255,0.00122635900677007,0.873330750865349,7
"19883",0.0406961487518671,0.00218031959645407,5.91573188313196e-07,6.81059688871765e-05,0.377483620631451,5.97515713756703e-05,0.579511461906776,7
"19899",0.0881347337353722,0.895918883767476,0.000321813132434873,0.00193918480957181,0.000138443166006525,2.82275452528585e-06,0.013544118634613,2
"19908",0.000866906218063783,0.983397945544378,0.000671546073959182,0.00149832299505633,0.0132683384344584,0.000216485894382159,8.04548397024385e-05,2
"19910",0.957143119967421,0.000253735914125474,6.64380549871424e-06,0.00120404281740925,4.30061359775813e-05,4.29712201894313e-05,0.0413064801393786,1
"19912",0.000100263013213721,0.00460303977814036,1.76575948920475e-07,1.84954203196439e-07,0.598515912922334,0.000401159328228467,0.396379263427931,5
"19914",0.491399823587882,0.336841143182769,0.00171545026705822,0.00381380085938994,4.19685521438778e-05,0.000593326299161892,0.165594487251595,1
"19916",0.471676262423346,0.000583841176594072,4.0745300306003e-05,0.276021696380985,0.251142495063442,0.000446605000356188,8.83546549705552e-05,1
"19918",0.00966543037422219,4.3930639675138e-05,1.08347394346242e-07,2.98310415281512e-06,0.00272552029160676,0.0824246796244818,0.905137347618467,7
"19920",0.000137069291044095,7.93025044702932e-05,5.43537525188245e-08,3.72058491213504e-07,3.74037945267106e-05,0.863821727757893,0.135924070239822,6
"19922",0.0387395453786067,5.75336667662458e-05,0.844379843679465,0.000544665540715222,4.30166991532767e-06,6.09403854698161e-06,0.116268016025985,3
"19924",0.134505255112274,0.00693100796822312,6.26610635780482e-06,0.000171898226475056,0.000215224091815725,0.0330668520459286,0.825103496448926,7
"19926",0.457126088437707,0.510161305450236,0.00332534624645354,0.00649434299845574,0.0033850652155675,1.86994729766812e-07,0.0195076646568504,2
"19928",5.06458751213467e-08,7.07585765132925e-08,2.22875899886511e-09,2.24078492685058e-09,0.99999878852364,6.44794720095593e-07,4.4080764480144e-07,5
"19930",0.0205452281674243,0.000128619901128702,6.38948195359812e-06,6.69600691765088e-06,6.07861352401939e-05,0.000100186263702212,0.979152094043633,7
"19932",0.000411428356119147,7.83453151626157e-05,2.38468916672745e-06,1.95779520937073e-07,1.37865158205084e-05,0.000742694147754665,0.998751165196455,7
"19934",0.419546311540538,0.043791457979957,0.00161581710736366,0.517680793073385,7.89562875795588e-07,0.000126271974743986,0.0172385587611369,4
"19936",0.0535074442005323,0.063088835977288,0.00032743383401202,0.000348111955611535,2.45446261230809e-05,0.000136759149811779,0.882566870256621,7
"19938",0.118523430657442,0.142190139477842,0.00121226576609188,0.737960127064238,6.42255231498344e-06,4.70951451998332e-05,6.05193368717019e-05,4
"19940",0.851036479894507,0.000114756190611037,1.82314565551482e-06,0.000345227127542328,0.00865766318978734,0.000133448944977114,0.13971060150692,1
"19942",7.2312330831174e-07,8.14690936975919e-06,8.27039997830225e-10,5.11191971435537e-08,0.999986588935042,1.83024723283349e-07,4.30606131917438e-06,5
"19944",0.975907141826732,0.00277624698917646,7.29560261710063e-06,0.0060352580160415,0.000180674812141721,4.9436789046205e-06,0.0150884390743866,1
"19946",0.66492364923007,0.00432001488295014,2.59447594907902e-05,0.00164474604751954,7.90886232588761e-05,0.012691111246351,0.31631544521036,1
"19948",2.51516768789141e-06,8.78401035179982e-08,2.80927529970418e-10,2.24302181646459e-08,0.999979504456389,6.76571595875787e-07,1.71932530785409e-05,5
"19950",1.33799008455894e-06,5.72035252300779e-07,5.85108870900818e-08,1.29656344325624e-08,5.39323718913602e-07,0.99831476656986,0.00168271260456259,6
"19952",2.51516768789141e-06,8.78401035179982e-08,2.80927529970418e-10,2.24302181646459e-08,0.999979504456389,6.76571595875787e-07,1.71932530785409e-05,5
"19954",0.00386777495215667,6.25593794076086e-05,1.44990599193059e-06,8.6275614739694e-07,5.77967636768053e-05,0.000427638253936506,0.995581917988683,7
"19956",1.70935068759491e-05,0.128520132400466,4.16404231280032e-05,3.18419497516841e-07,0.0114228257167741,0.605475328037058,0.2545226614962,6
"19958",7.82910420631113e-05,2.92802180978433e-07,0.99904461452434,4.82896157010074e-06,3.76090279049387e-07,0.000165921212053855,0.000705675367513245,3
"19962",0.198004471187468,0.0193315009550346,0.00180908808215077,0.0263000916686996,0.0003175924676889,0.224735152717755,0.529502102921203,7
"19964",0.710044524242432,7.27779513422818e-05,8.60219758274464e-06,0.000327304346259701,0.0130933013311714,0.00607189139691823,0.270381598534294,1
"19966",0.194043541161017,0.0380782359676366,2.87620461355236e-05,0.763708270453873,0.0041201250133426,2.72629642608566e-08,2.10380950305861e-05,4
"19969",0.00530031015984231,0.00548354822940063,1.0479289319742e-06,8.4609728786491e-06,0.0108082753836898,6.86311347216265e-05,0.978329726190535,7
"19972",0.0489936753726361,9.35597421686768e-05,1.52060350049557e-06,4.37159511016174e-06,0.201299990470045,0.0672782172271988,0.682328664989341,7
"19974",2.11040529450785e-05,2.5818916656061e-06,7.74488653934436e-09,5.13655382963593e-09,0.0518557593711699,0.835987205637125,0.112133336165654,6
"19976",0.33072544048236,0.00305659090139079,9.00484819014531e-06,0.000204822102922309,0.000273921783102484,0.0470280065168319,0.618702213365202,7
"19978",0.976128114601829,0.000165272109733423,6.34426640073618e-07,0.00644195526871284,0.000163665150323551,7.19077775088023e-05,0.0170284506652528,1
"19980",0.000128787492347596,2.57473224894608e-05,5.08974955449778e-07,6.40307945185042e-08,4.14428273610896e-05,0.126288598454909,0.873514850897143,7
"19982",0.000288986624380947,0.00107366147086004,1.11783890889009e-05,8.0723741383782e-06,1.4031178715047e-05,0.830961782272684,0.167642287690132,6
"19984",7.19831321643089e-06,1.15431466867731e-06,2.51162880725115e-08,6.01703745255418e-07,2.74717319825191e-06,0.99976398302437,0.000224290354512808,6
"19986",0.0455451192613324,0.00410325876980536,8.88542980722182e-05,0.950262426255028,1.79300046884967e-07,1.70445987013137e-09,1.60411255490147e-07,4
"19988",0.00365577484968091,0.000185791536725819,5.06826968668491e-05,0.996107744673147,2.09520885394463e-09,3.59054822209411e-10,3.78931602974028e-09,4
"19992",0.00336638454405032,0.00484903493840656,4.47269940971294e-05,0.99173968044999,1.6845283000242e-09,4.02743338474988e-08,1.31114594343357e-07,4
"19994",0.026683915085004,0.000572513240066151,2.49292737458658e-05,9.26381176187987e-06,4.3161926211259e-05,2.31512543979697e-05,0.972643065408813,7
"19996",0.0284351662827844,0.000264449580713475,1.18632292915794e-05,0.971287950851545,2.88280302310155e-09,4.59443209181544e-08,5.21228541715596e-07,4
"19998",0.0163912985991781,0.509892981642109,2.78025130891916e-05,0.00316744073332098,0.374576531208859,0.00536891456035853,0.0905750307430857,2
"20000",0.000161880384878788,0.218267232604833,0.00807982041474989,1.86203637662109e-06,0.00308214329191219,0.00023477406225157,0.770172287204998,7
"20003",0.0933077240218773,0.0103652099023533,0.000153678420857198,0.000140970339130033,0.000791756874434966,1.41829484327231e-06,0.895239242146504,7
"20005",0.000244185315647873,2.09009426931488e-05,7.22254102600961e-08,2.1242054348388e-08,0.00211904031282824,0.0220427198391294,0.975573060122237,7
"20007",0.714186027015848,0.215429232772177,0.000650936111488902,0.0214561667300991,8.77255455996573e-06,0.000383280104651661,0.0478855847111753,1
"20009",0.287100392471754,0.0010998418634997,0.00045181561103216,0.71062680653987,0.000257614616646963,0.000335342518993075,0.000128186378204059,4
"20011",0.222677156876228,0.00097976430313048,5.06205175247803e-06,4.89442498475395e-05,0.0394592094935622,0.0100344537780661,0.726795409247414,7
"20013",0.00345806352143609,0.0144865865807641,6.22627691977047e-06,9.62940619512614e-06,1.46403645577623e-05,0.0887130622300732,0.893311791620054,7
"20016",0.0750942942745794,0.00358864684325952,0.00226845225791997,0.919040944137288,3.76086773918255e-07,6.06326332209956e-06,1.22313685695804e-06,4
"20018",2.233636678471e-05,1.23008293984314e-05,0.94129871017048,0.058666646383603,4.47281701459302e-09,6.61843122275787e-10,1.11507397932461e-09,3
"20021",0.873837210644137,0.000384247367477469,0.000165256106451555,0.123853612870388,3.94519437644505e-06,3.80297222777868e-08,0.00175568978744663,1
"20023",0.892041409443746,0.0378059505571683,0.000450547385049169,0.0583894115726267,8.62005634895707e-06,4.38904189365932e-05,0.0112601705661242,1
"20025",0.0165654114474918,0.000371296221587261,0.301734655079396,0.681326231230915,3.45140664701325e-07,3.0072185974119e-08,2.03080775876287e-06,4
"20027",0.00225455329633465,0.013989785990739,1.22289688302106e-06,1.48757477897816e-06,0.402866399425479,1.36880580192724e-05,0.580872862757766,7
"20029",0.000390945182020028,0.000497367627566516,3.16614440556887e-08,2.87110266484013e-07,0.0108267865863839,0.00811552235845459,0.980169059473864,7
"20032",0.00305964075568643,0.000472778656150946,4.00465643401084e-06,1.10262198274278e-06,0.00677655290550778,9.57054499892577e-06,0.989676349859239,7
"20034",2.78387959434606e-05,2.87749556101477e-07,2.69176727219488e-09,7.44827569803234e-08,0.999905677066643,1.38795110114478e-07,6.59804182231068e-05,5
"20036",0.000274293487818597,0.965775907951634,1.80518620375143e-05,0.000419142024962561,0.000139434399309328,0.0115066243897181,0.02186654588452,2
"20038",0.0969530046007857,0.194992016823349,0.00288952756930525,0.705126062919447,1.61126799345625e-07,1.37229321996593e-09,3.92255880208996e-05,4
"20040",0.12170285654086,4.28288635964416e-05,0.00953287176129234,0.868650243629026,6.77589568121888e-05,3.01586140430527e-06,4.24387009564289e-07,4
"20043",0.0676480798747814,0.00700814222753216,0.000271918753045589,0.92449425899142,5.44304476659081e-08,2.65633493531404e-07,0.000577280089279453,4
"20045",0.00282873716508154,2.03307477486626e-05,0.000845007570518483,0.996305901097336,1.88553410479299e-10,1.70841735168243e-08,6.14658848167664e-09,4
"20048",1.26174888012104e-07,8.79985739174671e-08,2.60646961752882e-08,1.02705401677779e-08,2.31864178113818e-07,0.999973693043251,2.5824583872685e-05,6
"20051",0.110395395294602,0.110581699273067,0.0136867521126276,0.129504042552987,9.31086226197422e-07,0.0116898635265684,0.624141316153922,7
"20053",0.955222497343824,0.000865407868826041,1.58498490669556e-05,0.0428312594659001,2.27487149232643e-05,6.59057853162216e-05,0.000976330972143448,1
"20055",0.0486824294839379,0.885290317096808,0.0182828467374843,0.0453933913110415,9.28128900967165e-06,7.05819520637166e-09,0.00234172702352286,2
"20057",1.47473209455528e-07,9.54321786119529e-07,0.999605636663048,4.3429233123617e-08,1.32280060355682e-05,0.000340206131355398,3.97839753321307e-05,3
"20059",0.966880662593661,0.000508326994663747,0.000705069420915392,0.0311718890135261,8.23170899439976e-05,5.20320739658703e-06,0.000646531679893243,1
"20061",0.980229404183409,0.00208558995297897,4.63298636671929e-05,0.0119225254712639,5.69087096900238e-05,2.16810654796478e-05,0.00563756075351163,1
"20063",7.7263981365037e-05,0.000184253239882152,7.4202668883583e-05,0.0148354124953218,0.000295925063104967,0.984528181428582,4.76112286059121e-06,6
"20065",0.0023700330549087,0.000517130223570746,0.794031038978045,0.203081397691973,1.32067169895645e-09,2.74795684558568e-11,3.98703350603974e-07,3
"20067",0.0672932301293108,0.00129622496471381,0.00583416581572494,0.925357832743448,2.68546521114088e-09,0.000177857369471014,4.06862918658364e-05,4
"20069",0.000135763750488532,4.90209052648987e-05,1.02328302155189e-06,1.57779926223036e-07,1.57757529451542e-05,0.355930820933538,0.643867437594816,7
"20071",0.0036491068348595,0.994125312692088,1.54352571110554e-05,0.000245975551721258,0.0010740208222031,1.3959510851298e-05,0.00087618933116546,2
"20073",0.00616171172788452,3.46375346279677e-06,4.32444620039979e-07,1.59338565862489e-05,0.000456096109728376,0.895571812150034,0.0977905499576835,6
"20075",4.31431830305762e-07,0.000547103171701249,0.999390332392092,1.08417553365952e-06,2.05073769658918e-08,2.5257683040403e-07,6.0775744635807e-05,3
"20077",0.116041834264659,0.680946618995827,1.13072403390544e-05,0.201281759927918,3.4746496370133e-06,0.000251625066306404,0.00146337985531476,2
"20079",0.00773939732457337,0.00973755622532754,0.000455710712828929,0.110324162411325,1.89587671412528e-05,0.832253354602503,0.0394708599563008,6
"20081",0.345041919737731,0.0573326479389142,0.167864962084212,0.427864990795461,2.25886065838967e-08,5.07298138300898e-06,0.0018903838736934,4
"20083",0.000134535681245559,0.154647763143703,0.000116334297950144,0.000777283270374392,0.00123741238821408,0.839402576122665,0.00368409509584753,6
"20085",0.00175381035792647,0.000264728083025731,0.00022264616807451,0.997758807893859,5.47589345172606e-10,6.12887956419996e-11,6.88823585866624e-09,4
"20088",0.0949149150587119,0.00352486082462106,0.000418031621962769,0.901088418232638,1.76391993122913e-08,6.31981565143754e-08,5.36934247105064e-05,4
"20091",0.000376571994460511,0.000109025390791164,0.999322991731581,0.000181927574017596,4.18841528998715e-10,7.58992054143512e-07,8.72389825467192e-06,3
"20095",0.164765099977566,0.000491525734157078,0.00010340171579933,0.00304481580849314,0.029085416618173,0.799483546448822,0.00302619369698947,6
"20097",0.00145378443654382,0.000953941405726435,0.00097791183304399,0.996614347711743,2.50790831447295e-10,8.72762709965536e-11,1.4274875475985e-08,4
"20099",0.747840889249598,8.20740813859657e-05,7.00535021109007e-07,0.167790582399427,0.0812059087888898,0.00274481385575789,0.000335031089919665,1
"20102",0.000443327331580598,0.000101266601406371,0.0467118659655655,0.0001312405763374,1.66713683586188e-07,0.95192464594609,0.000687486865337161,6
"20105",0.200343223675995,0.000887677898445451,0.000150210680859098,0.796686247958474,1.91649829603051e-07,0.000427848897256151,0.00150459923914158,4
"20107",0.40561279893271,0.0727054887695479,4.77148761647196e-05,0.521576011696545,7.2558672196787e-07,3.68748982042828e-07,5.68913893284246e-05,4
"20109",0.762199415021872,9.01324761959451e-06,5.04820636091301e-06,0.0704092789151435,0.000453926222081814,0.160726688982541,0.0061966294043807,1
"20111",0.000397491126205483,3.88600087325589e-05,0.642119743098701,1.70490107106734e-06,2.4068308791077e-05,0.00424915283994068,0.353168979716559,3
"20113",0.189723571955672,0.759015257246295,1.55605340651069e-05,0.0471355230390035,0.0035329384249834,1.96571694750774e-07,0.000576952228287054,2
"20115",0.00343065759328723,1.75257671056974e-05,0.000219775359472669,5.21605182237559e-07,0.00504980271870777,0.000201432952439197,0.991080284003805,7
"20117",0.0529458704355261,0.015877079245234,0.608626675210899,0.0314229048695229,0.29093124092924,2.67866468085511e-06,0.000193550644897467,3
"20119",0.149635957782284,0.0482778447753338,1.04748577149654e-05,0.783527073037018,0.0185255864062697,1.23486417872014e-08,2.30507927375615e-05,4
"20121",0.129844741152958,0.0435717084180076,0.000127242306876272,0.826451347812323,2.93603021820066e-07,9.42742273722718e-09,4.65727939117649e-06,4
"20123",3.86983135107186e-05,0.000595863171076375,0.998945008208082,0.00041823032439662,1.18371938579494e-09,2.38804679672001e-09,2.19641116856454e-06,3
"20125",0.00122766082099787,0.000908774048087061,6.49667101822961e-06,1.29155857424524e-06,8.64255307466935e-06,0.0635215521749948,0.934325582173253,7
"20127",0.00350974814021232,1.93655337538904e-05,2.19442516476774e-05,0.996448483475887,4.84582782636667e-09,2.51158806910718e-07,2.02593864384477e-07,4
"20140",0.00318667097644135,0.99026998652153,0.00470036454137944,0.00119994606007311,1.79344017477293e-05,1.52079384463885e-08,0.000625082290890258,2
"20142",2.65982559470376e-06,5.879550415689e-06,1.45253738444298e-07,2.08765832185685e-08,1.07709473545687e-06,0.994567601778347,0.00542261562058584,6
"20144",0.000513722436515319,0.0181191832245826,0.00392843961453215,9.00337273724791e-07,4.55947738008868e-05,0.00431884949052455,0.973073310122771,7
"20146",0.00221807456835387,0.370775537275995,0.000690166882054066,0.000300974058028507,3.18425066714789e-05,0.326479265412776,0.29950413929612,2
"20148",0.0170291612732332,0.0371834929369865,3.66460411957343e-05,0.000302577305816517,1.5889466804401e-05,0.000128534841750057,0.945303698134214,7
"20150",4.98156523234701e-05,7.71865817545593e-06,4.43743297956523e-08,1.12376244456114e-08,0.00330927902545331,0.318080517171233,0.678552613880861,7
"20152",0.103314975365806,0.0415105499893087,7.01463799923466e-05,0.00154832279831597,8.54403851755098e-05,0.000102079133157368,0.853368485948244,7
"20154",0.000213168419913355,0.000267111680053113,0.918174013917602,0.081340402570094,9.33428618030762e-11,3.52760620532612e-06,1.77571278999291e-06,3
"20156",0.468722658536587,0.456694657446,0.00310048178628123,0.02360504840439,5.17927427723565e-05,0.0341363981927884,0.0136889628911813,1
"20159",0.00011418783622671,0.000135281307970265,1.9988259943532e-06,1.76778714867052e-07,9.5651240795146e-06,0.471000904980029,0.528737885146985,7
"20161",0.000136009048315329,0.00133473146881645,8.37494720402077e-06,2.79336946669916e-05,5.88454467286535e-05,0.994466480946116,0.00396762444815218,6
"20163",0.135879181210943,0.00158167477233365,0.000961500153037057,0.00320204315362943,0.00101677486168886,2.62912517792481e-06,0.85735619672319,7
"20165",0.00131740881361361,4.02937050647491e-06,4.71406098365452e-06,0.00197634818285004,4.81316827092152e-07,0.996434775434742,0.000262242820476863,6
"20167",0.0215355262170173,0.000487681000782116,2.27740092372398e-06,8.3830247494856e-05,1.09390893337274e-05,0.00540801150528175,0.972471734539167,7
"20169",2.5536310883589e-07,3.64768951802197e-07,3.35812722746835e-08,8.68432222289e-09,2.9472959382404e-07,0.999856256331777,0.000142786540974552,6
"20171",2.7799397377632e-05,0.000210133882097643,0.966973444011825,0.0327831378734035,5.03316479451854e-11,5.40141109344387e-06,8.33738715658404e-08,3
"20173",0.0168908753090671,2.6596336243636e-05,4.32307603554954e-06,0.0225878291777006,0.688970974486114,0.271126368616694,0.000393032998144237,5
"20175",0.0458744871762457,0.00261668532006225,8.59665112737626e-06,1.17694104125886e-05,0.000322424455205558,0.00705666367087622,0.94410937331607,7
"20177",0.503382270338924,0.000700411782926433,2.09535278603292e-06,0.094218473011494,0.400936482111203,0.000110982944156391,0.000649284458509571,1
"20180",0.108028703766034,0.00346014580593289,0.00113007651405595,0.887375976450061,2.40851044723475e-06,2.94112587966018e-11,2.68892405791119e-06,4
"20182",4.87575528469015e-08,4.80690029315393e-08,1.07052419633846e-05,7.8421667379415e-10,0.00253440391934674,0.99725671970392,0.000198073523997727,6
"20184",0.000286812897450652,0.000183265452567557,4.77197406618026e-07,1.90926469164519e-06,5.36421051911043e-06,0.966280692089373,0.0332414788879911,6
"20187",0.00555803018904616,0.00421550830199849,8.47878738133502e-08,0.000227846975628531,0.988426282630025,0.00106600795652214,0.000506239158906082,5
"20189",0.965290900034411,0.000151617679874575,7.91629907259949e-07,0.0262525885589416,0.00358105923685397,1.45200460936634e-06,0.00472159085540232,1
"20192",0.367753957870692,0.000163544350495906,0.192030618734113,0.422476839460178,0.0163436565011896,1.99291951110031e-06,0.00122939016382091,4
"20194",4.0208154721479e-05,0.135543329571277,3.18961852244469e-07,5.45631329345529e-06,0.142587336904226,0.669000110936978,0.0528232391576508,6
"20196",0.0143138404651656,0.00124310996799076,0.0870695347828759,0.897366806350391,1.36962640909428e-08,5.32285403167422e-08,6.64150877244813e-06,4
"20198",0.5171621747136,0.163525870387759,0.00285437682220424,0.0194856184665051,0.000314779159805421,0.000468073250187234,0.29618910719994,1
"20204",0.000235662594667144,1.54328621752071e-05,3.91151300747132e-06,1.88025272865807e-07,1.82899595179117e-05,0.328324463998378,0.671402051046982,7
"20207",0.014501858480592,0.0112648983907762,0.0323230942330609,0.941873263184934,1.22023016699594e-09,1.71934075971143e-05,1.96910828089108e-05,4
"20209",0.00587384624019012,0.033491403904772,0.0770948248038382,1.03042887127663e-05,0.082439547909742,2.37785289992712e-06,0.801087694999845,7
"20211",3.26481093908068e-05,0.00128356185287894,0.99831930161667,0.000357643436670175,2.51158213231013e-11,2.57655553815826e-08,6.81919371936412e-06,3
"20215",0.00892715067082925,0.812897906683067,4.56319320526104e-05,0.177330616410457,9.01392330612121e-07,6.08427691121509e-06,0.000791708634351993,2
"20218",9.48608684465462e-06,3.18756885206027e-06,2.04615533143379e-07,3.34910651397293e-08,1.64474370978068e-06,0.976006487316438,0.023978956177557,6
"20222",0.0168569600378088,0.0205361491146919,0.0229287672168252,0.938059785134977,1.40502378377903e-08,3.56955285976434e-05,0.00158262891686118,4
"20225",0.000164232046165195,0.0332763763537724,0.000143275199337648,4.39768622998298e-06,0.000236559017929089,0.0141741637304288,0.952000995966137,7
"20229",4.06650473409625e-05,0.998287773186302,0.000203941643186189,2.52698525666561e-05,6.85274856756549e-06,4.22268357560496e-06,0.00143127483846154,2
"20232",0.418650188866713,0.543219923759621,0.00371824439534175,0.02781842159253,8.62061884518224e-06,4.4361935701056e-06,0.0065801645733792,2
"20234",0.00246778196900123,5.51574105713465e-06,0.0230546078778373,0.974471977059945,1.12039935125826e-07,9.55909789653182e-11,5.21663356901729e-09,4
"20238",0.443445176684331,0.0090869419665275,0.000760527477882663,0.546647140433289,4.17214856592566e-07,8.22955561316293e-06,5.15666675001622e-05,4
"20253",0.00317617165381695,0.350314375789576,3.46347357584838e-05,0.646469338377186,1.81668482628523e-07,2.97124090141984e-07,5.00065108942486e-06,4
"20255",0.00210123912078321,0.00236503890309562,0.000193244845629026,2.59458976872636e-06,2.29340871342219e-06,0.000110439881935968,0.995225149250074,7
"20258",0.241367130563926,4.0803309643062e-05,2.31744674304834e-05,0.758553123130634,5.02085535075876e-07,1.86110435457999e-08,1.52478317880294e-05,4
"20269",0.887593394250301,1.22116209125155e-05,2.73448905959533e-05,0.087122610469858,1.28060605477174e-05,0.0186147805855792,0.00661685212220536,1
"20271",0.449991681083885,0.000123312552717185,5.53840182832484e-06,0.542384080027255,0.00745218642859694,7.8947037855071e-08,4.31225586795099e-05,4
"20285",0.00302666630703824,0.00997758319676406,1.84349879752464e-06,0.000259681478789561,0.970523676234454,0.000633467955947026,0.0155770813282095,5
"20288",0.0930925987514411,0.799116283302992,0.000228491250411757,0.106036429092709,1.57131844361448e-06,2.5878410169928e-05,0.00149874787383219,2
"20291",0.368636749916543,0.00362033149679107,0.34247083255965,0.285250371128845,1.58912153149791e-07,1.67609359454489e-06,1.98798924231153e-05,1
"20295",0.897703041097942,6.07876092396755e-06,3.92882367877828e-05,0.0375956081253076,0.048633279913773,0.00428047328620527,0.0117422305790599,1
"20298",0.000223263392478844,0.0002414068500235,7.14237811650462e-07,1.039269387451e-07,4.60551481456616e-05,0.0012787695087772,0.998209686935824,7
"20302",0.00847017508898524,4.89483657311072e-05,2.49315885596758e-06,1.65043704761512e-05,0.00229007042500251,0.606175339493366,0.382996469097583,6
"20305",0.000261818262433872,5.8511388657946e-05,2.94910661030775e-07,6.98693947035976e-08,0.00134069950591021,0.00016981136021019,0.998168794702732,7
"20307",0.0829954422350622,0.000713856970467463,0.000143244947930723,0.91614632853733,3.90527111857613e-09,1.20740420814335e-08,1.11132989669997e-06,4
"20310",0.00143400542513933,1.63097358019908e-05,0.000117678704899521,0.998431985929404,1.49560761261249e-08,1.79284662276301e-09,3.45583213798017e-09,4
"20313",2.67274968894901e-07,9.06060846031648e-08,3.06746553499858e-09,1.25157324951034e-09,1.17344830361575e-05,0.999351493499194,0.000636409817677869,6
"20315",0.354067023554154,0.0105512388030604,3.8347786357465e-05,0.635255655170491,8.22925684387937e-06,2.43922059555697e-07,7.92615070336386e-05,4
"20319",0.00188098786762231,0.0125804461750279,0.278221946398346,0.707301272587552,2.6848146837073e-08,3.22289532765839e-08,1.52878943517657e-05,4
"20321",0.0120324205390715,0.00216029552290702,5.97813007315766e-06,0.985795809126065,1.57972787629965e-07,2.0329079018621e-06,3.30580119370472e-06,4
"20327",0.404724587179321,1.90665564843621e-05,2.84873776306675e-06,0.595239233042489,1.08287707280078e-05,6.99755276496248e-08,3.36573768640006e-06,4
"20329",1.9548493820416e-06,2.71400537463937e-06,1.05976016076496e-10,8.36323914907369e-09,0.999916281574192,3.07799731019703e-05,4.82611287344064e-05,5
"20335",0.0156822720892762,0.000199479229411292,0.0481901106509738,0.935927088972379,1.13415520743354e-10,3.41487692245289e-07,7.07456851748154e-07,4
"20337",0.000227210280382685,5.41962551800533e-05,2.12202541370824e-06,2.13038979432754e-07,8.92053241211234e-06,0.126074954154193,0.873632383713439,7
"20339",0.000446445548546027,0.403134611224583,0.592293307488076,0.00158674221943137,0.000185238535596871,9.85248479659502e-07,0.002352669735287,3
"20341",0.00126025149167789,0.00184572447077984,0.981354167623288,0.015143625702562,2.44784630700198e-09,0.000391711587872067,4.51667597361983e-06,3
"20343",0.00264596668684485,0.000121641348449159,0.000949705932949495,0.996265975308157,6.67403801494029e-09,1.63189741417379e-05,3.85075419288875e-07,4
"20345",0.0799053041284665,0.0137666692337796,2.25775980886944e-05,6.5928897939109e-05,0.0331285215205878,3.18406232003207e-06,0.873107814558818,7
"20350",0.00113921231537836,0.987318346572575,0.00361640201563107,0.0055927448781171,0.000155397861193528,0.000889501373388809,0.00128839498371611,2
"20352",1.29056218622768e-06,1.45212722578451e-07,4.60465385594975e-08,5.78120074853798e-08,2.53440095802261e-07,0.999652224316272,0.000345982610177441,6
"20355",0.00256250401778103,0.000393456996097832,5.96112053211749e-05,0.000153706966658749,6.60651861482821e-05,0.98293009720242,0.0138345584255724,6
"20358",1.4615503411585e-05,2.01843447172672e-05,4.47884825116013e-09,2.30829073217657e-07,0.974125003314427,0.00598618007195136,0.0198537814575713,5
"20363",0.0389831477047768,0.00381817673978313,1.05253902077979e-05,0.957157388100393,7.236648215474e-08,2.23258425652295e-06,2.84571141006268e-05,4
"20365",0.153719188206555,0.104541755868861,0.624576746275728,0.107605602901634,1.5831222121537e-07,6.79943874583924e-07,0.00955586849112519,3
"20379",0.0140752560547125,0.000301118108507829,0.000481606788290278,1.54265589299569e-06,0.000266328504561254,0.000521987308879033,0.984352160579156,7
"20387",0.404705196649019,0.000212622949937119,0.00105564371753944,0.593935970187831,2.79130900843559e-08,9.56774191652904e-08,9.04429051644657e-05,4
"20392",5.69234074466108e-05,0.000136980527841505,0.998581605046898,0.00122270390756993,2.72896902588281e-11,1.3110517749349e-09,1.78577190213417e-06,3
"20395",0.0441393740039441,0.37230193335795,7.82297117893479e-05,0.00045342632633189,2.68501224714172e-05,0.000628558985090843,0.582371627492422,7
"20397",1.18461529605877e-07,7.00161016894827e-08,5.02641547080825e-10,1.33359283833787e-09,0.997434233144286,0.00254561445340294,1.99620884453686e-05,5
"20410",0.881747463490832,0.000746813585217134,0.000194649623185885,0.116216331887309,0.000100019447591723,4.19777359382393e-09,0.000994717768090862,1
"20414",0.00445061986288836,1.49685285347047e-05,2.27322288779353e-06,1.70476311756437e-05,6.24844769863649e-05,0.156416237201322,0.839036369076205,7
"20417",5.19722018404588e-05,0.000113974404466338,0.365665575101024,0.634161781328263,6.69101087346293e-06,1.79009669617736e-09,4.16343550709568e-09,4
"20419",0.0671084108838869,8.44988589021632e-05,1.91039974564521e-07,0.932801449298095,3.89562911215096e-06,3.45078057328359e-07,1.20921197138059e-06,4
"20421",0.0258877194282089,0.000574189981131953,0.0151656111299263,6.21983349146495e-05,4.42933191667601e-06,0.736589676075006,0.221716175718896,6
"20423",0.00250266187927568,0.000115072167638939,5.05425753038015e-05,1.64698064026223e-06,5.51010109430846e-06,0.271591070868766,0.725733495427281,7
"20425",0.000330665061899154,0.0261727619691086,0.000104544019457598,2.13847088691894e-05,1.65838812436712e-06,0.589368031843112,0.384000954009429,6
"20427",0.288159408450704,0.00600669109525663,1.22897416972272e-05,0.00147409054146493,4.88391731628685e-05,0.000136149459626467,0.704162531538088,7
"20429",0.152056613120627,0.0183738118856223,0.00159788058719859,0.827681437452363,5.2484689478505e-05,0.0002247529334954,1.30193312156264e-05,4
"20432",0.00017411815671949,8.43384886334348e-06,9.09831619618274e-08,7.65184094056199e-07,0.000516178844640169,0.704120594826436,0.295179818156085,6
"20435",0.870619804883971,0.0568769180426878,0.00830895220979707,0.0418396792758731,5.34936658482026e-05,1.92516639531297e-06,0.0222992267554281,1
"20438",0.027651404104309,0.0303775838734447,1.46063176095582e-06,0.941728283560521,1.56918055901583e-05,0.000197281127667473,2.82948967068258e-05,4
"20440",0.288553896106391,1.57899828790704e-05,8.69919373945777e-06,0.711393447215509,5.03940698031363e-06,7.34904757566807e-06,1.57790469252788e-05,4
"20443",5.13973453528168e-05,0.000504241700216692,3.34736307420261e-06,5.3763395847355e-06,1.37508538178496e-06,0.999091359877805,0.000342902288584777,6
"20446",0.490252654390797,0.00867239954866159,0.00100188785236097,0.142197349264944,0.00186320886227231,0.00294902967335114,0.353063470407614,1
"20449",0.196948795176555,0.771291649465357,0.00160546513930698,0.0196472869418196,1.982988499193e-05,2.82412858904431e-06,0.010484149263381,2
"20537",0.49349945184503,0.000420195272141054,0.356056441724692,0.148525164975121,4.48709130253267e-07,8.57021641871646e-05,0.00141259530969802,1
"20540",0.000614566013345586,4.11959134505009e-06,0.997875461200425,0.00150546979653172,5.20625901489788e-10,5.59253479659431e-10,3.82318473471598e-07,3
"20543",0.832829822879034,0.000701555613508853,0.000174673329268794,0.00197593626051015,1.05589350829505e-05,0.000813726078304283,0.16349372690429,1
"20545",2.8317681598585e-05,2.87281304263197e-05,0.999611838375244,0.000326519568942136,1.03341784559378e-11,6.58018810065054e-08,4.53043157355675e-06,3
"20549",0.341668134508906,0.00192497306635414,0.00292513640354812,0.001172956164986,8.00636560081863e-07,0.00922180071078561,0.64308619850886,7
"20551",0.694447739461795,0.0701920438741715,0.000737309387597922,0.229129916503709,9.9800298289323e-08,8.15892417883547e-05,0.00541130173063999,1
"20554",0.903425271066247,1.94089963748743e-05,2.75907919871064e-05,0.0961096571192346,1.27326824242929e-06,1.88511050263203e-06,0.000414913647411218,1
"20556",0.00652827172205292,0.959761354922172,0.00568173877857939,0.00235995822742175,1.19767545887188e-07,8.64879696689187e-05,0.0255820686125592,2
"20558",0.0739373959195083,0.000197327130802251,4.18099762060011e-05,0.925819191937662,6.76977420077344e-09,6.49929296517005e-08,4.20327311778071e-06,4
"20560",0.467343962285763,0.0109182538296578,2.91314940678901e-05,0.510216662438019,6.56311140670151e-07,0.00446417393008581,0.00702715971126659,4
"20563",0.012820677789141,7.12584660233949e-06,2.98769028363483e-05,0.987141993890224,1.1331634809838e-08,1.05243309702362e-07,2.08996252109901e-07,4
"20565",0.110478419569709,0.185436272972801,0.000351606050050283,0.62391059040036,3.29363037996686e-06,0.0245797581643001,0.0552400592123994,4
"20567",0.000287959667096626,0.000262856976732828,3.33571929873674e-07,7.2221992069587e-07,0.000162490143024679,0.901595451865963,0.0976901855553323,6
"20571",0.000174180749415588,0.937031645798596,0.000121394106635474,0.0626623041743328,7.23484436235664e-06,6.47261221632035e-07,2.593065436293e-06,2
"20573",0.843041971204425,0.082170716104505,0.00129668090117113,0.06811103273421,5.18009281673856e-07,0.000270531470824162,0.00510854957558281,1
"20575",0.082511011139302,0.000138906522460646,2.59907241289878e-05,0.917322860301237,3.58106042295236e-07,4.27519456240248e-08,8.30454883825716e-07,4
"20577",0.0561596691411807,0.789210845921331,0.000272645093349154,0.00252832338038308,0.000151787120585172,1.75279114654666e-05,0.151659201431706,2
"20579",4.95817348835129e-06,2.27351244081432e-06,1.86911021449987e-09,1.38883363175127e-08,0.136972653484463,0.862240731039615,0.000779368032547143,6
"20582",0.00425023697346526,7.23380958639919e-05,7.60680344612581e-06,0.995669655615525,5.6630839226398e-09,2.98035588813641e-09,1.53868259605944e-07,4
"20585",0.0120181214558579,0.0239770017908147,0.931048773914784,0.0287553049868747,8.08582369032250e-09,3.75079139468474e-07,0.00420041468670544,3
"20588",0.00425884010102517,0.0508322996000856,0.94234691881882,0.000490843821127578,4.3798075685932e-07,7.94128929322162e-05,0.00199124678525213,3
"20590",2.29610044821849e-06,1.01122344949126e-06,1.18682879963583e-09,2.55218170006112e-09,0.00177753888127435,0.993501830254306,0.00471731980151118,6
"20592",0.00679935882666321,0.000141849569598688,5.48232557049537e-06,0.993053049264879,2.32371202466777e-09,1.85704705137207e-07,7.19848714175558e-08,4
"20594",0.0162088511679031,5.10754363785653e-05,4.84882436353538e-05,0.983691033353244,8.24721763658651e-08,5.89140537918412e-10,4.68737521857415e-07,4
"20596",0.914119623509457,0.000466819507007027,5.86326131079548e-07,0.0839161107312357,0.000547255965904336,0.000130321717052161,0.000819282243212381,1
"20598",0.757128762210824,0.00233887177159059,3.63931125730607e-05,0.238272937298922,1.43689980055245e-06,2.16700028057048e-06,0.00221943170600977,1
"20600",0.0259895038779358,0.691675716512904,0.247641972254129,0.00256826472749731,9.39397977197332e-08,0.000396194707081733,0.0317282539806542,2
"20603",0.00362585757280256,0.00841518487345375,0.00138504054353681,5.56496675738652e-06,1.44996745422426e-05,0.00169076289716608,0.984863089471741,7
"20605",0.459968019115772,0.0301335781727456,0.000176124074386681,0.509688729934782,3.40152757827403e-06,7.63112951873178e-09,3.01395436062571e-05,4
"20607",0.337519565275562,0.0452555555940123,2.68537543371832e-06,0.617018139717014,2.37310252150578e-05,2.34117994957458e-07,0.000180088894768852,4
"20609",0.873800896214893,8.43117208793161e-05,3.21668488722291e-05,0.123209665967823,3.9996227527695e-06,6.12362323295738e-06,0.00286283600154664,1
"20611",0.000406069123444495,0.000442599070632279,3.75098619628759e-07,1.06509138652548e-07,0.0100287426878634,6.28784591787973e-05,0.989059229051123,7
"20613",0.892724859582958,0.000438152609639464,0.000865207180255662,0.00720445533071225,1.96574173171588e-05,9.85647416263083e-07,0.098746682231701,1
"20615",0.0401656284104085,0.84164313897553,0.00943262229170152,0.0101142759542637,1.37570147884077e-07,0.000533484692349776,0.0981107121055983,2
"20617",1.46501380233694e-06,8.16224894276223e-07,6.27407940955736e-08,1.26984394934918e-08,5.69044228081835e-07,0.997817483358976,0.00217959091886548,6
"20619",0.00923333827338464,0.00518729970437204,2.18863900053694e-06,0.985575731424929,1.11078484045344e-07,8.46992145895226e-07,4.83887683483057e-07,4
