"","V1","V2","V3","best$classification"
"19812",0.301741756996111,0.690864982767721,0.00739326023616822,2
"19814",0.0127766859377187,0.987078597390077,0.00014471667220386,2
"19816",0.987109710289642,0.0128588856139886,3.14040963695598e-05,1
"19818",0.0956812761830565,0.904127322625618,0.000191401191325808,2
"19820",0.999729930437629,8.47627742636547e-06,0.000261593284944397,1
"19822",0.931978336930165,0.000203649124737597,0.0678180139450976,1
"19824",0.984398281789154,0.0153573386680026,0.000244379542843559,1
"19826",0.184948535860971,0.81490030464079,0.000151159498239344,2
"19828",0.997193452343769,0.00196007546207774,0.00084647219415348,1
"19830",0.00448647869369795,0.992464113734252,0.00304940757204985,2
"19832",0.337455358075471,0.0757706437017183,0.586773998222811,3
"19834",0.918357511478657,0.0637755913195429,0.0178668972017997,1
"19836",0.721203445438825,0.27781918837821,0.000977366182965385,1
"19838",0.00102669560061197,0.998436554003157,0.000536750396230946,2
"19840",0.909119530711156,0.0907284846213112,0.000151984667533111,1
"19842",0.000957889924426623,0.999018186931002,2.39231445710794e-05,2
"19844",0.0113274246243749,0.98850726446462,0.000165310911005371,2
"19846",5.54854517822257e-05,0.999943489688908,1.02485930947606e-06,2
"19848",0.000114504106057459,0.999881227972181,4.26792176186404e-06,2
"19850",0.000772537282379347,0.999209218420254,1.82442973664763e-05,2
"19852",0.789186483015284,0.210195534402668,0.000617982582047197,1
"19854",0.000200591547875746,0.999784461251269,1.49472008547509e-05,2
"19856",0.01044542534941,0.989260068747483,0.000294505903106545,2
"19858",0.329979878368733,0.665875784492993,0.00414433713827387,2
"19860",0.695300412876736,0.304095913799933,0.000603673323331472,1
"19862",5.43163118778413e-05,0.999943867303189,1.81638493273242e-06,2
"19864",0.245364184280751,0.752679291366332,0.00195652435291748,2
"19866",0.992377677884287,0.00754132176739467,8.10003483183392e-05,1
"19868",0.000134536145899465,0.00147573322738977,0.998389730626711,3
"19870",0.00196211165024361,0.998018291692276,1.9596657480476e-05,2
"19873",0.085973831598444,0.913965769801688,6.03985998679368e-05,2
"19875",0.997035376002003,0.00205569913674261,0.000908924861254748,1
"19877",0.0203109254107424,0.97951446794773,0.000174606641527414,2
"19879",0.419049411854551,0.578236479065565,0.00271410907988417,2
"19881",0.0356998611392797,0.964234939449617,6.51994111034605e-05,2
"19883",0.0260952727042212,0.973885589951897,1.91373438815652e-05,2
"19899",0.746535451838432,0.238536045242529,0.0149285029190399,1
"19908",0.610681709934329,0.230072897273481,0.15924539279219,1
"19910",0.568684797740121,0.431031386584669,0.000283815675209819,1
"19912",0.00034151741768179,0.999648738266532,9.74431578668041e-06,2
"19914",0.447729021832906,0.54049942788164,0.0117715502854542,2
"19916",0.986527150442258,0.0131035902599204,0.000369259297821151,1
"19918",0.00110225676683056,0.998896284566614,1.45866655527526e-06,2
"19920",0.000298293163406981,0.999698740264037,2.96657255636618e-06,2
"19922",0.0656148446945169,0.166400257888825,0.767984897416658,3
"19924",0.0224794686410601,0.977469632148472,5.08992104678281e-05,2
"19926",0.886400246344838,0.085880739477799,0.0277190141773628,1
"19928",0.00872778235540862,0.990354871494228,0.000917346150363677,2
"19930",0.00911611713177723,0.990758904734068,0.000124978134154399,2
"19932",0.00052820514492861,0.999413987504961,5.78073501103012e-05,2
"19934",0.965365653544823,0.0307608835156252,0.00387346293955178,1
"19936",0.0852340076040138,0.911153694903372,0.0036122974926141,2
"19938",0.992650373525275,0.00238577655167588,0.00496384992304913,1
"19940",0.182846533471483,0.817097501980393,5.59645481240712e-05,2
"19942",0.0370130331732744,0.962780489734449,0.000206477092276818,2
"19944",0.876097969235676,0.123659925840679,0.000242104923645453,1
"19946",0.160133230196322,0.839616888380301,0.000249881423376758,2
"19948",0.0115792609599618,0.988396320541421,2.4418498617421e-05,2
"19950",0.000168386151137522,0.999795441432074,3.61724167887864e-05,2
"19952",0.0115792609599618,0.988396320541421,2.4418498617421e-05,2
"19954",0.00176263201170587,0.998204108129762,3.32598585323613e-05,2
"19956",0.000119285925258505,0.999487617107477,0.000393096967263925,2
"19958",0.00107965623948803,0.0199728796260765,0.978947464134435,3
"19962",0.178311911313809,0.818229921182702,0.00345816750348972,2
"19964",0.0658486090423616,0.934079227339687,7.21636179510856e-05,2
"19966",0.999279892962883,0.000492636525390648,0.00022747051172649,1
"19969",0.00623372800593855,0.993731481032843,3.47909612184045e-05,2
"19972",0.00160248674109167,0.998389877600805,7.63565810313681e-06,2
"19974",1.57879081145742e-05,0.999983853169431,3.58922454308056e-07,2
"19976",0.0297161597481541,0.970220379694199,6.34605576468104e-05,2
"19978",0.767675623749132,0.232286952851244,3.74233996243843e-05,1
"19980",7.99864630086706e-05,0.999912685334921,7.32820207015457e-06,2
"19982",0.00147467148672957,0.998344675017175,0.00018065349609574,2
"19984",0.00342813764462028,0.996522418982375,4.94433730052072e-05,2
"19986",0.999079476788835,2.2050834383672e-05,0.000898472376781637,1
"19988",0.998414279584365,4.65823291721562e-06,0.00158106218271795,1
"19992",0.998370064949471,5.2788956447224e-05,0.00157714609408163,1
"19994",0.0165809604757654,0.982936752067042,0.000482287457192448,2
"19996",0.999670631273724,7.34235551737369e-05,0.000255945171102176,1
"19998",0.128219603619757,0.871150176074083,0.000630220306160329,2
"20000",0.00148668660217099,0.958315479178771,0.0401978342190581,2
"20003",0.117258491617515,0.880018848433238,0.00272265994924768,2
"20005",5.82342809680857e-05,0.999940299756926,1.46596210564497e-06,2
"20007",0.77563407931104,0.219167601850453,0.00519831883850647,1
"20009",0.992124609124423,0.00621918544599047,0.00165620542958645,1
"20011",0.0118025174610341,0.988166960526116,3.0522012849532e-05,2
"20013",0.00251458625300445,0.997416807804441,6.86059425543328e-05,2
"20016",0.990518412359508,0.000277207977607971,0.00920437966288355,1
"20018",0.0237203643685922,1.05767179260891e-06,0.976278577959615,3
"20021",0.994259931274266,0.00485243398182188,0.000887634743912401,1
"20023",0.949202488381221,0.0482160902987962,0.00258142131998294,1
"20025",0.599541594115648,0.000150469552066844,0.400307936332285,1
"20027",0.00327839907594208,0.996667303696018,5.42972280403422e-05,2
"20029",0.000255042111132451,0.999743872089286,1.08579958145503e-06,2
"20032",0.00319874145036825,0.99668861492133,0.000112643628301765,2
"20034",0.0283974157519582,0.971524968264597,7.76159834447615e-05,2
"20036",0.0566344188115542,0.941066505222874,0.00229907596557186,2
"20038",0.990726373006091,0.000217239855516457,0.0090563871383926,1
"20040",0.978742811846216,0.000221020492002764,0.0210361676617811,1
"20043",0.995981087286784,0.00230007025332311,0.00171884245989328,1
"20045",0.986168456503959,1.18617063054153e-05,0.0138196817897355,1
"20048",0.000555934825316093,0.99925822132853,0.000185843846154043,2
"20051",0.460049581922606,0.511540910906607,0.0284095071707873,2
"20053",0.973895835485184,0.0258453673616815,0.000258797153134114,1
"20055",0.878876541009517,0.009224609628814,0.111898849361669,1
"20057",1.74473573728468e-05,0.00464343834472121,0.995339114297906,3
"20059",0.979209750198483,0.0161939896243356,0.004596260177181,1
"20061",0.91552771049397,0.0835783556820483,0.000893933823981644,1
"20063",0.696761624480006,0.262792020981524,0.0404463545384704,1
"20065",0.217592068145299,1.08951890982117e-05,0.782397036665603,3
"20067",0.979228165638738,0.00198995205510643,0.0187818823061556,1
"20069",0.000123336486666082,0.99986290710114,1.37564121940109e-05,2
"20071",0.557881999289343,0.43316916721135,0.00894883349930792,1
"20073",0.00366163386390915,0.996329340903539,9.02523255170569e-06,2
"20075",9.70897022710135e-05,0.0006731202199904,0.999229790077739,3
"20077",0.974756973674393,0.0249548483838149,0.000288177941791758,1
"20079",0.318391580248343,0.676615537656532,0.00499288209512467,2
"20081",0.861419269932472,0.00505210584949614,0.133528624218032,1
"20083",0.0489225947057004,0.94282537968462,0.00825202560967955,2
"20085",0.99437585314958,4.50264827716859e-06,0.00561964420214336,1
"20088",0.997492888659956,0.000466419695153085,0.00204069164489148,1
"20091",0.0075970672130338,0.000407355510747182,0.991995577276219,3
"20095",0.250389093537118,0.747816414724221,0.00179449173866075,2
"20097",0.981658087045545,6.33450607030214e-06,0.0183355784483844,1
"20099",0.956558806991948,0.0434225801448428,1.86128632090671e-05,1
"20102",0.0314891191086426,0.368922135167633,0.599588745723725,3
"20105",0.983220416216773,0.0158808484742992,0.000898735308927678,1
"20107",0.998911322524677,0.00075026292752842,0.000338414547794419,1
"20109",0.711138392356953,0.288781590020263,8.00176227847965e-05,1
"20111",0.000790684773440745,0.588890627123143,0.410318688103417,2
"20113",0.988228298919405,0.0112931130899689,0.000478587990625897,1
"20115",0.00109054328426267,0.997874169213912,0.00103528750182491,2
"20117",0.328290408440773,0.010101965829027,0.6616076257302,3
"20119",0.999342416818962,0.00053673546820192,0.000120847712836122,1
"20121",0.999064371597003,0.00010957790507261,0.000826050497923884,1
"20123",0.00509823188208861,5.1264842401678e-05,0.99485050327551,3
"20125",0.00079038140767715,0.99914132433812,6.82942542026201e-05,2
"20127",0.999000368391515,0.000128115670898793,0.000871515937586313,1
"20140",0.622580901108781,0.0407088432440216,0.336710255647198,1
"20142",0.000153084113756661,0.999804559830138,4.23560561047871e-05,2
"20144",0.000930150313143012,0.985294134255217,0.0137757154316399,2
"20146",0.0132340472632276,0.982263455011946,0.00450249772482678,2
"20148",0.059484819926318,0.939687335763772,0.000827844309909499,2
"20150",1.89025037573633e-05,0.999980303507237,7.9398900521683e-07,2
"20152",0.179501874242174,0.819476516291379,0.00102160946644728,2
"20154",0.0589074696760383,0.000137690568821933,0.94095483975514,3
"20156",0.683152467664448,0.298329804959018,0.0185177273765341,1
"20159",0.000140336054197652,0.999832509912521,2.71540332813126e-05,2
"20161",0.0115057103421282,0.987500409281526,0.000993880376345443,2
"20163",0.303320644548213,0.68900593059252,0.00767342485926746,2
"20165",0.309312817435072,0.689090906953742,0.00159627561118625,2
"20167",0.014762450312565,0.98519779537462,3.97543128145072e-05,2
"20169",0.0002960893673832,0.999607340673531,9.65699590861031e-05,2
"20171",0.0169068553828462,2.70640540762231e-05,0.983066080563078,3
"20173",0.542962999768951,0.456666538265248,0.000370461965801456,1
"20175",0.00606866675879655,0.99385779603295,7.35372082534874e-05,2
"20177",0.958686316510701,0.0412591896645269,5.44938247716551e-05,1
"20180",0.996129568545073,3.70011305310056e-05,0.00383343032439607,1
"20182",2.71134084495699e-05,0.997300152160584,0.002672734430967,2
"20184",0.00170635983068873,0.998259241608077,3.43985612341067e-05,2
"20187",0.274035235399898,0.725876429464521,8.83351355810684e-05,2
"20189",0.951752668232427,0.0482182045229774,2.91272445954318e-05,1
"20192",0.857599489407244,0.0106258892476202,0.131774621345136,1
"20194",0.000866137668071075,0.999113932880078,1.99294518511771e-05,2
"20196",0.824790936367945,0.000259029445674328,0.174950034186381,1
"20198",0.52795139406975,0.461012195749258,0.011036410180992,1
"20204",0.000150387931947715,0.999817153888474,3.24581795782908e-05,2
"20207",0.895183516663362,0.00103486193251953,0.103781621404118,1
"20209",0.0113630724795715,0.789521270786795,0.199115656733633,2
"20211",0.00397678483705582,0.000100905574697772,0.995922309588246,3
"20215",0.980688418848823,0.0171943251759892,0.00211725597518836,1
"20218",0.00012358007164492,0.999854770989297,2.16489390577142e-05,2
"20222",0.911604528906238,0.0113389340276909,0.0770565370660715,1
"20225",0.00093811878246661,0.997924771267579,0.00113710994995457,2
"20229",0.147176584816473,0.661225928123566,0.191597487059961,2
"20232",0.933758529625737,0.0426049068579657,0.0236365635162973,1
"20234",0.866041923564293,6.38150755669563e-06,0.133951694928151,1
"20238",0.995862011613623,0.00138274738207764,0.00275524100429979,1
"20253",0.997828172807282,0.00060265210236072,0.00156917509035739,1
"20255",0.00461332049698926,0.992701586776451,0.00268509272655929,2
"20258",0.999526243836334,0.000288915274101541,0.000184840889564146,1
"20269",0.842751659620777,0.156967724242479,0.000280616136743939,1
"20271",0.998750694134765,0.00119003024680161,5.92756184331167e-05,1
"20285",0.0802888521164723,0.919473862206459,0.000237285677069149,2
"20288",0.97286646947559,0.0234227583689134,0.00371077215549612,1
"20291",0.772100908025974,0.000635830481451303,0.227263261492575,1
"20295",0.67986710185472,0.319749049600051,0.000383848545229288,1
"20298",0.000301452447078929,0.999676425857391,2.21216955302975e-05,2
"20302",0.0024184831681937,0.997563580987615,1.79358441910531e-05,2
"20305",0.000285161033716711,0.999703411661277,1.14273050060904e-05,2
"20307",0.998926043181925,5.65606701608858e-05,0.00101739614791423,1
"20310",0.995576022662739,1.09411428821925e-05,0.00441303619437888,1
"20313",4.64698417226198e-05,0.99994855003443,4.98012384707655e-06,2
"20315",0.998710186058152,0.00102313595296269,0.000266677988885075,1
"20319",0.459988897250614,0.000312201727946559,0.539698901021439,3
"20321",0.999192092502146,0.000566825442914337,0.000241082054939415,1
"20327",0.999723154253631,0.000239147255579555,3.76984907893265e-05,1
"20329",0.00250080346392623,0.997494698488879,4.49804719490251e-06,2
"20335",0.868968909189485,0.000104313028177376,0.130926777782338,1
"20337",0.000180356013604196,0.999795039944498,2.46040418981148e-05,2
"20339",0.0264122142006906,0.0123088291132611,0.961278956686048,3
"20341",0.0507231181894228,0.000727432220620624,0.948549449589957,3
"20343",0.98343559685984,0.000366866846626654,0.0161975362935333,1
"20345",0.0587952945599945,0.940726775091162,0.000477930348843408,2
"20350",0.469609707936447,0.305071278003042,0.225319014060512,1
"20352",0.000664831053771913,0.999264882287673,7.02866585551493e-05,2
"20355",0.0278430135374285,0.970515819229632,0.00164116723293957,2
"20358",0.000419625543441855,0.99957879599502,1.57846153801246e-06,2
"20363",0.998730142362869,0.00104834691319537,0.000221510723935413,1
"20365",0.549958125917584,0.0108647454635627,0.439177128618853,1
"20379",0.00303059078135913,0.994920024287741,0.00204938493089949,2
"20387",0.996722253858443,0.000621902590255827,0.00265584355130077,1
"20392",0.00815770697520668,3.44877192583354e-05,0.991807805305535,3
"20395",0.0867433305536804,0.911892179443376,0.00136449000294351,2
"20397",0.000274734637720584,0.999715753549226,9.51181305344683e-06,2
"20410",0.996085255751676,0.00295125967937026,0.000963484568953695,1
"20414",0.0020466033969203,0.997934441983336,1.89546197439765e-05,2
"20417",0.140434879944574,6.16595261842797e-06,0.859558954102808,3
"20419",0.999759798456278,0.000231226658386071,8.97488533644344e-06,1
"20421",0.0111120675071983,0.965517480785012,0.02337045170779,2
"20423",0.000804897910107207,0.998966777457901,0.000228324631992243,2
"20425",0.00229303997154668,0.996751762962831,0.000955197065622685,2
"20427",0.202898289373375,0.796863529213661,0.000238181412963791,2
"20429",0.991739351825193,0.00194344207584798,0.00631720609895944,1
"20432",0.000237503512708255,0.999760193368647,2.30311864493019e-06,2
"20435",0.920589926008371,0.0527011559280061,0.0267089180636227,1
"20438",0.996371615606715,0.00356504658741188,6.33378058735916e-05,1
"20440",0.99875943575664,0.00114997640147344,9.05878418869843e-05,1
"20443",0.015085462557506,0.982933325573585,0.0019812118689093,2
"20446",0.580391763591195,0.417234869172692,0.00237336723611324,1
"20449",0.924983601600056,0.0585506852456146,0.0164657131543297,1
"20537",0.742717285527698,0.0128612603948906,0.244421454077411,1
"20540",0.0221376699783063,2.64860275036114e-05,0.97783584399419,3
"20543",0.362600530700982,0.635664002897987,0.00173546640103136,2
"20545",0.00379486624981548,0.000110474836255353,0.996094658913929,3
"20549",0.12047348694886,0.870997471055957,0.00852904199518235,2
"20551",0.978911198556766,0.0183798052784841,0.00270899616474953,1
"20554",0.993516325979623,0.00621444968560975,0.000269224334767568,1
"20556",0.429858928487263,0.392434175701699,0.177706895811037,1
"20558",0.999376566419217,0.000177592291552467,0.000445841289230768,1
"20560",0.955553754628279,0.0442175441326852,0.000228701239036018,1
"20563",0.999232082482147,8.81077695750795e-05,0.000679809748277843,1
"20565",0.800317286564375,0.197564089804088,0.00211862363153718,1
"20567",0.000544657413218407,0.999443030841587,1.23117451947553e-05,2
"20571",0.965365831523871,0.00408073401638298,0.0305534344597464,1
"20573",0.954208054219578,0.0396973543549667,0.00609459142545521,1
"20575",0.999608328955108,9.91086529228923e-05,0.000292562391969231,1
"20577",0.437277721264539,0.555722399326285,0.0069998794091767,2
"20579",0.000160277056860408,0.999838083756667,1.63918647296092e-06,2
"20582",0.999621301618063,4.11115276799784e-05,0.000337586854256978,1
"20585",0.171342937942911,0.00614310610338898,0.8225139559537,3
"20588",0.0261027356673574,0.0182391006337143,0.955658163698928,3
"20590",3.43399966575179e-05,0.999965049757312,6.10246030554402e-07,2
"20592",0.999691424520138,5.43367746056202e-05,0.000254238705256809,1
"20594",0.999218483681877,4.43727785861446e-05,0.000737143539536875,1
"20596",0.969729985775232,0.0302504877776248,1.95264471436873e-05,1
"20598",0.991964868009925,0.00777885773585226,0.000256274254222445,1
"20600",0.175083643688602,0.153254914488219,0.671661441823179,3
"20603",0.00402141395431673,0.98898414627519,0.00699443977049311,2
"20605",0.998915140980312,0.000292956984562099,0.000791902035125409,1
"20607",0.998523160906002,0.00143864751613815,3.81915778596644e-05,1
"20609",0.980993514937513,0.018714911926008,0.000291573136478821,1
"20611",0.0004523266747552,0.999532461630931,1.52116943133926e-05,2
"20613",0.810746755864854,0.182505449059706,0.0067477950754403,1
"20615",0.505706442148275,0.407377758147732,0.086915799703993,1
"20617",0.000153615500768057,0.999812486733471,3.3897765760639e-05,2
"20619",0.999699694669191,0.000182732624007654,0.000117572706801427,1
"20621",0.984582984258157,0.0146933499457572,0.000723665796085223,1
"20623",0.0220795785166661,0.977912409967006,8.01151632757637e-06,2
"20625",0.00438078657820368,0.962674115170441,0.0329450982513554,2
"20627",0.946006326228259,0.0530997249989921,0.000893948772749269,1
"20629",0.878031060627141,0.117516609340756,0.00445233003210299,1
"20631",0.999447933649795,0.000156488076918721,0.000395578273286623,1
"20633",3.90002175577101e-05,0.999957698666077,3.30111636492106e-06,2
"20636",0.00224833695903721,0.997734146896389,1.75161445739637e-05,2
"20638",0.402657564081306,0.476620967451537,0.120721468467157,2
"20640",0.930469676466241,0.0007807228553768,0.0687496006783823,1
"20645",0.992601545198364,7.69939802825209e-06,0.00739075540360763,1
"20647",0.000572956074211054,0.999221646428121,0.000205397497668384,2
"20649",0.973298075204067,0.0127541515988586,0.0139477731970742,1
"20651",0.994350317968001,0.000150780581780104,0.00549890145021911,1
"20656",0.95370511572222,0.00230149257001773,0.043993391707762,1
"20660",0.133471755178666,0.010278204060818,0.856250040760516,3
"20662",0.00190189119622014,0.998084010787625,1.40980161544681e-05,2
"20664",0.859668372435213,0.140240306441667,9.13211231192549e-05,1
"20666",0.00698364923027834,0.836853385829174,0.156162964940547,2
"20668",0.000244596500737277,0.999753227528693,2.17597057002902e-06,2
"20670",0.996673931721936,0.00260801464270094,0.00071805363536262,1
"20672",0.000202019789156617,0.99974152899251,5.64512183330317e-05,2
"20674",0.942940200161584,0.056743752977395,0.000316046861020983,1
"20676",3.95107486572516e-05,0.99995570951562,4.77973572270609e-06,2
"20678",3.13974550655971e-05,0.999967929893754,6.72651179872578e-07,2
"20680",0.00339243891805836,0.996538365817175,6.91952647665196e-05,2
"20682",0.0136343190369215,0.986333686469492,3.19944935866013e-05,2
"20684",0.936544279139629,0.0580292828583844,0.00542643800198708,1
"20686",0.000171348424123242,0.999805547956691,2.31036191855506e-05,2
"20688",6.19316358873558e-05,0.999936948758736,1.11960537700912e-06,2
"20690",0.0966236525366371,0.00113147074238082,0.902244876720982,3
"20692",2.80661539637673e-05,0.999970756489129,1.17735690722732e-06,2
"20694",0.000131481745819788,0.999861636024647,6.88222953320661e-06,2
"20696",0.00295040224273109,0.996973788816165,7.58089411034764e-05,2
"20698",0.860343095187753,0.128191279814256,0.0114656249979911,1
"20700",0.98788516291288,0.011295219784056,0.000819617303064048,1
"20702",0.184518391052624,0.000165183706424105,0.815316425240951,3
"20704",0.927933104727558,0.0713376710913926,0.000729224181049752,1
"20706",0.285120208286745,0.709159728264174,0.0057200634490814,2
"20708",0.00036989268965383,0.999626620476258,3.48683408793844e-06,2
"20710",0.684908424122062,0.011568056771107,0.303523519106831,1
"20714",0.000619997720778241,0.999377987994366,2.01428485626713e-06,2
"20716",0.996470020249047,0.00329438060776195,0.000235599143191189,1
"20719",0.773406548384917,0.225828427059135,0.000765024555948044,1
"20721",0.999657932647202,6.54018808441748e-05,0.000276665471953502,1
"20723",0.819769555567979,0.172602214611898,0.00762822982012264,1
"20725",0.0192075915384242,0.979787515217268,0.00100489324430841,2
"20727",0.000208138175527254,0.99778738248157,0.00200447934290264,2
"20729",0.000551064382136979,0.999427601106341,2.13345115224019e-05,2
"20731",0.0100404471081444,0.988684295229748,0.00127525766210719,2
"20733",0.952204552982118,0.0425828661880005,0.00521258082988195,1
"20735",0.817411048414125,0.155542110488961,0.0270468410969133,1
"20737",0.000127202658850639,0.999871942649852,8.54691297765326e-07,2
"20739",5.42635573802992e-05,0.999937014065204,8.72237741575841e-06,2
"20741",0.015195285263604,0.984638426982287,0.000166287754109115,2
"20743",0.0287367050733023,0.971028374391656,0.000234920535041334,2
"20745",0.998826386214764,0.000473354823586036,0.000700258961650104,1
"20747",0.000648303398508026,0.999326020910006,2.56756914855146e-05,2
"20749",0.000269230656924975,0.999707292514975,2.34768280997586e-05,2
"20751",0.000405115922440235,0.992071323436349,0.00752356064121071,2
"20753",0.00105911731615046,0.998910744648223,3.01380356263948e-05,2
"20755",0.000838601208833952,0.999153878737216,7.5200539500105e-06,2
"20757",0.21430841647654,0.785630772306619,6.08112168405326e-05,2
"20759",0.998420660895427,0.00149606332202096,8.32757825517561e-05,1
"20761",0.0863993520348595,0.913293084315647,0.000307563649493863,2
"20763",0.123834870834701,0.874316273190222,0.00184885597507717,2
"20765",0.0114680316561073,0.988304033839721,0.000227934504171479,2
"20767",0.983711624138371,0.015737675113539,0.000550700748089556,1
"20769",0.460702547373588,0.00839723979546761,0.530900212830945,3
"20771",0.074434154598231,0.925550960106336,1.48852954328188e-05,2
"20773",0.0739333872297138,0.925449728933962,0.000616883836323849,2
"20775",0.0198598960187505,0.97887133208777,0.00126877189347945,2
"20777",0.0917873646647815,0.465074587389343,0.443138047945876,2
"20779",0.0151224639397663,0.984245344302245,0.000632191757988977,2
"20781",0.000111330986164618,0.0734338722067915,0.926454796807044,3
"20783",0.0542788198263179,0.945670338144297,5.08420293850869e-05,2
"20785",0.00286828654651995,0.997072046393016,5.96670604639447e-05,2
"20787",0.000747139733903843,0.999251792841681,1.06742441526979e-06,2
"20789",0.784393039511717,0.213359348036879,0.00224761245140415,1
"20791",4.48393071182922e-05,0.999952738414785,2.42227809676726e-06,2
"20793",0.773717243943215,0.224171164583374,0.00211159147341078,1
"20795",0.000490756089327194,0.999504128874936,5.11503573661465e-06,2
"20797",0.000100634578787599,0.91844258880141,0.0814567766198025,2
"20800",0.000876534446723718,0.999008638268309,0.000114827284966926,2
"20802",0.0313805339241598,0.968385817045271,0.000233649030568742,2
"20804",0.00016985151401013,0.999827927794336,2.22069165367481e-06,2
"20806",2.89048102438519e-05,0.999969637785254,1.45740450233131e-06,2
"20808",0.995484476153599,0.00439893856900057,0.000116585277400784,1
"20810",0.00181395100038869,0.998154192257302,3.18567423089555e-05,2
"20812",0.0190712911786036,0.967784814142685,0.0131438946787117,2
"20814",2.17515118183364e-05,0.999977800032825,4.48455356229533e-07,2
"20816",0.9690709009102,0.0198549710968613,0.0110741279929383,1
"20818",0.0294755370768844,0.970127776773812,0.00039668614930378,2
"20820",0.000176622636106496,0.999769851839441,5.35255244525139e-05,2
"20822",0.0215931103578687,0.978308566393309,9.83232488229286e-05,2
"20824",0.00233151076845692,0.997605723757707,6.27654738357017e-05,2
"20826",0.000139774565374609,0.999832837277868,2.7388156757305e-05,2
"20828",0.000555934825316093,0.99925822132853,0.000185843846154043,2
"20830",0.000470453702358064,0.999494575724073,3.49705735688075e-05,2
"20832",0.365351915115094,0.634272337043486,0.000375747841420365,2
"20834",0.988735412259556,0.00927791494991184,0.0019866727905323,1
"20836",0.00687246016321188,0.992880213474361,0.000247326362427277,2
"20838",3.98687674007851e-05,0.999959018346227,1.11288637191532e-06,2
"20840",0.922754471566248,0.07661072603915,0.000634802394602148,1
"20842",0.00394183305669826,0.995975937086898,8.22298564035026e-05,2
"20844",0.0822822693279929,0.917691755783827,2.59748881802079e-05,2
"20846",0.0175860051520544,0.982316939002104,9.70558458420881e-05,2
"20848",0.348937138577472,0.649345832387199,0.00171702903532838,2
"20850",0.928409829253242,0.0714882989740404,0.000101871772717348,1
"20852",0.931938429759086,0.0666250442662554,0.00143652597465838,1
"20854",0.000123684451692458,0.999856591457833,1.972409047479e-05,2
"20856",0.0338533924514029,0.0198793520103924,0.946267255538205,3
"20858",0.996895618916533,0.00173033141129738,0.00137404967216913,1
"20860",0.105346260885663,0.893947557061066,0.000706182053270802,2
"20862",0.99971011924988,0.000225259571485249,6.46211786345481e-05,1
"20864",0.000948481504541621,0.998808389562526,0.000243128932932303,2
"20866",0.997835796034823,5.64831163220943e-06,0.00215855565354497,1
"20868",0.986637775762728,0.0103273000038175,0.00303492423345483,1
"20870",0.0608501775186211,0.93731411778398,0.0018357046973992,2
"20872",0.00207522387607431,0.997863095893035,6.1680230890249e-05,2
"20874",5.48640467895453e-05,0.999942879106975,2.25684623559168e-06,2
"20877",0.980020670090699,0.00342423215971661,0.0165550977495843,1
"20879",0.996988748536255,0.000178726688331236,0.00283252477541395,1
"20881",0.000488964761034569,0.999476849884514,3.4185354451471e-05,2
"20883",0.000148305516636414,0.999674521478658,0.000177173004705296,2
"20885",0.00123882097495861,0.99859625869769,0.000164920327351147,2
"20887",0.856475274343201,0.135211655778341,0.0083130698784573,1
"20889",0.013032828837374,0.983780858840855,0.00318631232177112,2
"20891",0.99568982016321,0.000173335767518623,0.00413684406927141,1
"20896",0.845275101846935,0.0810208531525669,0.0737040450004982,1
"20898",0.0462133413345003,0.953377131258763,0.000409527406736588,2
"20900",5.08952869916044e-05,0.909553886817895,0.090395217895113,2
"20902",0.234955957804671,0.00653877637715263,0.758505265818176,3
"20904",0.125433561630656,0.865074965275281,0.00949147309406335,2
"20906",0.97966842212745,0.00285822602826891,0.0174733518442807,1
"20908",0.0235579872615049,0.976336471160112,0.000105541578382629,2
"20910",0.0182592359619684,0.981735494854495,5.26918353610079e-06,2
"20912",0.000180010765415928,0.0598362571945878,0.939983732039996,3
"20914",0.987946325787661,1.73677691044944e-05,0.0120363064432347,1
"20968",0.0101805004659209,0.98218355798064,0.00763594155343955,2
"20970",0.952753416848689,0.0463884625814663,0.000858120569844443,1
"20981",0.979207149868922,0.0207771315811841,1.57185498943648e-05,1
"20983",1.83346293528484e-05,0.999980580196226,1.08517442165269e-06,2
"20988",0.994126753931659,0.00569368823649688,0.000179557831844297,1
"20995",0.22566819741856,0.0964300176340796,0.67790178494736,3
"21017",0.127603071812843,0.872354612708741,4.23154784162938e-05,2
"21038",0.991174936065197,0.00181691017659517,0.00700815375820741,1
"21072",0.9673887731019,0.0266855745447039,0.00592565235339654,1
"21075",0.94745716791992,0.000228586735909074,0.0523142453441705,1
"21223",0.162533983954997,0.83321889862033,0.00424711742467347,2
"21225",0.000280021231222373,4.94651291681473e-05,0.99967051363961,3
"21230",2.2616915589095e-05,0.99997584601888,1.53706553118156e-06,2
"21236",0.0122022836893131,0.987707211674128,9.05046365591158e-05,2
"21238",0.203026633510811,0.226038449072727,0.570934917416462,3
"21241",0.99526423351192,0.00412515421435673,0.000610612273722755,1
"21246",0.973219710631454,0.0267509741508954,2.93152176506073e-05,1
"21253",0.000180274617721599,0.999795899568149,2.38258141293531e-05,2
"21256",0.0052916014398403,0.994549247093259,0.000159151466901054,2
"21260",0.00870923087171255,4.91425470959137e-05,0.991241626581192,3
"21266",0.989894015331969,0.00978375077728482,0.000322233890745874,1
"21332",0.991818396047119,0.00811534858567835,6.62553672029342e-05,1
"21334",0.0566936051839171,0.930757060640398,0.012549334175685,2
"21375",0.999028953826455,0.000246374287504089,0.000724671886041397,1
"21378",0.996009286119935,1.72750372497779e-05,0.00397343884281545,1
"21381",0.987243364078305,0.000606293356557422,0.0121503425651375,1
"21389",0.000844650181667876,0.999150838272549,4.51154578324217e-06,2
"21391",0.954004823319817,0.0453230784586832,0.000672098221499547,1
"21402",0.996925432138791,0.00306554774842827,9.02011278032189e-06,1
"21404",0.734294927202351,0.00401429246749407,0.261690780330155,1
"21409",0.952949918360057,0.0122022478442009,0.0348478337957415,1
"21413",0.704258712525821,0.213889926750184,0.0818513607239946,1
"21423",0.996000535559432,0.00051539397401032,0.0034840704665578,1
"21425",0.933552922848531,0.0406524447301311,0.0257946324213376,1
"21430",0.00904986638313557,0.011013538042372,0.979936595574492,3
"21432",0.980783458779905,0.0190538047268981,0.000162736493197127,1
"21438",0.995184279882664,0.00388512512880994,0.000930594988526409,1
"21440",0.92730588183806,0.0702303643991572,0.00246375376278288,1
"21443",0.000681398766584479,0.999309466244641,9.13498877422471e-06,2
"21445",0.00151036243626813,0.00108526126058448,0.997404376303147,3
"21447",0.996076307720741,8.72865716553044e-05,0.00383640570760349,1
"21449",0.998515402038339,0.00147178070362218,1.28172580388616e-05,1
"21451",0.998515402038339,0.00147178070362218,1.28172580388616e-05,1
"21455",0.999172311102463,0.000815242728891269,1.24461686454556e-05,1
"21469",0.867054838356055,1.37945388210251e-05,0.132931367105124,1
"21471",0.775949049519986,0.000408468050929413,0.223642482429084,1
"21473",0.0502925030420976,0.945562887838656,0.0041446091192467,2
"21476",0.357957035169034,0.627038017550318,0.0150049472806481,2
"21478",0.055505114231804,0.939149784128629,0.00534510163956703,2
"21481",0.00145179917700578,0.998486296201543,6.19046214514948e-05,2
"21490",0.993013883325955,0.00298127976940838,0.00400483690463696,1
"21493",0.974117970254055,1.62504516843519e-05,0.0258657792942611,1
"21495",0.75398975559301,0.240338443446791,0.00567180096019881,1
"21500",0.98578498675072,0.013165502778326,0.00104951047095405,1
"21504",0.867001786952886,0.131618295320209,0.00137991772690463,1
"21507",0.983107434831871,8.49533194944927e-05,0.0168076118486344,1
"21512",0.99591871506812,0.00202817745559187,0.00205310747628767,1
"21519",0.0341092505284366,0.965762647497086,0.000128101974477915,2
"21522",0.00391828052828559,0.134651567316013,0.861430152155701,3
"21524",0.996044921126083,0.00379294082034187,0.000162138053574926,1
"21528",0.998375877099878,0.000158313144569749,0.00146580975555221,1
"21532",0.863123421057924,0.0669575253375217,0.0699190536045538,1
"21543",0.121169738207634,0.858263233289858,0.0205670285025078,2
"21546",0.885859159164457,0.0808675387019887,0.0332733021335545,1
"21550",0.996447244456032,0.000123688648881877,0.00342906689508585,1
"21554",0.999554600244148,0.000366832131769568,7.85676240828375e-05,1
"21557",0.00866937103857976,0.952786648956808,0.0385439800046127,2
"21560",0.981403381223175,4.73970584632593e-05,0.0185492217183616,1
"21564",0.480005285688784,0.519888850018213,0.000105864293003406,2
"21566",0.999203098437978,0.000228227913359123,0.000568673648662535,1
"21569",0.890531970893507,0.0927255467727872,0.0167424823337057,1
"21574",0.00294033510540914,0.995688330249451,0.0013713346451403,2
"21576",0.01418613200382,0.985763343970147,5.05240260330054e-05,2
"21578",0.000285398896888264,0.999692193583649,2.24075194632423e-05,2
"21580",0.0180190316256643,0.981905198470499,7.57699038364597e-05,2
"21583",0.998705976294179,5.85149327336328e-05,0.00123550877308775,1
"21585",0.000467002434191966,0.999529517801502,3.47976430631659e-06,2
"21587",0.00257624623804836,0.997010162640015,0.000413591121936786,2
"21589",0.00270880872902125,0.995235355886779,0.00205583538419918,2
"21593",0.00224680356929184,0.596147150212365,0.401606046218343,2
"21595",0.000654812324935712,0.971210189554659,0.0281349981204052,2
"21597",0.193291272575023,0.806573827409152,0.000134900015824944,2
"21599",2.24486115859563e-05,0.999977132087071,4.19301343397784e-07,2
"21601",0.617251251279231,0.318472759367316,0.0642759893534529,1
"21603",6.49250941113177e-05,0.999934193107018,8.81798870073108e-07,2
"21605",0.000287203246245921,0.999685950255957,2.6846497797054e-05,2
"21607",0.0878886593208212,0.879476924722076,0.0326344159571033,2
"21610",0.23867357166945,0.756849442286002,0.0044769860445474,2
"21612",0.000491850751245486,0.999493147277654,1.5001971100782e-05,2
"21614",0.544024572630073,0.436677157530281,0.0192982698396462,1
"21616",0.0742833557573456,0.917742564246175,0.00797407999647981,2
"21618",0.815344837250538,0.00267928859765948,0.181975874151803,1
"21620",0.000504936068817946,0.999484844439332,1.02194918499623e-05,2
"21622",0.978444200154391,0.000520620365173571,0.0210351794804355,1
"21624",0.0126103472197054,0.984906044979785,0.00248360780050917,2
"21626",0.318151721830412,0.681823523409243,2.47547603453982e-05,2
"21628",0.862693487875719,0.126693869767537,0.010612642356744,1
"21630",0.0433320918345169,0.956378853523271,0.000289054642211896,2
"21632",0.839757491880604,0.157521895244459,0.00272061287493706,1
"21634",0.95667872934914,0.0426192687265555,0.000702001924304721,1
"21636",0.00270675200087113,0.996574571581876,0.000718676417253106,2
"21638",8.96082968283888e-05,0.999859528726214,5.0862976957351e-05,2
"21640",0.292733784152503,0.702643427577536,0.00462278826996148,2
"21642",0.00600900311163707,0.993832453173739,0.000158543714623953,2
"21644",5.07808589715698e-05,0.93549339171549,0.0644558274255385,2
"21647",0.000286444778873577,0.999676416932912,3.7138288214763e-05,2
"21649",0.00578718330224713,0.993962485985001,0.000250330712751208,2
"21651",0.0195720785314745,0.977805813237966,0.00262210823055988,2
"21653",0.00159881833293374,0.472055353092954,0.526345828574112,3
"21655",5.21999673930231e-05,0.999941771275438,6.02875716932122e-06,2
"21657",0.00457896984453442,0.995205218254407,0.00021581190105826,2
"21659",0.0017759243166308,0.99814542436792,7.86513154487337e-05,2
"21661",0.00268052512243971,0.996920627242659,0.000398847634901243,2
"21663",0.00136701056704652,0.998582847181063,5.01422518903417e-05,2
"21665",0.000611323188523063,0.998502269217766,0.000886407593710863,2
"21667",0.913790909133017,0.0858965089141536,0.000312581952829166,1
"21670",0.754381866200782,0.241236808749602,0.00438132504961675,1
"21672",0.0417374947209756,0.956233453707792,0.00202905157123283,2
"21674",0.999033615771796,0.000408709363514901,0.000557674864688634,1
"21676",0.987166190973519,0.0127681366622811,6.56723641995364e-05,1
"21678",0.00495217769475986,0.0326393927809848,0.962408429524255,3
"21680",0.00133463233344876,0.997111720583951,0.00155364708260003,2
"21685",0.973514777137777,0.0214735841228861,0.00501163873933664,1
"21687",0.066444177369303,0.317423694102961,0.616132128527736,3
"21690",0.0013028293701451,0.998533670975332,0.000163499654523406,2
"21707",0.99937477226725,0.000142426017242205,0.00048280171550826,1
"21710",0.0716908643071887,0.00178859986680688,0.926520535826005,3
"21713",0.99641290229154,0.00252116643259023,0.00106593127586946,1
"21718",0.200532047695811,0.0308958111019159,0.768572141202274,3
"21721",0.00222852921257708,0.143942410689081,0.853829060098342,3
"21723",0.9796102150925,3.44551843453679e-05,0.0203553297231543,1
"21726",0.999871807890136,7.92548846080839e-05,4.8937225255878e-05,1
"21729",0.000524730390464779,0.996537804927126,0.00293746468240888,2
"21733",0.000191313380866905,0.999763432990889,4.5253628244011e-05,2
"21735",0.134872188410316,0.0527743888566834,0.812353422733001,3
"21739",0.98468670813918,0.0147675325890735,0.000545759271746066,1
"21741",0.995200652628434,0.00420388853489048,0.000595458836675326,1
"21744",0.968953235292006,0.0306660204474039,0.000380744260589718,1
"21746",0.997235195553976,2.72046309033465e-05,0.00273759981512006,1
"21748",0.991163439018317,0.00102423977025086,0.00781232121143166,1
"21750",0.00204547502971232,0.997941627813847,1.28971564406882e-05,2
"21752",0.981761643862821,0.0160171512456217,0.00222120489155748,1
"21755",0.69405705290826,0.304892535200367,0.00105041189137301,1
"21757",0.110625653447256,0.879006046479031,0.0103683000737131,2
"21760",0.22566819741856,0.0964300176340796,0.67790178494736,3
"21762",0.99912921531825,3.86379968765083e-05,0.000832146684873491,1
"21764",0.000351116475003216,0.999630058506306,1.88250186903983e-05,2
"21766",0.998004327644169,8.19307522624746e-05,0.00191374160356877,1
"21768",0.429600342716953,0.56607248824821,0.00432716903483729,2
"21770",0.550423574721966,0.448540157279055,0.00103626799897877,1
"21773",0.962212820135035,1.3500430068318e-05,0.0377736794348969,1
"21775",0.0688802003279133,0.930727911873755,0.000391887798332107,2
"21777",0.000541407265694036,0.999403782950878,5.48097834281019e-05,2
"21779",0.525584638775408,0.442470289433036,0.0319450717915563,1
"21781",0.943543874896392,0.0560563610680243,0.000399764035583346,1
"21784",0.996566024933,0.00178628816675855,0.0016476869002413,1
"21786",0.245894885019971,0.753948295399152,0.000156819580876318,2
"21789",0.874547770828091,0.120519394513135,0.00493283465877378,1
"21791",0.994649904659408,0.00127121796530394,0.00407887737528863,1
"21794",0.0641370682193089,0.933080965698421,0.00278196608227053,2
"21797",0.0319035972541671,0.039138379134711,0.928958023611122,3
"21800",0.131263138514451,7.32331471788427e-05,0.86866362833837,3
"21802",0.930534054921234,0.0395738896205325,0.0298920554582337,1
"21804",4.26494143886366e-05,0.00308316809989766,0.996874182485714,3
"21806",0.00998164933885545,0.118701566072279,0.871316784588866,3
"21808",0.0409242749622765,0.463290640315944,0.49578508472178,3
"21811",0.21669479553293,0.0143715799920642,0.768933624475006,3
"21815",0.996062814259145,0.00350630016933795,0.000430885571517318,1
"21817",0.0104112064360904,0.0194981393551149,0.970090654208795,3
"21820",0.928376844628837,0.00484525875209078,0.0667778966190727,1
"21822",0.0237686832550776,0.975694598279175,0.000536718465747134,2
"21824",0.0307820259097519,0.969189299889781,2.86742004675009e-05,2
"21826",0.999213963547028,0.000183392595225431,0.00060264385774657,1
"21828",0.498754770738865,0.501158513157333,8.67161038022535e-05,2
"21830",0.0144668872815963,0.985487221082135,4.58916362682236e-05,2
"21833",0.144064510160361,0.855884643333532,5.08465061069811e-05,2
"21835",0.144064510160361,0.855884643333532,5.08465061069811e-05,2
"21838",0.834138152984629,0.00135830559144799,0.164503541423923,1
"21840",0.990753352296499,4.6005379322453e-05,0.00920064232417902,1
"21842",0.659195107422606,0.00307897700010212,0.337725915577292,1
"21844",0.164421378686879,0.835493643342861,8.49779702596934e-05,2
"21847",0.96489930699292,0.0337516734011323,0.00134901960594773,1
"21849",0.219113127142268,0.779956163061026,0.000930709796706093,2
"21852",0.822757216743582,0.0949991172132401,0.0822436660431782,1
