"","V1","V2","V3","V4","V5","V6","V7","V8","best$classification"
"19812",0.000204177982964825,5.29511942936434e-05,0.0447405614772127,0.755147561138818,9.98527964166765e-05,0.000370475036512528,0.199382715047506,1.70532627499335e-06,4
"19814",3.53159678368067e-06,1.70694601860013e-06,0.000747327661065529,0.983663109889816,1.64607015642771e-06,2.39828452841658e-05,0.0128336750821376,0.00272501990873817,4
"19816",1.33612520631658e-05,3.89356162920257e-05,0.00777561809961757,0.00388767906155361,6.86908293350137e-09,0.156401980187849,0.831881592045122,8.26868419497119e-07,7
"19818",1.19431065392756e-05,1.75632497590301e-05,0.000340541049841528,0.44851778165959,2.76516087387693e-06,0.00060934517724203,0.541049875171975,0.00945018542417936,7
"19820",0.000259632529424559,4.63128524932068e-09,3.43240285675864e-05,5.74141319018274e-09,4.45104880286549e-10,0.995845645029766,0.00386038730325663,2.91182225677509e-10,6
"19822",0.119112446273382,1.92941076291882e-07,0.011941462640468,3.1850467234964e-07,1.07594217335534e-05,0.864074899370374,0.00485892792798991,9.92920303922366e-07,6
"19824",7.56817023772638e-05,0.000121517304770705,6.73702160262115e-06,0.000124606492058296,3.17989887612711e-07,0.395143248587066,0.60321328042804,0.00131461047419742,7
"19826",2.39224601921022e-06,0.0111454320324507,0.132342785168588,0.775271810197495,1.73780944823854e-06,0.00169095446712984,0.0795068695293815,3.80185494881688e-05,4
"19828",0.00239871318563161,1.23527272339627e-07,0.000192675837514859,0.000121354853154048,1.79233711857845e-07,0.484351262250786,0.512933633823656,2.05728827358883e-06,7
"19830",1.03529779982678e-05,0.00102339868075277,0.0825343491659298,0.908746782920015,0.00299644570097627,1.16042921474624e-06,0.00456322369717173,0.000124286427941447,4
"19832",0.655118266611525,2.68451195698084e-06,0.0364242485886388,0.136347228481834,0.0275021701837087,0.00984800089822642,0.134755759527919,1.64119619085058e-06,1
"19834",0.0115246091208434,3.43912580164371e-07,0.756372140799314,0.00879781698267704,9.8050046119139e-06,0.038516450175761,0.184680830499417,9.80035047954204e-05,3
"19836",7.50805572925918e-06,0.0208783437854473,0.00202061591442324,0.0511032016198009,2.42621174522081e-05,0.0015512981772479,0.924414436137682,3.34192217401772e-07,7
"19838",2.10678641420024e-06,2.44312755671892e-06,0.000555031944773303,0.998723876345808,5.33617169433969e-05,1.6671362529119e-07,0.000327880974563406,0.000335132390315829,4
"19840",9.75203969126244e-06,0.000691071849654034,0.783958218594197,0.0189151983948166,6.50674348815407e-08,0.0399627514967323,0.156459403665688,3.53889178594416e-06,3
"19842",9.07211962558625e-10,0.947528983847468,0.000382016730987548,0.0520549685133216,4.50683975705449e-06,6.77151546245425e-08,2.2293458482783e-05,7.1619876168779e-06,2
"19844",2.05616624782842e-09,1.33526421726891e-05,1.4150765150856e-07,5.79489900514569e-06,1.86229662221917e-08,1.58788577611854e-06,1.10865676506231e-06,0.999977993729497,8
"19846",8.68270204979998e-10,0.00288743156722493,5.42701020647592e-06,0.91874818015012,2.44089796269633e-06,2.38370811527607e-08,0.000178380714358298,0.0781781149547764,4
"19848",5.86750471710967e-09,0.000129115648523618,1.43047455047245e-05,0.970774633681939,3.08986402218042e-06,3.67201866794983e-08,0.000212601675001979,0.0288662117973168,4
"19850",1.63632238718849e-07,3.13261172409998e-05,0.0001072635208709,0.765181318301905,2.40161153100719e-06,2.22062856678945e-06,0.000721802970366933,0.23395350321728,4
"19852",3.44765994622446e-05,1.61932050285731e-06,0.00149041588684183,0.0216428408625015,5.23277360834259e-07,0.00473755149144322,0.972001107773509,9.1464788378571e-05,7
"19854",1.9883632435877e-08,2.63438450775509e-05,4.10827680599944e-05,0.997212611820479,4.06129471216735e-06,3.31482719347245e-08,0.000168886416043198,0.00254696082372404,4
"19856",1.26243264568882e-06,0.000117988844885754,0.000442031088073552,0.0112723476446489,1.82504600260581e-06,6.25876739854602e-05,0.000150026024394415,0.987951931245364,8
"19858",3.31133276878457e-05,1.06150594054228e-05,6.77771882721245e-05,0.000640763711759377,4.1777389195307e-06,0.00294601826656606,0.0066107559620783,0.989686778745311,8
"19860",8.80149230357239e-05,1.73307664989016e-05,0.158330378715679,0.25697590822506,6.89746623765124e-07,0.0133164834123962,0.571238802394334,3.23918163733956e-05,7
"19862",5.99656941403007e-10,0.00937588971836396,1.27653684072457e-05,0.987900722746619,4.63904757271797e-06,8.62505042345738e-09,7.86307204366257e-05,0.00262734317389336,4
"19864",6.99100775518335e-10,0.999979738949293,3.43663572552059e-07,1.14651573995021e-06,9.60727932768742e-07,1.43417948344891e-06,1.56235116236471e-05,7.51753254353018e-07,2
"19866",1.19272760039366e-05,0.0197325611598971,0.0761625820684053,0.000556689313407552,1.75371002626242e-07,0.215784290696419,0.687750960540338,8.13574526584415e-07,7
"19868",0.04075462944177,6.0050264768054e-08,0.00259244262505774,2.18441772858712e-05,0.956603476989732,7.00073166302541e-07,3.53525586081323e-07,2.64931171368704e-05,5
"19870",7.40981522369802e-08,0.000993006099031749,3.91882847555077e-05,0.982425995174472,9.99453007233135e-06,1.22092192405801e-06,0.014340804651148,0.00218971624044408,4
"19873",1.52042654078578e-06,0.00155090033136481,0.00115360166309745,0.635453140235041,1.29870845255485e-06,0.000479488778180867,0.360638918617121,0.00072113124020096,4
"19875",0.00374709784927338,4.87853731455891e-07,0.0537102307413225,0.00112906878647459,1.40508438259843e-07,0.723889090547474,0.217523826518969,5.71943165644218e-08,6
"19877",2.16158833285891e-06,6.77498213984126e-05,0.00502598781520802,0.85108335235319,1.90226096114217e-05,2.44310537919168e-05,0.141032910938419,0.00274438382004803,4
"19879",7.67457504378303e-05,2.10155803004838e-05,0.00470801282778323,0.0494801409937131,2.8644893748208e-05,0.000999669666172468,0.943538527083486,0.00114724320435918,7
"19881",1.05047833120972e-06,0.0226485451926064,0.00420431694085859,0.900419638193113,6.13114483751551e-06,0.000233286589166671,0.0712128693860628,0.00127416207502343,4
"19883",7.23643025136028e-08,0.332067190642942,0.0015969464783892,0.638973243045015,1.40971174318474e-06,6.51211076574377e-05,0.0272387405001138,5.72761498364078e-05,4
"19899",0.000112557514952188,9.7203086666344e-05,0.89020560522418,0.0122881702298348,7.12778624237493e-05,0.00123147973855114,0.0959910780666585,2.62827673305905e-06,3
"19908",0.000116748857936278,0.0135151158325016,0.983680869806209,5.88642271597336e-05,0.000530829561640902,0.00117964054642398,0.000738898694765473,0.000179032473363406,3
"19910",3.75727500882421e-06,3.0297653794239e-05,0.000210054338097998,0.0372457313419577,6.46908411339889e-07,0.00103681401926913,0.961429846056244,4.28524072166468e-05,7
"19912",3.3862387214555e-09,0.527111179340057,0.00356292296648363,0.468809291077428,8.87325272865881e-06,1.40459555311816e-07,6.83239229554641e-05,0.000439265594553173,2
"19914",0.000691882247227881,2.61055988187891e-05,0.321020242599067,0.13536794034742,0.000192099135587279,0.0019688867476913,0.54014392297271,0.000588920351478369,7
"19916",1.94169878295205e-05,0.277675266963471,0.000392039070065649,5.33706115925772e-05,5.15915196772856e-06,0.470377603686392,0.251200668894268,0.000276474634413875,6
"19918",7.18914056051918e-09,0.00204286717768554,3.26800566538297e-05,0.892660662238444,4.21368371922769e-07,2.58231757852284e-06,0.00770205528750729,0.0975587243646181,4
"19920",3.12158944558686e-09,2.05658233381504e-05,5.51806681380464e-05,0.0992619896446513,1.38026359145429e-07,2.06895040811341e-07,9.74336738621631e-05,0.900564482147021,8
"19922",0.240320184195064,3.20218081230302e-06,8.21767929864115e-05,0.172895647165229,0.50046915709525,0.000350451576189177,0.0858684244030637,1.07565914057123e-05,5
"19924",1.34639833397409e-06,0.000152175870711336,0.00654122026568576,0.808714039268693,3.47523369195954e-06,0.000126993321157563,0.143719486136147,0.0407412635055793,4
"19926",0.000899602621444224,0.0027225421338014,0.494839270770679,0.0198708676770407,0.00129069021389555,0.00480781875012411,0.475569037688175,1.701448395132e-07,3
"19928",8.10387341413243e-12,0.999998589492178,3.26003495581144e-08,2.97893554526943e-07,6.74761790998505e-07,2.73326580034787e-09,1.81255034593564e-08,3.84385253905622e-07,2
"19930",7.18076423922266e-07,3.35775560744806e-05,9.75867851374478e-05,0.979719896338023,7.54264228412575e-06,3.7195116486009e-06,0.0200265692726373,0.00011038981777136,4
"19932",1.24775661802927e-07,6.91224564130934e-06,6.11216297916928e-05,0.998630754758775,8.85547301307524e-06,8.63042095324381e-08,0.000398382819472586,0.000893761993435696,4
"19934",0.0161886898703822,5.99853311935377e-07,0.0601272653806721,0.0164966795260095,2.82677585563641e-06,0.363573633893287,0.543462142001468,0.000148162699013355,7
"19936",8.52473657280075e-05,1.37757925087501e-05,0.0615355126852887,0.87758035112571,0.000109512782641106,0.000181363100224883,0.0603408267495914,0.000153410398307085,4
"19938",0.00561172280198228,5.98065826941016e-06,0.180325808749963,4.53340712722892e-05,5.16911826321527e-06,0.68703596066114,0.126926903308939,4.31206301704228e-05,6
"19940",4.11000712578984e-07,0.00827382364165175,9.80130939732777e-05,0.159616828231942,1.51058052968505e-06,0.000426575941172314,0.831429360952242,0.00015347655777615,7
"19942",1.35528878407659e-11,0.999992323276374,4.11394697872342e-06,3.11644789370858e-06,3.05295907676485e-08,6.00636744769932e-08,2.50015124914828e-07,1.05706810334372e-07,2
"19944",7.1098234978137e-06,0.00016210619685092,0.00269093795009282,0.0154346847240718,4.91200393920299e-07,0.00659052577448485,0.975109108513374,5.0358172341854e-06,7
"19946",1.11199064268567e-05,5.71487852053731e-05,0.00397089324774716,0.281216749586987,3.9683127947196e-06,0.00129832066303131,0.699214639385378,0.0142271601124299,7
"19948",4.03753693462275e-12,0.999984963954857,4.15940136644845e-08,1.35689193313035e-05,1.43627488899384e-08,3.0437012463529e-08,9.4103042999186e-07,4.39697569379523e-07,2
"19950",1.88471965735396e-09,2.55552897730453e-07,3.73812053788753e-07,0.000998207035683019,2.14944925102837e-07,5.84351247144978e-09,9.56853995031281e-07,0.998999984072213,8
"19952",4.03753693462275e-12,0.999984963954857,4.15940136644845e-08,1.35689193313035e-05,1.43627488899384e-08,3.0437012463529e-08,9.4103042999186e-07,4.39697569379523e-07,2
"19954",9.53489357221404e-08,3.15193161996028e-05,4.65335879870348e-05,0.99577620301862,3.98457520308331e-06,4.64565722648082e-07,0.00365062514994088,0.00049057443739145,4
"19956",4.55448297206637e-07,0.00771201154030952,0.108069258323161,0.215088138323642,0.00199404838382467,1.4871991072929e-07,1.35473700376443e-05,0.667122391890817,8
"19958",0.00957575808543759,5.21563615121535e-08,7.3684421405948e-08,0.000156289625309965,0.99018065167948,5.71020695175854e-07,3.1529659037096e-05,5.5074089256812e-05,5
"19962",0.00116415183498186,0.000250199199342947,0.0209534786346722,0.484800677024424,0.000195094500014757,0.0212917925003881,0.20214780505042,0.269196801255756,4
"19964",9.32791253476041e-07,0.0118325863344148,6.06952703363911e-05,0.287891648546117,1.78821932144552e-05,0.000407851337553485,0.692555067087007,0.00723333644010357,7
"19966",8.29567749778418e-05,0.00374352902384719,0.0291935797252285,1.36891270940355e-05,2.3696366661458e-07,0.859620385972993,0.107345607602185,1.48100085842818e-08,6
"19969",1.06255280813374e-07,0.0072451646129548,0.00396463323270132,0.984929609035585,2.20097205261866e-06,5.09331504053365e-06,0.0037877362078716,6.54563685132339e-05,4
"19972",3.07060957003717e-08,0.175344664282088,6.72688605631892e-05,0.701898935149459,4.1063671007825e-05,4.4812482249541e-06,0.0433084936828,0.0793350623997608,4
"19974",3.78641928519053e-11,0.0366495883705264,1.45793112510622e-06,0.0932101528519051,1.34642811837578e-06,4.01398325385015e-09,1.23319715898663e-05,0.870125118394888,8
"19976",1.62086624439847e-06,0.000200880403870386,0.00273738504634714,0.579027795931592,5.83876581205465e-06,0.000162391095400628,0.361377506553606,0.0564865813371273,4
"19978",8.49893837804612e-07,0.000155701846577321,0.000159980601952715,0.0177825481397696,3.40529225440638e-08,0.00896892041059212,0.972852615451274,7.93496030736349e-05,7
"19980",1.52079166745064e-08,2.30947211290736e-05,2.00994050671845e-05,0.835284528145018,4.89299790360504e-06,3.29996843225454e-08,0.000119499426608213,0.164547837096673,4
"19982",1.00528914810312e-06,6.87230554134043e-06,0.000858186721536491,0.119595379616584,1.25075082832503e-05,3.7356202135825e-06,0.000242349994212721,0.879279962944481,8
"19984",2.94920002326547e-09,1.84524309625195e-06,8.74041791142091e-07,0.000139317504950049,2.04256966226618e-08,4.48203638476553e-07,4.90998337197505e-06,0.999852581648256,8
"19986",0.00162861397302583,1.64802360738182e-07,0.0046012386779981,1.06371803586491e-07,3.81616111976245e-08,0.950311501401284,0.043458335450758,1.16115865238256e-09,6
"19988",0.00215034993410178,1.77740604960815e-09,0.000217516406266376,2.22585885860654e-09,5.15930590240717e-09,0.994058094724513,0.00357402953855439,2.33993317812699e-10,6
"19992",0.00258603078147383,1.60508310993643e-09,0.00754379949485016,9.70689026052913e-08,4.98335152624843e-09,0.985794623094165,0.00407540689788314,3.60742911438344e-08,6
"19994",2.7217025758563e-06,2.25462358013417e-05,0.000443651074362069,0.972319565799562,2.74753194234542e-05,4.55970096636597e-06,0.0271546270984779,2.48530688309964e-05,4
"19996",0.000614644530396575,2.36088528106693e-09,0.000330520369158476,3.60546403159531e-07,1.18997842895885e-09,0.968006902731087,0.0310475305582473,3.77138434904479e-08,6
"19998",7.80944649073865e-06,0.403036531380378,0.489534791959935,0.0876710119058281,1.91665756745065e-05,0.00309395926734094,0.011412966965427,0.00522376249892584,3
"20000",0.000163647919123762,0.00163602003336144,0.178769315424815,0.707111802050996,0.111937938647703,5.68873393787486e-07,0.000145112468569586,0.000235594582037083,4
"20003",2.67701655194547e-05,0.000456175459014122,0.00802495842464613,0.907941292726225,9.59785170486704e-05,7.32324046277281e-05,0.0833802641924788,1.32811043968765e-06,4
"20005",9.11297040171342e-10,0.00132940643556608,1.40159909831892e-05,0.972351629410885,3.06244993249523e-06,1.34263173520339e-08,0.000193085594039067,0.0261087857809803,4
"20007",0.00073243457860395,5.00188992882389e-06,0.196414669166972,0.0342056227220876,1.35474954019506e-05,0.010912191164196,0.757376845270062,0.000339687712747134,7
"20009",0.00104585630096063,0.000231758006404333,0.000966990203265881,8.11827542647876e-05,4.20109719064098e-06,0.78870359663679,0.208716426973997,0.000249988027127325,6
"20011",3.23619465765406e-07,0.0327356634648875,0.000769808413650005,0.742837250766614,2.19833826307146e-05,4.43190903416924e-05,0.212134088928342,0.0114565623340676,4
"20013",9.83530372672608e-07,9.07430309975651e-06,0.0146486011757464,0.863726077849527,5.0036910578045e-06,4.94019872046615e-06,0.00388470036693911,0.117720618884536,4
"20016",0.0194439290312533,3.67864537499942e-07,0.00457670125910212,8.21927953420932e-07,3.07567904635583e-06,0.884849944298768,0.0911198211274724,5.33881186681343e-06,6
"20018",0.991474433005135,7.45470846994404e-10,3.2949895211534e-06,1.4296848735191e-10,0.000454898951345914,0.00806159765179875,5.77440885035695e-06,1.04909395781168e-10,1
"20021",0.000862598987177919,2.8619979728472e-06,0.000368913818470749,0.00159071632538052,6.42456809527166e-07,0.107228825238106,0.889945408098817,3.30772659011047e-08,7
"20023",0.000723843309193344,5.99248456003959e-06,0.037542275751316,0.00899765166002667,7.1299268686556e-06,0.0430030514469354,0.909679670457914,4.03849631862323e-05,7
"20025",0.696386495265069,1.43302416605025e-07,0.000232455164368838,7.85124011699433e-07,0.000622544738427498,0.291439037540868,0.0113185255655021,1.32993362753364e-08,1
"20027",3.01004934200444e-08,0.31875062003135,0.0102109270251499,0.669348957568572,3.16669799685072e-05,1.09564525072099e-06,0.00164321426954728,1.34883796677864e-05,4
"20029",1.30809056837798e-09,0.0075642229259039,0.000352534618629414,0.983053873923371,2.94733059551658e-07,1.91384298440134e-07,0.000265450583251663,0.00876343052339524,4
"20032",1.35827356299721e-07,0.00384056071669645,0.00030323023185109,0.993596276496627,3.28493068522846e-05,5.85593554398497e-07,0.00221745341299456,8.90841406846358e-06,4
"20034",3.99332849607336e-11,0.999929247265953,1.45457804631607e-07,5.7940138068441e-05,1.32489984137823e-07,1.00852969708622e-07,1.23375693797333e-05,9.61859073759046e-08,2
"20036",8.03211937680929e-06,9.784039085041e-05,0.971686868059514,0.0169034722745196,3.19077077141274e-06,0.000234247659162696,0.000205423889068594,0.0108609248367367,3
"20038",0.048484009106776,1.36686767497314e-07,0.290643057875041,3.85274618839871e-05,2.52189191234129e-06,0.524761708296625,0.136070037358827,1.32216684785645e-09,6
"20040",0.0136218771325862,5.50701294413686e-05,3.08586507421319e-05,1.98988258492638e-07,8.88944426788677e-05,0.901167452361804,0.0850339780817988,1.67021268996657e-06,6
"20043",0.0110739181103612,5.0278963907048e-08,0.0119925588553541,0.000673788425472531,1.11929936733119e-07,0.874916617764657,0.101342617089621,3.37545633785639e-07,6
"20045",0.0337010733155017,1.58640791160105e-10,2.77073638936193e-05,3.76818776145584e-09,9.00740318414341e-08,0.96271622331764,0.00355488804958964,1.39525146189337e-08,6
"20048",1.02171256346044e-09,1.32854120369575e-07,6.25660542636098e-08,1.44224859109401e-05,8.13189621778896e-08,5.81283831842364e-09,9.0399304296696e-08,0.999985203541097,8
"20051",0.0536649714864657,5.63191140841989e-07,0.143989805397418,0.577665711691491,8.50988899797637e-05,0.0658110108854032,0.144121117378321,0.0146617210797806,4
"20053",3.52752206140027e-05,2.08828692697133e-05,0.000850985931559819,0.000797559494650409,2.14644131954495e-07,0.0479833303420337,0.95024918055553,6.2570942210458e-05,7
"20055",0.0356747529298922,5.22820601462859e-06,0.892056601628863,0.00193910628014529,0.000227360761463712,0.019551971238683,0.0505449735119924,5.44294530981874e-09,3
"20057",4.52717785678817e-05,7.83880847499166e-08,8.75310013627045e-09,3.15041184637862e-07,0.999950293881439,1.69504186917228e-10,1.86100303564739e-09,4.0301271165776e-06,5
"20059",0.00042970181037595,6.79656950489987e-05,0.000448697199211307,0.000512863241271827,5.17849560138188e-05,0.0335411061607877,0.964943381293273,4.49964401795514e-06,7
"20061",4.02474054049739e-05,4.45405943230109e-05,0.00185072085152337,0.00468276779821318,2.32447798406602e-06,0.011235493980386,0.982124085007243,1.98198849218369e-05,7
"20063",5.92499381562543e-05,0.000358696081780063,0.000211548637593002,3.12821732645487e-06,7.55743876873862e-06,0.0215577759391393,6.04020132277343e-05,0.977741641734008,8
"20065",0.986126199527699,1.03174006385875e-10,8.52647232620034e-05,3.83575058934078e-08,8.64124745017791e-05,0.013262682831612,0.000439401979409684,2.83549217072468e-12,1
"20067",0.111388611793065,2.25942688967407e-09,0.00211984208587839,3.31714666692913e-05,2.86851840404988e-06,0.774508185677277,0.111726747790041,0.000220570409238355,6
"20069",3.96242565311141e-08,8.15434402686662e-06,3.80949998383258e-05,0.557227629769332,5.33666595754042e-06,7.48851148327518e-08,0.000123772811793329,0.442596896899681,4
"20071",3.77770437899218e-06,0.000979122745934539,0.994740352680462,0.000753773481404805,7.54531469715204e-06,0.000180163780317338,0.00332268523022394,1.2579062581029e-05,3
"20073",4.1783256273483e-08,0.000308204206566836,2.3351329311171e-06,0.0735490430462299,5.6398463735267e-07,1.37567509690855e-05,0.00434427637189246,0.921781778723517,8
"20075",0.0685188500692438,7.82144721060037e-09,0.00053224886006129,4.24225524613261e-05,0.930905493011051,2.12971218208916e-07,5.2976420919964e-07,2.34950308239099e-07,5
"20077",7.03693948689484e-05,2.62318217479227e-06,0.741332249610042,0.00103198273376925,2.85202393252558e-08,0.154707949045253,0.102641320127045,0.000213477386607837,3
"20079",0.00160119511291821,1.34293310819424e-05,0.0107582222885539,0.0290529522345717,3.4991865934235e-06,0.0739438592338794,0.00667678246094172,0.87795006015146,8
"20081",0.504627564725055,7.37919808087004e-09,0.0441782545213095,0.000891360049273115,0.000225347550189484,0.123059202966425,0.327015133923189,3.12888536008711e-06,1
"20083",3.19791052445454e-05,0.00104789646233589,0.161328748111698,0.00265811230650585,4.48193398395944e-05,0.00052874525477349,9.98180777138908e-05,0.834259881341889,8
"20085",0.0175009820742799,5.24034345581207e-10,0.000404079947623329,5.26240092739609e-09,1.508462657892e-08,0.979887808324927,0.00220710873159508,5.05127861027757e-11,6
"20088",0.0138240279260504,1.59715681918501e-08,0.00549284442361046,5.32328611502374e-05,1.44132284707801e-07,0.846654143005087,0.133975521972539,6.97077107756884e-08,6
"20091",0.90868137489395,4.00857291891374e-10,0.000256296299875439,1.1942022539895e-05,0.0895636888764655,0.000118635716957839,0.00136645583845342,1.60595090032439e-06,1
"20095",1.09036814304424e-05,0.0286537097425798,0.000413826750163309,0.00223301279630151,0.000153108847198346,0.00381365447381389,0.15477529752086,0.809946486187652,8
"20097",0.0699540009609657,2.38473980710921e-10,0.00163606216970929,1.18007308454248e-08,8.48145907404474e-08,0.926282807700264,0.00212703223532625,7.99392727423523e-11,6
"20099",1.06523664395138e-06,0.108169539733133,7.05189529492912e-05,0.000273437314151147,3.61607547674412e-08,0.361779855227473,0.527306614968811,0.00239893240608398,7
"20102",0.00600110951504206,8.30661984411367e-08,9.15096050092918e-05,0.000373546096403503,0.0134925147921255,5.22596552020301e-05,0.000527140404845259,0.979461836865174,8
"20105",0.00310973148312454,1.5988404179185e-07,0.00121676720553513,0.00134470829573981,1.01900039881516e-07,0.732805556440424,0.261016412980819,0.000506561810275531,6
"20107",0.000526916183146208,6.11160158737203e-07,0.0859645453446773,4.41608050643026e-05,5.48705528075326e-08,0.465694728853417,0.447768669077708,3.13705274953208e-07,6
"20109",8.58063137237481e-06,0.000472243008027304,8.64438151354076e-06,0.00528538847765697,1.63969195811195e-07,0.116410834966083,0.697366076212263,0.180448068353888,7
"20111",0.000786706687889498,9.31381540425041e-07,2.93279253593635e-06,0.0283991236807436,0.970278273287192,4.85357509028814e-08,4.87618795415135e-05,0.000483221754806337,5
"20113",2.25049793773692e-05,0.00367792868593534,0.778133809444038,0.00053688152492417,7.33291946174747e-07,0.05176914158571,0.16585884024814,1.60239929198269e-07,3
"20115",2.5455362059094e-06,0.00287122293083692,1.1352088966178e-05,0.985982165486709,0.00777118939213489,2.8198825833138e-07,0.00314542452445478,0.000215818052433666,4
"20117",0.0413758607240661,0.188932097555946,0.00974398558465162,0.000109328082940175,0.705869688916087,0.0195152849108349,0.0344522801300644,1.47409540948047e-06,5
"20119",3.44219565186739e-05,0.0171756022714169,0.0341668112391109,1.46427712337589e-05,7.72806978347084e-08,0.876144255281961,0.0724641830679095,6.13115114617807e-09,6
"20121",0.00190836739242619,2.68765788866047e-07,0.0548375098034675,3.68241996200427e-06,9.71125749091584e-08,0.801426630261959,0.141823436599432,7.6443895512158e-09,6
"20123",0.974434228958585,6.74480664723961e-10,0.000786641512100009,1.75713696366563e-06,0.0245639549910076,0.000153050082383482,6.0364272585677e-05,2.37189440691741e-09,1
"20125",4.54968883298419e-07,4.99204585021692e-06,0.000846053048385409,0.91183928600483,1.61689845981217e-05,6.61271511783709e-07,0.00137684424514577,0.0859155394307959,4
"20127",0.000859395847245958,3.61279844994365e-09,2.12182338185302e-05,1.20421865445157e-07,2.80457675176011e-09,0.996065103606753,0.00305397183231926,1.83640622916397e-07,6
"20140",0.00180734601476609,1.09322543166457e-05,0.993082475903905,0.000524476505011159,0.000711757667566985,0.000565337946829298,0.00329766145386735,1.22537369276922e-08,3
"20142",4.0385858623015e-09,5.04266781471904e-07,3.93611323244756e-06,0.00330774474493967,6.73739846737356e-07,8.94322213066388e-09,1.94220193838897e-06,0.996685185951453,8
"20144",6.72303587612239e-05,2.30789144421013e-05,0.0163649850472629,0.918555013591059,0.0590600624509549,3.24633749781998e-07,0.000609085236938069,0.00532021976683228,4
"20146",0.000145986947428728,1.93450878236664e-05,0.385818460886731,0.239449122619491,0.000285862546040368,0.000142254962100431,0.0023202738381373,0.371818693112248,3
"20148",2.14526602826448e-05,9.28391447448749e-06,0.0362817336206909,0.946188434318078,4.39617715773229e-06,0.00015511220498266,0.0171976776602488,0.000141909444084853,4
"20150",4.35261752539398e-10,0.00206326174274164,4.97663621328917e-06,0.625656739671147,2.66708244697578e-06,7.08623176993084e-09,3.54250507111781e-05,0.372236922295247,4
"20152",4.17436692857178e-05,5.47694753047607e-05,0.0398348713529201,0.860073380022382,8.26714336522844e-06,0.000966781118784443,0.0989115740223265,0.000108613195631194,4
"20154",0.995498103828474,6.53619435531886e-12,4.85445518463888e-05,1.43039544535661e-07,9.00934273917077e-05,0.00432221362448298,4.04566098030499e-05,4.44911920797303e-07,1
"20156",0.00113609357097658,3.41709708680171e-05,0.433688802551183,0.00898336419303974,0.000328411257895815,0.0150281002386964,0.509332006800069,0.0314690504172715,7
"20159",7.18979931938428e-08,4.76229883122364e-06,0.000105071751700686,0.432493538918116,9.9597400250886e-06,7.76522240400132e-08,0.000103996922999062,0.567282520818111,8
"20161",9.58022739561338e-07,4.18909458705141e-05,0.00115814778436633,0.00267312197852753,7.80968596033461e-06,1.9151853747027e-05,0.000103423431732156,0.995995496297057,8
"20163",0.000414789041530626,0.000598523294744061,0.00127559266591223,0.876695834389474,0.000193973493873651,0.00201734578585103,0.118801475086998,2.46624161642603e-06,4
"20165",6.37785068955893e-06,3.28119381258539e-07,3.66083791190797e-06,0.000156908618135955,9.25845729320486e-08,0.00170502320309262,0.00114022843599086,0.996987380350225,8
"20167",1.13187011863513e-06,6.70380890895641e-06,0.000454063526044111,0.970650987023104,3.68025408614219e-07,5.26761909051533e-05,0.0221505268800956,0.00668354267541512,4
"20169",1.09012265564032e-09,1.55951615983848e-07,2.53138231401231e-07,8.16218351320861e-05,1.30746145242949e-07,4.39553329058963e-09,1.83312635650599e-07,0.999917649530584,8
"20171",0.996891179701704,5.64735166356232e-12,5.85596341434882e-05,9.05225538210574e-09,0.000260609287904772,0.00278049746294701,8.15823706877899e-06,9.86618328769076e-07,1
"20173",1.08803646394605e-06,0.759682435418913,1.72716456728765e-05,0.000239344453284628,1.9145839511188e-06,0.0403023754466476,0.00784362534615617,0.191911945068911,2
"20175",5.70934714018452e-07,0.00021064017045972,0.00223077871362758,0.938472707134671,2.54458402606231e-05,7.74649006389241e-06,0.0504917997115968,0.008560311004606,4
"20177",1.28069602589391e-06,0.489671191994141,0.000559573910828849,0.000548751654636745,4.02871345098635e-07,0.19376785488999,0.315363690944927,8.72530381054847e-05,2
"20180",0.0124808143787523,2.15261229558594e-06,0.00384802979494958,2.29945173796329e-06,1.58458155796713e-06,0.873327475772092,0.110337643387316,2.1298844244008e-11,6
"20182",1.47354690099415e-08,0.00160583599724795,2.82480034197067e-08,0.000127075420321835,0.00693483530831686,4.47624321432952e-10,3.25596349648085e-08,0.991332177283382,8
"20184",4.24214924613865e-08,2.82528762518923e-06,0.00013563952657711,0.0218501513759518,4.45708146130221e-07,9.73597892475753e-07,0.000222732941223684,0.977787189141091,8
"20187",5.98942478976121e-09,0.993615751263319,0.00252374276968634,0.000329802681950763,2.39569214175101e-07,0.000311002555448274,0.00253615046593196,0.000683304705024343,2
"20189",1.86577608756578e-06,0.00472001670960876,0.00016438637155907,0.00603815059693657,3.64538071394469e-08,0.0505031266107404,0.938570776634147,1.64084711385147e-06,7
"20192",0.107872117511743,0.0156282965312345,0.000146949279482142,0.00110300538991158,0.0288463764927505,0.509956891568484,0.336444662833479,1.7003929150589e-06,6
"20194",1.6445561379238e-08,0.135087452485467,0.120298324807232,0.0466884353664614,2.80906953939375e-06,4.41806423869394e-06,2.54459635682025e-05,0.697893097797932,8
"20196",0.744163296819742,4.5057058841136e-09,0.000799494877447291,2.39892068918276e-06,1.80102483484278e-05,0.245741316895661,0.00927545446361113,2.32687944187312e-08,1
"20198",0.00111635989682456,0.000218221866633047,0.163631408001101,0.275521914763628,0.000551122063745302,0.0146472394338337,0.543829131163103,0.000484602811131356,7
"20204",1.26186883865983e-07,9.50609675176112e-06,1.18202995593231e-05,0.585365091389616,2.48201835234239e-05,9.05308480736094e-08,0.000221311987920059,0.414367233324897,4
"20207",0.463933677912457,7.19987029766135e-10,0.0151756478528802,1.24297510433558e-05,1.23229327219696e-05,0.501813533819928,0.0190365370449532,1.5849966029731e-05,6
"20209",0.000211525563303684,0.0116948850124594,0.0062207444001374,0.208227887377786,0.772236159732717,1.09288344022004e-06,0.00140713904313223,5.65987023471389e-07,5
"20211",0.994759163895975,6.31653797452882e-12,0.000999130231144457,2.8206976588293e-06,0.00415340579305953,5.21000444136288e-05,3.33640217058243e-05,1.53097258022246e-08,1
"20215",0.000499260045727082,5.91560484146838e-07,0.890127621793432,0.00055653493100689,5.01975563078128e-08,0.101429620538484,0.00738158045187953,4.74048143007878e-06,3
"20218",6.45615654148318e-09,7.23291078614328e-07,2.03878423407443e-06,0.015066065596207,7.67533935503069e-07,1.37074382524861e-08,6.92202273338269e-06,0.984923462608217,8
"20222",0.405665546234914,8.89995740406383e-09,0.0313457040195249,0.00138434485214133,1.49664498576349e-05,0.537410796794977,0.0241373999047778,4.12328438501054e-05,6
"20225",7.15887952032017e-06,0.000140794508505011,0.0320287797849848,0.949497160218691,0.000805432772673982,2.12593453442291e-06,0.000162955561245366,0.0173555923398451,4
"20229",5.07597191523146e-05,4.08992824421562e-06,0.998717926423821,0.00111688953737626,6.05211492597195e-05,9.28261696229688e-06,3.68322503858227e-05,3.69837479872108e-06,3
"20232",0.00349782129468276,4.88966753885456e-06,0.511753770490063,0.00481191059022694,0.000100756233745037,0.0138963973338796,0.465930790891355,3.66349850887775e-06,3
"20234",0.174816371767846,7.6865956018213e-08,4.74998976649128e-06,2.69104981598838e-09,2.08422360286408e-05,0.823135772715692,0.00202218368285328,5.08081637492824e-11,6
"20238",0.00441342874415234,3.2345568050719e-07,0.0100468652332218,3.51825961429713e-05,1.60990669131387e-06,0.464726117453804,0.520769434283513,7.03832679367057e-06,7
"20253",0.000896318382333717,1.59426756172841e-07,0.472204210892087,3.64167950802361e-06,1.37185704519809e-08,0.523953864836104,0.00294155269114476,2.3837349554223e-07,6
"20255",2.06046846961935e-05,1.06623021645248e-06,0.00214507571104735,0.994927031867101,0.000201486237535674,8.94151644273431e-07,0.00256937208427733,0.000134469033482144,4
"20258",0.000332053143323952,3.64336384007133e-07,3.63896562918387e-05,1.06176479898893e-05,1.47522667264004e-08,0.799609582295697,0.200010965173917,1.29941298446599e-08,6
"20269",6.72567985502196e-05,1.00186177907233e-05,1.13335473540251e-05,0.00513100885300811,3.10353668171013e-07,0.100989174497344,0.874310845680385,0.0194800516519001,7
"20271",1.28842744311141e-05,0.00629726694642558,7.75778598462011e-05,2.74029601873213e-05,6.46411098472663e-08,0.763501109024866,0.230083652209913,4.2083220674525e-08,6
"20285",1.84978757986732e-07,0.975119449838435,0.00782626302204547,0.01445829302628,5.69072643493243e-06,0.000299205160578382,0.00174083954044711,0.000550073707020476,2
"20288",0.00090350291148655,9.8942983749661e-07,0.843188444611725,0.001038847412038,8.9968566417596e-07,0.0599056211344102,0.0949402713665177,2.14234483209527e-05,3
"20291",0.499852674199903,7.41167912050316e-08,0.00283758070420019,9.19747200434955e-06,0.00146195448422676,0.122454250554524,0.37338323968409,1.02878426083827e-06,1
"20295",2.35844519036147e-05,0.0631742617390876,5.83116817344714e-06,0.0127052469716571,1.08132793739649e-05,0.0783520154336058,0.840705034049255,0.00502321290694303,7
"20298",2.74490878495666e-08,2.45074225897511e-05,0.000185894514789224,0.99807794218269,4.64579394025818e-06,4.8435792784366e-08,0.000199185044858511,0.00150774915625127,4
"20302",1.52825958834354e-07,0.00160478959543094,3.58717564948928e-05,0.32407884341164,7.7332382644745e-06,1.35286153651808e-05,0.00642233026070782,0.667836750296138,8
"20305",6.67178671325946e-09,0.000743143968783706,3.76335631480905e-05,0.998848496744467,4.79072656275699e-06,3.72091759479144e-08,0.000190737512823022,0.000175153603253251,4
"20307",0.00440836905106413,3.27454318071336e-09,0.000950063578613734,8.50536752325387e-07,3.1218751121014e-08,0.889724208007683,0.104916463681134,1.06514578394114e-08,6
"20310",0.00340229599276984,1.21030233389106e-08,1.65990037124968e-05,1.8512890996449e-09,2.08109827758453e-08,0.995357550100011,0.00122351905763004,1.08058181306748e-09,6
"20313",4.04935003038121e-11,6.73284507697592e-06,5.49002457984973e-08,0.000402257098599844,6.27029628583384e-08,7.38851051994425e-10,1.66075502937598e-07,0.999590725598267,8
"20315",0.000335383703949982,6.98404367026358e-06,0.0113594042539532,6.35179404978536e-05,7.66523497483654e-08,0.643548782933059,0.344685651537552,1.98934967842776e-07,6
"20319",0.900069184565335,4.55819805400517e-09,0.00434399119617752,2.96673584526544e-06,5.49890386978925e-05,0.0949675846391714,0.000561272160019265,7.10655597170378e-09,1
"20321",0.000153815867577497,1.28776329270216e-07,0.00230593692731765,2.03990355337608e-06,1.7699422365223e-09,0.987893538422158,0.0096430757445839,1.46258853823167e-06,6
"20327",2.16284281450751e-05,8.41988304781131e-06,1.35812745514954e-05,1.93307564920779e-06,3.72501042753355e-09,0.740244777694486,0.259709615945602,3.99735081444153e-08,6
"20329",8.52798310411637e-13,0.999940672668199,1.34476665637732e-06,3.6246654453854e-05,1.1409713436278e-08,1.05635000754916e-08,7.37942267073394e-07,2.09759943574715e-05,2
"20335",0.67184304368723,4.08184127383827e-11,0.000155777783695688,2.54394141390577e-07,4.47783296660375e-06,0.314251326048474,0.013744941448026,1.78764647865601e-07,1
"20337",1.04399590223104e-07,4.79005849386909e-06,4.58148380785615e-05,0.830319567271434,8.84528047193572e-06,1.02279591805439e-07,0.000233183054802918,0.169387592817537,4
"20339",0.157344638193592,0.000153577399399258,0.525494677371383,0.00249084793935754,0.313104161979245,0.000857815039231928,0.000553202471055422,1.07960673575749e-06,3
"20341",0.979684663581797,1.2451748270504e-09,0.00205793669481637,2.27957480341572e-06,0.0101851225199644,0.00601420915245275,0.00171315751144252,0.000342629719548353,1
"20343",0.0200833784523577,5.82214691441059e-09,0.000164039589556808,2.45732334632536e-07,3.36801377928072e-07,0.976832079230588,0.00290516478005622,1.4749591581525e-05,6
"20345",1.77307441285342e-06,0.0225362516944971,0.00983597663514765,0.906922468336407,6.051264480885e-05,4.46463716565496e-05,0.0605955172833873,2.85395968239652e-06,4
"20350",0.00099447974388475,0.000104275344969537,0.991877316229107,0.000892681952319392,0.00094546235696569,0.00343822803448934,0.000995244820223795,0.000752311518040333,3
"20352",3.2061587278014e-09,1.32731607388646e-07,1.00445322013057e-07,0.000201351322173841,5.90275649736439e-08,3.12488381847573e-08,9.16485193624681e-07,0.999797405533141,8
"20355",7.64850585031947e-06,4.40786515980378e-05,0.000325263885741973,0.00935135422529482,3.80288632710625e-05,0.000108379751715341,0.00207416753398469,0.988051078582544,8
"20358",1.25469508691892e-10,0.974537432899643,1.34778160482539e-05,0.0196415126264641,1.31664815677588e-07,2.63238844735458e-07,7.15891409260651e-06,0.00580002271462229,2
"20363",0.000374804055119516,6.30779495187648e-08,0.00487071310418695,2.19799647363694e-05,2.6764179354125e-09,0.955139301914844,0.0395911219559819,2.01325076329848e-06,6
"20365",0.795891899411377,4.05542432602668e-08,0.0635148496538545,0.00412584745117105,0.00209767205911875,0.0211905622023422,0.113178783821683,3.44846210473471e-07,1
"20379",8.10845339209386e-06,0.000143287229448634,0.000230177400477846,0.97510651186544,0.00782742090637332,7.80305829981699e-07,0.016070226237876,0.00061348760116168,4
"20387",0.0146854041524265,1.97572989048848e-08,0.000245295643239553,7.32052520618526e-05,6.8513498374732e-07,0.491663801641657,0.493331500391067,8.80272649606809e-08,7
"20392",0.9985793957651,4.28315440464199e-12,6.05169177388336e-05,4.41246488792829e-07,0.00120148127133323,0.000125603596581682,3.25607704800185e-05,4.2799441663451e-10,1
"20395",2.77733989238168e-05,1.68092469715433e-05,0.385362948126733,0.564726771167388,1.80414167569801e-05,0.000252361278141689,0.0488842052015159,0.000711090163568315,4
"20397",1.80106041409829e-12,0.99803664843742,3.49529761151523e-08,1.4251700943357e-05,1.83877929804748e-07,1.60604880749213e-09,4.74029046204283e-08,0.00194883201997638,2
"20410",0.000664794548169518,8.9080730521973e-05,0.000737374512395351,0.00102322776700718,2.13434164452042e-06,0.123953891998147,0.873529492439994,3.66212035848255e-09,7
"20414",4.14148178035038e-07,3.97501822359372e-05,1.25253185307912e-05,0.798011616622698,1.71375226015539e-06,1.20878648663021e-05,0.00415493700704026,0.19776695510419,4
"20417",0.718435006397417,3.08023440862571e-06,6.14424942835393e-05,1.23797324454043e-09,0.000895823208740442,0.28058362268592,2.10231912124363e-05,5.50043952204506e-10,1
"20419",3.23401031570217e-06,2.67949106171013e-06,5.41427336568213e-05,5.42975205050125e-07,5.40133933820138e-11,0.968413448186309,0.0315257923357553,1.60213682640455e-07,6
"20421",0.000778626871836833,2.02963952354514e-06,0.00045500126609893,0.14674336737158,0.0194213910402357,2.49917605029871e-05,0.0303771686126609,0.802197423437561,8
"20423",2.30739342911581e-06,2.85384122255428e-06,9.86362946757769e-05,0.637112150459754,0.00016957757230524,7.96917076115004e-07,0.00296386665168739,0.35964981086985,4
"20425",2.20262597263045e-05,7.90703812986519e-07,0.0252484014568077,0.289701314971583,3.2258696883987e-05,7.34534238653107e-06,0.000334500740607906,0.684653361828192,8
"20427",9.4048457500211e-06,3.21355568698792e-05,0.00553680484467364,0.705755369009048,1.01707635423481e-06,0.00104723818305611,0.287470822195301,0.000147208288947686,4
"20429",0.00335769848802413,4.83401470709236e-05,0.0176577303645012,7.43748232889953e-06,1.43182696678487e-05,0.848955984722471,0.129796361281728,0.000162129244207971,6
"20432",4.83923477665334e-09,0.000318947209551775,5.72660786663059e-06,0.241264165215799,3.86229401851882e-07,5.42393769363732e-07,0.000115775767684251,0.758294451736693,8
"20435",0.00611212153640909,3.2334174073118e-05,0.0495729809232792,0.0176797165985719,0.000396649916276523,0.0253509523696636,0.9008536606633,1.58381842606116e-06,7
"20438",1.37516363925237e-05,1.25565641087824e-05,0.0263554742962967,1.50316440631144e-05,1.58044592239139e-09,0.957746755218779,0.0157345347400417,0.000121894319872804,6
"20440",6.5418730742221e-05,3.67414544156959e-06,1.21276035702938e-05,9.01289247936162e-06,1.10420572118542e-08,0.802909167299943,0.196995798640684,4.78964508321769e-06,6
"20443",3.72236110808118e-07,8.62380937814551e-07,0.000439640025943009,0.00020162327113253,2.17173605772118e-06,3.04723403221414e-06,4.60186635133303e-05,0.999306264452273,8
"20446",0.00157506767944279,0.00166067342270917,0.00962001553024174,0.373601840522767,4.40406812007677e-05,0.138803092064167,0.471279302382548,0.00341596771692333,7
"20449",0.00172964909912977,1.32518998638911e-05,0.779919324610908,0.00862806942048031,4.72811966319382e-05,0.011124461829581,0.198535500506563,2.46143684164149e-06,3
"20537",0.402670734587743,2.23534091717838e-07,0.000349686252799108,0.000814775677255706,0.00352134210959407,0.073738243917034,0.518837705910501,6.72880109809727e-05,7
"20540",0.984723531405273,2.58419107933895e-10,4.18991632721064e-06,2.49400672714203e-07,0.0137200624876979,0.000643698084593079,0.000908267987507292,4.5951009007019e-10,1
"20543",8.3257887762205e-05,6.13002316466897e-06,0.000584118699257556,0.132642082566488,1.43030058942217e-05,0.00123885774036138,0.864609453747867,0.000821796329204663,7
