"","V1","V2","V3","V4","V5","V6","V7","V8","V9","V10","best$classification"
"19811",4.90305842415951e-08,0.920925412802796,0.000745091083449946,4.11408252070077e-08,0.0239722671789623,0.000377037426401944,1.75464723702976e-05,2.15402910663613e-10,0.0538258360604219,0.000136718588784781,2
"19813",1.08085510497139e-09,5.26830844019585e-05,3.07269498847225e-07,1.45834111845441e-10,0.999946158434576,1.00513472826698e-07,3.79935393429775e-09,8.96892854611649e-09,7.24223877509613e-08,6.64280690856844e-07,5
"19815",4.58178262711967e-05,0.959107555272791,0.00659582969812014,0.000379255760365827,2.79385907813169e-07,0.00918685091614998,5.37597459194129e-08,4.77119117996866e-10,0.0227164246845775,0.00196793221895185,2
"19817",1.91087476763336e-06,0.653823394187967,8.27496056315705e-05,1.00016816831581e-05,2.92565285716476e-06,0.00319386767589783,1.31904028598463e-05,4.19046154112346e-11,0.338981871165072,0.00389008871135929,2
"19819",0.802693678674639,9.34576527372236e-07,0.0119499918523178,0.134443629729215,1.78580040771213e-11,1.17883173241138e-05,1.72678114122383e-08,0.00455743627511115,8.18375011000993e-07,0.0463417049141846,1
"19821",1.67416535990751e-05,0.402932789907431,0.0020266041887987,8.4411906506705e-08,0.0133001965431569,0.000274804856582884,0.00208332468782013,1.28076837896718e-08,0.574547228015555,0.00481821292746639,9
"19823",1.05907417779109e-05,0.695173648834491,0.0035101295476458,0.18337330724153,9.43774641177963e-07,0.000319472512429583,3.32311075324007e-06,4.70835922803504e-09,0.116316731830479,0.00129184769789331,2
"19825",0.00595910089034166,2.15564593846652e-05,0.00016327325861251,2.26979200409411e-05,0.000854375180719328,0.00166636492603529,0.90765627720553,0.0773185137606479,0.00211312694782197,0.00422471345086591,7
"19827",1.00617902509357e-06,0.00500194467051249,0.000147447805730382,1.48185104723223e-05,2.94392296877453e-08,6.03823139745973e-06,0.00940243917739334,6.36874016994909e-10,0.985021148611034,0.000405126738331175,9
"19829",0.064083394306489,6.75525943862173e-06,5.01265612891933e-05,4.64904031583143e-06,2.23329564577013e-07,7.92689201910738e-05,0.000927652253864792,0.000319295198678393,0.000442962607744064,0.934085672522424,10
"19831",0.124211946114872,2.70812700218161e-05,0.0286813914016022,0.137661129535763,9.87899013224787e-08,2.15137655971079e-05,2.54769327145703e-08,0.0171459461184128,1.24573583478107e-06,0.692249621791061,10
"19833",1.57697364660649e-06,7.89462710888518e-08,1.0365815103442e-07,0.992109342198591,6.55365146043403e-07,0.00212131978108455,1.37292035744421e-05,0.00575279078910354,1.66446575460694e-07,2.36637856155595e-07,4
"19835",1.67416535990751e-05,0.402932789907431,0.0020266041887987,8.4411906506705e-08,0.0133001965431569,0.000274804856582884,0.00208332468782013,1.28076837896718e-08,0.574547228015555,0.00481821292746639,9
"19837",5.93820250094635e-06,0.0545050405282426,0.000197654479262354,2.67416079450408e-06,5.75628325166726e-07,2.16968669558418e-05,0.000821172875780264,2.73732636275041e-10,0.933093455120758,0.0113517918636475,9
"19839",0.0308105766365151,0.000100941181403679,0.467754259083419,2.88686284630709e-06,0.000499543877195955,0.000557053513730675,0.015954484091342,0.125976491897438,0.00128494536037764,0.357058817495731,3
"19841",3.37993400671236e-08,8.71169880046325e-09,6.10270742945404e-08,3.0261633717335e-10,4.54413850155916e-06,4.51937616871823e-09,0.999874655801355,3.21042030702823e-06,0.000117240853285332,2.40426445772959e-07,7
"19843",0.172511093444666,1.76714244855216e-05,0.0445132984192727,5.95267783744252e-06,0.00588099451947148,0.00110327121988661,2.71673682659884e-09,0.758647998856823,1.16724377986013e-08,0.0173197050483824,8
"19845",4.67738357294256e-09,0.196208674435745,1.51164605364177e-05,1.62867207929944e-08,0.803105733017824,2.54205427572002e-05,2.73051386959369e-07,1.4405036012363e-10,0.000640594288319587,4.16709527629781e-06,5
"19847",3.13236306068004e-05,0.984266845852061,0.00393206989780247,1.28742934572699e-05,0.000957844127493575,0.00217814157753894,5.31369503378245e-08,1.53235349000942e-08,0.00232687623595541,0.00629395592459981,2
"19849",6.95613195359675e-11,0.000114826430717806,2.53581344487742e-07,5.15063136904184e-11,0.999884598880825,1.44603724353601e-08,6.99071505990769e-09,4.90688571773427e-10,2.63794005553935e-07,3.52502640502907e-08,5
"19851",2.57380500809158e-07,0.960304522027343,0.000146122122972693,7.00412852555511e-06,4.31311937676476e-06,0.000284655012084629,1.72659206764796e-07,5.61500910900654e-12,0.0390703201749327,0.000182633369441454,2
"19853",6.68047012750263e-10,0.957057737120102,2.90848551446733e-06,3.47524790669642e-05,0.00592704022530308,1.83817015325592e-05,3.99545301115965e-06,5.243329567794e-12,0.036952715675093,2.46818708602925e-06,2
"19855",1.10024267093806e-08,0.589206035744768,1.30356928100851e-06,2.17132789418641e-06,0.000612929825163281,0.000100192963487556,0.000106278630773851,4.12356676499433e-12,0.409708716768996,0.000262360163085723,2
"19857",8.24800429470647e-05,0.28127727641638,0.000791591296706204,3.93477557658845e-07,0.0109867203086322,0.00601717644811744,0.00178975789827206,9.54073234577025e-08,0.264033775664428,0.435020733039636,10
"19859",1.22200772508707e-05,0.208660785158131,0.00032781326291417,7.88338269841597e-05,4.98642948805259e-06,0.00211430195777941,0.000627646413656182,3.94353226292843e-09,0.747343143514295,0.0408302654159689,9
"19861",2.21066160438478e-08,0.964875367255126,0.000303872164912459,9.78153372237957e-08,0.0308639692420421,3.72533045606877e-05,1.54812215449971e-07,6.47214536721901e-11,0.00387869380528295,4.05694291860096e-05,2
"19863",5.84210025035362e-11,1.71121708923532e-06,4.30733625041562e-08,3.37873198676887e-11,0.992617657794554,6.27083910033106e-08,0.00736251701261321,2.10378760469394e-07,1.77855111334227e-05,1.22118880702541e-08,5
"19865",2.72568361157203e-08,2.45483063909088e-05,3.19855767629105e-07,4.66032779740687e-09,5.711405108311e-07,4.03040520091336e-06,0.882900737973417,1.59722258618513e-09,0.117064963821009,4.7949833173718e-06,7
"19867",2.34669607944069e-06,0.996737938988666,0.00133739098565815,1.78696993468562e-06,0.00050390015222168,0.000494211983080855,2.77783066510646e-09,3.38463581265699e-10,0.000765858069047415,0.000156563039017286,2
"19869",1.00491633719023e-10,0.00712420785099828,5.47422067007123e-07,2.12080698846026e-10,0.992636614445801,1.46811321803063e-07,2.11156164143832e-06,3.02247792650346e-11,0.000235984702675108,3.86862698195245e-07,5
"19871",2.52254323354198e-05,0.0414434966034381,8.48498196361713e-05,3.71910472421139e-05,3.22244253511619e-07,0.000382192124243527,0.00134598364532936,1.48191180579381e-09,0.864721515572968,0.0919592220286417,9
"19874",4.03434912381492e-08,0.00387369769428214,7.0497061321145e-06,1.12650731690724e-06,7.84957600511345e-07,0.00015192595220759,0.0597914060922206,3.73843781737418e-10,0.936155762656855,1.82057160497916e-05,9
"19876",1.76571748864174e-09,0.0288903785250058,2.20060557433429e-06,1.92636429039312e-08,6.59928906619522e-05,2.8755490618942e-06,0.00746851839452259,3.57395289426329e-12,0.963559079591901,1.09334103377344e-05,9
"19878",0.00116615584741464,0.000250075178765883,0.00116971595087869,8.49739133170082e-06,7.2674480395315e-07,0.997341737819435,1.10337843459438e-07,3.04328259880058e-05,1.06189337015137e-05,2.19289698375686e-05,6
"19880",2.04232566920416e-10,1.87540766077824e-05,2.72812637758738e-08,1.08565575485824e-09,8.03887337215242e-06,5.28920925228266e-08,0.923584981407709,8.19495011923088e-11,0.0763878132362028,3.30860914644448e-07,7
"19882",6.64079903673787e-08,0.826023453848725,7.97076917756357e-05,3.81842491726804e-07,0.141679060254183,0.00249481763131134,2.81006929783117e-05,8.23557766676276e-10,0.0296757022906269,1.87085163602846e-05,2
"19885",0.000239633068321385,0.568668742815335,0.0026111209496728,4.8463524171679e-06,3.94082343598959e-06,0.00739607825754024,1.58006414739142e-05,2.07185719279126e-09,0.258494424736216,0.16256541028373,2
"19907",8.64371412766343e-07,0.986569418450933,0.000117572975917345,3.36698027104467e-07,0.0101830880355481,0.00101367199358088,4.23960135614454e-08,2.42107500817857e-10,0.00204550236054866,6.9502475911187e-05,2
"19909",0.0163177094948109,0.000440066332509357,0.00618644224143089,1.79754166005886e-06,8.1267121111418e-06,2.11852453559385e-06,4.03681945034841e-08,9.4740153630842e-06,2.03692558582704e-05,0.977013855513526,10
"19911",0.00999128343105807,0.000117501059105386,0.00622212228760005,6.60863347241171e-05,9.15891882365208e-07,4.60734236932509e-05,0.00120200077263727,0.000250749266107007,0.00224374004515411,0.979859527488038,10
"19913",5.62011791091795e-10,1.18940244251091e-08,5.02005898163106e-09,1.39951375149014e-09,4.37315123077881e-08,4.91499431076131e-09,0.999417934789387,1.2701012212593e-08,0.000581946301763491,3.86857215933845e-08,7
"19915",2.18402657221818e-08,0.00678290936376259,3.27860807422639e-06,4.93469015865167e-07,1.61154646143754e-07,2.09437364904303e-05,0.00704982077853283,1.13338680885104e-11,0.986122051366038,2.03196718404887e-05,9
"19917",2.97550666973484e-07,0.000224604451163557,7.11915474170435e-05,2.93702275747947e-07,1.14667387405291e-06,2.96617293574766e-05,0.699378894858905,4.49460919330414e-08,0.300165469094783,0.000128395445465698,7
"19919",1.18055426575879e-06,0.0205021117403709,5.12974873686936e-05,5.78766613110746e-06,1.40308277987856e-07,0.00133713248671584,0.00328119314294394,3.72148040122859e-10,0.973947857647547,0.000873298594230464,9
"19921",8.94836730262235e-07,0.991846725899179,0.000471226364948786,1.50659723007851e-06,3.28158813398177e-05,0.000780202071779928,2.18218634912405e-08,2.68890985408279e-11,0.00647075464052041,0.000395851859519788,2
"19923",0.000335268095011014,0.0719554995017763,0.0192934124223276,0.000686742187268583,4.6581836871037e-06,0.907522986187602,1.59968722814181e-09,6.75236282227225e-07,6.47436129254665e-05,0.000136012973432456,6
"19925",6.2232042394126e-08,0.000919945583793805,4.68780675668851e-06,3.18583767008188e-07,1.96424812139428e-07,6.02008518757381e-05,0.166212965260302,4.08376728285646e-10,0.832778122140705,2.35007075692784e-05,9
"19927",3.00605905653432e-07,0.855215547138151,0.000101728151947279,4.83412324131318e-06,9.70660344782647e-06,0.000122164191304548,2.0020642211691e-06,7.70832051210875e-12,0.143510055491464,0.00103366162260927,2
"19929",1.00305314576141e-10,2.54301176914376e-06,9.31790069091339e-08,5.24924759386739e-11,0.30068869630757,1.2816638175719e-08,0.698746251478323,1.40570712014048e-07,0.000562196228112228,6.62550709480331e-08,7
"19931",1.72775553834411e-05,0.514284247117363,0.00703258701661209,7.36469562385938e-05,3.15499076920224e-07,0.000662720903395287,1.93031777340945e-05,5.87009439650361e-10,0.473100376175056,0.00480952501213177,2
"19933",0.050810100334215,0.0150691668059604,0.112256630731665,0.000294339834269941,4.44747789973506e-08,8.12911520334105e-05,1.56785267204084e-05,1.33057073635357e-06,0.03204805676744,0.789423360802181,10
"19935",0.00358261684057304,0.409657408228966,0.417288404759088,1.50368001892661e-06,0.000255911069283301,0.00691533098086633,4.96079710775516e-05,8.6356063773231e-07,0.0802458113489435,0.0820025415605447,3
"19937",3.93086172056964e-06,0.968357606789713,0.00050557713603265,0.000134433100909272,4.33442528656086e-07,0.00106620861824214,5.87096802705789e-08,2.96525136522025e-11,0.0291218757489792,0.000809875562541599,2
"19939",3.26932651214532e-05,0.369614169767974,8.97950495728592e-05,3.12175672292279e-05,1.83184791221474e-06,0.366684886557602,3.22809504338435e-05,8.30775463675313e-10,0.262344302247996,0.00116882191538327,2
"19941",0.0239097651952368,9.26181012995731e-05,0.272213348633068,7.57393410482749e-06,5.54772377858888e-05,3.07713821954794e-06,0.0209734983434123,0.011860650260181,0.00348523018123588,0.667398760975456,10
"19943",6.5230590435869e-09,4.30990829331161e-06,2.50560573124218e-08,7.18238417826019e-08,3.53644257649402e-08,9.07276149191573e-07,0.939765676644341,8.65205962618939e-10,0.0602271232483696,1.84329025715032e-06,7
"19945",0.0425357647137389,0.00438436846741101,0.696918628392377,0.000440075479647008,8.97553256993905e-09,0.00104706252234223,2.58889502187764e-07,7.75027575614368e-06,0.000988229354230888,0.253677852929462,3
"19947",0.000905115531165366,0.000119737243360763,4.13487510983319e-06,8.98437038004165e-06,0.00494314270438083,9.73702975702785e-05,0.323609576201245,0.000393549587648878,0.0091370885963852,0.660781300592753,10
"19949",0.0121068979624323,0.062720801709792,0.051875036299186,0.00172316435868624,8.8769185913297e-08,0.869636790351123,1.05643005720154e-08,1.16964426291661e-06,0.000492227645445059,0.00144381269558607,6
"19951",2.05528306691186e-05,0.00756144163350647,0.00149775545404334,3.73085919856671e-06,1.98949204681612e-06,0.0336561068180024,0.0974518435135316,1.96421587642737e-07,0.8594469000299,0.000359482947514283,9
"19953",0.0405319351709784,0.000238751859752954,0.0153099917412926,0.935622869220897,2.11413888173683e-09,0.000349057506109227,2.97297449771982e-10,8.07654119203766e-05,1.47147206375467e-06,0.00786515520554912,4
"19955",0.15273407863323,0.000757386832774235,0.0484050370228464,0.026594215421229,2.83125259996157e-06,0.293433286219358,1.31810934773923e-07,0.0157962165499686,1.32979082994619e-05,0.46226351834876,10
"19957",6.18473904843793e-06,0.00259796701238778,1.69328018744916e-05,0.00116458592565234,8.09033397065955e-06,0.000176215840805068,0.359392582698331,4.77121662641322e-07,0.592514922365991,0.0441220411602765,9
"19960",0.155335502387199,3.34353720182324e-05,5.06531588257054e-05,5.13214665802661e-06,4.64624202973892e-06,0.00229364472640736,2.40872450291086e-05,0.000446352765965813,6.23214838711285e-05,0.841744224471996,10
"19963",1.53025975468131e-06,1.47137242355173e-06,0.000116033118857865,0.0191196477974656,6.32685372144541e-06,4.75053123883432e-07,0.975843972081312,0.0035442542566982,0.00135791787810529,8.37132853740348e-06,7
"19965",0.645858857274617,0.000119748659008109,0.141671564915558,7.20816799924214e-05,1.57430307980149e-05,0.127239768407106,8.78781999104314e-10,0.0277821423165874,1.6021536522636e-07,0.0572399326221851,1
"19968",1.41909574733294e-05,0.000720957072949824,0.000145883191023435,4.40806571209524e-10,0.208323622861019,1.39370157650846e-05,0.751093887680461,9.2022423362739e-06,0.0380794179982125,0.00159890053995358,7
"19971",1.37768559404396e-05,4.64509927539741e-09,1.93900989795412e-08,0.000101155596513954,1.64738933733949e-08,5.75956263203367e-06,0.998876485525609,0.000892943910964233,9.84235069408486e-05,1.14145323074082e-05,7
"19973",9.31100774270195e-07,0.364036425316964,0.000324407996427689,2.41707288476756e-07,1.65871648245157e-05,0.000329459516519145,0.000123377464609259,5.19827854524142e-11,0.63366954486337,0.0014990248172397,9
"19975",2.29915099967525e-07,0.000731633324655252,1.22715530768022e-05,6.77096272955902e-09,1.50024098721761e-05,3.22912868800376e-05,0.520825899705531,5.36006062862484e-09,0.478228129196591,0.000154530477269973,7
"19977",4.65054158140911e-07,4.64805792540659e-06,3.18557399262448e-06,4.82311916472673e-06,2.17537252556251e-05,0.000349815897965349,0.996406165468141,5.86972227837705e-05,0.00314757520738644,2.87067322710933e-06,7
"19979",0.955269812830683,6.61342474905203e-09,0.000224795323449011,2.67718117617518e-05,1.13734263170249e-11,2.31290438045572e-06,6.56950328799577e-08,0.0101249340615246,5.31126567893221e-08,0.0343512476357133,1
"19981",7.70183255521899e-05,0.304952986893892,0.00325068245517119,5.30332016121465e-06,0.00022443015425706,0.000226037044420304,6.53380439210954e-06,1.30294769052804e-08,0.0364222546800012,0.654834740292676,10
"19983",0.000514894712933416,0.563606547255585,0.000512904363584302,2.80031591553136e-05,0.000131608489792379,0.166969992552758,2.60684229447117e-07,2.48528297100278e-08,0.00615468527131305,0.262081078657819,2
"19985",4.30070936571035e-09,0.00449908113271717,1.01298656494179e-06,3.66926797061502e-08,8.22290690651643e-06,3.24158315472692e-05,0.0677716733100673,3.06106826878387e-11,0.927674016800491,1.35360077057001e-05,9
"19987",0.00100358690938942,0.0436256349773914,0.00430444520321199,2.90321600661482e-05,7.19096336879675e-07,8.68910359053324e-05,0.0017636134033603,8.34973330000899e-08,0.650077810555219,0.299108183161787,9
"19989",0.973019201699714,1.13762916631009e-06,0.0175148959727595,0.000636190872193624,1.88400395150386e-11,1.95223415591533e-05,2.15253202258157e-11,0.000550591032417213,2.21644279715992e-08,0.00825843824739676,1
"19993",0.0549343223483082,0.0146624156367539,0.00844920501226669,0.000102642264011468,9.01390327008896e-08,0.737526138446846,0.000851399146113231,4.52706719572139e-06,0.15943347508832,0.0240357848511518,6
"19995",0.0980159940474348,0.0128455390183374,0.640672112441579,5.87879042008467e-05,9.24102777371021e-07,0.0186565987499359,0.000318995384501665,5.54734461809062e-05,0.0391227585299826,0.190252816375069,3
"19997",1.38729482584494e-07,0.313507208173481,0.000752777076481428,1.26987946032002e-06,1.41807184405425e-05,0.000149744563698748,0.000224018452414395,8.14052618268423e-11,0.685148763395326,0.000201898929808753,9
"19999",5.64239675126488e-09,0.164140068698244,5.5803600727326e-06,3.25099819897324e-08,0.000418434501967299,1.33783728622881e-05,0.00139815469532483,5.05006885276511e-12,0.833932111184349,9.22340297518444e-05,9
"20002",8.49494007865175e-07,9.79257484259558e-06,0.000249827950791442,8.75332885623226e-08,0.284370309671804,3.92308634896651e-08,0.712445128356912,0.00232307905439487,0.000595977244161618,4.90888893292568e-06,7
"20004",0.016819749915997,0.00352277765776069,0.0676205152913193,4.97608207447956e-06,3.37248695777921e-05,2.83835992691577e-06,0.000198856361692717,3.3971467993126e-05,0.0073888298262504,0.904373760167408,10
"20006",0.0385962380773888,0.000551414194045868,0.000221228414390861,0.000286005856788117,0.00037949047665923,0.299922820825078,7.66822243613482e-05,0.00353083241022946,0.000173389996232143,0.656261897524826,10
"20008",0.0156148205969088,0.000350070200716674,0.774059788889341,0.000245520520422943,3.30118695122183e-06,0.200499433687262,2.45181385546333e-06,0.00896191739902609,3.76039902157579e-05,0.00022509171530013,3
"20010",0.403164062467124,0.00291512694230334,0.0622953524689615,0.0192005310673419,9.13945661956247e-10,0.389873430114693,4.46631554946137e-08,4.35230384642625e-05,0.000237084509431678,0.122270843814579,1
"20012",4.75760423229801e-07,0.0181481326777123,7.21092173830008e-06,2.87436070305402e-08,0.00794627036288982,0.00190241282111957,0.236073157789676,9.54576700395631e-09,0.735866955291653,5.5346085413632e-05,9
"20015",0.978738572615422,9.61291183383131e-07,0.00578499084761475,1.52641193467451e-07,5.12374689464951e-08,0.000878370915825952,9.85153399610503e-10,0.00452785150662712,2.53400787003697e-08,0.0100690226194318,1
"20017",4.03133390847648e-08,0.32566054442267,9.26818330365331e-06,8.15365665409718e-08,0.00175517060304294,3.07489149640915e-05,0.00084614286811382,2.196227609894e-11,0.670628152816001,0.00106985032003754,9
"20019",0.978745630595582,1.02700392764156e-09,6.62622306698586e-05,7.58543768870475e-05,9.68873057905007e-13,6.88850389192257e-05,6.68101618801399e-11,0.0200845768262972,2.29030532446618e-10,0.000958789607831003,1
"20022",0.243599690932562,0.000237409687288756,0.00800588596081671,0.000414812792214116,7.85897311727104e-10,0.00280192130163564,1.41616965981468e-08,1.6855972664817e-05,2.96590056613968e-05,0.744893749399563,10
"20024",0.583222752423525,7.38205162481076e-07,0.000124455399348592,0.310562721113962,6.4644928636392e-09,0.000159023519776738,2.42517261093607e-09,0.0949154972065185,2.33759925113786e-08,0.0110147798660489,1
"20026",0.583222752423525,7.38205162481076e-07,0.000124455399348592,0.310562721113962,6.4644928636392e-09,0.000159023519776738,2.42517261093607e-09,0.0949154972065185,2.33759925113786e-08,0.0110147798660489,1
"20028",5.92059390106667e-09,0.0548806412161321,3.61836841703257e-05,1.44701541680573e-07,2.39355205186154e-05,2.28216512184675e-06,0.00269001092545077,1.21215809529128e-11,0.94234576640212,2.10294522291182e-05,9
"20030",0.54642176105362,3.42241528656108e-06,0.0167273064054882,1.26052145229092e-06,1.42028978998182e-06,3.45595939808141e-06,4.50693958866415e-05,0.0362493650574924,1.78901676352911e-05,0.40052904873395,1
"20033",4.25429569199971e-06,0.0190896074184235,9.97039638300218e-05,6.77983315605639e-07,4.24349192209786e-06,4.10639226659296e-05,0.00697515945093596,1.07996391885618e-09,0.966944055673095,0.00684123272015576,9
"20035",0.99610549180102,3.5607558759816e-09,8.35939611407823e-06,9.21246008574624e-05,2.1189616418607e-12,9.53848001660192e-05,3.92186429580123e-11,0.00258677897150111,4.81656299975384e-10,0.00111185634659156,1
"20037",0.984409667567546,5.42937381041434e-08,0.00342801767822357,1.79222321012727e-05,2.75127119249e-10,0.000288431945400259,1.21996625819565e-12,0.0101635543497275,1.49700910807021e-10,0.00169235150721532,1
"20039",0.000291982346693268,1.44246711467406e-08,5.80476962870571e-08,0.999665930934505,2.46952311765202e-12,2.12457146309849e-05,5.70080151909645e-13,2.03332419884289e-05,9.95727028940406e-11,4.35187202804992e-07,4
"20041",0.000405265712529402,0.00180109602569951,1.58505646848442e-05,0.000467561510000135,4.90890649387731e-07,0.981289090889818,8.24129861250888e-07,5.38182197866283e-07,0.000304643843849922,0.0157146382507095,6
"20044",0.0041221903149149,0.00406400463593714,2.26998830482925e-05,0.00361182988821212,2.96496112421008e-06,0.852175448832386,9.45970643860001e-05,4.77246925492236e-06,0.00582693338361263,0.130074558567124,6
"20047",0.746388480990907,1.53820766733354e-10,0.000114634483270328,0.000347767763646333,8.97955454784797e-13,2.86796306223202e-06,3.38335924897829e-09,0.251296862563672,5.22285336160562e-10,0.00184938217507927,1
"20050",0.0693987941566589,0.000349432781568074,0.00544467718584985,0.363096893193442,3.28247873646678e-11,0.56035120965838,4.43134933583252e-07,2.77617366211766e-05,0.000353765793132432,0.000977022326588996,6
"20052",0.000417821959726848,0.0569058702541743,0.0251876993629882,0.000765844599759122,5.26767497353148e-08,0.0121580485890905,0.00130945973422325,1.31212267879434e-07,0.859424963284433,0.0438301083265876,9
"20054",0.135765647907741,1.1084394311174e-05,0.00112830010066836,8.94604001064276e-08,1.85824768465076e-06,5.406712772668e-05,2.05110284653157e-07,0.000320540743044497,2.92959363297524e-06,0.862715277314506,10
"20056",3.40413406500714e-06,1.13006077629154e-05,7.02319584328339e-05,4.76758543685703e-07,9.21137975598747e-08,8.02712569880509e-07,0.943838205099007,6.65062347792587e-07,0.0560550379181731,1.97836353007077e-05,7
"20058",0.974812385054216,2.09165294632408e-06,0.00864624337462587,0.000168635380039193,3.97577162650627e-10,5.56905031665532e-05,5.27179647489693e-12,0.000889455973112466,6.99708979723564e-09,0.0154254906619544,1
"20060",2.53009005357851e-05,0.85142262779674,0.00214566896247182,1.04750462096852e-05,4.21368793008391e-06,0.000658719265780765,3.62704901036802e-06,4.11200543034323e-10,0.144297963193995,0.00143140368612588,2
"20062",0.000377721765881755,0.726788795353667,0.0367385026896498,1.18934918229939e-05,6.43585766494989e-06,0.178921551987416,1.77480102071065e-06,1.65869107304301e-08,0.0503514872434278,0.00680182022253853,2
"20064",0.0776609895263688,0.000509896948728596,0.0634434946114108,1.37742106991212e-05,7.25618718120793e-09,8.19204422620204e-05,3.97620143105531e-06,7.09205264259606e-06,0.0013881724849811,0.856890676265289,10
"20066",0.882395659538545,7.66394452885583e-08,0.00017887048371734,1.4655218054631e-06,7.53349836135645e-08,1.14231856698624e-06,2.12770298383216e-06,0.0310247121766186,3.79392838888491e-07,0.0863954908904949,1
"20068",2.15781996677524e-07,0.981986219671872,7.75357756067388e-05,4.50196158837509e-07,0.000247059791554772,0.00222875896606294,2.66916448020809e-07,2.37216474388796e-11,0.0152536245090513,0.000205868367527522,2
"20070",5.5712459550409e-07,0.977844889520083,0.00283025757146634,0.0001794415231902,8.16667807969402e-06,0.00370944406607579,1.2838424928615e-07,2.39258377319618e-10,0.0153237444328779,0.000103370460123571,2
"20072",0.712717316070303,0.000733721456835591,0.0284500721364247,7.42689839329718e-06,0.00277291476849719,0.0097777204306898,1.00675350508824e-09,0.00875906171072688,3.18676173554652e-07,0.236781446845202,1
"20074",3.41310820270535e-11,1.05846291670529e-07,2.30052129919728e-09,9.72684074357474e-11,7.85967122862287e-05,1.54185602865695e-08,0.999428760627213,8.47602823240729e-09,0.000492501943823092,8.54387667530945e-09,7
"20076",6.00195401024901e-05,0.00232419371406152,0.000350871347423739,1.3883863693164e-08,0.313082141103093,0.000157717775720094,0.50826820820366,2.91538397472463e-05,0.0611486844225941,0.114578996169734,7
"20078",0.0341230964133523,0.0010426833805397,0.546988863656834,0.000585335465679558,3.24356992811214e-08,0.000560195581592221,1.89185174058177e-06,7.49187244987e-05,0.000599417281256414,0.416023565208808,3
"20080",0.994183366416065,1.15139614222925e-08,0.000388469976328631,5.57639843523698e-05,4.27571116181646e-13,4.31260282745007e-05,1.94399160686825e-10,0.00111684661437115,5.51246529432106e-09,0.00421240975935499,1
"20082",0.00203056184381166,1.23695660387698e-07,9.69153298414179e-06,0.997871671736604,2.41996891699812e-13,2.55165436738541e-06,5.78148865955498e-10,1.46491954167559e-05,8.24352393195973e-08,7.06673275255819e-05,4
"20084",0.051667428008944,6.73017191130462e-05,0.0600692760841251,0.00498728445860971,1.50004869388785e-08,0.00015648369383965,0.0057002503886307,0.00255664935094851,0.00704570684117528,0.867749604454127,10
"20087",0.0203378023451151,0.0021842284937318,0.948386429922551,3.52261894279976e-05,7.06574611863923e-07,0.00350299172030433,1.0495873627815e-09,4.8317016155406e-05,5.79618868966324e-06,0.0254985004998251,3
"20090",0.980039238697402,1.88481556576235e-07,0.000257916502264367,0.00140301974749361,9.63154581142367e-13,0.0163388231926577,9.16728040982835e-10,0.000661377123230295,6.98385095677601e-08,0.00129936549919463,1
"20092",0.000419022408933495,0.11234486766887,0.00823678441638168,0.797230281890917,7.55161596368578e-05,0.0711474932496281,3.13025465626608e-10,5.92268547248515e-06,1.50049399647067e-05,0.0105251062671699,4
"20096",0.00011077923150744,0.0565762447806763,0.0120648247413896,0.770444943434714,1.05354018738951e-06,0.0451129247857087,0.000385344824357647,4.33099096101161e-06,0.0903460427805584,0.0249535108899397,4
"20098",9.46338137711928e-07,0.012673577755503,1.41331838373511e-05,1.23882770589677e-06,3.04178371641549e-07,6.26386547470734e-05,0.0037628107670299,1.08503127524042e-10,0.982798084601792,0.000686265584372483,9
"20101",0.86612986509295,6.63324146560199e-07,0.0110892548382563,0.000405715798843589,1.11552219813401e-10,0.000328007705950119,2.68879456761305e-05,0.00927446264456137,3.04402079988616e-05,0.112714702330065,1
"20104",2.85273056276363e-07,0.602147318473883,7.83365750928697e-05,0.115633778418316,0.262831842020457,0.000627923039959323,6.64959436262562e-05,3.86630473681249e-07,0.0171272165429436,0.00148641708219198,2
"20106",0.857453616333431,9.43707464501439e-06,0.00267514949997361,8.27003539868599e-06,3.30672515334822e-10,0.00446900507014071,3.29900856455144e-06,0.000153357183525108,7.57780466316015e-05,0.135152087417017,1
"20108",2.26584450190374e-06,0.226116963418071,0.00539919596651346,6.02212007796696e-07,6.04847774545628e-05,6.73956940980721e-06,0.000629405391185302,9.26515655377716e-10,0.764206628017189,0.0035777138771513,9
"20110",0.000198392206926145,0.0114073350849113,0.00162532842704772,0.174615862044567,1.80194886751716e-08,0.369629219583405,0.00914808041654367,1.79765108806027e-06,0.431795857080539,0.00157810948548325,9
"20112",0.629746754811174,0.000770601839550495,0.100110498126588,0.00403952878745225,1.05569929926822e-09,0.250708258879389,4.10598318548327e-07,0.000112403572450799,0.000378333361048651,0.0141332089683299,1
"20114",0.0101855231100574,0.000181908517788243,0.00877389959417636,0.000193554636020391,5.51627787315393e-08,3.98616293360488e-06,0.00347744059098438,3.82564621360498e-05,0.0168465501227606,0.960298825640364,10
"20116",0.0185689437673901,1.78924388333515e-05,0.00157134654523223,2.76303549124743e-07,2.22073835965167e-06,1.1193930366799e-05,0.00195111757094815,0.000329238329746626,0.000899799335194096,0.97664797104038,10
"20118",0.000576451688771624,0.013159952720373,0.00444312606730172,7.25163384559335e-05,1.5977042149891e-07,0.000124606144022982,0.00212546755506177,1.14597784116057e-07,0.437557070738813,0.541940534378995,10
"20120",0.799952233110814,5.6383679598825e-05,0.000670678017072829,0.0104020505750836,4.18630540425531e-11,0.00445687442302508,4.09965197435779e-05,7.46457984267114e-05,0.00181991980685229,0.18252621802752,1
"20122",1.16232129411647e-08,8.54713123077525e-06,1.33266832895941e-07,3.20801610411775e-09,4.47256228564664e-06,1.78526667090261e-07,0.964037892694786,4.16504527975711e-09,0.0359129173928353,3.58394290878717e-05,7
"20124",0.79859210387125,2.45302252496862e-06,0.0413361625562413,0.0010403884368934,1.11609896521128e-08,0.000634298652254267,5.80698578738807e-11,0.0218665417774558,1.0148616850409e-08,0.136528030315704,1
"20126",0.000903980445020172,5.74753031371172e-08,6.05487101407915e-07,0.993608026038482,5.86522165605805e-09,2.80314511307466e-05,1.32030133677672e-08,0.00373206898952396,1.21622413197609e-08,0.00172719888296265,4
"20128",0.127374602434686,2.02487862020353e-10,2.02712323917499e-05,0.0883081582821066,1.08737675835984e-11,2.72852721014258e-05,2.95110918385282e-11,0.784165143060959,1.30863015216118e-11,0.00010453946179602,8
"20141",2.54845341364086e-07,0.0986860092598012,3.88259770268339e-06,0.0462565910978543,2.4123349236963e-05,5.5020093038358e-05,0.00436897946048918,1.93286368675846e-09,0.846370313361722,0.0042348240019503,9
"20143",6.05182253659012e-11,2.59512236673527e-08,8.19227753374895e-10,1.69417405956198e-10,9.84779250686947e-07,1.99397193223697e-09,0.999359194412785,1.77122075841539e-09,0.000639776978702429,1.30636818129252e-08,7
"20145",0.692183712029934,0.000355980329180023,0.0206689377969469,0.00195982644531594,4.70449661678157e-11,0.00418547654511718,7.61765914562635e-08,8.66019291253528e-06,0.000232983342669626,0.280404347094287,1
"20147",0.225220729193521,3.43899485084789e-05,0.0165957126199549,2.53089080414028e-05,6.7269479018703e-10,0.000205137248694511,9.41302918694502e-08,3.22180401942807e-05,2.84077359477972e-05,0.757858001502151,10
"20149",9.54732821208885e-10,9.35397356482624e-06,8.80758381813673e-08,8.6387591069637e-09,2.59653545591798e-06,2.97793464711032e-07,0.957284282551088,8.57228608481156e-10,0.0427012494938252,2.12112604219975e-06,7
"20151",2.00038232633619e-06,0.0341223937558635,0.000303147539272881,6.79288922649168e-07,3.35201439040139e-07,0.000105604363362239,0.00137706024517865,2.01307400004211e-10,0.963718820749581,0.000369958272746494,9
"20153",2.12024564366205e-05,0.00246171065221952,0.000185627422998714,0.00272684760764816,1.35279174973278e-09,0.000758806648256008,0.0202107684317556,2.15749008007436e-08,0.973427667973272,0.00020734587972082,9
"20155",0.691999076457445,7.23104868948472e-06,0.00054649400490191,2.3035264152602e-05,2.75669212499749e-09,0.0419474089717649,1.06257025100019e-08,0.000356081539416881,9.94984225845147e-07,0.265119664347009,1
"20157",5.44007998548121e-07,0.00547627971913929,1.89283419694848e-05,1.34154134876811e-06,1.76292661274583e-07,5.91870884864775e-06,0.0137557371638552,2.35758614870492e-10,0.980664471984086,7.66020043343668e-05,9
"20160",2.27663638623508e-10,4.47013391265936e-08,3.19059149326542e-09,6.76963312873329e-10,1.38973126264108e-07,4.02020216379846e-09,0.998474768271621,1.93598195233112e-09,0.00152499787865584,4.01238552858485e-08,7
"20162",6.05173760366944e-10,6.75896421071294e-05,7.99397715904419e-08,4.22364489048627e-09,4.27879188896872e-06,1.74589315082374e-07,0.78693927036858,6.92537536174699e-11,0.212987614733531,9.87036733918207e-07,7
"20164",1.47822178649509e-06,0.00133250762218088,0.000119880174343957,6.67413541541595e-06,7.16980367243923e-07,0.000759101712814394,0.325523482536926,4.42608312040346e-08,0.672206127096803,4.99872585313117e-05,9
"20166",0.499466426664647,2.03249882436356e-06,0.0119463405049059,5.77136690487998e-07,6.65910350795016e-05,4.62484552690367e-05,0.00100585974562892,0.399828773405681,2.09415820283695e-05,0.087616208971246,1
"20168",3.47925890651943e-05,1.28417385751147e-06,0.000163779010181698,1.52106992641934e-08,0.882393319814937,1.88070487338123e-06,0.00103295566579817,0.116218240481702,1.40036477109391e-06,0.000152331984114697,5
"20170",3.67235946217313e-07,0.0079423556685496,1.05801573143458e-05,7.47538672713246e-06,9.84519503143826e-08,2.66098968041938e-05,0.00620605421480326,1.24291048363841e-10,0.984164515020745,0.00164194384286913,9
"20172",0.415017933345415,0.000377436329821849,0.00965872674081903,0.000391353151431829,1.00348866820483e-09,0.000674818862085508,1.29083292770031e-10,5.02880967655254e-06,3.41637561239743e-06,0.573871285252566,10
"20174",6.51517896871386e-09,0.119876253834165,3.8029526524104e-06,6.00694411048079e-09,0.162314648646855,7.14587234320496e-06,0.0218927238946366,1.12555619119365e-10,0.695813204011834,9.22081528349837e-05,9
"20176",9.78679409093201e-07,3.25759514477947e-05,0.000199824562868281,1.07112553664039e-09,0.999709181144598,1.5743436725676e-06,6.78894077169532e-07,4.30679548203612e-05,6.19768991852197e-07,1.14976289895769e-05,5
"20178",2.9424794694664e-10,1.58473515555722e-08,1.2913609538184e-09,1.18154301752481e-09,4.88083091279308e-08,4.86157439500293e-09,0.999202184153394,3.45769934842964e-09,0.000797712918875839,2.71856433794919e-08,7
"20181",0.512396961454675,8.31516001103737e-07,0.0016929578803164,1.21587236581625e-06,2.04393120515609e-07,8.32625235862204e-06,0.00383452311138518,0.0291384297726056,0.000132876410097946,0.452793673337074,1
"20183",9.25011966139155e-05,0.956863104160094,0.00241598607930039,0.000860136734545383,4.71788604641141e-07,0.00155309179585184,3.05907078395915e-08,5.77113735885145e-10,0.0141338106788116,0.0240808663983574,2
"20186",0.000137832251411157,0.981120639403707,0.0115757941019733,0.000505198377875196,0.000132218399463888,0.0033056777914623,7.53775444463832e-11,1.90280684101263e-08,7.17663303052664e-05,0.00315085424035586,2
"20188",5.69297813640126e-10,1.08637269472282e-06,3.24327323685111e-08,4.01846102356533e-09,1.57009993191332e-07,4.38802527830891e-08,0.984124230062034,7.99450152609901e-10,0.0158743766452026,6.82098816334606e-08,7
"20190",0.97301579238081,5.90454710123488e-07,0.00175193937360465,1.07467372290327e-06,8.23453872334331e-10,4.29290250177594e-05,6.83092052204216e-09,0.000477756262717216,2.20258002712039e-07,0.0247096899170406,1
"20193",1.03974624222581e-05,8.33803214048733e-07,0.000355474733206886,1.37348079233148e-08,0.00394996231196322,2.53154812593667e-05,0.984377807272117,0.0110264161398115,0.000249686601543454,4.09245965393852e-06,7
"20195",2.59273313372688e-05,0.0031097579955008,0.00092575059955354,3.32240649769201e-06,3.42424816121688e-07,0.00176350932134681,0.0878166746049678,7.80741749882006e-08,0.905926625951233,0.000428011290571764,9
"20197",0.626739789513846,0.000317559292095056,0.0638249307852938,0.000143577192104828,4.89215478828566e-09,0.0142472848609872,6.86309260532981e-10,5.84524518573156e-05,4.26819663087135e-06,0.29466413212872,1
"20199",1.17012039729354e-08,0.00102338191411028,7.30824322769636e-07,1.49010806707338e-06,1.98384164785776e-07,2.2929095598975e-05,0.135179310918362,1.16364884991254e-10,0.863754621328722,1.73256090832584e-05,9
"20205",3.80890653794675e-05,1.03985770907269e-06,5.00848554104935e-07,0.999662798037391,1.54965560685816e-12,0.000295345070333243,1.56667626278025e-11,1.89548169999987e-07,3.58165188167008e-08,2.00173872771089e-06,4
"20208",4.38072732402813e-05,0.195020194654598,0.00120803788545603,3.69669161030079e-06,1.00400668738049e-05,0.00157241698481902,0.000526571264037393,3.86886714947773e-09,0.794389899302575,0.00722533200792279,9
"20210",3.51180641206089e-09,0.000246613455290761,2.56125327719844e-07,2.39833088442258e-08,1.31005003599311e-06,9.63330570683737e-07,0.453857320789718,6.89447857789948e-11,0.545889719737064,3.78894793360506e-06,9
"20212",1.04243858180059e-06,0.00218396825040618,3.83812246550211e-05,6.68406765451871e-07,7.60533417580875e-07,9.48666173964244e-05,0.0970687938069474,3.98610952754659e-09,0.900526949820881,8.45649148400659e-05,9
"20216",0.203179410896865,2.80780952482426e-05,0.000431406431705529,5.9727997231833e-06,1.06942375192024e-08,3.40732632786939e-05,1.4855105476249e-06,2.71234664082917e-05,6.85691123448309e-05,0.796223869729641,10
"20219",0.0895609026337773,0.000234946021536707,0.115166996965694,0.739958285765954,1.17023291236083e-10,0.00770745367602087,1.8985239153433e-06,0.00034682627421085,0.000410344935077298,0.04661234508679,4
"20223",0.304870388989235,1.23447837867564e-06,0.0147075490176071,7.98860392249063e-06,0.000119646479063639,0.000729697139209131,9.23340360967618e-12,0.67881354373114,1.58359637984481e-10,0.000749951393850985,8
"20226",0.000526752191255188,0.00598647450582174,0.000404619771161204,9.35128805519453e-05,1.02881693846623e-08,0.988015134425757,2.71419609626539e-06,7.37957059756154e-08,0.00452602421406353,0.000444683731418141,6
"20230",0.985846977537397,2.61040918588793e-07,0.00504793415957691,6.05761629631284e-06,4.55034965589086e-10,1.2620487246714e-05,4.70627977303296e-10,0.00151367008882962,2.57520104426866e-08,0.00757245239206154,1
"20233",8.99707856339418e-09,0.000160325251433121,9.15079057798422e-07,0.999769280558088,1.7984358662167e-08,2.26177753475987e-05,1.77393187686882e-07,6.69226397248758e-09,4.65658463588963e-05,8.44228258797673e-08,4
"20235",0.621193265440235,0.000229208536972522,0.0495093188966155,0.0223205109562134,3.41893513604085e-05,0.121291397434095,1.31196146021442e-10,0.108700206933667,5.51945142858817e-08,0.0767218471251313,1
"20239",0.102163498501454,0.00661488440324707,0.473973771850922,0.000177435407715911,0.000749057825395127,0.124097712029551,4.5680506369108e-08,0.0101704681368645,1.11717076518013e-05,0.282041954456692,3
"20254",0.00619752004123048,2.86085347253695e-08,3.12062960102897e-06,0.993704334942988,4.09673337915302e-14,2.19361557703053e-05,4.30028443564783e-11,2.291334920819e-05,7.13544162120138e-09,5.01390941816083e-05,4
"20256",0.402268521149169,7.24074716635991e-06,0.00846178984428128,7.68384425855439e-05,2.35154691164648e-08,0.00012077654924515,5.98325603728606e-11,0.000997793649341266,3.26468816499599e-08,0.588066983396028,10
"20262",1.86279317898118e-07,0.00293249140165465,5.45115842361908e-06,3.39347105421906e-07,1.34278280163933e-07,7.19847628257793e-06,0.0195707407586313,7.70204239246933e-11,0.977213884313722,0.000269573909561895,9
"20270",0.0633339097890734,0.000613179298523445,0.919246262889901,9.7570339045597e-07,0.000230973861738623,3.14974357564398e-05,0.000250815134638183,0.00607409925551468,0.000836772893742667,0.00938151373772071,3
"20284",0.00131267388063345,0.328812313606404,0.0138886090888418,0.624604675435111,2.00861339854691e-08,0.0182872922544365,1.03936392145686e-07,7.47916502499533e-08,0.0112577301618914,0.00183650675850457,4
"20287",0.91849115417188,1.16705518102126e-08,0.000737127572629964,2.89457926199681e-06,1.3736260410173e-09,0.000415242076831918,8.91261656029974e-12,0.0797560392170408,7.93215383901931e-11,0.000597529249943378,1
"20290",0.000718530623274868,7.48183012292129e-05,4.67406555821612e-06,0.996807718632868,5.19275550577137e-12,0.00211173489498109,2.59399762717749e-07,1.34226838972619e-07,0.000212876567870922,6.9253282422796e-05,4
"20293",0.0107640160297885,0.000693676286604012,0.00350888177344911,0.000173656658975005,8.47858016477619e-09,2.66969369915737e-05,1.33156831223306e-08,5.49079347394849e-07,7.1358663143162e-05,0.984761142777438,10
"20296",6.6746891015836e-05,0.0255792042904847,0.0115243392033011,1.62028893996146e-08,0.0137211817721353,0.000195999576924264,0.275351037704044,2.31007611505085e-06,0.619957451507035,0.0536017127760558,9
