"","V1","V2","V3","V4","V5","V6","V7","V8","V9","V10","result$classification"
"19811",3.26657675680938e-07,0.905632552261262,0.000221952354820203,1.89113794279093e-05,0.000191538396869045,0.0719760507155919,1.48952003546438e-10,1.69803004097358e-09,0.021948413869134,1.02525182372339e-05,2
"19813",7.59599932490609e-09,6.72307004639736e-05,4.63312988789325e-08,3.05872040738817e-09,3.71702247598621e-07,8.97845418419032e-08,1.27023713671481e-12,1.47388491164908e-08,0.999932211194794,2.48918146800968e-08,9
"19815",0.000129884783997846,0.958322136715741,0.00756180633762709,5.89283946406533e-08,0.00318287182290307,0.0297859158693998,1.20102950243504e-05,1.74428035469235e-09,2.10627919341714e-07,0.00100510287471257,2
"19817",4.79307348970894e-06,0.534499085690249,0.00259402421139541,1.79493871812103e-05,0.00566452403101066,0.457092516257479,1.75602137448914e-07,2.9369406623018e-10,2.74045756708535e-06,0.00012419099579684,2
"19819",0.257203206796252,8.78303890256021e-07,1.5563419336197e-05,7.80846124441929e-09,0.0428890510946636,3.89160633044494e-07,0.695639047701923,0.00419127245664977,7.92550791789868e-12,6.05832502655834e-05,7
"19821",5.74262554049833e-05,0.336683603474581,0.000199507405538049,0.00200980247115541,0.00484023308229357,0.643984870982143,3.59353056521745e-09,1.41779110468171e-07,0.0122237605155185,6.50440724051427e-07,6
"19823",9.13716201290607e-06,0.191502197318189,0.000137917092317721,1.75203575269243e-06,0.00138125782651579,0.0617550008159448,0.000813932018655442,5.69529944780603e-09,2.83843671872341e-07,0.744398516191641,10
"19825",0.00424764488399536,2.88055298460406e-05,0.0020851945304816,0.74072975224371,0.00410292298430038,0.00159262363326857,2.46373344395991e-05,0.246267891712606,0.00091846895495957,2.05819239329208e-06,4
"19827",1.40723388286464e-06,0.00317475818080826,7.96249386096697e-06,0.0116166230311301,0.00117537620881041,0.983972848711811,5.0482183160896e-07,1.12233202294414e-08,2.52756246181575e-08,5.04828189196846e-05,6
"19829",0.0501645297205029,1.21329205323078e-05,0.000174213765431472,0.00118478852636708,0.9455121884592,0.000504302557976138,4.77833770257282e-05,0.00239968910977045,3.36602217568276e-07,3.4960976203871e-08,5
"19831",0.111653015442922,3.89841487441563e-05,2.71626532672133e-05,1.61159304445199e-08,0.743962224637222,9.2373294953397e-07,0.121663456134471,0.0197494664395944,6.68357360316842e-08,0.00290468385916441,5
"19833",5.64787600793267e-07,7.98508620741602e-08,0.00348042066125354,1.53718301960498e-05,4.10638358596142e-07,1.32827750323374e-07,0.100235845295494,0.000713556006031001,5.23175091434207e-07,0.895553094927362,10
"19835",5.74262554049833e-05,0.336683603474581,0.000199507405538049,0.00200980247115541,0.00484023308229357,0.643984870982143,3.59353056521745e-09,1.41779110468171e-07,0.0122237605155185,6.50440724051427e-07,6
"19837",1.05476633878571e-05,0.0350861726899627,2.01989690148709e-05,0.000896261648924719,0.0175508374554778,0.946427377181582,1.04344693994263e-07,4.40991839050376e-09,4.88529598675469e-07,8.00710743958045e-06,6
"19839",0.0291801088348492,0.000126683848642022,0.000510347813641897,0.0071071772070463,0.332584617122988,0.00061193341922993,2.16692431480773e-06,0.629587596062209,0.000289172175988378,1.96591090102235e-07,8
"19841",2.74962431841536e-08,7.75765009284661e-09,7.36899278959891e-09,0.999866206754119,4.35190954164887e-07,9.02801219985743e-05,1.53310519667063e-10,3.8049753178334e-05,4.98522265352458e-06,1.80899618718845e-10,4
"19843",0.435694921842789,5.67653903486979e-05,0.00092216987572722,1.40608078435512e-09,0.00830761302231682,1.05542521811748e-08,1.30438091031672e-05,0.549683988002463,0.00532128220654473,2.03890374450558e-07,8
"19845",4.08984934503156e-08,0.191613478117345,1.21067037740984e-05,2.98220110224563e-07,3.87580875850851e-06,0.0010068038971207,4.24889017044731e-11,4.63961048521529e-10,0.807354247379135,9.14846881286626e-06,9
"19847",0.000117465271808853,0.99069250853792,0.000963983537170601,3.96777608557e-08,0.00492799575870537,0.00254763754521268,2.38445848698924e-07,4.03795847601775e-08,0.000649818402006144,0.000100272443982072,2
"19849",6.50176100805378e-10,0.000129825033728208,6.6921833984557e-09,6.23276429963805e-09,2.77145103517714e-08,3.68370610643953e-07,2.06838005490284e-13,1.19267907865347e-09,0.999869736017377,2.80957635591928e-08,9
"19851",1.24402060591936e-06,0.930180718781033,0.000236080735819144,2.59705711306461e-07,0.000342977937856156,0.0689775441519495,6.5205630462513e-08,3.77506158264581e-11,4.40483353975353e-06,0.000256704590103893,2
"19853",5.17128263467956e-09,0.817831332453501,1.76233266051436e-05,9.19600285401173e-06,6.6166464184828e-06,0.091802897092945,3.46738533409308e-08,2.31683262112903e-11,0.00839925990167019,0.0819330347077017,2
"19855",3.7285867376744e-08,0.360253570514756,7.5474230285405e-05,0.000176981297563285,0.0003663034796608,0.637926540361057,7.20342025978191e-09,2.64574230820749e-11,0.000673319926175045,0.000527765674757591,6
"19857",0.00023435998131931,0.30955688438814,0.00486228260712943,0.00197187277444498,0.367135100563091,0.303913075643051,2.00078592897742e-08,8.47807671896956e-07,0.012322433096546,3.12313074656539e-06,5
"19859",1.98590597554064e-05,0.155906040636567,0.0018245717263237,0.000725604832570425,0.0620206237502874,0.778988216999246,1.89555564265748e-06,2.92484291365587e-08,4.17083352342459e-06,0.000508987357654989,6
"19861",1.9611079650105e-07,0.965437157442528,1.95537356755887e-05,1.70351508862599e-07,5.18830448769929e-05,0.00611003687108568,2.83563375304773e-10,3.39223021936274e-10,0.0283488781929543,3.21236277874621e-05,2
"19863",1.71129000583735e-10,1.57661850048659e-06,4.26277815776594e-08,0.00671133695231999,1.45811852609651e-08,1.66744741273137e-05,3.45890767436916e-13,8.46260449008047e-07,0.993269500691407,7.62275417215171e-09,9
"19865",2.28834816500117e-08,1.41486259938356e-05,4.28867184032773e-06,0.913246502513878,8.092616902507e-06,0.0867264187112152,2.9911725556112e-10,2.27674392568513e-08,4.89094186524305e-07,1.38159454468235e-08,4
"19867",1.28749699926635e-05,0.998250453282306,0.000218530141647945,2.2851580956778e-09,0.000135801023089601,0.000997586282156153,2.1525686246366e-08,8.81424517998966e-10,0.000356421659410539,2.83079491285328e-05,2
"19869",8.04296148766651e-10,0.00565136994128195,6.85792043612098e-08,2.20775965726605e-06,3.61705076199617e-07,0.000329890118823104,4.28096207262399e-13,1.54315113247286e-10,0.994015867726905,2.33210012727992e-07,9
"19871",3.07595911029153e-05,0.0274611500666679,0.000398927991289083,0.00159683186664562,0.126169916489807,0.844267155939303,1.91226099633957e-06,1.45691860928089e-08,2.8627341630168e-07,7.30449515860669e-05,6
"19874",5.25271933499774e-08,0.00245270552402421,0.000157433704788678,0.0770717307153493,4.58543736206483e-05,0.920254583931891,1.88359796933279e-08,4.05602258767394e-09,6.69868936455681e-07,1.69464621945787e-05,6
"19876",4.31541920200856e-09,0.0134807313096291,1.96569464126457e-06,0.00853999432642837,1.79118957151996e-05,0.977903605350297,7.80526481970952e-11,5.12079089309836e-11,5.36161998572933e-05,2.17077875217006e-06,6
"19878",0.00187598966999715,0.000622598492087186,0.997419899299255,9.8316690143392e-08,2.61076711128132e-05,1.20261392548558e-05,7.05355919029558e-06,3.48476256189039e-05,6.63371639599756e-07,7.15855153957044e-07,3
"19880",2.20232893858239e-10,7.61396964148289e-06,4.6281366719134e-08,0.944429065047401,5.66657615405514e-07,0.05555626584754,1.2469151877923e-11,1.1714573049788e-09,6.40510502151094e-06,3.56872551056775e-08,4
"19882",3.82338932953026e-07,0.805722906744055,0.00152315298188523,3.45767820588158e-05,2.24845067399191e-05,0.0446567521413653,1.58438450094512e-09,3.01403220982784e-09,0.147949027838597,9.07120679495886e-05,2
"19885",0.000533923218162467,0.542054627788724,0.00582169134396495,1.59854492709231e-05,0.167577919814791,0.283985454825544,3.62952104751906e-07,1.74909895129484e-08,3.37903834802955e-06,6.63807810032714e-06,2
"19907",4.96043631231821e-06,0.987295699567916,0.000489044862126439,4.29658970040325e-08,5.34564962917201e-05,0.00307622048082981,4.30363031846814e-09,6.3858386335314e-10,0.00907033698775231,1.02332606599452e-05,2
"19909",0.0554009786508613,0.000966200161892743,3.09203619517604e-06,4.29781044519387e-08,0.943510823755402,3.02235468726738e-05,2.91870715535841e-06,7.45031636557621e-05,1.10741897299382e-05,1.42810130392051e-07,5
"19911",0.00813738593155001,0.000117055729813285,5.54840347439886e-05,0.000790442513453543,0.987982531584006,0.00137145553650378,3.34992369792399e-05,0.00150686868124737,6.90723264454118e-07,4.58602843800026e-06,5
"19913",3.11152198984485e-10,6.49728912138979e-09,7.07882602945616e-09,0.999632923564492,8.55782216341738e-08,0.000366800979526432,1.2019528113735e-10,1.35104027579154e-07,3.73880423689084e-08,3.37822691278265e-09,4
"19915",3.16572392245181e-08,0.00358299860223702,2.04119271610077e-05,0.00898523324032213,4.43626709658312e-05,0.987359680504172,6.66694570629503e-09,1.47911532786264e-10,1.34043739288253e-07,7.14053930652749e-06,6
"19917",3.42386625850915e-07,0.000172898518089581,3.92034859408075e-05,0.759511970375268,0.000342072909704065,0.239930252515467,1.26230295626814e-08,7.17184152839284e-07,9.95527335672122e-07,1.53447438751631e-06,4
"19919",1.5439690755966e-06,0.0146755548642888,0.00139487199371022,0.00411082465839311,0.00177414811479752,0.97801578623567,1.80329257971171e-07,3.75553394250845e-09,1.18914729544378e-07,2.6967164543134e-05,6
"19921",4.47890256862543e-06,0.989639579224691,0.000472142427030846,2.3800117566467e-08,0.000465660829906591,0.00935599001984865,1.64577304030878e-08,1.2131639670698e-10,2.77930118923308e-05,3.43152048980498e-05,2
"19923",0.0011839593886129,0.165428336455854,0.832124742148057,1.7881046803022e-09,0.000223598562434242,0.000103033314006873,7.26524997419256e-05,7.532544666742e-07,4.24943338707537e-06,0.000858673155334504,3
"19925",7.26656159220657e-08,0.000599790518910366,7.32160803743633e-05,0.215724368850797,5.87350555479802e-05,0.783541201734622,9.07617638574238e-09,5.93174283481408e-09,1.81437539727624e-07,2.41864867366996e-06,6
"19927",1.30857706009502e-06,0.752567297405755,0.000111027359284834,3.1683564609433e-06,0.00189403097696296,0.245216091131623,4.87572569921549e-08,7.06659350026577e-11,1.04974875447414e-05,0.000196529877385863,2
"19929",2.46302549431214e-10,1.90283873783742e-06,1.09121573193517e-08,0.68516154979228,1.00852546296533e-07,0.00049591260086954,5.74535676612453e-13,1.25824068660885e-06,0.314339254707582,9.80826303700208e-09,4
"19931",4.27285940298986e-05,0.434657231297354,0.000614811207140267,2.14967475235631e-05,0.0102269822600204,0.554142026697191,1.97242309791013e-06,5.81236002137758e-09,2.46580883069128e-07,0.00029249838039975,6
"19933",0.0599828517390703,0.0130336434515406,8.3673675380736e-05,1.07673026881202e-05,0.901956753803208,0.0247407648884451,0.000171660144685635,1.08631204672763e-05,2.87741977282153e-08,8.99310031673714e-06,5
"19935",0.0160744746992624,0.744508204723573,0.00741017702110831,5.1228547883821e-05,0.121616798969104,0.11003969322094,2.93413016490448e-07,1.0941304698103e-05,0.000286694882693959,1.49321771974629e-06,2
"19937",1.4200583153884e-05,0.948534552179138,0.000949078559773428,8.27355909726735e-08,0.00146188659463488,0.047855935697731,2.4921796567686e-06,1.46437009341759e-10,4.07331810914173e-07,0.00118136399207325,2
"19939",5.41164275817344e-05,0.347149195074817,0.315583387153201,4.24053986506738e-05,0.00143651757129114,0.335669442718968,2.01792187446622e-06,2.98704955629568e-09,1.69072342355855e-06,6.12240231426803e-05,2
"19941",0.0284701021447784,0.000105321403111734,3.87342917455569e-06,0.0117387454461502,0.827122277953485,0.00205769188331162,5.59160121446118e-06,0.13045496267507,4.08987184640097e-05,5.34745240662868e-07,5
"19943",3.25403040230029e-09,1.7997791357612e-06,9.88774374285466e-07,0.961638286155108,3.25010726749274e-06,0.038355434498499,3.14825925606856e-09,7.93152659907519e-09,2.63013223750149e-08,2.00050476979675e-07,4
"19945",0.13939739105717,0.0137766466719325,0.00257808324158214,3.88402517195113e-07,0.841793955342138,0.00178602094834772,0.000541603053534571,9.01492325960576e-05,1.28541857538446e-08,3.57491959958287e-05,5
"19947",0.00089326951633989,0.000139007107677615,0.000151888995799814,0.442452125948852,0.536315196917774,0.0101371390554416,5.8605652813975e-06,0.00210275817777198,0.00779804473805655,4.70897700448125e-06,5
"19949",0.0251868024036804,0.121738743682594,0.849400775525047,1.03342962897591e-08,0.00213167000520485,0.000651617980688761,0.000719068962601956,1.96721406382237e-06,7.2390591770692e-08,0.000169271501231371,3
"19951",2.73380277827445e-05,0.00813395824320228,0.0438867034168958,0.113897773139951,0.000866743637625764,0.833177200837387,3.66835694681721e-07,1.85085940622049e-06,1.82855397426657e-06,6.23644808002235e-06,6
"19953",0.0812005753265282,0.000598141312913734,0.000805191127983145,4.04515032502972e-10,0.0180573001411072,2.49243069411231e-06,0.858616511592829,0.000102070493325127,2.60181200724205e-09,0.040617714568292,7
"19955",0.166922925281676,0.00160337453030327,0.324322827277355,1.01368329988152e-07,0.472957813595743,1.1836993675989e-05,0.0194139074189893,0.0132099846334062,2.20634103425136e-06,0.00155502255948686,5
"19957",4.50108290974544e-06,0.00148490330620366,0.000215787924357896,0.435074650637125,0.0754534596956623,0.481127140790344,3.3701874789066e-05,2.6686490189087e-06,7.06498136558991e-06,0.00659612105822464,6
"19960",0.236240906870203,0.000102502593150721,0.00552690025860309,4.05286160039102e-05,0.755755961017868,0.000108486466352635,5.34163430728115e-05,0.00216079024071001,1.0423434261398e-05,8.41597749470998e-08,5
"19963",9.13979804694231e-07,9.98899865621789e-07,9.1839714225054e-07,0.941682779378883,3.22552961627028e-05,0.000915809610827549,0.001031714870064,0.00922188502657542,4.66145340214436e-06,0.0471080630872725,4
"19965",0.858919498547535,0.000273812757632946,0.0988075989573211,4.10212107166221e-10,0.0271403784960537,1.12419435316043e-07,0.000178899982466511,0.0146694273328179,9.61326883770644e-06,6.57827688209493e-07,1
"19968",3.78773355579992e-05,0.00089426865084352,1.273046360481e-05,0.698930495945821,0.00154994319949226,0.0387950883606894,9.30848787482867e-11,0.00016434836711109,0.259615246258353,1.32544192373895e-09,4
"19971",2.34801606595758e-06,3.12356345097188e-09,1.16386181905528e-05,0.998270013869065,1.6262362424464e-05,5.63474689914686e-05,0.000158868078901678,0.0014815565054222,1.42173339938367e-08,2.94774004111244e-06,4
"19973",2.75920993285321e-06,0.273935658558627,0.000245806088546099,0.000135910500073532,0.00212637573212311,0.723535838074996,3.9581196708873e-09,6.44728687001759e-10,1.41724908165573e-05,3.47474203715755e-06,6
"19975",3.3698758226503e-07,0.000568017722707504,3.31026681709062e-05,0.571911992354019,0.000268648091868357,0.4272032035621,3.6409576418328e-10,1.06753900773111e-07,1.45519886895505e-05,3.95068654491337e-08,4
"19977",2.99021704882479e-07,4.21918259890312e-06,0.000430894024629876,0.997041860444223,6.05417746343239e-06,0.00230776730358266,4.72948023614132e-07,0.000179238877636333,1.82820579378612e-05,1.09119621990724e-05,4
"19979",0.869167369936845,3.01917384969095e-08,1.08139522260885e-05,9.8010829363158e-08,0.0685064667366182,8.38478593515034e-08,0.00417363912969653,0.0581414923899383,2.25126236125071e-11,5.78173567045803e-09,1
"19981",0.000247694453991888,0.304913164873235,0.000180479151066976,6.63813286607581e-06,0.652144562344682,0.0422673088220823,1.97572525713012e-07,1.04297121778505e-07,0.000208582383612657,3.12679688153968e-05,5
"19983",0.0012813503677139,0.706116616449584,0.112704184389643,2.75599059648007e-07,0.171954322743963,0.00775745453200115,2.05458171951478e-06,6.11892406520374e-08,0.000126553462468167,5.7126684606757e-05,2
"19985",7.03248395397796e-09,0.00252648259209224,2.81742169090874e-05,0.0860849548960732,2.59098277655064e-05,0.911325320940716,3.18507374996346e-10,4.09401653724334e-10,7.39172589310737e-06,1.75804015808604e-06,6
"19987",0.00135487750434322,0.0335459639244003,8.27956258858627e-05,0.00156078816744829,0.391085920820904,0.572353401241665,4.65967576549742e-06,1.16723476133266e-06,5.71776939212438e-07,9.85402788698244e-06,6
"19989",0.979513655233662,2.79285658774451e-06,3.0320379404334e-05,1.39747252719794e-11,0.00891539305337486,2.08214037262664e-08,0.0106769248330714,0.00086064458684889,1.44971673172918e-11,2.48207174975605e-07,1
"19993",0.0406712172811901,0.0161918117411797,0.783689424015821,0.000723321134781702,0.0265767164296073,0.131993782093358,0.000133042220563964,1.8702147028715e-05,6.64280580573292e-08,1.91650841175278e-06,3
"19995",0.295407187728584,0.0383543885457813,0.0478644441070081,0.000501621412576865,0.548740945432568,0.0681723194095123,9.31185447192365e-05,0.000858592595168085,1.53928941741335e-06,5.84293466479403e-06,5
"19997",4.34342690191039e-07,0.226500559115462,0.000115455026867755,0.000249548720426391,0.000438375159925497,0.772631345588357,8.78524536115706e-09,9.57405136972266e-10,1.09868282899521e-05,5.32854753308198e-05,6
"19999",1.7128933047469e-08,0.0858759030982909,8.11074005921407e-06,0.00159704292127812,0.000123968987084722,0.912037826181064,1.14920287664599e-10,6.17116571516369e-11,0.000352218826049982,4.91194060789583e-06,6
"20002",2.21070688609823e-06,1.22491464969916e-05,4.85353790562012e-08,0.658023353470654,1.08494292755638e-05,0.000607909717534099,8.97515415309952e-09,0.0209412572601047,0.320401419688185,6.93070330012209e-07,4
"20004",0.0354113141736104,0.00418752912004157,3.00158189156005e-06,0.000143144760538363,0.953125565807662,0.00663536055086248,2.67945767881174e-06,0.000460279072924104,3.05293846098981e-05,5.96090180631022e-07,5
"20006",0.049520365477084,0.00124801923957355,0.439722621804868,9.5370255830889e-05,0.502726071219766,0.000214526772078069,0.000291860229275956,0.00556542878104927,0.000567196227967203,4.85399925064431e-05,5
"20008",0.09161832309481,0.00296006157422169,0.8537035727648,5.8857073113289e-06,0.00142297630072041,0.00011508492332992,0.000577049641895225,0.0495236437021768,8.50764011598e-06,6.48946506189556e-05,3
"20010",0.357513880958404,0.00510895655076467,0.454583105395896,3.55421971406919e-08,0.153438117653199,0.000216410040631713,0.0289066807250635,7.36304416812842e-05,6.49937295517229e-10,0.000159182042225901,3
"20012",8.17579558535538e-07,0.0123262938274202,0.00143726055530789,0.257179032110865,5.64001025818894e-05,0.721506547607953,9.85526070605898e-10,6.40203874602269e-08,0.00749322407459278,3.59135807575238e-07,6
"20015",0.988642017383185,2.45499857669298e-06,0.000793696802602583,4.37517864657457e-10,0.00420286319125083,1.73305885591923e-08,3.55465155457555e-06,0.00635535849515867,3.66358105813857e-08,7.37552655725981e-11,1
"20017",1.33429311469819e-07,0.194810142884919,1.97514796415243e-05,0.00102477138432617,0.00120522944403435,0.801246835990416,4.26035611505207e-10,2.44403464005829e-10,0.00168399812928084,9.13658763175691e-06,6
"20019",0.945110680962368,7.33613991594199e-09,0.00030991915842166,1.00371847991292e-10,0.00176029244212685,4.13096289691565e-10,0.0179707286248564,0.0348483627578569,1.9874977209044e-12,8.20277483311398e-09,1
"20022",0.252104785197849,0.000450289446513363,0.00362933299361401,1.17105972939107e-08,0.742509141327564,2.87108494124042e-05,0.00122416124570553,5.12028767694385e-05,6.81837064475816e-10,2.3636701381393e-06,5
"20024",0.118652292405215,5.28003230273519e-07,8.47632784615574e-05,6.98438550290741e-10,0.00331240684930878,8.15145798262981e-09,0.863365662601029,0.0144059164751824,2.12162142052622e-09,0.000178419416054179,7
"20026",0.118652292405215,5.28003230273519e-07,8.47632784615574e-05,6.98438550290741e-10,0.00331240684930878,8.15145798262981e-09,0.863365662601029,0.0144059164751824,2.12162142052622e-09,0.000178419416054179,7
"20028",1.64527649989992e-08,0.0282514619546017,1.68978986217809e-06,0.00295234870855284,4.47371865266847e-05,0.968718429040778,5.82603275841902e-10,1.90198757093757e-10,1.82763863616872e-05,1.30397077500631e-05,6
"20030",0.489212299508828,5.63762962581281e-06,4.03801407601857e-06,2.36874790188886e-05,0.290848826260117,1.17742288792788e-05,1.29719579585041e-05,0.219879626945793,1.13523062111257e-06,2.74508260478892e-09,1
"20033",6.87266849942121e-06,0.0126048291623402,4.30172394597351e-05,0.00806983290847191,0.0102072184197656,0.969062205429557,3.77969057274411e-08,1.59196191950782e-08,3.82057887024848e-06,2.14987651086243e-06,6
"20035",0.970656682858805,2.24927939273013e-08,0.000403274307988891,6.76350323110655e-11,0.00160186555744855,1.00460753134123e-09,0.0234833833026232,0.00385476025878023,4.80705922150657e-12,1.01445104607949e-08,1
"20037",0.991555206294869,1.93617386187757e-07,0.000400986785072722,6.85538765690741e-13,0.00109085132181176,1.30519487387734e-10,0.000645154770371994,0.00630760245972465,2.211617339109e-10,4.39839642544273e-09,1
"20039",5.24261881206612e-05,8.753824880405e-09,1.40430241103863e-05,2.43389549639491e-13,1.9441376571058e-07,4.63516248901012e-11,0.998282331425949,8.77037767016906e-07,8.30191515390131e-13,0.0016501191090375,7
"20041",0.000361803765854989,0.00228403347322081,0.984516337278389,9.1524441792399e-07,0.0122628099114289,0.000305440578000649,9.31828981286798e-05,5.1407614208097e-07,4.54313532372252e-07,0.000174508460884829,3
"20044",0.0024723807783432,0.00369746987996288,0.902345280889206,9.96544989958338e-05,0.0846341292039128,0.00503269244344127,0.00109186002499513,4.87175909144712e-06,2.62915716304783e-06,0.000619031364889018,3
"20047",0.444672904271426,7.50143219660237e-10,1.39593843107681e-05,4.17500928751099e-09,0.0038170001267926,6.68983535854839e-10,0.0679341115467902,0.483561987087817,1.45616828409529e-12,3.19872714923078e-08,8
"20050",0.0240203368700318,0.000320702147622468,0.604525084757334,2.80934244759175e-07,0.00121705891997858,0.000210975203039491,0.368216383784878,1.88765890642039e-05,1.52280784812853e-11,0.00147030077857886,3
"20052",0.000528768165547195,0.0552533796788078,0.0159755194673085,0.00143406466680203,0.10836421633572,0.817823628208076,7.17527434951653e-05,1.1613588386828e-06,4.13352863369625e-08,0.000547468040118441,6
"20054",0.297404525779491,3.76640517533169e-05,9.71043452455013e-05,2.26244265477126e-07,0.700189380862928,4.19544488157029e-06,1.15846186047823e-06,0.00226267853445124,3.06547704997843e-06,7.98073167853751e-10,5
"20056",3.11393790284327e-06,9.13516258359481e-06,1.3484546772969e-06,0.955233472348551,5.57509987590382e-05,0.0446848229112918,1.14495065480241e-07,1.19553714426443e-05,8.51085544062731e-08,2.0121117202734e-07,4
"20058",0.987009048821051,4.78703601794453e-06,5.75439474462346e-05,2.73897251732824e-12,0.00991300224584826,5.75487015463057e-09,0.00214942357738216,0.000866102282863317,2.65132128516273e-10,8.60666502877051e-08,1
"20060",8.34789558365902e-05,0.801222370887766,0.000512181192042786,4.01316815521463e-06,0.00211860554846472,0.19602038518198,3.9927870212392e-07,3.357110932353e-09,3.73572939009749e-06,3.48267005505497e-05,2
"20062",0.000918526809211532,0.815982127428079,0.124293552882479,1.47854169611267e-06,0.00774527822938922,0.0510405869027564,8.40606915083072e-07,6.85462862391927e-08,4.43203216110924e-06,1.31080210263234e-05,2
"20064",0.0847060449967257,0.000633972906151847,9.56482085752573e-05,2.58311164441288e-06,0.913463039253014,0.00101416448937776,2.28596795645161e-05,6.15376197114566e-05,5.14006766862152e-09,1.44595166879426e-07,5
"20066",0.791913690759518,1.99242325534395e-07,2.55453266063518e-06,1.95486715731294e-06,0.0691685961238115,4.13434919711786e-07,9.68854026660354e-05,0.138815597217777,1.07637392182336e-07,7.81772030987392e-10,1
"20068",1.05956348473398e-06,0.97551609367772,0.00129779600148521,3.19385173082015e-07,0.000232205320191207,0.0226939317378572,3.33645982362522e-09,1.0946265375786e-10,0.000233118526351035,2.54723418149694e-05,2
"20070",2.2884136738574e-06,0.967602953474721,0.00286622086582355,1.53564446964277e-07,0.000223606458650634,0.0215379921238452,1.01183617905584e-06,7.89222318595071e-10,6.3319377404447e-06,0.00775944053569724,2
"20072",0.94257929094989,0.00100932540702132,0.00407961563743291,3.34147237065938e-10,0.0469921307743433,1.81848891324127e-07,1.27564913034421e-05,0.00397548545868515,0.00135113353755668,7.95607285626826e-08,1
"20074",3.44823368518629e-11,6.14180922408416e-08,1.50267149643821e-08,0.99957465014735,1.4714611768789e-08,0.000353940484062578,2.05345072138058e-12,6.82720031369368e-08,7.12466057629079e-05,3.29486685451005e-09,4
"20076",0.000128434003809918,0.00264753698918209,0.0001517621643575,0.478488743107799,0.0953001189718975,0.0560091893035756,1.88106562893495e-09,0.000333395462309996,0.36694075819681,5.99191931541101e-08,4
"20078",0.0658886465477751,0.00218081188316968,0.00102340077843199,1.84665426076291e-06,0.929245603219776,0.000652645735756675,0.000420685699535002,0.000542415888157695,3.20767229670657e-08,4.39115164140121e-05,5
"20080",0.980985487089485,5.98177157949339e-08,0.000173351460454047,2.64887285849584e-10,0.00785871755687581,8.80791083233409e-09,0.00768849554373208,0.00329387190803706,7.28938678787045e-13,7.55017353368365e-09,1
"20082",0.000307106114337227,5.47368822568417e-08,2.07542930044256e-06,2.23237090802995e-10,5.16010506568506e-05,2.96831668629796e-08,0.998573041851595,3.56220617758428e-06,6.83566402995484e-14,0.00106252870457795,7
"20084",0.0173595308200885,4.29277618172245e-05,0.000160126304285329,0.00247666518894532,0.965181270185424,0.00255006915256592,0.00272777364976532,0.00943228106350513,6.31311859340379e-09,6.93495604841991e-05,5
"20087",0.609006975767627,0.0531686106021122,0.0335157621905799,6.8869111360281e-09,0.302803355506272,5.86175858531656e-05,0.000179640938608252,0.00123020087402117,5.29873697738018e-06,3.1530911037424e-05,1
"20090",0.82802791877282,9.3187950913603e-07,0.0632785969684584,1.50024309844839e-09,0.00265438440570964,1.23326047100605e-07,0.104981452509105,0.00105619300682144,1.65558477624846e-12,3.97629630434387e-07,1
"20092",0.000272046735679283,0.0388224691999241,0.0146315025023408,7.69689863932472e-11,0.00290214866642085,4.75766785256213e-06,0.00451854105204817,5.57977902693613e-07,1.42549236174542e-05,0.938833721197245,10
"20096",2.89078568886403e-05,0.0116563172914112,0.0135030575253799,0.000102056928375099,0.0154760803978511,0.019451392228397,0.00320752502818791,2.18835320527524e-06,1.79609184941299e-07,0.936572294781119,10
"20098",1.24046605252738e-06,0.00733327090838457,6.41542449095466e-05,0.00461183309588707,0.00111652996972195,0.986868750530471,5.43590801534876e-08,1.29351272494299e-09,2.59963994028531e-07,3.90516798613927e-06,6
"20101",0.650044124324517,1.96256757088858e-06,0.00128474561579873,3.4394139746838e-05,0.278616019655219,3.52640065364219e-05,0.0112025887694209,0.0587804557551688,1.56633200101954e-10,4.45009388352761e-07,1
"20104",1.45976809087437e-08,0.00745650549614614,9.13188850083032e-06,1.71563794053187e-06,4.3738441374925e-05,0.000431576708316131,3.69824058973534e-06,7.36708089938982e-09,0.00432773874247918,0.987725872879891,10
"20106",0.798758983555129,2.73463212920128e-05,0.0109666187894996,3.88803174478333e-06,0.188887120403512,9.26598045082474e-05,0.000225508386491246,0.00103786562381914,4.57224023868816e-10,8.62677930248479e-09,1
"20108",7.89824941627013e-06,0.16681656540713,5.67247673518724e-06,0.000622138711145694,0.00655968535597446,0.825930059858773,1.0344971394576e-08,1.82393906488417e-08,4.97106102665173e-05,8.24074619690877e-06,6
"20110",0.00011743152459385,0.00885835508806126,0.49737215826045,0.010029303669626,0.00410759045973668,0.342963045827449,0.0100309704510119,4.2854785879896e-06,1.23934389277027e-08,0.126516846847044,3
"20112",0.554624179727094,0.001451912747799,0.4048405453255,3.65367100769475e-07,0.0217118868400722,0.000372808206659642,0.0167467403794502,0.00023735249836033,8.36741711304885e-10,1.42080712225439e-05,1
"20114",0.00567833101676423,0.000111618273592455,4.17777792367631e-06,0.00188196682709319,0.983809586392374,0.00812191477566946,8.89851574275796e-05,0.00029723084343389,3.04432687956627e-08,6.15849245287112e-06,5
"20116",0.0196229291410216,2.73123297122489e-05,1.71165178647766e-05,0.00164238222391443,0.973894481510419,0.000750810942960313,9.38416288070354e-07,0.00404162242412505,2.40046733939667e-06,6.02635541500887e-09,5
"20118",0.000526729366996926,0.00825534626047453,0.000120582427058387,0.001646511751248,0.693600088248982,0.295817117050508,8.71364276394816e-06,1.17145390826575e-06,1.01659212570266e-07,2.36381388468997e-05,5
"20120",0.482345240640822,0.000110404404421356,0.0126711494894326,6.23342319768989e-05,0.364296086396011,0.00243572696160086,0.137667629241283,0.000394957538740128,5.76418888765396e-11,1.64710380690522e-05,1
"20122",1.04463553472591e-08,4.66118295242957e-06,1.87253491223796e-07,0.974391815816408,5.31999011162952e-05,0.0255460389140265,1.39395527706462e-10,6.47921831103348e-08,4.00052468302657e-06,2.10293885560455e-08,4
"20124",0.869776636895386,6.52647968115561e-06,0.000847901227389448,3.42622684173136e-11,0.106398612398302,8.22269704928099e-09,0.00619010841651639,0.0167776064882256,8.26335317140183e-09,2.59157418649997e-06,1
"20126",0.000403926611777734,8.08661727401167e-08,5.7881846602816e-05,1.49480047452175e-08,0.00187335581815226,1.16114334070219e-08,0.95950960190053,0.000999769397787632,6.05212324459254e-09,0.0371553509474154,7
"20128",0.0172115192931818,2.05352306225826e-10,2.57895282192339e-05,8.41208662803764e-12,4.19117640822798e-05,3.98165195225678e-12,0.927426752963592,0.0552848186057434,3.58078697958466e-12,9.20762385494981e-06,7
"20141",7.63866042945745e-08,0.0102378804030727,1.4369978586517e-05,0.00164450906261397,0.00194077130717437,0.23073354720203,4.2291354094409e-05,1.53124165628419e-09,5.28741241314524e-06,0.755381265362169,10
"20143",4.23339396280704e-11,1.23560993697985e-08,2.28668218003827e-09,0.999579159595482,2.29492071133125e-08,0.000419923712883292,6.54593612662338e-12,1.80673877132101e-08,8.59439995689245e-07,1.5433827366913e-09,4
"20145",0.606316512908865,0.000620644396876854,0.00689718320411755,6.94895962239725e-08,0.376535801986664,0.000233797939788727,0.00935758558020771,3.39616793338508e-05,4.12198961618771e-11,4.44277333009052e-06,1
"20147",0.221266412228398,6.17564119387519e-05,0.000307571485053265,6.98988449608651e-08,0.778053115987273,2.37097519600157e-05,0.000126049639384164,0.000161231339683131,5.63926790266026e-10,8.26935379769938e-08,5
"20149",8.39418826441761e-10,4.30138160550645e-06,3.08429137202438e-07,0.971388161580393,3.87701844425026e-06,0.0286010968677601,1.26364673473969e-10,9.7322457163556e-09,2.06340647850639e-06,1.80618152482847e-07,4
"20151",3.63245248156942e-06,0.023721955376651,0.000101262092494841,0.001493684452608,0.000709120378297358,0.973968019525187,2.82702660514633e-08,3.01841050388684e-09,2.68765342944269e-07,2.02566826049575e-06,6
"20153",1.57697448983669e-05,0.00175302387633163,0.0012972249153148,0.0276889080762551,0.000716403572838902,0.966796386432364,0.000287534107280499,1.65423847258357e-07,1.14466823983292e-09,0.00144458270620141,6
"20155",0.697668647710592,2.44241866828886e-05,0.0788218817032313,1.15782722770741e-08,0.222362297642742,1.22776769431092e-06,0.000411409084159893,0.000710053490856809,3.6601027681664e-09,4.31756653801233e-08,1
"20157",7.50569275813315e-07,0.00314783771559573,6.11633622730356e-06,0.0159817286745736,0.000159275887200509,0.980700168517663,5.57711638231993e-08,3.73976155538409e-09,1.50496137454961e-07,3.91229240117596e-06,6
"20160",1.44133792784737e-10,2.13902523651888e-08,5.02852652836913e-09,0.999020342200558,7.9531671901698e-08,0.000979409183071579,3.37410503533816e-11,2.25207531047329e-08,1.16651490110541e-07,3.31580173607402e-09,4
"20162",6.61544226680195e-10,2.79280561562993e-05,1.57699752674255e-07,0.838343411763286,1.7942489004406e-06,0.161623172732221,5.05147195233031e-11,1.03658063160392e-09,3.41845669516622e-06,1.15294349252158e-07,4
"20164",1.64851904366518e-06,0.00104246004499952,0.00106763889877334,0.391706589449232,0.000134347815836419,0.606023410522542,3.23402302168844e-07,4.25319775281474e-07,6.48878168877654e-07,2.25071493263971e-05,6
"20166",0.207741523423346,1.66284005234113e-06,2.83470343165864e-05,0.000254051488149295,0.0261358605253461,6.20361042174892e-06,2.54897784326435e-06,0.765801744405869,2.80566791238482e-05,1.01553160588501e-09,8
"20168",6.05740010195228e-05,1.97119771340617e-06,1.36409421631393e-06,0.000553824631730948,0.000103385691158466,9.63557228836385e-07,5.54610191321217e-09,0.261053176860149,0.738224721167597,1.32530850199256e-08,9
"20170",4.58398993070053e-07,0.00458071619133487,3.04099025307177e-05,0.00822690927560666,0.0033759201399676,0.983733994380507,1.7217534908856e-07,1.62630485806113e-09,8.78203302652365e-08,5.13300890756484e-05,6
"20172",0.558740263062067,0.000714400191730458,0.000770738877727721,9.90930565780971e-11,0.438416394870503,3.58120264027587e-06,0.00134220248475399,1.08751130117558e-05,8.33209061747765e-10,1.54326526366149e-06,1
"20174",2.26416918573008e-08,0.0638354926586406,4.05856134130646e-06,0.0240314215687013,9.50216904642402e-05,0.761656309415005,2.43303150758608e-11,1.22876201149239e-09,0.150376150072177,1.52213888579527e-06,6
"20176",5.04384554294859e-06,6.06817142552335e-05,1.15730930981789e-06,5.11766292956566e-07,9.58512943530639e-06,7.11798530218296e-07,1.21842387893274e-10,0.000111272172211844,0.999811027921722,8.22085735077045e-09,9
"20178",1.50194282192679e-10,7.51040047995897e-09,6.34456122909048e-09,0.999505750277131,5.2120363633165e-08,0.000494106535133128,8.17999232889616e-11,3.28556652646669e-08,4.0738596665076e-08,3.38615461871994e-09,4
"20181",0.323974040250226,1.40510739458964e-06,1.49453018260442e-05,0.00278437781216859,0.414873109849746,9.65859529286655e-05,2.4205829563947e-05,0.258231112167774,2.15990907844807e-07,1.73746382836405e-09,5
"20183",0.000271878557948526,0.944285464437064,0.00128228361465456,3.50886767689238e-08,0.0321750022198705,0.0195607104066378,2.69525049527717e-05,2.29731573093865e-09,4.03784007853152e-07,0.00239726708887108,2
"20186",0.000528160190197496,0.994108919310746,0.0013990928952037,4.9299898975817e-11,0.00206835381310139,7.74811842298665e-05,9.77155819727095e-06,1.80961061466483e-08,7.6147446285748e-05,0.00173205545663229,2
"20188",4.2766008854303e-10,5.10621091328572e-07,4.91911945524131e-08,0.989189557230859,1.5444758207467e-07,0.0108095673100927,1.23982630012151e-10,1.01489082090617e-08,1.22794293004256e-07,2.77043361456184e-08,4
"20190",0.979700842096409,1.55036626303677e-06,7.22666569752752e-05,5.00583922193626e-09,0.0185924501500053,2.12998480838841e-07,4.42219069278809e-05,0.00158844958769508,8.58219104819811e-10,3.73185285564345e-10,1
"20193",1.58460284625647e-05,1.48926957954649e-06,4.30804437533825e-05,0.922510594228838,8.6118983095981e-06,0.000222214344673366,8.66974575213185e-09,0.0726382498497582,0.00455989504013723,1.02267428057296e-08,4
"20195",3.14120617266527e-05,0.00292840029640476,0.00261438208507548,0.105550475955014,0.00107500996115836,0.88779588839035,5.43231302325703e-07,9.8152453406647e-07,3.16420772311151e-07,2.59007366180114e-06,6
"20197",0.754998572282705,0.000653880787788997,0.0153431004184515,4.50425780146872e-10,0.22834115052626,3.75343791313746e-06,0.00055768450264282,0.000101332660447798,3.47161397958951e-09,5.21461751158195e-07,1
"20199",1.21684099152127e-08,0.000540772727947327,2.60782914032179e-05,0.186162240358852,4.33279303934792e-05,0.813200996753762,2.0410146340741e-08,1.31938018306376e-09,1.7600349693049e-07,2.63740362090146e-05,6
"20205",3.63187870570642e-05,2.21427272690471e-06,0.000896244029010808,3.55198552064908e-11,6.2393954866539e-06,7.56957845384952e-08,0.942327374730086,8.09470455952331e-08,2.13394723000078e-12,0.0567314521051484,7
"20208",8.09451415565989e-05,0.151039040138289,0.00134449168185406,0.000549636321748396,0.00967145292292563,0.837299790537047,2.74377846549486e-07,3.4595701743993e-08,8.01646032505041e-06,6.31782270614344e-06,6
"20210",3.88163104221766e-09,0.000112214897351024,9.7530607213638e-07,0.537869253104851,7.52889508870329e-06,0.462008534248982,4.20456733533418e-10,1.06355493757057e-09,1.11178289337562e-06,3.76399119212142e-07,4
"20212",1.25686063116594e-06,0.00153321575448026,0.000114692623868783,0.118411902151522,0.000189558622080775,0.879747061672117,5.05100473193315e-08,5.28278852645137e-08,6.71771960967408e-07,1.53720540630234e-06,6
"20216",0.242228667044837,5.80761440413162e-05,6.15303928473582e-05,1.6243802615907e-06,0.75729637087894,8.43972649126304e-05,5.94125459408306e-05,0.000209883719705503,1.46700324535502e-08,2.29584807332546e-08,5
"20219",0.0732434490869052,0.000411051268252869,0.0175199711398794,2.02440631790714e-06,0.140324342647224,0.000408485359584855,0.753458234920102,0.000904970383478148,1.00147366833459e-10,0.0137274706881075,7
"20223",0.732811864188883,5.21878860708378e-06,0.000741454242652215,5.2638899049236e-12,0.000389293611685787,1.72767730127067e-10,7.31071884369606e-05,0.265866619049662,0.000112398155285957,4.45967550561354e-08,1
"20226",0.000539229445808495,0.00783853425191974,0.986365220532892,2.77130960694242e-06,0.000599774636499162,0.00461221029041291,3.01774729018125e-05,1.66565483128162e-07,8.14303065986289e-09,1.19073514453727e-05,3
"20230",0.990551028878694,6.66704908419516e-07,2.05846947256692e-05,3.01021603297025e-10,0.00603197319103879,2.31828987191376e-08,0.000225307947041844,0.00317041300554985,4.00731297433292e-10,1.6933892020616e-09,1
"20233",3.67866978234356e-10,3.75483031848438e-06,1.0880938074769e-06,9.48204710559523e-09,1.07307682477992e-08,2.04045932239609e-06,0.000175131150951781,1.35545671220918e-10,4.82902076231768e-10,0.99981796426647,10
"20235",0.792212636296028,0.000513503299241233,0.103396331769929,7.65835084444752e-11,0.0424202294533724,4.77330517672925e-08,0.0346772524386347,0.0263451255657036,2.23862281271636e-05,0.000412487139328806,1
"20239",0.426808804805893,0.0280696152654012,0.156921506905443,4.78749474719244e-08,0.364514015880875,1.77981268303753e-05,0.000132769736564947,0.0224858103228496,0.00099780624736532,5.18248338302403e-05,1
"20254",0.000422566860270571,7.99727144842792e-09,9.99256841823207e-06,8.6433976744625e-12,1.50091292042415e-05,1.33644708563853e-09,0.999347641803204,1.692386960658e-06,6.5056612359122e-15,0.000203087909573813,7
"20256",0.591785575744589,1.95787158906191e-05,0.000159170815329614,4.23317377406048e-11,0.406112001976174,3.25923700182116e-08,0.000465730717448913,0.0014575802532131,2.17359817792946e-08,3.07406671807415e-07,1
"20262",2.45827068915256e-07,0.00171711905675044,8.01690988833117e-06,0.0249428468269971,0.000541452337997825,0.972788527644284,1.19693147573668e-08,1.41391100615045e-09,1.23335921513092e-07,1.65467786600871e-06,6
"20270",0.67706891467129,0.00522751039237508,0.00016043242863958,0.000736580770693003,0.0576445966727432,0.00358211781020451,9.63013690921208e-06,0.254664676651151,0.000905391875615401,1.48590379479365e-07,1
"20284",0.00301965830676318,0.465956924140852,0.0263941160930811,1.61245173280381e-07,0.0052978306631899,0.020120638086471,0.0602551291776088,1.90904975132513e-07,2.06604168054573e-08,0.418955330721468,2
"20287",0.943354904198365,5.50065010179118e-08,0.000650952341343536,5.85778289345173e-12,0.000408134263696023,8.08761996485398e-11,0.000229541687779022,0.0553564104492399,1.39808660248365e-09,5.68254827447664e-10,1
"20290",0.000497606829126285,0.00010315045749263,0.00572754170608994,5.3693523591813e-07,0.000203894848375246,0.000365615200315231,0.960571454337877,1.97177089009817e-07,6.8171854949352e-12,0.0325300025015812,7
"20293",0.0161605532547872,0.000927541928448437,3.2595206805733e-05,1.15698060827925e-08,0.982677550018695,7.18796489906521e-05,0.000119635085525099,2.41479301252658e-06,7.3280875675339e-09,7.81116584134903e-06,5
"20296",0.000203759414283811,0.0317468602272725,0.000189935521243929,0.259354751753886,0.0735530300619435,0.619846851970448,1.48625292644243e-09,5.66736939742143e-05,0.0150480584020367,7.74686588467217e-08,6
