"","V1","V2","V3","V4","V5","V6","V7","V8","V9","best$classification"
"19811",0.051256542760637,1.51801140550938e-30,6.26101478781642e-12,1.88978316846994e-05,1.3447131203291e-07,0.049130103854173,6.07645617653997e-20,0.899594321039977,3.59549533329687e-11,8
"19813",0.99790888756383,1.41178572618184e-45,1.08922967527556e-30,0.00209111241949248,1.62610879452313e-11,4.16751419355424e-13,1.88354646476551e-78,8.36454859569862e-22,8.05215990477390e-77,1
"19815",0.000449623504953281,1.80869103033557e-11,0.00763996601282393,0.000376081331889783,0.000706193531059494,0.979287170915305,1.76069299949516e-59,0.0115409646858815,4.63638793514602e-17,6
"19817",0.00153406445521033,5.58442988033773e-19,5.53257948726996e-05,1.56572337968058e-06,2.69510618060262e-06,0.0391916276780994,1.1817547113368e-21,0.959213350966294,1.37027596287937e-06,8
"19819",3.3295059791427e-15,0.337467023864561,0.561817786178024,0.0644878058217217,0.0362273832402328,8.95456610563245e-10,1.17156782587423e-101,2.11833575244348e-76,1.05940991929335e-47,3
"19821",0.705761927915368,2.3505524972647e-17,4.06878634367299e-15,0.0290138522518406,0.00326719733845798,0.261944481402519,1.13304409325845e-15,1.25409864970451e-05,1.05312143944744e-10,1
"19823",1.49691984728644e-07,1.25186335955242e-23,0.919940840679147,0.0800335316449746,1.04830832737595e-08,2.51798768890296e-05,5.79528486645676e-71,2.87623921136416e-07,5.59735110297003e-28,3
"19825",1.99193606697608e-06,2.94944172825283e-29,2.69876978465248e-25,0.999979543825223,1.84642387098841e-05,2.41912880486821e-22,2.62280890564868e-37,6.60858486337209e-70,4.66528201495539e-32,4
"19827",1.28218772908161e-05,8.89669012117957e-19,9.8267634757372e-05,0.00095871108607753,5.03699828175744e-05,0.00149471183522854,1.30616972045193e-09,0.00770913752134716,0.989675978756311,9
"19829",0.00036100891667237,0.00171103279878781,2.63125356415071e-11,0.000235253730798183,0.997117087969569,0.000575616557859936,2.82516529922101e-25,8.51062065086034e-46,6.92759365585514e-20,5
"19831",5.05128569183363e-07,0.00526401917066394,0.189081391604607,0.0800950308242591,0.725559053068843,2.03057739444699e-10,3.53320823118233e-145,6.0441851952945e-55,4.07840202666213e-75,5
"19833",6.28596813311041e-07,5.97398274985712e-69,3.50203314181387e-07,0.999999021199872,2.98376717017776e-21,4.03177439915488e-43,1.92491806269917e-130,1.29053677792859e-117,1.98771459876753e-145,4
"19835",0.705761927915368,2.3505524972647e-17,4.06878634367299e-15,0.0290138522518406,0.00326719733845798,0.261944481402519,1.13304409325845e-15,1.25409864970451e-05,1.05312143944744e-10,1
"19837",4.07013548749416e-05,5.22552600900483e-14,1.18593931416422e-06,4.8183695289552e-05,0.000160117532031457,0.0120995169007575,6.33244453638469e-10,0.118619073231795,0.869031220712641,9
"19839",0.70420372063879,2.16840840985492e-09,3.99072152581592e-19,9.67570643716761e-09,0.29576469407889,3.15734380858459e-05,1.12748191397992e-21,7.36730299030144e-43,1.19516917866242e-13,1
"19841",0.00518485908515054,1.27686113448278e-36,1.48437885653258e-32,0.0802393459060085,1.17275313440314e-07,9.80032891148473e-24,0.914575676397897,4.29449086275917e-63,1.33563050040288e-09,7
"19843",0.00408861373628108,1.13347907506717e-07,5.17195783524728e-23,0.0348291893110997,0.961082083584774,1.9938148903423e-11,2.13367060940683e-149,3.19753561622834e-82,5.65465590502735e-104,5
"19845",0.971392079948028,4.2788059235856e-43,9.63861555675963e-18,0.0285309610231469,5.70307375572641e-12,7.23410525882941e-05,2.65957883199214e-79,4.61797053357442e-06,1.24736819543761e-57,1
"19847",0.0771032974056924,7.23580461762616e-15,8.73110270731511e-08,0.0100222663495547,0.000976024209536151,0.911258232343919,2.22798366629188e-83,0.000640092380263475,9.34895675498245e-31,6
"19849",0.99057211374494,1.44357934633311e-52,6.06608395905522e-31,0.00942788625488735,6.07595195284213e-14,1.11717875169268e-13,5.44105509633275e-76,6.58136174816465e-16,4.4167243837591e-70,1
"19851",5.03170155885202e-05,7.67332237448469e-24,1.29521596938195e-05,4.67224156309503e-05,4.05628819515993e-08,0.00485536044272945,4.69212435066377e-37,0.995034605738185,1.66529078635216e-09,8
"19853",0.00872746587748348,1.98356734590001e-59,0.000612959699973372,0.64877562283722,8.60229024039385e-19,1.18556513292064e-06,1.38889376358791e-53,0.34188276602019,1.11616113413967e-34,4
"19855",0.0110603805633587,4.69592706811088e-39,4.35928480194933e-06,0.00068098583287845,1.6069292409874e-11,0.0041265625344102,4.75501571473853e-19,0.984127711768341,1.40190933372622e-13,8
"19857",0.144450324241226,9.33436811017553e-15,5.87056667936334e-12,1.44362614522693e-06,0.0042933970600117,0.847836180999493,2.45947140220853e-18,0.00341865406571788,1.52647612463626e-12,6
"19859",0.111077748326635,1.87954083691993e-16,0.000826588791604065,1.12666457353756e-05,0.000259127985087728,0.304958676032161,6.06488644806324e-17,0.58278288087767,8.37113411057034e-05,8
"19861",0.0162078261555978,2.36003410583814e-33,4.28584368076854e-12,0.000263167804308171,2.03363666746282e-09,0.00300599236362028,7.46803293072637e-44,0.980523011638551,2.86549548102567e-22,8
"19863",0.999324575230373,8.64075880741119e-74,6.3403151340835e-44,0.000675424769626793,3.9112617566753e-17,5.21373512678268e-26,4.67059214243595e-16,7.62940009852173e-36,4.53872664224678e-37,1
"19865",0.00146052854632907,3.71010188280557e-32,1.67180491700906e-16,4.64212943072194e-05,2.62892354350146e-08,1.12399371590686e-08,0.95509688643257,1.31504912015194e-11,0.0433961261844708,7
"19867",0.00334761551636966,1.30964011954877e-18,4.06910800409424e-08,0.0129635852877642,2.82951221886017e-05,0.96257308493308,8.56129347153366e-89,0.0210873784495172,3.20072014628921e-34,6
"19869",0.97636288562707,1.62010338555226e-55,1.6124238004095e-24,0.0236354884489518,2.47870467107482e-14,3.6688477165641e-09,8.92091096765565e-26,1.62225510565629e-06,9.48674358389962e-28,1
"19871",0.00571373971052711,6.02906679848592e-13,0.000696919474181213,2.23278578410594e-05,0.0026606695642991,0.429500320292223,2.84676389034173e-09,0.551411588301632,0.00999443195192934,8
"19874",0.0187815294210258,4.13245376517776e-32,3.05648501062035e-07,9.23556070224086e-05,3.21857887867823e-08,0.000245253589674475,0.000113019742373843,0.98017900785027,0.000588495955344063,8
"19876",0.000237260200216061,1.79769202181446e-37,3.18362584838562e-12,2.17457789690005e-05,2.20053939956983e-11,3.74771774064538e-05,2.8529113545343e-06,0.999700351340345,3.12566520509102e-07,8
"19878",0.248668116156655,2.01560789213297e-12,2.46983462526445e-08,0.0131512915210805,0.497894422920407,0.240286144701496,7.93244888576331e-75,5.97288764118499e-46,8.88374685849415e-45,5
"19880",0.00145889204797733,1.54449223975093e-48,7.2859530132419e-19,0.000176044819544417,3.65176849664571e-13,1.62605140139298e-12,0.815477998956146,1.77694801543992e-12,0.182887064172565,7
"19882",0.956722880876864,2.76577858578811e-43,2.76161532638772e-13,0.0407441360887868,6.90421895484114e-11,0.00252629084108997,9.39761645850725e-46,6.69212394028925e-06,4.46320865826559e-35,1
"19885",0.00804091478849096,1.37669027491504e-07,1.50306383857235e-05,2.63815124540485e-06,0.00780492203614015,0.344627834212313,4.6503290154726e-23,0.639494292514239,1.42299901587206e-05,8
"19907",0.225461871285963,4.21474319578121e-26,8.88616788115348e-11,0.133105183623076,2.18786712970546e-06,0.640311869760318,4.74983536096903e-72,0.00111888737465219,1.47510599566138e-38,6
"19909",9.56860939518621e-06,0.849632688962038,9.77746124663945e-11,0.000298340629726422,0.128763566710425,0.0212958349906408,3.81728295573615e-73,5.05405382042231e-26,4.73063410093262e-33,2
"19911",0.000920503268848515,4.33272891796898e-07,1.48162796923603e-08,8.29249632511441e-05,0.998870411985853,0.000125711692815685,6.2414642673348e-25,2.18248087098289e-27,6.02471603927233e-14,5
"19913",7.60399475217322e-06,9.48549501492953e-47,2.71019622754055e-23,9.60554824154026e-06,2.27586261657564e-13,4.40276975491479e-23,0.999982789371945,3.78679757830294e-31,1.08483347889656e-09,7
"19915",7.15554095620753e-05,1.25891188369196e-30,2.22487901790723e-07,1.71662234035721e-05,3.22052988654587e-09,9.32322801154285e-05,7.28179530920721e-07,0.000273809566626716,0.99954328263233,9
"19917",0.0334828070847358,2.76409182353422e-26,8.32338012493883e-11,1.37670914396209e-06,5.71101048736802e-06,8.73174035664993e-06,1.09297950006624e-05,3.25136454792567e-10,0.966490443251905,9
"19919",0.00861554546339904,8.95292990310614e-20,8.47299902823316e-05,9.65288811952037e-07,1.00899984006875e-05,0.027616303440574,1.04570182117228e-06,0.153818476011617,0.809852844105094,9
"19921",0.00117470726447771,7.3712881097384e-19,1.32933390991319e-06,3.17027609845363e-05,2.61035904981438e-06,0.0545283010071566,7.93370197811482e-48,0.944261349274421,2.92778135264061e-16,8
"19923",0.0836747205826791,3.13578285828841e-15,0.000246225682811979,0.000325627611993172,0.00226971756093094,0.913483708561582,1.3786093799899e-101,7.95544816010427e-19,1.19444102049942e-46,6
"19925",0.00141079807994787,2.25240198399203e-30,5.45017402462068e-09,1.61404043700238e-05,4.11547403445069e-08,2.66650119342367e-05,8.67939123819822e-05,1.5571607302026e-06,0.998457998825721,9
"19927",0.00261721242737172,4.04566480864132e-19,0.0002076210665862,0.000205252594255139,3.44516518556453e-06,0.52848446879147,2.2367226769178e-32,0.468481999953788,1.34289489519295e-12,6
"19929",0.993448397713591,8.28823292807323e-68,8.88571997156902e-42,0.00655160223669865,4.26291062120028e-16,3.01330571760073e-26,4.97097424211849e-11,1.61343970593486e-23,1.78140422729965e-28,1
"19931",0.000436305203164571,9.09773900092309e-12,0.000860802196839637,0.000289274432284213,0.00168103361830068,0.994006025421017,3.11514831607005e-34,0.00272646795139817,9.11678979791552e-08,6
"19933",2.04115409705274e-08,0.193851796385129,0.00028618026833656,0.00236995992630036,0.341729595075008,0.461762430692333,6.52348523695199e-40,1.2826303665268e-12,1.72400694368214e-08,6
"19935",0.0246101871173166,2.81563299822887e-06,7.01612701237129e-11,0.00351013243565715,0.520638396329256,0.451238457835349,1.94529591522709e-42,1.05790131248976e-08,2.48902860978686e-13,5
"19937",4.38757836406484e-05,3.84021122538283e-16,0.00212279014331232,0.000577060645237597,9.82227760238422e-06,0.270153956788147,3.16209435027979e-55,0.727092494362058,1.67080497363078e-15,8
"19939",0.0189271815957109,5.90494493416543e-19,0.000375738630917209,0.000160992018251578,0.000197442819960185,0.980286013509213,2.31107447504736e-30,5.26314259437162e-05,2.99264421890775e-15,6
"19941",0.000192731486476117,4.97915041420106e-08,7.73984435499146e-17,0.000259750039990807,0.999547426218884,4.08389675971189e-08,4.14811935175878e-20,1.90350091813036e-39,1.62417678867623e-09,5
"19943",1.49936244813657e-05,1.72465523279689e-39,1.19514184715664e-13,8.98206846535883e-06,1.16398507670914e-11,7.18007616999183e-13,0.999975572655526,4.81167804120301e-12,4.5163423820763e-07,7
"19945",9.87830843256753e-05,0.0835687777037685,0.00245804999118565,4.35993522419941e-06,0.117441563058522,0.796428465862683,1.04657293931263e-51,8.72852051964752e-15,3.64283194057894e-10,6
"19947",0.95680083418408,3.44088302484405e-22,3.64356565172171e-18,0.0378138502700557,0.00538531516570953,3.80154685321207e-10,5.70356846984693e-20,3.42617962831678e-36,4.0342202792832e-29,1
"19949",4.71223011204471e-05,4.20979848647276e-07,0.000924433375932251,0.00168959456446439,0.0561400811869815,0.941198347591653,7.51770332102982e-104,4.64238164162585e-18,1.2891946639896e-36,6
"19951",0.755143400546163,6.35026890025195e-20,4.17153560219819e-07,3.46378226212153e-05,0.00104209473682031,0.199101319317215,1.51564758050478e-08,1.27637037390714e-13,0.0446781152670174,1
"19953",1.90200558603505e-15,2.9542031914417e-07,0.984213628684021,0.0157179320472152,6.8143812131759e-05,3.63111502839602e-11,6.02336143275398e-167,1.08297845410268e-52,1.61761450812546e-77,3
"19955",0.740431551216335,6.98877486821241e-07,9.53681016711039e-05,9.08573661092404e-08,0.258918769619235,0.000553521327906293,1.16075762905945e-114,7.05881434803526e-39,7.77267411400057e-65,1
"19957",0.993235577804326,5.88152693302919e-27,0.00409510091797265,0.00263520621685124,2.8930449834193e-05,5.16220284511357e-06,1.54798068575979e-10,2.22079327738214e-08,4.54403892520612e-11,1
"19960",0.00073645344056954,1.21500356607691e-06,5.53952861838775e-14,0.00175313311169469,0.997389845196679,0.000119353247435193,1.76032404080015e-55,6.01744800077505e-48,2.22195806782689e-41,5
"19963",1.01473535143186e-07,5.30287020199991e-52,1.6553166701503e-10,0.999999898360912,2.0996147588421e-14,2.95607958535335e-38,4.30667149143061e-43,2.61702735137023e-66,2.23710794720302e-46,4
"19965",0.0324117095056132,0.000144720902668094,1.75613910567155e-10,6.8009388683247e-07,0.913101814758521,0.0543410745636972,9.73625140969059e-109,1.29067193977343e-70,3.13455478695215e-73,5
"19968",0.955946695887261,2.39460214881424e-23,5.18890996147542e-36,0.0436148452657213,0.000438445476475449,1.74177059955854e-10,6.39517824421714e-09,2.25220960827614e-24,6.80118670192606e-09,1
"19971",5.91218841323399e-05,4.6212100550375e-36,3.30518610387734e-13,0.999940866311456,1.18040634906789e-08,2.38056028731449e-28,1.72299468500381e-14,2.12816624223951e-93,2.35946912333532e-37,4
"19973",0.000811421942920431,2.87225959933858e-18,1.9975383782589e-08,2.01243349846047e-06,5.67135468496864e-06,0.0146463862749061,3.60192986944733e-11,0.979540710209397,0.00499377777319041,8
"19975",0.239429531386092,6.75547945247958e-25,7.14463306784362e-15,6.02945446445291e-05,1.64027041518487e-05,0.000102528656369408,0.000845327940666192,1.64608107154011e-10,0.75954591460346,9
"19977",0.99831519233167,3.99564402746346e-50,1.63383308289109e-17,0.00168480742398805,2.39933207216362e-10,1.78099959228077e-18,4.39186269958365e-12,2.26435227748216e-59,1.65641612356907e-14,1
"19979",2.50044286624845e-13,0.991850897235397,2.80397848971944e-08,0.000388943986128743,0.00776012200001804,8.73842193590449e-09,5.78268200854867e-69,2.1893399908542e-89,1.19223797472334e-36,2
"19981",0.0120562821464646,9.55378306653909e-09,2.10021478207508e-06,5.48217057885249e-07,0.00466099727024614,0.983273363211423,1.2757560674881e-36,6.69938624301928e-06,3.00597504765126e-16,6
"19983",0.0377646023607439,1.59192363177814e-12,8.22093765950585e-06,1.01184841223086e-06,0.00255267482322699,0.959655728757925,6.98216892044777e-56,1.77612704408201e-05,3.46986518489857e-28,6
"19985",0.0118281283782291,1.27319763410914e-36,3.7233726148668e-10,2.53226438471915e-05,1.36312854259837e-09,0.000201057369951982,0.272070261432181,0.552363556094792,0.163511672345533,8
"19987",2.1240405603746e-05,4.68885393457388e-07,7.39543932156073e-06,0.00751496490542093,0.280782709275058,0.105147205971835,1.54075232415543e-17,6.05996075518033e-05,0.606465415509815,9
"19989",7.50614862902239e-17,0.989544356584619,0.000480285047913022,0.00339593037520702,0.00657839705476553,1.03093749500506e-06,1.62432483195558e-152,1.03812547616583e-64,2.21013967499629e-57,2
"19993",0.000653227815258891,7.15944453323825e-06,3.90478314871037e-05,0.000339182943661452,0.177487462660672,0.821473919134372,1.41287923877316e-22,1.30625372460378e-26,1.70014963356475e-10,6
"19995",0.000933863608140117,0.000577512037165659,1.54050592266824e-07,0.000832384507987699,0.79484776234023,0.202808323080408,2.1409490703385e-32,1.39531096883658e-20,3.75475484836281e-10,5
"19997",0.00236066422071084,2.29713088076567e-23,1.03555727409457e-06,4.89061415425009e-06,6.86208776656356e-07,0.0355386661038112,4.13612163760272e-15,0.961048227956754,0.00104582933851472,8
"19999",0.010204328322367,1.41155074866539e-36,1.84385520015893e-10,0.000162543248663188,6.79312008922004e-10,0.000225531136553859,9.50470369291969e-05,0.00154979634237045,0.987762753049419,9
"20002",7.54670816155526e-05,1.42589142411694e-48,7.88682902572647e-39,0.999924532738139,1.80245130177518e-10,3.92300331127624e-34,1.03509685641519e-30,7.90517027850976e-58,4.75542693967236e-32,4
"20004",4.98238067253347e-08,0.00065917739336403,8.63799700348114e-13,0.0105533569052249,0.988750469907147,3.69459695347743e-05,9.33209178105115e-47,1.50885725485674e-19,5.8614006166779e-14,5
"20006",0.808450382891246,1.12632389568863e-17,5.20575395422860e-11,0.000601515040689153,0.190647641434362,0.000300460581645195,2.57686141344045e-49,3.16974175038152e-45,4.19348851911348e-48,1
"20008",0.0301361859569976,1.0830530334384e-11,6.03818468198859e-09,0.00189325114379965,0.967701001537918,0.000269555312269942,1.29365667422872e-76,4.74184404328112e-54,1.10777453236478e-40,5
"20010",6.66373694051064e-05,0.0854156533917313,0.0288880461517798,8.26704243761462e-05,0.22430275840654,0.661244234256168,1.53549863387719e-79,2.56253271340915e-22,7.09409327672062e-25,6
"20012",0.98737932369767,6.15607987065641e-38,1.97721831352118e-18,0.0124281090081895,7.3406250435952e-08,6.6456808230915e-05,0.000126030278934545,4.16563297387772e-20,6.80072429927018e-09,1
"20015",3.08117732777329e-07,0.986812660189248,1.96424643223403e-16,0.000123629883869862,0.0130522673486686,1.11344604807227e-05,5.34050190897149e-112,3.8738669872503e-73,1.28971987731073e-58,2
"20017",0.00359426595486443,1.73731244999652e-30,3.21905171646488e-11,1.81678465414098e-05,4.72342473447348e-09,0.00259976197901275,3.33072594271691e-11,0.993787764787313,3.46433456067714e-08,8
"20019",3.48420442628295e-14,0.969246350248701,1.75951068253458e-06,0.00297098755929242,0.0277809023676498,3.13640008938261e-10,1.37905112192313e-129,3.87998581464406e-111,3.45358288309536e-70,2
"20022",1.45719108255305e-05,0.48411452448097,0.00189879418007569,1.01380576878413e-05,0.109981784085448,0.403980187284993,5.12711554582881e-71,8.16011288230836e-22,5.44544626145453e-22,2
"20024",7.88771514027555e-20,5.47472212780249e-09,9.52315216313767e-05,0.999781206500017,0.000123556503629606,1.79052378015075e-22,1.63550366055653e-225,5.79785736040055e-95,1.24181067084956e-124,4
"20026",7.88771514027555e-20,5.47472212780249e-09,9.52315216313767e-05,0.999781206500017,0.000123556503629606,1.79052378015075e-22,1.63550366055653e-225,5.79785736040055e-95,1.24181067084956e-124,4
"20028",0.000552098739549661,1.51105894156841e-32,6.29643347565786e-09,0.000138623443928773,2.85384601878675e-09,0.000597182771381994,1.18537183306247e-07,0.972352702784733,0.0263592645729439,8
"20030",8.33071081103729e-09,0.359079646714865,8.70053071345909e-19,0.0112205179783036,0.629699823463102,3.51301827254593e-09,1.89444113181893e-53,2.65531883113938e-58,2.26284928890353e-24,5
"20033",0.00903625916119227,2.29803059985777e-15,1.70088585069631e-07,8.47208336381291e-05,0.000527015858770308,0.0951352960808729,0.00049655875714016,2.54413894135235e-07,0.894719724805905,9
"20035",3.44772375314875e-16,0.660816312168213,3.19054043122294e-05,0.142126082040608,0.197025699847301,5.39565347794742e-10,6.40636585226676e-151,4.91195174286094e-109,8.07934912940588e-84,2
"20037",1.79653648195601e-09,0.981248087969297,1.71258335072802e-08,0.000155367665527016,0.0185893511136388,7.17432916681477e-06,5.33490409171933e-148,7.00504780393304e-102,1.53436170711076e-82,2
"20039",6.5307031105393e-26,4.14393355192299e-20,0.992217851302415,0.00778214869755372,3.10750273364793e-14,8.40668183170284e-31,3.72722427752442e-307,8.39903389996333e-117,5.18884563276385e-196,3
"20041",0.0901646114311321,1.08801676510447e-17,0.00797318103569606,7.93765479485572e-07,0.0095229725088884,0.892338441258804,5.60805462983307e-52,3.56750341714361e-22,2.30646989053247e-40,6
"20044",0.676067640750219,3.33700662274025e-18,0.00641277482038368,0.00706674184857325,0.0769643476796197,0.233488494901204,3.84778695046036e-42,1.13799178537831e-30,1.84850303211945e-39,1
"20047",2.38334688441278e-13,0.911135852703043,5.58150863614867e-06,0.0110621094334399,0.0777964563546044,3.80614137231526e-14,1.0404764367616e-101,6.44801331388246e-127,3.94393653603809e-62,2
"20050",1.89844370519326e-08,1.26932557997083e-06,0.97191641171901,0.00824096596556564,0.0186288718824262,0.00121246212298052,2.04248808637501e-76,7.11638555796101e-45,1.23842235086912e-30,3
"20052",0.0487010429905505,1.00866519312997e-09,0.0193032670129862,2.52973651516027e-06,0.0145697517334969,0.464909534005231,7.3282676434211e-16,0.000103842116189672,0.452410031396364,6
"20054",0.000915817645334595,0.891705341485128,1.4545332738614e-15,5.88684647512839e-06,0.0996597014661557,0.00771325255690491,1.1449482879945e-68,1.73164753827643e-39,3.57262645543752e-35,2
"20056",2.57065228241365e-06,1.34607160169319e-22,2.54799047552051e-13,0.154006625211773,0.000334476348878589,2.47994259482525e-11,6.59901363131232e-06,5.67283070619576e-27,0.845649728748381,9
"20058",4.77455104756691e-14,0.986092047861684,2.29406949327386e-06,0.00257017564512268,0.0113338326765334,1.64974711878704e-06,3.24078448566790e-175,6.77050864192179e-63,1.38690607186625e-71,2
"20060",7.20370143278499e-06,1.10608247977739e-14,1.09381900078693e-05,0.0227873702656289,0.00143759976314161,0.872532470685198,8.4427112519773e-42,0.103224332712196,8.46823843870767e-08,6
"20062",0.0409808305977709,2.12864417393029e-09,4.38189730424282e-05,5.39967556169132e-06,0.00809129905837399,0.950844627197798,8.47100161111374e-33,3.40219064597342e-05,4.62349387861694e-10,6
"20064",5.7712017451045e-06,0.617632299482501,5.06256925397506e-06,9.34688149504675e-06,0.0502053077343388,0.332128470832536,7.27705759926202e-29,5.06284053024883e-19,1.37412981306339e-05,2
"20066",5.54236279958413e-13,0.840335799964279,1.65968154436198e-18,0.0459433349373929,0.113720865096024,1.75049648607296e-12,3.59078461944941e-71,4.43628714242939e-97,5.3551157570897e-47,2
"20068",0.0319646906072107,1.5502278193644e-24,2.39402338058074e-07,0.000138236559299543,6.47810915337147e-07,0.46048344892032,5.77204061085644e-42,0.507412736699917,1.26044187703272e-17,8
"20070",0.0217455114721325,1.11408812491843e-22,0.0189019338927034,0.000578950430552996,3.11400175951589e-06,0.957102752440648,1.55987793221004e-60,0.00166773776220356,6.70592183352404e-23,6
"20072",0.00708095500242556,0.00268808636724398,3.42795782339873e-17,0.000928406221360432,0.988935642943966,0.000366909465003763,9.92293570921635e-149,5.64280325335886e-64,2.00898096667892e-97,5
"20074",0.0173651168980844,1.66524241665917e-64,3.93107274591244e-31,0.000213066893097327,2.45099112263874e-16,4.01279808201936e-24,0.982421816206611,3.81035362055172e-27,2.20695883391538e-12,7
"20076",0.997153010567055,6.11609638734106e-20,1.86207041059075e-26,8.85085026231479e-06,0.0028165095574478,2.16288244338667e-05,1.99947025362614e-10,5.61895473299841e-16,8.54067148382544e-13,1
"20078",0.000905213527745752,0.00418028026267509,0.00181196012705851,2.93742541726785e-06,0.675846838194915,0.317252770462009,7.93918900608009e-47,5.94132861226532e-22,1.79499281048148e-13,5
"20080",1.15494032627596e-13,0.997785783490008,3.4629403506337e-05,0.000151211580439487,0.00202290993361951,5.4655923109148e-06,1.37828514384426e-91,7.69662436972917e-89,1.97342999317009e-43,2
"20082",2.89074316699523e-22,3.66174082271751e-08,0.989380417184451,0.0106195123324557,3.38656854612731e-08,2.66102372945355e-19,1.17926806703655e-161,5.26117903345565e-75,7.1175642718421e-88,3
"20084",0.000321036532826702,1.06323006682409e-05,0.000202651186107436,4.13779276368475e-05,0.999394976158165,2.92655583484335e-05,1.70175961178635e-23,4.13946771846187e-32,6.03362473325333e-08,5
"20087",0.00519661192654322,0.0339296693752901,5.51206346635873e-06,5.45686171378672e-06,0.308815779295938,0.652046970477049,1.13132488038836e-99,2.15292095828932e-25,4.06079904514576e-36,6
"20090",7.21833218688412e-11,0.940256145025087,0.00881206408849648,0.000733688555802363,0.0500931410531521,0.000104961205278957,4.46361723965877e-98,5.54348050402442e-86,2.71504970748856e-51,2
"20092",0.00218384042258374,5.08410584932724e-20,0.974021899234983,0.0237924126537387,1.20599022465382e-06,6.41698470096467e-07,1.07830662436872e-189,3.68698455531412e-35,1.08705259239778e-116,3
"20096",0.00870054966796909,1.79895703870145e-23,0.991182874284165,9.80581267978059e-05,1.12115279540046e-05,7.30639311246366e-06,4.07235476397337e-51,1.44394863683837e-15,9.80736538512352e-28,3
"20098",0.00668312951568573,5.03508376552309e-18,2.81942084640852e-05,0.000691324485298776,0.000121972681887425,0.186423149298636,0.000953927971452711,0.000447278447792522,0.804651023390783,9
"20101",1.30045492972246e-05,0.368136284025062,5.94146084935444e-05,0.000171653829061696,0.626840584733247,0.00477905825483554,7.28250826900946e-31,2.04823884655189e-70,3.42928601337974e-15,5
"20104",0.0143063876960288,4.88202278781479e-55,0.00229062548589115,0.983402986818078,4.50986566448454e-18,1.80774432842358e-15,4.98770165469355e-113,8.03058460852713e-22,5.7872955433492e-97,4
"20106",6.39083633684712e-07,0.97133206114541,1.36138202549221e-07,5.25295904471232e-06,0.00718897264043339,0.0214729380332751,6.56758464635082e-35,9.34815887140641e-48,3.4846454823797e-16,2
"20108",0.00221569735522053,5.65279270777978e-15,1.90401228173875e-08,0.000755043260038397,0.00132462139257309,0.324837566352265,2.50654139325456e-14,0.667516459399839,0.00335059319991132,8
"20110",0.0208449269059274,2.63786039176461e-23,0.971259820308456,0.0073489928747581,4.68237612411049e-05,0.000499435519934337,5.74068826321838e-30,4.5467455135048e-16,6.29683041736957e-10,3
"20112",9.16552318138873e-06,0.0430638445561874,0.0247948161502048,0.000398767478822522,0.36169712037703,0.570036285914574,1.29602710804737e-61,4.02341945491626e-45,1.41563619043556e-25,6
"20114",1.2863279340411e-06,6.07907509909688e-05,3.85586451639895e-06,0.00135980540995377,0.998310846098966,9.70730301881085e-05,8.42599796143574e-18,7.91619909795682e-24,0.000166342517450467,5
"20116",0.0229883749791468,0.0764602192105976,1.16990340026443e-14,1.26006701603824e-05,0.891277032105818,0.00926164329398127,6.6423947129996e-15,1.58223674483264e-32,1.29740277884968e-07,5
"20118",0.00361957175369256,5.98115041807766e-06,0.000543424294329386,4.67999532594079e-06,0.0592923815773546,0.643705660677318,1.67895782374525e-10,4.72249219634256e-05,0.292781075461702,6
"20120",1.35635750661362e-11,0.0119400443798209,0.0349279039911911,0.0721969521424591,0.879477950854342,0.00145714861846874,1.06932394047244e-39,2.47658592774362e-46,1.54285699582636e-13,5
"20122",0.00819289439628862,8.20392240157647e-33,4.21058535153082e-18,9.94876195812352e-06,2.57976097923138e-08,2.90822021469743e-10,0.734342101304683,6.25462494805765e-13,0.257455029448013,7
"20124",0.000287962429222149,0.0507437078635208,0.00017102067704814,2.49419129955283e-05,0.946919818220384,0.00185254889682979,4.33410969707381e-119,5.04903450469096e-71,2.64804636130294e-66,5
"20126",1.25381698133653e-09,2.52520629011143e-23,0.0602336598443717,0.939766332489459,6.41235271093216e-09,6.79801045004135e-28,4.20532602369545e-177,1.2943049084746e-98,1.60795724599897e-152,4
"20128",5.34535563836759e-14,4.28862005953769e-07,0.00172468416123692,0.997510539624849,0.000764347351854388,3.46577016589182e-26,1.17477546166191e-198,7.56384959230552e-164,6.5393296443234e-147,4
"20141",6.12538132842771e-05,1.03215927090847e-40,0.848490220891337,0.151448523523448,4.94422775826286e-14,1.77123350651419e-09,8.30671892925985e-52,6.48658343709972e-13,4.99603162874427e-49,3
"20143",0.00647309748689075,1.80426929462851e-57,2.79578250485748e-25,0.0156349619433404,6.76296463092133e-14,4.18898205467663e-22,2.48299960181547e-06,4.11735922470102e-49,0.977889457570099,9
"20145",2.1792072096315e-09,0.847264687001355,0.00979596577248372,0.000209667895975322,0.0504276477136649,0.0923020294373116,1.53597291527628e-60,9.24544476632292e-26,2.03519068585385e-15,2
"20147",2.10528306760037e-05,0.557382993414221,7.57210645655788e-05,2.78777697257595e-07,0.00827878002069187,0.434241173892148,6.38086541216369e-49,6.77661935092206e-29,6.03364866764776e-16,2
"20149",0.00201912793918554,1.17824684005697e-43,4.61278130971896e-16,1.76289874028913e-05,4.21187327868989e-11,1.99713080419905e-11,0.99795994486435,7.63505580945089e-10,3.29738346541447e-06,7
"20151",0.000198832021799706,8.25000147751048e-17,2.8638545823351e-07,5.31334610946291e-05,5.76779208830228e-05,0.0249494795903073,6.30924767423256e-08,0.00397117807262174,0.970769349455359,9
"20153",4.74120133253234e-06,8.96278425272893e-21,0.0944828455996511,0.0535756808440848,4.26374616696989e-05,0.000149085402724144,1.65992834413101e-19,1.72469455374363e-16,0.851745009490538,9
"20155",0.000979826210617222,0.105907406311194,5.02974321646271e-06,7.05534487589632e-08,0.0632559292269329,0.829851737954591,5.57512100681531e-67,9.90282475362041e-50,2.04789553571642e-39,6
"20157",6.81641360833885e-07,3.04606152052206e-23,2.15507614270728e-07,0.00994501800805761,4.62175847389007e-06,0.00020076759714233,6.96146172017373e-10,2.34536634807051e-05,0.989825241127724,9
"20160",7.00877276003747e-06,8.64104543800259e-49,1.8610208832746e-23,7.29544360009427e-06,2.74821321221949e-14,2.87238713137077e-21,0.999985478735546,7.18918474945121e-27,2.17048066123213e-07,7
"20162",0.000170189082583685,1.23693028954318e-44,1.01915929320927e-16,2.57021375951545e-05,7.84864948851444e-13,4.14452842708087e-11,0.994979813931086,3.44829783244322e-08,0.00482426032352676,7
"20164",0.313928537073903,3.8794987944887e-28,6.6814626506947e-07,0.043369336971179,5.76094369246387e-05,0.000657055570993387,9.79360791394073e-07,3.78598894150106e-14,0.641985813439905,9
"20166",3.25194705263141e-05,3.76815960573555e-05,6.37973681702257e-27,0.097277507633078,0.902652291299102,1.23597299505822e-12,3.09990670415721e-46,8.20806468988891e-83,2.3801243359134e-35,5
"20168",0.99063735905206,1.85224498829752e-31,3.22124663838763e-45,0.00934664316132527,1.59977866148531e-05,4.01814314357706e-28,2.73430332173289e-81,7.73653435519119e-64,2.66786359989154e-73,1
"20170",0.000713929186299135,2.5806956536981e-23,3.94269177677984e-05,2.61737145309803e-05,1.51454219056073e-06,0.00018054600315808,1.26761284833255e-09,1.91489651758288e-05,0.999019259403265,9
"20172",1.17305210733419e-08,0.902242247787852,0.00172265998818841,8.87846429251307e-05,0.0176375809707804,0.0783087148797329,9.49525884258472e-107,9.85601810709224e-27,3.33752947728135e-36,2
"20174",0.134102199939217,9.59689276331708e-42,7.69125157809172e-19,0.00117880348912013,3.80563828159316e-11,1.73232999796257e-05,5.900242977107e-09,0.864701667332016,1.36716886395623e-12,8
"20176",0.999699112744756,3.56398767451773e-31,1.32125751936803e-36,0.000180671717914162,0.000120215536135771,1.19442220800396e-12,8.90096076247938e-67,1.01191319950528e-50,1.39391627203507e-65,1
"20178",2.40440892203154e-06,7.21229033881958e-50,2.67485222661405e-23,1.15384955399541e-05,8.39943345170967e-15,1.80798440286793e-23,0.999986057064751,1.06793091734845e-29,3.07782875751238e-11,7
"20181",9.0331007493573e-08,0.153231022806692,2.92890270856115e-18,0.0106590128891315,0.836109865344811,8.62826198890743e-09,8.47794171435867e-23,1.83144702991193e-68,9.61819090247563e-14,5
"20183",6.32027965719795e-05,1.12591281168088e-10,0.028977577371517,0.00392155078965273,0.00178771241848131,0.917533861554446,1.98138079689868e-65,0.0477160949567394,3.98153513281275e-17,6
"20186",0.000815383790594178,1.46014341410152e-11,0.000973220463523274,0.118978509253825,0.000595845503554824,0.87863704097265,5.29345045357484e-159,1.25068470699968e-12,1.0710950552219e-67,6
"20188",0.00020508768202414,6.47489890948871e-46,3.30065726131752e-17,0.00077395759274774,4.36305610079979e-12,2.72223077156586e-15,0.00915526958138349,1.97887680560925e-22,0.989865685139479,9
"20190",7.71601369145549e-12,0.997142772077423,7.07996678561135e-12,0.000238295251756951,0.00260603717542509,1.2895480598335e-05,1.19511827181594e-76,6.88232092148609e-73,7.39144372341905e-38,2
"20193",0.997201927523466,1.56265411456444e-37,4.46899996710146e-37,0.00276669184671381,3.13806297558746e-05,2.15598211483216e-20,6.41976429113259e-14,4.07932168941854e-76,1.25796000648591e-23,1
"20195",0.0987794123550618,2.58675396723479e-17,6.24113995452937e-07,0.000509302483395906,0.00423048039973707,0.097061633911471,1.86689957655744e-08,1.03449002186435e-20,0.799418528067343,9
"20197",0.00014058578812416,0.385840857731293,0.000256818714600012,1.02645673587122e-07,0.00605843592188433,0.607703199198425,1.95098982103321e-76,2.61830456282095e-36,1.5038270901516e-31,6
"20199",0.00108233843599487,2.16466826541428e-38,2.67264837128641e-07,4.37481512842847e-05,1.37850201138192e-10,3.58752379900992e-07,1.29154098663724e-08,9.48001509737711e-09,0.998873264862229,9
"20205",5.87423137758045e-13,2.58837425933963e-18,0.936426710511522,0.063573288630322,8.57567437097052e-10,1.47370114634166e-15,8.74530248849403e-183,6.91886666466128e-66,1.22871460865255e-113,3
"20208",0.0188964509758174,2.21881080690875e-13,4.15857351238808e-06,0.000258657133120096,0.00297424422394619,0.974024765675377,2.74251424900861e-10,5.85484788156527e-10,0.00384172255826865,6
"20210",0.000536947527261542,3.05687815294132e-38,1.27471334105747e-12,0.000120669864615646,1.24962288805359e-10,5.108166127198e-08,0.101142050257518,7.07270390958732e-09,0.898200274070002,9
"20212",0.0445952098871627,3.67766677113154e-22,1.15979398206443e-07,0.0014783321953419,8.64462579457748e-05,0.00952489492627359,0.0485169805634316,1.25152785068682e-10,0.895798020065293,9
"20216",3.11601295731447e-09,0.272771248421471,1.23327099669689e-08,0.00504339388857448,0.719916649037154,0.00226869320407745,5.9385096797196e-47,1.03246053001102e-34,2.7658103508809e-17,5
"20219",4.75098066044478e-07,0.000169297398408379,0.818475579458459,0.000968931703790767,0.180305834197863,7.98821434128138e-05,2.71985307756573e-71,1.1243564701861e-33,2.96164550201e-24,3
"20223",4.90045497786611e-06,3.30227760629362e-06,1.1074339816699e-21,0.0182343393420626,0.981757457923335,2.0178257966471e-12,6.01756623968001e-196,3.48555948294199e-119,4.3123147858695e-137,5
"20226",0.0130174173438104,4.5410064551881e-12,0.00201893110227537,4.12413658037913e-05,0.00612962950035006,0.97879278068321,1.48430225820009e-35,1.26343383309403e-19,9.5305281664388e-15,6
"20230",3.74289987247744e-13,0.991758391052193,5.70329404986922e-10,0.00129876640744277,0.0069400690888372,2.77288082296729e-06,1.84669961830296e-101,5.18358939053712e-87,3.40110328635166e-51,2
"20233",7.48704801344551e-12,9.02346250962587e-59,0.928165573988718,0.0718344260037947,7.60070334615337e-24,3.0783211470435e-25,3.12216693308575e-128,2.78776407965233e-35,3.3176418789092e-85,3
"20235",0.0158343427517733,6.66781676104168e-08,6.34071525036449e-07,8.49564661060359e-05,0.984075905866129,4.09416629862616e-06,2.24835009458484e-170,6.57592355418896e-79,1.59386277893698e-115,5
"20239",0.57519379093766,2.01577947796861e-05,3.48370993906336e-11,4.70637876809142e-06,0.415448648489382,0.00933269636457292,1.50142068755607e-109,1.83657344332807e-30,7.03246882547099e-57,1
"20254",6.7645644884249e-22,1.38494343238462e-07,0.985392696353337,0.0146069862189545,1.78933364892721e-07,1.01422528814891e-18,7.89951032074868e-164,9.41510440593355e-92,1.16611295671861e-91,3
"20256",5.87850155464178e-05,0.92271327081158,1.14214710111657e-05,3.21911499899211e-06,0.0652114250007655,0.0120018785860985,4.67924922947944e-131,9.02750006156371e-51,1.97331559800489e-64,2
"20262",5.89124223736192e-05,9.12804099964744e-23,2.53115173860172e-08,1.34163215568547e-05,4.88995423598339e-07,0.000117107516793522,5.36924630217583e-05,4.18542341119669e-05,0.999714502735201,9
"20270",7.31212364414988e-09,3.02649482204845e-08,2.19584135839218e-22,0.0538628772181646,0.946137065210051,1.99947122902825e-08,6.62909530726416e-47,5.67055448445597e-55,1.84791906462918e-22,5
"20284",7.62606199378457e-12,1.1134078289881e-14,0.849437455589491,0.148200582917916,3.12473180102865e-05,0.00233071416445353,1.32829186597015e-106,2.4923153095451e-12,4.6989396857236e-30,3
"20287",4.48049084881549e-09,0.881904253151221,1.71297107416412e-13,0.0003468280745999,0.117748902868862,1.14246547333557e-08,1.58253578956801e-161,1.57056768118857e-112,2.50378394341081e-95,2
"20290",2.35629351490908e-18,7.45119908623569e-18,0.988881170900169,0.0111188078383847,2.12089404764199e-08,5.250583337997e-11,3.80637002574357e-97,1.89267013199304e-43,5.85624685036054e-43,3
"20293",1.89252721878215e-05,0.128564434058505,0.012259918970894,8.92860493583517e-05,0.293436405029139,0.565631030619914,5.08707278100219e-55,9.44502994169657e-16,9.7442663254977e-18,6
"20296",0.974064546555916,4.06048958818327e-14,1.93893070639844e-20,5.54138710201751e-05,0.0130544887998185,0.00192238974167648,3.07735904912905e-06,6.58899870137394e-07,0.0108994247726088,1
"20301",5.81035402740515e-09,0.00264368142876654,1.34924255007353e-16,0.0212012678328317,0.976155044928041,7.01830374797438e-15,4.2522652511566e-66,4.08096804183956e-158,4.33138128044059e-55,5
"20304",3.1500468324778e-20,4.25353695041269e-09,0.993053204850259,0.00694677813899247,1.27572113068725e-08,9.29286035710956e-19,1.22175362063212e-160,9.66581415337808e-63,4.03905032810283e-93,3
"20306",2.34366575351639e-12,0.906953707487416,5.93415302087881e-05,0.00699929881553433,0.0859785363046841,9.11585981362755e-06,6.81256131438994e-149,1.27577684812563e-75,2.34965155876777e-65,2
"20309",4.74324257168752e-05,0.00026224465191812,0.00638335699953005,0.000111656344948934,0.0694592692655402,0.923736040312346,5.03927296838232e-48,1.45207899084915e-25,7.10211307682855e-23,6
"20311",6.93733137611539e-06,0.000423241980277191,4.15569828460284e-07,0.000130857573616666,0.999305402061497,0.000133145483403976,2.55201177756031e-47,1.72530588814795e-35,3.31763757231809e-17,5
"20314",3.30102404998416e-05,2.38795503921832e-11,6.07598572825114e-05,2.33353502428819e-05,0.000418499616806976,0.0306896170523138,8.52877074075621e-12,0.000588825533478295,0.968185952316967,9
"20318",2.68130369007937e-05,9.83036515479059e-34,4.70290465617819e-24,0.909142828888191,2.04307595284899e-06,4.29186250433328e-20,5.17307064161412e-05,3.82373405717635e-48,0.0907765842925388,4
"20320",0.031733102726042,2.0565780552132e-23,0.0168705799491965,0.361367384425707,7.9794062617733e-05,0.589949138836315,4.28123447242657e-51,1.22153204853986e-13,1.91322217839366e-27,6
"20326",0.00051886779649998,6.70935368934611e-11,0.00119559408700345,0.000305347266813,0.00522744113658037,0.430849771708355,7.2227187359652e-11,0.000565538361266322,0.561337439504161,9
"20328",0.000546099251685704,1.4096569526425e-16,0.0106365654021744,0.0451382036923346,0.000141736736901742,0.943537394915751,4.93372613870568e-98,1.15259931501449e-12,3.6323230720795e-43,6
"20330",0.0967185023434463,5.90510089757202e-06,0.000184377090634437,2.73295604334739e-05,0.845217596364943,0.0578462895396449,1.09937340963148e-94,1.13907915963702e-46,7.70254571756541e-55,5
"20336",9.66988248544994e-13,5.52877212806138e-09,0.941767623214806,0.0581999150193046,2.10837217428462e-05,1.13725144074217e-05,4.85483054134742e-135,8.7031242842132e-20,1.50382199362517e-53,3
"20338",3.09825850169745e-05,1.3175065128999e-13,0.999038584204002,0.000390659785948633,0.000539768313532811,5.11136816178686e-09,2.18937154525267e-63,1.48280577962389e-42,1.79325530143583e-42,3
"20340",3.04095462495275e-09,0.749220137803562,4.61034536857264e-09,0.00185764500026791,0.248922164676507,4.48683634412872e-08,4.78578895886725e-133,4.12793697790179e-82,1.09338454901464e-71,2
"20342",1.10429083957963e-06,2.21475003388491e-51,2.27956927584781e-06,0.999996616139805,7.96947812310769e-14,1.62815016433615e-30,3.7293347216793e-115,2.63837392140983e-88,3.50367656608701e-92,4
"20344",5.84117651875132e-10,0.767744555153397,3.44466230998163e-05,0.0115181442349982,0.208880724775951,0.0118221286284358,4.10461419762228e-108,1.33810939795942e-42,7.75535537839444e-41,2
"20349",3.84555174543883e-11,0.97993852641102,9.06533485293228e-08,0.000534099614870233,0.0194907348542758,3.65484280304026e-05,1.85090643132878e-136,3.26845481358302e-59,3.81423328082976e-56,2
"20351",4.60024766908453e-05,2.1033318169058e-06,0.0100758117887051,0.000809352209017832,0.856891280371041,0.132175449822728,2.31417971335382e-51,8.80831066072936e-21,2.15436906603175e-26,5
"20353",0.00035359739530917,0.00197036560144498,0.180836679222049,0.000303648996508609,0.701588339823735,0.114947368960953,9.11244703302853e-99,3.09216295519549e-68,1.7726183934916e-58,5
