"","V1","V2","V3","V4","V5","V6","best$classification"
"19812",0.987177606661784,0.00925697558076393,0.00355717304531733,1.88003895434826e-12,7.5312500343954e-13,8.24470950169612e-06,1
"19814",0.951345862306943,0.00426276731400438,0.00153337646560628,1.17780266838387e-16,3.56071988689797e-05,0.0428223867145778,1
"19816",0.974772369508074,0.0155343421133459,0.00477907541713689,0.00491421296144304,8.61147854514723e-19,1.03148233452037e-18,1
"19818",0.972785739634152,0.0252219116385182,0.00199202010594906,2.66369129597833e-11,1.13538250363027e-10,3.28481205863045e-07,1
"19820",1.92264017517375e-15,0.00283871146368042,0.0500080268478687,0.947153261688449,1.20450463240173e-43,1.43795462715843e-51,4
"19822",5.98714423487565e-39,2.22310168536009e-08,0.996194127195478,0.00380585057350528,8.43494820454048e-69,5.32075309156088e-56,3
"19824",4.32284828456548e-17,0.0132385932947842,0.611127264530451,0.375634142174765,2.75115432712541e-34,1.07295208928685e-33,3
"19826",0.871750602632025,0.111767408685224,0.0164676496808335,3.27056911217427e-12,3.27574240306054e-15,1.43389986435495e-05,1
"19828",4.9049252199149e-05,0.204989882357673,0.0119243220805627,0.783036746309565,6.44266973157624e-31,4.32509139872845e-31,4
"19830",0.00771800659449601,0.918454725510678,0.0738272162360564,1.25367196047042e-23,2.62169506831552e-19,5.16587695370529e-08,2
"19832",5.94558782392866e-07,0.527846817456925,0.472152410980599,1.77003693823624e-07,2.83355910192464e-29,4.59140520646435e-16,2
"19834",0.140269565934785,0.810531994295718,0.0491598298596528,3.86099098432972e-05,2.57940804652015e-30,1.06312351332898e-16,2
"19836",0.121642730986345,0.836185488436581,0.0421717100986552,7.04570922966778e-08,8.80475126678033e-17,2.13263934508673e-11,2
"19838",0.00893576510007928,0.00388189882734482,0.000319521046835698,3.61310082595945e-26,5.04690038624814e-05,0.986812346021878,6
"19840",0.847139139117937,0.134648168232257,0.018208904383119,3.78826668667806e-06,8.36003261766556e-27,8.58052350824924e-16,1
"19842",5.85922998171703e-15,0.0188329146770175,0.257683111713167,3.12500808843713e-26,0.723050100712362,0.000433872897447213,5
"19844",1.76464166147203e-50,1.05836089764163e-11,0.999958016004389,1.16544012114844e-15,4.19839850264697e-05,3.28606010929768e-24,3
"19846",7.9818080089344e-06,0.0195886013545997,0.00131408529860803,1.6532997615763e-30,0.665102816363648,0.313986515175135,5
"19848",0.000364514873161213,0.00117045457022951,6.27969379858726e-05,2.59854016992286e-30,0.018191880285189,0.980210353333435,6
"19850",0.0272924176884352,0.411083184724404,0.0258192369448619,4.21185553311283e-22,1.85883857786542e-08,0.535805142053913,6
"19852",0.99335527497565,0.00359218841555303,0.00305180052064117,7.36088148056213e-07,1.23395120194307e-19,7.33978619505879e-15,1
"19854",0.000530295335442844,7.72129902996713e-05,6.18398381019366e-06,6.71764585404018e-31,0.0274867349097196,0.971899572780728,6
"19856",1.38438124230347e-18,0.00909564692473592,0.990904353075256,1.44424944167973e-16,1.0481313741564e-20,7.66644969715119e-15,3
"19858",5.22928885564411e-21,0.00133256060962227,0.998667404214006,3.5176371356222e-08,3.17042329987823e-25,6.26253717651602e-22,3
"19860",0.981089947277634,0.0038338811270759,0.0150761106150446,6.09536044049383e-08,1.26099338834279e-21,2.66413680875033e-11,1
"19862",5.72905539586987e-07,0.000995268036964269,8.4777437523597e-05,7.34118596791631e-34,0.925092260003698,0.0738271216162745,5
"19864",8.445584146981e-73,2.64857647389673e-18,0.999999999945107,1.62510361081948e-15,5.48914239593698e-11,1.08230327078067e-43,3
"19866",8.0498781792257e-06,0.871400633039561,0.122835312760325,0.00575600432193531,2.38741163053944e-35,8.41210163897241e-28,2
"19868",1.74937246603255e-85,6.01938448538754e-23,1,1.42658429241449e-22,1.04461849993667e-26,6.29166800363284e-47,3
"19870",0.368521439960959,0.603306786734922,0.019113464507263,2.20593560633916e-20,4.4166578432443e-07,0.00905786713107129,2
"19873",0.875944619467426,0.114440537565331,0.00961484165808207,1.83757603099876e-12,1.67342861401104e-25,1.30732273575564e-09,1
"19875",0.726594214949,0.145643309115698,0.0138070679043701,0.113955408030932,3.16429612522297e-35,2.5987508119107e-24,1
"19877",0.993897232809457,0.00408713761997916,0.00201500204395264,1.32816029457114e-17,5.99539140599573e-12,6.27520616125087e-07,1
"19879",0.562899840911413,0.416472209575093,0.0206279484282161,1.08527748728136e-09,1.2700612093138e-27,5.48269777155655e-16,1
"19881",0.0523416870396074,0.909257746200723,0.0384005637061632,1.01707495499539e-14,9.80068455173006e-22,3.05349670245537e-09,2
"19883",0.00429051766140176,0.947638316791827,0.0364423270935014,3.52268130174343e-15,1.19338825767363e-06,0.0116276450650092,2
"19899",0.13657204711662,0.816414050368384,0.0470139021960077,3.18988877902144e-10,1.79707853021257e-28,5.16789622553494e-18,2
"19908",1.83226409507187e-46,2.1372427458322e-10,0.99999999978562,6.55973083435454e-13,2.39954897220566e-49,1.27103929451293e-45,3
"19910",0.992080183740236,0.00634351428258497,0.00157627007379091,3.1901805968131e-08,2.45576113226215e-15,1.58010435756249e-12,1
"19912",1.19355654111959e-09,0.563791553112363,0.428912048747373,5.70727269414965e-28,0.000721098101631529,0.00657529884507606,2
"19914",0.818513767009266,0.163781303925752,0.0177049289744451,9.05370811357993e-11,1.4585993539747e-36,8.68623229214118e-18,1
"19916",6.20820716143323e-37,9.78291349973675e-08,0.999537280806113,0.000462621364752165,9.61152129942781e-46,6.12697515831336e-46,3
"19918",0.10491242412312,0.171009252702825,0.00842192534229366,2.38196942351736e-20,0.00555366115277643,0.710102736678985,6
"19920",4.66235627124886e-05,0.00380502934048956,0.0003005816643951,3.3199857208582e-26,0.306600691396973,0.68924707403543,6
"19922",3.8316257417203e-18,0.00308423144878704,0.996915762826894,7.98530971946607e-10,4.91453309600718e-09,1.12545372801127e-11,3
"19924",0.952766452288366,0.0422336763861982,0.00499955540972911,6.51108075131059e-16,1.30397008329426e-16,3.15915706428209e-07,1
"19926",0.000226789765145082,0.916866509491884,0.0829066921531518,8.58981882349826e-09,4.9115038439724e-48,1.82302351936896e-21,2
"19928",2.28855007898905e-97,3.22246370874096e-26,0.999578386690665,1.9871712606936e-25,0.000421613309334706,1.36353583475117e-44,3
"19930",0.882743983260394,0.00563080681750762,0.000993151168006983,2.6948187930316e-18,1.29639392083688e-05,0.110619094814884,1
"19932",0.00614839456144095,0.000326085478729546,2.56034439074311e-05,1.60523715337181e-27,0.00475724550844212,0.98874267100748,6
"19934",0.234118237212224,0.728318696020406,0.0363861793434828,0.0011768874238869,7.63259474062154e-30,9.08931049638566e-19,2
"19936",0.967489779154519,0.0246501954251526,0.00785068238234744,6.6778435376155e-15,3.57758120807799e-20,9.34303797467695e-06,1
"19938",9.90535578727685e-13,0.201020431330532,0.796699336307136,0.00228023236134203,4.67990962231017e-74,2.39289889851285e-40,3
"19940",0.484214124509097,0.498344042100636,0.0174418069303033,1.16510818173427e-09,9.60233365382385e-12,2.52852527400836e-08,2
"19942",9.2334246921177e-52,6.34268511437277e-12,0.999999903294458,5.97324037837513e-19,9.66991996335894e-08,3.6421564978953e-25,3
"19944",0.967082530666659,0.0261113129005682,0.00680399564487998,2.16078789273254e-06,6.37391892801694e-27,6.67494869613649e-17,1
"19946",0.974299289464683,0.0203384407643207,0.00536226971652805,3.88167407997703e-11,7.1396359870158e-21,1.56511733678598e-11,1
"19948",3.86182878453005e-47,1.20926464667543e-10,0.686618056513315,9.22617456129498e-19,0.313381943365759,5.49459275300709e-21,3
"19950",2.66411651315244e-20,4.50028908380965e-07,2.09747867776951e-05,2.02183624435392e-29,0.999978103158577,4.7202573647478e-07,5
"19952",3.86182878453005e-47,1.20926464667543e-10,0.686618056513315,9.22617456129498e-19,0.313381943365759,5.49459275300709e-21,3
"19954",0.146471513716623,0.00151312206007711,0.000167115468897074,8.44691302859193e-23,0.0079016361591778,0.843946612595225,6
"19956",7.28516977636114e-22,0.000586492310382073,0.999413507689526,1.63993956576059e-33,6.93639583670768e-18,9.20887207955867e-14,3
"19958",8.19840299259347e-67,2.23907721430913e-17,1,2.40505916697989e-17,1.55266483552556e-16,1.06800952249119e-33,3
"19962",4.51161151304726e-06,0.846180973010842,0.153814515269551,1.08093169037715e-10,1.39966725356805e-30,5.88614367082042e-16,2
"19964",0.00119156073103434,0.954064377493381,0.0447440616482501,1.4341133856934e-11,4.36474812759672e-24,1.12993299121913e-10,2
"19966",9.0682810492576e-15,0.0653008832926115,0.858970224336917,0.0757288923704625,1.54308195487777e-49,9.58287217985299e-38,3
"19969",0.479408297413127,0.449096995549445,0.02228057673118,8.21013086781635e-20,3.37788027432004e-12,0.0492141303028697,1
"19972",1.84491457418756e-07,0.828189150557495,0.171810569776251,1.72342843488441e-20,8.04344038001044e-08,1.47403929959669e-08,2
"19974",1.28241599745434e-20,2.72742395879581e-06,0.000140865114035289,3.05583601256962e-36,0.999856404244996,3.21700991430904e-09,5
"19976",0.958885360829532,0.0359169245024984,0.00519770223051405,4.14014845199538e-15,1.5043675648177e-13,1.24373014209673e-08,1
"19978",0.957125186183325,0.0368149532917936,0.0060431945117121,1.6666012585707e-05,1.27864167408769e-14,5.70766025976047e-13,1
"19980",6.0017616836413e-05,0.00122769793526887,6.66632947229392e-05,4.05811730345411e-31,0.313491813607182,0.685153807545989,6
"19982",2.40566571246461e-07,0.769859548697214,0.230139381676845,1.32852096121116e-20,1.13979808983841e-14,8.29059359156616e-07,2
"19984",1.40806247358122e-20,0.00224215081980953,0.997744837554494,6.93537545770266e-17,1.30056882234932e-05,5.937473056818e-09,3
"19986",1.36091747321789e-11,0.0289106364122247,0.0675629200780075,0.903526443496159,1.42658861059723e-50,1.09921062284888e-48,4
"19988",2.02890438961448e-19,0.000642525275918029,0.19751243556427,0.801845039159813,2.51361427578631e-48,1.20749100880854e-55,4
"19992",1.6319151432571e-10,0.0126496905018708,0.0149526206846088,0.972397688650329,8.26995249024726e-44,1.35685911887653e-41,4
"19994",0.871696147633679,0.0041460298005175,0.00117400784377347,5.57114792554654e-18,0.000960360154462999,0.122023454567567,1
"19996",6.13427815849707e-06,0.043047691818761,0.00535208988806637,0.951594084015014,6.6177331250426e-37,4.74368698556802e-40,4
"19998",2.17092384742151e-13,0.199083531766996,0.800916468232136,6.51222026230018e-13,3.93351949094753e-33,9.58838476601312e-20,3
"20000",1.21197871005899e-16,0.0135807146187444,0.986419285372809,2.0242563656511e-27,2.68371700542558e-21,8.44684291251672e-12,3
"20003",0.956883009152781,0.0364220121943976,0.00424751085027677,1.85387258701218e-14,5.95190403672252e-09,0.00244746185062209,1
"20005",2.76921133392212e-05,0.000472918666829538,3.65672497228047e-05,2.78167466054671e-33,0.793513475283809,0.205949346686299,5
"20007",0.856918488774473,0.129963560386385,0.0131179340950369,1.67441053797992e-08,1.89674464522412e-31,4.14420231031797e-19,1
"20009",5.26888792563708e-22,0.00132888646455348,0.994896488068562,0.00377462546688446,5.59712721840436e-57,2.14134742353801e-43,3
"20011",0.0024728761164916,0.957402035805375,0.0401250785765705,7.686843500411e-17,3.52200048727211e-12,9.4980405988076e-09,2
"20013",0.699337783819821,0.0212685214481512,0.00296917529340009,6.71031564423194e-22,1.39553494806568e-05,0.276410564089146,1
"20016",1.43654336339233e-23,0.000263261234024936,0.701987122818659,0.297749615947316,6.39212447719005e-54,3.61043067807225e-50,3
"20018",5.0363354955929e-111,2.3157137840102e-31,0.999999735193474,2.6480652632741e-07,8.80641659021396e-48,1.42376444445223e-86,3
"20021",0.603339201345082,0.306933973832333,0.0201183907856988,0.0696084340368859,3.12827801118482e-29,5.60232014114346e-22,1
"20023",0.768456107251009,0.204958294152604,0.0265601026854596,2.54959109271825e-05,4.76646881958066e-42,5.15614181517766e-22,1
"20025",8.94790434467028e-46,9.41633500651489e-11,0.999457452219884,0.000542547685953238,2.21630324724995e-81,1.09265947729542e-60,3
"20027",0.000336750266124324,0.778758030563615,0.0541606702974605,3.0697321017507e-23,0.0183604656055106,0.14838408326729,2
"20029",0.000847579466722056,0.00937454505893707,0.000598477753540696,3.0026930556882e-28,0.00718556551639418,0.981993832204406,6
"20032",0.00352098133560298,0.0180099993124247,0.000722302623786952,3.71574198407264e-23,0.000204963592482764,0.977541753135703,6
"20034",5.91339274727739e-35,2.79620659934231e-07,0.628172659018746,1.49637806272263e-16,0.371827061360592,1.54474877514487e-15,3
"20036",5.25699174046582e-08,0.734307898299109,0.265692048902402,1.09879303259231e-14,1.73277501660952e-24,2.28560988196886e-10,2
"20038",0.000825565078522157,0.377516775748507,0.032258709761404,0.589398949411567,3.94304035620455e-37,4.76516873456255e-31,4
"20040",4.33849068016278e-58,2.77669218158759e-14,0.998351588425105,0.00164841157486719,2.03663887633112e-58,2.65358661372305e-70,3
"20043",0.129708719059582,0.418016918892062,0.0279248629206521,0.424349499127703,2.83308103505858e-31,4.77702119207585e-25,4
"20045",3.08804319007672e-28,4.13537377045833e-06,0.468080666992271,0.531915197633959,3.01052133031237e-44,1.48548893937973e-55,4
"20048",1.35858594806107e-41,8.50126783890872e-13,2.64893928498667e-05,8.64465498757321e-28,0.9999735106063,6.70152572415904e-17,5
"20051",0.0554328400497837,0.857851803941487,0.0867153336683753,2.23144816917351e-08,1.57002690277558e-27,2.58723952570354e-11,2
"20053",0.0757328896673585,0.838389282493696,0.0811878750943517,0.00468995274459414,1.1829538215839e-36,2.801092819768e-26,2
"20055",7.54606738394483e-06,0.824204322941016,0.175523177001088,0.00026495399051216,2.25150142677285e-27,3.67143312305681e-20,2
"20057",3.55341803053188e-141,2.66364770565212e-41,0.999999999956161,6.59511111903077e-33,4.3839025377746e-11,3.56602179461729e-65,3
"20059",1.23621612737015e-07,0.690253645667879,0.304565929768651,0.00518030094185714,1.33179212136569e-50,1.59962629405915e-30,2
"20061",0.344702315246003,0.605559586466516,0.04971645484122,2.16434462610075e-05,1.01667537632175e-41,1.55538644392023e-23,2
"20063",1.43476050779623e-86,6.86226069615949e-23,0.999999999952184,4.78161134818527e-11,3.30151528851587e-21,2.76554068215182e-50,3
"20065",1.6935755118209e-32,2.40391417032874e-07,0.745398300167178,0.254601459441405,6.66567415649383e-40,1.06152064812808e-45,3
"20067",4.41535816029775e-09,0.149180894828112,0.252868772713704,0.597950328042826,1.91309144256771e-29,1.43575114307338e-28,4
"20069",3.91516728583544e-05,0.00273263212094748,0.000176218988911724,2.17556407004256e-29,0.263948797568714,0.733103199648569,6
"20071",6.36047951544368e-08,0.742602058804027,0.257397877569912,2.12654550503942e-11,7.36404161159938e-36,1.15270539631996e-22,2
"20073",7.57642109266108e-07,0.83795343611297,0.161968671536566,4.10813880281144e-15,7.45948451470136e-07,7.6388759899654e-05,2
"20075",1.49192311728772e-64,1.53610737597889e-16,1,2.1617508637223e-20,2.89819039989782e-23,3.6246893646827e-34,3
"20077",0.660345717639367,0.300307964738017,0.0378353645319325,0.00151095309068355,7.19618052674031e-25,1.85892778890496e-18,1
"20079",2.93660549440807e-15,0.0667355974505376,0.933264374165248,2.83842116364349e-08,1.30334003446829e-27,7.02826382696764e-19,3
"20081",9.1109200936926e-05,0.778354787274572,0.205443553943322,0.016110549581169,6.82115261685983e-29,9.44042297819727e-25,2
"20083",2.86543149819274e-35,3.94222391799486e-07,0.999999605777608,2.05165253321401e-16,1.24259290767614e-33,8.47532315363571e-26,3
"20085",8.77316311920323e-19,0.000448870486113431,0.0749261544468435,0.924624975067043,8.27042416451443e-48,3.84540412988426e-53,4
"20088",0.0350694510320636,0.265456299847313,0.0211167363165428,0.678357512804081,3.8464908267172e-35,2.71441035892265e-30,4
"20091",2.38872870461936e-34,1.19260411756747e-07,0.999999830176077,5.0563511127326e-08,2.15033160463686e-32,1.94445338731775e-34,3
"20095",1.440644641238e-33,8.0511495819875e-07,0.999999194877501,7.54106635764519e-12,1.12715837645811e-20,8.20663484015244e-34,3
"20097",3.37388714528094e-18,0.000383735297366809,0.0526298591669729,0.94698640553566,9.83901810532115e-49,1.13701781651786e-50,4
"20099",1.01528005988053e-22,0.00154047611968247,0.978429697386933,0.0200298264933846,9.13145296468393e-22,6.11441898689463e-31,3
"20102",3.39324021389532e-42,7.66254524452853e-10,0.999999999233734,1.11486238742021e-14,2.24627224180807e-22,9.47365791715827e-28,3
"20105",0.000365472895140991,0.847571477858211,0.0532160516834411,0.0988469975632071,6.34048126835987e-38,1.61815472316157e-24,2
"20107",0.295820657075366,0.526734552404164,0.0290718479708285,0.148372942549641,1.28160122852954e-33,2.56199762133416e-31,2
"20109",1.57836398389767e-10,0.494089998344109,0.495768032243354,0.0101419692546899,1.05189805720206e-14,7.13081608794118e-18,3
"20111",2.46331815993961e-39,4.60895673711204e-09,0.999503793216113,4.19827690783165e-25,0.000496202174929815,4.21414371814643e-17,3
"20113",8.49626219794226e-05,0.928332573254045,0.0714769009907459,0.000105563133230114,4.9823685838845e-30,4.20094061335448e-25,2
"20115",2.1408234989831e-10,0.292803613435173,0.707195797451366,4.8254282701372e-23,1.02449442043559e-16,5.88899378483475e-07,3
"20117",1.65528570485294e-80,6.61450163276842e-21,0.999999999998003,1.99674431966561e-12,3.29359094559843e-55,2.08753448782117e-62,3
"20119",6.53312292712844e-16,0.0277474321039646,0.52300127914364,0.449251288752395,1.13570251399384e-31,1.13388048747199e-33,3
"20121",0.000751569649547017,0.341550368328204,0.0315690087321686,0.626129053290081,2.33763224810972e-46,7.72132223088445e-38,4
"20123",9.70368964093073e-40,3.40294581267156e-09,0.99999927980065,7.16796404512483e-07,1.63885266529511e-46,1.73439431171259e-40,3
"20125",0.0317590757124002,0.00185242615409482,0.000262752486193173,9.79642820246354e-26,1.35597398073314e-05,0.966112185907505,6
"20127",2.48214404672113e-19,0.000295134670628132,0.032372617883295,0.967332247446077,2.68899159597875e-41,3.08136718717849e-46,4
"20140",2.58642574888661e-09,0.52266403895091,0.477335921562948,3.68997157273004e-08,3.8300031651883e-40,4.90691835689611e-22,2
"20142",3.09283971195836e-13,0.00305543606310781,0.0155709627861402,8.87628932069822e-28,0.976909738262617,0.00446386288782523,5
"20144",9.87011105421441e-07,0.517780771854136,0.48221545970257,5.86518050585023e-27,2.28784875241826e-21,2.78143218878954e-06,2
"20146",2.08170637111893e-06,0.721208176542057,0.278789741357396,2.31215568145957e-18,2.07423651779333e-34,3.94175277306486e-10,2
"20148",0.98873674406382,0.00649540342966589,0.0047371397943383,2.81285146404299e-15,5.68843018634759e-19,3.07127121731534e-05,1
"20150",5.66184683393936e-10,0.000534517275926,0.000127098701072384,3.58782323279684e-35,0.998137987140597,0.00120039631622046,5
"20152",0.984445358729846,0.010942762330338,0.00461149284513879,1.22959041802042e-12,3.29056095929752e-18,3.8609344737257e-07,1
"20154",1.00338272408399e-43,2.48822010145619e-10,0.999073093499307,0.000926906251871398,1.92576403274275e-29,7.06393518824493e-41,3
"20156",4.07727023846405e-06,0.813580120207844,0.186415798463978,4.05793925420049e-09,2.07308772010221e-32,2.30355984429246e-23,2
"20159",1.8134501223094e-06,5.85357046764062e-05,1.12659137947362e-05,1.18928358707319e-31,0.0167023718602889,0.983226013071118,6
"20161",4.12338664353007e-19,0.00400014576571761,0.995999854234268,6.61625812706528e-17,6.15362946758206e-24,1.42399239512435e-14,3
"20163",0.00275637756435698,0.936962946092658,0.0602803248664844,1.25057881089008e-09,2.25736938415214e-15,3.50225919969419e-07,2
"20165",6.62443540403813e-21,0.00182593356578566,0.998171066645061,2.99978858556237e-06,5.67447593103432e-13,5.63954056377107e-17,3
"20167",0.976827882173579,0.00478365844495615,0.00161178557620487,1.46805066069331e-15,3.85673396174611e-06,0.0167728170712972,1
"20169",2.10176522211981e-29,1.1967356828856e-08,0.00025281115962254,4.49530896074365e-28,0.999747176812334,6.06867471474871e-11,5
"20171",1.30231508981363e-67,1.20714363091371e-17,0.999974760631141,2.52393688593329e-05,6.18426590883554e-31,9.38693444789783e-52,3
"20173",5.94416584345352e-56,3.45061904460549e-13,0.999999993107326,6.89232937268508e-09,1.45870507501201e-24,1.25970065733754e-39,3
"20175",0.954027068804713,0.0423393967379333,0.00363075360337391,3.24421798513163e-20,2.13553475460691e-08,2.75949863254074e-06,1
"20177",1.13138141664407e-20,0.0044386924763212,0.995063746925283,0.000497560598396056,1.14280911251622e-38,3.04700406648011e-31,3
"20180",1.115171515864e-11,0.0166576843604187,0.0499147897090092,0.93342752591942,8.28614108989136e-39,3.43493282776646e-39,4
"20182",1.27639898287606e-112,6.1853923381592e-33,0.012976178289935,9.36718080892844e-42,0.987023821710065,3.77145420034991e-50,5
"20184",0.000513704883550074,0.82675885371076,0.0804773232778441,5.17921416253944e-20,8.57095426110635e-07,0.09224926103242,2
"20187",1.0458758549045e-22,0.000865644769303257,0.999134355197028,3.36690848577111e-11,9.14255982033034e-27,1.30690049473197e-22,3
"20189",0.061244849151819,0.894153087954538,0.0406605855398824,0.00394147735376058,1.56109683536485e-17,2.79388296076743e-16,2
"20192",5.35122963817994e-48,3.30038052523814e-11,0.999980872720753,1.91272462433401e-05,1.07590153243924e-54,1.23406712611678e-46,3
"20194",5.61373338873164e-21,0.0022853253614201,0.997714674551319,6.66492578331069e-25,5.24973135935335e-11,3.47635582668166e-11,3
"20196",3.69539169733195e-26,3.28314008583507e-05,0.393113809040415,0.606853359558727,2.12741999291712e-43,5.73190191759688e-41,4
"20198",0.0108002236184082,0.905238498320511,0.0839612727869803,5.27186129073305e-09,3.5445551195479e-41,2.23924998217643e-12,2
"20204",1.67009326206143e-05,0.0359787898923661,0.00353161099118029,2.31458742502423e-27,0.0107808268364389,0.949692071347394,6
"20207",4.19954764581696e-13,0.052618588501497,0.655529999685546,0.291851411812537,5.60315387475556e-40,5.86785111015059e-32,3
"20209",7.63121628643219e-22,0.000465015350559664,0.999534984629961,1.05496317087372e-22,2.58138993899178e-15,1.94773066145996e-11,3
"20211",3.70032429063862e-28,4.26271882088792e-06,0.999993262096,2.47518517919436e-06,6.4717104421106e-26,1.58807129791795e-26,3
"20215",0.0303588223527439,0.920045929147067,0.0476691463396827,0.00192610216050697,4.86745826726581e-41,1.66372917316663e-21,2
"20218",4.77636312479468e-12,8.67226650053603e-05,6.14516772521766e-05,1.82463666619144e-29,0.998280325284874,0.00157150036809246,5
"20222",1.20829327207438e-08,0.478448740051867,0.376676427661915,0.144874820203285,4.82129219081342e-32,1.77136662304566e-25,2
"20225",1.03022577742506e-07,0.584072690860602,0.415898873581335,1.8679674406705e-25,3.39021794072526e-25,2.83325354846263e-05,2
"20229",3.12740211327754e-09,0.487122718867719,0.512877278004865,1.23127806157135e-14,3.31270337544857e-35,2.03528243060662e-15,3
"20232",0.0545702169809229,0.889497810245075,0.0559313915541252,5.81219876865277e-07,4.64601632274124e-28,2.35315947526161e-23,2
"20234",5.83786496992153e-69,6.76781704649781e-18,0.998378601332988,0.0016213986670121,8.14664163756795e-44,3.64281587073761e-73,3
"20238",4.8890910160972e-06,0.75846927336796,0.184647753152126,0.056878084388898,3.29582094212016e-50,1.43183625716125e-37,2
"20253",7.11391537471595e-08,0.175963153312189,0.0528089910895235,0.771227784459133,3.77061810366229e-40,1.20512172212841e-31,4
"20255",0.238558951343585,0.0177333567783624,0.00308741320969916,6.87162129817325e-22,0.000185010954679599,0.740435267713674,6
"20258",4.88555351157674e-06,0.0433413373535267,0.0044631276928489,0.952190649400113,8.86911921597285e-36,4.78010652505321e-35,4
"20269",1.43898447589422e-05,0.889058527184567,0.0917597561511518,0.0191673268195217,2.72415806505552e-16,4.35907296596828e-17,2
"20271",1.43451618119764e-17,0.00536476379225737,0.257273622190649,0.737361614017094,4.69505331793164e-29,1.44125349889491e-34,4
"20285",3.51948890784675e-21,0.00447123659574879,0.995528763404248,3.61946922590351e-15,3.61704512129326e-53,3.30482643121512e-24,3
"20288",0.0719291894197168,0.885383773041422,0.0426075243812527,7.95131576085438e-05,2.73841170055465e-34,2.82074678467254e-24,2
"20291",6.01653471719939e-21,0.00108033732851877,0.991021468117298,0.00789819455418315,1.80100759170903e-51,1.51051060205214e-45,3
"20295",8.3616397027635e-21,0.00313521205216113,0.99672046263094,0.000144325316898722,5.12208207336016e-35,1.10782956047192e-26,3
"20298",0.00591824208391693,0.000188612211888129,2.04753016920691e-05,4.53961064827413e-30,0.000831073560687852,0.993041596841815,6
"20302",6.0887019243425e-07,0.846866300115319,0.153132999579267,2.55610559371593e-18,2.42935574760067e-21,9.14352219563551e-08,2
"20305",0.000860189077774419,0.00135701827744779,7.26743078162542e-05,1.29636293711098e-29,0.000436991077236577,0.997273127259725,6
"20307",0.000133516227498401,0.113293658368568,0.0146838753056152,0.871888950098318,5.75077818307472e-41,2.06083232646268e-39,4
"20310",4.73347331832022e-42,1.48287192227661e-09,0.941115100548305,0.0588848979688231,1.23124305395715e-59,5.74090023376843e-67,3
"20313",3.93030100900445e-30,3.91136216514037e-10,4.30040660469296e-06,2.54628790652114e-34,0.99999569919754,4.71914532713271e-12,5
"20315",7.89756795002811e-05,0.723758567137717,0.0381036080529524,0.23805884912983,4.70555299536987e-38,5.00615687563501e-35,2
"20319",1.22117529713666e-27,1.54430270210705e-05,0.980068183853329,0.01991637311965,1.41818854273003e-43,2.8780294001454e-41,3
"20321",2.6781000727076e-09,0.167531729585646,0.126601027801252,0.705867239935002,1.14706307783088e-57,2.67410126966972e-38,4
"20327",1.56829621878563e-10,0.0246688891770378,0.0170110312306808,0.958320079435452,4.57427233513282e-34,6.94252732640556e-40,4
"20329",8.23412399013089e-36,2.35317494849275e-07,0.999677127632061,9.93212325302972e-23,0.00032263705044399,7.12311747820194e-17,3
"20335",1.26359701528446e-20,0.000177214509395778,0.164745175225372,0.835077610265232,1.1396148800714e-35,3.04491014259206e-42,4
"20337",2.95663695591917e-05,9.47265020331855e-05,8.26082605917952e-06,4.58508861239757e-30,0.0945904619028484,0.9052769843995,6
"20339",3.42556108474008e-37,3.95785077458931e-08,0.99999996042049,1.00196711829336e-12,3.98580475023787e-52,1.351845636314e-35,3
"20341",5.6208134046399e-44,2.30723292082503e-10,0.999998606885275,1.39288400158094e-06,2.89839537484578e-39,4.34675943198246e-42,3
"20343",7.21103002864274e-30,3.27330639860679e-06,0.81698775001885,0.183008976674751,8.34899591426806e-40,1.73192873150737e-45,3
"20345",0.706706857840049,0.268405177083304,0.0192678120514672,6.91686001871871e-16,5.85536448618174e-11,0.00562015296662533,1
"20350",2.51283429553457e-27,4.65604567675651e-05,0.999953439438493,1.04739130225238e-10,1.4736279795808e-51,5.84342451859245e-28,3
"20352",8.52733235867221e-24,2.85960087340242e-06,0.00252291701829982,6.5737105420223e-23,0.997474198894941,2.4485885687382e-08,5
"20355",2.40152985114111e-15,0.0376531500491517,0.96234684995081,3.56654914156477e-14,1.00287089108359e-31,4.67572002725531e-16,3
"20358",1.4662436070762e-25,0.000202593860162354,0.999550743626435,9.7607765376026e-25,0.00024666250423049,9.17231608007701e-12,3
"20363",0.0035650959950789,0.454274924606339,0.0366189042276933,0.505541075170889,9.02787136643161e-47,1.26919816366109e-31,4
"20365",1.37228115877474e-06,0.641143949821436,0.358637692432395,0.000216985465010693,9.91544778576244e-36,3.60517756694182e-21,2
"20379",0.0017422622784845,0.901272968586972,0.0969639303664239,8.56371070296566e-22,3.0850336234398e-16,2.08387681191571e-05,2
"20387",0.0055510293663478,0.184696795164555,0.0175772339400068,0.79217494152909,1.5354698772713e-32,8.10709223204742e-30,4
"20392",8.92912141137579e-33,2.15278463825901e-07,0.999785618691155,0.000214166030380863,9.7697748355345e-34,1.29825792430085e-33,3
"20395",0.985055909559662,0.00816665631293345,0.00676746114915122,5.83813695862698e-15,3.3476741716338e-17,9.97297824800656e-06,1
"20397",6.53109051148211e-81,1.03078356399838e-22,0.0032068970860642,1.23329095149804e-32,0.996793102913936,1.41558531828503e-36,5
"20410",0.00592931589569144,0.824466633942917,0.0498030851252033,0.119800965036189,1.78721164794746e-24,7.49967498485083e-22,2
"20414",0.0092262404630734,0.948058734962511,0.038925241068252,1.17852595027722e-17,1.51701808230352e-13,0.0037897835060115,2
"20417",4.83435880546647e-137,1.21759500334595e-39,0.999999996756255,3.24374530925967e-09,3.86665513020803e-38,6.18099144109944e-95,3
"20419",6.99938050298396e-10,0.0286496023772341,0.0169425041781245,0.954407892744703,3.44291369351308e-33,5.60420014258248e-39,4
"20421",1.85933875304734e-09,0.294775988627569,0.70522400942744,2.13042465064015e-16,1.01598216984789e-17,8.56520555324306e-11,3
"20423",0.00527772265782568,0.176300767666246,0.0152598346164069,5.40371709397036e-23,0.0038570529129253,0.799304622146596,6
"20425",0.000374065260831257,0.574277090201499,0.0605067972931404,3.91617609655752e-21,1.44050069104348e-05,0.364827642237619,2
"20427",0.990590093163643,0.00181961746827396,0.00758534097431056,2.88645003416769e-11,4.03139337618099e-14,4.94836486799406e-06,1
"20429",1.21131973567793e-26,4.36432845994961e-05,0.988136313781237,0.0118200429341636,2.72827387459162e-62,3.82310799648907e-51,3
"20432",5.10853012473827e-07,0.79101084233301,0.191643727186258,3.68195571836887e-23,1.54532322081671e-07,0.0173447650953976,2
"20435",0.00354786582242049,0.882964066167022,0.113485580586187,2.4874243706278e-06,1.65166521423414e-52,8.35080495846354e-24,2
"20438",4.16577523048969e-09,0.34351675974148,0.265424368389032,0.391058867703713,3.62598786923853e-31,5.93462368066177e-28,4
"20440",8.9507489696144e-13,0.0223437324847273,0.0405530794068349,0.937103188107543,3.17557977551952e-36,5.16917915959264e-38,4
"20443",1.52811627950551e-18,0.00453366070326319,0.995466338822793,1.07833060900392e-16,4.72739923758858e-10,1.20419309316846e-12,3
"20446",9.94356008117099e-07,0.905251778459029,0.0947471907519253,3.64330376819266e-08,3.8825177364247e-33,4.33695298226027e-20,2
"20449",0.393449320956965,0.558714883053722,0.0478346225180714,1.17347124194186e-06,2.40246299325618e-45,3.44028337074284e-22,2
"20537",1.63802672203523e-14,0.0318905178463524,0.956729021950458,0.0113804602031733,2.51047468567431e-44,3.58742714654154e-33,3
"20540",1.70387148040222e-43,1.98434464858111e-10,0.999185553377482,0.000814446424083915,2.63333845529737e-36,6.56922477910038e-45,3
"20543",0.982196636000616,0.0147977156342576,0.00300564745428314,8.93567025965392e-10,1.70650625521095e-21,1.72768177549459e-11,1
"20545",6.52622102623796e-35,4.92600015037316e-08,0.999995454710302,4.49602969658689e-06,6.48358451847448e-21,7.21390942058796e-28,3
"20549",0.940095223102319,0.0511648029829005,0.0087326492602652,1.32547986196795e-11,7.04116173178023e-10,7.32393714463026e-06,1
"20551",0.973743808211427,0.0208356627528861,0.00510618181650795,0.000314347219179479,3.40578377584241e-25,3.6927425795842e-19,1
"20554",0.0509787814822029,0.508666926707807,0.0179180614737814,0.422436230336208,1.35121965247606e-24,6.98591606899157e-24,2
"20556",0.0711025247918879,0.845322831187939,0.0835746436050887,3.998594928054e-10,2.9143508255815e-22,1.52248895850225e-11,2
"20558",7.3820829163905e-05,0.0446187835831326,0.00380930989449738,0.951498085693206,8.83672132457018e-36,9.11386267335289e-37,4
"20560",0.856532351146295,0.125333708939111,0.0152488253237033,0.00288511459089044,2.96282386553475e-19,2.78699758262675e-16,1
"20563",1.35534924128965e-18,0.000326556399205311,0.0257948345969113,0.973878609003883,1.30446817981087e-43,1.78315571678319e-46,4
"20565",0.00427689422913324,0.941515304570658,0.0541700830343791,3.77181658298055e-05,2.20904522313682e-34,1.71142409726213e-18,2
"20567",1.3928111218632e-05,0.825934288672248,0.161341750422806,1.97292515556876e-23,9.15759229063164e-11,0.0127100327021515,2
"20571",1.44879587378584e-29,1.54912956821722e-05,0.996312518411128,0.00367199029318979,4.219580542409e-47,2.01261295143959e-40,3
"20573",0.796470041119052,0.18426382980621,0.0192238762683647,4.22528063736563e-05,3.73248492288503e-31,9.84747733972626e-22,1
"20575",4.41540388524384e-13,0.0110010956117809,0.0299231570530356,0.959075747334742,3.62490226053909e-47,3.10475899910127e-44,4
"20577",0.609248017401826,0.368145292280365,0.0226066902674714,3.94151945847427e-11,3.1051158407509e-31,1.09232174371952e-11,1
"20579",6.03077519394492e-40,1.23869290053824e-08,0.98585351657858,6.48754470237397e-28,0.0141464710344911,1.92140163617155e-18,3
"20582",4.0923822390529e-11,0.0116475879814456,0.0129643934770934,0.975388018500537,3.52131125606769e-41,2.94722486502774e-44,4
"20585",1.13968945887607e-08,0.241839208257314,0.75804914156556,0.000111638780231399,1.76616418406953e-29,4.33937865280013e-18,3
"20588",1.151268182427e-21,0.00057925143076723,0.999420748568594,6.38776460657441e-13,1.03688986757752e-58,3.82322393708999e-29,3
"20590",3.84361127992936e-23,1.31666387946224e-06,0.000392750425901775,1.84140336694524e-33,0.999605932274186,6.3603228186352e-10,5
"20592",1.12155820288099e-11,0.010290096782194,0.018705962115359,0.971003941091231,1.70743771556202e-37,2.26029563954097e-43,4
"20594",4.58211194810038e-15,0.00240175437307991,0.0169196227842843,0.980678622842631,5.81260161299795e-40,6.67686575474461e-45,4
"20596",0.000219378755817194,0.93343067110368,0.0562753721857217,0.0100745779547813,1.64544199939376e-22,4.22456512875834e-25,2
"20598",0.948726563688056,0.0363829644878157,0.00503887447553554,0.00985159734859246,3.04572493641895e-28,1.66095521683081e-21,1
"20600",0.000194449990880934,0.749636102705809,0.250169447166494,1.36765252762093e-10,3.24553862566173e-26,5.05669350192178e-14,2
"20603",0.0222873108576833,0.831360124273595,0.146305969439629,6.27522363620843e-22,2.81349231280328e-21,4.65954290926215e-05,2
"20605",0.00226936492461901,0.737659143803475,0.0464126009919897,0.213658890279917,1.89196027039874e-36,1.75067086327985e-34,2
"20607",0.272809961665796,0.40521535941922,0.0278143696441379,0.294160309270846,1.55074688379781e-30,7.67638719378297e-27,2
"20609",0.179961626188413,0.651540827787141,0.0192853702870505,0.149212175737396,5.19914246368342e-24,9.39632720249942e-22,2
"20611",0.000323940951502016,0.00149544674080025,8.10571134121003e-05,1.34379030391231e-29,0.00834867274956067,0.989750882444725,6
"20613",0.880185302237027,0.110363642412739,0.00944731257736061,3.74270315189213e-06,1.74113775343417e-15,6.97197004253884e-11,1
"20615",0.642863777910783,0.307983105991345,0.0491530888035233,3.50762023277185e-09,1.56708102736198e-17,2.37867287892135e-08,1
"20617",2.16695364102036e-19,2.98443949740958e-07,9.31290381606077e-06,2.4634423792083e-30,0.999988302283467,2.086368766967e-06,5
"20619",6.96578478715769e-10,0.0423523373561842,0.0260517800109205,0.931595881936317,7.55947939494024e-38,2.32369383355622e-38,4
"20621",0.0680853411819045,0.864374767972393,0.0664074869761838,0.00113240386951906,7.93131128605996e-44,2.19218701396434e-22,2
"20623",2.25534723866778e-13,0.152542167835074,0.84745782535893,2.86433461207639e-11,3.07445081281728e-09,3.70267592542386e-09,3
"20625",1.66075781382404e-06,0.580475210366077,0.418803551857289,2.73108280557309e-21,1.98365648559704e-19,0.000719577018820776,2
"20627",0.973983677252111,0.0211675730203172,0.00484464591119111,4.10381638081082e-06,4.99309462181414e-28,1.05655857957032e-16,1
"20629",0.898078893143546,0.0897812132929843,0.0121393758781655,5.17685303839725e-07,9.08569434010184e-36,6.63210110862885e-17,1
"20631",8.57813709974798e-14,0.00697925417393381,0.0480597247913205,0.94496102103466,2.08813558568166e-41,2.07595476622193e-41,4
"20633",3.649906145127e-38,9.78708129378622e-12,1.78356609100085e-05,1.14423124402711e-34,0.999982164329303,3.29097232681527e-16,5
"20636",3.87968386225073e-05,0.916781729014903,0.0831769490883751,1.42396498926852e-22,1.09886269774215e-14,2.52505808799919e-06,2
"20638",1.45012414239323e-07,0.746160080398706,0.253839774583742,5.13769570441101e-12,4.58627929409374e-58,4.72779993820135e-20,2
"20640",1.89590758214726e-05,0.615764583309422,0.19381160928393,0.190404848330826,2.47478342662644e-35,6.8339043912775e-27,2
"20645",1.62228051928776e-15,0.00128390207579712,0.03262295182336,0.966093146100841,5.39194072461564e-48,1.18469036174275e-49,4
"20647",8.58805399846249e-41,5.2395299434351e-12,0.000124245770883271,4.62657196708555e-27,0.999875754223877,2.07037628128524e-16,5
"20649",0.000457742407705853,0.822071455551911,0.103159323582905,0.0743114784574775,8.87467503827043e-28,1.40691948731226e-20,2
"20651",3.41692919992084e-39,1.45715387423649e-08,0.951382756496322,0.0486172289321393,7.83987121934543e-57,7.39067760204353e-60,3
"20656",4.07880667782859e-20,0.000982380040973096,0.380338188790419,0.618679431168607,2.26091484213562e-41,3.18579799257577e-36,4
"20660",1.00143849551349e-41,1.63863772099778e-09,0.99999996510155,3.32598127077048e-08,1.00765189965651e-28,2.33798108371083e-38,3
"20662",2.6626426957652e-18,0.0105300316942607,0.989469968305669,7.89151560061233e-22,7.02621338545817e-14,2.53087950996728e-16,3
"20664",1.62574630415281e-20,0.0057040330944309,0.99356857127489,0.000727395630678754,6.9510951232611e-26,9.00710974160556e-29,3
"20666",2.96233352908824e-12,0.0677966295431303,0.931888657726087,2.89788649439907e-19,1.13114820663507e-05,0.000303401245753869,3
"20668",0.00072566978191401,0.00234166225453143,0.000117762299544858,2.10483731783853e-26,0.105773027423507,0.891041878240503,6
"20670",2.47598597369407e-20,0.0046832095172181,0.952931040792015,0.0423857496907673,4.73025161135192e-48,4.05057796189129e-39,3
"20672",9.50992247542392e-06,0.00758204909099974,0.000674838601523709,4.7383700676152e-27,0.0516660560808613,0.94006754630414,6
"20674",0.935042061634178,0.0513757786235676,0.0135586286680871,2.35310741676716e-05,2.99013567903033e-32,3.23292437433177e-20,1
"20676",4.6396330397161e-25,2.41197531780559e-05,0.125195514986159,3.4049348656832e-35,0.874780365149716,1.1094685189341e-10,5
"20678",5.07621004704346e-30,9.56121218127112e-08,0.0020815010815179,2.17662608255798e-35,0.99791840330539,9.70020755562444e-13,5
"20680",0.58594427978711,0.0757429322924528,0.00599223318359991,1.8572378076698e-18,3.99615413414858e-05,0.332280593195496,1
"20682",0.0225433292076736,0.915811416848904,0.0616413089504842,4.34365031118722e-17,5.5423625284141e-17,3.94499293867448e-06,2
"20684",2.71030091909854e-11,0.344007059859097,0.655977617926424,1.53221873763813e-05,7.9300421516664e-50,1.15827090773792e-29,3
"20686",4.62239989904955e-11,0.000151123262489803,6.60982496121929e-05,2.64527348861851e-28,0.9974236174458,0.00235916099587392,5
"20688",7.88136625514667e-50,3.690287967172e-13,0.00443757999956334,6.69217947836786e-34,0.995562420000068,5.65409511092285e-22,5
"20690",2.42011889176716e-19,0.0015776792150188,0.998420999458785,1.32132619582612e-06,1.47232567382389e-39,1.23145715590517e-33,3
"20692",1.36689368731141e-49,3.18812352846149e-14,0.000136741496192368,4.32180428869208e-36,0.999863258503776,3.04318250245442e-22,5
"20694",0.0075142467557405,0.000897956768075262,7.38735021950435e-05,1.74802657969732e-31,0.00594274121985947,0.98557118175413,6
"20696",0.0367497295891252,0.926949961271352,0.0350965416051019,4.38007948777967e-21,3.98713726033131e-19,0.00120376753442084,2
"20698",4.88443995826562e-05,0.889156455798485,0.110783421739758,1.12780621741444e-05,1.66749432934052e-33,1.33469115504049e-16,2
"20700",8.5426753238629e-15,0.0390937107489186,0.93453851571152,0.0263677735395527,7.6567015966749e-48,5.90195702033388e-36,3
"20702",6.88335636351177e-25,0.000108162610328675,0.995687638403192,0.00420419898647899,8.49657331545512e-47,1.97229241478307e-38,3
"20704",0.976775915489641,0.020652395448555,0.00256757343309497,4.11562870881586e-06,6.77586387289081e-22,4.60636953209066e-19,1
"20706",3.56507927579016e-12,0.222133471554054,0.777866528442258,1.22748828565618e-13,1.57210256156137e-39,1.92214409026005e-28,3
"20708",9.63921964606589e-20,2.06095141156927e-05,0.000758254164370444,1.68215847785354e-28,0.999220847141776,2.89179738273923e-07,5
"20710",0.02584040340891,0.721771838866704,0.252243298945681,0.000144458778704952,7.36002061244616e-28,9.86179255558324e-19,2
"20714",6.65379181260882e-09,0.00321837047416987,0.00112625937615585,1.69712174280744e-23,0.983738444631143,0.0119169188647399,5
