"","V1","V2","V3","best$classification"
"19812",0.00883219045093879,0.304789977526123,0.686377832022938,3
"19814",0.000174269951584754,0.0127086330929805,0.987117096955435,3
"19816",3.39742906314225e-05,0.987113576191048,0.0128524495183203,2
"19818",0.000216080096618621,0.0950277951860368,0.904756124717345,3
"19820",0.000231024208179517,0.999760854474358,8.12131746280551e-06,2
"19822",0.0630414786677504,0.936764849041318,0.000193672290932006,2
"19824",0.000227334913791114,0.984522169480528,0.0152504956056807,2
"19826",0.000186977194568872,0.183771896468523,0.816041126336909,3
"19828",0.000794883532255613,0.997296012628184,0.00190910383956052,2
"19830",0.00408651353359534,0.00452461072863359,0.991388875737771,3
"19832",0.598399287394195,0.331133509738811,0.0704672028669945,1
"19834",0.020120326995543,0.917795868766884,0.0620838042375725,2
"19836",0.00110372953419718,0.722334841071597,0.276561429394206,2
"19838",0.000682637512120257,0.00103164455049266,0.998285717937387,3
"19840",0.000183995590452312,0.909006722174622,0.090809282234926,2
"19842",3.12442163506273e-05,0.000942189199000381,0.999026566584649,3
"19844",0.000180437523474757,0.0111372207336781,0.988682341742847,3
"19846",1.28941058767303e-06,5.37584547875813e-05,0.999944952134625,3
"19848",5.39541838962904e-06,0.00011190141867522,0.999882703162935,3
"19850",2.23946094934429e-05,0.000760039999073991,0.999217565391432,3
"19852",0.000693105769708614,0.789756717453858,0.209550176776434,2
"19854",1.91197974789034e-05,0.000197597183784165,0.999783283018737,3
"19856",0.000339894227496382,0.0103592100161222,0.989300895756381,3
"19858",0.00435660070403651,0.330643335076327,0.665000064219636,3
"19860",0.000719533459215365,0.696115702991317,0.303164763549468,2
"19862",2.35127690451947e-06,5.28676147885135e-05,0.999944781108307,3
"19864",0.00212567141234317,0.244610763573257,0.753263565014399,3
"19866",9.02298761217665e-05,0.992397598018386,0.00751217210549253,2
"19868",0.998611996176193,0.000123723407624353,0.00126428041618276,1
"19870",2.37385394043221e-05,0.00192948729938891,0.998046774161207,3
"19873",7.05998192986119e-05,0.0849630401119065,0.914966360068795,3
"19875",0.000941374676804384,0.997064675943609,0.00199394937958623,2
"19877",0.000219377266155304,0.0201472786812475,0.979633344052597,3
"19879",0.00311757108613811,0.419991250436435,0.576891178477427,3
"19881",7.75919219918897e-05,0.0352518921876948,0.964670515890313,3
"19883",2.29072628567711e-05,0.0256141382601623,0.974362954476981,3
"19899",0.0185054470679937,0.747025600830437,0.234468952101569,2
"19908",0.186802477567631,0.594568695752307,0.218628826680062,2
"19910",0.000317182105945146,0.567813588765008,0.431869229129047,2
"19912",1.30554144416738e-05,0.000334272215232759,0.999652672370326,3
"19914",0.0142212810531479,0.450049395508461,0.535729323438391,3
"19916",0.000369064594664394,0.986609195786776,0.0130217396185591,2
"19918",1.7637465770052e-06,0.00106695290755927,0.998931283345864,3
"19920",3.7884838596066e-06,0.000289556859925194,0.999706654656215,3
"19922",0.770644097471076,0.0673281004132383,0.162027802115685,1
"19924",6.23274693091092e-05,0.0221019564859583,0.977835716044733,3
"19926",0.0319674185594457,0.884640580944031,0.0833920004965238,2
"19928",0.00106035749528625,0.00867593313056675,0.990263709374147,3
"19930",0.000150080812158408,0.00907226138130255,0.990777657806539,3
"19932",7.29250304756117e-05,0.000524332400208826,0.999402742569316,3
"19934",0.00402492480072236,0.965905331117206,0.0300697440820715,2
"19936",0.00448887613865488,0.0859316949510912,0.909579428910254,3
"19938",0.00515492484541845,0.992526950752357,0.00231812440222489,2
"19940",6.25355455765756e-05,0.180576247761503,0.81936121669292,3
"19942",0.000249559664624241,0.0365282431011032,0.963222197234272,3
"19944",0.000272403427366961,0.876136466024832,0.123591130547801,2
"19946",0.000294633796871863,0.159102108450744,0.840603257752384,3
"19948",2.78056395815441e-05,0.011328351036364,0.988643843324055,3
"19950",4.40351260409873e-05,0.00016550059947521,0.999790464274484,3
"19952",2.78056395815441e-05,0.011328351036364,0.988643843324055,3
"19954",4.09736785397225e-05,0.00174201111086156,0.998217015210599,3
"19956",0.000556178175987954,0.000118785632615816,0.999325036191396,3
"19958",0.979054845337233,0.0011400942449095,0.0198050604178575,1
"19962",0.00387559124695518,0.179330728099355,0.81679368065369,3
"19964",7.97850630359853e-05,0.0649105599366895,0.935009655000275,3
"19966",0.000232092999806505,0.999285789560616,0.000482117439578032,2
"19969",4.4249465517161e-05,0.00615271211130874,0.993803038423174,3
"19972",9.19915718975242e-06,0.00156082165824716,0.998429979184563,3
"19974",4.58440072346488e-07,1.5161516291343e-05,0.999984380043636,3
"19976",7.73540466897977e-05,0.0292646152798491,0.970658030673461,3
"19978",4.10499690113465e-05,0.765388563024054,0.234570387006935,2
"19980",9.31294967807069e-06,7.83772304729136e-05,0.999912309819849,3
"19982",0.0002239852991359,0.00146193843806411,0.9983140762628,3
"19984",5.69028276388127e-05,0.003359109077402,0.996583988094959,3
"19986",0.00086074194229577,0.999118153301051,2.11047566536139e-05,2
"19988",0.00141527916922909,0.998580307666263,4.41316450776743e-06,2
"19992",0.00153528497033974,0.998414160078327,5.05549513334886e-05,2
"19994",0.000586746280879754,0.0166126825613914,0.982800571157729,3
"19996",0.000240202297201883,0.999688761417647,7.10362851508646e-05,2
"19998",0.000771142402297104,0.127631942861156,0.871596914736547,3
"20000",0.0528006934924897,0.00150548809907362,0.945693818408437,3
"20003",0.00326746396189221,0.118343010988178,0.87838952504993,3
"20005",1.90121763251656e-06,5.65403450396355e-05,0.999941558437328,3
"20007",0.00610847299069816,0.77719373106717,0.216697795942132,2
"20009",0.00159403328990248,0.992310591548635,0.00609537516146285,2
"20011",3.66428473707676e-05,0.011576928861436,0.988386428291193,3
"20013",8.95608725630346e-05,0.00248216374103683,0.9974282753864,3
"20016",0.00875629388685029,0.990977840340338,0.000265865772811608,2
"20018",0.970466268055345,0.0295325425297775,1.18941487763597e-06,1
"20021",0.000874002858796237,0.994404385661339,0.00472161147986462,2
"20023",0.00285170771860061,0.949720225529716,0.047428066751684,2
"20025",0.370305128045423,0.62954809296242,0.000146778992156785,2
"20027",7.18968864591505e-05,0.00323786185366652,0.996690241259874,3
"20029",1.41829704831218e-06,0.00024688692323049,0.999751694779721,3
"20032",0.000139962558796696,0.00318231360852656,0.996677723832677,3
"20034",8.8279539815741e-05,0.0279866606721831,0.971925059788001,3
"20036",0.00299389076244116,0.0567217790654015,0.940284330172157,3
"20038",0.00920173031195083,0.990591736790377,0.000206532897672036,2
"20040",0.0181952025402932,0.981593586934911,0.000211210524795808,2
"20043",0.00170181003218815,0.996073791673772,0.00222439829404047,2
"20045",0.0117125596854738,0.988276269029986,1.11712845397247e-05,2
"20048",0.000217963236442825,0.000549025123192394,0.999233011640365,3
"20051",0.0314905359046183,0.464521342333225,0.503988121762156,3
"20053",0.000273786294944877,0.974023638739936,0.0257025749651186,2
"20055",0.12059221300441,0.870699979727868,0.00870780726772254,2
"20057",0.995690212100645,1.72649900953088e-05,0.00429252290925986,1
"20059",0.00468860920986071,0.979503522601875,0.0158078681882643,2
"20061",0.000988597355205426,0.916124627579909,0.0828867750648855,2
"20063",0.0410165382063883,0.699232360737269,0.259751101056343,2
"20065",0.756805854380624,0.243183055654959,1.10899644174854e-05,1
"20067",0.017842530552483,0.98024634689959,0.00191112254792754,2
"20069",1.74124579058637e-05,0.000121132232836606,0.999861455309257,3
"20071",0.0115761829251868,0.558464488267644,0.429959328807169,2
"20073",1.00783208837294e-05,0.00357255920440736,0.996417362474709,3
"20075",0.9993221396038,9.15602623313176e-05,0.000586300133868406,1
"20077",0.000338082405592954,0.97481943317511,0.0248424844192969,2
"20079",0.00534784662575117,0.32034197529975,0.674310178074499,3
"20081",0.134583427934557,0.860616962237099,0.0047996098283438,2
"20083",0.00998254645402009,0.0490757908069259,0.940941662739054,3
"20085",0.00494232789032692,0.995053446445592,4.22566408146358e-06,2
"20088",0.00197840945569793,0.997573576256092,0.000448014288209874,2
"20091",0.991800560911361,0.00781101166316179,0.000388427425477479,1
"20095",0.00195691137575914,0.249253031445853,0.748790057178387,3
"20097",0.0164721759090282,0.983521904180026,5.91991094600829e-06,2
"20099",1.86484006274529e-05,0.955900449141286,0.0440809024580862,2
"20102",0.620557000103543,0.0308491350174514,0.348593864879006,1
"20105",0.000883620423085741,0.983511008336734,0.0156053712401798,2
"20107",0.000361076689167552,0.998905331075615,0.00073359223521753,2
"20109",7.86365136274916e-05,0.708552820466919,0.291368543019454,2
"20111",0.439302237828192,0.000784569431199917,0.559913192740608,3
"20113",0.000561725414347537,0.988272641845094,0.0111656327405586,2
"20115",0.00122491409535512,0.00109977650328614,0.997675309401359,3
"20117",0.656550413303438,0.333684692797256,0.00976489389930641,1
"20119",0.000124584942882947,0.999348651472162,0.000526763584954765,2
"20121",0.000842344952058559,0.999052068322406,0.000105586725535761,2
"20123",0.994656973222563,0.00529432350105581,4.87032763809289e-05,1
"20125",8.82507283334089e-05,0.000782270320658041,0.999129478951009,3
"20127",0.000767919095243298,0.999108660243868,0.000123420660889246,2
"20140",0.374743072130649,0.588454880441208,0.0368020474281428,2
"20142",5.36236986021051e-05,0.000150646981170346,0.999795729320228,3
"20144",0.0182500580495614,0.000944072466056183,0.980805869484383,3
"20146",0.00584896718167948,0.0133273212592453,0.980823711559075,3
"20148",0.00103330699442723,0.059717369444689,0.939249323560884,3
"20150",1.01913937095526e-06,1.82858830035906e-05,0.999980694977625,3
"20152",0.00122979980713451,0.180065703348882,0.818704496843984,3
"20154",0.93369586248336,0.0661613730336274,0.000142764483012273,1
"20156",0.0219905371203944,0.683537887437294,0.294471575442312,2
"20159",3.50461942209218e-05,0.000138276851350844,0.999826676954428,3
"20161",0.0012122899237243,0.0114615099707808,0.987326200105495,3
"20163",0.00836819505891589,0.307267666914438,0.684364138026646,3
"20165",0.00163059843460451,0.309061225546169,0.689308176019226,3
"20167",4.72580295958612e-05,0.014573297735169,0.985379444235235,3
"20169",0.000117325625674102,0.000291829741423344,0.999590844632902,3
"20171",0.981056224298236,0.0189159779456993,2.77977560649488e-05,1
"20173",0.000371935160373791,0.540540043587192,0.459088021252434,2
"20175",9.32747877968753e-05,0.0059909286732489,0.993915796538954,3
"20177",5.66819247055623e-05,0.958332287531769,0.0416110305435258,2
"20180",0.00358552000986021,0.996379457448388,3.50225417514011e-05,2
"20182",0.00309939252848582,2.72427870304824e-05,0.996873364684484,3
"20184",4.28201529637137e-05,0.0016732845399765,0.99828389530706,3
"20187",0.000107747326974708,0.269857462284213,0.730034790388812,3
"20189",3.0393748942577e-05,0.951501378530292,0.0484682277207651,2
"20192",0.119779152593887,0.869964145928643,0.01025670147747,2
"20194",2.71447404106765e-05,0.000845366539527945,0.999127488720061,3
"20196",0.157377511134239,0.842374874992906,0.000247613872855301,2
"20198",0.0128933768362489,0.530893547629574,0.456213075534177,2
"20204",3.97553707526276e-05,0.000148471196602752,0.999811773432645,3
"20207",0.099896231391462,0.899118602905555,0.000985165702983209,2
"20209",0.23441066812523,0.011240611037177,0.754348720837593,3
"20211",0.995909675524721,0.00399729028650578,9.30341887728999e-05,1
"20215",0.00241703106883456,0.980750526661287,0.0168324422698779,2
"20218",2.67872889545474e-05,0.000121380714165648,0.99985183199688,3
"20222",0.0759540476417685,0.913194593126768,0.0108513592314635,2
"20225",0.00151386514909467,0.000943337381662529,0.997542797469243,3
"20229",0.23989640170816,0.141730463062178,0.618373135229662,3
"20232",0.02704668885219,0.931633450616811,0.0413198605309989,2
"20234",0.108410293214655,0.891583643130008,6.06365533724021e-06,2
"20238",0.00281430288793256,0.995845624710133,0.0013400724019341,2
"20253",0.00168230795005827,0.997734105709512,0.000583586340429235,2
"20255",0.00339165478956848,0.00466741553084983,0.991940929679582,3
"20258",0.000169218299949198,0.999550066024976,0.000280715675074928,2
"20269",0.000273376865416195,0.842626738131584,0.157099885003,2
"20271",5.63775135950976e-05,0.998768815917371,0.0011748065690339,2
"20285",0.00028082954262063,0.0794141173802291,0.92030505307715,3
"20288",0.00428272563319629,0.972763862994403,0.0229534113724009,2
"20291",0.216615818380678,0.782776245869121,0.000607935750200531,2
"20295",0.000371502752349464,0.679593410944043,0.320035086303608,2
"20298",2.89664240405946e-05,0.000297438972915277,0.999673594603044,3
"20302",2.07353181815033e-05,0.00236834976104995,0.997610914920769,3
"20305",1.4643925125594e-05,0.000280695931860548,0.999704660143014,3
"20307",0.000955707043982692,0.998990085978633,5.42069773847303e-05,2
"20310",0.00374026108968185,0.996249392326391,1.03465839270011e-05,2
"20313",6.11926120565805e-06,4.51562734227424e-05,0.999948724465372,3
"20315",0.000270987321568428,0.998726466151499,0.0010025465269327,2
"20319",0.519457706086012,0.480239783068048,0.000302510845940215,1
"20321",0.000241396261870177,0.999204656262136,0.000553947475993612,2
"20327",3.47061292282957e-05,0.999730189489233,0.000235104381539198,2
"20329",5.63943848451441e-06,0.00241785857125227,0.997576501990263,3
"20335",0.116282529348917,0.883618265621958,9.92050291248121e-05,2
"20337",3.09696065941195e-05,0.000177855244933779,0.999791175148472,3
"20339",0.965658912768618,0.0238795038479268,0.0104615833834553,1
"20341",0.947056660126489,0.0522420206483947,0.000701319225116593,1
"20343",0.0145124989616624,0.985136898745361,0.000350602292976721,2
"20345",0.00058937421291772,0.0587742341838984,0.940636391603184,3
"20350",0.258927208905168,0.454252722498912,0.28682006859592,2
"20352",8.12745231803929e-05,0.000655038129138178,0.999263687347681,3
"20355",0.00188511547362245,0.0278244496386805,0.970290434887697,3
"20358",1.92616494049393e-06,0.000406033208864105,0.999592040626195,3
"20363",0.000224339910525851,0.998749777531858,0.00102588255761633,2
"20365",0.443500552115264,0.546296054511808,0.0102033933729282,2
"20379",0.0025138579006177,0.00305444904507402,0.994431693054308,3
"20387",0.00246026637876461,0.996942639598028,0.000597094023207216,2
"20392",0.991164153079666,0.00880193418096468,3.39127393692232e-05,1
"20395",0.00176942922569819,0.0869326866676016,0.9112978841067,3
"20397",1.13093272694103e-05,0.000266820552934377,0.999721870119796,3
"20410",0.000947060856197858,0.996187523125479,0.00286541601832281,2
"20414",2.17197776565877e-05,0.00201443812653427,0.997963842095809,3
"20417",0.830920321361776,0.169072895503383,6.78313484135341e-06,1
"20419",8.55448255172986e-06,0.99976198905557,0.000229456461878338,2
"20421",0.0271597189708425,0.0112621452516894,0.961578135777468,3
"20423",0.000281070984147997,0.00080146059810637,0.998917468417746,3
"20425",0.00122293478476707,0.00229603080928139,0.996481034405952,3
"20427",0.000282540372509029,0.202320593846439,0.797396865781052,3
"20429",0.0064172862746118,0.991697582017106,0.00188513170828192,2
"20432",2.77498962651761e-06,0.000230880722191696,0.999766344288182,3
"20435",0.0293594961507296,0.91968362735599,0.0509568764932804,2
"20438",6.81102067822577e-05,0.996378701173323,0.00355318861989528,2
"20440",8.23779730752812e-05,0.998783100589064,0.00113452143786028,2
"20443",0.0024517111132468,0.0150289263767047,0.982519362510049,3
"20446",0.00248677488337015,0.58264912565518,0.414864099461449,2
"20449",0.0190697850722833,0.923978441618819,0.0569517733088976,2
"20537",0.23281555975627,0.754754646605163,0.0124297936385671,2
"20540",0.974497005545711,0.025475165314973,2.78291393156018e-05,1
"20543",0.0019263291021871,0.363755889587278,0.634317781310535,3
"20545",0.995804411753382,0.00408654738386563,0.000109040862752621,1
"20549",0.00969867934157508,0.121852085924338,0.868449234734087,3
"20551",0.00293475672228259,0.979070572287957,0.01799467098976,2
"20554",0.000256136336045975,0.993625938018755,0.00611792564519935,2
"20556",0.208530215488342,0.419942941349323,0.371526843162335,2
"20558",0.000416354103362755,0.999411968018683,0.000171677877953971,2
"20560",0.000245137363562288,0.95569114452091,0.0440637181155272,2
"20563",0.000591642085991125,0.999323553981965,8.4803932043639e-05,2
"20565",0.00235975275245414,0.801661005517608,0.195979241729937,2
"20567",1.57984500384524e-05,0.000531593548725798,0.999452608001236,3
"20571",0.0340122131899701,0.962067696352456,0.00392009045757363,2
"20573",0.00677151413292339,0.954333243438057,0.0388952424290193,2
"20575",0.000267459435874169,0.999636585797128,9.59547669973903e-05,2
"20577",0.00854443182254465,0.439824228685827,0.551631339491628,3
"20579",2.04399778656765e-06,0.000154076974370192,0.999843879027843,3
"20582",0.000303446969122395,0.999657029309418,3.95237214590253e-05,2
"20585",0.824379719779759,0.169921272623983,0.00569900759625752,1
"20588",0.960773278371278,0.0236068940118318,0.0156198276168901,1
"20590",7.77650158511135e-07,3.2970914003764e-05,0.999966251435838,3
"20592",0.000235400177372073,0.999711983147776,5.26166748519808e-05,2
"20594",0.000643196832003738,0.999314354755699,4.24484122971466e-05,2
"20596",2.07092438365656e-05,0.969392453618307,0.030586837137857,2
"20598",0.000264053343799206,0.992070311493824,0.00766563516237656,2
"20600",0.708608962167213,0.158522918245599,0.132868119587188,1
"20603",0.00901751257569792,0.00407713376286407,0.986905353661438,3
"20605",0.000813760771134494,0.998902793791022,0.000283445437843178,2
"20607",4.11184633924066e-05,0.998532718605168,0.00142616293143953,2
"20609",0.000286764188851574,0.981219827405971,0.0184934084051774,2
"20611",1.99041761675582e-05,0.000445316342970932,0.999534779480861,3
"20613",0.00702511104905791,0.81391146895299,0.179063419997951,2
"20615",0.101478162217171,0.503864916308063,0.394656921474766,2
"20617",4.16059948595336e-05,0.000150958255845125,0.999807435749295,3
"20619",0.000117993274558107,0.999703052243036,0.000178954482406147,2
"20621",0.000790550692531327,0.984733674492832,0.0144757748146367,2
"20623",8.93635986533744e-06,0.0214424130693859,0.978548650570749,3
"20625",0.0415187702052886,0.00444333080091144,0.9540378989938,3
"20627",0.00099407754946743,0.946593006006252,0.0524129164442811,2
"20629",0.00514002535240072,0.878973771097858,0.115886203549741,2
"20631",0.000368475204889573,0.999479819746202,0.000151705048908332,2
"20633",4.0411888696445e-06,3.77785390450266e-05,0.999958180272085,3
"20636",2.38815166124182e-05,0.00219893814011838,0.997777180343269,3
"20638",0.14503578684187,0.398139296078108,0.456824917080022,3
"20640",0.0662181444582055,0.933043522402903,0.000738333138890976,2
"20645",0.00655057357805931,0.993442201139415,7.22528252640558e-06,2
"20647",0.00024236285306037,0.00056607546640489,0.999191561680535,3
"20649",0.0133072631531863,0.974401346184569,0.0122913906622449,2
"20651",0.00505981824357854,0.9947954453344,0.000144736422021649,2
"20656",0.0385513615817135,0.959252221511864,0.00219641690642281,2
"20660",0.849256760166602,0.14054509917149,0.010198140661908,1
"20662",1.77118401953945e-05,0.00184891847726115,0.998133369682544,3
"20664",9.36751453676256e-05,0.858509168409838,0.141397156444794,2
"20666",0.175506000248205,0.00708731524184423,0.817406684509951,3
"20668",2.69910127091853e-06,0.000237673047037777,0.999759627851691,3
"20670",0.000680788864475018,0.996777483966531,0.00254172716899413,2
"20672",6.86802887517438e-05,0.000200233664459885,0.999731086046788,3
"20674",0.000371382199727811,0.943096532047411,0.0565320857528616,2
"20676",6.22970178610151e-06,3.85157258647916e-05,0.999955254572349,3
"20678",8.57150785547732e-07,3.02535795969493e-05,0.999968889269618,3
"20680",8.30254411083842e-05,0.00335424830707372,0.996562726251818,3
"20682",3.93556982925504e-05,0.0134124325571086,0.986548211744599,3
"20684",0.00591254019240654,0.937277635096184,0.0568098247114096,2
"20686",2.84606080893621e-05,0.000168278265603702,0.999803261126307,3
"20688",1.3849325901236e-06,5.96228390156418e-05,0.999938992228394,3
"20690",0.906237849866801,0.0927493475179245,0.00101280261527419,1
"20692",1.44377699867484e-06,2.70250329317561e-05,0.99997153119007,3
"20694",9.06711003126825e-06,0.000128828827913984,0.999862104062055,3
"20696",9.702740443469e-05,0.00292035052643356,0.996982622069132,3
"20698",0.0131946837453292,0.861110975081166,0.125694341173505,2
"20700",0.000846718719850151,0.987995288813583,0.011157992466567,2
"20702",0.817909789336217,0.181939130104752,0.000151080559031751,1
"20704",0.000825049581132826,0.928444310246033,0.0707306401728344,2
"20706",0.00716125501001622,0.285552125935201,0.707286619054783,3
"20708",4.29300600340785e-06,0.000359994273756634,0.99963571272024,3
"20710",0.319310709601779,0.669964326027083,0.0107249643711376,2
"20714",2.52948677497263e-06,0.00059867443963774,0.999398796073587,3
"20716",0.000260153287888228,0.996498941612943,0.0032409050991691,2
"20719",0.000921020996099592,0.773336369287934,0.225742609715966,2
"20721",0.000247436453319744,0.999689262568981,6.33009776993614e-05,2
"20723",0.00865407625623684,0.820884456535274,0.170461467208489,2
"20725",0.00118557942011078,0.0193433578486874,0.979471062731202,3
"20727",0.00261421368381519,0.000208297898102547,0.997177488418082,3
"20729",2.68716939544148e-05,0.000543856530824649,0.999429271775221,3
"20731",0.00157170765826037,0.0101334873911507,0.988294804950589,3
"20733",0.00575495388597296,0.952730274588549,0.0415147715254777,2
"20735",0.0311799940599347,0.817488327262311,0.151331678677754,2
"20737",1.04308450563215e-06,0.000123091412614888,0.999875865502879,3
"20739",1.11080590370303e-05,5.28139533402856e-05,0.999936077987623,3
"20741",0.000195965171602439,0.0151177021214656,0.984686332706932,3
"20743",0.000278554361285532,0.0285805995381147,0.9711408461006,3
"20745",0.000599175298888931,0.998942619466639,0.000458205234472194,2
"20747",3.22836237862965e-05,0.000640451711674935,0.999327264664539,3
"20749",2.96840835692621e-05,0.000266023239986587,0.999704292676444,3
"20751",0.0101590595878718,0.000412010865120593,0.989428929547008,3
"20753",3.79255542579783e-05,0.00104779373210255,0.998914280713639,3
"20755",9.19786403375916e-06,0.000816047517364375,0.999174754618602,3
"20757",6.92631431181066e-05,0.210618443623955,0.789312293232927,3
"20759",8.51583337627204e-05,0.998429607277004,0.00148523438923357,2
"20761",0.000353786774644425,0.0861704332639825,0.913475779961373,3
"20763",0.00199081559416396,0.124873692519903,0.873135491885933,3
"20765",0.000275312850829453,0.0114364712720208,0.98828821587715,3
"20767",0.000618135774847553,0.983830468321226,0.0155513959039261,2
"20769",0.54231802270822,0.449956616836562,0.00772536045521794,1
"20771",1.62327744108353e-05,0.0727858593157071,0.927197907909882,3
"20773",0.000769135260407006,0.0731861557669852,0.926044708972608,3
"20775",0.0016143717149448,0.0199687135748762,0.978416914710179,3
"20777",0.497392168118412,0.085698952257782,0.416908879623806,1
"20779",0.000780778919584834,0.0151909255421362,0.984028295538279,3
"20781",0.939935407425234,9.56770332016163e-05,0.0599689155415644,1
"20783",5.96010199394198e-05,0.0534736569091667,0.946466742070894,3
"20785",7.06983645093351e-05,0.0028098041091216,0.997119497526369,3
"20787",1.3090182797011e-06,0.000722833255105024,0.999275857726615,3
"20789",0.00246529402530404,0.786359241224786,0.21117546474991,2
"20791",3.15624328316469e-06,4.37124096580568e-05,0.999953131347059,3
"20793",0.00234676120285544,0.776220323625028,0.221432915172116,2
"20795",6.60713509912642e-06,0.000478096812281189,0.99951529605262,3
"20797",0.0923697199656814,0.000102103348283739,0.907528176686035,3
"20800",0.000144112058880459,0.000873334448446025,0.998982553492674,3
"20802",0.000272156783521536,0.0312981547313334,0.968429688485145,3
"20804",2.80606717318416e-06,0.00016536720588593,0.999831826726941,3
"20806",1.88392179650617e-06,2.8077595226682e-05,0.999970038482977,3
"20808",0.000121637599704059,0.995540500491358,0.0043378619089378,2
"20810",4.13332112996133e-05,0.001777997894903,0.998180668893797,3
"20812",0.0168149239670518,0.0193391732000676,0.963845902832881,3
"20814",5.67678887094122e-07,2.09311080700497e-05,0.999978501213043,3
"20816",0.0126258781665803,0.968045877420367,0.0193282444130529,2
"20818",0.000490256696234658,0.0293581712724609,0.970151572031305,3
"20820",6.75936024638529e-05,0.000173273126069925,0.999759133271466,3
"20822",0.00011994259547051,0.0214331654076347,0.978446891996895,3
"20824",7.750773715398e-05,0.00228465328672761,0.997637838976118,3
"20826",3.35929583343719e-05,0.00013729685341023,0.999829110188255,3
"20828",0.000217963236442825,0.000549025123192394,0.999233011640365,3
"20830",4.70187559216654e-05,0.000464890950341797,0.999488090293737,3
"20832",0.000443894589523643,0.36387795190664,0.635678153503836,3
"20834",0.00217516205171475,0.988784513993697,0.0090403239545882,2
"20836",0.000304701427532691,0.0068699129623101,0.992825385610157,3
"20838",1.46830490167777e-06,3.8589841857624e-05,0.999959941853241,3
"20840",0.000647296870064335,0.923461357420874,0.0758913457090615,2
"20842",0.000109644092780128,0.00390427703664083,0.995986078870579,3
"20844",3.10618967028074e-05,0.0806349724660085,0.919333965637289,3
"20846",0.000114542945870984,0.0173694230040842,0.982516034050045,3
"20848",0.0019272249646082,0.350343328938562,0.64772944609683,3
"20850",0.000101792657490837,0.928294975197003,0.0716032321455065,2
"20852",0.00153607784833684,0.932221793855662,0.0662421282960015,2
"20854",2.45760914698418e-05,0.000121556429779086,0.999853867478751,3
"20856",0.945260621913416,0.0352194404057711,0.0195199376808133,1
"20858",0.00130010301863801,0.997021695696889,0.00167820128447327,2
"20860",0.00086235539667134,0.105255681172155,0.893881963431174,3
"20862",6.13079956069486e-05,0.999718315049551,0.000220376954842307,2
"20864",0.000290510705719511,0.000941170572615163,0.998768318721665,3
"20866",0.00178426965812958,0.998210379179523,5.35116234735851e-06,2
"20868",0.00344502724805734,0.986445898375628,0.0101090743763147,2
"20870",0.0021677863626825,0.0611581980246893,0.936674015612628,3
"20872",7.88460057109491e-05,0.00205613028458953,0.9978650237097,3
"20874",2.72509196694115e-06,5.30411813515247e-05,0.999944233726682,3
"20877",0.0170500356799963,0.979672092207254,0.00327787211274931,2
"20879",0.00287978263553162,0.996949139249782,0.000171078114686562,2
"20881",4.63690652792658e-05,0.0004829799676813,0.999470650967039,3
"20883",0.000209598196848728,0.000148020628136773,0.999642381175014,3
"20885",0.000206463342598062,0.00123687976685123,0.998556656890551,3
"20887",0.00978698523312622,0.857777269976045,0.132435744790829,2
"20889",0.00429770778346138,0.0131598638842502,0.982542428332288,3
"20891",0.00402089488874112,0.995813873383936,0.00016523172732336,2
"20896",0.0755996369043277,0.84625197135513,0.0781483917405421,2
"20898",0.000491612798980258,0.0462329095831389,0.953275477617881,3
"20900",0.108288832480197,5.13752425673553e-05,0.891659792277236,3
"20902",0.761471396037366,0.232472695135576,0.00605590882705794,1
"20904",0.00996412141188795,0.12639047636571,0.863645402222402,3
"20906",0.0187024244502907,0.978559421757297,0.00273815379241243,2
"20908",0.000126203466439086,0.0232779685450161,0.976595827988545,3
"20910",6.346731267791e-06,0.0177518716830002,0.982241781585732,3
"20912",0.949490835248653,0.00016009104159214,0.0503490737097545,1
"20914",0.0107380268393908,0.989245666152456,1.6307008153276e-05,2
"20968",0.00995666803364685,0.0101983870301703,0.979844944936183,3
"20970",0.000844130176207778,0.953265950948364,0.0458899188754284,2
"20981",1.64232985925568e-05,0.979064001400968,0.0209195753004395,2
"20983",1.36189767474532e-06,1.77025278317224e-05,0.999980935574494,3
"20988",0.000170101905228928,0.994203258851466,0.00562663924330527,2
"20995",0.715222568260748,0.201955331135783,0.082822100603469,1
"21017",4.62603811675623e-05,0.125910182034179,0.874043557584654,3
"21038",0.00704126396428197,0.991210035111302,0.00174870092441543,2
"21072",0.00623286258755296,0.967757856924945,0.0260092804875017,2
"21075",0.0497298757540855,0.950054841404027,0.000215282841887891,2
"21223",0.00509309048190709,0.163786493120563,0.83112041639753,3
"21225",0.999642988420258,0.000307459426203012,4.9552153538479e-05,1
"21230",1.91965524654934e-06,2.18689835722568e-05,0.999976211361181,3
"21236",0.000108229471135203,0.012112869363786,0.987778901165079,3
"21238",0.632472221960119,0.177594825851583,0.189932952188298,1
"21241",0.000537920124354872,0.995416498810546,0.00404558106509906,2
"21246",3.2350580224586e-05,0.973069843332882,0.0268978060868933,2
"21253",2.94438259321547e-05,0.000177142274327924,0.99979341389974,3
"21256",0.000190681694043354,0.00524822099118414,0.994561097314772,3
"21260",0.990836789401921,0.00911592027017255,4.72903279065509e-05,1
"21266",0.000346951095925516,0.989988107999521,0.00966494090455387,2
"21332",7.01288311375651e-05,0.991864024273487,0.00806584689537581,2
"21334",0.0155838426021084,0.0576071081322562,0.926809049265635,3
"21375",0.000692242243075152,0.999069375998252,0.000238381758672323,2
"21378",0.0034639870465932,0.996519638612422,1.63743409848495e-05,2
"21381",0.0111555260880033,0.988263227472271,0.000581246439725967,2
"21389",5.57147983382912e-06,0.000822649478907727,0.999171779041258,3
"21391",0.00071529319517659,0.954026028570176,0.0452586782346477,2
"21402",9.336341520266e-06,0.996916062081769,0.00307460157671089,2
"21404",0.256668639281592,0.739528667656078,0.00380269306233066,2
"21409",0.0403674791020589,0.947935770226215,0.0116967506717264,2
"21413",0.0962864430432983,0.698379551151945,0.205334005804757,2
"21423",0.00302334653621095,0.996481306000339,0.000495347463449699,2
"21425",0.0262647958206181,0.934402815392345,0.0393323887870367,2
"21430",0.982489301861299,0.00817570498429238,0.00933499315440852,1
"21432",0.000186361700282166,0.980876574129487,0.018937064170231,2
"21438",0.000904821747486548,0.995267270381766,0.00382790787074727,2
"21440",0.00277800801220132,0.927867705484734,0.0693542865030649,2
"21443",1.14582641273437e-05,0.000668057892885295,0.999320483842987,3
"21445",0.997639039844668,0.00141641474981365,0.000944545405518039,1
"21447",0.00379245064783499,0.996124213021658,8.3336330506666e-05,2
"21449",1.22473966197893e-05,0.998520245240953,0.00146750736242745,2
"21451",1.22473966197893e-05,0.998520245240953,0.00146750736242745,2
"21455",1.2316307650461e-05,0.999178057919013,0.000809625773336699,2
"21469",0.109255829126112,0.890731083204205,1.3087669682296e-05,2
"21471",0.218121259161075,0.78149414950522,0.00038459133370519,2
"21473",0.00480615802881893,0.0506809082046869,0.944512933766494,3
"21476",0.0169238457239179,0.361091687740226,0.621984466535856,3
"21478",0.00666520299067225,0.0555742918806015,0.937760505128726,3
"21481",7.52195260873487e-05,0.00143959174065237,0.99848518873326,3
"21490",0.00380105676521133,0.993329171817834,0.00286977141695506,2
"21493",0.0221171207102949,0.977867535325976,1.53439637289706e-05,2
"21495",0.00698938825880771,0.75532728058138,0.237683331159812,2
"21500",0.00112756775565898,0.985920876510191,0.0129515557341497,2
"21504",0.00156729386274369,0.867217626554663,0.131215079582594,2
"21507",0.0155040644542715,0.984415745817229,8.01897284994741e-05,2
"21512",0.00203648926959515,0.995993795483707,0.00196971524669761,2
"21519",0.000166623068006614,0.0338083213809037,0.96602505555109,3
"21522",0.886362080580582,0.00337634722754622,0.110261572191872,1
"21524",0.000176628955046321,0.996067549681722,0.00375582136323126,2
"21528",0.00137878801266973,0.998469237048021,0.000151974939309221,2
"21532",0.0839337087773826,0.852125312527968,0.0639409786946491,2
"21543",0.0263691586548338,0.122052893899374,0.851577947445793,3
"21546",0.0391067223741493,0.88281998205901,0.0780732955668409,2
"21550",0.00339680358227261,0.996485151040636,0.000118045377091093,2
"21554",7.31441756071505e-05,0.999566396891491,0.000360458932901822,2
"21557",0.0503598518549168,0.00874982598630246,0.940890322158781,3
"21560",0.016075439545205,0.983879909277113,4.46511776816914e-05,2
"21564",0.000122432228802481,0.477686161375905,0.522191406395293,3
"21566",0.000553171806700523,0.999226588697009,0.000220239496290754,2
"21569",0.01725539066431,0.892561899309124,0.0901827100265665,2
"21574",0.00161121716171768,0.00295622998797555,0.995432552850307,3
"21576",5.95423188766146e-05,0.014003172873,0.985937284808123,3
"21578",2.84822506178791e-05,0.00028131662106772,0.999690201128314,3
"21580",9.19129708624505e-05,0.0178480438997911,0.982060043129346,3
"21583",0.00117196652671205,0.998771909614472,5.61238588161418e-05,2
"21585",3.99981886464321e-06,0.000451959581367126,0.999544040599768,3
"21587",0.000541843863393932,0.00257690812531293,0.996881248011293,3
"21589",0.0028145152113707,0.0027242054791644,0.994461279309465,3
"21593",0.440665104561773,0.00217073236497951,0.557164163073248,3
"21595",0.0350154978805572,0.000666954318663393,0.964317547800779,3
"21597",0.000161068950887841,0.190830873704999,0.809008057344113,3
"21599",5.51928166017799e-07,2.15986904664774e-05,0.999977849381367,3
"21601",0.0770514413437444,0.612488035810073,0.310460522846182,2
"21603",1.1449478725861e-06,6.26976915534214e-05,0.999936157360574,3
"21605",3.37798112894445e-05,0.000282626828834705,0.999683593359876,3
"21607",0.0416820182511747,0.0888066335106069,0.869511348238218,3
"21610",0.00487180008897656,0.240744842172642,0.754383357738382,3
"21612",1.86325099058606e-05,0.00048443293583522,0.999496934554259,3
"21614",0.0225512409242548,0.546601711555569,0.430847047520177,2
"21616",0.00996569054616112,0.0752992916916012,0.914735017762238,3
"21618",0.194987853783079,0.802506196743058,0.00250594947386349,2
"21620",1.29456494416542e-05,0.00049594881873471,0.999491105531824,3
"21622",0.0187288177166183,0.980772931093966,0.0004982511894154,2
"21624",0.0033436706422364,0.0126744758691433,0.98398185348862,3
"21626",2.7106556248906e-05,0.313719010656024,0.686253882787727,3
"21628",0.0125555002959917,0.86316322925741,0.124281270446598,2
"21630",0.000347031095814447,0.0430856975115239,0.956567271392662,3
"21632",0.00324020818571082,0.840398595895064,0.156361195919225,2
"21634",0.00082566542792175,0.957068399992159,0.0421059345799191,2
"21636",0.000917107822956163,0.00271807724096369,0.99636481493608,3
"21638",6.45960280032079e-05,8.89006512116293e-05,0.999846503320785,3
"21640",0.00542625620733858,0.29577520365681,0.698798540135852,3
"21642",0.000190056684881074,0.00593662534080327,0.993873317974316,3
"21644",0.0779633514251331,5.16192492282315e-05,0.921985029325639,3
"21647",4.68421231149159e-05,0.000283397160960316,0.999669760715925,3
"21649",0.000332917373888116,0.00576398714750908,0.993903095478603,3
"21651",0.00354041267871077,0.0196537335103275,0.976805853810962,3
"21653",0.579346795005288,0.00148808959949831,0.419165115395213,1
"21655",7.52629804642374e-06,5.09175423457888e-05,0.999941556159608,3
"21657",0.00027589064235358,0.00457144959717569,0.995152659760471,3
"21659",9.72582575182871e-05,0.00174826842018343,0.998154473322298,3
"21661",0.000499773154862189,0.00268940247284007,0.996810824372298,3
"21663",6.22451732615872e-05,0.00135410945478535,0.998583645371953,3
"21665",0.00110066481438086,0.000613604221494552,0.998285730964125,3
"21667",0.000330443710488647,0.91393509751781,0.0857344587717011,2
"21670",0.00499650165222639,0.756416931189003,0.23858656715877,2
"21672",0.00262366441946715,0.0419416855499696,0.955434650030563,3
"21674",0.000489821289736538,0.999114165543598,0.000396013166665127,2
"21676",6.20906545540175e-05,0.987220845000331,0.0127170643451149,2
"21678",0.963076347760739,0.00511760868628265,0.0318060435529778,1
"21680",0.00196465075365701,0.0013456166580528,0.99668973258829,3
"21685",0.00545682666918427,0.973629300498012,0.0209138728328038,2
"21687",0.653071722114069,0.0623200628676639,0.284608215018268,1
"21690",0.000215870901066628,0.0013002839824463,0.998483845116487,3
"21707",0.000474213387939941,0.999388624662481,0.000137161949579155,2
"21710",0.926286184185272,0.0720436032637276,0.0016702125510006,1
"21713",0.00113065072288753,0.996408288319667,0.00246106095744515,2
"21718",0.79823212150933,0.176074978995245,0.0256928994954251,1
"21721",0.866883598838431,0.0021317596490901,0.130984641512479,1
"21723",0.0185499998622646,0.981417662331149,3.23378065868973e-05,2
"21726",4.73405830544514e-05,0.999874931367084,7.77280498611825e-05,2
"21729",0.00399800105610149,0.000528176030349779,0.995473822913549,3
"21733",6.04118988760052e-05,0.000188327392927241,0.999751260708197,3
"21735",0.803304719740209,0.143457054514977,0.0532382257448139,1
"21739",0.000538518317444885,0.984933874213622,0.014527607468933,2
"21741",0.000590513687245957,0.995303683799301,0.00410580251345321,2
"21744",0.000392156451661401,0.968953589331031,0.0306542542173071,2
"21746",0.00252193642523942,0.997452305165712,2.57584090489898e-05,2
"21748",0.00754717306486055,0.991470758168412,0.000982068766727707,2
"21750",1.61084050066077e-05,0.00201139675108701,0.997972494843906,3
"21752",0.00231289241863943,0.982001343320548,0.0156857642608123,2
"21755",0.0011518881556904,0.694924972662985,0.303923139181324,2
"21757",0.0113100026671742,0.111989432014603,0.876700565318223,3
"21760",0.715222568260748,0.201955331135783,0.082822100603469,1
"21762",0.000719811134762923,0.999243111860747,3.70770044899406e-05,2
"21764",2.27930190629694e-05,0.000342754538546251,0.999634452442391,3
"21766",0.00190298092947316,0.998018598953985,7.84201165416727e-05,2
"21768",0.00484573833498628,0.432170569633931,0.562983692031083,3
"21770",0.0012558330788879,0.549814890377829,0.448929276543283,2
"21773",0.0336798840276078,0.966307486668651,1.26293037415286e-05,2
"21775",0.000493053576107918,0.0684101533807865,0.931096793043106,3
"21777",7.37599377350332e-05,0.000535363087006271,0.999390876975259,3
"21779",0.0357916614943421,0.529182086074864,0.435026252430794,2
"21781",0.000470716548458805,0.943534479098206,0.0559948043533347,2
"21784",0.00154666121745837,0.996720085936962,0.00173325284557923,2
"21786",0.000188453609702592,0.243195194624154,0.756616351766143,3
"21789",0.00546262155744751,0.875974637214775,0.118562741227778,2
"21791",0.00393570274491372,0.994838674131875,0.00122562312321094,2
"21794",0.00360821007426597,0.0643129595332266,0.932078830392507,3
"21797",0.939987162522452,0.0277491354443708,0.0322637020331773,1
"21800",0.861719292477616,0.138209502603428,7.12049189557796e-05,1
"21802",0.0323181429788666,0.929499927609604,0.0381819294115297,2
"21804",0.997406527936315,3.798529737238e-05,0.00255548676631302,1
"21806",0.879698089596178,0.00979684517261172,0.110505065231211,1
"21808",0.567502121945069,0.036268448826296,0.396229429228635,1
"21811",0.773870150550813,0.212771916854237,0.01335793259495,1
"21815",0.000465346042271014,0.996082977036938,0.0034516769207905,2
"21817",0.972810957130037,0.00979274686942227,0.0173962960005406,1
"21820",0.0691444014225373,0.926232628540353,0.0046229700371095,2
"21822",0.000620060155388744,0.0238273993999811,0.97555254044463,3
"21824",3.25407386988441e-05,0.0301483341888362,0.969819125072465,3
"21826",0.000540366075213088,0.999282770643439,0.000176863281348097,2
"21828",0.00010699369782373,0.494462227783545,0.505430778518631,3
"21830",5.89742334099581e-05,0.0142848923009907,0.985656133465599,3
"21833",6.19397712704356e-05,0.141494272563337,0.858443787665393,3
"21835",6.19397712704356e-05,0.141494272563337,0.858443787665393,3
"21838",0.160378897151049,0.83833781642009,0.00128328642886032,2
"21840",0.0084481350127035,0.991508329567128,4.35354201684185e-05,2
"21842",0.3165221772591,0.680487053212701,0.0029907695281985,2
"21844",9.86352958526679e-05,0.16286476654795,0.837036598156198,3
"21847",0.0015480367200553,0.965109564812694,0.0333423984672509,2
"21849",0.00118869221207285,0.21780762181771,0.781003685970217,3
"21852",0.0949733635886414,0.814193734686,0.0908329017253588,2
"21854",5.77432852850762e-05,0.000299439805113948,0.999642816909601,3
