"","V1","V2","V3","V4","V5","V6","V7","V8","best$classification"
"19812",0.179379722026379,0.0557289850842516,1.54847891388922e-06,7.46420497219848e-05,0.000236145089469799,0.764112113375456,0.00041023531867673,5.66085771318368e-05,6
"19814",0.0113323466484194,0.000916983532107553,0.00237193291359596,9.04631164748572e-07,4.29152075005831e-06,0.985348140545134,2.38787251173291e-05,1.52148371129776e-06,6
"19816",0.837526647237661,0.00947522190935489,7.60015962220041e-07,4.26783756219053e-09,9.63475774496639e-06,0.00394276486573752,0.148998782938545,4.61840071568224e-05,1
"19818",0.52040238717793,0.000458293671314298,0.0085086870692714,1.47983734289442e-06,1.4359193752394e-05,0.470028145101291,0.000570339964241834,1.630798485634e-05,1
"19820",0.00407108241989163,3.7946515771642e-05,2.79799916147111e-10,2.34060934212006e-10,0.000143224445014986,5.8594485703123e-09,0.995747733939863,6.30614873852662e-09,7
"19822",0.00432762733499026,0.0106354236834313,9.15854774349989e-07,5.90002180302786e-06,0.0774526131542932,3.01738243635589e-07,0.907576981468062,2.36744402344404e-07,7
"19824",0.702516124597903,7.55319401602352e-06,0.00121051259883379,1.55232186011629e-07,6.56302696747133e-05,0.000125083369780894,0.295944628087107,0.000130312650497996,1
"19826",0.0758374357737071,0.142489499824519,3.54266201011619e-05,1.53988384934468e-06,2.30595698649841e-06,0.767767852921993,0.00162191417826192,0.0122440248405824,6
"19828",0.518860149244784,0.000249989958069613,1.86853135624596e-06,8.31521135769208e-08,0.00183667635145374,0.000125237961776094,0.478925858834658,1.35965789136477e-07,1
"19830",0.00354407542791462,0.0904746158783601,0.000114486378625825,0.00291097915249568,1.48730608447109e-05,0.901973707970585,1.28116714097178e-06,0.000965980964033558,6
"19832",0.113184743691249,0.0379726075776409,1.35764833314453e-06,0.0149025315804903,0.700151266940194,0.123197952056215,0.0105868178955647,2.72261031352249e-06,5
"19834",0.136895828182885,0.802312641987802,8.33050831321825e-05,4.81921782240019e-06,0.00918917094368548,0.00831281752801168,0.0432010633543648,3.53702296856427e-07,2
"19836",0.922907722126338,0.00246330081484488,3.05989120405105e-07,2.22813443853217e-05,7.98257866309093e-06,0.050701309123013,0.00137439806916855,0.0225226999544664,1
"19838",0.00027547409545004,0.000649574375979162,0.000299091833780914,3.74430764199927e-05,3.10740122572242e-06,0.998732992674526,1.82082866566387e-07,2.1344597510106e-06,6
"19840",0.129102744885046,0.813238384774551,3.14208358454629e-06,4.95327656985963e-08,6.69528988960726e-06,0.0178863637639087,0.0390065205394564,0.000756099130797333,2
"19842",2.21967739938343e-05,0.000406317626817903,7.53075626963528e-06,7.61072398258552e-06,1.17711821867535e-09,0.0548374265129718,6.58284994097621e-08,0.944718850600347,8
"19844",1.17270852018014e-06,1.30552417692741e-07,0.99997954214218,1.28936274708622e-08,2.33241558732824e-09,6.01368430695988e-06,1.2406257139596e-06,1.18850608183143e-05,3
"19846",0.00017391694748016,6.10402663131592e-06,0.0718151901593181,2.1003256691109e-06,1.38556588334276e-09,0.925678725516019,1.96500046482572e-08,0.00232394198931158,6
"19848",0.000199183209581288,1.62829962351609e-05,0.0260065236749915,2.32230709118918e-06,9.28290014311505e-09,0.973669575659077,3.23824097716441e-08,0.00010607048771362,6
"19850",0.000699967810934972,0.000118281154141961,0.216107475655227,1.49637768669103e-06,2.33098580621492e-07,0.783042473763709,2.03694122635548e-06,2.80351984936643e-05,6
"19852",0.969384679970012,0.00204194116842852,8.65115146175222e-05,2.80300751341127e-07,3.81361731282404e-05,0.0236313284793422,0.00481531050572298,1.81188799692932e-06,1
"19854",0.000150281673690444,4.7931079408457e-05,0.0022766863261105,3.06638726802825e-06,3.03297603465951e-08,0.997500171792264,3.16644740877104e-08,2.18007470237827e-05,6
"19856",0.000155683702302487,0.000422696187822885,0.987459395887087,1.24145767306621e-06,1.46617723824763e-06,0.0117810167561093,5.89783835412383e-05,0.000119521448226055,3
"19858",0.00733263140075626,7.10072606931583e-05,0.989228533274227,2.1771000504804e-06,3.89654388848029e-05,0.000691100127619085,0.00262416905838499,1.14163393839324e-05,3
"19860",0.520554888165486,0.196725506116954,3.01934644607349e-05,4.29303140215534e-07,8.28175159115853e-05,0.268081975559932,0.0145046097350212,1.95801390945554e-05,1
"19862",7.44948279163798e-05,1.43288879156093e-05,0.00243846698846218,4.81768519830128e-06,9.46513184866066e-10,0.989797095715001,7.44184430833916e-09,0.00767078750714908,6
"19864",1.72311808155184e-05,3.53468678352218e-07,8.07426778370183e-07,1.59767845284828e-06,7.44727938848856e-10,1.20270135111811e-06,1.12337353429332e-06,0.999977683425662,8
"19866",0.68596487166053,0.0841019182966356,8.11366221364116e-07,1.60301609657416e-07,8.78492807077892e-06,0.00057575105596507,0.204022135807562,0.0253255665834063,1
"19868",2.88985997153097e-07,0.00258169745783358,2.87162605576613e-05,0.936498025943084,0.0608660796418387,2.40758099914332e-05,1.05458196105386e-06,6.13187364428922e-08,4
"19870",0.0131850580654537,4.91862168737117e-05,0.00194162097423344,7.64570672691824e-06,1.05212859293552e-07,0.983993600004534,1.05935203783988e-06,0.000821724467280775,6
"19873",0.346535296430504,0.00145503442287824,0.000658311951506733,8.99776390666021e-07,1.67944727152014e-06,0.649419809733163,0.000433336996481232,0.00149563124180522,6
"19875",0.189638654346096,0.0583690184460124,4.87911217322399e-08,7.25536565791103e-08,0.0023973891798707,0.00105352940879605,0.748540727219702,5.60054744224678e-07,7
"19877",0.122295819866749,0.00621284575686976,0.00245604199190855,1.26445293680517e-05,2.92850744501921e-06,0.868932081538619,2.36500106935374e-05,6.3987798346594e-05,6
"19879",0.934123490179929,0.0066388001187093,0.00115239918788954,1.88574702942282e-05,0.000100449266172319,0.0568508099388697,0.00109191692387682,2.32769142591216e-05,1
"19881",0.0721393783455816,0.00459697838990222,0.00118541341206153,5.00946205786416e-06,1.20152499582006e-06,0.898512995214289,0.00020668090497529,0.0233523427461372,6
"19883",0.027638273684941,0.00181358807030406,5.41576283388041e-05,1.47954266311416e-06,7.70834697724885e-08,0.639170109740341,5.70252677559564e-05,0.331265288982186,6
"19899",0.0688301682998789,0.918357739139059,2.2300032564867e-06,5.66137364526128e-05,0.00010282744034249,0.0113023456622112,0.00125160143774356,9.64742810552451e-05,2
"19908",0.00066077164487013,0.979549681783188,0.00021126321174631,0.000708051404915687,0.000120928015044689,6.79169564602824e-05,0.00146535822660604,0.0172160287571689,2
"19910",0.960099010509642,0.000281471081288302,3.86611451138817e-05,3.85067049537069e-07,4.21223412115631e-06,0.0386118155742946,0.000933343945799664,3.11004426908465e-05,1
"19912",6.41632004751368e-05,0.00371163482684034,0.000449987097833957,1.29332652250755e-05,4.4321216766203e-09,0.488540831002866,1.39405839689095e-07,0.507220306768798,8
"19914",0.473670662252704,0.379826638412208,0.000558762959875355,0.000125531018093381,0.000830849337482721,0.142753331670213,0.0022046997204764,2.95246289470489e-05,1
"19916",0.2995701072402,0.000388698566410391,0.000282850988813771,4.46276408886012e-06,1.6912749758726e-05,5.50441958172055e-05,0.358796702252159,0.340885221242752,7
"19918",0.00771747662098878,3.79601480448588e-05,0.08847477089089,2.99805528348815e-07,9.73179426414408e-09,0.901986684835338,2.08440415451097e-06,0.00178071356326119,6
"19920",9.45479655974332e-05,6.31426577135864e-05,0.891204678506357,9.81949439679832e-08,4.60066002326696e-09,0.108618638630307,1.96946816270193e-07,1.86924976049472e-05,3
"19922",0.0899493613966363,0.000117524816894362,1.0447780817706e-05,0.327560877815776,0.391739979887306,0.190205383925127,0.000413244436923418,3.17994051933637e-06,5
"19924",0.128154417910997,0.00790451141303746,0.0366388664922801,2.26359449961762e-06,1.61530446489637e-06,0.827039047618852,0.000118755978224247,0.000140521687644448,6
"19926",0.417070304598349,0.552767340710201,1.58730870035188e-07,0.00126103813800995,0.00092253883334455,0.0196905944235435,0.00512369013810525,0.00316433442757729,2
"19928",2.04912225621209e-08,2.90147917408361e-08,4.30278136235213e-07,1.41928811582198e-06,1.01797605504762e-11,3.10139844525923e-07,2.16151069716305e-09,0.999997788616199,8
"19930",0.018531400137998,0.000125088751131142,9.67562767901651e-05,5.064471745705e-06,9.84693029847961e-07,0.981207272852229,3.49455751727376e-06,2.99382595586931e-05,6
"19932",0.000352856343056692,7.29840206129879e-05,0.000791275390776964,6.19534996637469e-06,1.89833022382641e-07,0.998770569311756,8.49676662910503e-08,5.84478314270121e-06,6
"19934",0.509170155951279,0.0684003435941096,0.000133157164329124,1.30229841882354e-06,0.01329216613472,0.0165285257973892,0.392473667002252,6.82057502915845e-07,1
"19936",0.0511825207828029,0.072144585599571,0.00013636888292861,7.47369104310534e-05,0.000103344474612979,0.876151362272394,0.000193491633628,1.35894436312628e-05,6
"19938",0.115022620529658,0.176918682333431,4.05026380614888e-05,3.10325693025168e-06,0.00417952143831846,4.50148221538563e-05,0.703783182464633,7.37251681441619e-06,7
"19940",0.835306338908993,0.000121961538023563,0.000134175438793173,1.09590495861985e-06,4.51314401050435e-07,0.156378134851556,0.000335311534267289,0.00772253050900674,1
"19942",2.46974629523785e-07,3.37508682014692e-06,1.05999683061341e-07,5.52533087356068e-08,1.26216421779597e-11,2.93299175642648e-06,4.62160707908406e-08,0.99999323746511,8
"19944",0.975098100923686,0.00324414394328219,4.56561009963534e-06,3.2498895734414e-07,6.93697182936992e-06,0.0155304563601865,0.00593211235334655,0.000183358848612302,1
"19946",0.682137157158193,0.00493683995238296,0.0132952977305295,2.26703953923701e-06,1.3704278008102e-05,0.298327933084495,0.00122701244908513,5.97883077662491e-05,1
"19948",1.1212563673668e-06,4.29703452405007e-08,4.76189052535869e-07,2.48752744098764e-08,4.61222628748968e-12,1.43221773904466e-05,2.34756211416291e-08,0.999983989051337,8
"19950",9.31467666309794e-07,4.11396141310595e-07,0.998900853191291,1.40845194059241e-07,3.09218652715395e-09,0.00109743673236818,5.57642289558913e-09,2.17698730228322e-07,3
"19952",1.1212563673668e-06,4.29703452405007e-08,4.76189052535869e-07,2.48752744098764e-08,4.61222628748968e-12,1.43221773904466e-05,2.34756211416291e-08,0.999983989051337,8
"19954",0.00332197270829926,5.81674772505834e-05,0.000430662977084246,2.77709862531915e-06,1.37249010178492e-07,0.996158979236997,4.30937268659331e-07,2.687231546487e-05,6
"19956",1.07788144297086e-05,0.095331897686714,0.675097542241113,0.00225155818457847,6.92370297445336e-07,0.220177427498937,1.60555871924496e-07,0.00712994264805912,3
"19958",5.00788042835542e-05,1.35339936879931e-07,8.2664686393398e-05,0.970313015951074,0.0292964901549051,0.000256600945033216,9.42120200999768e-07,7.19981728667679e-08,4
"19962",0.208082778714503,0.0217981806514098,0.253529475579044,0.000108480529837139,0.00136047685702924,0.494701784817495,0.0201493185574159,0.000269504293265665,6
"19964",0.704266267351396,7.19144553163776e-05,0.0062415611715605,1.23247825550781e-05,1.13585571999903e-06,0.2786736212395,0.000302940927506917,0.0104302342164445,1
"19966",0.116515200164565,0.0308830669798459,1.52914707213582e-08,2.33385774147291e-07,5.52802730854327e-05,1.42758570850052e-05,0.847246237441728,0.00528569060644538,7
"19969",0.00344445578989316,0.0044770127534249,6.11143146106205e-05,2.10683302856843e-06,1.23350003269942e-07,0.985007899704204,4.96992009128181e-06,0.00700231733474406,6
"19972",0.0424687122574614,8.31776181645058e-05,0.0753117392422784,3.86818898408854e-05,4.516832097216e-08,0.733911960031567,3.64564016668274e-06,0.148182038152201,6
"19974",1.25346799319459e-05,1.57979245948813e-06,0.8714150953472,1.46229185005352e-06,6.36489345646467e-11,0.0989761230514596,3.2466034052986e-09,0.0295932015268467,3
"19976",0.332648724344107,0.00345308847666517,0.052260195076021,3.68886590344662e-06,2.1142711435673e-06,0.611290678946218,0.000150319312613406,0.000191190707328943,6
"19978",0.975244341048119,0.000194181621846357,6.82151221063163e-05,1.94609155594694e-08,7.65516139062763e-07,0.0172890738744847,0.00704924218047644,0.000154161175912192,1
"19980",0.000108353955225397,2.29868783932051e-05,0.149416179743057,3.41304597400279e-06,2.45813709375227e-08,0.850430443916841,3.05057972688249e-08,1.85673733415143e-05,6
"19982",0.000224805326031772,0.000971610377744596,0.8683583064241,8.70991458032987e-06,1.42415003941498e-06,0.130424964736768,3.92667714690742e-06,6.25239358835874e-06,3
"19984",5.11776933474408e-06,8.85278691584443e-07,0.999842358092474,1.2877296188872e-08,3.82179893490341e-09,0.000149513745026599,3.89142202265745e-07,1.71927317563605e-06,3
"19986",0.039227310669609,0.00469465050730114,1.06076818049425e-09,2.21595181910912e-08,0.00095087768404173,1.0229135172319e-07,0.955126817642156,2.17985253562201e-07,7
"19988",0.00325459666396214,0.000218583817183145,2.11699977606342e-10,2.57098163731391e-09,0.00114935707433576,2.12616889550071e-09,0.995377455231267,2.30440163093528e-09,7
"19992",0.00333998606506103,0.00685796149580931,3.08318893227471e-08,2.14410729060467e-09,0.00135828934380402,8.8085925200723e-08,0.988443640079644,1.95376014088149e-09,7
"19994",0.0243087454614051,0.000571617601006511,2.18265755588006e-05,1.93611146209907e-05,3.73184939684314e-06,0.975049532137272,4.53937459605031e-06,2.06458861440521e-05,6
"19996",0.0294122345527381,0.000373628401973715,3.4006258948012e-08,5.12110763288713e-10,0.000361142273887169,3.58665423208831e-07,0.96985259869642,2.89118791266444e-09,7
"19998",0.0108740026976875,0.437366379386792,0.00517071994657767,1.91135936409127e-05,7.32341523528893e-06,0.086632389727564,0.00292640289208554,0.457003668340418,8
"20000",0.00011489551987501,0.173705563933482,0.00022718401189637,0.123048662991424,0.000244972196961082,0.701078564895516,6.8811048170369e-07,0.00157946834036352,6
"20003",0.0774474435565802,0.00991342499051852,1.21065103497595e-06,8.07058110696822e-05,3.2495417408736e-05,0.91197695631641,7.65430238214771e-05,0.00047122023315706,6
"20005",0.000176393672775191,1.60111625520538e-05,0.0237019978079267,2.67784913724144e-06,1.46044450694917e-09,0.975045330824152,1.14724376750992e-08,0.00105757575057423,6
"20007",0.683057350289612,0.263609663627889,0.000343134238862033,8.63926984137477e-06,0.000800729827381157,0.0389656489241022,0.013209011781374,5.82204093761428e-06,1
"20009",0.254123662620308,0.00105790469367905,0.000262506601152391,2.71627177112291e-06,0.000947175328298047,8.91818454046757e-05,0.743207711839693,0.000309140799693794,7
"20011",0.196438220591846,0.000961291529926799,0.0105800441582412,1.86545622378195e-05,4.12579805714059e-07,0.763126321162756,3.83579503821652e-05,0.028836697464804,6
"20013",0.0031636929207862,0.0163014668663797,0.106033734698819,3.15798411024218e-06,1.2752298229976e-06,0.874483393075488,5.08594449383776e-06,8.19328010075309e-06,6
"20016",0.0829701541275295,0.00471888507174836,5.03659402516822e-06,1.5868369916447e-06,0.0141045746639054,8.25486945915487e-07,0.898198487225961,4.49992892778277e-07,7
"20018",6.94695266729519e-06,3.75660092578809e-06,1.29307973418163e-10,0.000349558593248291,0.98799111918997,1.75243269182552e-10,0.01164861719207,1.16656737032702e-09,5
"20021",0.896109238984868,0.000458691933028622,2.88722719607875e-08,3.44675601211575e-07,0.000706736473805493,0.0015505544170989,0.101171172427213,3.23221611328587e-06,1
"20023",0.900374979691652,0.0445615373737109,3.83807298720884e-05,4.13631144192952e-06,0.000738650505857593,0.00948641902845392,0.044788522913777,7.37344523453125e-06,1
"20025",0.011819814868357,0.000275973810569149,1.3874546923555e-08,0.00040055072981037,0.643647232237331,8.61790673936889e-07,0.343855367777036,1.84911674875976e-07,5
"20027",0.00147579842812617,0.0113581710485694,1.31218545561116e-05,4.37517096733754e-05,3.78312120123891e-08,0.678865746306847,1.07571661869424e-06,0.308242297104397,6
"20029",0.000242616092185361,0.000381844596535515,0.00817195810697313,2.80404728478471e-07,1.66363867089394e-09,0.984612095091103,1.71862024741233e-07,0.00659103218281141,6
"20032",0.0020982042199398,0.000361123895324916,8.2114493424679e-06,3.34011757010504e-05,1.86873349798267e-07,0.993939539096008,5.64076777203849e-07,0.0035587692135568,6
"20034",1.42393136475161e-05,1.55153614081862e-07,9.95578151455039e-08,2.1652512582576e-07,4.68747187888831e-11,5.95208776358154e-05,7.75344689199703e-08,0.999925690990818,8
"20036",0.000195441868469792,0.967956548270472,0.0121310584192843,2.91705696809279e-06,8.82900809446867e-06,0.0192888172551302,0.000293753451250626,0.0001226346703314,2
"20038",0.103618964712913,0.294060439394813,1.08955327817046e-09,1.413919437328e-06,0.0291079436936532,3.42319620920262e-05,0.573176847196114,1.58031423638142e-07,7
"20040",0.106949987782,3.57931097944237e-05,1.86049299641404e-06,6.41039257096768e-05,0.0130395114166556,2.28428923178583e-07,0.879831628427183,7.68864167376449e-05,7
"20043",0.0889514934661435,0.0127520371988423,2.80352094625393e-07,4.82080771376499e-08,0.00694251019373312,0.000617815366143958,0.890735760126448,5.50885170026276e-08,7
"20045",0.00346404733188988,2.86558908165719e-05,1.27858911651962e-08,3.60959149236284e-08,0.021692169128025,3.71608530795456e-09,0.974815074850901,2.00476316185621e-10,7
"20048",8.70411244668934e-08,6.18047912129331e-08,0.999984255744293,5.32037867945251e-08,1.5141772162685e-09,1.54235289825759e-05,5.22070914086007e-09,1.11942135354299e-07,3
"20051",0.127754807324813,0.157253954433856,0.013083770730838,3.70602350393557e-05,0.0531832185902614,0.575276435525792,0.0734101708720464,5.82287352782148e-07,6
"20053",0.956021045334774,0.000987177458807771,5.71540065258091e-05,1.14843501379658e-07,3.1792470070185e-05,0.000806789681499373,0.0420720524176126,2.38737872085822e-05,1
"20055",0.0365035437157187,0.91309793183355,4.52740028957766e-09,0.000166662755314884,0.0261332788689803,0.0017241711602342,0.0223689601381694,5.4470006317713e-06,2
"20057",1.71346405520793e-09,8.13796484322432e-09,4.08782540574564e-06,0.999902407161163,9.31068016400136e-05,3.21333875494785e-07,1.86758260272936e-10,6.68397285438265e-08,4
"20059",0.969905960015716,0.000505442694462225,4.02521552134797e-06,3.17669064437865e-05,0.000441786116660296,0.000502104544951449,0.028533197234968,7.57172712761932e-05,1
"20061",0.981845810207524,0.00234661915126788,1.89018364996367e-05,1.47433052984831e-06,4.25483669429841e-05,0.00497721495711593,0.0107164578188059,5.09733313135919e-05,1
"20063",6.16837141103604e-05,0.000162522939585957,0.981636493647441,5.06765664442207e-06,5.02925468772755e-05,3.07824662903911e-06,0.0177088870411414,0.000371974207570801,3
"20065",0.000487996734184884,0.000116712607770609,3.23223333298379e-12,5.91121234376004e-05,0.978705537255418,4.65722366520864e-08,0.0206305945438718,1.59847989080607e-10,5
"20067",0.103349427343816,0.0022821458070834,0.000196559443983439,9.98563841546176e-07,0.0908733225199745,3.30698308561972e-05,0.803264473907391,2.58305380042015e-09,7
"20069",0.000113868624917881,4.42374944118815e-05,0.414088486112446,3.59487499935598e-06,6.42726330594619e-08,0.585742888299297,7.25605510624528e-08,6.78776074299326e-06,6
"20071",0.00263889297041349,0.99522254729503,1.26217271408462e-05,8.0258889961564e-06,3.61204696106124e-06,0.000777530726995252,0.00020154347678893,0.00113522586767435,2
"20073",0.00509530856672048,2.8274938131043e-06,0.913664956489903,3.58677804126871e-07,6.09842255491481e-08,0.0809325998093115,1.13569312848933e-05,0.00029253104693751,3
"20075",4.65597474576488e-07,0.000589342179597666,2.56782717593172e-07,0.886316345564685,0.113045225197725,4.80135386426226e-05,3.4256176597586e-07,8.5773912564752e-09,4
"20077",0.0859846031863589,0.753680969261231,0.000195290040097466,1.5813298066149e-08,4.97528593992426e-05,0.0010226509480008,0.159063641378534,3.07651308049783e-06,2
"20079",0.00689553628978954,0.0108871454029457,0.873067071145105,1.78252687692871e-06,0.00147725450531331,0.030699573382182,0.0769571284252617,1.45083225257636e-05,3
"20081",0.289513354045665,0.0579373233915816,2.96635450113918e-06,0.000112539641818281,0.493193605473114,0.000964296635311846,0.158275905922864,8.53514474391914e-09,5
"20083",9.11357299236333e-05,0.133601887066043,0.861813127940169,3.78749711666175e-05,3.23831109749182e-05,0.00273193713782516,0.000553727475255652,0.00113792656864149,3
"20085",0.00188153766851036,0.000377911361456042,4.25712280735096e-11,6.77538526783905e-09,0.00874028470840551,4.66849774458581e-09,0.989000254123442,6.51731280010399e-10,7
"20088",0.122848187427298,0.00583854905790896,5.95299943180369e-08,6.08976687430874e-08,0.00924775158130093,4.99882213790903e-05,0.862015383985074,1.92993766810543e-08,7
"20091",0.000875544812740332,0.000235836035516676,1.16820605254592e-06,0.0363929711604596,0.962365923524105,9.70212819786847e-06,0.000118853809899989,3.23027559833006e-10,5
"20095",0.153296120901103,0.000478762588523513,0.813718925755788,0.000124656904495655,1.27400464118468e-05,0.00241690075729569,0.00321178005752117,0.026740112988862,3
"20097",0.00170692423094192,0.0014868942529557,6.58707120368376e-11,3.69279950672011e-08,0.0360224727724122,1.02647036285634e-08,0.960783661195497,2.89624466766099e-10,7
"20099",0.611276830737641,8.07093709526387e-05,0.00237653040635202,2.77608583041208e-08,8.07838370439276e-07,0.000286124167140193,0.270988871030191,0.114990098688494,1
"20102",0.00048498849220089,9.99908946386603e-05,0.982477377797289,0.00692180903549132,0.00954723147156092,0.000411044894052944,5.74777512381937e-05,7.96635276238555e-08,3
"20105",0.257023606203698,0.001463412315795,0.000463133237476725,4.14719503792014e-08,0.00236374612881151,0.00138468159371716,0.737301206870454,1.72178097570186e-07,7
"20107",0.394995089780816,0.100726281560074,2.94318223074831e-07,3.20769585332062e-08,0.000362637630024958,4.54932321885862e-05,0.50386940603883,7.65362884338443e-07,7
"20109",0.760492959321101,9.42705666325235e-06,0.154476692866885,7.45336931807235e-08,7.53019336867021e-06,0.00503530241256441,0.07954899048049,0.0004290231352339,1
"20111",5.75820356474369e-05,4.67150477613318e-06,0.000592987788196031,0.958587880609619,0.00208078706647394,0.0386750466552431,7.09712606595982e-08,9.73368783798499e-07,4
"20113",0.137835523603691,0.80594625851019,1.49621079638628e-07,7.0366881274981e-07,1.57366844391449e-05,0.000520737919120514,0.0513744101203043,0.00430647987236254,2
"20115",0.0030311823408385,1.37722625140013e-05,0.000196929591773964,0.00692044819874431,4.50292343595299e-06,0.987421470774819,2.55980653698337e-07,0.00241143792722042,6
"20117",0.0271326529483826,0.00837179328937241,1.23564923587183e-06,0.746637876334374,0.0348489773103219,9.16071171384114e-05,0.0163765742070229,0.166539283144152,4
"20119",0.0781714342810684,0.0356849603286293,6.39659338532968e-09,8.19341629830153e-08,2.14045797645983e-05,1.51990703240172e-05,0.861764392363255,0.0243425210462026,7
"20121",0.122479896728478,0.0562283327760168,6.78789603612115e-09,5.5179733089343e-08,0.00118227042648425,3.49721016372107e-06,0.820105595119209,3.45772019055614e-07,7
"20123",4.55772191797996e-05,0.000693842684392549,1.97455594773835e-09,0.0133739535828055,0.985705926619836,1.53466526495399e-06,0.000179162542869446,7.11095264806069e-10,5
"20125",0.00117437686086226,0.000953492658920836,0.0767866261023595,1.00419749007079e-05,6.89407332815565e-07,0.921069773259681,6.49337561430274e-07,4.35039838121236e-06,6
"20127",0.00337896838961532,2.36788268114808e-05,1.78602914972188e-07,1.28268310222496e-09,0.00054535474977445,1.26164753982636e-07,0.996051687413247,4.57019969955992e-09,7
"20140",0.00243370077196072,0.994052060826311,1.11233429761305e-08,0.000677718387544626,0.00164961444577662,0.000497780504587653,0.000677037716926873,1.20762235492103e-05,2
"20142",1.8204632485264e-06,4.25117078202682e-06,0.996370698287933,4.60878608904731e-07,6.7259432327639e-09,0.00362231271200623,8.81915818946102e-09,4.40942319738639e-07,3
"20144",0.000491281049977609,0.0173557631366295,0.00494013540360514,0.0479700850424618,0.000120804836829419,0.929100380316571,3.65155572924491e-07,2.11850583529279e-05,6
"20146",0.00189700880360971,0.386901186719736,0.361111837105068,0.000191155008545752,0.000185409066886204,0.249532765134901,0.000161160132706285,1.94780285470729e-05,2
"20148",0.0148872001397022,0.0413496964004388,0.000127522530165571,2.80571572672896e-06,2.37958574826818e-05,0.943433039374114,0.000166532952653479,9.40702971698604e-06,6
"20150",3.41192515395398e-05,5.53206091947627e-06,0.352716428763732,2.403643452119e-06,7.26411402017213e-10,0.645605924516036,6.05069351545549e-09,0.00163558498721555,6
"20152",0.092698652534192,0.0454542661448197,9.83628639297273e-05,5.45217489969273e-06,4.57268871120554e-05,0.86065113847186,0.000987681955932562,5.87189672542336e-05,6
"20154",3.9753662482987e-05,5.23755681307217e-05,4.48628607724768e-07,3.88730320268677e-05,0.994076539478939,1.55049117252964e-07,0.00579185457257399,8.12174381997877e-12,5
"20156",0.439084681274332,0.501859822643278,0.0312639295240387,0.000216456828962154,0.00132011447792393,0.00983878116273405,0.0163783047453803,3.79093433510069e-05,2
"20159",9.4253826103466e-05,0.000120040778130209,0.539645830547955,6.71483967976603e-06,1.2010822755567e-07,0.460128857111684,7.80385066425817e-08,4.104749714241e-06,3
"20161",9.89419982708306e-05,0.00106671451228787,0.995976533084671,5.41895055396806e-06,1.23276524728584e-06,0.00279003281735192,1.81571383556206e-05,4.29687332616438e-05,3
"20163",0.121330100047842,0.00157266751351719,2.24447755562827e-06,0.000146803396925116,0.000460023747731349,0.873886458439902,0.00199906102583853,0.000602641350688059,6
"20165",0.00125660468341518,4.18084229028407e-06,0.99701696801936,4.2681930329193e-08,6.8560230940581e-06,0.000173536829996267,0.00154148677274333,3.24147170623954e-07,3
"20167",0.0203790618201725,0.000553129132130188,0.00584852714605985,2.00912402749978e-07,1.31325923268437e-06,0.97316214492918,4.95827762909154e-05,6.04002453157183e-06,6
"20169",1.73560625775373e-07,2.56374296328396e-07,0.999911343984929,8.69737235714543e-08,1.69666965140624e-09,8.80002542534463e-05,4.08726769817806e-09,1.33068234722487e-07,3
"20171",7.52643876770766e-06,5.93622947689828e-05,1.01782035096547e-06,0.000121403598004593,0.996069671829231,9.84196278208389e-09,0.00374100817000954,6.90488604177613e-12,5
"20173",0.00942909602477384,1.50987465765173e-05,0.187517739076494,1.50912093652355e-06,9.76582135970197e-07,0.000233056207401763,0.026716379391823,0.776086144849858,8
"20175",0.0425169158936576,0.00272611982651765,0.00759523974440253,1.83615961643409e-05,7.83638353680972e-07,0.946952577184386,7.22007775871336e-06,0.000182782038759613,6
"20177",0.34309005916706,0.000567558628055523,8.10334334481171e-05,3.63527965488628e-07,9.61871319765367e-07,0.00052716694337007,0.138850165662772,0.516882690766009,8
"20180",0.102261263069148,0.00413012949022667,1.89845594139503e-11,1.07637785200669e-06,0.00779029506426781,2.15232734057311e-06,0.885812340220684,2.74343149603625e-06,7
"20182",3.11241127306543e-08,2.50462034204019e-08,0.991130997882957,0.00757083709380078,2.83208343292933e-08,0.000127798200816633,3.70270393378086e-10,0.00117028196100523,3
"20184",0.00021454331870463,0.000155552366578778,0.975383980805417,2.88717282107973e-07,6.16278187431274e-08,0.0242419029661017,9.71854618911685e-07,2.69834347810807e-06,3
"20187",0.0023111302560721,0.00214991909772205,0.000634157146730016,2.62749780680375e-07,5.18033315077827e-09,0.000305440751247239,0.000224049160107691,0.994375035658007,8
"20189",0.952819325347734,0.000178767067689907,1.3636223397732e-06,2.35004496768281e-08,1.37779247662515e-06,0.00544056357210927,0.0367825310814119,0.00477604801578853,1
"20192",0.396346618680291,0.000158646198635712,1.65685799683374e-06,0.0227440411726381,0.112354697108065,0.00110290906050258,0.449393383227838,0.0178980476940325,7
"20194",2.19684898741548e-05,0.101803408176678,0.718065399757691,3.30881945238768e-06,1.79435115336374e-08,0.0475208811903641,4.28986894895315e-06,0.13258072575348,3
"20196",0.010152345768009,0.00105963684344883,2.54534937303621e-08,1.04594487351776e-05,0.643219782486355,2.83516313664199e-06,0.345554908556147,6.28067426766009e-09,5
"20198",0.516167962169117,0.184141094003441,0.000454189707928345,0.00038398765875766,0.00129529578601708,0.282437985898521,0.0148770410783247,0.000242443697893713,1
"20204",0.000213070617341691,1.38404598212213e-05,0.385927681383604,1.60505748643393e-05,2.18293250901462e-07,0.613821097907012,8.55650584182087e-08,7.95519904746712e-06,6
"20207",0.0170831620380896,0.0161798496940858,1.46918139471677e-05,5.0637727471004e-06,0.372678959757038,1.26845678223387e-05,0.594025587490801,8.65468694520111e-10,7
"20209",0.000977523669399927,0.00560190306648162,4.33359748785656e-07,0.817578198480824,0.000264168805816338,0.166690481978615,9.80553738528185e-07,0.00888631008537525,4
"20211",2.24901275715023e-05,0.000948426495236446,1.24243074148535e-08,0.00183165404331187,0.997128453428738,2.50031657731362e-06,6.64631581556876e-05,6.10121310336819e-12,5
"20215",0.00613331715460986,0.876160385655296,4.41987624495302e-06,2.95999913652947e-08,0.000329883206663483,0.000548141413800859,0.116823106819419,7.16273974443957e-07,2
"20218",6.76810485139323e-06,2.37241903486711e-06,0.983240155384686,5.08733057711927e-07,1.1015079835315e-08,0.0167495465750215,1.35499564999553e-08,6.24218312150329e-07,3
"20222",0.0213983379169299,0.0339636968565747,3.68967787999081e-05,6.40263925325058e-06,0.314377055161032,0.00136822047060588,0.62884938052138,9.65542471470892e-09,7
"20225",0.000134511432299496,0.0318253289839091,0.0163653787803478,0.000689070440154414,1.01492266226033e-05,0.950844798039928,2.29151729910759e-06,0.000128471579439043,6
"20229",2.96989988587689e-05,0.998613404911268,3.94488490782099e-06,6.15130654792677e-05,5.78250824682282e-05,0.00121553553590962,1.30478181069244e-05,5.02970300157238e-06,2
"20232",0.363536223666121,0.612307788514084,3.33470535072383e-06,6.91598606123831e-05,0.00326384323015855,0.00486971165992539,0.015944687236456,5.2511272912741e-06,2
"20234",0.00227964310860203,5.33037166115913e-06,5.17948295116549e-11,1.41022379345173e-05,0.126017620060256,2.81874822371598e-09,0.871683199500024,1.01850979638333e-07,7
"20238",0.486235779901764,0.0121667764653115,6.83352293141105e-06,8.50494660052002e-07,0.0037082708723602,3.77532826660636e-05,0.497843338437991,3.97022315104907e-07,7
"20253",0.00241481348818294,0.421145356514298,2.18692195152617e-07,7.96707980338522e-09,0.000490675209226617,3.4455367327235e-06,0.57594527890634,2.03685944652593e-07,7
"20255",0.00207026988062163,0.00262116930746385,0.000118106551481382,0.00013308544567417,2.98311388621764e-05,0.995025590186142,1.00545499856845e-06,9.42034755921284e-07,6
"20258",0.230167151705256,4.70841982075238e-05,1.24868221331012e-08,8.00421942195875e-09,0.000240521720324149,1.12533087213658e-05,0.769533507998066,4.6057838403022e-07,7
"20269",0.903880678787836,1.31082297459189e-05,0.0162206666277995,1.24211065259015e-07,5.99806703756541e-05,0.00488246279481167,0.0749339414104876,9.03726787809089e-06,1
"20271",0.298964184183975,9.95564472869721e-05,4.5465006062116e-08,6.08405744097921e-08,9.81206549258824e-06,3.08677969339836e-05,0.692542005131405,0.00835346806932559,7
"20285",0.00169224515618665,0.00691540566480859,0.000516176607219459,6.51622502183669e-06,1.69815715447376e-07,0.0135670346122749,0.000244096892443545,0.97705835502633,8
"20288",0.068678446195606,0.866148883962494,1.83059378492647e-05,5.03220248135862e-07,0.000638294210118156,0.000972572495495066,0.0635419734748152,1.02050337468365e-06,2
"20291",0.346814296239731,0.00353753909194047,9.98606231067067e-07,0.000810601474247376,0.506835197101537,9.90143700956825e-06,0.141991377149568,8.88997359956773e-08,5
"20295",0.88379922416988,5.67582050969857e-06,0.00401264094893514,5.97151935516411e-06,2.07888242755508e-05,0.0108875828125062,0.0474928817146704,0.0537752341898683,1
"20298",0.000174158403693035,0.000211778392997953,0.00135561614511802,3.58593481163422e-06,4.14030417804093e-08,0.998233595008123,4.74768133794502e-08,2.11772354009974e-05,6
"20302",0.00707710315312284,4.11110800268992e-05,0.64674807016193,5.5111380821832e-06,2.23985469035451e-07,0.34460780402268,1.14535060699384e-05,0.00150872295261886,3
"20305",0.000177899143873898,4.36401572475247e-05,0.000160333475568136,4.46449673974166e-06,9.9839455574267e-09,0.998973727596141,3.44292102250169e-08,0.000639890717274199,6
"20307",0.0975376181902177,0.00106195734748416,9.38213509023133e-09,1.36542426754974e-08,0.00285744761283006,8.28398011363385e-07,0.89854212132405,4.09102963015417e-09,7
"20310",0.00122308585146573,1.74852662942868e-05,1.0412511301375e-09,1.14513690948046e-08,0.00192938801693123,1.85749302052212e-09,0.996830011381935,1.51332609431481e-08,7
"20313",1.64264926158469e-07,5.68338610537977e-08,0.999563103823016,4.96421340780535e-08,6.5902949028998e-11,0.000431167623884242,6.33619244318658e-10,5.457112655882e-06,3
"20315",0.327289203028576,0.0136790965013078,1.87668781753771e-07,5.05348721960396e-08,0.000223587842110747,6.53155583435579e-05,0.658734277956565,8.28090944279452e-06,7
"20319",0.000646744300646228,0.00513552019017033,8.24262937653735e-09,3.61522764914753e-05,0.850612645965612,3.56035042291786e-06,0.143565361437672,7.23635608945029e-09,5
"20321",0.00946739585312481,0.0024001312737293,1.41029671118257e-06,9.08642087110553e-10,9.41543279986383e-05,2.08673272166307e-06,0.988034657203489,1.63403583300658e-07,7
"20327",0.319012058291903,1.81354011986336e-05,4.11589659681786e-08,2.41311970986475e-09,1.57802151761345e-05,2.16293074725414e-06,0.680940764969115,1.10546197741581e-05,7
"20329",7.92168707965239e-07,1.2740316480464e-06,2.24948406989691e-05,1.97272571207329e-08,1.015963155578e-12,3.78334744706252e-05,8.23265012783208e-09,0.999937577523551,8
"20335",0.0139389233341754,0.000199483205913923,1.8120696233016e-07,1.83065185262847e-06,0.583795869718507,2.8788022637893e-07,0.402063423948817,5.35448474675008e-11,5
"20337",0.000208087926529148,5.28973700213853e-05,0.152761592750065,5.59383626328926e-06,1.65892139993119e-07,0.846967646761556,9.82356850314795e-08,3.91722774016586e-06,6
"20339",0.000495920976534782,0.492167080346141,1.12354490312995e-06,0.314694014099537,0.188762161194209,0.00256813903687545,0.00112023081694106,0.000191329984859488,2
"20341",0.00128281194845064,0.00186336701618123,0.000290195739969107,0.00424979508678781,0.985967196380148,2.09615517764179e-06,0.00634453646242624,1.21085968636598e-09,5
"20343",0.00304973024605341,0.000160373413566449,1.42304917115413e-05,1.4149577945287e-07,0.0146764950889443,2.50544571476298e-07,0.982098771328502,7.39087142955743e-09,7
"20345",0.0578428433882459,0.0115204933726044,2.65635868386308e-06,6.2150640180472e-05,2.15162161711432e-06,0.907089487550584,4.31773679373896e-05,0.0234370397001467,6
"20350",0.000896157379426439,0.990966157230565,0.000815786971465369,0.000931079565017492,0.00107385799796648,0.000988601701945296,0.00420399792309785,0.000124361230516265,2
"20352",9.38896733007805e-07,1.07977602046408e-07,0.999778694083117,3.50371045098638e-08,4.81140815725091e-09,0.000220075057517051,2.85454790967799e-08,1.15591038992911e-07,3
"20355",0.00217867752504864,0.000336028850905417,0.987262785096264,2.39447136473561e-05,1.06532314861503e-05,0.0100412645700026,0.000100766496662069,4.58795159841252e-05,3
"20358",8.35155006915944e-06,1.35907917361275e-05,0.00633265934536178,1.80795741336827e-07,1.57919520204862e-10,0.0213180973160701,2.26158498739093e-07,0.972326893884603,8
"20363",0.0374991021811657,0.0051775723116492,1.84286285174039e-06,1.21303254281735e-09,0.000233689312737615,2.18255946269309e-05,0.95706588919495,7.73289860259517e-08,7
"20365",0.0967209206163345,0.0776305948527722,3.12784649663033e-07,0.00117844687171989,0.793131964375822,0.00419186046121384,0.0271458549750977,4.5062390176805e-08,5
"20379",0.0141826447650034,0.000284621072464505,0.000544042336636706,0.00618001239573157,1.40943576870255e-05,0.97867152782481,7.47991499182613e-07,0.000122309256167304,6
"20387",0.50155814596355,0.000296826712196799,7.73054504303802e-08,2.8803434610666e-07,0.0117501330528342,7.24494732895766e-05,0.486322055904273,2.35540590716656e-08,1
"20392",2.53394396833233e-05,6.26751513564672e-05,3.68418166270135e-10,0.000551135372252694,0.999198484879779,4.13265007597717e-07,0.000161951518965379,4.53694404156332e-12,5
"20395",0.038390745484525,0.414010740486752,0.000619724082561703,1.17592042001399e-05,3.05764424753706e-05,0.546657183204369,0.000262625532618323,1.66455624987721e-05,6
"20397",5.93352621948993e-08,3.6267869394452e-08,0.00241148209668428,3.49497168740854e-07,2.76835583213996e-12,1.69881101172719e-05,1.37239633376639e-09,0.997571083317734,8
"20410",0.883958383195993,0.000871956308932336,3.21670056826457e-09,1.42322388710607e-06,0.000520687290652638,0.0009745606238861,0.113570215358784,0.000102770781164101,1
"20414",0.00421456505657814,1.49633938317975e-05,0.179168177088101,9.68964101789024e-07,5.6021475267882e-07,0.816556420186388,1.04938823115489e-05,3.38512139348356e-05,6
"20417",2.79001385438627e-05,6.54322571142084e-05,7.19960115404544e-10,0.000974122920289795,0.617300415245631,1.52972243380208e-09,0.381627065589836,5.06159890307031e-06,5
"20419",0.0396779369568753,6.92868388853189e-05,1.76079582011474e-07,3.52902496158243e-11,2.08077189842578e-06,6.35749904814779e-07,0.96024603181371,3.85175385412465e-06,7
"20421",0.0291523594905208,0.000578667749739992,0.792249270944334,0.0109905454462344,0.00146358133431513,0.165536652094332,2.69721649194389e-05,1.95077560445681e-06,3
"20423",0.00265180463721707,0.000120898451866619,0.32815843125715,0.000100094651041314,3.95386631695019e-06,0.6689616434012,7.80475243505221e-07,2.39325996419478e-06,6
"20425",0.000279254041283756,0.0274728333774494,0.662532182372229,1.98393540129878e-05,2.95033079780433e-05,0.309656939730834,8.70275835054362e-06,7.45057862217466e-07,3
"20427",0.272832019843075,0.0068971769019058,0.000132480105044047,6.12938638143157e-07,1.02655559584179e-05,0.71907308509332,0.00102122128812096,3.31382739375767e-05,6
"20429",0.131214713090581,0.018101009030922,0.000168445252488691,9.35873943330747e-06,0.00290397805457303,8.01166693421869e-06,0.847530687472828,6.37966922397474e-05,7
"20432",0.000123535240459622,6.42671682218577e-06,0.742281090947273,2.83442178510805e-07,7.08946428992867e-09,0.257308008426886,4.68380835321042e-07,0.000280179756080631,3
"20435",0.878146964566776,0.0653710502776974,1.59864530805944e-06,0.000293156264348826,0.00698143600427447,0.0196317374333085,0.029534539832431,3.95169758561208e-05,1
"20438",0.0167381312435108,0.0268551343577568,0.000127544177968279,1.01189084791912e-09,9.1043038409242e-06,1.63344025381728e-05,0.956236585646209,1.71648562857555e-05,7
"20440",0.25055522318971,1.61513711766033e-05,4.97201194797667e-06,6.36673933985891e-09,5.14454394521592e-05,1.02807517489586e-05,0.749357282073558,4.63879566621119e-06,7
"20443",3.94865286062828e-05,0.000441912339678891,0.999295639487093,1.41035507965254e-06,4.84674714159155e-07,0.000217158620439119,3.081025301471e-06,8.26969087566015e-07,3
"20446",0.498264334476141,0.0100277650603582,0.00307536065705775,2.61582708145735e-05,0.00147273341023789,0.361173399403631,0.124201621044825,0.00175862767693487,1
"20449",0.165651643510671,0.812264943792313,2.20719284043857e-06,3.1520075258198e-05,0.00160746714504989,0.00834549962598527,0.0120810860106509,1.56326472312517e-05,2
"20537",0.489285086169931,0.000380124081979858,5.70568362485608e-05,0.00145018486741427,0.438874108360625,0.000771800521514278,0.0691814065896327,2.32572654469447e-07,1
"20540",0.000724468897635418,4.22571158034272e-06,3.61978005389806e-10,0.00626787808163191,0.992358465345896,2.15131137584146e-07,0.000644746222201007,2.47939539809702e-10,5
"20543",0.859488087303055,0.000755596326455122,0.000739499589502408,7.47093807350574e-06,0.000103937889034498,0.137722392787592,0.00117672769705715,6.28746923034635e-06,1
"20545",2.04193156238511e-05,1.98060443586293e-05,3.08350358236998e-08,0.00149183809118697,0.998406086259761,1.55734735500629e-06,6.02621043990311e-05,2.28026005722036e-12,5
