"","V1","V2","V3","V4","V5","V6","V7","V8","V9","best$classification"
"19812",0.00637590148380131,0.0250131232664706,1.29585557059557e-64,1.20122877171331e-05,1.72803935739421e-07,9.04392578229116e-22,0.96816308790547,0.000434415991546573,1.28626105826092e-06,7
"19814",0.00207256958800378,0.188640881898165,7.14615152571696e-16,3.61698995632838e-08,0.000114645891328573,0.433444779606736,0.375209242595513,0.000517844202629312,4.77240362597939e-11,6
"19816",0.000294930314830737,2.62242160162555e-17,1.10768852799707e-63,1.59580346416365e-07,1.46031478867256e-07,2.71223451537528e-28,0.217362882262309,0.0450299621259001,0.737311919685135,9
"19818",0.0028871688496356,2.7544946275993e-05,4.13235158610154e-20,8.82518824622143e-07,6.33443269678469e-05,0.00351390348758771,0.982420344526026,0.0110867031907886,1.0815389376798e-07,7
"19820",9.3833804681792e-06,5.6737262565755e-95,8.19108060009334e-111,4.4863073489353e-34,0.000483097473714799,1.90054719140881e-114,9.27355253544192e-05,0.0219822103818501,0.977432573238613,9
"19822",0.919432643348293,1.92055124629431e-100,6.30756802496304e-124,7.75355015901503e-36,0.000383597469901268,5.0151733347663e-138,6.09453517311191e-10,0.0797920807083747,0.000391677863977356,1
"19824",1.77814488643526e-05,3.63631181223433e-47,2.28233755647821e-48,2.43057784633139e-16,7.67177847289546e-05,1.46020688026944e-50,2.30508855625225e-06,0.999578183157884,0.000325012519965836,8
"19826",0.00409258330124556,0.0051509256199514,6.47927867126084e-39,0.0435223811029346,3.34994612984261e-09,1.03077690213743e-19,0.814993103896476,0.13224100192713,8.02316410461674e-10,7
"19828",0.000263307242926412,1.78439022460925e-46,1.46731176704205e-58,3.57713589999019e-23,0.00183513368978912,2.20055835246391e-41,0.0385473300311838,0.00833626012964088,0.95101796890646,9
"19830",0.880771698562216,0.00174397136502361,3.04278782154598e-60,0.00151883901967428,6.81944786072412e-05,1.16374650435859e-22,0.11589656039191,7.36182569194339e-07,3.56915108577314e-27,1
"19832",0.344272720214523,3.819752336013e-14,6.06517475408124e-102,2.06351142803739e-29,0.484039526530014,3.82285736630666e-70,0.171626664341234,3.66652359754459e-05,2.4423678215982e-05,5
"19834",0.1251202377154,8.50523673813113e-24,6.03067799106954e-79,8.71768071775778e-20,0.00168733388677853,7.65284054030573e-25,0.867637477665704,0.00458622907494796,0.00096872165716968,7
"19836",0.00295314510987025,7.39072909551782e-10,1.86467307140175e-87,0.0301935030117902,1.9278255868167e-08,1.23637859675936e-55,0.944290889239975,0.0225623748463026,6.77747332467772e-08,7
"19838",0.00106875784580167,0.993168772514227,1.38294112618223e-26,8.68889015611443e-10,1.99003449096663e-05,5.70809443503386e-08,0.00574250205348445,9.29174343159031e-09,3.72191328884619e-23,2
"19840",0.0114336473316517,4.0138771362252e-17,1.20868248938584e-76,8.14289409068775e-07,0.000302711332020595,6.4815729381283e-36,0.932449793090802,0.0557830092591226,3.00246969938605e-05,7
"19842",0.0017173085423086,3.27906409180383e-08,2.54910477600641e-46,0.998274178338547,8.4428508488804e-06,3.20342421504953e-46,1.8417917637014e-09,3.56358628605785e-08,5.08298358856413e-48,4
"19844",3.88208844882072e-06,6.42366361490038e-51,0.999297843231108,2.9700402454578e-14,0.000290927012124135,6.99714784939762e-28,1.27316235589116e-24,0.000407347668289296,1.46657171085107e-33,3
"19846",0.000442910463533874,0.933510809418639,0.000486599183140614,0.0651792595208491,4.6511847357964e-07,0.000194137941740566,1.1705039138437e-05,0.000174113314484943,2.8371614910552e-35,2
"19848",7.03509089820492e-05,0.00150172559199178,2.56970472548582e-09,0.00086657488208421,3.0106191254994e-08,0.99749679777411,5.33635588005695e-05,1.11546081355711e-05,6.54381445698392e-31,6
"19850",0.00257898214101363,0.974237741372562,0.000175100956040843,2.69140426987094e-09,6.93136913270158e-05,0.00620529960507528,0.00346104838019375,0.013272511162383,1.32117255631564e-21,2
"19852",0.00130597644972683,3.29283768207641e-09,3.91139541828062e-36,9.1641070336624e-09,2.33265594819413e-07,2.34839037416153e-09,0.978032593824173,0.0161425885830137,0.00451859307215646,7
"19854",8.16136586952306e-05,4.73044345879737e-05,2.78500191737058e-17,0.000154848671506922,2.99349655498763e-07,0.999614952567055,0.000100897774177351,8.35443222462873e-08,5.35655430368401e-30,6
"19856",0.00658223591269762,1.41029899636937e-19,2.007790929567e-09,2.18597283757875e-10,4.77207886467544e-06,4.0491951823109e-14,1.27567080439518e-09,0.993412988506338,1.82416040620344e-25,8
"19858",0.0009129132430204,1.02820973465767e-34,6.84393843493866e-18,3.34744864923125e-19,2.43216406852839e-07,6.54945356628381e-35,6.83553366394892e-11,0.999086843471856,3.61446225156071e-13,8
"19860",0.00333325328495524,7.94342206776071e-06,4.04391118577842e-49,8.93849631106364e-09,7.61461403152131e-05,4.63886617868902e-13,0.97621282527909,0.0196954979631023,0.000674324971509558,7
"19862",8.24882545774737e-05,0.998424871027065,5.3661419131884e-14,0.00148992643136391,8.53408397887463e-07,5.15056906214928e-20,1.68210858798203e-06,1.78769953958669e-07,6.15401320585446e-40,2
"19864",0.00130145936546681,3.41614734100785e-65,1.41910917900082e-79,0.97415485927065,0.0245434154469823,1.34339635497324e-158,3.79555434058565e-25,2.65916900886877e-07,2.32708030303296e-44,4
"19866",0.0196323781442865,3.47603972255965e-32,1.84838943495706e-127,6.97659761902793e-05,2.4532808343333e-07,3.9403716547056e-69,0.0253046758426732,0.954989013235329,3.92147343774094e-06,8
"19868",0.000120992079991475,1.6698603350113e-81,2.34849759327734e-79,1.95413611753323e-46,0.999879007920009,9.90275474979371e-143,3.43496948207668e-27,2.69796604089959e-30,1.06924142172558e-44,5
"19870",0.014277590894792,0.611949458151066,1.80468620407855e-20,0.197468179299058,0.000646065812820217,3.06880093263216e-05,0.175458912578351,0.000169105254585996,1.60333490472737e-21,2
"19873",0.0038472348736437,0.0001897877166416,7.94651313030072e-40,0.00844157619894904,0.00119581193176094,9.2029039000953e-10,0.916604642846472,0.069720945494274,1.79683691309046e-11,7
"19875",2.55375124023667e-05,1.46679491270921e-27,2.40814139988417e-84,1.66703339670617e-22,0.0055479067298864,1.51686781843066e-46,0.292285363392237,0.0111220807322219,0.691019111633252,9
"19877",0.0040246085308919,0.0156275104495601,3.26282757682823e-24,0.00235245229420576,1.1195746392532e-08,0.00199096867612986,0.970949643347341,0.00505480549964029,6.48491228431712e-12,7
"19879",0.0181105478039545,9.10147693271167e-14,1.85423389391677e-41,2.61807473439521e-06,1.1291223914801e-08,4.98028105774602e-12,0.961766602583956,0.0201200477781519,1.7246290782477e-07,7
"19881",0.000719755871260462,6.36764934104656e-05,1.23207234909008e-41,0.0202690525073784,1.29632674362322e-10,1.45512853903371e-22,0.0967167776550153,0.882230737343293,9.83102787224303e-15,8
"19883",0.00251777459124564,0.00843498522652499,3.24042286941094e-49,0.938214568129634,1.63092974174259e-07,1.59655761497983e-24,0.0029933962686248,0.0478391126909965,4.45082002301322e-19,4
"19899",0.039298204448226,4.81254440555887e-20,6.20778251235568e-68,2.47493322030512e-07,1.09485585193189e-06,2.05779715022075e-39,0.960683243966155,1.72091656699201e-05,7.07747731827562e-11,7
"19908",0.87774200246504,3.70574626339883e-68,5.25772251967256e-114,1.34156906735582e-12,0.122256747915017,3.12079309275626e-107,7.09946426189931e-15,1.249618594424e-06,4.55104112366405e-36,1
"19910",0.000862109450551813,2.55745749727043e-07,2.51433857401771e-36,0.000203603382700505,1.90209471618146e-08,3.62823886923252e-10,0.979692694599067,0.0190886710658218,0.000152646372338176,7
"19912",0.0210045583454963,0.00117302493205885,1.82395840146432e-36,0.977814930195113,4.65042021566109e-06,1.1264044512116e-28,2.11910955846149e-07,2.62419616070363e-06,2.70460935809069e-45,4
"19914",0.00173544588653662,1.46048191146512e-11,3.17445319519929e-57,2.81415779450966e-08,5.94553397203103e-11,6.8121052423209e-18,0.941799762297241,0.056464527454965,2.36145619069888e-07,7
"19916",0.00232369161384122,1.3439929596212e-62,1.90448957848668e-87,6.34923138412016e-09,6.05511160776531e-08,6.59195303428713e-119,1.11914837681363e-12,0.997676241483081,1.61111513627376e-12,8
"19918",0.000470968263759279,0.804740654364376,1.83190220777301e-06,0.073669473269212,1.60544507716843e-08,0.0506398777002805,0.00594867075730562,0.0645285076884081,8.43691763764499e-20,2
"19920",0.0016960488215392,0.00018542718915046,0.0615575093136237,0.000159013960044434,1.30000675224476e-06,0.934804414098549,4.69260191364108e-05,0.00154936059120478,1.73927533206729e-27,6
"19922",0.00219656101398477,3.25749835440172e-19,3.0560223812703e-85,9.47670958514303e-29,0.997803232549553,1.4097630264202e-70,2.06428480990903e-07,7.19325576240462e-15,7.97409188510983e-12,5
"19924",0.00534970040246657,5.76009380454704e-05,2.27822685185881e-12,0.00129550874386369,3.11352045863991e-09,0.0182555541908849,0.90708570300211,0.0679559295272786,7.95518890477954e-11,7
"19926",0.0026582741325752,9.84947848148299e-20,6.68138636031659e-104,1.50721008389416e-05,3.40605994896209e-11,9.74203389534205e-74,0.995483751161225,0.00184289679306347,5.77823705849824e-09,7
"19928",0.000296549527520123,8.0332597073178e-55,2.20995151412237e-68,0.997584439773651,0.00211901011428042,2.89461733493797e-193,5.13074565702695e-37,5.84548645779127e-10,5.27290945499948e-70,4
"19930",0.000228256180272096,0.94166709776734,9.74257150765724e-28,1.36447753990633e-05,4.09034455559883e-06,1.0485851049016e-05,0.05806489610428,1.15289770627291e-05,4.07430347022254e-14,2
"19932",0.000133178758638865,0.996089065115126,6.50681511019887e-16,4.00499416191597e-07,1.08203127046782e-06,0.000733439414518462,0.00304267531318043,1.58867849252932e-07,2.44172169455716e-23,2
"19934",0.0117065905068801,2.29429514028113e-21,2.37784647208012e-55,7.13381155760166e-20,7.18661555948043e-06,2.32863146254116e-24,0.708476366747302,0.139717717142727,0.140092138987531,7
"19936",0.0251500517927585,0.000116708137966169,1.46917532903395e-27,4.01507423099804e-09,5.52691772545559e-07,6.7502870987216e-15,0.974597137559894,0.000135537581825316,8.2207020608117e-09,7
"19938",0.0244340611763806,1.63219669935664e-58,1.68813824601205e-67,8.8134493981111e-18,5.15241805024905e-11,1.57859871572656e-60,0.00910413589021335,0.966171412547138,0.000290390334743657,8
"19940",0.0029915688908701,2.97897005594855e-06,3.82099455441028e-35,0.13229918875444,2.59897008157864e-08,4.44543332286547e-14,0.686985082796033,0.177721145570824,9.02803114690953e-09,7
"19942",0.00304169588764538,6.94452446943742e-35,1.39378106483676e-80,0.99692807872451,1.77426590181101e-06,3.49577531210212e-141,1.66972078579926e-21,2.84511219432974e-05,2.16912295031959e-49,4
"19944",9.43344841005458e-05,1.94519826770343e-09,4.88834175419168e-51,0.000325572490573223,1.36958179992187e-12,3.4272648419081e-22,0.932730158132893,0.0658933161313442,0.000956616814521642,7
"19946",0.00198972134446358,6.50002979744434e-06,4.2016818853378e-24,8.13798046328361e-06,7.06449978490538e-09,5.90640489221907e-06,0.913204369219355,0.0847851024889452,2.55467583551644e-07,7
"19948",2.94759459244721e-06,5.12369629923322e-28,4.91735738451391e-58,0.999817763739926,0.000176310545663486,2.18291133541391e-105,9.91211955544352e-22,2.97811981828832e-06,1.65700199746642e-48,4
"19950",2.77840998081402e-05,2.5364545552848e-17,8.86276694527442e-06,4.79623740494188e-11,7.86938163280568e-06,0.999954070429397,6.81615597414226e-13,1.41327357314172e-06,2.56142880161413e-39,6
"19952",2.94759459244721e-06,5.12369629923322e-28,4.91735738451391e-58,0.999817763739926,0.000176310545663486,2.18291133541391e-105,9.91211955544352e-22,2.97811981828832e-06,1.65700199746642e-48,4
"19954",0.00012891102688085,0.98331803378836,3.06940307902783e-18,5.82621576924451e-05,9.75824262654778e-07,0.00316896136066459,0.0133219861171082,2.86972503150493e-06,7.88270738442926e-19,2
"19956",0.999255837851319,5.5039408503869e-10,7.33724496875318e-23,7.37086001074853e-08,0.000744067134060587,2.52254460274471e-33,2.3325570167253e-12,2.07532933649733e-08,4.30267609702061e-56,1
"19958",1.7507851335307e-05,8.75492645704146e-52,1.02136289305306e-71,7.30060597091088e-49,0.999982492148665,2.56935815778647e-122,2.65413585770518e-25,2.86395432357988e-21,1.46502951370852e-30,5
"19962",0.00130801674538007,1.84134469863537e-13,3.90492552418954e-22,4.01777933709938e-14,2.02365477565535e-08,2.60061643670805e-21,0.00150318944516152,0.997188773556976,1.57101584991062e-11,8
"19964",0.00642378841181616,1.47264529794645e-08,2.67003981988037e-18,0.0100952168752414,4.69425298776526e-09,1.1683077920629e-23,0.281164961982242,0.702316012801745,5.08249102821066e-10,8
"19966",0.0115223715033464,2.34202997118978e-60,4.62926859168108e-138,2.37149404537765e-09,8.42208161354446e-10,1.07305227705162e-134,0.000802766216343252,0.987580240560985,9.46185056234273e-05,8
"19969",0.0399916608472333,0.745389473034661,4.54563344677565e-55,0.0626010113851553,0.00028283633913363,6.84943890417461e-20,0.14695563779888,0.00477938059493701,8.26757795744142e-21,2
"19972",0.0107080745097386,1.40191147969685e-09,2.82540417013337e-16,0.989114241002667,3.37547278670753e-05,5.5896673025598e-10,2.2258167900626e-05,0.000121669630948251,1.26740031894819e-31,4
"19974",0.000345001839967544,2.89080095363491e-06,0.667777217971955,0.331862058163994,1.0549295333753e-05,6.52557625499774e-09,1.83417001178558e-13,2.27540203625704e-06,2.71126320524263e-54,3
"19976",0.0194671507648138,5.51872768359525e-05,2.47843553898456e-16,0.00387176259653033,8.2582525613622e-07,0.0214416557248151,0.920399983476135,0.0347634343339907,1.62270204684988e-12,7
"19978",0.000452265552436773,5.48028681328367e-11,2.74787542298562e-28,1.70697022039361e-05,2.46153354830405e-07,1.13583099591465e-14,0.915791199364883,0.0585435916143573,0.0251956275579498,7
"19980",5.47777946342888e-05,0.00378617216337552,4.34042222223677e-07,3.91433374622401e-06,5.33878306321798e-07,0.996143157285526,1.05361246494027e-05,4.74377540461535e-07,1.31551830641778e-32,6
"19982",0.985056889447289,4.32328286599585e-11,6.2906585272376e-05,7.16351959583602e-10,0.0097035429632434,0.00131282133250673,0.00236167879546879,0.00150216011663485,3.45973259577585e-22,1
"19984",0.000435761762067874,2.48145789593176e-22,0.956060492715631,1.7251671211737e-09,7.01842520604158e-07,4.98649423521677e-05,8.03988615798419e-13,0.0434531770114576,2.14061787270445e-27,3
"19986",0.0231518636372087,6.09722076280064e-74,1.28690563017534e-145,1.26174085946835e-21,4.62163825091183e-06,3.89522957428034e-103,0.0655752658044561,0.378879008309651,0.532389240610433,9
"19988",0.000174422945172165,4.8130265173893e-106,5.52799464964252e-134,2.92448541127507e-38,0.00271139495058926,7.69923391887835e-129,9.27343301073065e-05,0.0341271728384742,0.962894274935657,9
"19992",0.000138812037441673,7.65635156015953e-76,6.77766528667787e-88,6.28132348705214e-36,7.80950254269744e-05,9.75576275165049e-75,0.00296979857265402,0.021095481314125,0.975717813050352,9
"19994",0.000545177268185384,0.941538032865466,8.38332502160543e-35,2.77538499065609e-05,6.46146372277108e-07,2.76022602132924e-08,0.0578862837798868,2.07848713939557e-06,7.84091167387777e-13,2
"19996",3.71486258300773e-05,1.27754917926078e-66,3.15680220246278e-73,1.35236303686956e-29,0.000570607753637776,2.55521408807935e-58,0.0324257021938273,0.0184757634834472,0.948490777943258,9
"19998",0.0405347933274467,4.32967819280946e-18,9.49257165961237e-80,4.14803962041331e-05,7.30943770741946e-09,1.04947595328397e-55,5.17603641772792e-07,0.95942320136327,4.14012556453824e-23,8
"20000",0.997222646935513,3.43630899390851e-08,5.09052524220093e-78,2.29713498545707e-11,0.00277678870455785,3.50407131545239e-68,5.29966477857371e-07,7.39022749761436e-12,2.17114883211116e-40,1
"20003",0.00568470308038076,0.0134528273098039,7.4337332325064e-69,0.000201263174820741,5.79279018825e-07,1.89271945332277e-32,0.980408653083294,0.000251973659337767,4.13343607321371e-10,7
"20005",0.000215012449513257,2.24018385934111e-07,5.09398312901238e-10,0.0166608054747431,2.61550452601493e-07,0.98311791763217,5.01339815053384e-06,7.64967186705443e-07,1.22305403640669e-38,6
"20007",0.0162675943904301,1.35033355879044e-17,2.50748323665543e-60,2.00496535069508e-12,0.000270111583075242,3.82303790970507e-17,0.981902509300236,0.001559696903177,8.78210761742744e-08,7
"20009",0.00107697766666226,1.31789790062411e-55,2.88485901510912e-73,1.28488544314788e-16,9.17395900918166e-10,6.11426552786676e-85,3.36588116731388e-07,0.998922119327659,5.65500165589108e-07,8
"20011",0.109523305284452,1.60456491812377e-09,5.4278335835e-26,0.869069166873473,8.0371381309219e-05,3.91514135516152e-08,0.0186509433058798,0.00267617239890731,1.51721099992099e-22,4
"20013",0.0031486178274483,0.0449924452860487,1.69903657685086e-10,4.73728507127143e-06,5.30312772924298e-08,0.916463134242067,0.0343386463869549,0.00105236577122827,5.56900518990766e-18,6
"20016",0.320946751564641,2.84730050885025e-83,7.32251552152932e-119,6.85551306196955e-27,0.000491580850253124,1.48998041090371e-88,8.52138205679214e-06,0.671525289791442,0.00702785641160719,8
"20018",2.95927940384919e-09,1.72628168698995e-163,1.20896575306566e-208,3.13979363039971e-79,0.999999996899483,6.06830926440114e-300,7.45873138909708e-32,4.58699092936921e-13,1.40779065581013e-10,5
"20021",2.81633102725464e-05,2.05048615994669e-20,5.35935595688219e-96,4.74612629058132e-17,0.000510072612816146,1.48422471112295e-49,0.2640207087634,0.0169115847402057,0.718529470573305,9
"20023",0.000191800437130111,1.03891143508107e-15,1.45623068459316e-48,2.7050780770907e-10,7.07587886975123e-13,5.69359060662165e-25,0.896272781460674,0.0989827183527773,0.00455269947820168,7
"20025",5.62802937812914e-10,9.60948391325589e-98,1.35079171699203e-157,4.80210508120069e-60,0.999999335343712,1.16043474724912e-179,1.26353618687852e-12,3.35844404584333e-08,6.30507781136697e-07,5
"20027",0.0130256608514793,0.0149426988927358,6.60854542051488e-50,0.970372578865096,2.80759285627229e-06,2.1411125680711e-35,0.00165486119910766,1.3925987248714e-06,5.08646815289943e-32,4
"20029",0.0182814875785005,0.95286727898513,2.88069668698659e-22,0.0247271403773305,3.71060119653444e-05,3.63613009420289e-12,0.000442863118648122,0.00364412392478951,4.1196493872119e-30,2
"20032",0.000711177541878607,0.936117460455357,1.54561336218271e-40,0.0561977371942355,2.00318821355174e-07,4.93643806698807e-21,0.00697158987370119,1.8346160060034e-06,1.10307905397632e-23,2
"20034",9.5198685082729e-05,4.81221417497315e-23,2.78999793150842e-63,0.999861056375433,2.38216676838355e-05,3.74634586016821e-98,2.11835068723752e-15,1.99232717983234e-05,2.5810260355222e-40,4
"20036",0.919886885883607,9.50885836214452e-15,3.19545326437565e-31,1.92815881239151e-11,9.26458341405774e-06,9.22764204324112e-24,0.00100846423573585,0.0790953852779516,1.71526216697578e-19,1
"20038",0.0132388119686628,9.59761846084559e-47,1.1472855791661e-138,7.61944844681206e-23,5.35384400914824e-05,2.08265921492723e-81,0.202350572584384,0.000403652640744572,0.783953424366118,9
"20040",0.0663038641678464,2.01693694109477e-109,6.76048849944046e-128,2.91485297499486e-26,0.00422426452765444,5.45444120219555e-166,6.14276069617206e-15,0.929471377534854,4.93769638844518e-07,8
"20043",1.43718963705294e-05,4.53987657821629e-32,9.05376935954797e-70,3.94602614011573e-28,0.0191268146546373,1.19838876208418e-40,0.141761317625463,0.0198614127342369,0.819236083089292,9
"20045",9.79235639290639e-05,8.63517623139757e-110,1.3655235323527e-99,5.42522677141778e-51,0.00332088399234266,7.6680759315684e-114,3.05306894973491e-08,0.02340048532513,0.973180676587909,9
"20048",4.43960332732817e-06,6.21735457610543e-27,0.999920535992975,2.95957776325433e-18,7.45651901002107e-05,7.74161069141058e-21,9.49008455643355e-23,4.59213597577182e-07,5.54720375493654e-43,3
"20051",0.000936499137574932,1.41723443151808e-12,2.13147357679223e-35,1.2660333916439e-32,0.19299835137222,1.60216381777163e-15,0.745317205346482,0.0607408876093178,7.05653298642846e-06,7
"20053",0.00283387374052036,2.20324469498811e-24,2.42015782774955e-53,9.04003902697227e-09,3.33041314587666e-09,6.69505403931576e-28,0.580599630862547,0.416249262294041,0.000317220732439974,7
"20055",0.301013116016841,9.18756549964028e-35,1.51649838975416e-140,4.90080246763007e-19,0.0464050037121419,5.28780891771599e-96,0.652478797533308,1.28570980009637e-07,0.000102954166728965,7
"20057",1.45710347170533e-06,4.80301259908627e-81,1.96055486838868e-77,3.15848019789732e-48,0.999998542896528,9.29796531813047e-254,2.84271372538067e-51,1.47459327551334e-34,3.86591995008702e-70,5
"20059",0.0745978017633446,7.31467758028315e-31,1.06705119965971e-63,3.06956789944265e-10,1.09749653093008e-08,4.22148766627077e-57,0.338283825939213,0.586016335324087,0.00110202569143277,8
"20061",0.00338508273233178,4.73889369111809e-18,6.19344935649092e-64,9.15947429698713e-10,2.71738056619088e-06,1.80743377636331e-29,0.973018221237417,0.0235756997108966,1.82780228407334e-05,7
"20063",2.65368140232258e-05,9.0773861698768e-102,2.55303436410824e-20,2.04750305744387e-29,0.844359669042494,8.1096187650643e-92,6.85590436739105e-32,0.155613794143483,1.55721590278778e-26,5
"20065",1.23832574963994e-05,7.6707103466145e-86,9.98323560605928e-194,2.80215456315891e-63,0.852973911942162,1.58877549403583e-194,1.6161530044412e-09,5.39780259470454e-11,0.147013703130211,5
"20067",0.0046447541387674,1.00224384413657e-50,1.98295623705917e-47,3.67753909789284e-37,0.00050481862924491,3.23302061551826e-35,0.00173618882518792,0.403431761812733,0.589682476594067,9
"20069",4.63374379768241e-05,0.000174998756933644,1.04861630047165e-07,7.38239830944715e-08,4.37853924663338e-07,0.999772987688443,4.62763012192268e-06,4.31946986494843e-07,4.18689327514396e-31,6
"20071",0.985371123969665,1.02320071720703e-26,1.57746336184993e-105,4.04871976670433e-06,5.74510335528489e-07,9.46446798013866e-58,0.0028815460829792,0.0117427067172537,7.94789659753794e-19,1
"20073",0.000744900391527492,7.59988508289488e-07,0.00287165930095034,8.99533899294803e-05,1.71739142081569e-06,0.000149114826099062,3.78379232223628e-05,0.996104056788342,1.86630048271677e-18,8
"20075",0.00317877257763364,5.31486765106996e-54,4.46797943171347e-107,2.68663600237549e-50,0.996821227422366,5.55823423940737e-175,2.00919352007492e-21,3.67311121617445e-29,2.28496787631748e-34,5
"20077",0.0181566300250017,3.60863196684172e-26,2.96216221854457e-44,2.04008727215227e-12,1.20863040831706e-07,1.22978198535463e-24,0.856738848392015,0.0728632625002183,0.0522411382176839,7
"20079",2.84018994375193e-06,3.74581916408245e-29,3.09825066464942e-25,3.04627154589926e-30,0.250686754497234,3.57147731325576e-25,2.04971051646053e-07,0.749310200340659,1.11145985270149e-12,8
"20081",0.508696865641547,1.47876267327705e-41,1.20434866637105e-68,2.21394629856013e-29,0.0511058377615996,4.83724100109508e-38,0.106669150282551,7.24969728976181e-06,0.333520896617013,1
"20083",0.703481873054907,3.51833384982513e-37,1.05994341936598e-30,2.0286784120683e-13,3.62556269819701e-05,2.86883274042846e-45,5.94008885836449e-14,0.296481871317849,1.04063100852755e-29,1
"20085",1.71776329214376e-05,3.27894346967705e-96,2.56973170737711e-158,1.79376191577902e-44,0.00177353429127804,4.05954898080719e-135,2.452393778159e-05,0.00382736595683592,0.994357398181183,9
"20088",0.00020860193279083,3.37151183332812e-36,1.05385071725179e-90,5.31313250806578e-29,1.20878952740609e-05,6.31997071252492e-54,0.129410216683598,0.0365875471872946,0.833781546301042,9
"20091",0.711414155803775,1.59514864142227e-60,1.41285669545445e-95,6.24847610886295e-45,0.288585843584462,2.45204003903227e-96,7.38830548520083e-12,5.28610905978743e-15,6.04369304315914e-10,1
"20095",0.954915145217833,1.08054588261264e-64,2.10239607800078e-20,2.01202598937839e-05,0.0405899670348632,3.18643618386846e-30,7.38005600278399e-11,0.00447476741360948,2.51434389003589e-27,1
"20097",3.05635656647132e-05,1.24188087511324e-94,8.17587335047727e-152,8.29227497624276e-51,0.00538179090753851,1.67446924276984e-136,3.54770819475799e-05,0.00124649123449638,0.993305677210353,9
"20099",0.000295407687698129,1.58853524195251e-53,2.04903943852259e-47,2.26130130913842e-05,0.00111496278227611,5.37359374638901e-54,9.39334283675646e-09,0.998566991860141,1.52634504196373e-08,8
"20102",0.0110047252908867,1.24328754649227e-46,3.44889872758777e-24,1.01739388804293e-38,0.988994704539879,1.38852684107749e-44,3.21229219235411e-17,5.70169234239832e-07,3.19109548986852e-25,5
"20105",1.07337046607836e-06,1.35418317556987e-35,1.3978216058892e-47,3.36795100686755e-30,0.238828722789367,1.57538338908257e-27,0.0954512747056177,0.505611850703696,0.160107078430854,8
"20107",0.00809686205224624,5.26496997024054e-43,5.99969614713375e-87,1.3809536256839e-14,9.03513435532758e-07,4.83577120657141e-45,0.900921473432022,0.0257726411623939,0.0652081198398885,7
"20109",1.80620917163045e-05,5.92474720656726e-30,8.07469495547713e-14,2.92496551286998e-11,7.54162100972402e-05,1.78270407847181e-19,3.24213969487451e-05,0.999832259350809,4.18409210985101e-05,8
"20111",0.00289483946975924,6.9847546587378e-24,6.98467719254054e-54,9.71988057832272e-26,0.99710516053024,5.61247799472749e-69,1.12684166809934e-15,3.84995003905843e-24,4.04208317463261e-38,5
"20113",0.17843507136772,7.58216846194306e-35,8.64948777205155e-109,2.76945644753878e-05,1.81486730387951e-05,6.60480692711258e-69,0.747858638460791,0.0736603663589639,8.0575010671332e-08,7
"20115",0.129555724266162,0.00409616334251177,1.62486136854788e-44,2.65164748585201e-06,0.865915606393884,5.25241949408276e-43,0.000429847562887062,6.78706920391570e-09,1.22515427462657e-30,5
"20117",0.849242150199954,3.57138439772884e-104,7.98624539614998e-135,2.50171087532308e-14,0.150757849800013,2.24377320643398e-208,1.01965364955844e-20,7.67878254144678e-15,1.27709255683289e-28,1
"20119",0.00538740886418994,6.80862950053499e-55,9.20691056584991e-163,4.4111923096263e-08,1.23290729140261e-06,9.58824996116955e-132,0.000107083342550705,0.994458132083333,4.6098690711895e-05,8
"20121",0.004434312375447,1.06680009874174e-50,5.55305591406131e-111,7.71039797935314e-18,5.05855924593054e-09,3.40939784611355e-71,0.592282969476271,0.0635928183711545,0.339689894718568,7
"20123",0.868005472385066,1.05397957002396e-61,1.58495079087458e-149,2.61540182680351e-54,0.131994519874706,2.30789018620113e-179,5.72985287025332e-12,1.24500310136687e-11,7.7220488514417e-09,1
"20125",0.00142062346315351,0.986074079622289,1.88740817990051e-06,6.88702126082765e-09,1.60897045026315e-07,0.00752574846793938,0.00491572412898217,6.17691253894969e-05,6.70658742082927e-21,2
"20127",2.42959850609371e-07,6.27979391778818e-89,1.1366580606352e-58,4.3752304385142e-43,0.00587619351559578,1.39950379550242e-83,6.3526386495116e-07,0.0258857605633284,0.96823716769736,9
"20140",0.619377702372478,1.99587966794951e-34,9.17390628306621e-104,3.62120682924567e-13,8.50169700536841e-05,4.05456023371906e-88,0.380537261871372,1.86442733757789e-08,1.41460721518397e-10,1
"20142",0.000258744593694811,1.59251520396162e-08,0.996589638264669,7.25997434040189e-12,6.86725002212349e-06,0.00314202438178379,6.30226266772868e-11,2.70951439588822e-06,4.65940550022752e-37,3
"20144",0.99581833064431,0.0030777869772928,2.45290730941363e-25,1.29246146552829e-12,7.84632333899572e-05,2.12352165623363e-35,0.00102540336653162,1.57771830209252e-08,7.22665643788415e-29,1
"20146",0.957027538897687,3.99182384544871e-12,1.24748192622233e-16,1.9166160923377e-16,0.0400031502827959,2.93484252728916e-09,0.0021576575012755,0.000811650379406758,3.1508751795341e-23,1
"20148",0.00427889916979622,0.050704951533866,1.26777377415881e-35,1.46119371409891e-11,0.000111292419930066,6.85015517934142e-09,0.943965124875195,0.000939724819763424,3.1668205316492e-10,7
"20150",0.0029722582911872,0.42549300343517,0.386267875063921,0.174591078766023,5.22967595556375e-05,0.0105916747558263,4.76096546242707e-07,3.13368317700802e-05,1.18511142102557e-42,2
"20152",0.000822077056465199,0.0258195050150777,3.40129669608245e-33,9.22268648727217e-07,1.53695719345528e-09,3.99246057353177e-12,0.944393134694688,0.0289638716390743,4.87785096507142e-07,7
"20154",0.000292478345006397,4.63003766074164e-85,1.02136069344553e-83,1.20272455406158e-73,0.999627479988982,1.54808743872691e-110,1.43490238513944e-14,4.15641055390628e-07,7.96260249415091e-05,5
"20156",0.868840903075662,2.27365876904343e-31,1.23798165777037e-31,1.10158363737936e-10,4.00334097967288e-06,3.19941016229062e-19,0.0932720043374372,0.0378830890904104,4.53523530604954e-11,1
"20159",0.0286561581419791,8.54875250984537e-10,2.57362965998527e-13,6.86747756776981e-06,7.84219312388771e-05,0.971088571241044,0.000106386445451132,6.35939075870001e-05,8.01007464210936e-32,6
"20161",0.172240015913462,1.09368689567741e-18,3.72451645100039e-10,2.89988376761604e-12,2.15505014882608e-06,1.55421114645153e-21,2.89423564870863e-10,0.827757828371614,1.98382562362431e-25,8
"20163",0.000868034694761562,3.37984035560085e-07,4.70906790058588e-62,1.68937022972505e-13,0.206638297618415,2.06576124818699e-49,0.792254192080384,0.000239111684499454,2.59377356353659e-08,7
"20165",3.57295717096591e-06,4.87494173555531e-42,0.000847626570884086,3.08226814286476e-25,0.107318854114348,2.61677009707442e-13,1.0979935256021e-09,0.891829945218024,4.13182570443743e-11,8
"20167",0.000526314354994061,0.357628450961803,2.17480599327594e-12,1.47950257868463e-07,4.52441353944676e-05,0.314747452624188,0.321499867141338,0.005552522557693,2.72155785597688e-10,2
"20169",4.50643002557621e-06,1.99559999794994e-19,0.99999131337346,3.39960184823363e-16,4.02014509184802e-06,1.58999424871774e-11,1.36944791408529e-18,1.60035521834381e-07,3.7848735675421e-42,3
"20171",1.20019627898343e-06,2.91612887136865e-119,3.51138670773717e-83,3.09905151893718e-84,0.99999878663424,5.49545776573017e-133,1.11754690313616e-21,3.99270879262614e-10,1.2770210087167e-08,5
"20173",1.23246744203309e-05,6.79713645193504e-58,2.34019242436015e-37,1.22653057388824e-10,0.000586954534843643,3.08468401809763e-93,5.50554900739742e-23,0.999400720668083,1.48611646802091e-22,8
"20175",0.0465310987298903,0.00127949322774682,4.80611555141373e-16,0.0250114575899626,8.7908657619698e-06,0.0146417571148643,0.912285191427034,0.000242211044739142,8.74812283523072e-18,7
"20177",0.0104735591214927,5.44474358969627e-52,2.03282481471944e-38,2.35181814786232e-05,3.61160342436111e-08,1.02653737874269e-69,2.9927594904861e-06,0.989499875704672,1.8116832198472e-08,8
"20180",0.00056015777454639,5.84912533803e-59,4.84005230110799e-178,1.39572492085801e-22,0.00294221429176517,2.86511765316378e-136,0.0133142233988212,0.00533807230498743,0.97784533222988,9
"20182",4.44589002383138e-06,2.92353499732158e-48,6.75209740157585e-10,2.04710877071042e-13,0.999995553434562,2.00836766306292e-106,2.96972424079316e-46,7.48759193328024e-19,1.25844227133755e-88,5
"20184",0.000777480688994767,6.48713254837218e-07,0.00697793797389573,3.46212883728866e-07,5.86854891729725e-09,0.984824609714003,3.14545806030961e-05,0.00738751624781611,1.39911522328065e-21,6
"20187",0.49697692751508,2.04806241388466e-32,1.32380548448674e-41,0.322898939408085,2.11973754496232e-08,1.62942199720041e-56,7.24854745578158e-10,0.180124111154604,2.67408039968972e-25,1
"20189",0.000108003262988702,2.1760473956526e-16,1.00775750844361e-72,4.47850059131732e-05,3.89322543308945e-06,6.46272635670927e-45,0.255168017141927,0.721973560276633,0.0227017410871048,8
"20192",6.08127731647861e-07,3.82438684693236e-61,1.2652863642498e-131,7.18318265861329e-31,0.999860897025983,1.75463666815984e-178,1.96823861009483e-14,0.000138494843605753,2.65942191192442e-12,5
"20194",0.991157777571206,1.66278560321593e-15,3.37277500834581e-23,0.00808581113791764,9.53711702008853e-05,9.91254984403022e-26,2.58307201268775e-12,0.000661040118090795,5.71875365239618e-46,1
"20196",0.0032084516110821,4.72742921569295e-75,8.17633292244123e-134,2.80813406516238e-43,0.639891832670977,2.52441361728234e-107,2.96161466457575e-07,2.49100922190902e-06,0.356896928547252,5
"20198",0.104953052567073,1.85363211862755e-11,3.98052432438769e-32,1.30826021276819e-09,1.97137407195931e-08,6.23807823277432e-27,0.869988697637006,0.025053979908377,4.24884700688689e-06,7
"20204",0.00230923581599401,0.995195755617006,0.00226211625406748,2.62249852290494e-08,1.1191339539288e-05,1.76298798457226e-05,7.11103830359946e-05,0.000132934485526207,1.276365197423e-27,2
"20207",0.132767892735285,3.26235313309334e-64,3.97404702681527e-55,5.27327469816132e-44,0.00127838753833625,2.64913095604878e-57,0.000293701740645763,0.0195868060931419,0.846073211892591,9
"20209",0.974420806854742,2.61090085348427e-13,4.07167656162003e-95,7.30712420298913e-08,0.0255767761913377,3.2339488655711e-135,2.34388241641253e-06,2.19791869104736e-16,8.26504399597371e-33,1
"20211",0.00370866899702616,8.28530257804407e-52,3.21880031259521e-116,6.0074471009698e-63,0.996291236960435,8.89836727843035e-99,5.88520946576235e-10,8.00709945546601e-16,9.34540167234507e-08,5
"20215",0.00164779397614226,1.62562664907491e-30,8.15815607697416e-81,4.24209794832438e-24,0.0076172297698741,2.03521678643454e-43,0.937608023113875,0.0490066195288309,0.00412033361127756,7
"20218",0.000222157306860888,6.30269077206495e-05,0.938988914978745,1.20136880919992e-10,2.1629831368662e-05,0.0606954360129526,9.55182102524398e-09,8.82529039396875e-06,1.17034020796811e-33,3
"20222",8.84464533975425e-05,1.62100534587295e-46,2.22985598057928e-49,1.30309909800441e-45,0.933986839511319,1.08128159797261e-42,0.00905468944634236,0.000624363360728739,0.0562456612282123,5
"20225",0.951010390877385,3.70843736474332e-05,2.10011208577198e-15,7.94218279005221e-15,0.048155953258017,6.1268040315225e-25,0.000796533411454732,3.80794855898883e-08,9.26277828244435e-32,1
"20229",0.998155320400317,1.15201782102556e-18,1.51827338196392e-98,2.43450701529816e-18,0.000275838158253604,6.04964289395343e-64,0.00156676139173807,2.08004969154521e-06,1.25456319265809e-21,1
"20232",0.114999634567651,1.93170577950784e-31,3.67066901877468e-73,1.54514033834767e-11,0.000254905532730504,5.88255072555331e-34,0.884734357064223,1.10365515064299e-05,6.626843816506e-08,7
"20234",1.51208878763905e-08,6.47797825414406e-148,9.47047194124719e-174,1.6022852524676e-54,0.985349021724309,1.2887122142716e-254,6.08050089151024e-18,1.7339224834227e-07,0.0146507897625549,5
"20238",0.0126496083446732,1.24474382206156e-50,7.1728119160423e-79,1.25061953179362e-22,0.00932487152331193,9.0505925079597e-48,0.771239818867831,0.203003147805486,0.00378255345869765,7
"20253",0.0143071481278024,5.20561244417963e-59,4.03851338978879e-107,8.22977675933421e-28,0.000216706205114626,9.11350638791159e-77,0.0467245530103817,0.166387341875252,0.772364250781449,9
"20255",0.00538747928675222,0.954437743748094,1.15686898780521e-33,2.74864721388153e-10,0.000120318845098507,2.00394839737355e-07,0.0400542542187656,3.23158451760343e-09,8.44894686828753e-18,2
"20258",5.22248749227794e-07,1.44619198736033e-50,3.30708160792114e-82,6.36119677286108e-26,0.00062216023206479,8.41568752249566e-73,0.00358886819448435,0.0104189895386549,0.985369459786047,9
"20269",6.61631054300501e-05,4.9704435177491e-27,2.19482175278854e-18,5.25614702097883e-18,0.00101012390074903,6.66497718389908e-20,0.00648075788582024,0.948255120318517,0.0441878347894837,8
"20271",2.62115439412219e-05,2.2814424642827e-59,3.01384182195647e-96,2.99518901487443e-12,0.0149452669084657,9.01184433646431e-120,4.08315485083372e-05,0.937389264343782,0.0475984256523073,8
"20285",0.0124643646704258,1.48099850622313e-24,1.08953534761127e-36,0.0112892080794909,2.50500022433276e-10,2.53840978726851e-63,1.78767397272879e-07,0.976246248232186,1.81704542356705e-25,8
"20288",0.00813790107222884,9.14190129812217e-36,4.68658708399198e-67,5.96042512867146e-18,0.00387099613044329,4.47350719245432e-35,0.987163337425527,0.000824054234383044,3.71113741822202e-06,7
"20291",0.999235182574077,2.5576026064331e-73,2.94542117435544e-108,1.2271965394434e-28,0.000173856751635016,1.10961505879721e-91,1.30003032948658e-05,7.5066408832386e-06,0.000570453730109773,1
"20295",4.21056381693633e-07,1.75017157872283e-31,5.23210835810652e-49,1.32777901023628e-12,0.00689114615104309,2.2599311378462e-61,1.45950088138481e-08,0.993108418029983,1.66256210670186e-10,8
"20298",0.000421077803154172,0.99437754362219,9.59755784034923e-13,1.77374080848513e-06,2.10746904020038e-07,5.60276072251689e-08,0.0051966567397645,2.68131861135759e-06,1.85718651064113e-25,2
"20302",0.000940988344206383,3.29099962536164e-06,6.83540057243302e-06,0.00108525691294091,1.90867906483792e-09,8.73739956376293e-08,0.000143933290034535,0.997819605769946,6.73822750979528e-21,8
"20305",0.000172936895504463,0.998949940785997,7.28060408627119e-22,2.74588288780368e-05,5.5725233082348e-06,7.24847172191058e-19,0.000843806777560715,2.84188751078455e-07,4.82235437042154e-30,2
"20307",0.00364826009613194,6.46954626242008e-59,1.60239722601609e-91,4.1785010815973e-28,3.27959940257979e-06,3.31115700500083e-67,0.136308953796738,0.0340876736949436,0.825951832812784,9
"20310",1.11370218400159e-10,6.97768452476692e-133,1.43045646405719e-131,5.30047624829353e-47,0.957922781919396,3.9624017018022e-153,1.16550168490788e-10,0.00430944041911185,0.0377677774335721,5
"20313",9.51830121556409e-05,5.15414625001084e-23,0.00012340298750928,8.26750580103627e-06,4.44967245636116e-05,0.999726511274691,5.21360519219262e-17,2.13849527888669e-06,7.69098279248039e-52,6
"20315",0.0328395318162899,2.52671928143543e-54,1.43766159598125e-79,2.02901163968739e-14,0.000630427545664496,1.7396346343858e-61,0.679175667065538,0.0531030141545106,0.234251359417977,7
"20319",0.00122243359028514,4.41561709012491e-65,1.59195765396906e-138,1.36539967340298e-55,0.99260056712748,1.71825569011769e-140,4.34722197158026e-07,0.0014756489407192,0.00470091561931892,5
"20321",2.32337287917985e-06,2.80547215055163e-62,4.42051030942462e-73,2.72957417832975e-32,0.217668485523022,2.00923069019219e-65,0.00484490919856532,0.372743055816077,0.404741226089456,9
"20327",7.23734038970461e-06,1.63302438214146e-61,1.70621119530946e-83,2.09943279963971e-16,0.000243200586951179,5.00474874961032e-77,0.00274433764479932,0.0827967262565485,0.914208498171311,9
"20329",0.0243591246968001,8.44615855439046e-23,8.65329930482846e-30,0.974621709170049,2.81301195895234e-07,1.78000669242708e-59,9.35146426500319e-18,0.00101888483195494,4.75091534755278e-52,4
"20335",0.000136719839450771,1.71346482802687e-82,3.62158846572402e-94,3.89656480147093e-54,0.0834788921035884,5.60311286787535e-76,1.31163876249111e-06,0.000170190196339713,0.916212886221859,9
"20337",0.000203989386288699,1.76260532522508e-06,1.14191866460985e-13,3.76170367203487e-07,1.97141623804308e-06,0.999757879489778,3.31225772983485e-05,8.983545906509e-07,2.12323123595531e-29,6
"20339",0.896084151890261,1.76580087490327e-37,1.80820052142221e-144,1.34167731529549e-32,0.103915840435923,6.37746510727606e-159,2.97548684661726e-10,7.37626710102334e-09,1.98837583523523e-23,1
"20341",0.962939770747687,1.62539808057335e-85,5.84435772822361e-58,2.8856671522532e-48,0.0370589372108766,5.98360617317268e-83,6.31798203438666e-14,1.2806509395377e-06,1.13904337477087e-08,1
"20343",6.72656706953777e-05,2.74571194172907e-86,1.14442104157723e-59,1.10938059193333e-46,0.00222096003614577,5.68317957620005e-83,8.87996554393201e-10,0.975713099136483,0.0219986742686791,8
"20345",0.00314655958766852,0.00237873461053479,2.10206571117642e-65,0.0600415192651984,6.10729472749713e-09,2.48588267461563e-44,0.928036181448439,0.00639699898083423,3.00098893268277e-14,7
"20350",0.999402720061807,5.94238502556835e-64,2.92502907526821e-38,7.11187718382772e-19,0.000597009990423753,7.96991955935049e-62,7.66201054665403e-08,1.93327663661934e-07,1.24984399552383e-19,1
"20352",1.2302456168101e-06,1.37850614817069e-17,0.999962587720929,3.75040523023866e-17,2.11389194187392e-05,7.94984357154028e-07,1.48111953035047e-15,1.42481296770051e-05,6.00553225224145e-34,3
"20355",0.00325359365075162,5.22426381606518e-20,1.19615317643658e-08,1.9153656575451e-11,2.41085217802683e-09,5.61866448019256e-18,3.72123801638581e-08,0.996746354745331,1.25527655912899e-19,8
