"","V1","V2","V3","V4","V5","best$classification"
"19812",0.000212603038367937,0.892991933949311,0.100633333246788,0.00616212976553293,2.90701973496531e-16,2
"19814",9.25088573189788e-05,0.0682682021007181,0.926145685086847,0.000545304238775679,0.00494829971634072,3
"19816",0.0341093155332217,0.96588102007735,1.10623664291282e-08,9.65332706202167e-06,1.47282504453082e-17,2
"19818",0.00541506671622329,0.94938908087593,0.0451161358294433,1.47238629130931e-05,6.49927154908145e-05,2
"19820",0.015582051691005,0.9839285868757,5.01123503362721e-42,0.000489361433294632,4.72864008157305e-44,2
"19822",0.988207238854077,0.00370075358363276,1.84238900816384e-47,0.00809200756229022,4.8429540188097e-38,1
"19824",0.909715186105154,0.0902847430022218,3.16532759104477e-22,7.08925936030311e-08,3.10062430346257e-14,1
"19826",0.0733802734845367,0.602877441505224,0.319035063450451,0.0047072215004692,5.93194075046611e-11,2
"19828",0.00156729266926486,0.998164548139636,5.72902426625958e-20,0.000268159191099769,2.0963802676778e-22,2
"19830",0.0367251883259626,0.227339506705831,0.628657666979341,0.107277637927315,6.15512431599857e-11,3
"19832",1.11174505572554e-05,0.217956041746126,1.95654665382745e-09,0.78203283884677,4.52415618071019e-34,4
"19834",0.024588218825456,0.974821422451615,1.38039147781824e-11,0.000590358709125194,8.55695070172287e-19,2
"19836",0.031166431751054,0.968538669653244,1.51743340816621e-05,0.000279724261620215,7.72614453177917e-26,2
"19838",1.70802821762454e-06,0.00237506866191388,0.996895546559788,0.000727539902947875,1.36847132552407e-07,3
"19840",0.0384914844375643,0.9604894282513,2.62439657157226e-08,0.00101906106716991,3.50722578549212e-25,2
"19842",0.164218029286196,1.35241654060508e-07,0.835498856427544,0.000282979043588784,1.01722907308312e-12,3
"19844",0.24345676901942,1.20987511248211e-12,2.82210440990117e-19,1.90289773576274e-06,0.756541328081634,5
"19846",0.0018587966711534,2.70668713012369e-05,0.932924071863084,2.05680151229246e-06,0.0651880077929493,3
"19848",0.000246694149370285,0.000103964752925117,0.0222019317130268,1.98313550292003e-05,0.977427578029649,5
"19850",0.00715599696371607,0.00209557345343303,0.989199811821201,0.00052015332478543,0.0010284644368643,3
"19852",0.00862891317849842,0.990987732917912,0.000255383614171893,0.000127966376740526,3.91267709661412e-09,2
"19854",4.73411097906047e-05,0.000254405776888754,0.0104972113781805,0.000191921005951414,0.989009120729189,5
"19856",0.997671800679174,2.66364345159891e-06,7.13312112824482e-11,2.56175981918202e-05,0.00229991800785164,1
"19858",0.999929205669661,3.25138206650116e-05,9.34321199097421e-18,1.22226172057985e-05,2.60578924681799e-05,1
"19860",0.00595544767585452,0.989521081606614,0.00281991101803112,0.00170355969948536,1.49792470653972e-14,2
"19862",0.00052008389545857,1.18286783531475e-05,0.99945627630391,1.18090714216932e-05,2.05085698216298e-09,3
"19864",0.999999879818182,2.76863365075913e-14,3.62122444162193e-22,1.20181790279564e-07,5.00651838742857e-31,1
"19866",0.794524833553429,0.205474527695369,9.03016081103733e-14,6.38751111628743e-07,2.48408501842593e-27,1
"19868",1.72714666322216e-10,6.87892555163364e-17,9.83273107845294e-38,0.999999999827285,1.50507357491084e-40,4
"19870",0.0013386480706611,0.0197758961105609,0.978874591629682,9.35321244361873e-06,1.51097665188953e-06,3
"19873",0.0969977371107417,0.821564825710657,0.0814334984212125,3.93156126218125e-06,7.19612606973246e-09,2
"19875",0.00155106687671118,0.984625035012391,1.21300770907386e-12,0.0138238981096851,6.15022055387965e-29,2
"19877",0.00551077339695909,0.802686053470234,0.191441666083394,0.000358254035702782,3.25301370924926e-06,2
"19879",0.0300495506893134,0.969920055441379,1.65590357958243e-06,2.84782438472834e-05,2.59721880611483e-07,2
"19881",0.624229112990703,0.370714984180424,0.00504888696139511,6.99031884175645e-06,2.55486367444791e-08,1
"19883",0.174403444912882,0.0167071295321168,0.808888943628193,4.81746003458429e-07,1.8080536758171e-10,3
"19899",0.0108701647089834,0.820084120814039,9.29363399559501e-08,0.169045621540638,2.54031981996972e-23,2
"19908",0.999293625211099,1.37618269023721e-10,1.02124095837122e-24,0.000706374651282319,1.02394938010061e-28,1
"19910",0.00753344895236309,0.990253316364979,0.00219619529754634,1.68954168090429e-05,1.43968302256714e-07,2
"19912",0.0672314954269684,1.19169374886928e-06,0.932743098084693,2.42115351102421e-05,3.25947957764041e-09,3
"19914",0.0500714709047527,0.949221451886853,3.12683732489766e-06,0.000703949914294134,4.56775706750219e-10,2
"19916",0.999993775750616,5.32234755899593e-06,2.31942461598828e-28,9.01901825476956e-07,2.61526232777768e-25,1
"19918",0.0225194449493378,0.0164982717890846,0.865283355018786,2.34066695512172e-07,0.0956986941760965,3
"19920",0.00277365089252174,3.66986433958794e-05,0.00784407492678178,6.79492360738016e-06,0.989338780613693,5
"19922",1.46399196817099e-10,0.00011468210872105,1.50268375845205e-11,0.999885317729853,5.55519172145413e-31,4
"19924",0.0228831847037632,0.931231120407641,0.0296028426769599,0.00019055109298344,0.0160923011186524,2
"19926",0.0188649478404568,0.930026828180682,1.46277953519811e-09,0.0511082225160813,7.7697920348912e-29,2
"19928",0.999994355736231,2.88605037523665e-22,9.4350045787255e-20,5.64426376912421e-06,6.10201381215892e-29,1
"19930",3.00002819718028e-05,0.0418816689567098,0.957989303367275,9.90175817744359e-05,9.81226920657817e-09,3
"19932",2.89511475766472e-06,0.00116952078947418,0.99865937159542,0.000126101289132562,4.21112112160367e-05,3
"19934",0.0203598106454249,0.979455640258876,1.08957194923369e-11,0.000184549084727621,7.57418438208985e-14,2
"19936",0.00043774789961632,0.668396682494104,0.0434914122565718,0.287674157348183,1.52517144277598e-12,2
"19938",0.835167334042836,0.1630470248713,1.66216899382052e-26,0.00178564108586414,7.59015513670828e-20,1
"19940",0.0617276199780885,0.925652306674741,0.0126187865483736,7.39543296341823e-07,5.47255500711285e-07,2
"19942",0.999998334251246,1.02478076357581e-13,3.24603435459057e-12,1.66574540551445e-06,2.66854409318897e-27,1
"19944",0.04810499678393,0.951828762301672,2.81428859193119e-05,3.80979654770417e-05,6.30017099529916e-11,2
"19946",0.0586907355639376,0.93515013326438,0.00606779236841185,4.64048142199667e-05,4.49339890508175e-05,2
"19948",0.999999965685634,6.61847270834307e-13,2.18071257782554e-08,1.25065785562813e-08,6.13323760654302e-21,1
"19950",0.00150822468048026,1.61438697991665e-09,1.81630280291951e-08,6.19088271804466e-06,0.998485564659387,5
"19952",0.999999965685634,6.61847270834307e-13,2.18071257782554e-08,1.25065785562813e-08,6.13323760654302e-21,1
"19954",1.71119540399246e-05,0.00831819609270331,0.991621483434249,3.74757416029047e-05,5.73277740455607e-06,3
"19956",0.555090127236566,7.02154445113636e-10,0.000579166707302446,0.444330068024136,6.37329840893365e-07,1
"19958",4.77706537817214e-12,1.70718863658966e-14,5.64774249683094e-30,0.999999999995206,1.49682295669666e-34,4
"19962",0.934232961221193,0.0620606519851718,6.84316046144208e-08,0.00369995190395973,6.36645807122234e-06,1
"19964",0.102419806821289,0.897398156692558,7.40594147420312e-05,0.000107930633986683,4.64374239756104e-08,2
"19966",0.867384170938909,0.132494941494881,1.04393033964667e-28,0.000120887566209614,3.5298847725674e-42,1
"19969",0.0709457248555723,0.121281255397416,0.807714367589278,5.86521577321822e-05,1.55414756850552e-15,3
"19972",0.755439808597143,0.00389497258969694,0.228308688462429,8.21978216902994e-06,0.0123483105685626,1
"19974",0.0276083105531256,4.91189159942252e-10,0.0411098441298886,2.78885559086126e-07,0.931281565940238,5
"19976",0.0501768710837555,0.813330229757805,0.134495543800271,6.06637173816228e-05,0.00193669164078676,2
"19978",0.0133116391459526,0.986661719443138,1.30039135512337e-05,1.36374880320776e-05,9.32663520326627e-12,2
"19980",7.9989651309594e-05,3.30587818611778e-05,0.0751738359879707,2.71433740334282e-05,0.924685972204825,5
"19982",0.0343758676488468,0.00237029448313264,0.002060566553721,0.209858965518298,0.751334305796001,5
"19984",0.0546789900369353,2.35262351983299e-08,1.03369295894025e-10,3.64457129094064e-07,0.945320621876331,5
"19986",0.247423307929449,0.752307640472888,7.80401548545524e-32,0.000269051597663127,4.41755869353585e-38,2
"19988",0.0598128120293157,0.932219044970312,1.24802877175406e-45,0.00796814300037259,1.9513135393469e-48,2
"19992",0.065433544960086,0.92903288618083,1.03118221856844e-31,0.0055335688590838,1.22437510998066e-29,2
"19994",9.28904335728319e-06,0.0609204844306589,0.93859580913128,0.000474416565056971,8.2964691350624e-10,3
"19996",0.00806730090670549,0.991753374940426,1.20320123705381e-27,0.000179324152868607,1.9546590680712e-26,2
"19998",0.999955855484937,4.24290757068475e-05,9.18532400485465e-10,1.71452082361319e-06,2.16213936490566e-16,1
"20000",0.00110148059384139,1.87229258341159e-05,0.000432206514280719,0.998447589966044,2.61154940750309e-21,4
"20003",0.000574488056234694,0.93630327420546,0.0596335025256245,0.00348873521268086,3.92475657083107e-20,2
"20005",0.000564521914346682,8.07095327653317e-06,0.000419518072353419,9.00947199109427e-06,0.998998879588032,5
"20007",0.0214371765924842,0.978097180963979,1.36875192585992e-07,0.000465505568343282,9.05286453062333e-16,2
"20009",0.995813781570288,0.00418505389031673,6.62696026446099e-29,1.164539394777e-06,7.56724736672934e-20,1
"20011",0.76590777628529,0.13123315494113,0.100114452775378,7.03899352131126e-06,0.00273757700468106,1
"20013",0.00787126990582561,0.0953896294620495,0.71411607760279,0.000468268892385793,0.182154754136949,3
"20016",0.981335142723504,0.0186432914734755,9.49972697486037e-37,2.15658030207222e-05,5.98908832608144e-28,1
"20018",2.11589351789004e-06,1.0351685512091e-11,1.22453674566189e-77,0.999997884096131,2.67381565329447e-83,4
"20021",0.00232922166118349,0.997185657939907,1.75195665078875e-11,0.000485120381390019,1.1710943282386e-30,2
"20023",0.09385922552955,0.904633332094214,2.01339088906745e-08,0.00150742217635303,6.59738810454406e-11,2
"20025",0.000549657383581486,0.000214409688695493,6.41086473793982e-46,0.999235932927723,1.22632337938701e-67,4
"20027",0.00720432165027154,0.000701137435820592,0.991624925413045,0.000469615500862612,4.39164519736655e-16,3
"20029",0.167774047211374,0.0039243539549592,0.828292770094054,8.82776554013756e-06,9.74073197808661e-10,3
"20032",3.95504520501666e-05,0.0014027065977915,0.998485818479541,7.19244317987619e-05,3.88180742560453e-11,3
"20034",0.999995194922654,1.7551802718496e-09,3.68994583396174e-06,1.11337633207438e-06,3.54759279394154e-21,1
"20036",0.831300697368516,0.00226705082327457,2.04253238933826e-06,0.166430205853882,3.42193900040773e-09,1
"20038",0.00109280783637838,0.979555188222603,2.07070530548301e-21,0.019352003941019,1.35657349070448e-41,2
"20040",0.999640522862392,1.56358471882831e-05,3.87364144326664e-49,0.000343841290419331,4.03726515121494e-39,1
"20043",0.0010207984803583,0.98967863529515,1.34357293430875e-14,0.00930056622447799,2.96196646628439e-23,2
"20045",0.187010586237813,0.736544910810786,4.20907672487482e-48,0.0764445029514007,1.7359855706271e-37,2
"20048",0.0082257035491654,1.6243731591049e-13,1.40471009898354e-11,1.86076613724072e-06,0.991772435670488,5
"20051",0.0054566540251413,0.920276824022762,6.33097832052566e-07,0.0742658888542394,2.45030232482124e-14,2
"20053",0.548453835794017,0.451544726872346,1.19251832027439e-11,1.43509032021484e-06,2.23139197778829e-09,1
"20055",9.27501214651477e-05,0.621237723144334,7.42922582238381e-18,0.378669526734201,5.50313452273551e-50,2
"20057",1.19601489633371e-12,2.40741107310917e-29,1.11018372180271e-44,0.999999999998804,3.57011198637098e-48,4
"20059",0.352608388124298,0.624974431885989,3.71698568674156e-14,0.0224171799896752,3.60790699451635e-19,2
"20061",0.0619494562975913,0.937722008476993,1.55691906478289e-08,0.000328519656224645,2.47601825163889e-19,2
"20063",0.999851897877326,1.00642455120853e-15,3.73752763394252e-43,0.0001481021217468,9.25940366004519e-13,1
"20065",7.26056129555535e-08,0.00292416026191809,2.61749983057794e-43,0.997075767132469,6.84395128399653e-78,4
"20067",0.249151214018594,0.743194725680421,2.5529983936799e-23,0.0076540603008382,1.46629227411777e-13,2
"20069",4.87084094980875e-05,1.42938597670821e-05,0.0131142784689603,3.19058767159362e-05,0.986790813385059,5
"20071",0.988348804354384,0.00934952135686359,1.26799000292023e-11,0.00230167427607213,3.22468052729836e-24,1
"20073",0.156385073238819,0.00158614797312588,0.000410506112763252,8.44300963652866e-07,0.841617428374328,5
"20075",3.95807546630056e-13,3.00502720862822e-13,5.43267121238857e-30,0.999999999999304,9.98321054549106e-51,4
"20077",0.0824073691316516,0.916624363719791,6.66699254144688e-11,0.000968267080138981,1.74830351251345e-12,2
"20079",0.995522275632229,0.00414135790945601,1.85803521368194e-14,0.000336365916529493,5.41766507629299e-10,1
"20081",2.59698165738928e-05,0.464976498165863,5.351287754246e-17,0.534997532017563,4.35991024466107e-23,4
"20083",0.999677114133093,2.34965849356033e-09,7.22849095645481e-18,0.000322880085425991,3.43182194799558e-09,1
"20085",0.0135036874622414,0.97928608723716,8.58081385953335e-44,0.00721022530059905,1.46693535304787e-52,2
"20088",0.0101863330983217,0.988477598347761,5.34565610210322e-19,0.00133606855391688,1.31552367718381e-27,2
"20091",2.17075357748927e-08,2.45337644606586e-06,3.44426521578643e-30,0.999997524916018,9.80117940879673e-35,4
"20095",0.999996421757872,2.5696683373926e-07,1.28283998735926e-20,3.31435819544232e-06,6.91709915591615e-09,1
"20097",0.00525756007507307,0.885773745508509,2.06564967103719e-43,0.108968694416418,1.35804863570877e-55,2
"20099",0.996963513374192,0.0030364865857994,2.66235815652226e-19,3.9971582242854e-11,3.72654781379371e-14,1
"20102",0.0954552438175452,1.92765490931673e-08,6.86077463090165e-21,0.904544728334817,8.57108840056309e-09,4
"20105",0.0218851247502143,0.97809409490687,1.89708943497316e-17,2.0780342915684e-05,4.60974642537434e-19,2
"20107",0.0312059982379088,0.968566160866998,9.3784638569843e-18,0.000227840895092878,1.13179237028631e-23,2
"20109",0.749361137070666,0.250591611585756,1.12354454764203e-12,5.99302596499344e-08,4.71914121949258e-05,1
"20111",8.77595014129158e-12,4.92152988610779e-11,7.62387696767858e-14,0.999999999941932,1.9062628213486e-21,4
"20113",0.331380887381886,0.666035279031587,1.19756550189401e-12,0.00258383358533025,6.82980368292564e-31,2
"20115",0.00162696504678506,0.00325724834339281,0.283673291954946,0.711442494654876,3.17242775334897e-16,4
"20117",0.00731132053671729,5.27609179265413e-10,1.72470778411902e-39,0.992688678935674,1.73493468348547e-54,4
"20119",0.953302182513403,0.0466929199452426,1.20805414773564e-23,4.89754135406025e-06,2.53924540045492e-43,1
"20121",0.0684180539415576,0.930030870401812,4.43999474024785e-22,0.00155107565663045,6.450609959329e-30,2
"20123",3.52007728136093e-08,2.40811305852934e-06,1.23335986217929e-34,0.999997556686169,1.01756447908056e-56,4
"20125",0.000186359925228532,0.00192922223176107,0.99720467005678,0.000560544400869512,0.000119203385361204,3
"20127",0.0182537974951956,0.977948677201432,9.1838511583366e-39,0.00379752530337269,3.19187070545618e-31,2
"20140",0.000233854848620682,0.0822413676161327,4.04418795387246e-14,0.917524777535206,2.53769437364391e-38,4
"20142",0.000810723178620362,9.63499981534785e-09,0.000310053879045359,4.636912542274e-05,0.998832844181912,5
"20144",9.56052501195054e-05,0.000169006691477283,0.0205792483807173,0.979156139675173,2.51301206198046e-12,4
"20146",0.256324669237005,0.000969599162307149,3.53799939851731e-05,0.742577071354276,9.32802524265531e-05,4
"20148",0.00167287868296531,0.632615597584827,0.347156854912681,0.0185546688193461,1.804793902736e-13,2
"20150",0.00247661175067626,6.86079528374193e-07,0.546529227401186,4.34071514181622e-06,0.450989134053467,3
"20152",0.00536714301038979,0.795087821805062,0.194863326485002,0.00468170449059828,4.20894759320589e-09,2
"20154",7.23881250421978e-06,2.75681023553026e-05,1.06986752705779e-42,0.999965193085141,1.75158033747109e-36,4
"20156",0.805998348132657,0.109016183677002,1.18040161070496e-10,0.0849854497960468,1.82762541057274e-08,1
"20159",0.00096727230968375,7.9959824772667e-06,4.56702431790237e-07,0.00144282449799376,0.997581450507413,5
"20161",0.993206098805129,1.77599887044023e-07,2.20950969043282e-09,0.00491578829449403,0.00187793309097986,1
"20163",0.000203489378870617,0.65336301316788,0.000377434345091092,0.346056063108159,2.22060183382998e-28,2
"20165",0.989477828670024,0.000877606827678015,1.84089212262807e-16,8.31512436791691e-05,0.00956141325861896,1
"20167",0.000667849301335209,0.117169916252823,0.881783635431554,4.65002016575078e-05,0.000332098812630153,3
"20169",0.0014041036548021,3.9651809981616e-12,1.78258600254889e-08,3.23883427747473e-06,0.998592639681095,5
"20171",9.22312877752262e-06,6.23234401654745e-09,5.05751628333114e-55,0.999990770638878,1.50749573404409e-40,4
"20173",0.999999962543078,8.83938565250581e-11,8.467392188473e-27,3.7368520024264e-08,8.46032865019251e-15,1
"20175",0.00690071384572468,0.410734394116617,0.579233059683005,0.00287568265190554,0.000256149702748378,3
"20177",0.984254936585622,0.0157191240554379,3.3621061230045e-18,2.59393589399227e-05,6.56734179490919e-18,1
"20180",0.00802866846887575,0.971207569359674,4.12975352790728e-26,0.0207637621714503,2.78548587792007e-56,2
"20182",0.560828424817591,2.56842111977017e-25,1.3840529649479e-19,0.43917129070231,2.84480099758027e-07,1
"20184",0.00562210896411679,0.000140274756557976,0.000898863555383187,1.22384683823175e-05,0.99332651425556,5
"20187",0.999895747778005,8.35965821813917e-07,1.68629807151666e-10,0.000103416084302348,3.2410862321471e-12,1
"20189",0.12313109954571,0.876868567321964,1.12676096017452e-09,3.32005564922461e-07,4.9174177365735e-23,2
"20192",0.0526153917696087,3.28869001464713e-05,2.17051699077339e-30,0.947351721330245,1.46437765122202e-52,4
"20194",0.999697611612442,1.84208084551733e-09,9.37430182970944e-06,0.000285151883696636,7.86035995061721e-06,1
"20196",0.00385916814697002,0.581705824842127,2.48062684075928e-34,0.414435007010903,1.99922117243282e-42,2
"20198",0.0424286927659233,0.407129426846983,0.000102654555467475,0.550339225828885,2.74081327075014e-12,4
"20204",0.000390710021141937,0.000156358499395881,0.873214099315799,0.000242388675421133,0.125996443488242,3
"20207",0.0144345440119477,0.436526405292004,5.10280787848619e-29,0.549039050696048,3.20961223784287e-22,4
"20209",5.64618370818745e-07,7.97648325410494e-06,9.70998407282734e-09,0.999991449188391,1.25641264556646e-41,4
"20211",2.18908749610249e-09,3.64025992369922e-05,1.14792907718438e-26,0.999963595211676,2.99811611658621e-42,4
"20215",0.0265965445674434,0.963642481329727,7.82531190623696e-15,0.00976097410282192,3.61256744636466e-27,2
"20218",0.000350382518506407,2.68143044995096e-07,0.00873723547565118,9.69943257018328e-06,0.990902414430227,5
"20222",6.22905823240966e-05,0.491785854733953,1.77971397100104e-20,0.508151854683723,2.58826658203302e-23,4
"20225",0.000928509156010045,1.90703392968657e-05,0.00815040809679781,0.99090201240478,3.11540053327677e-12,4
"20229",0.0745136112735074,0.00606307567535863,4.7103799879436e-09,0.919423308340754,2.00074650317642e-28,4
"20232",0.00526700911005304,0.927707611475454,1.1114705754707e-10,0.0670253793033456,9.13145381056969e-20,2
"20234",0.000268096926323207,0.000254594787912665,1.02806535886131e-64,0.999477308285764,5.6007772468216e-79,4
"20238",0.149117961643921,0.848892768752833,1.82085554950639e-20,0.00198926960324577,1.40292858120982e-23,2
"20253",0.142033732185598,0.84374405336182,3.16103231855779e-27,0.0142222144525818,1.21777922990802e-34,2
"20255",1.18259005850125e-06,0.0219916102881531,0.973546929782213,0.00446027133324247,6.00633268345127e-09,3
"20258",0.00282841149749962,0.996595466311885,5.14016562128669e-24,0.000576122190615707,4.62631585933145e-36,2
"20269",0.0568064662599952,0.943187185166249,4.11172898685285e-13,6.3483730008242e-06,2.0034355442773e-10,2
"20271",0.461742895882693,0.537957207031999,5.39796683338748e-26,0.000299897085307798,8.61440938949396e-44,2
"20285",0.999897958758413,2.1088711400348e-05,1.00290862993061e-10,8.09524298671538e-05,2.8192263958261e-14,1
"20288",0.0178955398392436,0.97413130493183,2.81401421568734e-14,0.00797315522889875,8.53321490721272e-23,2
"20291",0.0248445212569765,0.27158348382859,1.28363020841025e-31,0.703571994914433,4.58411054163689e-32,4
"20295",0.994500318405259,0.00549818482639331,9.40662151799205e-16,1.49676834649755e-06,2.37216748040008e-19,1
"20298",4.55377133523655e-05,0.00203273472854995,0.997605189521879,0.000316463998608495,7.40376106915135e-08,3
"20302",0.268955964977563,0.00337274376235313,0.000664005254699337,2.9751404237682e-05,0.726977534601147,5
"20305",0.000140979250978788,0.000864914388036113,0.99871293659358,0.000281169766901153,5.03802261714933e-13,3
"20307",0.0169778507049039,0.98040513377265,1.3244928081831e-27,0.00261701552244616,9.64828343009204e-31,2
"20310",0.527648303324829,0.413612833092772,1.10667040722883e-52,0.0587388635823992,5.94904895449846e-53,1
"20313",0.0492653265898858,5.47857166967477e-12,2.51192768202848e-10,2.82807428035165e-06,0.950731845079162,5
"20315",0.00956780987436685,0.990027308746705,7.65179164334299e-23,0.000404881378928045,7.38388285668283e-31,2
"20319",0.00044286852233338,0.0284987668374323,2.41851830843801e-34,0.971058364640234,2.2807812199979e-51,4
"20321",0.15711078180816,0.840540851378531,1.56560941324167e-27,0.00234836681330884,2.37064442933908e-30,2
"20327",0.032733651858133,0.967263122869225,8.75570881887739e-26,3.22527264206839e-06,5.58043344122577e-31,2
"20329",0.999996897733137,2.01950758561281e-12,2.73168857954998e-06,3.62591622760784e-07,7.98464147801970e-09,1
"20335",0.00555808085745653,0.686761811756386,4.71228013981686e-36,0.307680107386157,1.34412917984657e-31,2
"20337",2.86501609168085e-05,1.85275993063465e-05,0.000130434734274638,5.79693665243104e-05,0.999764418138978,5
"20339",0.000164250534401111,1.32931763595686e-07,9.61943634697801e-21,0.999835616533835,1.08323795245594e-49,4
"20341",0.000700217468203508,5.69173980230594e-07,8.62370809166406e-39,0.999299213357816,4.36775245365885e-24,4
"20343",0.963923359040505,0.0243285548580047,5.43052881124273e-40,0.0117480861014901,9.7616486587075e-24,1
"20345",0.0226712471693766,0.956451449777931,0.016788020368841,0.00408928268385173,1.09153575061569e-21,2
"20350",0.0103940964489246,1.03216035554058e-06,2.55079017506924e-23,0.98960487139072,4.4985252903739e-21,4
"20352",0.00152909590167238,5.76678520174297e-10,3.12856411225221e-08,6.70524489224182e-07,0.998470201711519,5
"20355",0.989442646458923,3.39301846596301e-05,8.66623032911017e-11,0.00279843184175149,0.00772499142800363,1
"20358",0.99811000793417,2.76404616160619e-10,0.00188972438382712,1.70537308534887e-07,9.6868289330859e-08,1
"20363",0.0403997706243275,0.9593945313922,2.3244890223491e-21,0.000205697983472492,5.68228153479245e-27,2
"20365",1.20863818502798e-06,0.174846708643796,1.28228446535448e-16,0.825152082718019,2.55514008884165e-32,4
"20379",0.00016451347382539,0.0898505419029001,0.0725353311652493,0.837449301886981,3.11571044625481e-07,4
"20387",0.00327667227889903,0.994113214767,1.15266089624119e-17,0.00261011295410141,3.48920622640033e-24,2
"20392",4.00860888324738e-10,3.32312545789604e-05,2.77578838599512e-32,0.99996676834456,2.75119789090194e-55,4
"20395",0.00706621930829642,0.562967423479941,0.364363307472129,0.0655934587917091,9.59094792494922e-06,2
"20397",0.999998582368378,1.79329961035279e-22,5.50394204127925e-14,4.05737220604376e-09,1.41357419484934e-06,1
"20410",0.00756623088528093,0.992097632611379,4.1847207936767e-13,0.000336136502922053,1.87188784751670e-38,2
"20414",0.0363474818385049,0.0600712010011759,0.89711926618579,0.000522271620523182,0.00593977935400611,3
"20417",0.000316511896896569,2.65180656747373e-13,2.14665932251477e-85,0.999683488102838,3.30512411306373e-97,4
"20419",0.111521610765655,0.888478208689563,7.59989612576226e-30,1.80544781803568e-07,4.03988196351289e-30,2
"20421",0.0239269994837485,0.00850035312638904,1.86103884590141e-05,0.967144593955765,0.000409443045637936,4
"20423",0.000320669532495032,0.00358401147644893,0.940652471864896,0.00930973093867388,0.046133116187486,3
"20425",0.0794282028394236,0.045206991356138,0.359181258108126,0.149246817768604,0.366936729927708,5
"20427",0.00833764078143801,0.988056415710435,0.00101504851341934,0.00259089499470804,5.26816356805789e-18,2
"20429",0.999646163320185,0.000183259602133927,3.28992928873039e-32,0.000170577077681195,2.66172846563556e-26,1
"20432",0.135943248104137,0.000112880262174788,0.821991567020694,0.000318415179255184,0.0416338894337389,3
"20435",0.0119282643981927,0.769969871532702,4.62635563821998e-08,0.218101817805549,2.61075138177196e-26,2
"20438",0.607651466666952,0.391957076661058,8.02326852377098e-21,0.00039145667197795,1.23686394325107e-14,1
"20440",0.0483607242829385,0.951636133058598,2.97055340750241e-27,3.14265846324377e-06,1.35017424950666e-21,2
"20443",0.570887837448797,3.74628742827166e-07,9.97173710268299e-12,0.00203988185755799,0.42707190605493,1
"20446",0.430482513398263,0.569294824837465,8.73913287057582e-10,0.000222660889823586,5.35652573274155e-13,2
"20449",0.0527917184308146,0.942537804978805,3.2644030597769e-10,0.00467047626394027,1.57167011078153e-21,2
"20537",0.0307673224141572,0.49932828687145,2.68526597091091e-21,0.469904390714393,2.38089970847618e-23,2
"20540",7.30586277727137e-10,2.62576806129875e-06,3.47281244045944e-40,0.999997373501352,1.34163180737655e-60,4
"20543",0.0140908605194791,0.985624447906563,6.11004421591502e-07,0.000284080561136472,8.39932083471933e-12,2
"20545",1.29538131003736e-10,2.05512471385828e-06,2.41228048456125e-30,0.999997944745748,1.8112529713155e-40,4
"20549",0.000952497463124711,0.949945559028272,0.0388002298954402,0.00798356000055749,0.00231815361260508,2
"20551",0.0119511283217973,0.985811184663315,2.36154944676675e-09,0.00223768374536911,9.07968562184023e-10,2
"20554",0.00375546075372263,0.996201569375372,2.59014414583898e-13,4.29698706454655e-05,5.83066153176669e-16,2
"20556",0.000171034839588481,0.505973246113561,4.2308493398638e-08,0.493855676738355,1.8011365990589e-15,2
"20558",0.0018552384526626,0.99613287376844,5.74463725464079e-24,0.00201188777889764,4.90256851666081e-26,2
"20560",0.0709944299235384,0.928985987659486,9.7387436377817e-10,1.93985580514235e-05,1.82885050174602e-07,2
"20563",0.0162472047822454,0.979398198268536,1.02280881620039e-36,0.00435459694921889,1.58039538101093e-32,2
"20565",0.0201069780915694,0.919284534370259,4.03535349475736e-12,0.0606084874403736,9.37623823365559e-11,2
"20567",0.0414385613079257,0.000114846618743308,0.0558140202697927,0.00264457348958999,0.899987998313948,5
"20571",0.137442122821291,0.00163860629445169,1.73637716592293e-32,0.860919270884258,2.25203271923795e-38,4
"20573",0.058948488907708,0.940607226779187,3.06829883851077e-10,0.000444283707675441,2.98600053307757e-10,2
"20575",0.345792801874422,0.654206796074199,6.26384270002141e-30,4.02051379844662e-07,5.30033404349294e-32,2
"20577",0.0328263955753405,0.966536970485862,1.43902363416054e-06,0.000635194915163217,7.07711313149512e-18,2
"20579",0.177336336356032,6.28012602476292e-15,7.88559476711044e-08,1.34787456277078e-08,0.822663571309268,5
"20582",0.00844396535502169,0.991142842782575,2.2843816176733e-35,0.000413191862403341,2.52075866285229e-39,2
"20585",5.44116489427417e-07,0.0985599541004269,3.22552303852768e-14,0.901439501783051,2.0095016519321e-35,4
"20588",3.49766643968256e-06,2.26216182205998e-05,4.05357774409525e-20,0.99997388071534,9.92983171541328e-25,4
"20590",0.0109050162994348,3.20367613745024e-11,0.00123206739397771,2.33902827047984e-08,0.987862892884268,5
"20592",0.0544959394121249,0.945436186150704,1.32476287454075e-34,6.78744371706767e-05,1.73429615499464e-25,2
"20594",0.00613783558220653,0.993558640497551,2.97892464332609e-34,0.000303523920242867,1.43268483577641e-45,2
"20596",0.0710610401350898,0.928936577608292,7.98481870013079e-13,2.3822553493273e-06,4.71006823047412e-13,2
"20598",0.00871292202488857,0.989863503028547,1.26709579753788e-09,0.00142357367942615,4.29209318240589e-14,2
"20600",0.000858736108632964,0.247438628485188,2.10162835612582e-08,0.751702614386736,3.15943305554801e-12,4
"20603",0.000263180646688639,0.0119752245872377,0.206694333527405,0.781065163334657,2.09790401136448e-06,4
"20605",0.00677791285776059,0.987172194532205,2.01970718182627e-20,0.00604989261003467,1.32948634269903e-35,2
"20607",0.0209365764865259,0.978761469861196,9.65760851332247e-15,0.000301953652268842,3.65114755983719e-22,2
"20609",0.00111140517197307,0.998462751889844,7.56833361532268e-12,0.000425842930613962,1.0802473592043e-18,2
"20611",0.000537157608630597,0.000244327868899203,0.999152738522585,5.98565731606414e-05,5.91942672522013e-06,3
"20613",0.000235453218293543,0.997459234439219,4.73497937250821e-05,0.0022579625487627,3.0995918406001e-21,2
"20615",0.0015387587922289,0.937274186236409,1.38235967727119e-05,0.061173212556667,1.88179230433482e-08,2
"20617",0.0150603230112783,1.10615968689936e-08,4.07904717716999e-09,0.000103662969245973,0.984835998878832,5
"20619",0.168834961818863,0.831129826646622,1.80737608160983e-29,3.52115345150934e-05,2.91784735497263e-23,2
"20621",0.078629422805019,0.9121021700574,1.13560049508048e-11,0.00926840712618602,3.89959010904276e-14,2
"20623",0.687528546719769,0.000160531575109794,1.74361476954006e-07,7.10421197244809e-06,0.312303643131671,1
"20625",5.95987877036325e-05,0.000535248523322503,0.00341345148597008,0.995991691264175,9.93882849563452e-09,4
"20627",0.0147622635484886,0.984780380581637,3.03215843747789e-06,0.000454323711437638,1.93283535180596e-18,2
"20629",0.010814522183023,0.983111861271725,2.18271567395082e-08,0.00607359437413113,3.43963685603546e-10,2
"20631",0.228615515417565,0.771259401243675,1.84832090015069e-34,0.000125083338760143,2.70097466042764e-27,2
"20633",0.00798238563537437,6.89144611684357e-15,1.3707375679488e-10,4.69881452276135e-08,0.9920175672394,5
"20636",0.865750450915593,0.00705648317542897,0.012489673247901,0.114686918231395,1.64744296819943e-05,1
"20638",0.0613935686392253,0.173681722660628,2.79617350285007e-08,0.764924680738411,2.90694721087414e-31,4
"20640",2.30698741560351e-05,0.702191488984966,1.04444743576281e-18,0.297785441140878,1.18788543991408e-40,2
"20645",0.00323016162948144,0.979392625558775,4.3304838447849e-39,0.0173772128117437,5.57775401710635e-48,2
"20647",0.0354048621802692,3.67098756886265e-13,2.31968591015939e-15,1.37951739451486e-05,0.964581342645416,5
"20649",0.000163993621971047,0.835089673368214,5.75820866941141e-13,0.164746333009239,3.41359727558919e-21,2
"20651",0.999794282025903,0.00020354455324481,3.15788596940564e-47,2.17342085191171e-06,2.7117691174479e-34,1
"20656",4.56481118621329e-05,0.17001144552054,5.51917600025387e-28,0.829942906367598,2.38112100668272e-37,4
"20660",1.46398637588781e-06,1.15791687491355e-05,1.00505663691535e-25,0.999986956844875,4.89563181003742e-51,4
"20662",0.974692933211999,5.21918766225366e-08,3.48898267489896e-07,5.43572896593899e-08,0.0253066113405675,1
"20664",0.995492633707933,0.00450627121938735,9.59703919121892e-21,1.09507089311649e-06,1.78622225930661e-12,1
"20666",4.07128502173602e-09,0.000302774711586321,5.63283138562378e-05,0.999640892903273,6.23696959255442e-29,4
"20668",0.00093020622382928,0.00036895087367683,0.998322110011184,1.44329536704218e-06,0.000377289595942345,3
"20670",0.953124095159258,0.0468696856436726,1.75717377983019e-27,6.21919706959438e-06,6.75731222411961e-41,1
"20672",0.000154204681076164,0.000203385025435991,0.66385183785092,0.00047375868457695,0.335316813757992,3
"20674",0.109924576924173,0.890056039856504,5.11496812292924e-08,1.93320696387829e-05,2.87063709502968e-15,2
"20676",0.766813505449645,5.14008073552106e-10,0.232120781986567,0.00105354073263898,1.21713171411956e-05,1
"20678",0.718777088537048,9.71601581060296e-12,0.280900791144083,2.18393088071779e-07,0.00032190191606545,1
"20680",0.00121499594214932,0.0307737851695207,0.961958017339256,0.000160785787069359,0.0058924157620048,3
"20682",0.53082954497094,0.235633474124543,0.233065673151892,0.000471307715436414,3.71884608909961e-11,1
"20684",0.982791588390864,0.0171430035931262,1.57014602489456e-13,6.54080158524456e-05,4.83121652883668e-33,1
"20686",0.000161620133083406,2.8767750193341e-07,0.000872603919317563,2.88806248573158e-06,0.998962600207611,5
"20688",0.998261516552414,3.06622965029788e-16,1.355639688331e-05,1.21933326119979e-07,0.00172480511737649,1
"20690",3.74655102040079e-06,0.00320399770467288,2.17146199848755e-22,0.996792255744307,1.87886298138267e-51,4
"20692",0.0284927986868975,1.38904713541997e-17,5.78007605001858e-09,4.33033878725926e-09,0.971507191202688,5
"20694",0.000120083850161828,0.000756070243578104,0.998972280732238,0.00015121858172891,3.46592292829218e-07,3
"20696",0.0781894676362146,0.0292714976681806,0.892498266425505,3.89606218111224e-05,1.80764828813386e-06,3
"20698",0.209524811397986,0.486549920070687,2.98820673595985e-12,0.303925268527927,4.11586715314119e-13,2
"20700",0.997498792667999,0.00246271753549164,3.71083161747866e-22,3.84897954058091e-05,1.10383009426092e-12,1
"20702",2.88303086648853e-05,0.00791037530403996,5.11403759910996e-35,0.992060794387295,5.21185462940018e-54,4
"20704",0.00204441399789146,0.994545235195223,1.94335950483155e-07,0.00341015647093413,9.62815573727201e-16,2
"20706",0.999563218070048,0.0001668151309372,4.77785435725019e-10,0.000269966321139606,8.94783148570501e-14,1
"20708",0.126584896195397,6.21886019097392e-08,0.873414092455793,9.3680062451619e-07,1.23595833208152e-08,3
"20710",3.17225779151629e-05,0.428629493425531,3.24346111658805e-12,0.571338783993311,1.97285547876954e-34,4
"20714",0.0661895337079152,7.64517314287115e-06,3.36500113319415e-05,3.98128375465499e-06,0.933765189823855,5
"20716",0.0661344786473802,0.933462231386264,4.2442003003055e-12,0.00040328996211166,9.78473060632155e-26,2
"20719",0.996953464611358,0.00292548094237483,1.2574596732983e-10,0.000121054320520865,4.76862878775749e-22,1
"20721",0.102150811998752,0.897781930346026,3.71791907447968e-36,6.72576552227562e-05,5.77252998205368e-29,2
"20723",0.999996193995472,9.59659997784861e-07,2.55309067624136e-19,2.84634453024487e-06,1.38820228601738e-30,1
"20725",3.57591517516641e-06,0.0283806156443711,0.971002483229018,0.000613323426534389,1.78490121150974e-09,3
"20727",0.577725883367589,1.95815595635512e-13,2.38437803891398e-09,0.422166266217394,0.000107848030442783,1
"20729",4.70819769799583e-05,4.68558293714818e-05,0.999883786549307,2.22756426576565e-05,1.68356446757449e-12,3
"20731",8.42793769186938e-07,0.00219652134653721,0.996589467520595,0.00121316832089999,1.81981551128017e-11,3
"20733",0.042075526019474,0.890056028080267,6.2757918627786e-09,0.067868439624467,2.09020476305129e-27,2
"20735",0.000444238266380551,0.983535330869861,0.000150930041271696,0.0158695008224864,1.6243353481843e-20,2
"20737",0.00602989932994567,7.70614383711457e-07,0.993950226663687,1.3950858286622e-07,1.89638834005421e-05,3
"20739",0.00366417637465999,3.248704856947e-14,2.53974293992783e-07,1.97159554606377e-06,0.996333598055468,5
"20741",0.000798119103057288,0.136065995168454,0.862202467409733,0.000529154253717607,0.000404264065037902,3
"20743",0.0293988488683365,0.277003518797108,0.692973037419848,0.000624580931283136,1.39834241541683e-08,3
"20745",0.00790059296054265,0.990182096680951,3.74514522725747e-32,0.00191731035850632,2.40945047013309e-33,2
"20747",0.000641745538163431,9.50267679826766e-05,0.998781220968506,0.00047804070236109,3.96602298661936e-06,3
"20749",0.000754272494013003,0.000115749090207557,0.996664176723125,0.00221932134641966,0.000246480346235017,3
"20751",1.0093004593642e-05,0.000218228804202099,0.0483634488600595,0.951408229331145,4.27453464879772e-22,4
"20753",0.000445122979619081,0.00560183973111341,0.992986961825479,0.000966075463787705,1.65173127237626e-16,3
"20755",0.999296578606094,4.1966722913388e-12,0.000703203812863947,2.17576534664069e-07,3.10745652216976e-13,1
"20757",0.999999535484974,5.73157326473479e-08,3.17563282120076e-13,4.06952520263573e-07,2.46455144837326e-10,1
"20759",0.750963937670806,0.24903583936327,4.2507167953968e-24,2.22965922424774e-07,1.88684905483726e-15,1
"20761",0.000751052907700347,0.668715040161572,0.330391942598498,0.000141249188503349,7.15143726357602e-07,2
"20763",0.0392276544423732,0.690811416205482,1.04733057129898e-05,0.269950456038262,8.1691886191912e-12,2
"20765",3.0243391237739e-05,0.0477946468886646,0.947300443657568,0.000787457842295469,0.00408720822023376,3
"20767",0.21529230698203,0.784656138310065,8.38777441147787e-13,5.15547070664649e-05,2.19478412093146e-27,2
"20769",0.00160273579243866,0.0149324619793169,2.00028550237368e-18,0.983464802228245,1.34097742436879e-61,4
"20771",0.0806785364646314,0.911156569044588,0.00546677880280481,1.10477788705646e-06,0.00269701091008908,2
"20773",0.99999711862216,8.16715737304263e-11,1.58896768169685e-12,2.88129457963218e-06,2.45923033171949e-21,1
"20775",0.00362279018749611,0.684621409051066,0.255250749623321,0.0565050511381152,8.81479155060937e-16,2
"20777",5.29859568258642e-05,0.000150677876785092,3.42438276033536e-12,0.999796336162965,4.22637388545319e-36,4
"20779",1.227454404299e-05,0.0277677482511506,0.971729746727007,0.000490230477795996,3.30605541841489e-15,3
"20781",7.93346754154391e-07,6.10730104279847e-25,2.0639307768354e-30,0.999999206653246,2.3646654351043e-35,4
"20783",0.0196580024710154,0.877138305644386,0.101215112783566,4.76382605531865e-05,0.00194094084047934,2
"20785",0.999993592392492,2.60409747890551e-17,3.78995362455852e-16,6.40760743207161e-06,7.58909527392593e-14,1
"20787",0.00232034000528634,0.00197262616150663,0.995385078699067,1.69326820972418e-07,0.000321785807319389,3
"20789",0.00429383273892341,0.995558773787232,2.43487533838476e-05,0.000123044720460438,4.30216931086665e-22,2
"20791",0.000112423155493992,3.03361200253982e-05,0.999695320690044,1.86150804527694e-05,0.000143304953984036,3
"20793",0.0028480329665328,0.963780012850859,0.00226833889378136,0.031103615288827,2.27010055147089e-21,2
"20795",0.00671135480291422,0.00265312311188301,0.0079365603455207,4.93095134499418e-05,0.982649652226232,5
"20797",8.23371619177451e-06,8.12346684593914e-20,2.88067997799794e-20,0.999991766189613,9.41949470196036e-11,4
"20800",2.20284554621491e-05,0.00142704078116155,0.00416642027466229,0.0032230462624044,0.99116146422631,5
"20802",0.000490689250363808,0.165409010074236,0.819196059119867,0.000557885785627477,0.0143463557699057,3
"20804",0.000960827962315996,4.44340619844014e-06,0.999032723220508,2.00526874137564e-06,1.42236460504507e-10,3
"20806",0.000648058696339783,5.44168233837714e-06,0.123101670585699,1.47651577135653e-05,0.876230063877909,5
"20808",0.0121521760745624,0.987723499052438,6.1439606200841e-10,0.000124324258603478,5.25934859991044e-28,2
"20810",0.88835056242314,0.023034062905719,0.0884061964684133,8.52842798328802e-05,0.000123893922894972,1
"20812",0.000505126657880326,0.071022688628837,0.724288090381849,0.20418083794825,3.25638318438654e-06,3
"20814",0.2256063258498,1.60136703833142e-10,0.774390542454225,6.94305950235368e-07,2.4372298876112e-06,3
"20816",0.977764354861411,8.4529901467423e-05,1.33559341122474e-25,0.0221511152371219,1.06337608244628e-56,1
"20818",0.00226483338108693,0.906221960494135,0.0698398857736458,0.0216370878922522,3.62324588804931e-05,2
"20820",0.0559783804632462,1.89959414950681e-14,3.82094552198314e-13,1.29198835189463e-05,0.944008699652834,5
"20822",0.000122665620116498,0.060364960565941,0.93936176169251,0.000143879728285269,6.73239314744819e-06,3
"20824",0.999998014771657,9.98322132096604e-19,7.87611665114349e-15,1.98522832191915e-06,1.32577090480118e-14,1
"20826",0.000161144620224957,4.65403665755426e-09,2.26106357278284e-05,1.37562398484463e-06,0.999814864466026,5
"20828",0.0082257035491654,1.6243731591049e-13,1.40471009898354e-11,1.86076613724072e-06,0.991772435670488,5
"20830",0.0010032066731193,7.66562203878656e-05,0.998846402301456,7.37340014266973e-05,8.03609952496771e-10,3
