"","V1","V2","V3","V4","V5","V6","V7","V8","result$classification"
"19811",0.00170405039850159,0.0287621940020153,1.98279076430375e-05,1.23506702145567e-07,0.000346675328538294,0.968774217373854,9.11527668418487e-10,0.000392910571217954,6
"19813",6.05893376047283e-07,0.999988007546212,4.76606991092789e-08,1.75451877095042e-08,9.78897729473286e-07,1.03208304890946e-05,9.15942852021441e-12,2.16171469602325e-08,2
"19815",0.0368080932774993,9.59572236380789e-07,0.00159793040858472,1.35294314945763e-05,0.0118770142325803,0.949659235977724,3.68789149323968e-05,6.35818494833495e-06,6
"19817",0.00406553226435552,3.30706602185185e-06,0.000101825604015008,3.04643694280243e-07,0.00292657219078537,0.992583671594396,2.643683328174e-07,0.000318522268399006,6
"19819",2.01229806324956e-05,8.28056622318835e-11,6.13116856109716e-05,0.219497160993181,0.114612604603171,2.38523791940506e-06,0.665806299080571,1.15336107669175e-07,7
"19821",0.000522566073046467,0.00937408770008063,8.41219131374703e-07,1.21796246319136e-05,0.00514173762980016,0.972614064595059,9.54547581181364e-09,0.0123345136127748,6
"19823",0.000493119078201893,8.49935547765423e-07,0.582270495125648,1.34647076879764e-06,0.00242234449489444,0.413527302172096,0.00122554161498457,5.9001107858688e-05,3
"19825",0.00332176071577295,0.00309543878762754,7.20434691446328e-06,0.0839088081529775,0.00835468470640571,0.00070366539562325,0.000104117936495184,0.900504319958183,8
"19827",6.33286780797204e-05,2.42261735869558e-07,0.000294788036002872,2.26879441256158e-06,0.00336327178486782,0.644935134947443,4.24362921104244e-06,0.351336721868247,6
"19829",0.00022565967567544,1.72874522820994e-06,1.05962884826387e-07,0.0970234926527605,0.896844172727375,0.000343483306850046,0.000128292921719709,0.00543306400750604,5
"19831",6.1825731012461e-05,3.64917190988886e-07,0.00205496733778568,0.0960448536530188,0.778890362713958,1.91063093533989e-05,0.122928346222504,1.73115176621404e-07,5
"19833",0.00158346681349753,1.8889500309384e-06,0.842496641086927,1.7425645060273e-05,8.9595279774312e-07,2.43548028833589e-07,0.155879156674981,2.02813286769088e-05,3
"19835",0.000522566073046467,0.00937408770008063,8.41219131374703e-07,1.21796246319136e-05,0.00514173762980016,0.972614064595059,9.54547581181364e-09,0.0123345136127748,6
"19837",9.05293261152227e-05,1.62577340593076e-06,1.9651930382946e-05,2.83720999998995e-06,0.0176093215498994,0.962883207479565,3.87517460894958e-07,0.0193924392131702,6
"19839",0.00172106089156468,0.00157592666246291,7.6890349429988e-07,0.276759071963974,0.688400809492297,0.00123311506887804,1.37265304540253e-05,0.0302955204868759,5
"19841",2.96876051151774e-08,2.46355494759375e-05,1.81579449482316e-09,1.99683717431669e-06,1.54717850496274e-06,5.7092779762163e-06,1.92511907916873e-09,0.99996607772835,8
"19843",0.00239674479375214,0.0112552067852398,2.04293902645659e-07,0.957233522531496,0.0290854235637186,1.71044844313456e-06,2.7180015974498e-05,7.56747319561802e-09,4
"19845",0.000174636771178964,0.929701601176674,1.88978041161503e-05,2.37436848316603e-08,1.45173531176122e-05,0.0700838313772949,3.17464755940999e-10,6.49145646878494e-06,2
"19847",0.0345155952306986,0.00678016285320316,0.000607075550667904,8.51751102897834e-05,0.0523066858829485,0.905693708850728,3.39237559691455e-06,8.2041458673591e-06,6
"19849",1.34336453740304e-07,0.999966508906162,6.17509500210412e-08,1.43959943497697e-09,1.15599667339421e-07,3.3124756044781e-05,1.82618998077624e-12,5.32092959225684e-08,2
"19851",0.00120834182706339,8.77758762194438e-06,0.000310937703861004,9.51960155128197e-08,0.000609698021023745,0.997848328771706,1.76654380261296e-07,1.36442383277456e-05,6
"19853",0.000110056288277736,0.00773033127077411,0.0734548134149171,1.20584656413421e-09,9.43558709498946e-06,0.918547252384874,9.74632978917405e-08,0.000148012384918079,6
"19855",0.000165361825394494,0.000444150343385111,0.000422642946968167,4.06489305054305e-09,0.00014368710785392,0.997289538078781,1.32924760592504e-08,0.00153460234024806,6
"19857",0.010878610349354,0.0140924818731122,4.92569012610063e-06,7.78940129436545e-05,0.169676569505259,0.790473703126755,6.3917554985261e-08,0.0147957515248955,6
"19859",0.00368300023572341,8.67899228165579e-06,0.000633795078561164,4.35606021369895e-06,0.0299173560939157,0.956136494671104,3.94133893832496e-06,0.00961237752926238,6
"19861",0.000681472464104535,0.101412917513922,0.000134211478606549,1.18066041861235e-07,0.000367084207329943,0.897388596516768,3.98956928049874e-09,1.55957636581503e-05,6
"19863",2.46338365768225e-07,0.994607619060434,2.82499676876354e-08,5.38700747242011e-09,3.1653523070763e-08,1.58287804473437e-05,3.6516927590446e-12,0.00537624052660283,2
"19865",3.40557554527151e-06,5.60493086491862e-07,2.75098618833072e-08,4.61271822038831e-08,4.0948895753118e-06,0.00184616746338149,8.02206707758774e-10,0.998145697139161,8
"19867",0.0152236893732044,0.00503162284185948,0.000263797709115212,9.54850997218707e-06,0.00420372679423704,0.9752659832471,5.29399271829789e-07,1.10212523948128e-06,6
"19869",1.22878903388027e-06,0.992815017491458,6.23679183233944e-07,1.01412752568979e-09,1.02116847093636e-06,0.00715927603587549,4.10809109449982e-12,2.28318177428539e-05,2
"19871",0.00115922428025422,1.18618791229303e-06,0.000186704169734527,1.12188977275333e-05,0.0908941777776227,0.872881748244364,6.95919795972759e-06,0.0348587812444256,6
"19874",0.000489416283387329,2.63258966561733e-06,6.74738157211648e-05,1.06524593494317e-07,7.61442849312532e-05,0.243040030415053,1.20001708782987e-07,0.756324076084939,8
"19876",1.74908082992254e-05,0.000147830603083595,1.02288173654084e-05,4.69961317406918e-09,3.50175774095098e-05,0.860418625849537,7.70057656082084e-10,0.139370800874634,6
"19878",0.997276864883881,2.1852099366904e-06,1.11616531881828e-06,0.00235403986771152,0.000162569453917176,0.000184618758322898,1.73984881534446e-05,1.20717275831749e-06,1
"19880",7.89603141317845e-08,6.55532443563052e-06,8.3563679778053e-08,6.86241091571023e-10,3.08402671209621e-07,0.00148225332470181,4.90755934769459e-11,0.998510719688881,8
"19882",0.010059523130796,0.189254109189506,0.000190241066642202,2.53399521566765e-07,7.22182293718885e-05,0.799831823639575,1.01270480814558e-08,0.000591821217539059,6
"19885",0.00982776239753548,5.18520200163109e-06,6.73900650129575e-06,3.51056429857619e-05,0.101573653440481,0.888228021565346,6.11937862824024e-07,0.000322920807285867,6
"19907",0.0152169653356464,0.0512729846885426,6.40094932250487e-05,3.07590785821796e-06,0.000903327735091426,0.932532722423297,7.12812307278734e-08,6.84313510897889e-06,6
"19909",1.20014642933978e-05,2.6887126032368e-05,1.57163488871413e-07,0.0111629818023074,0.988212297382948,0.000580121004880413,4.94897796885147e-06,6.05078080513493e-07,5
"19911",0.000163378038861964,4.23404929689008e-06,1.29447450486316e-05,0.02073732913689,0.970380075032312,0.00224466046686813,0.00012766453654338,0.00632971399417846,5
"19913",1.53930718886902e-08,1.48372131885717e-07,2.13501156712091e-08,1.14802722018269e-08,1.26179680853572e-07,7.74621051467463e-06,9.87458773422569e-10,0.999991930026754,8
"19915",0.000155989917616571,1.00029367514773e-06,5.31731327687478e-05,5.55386273182082e-08,0.000144510985427727,0.715143203610679,7.95012727152257e-08,0.284501987019933,6
"19917",2.93639146293789e-05,1.16966226627178e-06,1.94053330439236e-06,5.20789978994014e-07,0.000116626149142309,0.00863312436231465,2.54810209259157e-08,0.991217229107343,8
"19919",0.00515950819795957,7.41027698601968e-07,0.000121471315112749,1.5045757111821e-06,0.00318631737479503,0.877104646682072,1.23511414224983e-06,0.114424575712508,6
"19921",0.0071803101031218,0.000135448523386116,0.000112233673274893,9.09668118374511e-07,0.00262304955612567,0.989944169628508,1.33225895056772e-07,3.74562156953996e-06,6
"19923",0.992819002249917,7.0486576812488e-06,0.000435096600338518,0.00016040040263054,0.000690656063157535,0.00580786680704588,7.98850859225161e-05,4.4133306806977e-08,1
"19925",0.000105767049279031,4.05516459086075e-07,6.02807749721564e-06,1.00458780650885e-07,4.7920205104037e-05,0.063709546669645,3.37839122119435e-08,0.936130198239323,8
"19927",0.000303292102230994,1.11745782100601e-05,0.0001479256073508,6.55745664442489e-08,0.00123995562693741,0.998227680412199,7.9030240977188e-08,6.9827068263997e-05,6
"19929",7.97335395934655e-08,0.444389225068903,5.57594306079032e-08,1.07695963188364e-08,1.99320591278132e-07,0.000137753671220836,8.23343489353333e-12,0.555472675668485,8
"19931",0.00120891218422555,4.06685036469106e-07,0.000220641122224001,2.95602158832572e-06,0.00794977645525575,0.99019299921777,2.6157427594954e-06,0.000421692571140576,6
"19933",0.000165128687973251,8.63826572449764e-08,8.70287539933355e-06,0.00665240195676104,0.943577637100837,0.0492178330186471,0.000201681322389915,0.000176528655335148,5
"19935",0.0228402001892942,0.000510320241722286,2.14830461644379e-06,0.00337714089102595,0.223004164124699,0.749423571966315,8.13156617791066e-07,0.000841641125708912,6
"19937",0.00447085394295931,1.22181537243598e-06,0.0014542874201345,9.81761943694175e-07,0.00327876094107319,0.990781315991448,6.05847088474647e-06,6.51965618448851e-06,6
"19939",0.287402047643587,2.64876657023854e-06,6.76926281131317e-05,6.43900086188176e-06,0.00175090537906463,0.710043082101101,3.47727689680738e-06,0.00072370720380565,6
"19941",1.25986322620918e-05,0.000141137770714635,1.16057177625319e-06,0.0958764005408666,0.867700619890992,0.00161400074386129,1.79419227347797e-05,0.0346361399267924,5
"19943",7.17848133202377e-07,4.07752110784088e-08,3.95831037292417e-07,9.56566123698979e-09,1.40276698935781e-06,0.000519468624271445,7.6357907375136e-09,0.999477956952906,8
"19945",0.00405124541249518,4.56195102437558e-08,2.76584925373146e-05,0.0200980769697417,0.964376855691934,0.0108334336644701,0.000604535708491904,8.14844081923287e-06,5
"19947",0.000257320232104406,0.0174459446045965,1.32739137344722e-05,0.00427376279414145,0.25441289926203,0.00469167304825495,2.10130185272652e-05,0.718884113126611,8
"19949",0.97227464000649,2.0205410050871e-07,0.000118918953098294,0.00270878161818408,0.00785507464524222,0.0162649968291686,0.00077703948052327,3.46413193183246e-07,1
"19951",0.0518520906671288,5.25562892345253e-06,1.65045250800368e-05,4.51065256635947e-05,0.00144821090343928,0.229614904051106,1.49994201645111e-06,0.717016427756642,8
"19953",0.00180494449618929,1.7261456880049e-08,0.0279599781061799,0.0276782093895555,0.0632450748686152,0.000158859247057383,0.879152901681913,1.49490328211234e-08,7
"19955",0.318172011985383,8.28477490818507e-06,0.00118758701158902,0.135951469232926,0.520668025211344,0.000278150646294074,0.0237333913130225,1.07982453347789e-06,5
"19957",0.000192507104371229,1.16685722427892e-05,0.00686732863072468,5.08569727415373e-06,0.0138348738210674,0.0544309029534033,5.15292142804099e-05,0.924606104006636,8
"19960",0.00542368342113808,3.08268648773405e-05,1.63820112006625e-07,0.255812483777885,0.73808079051097,0.000338461376551281,0.00011185938488729,0.000201730843579644,5
"19963",1.88908859926367e-06,2.0233101946372e-05,0.091193605040707,3.59864653349325e-05,5.6663845713676e-05,0.00010922902482244,0.00318637971002166,0.905396013722855,8
"19965",0.142734887670345,3.58999549956935e-05,7.54416165792832e-07,0.742974529384391,0.113871414390853,1.50141440624326e-05,0.000367493113742567,6.92544449541605e-09,4
"19968",3.47099652530275e-05,0.225601095750877,3.56765782027173e-09,0.000114530562900608,0.00147170536593095,0.0120824440704193,4.36902449590759e-10,0.760695510280059,8
"19971",1.01764023000803e-05,1.29823276546728e-07,1.75301274509735e-05,0.000189628093014849,3.65958502235163e-05,2.57494517685787e-06,0.000794927413094743,0.998948437345462,8
"19973",0.000559651166068116,1.57711551033337e-05,3.99797434029473e-06,2.92087152488252e-07,0.00148480812719732,0.996103950397499,9.06000738613373e-09,0.00183152003263224,6
"19975",3.74561451965063e-05,1.52507360578787e-05,7.19615501185705e-08,3.7880029267293e-07,0.00011745275624012,0.0254340231062304,1.02897491089685e-09,0.974395365465457,8
"19977",0.000463372490171254,5.23663965562886e-05,3.20308509812576e-05,7.29724164391299e-06,9.26437489031724e-06,0.000241118218482811,2.03537096970833e-06,0.999192515056304,8
"19979",5.7338552503696e-06,1.19348261868696e-10,5.76032665679008e-09,0.918057930832321,0.078895333641198,1.00930702518119e-07,0.0030405616362734,3.33224579944796e-07,4
"19981",0.00096444084498033,0.000485927337447522,5.00278284769251e-05,4.35416343543197e-05,0.480491869545123,0.517778292820091,6.5998388867219e-07,0.000185240005637894,6
"19983",0.388572542170608,0.000383616897685384,0.000105623918690407,0.000227974672207468,0.247874029465251,0.362815115123002,7.28247307157186e-06,1.38152794834917e-05,1
"19985",0.000108515259792189,2.05930018935548e-05,7.74373881940043e-06,1.30031849192367e-08,3.25470811326583e-05,0.257507461374946,2.5383118066386e-09,0.74232312400192,8
"19987",0.000299632661806167,2.13843628292242e-06,2.0543826586065e-05,0.000402443984357839,0.375251269315714,0.598883911828755,1.23805225848711e-05,0.0251276794239137,6
"19989",0.000149837884543268,3.35916717489868e-10,6.32819169804319e-07,0.856122022913976,0.116107083421223,2.21969395982602e-06,0.0276182018432879,1.0879235138559e-09,4
"19993",0.739576780532484,3.05887452482291e-07,4.58878908733595e-06,0.0203465026029908,0.0809996332712243,0.147529339532781,0.000332888946288553,0.0112099604376916,1
"19995",0.0504769332363936,3.64664759668024e-06,6.69010816031055e-06,0.102737678827214,0.74263990446214,0.0997832997310349,0.000149807146196492,0.00420203984126397,5
"19997",0.000348133258780446,1.51257447236838e-05,6.2721784439371e-05,8.1027217646192e-08,0.000390787833546207,0.995800605897717,2.26774601566333e-08,0.00338252177611501,6
"19999",3.85624404948395e-05,0.000420881153698204,9.62610638927775e-06,5.48437871800236e-09,9.66534397801444e-05,0.982318999975641,5.11090434668578e-10,0.0171152708885271,6
"20002",3.35390022361041e-07,0.552129211477171,2.08796026702337e-06,6.6513761991282e-05,3.30462802246464e-05,0.000263854041027178,5.35322676496767e-08,0.447504897557029,2
"20004",1.31571904364432e-05,7.36358331686486e-05,8.65226131145139e-07,0.0150918721597389,0.966810656400152,0.0169430236778732,5.61285521465072e-06,0.00106117665728498,5
"20006",0.43083192060001,0.00156869076085102,8.25783996125515e-05,0.110203200325411,0.454536273508986,0.00154971020009036,0.000746559483110156,0.000481066721928905,5
"20008",0.821742279577811,2.41678463656052e-05,6.55126543009473e-05,0.169432103359693,0.0067097139771535,0.000926810304693944,0.00106166154328502,3.77507366975414e-05,1
"20010",0.498860065206669,4.60306645710977e-09,0.000175738155491103,0.0888107625707199,0.372051395769656,0.00312454929600206,0.0369761508338696,1.33356452638391e-06,1
"20012",0.00231646650852798,0.00745793614124099,9.11624595838916e-07,1.11829424922613e-06,7.88493722387283e-05,0.23588574750165,4.5609562740891e-09,0.754258965996541,8
"20015",0.00122160060749526,1.82962735786824e-07,1.39461770159624e-10,0.976334022020756,0.0224356855244408,6.30347641854281e-07,7.87282121942614e-06,5.57624911281404e-09,4
"20017",6.42789671875708e-05,0.00132304003037942,1.15031225866209e-05,2.43333002428265e-08,0.000535820159795867,0.990022177426293,1.21675014364662e-09,0.00804315474370701,6
"20019",0.000106028786295393,1.12999102891037e-11,5.86303100842261e-09,0.986116009589858,0.00375995790517611,2.75485540901201e-09,0.010017994600279,4.89204709814711e-10,4
"20022",0.00508172740247789,4.14040339024041e-09,2.70128009144219e-06,0.052420335340903,0.940581939622918,0.000364337969681683,0.00154862189340335,3.3235012115189e-07,5
"20024",0.0001273069624838,1.66961388213192e-08,0.000167109798769652,0.206642708154279,0.0104393572637729,2.29952045539161e-07,0.782623264669194,6.50331599168647e-09,7
"20026",0.0001273069624838,1.66961388213192e-08,0.000167109798769652,0.206642708154279,0.0104393572637729,2.29952045539161e-07,0.782623264669194,6.50331599168647e-09,7
"20028",1.38352916295194e-05,4.64303051238544e-05,4.01664030967506e-05,1.13079028080133e-08,7.7734158515772e-05,0.950554914889161,3.8697660966475e-09,0.0492669037748044,6
"20030",6.94607113492884e-06,3.37663012070466e-06,3.90146986488072e-09,0.658532662025823,0.341359168032868,1.72752017150056e-05,1.89947524640959e-05,6.15733844046338e-05,4
"20033",0.000210358879311225,1.62535612725086e-05,9.30085822544926e-06,5.13079278634785e-06,0.0158989510205061,0.828769168557227,2.5241541898972e-07,0.155090583915253,6
"20035",0.000235506023093349,3.99672940664775e-11,1.21723676927391e-08,0.973062718153722,0.00621845184559763,1.3935582082784e-08,0.0204832971451938,6.84475788150682e-10,4
"20037",0.000577065350033118,1.9040337505916e-09,5.81021984881502e-09,0.989888852065608,0.00853024655021979,1.8167052385106e-08,0.00100381013676023,1.60724192213732e-11,4
"20039",1.92436467920042e-05,1.06375472257101e-11,0.00160160385081648,9.49200501891095e-05,2.05135433528373e-06,3.60369487878326e-09,0.998282177477233,6.30181732030385e-12,7
"20041",0.979428211394603,2.00657834037595e-06,0.000327293815233356,0.000287216347817868,0.0161641114255645,0.00350110506676459,0.000270348398029492,1.97069736470927e-05,1
"20044",0.855155770663221,1.19474679633841e-05,0.00142761686971808,0.00275816037758694,0.113980827100632,0.0218458049791537,0.00335681254624998,0.00146305999547508,1
"20047",4.10108508360823e-06,8.06269902062435e-12,2.09456867073402e-08,0.961574801129568,0.005071629738269,1.03541666382563e-09,0.0333494372709416,8.78697170516684e-09,4
"20050",0.433795455936921,1.54636092023187e-10,0.00210385549935841,0.0165124644943247,0.00664838598726621,0.000976068508597253,0.539955276515202,8.49290369446241e-06,7
"20052",0.0293712887437476,2.02594342441308e-07,0.00102850626931983,0.000237312816484646,0.129727235782615,0.809498313554059,0.000196393850989724,0.0299407463884422,6
"20054",0.000179537311182263,9.55226857373425e-06,1.40561269711933e-09,0.183625404133302,0.816143139597746,3.81314713944595e-05,2.47679194556874e-06,1.75702024336741e-06,5
"20056",1.31426489062124e-06,1.46041558721675e-07,3.25356570760563e-07,8.42800392625033e-06,4.89000417864344e-05,0.00109425779755033,2.23612460672781e-07,0.998846404881256,8
"20058",0.000349191814841204,5.38554896380509e-09,2.31551777914095e-07,0.864302001950549,0.128965839642894,1.54436416786475e-06,0.00638118505964235,2.30579064399233e-10,4
"20060",0.00158726500616775,5.81678298179087e-06,3.37239156290704e-05,5.69879091259186e-06,0.00334659968715464,0.994919090039207,6.85896693523032e-07,0.000101119881253726,6
"20062",0.309002121861333,1.20975787145787e-05,2.06777390550517e-05,0.000141294233596794,0.0211636656513216,0.669595924093371,2.54207107329869e-06,6.16767715347417e-05,6
"20064",0.000174873936406593,2.20007468800033e-08,2.01494941416389e-07,0.0205258169480481,0.976744976471321,0.00247673181212192,3.72439183911477e-05,4.01334180224239e-05,5
"20066",2.05349647853074e-06,2.68791083476247e-07,8.46593556636514e-10,0.921354608627069,0.0785509892665567,5.24815233002432e-07,8.81706098762354e-05,3.38354710947526e-06,4
"20068",0.0119691016847511,0.000656714178828001,6.72905335700071e-05,2.50494316015589e-07,0.000729490880464145,0.986554698076403,2.24030246088262e-08,2.24317486429502e-05,6
"20070",0.0234066698724553,2.80399240412908e-05,0.0151504891530931,6.43805307320217e-07,0.000992583032495139,0.960401909105433,5.15832825116435e-06,1.45067789236063e-05,6
"20072",0.01657021996559,0.00489485326882129,1.44229657984734e-07,0.68864347815681,0.289787194707908,6.24949933923492e-05,4.16066795024587e-05,7.99831822562517e-09,4
"20074",6.3387589125196e-08,0.000198087800901833,2.62385109540558e-08,2.02898096784463e-09,2.99267652267414e-08,2.5734670438485e-05,2.9335810863459e-11,0.999776055917478,8
"20076",0.000276756377714777,0.320416860287782,1.22699636717779e-07,0.000290564910976815,0.0389151146820512,0.0250018848651848,7.39021144749299e-09,0.615098688786442,8
"20078",0.00177901888455917,1.35384339337962e-07,4.40963884994749e-05,0.0264123536653073,0.967874441470435,0.00321667759343568,0.000645710569043792,2.75660443801117e-05,5
"20080",0.00014888461022637,8.74633209194302e-12,1.18354024496882e-08,0.958934490259988,0.0314149580930276,8.65976663971552e-08,0.00950156423274512,4.36219805683808e-09,4
"20082",3.05833057771628e-06,1.05225487450096e-12,0.00118938635336387,0.000342793401434676,0.000229907687349766,2.3094278760071e-07,0.998234617974523,5.30891066249157e-09,7
"20084",0.000265413194913049,5.11456844118046e-08,0.000147264971805576,0.0475005892746822,0.927705001542869,0.00140762015257537,0.00657285068497729,0.0164012090324929,5
"20087",0.0843337689859709,1.68621507762895e-05,2.60229147579475e-05,0.144444353387717,0.766721275039747,0.00416225121247464,0.000295272564531842,1.93744024192709e-07,5
"20090",0.0338805992770937,1.98531620326042e-11,6.28469644102289e-07,0.819215250918853,0.0147421717742741,1.19888934622924e-06,0.132160119991867,3.06590685097741e-08,4
"20092",0.0730094225994763,7.27091060801954e-05,0.901784749807999,0.000119248712240551,0.0108642041411319,0.00258852710414593,0.0115611324722647,6.05666105362461e-09,3
"20096",0.01967403914793,7.07805874505283e-07,0.914211563699475,2.57719575960909e-05,0.0122194647451229,0.0465687699373193,0.00595517698621295,0.0013445057204692,3
"20098",0.000349802204708557,1.64725574690583e-06,2.25895983097118e-05,1.12801056718374e-06,0.00277458795862631,0.858332016530403,4.50606691590579e-07,0.138517777834947,6
"20101",0.00047407977291739,7.07561865119059e-10,4.46709741676081e-07,0.726841398374325,0.262755537703649,1.46249818187553e-05,0.00980083145988187,0.000113080290103813,4
"20104",5.21441589523095e-05,0.00772877405254191,0.984349124841437,1.643668504309e-08,4.89372802511768e-05,0.00779107289167447,1.08904797308762e-05,1.90398587275172e-05,3
"20106",0.00894848278974332,3.1707141892346e-09,1.96110660553992e-08,0.5849304067447,0.405469074686154,0.000169544927520262,0.000435522342258253,4.69457278434325e-05,4
"20108",2.42966824946607e-05,6.52720688234763e-05,1.00992689653294e-05,1.35862829219216e-06,0.00541388539200486,0.98768144557775,2.60112847443242e-08,0.00680361637038504,6
"20110",0.444687970178725,7.12583323008376e-08,0.217505195171187,0.000184110496987598,0.00641422185477392,0.190411008995716,0.0235768621948098,0.117220559849469,1
"20112",0.487115753671267,8.06128950772409e-09,2.8804917213496e-05,0.322134352496408,0.15055941542787,0.0032392582227101,0.0369090177199813,1.33894832606606e-05,1
"20114",1.35490173242947e-05,2.09482434414924e-07,1.62299958273743e-05,0.00818599667906608,0.968638342215647,0.00555901449059158,0.000268704486069344,0.0173179536330399,5
"20116",4.21896994564456e-05,1.1281657417081e-05,2.02920958590294e-08,0.0443408496521458,0.947073157404566,0.000635520041707193,3.55008328460235e-06,0.00789343116932657,5
"20118",0.000425498247540081,6.03798443511455e-07,6.70165609561157e-05,0.000290082076808121,0.660159515015653,0.304471679932731,3.29987438330577e-05,0.034552605624035,5
"20120",0.00870691348611114,4.57117520523748e-10,2.65422152464863e-05,0.255016534878099,0.577703128332974,0.00173976740352977,0.156078182683639,0.00072893054328317,5
"20122",2.64275333169703e-07,5.38473938835983e-06,5.08931314828881e-08,3.58028148378828e-08,1.7816806951682e-05,0.000802955011111643,4.95936167414595e-10,0.999173491975333,8
"20124",0.00136259923877777,5.67726474950943e-08,2.52028035520891e-06,0.703695806485472,0.286272171367072,7.85850659987756e-07,0.00866605930209083,7.02925617920563e-10,4
"20126",4.67002387419383e-05,3.49483617608805e-08,0.029316519687927,0.00170370992616072,0.00188994976677609,1.12774339625912e-07,0.967042903943701,6.87139914977086e-08,7
"20128",1.61709709075275e-05,4.08566779266654e-11,8.70627714798772e-06,0.119495261203477,0.00019930598207006,9.94686659702764e-11,0.880280555375351,5.0721339310226e-11,7
"20141",3.55035397705498e-05,1.0749112749565e-05,0.789215771296477,3.99016873715924e-08,0.00080526785321512,0.195783833456384,8.25906981683109e-05,0.0140662441415482,3
"20143",7.20457801693962e-09,2.67905143132446e-06,1.12265947255392e-08,1.62256529433145e-09,3.63554368748474e-08,1.28823983018116e-05,7.01490211328654e-11,0.999984382070943,8
"20145",0.00889374734088806,3.43404117809315e-10,6.26433463198437e-06,0.123711322011339,0.853275814385703,0.00150199503964045,0.0126082814440373,2.57510035586141e-06,5
"20147",0.000405011314094722,3.17346202705365e-09,1.12119618205285e-07,0.0677704572253666,0.931510148027017,0.000124599830979965,0.000188402184054217,1.26612540676843e-06,5
"20149",3.75663847440585e-07,2.58764357829839e-06,3.98503185593052e-07,3.5991136593015e-09,1.56786515815822e-06,0.000794346380249066,4.7365951370093e-10,0.999200719871208,8
"20151",0.000479005287747192,1.18193342269303e-06,7.61575928890804e-06,1.90303047050419e-06,0.00180236802552046,0.958209045858089,1.65876571406044e-07,0.0394987142288898,6
"20153",0.00365831189722219,1.32656174214313e-08,0.00650261181102685,3.29339559653907e-05,0.00269938431596319,0.348691222541011,0.00147555706850134,0.636939965144693,8
"20155",0.0667034519004581,2.51387444313533e-08,8.07909876796023e-08,0.491305244601911,0.441169900699969,1.97852687794799e-05,0.000801295047198199,2.16551952915855e-07,4
"20157",5.13901685631984e-05,1.12840811582298e-06,2.60220913598517e-05,1.17098629589329e-06,0.000618783356387802,0.604236479650911,5.01495656778467e-07,0.39506452384271,6
"20160",1.111375063811e-08,3.39168483673619e-07,1.79621920189178e-08,3.20098543269374e-09,9.49063275737911e-08,2.05008337341983e-05,2.51381667245893e-10,0.999979032563145,8
"20162",2.19022255607263e-07,3.19589631359973e-06,2.14287883912801e-07,1.19701654908064e-09,8.18452530858336e-07,0.0041480222434252,1.53688127440385e-10,0.995847528746886,8
"20164",0.000801432326115336,1.01418850704012e-06,3.30568876057322e-05,2.34151502424088e-06,0.000108515581637844,0.0449587535610499,7.35176642826391e-07,0.954094150763417,8
"20166",3.59243307912445e-05,6.91599322705711e-05,2.01157171951431e-09,0.951781577066382,0.0477234996935396,7.51492963667496e-06,6.04558302338499e-06,0.000376276452784478,4
"20168",4.76721764200568e-06,0.99818432803586,2.73384592288829e-08,0.00125384991971815,0.000187402947018352,2.82289882174555e-06,2.33400916642747e-08,0.000366778302388076,2
"20170",0.000187021750754661,6.894757240331e-07,0.000289001997059326,5.75693179380758e-07,0.00522319067500577,0.747521826135289,1.44185184145953e-06,0.246776252421146,6
"20172",0.00167801645619496,5.21109724504202e-09,1.60851139161504e-06,0.0583510898440512,0.938113367437733,0.000203770636370365,0.00165213636889824,5.53426271712297e-09,5
"20174",2.2637734384607e-05,0.124815545392084,3.52559320614034e-06,1.65897399336069e-08,8.43479709933242e-05,0.755482519097427,1.39527199067293e-10,0.119591407482638,6
"20176",6.4342152079372e-06,0.999927531916815,1.35624648791798e-08,1.77064810138356e-05,3.09476446726577e-05,1.59450647405028e-05,5.79731834122957e-10,1.42053535332468e-06,2
"20178",1.31624340590148e-08,1.45992463792864e-07,2.09977433693398e-08,4.62965422987502e-09,7.19326337715093e-08,9.66361384887103e-06,6.4679165978149e-10,0.99999007902443,8
"20181",1.21663233974103e-05,6.1404479411908e-07,2.86452683826314e-09,0.686971656041152,0.309224926014868,2.2487956103498e-05,3.39901186646606e-05,0.00373415663649318,4
"20183",0.0085244876365123,1.93776478104191e-06,0.00369700059065635,2.4244683757047e-05,0.0758715479972112,0.911798879038922,7.78363047567213e-05,4.06598340352793e-06,6
"20186",0.184390334565575,0.00332246052783552,0.0249001075221052,0.000709440696883977,0.142677274690548,0.643637115807963,0.000363185355001428,8.08340877377559e-08,6
"20188",7.32364354473512e-08,2.20650960128572e-07,8.15211177493973e-08,3.00986615331846e-09,1.37884757693082e-07,0.00019349349580508,5.16199264062563e-10,0.999805989684859,8
"20190",0.000143002251561442,7.37883834249669e-09,9.71838469283338e-10,0.901365938515522,0.0983803122835133,2.92674167878305e-06,0.000107719822855383,9.20341917033111e-08,4
"20193",0.000127883447992009,0.0169991370389552,6.99643386500168e-08,0.00130572660157853,5.38858041209227e-05,7.89035269857549e-05,1.02176677383706e-07,0.981434291439351,8
"20195",0.00405605776441908,1.15689310037601e-06,8.11760671344387e-06,4.58788187188772e-05,0.00217445606048673,0.188991931955565,2.33163343982158e-06,0.804720069267557,8
"20197",0.029191014305881,2.62144060190547e-08,7.82092814619584e-07,0.189509699411278,0.780013351558379,0.000209519667346665,0.00107558336292613,2.33869682136996e-08,5
"20199",4.66680909125152e-05,4.45269014430263e-07,6.71086608433427e-05,1.84078708071727e-08,3.08975274129926e-05,0.0741090745315534,7.88206692297774e-08,0.925745708691723,8
"20205",0.000882777573347059,2.12488317530845e-11,0.0483834181750994,2.4908279565202e-05,3.19389356104574e-05,1.91767651069028e-06,0.950675038053767,1.28485151268638e-09,7
"20208",0.00274390560178735,1.46639858014282e-05,9.58454949688875e-06,1.4235559353274e-05,0.0115677016993207,0.978081568589253,6.52870105146756e-07,0.00756768714488241,6
"20210",1.27049549532813e-06,1.25667591407018e-06,6.92425606022019e-07,4.58430637502056e-09,3.86495336874666e-06,0.0152191750449308,1.18230030675347e-09,0.984773734638078,8
"20212",0.000260867419547148,2.2238004915984e-06,5.34606451595235e-06,1.82691139400889e-06,0.000342737972137997,0.154317220052409,2.42161630230282e-07,0.845069535617874,8
"20216",0.00010730687160628,7.02299424456725e-08,4.15611623465573e-08,0.0992103165013601,0.900300423428542,0.000264197287982406,9.93543728820661e-05,1.82897465220629e-05,5
"20219",0.014466257369046,7.07166630670936e-10,0.0111629551105877,0.0440989922520338,0.204234034155452,0.0010667863273103,0.724940660638698,3.03134397048787e-05,7
"20223",0.00127415985417103,0.000253257151226462,3.22786770605589e-08,0.995692403762079,0.00268344154148594,5.44771301670981e-08,9.66509000695201e-05,3.51608053366411e-11,4
"20226",0.979067583060473,3.78022229435487e-08,2.22126261177702e-05,0.000228828824526355,0.00185940473563476,0.0186750784690396,7.37835714422291e-05,7.30709105431157e-05,1
"20230",4.78864820675219e-05,3.86426243592523e-09,3.61168618223631e-09,0.953316788755099,0.0461522123339585,6.49616176341008e-07,0.000482448795231058,6.54151861098898e-09,4
"20233",3.01602724462193e-06,2.46841628318957e-09,0.999618211045371,7.5441595319657e-10,3.73127554003139e-08,1.4127811842768e-05,0.000364441541222446,1.63038731893359e-07,3
"20235",0.164337494664876,9.12713378066392e-05,0.000317319887165631,0.621928611883558,0.165079495549224,1.37414046317598e-05,0.0482320638154203,1.45731658452213e-09,4
"20239",0.275986426609621,0.00193396654476079,3.59709747256069e-05,0.214421978007341,0.506314590795769,0.00111674895941971,0.000189846470462852,4.71637900082167e-07,5
"20254",9.83018609634436e-06,1.11486199417077e-13,0.000231914167654402,0.00052385784699524,7.91234858935281e-05,1.95183316426061e-08,0.99915525455136,2.43557845576605e-10,7
"20256",0.000348572354769443,1.26644706770683e-07,3.31854169053959e-07,0.243164353094603,0.75579079738426,3.00443979791551e-06,0.000692813177318934,1.05037453556655e-09,5
"20262",5.31094632602377e-05,8.72108019808485e-07,1.1513823109292e-05,3.92750419461045e-07,0.00113760451285291,0.439223994222047,1.17111070463637e-07,0.559572396009221,8
"20270",0.000521137390151305,0.00201839316616905,2.3087084840729e-07,0.768469370880123,0.216851327302681,0.00915280368778561,2.12467906987932e-05,0.00296548991154289,4
"20284",0.0802133585897551,1.13866146733801e-07,0.39914521063557,0.000427953154245346,0.0217695792145179,0.411667661874151,0.0867654682250708,1.06544405430559e-05,6
"20287",0.000412749566354679,5.61291108187478e-09,4.58632209747642e-10,0.997664999030176,0.00172453691083922,3.29820302600419e-09,0.000197705086390142,3.64934397331897e-11,4
"20290",0.0045799825562621,5.28844581484844e-11,0.0355943415256586,0.000231429992889127,0.000655407377910222,0.000792944522429202,0.958134005650168,1.18883217987154e-05,7
"20293",9.83072163301523e-05,3.81628732837135e-08,9.44539582323823e-06,0.00258401870285475,0.99589690300046,0.00121287021148388,0.000197998171757528,4.19138417182557e-07,5
"20296",0.000469312480608331,0.0156945138489579,1.46740593058742e-07,0.000199406242920834,0.0417481044880982,0.273054868285338,5.39516667836019e-09,0.668833642518317,8
"20301",5.79647097677531e-05,7.33448277277426e-10,3.46172220313172e-10,0.999319466547425,0.000230709759334182,1.73942136276139e-09,0.000391394221355747,4.61943075792257e-07,4
"20304",2.48182606353693e-06,6.60967777946016e-12,0.00532240053889726,0.000245968105551487,0.00175860387110883,8.89763179440279e-07,0.992669641777437,1.41111532678745e-08,7
"20306",0.000226424783414371,5.17640074112148e-09,5.4620091482582e-07,0.921968024513727,0.0689696989507706,9.59875663876064e-07,0.00883434030910217,1.90006467861446e-10,4
"20309",0.153599977102038,3.24914424416891e-07,5.05667170249679e-05,0.0145868706273756,0.748709790577446,0.0801066898208366,0.00290212436814882,4.36558727053951e-05,5
"20311",0.000686369376248019,4.69621167481234e-07,9.70803292301559e-06,0.177045349947099,0.820572128607295,0.000808148115393027,0.000686399130824817,0.000191427169049395,5
"20314",0.000890358167015501,1.59054407171363e-07,4.39102962568089e-05,1.43798936221676e-05,0.0237579485352075,0.96148855350766,5.43752315397331e-06,0.0137992530226773,6
"20318",3.26470916923794e-08,3.22452482031535e-06,1.56834923684068e-08,1.47365667917544e-06,2.73882407224278e-06,5.12479351692429e-05,4.74787516683433e-09,0.9999412619808,8
"20320",0.606774797300426,5.37657121202083e-06,0.00449119305447977,3.86259596214608e-05,0.00121834462129769,0.386411248083091,0.000132302660229576,0.000928111749642485,1
"20326",0.000401429043528471,4.19733344815252e-07,0.000159285265166363,2.10319638795394e-05,0.0357765077340514,0.9279621022345,1.31107096853581e-05,0.0356661133158435,6
"20328",0.233965780483712,2.56717383752996e-06,0.00743128411141103,1.56544168880362e-05,0.00444377828950725,0.754023714973471,0.000112495939671529,4.72461150159344e-06,6
"20330",0.904750930290402,2.0895538097518e-07,2.69064031708043e-05,0.0721284920673722,0.019735910595052,3.78302587492325e-05,0.00331948983957821,2.3159029470923e-07,1
"20336",0.00355061652746478,2.65389892729576e-09,0.3462923931145,0.000360754532793069,0.0649047682665935,0.0101537607185698,0.574737416002343,2.88183836533075e-07,7
"20338",0.00379953682638137,8.70982838791279e-10,0.0796552277914849,0.000996746997330067,0.0295460948760117,0.000221653217510109,0.885708890513507,7.18489067917452e-05,7
"20340",0.000103590260502609,1.24068489939892e-08,3.327323903805e-08,0.92660289861897,0.0704865710983427,1.39022712392082e-07,0.00280675034432257,4.97506129486567e-09,4
"20342",0.0152697313008314,1.32819478840007e-05,0.889808297910876,0.000442759308781049,1.18976821095045e-05,2.32864297185266e-05,0.0942765464283337,0.000154198991465226,3
"20344",0.000367242959810277,1.10949764086005e-07,1.59715226733852e-06,0.334819637750021,0.662429699519285,0.000387125320388702,0.00199446945078552,1.16897678292872e-07,5
"20349",4.93601454641523e-05,5.65593802580417e-08,1.00391535600767e-07,0.695523460406631,0.303754121771522,2.90453905791886e-06,0.000669995411945713,7.74463178211365e-10,4
"20351",0.00167781121236105,6.7829791415183e-08,4.96087313798278e-05,0.00546098537214765,0.987676960118112,0.00220856113895306,0.00286923334307742,5.67722541777395e-05,5
"20353",0.774013155714676,2.22805945232088e-09,2.23251446290484e-05,0.13060035883029,0.0285999107830982,1.96919345491312e-05,0.066744547064238,8.30046042284591e-09,1
"20357",0.00169710762604949,1.4965260437319e-11,0.00718520411675553,0.000289362317161669,4.71917008277415e-05,4.89786932925454e-07,0.990780644397211,4.00961806862645e-11,7
"20360",0.825416543771811,0.000143831102094065,0.0689241863732549,0.00424280123605522,0.000488314553963439,1.39753264377439e-05,0.100770016965509,3.30670875243316e-07,1
"20364",0.432507215583443,8.0203207362066e-09,6.37897186149958e-06,0.1089563804643,0.441527399249588,0.0104649210708739,0.00653339486880368,4.30177080962371e-06,5
"20366",0.000700249492438459,1.9765016314548e-09,0.604562446730218,2.33161472899763e-05,0.005140670977396,0.00250573569643597,0.387062331906444,5.24707327586043e-06,3
"20381",2.63714501055028e-06,0.986275094214817,5.83926942501472e-05,1.23605743963138e-08,4.71960124998449e-06,0.00219695368380728,3.76746650494091e-10,0.0114621899235446,2
"20391",0.593762570669804,0.199729144049522,0.0189460787186161,0.0286887226043874,0.149417238929533,0.00746146965407414,0.00199476790194605,7.47211722178858e-09,1
"20394",0.0200836584957644,0.00135133406946946,0.000109747893569763,8.52076609921868e-07,0.00151851600759541,0.976483019638437,2.66550235188793e-08,0.000452845163530814,6
"20396",4.34093927044022e-05,0.695211319835074,7.57078836471884e-06,3.26594252300834e-09,7.57909757037385e-06,0.2986281888672,3.23553831231642e-11,0.00610192872078816,2
"20409",0.000110025719242276,1.54738833820876e-06,3.27183650326375e-05,0.0265579778276536,0.802860127280814,0.0738494509863465,0.000345696046378823,0.0962424563861943,5
"20411",0.0318144699327407,2.06904414753891e-09,0.000229184296257734,0.192197152689821,0.403706558531373,2.28764981085385e-05,0.372029755494529,4.88125116713321e-10,5
"20416",1.51237619760431e-05,3.08272155481932e-12,1.70471987366231e-05,0.0106464210532827,6.12025717109896e-05,1.27218629445845e-10,0.989260205283375,6.17392355468926e-13,7
"20418",4.80068900545582e-06,0.749093540131675,2.95820886256758e-06,2.8263801212161e-09,6.97942980771402e-06,0.217672656876574,1.81406708894029e-11,0.0332190618195546,2
"20420",3.77058149256457e-05,1.10487287427389e-08,0.997221978756204,1.07733533040748e-08,6.78200869472814e-06,0.000591506392452121,0.00213651156443676,5.4936412045822e-06,3
"20422",0.0298184637720287,8.7320023392384e-09,3.26682638543099e-08,0.931555735595154,0.0373640081996165,5.78103013505058e-05,0.00118704376722279,1.68969643616467e-05,4
"20424",0.128085330246893,1.1142049261911e-09,4.38397434734245e-05,0.325629182963276,0.34735752272328,1.8922926442237e-05,0.198865198063343,2.21908781304280e-09,5
"20426",4.95003738843415e-05,1.255042886741e-10,0.416651303727256,2.17441510144516e-06,6.87730486388435e-07,4.47370970327475e-06,0.583135327405715,0.000156532512348989,7
"20428",0.0595605233394012,0.000704149284741338,4.21722322961513e-07,0.0215799347992002,0.913665822231655,0.00448510414681399,2.34724507164987e-06,1.69723079388138e-06,5
"20431",0.353614816498968,4.71780065364818e-07,0.000512589372838138,0.00204630668768858,0.0195091177821921,0.541759438317841,0.0021920985866934,0.080365160973714,6
"20433",0.000111480057365505,2.35060640866622e-05,1.19542524336419e-09,0.995373507842616,0.00448372013415775,2.94311139530386e-08,7.75465756786674e-06,6.17667630018421e-10,4
"20436",1.73223140532948e-05,0.997113480132496,1.2310731367334e-08,0.00144250004234778,0.00141962367528765,4.98764139417756e-06,1.24228211430073e-08,2.06146086799669e-06,2
"20439",2.69500044486171e-05,0.205015159968298,7.24439880499857e-06,1.30846772986301e-08,3.5819654162447e-05,0.668958172357621,7.40436262179725e-11,0.125956640457944,6
"20441",0.0148593062963207,6.50978854399151e-11,0.0363654263199078,8.212454819726e-05,0.00037087818113288,9.05391340002913e-06,0.94831314213701,6.853893392296e-08,7
"20444",2.26211259411545e-08,7.50125991452518e-07,2.95703130200437e-08,1.15664679392493e-09,1.07205875369893e-07,0.000101975129250619,1.11660435630776e-10,0.999897114079136,8
"20448",8.61503779662656e-05,9.94838917433102e-05,0.00239892694226145,0.000204534589639579,0.0615913075140974,0.801377870924851,0.000155313596463406,0.134086412162978,6
"20536",0.00419382300515251,0.831764725064858,2.14065397939169e-05,1.35419275392164e-06,0.00158054863727036,0.162434737710396,4.67578076248388e-09,3.40017399405641e-06,2
"20538",0.000148718750318191,1.30807069384551e-06,0.147042733280067,0.0024785794319455,0.718205426465954,0.0066489945606618,0.12547400648659,2.32953769090482e-07,5
"20541",0.00208108636961503,7.23578597207024e-12,2.49653131782139e-06,0.643336515673161,0.0235240742357291,1.64116744209014e-07,0.33105566234761,7.18586825412175e-10,4
