"","V1","V2","V3","best$classification"
"19811",0.000170599018328176,0.00486772237587231,0.9949616786058,3
"19813",0.00562673168405747,0.00480285581226333,0.989570412503679,3
"19815",0.0112847913735226,0.000156049028031755,0.988559159598446,3
"19817",0.00147995001088254,0.00357216208819209,0.994947887900925,3
"19819",0.99980005791072,3.5465215108696e-06,0.000196395567769103,1
"19821",0.00288717969367824,0.0843830480627792,0.912729772243543,3
"19823",0.00879687481489869,0.00145869582523014,0.989744429359871,3
"19825",0.179506606960033,0.802302390819524,0.0181910022204437,2
"19827",0.00444740168044373,0.550850062221701,0.444702536097856,2
"19829",0.963145102668552,0.027150583489553,0.0097043138418954,1
"19831",0.998047021942785,7.59080169011934e-06,0.0019453872555244,1
"19833",0.875571176107624,0.05459261739225,0.0698362065001262,1
"19835",0.00288717969367824,0.0843830480627792,0.912729772243543,3
"19837",0.00670131034352837,0.110388766986819,0.882909922669652,3
"19839",0.854416547891954,0.109801832288347,0.0357816198196992,1
"19841",0.000104886025962375,0.999718309551582,0.00017680442245526,2
"19843",0.997069849867233,4.6469596826945e-06,0.00292550317308413,1
"19845",0.000124868358088439,0.00135506454449873,0.998520067097413,3
"19847",0.00920258217855893,0.000148054947368509,0.990649362874072,3
"19849",0.000761793971367484,0.00712267292775579,0.992115533100877,3
"19851",0.000571903235309449,0.000447683773492181,0.998980412991198,3
"19853",2.62731673610762e-05,0.00251045742662451,0.997463269406014,3
"19855",8.96153827522626e-05,0.0149770626516668,0.984933321965581,3
"19857",0.0115588911594886,0.0465143539719845,0.941926754868527,3
"19859",0.00742075630559015,0.0315006456009693,0.961078598093441,3
"19861",0.000161710141160156,0.000499372420644063,0.999338917438196,3
"19863",5.25833373467779e-05,0.976402307585196,0.0235451090774571,2
"19865",5.84466958937497e-05,0.993051719941764,0.006889833362342,2
"19867",0.00219467663114223,4.85890132614936e-05,0.997756734355596,3
"19869",6.86485047664268e-05,0.0242535976745787,0.975677753820655,3
"19871",0.0191565454678443,0.0992993251692483,0.881544129362907,3
"19874",0.000345615673189007,0.752515076206093,0.247139308120718,2
"19876",5.11234655805727e-05,0.445729948257741,0.554218928276679,3
"19878",0.706614575695952,0.00113511256559444,0.292250311738453,1
"19880",3.36358123329405e-06,0.99590739070607,0.00408924571269644,2
"19882",0.0001737627309578,0.00555724437244287,0.994268992896599,3
"19885",0.0189752255208142,0.00363016843628955,0.977394606042896,3
"19907",0.00082705820135275,0.000213560308037533,0.99895938149061,3
"19909",0.937324184450475,0.000256324351847096,0.0624194911976783,1
"19911",0.893172628709119,0.0488754811009294,0.0579518901899512,1
"19913",1.41412704381498e-05,0.999777575096843,0.000208283632719176,2
"19915",0.000378753121650696,0.517830918731579,0.48179032814677,2
"19917",0.000535284096741552,0.969702247301892,0.0297624686013666,2
"19919",0.00370674027449092,0.20825323673522,0.788040022990289,3
"19921",0.00117035083877149,0.00013758704496633,0.998692062116262,3
"19923",0.133488846530426,3.54738001063767e-05,0.866475679669468,3
"19925",0.000277142649915427,0.910395566637311,0.0893272907127735,2
"19927",0.000597675168058113,0.00170525931895211,0.99769706551299,3
"19929",4.32355626206365e-06,0.997707369953753,0.00228830648998483,2
"19931",0.00655620577157118,0.00522645509830299,0.988217339130126,3
"19933",0.748268736982312,0.00466794182479351,0.247063321192894,1
"19935",0.0793491035663181,0.00727986621362831,0.913371030220054,3
"19937",0.00291103448824965,0.000204439746243348,0.996884525765507,3
"19939",0.00594189604281824,0.00533411314224971,0.988723990814932,3
"19941",0.77692836783433,0.189713306059818,0.0333583261058516,1
"19943",4.22605252410142e-05,0.996496341642885,0.0034613978318743,2
"19945",0.895859824294038,0.000258769315426436,0.103881406390536,1
"19947",0.11130178122396,0.833788029916955,0.0549101888590852,2
"19949",0.451928942624642,6.79785600812286e-05,0.548003078815276,3
"19951",0.00873760427121222,0.638300394810411,0.352962000918376,2
"19953",0.988429357401622,2.09487893437974e-06,0.0115685477194436,1
"19955",0.98400599159085,2.07762091878792e-05,0.0159732321999616,1
"19957",0.00923728854988687,0.804606985398195,0.186155726051918,2
"19960",0.985064346197386,0.00210432796983019,0.0128313258327841,1
"19963",0.00733291313859907,0.987893058394681,0.00477402846671952,2
"19965",0.996289212804329,1.18284818160864e-06,0.00370960434748977,1
"19968",0.0014495351378723,0.963333824192665,0.0352166406694626,2
"19971",0.0157442673918964,0.983805116414289,0.000450616193814851,2
"19973",0.000969934094628691,0.0205352136247322,0.978494852280639,3
"19975",0.00024160066179249,0.956096358606392,0.0436620407318159,2
"19977",0.00137641440072886,0.990291470770821,0.0083321148284499,2
"19979",0.999958179195683,1.11870362178867e-05,3.06337680991152e-05,1
"19981",0.0235536766433961,0.00302066401812438,0.97342565933848,3
"19983",0.0411941609423092,0.00025636711959818,0.958549471938092,3
"19985",6.8157100666877e-05,0.793733347045229,0.206198495854104,2
"19987",0.108213655961122,0.115253107214087,0.776533236824791,3
"19989",0.999787121848102,1.42478441023256e-07,0.000212735673457087,1
"19993",0.53706083892593,0.0387794299764478,0.424159731097622,1
"19995",0.745501513994817,0.0149626485791819,0.239535837426001,1
"19997",0.000479106250716587,0.0290769550631516,0.970443938686132,3
"19999",7.47818707446134e-05,0.11946952090297,0.880455697226285,3
"20002",0.000990105111846438,0.993308539260586,0.00570135562756716,2
"20004",0.720031438303208,0.0367051422541657,0.243263419442626,1
"20006",0.923297417483581,0.00350271617283076,0.0731998663435884,1
"20008",0.923336659620347,0.00112789570432753,0.0755354446753252,1
"20010",0.970554852199611,1.91573033665429e-05,0.0294259904970229,1
"20012",0.000291749420405209,0.770260510884657,0.229447739694938,2
"20015",0.999497304632129,2.43796751386968e-06,0.000500257400356939,1
"20017",0.000176526887536475,0.0618533468961333,0.93797012621633,3
"20019",0.999991588150515,1.27840725664798e-07,8.28400875906786e-06,1
"20022",0.989625364881869,1.48074722465137e-05,0.0103598276458846,1
"20024",0.999785941885226,9.9378237314693e-07,0.000213064332401128,1
"20026",0.999785941885226,9.9378237314693e-07,0.000213064332401128,1
"20028",0.000127940836696057,0.255285482047958,0.744586577115346,3
"20030",0.996817576782536,0.00156897911092062,0.00161344410654306,1
"20033",0.00543128771344507,0.365906047387011,0.628662664899544,3
"20035",0.999981221870579,1.45501864482012e-07,1.86326275564631e-05,1
"20037",0.999953420703176,1.86453276472251e-08,4.65606514963746e-05,1
"20039",0.998907167937562,4.93610197549687e-07,0.00109233845224018,1
"20041",0.426652950908876,0.00189817012180381,0.57144887896932,3
"20044",0.542665826977917,0.0124671626498661,0.444867010372217,1
"20047",0.99999587053958,8.95539247509784e-07,3.23392117243362e-06,1
"20050",0.967830037137121,0.000174067676722991,0.0319958951861563,1
"20052",0.0871585344802887,0.0592911661979933,0.853550299321718,3
"20054",0.994418063187151,0.000175151523795843,0.00540678528905295,1
"20056",0.00123127437810377,0.993548206035065,0.0052205195868308,2
"20058",0.99971473970063,6.42760531591931e-08,0.000285196023317104,1
"20060",0.00472031320406615,0.00215663153351022,0.993123055262424,3
"20062",0.0233105199603038,0.000895141345249484,0.975794338694447,3
"20064",0.954832597512072,0.00146056390257708,0.0437068385853514,1
"20066",0.999625438309591,0.000189902501026086,0.000184659189382638,1
"20068",0.000416911338120688,0.000464738699621012,0.999118349962258,3
"20070",0.00126518303718384,0.000249295620937292,0.998485521341879,3
"20072",0.988484461974068,2.73029743880956e-06,0.0115128077284934,1
"20074",2.29549403415698e-06,0.999485082897775,0.000512621608190831,2
"20076",0.00872460683336131,0.882704489008792,0.108570904157847,2
"20078",0.944021653390087,0.000604561423687224,0.055373785186226,1
"20080",0.99996884308327,3.80572171581258e-07,3.07763445578989e-05,1
"20082",0.998580928039137,1.18499638606763e-05,0.00140722199700243,1
"20084",0.952864032853723,0.0309592744803075,0.0161766926659693,1
"20087",0.916553037451885,1.41700252033375e-05,0.0834327925229116,1
"20090",0.999838429161264,9.29584111491489e-07,0.000160641254624717,1
"20092",0.284538401959385,6.84271436715974e-06,0.715454755326248,3
"20096",0.101675598081533,0.017096320940044,0.881228080978423,3
"20098",0.00288725916548092,0.343276983492966,0.653835757341553,3
"20101",0.999208934487223,0.000371013757375649,0.000420051755401758,1
"20104",0.00164572137445697,0.0046047366226835,0.993749542002859,3
"20106",0.997090588101064,0.000296535317737097,0.00261287658119916,1
"20108",0.00230865586652925,0.0681447435620234,0.929546600571447,3
"20110",0.115276620339987,0.158424773525173,0.726298606134841,3
"20112",0.981461193190276,8.88659501382007e-05,0.0184499408595857,1
"20114",0.813002082615928,0.117640216520195,0.0693577008638774,1
"20116",0.884198079746008,0.0896478250597495,0.0261540951942424,1
"20118",0.167903072627278,0.152719547841651,0.679377379531071,3
"20120",0.99331622338713,0.000973961313821495,0.00570981529904882,1
"20122",5.44974509394009e-05,0.995692950133315,0.00425255241574538,2
"20124",0.999755207712892,1.0548379036678e-07,0.000244686803318104,1
"20126",0.998753273009526,3.32511207207625e-05,0.00121347586975356,1
"20128",0.99999525131735,6.27461313467919e-08,4.68593651823684e-06,1
"20141",0.00196588097128861,0.107829661162103,0.890204457866608,3
"20143",2.85505713953791e-06,0.99975945926841,0.000237685674450746,2
"20145",0.990513265816581,3.15224795048383e-05,0.00945521170391398,1
"20147",0.995098037629368,5.52228145054217e-05,0.00484673955612624,1
"20149",1.56119201934691e-05,0.995535645783571,0.00444874229623491,2
"20151",0.00333985762113999,0.177869830509225,0.818790311869635,3
"20153",0.0275515916817415,0.57966135472956,0.392787053588698,2
"20155",0.998574866927267,5.85615408142022e-06,0.0014192769186512,1
"20157",0.00157547613115494,0.643467122365023,0.354957401503822,2
"20160",6.35230844335354e-06,0.999672406712607,0.000321240978949522,2
"20162",6.61561627393027e-06,0.99172687836578,0.00826650601794581,2
"20164",0.00155439770542562,0.897559745736864,0.10088585655771,2
"20166",0.988556328193982,0.00955260859920203,0.00189106320681614,1
"20168",0.38319108443962,0.543751437518701,0.0730574780416792,2
"20170",0.00276878510916295,0.404891817611552,0.592339397279285,3
"20172",0.992302193282588,9.84487698124739e-07,0.00769682222971336,1
"20174",4.85554224682534e-05,0.40589509273539,0.594056351842142,3
"20176",0.157129524277635,0.0547159214337649,0.7881545542886,3
"20178",8.43442104198214e-06,0.999768828677859,0.0002227369010991,2
"20181",0.978504905742528,0.0202537652929535,0.00124132896451892,1
"20183",0.019845649235762,0.000109985420767335,0.980044365343471,3
"20186",0.0368179297678523,4.25638878282477e-06,0.963177813843365,3
"20188",8.26756761447072e-06,0.998668335939751,0.00132339649263433,2
"20190",0.999584411403243,8.55887170697456e-06,0.000407029725049953,1
"20193",0.00422547797977053,0.993069044453438,0.0027054775667913,2
"20195",0.0098542453139866,0.763932366850436,0.226213387835578,2
"20197",0.993406631499323,1.7479884772055e-06,0.00659162051220002,1
"20199",0.000152422293194466,0.895661818271109,0.104185759435697,2
"20205",0.969020338896905,1.30365480237855e-05,0.0309666245550718,1
"20208",0.00930734422269183,0.0449365337491747,0.945756122028134,3
"20210",2.31855383671073e-05,0.978938474597919,0.0210383398637141,2
"20212",0.00131232985062998,0.849146462396551,0.149541207752819,2
"20216",0.991714275685398,0.000507245582241151,0.00777847873236032,1
"20219",0.986665834522571,0.00017481196290545,0.013159353514523,1
"20223",0.999544066257077,1.33202541294781e-07,0.000455800540381461,1
"20226",0.21521612555478,0.00474122776386868,0.780042646681351,3
"20230",0.999819737816342,1.3466673468463e-06,0.000178915516311143,1
"20233",0.0222253878991676,0.00858683849365598,0.969187773607176,3
"20235",0.997046038209797,2.03382091874191e-07,0.00295375840811099,1
"20239",0.927407907196301,3.12042983241765e-05,0.0725608885053745,1
"20254",0.999640993649258,1.13057969613602e-06,0.000357875771045596,1
"20256",0.999247342021127,2.76092633927434e-07,0.000752381886239328,1
"20262",0.00102086785054512,0.718446527116539,0.280532605032916,2
"20270",0.883747831881006,0.0309498442345409,0.0853023238844526,1
"20284",0.134245296717748,0.000203259873413549,0.865551443408839,3
"20287",0.999969009327321,6.42615963305325e-08,3.09264110825494e-05,1
"20290",0.856737187953363,0.0017256359024662,0.141537176144171,1
"20293",0.929286395113787,9.56195792614456e-05,0.0706179853069514,1
"20296",0.00663465460320956,0.72242558106778,0.270939764329011,2
"20301",0.999920610404986,6.34444831913201e-05,1.5945111822607e-05,1
"20304",0.997297748396462,1.79523465857353e-05,0.00268429925695172,1
"20306",0.999768845769799,6.25869620899314e-08,0.000231091643238615,1
"20309",0.715673565341083,0.000594387201758152,0.283732047457158,1
"20311",0.984109116334697,0.00153386021017156,0.014357023455131,1
"20314",0.0199708338025067,0.0706997214803835,0.90932944471711,3
"20318",0.000132114797838183,0.999274510345191,0.000593374856971143,2
"20320",0.0163601107209838,0.00613362035364879,0.977506268925367,3
"20326",0.0243870496030666,0.133054666346222,0.842558284050712,3
"20328",0.0097676435136848,0.000103295134754211,0.990129061351561,3
"20330",0.988788386375692,1.80152922586611e-05,0.0111935983320494,1
"20336",0.696898662926582,4.51595071882281e-05,0.30305617756623,1
"20338",0.968759997497239,0.00165284620157414,0.0295871563011865,1
"20340",0.999915814244389,6.96790849481554e-07,8.34889647617026e-05,1
"20342",0.775817494267781,0.0463928669855419,0.177789638746677,1
"20344",0.993499709136569,7.59045137891175e-06,0.00649270041205246,1
"20349",0.999503193001726,2.47454058830482e-07,0.00049655954421497,1
"20351",0.939352127363278,0.00124703424037507,0.0594008383963472,1
"20353",0.997316064303156,7.0963297983504e-07,0.00268322606386459,1
"20357",0.993377830912219,4.57953329100278e-07,0.00662171113445211,1
"20360",0.94361659223454,0.000127240886807382,0.0562561668786532,1
"20364",0.951760990314144,5.74520712164533e-05,0.0481815576146391,1
"20366",0.556877105769123,0.00130917795541118,0.441813716275466,1
"20381",0.000212834656999578,0.694884686278061,0.304902479064939,2
"20391",0.510956159017192,2.67902443026275e-06,0.489041161958378,1
"20394",0.000740090281080718,0.00342445524026837,0.995835454478651,3
"20396",2.45413844449485e-05,0.101366814134195,0.89860864448136,3
"20409",0.606576301771472,0.22395900412774,0.169464694100788,1
"20411",0.998663478776595,4.73014178643447e-08,0.00133647392198723,1
"20416",0.99998526586022,7.56471355660461e-09,1.47265750660279e-05,1
"20418",2.09132686421638e-05,0.391651785057176,0.608327301674182,3
"20420",0.0239581791570181,0.00968965434391812,0.966352166499064,3
"20422",0.997550289009399,0.000194067672528514,0.00225564331807246,1
"20424",0.998981395537915,1.06919873103514e-07,0.00101849754221206,1
"20426",0.628824932831397,0.23877472511258,0.132400342056023,1
"20428",0.748025729986615,0.000230128477847821,0.251744141535537,1
"20431",0.168792617316194,0.123156297344145,0.708051085339661,3
"20433",0.999761769168526,1.18659761716258e-06,0.000237044233856927,1
"20436",0.820208931517076,0.0190974517811351,0.160693616701789,1
"20439",3.28206896232199e-05,0.41268508056147,0.587282098748907,3
"20441",0.968184989193131,6.21930730240197e-05,0.0317528177338453,1
"20444",3.98562676385392e-06,0.999179178063597,0.000816836309638984,2
"20448",0.0424608700922653,0.299432860017753,0.658106269889982,3
"20536",0.000973419912408864,0.000297010986227484,0.998729569101364,3
"20538",0.831673188928455,3.40879334487797e-05,0.168292723138097,1
"20541",0.999948090724071,6.33052113422254e-08,5.18459707179022e-05,1
"20544",0.365988764930319,0.0129545455350016,0.621056689534679,3
"20546",0.996519632184549,2.24535116756454e-07,0.00348014328033475,1
"20550",0.580127053438874,0.00587626487585713,0.413996681685269,1
"20553",0.999983503502701,1.15649426345115e-05,4.93155466443314e-06,1
"20555",0.0541681030979741,0.000122172152665251,0.945709724749361,3
"20557",0.634545040672947,0.00446498502237071,0.360989974304682,1
"20559",0.998502675138939,2.22765569818156e-05,0.00147504830407899,1
"20561",0.00736390787841223,0.392290224218152,0.600345867903435,3
"20564",8.43442104198214e-06,0.999768828677859,0.0002227369010991,2
"20566",0.774234244302648,0.000953828120251519,0.224811927577101,1
"20569",0.000177036252839829,0.280004935266618,0.719818028480543,3
"20572",5.14305991883615e-05,0.933119835435444,0.0668287339653677,2
"20574",0.999316011085813,1.669187155774e-05,0.000667297042629561,1
"20576",3.82176011322688e-05,0.999008964173408,0.000952818225459475,2
"20578",0.808448747041197,0.0104254106767828,0.18112584228202,1
"20580",0.732348738551647,0.00068615034012114,0.266965111108232,1
"20583",2.94701828565398e-05,0.999382327183922,0.000588202633221468,2
"20586",0.881876544067047,3.64560596413893e-05,0.118086999873312,1
"20589",0.99952190007158,6.06228773586196e-08,0.000478039305542593,1
"20591",0.0402151210253303,7.39724508904723e-05,0.959710906523779,3
"20593",0.999990657456658,4.82810487248453e-07,8.85973285501624e-06,1
"20595",0.991262120088014,0.000302277542401273,0.00843560236958497,1
"20597",0.000163258062637334,0.0119948547772517,0.987841887160111,3
"20599",8.28036644972045e-06,0.999717616411361,0.000274103222189475,2
"20601",0.00284908694979002,0.00131648527853326,0.995834427771677,3
"20604",0.999877662860182,1.36115902789746e-05,0.000108725549539376,1
"20606",0.999863112591645,6.49209050901413e-07,0.00013623819930405,1
"20608",0.995065350533979,8.11837856538861e-06,0.00492653108745539,1
"20610",0.000184598010378557,0.99526806447187,0.0045473375177518,2
"20612",0.937670569629528,0.0131736316688393,0.049155798701633,1
"20614",4.20082647588444e-05,0.982711233216537,0.0172467585187042,2
"20616",0.0217612518835475,0.00324825121336354,0.974990496903089,3
"20618",0.636745597619092,0.0049562118310433,0.358298190549865,1
"20620",0.99352432112617,0.000480516814615569,0.00599516205921408,1
"20622",8.99597932717687e-05,0.998038890910959,0.00187114929576932,2
"20624",0.998435329038945,6.6495990715651e-07,0.00156400600114817,1
"20626",0.775485760348808,0.0206638594105429,0.203850380240649,1
"20628",0.260383894341185,0.00317015452976839,0.736445951129046,3
"20630",0.853811958212694,0.0250768374303017,0.121111204357004,1
"20632",2.61940639776324e-06,0.982959167082478,0.0170382135111244,2
"20634",0.999773781159627,5.66473882014238e-07,0.000225652366490791,1
"20637",0.998248649855328,0.000248695828715971,0.00150265431595563,1
"20639",0.000276190369917408,0.68052678108324,0.319197028546843,2
"20644",0.999990970837925,6.32161588369732e-07,8.39700048636287e-06,1
"20646",0.997911182408306,7.90219408268397e-05,0.00200979565086669,1
"20648",0.00201674273271202,0.0287385751337788,0.969244682133509,3
"20650",0.999390204059969,4.2779802852161e-07,0.000609368142002538,1
"20653",0.00314868611145229,0.00683771372870939,0.990013600159838,3
"20658",0.997207855125056,2.01112188603831e-06,0.00279013375305752,1
"20661",0.856845000535436,7.1199450627039e-05,0.143083800013937,1
"20663",0.61162213428408,5.09742129257987e-05,0.388326891502994,1
"20665",2.01609190786851e-05,0.999692695336893,0.000287143744028006,2
"20667",0.0419350715077234,0.000970634625329031,0.957094293866948,3
"20669",7.67346478007785e-05,0.0147747207181841,0.985148544634015,3
"20671",0.994059391005907,0.000259074420378054,0.00568153457371533,1
"20673",0.000107904210190185,0.0482895897345321,0.951602506055278,3
"20675",0.00928097906025308,0.000214529704140522,0.990504491235606,3
"20677",0.40055194927795,5.49591329407147e-05,0.599393091589109,3
"20679",2.64601898910812e-05,0.0378932496594108,0.962080290150698,3
"20681",0.000309008515254686,0.000156863047833146,0.999534128436912,3
"20683",0.276148841719342,0.000129347465215678,0.723721810815442,3
"20685",0.0159126276166914,0.00414180891965413,0.979945563463654,3
"20687",0.000109463217248671,0.897999496290832,0.10189104049192,2
"20689",0.999859240829742,8.0653784345664e-07,0.000139952632415,1
"20691",1.00163675910873e-05,0.99885315932856,0.00113682430384921,2
"20693",0.99982793875414,8.48459649416837e-08,0.000171976399894923,1
"20695",0.00138112865299822,0.00980682397779573,0.988812047369206,3
"20697",0.999417434551472,0.00015396712006482,0.00042859832846321,1
"20699",0.176193417785605,0.000958827271544967,0.82284775494285,3
"20701",0.800758830542685,8.35557060325604e-06,0.199232813886712,1
"20703",0.00144728435380819,0.00615005297499876,0.992402662671193,3
"20705",0.995306706965794,1.36189242069682e-06,0.00469193114178503,1
"20707",0.017317792037058,9.47543323665381e-05,0.982587453630575,3
"20709",0.0355642405061329,0.869642505120261,0.0947932543736063,2
"20713",0.00105448631701249,0.0265319762808723,0.972413537402115,3
"20715",0.97967474117803,0.0202495837463162,7.56750756536079e-05,1
"20717",0.000720040576956287,0.000521058417813048,0.998758901005231,3
"20720",0.971054043096752,0.000117833919110188,0.0288281229841382,1
"20722",0.961144214750734,2.01293699256711e-05,0.03883565587934,1
"20724",0.000311131765809857,0.195132860845051,0.804556007389139,3
"20726",0.99979202060454,5.63626772210656e-08,0.000207923032783102,1
"20728",0.000129014544204626,0.000583340695106089,0.999287644760689,3
"20730",0.00449227574748531,0.35896310251939,0.636544621733125,3
"20732",0.574509842264074,0.000337743566510051,0.425152414169416,1
"20734",0.416718289170659,0.000136907248467082,0.583144803580874,3
"20736",0.000175937500346322,0.825574060201233,0.174250002298421,2
"20738",0.684779815689053,0.286107746726231,0.0291124375847157,1
"20740",0.884570096258553,3.43522400189464e-07,0.115429560219047,1
"20742",0.000925065559736089,0.000476870168176932,0.998598064272087,3
"20744",9.93215419376863e-06,0.953868764937142,0.0461213029086647,2
"20746",0.0848299501052433,0.000274699267647939,0.914895350627109,3
"20748",0.000377665495085268,0.250810263131708,0.748812071373207,3
"20750",0.00125354336134126,0.613286030200881,0.385460426437777,2
"20752",0.951290644109111,3.77015625268935e-06,0.0487055857346363,1
"20754",0.000359401842845185,0.0268293545677294,0.972811243589426,3
"20756",0.140915687806938,0.260593916878883,0.598490395314179,3
"20758",0.150100226634215,0.503998788784387,0.345900984581398,2
"20760",6.47434308959911e-05,0.185155217343797,0.814780039225307,3
"20762",0.000271538007200858,0.00291641716826251,0.996812044824537,3
"20764",4.42101852261774e-05,0.612221850119835,0.387733939694939,2
"20766",0.000159938830000133,0.0922776318244346,0.907562429345565,3
"20768",0.00297657399964716,0.739733378016909,0.257290047983444,2
"20770",0.0250806271148576,0.00132732569500076,0.973592047190142,3
"20772",0.999714473724313,7.59082684603854e-06,0.000277935448841406,1
"20774",0.999976091212853,9.0486727412943e-08,2.38183004195032e-05,1
"20776",0.0048282305045754,8.30095347274912e-05,0.995088759960697,3
"20778",0.999994944111754,6.86225759001385e-07,4.36966248717575e-06,1
"20780",0.00174396169237445,0.278627277884125,0.719628760423501,3
"20782",0.000129802987881508,0.104720988256541,0.895149208755578,3
"20784",0.000461225836844084,0.00180053678763622,0.99773823737552,3
"20786",6.25905878673227e-06,0.998479404815233,0.00151433612598006,2
"20788",0.0367050822848472,0.000214464083059647,0.963080453632093,3
"20790",0.000102868008534759,0.128488289385264,0.871408842606201,3
"20792",0.0818077673147653,0.366607963371981,0.551584269313254,3
"20794",4.56663540343452e-05,0.514056109897994,0.485898223747971,2
"20796",0.998901163566238,2.27355031246808e-07,0.00109860907873042,1
"20798",8.43442104198214e-06,0.999768828677859,0.0002227369010991,2
"20801",0.000125897074108531,0.996223120018108,0.00365098290778342,2
"20803",0.0637297196467782,4.99588782954263e-05,0.936220321474926,3
"20805",0.337752085229775,0.000188877821701317,0.662059036948523,3
"20807",8.43442104198214e-06,0.999768828677859,0.0002227369010991,2
"20809",0.00369950915036323,0.00176495074329648,0.99453554010634,3
"20811",0.0374425881887272,0.904290390476142,0.0582670213351306,2
"20813",0.431987494867848,0.0685449748768319,0.49946753025532,3
"20815",2.2275410781562e-06,0.997897808357194,0.00209996410172778,2
"20817",0.000684771453521419,0.0358606796353414,0.963454548911137,3
"20819",0.393499766995789,8.52550996174105e-06,0.60649170749425,3
"20821",0.941393423239628,0.0454931956304823,0.0131133811298893,1
"20823",0.225728064344613,0.0129949829501702,0.761276952705217,3
"20825",8.93672261365042e-05,0.0732772655018845,0.926633367271979,3
"20827",0.00164281082949066,0.731580889037094,0.266776300133416,2
"20829",0.994986349470288,7.30508473170264e-05,0.00494059968239515,1
"20831",0.000393265816827316,0.0658522738014227,0.93375446038175,3
"20833",0.00020875818197578,0.283063178435869,0.716728063382155,3
"20835",0.000266879071612565,0.0277462429038921,0.971986878024495,3
"20837",0.000989833543666167,0.00268372135073776,0.996326445105596,3
"20839",0.000223926774386326,0.0151696862757979,0.984606386949816,3
"20841",0.746078957423905,0.000102448572880125,0.253818594003215,1
"20843",0.00281578419303808,7.3184482863286e-05,0.997111031324099,3
"20845",0.00271755126320576,0.496025459174673,0.501256989562121,3
"20847",0.414043134700979,0.000526346211413504,0.585430519087607,3
"20849",0.473088636537492,0.0189074112736917,0.508003952188816,3
"20851",0.705992736330609,8.48535846357307e-05,0.293922410084755,1
"20853",0.983773259967638,5.58547450592435e-06,0.0162211545578558,1
"20855",0.992388386948828,0.000590566587048689,0.00702104646412334,1
"20857",0.59437562672169,0.000129348371118294,0.405495024907192,1
"20859",0.954420483658646,0.000343259804960554,0.0452362565363933,1
"20861",0.0394865623782073,0.0336712359275406,0.926842201694252,3
"20863",0.000230937919619878,0.293235925010582,0.706533137069799,3
"20865",0.00167282945576901,0.00193730600021251,0.996389864544018,3
"20867",0.999994573948482,1.2965799857552e-07,5.29639351969944e-06,1
"20869",0.000772474694744881,0.465235816049776,0.533991709255479,3
"20871",0.997170134906076,0.0024589570651796,0.000370908028744452,1
"20873",0.998734894559544,0.000928276798527298,0.000336828641928575,1
"20875",0.955399220515708,6.08130714993728e-05,0.0445399664127926,1
"20878",7.04413714163746e-06,0.994538048921435,0.00545490694142382,2
"20880",0.00036341917178041,0.267583704159655,0.732052876668564,3
"20882",0.999209374427573,7.14259884819228e-06,0.000783482973578846,1
"20884",0.00101416902711074,0.00524957643232296,0.993736254540566,3
"20886",0.00302833523774821,0.666686573239934,0.330285091522318,2
"20888",5.42757625326392e-06,0.878744004541246,0.121250567882501,2
"20890",0.00105124405279817,0.21651763980503,0.782431116142172,3
"20892",0.586555244613675,7.60467731555468e-05,0.413368708613169,1
"20897",0.135550273641003,0.0144573924989835,0.849992333860014,3
"20899",0.107152495197972,0.0365799165565229,0.856267588245506,3
"20901",0.97030608085948,0.000226234627840594,0.0294676845126796,1
"20903",0.995379319129545,0.00451910952902524,0.00010157134143005,1
"20905",0.899888275655177,0.0398840422456862,0.060227682099137,1
"20907",0.997187227315845,3.38279872814936e-06,0.00280938988542646,1
"20909",0.386810377979468,0.0305542422967348,0.582635379723798,3
"20911",0.999670984949891,3.44122500702136e-06,0.000325573825102285,1
"20913",0.0157781483693911,0.00766373877178797,0.976558112858821,3
"20962",0.85049923421978,0.000174329707206848,0.149326436073013,1
"20969",0.98442799292998,0.0101582546459028,0.00541375242411712,1
"20980",0.840213269996504,0.00154019840703835,0.158246531596458,1
"20982",0.972910325715902,6.27966721378515e-06,0.0270833946168848,1
"20984",0.00159547199827519,0.0074619535943064,0.990942574407418,3
"20994",0.984077880919818,0.000719719335619452,0.0152023997445621,1
"21015",0.00013514714717386,0.704218154684501,0.295646698168325,2
"21023",0.999806095451706,2.20791160300271e-07,0.000193683757133897,1
"21040",0.88799031959947,2.99873810173523e-05,0.111979693019513,1
"21073",0.724070610526316,0.00597909769074835,0.269950291782936,1
"21222",0.00149874080286404,0.102414171854727,0.896087087342409,3
"21224",0.0600983843873644,0.00742996696372993,0.932471648648906,3
"21228",0.046221630703614,0.532535570522601,0.421242798773785,2
"21232",0.997052544426509,6.10142870978846e-07,0.00294684543061972,1
"21237",0.96923497689918,0.00105468537777481,0.0297103377230448,1
"21240",0.000379335195413879,0.0800786563453039,0.919542008459282,3
"21245",0.000186815357869366,0.236061147304436,0.763752037337695,3
"21252",0.993731025804627,1.73997862868824e-07,0.00626880019751014,1
"21254",0.93989439098908,1.7121990291879e-05,0.0600884870206283,1
"21258",0.0910215605935101,0.0150528539305266,0.893925585475963,3
"21264",0.0124221115739113,0.114191711340578,0.87338617708551,3
"21305",0.0177885486961102,0.0396800785435771,0.942531372760313,3
"21333",0.86643716825145,3.35683017955872e-06,0.133559474918371,1
"21366",0.046122172224014,0.000413570759445185,0.953464257016541,3
"21377",7.43724667581801e-05,0.996749260161967,0.00317636737127528,2
"21380",0.85019721549846,0.0490777128394239,0.100725071662116,1
"21387",0.9981118308557,1.3368640599029e-06,0.00188683228023976,1
"21390",0.991308146546258,4.43480590950977e-06,0.00868741864783257,1
"21392",0.280206577083928,0.000475866766384368,0.719317556149688,3
"21403",0.802281728940661,0.0529556442743568,0.144762626784982,1
"21408",0.998302960111765,0.000131985120888274,0.00156505476734659,1
"21412",0.984728188311638,0.00289614014971724,0.0123756715386449,1
"21421",0.00478121588890081,0.00234969148963534,0.992869092621464,3
"21424",0.999700232917991,1.53048592804403e-07,0.00029961403341644,1
"21429",0.994533509041719,4.03162720175798e-05,0.00542617468626345,1
"21431",0.0229077061525322,0.00178711933118253,0.975305174516285,3
"21436",0.00310131067996241,0.00232661133172475,0.994572077988313,3
"21439",0.939431817268519,0.00587763253329702,0.054690550198184,1
"21442",0.0947674021372144,0.153810868315557,0.751421729547228,3
"21444",5.80054957321802e-05,0.00475624927305523,0.995185745231213,3
"21446",1.22146063622607e-05,0.986387462991129,0.0136003224025084,2
"21448",0.0194269150567545,0.00887398413239965,0.971699100810846,3
"21450",0.428671798940602,0.0297802678105361,0.541547933248862,3
"21452",0.949838293272553,3.48348276062012e-05,0.0501268718998404,1
"21466",0.99988166418343,1.73221796127212e-08,0.000118318494390713,1
"21470",0.813140916172291,0.00207105714726697,0.184788026680442,1
"21472",0.982340546824898,3.63690348225127e-07,0.0176590894847537,1
"21474",0.969439410208709,0.000829034121826311,0.0297315556694647,1
"21477",0.00013077341257417,0.00474657678953736,0.995122649797888,3
"21480",0.999975777759881,3.8446451223577e-09,2.42183954738811e-05,1
"21483",0.000430277729339792,0.083539953776881,0.916029768493779,3
"21491",0.00108109466029946,0.404315514934723,0.594603390404978,3
"21494",0.999811048438667,3.6330911057896e-05,0.000152620650275365,1
"21499",0.998942391680402,1.05508703074456e-05,0.00104705744929009,1
"21501",0.990120435419181,5.30004667199176e-07,0.00987903457615187,1
"21506",0.957116847414148,1.02854067224036e-05,0.0428728671791301,1
"21511",0.918638883689136,0.000262451594787237,0.0810986647160768,1
"21513",0.0831508283204255,1.74588461545284e-05,0.91683171283342,3
"21521",0.10940139040685,0.000605000422812514,0.889993609170338,3
"21523",0.0604655559178006,3.63517171109825e-05,0.939498092365089,3
"21525",0.00392012779585838,0.000913762662628929,0.995166109541513,3
"21531",0.999632618621546,4.7893569470532e-06,0.000362592021507065,1
"21536",0.858859464105811,0.000848743173832185,0.140291792720357,1
"21544",0.909804641420275,0.00628151973661658,0.0839138388431081,1
"21547",0.995230067274369,0.000161646816264926,0.00460828590936538,1
"21551",0.932867234410285,0.00427778383867313,0.0628549817510418,1
"21556",0.988372730095689,1.45050095530969e-05,0.0116127648947583,1
"21559",0.0518547673832122,3.14237357574959e-05,0.94811380888103,3
"21563",0.997167051616158,4.93732427587615e-06,0.00282801105956623,1
"21565",0.999543965396308,1.29125629586976e-06,0.000454743347396155,1
"21568",0.996787938064594,7.46914957201004e-06,0.00320459278583418,1
"21572",0.999994420456914,7.00188125610359e-08,5.50952427349423e-06,1
"21575",0.959681816423533,0.000729424348239838,0.0395887592282272,1
"21577",0.0218498798450973,0.105904109691397,0.872246010463506,3
"21579",0.320038333583661,0.000389157540691173,0.679572508875648,3
"21581",8.43442104198214e-06,0.999768828677859,0.0002227369010991,2
"21584",0.000343262185493741,0.124021616843438,0.875635120971068,3
"21586",0.0295054287450129,0.00530112279679644,0.965193448458191,3
"21588",0.0946758896097738,0.142351904702909,0.762972205687317,3
"21590",0.995200466299296,4.96812393389759e-06,0.00479456557676989,1
"21594",0.00517131188309569,0.070072139515868,0.924756548601036,3
"21596",0.000787704937086699,0.348041136675855,0.651171158387059,3
"21598",0.998409855231143,1.63461780685839e-05,0.00157379859078829,1
"21600",0.000381613630646881,9.71661928209213e-05,0.999521220176532,3
"21602",0.887106490637245,2.16080847863424e-05,0.112871901277968,1
"21604",0.311965887480287,0.0222796609330196,0.665754451586693,3
"21606",0.000238027724621944,0.98521972401648,0.0145422482588984,2
"21608",0.295852253577852,0.00432156940780863,0.699826177014339,3
"21611",0.0201348688852564,0.000554931160541367,0.979310199954202,3
"21613",0.664708519862815,2.87711622549143e-05,0.33526270897493,1
"21615",0.0442318310766899,0.0577834344171272,0.897984734506183,3
"21617",0.00986809136519339,0.591187593617194,0.398944315017613,2
"21619",0.0228258685149888,0.000283615971290144,0.976890515513721,3
"21621",0.00363599084681978,0.140056353386588,0.856307655766592,3
"21623",0.00103233513378867,0.0538517736897443,0.945115891176467,3
"21625",7.41973480823243e-06,0.998131817267665,0.00186076299752693,2
"21627",0.363278565413523,0.00422706822571415,0.632494366360763,3
"21629",0.000184200877988839,0.000692612635845133,0.999123186486166,3
"21631",0.000212804525947939,0.96894993086524,0.0308372646088124,2
"21633",0.994788695934799,0.00448079919323611,0.0007305048719652,1
"21635",0.997865395935929,6.20949153688008e-06,0.00212839457253436,1
"21637",0.545854233855079,0.255004108075695,0.199141658069226,1
"21639",0.993137554749186,0.000919598264888632,0.00594284698592526,1
"21641",0.00100492391259258,0.00389968548693002,0.995095390600477,3
"21643",0.272275524855311,0.0208297051064307,0.706894770038258,3
"21645",0.000738408886449596,0.0362570428630779,0.963004548250473,3
"21648",0.414066575862078,0.000203154688660126,0.585730269449261,3
"21650",0.996926533456483,2.29006484154135e-05,0.00305056589510123,1
"21652",0.711537617368276,7.79145561668707e-06,0.288454591176107,1
"21654",0.995197919664727,6.50775174520889e-06,0.00479557258352816,1
"21656",0.000225791915247172,0.167087747567183,0.83268646051757,3
"21658",1.24509262183581e-06,0.998130879839756,0.00186787506762218,2
"21660",7.81791102178922e-05,0.975733227476034,0.0241885934137482,2
"21662",0.00928545136800486,0.0138411121602365,0.976873436471759,3
"21664",0.000202921033472123,0.0944629614611449,0.905334117505383,3
"21666",0.316110371711813,0.680331424357593,0.00355820393059343,2
"21668",0.000166688143941608,0.00465744223407703,0.995175869621981,3
"21671",0.283963628672177,0.000180079369772952,0.71585629195805,3
"21673",0.000180571698996484,0.385285364076099,0.614534064224905,3
"21675",0.00687791607925487,0.00325787677293773,0.989864207147807,3
"21677",0.999719271468129,1.2926431228019e-06,0.000279435888748536,1
"21679",0.0076991308818747,0.000788121206328385,0.991512747911797,3
"21681",0.00114161134821788,0.00572527838404277,0.993133110267739,3
"21686",0.999595693854846,9.21609245472876e-05,0.000312145220606488,1
"21689",0.999393814226451,4.53380798793877e-05,0.000560847693669556,1
"21706",0.626856984232401,0.0020910174979641,0.371051998269635,1
"21708",0.99766214309088,1.11309824804339e-06,0.00233674381087157,1
"21711",0.0210098710021563,0.00596087782762903,0.973029251170215,3
"21716",0.999968296442883,2.73666330040537e-07,3.14298907868037e-05,1
"21719",0.110640609446574,1.33448073069881e-05,0.889346045746119,3
"21722",0.700191321225585,0.00344018384749036,0.296368494926925,1
"21725",0.696129563518733,7.37883872759629e-05,0.303796648093991,1
"21728",0.964504692986458,4.90741163100682e-05,0.0354462328972318,1
"21732",0.996184596054932,0.000223884517835877,0.00359151942723153,1
"21734",0.997174623503579,2.11858381465244e-06,0.00282325791260686,1
"21737",0.00168961111686001,0.000505767843942714,0.997804621039197,3
"21740",0.0443564177014405,0.125585134883614,0.830058447414945,3
"21742",0.999845329920096,3.33181115885427e-06,0.000151338268745447,1
"21745",0.649773936723498,0.0190278200115457,0.331198243264956,1
"21747",0.984563814393904,4.96337809684728e-06,0.0154312222279989,1
"21749",0.00476400156353195,0.733925364974256,0.261310633462212,2
"21751",0.998420770765977,9.40704931588085e-05,0.00148515874086382,1
"21753",0.998164241323085,4.10822942123766e-05,0.00179467638270285,1
"21756",0.999819086485007,1.32783241152133e-05,0.000167635190878223,1
"21759",0.0515203095948856,0.27468750887007,0.673792181535044,3
"21761",0.896210412966923,0.00115442414974857,0.102635162883329,1
"21763",0.00222512999741602,0.00092265709362536,0.996852212908959,3
"21765",0.891215890982105,2.73431108212933e-05,0.108756765907074,1
"21767",0.997749823714262,1.41492095223743e-05,0.00223602707621549,1
"21769",0.999862201323319,2.05998086394237e-07,0.000137592678594821,1
"21771",0.998351323329757,3.24156245360161e-05,0.00161626104570754,1
"21774",0.00115047328788375,0.28912356272619,0.709725963985926,3
"21776",0.963120993253583,2.77802791431124e-06,0.0368762287185026,1
"21778",0.959344320548645,0.00149779000835916,0.0391578894429957,1
"21780",0.0251757170096884,0.413811351525028,0.561012931465284,3
"21783",0.797302354004087,0.00678179658592194,0.195915849409991,1
"21785",0.273932804870492,3.38478596006559e-05,0.726033347269908,3
"21788",0.999236817277066,8.21609395020639e-08,0.000763100561994059,1
"21790",0.999985525451287,3.85334090233186e-08,1.44360153044361e-05,1
"21793",0.985543543682671,0.000159771236338062,0.0142966850809907,1
"21796",0.0420102735902719,0.00132429414190696,0.956665432267821,3
"21798",0.983928617434637,0.000280703219860817,0.0157906793455028,1
"21801",0.999979659277657,4.54907738562625e-08,2.02952315693278e-05,1
"21803",0.756598806302702,0.0044855996603341,0.238915594036964,1
"21805",0.999995558377691,8.69731505478129e-07,3.57189080298654e-06,1
"21807",0.160781051024488,0.014481016887207,0.824737932088305,3
"21810",0.951108234479969,4.14728681840451e-06,0.0488876182332127,1
"21812",0.999682958383708,2.84930607264651e-05,0.000288548555566105,1
"21816",0.989255836527435,2.18258846467961e-06,0.0107419808841,1
"21819",0.999406669563315,0.000570508928982207,2.28215077026126e-05,1
"21821",0.0165591072342252,0.343976359119097,0.639464533646678,3
"21823",0.000128911301374582,0.691920240811209,0.307950847887417,2
"21825",0.987483901334029,7.52653203441342e-05,0.0124408333456272,1
"21827",0.997694320147537,0.000418300469936285,0.00188737938252681,1
"21829",0.988970404994064,8.10524441056324e-05,0.0109485425618299,1
"21832",0.198719496075127,0.798614756446332,0.0026657474785418,2
"21834",0.857961675219843,4.78104198981979e-05,0.141990514360259,1
"21836",0.857961675219843,4.78104198981979e-05,0.141990514360259,1
"21839",0.081152415571262,0.0903523967158502,0.828495187712888,3
"21841",0.21520587502247,0.777602806521737,0.007191318455793,2
"21843",0.000704763059698967,0.347473534351909,0.651821702588392,3
"21846",0.999538868039649,0.000408510034207456,5.26219261434537e-05,1
"21848",0.995278433969569,0.00102798811745088,0.00369357791298044,1
"21850",0.841115586819788,0.000657066281328853,0.158227346898883,1
"21853",0.0046458523805208,0.946773648029849,0.0485804995896301,2
"21855",9.84648131942412e-06,0.999024235451193,0.000965918067487204,2
