"","V1","V2","V3","V4","V5","V6","V7","V8","V9","V10","best$classification"
"19811",2.08382845379018e-10,1.12000262801367e-05,0.0256290737993027,2.18781116247079e-09,0.900684609579139,1.72798579865799e-07,0.000187500368791634,0.00020639812697087,0.0732630578647627,1.79850399791901e-05,5
"19813",1.59525107291268e-12,2.59619489376683e-08,0.999941258302104,3.06483618716538e-08,5.80081570391081e-05,3.90235772457814e-09,4.58364214303792e-08,5.28967111085666e-07,9.50929967034879e-08,3.13006386251996e-09,3
"19815",1.44090884679528e-05,0.000828176188687436,2.27135801217276e-07,1.49813996370142e-09,0.963568459913956,7.23830718951871e-05,0.00641779450332336,0.0029589703031133,0.0261395270818195,5.12147957631099e-08,5
"19817",2.2645569252958e-07,0.000119572141159641,3.19475356068031e-06,1.98056145576938e-10,0.54189010226866,2.95644549184375e-06,0.00262311786398547,0.00432618309201164,0.451018225309935,1.64214714472038e-05,5
"19819",0.686930138294072,4.00254084032157e-05,7.33430284005773e-12,0.00246204371154747,9.45589270135358e-07,0.260266624723663,2.12640362860159e-05,0.0502785600136084,3.8959132103857e-07,8.62449418563062e-09,1
"19821",4.49172612419597e-09,6.39700843058362e-07,0.014079564433478,1.0322754098921e-07,0.31566606695912,4.04002524133078e-05,0.000206352843458162,0.00487089280453704,0.663217552395676,0.00191842289120772,9
"19823",0.00116832080764313,0.719210263691381,3.38772711175479e-07,5.40481709306473e-09,0.216050227680912,6.07497556852462e-06,0.000130541305701512,0.00141665889956584,0.0620158166410981,1.75182060182074e-06,2
"19825",2.29896775206977e-05,2.11714084068625e-06,0.000871686767348628,0.145262592322595,3.03051216030667e-05,0.00517700727554296,0.00216624454252047,0.00375677673767601,0.00173296246604733,0.840977317948305,10
"19827",6.29252488379547e-07,4.9234968966475e-05,2.88134559622079e-08,4.8695407670424e-09,0.00333746083940974,1.18416232216316e-06,7.52431647055033e-06,0.000897732293406603,0.984525215226886,0.0111809852570535,9
"19829",5.64485655990878e-05,3.3385276547973e-08,4.00531881572931e-07,0.00106737481161535,1.40777683244598e-05,0.0670334932389125,0.000364366357593567,0.929230648493557,0.00068437868374751,0.00154877816349197,8
"19831",0.110992477940303,0.00173010561294366,5.09492312047211e-08,0.0144340467387317,3.28459021823716e-05,0.0704751283822454,3.20556791157072e-05,0.802302462482277,8.11014686102239e-07,1.52982837511822e-08,8
"19833",0.0934582981005434,0.902734356915237,4.20302365831036e-07,0.00115389177852804,9.20229119772363e-08,5.32260389991951e-07,0.00263654420401816,3.16244867903296e-07,1.2507408628968e-07,1.54230970514498e-05,2
"19835",4.49172612419597e-09,6.39700843058362e-07,0.014079564433478,1.0322754098921e-07,0.31566606695912,4.04002524133078e-05,0.000206352843458162,0.00487089280453704,0.663217552395676,0.00191842289120772,9
"19837",1.29635007365526e-07,7.30124754406075e-06,5.58954957716447e-07,1.88572040293505e-09,0.0337067108580544,7.69497053284707e-06,2.22692447910063e-05,0.0136784682682507,0.951732609383128,0.000844255552013886,9
"19839",2.47036269577114e-06,1.81410074555141e-07,0.000289818214776147,0.545628547963939,0.000138473750578463,0.027364092807895,0.000650627360107625,0.416847007652336,0.000717827784495678,0.00836095269310126,4
"19841",1.47410299994015e-10,1.84014891109937e-10,4.59175104940749e-06,1.72548417429767e-05,7.2815969842184e-09,3.31983879214645e-08,7.02284952937661e-09,3.48899405247608e-07,9.34195178122316e-05,0.999884337155731,10
"19843",9.90231849667248e-06,1.25400138424938e-07,0.00364234444766697,0.736838457901616,4.30580788351054e-05,0.247184333549139,0.00084681567396433,0.0114349527336843,8.62871829222779e-09,1.26774105312574e-09,4
"19845",5.30974911957207e-11,9.27284769001899e-06,0.836683951622046,7.19633075285298e-10,0.1623689884477,1.88130839308949e-08,9.15856371065656e-06,4.35958798001103e-06,0.000923989114783753,2.60230274845181e-07,3
"19847",3.11572007354838e-07,9.35788822667358e-05,0.000732514382874556,4.6986394191305e-08,0.989597823676327,6.3725308564134e-05,0.000960682662012228,0.00598888363368735,0.00256239316456673,3.97312999285682e-08,5
"19849",2.62384330810647e-13,2.94780190663055e-08,0.999890799652796,2.41178335278205e-09,0.000108751663785877,3.17373139275351e-10,5.55163699050602e-09,3.94632730077263e-08,3.65484238994135e-07,5.97683089817803e-09,3
"19851",8.79133761011188e-08,0.000245159366763538,5.20219954818342e-06,3.33284018242912e-11,0.933758926026318,6.84438301766713e-07,0.000209529337642731,0.000321291179398027,0.0654588839263945,2.35578928547442e-07,5
"19853",5.08507871634039e-08,0.0942821819355123,0.00993153522875054,3.08474748186644e-11,0.805921551393714,2.73316730325783e-09,1.37083377020761e-05,6.35716307237717e-06,0.0898361222215404,8.49010490664389e-06,5
"19855",1.00009547540927e-08,0.000573060885870248,0.000802584338545797,2.09602261557659e-11,0.344121285672752,2.19657551878876e-08,7.63160468744035e-05,0.00027503708159531,0.653989802746282,0.000161881240410469,9
"19857",2.5654016478908e-08,3.18350317289298e-06,0.0142498925672482,6.37378600369924e-07,0.303808311552829,0.000161090808085784,0.0063577473626503,0.327611519129462,0.345767857181398,0.00203973486253729,9
"19859",2.38779860812903e-06,0.000485208127845406,4.64289311916023e-06,1.73485167456045e-08,0.158148796713925,1.32786544158114e-05,0.00196538387425817,0.0462435928792606,0.792446381126464,0.000690310583587087,9
"19861",4.23344099646513e-10,3.48266302557721e-05,0.0343629824839374,5.24112324867473e-10,0.95918234099597,9.7730767392297e-08,1.73939535101114e-05,6.6803128078938e-05,0.00633538596083216,1.68169192010753e-07,5
"19863",4.15909901605055e-13,9.85328795034868e-09,0.992978917428264,1.20620938851128e-06,1.52853857121157e-06,1.3415514894078e-10,3.4443554734541e-08,1.58058481910096e-08,1.83523963626458e-05,0.00699993519015197,3
"19865",3.42139532169123e-10,1.58476860684633e-08,5.46746992055304e-07,9.91654187060392e-09,1.51662769115613e-05,2.43712889617054e-08,4.05038153054749e-06,5.40780304785786e-06,0.0928734841357804,0.907101294178081,10
"19867",2.88726163571993e-08,2.68309238975229e-05,0.000415898589661159,1.19005328871331e-09,0.998209506616042,6.70609799825109e-06,0.00019470813450167,0.00017778939616847,0.000968527966815024,2.21224670867734e-09,5
"19869",5.27137784332677e-13,2.39303643572187e-07,0.995238783985027,2.01048323237049e-10,0.00445386355810079,3.81256557844511e-10,5.28215255602202e-08,3.8463067933839e-07,0.000304782096836325,1.8930213551591e-06,3
"19871",2.35896026878242e-06,6.76280807027156e-05,3.25348889951048e-07,6.45153955154625e-09,0.0274590571221038,2.32949108361061e-05,0.00049238363297519,0.0870247004608915,0.883388679471068,0.0015415655607243,9
"19874",2.31926030016138e-08,1.89724401606352e-05,7.57706607026927e-07,2.30185821347114e-09,0.00269898390358796,4.39453026979165e-08,0.000130108331668062,3.11076943159923e-05,0.924586761744064,0.0725332387398327,9
"19876",1.03155092950511e-10,2.41067314540248e-06,6.28561047716319e-05,3.09127730456481e-11,0.0129989448723524,2.9718903741182e-09,1.70015751300959e-06,1.35223173073919e-05,0.979175777517408,0.00774478525154357,9
"19878",8.9905678450658e-06,8.85053554954344e-07,8.57177668172166e-07,5.82551739750989e-05,0.000982056943077139,0.00208140968484071,0.99681572482864,3.68448171091576e-05,1.4845163067695e-05,1.30590221816022e-07,7
"19880",1.56385634772883e-11,4.40417788033128e-08,7.34125979268822e-06,5.92510736080129e-10,7.83568221138883e-06,2.14223792954689e-10,4.26068531871216e-08,3.98923035420327e-07,0.0607839290132205,0.939200407650735,10
"19882",2.02245565945687e-09,0.000101879838667918,0.16575268850371,4.14849222716204e-09,0.789626795611806,2.18026224768576e-07,0.00114713117103765,2.26873701431791e-05,0.0433166002869766,3.19930204864118e-05,5
"19885",4.56858420848997e-07,6.01073599169709e-06,3.97788444997181e-06,1.068372145309e-08,0.552161160576149,0.000359328832802586,0.00692013530721926,0.145953918512114,0.29457941715316,1.55834559709524e-05,5
"19907",5.7679764324625e-09,1.0588591029922e-05,0.0109123201584446,8.64428368141754e-10,0.985450769323436,2.83065883828975e-06,0.00045228992721356,6.49736677479231e-05,0.00310617909044975,4.19504355139276e-08,5
"19909",2.60819127166375e-06,8.03999052193028e-08,8.86302738387433e-06,3.80648432808226e-05,0.000665647454571196,0.0306327729533022,3.95340992098429e-06,0.968622416295809,2.55572793153138e-05,3.61452396938195e-08,8
"19911",3.84310295410661e-05,4.03512614890641e-06,7.23880947333636e-07,0.00081562033826529,0.000122751594278735,0.00770162097949643,8.10094260143628e-05,0.988726387248256,0.00159240319854445,0.000917017178507534,8
"19913",1.27197378907158e-10,3.79560212981807e-09,3.70284250293396e-08,5.94180680971492e-08,6.70125694615684e-09,3.68249795565791e-10,6.37124312657903e-09,5.69583115790326e-08,0.000386731992058233,0.999613097239588,10
"19915",8.44539601576017e-09,7.69396826371081e-06,1.57730939574873e-07,7.37699727811662e-11,0.00379375850932673,2.55428847151225e-08,1.80242048964954e-05,3.02560432759166e-05,0.987818179789411,0.008331895691836,9
"19917",1.49373342414608e-08,1.64715216492416e-06,1.06298339665801e-06,3.90415316028636e-07,0.000187163258980894,3.09226958847883e-07,3.54642583356454e-05,0.000249194893689632,0.250853535723182,0.748671217150641,10
"19919",2.20424618537118e-07,2.72241834986389e-05,1.34794168409587e-07,1.99419731960512e-09,0.0158448808783691,1.19218366218095e-06,0.00132169066875213,0.00119150522599504,0.977782195588408,0.00383095405833101,9
"19921",2.21208993343168e-08,3.24429009847157e-05,3.26719388906021e-05,1.30981489998459e-10,0.989937542831352,2.35091741530917e-06,0.000437030936252621,0.000493063487521267,0.00906485256159915,2.21741040487409e-08,5
"19923",0.00010146662904947,0.000945992135833797,5.36903771398025e-06,1.58869599569901e-06,0.234212936709246,0.000867480503263767,0.763421958607997,0.000328542536950854,0.000114663036731053,2.10721798922914e-09,7
"19925",1.07813785374605e-08,2.66956887278279e-06,2.03927181673697e-07,2.85802536804363e-09,0.000652676829323994,6.58221142198094e-08,6.30878708359934e-05,3.822856439734e-05,0.794613019224602,0.204630034553268,9
"19927",6.83394873609093e-08,0.000191943715413231,1.27519238446785e-05,5.53767262448727e-11,0.751242842858103,7.57518536656764e-07,0.000113286565790801,0.00169883373757506,0.24673655641877,2.95886710265667e-06,5
"19929",6.74214515101388e-13,1.21825569432052e-08,0.310699166783667,1.20300883578697e-06,1.75171147249894e-06,2.05656890393837e-10,8.99654952413598e-09,9.56294221483803e-08,0.000535187001482811,0.688762574479682,10
"19931",2.55019536510867e-06,0.000265946987796416,2.84993022249855e-07,3.74114802980886e-09,0.455910759956852,2.77951777061456e-05,0.000570801929838946,0.00925940538629187,0.533942289420772,2.01622112069352e-05,9
"19933",0.000190332705243397,6.53236204299657e-06,3.02334661690499e-08,4.67141007956115e-06,0.0124682245547395,0.0476217849544488,0.000103747561082358,0.915478240659443,0.0241158559882926,1.05795711621832e-05,8
"19935",3.39298204623528e-07,1.29725834624784e-06,0.000311544920531119,8.39174373200907e-06,0.734133280053572,0.0109293835020374,0.00726800574440848,0.138999953282975,0.108297636532901,5.01676632921659e-05,5
"19937",3.18997137048198e-06,0.00104086250972305,4.64991994546505e-07,1.18818693694033e-10,0.952813032828127,7.9851634335738e-06,0.000856702034686348,0.00133753614669837,0.0439401521827276,7.40524198277317e-08,5
"19939",2.36190111602391e-06,6.07865674991454e-05,1.95288718419395e-06,2.14895081692889e-09,0.381396587678822,4.01862579277125e-05,0.292149287410561,0.00105316609877513,0.325256718921443,3.89501277206322e-05,5
"19941",5.51461340312964e-06,3.96960771801562e-07,3.58131129962507e-05,0.0652925789040006,9.10284243899064e-05,0.0236948031052009,4.52970361846094e-06,0.896993160996463,0.00204348303096814,0.011838691148188,8
"19943",3.6164403175976e-09,2.30926726108923e-07,2.90028348414601e-08,3.17824901803666e-09,1.96165978246461e-06,3.63765517529323e-09,9.57434417706612e-07,1.94890115043186e-06,0.0412062242223964,0.958788637420347,10
"19945",0.000565722500870273,2.45206510418005e-05,1.21811520598622e-08,5.66498746795982e-05,0.0135175395316912,0.0929577747166148,0.00267127039036261,0.888589016489916,0.00161712718084639,3.66482825300672e-07,8
"19947",6.84419791605317e-06,4.96164811963701e-06,0.00853730430092096,0.00112922640319713,0.000139136493374963,0.000977991475910854,0.000273375116469298,0.445861806239998,0.0131597128256767,0.529909641298416,10
"19949",0.000895634270225442,0.000163380815473377,8.79222764321029e-08,2.38461838249742e-06,0.162874897221073,0.0207084182164084,0.811938733780453,0.00273420365517604,0.000682247930794386,1.15697372601138e-08,7
"19951",4.2010319134065e-07,6.68424000091775e-06,2.01895036097123e-06,1.2365998534379e-06,0.00954107973156272,2.49995102611052e-05,0.0362699349331335,0.000661468743789603,0.842407879213475,0.111084277974371,9
"19953",0.888958198569874,0.0286122496376514,2.42456299656082e-09,9.85018026125792e-05,0.000624307112766453,0.0587562502447261,0.000834399543344263,0.0221138038318449,2.28641684615114e-06,4.15771378544482e-10,1
"19955",0.0193850181754326,0.00117902852733594,1.92332038894457e-06,0.0152523696307354,0.00167530576256591,0.112093395035224,0.360100639332405,0.490300742414907,1.14746745954615e-05,1.03126408847725e-07,8
"19957",4.01720966219935e-05,0.00656686715967018,7.25852939845384e-06,1.34777057632622e-06,0.0014864916833302,3.68343197871298e-06,0.000253939732895227,0.047432943624541,0.514153397834003,0.430053898136985,9
"19960",5.55602016464743e-05,7.45512213507723e-08,1.11908582243349e-05,0.0012162084045909,0.000107404561085725,0.259602610232814,0.00990793630755651,0.728919133401481,0.000131569097812665,4.83123835668198e-05,8
"19963",0.00108250852051307,0.0459787228411832,4.00798601039542e-06,0.00719828291325723,1.03325288004245e-06,9.06752604139004e-07,7.09263022956559e-07,2.83041890850988e-05,0.000884269778887757,0.944821254502556,10
"19965",0.000223903251914548,6.18455884002991e-07,1.10621386178573e-05,0.0293199122903297,0.00036460656553183,0.77360815205328,0.147722107462287,0.0487494943409121,1.42888274595041e-07,5.52968528252101e-10,6
"19968",9.76224664193412e-11,1.33470640472566e-09,0.260239378557227,9.39596186273377e-05,0.000781938549037246,3.29032864841803e-05,1.31866062028603e-05,0.00148988526558491,0.0408819678253056,0.696466778859202,10
"19971",0.000135821962512374,2.77772830855388e-06,1.20919223267781e-08,0.000608629123869146,3.21623658812934e-09,3.34815736748259e-06,1.24220404590752e-05,9.4695964227958e-06,5.70348328542665e-05,0.999170481250047,10
"19973",5.15879193715314e-09,3.43440299225223e-06,1.67813114330662e-05,4.22823376463805e-10,0.272998894174796,1.77981900939554e-06,0.00023893584060649,0.00180276137366613,0.724811355340668,0.000126052155212858,9
"19975",4.21375190899573e-10,4.26499977569751e-08,1.5925012454293e-05,5.11276905633366e-08,0.00057577645347743,2.98571231365565e-07,3.15435913395276e-05,0.000192335889295117,0.446889945166188,0.55229408111695,10
"19977",4.80801213987843e-07,1.23029962733284e-05,1.70872973868908e-05,0.0001374430119359,4.71319332156149e-06,3.09717095825077e-07,0.000332040629265744,4.42143114108539e-06,0.00232732126439616,0.997163879657969,10
"19979",0.00313558196365288,3.27807379189124e-09,1.737802557751e-11,0.0206048920133898,2.66823554337758e-08,0.912597400587741,1.5084944465148e-05,0.0636468378948831,7.62265001049325e-08,9.63915607856251e-08,6
"19981",2.68986227326027e-07,2.81492841952974e-05,0.00024066582860331,8.09194641249346e-08,0.291635506756026,0.000146778131721052,0.000247351662557318,0.661169440619214,0.0465249830905004,6.7747214913269e-06,8
"19983",2.46778763124006e-06,5.11845068009574e-05,0.000139436032935903,5.59332025803179e-08,0.699353278889712,0.000758873497657936,0.138057395414326,0.153650284896807,0.00798675429594629,2.68744980449691e-07,5
"19985",3.94084200951408e-10,1.99615363154228e-06,8.35388174419297e-06,2.27061938537826e-10,0.00257439153113314,5.42550780033402e-09,2.40684149160281e-05,1.6868968971064e-05,0.918569838486829,0.0788044765161208,9
"19987",5.69956676018055e-06,8.79477196084224e-06,6.61118661974726e-07,4.71119621643434e-07,0.0339994051895066,0.00114150750991349,0.000103812004083091,0.351444180228189,0.61167268051785,0.00162278797345394,9
"19989",0.0112126931641191,1.73055061896014e-07,1.49269846540267e-11,0.000653864382662293,3.25642063006785e-06,0.974035727116562,4.26528232475747e-05,0.0140516108683532,2.21375103354484e-08,1.6926704912656e-11,6
"19993",0.00013503479762091,1.68724982984265e-06,7.17022824373231e-08,9.60242281381115e-06,0.0184151465669626,0.0407553073185405,0.78973598366905,0.0213067184016653,0.128935625673775,0.000704822197459361,7
"19995",0.000100830165413663,4.94853191236228e-06,1.63500877544826e-06,0.000535956123540661,0.0417629411841306,0.260590114378082,0.0503618106453997,0.577048223126165,0.069073334999848,0.000520205836732742,8
"19997",1.19671778234199e-08,5.50094875036338e-05,1.2901023055341e-05,7.48268969814423e-10,0.236457315195127,2.70899859874216e-07,9.7426644521212e-05,0.000391379343586699,0.762753467214296,0.000232217476603045,9
"19999",1.5408994831668e-10,5.3063818303918e-06,0.000411691748548383,4.13618717332795e-11,0.0805952987058732,1.05463252494802e-08,7.46214390728266e-06,9.65218379049505e-05,0.917438614794493,0.00144509364566632,9
"20002",9.55186429955002e-09,7.19166804504924e-07,0.292264644952255,0.0179147470798625,1.11784514240539e-05,2.02741939317615e-06,3.89348520612376e-08,1.36599652003148e-05,0.000618555048735353,0.689174419429608,10
"20004",2.52740866018713e-06,3.9372760492957e-07,2.65672229454394e-05,0.000184155953286506,0.00316532035839361,0.0239734249629224,3.337908532929e-06,0.96664320016558,0.00587262224433465,0.000128450047739493,8
"20006",0.000270929410247657,4.11375998640696e-05,0.000504807136209807,0.00454398384847362,0.00118917501839838,0.0392808080865615,0.549139008723729,0.404714666351914,0.000219040227269697,9.64435973324262e-05,7
"20008",0.000746707500350702,7.46694339171507e-05,1.03236752486762e-05,0.0921109349907031,0.00459262504686346,0.0983358629702896,0.801581343698396,0.00239992337193367,0.000139696495116227,7.91281718178001e-06,7
"20010",0.0308066275639155,0.00012649067092293,6.79428142471578e-10,5.54126644606726e-05,0.00617690245672624,0.302005683940303,0.503350768274149,0.157262560736848,0.000215515061459371,3.79517882905165e-08,7
"20012",1.13118268770486e-09,4.09231482910405e-07,0.00834960961770821,4.46449825385857e-08,0.0122964508635335,6.96842951503962e-07,0.00127820448778449,4.2349449307641e-05,0.738218164229205,0.239814069501862,9
"20015",3.35672756039482e-06,5.54232875050091e-11,3.60161097905968e-08,0.00552305045055556,2.67156639149185e-06,0.987165436803412,0.00110385218298288,0.00620157691959881,1.87634932536874e-08,5.14472983808358e-10,6
"20017",5.64110792894949e-10,9.51803013825765e-06,0.00194639036488172,1.6301128126279e-10,0.176605703257489,8.009998288245e-08,2.02573688774966e-05,0.000948453155995208,0.819531063504257,0.000938533491256799,9
"20019",0.0126301244293338,4.71537703731682e-09,1.479825760339e-12,0.0191126579201237,7.09956988627810e-09,0.966107240315307,0.000366443396475522,0.00178352166230371,3.5968083639399e-10,1.00348703995934e-10,6
"20022",0.00131643912798612,1.75988332363773e-06,7.09651147254812e-10,3.04775412115076e-05,0.000493237301969862,0.211260716923133,0.00522791312941098,0.781639098333072,3.03441401273826e-05,1.29101138706952e-08,8
"20024",0.854548323180924,0.000140567172609583,2.02690126633818e-09,0.0119872735220469,6.04218811976207e-07,0.128891872082318,0.000120842095736338,0.00431050588590022,8.93789725973534e-09,8.76853783277312e-10,1
"20026",0.854548323180924,0.000140567172609583,2.02690126633818e-09,0.0119872735220469,6.04218811976207e-07,0.128891872082318,0.000120842095736338,0.00431050588590022,8.93789725973534e-09,8.76853783277312e-10,1
"20028",7.9911942665619e-10,1.41169515303275e-05,2.16318816880005e-05,1.242859584606e-10,0.0282089332732397,1.10441617039089e-08,1.42405246341788e-06,3.80605472060149e-05,0.968971841171393,0.00274398015491261,9
"20030",1.27597778925564e-05,2.05587858471463e-09,1.08821200470236e-06,0.105126543253134,5.43599339630163e-06,0.517610246062778,6.13970772645383e-06,0.377197135609998,1.30470506765179e-05,2.76022765152777e-05,6
"20033",4.54062959983689e-08,1.97107424215084e-06,4.21432942135421e-06,7.32749789776042e-09,0.0118424598060514,5.17465967403506e-06,4.78237667941264e-05,0.00747693828797399,0.973262092932007,0.00735927241004169,9
"20035",0.0160482778632438,5.68478650543895e-09,3.59979034510731e-12,0.00185121592322709,2.04926137592978e-08,0.980119523212688,0.000495291656535769,0.00148566424810932,8.5063826116146e-10,6.45581392891195e-11,6
"20037",0.000637138144891478,3.1917221109799e-09,2.16899466450093e-10,0.00757528536179537,2.32108948546066e-07,0.989370569634005,0.000577398775773162,0.00183937242139826,1.43709731664378e-10,8.56837500698448e-13,6
"20039",0.998562742112249,0.00136440649094992,8.03597998740246e-13,1.03244357702645e-06,1.09161558455211e-08,5.58918272540995e-05,1.56902195178218e-05,2.25942691731306e-07,4.6518049626271e-11,2.82912532765331e-13,1
"20041",8.63909056720392e-05,0.000139530682254244,3.99962330483049e-07,4.1357831808222e-07,0.00217632106198868,0.000233800455061386,0.989462710784568,0.00762846297316745,0.000271185779981453,7.83816658214776e-07,7
"20044",0.000936452086615743,0.000467021236509637,2.21197680876678e-06,2.85109120464813e-06,0.00322386976412724,0.00175175015719137,0.94255252674982,0.0466635287830216,0.00431849294502397,8.12952096774553e-05,7
"20047",0.062326398497834,2.3299631321607e-08,1.34712964771393e-12,0.303059723740412,9.15251249159715e-10,0.629714834683542,2.25270091578816e-05,0.00487648564400534,7.67706879366714e-10,5.44111301864019e-09,6
"20050",0.392412801710013,0.00131033021880178,1.66116805063469e-11,1.48172272650256e-05,0.000441351533644988,0.0261328549166597,0.578333182388373,0.00114362783362674,0.000210728717027512,3.05437977624239e-07,7
"20052",8.82517908350055e-05,0.000507005234661309,4.63135456118776e-08,6.9065695784872e-07,0.0633026772168593,0.000419117344428955,0.0160317788494574,0.0880908160574416,0.830140624132596,0.00141899240321674,9
"20054",1.08063475732567e-06,5.44446745753882e-10,2.78519746148198e-06,0.00124324014115641,3.25712200705082e-05,0.23974066549142,0.00015470431312259,0.758820383210221,4.33626092055773e-06,2.32986423923533e-07,8
"20056",1.19815059270634e-07,1.99003569846544e-07,8.70645523872069e-08,4.6974933627582e-06,9.53340536488318e-06,3.53573638268235e-06,1.16046839977306e-06,4.51593170402744e-05,0.0445391190345623,0.955396388661706,10
"20058",0.00243549812102427,6.55315630329008e-08,2.92198263521941e-10,0.000825143722914565,5.85506763296549e-06,0.979128721813978,9.14714246734216e-05,0.0175132373140684,6.70834050828397e-09,3.60692823332425e-12,6
"20060",4.96700692125229e-07,3.21297856828606e-05,4.3809198133538e-06,2.23330950653877e-09,0.810240840702437,5.5559176033359e-05,0.000465255580500119,0.00210582634944131,0.18709171584522,3.79270687009929e-06,5
"20062",9.58753039522312e-07,1.12831294910997e-05,4.73289762911025e-06,6.0898456498299e-08,0.839113928005563,0.000561503086167757,0.106568473869522,0.00728563073900379,0.0464521100875686,1.31853355855742e-06,5
"20064",2.39937446934073e-05,1.02575913277372e-07,5.16598482017759e-09,2.71552911034745e-05,0.000615887632413824,0.0695224251077318,0.000126476480924069,0.928667349700014,0.0010139886657255,2.61563549544127e-06,8
"20066",7.88139316464564e-05,5.0126710500052e-10,9.04582079877996e-08,0.054545653251516,1.69581868725388e-07,0.870478740992385,4.00603186392101e-06,0.0748900543402687,4.14207793959171e-07,2.05670318259446e-06,6
"20068",4.41180282967502e-09,2.59595060723226e-05,0.00027265456510624,1.17978102729892e-10,0.976085275684284,5.68730876050461e-07,0.00115578658126004,0.00022232130409256,0.0222371324920937,2.9660643397351e-07,5
"20070",1.27521784032856e-06,0.00701613673233578,6.65418118540847e-06,9.6020781576468e-10,0.972056302070279,1.1176107286281e-06,0.00204701609818798,0.000212761281130229,0.0186586048804915,1.30967612988452e-07,5
"20072",1.75729752623124e-05,7.95535296054673e-08,0.00173302374853366,0.00741211649860194,0.00128093480530708,0.88398485714174,0.00770503275141288,0.0978661259130189,2.56126280481538e-07,4.86313500650089e-10,6
"20074",2.29677263800143e-12,4.14698267271297e-09,7.1565676336873e-05,4.55512480276992e-08,6.18063200056625e-08,3.49830743224309e-11,1.23774212580035e-08,1.08157911264343e-08,0.000379751482403927,0.999548548106216,10
"20076",2.09497099849737e-09,5.89912258931649e-08,0.367321753335933,0.000220736818272253,0.00233642431609251,0.000100558426223482,0.000190968937218678,0.0838768693918996,0.0622761560481591,0.483676471640005,10
"20078",0.000429223112090216,3.04325575234656e-05,2.90080274752123e-08,0.000353614506098373,0.00209673458327447,0.0446132439036751,0.00108036026039237,0.950794360436722,0.00060023759152819,1.76404066801892e-06,8
"20080",0.00592014262174045,4.3595207267343e-09,5.90042027140212e-13,0.00158138031868907,5.87050792437824e-08,0.984315280062585,0.000217967827070949,0.00796515797666451,7.86413753780322e-09,2.63922209028377e-10,6
"20082",0.998866276063029,0.00076339799279433,6.41301850854017e-14,2.24606133019053e-06,6.20844696638663e-08,0.000314413749182699,2.42514386028818e-06,5.11502819842828e-05,2.83857953546614e-08,2.37489922974431e-10,1
"20084",0.00321927673853314,6.16513114485913e-05,6.74635522013111e-09,0.00497347450991927,5.09972633637496e-05,0.0187804575399589,0.000222885900076551,0.966726854506795,0.00299005474713617,0.00297434073641339,8
"20087",0.00021978840626722,2.62170265911717e-05,5.72451061362536e-06,0.00169684162812661,0.0616779773458538,0.414200223215377,0.0375431019075645,0.484567578025441,6.25400585040288e-05,7.87566097378721e-09,8
"20090",0.0802706770026596,2.52879538867506e-07,1.37589105013338e-12,0.000601091213290663,9.97913886021741e-07,0.849608900887837,0.0671915690255795,0.00232640294914789,1.06682664035375e-07,1.44402015373111e-09,6
"20092",0.00650000548885555,0.925128119854687,1.63347048765938e-05,1.35545761669666e-06,0.0475228463867593,0.000158762226215435,0.0166162657824944,0.00405100441664302,5.30559293806605e-06,8.89141425209594e-11,2
"20096",0.00415059593270271,0.935758502468021,1.91743023873246e-07,2.23735853667396e-06,0.0139690077564681,2.06066199502712e-05,0.0127509160989307,0.0131064974603217,0.0201359186927685,0.000105525869276407,2
"20098",6.60830490644434e-08,3.78071143515341e-06,2.97949462992371e-07,5.79942610217725e-10,0.0073394326338264,9.97850089506667e-07,6.67235827696566e-05,0.000766608747682961,0.987599765959199,0.0042223259025426,9
"20101",0.00984345241993389,3.039860268408e-07,1.37551764481217e-10,0.0259706376427059,2.04200267002512e-06,0.712808854131476,0.00163740025003677,0.249667475891397,3.45077364742344e-05,3.53258017277172e-05,6
"20104",4.87760875534757e-06,0.988419209227426,0.00424489460364101,1.13450839041028e-08,0.00686516098418438,7.31090565369594e-09,8.18552749748138e-06,3.96714467743103e-05,0.000416410478211444,1.57146752068233e-06,2
"20106",0.000194671738972939,5.9905569597134e-09,4.24286915020083e-10,0.000414788858581013,2.77268075294055e-05,0.82410704188584,0.0139945118900097,0.161168153906376,8.9232058689168e-05,3.86643915739254e-06,6
"20108",1.38057826314157e-08,7.7834211770429e-06,5.7565368438081e-05,1.13445543029708e-08,0.159471259371842,5.14667214402646e-06,5.59116452366293e-06,0.00660018611771488,0.833257840063954,0.000594602669869608,9
"20110",0.0125595660572394,0.143109394180109,1.45495390792484e-08,3.32533980026083e-06,0.0123201017390915,0.000118916329965027,0.446914993622145,0.00313669241243388,0.370854881718364,0.0109821140513135,7
"20112",0.0169749656905063,1.1148605586761e-05,8.65502026695149e-10,0.000174401176114533,0.00175203187803902,0.53842272240804,0.419759197324012,0.022543925506539,0.000361230548429134,3.7599723184872e-07,6
"20114",0.000106996047034452,5.30836658493554e-06,3.36721811997818e-08,0.000121747923402195,0.000118437224277135,0.00581802046669488,6.33771566563651e-06,0.982166014648598,0.00946941886587026,0.0021876850696915,8
"20116",1.0175212493232e-06,5.01487169136202e-09,2.47508469060857e-06,0.00177869628568683,2.68590219832349e-05,0.0199574364575272,2.83646396047451e-05,0.97546012682421,0.000880606014232688,0.00186441313594335,8
"20118",1.20063237563404e-05,2.28844540219286e-05,1.26660806448501e-07,5.75813824448412e-07,0.00941197483887297,0.000474633881518805,0.000176282240739005,0.634367310953153,0.353671109288996,0.00186309554431074,8
"20120",0.129546118006014,1.24402044252155e-05,5.809128162622e-11,0.000131110262171328,0.000122010182095414,0.568791121670473,0.0166438915663917,0.282247737725196,0.00244033406274054,6.52362624015256e-05,6
"20122",1.61820969278338e-10,2.29921756578818e-08,4.24649620958539e-06,2.76257340421966e-08,4.53854616778803e-06,1.00033268161769e-08,2.04813005431458e-07,3.5573283955359e-05,0.02806747376202,0.971887902315584,10
"20124",0.00738293897300565,2.07334708828751e-06,8.80214711821511e-09,0.0232301913142381,8.193066261115e-06,0.788137976975629,0.00142106250698641,0.179817544867082,1.01017290589264e-08,4.58337104381637e-11,6
"20126",0.966428083044074,0.0303646262958814,5.30682238800882e-09,0.00100759185248516,8.67058210093967e-08,0.000376974286014739,8.23632902308275e-05,0.00174023958079617,1.25260535947296e-08,1.71118209922512e-08,1
"20128",0.907327418044141,7.37205432618347e-06,3.32142068416182e-12,0.0703613348625921,2.71289290420398e-10,0.0222058757416177,3.80845953947907e-05,5.99144112801272e-05,4.63431271441035e-12,1.14037347669337e-11,1
"20141",5.48381163839143e-05,0.756543829943372,5.66375054182189e-06,9.76087529097626e-10,0.00979448305583156,5.08144027868927e-08,1.49657183715774e-05,0.00126882186254055,0.230792364245548,0.00152498151692021,2
"20143",7.20151035848206e-12,1.84266498603195e-09,8.77376254360033e-07,8.69863589653528e-09,1.23582006737555e-08,4.76608013640603e-11,2.06756866612553e-09,1.55581836753805e-08,0.00045160666656927,0.99954747537706,10
"20145",0.0100493086771337,3.35310021696195e-06,4.50376775347831e-11,1.70965148069644e-05,0.000721791759306862,0.59152079731985,0.00933069423426733,0.38811283283226,0.000244048893273567,7.66238475608782e-08,6
"20147",0.000129248855108323,5.73220292486559e-08,5.57213496006419e-10,8.34558042307463e-05,6.29290480617382e-05,0.18950675348336,0.000452360342481456,0.809740622129204,2.44985755599391e-05,7.38827513582112e-08,8
"20149",1.54239391757818e-10,2.14919522260782e-07,2.25672698281357e-06,5.24481484086664e-09,4.4955942831935e-06,8.00688158185708e-10,2.9386274441058e-07,2.58577110307408e-06,0.0313240076747477,0.968666139250874,10
"20151",3.54019838293181e-08,2.00219857404047e-06,3.17924054923301e-07,1.55833017354012e-09,0.0250463988269503,2.88554905826813e-06,9.47431162876134e-05,0.000578115784400215,0.97286307727448,0.00141242236588044,9
"20153",0.000339679994364753,0.00146372704925473,1.30906936714083e-09,7.62585268741237e-08,0.0021204334033526,1.6359454934105e-05,0.00114978720646829,0.000508779825980807,0.966859719856501,0.0275414356415473,9
"20155",0.000394267046678746,3.25740548201743e-08,3.59150194400756e-09,0.000493434578343672,2.69556880248545e-05,0.659705164741215,0.120733955707873,0.218644848899557,1.32433649137643e-06,1.28362593318106e-08,6
"20157",6.76074136364291e-08,3.9882978390228e-06,1.75713746389622e-07,1.52297660711812e-09,0.00325959318954852,6.7611045850132e-07,5.64468557519245e-06,0.000122057045869339,0.981239933818927,0.0153678620076458,9
"20160",3.7275241946585e-11,3.84277043426322e-09,1.20322554755874e-07,9.9423713635032e-09,2.18852294432385e-08,1.64842852842249e-10,4.61025758588817e-09,5.30776269980326e-08,0.00104791366974107,0.99895187244733,10
"20162",6.3664603089498e-11,1.39366792199902e-07,3.9556400543903e-06,5.04921601814123e-10,2.89631651608226e-05,6.31546242832668e-10,1.45283400493604e-07,1.24139137504792e-06,0.174800433519144,0.825165120433941,10
"20164",3.73889438661238e-07,2.48279183425928e-05,7.14515399724108e-07,2.52473958933831e-07,0.0011932272345704,1.59196612184676e-06,0.000867552409671027,9.78406851759996e-05,0.614010000132442,0.383803618774879,9
"20166",3.21506101441772e-06,1.12591004311682e-09,3.56121560055779e-05,0.629860908610644,2.20941075006053e-06,0.325141885591846,5.27083268440396e-05,0.0444936884590936,9.35699193369209e-06,0.000400414265958147,4
"20168",5.84906024828263e-09,1.3396814260735e-08,0.67023013884194,0.328918111418162,1.88427226892636e-06,5.34569907145275e-05,1.49180249197856e-06,0.000148455024725369,1.09507788523422e-06,0.000645347325937361,3
"20170",2.11734499498438e-07,4.95657346571077e-05,9.76115309111787e-08,7.0201341327078e-10,0.00455562383061399,3.47911653882994e-07,3.17005837429773e-05,0.00216586827553953,0.985620075865319,0.00757650775043027,9
"20172",0.00151215838282802,1.10594622126659e-06,9.0467097814749e-10,7.53806855156548e-06,0.00077192307424945,0.445714716020961,0.00120623294403328,0.550782483989106,3.84055758870071e-06,1.1178902778656e-10,8
"20174",3.07786062044904e-11,1.64569984576957e-06,0.164965151492254,8.91354885769523e-10,0.0545204770720329,1.39190576475071e-08,3.71716506559777e-06,7.65085252976217e-05,0.759174080434788,0.021258404769525,9
"20176",1.47935762320521e-10,8.25820337772082e-09,0.999706212716641,0.000214236928849412,5.78530925330057e-05,3.38973774865389e-06,1.20335269259217e-06,1.57527553068818e-05,7.85587139111302e-07,5.57422949976093e-07,3
"20178",8.73973962948697e-11,3.8980695946317e-09,4.12646207701997e-08,1.38910802370329e-08,7.73891516573267e-09,1.80462174073489e-10,5.82475367379639e-09,3.33454157529348e-08,0.000525551620751801,0.999474342148533,10
"20181",2.43870068887984e-05,1.45904830378434e-09,2.23366595068707e-07,0.0989007449939325,1.48965749100868e-06,0.440073617109451,2.54913177698999e-05,0.457392846857984,0.000117310754299788,0.00346388747653988,8
"20183",3.44120103722581e-05,0.00202366984422655,4.58880189984392e-07,1.78317499830837e-09,0.946265847731901,0.000155892639565984,0.00134786107964875,0.031400519573175,0.0187713031338676,3.33238775694232e-08,5
"20186",1.25964417253656e-05,0.00147223798325685,8.3651101078723e-05,2.82182226174277e-08,0.993857029776408,0.000261257123287236,0.00135072806554819,0.00288842639348427,7.40448482917796e-05,4.86976315594048e-11,5
"20188",1.43353018180315e-10,3.30286360307866e-08,1.33566256282134e-07,4.69031874787602e-09,5.49566471757583e-07,4.72553460820834e-10,4.13821374246094e-08,1.07092725132329e-07,0.0114145095556137,0.988584620501934,10
"20190",3.80590362587495e-05,2.40932530044681e-10,7.80818731721337e-10,0.000795629742256163,1.48411077026986e-06,0.977444822959201,0.000100310730131592,0.0216194792793049,2.07889596535478e-07,5.23072986495503e-09,6
"20193",8.17629062092301e-09,1.04246612326451e-08,0.0039994369009987,0.0660008820044091,1.50128076875773e-06,1.66773870730852e-05,3.35866158560634e-05,8.87504403871196e-06,0.000222128037651073,0.929716894128253,10
"20195",6.2006164777942e-07,2.60105397577052e-06,3.50300807500469e-07,5.24656020977901e-07,0.00328306820126252,3.00796227233739e-05,0.00234687080968253,0.000820897483056683,0.891981507346482,0.101533480464341,9
"20197",0.000672201998263692,4.20507718215124e-07,3.99710242948123e-09,9.80374640588428e-05,0.000809625746759264,0.659663079141412,0.0236887898480896,0.315063486161907,4.35458966951831e-06,5.45018933373339e-10,6
"20199",2.49379642456895e-08,2.94603669054432e-05,1.97127771759148e-07,6.35806051435001e-10,0.000578510644490305,1.05080095571576e-08,2.29226542544928e-05,2.64075139335078e-05,0.824750227865166,0.174592237745699,9
"20205",0.954916130296078,0.0441901064512896,1.99394450082976e-12,8.37763304141774e-08,2.57889424042135e-06,3.02309556208262e-05,0.000855359985351472,5.44167939734342e-06,6.79251910770995e-08,3.45072585895459e-11,1
"20208",3.37330163918162e-07,5.87386005834145e-06,9.20490107659952e-06,2.04534409239051e-08,0.152856104051292,5.99189413406815e-05,0.00140276186684148,0.00818795394131811,0.836964930554845,0.000512894099623598,9
"20210",5.19421689984412e-10,4.32418543154064e-07,1.28007910726581e-06,4.82797144545619e-10,0.000116109675112654,3.63812270544271e-09,8.99811256618207e-07,5.00606074035392e-06,0.485039209179117,0.514837058135782,10
"20212",5.94938206871688e-08,1.5869000128046e-06,7.53230756104754e-07,2.58462566694722e-08,0.00163615876524832,1.16116778581957e-06,0.000104985858816876,0.00013790919866596,0.886362366055225,0.111754993483412,9
"20216",5.96923165494061e-05,1.70093098881e-08,1.51109340260667e-08,8.02330684049116e-05,5.65725979669868e-05,0.243010324266488,0.000101787492797962,0.756597670796706,9.1889060405149e-05,1.79828043829527e-06,8
"20219",0.775206500321586,0.0103566481502682,9.46891290035264e-11,0.000608388420103401,0.00047586936120166,0.0632426530648692,0.0173863874405819,0.132336561639782,0.000384920359256339,2.07114766180367e-06,1
"20223",6.22629050810403e-05,2.98076328795988e-08,8.85612533969876e-05,0.48456841936157,4.81158298752044e-06,0.513801238233821,0.000781087500581742,0.000693589190355807,1.59087761744392e-10,5.48551455276305e-12,6
"20226",3.66084024429434e-05,1.27797742477992e-05,1.00668543546953e-08,1.44183826632955e-07,0.0107814725281448,0.000523223544542551,0.983064199062434,0.000545837047562457,0.00503266313148978,3.06225845440386e-06,7
"20230",0.000205423633290307,1.09874683005102e-09,3.71999626220255e-10,0.00204590614814302,6.72960044249784e-07,0.989354040426336,2.85953469102878e-05,0.0083653365085949,2.31758795912747e-08,3.30054966669351e-10,6
"20233",0.000211679202617625,0.99978151867093,4.71573368362588e-10,1.82936628224026e-10,4.23720554979668e-06,2.50413747479975e-10,7.30600970746903e-07,9.04905335383808e-09,1.81555602496855e-06,8.80993003158147e-09,2
"20235",0.0444234186753627,0.000377932218082815,2.48724232458976e-05,0.06198082226564,0.000674237289414842,0.658532035524612,0.15769566567481,0.0762909561792621,5.96469630653401e-08,1.0260596544246e-10,6
"20239",0.000141767008503737,4.21552674182542e-05,0.0009327205659785,0.0326467547620532,0.0289445233143137,0.265907816836046,0.167689098262667,0.503677135364558,1.79771987547258e-05,5.14197063356054e-08,8
"20254",0.999336056593768,0.00015410051911934,6.38693912045968e-15,1.24199968734034e-06,9.94063206168702e-09,0.000480673522729368,1.25936671183666e-05,1.53223884914828e-05,1.35853139875432e-09,9.91679884177754e-12,1
"20256",0.000486498793256468,2.07363117794867e-07,2.05691629515239e-08,0.00134614357999881,1.95979416612107e-05,0.440330639411884,0.000259838459623689,0.557557018863734,3.49696118774692e-08,4.79484817547327e-11,8
"20262",1.4379039899546e-08,1.63969499276824e-06,1.39046942516039e-07,5.53365576551688e-10,0.00170212112736775,2.03814497815129e-07,8.01201093618688e-06,0.000359265950138093,0.974871157206381,0.0230574462163385,9
"20270",1.11761435023944e-05,1.34779057797719e-07,0.00100197928978422,0.197477904334831,0.00573921890456714,0.693932756203911,0.00018175839146789,0.0967569451972389,0.0040182232354724,0.000879903520166545,6
"20284",0.0707513622014709,0.356876620124267,2.24936464785476e-08,1.56040043439872e-07,0.524952560142948,0.00212512065540135,0.0218341765292716,0.00533830554161676,0.0181215207670138,1.55504320764779e-07,5
"20287",0.000194444885526108,3.8980740537452e-10,1.21082841689929e-09,0.0578333792123544,5.99844664476908e-08,0.940528202304551,0.000833899767870174,0.000610012156176188,8.16729085302083e-11,6.74679109811296e-12,6
"20290",0.965906161547214,0.0275031645903201,7.02830662041629e-12,1.04401672005709e-07,0.000121587413159786,0.000519995669753569,0.00546034777098552,0.000150692977970431,0.000337414993980761,5.3062791612533e-07,1
"20293",0.000131261776067384,5.31037898089461e-06,7.22479053584989e-09,1.33787150877722e-06,0.000850233869366127,0.0107986687071331,4.73567333819944e-05,0.98809453756755,7.12743872457886e-05,1.14839751348225e-08,8
"20296",1.6693377333138e-09,7.35912274618744e-08,0.0153978416118573,3.29543668787375e-05,0.0287265316170427,0.000149158893589141,0.00019322182887862,0.0680160956437456,0.636566653155943,0.2509174676215,9
