"","V1","V2","V3","V4","V5","V6","V7","V8","V9","V10","best$classification"
"19811",5.45157229298029e-05,1.08960769238446e-11,5.26432268655161e-35,2.86042388631981e-08,6.4136624090722e-05,0.0127782241362848,0.247384968991514,1.09548785297674e-05,8.30862209731491e-16,0.739707171031515,10
"19813",0.00559051267726285,1.6064135917501e-30,1.66634618597038e-47,2.23890394383225e-17,1.35094264983158e-80,0.00355540956992531,2.36863520052489e-11,3.67268744253327e-42,7.29106430547868e-63,0.990854077729126,10
"19815",0.000204102854444735,0.00308063345614694,1.70394773276753e-14,0.000496812795726336,0.00689617882496984,0.000305560199289716,0.989016711869405,1.40335704403577e-21,1.92448677562969e-32,3.98560873251369e-20,7
"19817",1.00480242523146e-06,4.3099705498128e-05,2.36144129855839e-21,1.22615942674495e-06,0.968794419751075,0.000197918228528047,0.0309623292738033,1.96037060575719e-09,1.11735691558254e-10,7.13693730204581e-12,5
"19819",0.14828687230342,0.404640705798934,0.439015961585885,0.00722261299918683,8.46810209657026e-122,0.000833847312574083,1.17862715890645e-18,2.20789584481196e-129,3.15810444322793e-74,2.68298224525216e-68,3
"19821",0.015977689752392,3.5683598362348e-15,4.91063141317414e-20,0.00164560587635892,2.71327511630808e-18,0.84770104654819,0.129166586996877,0.00218215737859718,4.44389362880849e-11,0.00332691340314292,6
"19823",0.0996090946793735,0.900365348217474,6.88245908507749e-27,4.04492453810288e-09,5.82808979665205e-11,2.81591382765319e-07,2.52714085642736e-05,9.3030995334184e-36,7.93972412557288e-42,2.78109855544338e-30,2
"19825",0.956194132951549,1.33285644161541e-24,9.01919942590222e-29,3.37182970412422e-11,1.8805572622123e-183,0.0438058670147326,3.8751525518921e-27,6.39968647368504e-64,1.14617997186243e-19,2.20543145444201e-22,1
"19827",0.00741519903537732,0.000549301136679927,2.52049611214246e-21,6.63170090168097e-05,0.0230402362155143,0.00104207226729305,0.0688442363348202,1.81527521817664e-11,0.899042637983146,5.22176414879133e-17,9
"19829",7.64776816382661e-05,1.77429825645397e-11,0.0060748017865602,0.353475601490988,1.49503846475045e-101,0.640373117371897,1.65117398386827e-09,1.11100868473771e-61,1.64413448495195e-24,4.28462233496265e-27,6
"19831",0.489542009254355,0.284517159969307,0.00691353908424691,0.201583491017528,2.59395629604267e-82,0.0174438006745632,8.59844703855909e-16,2.58571940165029e-176,8.02256568588893e-93,6.77398556683685e-39,1
"19833",0.999999849351548,1.50254579985823e-07,2.84213238327371e-63,1.36204303619455e-37,6.59773690794172e-265,3.93872179066924e-10,6.22147811266701e-54,5.47790879346028e-104,2.20818890109508e-103,3.41262171138933e-65,1
"19835",0.015977689752392,3.5683598362348e-15,4.91063141317414e-20,0.00164560587635892,2.71327511630808e-18,0.84770104654819,0.129166586996877,0.00218215737859718,4.44389362880849e-11,0.00332691340314292,6
"19837",0.000170425468360048,3.03585894882923e-06,7.4307596839404e-16,0.000222173009362289,0.828079144723907,0.000310062257700616,0.140258621793007,7.54171130251348e-11,0.0309565362210511,5.9224636725336e-10,5
"19839",1.21137200923186e-07,2.55231078807713e-19,1.0780183036893e-08,0.247021727314421,7.19424164672462e-113,0.75297813540261,1.01662271177677e-09,1.67167954920242e-29,3.08331339354106e-15,4.34895867701949e-09,6
"19841",0.459192901159117,1.57524353430366e-31,1.63333322555936e-35,6.60179004676181e-16,3.17405959841891e-179,0.11496183736635,6.01479361234768e-29,2.42788198921404e-11,0.425845261449118,1.13555809797728e-12,1
"19843",0.0131879752059268,3.15692184203024e-24,3.39153490584603e-08,8.87861880879476e-05,4.09380113763473e-200,0.986723204690636,1.90412795242367e-20,9.93023323475851e-122,3.16669375433557e-99,5.43187513536316e-16,6
"19845",0.0161474380324495,8.66993203547488e-18,6.05985683397815e-49,1.89270529854575e-15,2.32461589090821e-10,0.000543790800386641,0.000981214204207656,8.42115929215302e-17,1.91749307525414e-44,0.982327556730493,10
"19847",0.00770737004086113,6.15016583237894e-08,3.28402055844138e-18,0.000321441430865117,1.35551409742442e-08,0.00540992576304558,0.986560887998181,1.63547966047701e-41,4.52431077823008e-39,2.99710247829396e-07,7
"19849",0.00137484585310214,5.7762719084311e-32,1.1691218620261e-57,8.85407329125407e-22,1.81460208287576e-60,1.40136527323226e-05,7.98823396488555e-13,2.84737535862836e-32,1.07236577406671e-59,0.998611140493367,10
"19851",8.0062375754063e-06,2.0617708117914e-06,1.44320457603656e-28,2.24088115877674e-09,0.999749679673415,9.23232366889385e-07,0.000239326362789314,2.84598403610096e-10,2.168068929327e-20,1.97562251407626e-10,5
"19853",0.998128908223885,0.00165930645026912,1.74541703470452e-65,9.1254346646272e-22,5.18044912470668e-05,1.62093343516811e-07,2.3223224024648e-05,2.20779108429541e-14,2.68711918803154e-38,0.000136595517208072,1
"19855",0.00492589809026609,6.17467080540207e-05,2.94021380962945e-41,9.17506320280039e-12,0.920568240709039,0.00270574759180116,0.0712110949027714,0.000364825201174092,8.29724498286957e-12,0.000162446779421493,5
"19857",5.66661885901402e-07,4.49119915259912e-12,4.7783900832143e-16,0.00535567853594242,1.2200119081435e-09,0.0452151465845582,0.948129123271032,1.67593710392687e-11,3.18264981244968e-10,0.00129948338705321,7
"19859",9.51092511356803e-06,0.000408173879218805,1.76646871468169e-18,5.23996394224167e-05,0.0125149664718395,0.00905732201872248,0.977957516655622,5.43246049482827e-18,1.10406593864151e-07,3.46727093492339e-12,7
"19861",0.00338322677974035,3.88114759329617e-11,1.68892675329574e-37,1.09208682936155e-09,0.00133650058561684,0.00163606772636728,0.143545011552863,9.53212510444282e-12,4.38561362807916e-30,0.850099192214982,10
"19863",0.000214981388711217,3.32209726539425e-44,1.81527467114232e-75,6.89304915985031e-31,1.70402648924638e-144,0.000191972937639468,6.7626678857975e-25,1.86151719252433e-12,1.76606667492015e-21,0.999593045671788,10
"19865",2.54565076763991e-05,3.65015925078625e-16,5.61425349949043e-34,8.9347688337579e-11,5.30323890624454e-36,0.00145645028997103,4.75990737166364e-08,0.000232164591909582,0.998285880922014,7.60632701544868e-15,9
"19867",0.00845614928342257,2.84455416333025e-08,6.64517811473462e-23,1.71857736184707e-05,0.000135709332997638,0.000386940101555041,0.991001402637872,3.71353017489778e-29,1.15105117976031e-45,2.58442499241205e-06,7
"19869",0.00663452059591402,7.4001538159731e-25,3.24664387503115e-61,1.31405676988582e-19,9.90808467236483e-37,0.000110936448866101,2.57297200620214e-07,1.13983669154506e-14,1.11415590425009e-32,0.993254285658008,10
"19871",1.27483297787022e-05,0.000335963338394776,2.28216740372859e-14,0.00104924195867843,0.0953358471270841,0.00259878483772498,0.900390094099337,1.05458883404114e-17,0.000277320308861691,1.17445677277396e-13,7
"19874",0.000472351950451513,2.82609348036681e-06,1.81510486012974e-34,2.31509493325681e-09,0.0313205174285858,0.0732360527425706,0.0234905061425278,4.76241037893062e-08,0.871477695703185,1.8546856802397e-18,9
"19876",1.01574101889345e-05,3.17204298143873e-12,1.38386690618733e-42,2.15417492188081e-13,0.997507717638386,9.70869735553982e-06,0.00049895375872493,0.00017959973082417,0.00179386050003206,2.26110109313376e-09,5
"19878",0.00090114539998288,4.39510198333932e-09,3.33434342404835e-14,0.0220527285332467,3.97616399920492e-125,0.977036111494794,1.00101768409595e-05,5.58068794986318e-41,2.93316485427851e-48,2.82915417297869e-30,6
"19880",7.31314252671143e-05,1.03257607792182e-18,8.07485204900288e-52,1.65389675157538e-17,1.33219906318391e-38,3.42682704190126e-05,1.5933609088865e-10,0.980742131082083,0.0191503811343319,8.79285626698419e-08,8
"19882",0.432333364907749,5.76073437573678e-12,1.29049820915537e-47,1.85128619874604e-12,4.71172233714557e-14,0.144938611701834,0.322007269680656,4.22705612259294e-08,1.13323017487208e-28,0.10072071143154,1
"19885",1.60229603207064e-06,1.04581541761068e-05,6.76432893592223e-09,0.00852445828062203,0.385989664973207,0.00153356270971915,0.6039402465145,8.42407212115602e-15,4.59900027338966e-12,3.0280777870364e-10,7
"19907",0.0486043882012362,6.58143406599404e-11,3.03721051744621e-30,1.93043404966749e-07,3.43655579712535e-12,0.0140362497850145,0.935449036393895,5.28588963761579e-19,3.44076591405416e-42,0.0019101325071988,7
"19909",0.000401157037110094,3.66532918683768e-11,0.561445041250755,0.423034710645257,2.78838130175657e-44,0.0150931213041512,2.59697249406104e-05,3.15897634054351e-76,7.04324474083277e-50,1.13297333572004e-12,3
"19911",0.000153761963676966,1.02403103925298e-08,1.05778409994953e-07,0.919870363244129,8.91602675469775e-50,0.0799753703408605,3.88432591072108e-07,8.76551495508793e-57,1.90521973241672e-14,2.81371418563153e-15,4
"19913",3.27329708961285e-05,2.91777887017219e-22,9.0561632492088e-47,6.7232338205688e-20,2.56375869941218e-79,1.05065958122468e-05,1.03790792074894e-24,2.69501720153144e-14,0.999956760433265,1.1517407434216e-21,9
"19915",6.74519572907479e-05,1.22831567772915e-06,1.6266558129113e-33,1.62998951167406e-09,8.42395440672489e-06,0.000176361599124548,0.00397817870865829,0.936410290543883,0.0593580632889618,2.00759774165505e-12,8
"19917",1.33998761330504e-05,5.7171740313296e-10,2.00465998440923e-27,1.13747494621881e-06,5.61224872542516e-28,0.0822916265173228,0.000391169075908944,0.0554232326687666,0.861879433188292,6.26912602378217e-10,9
"19919",4.17188492496413e-06,0.000369014290035877,4.18151005289458e-21,2.29761063315215e-05,0.00960921470034444,0.0128581523623339,0.716038617947655,0.00135425324061196,0.259743599467748,1.39219799034567e-14,7
"19921",2.49180042405287e-05,9.28860416012033e-07,1.93454953717519e-22,1.37190589878888e-06,0.962524817939751,7.28416300392055e-05,0.0373734597763962,1.04800403535793e-12,9.71899424994718e-27,1.66188220990258e-06,5
"19923",0.000604811216093594,0.000376144610265833,5.3530441318482e-17,0.00447353145793629,3.22169462996826e-42,0.260908971449841,0.733636541265864,7.51417748584532e-40,1.87582872018023e-61,1.61421386297578e-23,7
"19925",7.87067409085036e-05,4.58410407982611e-08,1.96350121320119e-32,9.29417729288721e-09,1.579528801146e-15,0.00476388104983542,0.002775518549854,0.780164642881317,0.212217195642568,2.96964839385959e-13,8
"19927",0.000289325081644225,0.000291907558020117,2.98275868775231e-22,2.80078758845403e-06,0.00674057983229302,0.000423848702172812,0.992251536473909,1.87825332639348e-11,3.21743987596972e-17,1.545589793996e-09,7
"19929",0.0799495625126167,2.79176568055332e-40,4.11337962860112e-69,3.16343171315148e-27,1.91704763292891e-84,0.00633237665737105,1.84155821712924e-25,0.000448800201294079,8.91588457482746e-06,0.913260344744143,10
"19931",0.000321884549602768,0.000488947639262579,3.85688104561024e-15,0.000456909960515761,1.80090367492368e-09,0.000474463565750499,0.998257792483961,2.3944425092281e-26,1.36252010534523e-16,2.92854098146519e-19,7
"19933",0.00294974393389787,0.000107040299601977,0.0383014565395825,0.92407521911614,1.08302413139518e-16,0.00143340669268602,0.0331331334180918,2.79582321186856e-53,6.77044677270357e-25,1.18991945526017e-24,4
"19935",0.00353416484068009,3.82806502629952e-11,1.78348353739006e-08,0.857727656008368,3.040022982652e-12,0.100121122618671,0.0386170150877429,5.94576512006394e-21,2.15947141783475e-21,2.35683818064651e-08,4
"19937",0.00174100050769661,0.00538117720364586,5.59799835238135e-19,2.27093321449834e-05,0.225221063782208,6.47780319718409e-05,0.767569271142332,3.26031929775682e-20,9.34969064011083e-27,1.09761786253576e-15,7
"19939",6.26182564607825e-05,0.000762067001252282,1.7760884332053e-20,0.000459822067567865,2.38113179240014e-09,0.085762174091579,0.912953315175348,1.02666046817299e-09,1.8526235949205e-17,5.8922916617984e-22,7
"19941",0.00227594820113141,8.32307153934236e-17,2.61810300332755e-08,0.392658255826226,4.34951688459345e-84,0.605065769691975,5.72684859655574e-12,7.78154520578664e-43,5.84715681402944e-11,3.54388401047365e-11,6
"19943",3.29949065948373e-05,1.38213910376231e-12,4.98965619291999e-40,1.95451127626621e-14,5.04720744556321e-28,0.000100816844623842,1.59598698330087e-11,1.45115660060495e-15,0.999866188231418,1.34630522068497e-24,9
"19945",3.14681901784154e-05,0.00188304346280248,0.0247139661939898,0.776098414239482,1.22066350181615e-20,0.00416966491025297,0.193103443003294,5.07361830394045e-49,4.46234414470367e-27,7.02556560934744e-24,4
"19947",0.00278807564764268,8.64657559558189e-19,7.71695326170373e-22,2.73481997628571e-07,7.821607973105e-103,0.997211650728998,2.8400049110163e-13,8.02363901674743e-45,1.18374086603215e-13,1.40959236625194e-10,6
"19949",0.00400862150445911,0.00263293976398008,1.42391833863206e-08,0.922954756763013,5.02695272398329e-27,0.0345497867760631,0.0358538809533014,1.15868828166379e-51,1.01491908105818e-53,2.11802481456506e-36,4
"19951",2.81087540432786e-05,5.99923672158784e-07,1.11108476964204e-21,0.000570277543743006,1.77638848833333e-41,0.504014595258739,0.23453399246543,0.260795073757128,5.73522972026782e-05,4.20762356658711e-14,6
"19953",0.0273604215120006,0.972579365147218,3.14091479661273e-08,6.01322598472405e-05,2.76145389393585e-73,4.96717796408334e-08,6.35258647936458e-15,1.3782181247949e-136,3.69865844160715e-99,5.76908227814752e-52,2
"19955",7.26832275516432e-07,0.000121815480897008,4.48060448978435e-06,0.208873423015604,4.41752759655458e-66,0.790999087960873,4.66105861563042e-07,2.87681129416833e-99,6.84721699775736e-75,3.32131309664e-30,6
"19957",0.0119197894457489,0.0125446090524513,1.03911824905929e-26,1.76721457637802e-06,3.88440840766116e-19,0.975241950236794,0.000279464037967838,2.69712451668395e-29,1.24200124600306e-05,1.67987109618488e-15,6
"19960",0.000250614922580631,3.22895926381269e-14,1.95792938180495e-06,0.0958271033733892,1.42813401309018e-110,0.903920323112018,6.62598637489795e-10,1.80381238473971e-69,2.17397679585638e-36,1.21653534480129e-21,6
"19963",0.999999967909098,2.33313842118532e-10,5.45489659008851e-52,5.11859650233314e-26,6.9863836056153e-137,3.18575885726039e-08,1.66489171536955e-44,8.0376838528203e-59,8.17376427427602e-31,5.90117192548664e-41,1
"19965",3.66246390565509e-07,3.35853923156193e-11,0.000873023501127523,0.669443734249015,5.00652641632448e-164,0.32968286653875,9.43113090544508e-09,1.54814762228645e-72,1.74183933003186e-89,3.81592683855392e-23,4
"19968",0.039760225041582,1.69677061423559e-35,9.55273321733517e-25,2.42599612421463e-07,6.55154350307099e-93,0.780451617794164,1.80766898449443e-10,1.36998471082197e-09,2.25104605810074e-05,0.179765402553309,6
"19971",0.994485093295387,6.01770382521953e-13,1.87114667102852e-32,8.67106604321521e-19,4.66863126852772e-224,0.00551490670401101,2.09038062999053e-40,1.34384292673587e-51,3.58124736382896e-16,3.07427332547e-52,1
"19973",1.76748847210307e-06,1.93238061112261e-08,2.48920513010302e-21,3.68420705273704e-06,0.963768639209385,0.000179036385260343,0.0288153215219158,0.00722009333064327,1.08366802045543e-05,6.01853259975036e-07,5
"19975",1.16026541856921e-05,3.12757888962464e-15,1.74093871857461e-27,2.68928848930786e-07,5.07454032803168e-36,0.01381648593093,0.00176480569411946,0.980795582070342,0.00359446734051212,1.67873810583325e-05,8
"19977",0.00804409469325867,1.84178455406908e-16,5.5620513172049e-48,3.20617328590009e-17,3.31373208115301e-183,0.991955905222472,6.53273648100829e-17,8.31003207034927e-11,1.16923536714222e-12,2.44658436230396e-19,6
"19979",0.0003625775520823,9.83962301389729e-09,0.992325611594358,0.000630894952885336,2.966039102029e-172,0.00668090606105117,1.05552489917269e-20,2.89151532905635e-131,4.16078932366791e-53,1.96852001883059e-57,3
"19981",8.48206185605506e-07,1.37031881518319e-06,4.78434947548781e-10,0.0130523582165149,1.30614238812596e-07,0.00201821726319733,0.98492390013442,2.44140901210109e-27,9.97306873148773e-23,3.17476819349306e-06,7
"19983",3.1569428310895e-07,5.30293143826256e-06,2.68441540366217e-13,0.00347622568311835,7.59118603444915e-10,0.00499847755586796,0.991519675337302,2.81751187911276e-29,2.75192231707301e-32,2.03860315933496e-09,7
"19985",1.93323531919292e-05,6.65615925996845e-10,5.35670862245522e-40,2.2340819113699e-11,4.02524072572376e-05,0.00280940259425648,0.00783398176379634,0.284176209599743,0.705120815849659,4.74413949620603e-09,9
"19987",0.0236874835819968,1.37687385113474e-05,2.93761852915431e-08,0.373728174845829,5.21521869416837e-08,0.0121629780185086,0.589614247687622,1.80081755322331e-30,0.000793265598942572,2.17043045616197e-13,7
"19989",0.00713748136064146,0.000245090003206369,0.981863983830566,0.010600027630156,6.31362251904159e-99,0.00015341717542858,1.71695598092618e-15,7.01148287319617e-161,8.09006469975607e-94,3.74053507613514e-60,3
"19993",4.46161902123995e-05,2.12016452867962e-05,1.13894845294388e-06,0.953312227340515,2.7687111963468e-60,0.0439151994881172,0.00270561638741496,3.02806965583541e-18,4.42133033565328e-16,3.9372325000209e-34,4
"19995",0.000527868823005202,4.41939134500831e-08,2.56225565609642e-05,0.943469101302679,5.40713417096401e-35,0.0550528154816116,0.000924547642229434,1.59655694274699e-27,2.66591575524607e-20,6.36336156415752e-20,4
"19997",1.36038029202497e-05,1.69720143092991e-06,1.62533124604036e-27,2.7817550872618e-07,0.796473741685067,0.0007294400031237,0.202551989712896,0.000223864578122371,5.38150443785466e-06,3.33649271339924e-09,5
"19999",0.000196715506681432,3.66748356865655e-10,1.4478859699851e-40,3.06521234104519e-11,3.11549154669355e-06,0.000735435679523247,0.000739536268845985,0.95400618294869,1.60656989027771e-06,0.0443174071374219,8
"20002",0.999866989727549,2.89285084821957e-38,1.37331313868841e-50,1.17901030458338e-22,1.67794261488787e-161,0.000133000890880353,4.25285913293655e-37,6.5881134005829e-40,1.38719914529631e-21,9.38157103943451e-09,1
"20004",0.0157754508737686,5.7130787365395e-13,5.72594013737226e-05,0.978708883462167,7.31736297144745e-33,0.00545821576915935,1.90475341357297e-07,5.58184671321138e-72,9.60488679037451e-22,1.76181770929441e-11,4
"20006",7.25915020027832e-05,1.37132027155919e-11,3.98351715506973e-17,0.00261341834306787,5.39990260725756e-127,0.997313734236991,2.55904224414135e-07,3.5705951439553e-57,1.81134080242347e-37,1.0860174573543e-15,6
"20008",0.00134074025301175,1.18332185145122e-09,1.17958799851534e-13,0.0109859840240607,1.24832511238489e-119,0.987673274411125,1.28362905815783e-10,3.81523273408016e-44,1.82252976487933e-50,4.92257159905648e-29,6
"20010",0.00011445377240611,0.0194351078096268,0.0188543714712487,0.939339349182383,6.46063909171589e-37,0.0070784951182678,0.0151782226460677,1.78495954248799e-70,1.66246398202559e-41,3.5051752773243e-43,4
"20012",0.00640936388071814,7.51745809524247e-18,9.65028843058084e-40,4.62101161193116e-10,3.44769141859212e-71,0.988453647056382,6.67109085906286e-05,0.00505276670235788,2.33971524219483e-07,1.72770183257027e-05,6
"20015",2.79107079878473e-05,3.39815635212075e-17,0.984396683947463,0.00462188234414834,1.62316522931812e-156,0.0109535230004006,1.79185990427648e-16,4.46023705869318e-97,6.52073315886542e-74,1.45460032074172e-31,3
"20017",2.84813313578207e-05,9.60875260541289e-11,1.00066218085043e-33,9.01443931468057e-10,0.971415759194282,0.000330564243434307,0.0268888084595951,0.000350346503940547,4.04451338601484e-06,0.000981994756473027,5
"20019",0.00174627156188727,5.93138321759554e-07,0.993489100946209,0.000782443835557423,2.0728827898652e-220,0.0039815905180249,2.57497413176955e-24,3.22649373017218e-168,4.4722585370061e-84,3.46703807902153e-73,3
"20022",2.26753802067838e-05,0.00150454162871122,0.498465540915793,0.479887900786236,5.57875472304115e-35,0.00332138732214418,0.0167979539669086,3.04546983291613e-88,9.83337596126799e-40,1.29950183360614e-32,3
"20024",0.999874784981855,0.000124542582815396,7.18487772596412e-08,1.4551953840904e-07,9.44050096565484e-166,4.5506701451539e-07,4.67644073141612e-34,5.53988296230103e-262,4.52258518938771e-127,3.27503791666558e-74,1
"20026",0.999874784981855,0.000124542582815396,7.18487772596412e-08,1.4551953840904e-07,9.44050096565484e-166,4.5506701451539e-07,4.67644073141612e-34,5.53988296230103e-262,4.52258518938771e-127,3.27503791666558e-74,1
"20028",0.000119733340580174,5.9028459347919e-09,5.18791772762613e-38,1.03200656593827e-10,0.973470275739547,3.1018054622113e-05,0.00579602671087048,0.0193902611153084,0.00119229247391651,3.86559108232322e-07,5
"20030",0.0247139140278995,5.42636851840684e-19,0.693854621563771,0.0377468531937495,1.75750476654685e-129,0.24368461121458,6.48348368918379e-17,8.54192902331605e-98,1.51997922224715e-31,2.71298022825409e-25,3
"20033",0.000252941980145453,6.27351804491379e-07,4.15163211408671e-16,0.00654527361095868,7.74877096265767e-14,0.0838507234068984,0.78502472323685,0.0699555232614676,0.0543701700403971,1.71114007302806e-08,7
"20035",0.0782107080705874,1.41217744983831e-05,0.903024481560515,0.00279905912548972,1.52596975903694e-208,0.0159516294689093,1.22861671291837e-24,2.53884134502529e-181,5.7349918071059e-98,1.4107837636229e-76,3
"20037",7.43067571188157e-05,2.52242622128957e-09,0.983642414451889,0.00135611966810467,2.16807380973676e-207,0.0149271566004615,2.69906196056601e-17,6.21288591408029e-131,3.98208198041068e-107,9.11283908287572e-51,3
"20039",0.0111717128288548,0.988828287171141,1.2607228858669e-18,2.46978740782485e-19,2.5871300280125e-178,4.21283988093583e-15,2.01639882559173e-44,1.79019581436889e-257,8.75122819080081e-192,4.30103546991781e-113,2
"20041",1.21915566062141e-06,0.040143070664504,5.44286639216756e-16,0.0815825153679621,4.65068425733734e-49,0.627651481147929,0.250621713663944,3.99907224436145e-34,7.91061802728115e-38,1.90035082769164e-22,6
"20044",0.000204666652186716,0.00124877145432922,3.79318765287578e-18,0.00446192924960503,2.52843955383587e-70,0.993968477529562,0.000116155114317207,9.56756708270643e-33,2.26855747487531e-34,3.14097517057379e-26,6
"20047",0.00689561322339924,1.21297257052464e-06,0.964909004544839,4.8230723927218e-05,4.73397035501237e-247,0.0281459385352637,7.42859890592239e-32,4.18949648171545e-165,7.253472038818e-77,8.36845540365463e-76,3
"20050",0.00733676822075922,0.965437567121042,2.25098896505633e-07,0.0237527207095679,4.51226441761285e-76,0.00347242034894031,2.98500793999051e-07,1.60853932002452e-54,3.56561969104286e-46,1.10811420787896e-68,2
"20052",3.82890473211772e-06,0.00896189200611897,2.45823829584115e-11,0.0103861725865903,3.67102723724884e-08,0.0152348733050559,0.965253361361641,3.51900201981233e-09,0.000159831582005355,1.91687819248404e-19,7
"20054",1.32997393708561e-06,3.08586121292592e-16,0.84180719663445,0.123303262456458,2.03187437524699e-82,0.0348882057536572,5.1814965853832e-09,4.04635639748532e-80,2.63197605493378e-48,1.23996189463008e-16,3
"20056",0.109858358561985,2.89747606228158e-13,2.243559774981e-25,3.41707756043471e-07,8.36925500206165e-59,0.00754787358351703,3.93902971270263e-13,1.08535354679521e-15,0.882593426146057,1.39000676607304e-20,9
"20058",0.00397835417659253,1.11088012442721e-06,0.984155756905686,0.0114326638028288,1.45088429136291e-103,0.000432114234764826,3.28780688969813e-15,1.04912473631016e-172,4.2705809814937e-105,5.38875725451997e-52,3
"20060",0.0291407874973746,1.33356384707064e-05,2.14515757498447e-18,0.00139333913816963,0.00445660188540613,0.000293822963363282,0.964702112872789,1.90610517404924e-20,5.63667825963048e-15,4.42167785917524e-12,7
"20062",2.15911017531063e-06,2.13912054175718e-05,1.79171235150823e-11,0.0337358010585374,1.43911588984579e-11,0.0097793326798003,0.956461310945199,4.96453630343861e-09,2.25711685863359e-20,4.02556321102813e-12,7
"20064",2.49420379505643e-05,2.56410143287737e-06,0.699381936970217,0.249015279188279,6.09026482401231e-32,0.00337863802750437,0.0481966396746149,1.1713021169935e-42,1.63457142948609e-15,2.525194060084e-20,3
"20066",0.0218474824052721,3.09846260306032e-19,0.893328927967974,4.96383842467435e-05,3.05963579350066e-210,0.0847739512425068,2.15409165580471e-26,3.76054555455607e-119,3.5603219959654e-53,9.13361584538331e-39,3
"20068",0.000140760401341407,3.54434625121132e-07,2.32531945443419e-28,2.04355456049201e-07,0.325740121827111,0.0019878414192409,0.671992906023107,7.69842623491258e-10,1.76517712707396e-21,0.000137810769275175,7
"20070",0.000488778675695948,0.00682313162956285,2.41501124218599e-27,3.01413338309287e-07,2.18694202316136e-05,0.00109389373716103,0.991572025123971,6.81781660083834e-16,5.03278952365659e-33,3.89543596117051e-14,7
"20072",0.000105390479056797,2.81529661047794e-18,0.00217403915499351,0.0123580257211896,3.95296495702175e-138,0.985362544644205,5.54936185426194e-13,3.65427572110642e-89,3.52383799398392e-108,7.32943663687963e-17,6
"20074",0.00305199216486224,2.87173288936949e-29,3.7310334138692e-64,4.22702686997484e-25,8.61556359731793e-94,0.00166501511085293,4.58289514778723e-22,0.0101833203897589,0.985099245927428,4.26407098373798e-07,9
"20076",6.73933232488428e-06,2.47113385629742e-26,3.28036591125544e-20,0.00016852520837992,2.89157043909945e-60,0.663393404605922,1.57986865074555e-06,5.88761903875195e-09,5.67775754114822e-06,0.336424067339562,6
"20078",7.16282591372419e-06,0.000334920238426753,0.000326613380494581,0.991416742668057,6.59553425372228e-34,0.00553052620870799,0.0023840346784004,7.43419463595439e-53,5.25076935568748e-27,1.12353058676683e-21,4
"20080",0.000158571228258047,1.6989496557768e-05,0.996808635429528,0.00142233610717031,4.37319773684952e-168,0.00159346773848403,1.5785534083066e-15,2.56633012137832e-120,1.40194652139019e-63,4.89936180293043e-65,3
"20082",0.0107314760143448,0.989268472156277,5.06560691772333e-08,1.09381211527174e-09,2.26516234909404e-106,7.94965779436021e-11,1.61275849034854e-28,1.26402049943324e-181,1.32749985852269e-110,6.92719010520956e-101,2
"20084",0.000210006907345181,0.000181068077171215,8.25105823039008e-06,0.86201779227442,4.24880193193565e-59,0.13758275827148,1.23393871328583e-07,1.5507573949903e-52,1.74828441102368e-11,6.77898446331102e-29,4
"20087",7.43808680471533e-06,5.77145369888464e-07,0.000825411885485734,0.99256919362838,3.33640029371878e-39,0.00531186546583019,0.00128551378812917,9.8930807468966e-64,2.10599713854914e-58,2.33981902468879e-17,4
"20090",0.000258743102628627,0.004789014966123,0.955014721063158,0.035534572246898,8.2129734522047e-166,0.00440294862112281,6.91362017647376e-14,1.3154907422821e-100,3.47472039254464e-69,1.08367679207754e-75,3
"20092",0.0813203331455924,0.918533019317683,8.58890841776322e-21,2.89379921354672e-08,3.35450773393696e-44,0.000146415723108311,2.02875624390467e-07,1.7442099594665e-95,4.35279161611191e-123,4.96763014499069e-26,2
"20096",0.000572245013552453,0.995925329519634,7.56886490664333e-25,3.98150458662227e-07,2.86198760372075e-25,0.00349779469679973,4.23261955570389e-06,5.86815041882624e-40,2.07096557550013e-29,3.43421854291313e-28,2
"20098",0.000609806889641047,4.28308170550498e-05,1.01603717468158e-19,0.000263101481470749,2.07831089888553e-07,0.0300800586483473,0.87340586095707,0.0042047080551223,0.091393425320151,5.22870123268758e-14,7
"20101",9.37733077872786e-05,1.37959851411211e-05,0.404280114300921,0.367860473940533,1.11006355822535e-142,0.227751842370844,9.47738584715291e-11,2.81817586854113e-54,2.89351394375254e-26,2.49259497996306e-45,3
"20104",0.998847909940555,0.00115168673133589,1.35687761042955e-56,2.00349422682789e-24,1.12111939152403e-35,4.03328059167733e-07,4.98808142064285e-14,1.28787263800062e-58,8.50006337695604e-77,8.49560850361692e-17,1
"20106",1.1315186989294e-06,4.2584990535014e-08,0.970918092364869,0.0281463562894603,1.4293916403314e-101,0.000933582802497513,7.94439483599352e-07,3.90552295209266e-51,4.70586455962808e-26,2.54290146156241e-38,3
"20108",0.00159816743649054,1.82734902989965e-08,1.40290984245968e-18,0.00108409412973798,0.0341516174228615,0.00197988204456379,0.961177482939184,1.5162786513876e-09,4.17677230666531e-06,4.55946508632336e-06,7
"20110",0.0101108969857887,0.940060667870152,6.94517497681357e-25,2.27937350691843e-06,2.44249614393134e-32,0.0496403085823602,0.000185847188057607,3.87656043784038e-17,1.35022347982982e-13,4.47975320423885e-36,2
"20112",8.48441235357045e-05,0.00745364400314068,0.0100858352730075,0.939634833615802,2.64917388750718e-80,0.04273302649564,7.8164888744578e-06,1.23285574456439e-44,1.31040415589066e-46,6.01036392106426e-51,4
"20114",0.00280543174633988,2.51710077062988e-06,1.67146901333078e-05,0.972636450955415,1.01101549073756e-41,0.0245334779706571,5.02287102690908e-06,1.64142825456435e-45,3.84665656963574e-07,6.29148301938793e-20,4
"20116",5.10619471156368e-06,2.16697218291959e-15,0.0575030070786456,0.780148111830149,1.58190461606928e-78,0.162341524325597,2.25056970837451e-06,1.18800129687699e-41,1.01175159369381e-12,1.74232749714904e-13,4
"20118",4.51238726873334e-06,0.0001778885225107,5.62329402494213e-07,0.0854069599219276,1.2564322978919e-07,0.00422736098651292,0.910181394043976,1.60244067689198e-23,1.19616517112083e-06,5.57137841275954e-16,7
"20120",0.0309873187087964,0.0103550544973317,0.00502727340855575,0.947672787346431,7.62999525820655e-88,0.00595736169106107,2.04347824612771e-07,2.06836288307788e-68,5.1316814242571e-20,5.6510003906401e-58,4
"20122",7.25403854089923e-06,7.03074797582963e-18,7.01192927549371e-34,5.61032912708983e-11,1.61475118499634e-40,0.00173225377652564,1.94682717381666e-08,1.65830142544953e-05,0.998243766975708,1.22670595993836e-07,9
"20124",7.0750485764593e-05,5.29540546795599e-05,0.152694714616759,0.482477160709386,1.01266074589869e-139,0.364704419633358,5.00053277500193e-10,8.05049082773152e-113,4.85919355234454e-89,2.10305943583767e-36,4
"20126",0.947766485731318,0.0522333842882748,2.31633357764293e-21,8.62188244814321e-15,1.1043866822756e-163,1.29980397960699e-07,3.92048629768002e-38,1.82553706520099e-196,1.45413595388235e-125,5.62395049313112e-62,1
"20128",0.999033373720405,0.000764423679283287,1.4465634543491e-05,5.59647900321941e-11,1.74208117277029e-307,0.000187736909803189,4.00500993315601e-47,1.40274536864146e-211,1.02559601019701e-149,4.828520085276e-90,1
"20141",0.126707230592605,0.873292687037267,2.18181376912796e-43,2.94511490069611e-16,7.10186094389816e-21,7.01069559178378e-08,1.22631714090703e-08,2.83462608836559e-54,1.46286602331438e-31,3.23088244080483e-24,2
"20143",0.00560592994457004,3.91758731604726e-25,1.57676376529277e-58,7.5940105523734e-22,3.21390201153697e-146,0.000128497831755523,4.85700170420664e-21,0.994265504168913,2.95157311359318e-09,6.51031885489397e-08,8
"20145",0.000352922326639533,0.00742481609468799,0.800569136323763,0.188132576299246,1.27814885518649e-37,0.000962804932521075,0.0025577440231432,4.06322194997284e-72,2.02928215909702e-34,9.01065832618235e-44,3
"20147",3.79444308851879e-07,3.27217443733011e-05,0.911786829948289,0.0855948893689083,4.87135109232577e-45,0.0017255680402681,0.00085961145385297,3.20642230495836e-68,2.55986946287176e-37,1.01450497812426e-28,3
"20149",1.91617444466759e-05,1.04273745019782e-15,1.36404022046589e-45,8.24516219149751e-15,2.00894006203881e-28,0.000489165184598195,8.29694606455003e-11,7.18918504539778e-05,0.999419781133702,3.8202908067002e-12,9
"20151",0.000345328877253928,1.88081293266336e-06,5.95177979172681e-19,0.00036227455480223,0.000678470771003828,0.00439678119545513,0.843645668242157,0.0159854506341695,0.134584144909065,3.16132904863957e-12,7
"20153",0.363591313916678,0.610690056166565,2.34754186290562e-22,6.46802074524301e-05,3.87295014711476e-27,0.0159926977158536,0.00128736498250931,4.78423056458141e-07,0.00837340858788493,4.57645158098016e-34,2
"20155",1.32666314108192e-08,2.75264101121091e-06,0.262916197691872,0.732563844290014,1.07124515301288e-108,0.00448659956782076,3.05925426499182e-05,7.79955919860923e-72,4.3910668292036e-51,3.68922604304096e-34,4
"20157",0.0643167842920586,2.02180203411323e-06,4.07562627949624e-26,5.48914516978791e-06,5.71941703462487e-08,0.000613838609332153,0.014888350418467,1.7995201590197e-11,0.920173458520772,1.11577322891082e-15,9
"20160",2.04592504204955e-05,1.80548217860723e-22,1.80921670695563e-49,3.83267562239268e-20,1.26224548877865e-71,3.58106170854966e-06,3.08017918113478e-21,1.14714881908283e-08,0.999975948216383,4.9411414278326e-17,9
"20162",7.11967707453496e-05,8.59687900431711e-16,2.79566629308667e-47,1.35464560613511e-15,1.44164186724745e-22,5.88260412269935e-05,1.4769329798184e-08,0.0275935590333048,0.972276403032037,3.53354072249358e-10,9
"20164",0.0148501156015715,3.33985097015741e-07,2.11130821927304e-31,2.54643576921169e-07,6.36931316637536e-38,0.204250871177088,0.000208571139150655,0.780444643619629,0.000245209833885375,1.07411570782745e-15,8
"20166",0.00881558286785772,2.57971065373901e-28,5.8752617245121e-06,5.14964503637565e-05,1.03698980633594e-198,0.991127045420054,1.40558301113445e-25,2.64224517301549e-65,1.39977397037623e-33,8.40175342541162e-19,6
"20168",0.030133319549035,6.0424962272542e-45,2.71117574789375e-30,9.77496593951032e-17,1.06393879586055e-178,0.969858529149517,2.78122176543292e-36,4.5273319176584e-73,3.2207544534914e-46,8.15130144808632e-06,6
"20170",0.000552683200327296,0.000624696702256588,5.82907163198623e-24,4.34921740737953e-06,8.70231471550438e-06,0.00853660106652354,0.0091362339112817,0.130572042281839,0.850564691122806,1.82842984825589e-10,9
"20172",9.67010710410069e-05,0.000886388321792834,0.941008361287122,0.0568038703098489,8.49193060880284e-38,0.000347059848037255,0.000857619162158499,5.6936594800999e-104,3.25614762369467e-65,2.00502323085017e-34,3
"20174",0.000737271957790174,1.50139832830962e-18,7.73498292532227e-46,9.54891390276458e-14,7.28689674398397e-08,0.00233754216808094,0.000682780878477711,0.968001016924081,5.17362662933701e-06,0.0282361415758782,8
"20176",0.000492630891201796,2.59922125108458e-37,2.59608038864511e-31,2.84475957498664e-11,8.38408344751147e-153,0.986519783057328,4.41210541424058e-18,4.65391660062121e-36,1.58471649974528e-56,0.0129875860230227,6
"20178",3.31377195338002e-05,3.06278676822089e-22,5.5550345682399e-50,1.81817393394051e-21,4.7069841090891e-76,2.27576694430571e-06,1.6110501822655e-24,1.37350363899421e-14,0.999964586513508,4.42886031932222e-22,9
"20181",0.0106948250176178,1.60907632492006e-18,0.377620219860061,0.0314190944446264,4.13139902520214e-162,0.580265860677679,5.20895182540684e-16,2.59969092258968e-66,1.50679159522422e-14,2.13416831456378e-26,6
"20183",0.00999986652855687,0.042221672171956,8.22123006247986e-13,0.00183838473003255,0.000710231821916348,0.000135939072240781,0.945093905674454,8.94825594293364e-36,2.91830495029256e-30,2.18985470572834e-14,7
"20186",0.106522323384665,0.000579262665796291,1.2506006461266e-14,0.000610335911587067,1.94801254202832e-14,0.000204301051556957,0.892083776980627,9.00916742896937e-69,4.75636113703556e-85,5.73580641676105e-12,7
"20188",0.0083403474387215,1.26753929549329e-15,2.37873689416553e-47,1.06005109112051e-15,4.73052757782687e-60,0.000957954681833333,1.25079114173703e-12,0.387766933662514,0.602934764215068,6.1068972472002e-13,9
"20190",0.000107621779556737,1.58685639018621e-12,0.99551790372442,0.00114132301605016,3.14920827805602e-146,0.00323315147835447,3.1972564300376e-14,3.17828007895935e-90,1.47361944341582e-54,1.14965189308807e-39,3
"20193",0.0053263191335729,4.5450305900941e-37,6.54852296941025e-37,8.07804605091283e-15,6.89631920411248e-227,0.994673680817446,4.8569891099482e-31,2.02826148788574e-13,1.72587767366048e-13,4.85979343683947e-11,6
"20195",0.000586893342056986,1.04687332313701e-06,1.2482985909916e-18,0.00689815771895372,1.42641790796867e-50,0.694783938398053,0.094001002664301,0.195626647441071,0.00810231356224011,4.18003872039364e-16,6
"20197",8.98418722824142e-08,0.000126985619880189,0.856752891719456,0.138469086297019,1.93557917581936e-66,0.00202081429879575,0.00263013222297662,1.60119956053847e-61,2.91808952938804e-56,9.40911672647486e-32,3
"20199",0.000132367576866477,1.23725461761777e-06,1.99219216245802e-40,6.10567663995532e-12,2.15891503885774e-18,0.000892058017075198,5.40648325284632e-05,0.996995720673143,0.00192455163893302,7.30577260394404e-13,8
"20205",0.0547791245749958,0.945220864074919,1.64733519723857e-17,2.24412176471987e-12,4.92958055873229e-95,1.13478410283432e-08,4.15546220866478e-22,2.44845289412147e-132,1.45567927135206e-127,6.34911939250606e-94,2
"20208",0.000187407903913542,4.79623440304967e-06,8.75184137875562e-15,0.0312179337390082,3.64984539640012e-19,0.0930469338000537,0.875299525975315,0.000243189810240395,2.12532952298571e-07,4.10453073596997e-12,7
"20210",0.000111211563547385,2.86848697421913e-12,4.46765468144665e-41,1.06019401122743e-12,5.64018009525484e-23,0.000203505922346967,3.21156385975667e-06,0.438210779807991,0.561471291100784,3.75421232169359e-11,9
"20212",0.000586483479701334,8.70163204868583e-08,2.41734858951034e-24,1.42203940797233e-05,3.21080422676271e-26,0.10746747467562,0.00744914287300115,0.00105169954257455,0.883430892018703,1.17809981719785e-17,9
"20216",0.00377576647376732,6.10690295327141e-09,0.338358706706072,0.635648179434516,1.9473894821511e-70,0.0222146919499431,2.64932879916188e-06,4.84658561223687e-83,2.13850278460086e-25,1.26611160755586e-27,4
"20219",0.00363171472567023,0.810933621573894,3.28842697671253e-05,0.182158196712982,4.10253738554644e-49,0.00324341108797775,1.71629709067262e-07,1.84951850724735e-77,3.01562554368045e-39,1.42835821683873e-52,2
"20223",0.010118135837798,6.20709084442542e-23,1.48962823039851e-05,1.81391618651725e-06,3.87693108655081e-281,0.989865153963712,6.08629269090177e-27,6.923488227583e-141,3.72756759774702e-143,1.59815689577028e-31,6
"20226",5.85420094842926e-05,0.00767190887841116,1.41844577651248e-12,0.0912046639734375,1.67152380196379e-47,0.122571277374616,0.778493607762632,4.5920417460473e-16,8.11883744197369e-20,3.59930730432036e-30,7
"20230",0.000991712223107592,1.02671264580284e-10,0.986228425673143,0.000937877220315359,2.42659124407899e-164,0.011841984780763,1.42634716717414e-17,5.40508222306474e-107,4.68275189860836e-76,8.81177380692776e-47,3
"20233",0.0498065218841417,0.950193478115856,6.66165075449424e-61,1.41172592056173e-29,1.44873283026086e-58,2.80520665302945e-15,8.66129798424688e-26,2.15847087116579e-72,2.75745602656966e-82,8.35145425191647e-55,2
"20235",5.71067606622179e-05,9.98476868440302e-08,1.50293215194755e-06,0.00160797699705142,8.77927431383819e-165,0.998333313462398,4.93252323286598e-14,7.89647723921037e-114,5.81510838513888e-133,2.75191464147304e-36,6
"20239",2.20598380764184e-05,2.43812441262229e-11,4.69271593800867e-06,0.556228344203225,3.24528620945896e-67,0.443609373576704,0.000135529641390952,5.37850086600421e-81,2.94770425806289e-62,2.85120999445453e-13,4
"20254",0.0171201833774788,0.98287955396764,2.55159133419746e-07,6.69515588389289e-09,1.04777180888014e-142,8.00592271736853e-10,4.7891402125101e-28,2.95990632816023e-166,1.14165818010192e-109,5.70041707112733e-101,2
"20256",4.29532215175856e-06,3.39093792519156e-06,0.813702314579523,0.16985546819203,3.00993408524904e-81,0.0164345089506055,2.20177651328282e-08,4.32813706020579e-129,3.58835999572763e-92,1.12510231400885e-28,3
"20262",4.00419727996083e-05,9.36680974389551e-08,1.07446249594111e-24,4.50234939303599e-07,3.16912449410663e-07,0.000294622608969761,0.00670961050153075,0.0014000764440791,0.991554787652534,4.60064806004305e-12,9
"20270",0.531835810257614,4.11370048384147e-22,7.78174337101669e-09,0.124199074791304,6.13266327107214e-128,0.34396510716931,2.84297847384529e-14,1.02188291519035e-49,1.14557400359942e-25,4.60179462289701e-20,1
"20284",0.162916692545583,0.836666659724308,5.34354961634302e-18,0.00012407529626931,2.10693107950166e-15,2.39524576205827e-07,0.000292332909261518,7.34569424969287e-65,1.58028707530516e-47,2.26761700722674e-42,2
"20287",7.32741321047775e-05,1.78129449070691e-14,0.974226415404448,0.000268012173974918,2.65414839936666e-243,0.0254322982894547,5.40269080636251e-25,6.68504079144087e-151,5.7320022137391e-110,5.05779676694853e-54,3
"20290",0.0191747580106323,0.980825192869103,9.32314098724162e-19,4.67195573378548e-08,9.0996433082548e-66,2.40068872950786e-09,1.84786286315165e-14,3.63819635087851e-86,7.73137570767731e-52,7.6761746241877e-79,2
"20293",0.000190499027905277,0.00722020002630875,0.105710011730034,0.741105017486775,1.02292938431289e-23,0.00401037462474895,0.141763897104227,7.14791541892356e-65,7.93741428799438e-34,1.77916644751185e-20,4
