"","V1","V2","V3","V4","V5","V6","best$classification"
"19811",0.0898345733401765,4.9028968446235e-12,0.0314422962648522,9.42043464076512e-06,0.878713698345583,1.16098446900329e-08,5
"19813",3.32614646054543e-08,2.06207234841864e-21,0.9999999657442,6.27393007531232e-28,5.0107926860781e-15,9.94329855539802e-10,3
"19815",0.987300933168163,8.15574548368028e-05,0.000270852894104178,1.54862797270789e-15,0.0112207530043498,0.00112590347854505,1
"19817",0.0359721544858548,1.68798545641465e-09,6.64865762843916e-05,1.532447696305e-06,0.963958106795929,1.71800625004164e-06,5
"19819",1.04503915350204e-06,0.529966138443307,4.92021918542709e-05,1.16821551835402e-35,2.67892741563e-51,0.469983614325685,2
"19821",0.438000034593484,2.15129676877546e-07,0.560345591889848,0.000266269850780027,0.00138786950101223,1.90351987609026e-08,3
"19823",0.00175726911547719,8.56947752781218e-09,7.84784377752592e-08,2.26286506665178e-20,4.53680875639315e-06,0.998238107027851,6
"19825",1.18559836341735e-13,1.66730957478118e-12,0.999999999998066,2.06650837191049e-18,4.70988374116037e-47,1.48290211352275e-13,3
"19827",0.0109994041996851,3.21184970794224e-05,0.00145062373045667,0.678704597678058,0.30867805418139,0.000135201713330678,4
"19829",0.43859972688921,0.229386333803445,0.33200949713027,1.7309594950715e-09,7.50352373216051e-30,4.44044611538971e-06,1
"19831",7.2624594082964e-07,0.607982414390996,0.001594416191359,1.73465962042761e-46,6.39963082842554e-47,0.390422443171704,2
"19833",1.75453976095635e-23,1.33193062586296e-30,2.20158099844168e-06,3.70308951136238e-59,7.34836134436347e-82,0.999997798419002,6
"19835",0.438000034593484,2.15129676877546e-07,0.560345591889848,0.000266269850780027,0.00138786950101223,1.90351987609026e-08,3
"19837",0.0357297081516997,1.98848793493577e-05,0.000439065218890011,0.174550636509135,0.789260420378606,2.84862320715432e-07,5
"19839",0.000542026332740671,0.0123300920596984,0.987127867378564,4.73611841853013e-09,5.15423587287278e-29,9.49287875741301e-09,3
"19841",1.2323940407332e-15,8.94265801134355e-16,0.971518042997919,0.0284819561155408,3.41356452931344e-39,8.8653772852458e-10,3
"19843",2.46172589220145e-07,0.00125992034718075,0.998739832851705,2.04286431718168e-53,5.43457069916112e-57,6.28525080084172e-10,3
"19845",0.00499535640951643,7.09599909188645e-20,0.994790358467694,2.50243162624723e-22,0.000214250060654302,3.50621353469798e-08,3
"19847",0.898967577256463,2.33850998357713e-07,0.100897562611223,1.17083786942405e-20,0.000134569720610183,5.65607054722787e-08,1
"19849",1.15705112438109e-08,3.12571055192455e-24,0.999999986381527,8.73953525246614e-25,1.6727464874542e-10,1.88068701312757e-09,3
"19851",0.00742548082825817,2.54058849244893e-11,1.5070382098262e-05,2.54113311215508e-08,0.992556126534164,3.29681874213414e-06,5
"19853",0.000421474159960151,2.38623239906915e-25,0.000590588127889537,1.92615001239256e-15,0.627568482773033,0.371419454939115,5
"19855",0.0105960200169439,2.70891953970916e-18,0.000150674144450646,2.59441113806979e-06,0.989111757060987,0.000138954366480139,5
"19857",0.826258672059363,3.24576053289033e-06,0.168786987190441,2.06849979649349e-05,0.00493040912835236,8.63345556124188e-10,1
"19859",0.737485738762477,1.47729595338204e-06,0.00585157151069916,9.08319921307521e-05,0.256508436624024,6.19438147153297e-05,1
"19861",0.00904009403923044,6.7131977676773e-15,0.00299010536252295,3.80947164205144e-12,0.987969741665629,5.89288017716404e-08,5
"19863",6.66921726812147e-17,2.19693840489364e-32,0.999999990183261,9.81288478435053e-09,2.71086239326939e-24,3.85454610825404e-12,3
"19865",2.15792049112622e-07,6.73323939997381e-14,0.00154949271213025,0.998450222410382,6.90318195640518e-08,5.35521494808842e-11,4
"19867",0.953107309855511,4.4046156154298e-09,0.0204965334810298,1.4713933762387e-21,0.0263959346095449,2.17649298383699e-07,1
"19869",4.14283175504638e-06,7.27517812443579e-25,0.999880324271512,2.95774260764349e-09,0.000115525012038971,4.92695155907355e-09,3
"19871",0.376510378133909,5.37325864221345e-05,0.00069683366584423,0.0116402638421159,0.611060568700132,3.82230715766279e-05,5
"19874",0.00125227922481335,8.5461053733007e-13,0.00346705033199917,0.000563454051198086,0.994715434661671,1.78172946380284e-06,5
"19876",8.43710086058937e-05,4.58719544527944e-16,6.78396540773671e-05,2.92160368663613e-05,0.999818570965869,2.33458059997739e-09,5
"19878",0.488379427167429,5.06602595689151e-06,0.511615478852225,1.00388001560972e-25,4.77337218076115e-33,2.7954389003156e-08,3
"19880",1.85508382846946e-10,1.55156603131496e-20,0.000367085401531817,0.999632912896985,1.09019976344631e-09,4.25774687207438e-10,4
"19882",0.0222420508487689,4.84682197963342e-19,0.977542104363336,3.28754189533266e-13,0.000215651589569649,1.9319799646889e-07,3
"19885",0.485014241556416,0.000758006695886678,0.00281361696503606,3.73060726375386e-06,0.511410320463198,8.37121988502129e-08,5
"19907",0.833608071751993,1.10318958714795e-13,0.159940279969877,2.95014389956196e-18,0.00645151209581381,1.36182206679481e-07,1
"19909",0.0485902558197385,0.948039754464189,0.00336971584520009,5.01280272392375e-22,4.08377020001421e-20,2.73870872136862e-07,2
"19911",0.00228246732948133,0.853765373423294,0.143950433461385,6.24963406186910e-09,1.77292738392494e-20,1.71953620497144e-06,2
"19913",5.2562530219651e-16,2.94458842436919e-19,0.0004684967849379,0.999531500170282,1.94661338204753e-19,3.0447797914139e-09,4
"19915",0.000466417018088544,3.20936480875714e-12,9.32018189774174e-05,0.996240422591885,0.00319918736447128,7.7120336851152e-07,4
"19917",7.65948637956572e-05,3.27201805949745e-08,0.0152844473273474,0.984638176876441,5.09468640414112e-07,2.38743594663128e-07,4
"19919",0.071620255024844,1.31035288171798e-07,0.00142507941147244,0.266953900417435,0.65999152865767,9.10545329062516e-06,5
"19921",0.0624150284386009,2.81363094557426e-09,0.000272749423966787,8.27566516924753e-12,0.937311871161418,3.48154107913727e-07,5
"19923",0.926517521392367,3.02086498113579e-07,0.0733595139524677,1.0305867643455e-28,3.13083933665083e-14,0.000122662568636198,1
"19925",0.000102138958518788,2.07809123649005e-11,0.00117484073082745,0.998628398254557,9.45436493996382e-05,7.8385916077818e-08,4
"19927",0.39968343159762,1.55410467536748e-08,7.08631255060333e-05,8.43046100333482e-11,0.600156692139149,8.89975123730091e-05,5
"19929",6.41949271851643e-18,2.26478200307101e-28,0.995150797594428,0.00484920239989227,2.19878874413602e-15,5.67806466961871e-12,3
"19931",0.997447194260467,0.000583524351425062,0.00126860042734022,6.19329976190529e-12,0.000644483426515049,5.61975280591114e-05,1
"19933",0.119913539322991,0.879307311819313,0.000763705251018177,1.35253167129621e-10,4.27988328110924e-10,1.54430434362149e-05,2
"19935",0.598598099593724,0.0629799392792083,0.338421926187349,7.48047065578977e-11,3.47780336536913e-08,8.68802002509769e-11,1
"19937",0.313090467046442,2.44335821003162e-07,4.77448381436465e-05,1.41402764681957e-13,0.686464002438272,0.000397541341181104,5
"19939",0.990886503172273,1.04488426654046e-09,0.00838204550597082,3.05263428045645e-09,0.000709773569210452,2.16736550266008e-05,1
"19941",3.33747044862708e-06,0.343408298992469,0.656588311820525,1.61192059222007e-08,7.65423799030074e-26,3.5597351005965e-08,3
"19943",2.56628254963622e-08,7.32122968120975e-16,0.00136131546243462,0.998637393432146,9.24733100941011e-07,3.4070949263108e-07,4
"19945",0.0929096074038946,0.90331359596647,0.00376222950113055,9.20458468306757e-13,2.5311995209889e-12,1.45671250530616e-05,2
"19947",6.99218514836621e-06,1.06867954885838e-10,0.99999275596513,1.82787001732341e-08,1.26280298731624e-25,2.33464153687328e-07,3
"19949",0.948365926122809,0.00199582297703623,0.0496221342424109,2.25615294570719e-26,3.12081587625987e-14,1.61166577125813e-05,1
"19951",0.257115695941925,1.5094669314627e-06,0.382805550888282,0.360073198690223,2.24395662964177e-09,4.0427686824594e-06,3
"19953",2.7920943095976e-07,0.00483353459372965,8.00169417033656e-05,4.599330404615e-50,1.76267546699388e-39,0.995086169255136,6
"19955",0.157817967028403,0.0275076466324469,0.810299845590998,6.45399822536169e-36,1.15086294502506e-32,0.0043745407481523,3
"19957",0.032943488743723,1.16077929666545e-07,0.165672688243345,0.00159624135265286,2.37478794780045e-06,0.799785090794402,6
"19960",0.0502440001026814,0.00262034425941811,0.947135651754964,1.7663547033002e-18,2.35411111536414e-33,3.8829368769596e-09,3
"19963",1.3838170575069e-23,2.19776068226177e-18,0.000297784317487028,1.82726114583839e-19,2.08449729963219e-44,0.999702215682513,6
"19965",0.405986930871645,0.0359611371743437,0.557999634288501,1.51665625302995e-40,7.7250002912355e-49,5.22976655095707e-05,3
"19968",3.89882353415797e-07,1.04675252482593e-09,0.999180161917218,0.000819447153675683,4.43794549585681e-16,2.00596665451374e-18,3
"19971",1.13874045307198e-14,1.48761311866545e-15,0.374576335780568,4.22189729815759e-08,1.05407906253466e-58,0.625423622000446,6
"19973",0.0132001497189531,3.60818519157753e-08,0.000174735300865478,0.00139337729157036,0.98523169738309,4.22366869097327e-09,5
"19975",0.000275860095551009,9.20862119531601e-10,0.0453422660640666,0.954381844303869,2.85830048834298e-08,3.26466962952531e-11,4
"19977",1.47031331363154e-11,8.77860110601528e-21,0.999997399506447,5.48272219867697e-11,5.0814425236835e-42,2.60042402304503e-06,3
"19979",3.88083502827367e-05,0.9883933872176,0.011557285272417,9.72147166082549e-28,4.84459959859099e-58,1.05191597005328e-05,2
"19981",0.997190894033458,0.00154246937470365,0.00126061024207773,6.00673870637896e-12,2.97870277646178e-06,3.04764097780795e-06,1
"19983",0.989887946929757,2.86982498099089e-07,0.0100766338523183,1.48560917846787e-15,3.47821545903601e-05,3.50080834404364e-07,1
"19985",0.000553917148179402,1.03437449329203e-14,0.00307048386809186,0.329284889884694,0.667090683912654,2.5186370445467e-08,5
"19987",0.794849279467891,0.0672200588504583,0.116366137940486,0.0159726032484696,0.0055914423085984,4.78184096765436e-07,1
"19989",5.8102140540754e-05,0.993956290454436,0.00576181192443844,8.91434205194958e-44,3.67322430462986e-46,0.00022379548058531,2
"19993",0.970981114735408,0.00404370024083599,0.0249740576655773,2.43628047578966e-07,5.41660536955237e-18,8.83730130827687e-07,1
"19995",0.137716591338161,0.637178305857034,0.225105026656268,1.07320414552026e-08,2.16218766633487e-15,6.5416494164113e-08,2
"19997",0.0502976053375537,1.39343987067083e-08,0.000410807433095498,1.125961146343e-05,0.949279687587153,6.26096335705704e-07,5
"19999",0.000348890718561298,5.72657852618059e-16,0.00109860479154047,0.998103837484101,0.000448650569538376,1.64362579536215e-08,4
"20002",1.19203329544392e-22,2.77996877376713e-20,0.999999999996235,1.6510326107802e-15,8.84393392865505e-38,3.76391005528286e-12,3
"20004",0.00120239186628667,0.83620251182623,0.162595096045306,2.32337397701369e-12,2.04337555040868e-15,2.59851633717293e-10,2
"20006",0.0127252684944026,7.60496403703961e-08,0.987274369931959,1.1799004917556e-23,1.95267429548846e-33,2.85523997647378e-07,3
"20008",0.00126447778549298,0.000443345625807632,0.998286678893671,3.99408994056266e-25,1.19744127409913e-37,5.49769502822656e-06,3
"20010",0.491963867105977,0.467812960830501,0.0400446424308481,9.74019345695072e-21,7.16539968218983e-17,0.00017852963267324,1
"20012",0.000646979712201142,1.10265144720847e-17,0.931263017969191,0.068089991851818,4.07714052594658e-15,1.04667856086485e-08,3
"20015",0.000734195577866979,0.982916153449536,0.0163496509712298,3.39443531841135e-35,8.96144328238936e-51,1.36698865469213e-12,2
"20017",0.00286170459009649,6.77894725563395e-14,0.000440271861026881,0.000167361496763654,0.996530658832696,3.21934968402829e-09,5
"20019",5.38371940020375e-06,0.96582116564234,0.0341658576297661,1.28466388683656e-47,2.05805854799752e-74,7.59300849371149e-06,2
"20022",0.436855643823205,0.550670933808154,0.0124668010909569,5.13984085191246e-19,2.6298631404259e-17,6.62127768411545e-06,2
"20024",4.42541106570227e-10,0.000575961761360284,0.7215971335409,7.03199437880733e-69,3.20516093894858e-68,0.277826904255198,3
"20026",4.42541106570227e-10,0.000575961761360284,0.7215971335409,7.03199437880733e-69,3.20516093894858e-68,0.277826904255198,3
"20028",0.0011795865031851,3.99632258776847e-12,0.000199580352257762,0.00863275294075957,0.989987877825834,2.0237396759186e-07,5
"20030",3.64082321322332e-06,0.888057920420424,0.111938438750565,1.63277381156028e-20,7.56056719476321e-39,5.79787399117893e-12,2
"20033",0.138974622428062,4.26080626336767e-06,0.00214763105719193,0.85878399756336,6.91820715812224e-05,2.03060735419121e-05,4
"20035",4.14090539810031e-05,0.950415542676493,0.0495073229226175,3.20350749748906e-51,2.93942304363206e-74,3.57253469088622e-05,2
"20037",0.000570535476792444,0.969886287854182,0.0295342761794029,1.58627113684191e-53,2.74086430519097e-68,8.90048962312814e-06,2
"20039",4.56526585646741e-16,1.32129667917351e-12,2.11368124290485e-08,1.02242752196494e-97,5.5132179687231e-85,0.999999978861866,6
"20041",0.981670067691787,1.69841488551355e-08,0.0176978333091433,8.00818683427261e-20,2.19505625830482e-18,0.000632082014920615,1
"20044",0.845925555803695,1.51707237157676e-08,0.128775570375395,1.22490868322697e-16,2.45835900630783e-23,0.0252988586501855,1
"20047",2.48028008821837e-08,0.939525358041384,0.055381123287892,1.81195291528686e-41,5.98380452138289e-83,0.00509349386792329,2
"20050",0.152169097708301,0.0938743532308839,0.0198009795884371,1.64219854134967e-21,2.25902601072856e-29,0.734155569472378,6
"20052",0.849712868219012,0.0331940765620026,0.0114637972628115,0.0975398912248702,0.00694147150325474,0.00114789522804909,1
"20054",0.0806328405712388,0.877517582472772,0.0418495769170585,5.76661930131748e-20,4.24031708044623e-29,3.89306892293631e-11,2
"20056",1.20652584583355e-08,2.07154472413686e-07,0.321215097501805,0.678784602584146,1.92470986051576e-16,8.06943174563562e-08,4
"20058",0.000156936161359884,0.987796216612998,0.0120418231021373,4.38336201634644e-50,4.7530038545292e-46,5.02412350524831e-06,2
"20060",0.832715124909216,2.85665836701717e-06,0.0131019376751249,2.52982393430405e-08,0.154179949293064,1.06165988522821e-07,1
"20062",0.986762358882488,0.00026418953286685,0.0126340503888815,4.23403068289041e-08,0.000338524124446768,8.3473100992129e-07,1
"20064",0.0896432011963841,0.906058602466649,0.00429803372043713,4.99561088365236e-08,4.10193328139852e-13,1.1266001068872e-07,2
"20066",6.92297079062588e-07,0.910773167141639,0.0892261357052572,1.59314879887131e-30,8.32253265333467e-63,4.8560245549548e-09,2
"20068",0.350028207336317,9.55872127621712e-12,0.00634911319606143,5.95010068972878e-11,0.643622642435759,3.69628030345361e-08,5
"20070",0.993526692711641,2.60033273536522e-08,0.000872082579486541,2.35551874585066e-18,0.000874229064733223,0.00472696964081242,1
"20072",0.0667486742437418,0.0524256425867815,0.880825172793713,4.66234303673297e-46,1.10579505322023e-44,5.10375764069579e-07,3
"20074",1.08058258858584e-16,1.62285851037897e-27,0.0176870587319118,0.982312941224879,4.03320864386652e-18,4.32092818670442e-11,4
"20076",0.000219150825808946,5.19168756937623e-08,0.992460495951067,0.0073203012854323,1.80902909219964e-11,2.7255404409318e-12,3
"20078",0.0210846340135715,0.97427390687126,0.00462064103799136,6.95869952151423e-14,1.30565518347466e-18,2.08180771072918e-05,2
"20080",0.000728352663879411,0.990434616539617,0.00880655171800722,1.38992895989383e-34,7.0251461405223e-58,3.04790784961087e-05,2
"20082",8.05742509383053e-11,0.000127029613999589,3.6769584591192e-09,1.50697076349896e-52,2.52772812855545e-53,0.999872966628468,6
"20084",0.000308108072722049,0.976080536335464,0.0230497124933027,4.55018315309934e-08,3.61377127531204e-22,0.000561597596679488,2
"20087",0.108759518303695,0.839505926663659,0.0517340177274446,3.31540589504094e-27,5.67187735878788e-22,5.37305200950491e-07,2
"20090",0.00960547271517577,0.978783273763403,0.0110188581408666,3.17362906706269e-35,2.34852490232308e-57,0.000592395380554472,2
"20092",0.000198539962532158,6.96968019001644e-09,1.65860765895095e-05,5.78701747905924e-62,5.90192463275074e-32,0.999784866991198,6
"20096",0.0043142821428713,2.54218502228783e-05,0.000604251252435619,1.99678389536373e-18,8.82852106638831e-14,0.995056044754382,6
"20098",0.142349255293845,1.18054916096906e-07,0.000757148779975659,0.845291668444823,0.0115233545356542,7.84548907863268e-05,4
"20101",0.00947520912206459,0.935142335077994,0.0548128385071894,1.20596097226461e-14,4.66120610175033e-45,0.000569617292739512,2
"20104",2.21732500839806e-09,7.42864295727002e-25,2.07771403464039e-07,6.15974684659443e-44,6.53808106701309e-21,0.999999790011271,6
"20106",0.116618901462912,0.871012205749994,0.0123688820302559,1.14769144546263e-13,2.89996825226135e-31,1.07567230474182e-08,2
"20108",0.3488454623974,0.000293832226012966,0.00695207904553149,0.000235581850021765,0.643672650029068,3.94451965208995e-07,5
"20110",0.0453192522449066,3.70310109638764e-06,0.0815026544566367,5.47556258616408e-07,8.73299576658416e-11,0.873173842553772,6
"20112",0.57605404174354,0.409993053864566,0.0122500465248428,4.52397310916622e-19,2.57523239229695e-30,0.0017028578670507,1
"20114",0.000734806251113646,0.98178525725424,0.01743714888774,5.159400957979e-06,9.95910388351052e-16,3.76282059473978e-05,2
"20116",0.0335953571696959,0.85495000466658,0.11145289858446,1.73784187054787e-06,6.80616879727032e-22,1.737393455614e-09,2
"20118",0.75521407849124,0.225933550585467,0.00157454175964331,0.0161933516775123,0.000962657100616253,0.000121820385521098,1
"20120",0.208448464465562,0.657961828464283,0.130096279158792,9.40379725295596e-14,2.33066323309715e-29,0.00349342791126913,2
"20122",3.04706181895057e-08,1.76034060376885e-13,0.00218251067826607,0.997817457273852,1.37074247757844e-09,2.0634536295908e-10,4
"20124",0.0113750131835295,0.931275220047862,0.0496479802854395,1.43169287854125e-43,9.77888619850001e-50,0.00770178648316915,2
"20126",3.68082562874347e-15,5.49390911476543e-11,1.64958100924523e-07,3.71558326546002e-67,1.77521485075729e-75,0.999999834986956,6
"20128",6.35835578207768e-15,0.00020137291679665,0.000262133385677569,9.89210965333348e-78,1.07987121147459e-111,0.999536493697519,6
"20141",6.57030350487601e-06,3.25739811478781e-16,6.90272905371029e-08,2.97524607993894e-23,3.95256758106549e-13,0.999993360668809,6
"20143",1.12677859654521e-14,9.67681947595061e-23,0.998435908895365,0.00156393792922837,5.8900640411781e-34,1.53175395271245e-07,3
"20145",0.112211371700342,0.884154711523177,0.00357346813430583,1.21424485138003e-15,4.92849556866604e-18,6.0448642173787e-05,2
"20147",0.24814262574576,0.748186057373936,0.0036680555162567,1.72427221456069e-14,1.08454684201244e-21,3.26136403036822e-06,2
"20149",2.24400673164808e-08,1.18641149097372e-15,0.00842710866591597,0.991569971706788,2.47393530745863e-06,4.232519196588e-07,4
"20151",0.0916175600873014,3.96474248645385e-06,0.00177446296431101,0.717113446061308,0.189490119573023,4.46571569302748e-07,4
"20153",0.0122127712242682,3.70874936828327e-06,0.0133272823880299,0.782606830793368,9.32832347157886e-10,0.191849405912134,4
"20155",0.848891004433253,0.141061782746072,0.010047010327424,1.33805185939897e-24,1.11481270804331e-35,2.02493251263574e-07,1
"20157",0.00827887584698646,2.26264181716518e-08,0.0219656016425507,0.962502393447657,0.00725196189889403,1.14453749368201e-06,4
"20160",3.69947799953586e-15,2.32879311862102e-20,0.000219734875419302,0.999780264414556,4.77638805263811e-17,7.10020878381052e-10,4
"20162",8.82152725003087e-09,2.53904012851671e-18,0.000296700837410929,0.999691607706762,1.16804836745007e-05,2.15062478242037e-09,4
"20164",0.000568462044752431,3.02852321607923e-09,0.185458009057088,0.813920576823341,4.75563327065645e-10,5.2948570731793e-05,4
"20166",4.80888041528838e-09,0.00960879912423708,0.990391196064911,7.42832488748043e-20,3.32384114169669e-54,1.97189253054793e-12,3
"20168",1.17098734126656e-17,6.60448473297106e-15,0.999999999999988,9.12801385597574e-26,5.88501907830966e-45,5.34166873163303e-15,3
"20170",0.000755753657074016,5.75392122338956e-09,0.000121064464924739,0.998929613736792,0.00016582939160265,2.77329956850202e-05,4
"20172",0.187183230232521,0.810824874290605,0.00192910127145425,2.25324852423454e-28,1.06550342680593e-20,6.2794205420297e-05,2
"20174",9.42898336100586e-05,4.54554395411067e-19,0.0164151246949547,0.00135316369206334,0.982137421068332,7.11039643506921e-10,5
"20176",1.71429427938317e-08,7.05820475925397e-15,0.999999982062051,5.94330907255079e-26,4.51295382009928e-34,7.94999287463954e-10,3
"20178",4.24694889968413e-16,3.54626361298813e-21,0.000319116954317499,0.999680880931189,1.48358564196275e-18,2.11449335853454e-09,4
"20181",9.8926512604283e-06,0.755299985282175,0.244690122035448,1.84359340060688e-14,1.82142863798252e-43,3.1097686014268e-11,2
"20183",0.95814947471202,0.000142904636902851,0.00060972955388914,1.12932924132897e-14,0.0394593776402436,0.00163851345693334,1
"20186",0.980230288528788,7.60317196508486e-06,0.0189010912627112,2.93523053678628e-41,2.84408499213289e-12,0.000861017033691521,1
"20188",1.0099405499342e-11,1.80587134408641e-18,0.00155553573130454,0.998444459439225,2.29613275379761e-15,4.8193686877027e-09,4
"20190",0.0012228318503716,0.989279964353003,0.0094972020626158,2.73079818989397e-28,5.53421831406279e-48,1.73400960526908e-09,2
"20193",1.43675260084333e-14,4.24446463445736e-16,0.99999987752086,1.22322810712079e-07,2.63368393946206e-48,1.56314010664797e-10,3
"20195",0.116611598049103,5.37631952837818e-06,0.106836047855155,0.776504347949212,6.42681625328097e-14,4.262982693709e-05,4
"20197",0.508582029912212,0.486210599852458,0.00516553756156462,7.21074254236565e-24,2.38399762471485e-25,4.18326737654606e-05,1
"20199",1.94199662449728e-05,1.18015883221804e-14,0.000784534027558376,0.999187758488396,5.61491661546469e-07,7.72602612752027e-06,4
"20205",8.66717909696999e-08,3.03487866627751e-09,1.24211721724934e-09,1.67304456373406e-60,1.0250976386508e-47,0.999999909051213,6
"20208",0.983693525689539,3.99620456809311e-06,0.00454620450492965,0.0117272518215601,5.52881717391329e-07,2.84688976857447e-05,1
"20210",3.46691802461273e-07,2.91897868493548e-16,0.000132921848840556,0.999866174467155,5.38816125650017e-07,1.81760764903873e-08,4
"20212",0.00788108439887019,2.36286267910242e-09,0.00477721928947743,0.987333978989136,3.40285979473767e-07,7.37467367454134e-06,4
"20216",0.0930520255844929,0.834995867231871,0.0719521016353607,8.50627401450481e-16,2.14705455255886e-23,5.54827491313149e-09,2
"20219",0.000528467857805546,0.92482391848963,0.00155517820183947,1.15187574679809e-20,3.45873447293841e-25,0.0730924354507249,2
"20223",3.57700090146978e-07,0.001627855920486,0.998371252708694,1.79572706182429e-71,4.38238021768338e-79,5.33670730016926e-07,3
"20226",0.971643196409322,6.8294817814508e-06,0.0283431681368931,2.27375811308925e-10,1.15294714421591e-14,6.80574461677012e-06,1
"20230",0.000284470782245845,0.988770899103992,0.0109431580018942,1.85297999673452e-36,3.67011980722985e-57,1.4721118681255e-06,2
"20233",2.52766168423281e-14,2.64622729169779e-23,9.97777772770175e-11,1.07450790931142e-44,1.6742869011833e-26,0.999999999900197,6
"20235",0.033244002421407,0.00266034464091859,0.345856474073631,1.0855191230786e-59,9.58532030411764e-55,0.618239178864043,6
"20239",0.127176270253194,0.0720467434131588,0.800776970461213,1.2308833247772e-32,1.26646497187358e-24,1.5872434348755e-08,3
"20254",1.9187715489447e-10,0.000253616986348902,7.63715927494563e-08,9.82347482247079e-56,1.34228289795377e-62,0.999746306450181,6
"20256",0.0321324461169765,0.962387710087216,0.00541991135405431,7.31214286758026e-40,2.72128651429078e-40,5.99324417533564e-05,2
"20262",0.00042270597925571,2.05576651145305e-09,0.000119520801620984,0.998451813788074,0.0010058843679754,7.30073077940241e-08,4
"20270",1.50739879798838e-05,0.0281113358750763,0.971873590130532,1.24390178394902e-18,2.10923218535287e-34,6.41232870390539e-12,3
"20284",0.128409812597016,4.78437854757458e-05,0.00343053606990812,4.42799806234028e-24,8.71196450585707e-09,0.868111798835635,6
"20287",2.59554800120198e-05,0.960559407949725,0.0394146223995245,9.04432816807749e-56,2.8856293091598e-76,1.41707387019396e-08,2
"20290",5.87088045531732e-06,1.81324662519975e-08,5.00292843046631e-06,4.80265303010706e-28,1.08093995619303e-29,0.999989108058648,6
"20293",0.236371231003146,0.762549812964906,0.000441232234809599,8.35986828234849e-16,1.92226329821271e-12,0.000637723795215468,2
"20296",0.015763686731383,0.000869705983370619,0.521771181590327,0.461460826663822,0.000134599031052125,4.4555152561854e-14,3
"20301",8.80127743698761e-09,0.0810524704792546,0.918946420830481,3.94300177690675e-36,3.74784578132165e-100,1.09988898658846e-06,3
"20304",2.65981768468944e-10,3.83563311719233e-05,3.76120882239871e-10,1.32806290107656e-52,3.4294279194333e-48,0.999961643026725,6
"20306",0.000116476079460317,0.977130749237784,0.0219721854750663,1.36228219313903e-47,1.78523867325978e-51,0.000780589207689391,2
"20309",0.996342485065079,0.00243778095630679,0.000177155478874643,1.22000289476099e-15,5.62689969110681e-18,0.00104257849973836,1
"20311",0.00026945757535388,0.952481675395861,0.0472485927521986,4.28028278776003e-15,1.02028310798605e-26,2.74276582640571e-07,2
"20314",0.222351827171586,0.000550011607032034,0.000614763263482551,0.658966217650006,0.11748301891557,3.416139232368e-05,4
"20318",9.67795671690418e-15,1.12928076823229e-12,0.999567199424,0.000432800214634918,1.27427631324428e-30,3.60226011016306e-10,3
"20320",0.723385471237596,2.33497314100654e-09,0.272950260386949,5.20537204705697e-15,3.03521180959447e-11,0.00366426601012438,1
"20326",0.872354699461353,0.00528505490029559,0.000670256423258617,0.0619821703446671,0.0577347192900383,0.00197309958038707,1
"20328",0.991101288348834,1.46734039876384e-07,0.00655039075545649,1.13574466312366e-29,1.47673497451286e-12,0.00234817416019285,1
"20330",0.454795984329455,0.0405625704056288,0.504614878563337,3.81706369532278e-32,6.76614377394561e-35,2.65667015793665e-05,3
"20336",0.00061718636644739,0.000109946245765406,1.65193447277164e-07,2.07128259550523e-37,7.91611357766372e-18,0.99927270219434,6
"20338",0.000218484516542795,0.000497651417492173,1.18897745375902e-06,2.17054216757915e-24,6.21432189992932e-31,0.999282675088511,6
"20340",0.000222526591451774,0.925698185958096,0.074068819026526,1.14110274684607e-43,2.51491307270407e-57,1.04684239263128e-05,2
"20342",7.12722811606194e-19,7.97480536749838e-20,0.00308525732543221,3.24973825178713e-46,3.52485593932435e-61,0.996914742674568,6
"20344",0.00907627798806866,0.986246866629511,0.00454401611045254,4.38618303783854e-31,5.3494460481369e-32,0.000132839271967622,2
"20349",0.000235955994714489,0.989227989675707,0.0105315825921448,4.21939346643095e-41,1.20628911940347e-42,4.47173743429441e-06,2
"20351",0.997294027560233,0.000763460738980334,0.0015591922775614,6.70959598579874e-16,1.63291546312304e-16,0.000383319423224604,1
"20353",0.889997338805289,0.0481633431553202,0.0247807800446406,3.200084829722e-37,4.44898384004654e-47,0.0370585379947499,1
"20357",1.65664119150777e-08,2.27472252838666e-07,2.36527102713046e-06,7.93092361891621e-71,1.14961659837081e-52,0.999997390690308,6
"20360",2.37334183246906e-07,1.1304044940747e-15,0.0652741125535261,3.4504245196947e-58,1.11304365467312e-58,0.93472565011229,6
"20364",0.759566747716402,0.235586479137467,0.00481206728268952,6.79526151319654e-18,2.62734613185536e-19,3.47058634415332e-05,1
"20366",5.82830839526287e-06,5.65495019455911e-11,6.29811295730284e-09,1.71381481166879e-41,8.61545440415077e-26,0.999994165336942,6
"20381",3.33008999706549e-10,2.15915656292393e-22,0.999975007648859,1.3343731149305e-10,2.026332404684e-11,2.49918644316705e-05,3
"20391",0.00762908978132356,3.88077584240443e-07,0.991692721422041,7.41089586920774e-59,1.98697247281567e-24,0.00067780071905108,3
"20394",0.944582685651169,3.96590477927467e-08,0.0387129644279947,3.47911069868024e-09,0.0167041477855398,1.58997138061615e-07,1
"20396",0.00034912258876563,1.39371570667341e-22,0.96466082039458,0.0110197262417782,0.0239703252341212,5.54075479874071e-09,3
"20409",0.00169564426787962,0.911010631026067,0.087269542056333,1.8577246013172e-05,3.74800377960959e-13,5.60540333264252e-06,2
"20411",0.0325609558928259,0.795811830364448,0.000267867204082224,4.0966592805851e-47,6.5810969185221e-39,0.171359346538643,2
"20416",5.23782360347007e-13,0.000140320489672427,7.75247974931593e-06,1.13982004080178e-92,8.62712982645987e-98,0.999851927030054,6
"20418",7.35203604581624e-06,3.24365082443606e-23,0.773671008408332,0.224180018283279,0.00214161831610405,2.95623879774545e-09,3
"20420",1.8270823883629e-09,5.42059416506324e-23,1.72735490903235e-10,1.03626562353726e-37,2.41639247227872e-20,0.999999998000182,6
"20422",0.0212029091531276,0.750185616294461,0.228611473736384,1.74112921727139e-23,2.32528728986636e-44,8.16027043984146e-10,2
"20424",0.28976780641408,0.68771579958853,0.00817547262042446,3.86542596026996e-42,4.48613507527148e-38,0.0143409213769657,2
"20426",6.31525498027936e-19,5.89625572458837e-22,2.61414702384512e-09,9.33504153828732e-38,6.23974660139318e-55,0.999999997385853,6
"20428",0.926328726536595,0.0344885765363207,0.0391826891302298,1.81902258592509e-19,4.1879058672407e-17,7.79685409347028e-09,1
"20431",0.98377476759717,4.70277725774351e-06,0.0117323438228739,1.07427661707193e-05,1.95068647895934e-21,0.00447744303652745,1
"20433",1.41582374493091e-06,0.0210251749608314,0.978973405925934,1.03305880871746e-51,6.07773682086567e-73,3.2894902894632e-09,3
"20436",5.4940707499744e-09,5.2626776712506e-11,0.999999994046896,1.07496590531661e-29,1.90396084054017e-45,4.06406432156357e-10,3
"20439",6.55114998528416e-05,2.39408772741847e-17,0.0332255586842854,2.56727780505458e-05,0.966683256771977,2.65834369175407e-10,5
"20441",7.43731927922486e-05,4.93343347339394e-10,2.65023745249323e-07,2.37664083806128e-42,1.72168167586465e-39,0.999925361290119,6
"20444",6.99834578318625e-13,1.38359298613656e-20,0.000618687002394248,0.999381311057626,7.06162055409198e-10,1.23311829915686e-09,4
"20448",0.02976669783886,9.89642911063964e-05,0.00478590279256095,3.44289826220059e-07,3.49431084181835e-11,0.965348090752703,6
"20536",0.385940963085333,2.1080510653224e-13,0.499449112592546,7.52860406690584e-17,0.114609910319708,1.40022011954519e-08,3
"20538",1.40999047005861e-05,0.00260506143898121,8.92529320936565e-08,1.90862355663537e-43,3.48292279992058e-24,0.997380749403386,6
"20541",0.000166111508255753,0.988510129673878,0.00746050555973248,1.12061544034134e-44,8.05151209081384e-55,0.00386325325813406,2
"20544",0.473090735131528,0.525525037304002,0.00126229765988229,3.28200511578992e-12,3.39787548940463e-12,0.000121929897908303,2
"20546",0.0335571876066865,0.959402290650874,0.00692594651384494,1.2332398811206e-36,1.03566834385619e-27,0.000114575228594242,2
"20550",0.846609397416963,1.09233032791246e-07,0.153387413370511,3.92590574653637e-17,2.73438120526299e-23,3.0799794935687e-06,1
"20553",1.34191216936373e-24,1.55036979145138e-09,0.00018473081678417,3.5176416373378e-72,2.58114858769143e-130,0.999815267632846,6
"20555",2.06982017164486e-10,1.35834164441735e-21,1.67083317504401e-09,7.32219886982941e-59,5.68475158024636e-28,0.999999998122185,6
"20557",0.966060448785926,3.21317837051009e-06,0.000814429804806193,1.33658882657903e-14,1.41125813562234e-20,0.0331219082308843,1
"20559",0.0448284466729578,0.941916018669707,0.0132554129401266,5.03553028455584e-17,1.4342809917555e-26,1.2171720851769e-07,2
"20561",0.00427468516175009,1.41443024186244e-08,0.000986812756832857,0.994698513212717,3.27570111703635e-05,7.21771322729041e-06,4
"20564",4.24694889968413e-16,3.54626361298813e-21,0.000319116954317499,0.999680880931189,1.48358564196275e-18,2.11449335853454e-09,4
"20566",0.625059231149858,0.351125626203818,0.0238151426015753,1.37517043353936e-12,1.72668271025273e-16,4.3374068246566e-11,1
"20569",0.00117598779062671,2.19319016538687e-13,0.00248114444099804,0.996308861322595,3.40003441479025e-05,6.10141265800905e-09,4
"20572",3.5483540558394e-06,6.01433527113889e-13,0.287450170744828,0.712546279975147,5.30886122570859e-10,3.94481624154549e-10,4
"20574",0.0464183769977679,0.945969546911677,0.00715032866114743,3.44589799587444e-19,4.57246208422443e-37,0.000461747429407907,2
"20576",7.78845053748658e-11,6.95799827538204e-16,0.000793468774795797,0.999206517028134,2.08468312034877e-16,1.41191843592034e-08,4
"20578",0.923131419522686,0.0715585129060198,0.0053080468013381,3.44952404975298e-07,2.15807871396671e-10,1.67560174341192e-06,1
"20580",0.0879842746702665,0.901764143121378,0.0102515791540351,1.80983487198948e-12,1.88159537948128e-10,2.86435075002727e-09,2
"20583",2.01542317954349e-12,3.62583973882007e-17,0.000272062110185085,0.999727934596754,5.73088638058904e-15,3.29103947578395e-09,4
"20586",0.200714432875464,0.78871441632103,0.0105655871011093,2.91279101740142e-24,3.47020973895058e-14,5.56370236174317e-06,2
"20589",0.074156852155092,0.913161458014644,0.012676997489628,1.10615320710149e-43,1.07233243266123e-44,4.69234063583338e-06,2
"20591",0.245301936045224,8.702956709287e-15,5.08028108014086e-05,7.35507231127188e-31,7.27275254442879e-13,0.754647261143238,6
"20593",8.23046303295954e-05,0.933891960778901,0.066025579956265,5.08092740101413e-44,1.36572478728158e-85,1.54634503924006e-07,2
"20595",0.285988998505247,0.713327359253085,0.000628320192918681,9.622765558363e-15,6.22810828626212e-23,5.5322048740345e-05,2
"20597",4.58359229643992e-07,2.79174525653041e-24,0.99999793913343,1.09051692267752e-22,1.60183618905374e-06,6.71151048101297e-10,3
"20599",3.14506506401424e-15,3.07597542376246e-19,0.000897250099625832,0.999102749377128,3.24186864403312e-20,5.23243285861696e-10,4
"20601",0.339825937854532,6.63400479351815e-07,0.000981034771325761,2.46109624771194e-07,0.659176029583719,1.60882803191194e-05,5
"20604",0.000331036227475121,0.989878745317116,0.00979007930341947,8.9443124908798e-27,3.28309141629758e-55,1.39151989266001e-07,2
"20606",0.00136515163586953,0.978048222875515,0.0205866167679502,3.00848146382994e-32,1.01074681798643e-46,8.72066540628549e-09,2
"20608",0.426519964072395,0.561671320660682,0.0118087136698367,1.74348533491381e-25,3.84806970994959e-37,1.59708625148867e-09,2
"20610",1.29768442768153e-06,1.81183114920274e-14,0.00456507854586924,0.995431150404577,1.56707212065592e-20,2.47336510820168e-06,4
"20612",6.18867162182206e-19,1.60095376227986e-13,0.989064469304112,2.08378106753326e-54,3.13013926466324e-57,0.010935530695728,3
"20614",5.43482964458351e-07,1.35532347797028e-15,0.000425232298578673,0.999571665935554,2.49706088939737e-06,6.12220119921884e-08,4
"20616",0.752175550088458,8.99163198502279e-06,0.247489484179092,6.85085748018008e-10,0.00032524646515812,7.26950220960612e-07,1
"20618",1.23674585407669e-07,1.45556509489372e-07,3.5227350575655e-07,2.74417856900524e-31,6.19276544245624e-26,0.999999378495399,6
"20620",2.190328648628e-05,0.0205226627228822,0.979455407437965,1.9306184658549e-22,5.54181178899009e-40,2.65526665991298e-08,3
"20622",9.70954228761836e-09,6.8447206105019e-12,0.00649143243400563,0.993508528963324,4.76604339914005e-15,2.8886278454635e-08,4
"20624",0.00968142278356657,0.752473417691243,1.98366571586634e-05,6.78945950480092e-43,1.59426895183787e-40,0.237825322868031,2
"20626",0.0108196817627911,0.00168295028657301,0.987497367917392,2.42994689904186e-15,4.62194769422782e-29,3.32411659335387e-11,3
"20628",0.475791859026681,1.74768201370626e-10,0.524196797722471,7.3017691932159e-25,1.80855690346679e-23,1.1343076080556e-05,3
"20630",0.866783517523333,0.0345491191288154,0.0986673015143019,3.56144366459774e-11,6.40242422449236e-33,6.17979354280339e-08,1
"20632",2.0907082598971e-09,5.18792545956231e-23,0.00251857053442453,0.997481421240377,6.03705855518107e-09,9.74312982058406e-11,4
"20634",0.0123916504102628,0.97155776777121,0.0160505188233149,1.27611734180441e-31,1.17184388156804e-46,6.29952126543549e-08,2
"20637",7.68812596992008e-08,0.000193695185136659,9.01669379259103e-05,1.62422060736375e-30,2.78633180768436e-49,0.999716060995678,6
"20639",9.36079314212594e-05,3.92255939053559e-13,0.001868462262342,0.998030227002563,4.55128370909139e-11,7.70275776844663e-06,4
"20644",1.17678313962114e-20,4.09131962077029e-09,0.0423959347299835,8.32870040293517e-88,1.07242722808573e-127,0.957604061178697,6
"20646",1.25705084934444e-06,1.44181432376333e-08,0.999761451141113,1.06079526932583e-44,1.41414969444007e-71,0.000237277389894545,3
"20648",0.0205647855660645,2.09417545093572e-08,8.13562286537972e-05,0.310217372307545,0.669092512263147,4.39526928355282e-05,5
"20650",2.82273295265743e-05,0.401064561395036,0.00252914880732266,1.20294158681862e-51,2.45936814957678e-52,0.596378062468115,6
"20653",0.528247596346199,3.72301118150293e-10,0.471719106014855,1.82645752808982e-12,1.3649325425049e-07,3.3160771564599e-05,1
"20658",0.00755904945590416,0.916433332494719,0.07600761770252,5.23116631865428e-42,5.66577272824491e-44,3.46856549008209e-10,2
"20661",8.38430303094156e-09,1.9958508609674e-10,4.31502692061353e-08,2.14044810071747e-61,1.100087042788e-39,0.999999948265843,6
"20663",0.875059564113825,0.123921383240327,0.000945864248431473,3.6477414788806e-18,7.53971488369485e-08,7.31130002678913e-05,1
"20665",2.45547176894775e-15,8.21003733050094e-17,0.00346792688848303,0.9965320731102,1.6407698518524e-19,1.31460921130251e-12,4
"20667",0.732253606696861,7.36720015208815e-09,0.267720512751137,1.59208361409366e-17,2.1982937315817e-15,2.58731847997284e-05,1
"20669",0.000239856603914722,3.01635828834676e-22,0.999498491886457,1.09234355896564e-19,0.000257267609959991,4.38389966824154e-06,3
"20671",0.0090968780754172,0.061601745340337,0.000298745061454639,6.99497431898073e-20,1.08604993036803e-26,0.929002631522791,6
"20673",1.01017592779973e-07,1.32559415974743e-25,0.99989388698358,1.24486514354703e-15,0.000106011748960974,2.49864765881503e-10,3
"20675",0.591628153417888,4.35791944860037e-06,0.408098525627502,4.41404028395354e-22,0.00026894944041623,1.35947454248855e-08,1
"20677",0.936503437223022,0.0206336636455986,0.0428628430469935,5.0981452317779e-22,3.12670687403826e-08,2.48173172424878e-08,1
"20679",6.08316203543132e-05,8.8485958210592e-26,0.534947502445419,6.10703137899105e-09,0.464990793107806,8.66719389624152e-07,3
"20681",0.461770153006016,5.50732117647567e-13,0.0131552442128596,6.57777528049978e-19,0.525072151504477,2.45127609657182e-06,5
"20683",0.929868348587474,0.0063241200235056,0.0638075170275633,4.56416924209865e-20,1.00675125123939e-12,1.43604504520398e-08,1
"20685",1.07339775363759e-08,2.10136741717702e-22,3.01789796085919e-09,7.3652595122294e-40,3.19951500664345e-20,0.999999986248125,6
"20687",0.000136106075648273,1.08996402254824e-12,0.000286519628135209,0.0562315500273198,0.943345297648207,5.26619599492929e-07,5
"20689",1.77329040624816e-18,1.26950178023849e-10,5.46646022706407e-07,1.57967093617946e-95,6.99278045049794e-105,0.999999453227027,6
"20691",2.36938255085533e-11,5.50913645766529e-18,0.000455958494780489,0.999544022958743,3.54644011138735e-09,1.49763427528347e-08,4
"20693",1.1990070530904e-05,0.958102269214305,0.0418447173822358,3.17833388415298e-48,5.40999807628941e-51,4.10233329278846e-05,2
"20695",0.819247532270946,8.33355101165291e-08,0.00192902436113253,0.118707962945685,0.059619298998963,0.000496098087763505,1
"20697",0.00333977735569791,0.975985401310306,0.0206743582201229,7.71774324441924e-16,3.0329295305544e-37,4.63113872046584e-07,2
"20699",0.909011743161802,0.0557615503830623,0.0352266205796529,2.40713560077347e-15,8.48126550067326e-08,1.06282577321038e-09,1
"20701",0.890679843652939,0.0852403589275217,0.0240755887225729,2.51626278957444e-31,7.43771402925758e-20,4.20869696630882e-06,1
"20703",2.41985842042199e-10,7.35061198709683e-30,0.997084836096182,1.71230424474885e-35,5.42209253791292e-21,0.00291516366183174,3
"20705",0.00524094426352927,0.936927459451214,0.0578293335039496,1.94349157163385e-32,3.01373823306814e-30,2.26278130750699e-06,2
"20707",0.214694294773488,7.01115063531253e-05,0.000908122749070612,2.57952465151152e-10,0.784269946451442,5.75242616934705e-05,5
