"","V1","V2","V3","V4","V5","V6","V7","V8","V9","best$classification"
"19811",0.00174190509984214,0.0497042382179758,0.000428788190454242,1.7395564842272e-05,0.000398999786043374,3.04163195119512e-09,2.55605216195861e-07,6.33111163554573e-10,0.947708413860883,9
"19813",4.78897449326709e-07,0.999992327914994,1.30955200308211e-08,3.98673365929848e-08,1.01851439288087e-06,2.58655248580258e-08,5.28029243780554e-09,3.53052094380616e-12,6.09056095969653e-06,2
"19815",0.0285341782337355,1.03754803643474e-06,5.31888084073898e-06,0.00115820415331664,0.00626401786003334,2.59719458509486e-09,0.000104205863649928,3.52406589299321e-05,0.963897794204263,9
"19817",0.00373370954982413,4.35489366321161e-06,0.000344491831615662,7.39980958534007e-05,0.00291409866941885,1.75989887219916e-10,1.99447838413407e-06,2.6587829860232e-07,0.992927086426952,9
"19819",1.26894546697776e-05,2.75416766900194e-11,6.23432533688282e-08,4.74966885515652e-05,0.0600558863562293,0.0034868674932336,0.273374459366052,0.663020382886431,2.15538403801618e-06,8
"19821",0.000464399599592265,0.0150856288267679,0.0144355676466766,6.22814461886722e-07,0.00454077637779181,9.60115011590249e-08,3.15854944486715e-05,7.12345729772742e-09,0.965441316105302,9
"19823",0.000374082684879156,8.29589271437973e-07,5.46206124701086e-05,0.55864088741464,0.0017054904115434,7.54031078300369e-09,5.52782238218945e-06,0.00141090078739909,0.437807653137104,4
"19825",0.00249456977264539,0.00145177166941249,0.60096655523063,4.50003693749338e-06,0.00642704540376894,0.37657382853267,0.0115905219387626,5.24551155942616e-05,0.000438752299578609,3
"19827",4.56765617885869e-05,2.30357025078068e-07,0.383603246875169,0.000201517105854397,0.00327542698156135,4.16059893950648e-08,4.95801431582164e-06,3.90791426491594e-06,0.612864994584031,9
"19829",0.000167540507407612,8.39993933470727e-07,0.00397039485395062,5.84865429573925e-08,0.895873769426072,0.0019664753088387,0.0976708963014736,9.92110821948774e-05,0.000250814039586374,5
"19831",4.2696494862783e-05,1.28160729613251e-07,8.42842666486357e-08,0.0018267162564537,0.819290648150774,0.0146938722716817,0.0651710247141504,0.0989598142384297,1.50154286513109e-05,5
"19833",0.00144847264958044,5.55232669345724e-07,1.08886949131048e-05,0.882280107235014,5.1444408067624e-07,0.00178008865917823,1.20659449286092e-06,0.114478020377591,1.46112480544108e-07,4
"19835",0.000464399599592265,0.0150856288267679,0.0144355676466766,6.22814461886722e-07,0.00454077637779181,9.60115011590249e-08,3.15854944486715e-05,7.12345729772742e-09,0.965441316105302,9
"19837",7.05201631703317e-05,1.953056744258e-06,0.0218792246469604,1.34397575674689e-05,0.020640284781823,5.74569155546915e-09,1.26526508192407e-05,3.69113801460907e-07,0.957381550083422,9
"19839",0.000769730913361346,0.000385853166269528,0.0106575749136853,2.7198689419953e-07,0.425169714611874,0.531053083275636,0.031478791000648,3.86761996568291e-06,0.000481112511665853,6
"19841",2.34076531951949e-08,1.48357196069635e-05,0.999833929466454,1.20272845467866e-09,1.47932397155506e-06,0.000145485104011288,2.0657683233025e-07,1.07891122635737e-09,4.03811983123133e-06,3
"19843",0.00288105034335514,0.00787572298205438,4.79989789368387e-09,2.46921292568064e-07,0.0268707749946927,0.596166396468746,0.366185961375718,1.80971082906731e-05,1.74500595295413e-06,6
"19845",9.36007234995371e-05,0.964857574898195,3.55398620526609e-06,1.03397370086351e-05,7.47642532233383e-06,6.54742030453544e-10,2.02546959272881e-08,1.0999784983961e-10,0.0350274332103331,2
"19847",0.0318102674326076,0.00816467649875137,6.91353976226584e-06,0.000528897484058141,0.0465696057394574,2.33608433934051e-07,0.000314210988654887,2.7654118927878e-06,0.912602429296382,9
"19849",8.63445381610496e-08,0.999981914920617,3.07371455285489e-08,4.4977147915179e-08,8.54766418218932e-08,2.24355912075763e-09,4.17753161013842e-10,6.12159258639806e-13,1.78348819853569e-05,2
"19851",0.000971513955734375,1.2551275528126e-05,1.33477038669324e-05,0.000237977996304613,0.000442015597880003,4.35266077749102e-11,6.78652988455739e-07,1.61511798793443e-07,0.998321753262372,9
"19853",0.00010072298625878,0.0140944409566178,0.000169921967345521,0.0819771329104342,9.38881481503415e-06,4.30035076402368e-11,3.04618338438764e-09,8.81540386707218e-08,0.903648301121303,9
"19855",0.000166795028520709,0.000805079099943934,0.00201258790551024,0.000384861601208338,0.000202333986667448,2.20761356661677e-11,1.74844092215314e-08,1.34493788729662e-08,0.996428311422285,9
"19857",0.0108773848907705,0.0178710157602251,0.0149446586543508,3.54903866180033e-06,0.275916172302668,6.59151962764305e-07,0.000163581437397428,4.65933659909724e-08,0.680222932170598,9
"19859",0.00351773035848508,9.09731243426392e-06,0.0103387177183495,0.000490709926478697,0.0423073356112453,2.65877138085376e-08,1.45268920086252e-05,4.01216062788458e-06,0.943317843432657,9
"19861",0.000597910455824142,0.166576691021146,1.46213151670234e-05,0.000119387209487999,0.000337829080303377,1.54396762012162e-09,3.00248998347424e-07,2.67519554090779e-09,0.83235325644991,9
"19863",2.68592884722647e-07,0.994487865372695,0.00549776054387853,2.72074064823379e-08,4.34961369881551e-08,2.70683926269674e-06,3.97424166679182e-10,1.70286141906916e-12,1.13275486085913e-05,2
"19865",2.43824238834019e-06,4.30393474001207e-07,0.998746161817235,1.38754769109374e-08,3.45450251186095e-06,1.51616545714696e-08,2.40220469856705e-08,4.81467410144854e-10,0.00124746150374515,3
"19867",0.0126444353611371,0.00718153223901609,9.20206811955987e-07,0.000220466029005905,0.00246292986506537,8.41589443820395e-09,4.77671083494957e-05,4.05026664951355e-07,0.977441535748055,9
"19869",6.28097632142974e-07,0.996696693819124,1.3189835228025e-05,3.28774171325388e-07,6.6854043425275e-07,2.31948451743269e-10,4.74936938649817e-10,1.27462814950532e-12,0.0032884902252506,2
"19871",0.00100057308988322,1.25530279682064e-06,0.0380789243027759,0.00013110941017659,0.128820596325422,2.15216966068886e-08,4.73212734280281e-05,7.22542621471437e-06,0.831912973347606,9
"19874",0.000395717514355289,2.32965998289882e-06,0.802837684933758,4.15578202124039e-05,6.61223503696795e-05,9.4470427837906e-09,1.20410957386466e-07,9.25959454731208e-08,0.196656365267376,3
"19876",1.52847484795155e-05,0.000238053908756325,0.187023080317407,7.69573393683614e-06,4.15240785148062e-05,1.63838588867825e-10,9.92396022828293e-09,6.26741094439658e-10,0.812674350498366,9
"19878",0.997583220698923,1.3619963748792e-06,8.00779739351488e-07,7.73514518805008e-07,5.28495765226946e-05,4.00756615506714e-05,0.00214526444113556,1.1929791068564e-05,0.000163723540166516,1
"19880",5.13451447925263e-08,5.55636028472121e-06,0.999086886149958,4.48638481611344e-08,3.06331021212537e-07,1.12792360439859e-09,2.48043202424045e-10,2.62127788211846e-11,0.000907153547563186,3
"19882",0.00931415577269232,0.308471932609889,0.000576083279547517,0.000159907779541525,5.39368959218896e-05,6.64200841721823e-09,3.84532704150626e-07,6.34475555536912e-09,0.68142358614294,9
"19885",0.00867174521791668,6.33352218707389e-06,0.000321578277725455,4.4784853999997e-06,0.100445527820564,9.11585542558627e-09,0.000239797006678258,5.67106385244382e-07,0.890309963447288,9
"19907",0.0134619165626994,0.086410773220918,6.37741303602214e-06,5.30138559476881e-05,0.000524375276751194,3.74769396629362e-09,1.31769083607132e-05,5.27795347226686e-08,0.899530310235058,9
"19909",7.8582182285877e-06,1.89091063042274e-05,3.80447907352437e-07,1.06191014137384e-07,0.974783472051507,3.57026430059543e-05,0.0246797197765923,3.39910485745779e-06,0.000470452460583301,5
"19911",8.49695320211973e-05,1.65731526177941e-06,0.00314659368661612,6.25867518565361e-06,0.983798685819052,0.00146514164897769,0.010222818361305,6.26082085874905e-05,0.00121126675299254,5
"19913",1.14891694483859e-08,8.66090173406964e-08,0.999994252845387,1.32753198347557e-08,1.34757146172204e-07,3.92421600598351e-07,1.55520378799915e-09,5.90059228073433e-10,5.10645709663868e-06,3
"19915",0.000125770376780981,1.17662527641506e-06,0.343280361161507,3.50485870147146e-05,0.000132330286646014,6.80075059482368e-10,1.35516144846612e-07,7.09044921002745e-08,0.656425105862063,9
"19917",2.41748000805043e-05,8.59857252156722e-07,0.993152173063938,1.21378076474698e-06,0.000138402152622486,4.49164673339117e-07,2.54415049701481e-07,1.71351070526631e-08,0.00668245563051135,3
"19919",0.00484249504696438,7.72069288186494e-07,0.132708871229089,8.34619752430459e-05,0.0033658580641399,1.05180054229909e-08,4.31530546541632e-06,1.22205903522447e-06,0.858992993732769,9
"19921",0.00616066433722776,0.000201463967271687,3.45040570388236e-06,8.79926452882198e-05,0.00192137012523483,3.63863293791921e-10,6.04750189451406e-06,1.11696985851818e-07,0.99161889895653,9
"19923",0.992962261508235,5.78793510774825e-06,3.06194479906941e-08,0.000374955757158542,0.000268344153566246,5.05108590708724e-07,0.000399511454266474,6.72396924029651e-05,0.00592136377122455,1
"19925",7.8404122366132e-05,3.43165750161287e-07,0.952019174193469,3.34481947855754e-06,4.12167112518279e-05,6.99299622262753e-09,1.0048878643713e-07,2.37815270902043e-08,0.0478573857243741,3
"19927",0.000251642008552806,1.65474668226072e-05,7.42506860336091e-05,0.000114311531605246,0.00119031219526605,4.54269196085089e-11,4.49585381822189e-07,7.52610918510452e-08,0.998352411219819,9
"19929",7.22928331106705e-08,0.42280496419925,0.577099173279291,4.59393206820269e-08,2.93780662217308e-07,4.64137023000168e-06,7.92262641362945e-10,3.64201082995758e-12,9.08083425074313e-05,3
"19931",0.000908935838849586,4.29659080107879e-07,0.000399605950208535,0.000151807211998541,0.00608576546014205,3.15087225175034e-09,1.51347176576422e-05,2.41512318955371e-06,0.992435902888002,9
"19933",0.000141638806264194,8.79125794918125e-08,0.000189188154249801,7.43429293422312e-06,0.895562567464755,6.57818463500786e-06,0.0389591286353682,0.00024673303289213,0.0648866435163216,5
"19935",0.0202828897698246,0.000631643975165961,0.000793305920674262,1.5737303506736e-06,0.174530594296357,8.47405798236863e-06,0.00989084592886055,6.0189203507203e-07,0.79386007042875,9
"19937",0.00339188288067752,1.49831879136563e-06,5.82648373559725e-06,0.00108016513619191,0.0020292868204723,1.74644507122276e-10,8.60935151698145e-06,5.92110007392412e-06,0.993476809733896,9
"19939",0.281846462511552,3.21823543072182e-06,0.000770341459022775,4.58607176815625e-05,0.00100799092333534,2.23538723908957e-09,3.76008745691834e-05,3.52692754098301e-06,0.71628499611548,9
"19941",6.59124026560795e-06,5.84889618762702e-05,0.0187013910508233,6.15937030469625e-07,0.864186155061964,0.091324661128791,0.0247594087677568,7.88048140196408e-06,0.000954807370090413,5
"19943",5.05440749219512e-07,2.70212163906526e-08,0.999653337648725,2.14245357231143e-07,1.31668959301924e-06,6.66244080144515e-09,4.38373178570146e-09,5.22397768514519e-09,0.000344582684208352,3
"19945",0.00391044981150882,3.61567169719564e-08,7.21193006624697e-06,2.4822617108732e-05,0.907144774095784,5.56819016436485e-05,0.0742676796976975,0.000676416718554156,0.0139129270709195,5
"19947",0.000203230945579334,0.0106052217132924,0.561658449491137,8.53926613627542e-06,0.420686800018881,0.00228264821235398,0.00168525967674059,1.33391497988471e-05,0.00285651152608067,3
"19949",0.963679528275719,1.72606217564274e-07,2.79098615826741e-07,9.7876069989713e-05,0.00289494597553712,1.38171847358163e-06,0.0129640056881177,0.00081773980167438,0.0195440707656551,1
"19951",0.0489301342751971,4.50701298083713e-06,0.742866674823681,1.04540418675551e-05,0.00102717494841392,2.63037559056237e-06,4.64924664685201e-05,1.14937823082667e-06,0.20711078267757,3
"19953",0.00128672861148912,9.17390400629315e-09,8.36176039092733e-09,0.0274337480608487,0.0329356582694747,0.000115824130979708,0.0586451126614971,0.879427557723853,0.000155353006193762,8
"19955",0.342203471397207,3.75916016422128e-06,6.48237082253235e-07,0.00108939649299888,0.511090128996037,0.0106549368198932,0.113843274662722,0.0208640535296567,0.000250330704239442,5
"19957",0.000172869773673529,8.22097482652625e-06,0.923336117080501,0.00548140587841263,0.0278983702303411,2.19504151803295e-06,3.99037708113165e-06,4.79520222339543e-05,0.0430488786214116,3
"19960",0.00457246384214577,1.9118094422024e-05,0.0001416222796528,1.02350189280059e-07,0.676783509079774,0.00148650898223292,0.316658675134274,8.26900891069891e-05,0.000255310148202375,5
"19963",1.69930397104656e-06,9.76770452861305e-06,0.85449494243576,0.110205765962798,6.95297794561397e-05,0.0323939244481939,2.93911834791891e-06,0.00272498619681708,9.6445050127128e-05,3
"19965",0.159042034004996,2.13281623297202e-05,4.13893132782078e-09,6.91397365865841e-07,0.0683223988983383,0.0145347270189749,0.757782694854763,0.000281409169245485,1.47123550558332e-05,7
"19968",2.95507265630043e-05,0.231106919886981,0.757919938138938,2.24616125176194e-09,0.00169102906113787,0.000132703911395267,4.09777459049904e-05,2.15141769466179e-10,0.00907887806777596,3
"19971",1.00240203697912e-05,5.40119334500554e-08,0.992872656040303,1.46833932905107e-05,3.56673316148617e-05,0.00627433327185518,2.65286430435144e-05,0.00076401126658366,2.04202100676454e-06,3
"19973",0.000489899305731098,2.3479773898775e-05,0.00209336641273386,2.78900469676797e-06,0.00146545058535177,4.39752894192084e-10,1.35684290550338e-06,7.73180394353644e-09,0.995923649903125,9
"19975",2.901710377833e-05,1.3245244549942e-05,0.981457197510288,3.82086254504517e-08,0.000123399407256402,6.475167679782e-08,2.67583112102552e-07,6.1563584809116e-10,0.018376769575077,3
"19977",0.000509471099881728,2.95563263253189e-05,0.998797231953678,2.67943909223254e-05,9.25539530570298e-06,0.000430259357541857,9.62896766558353e-07,1.48433863152457e-06,0.000194984240947057,3
"19979",4.76391491646414e-06,4.46518001197877e-11,2.25408143975565e-07,4.35379199877986e-09,0.0585569501457954,0.0257270619738944,0.912596057424812,0.00311483478356491,1.01950428636114e-07,7
"19981",0.000677919858827802,0.00045595067591997,0.000136174821482496,3.13109358599791e-05,0.613254219780173,8.63035338246766e-08,0.000134534991327444,4.4484995452308e-07,0.385309357782922,5
"19983",0.398256466681803,0.000442338241884585,1.18686639653907e-05,8.0787479577876e-05,0.260460398271124,8.0651288293507e-08,0.0012297989908326,6.57854205790647e-06,0.339511682477466,1
"19985",8.6054934250035e-05,2.18824337364102e-05,0.807348020261011,4.56201012349685e-06,3.39586707552844e-05,9.16878149120477e-10,1.48834022680138e-08,1.73034397384177e-09,0.1925055041595,3
"19987",0.000215957595756601,1.93495428685054e-06,0.0241460368845309,1.31665515291635e-05,0.402454480456625,1.06789909978194e-06,0.00136735570482484,1.10974445352828e-05,0.571788902508812,9
"19989",5.09536274142782e-05,6.84891295933983e-11,2.85247769781834e-10,2.36746950018003e-07,0.0228124542318035,0.000741447627308666,0.963566656138902,0.0128271256991295,1.12557475527487e-06,7
"19993",0.716009248480215,2.56523325047053e-07,0.0114394002578675,2.89558297107446e-06,0.0378866043491317,2.00337429691548e-05,0.0717554117161094,0.000347126622509717,0.162539022724902,1
"19995",0.0500069598248683,3.48224720839411e-06,0.00420674130547176,5.37303871342918e-06,0.589787680464604,0.000581776546916914,0.235857150075342,0.000140972143747707,0.119409864353127,5
"19997",0.000302480414378055,1.97363852622822e-05,0.00376565307050397,4.73323142002949e-05,0.000382227037414366,8.85213491658687e-10,2.34204830047675e-07,1.91032597896796e-08,0.995482316584938,9
"19999",3.70658219060812e-05,0.000749698883700521,0.0231570439987203,7.81063966301801e-06,0.000137012576123807,8.86911319329066e-11,1.57627622171934e-08,4.38562926249579e-10,0.97591135178987,9
"20002",3.24554483700641e-07,0.459841822625185,0.483409507422999,2.3335044561091e-06,4.11201168866268e-05,0.0564529062383295,5.31732784728092e-06,3.17262385076915e-08,0.000246636483573415,3
"20004",7.82241539078316e-06,5.36098235393721e-05,0.000751777331518204,5.44325950873686e-07,0.964963086910097,0.000255982260378723,0.0202854929158001,3.49415540115352e-06,0.0136781898619238,5
"20006",0.421492315192938,0.00091043314792271,0.000307482395057423,6.01902942430758e-05,0.502411366313209,0.00584982281147597,0.0673948393194172,0.000501341625679814,0.00107220890005635,5
"20008",0.86185990308323,1.44419773199129e-05,2.64887137896143e-05,5.86842669076288e-05,0.00294429834410611,0.0525040663990682,0.0808823577183877,0.000755871760708826,0.000953887736482106,1
"20010",0.445796432090744,2.49059172699295e-09,9.00303973567963e-07,0.00012746941155843,0.196935876208228,6.11482055718602e-05,0.314624786796157,0.0391748263116471,0.00327855818152862,1
"20012",0.00197742704800173,0.00898459517360253,0.813009786979094,5.41146799610275e-07,5.40106285473587e-05,7.16601724048281e-08,1.03263476476539e-06,2.7814262600937e-09,0.175972531947591,3
"20015",0.000929933746524758,8.35323347493066e-08,2.8008089175242e-09,8.05266591779156e-11,0.00880020954709537,0.00403377493083079,0.98623084534681,4.64540137458496e-06,5.04613693779411e-07,7
"20017",6.36960596698196e-05,0.00244318795163729,0.0106714613474202,9.71879590034824e-06,0.000877136492614197,2.25854559146129e-10,8.05055438180861e-08,1.06876065628354e-09,0.985934717552599,9
"20019",0.000107561107424349,4.05596896732521e-12,3.00680595856656e-10,5.25035284960625e-09,0.00198936044546216,0.0175616372349035,0.969274784132783,0.0110666484505393,3.07379825511858e-09,7
"20022",0.00445568240785462,2.38454995934643e-09,2.3150672627478e-07,1.97380277403251e-06,0.792775339816683,3.36531985314017e-05,0.200731949895683,0.00162376784630759,0.000377399140890874,5
"20024",0.000106032434977893,5.97382090585256e-09,3.5738866791906e-09,0.000169260254975513,0.00637883456282614,0.0163651603041853,0.158980177528711,0.818000310250943,2.15115673793063e-07,8
"20026",0.000106032434977893,5.97382090585256e-09,3.5738866791906e-09,0.000169260254975513,0.00637883456282614,0.0163651603041853,0.158980177528711,0.818000310250943,2.15115673793063e-07,8
"20028",1.14914845151698e-05,6.82013882757239e-05,0.0620765227643875,3.14263915413672e-05,8.74599341096001e-05,4.53448930759119e-10,2.43679925380291e-08,3.20496163087219e-09,0.937724870010768,9
"20030",6.38191036423846e-06,2.00912580568331e-06,5.20417824766331e-05,3.25837607754264e-09,0.385194499826836,0.125168180970912,0.489542011148539,1.61594061347828e-05,1.87125705551227e-05,7
"20033",0.000178099135313877,1.9425495578245e-05,0.185091362627331,6.32800410064824e-06,0.018409246899575,3.36750343796393e-08,1.55106567653071e-05,2.32336550547274e-07,0.796279761169751,9
"20035",0.00013618279044447,9.95662708086361e-12,2.6306034860163e-10,6.22805465344639e-09,0.00168290533761466,0.00182105837561278,0.98193285236062,0.0144269854161974,9.21843952425328e-09,7
"20037",0.000438152995287623,6.60280991626901e-10,6.81201181941856e-12,4.06484957029261e-09,0.00288890163628976,0.00506178434117738,0.990907035028025,0.000704106028047452,1.52392303513608e-08,7
"20039",1.21586282445263e-05,3.08054129951517e-12,2.66187226815989e-12,0.00140714839466847,4.81611622511006e-07,1.65347903872224e-06,8.78813808913149e-05,0.998490673819808,2.67998379949622e-09,8
"20041",0.982902934912941,1.32942213815146e-06,1.3820146516019e-05,0.000226637711936935,0.0134129137823029,7.4921924552009e-07,0.000552239154063127,0.000232240866873458,0.00265713478398241,1
"20044",0.869324315077956,9.12024887477441e-06,0.0012241768407956,0.00106291743550923,0.101426479619124,8.48669517160105e-06,0.00569313658644663,0.00329650900279575,0.0179548584933263,1
"20047",5.20129778255265e-06,3.18654763504093e-12,7.29725907055883e-09,2.63047421836909e-08,0.00461883308155609,0.312581129477242,0.633826646691743,0.0489681543777616,1.4687268860424e-09,7
"20050",0.354172788991937,7.45017532097688e-11,5.8463430736953e-06,0.00149610312170896,0.00200974571675714,2.61461289315281e-05,0.0404273678154722,0.600882906643591,0.000979095164026616,8
"20052",0.0258362593134166,1.6178812304683e-07,0.0290756505510554,0.00072593570477902,0.120887908144657,1.48356482089963e-06,0.000645858132127337,0.000196767491889861,0.822629975309131,9
"20054",0.000140313587444169,5.39973144103687e-06,1.09253203934346e-06,8.37606733869366e-10,0.759103344051829,0.00114426971399817,0.239574246791544,1.61624523733029e-06,2.97165088601294e-05,5
"20056",9.09782516446326e-07,1.00652017015056e-07,0.999036179951945,2.05408446134429e-07,3.69049354071508e-05,8.83230838774932e-06,3.52370121789198e-06,1.53419938512259e-07,0.000913189840124532,3
"20058",0.000133063927935657,1.18999721449254e-09,6.05345618369891e-11,9.1486940946368e-08,0.0291490993039708,0.000792143549378808,0.967029077857527,0.00289573688609076,7.85737624516465e-07,7
"20060",0.00115025689353085,7.42278485472526e-06,9.50223349228616e-05,2.28345230062348e-05,0.00193419301936972,2.15540668139609e-09,3.49219555397944e-05,5.81583006699541e-07,0.996754764750363,9
"20062",0.288472612889635,1.38330873161513e-05,5.62374806706255e-05,1.43839224759799e-05,0.0121458796255756,7.23471423353003e-08,0.000693294082628891,2.17776934640894e-06,0.698601508795209,9
"20064",0.000139577044986345,1.57810933893303e-08,3.3476964119798e-05,1.38866293424284e-07,0.931284105083299,3.67456484988682e-05,0.0658293903606817,3.51609834889114e-05,0.00264138926753851,5
"20066",1.99039439339885e-06,1.61748135438075e-07,2.96786297968527e-06,7.61819162487857e-10,0.0737910422790794,0.0651982733149299,0.860915596879425,8.93740751908682e-05,5.92684046624857e-07,7
"20068",0.0117031296957061,0.0010750632116289,2.29328197341469e-05,5.5077081321314e-05,0.000648312927947657,2.6783727854807e-10,1.25262650434835e-06,1.86382580574398e-08,0.986494212731062,9
"20070",0.0205936015244843,3.2990379032122e-05,1.28204010782831e-05,0.0131841977878533,0.000677255603135397,2.16830273731222e-09,2.42648669022973e-06,4.56725164396009e-06,0.96549213839778,9
"20072",0.0135078379959992,0.00305230013999169,4.08365078000264e-09,1.04057020638826e-07,0.147171572449793,0.00398991281278,0.832205795193917,2.4418844245747e-05,4.80544226019134e-05,7
"20074",5.23675029361756e-08,0.000140842448291795,0.999843022757881,1.74086588898603e-08,3.49189412329701e-08,2.81751547271807e-07,1.80117520887664e-10,1.43893066647036e-11,1.57481526699908e-05,3
"20076",0.000266982121646323,0.312121750482612,0.596966281963196,8.54944725393149e-08,0.0718862596924378,0.000254156587473281,0.000121719100436177,4.11091864665252e-09,0.0183827604468073,3
"20078",0.00142036883985757,7.8774341692353e-08,1.8955833989132e-05,3.36785005901836e-05,0.953602992138994,0.000377752270951442,0.0409307644244704,0.000534716757461332,0.00308069245934459,5
"20080",7.51587462524992e-05,2.0056985419457e-12,1.58589578528326e-09,5.26454411166259e-09,0.00900056815398027,0.00168054693047942,0.983258465721967,0.00598519883408241,5.47607926801203e-08,7
"20082",1.59120068069865e-06,2.78713308871313e-13,2.4505387534062e-09,0.00083185574389446,7.62309426397696e-05,4.44661851258925e-06,0.000417114666446482,0.998668586996883,1.71380125240038e-07,8
"20084",0.000167680583948816,1.81936421398202e-08,0.00991339880829844,8.80567870013268e-05,0.949515696814944,0.00966748317261007,0.0250187339648012,0.00462960024411318,0.000999331430641342,5
"20087",0.0873100228686204,1.3398874442118e-05,1.3890629021503e-07,2.51683874680483e-05,0.597783174139932,0.000995724961443453,0.308723209357054,0.000253867760904721,0.0048952947438449,5
"20090",0.0168237865138756,4.30090702643272e-12,1.04181529407236e-08,2.46737789254343e-07,0.00271294654927092,0.00059927779582073,0.899582256572012,0.0802807961001506,6.79308626689585e-07,7
"20092",0.0613487968083113,4.78180734167266e-05,3.20903869583754e-09,0.919365718668198,0.0075406449514749,1.22379903227012e-06,0.00020615167121156,0.00942269696264802,0.00206694585666787,4
"20096",0.0194971704951036,4.76940158860347e-07,0.00114572061918038,0.913294005707498,0.0154521508919335,3.61813810176569e-06,2.93573576143536e-05,0.00622294349053856,0.0443545563598706,4
"20098",0.000289917334223642,1.9433270726286e-06,0.168202626386075,1.48349530355571e-05,0.00258867690660653,3.9327616745389e-09,4.10890487073494e-06,4.42460251189376e-07,0.828897445795103,9
"20101",0.000452604874866522,3.23540494521778e-10,9.26210546475026e-05,3.54833266190782e-07,0.213778371196413,0.0319377419863542,0.74302911023723,0.0106931654578029,1.60300358798211e-05,7
"20104",4.06494044721521e-05,0.00605290369846733,1.33898193511879e-05,0.988633403797528,5.78603901847032e-05,1.53122103294544e-08,1.04393385548442e-08,7.82938577088278e-06,0.00519393775267717,4
"20106",0.00490179597891492,1.08777268816964e-09,2.27088683573517e-05,7.35962534286808e-09,0.15124364761041,0.000490455999909762,0.842977407390275,0.00025794019819674,0.000106035506537964,7
"20108",1.85021024323432e-05,8.76135993200724e-05,0.00742327264092152,7.49642025406016e-06,0.00594238941348243,1.38144730137604e-08,3.89634132674469e-06,2.05103946325075e-08,0.986516795157395,9
"20110",0.461140618386177,5.0145661136129e-08,0.118265306711878,0.189494604227468,0.00513491940932085,9.22751286992805e-06,0.000252474700056335,0.0272860557655505,0.198416743141018,1
"20112",0.285054623697316,3.15173020264927e-09,6.70218263114501e-06,1.3418436852628e-05,0.0347534269879515,0.00021177885636557,0.651784543688084,0.0258030061576451,0.00237249684142342,7
"20114",7.00838756053908e-06,9.40281146310315e-08,0.0106630693877096,8.4874508258584e-06,0.977852690776993,0.000279851127822933,0.00734655571158541,0.000171815410799157,0.00367042771858909,5
"20116",2.54110885493239e-05,4.89140706946156e-06,0.00474934816461793,9.41061564425217e-09,0.965730850718344,0.0029042602467189,0.0261948261558045,1.89885249860455e-06,0.000388503955782025,5
"20118",0.000278768782817816,4.09885830186453e-07,0.0278723395925182,3.75628543145471e-05,0.731463871570872,1.37009127914297e-06,0.00068974262994783,2.6369152142157e-05,0.239629565440278,5
"20120",0.00521533926963502,1.73787475261555e-10,0.000452788336945599,1.3042460106695e-05,0.251100236285625,0.000229345501540317,0.597083184598858,0.144547961760519,0.0013581016129822,7
"20122",1.97641354045734e-07,4.03074643007506e-06,0.999443373520021,2.91623712834989e-08,2.68200245611722e-05,5.71911382188856e-08,1.33639911027487e-08,2.97528108132022e-10,0.000525478052605167,3
"20124",0.00128651416501913,2.40522954215411e-08,3.71457484203849e-10,2.37400972844742e-06,0.220668991550905,0.0154065649382854,0.754991389510846,0.00764337976982064,7.61631642041598e-07,7
"20126",4.06451379117693e-05,1.17004666455722e-08,3.68429365741032e-08,0.0326729524049043,0.00203255580960087,0.00150733997628067,0.000611104925033417,0.963135270443881,8.27589844477455e-08,8
"20128",1.47332156771895e-05,1.02906754867071e-11,2.39022173666711e-11,9.60021205110971e-06,0.000100345302649271,0.0833010460981768,0.0352931127491633,0.881281162299694,8.8395032332463e-11,8
"20141",3.0763679752082e-05,1.15322184833492e-05,0.0155399903455287,0.806868082549941,0.00138577585941509,2.57815000138517e-09,7.85790783165315e-08,9.42583317155575e-05,0.176069515857936,4
"20143",5.17715512511042e-09,1.80195518960235e-06,0.999990269175147,6.77166499100718e-09,3.9431684149143e-08,5.81139899930244e-08,2.09818162201116e-10,3.72531194762164e-11,7.81912809787824e-06,3
"20145",0.00607110054436807,1.77104270938826e-10,1.65145273679335e-06,3.6827307748807e-06,0.416939341859516,2.27085464539531e-05,0.563203696114846,0.0123326281449485,0.00142519042925134,7
"20147",0.000331140193569212,1.79149686464627e-09,8.94641660935644e-07,7.5897268253729e-08,0.810180447520363,9.69204715192831e-05,0.189089851341862,0.000177057630943834,0.000123610511317201,5
"20149",2.80740881892555e-07,2.00767372307993e-06,0.999486484348292,2.39320219053832e-07,2.03523777639936e-06,1.05543596412172e-08,1.10109122298336e-09,2.76974615417259e-10,0.000508940746681615,3
"20151",0.000377516495955784,1.39977811957173e-06,0.0449132020178983,4.85376921125297e-06,0.00136394639715852,5.88636749788758e-09,6.68838454347719e-06,1.46057745033419e-07,0.953332241213001,9
"20153",0.00275325293610112,9.5319018552245e-09,0.653918552863172,0.00437885173605389,0.00163707363147531,5.56154936051671e-07,6.32845334163297e-05,0.00155879737498225,0.335689621237961,3
"20155",0.047116338662473,8.99243268404617e-09,9.85496085240507e-08,3.84822801729508e-08,0.22051821532066,0.00042867594043695,0.731404135802552,0.000519681937642442,1.28063119146853e-05,7
"20157",3.57182369637865e-05,1.18957426708321e-06,0.443800113257573,1.62596127305744e-05,0.00046519847936089,1.28091788727008e-08,2.72741374071934e-06,4.29590701248735e-07,0.555678351025484,9
"20160",7.81847530733864e-09,2.18993781273001e-07,0.999986657746413,1.05668908840571e-08,9.94657053779165e-08,5.26572306724727e-08,5.38541801522828e-10,1.4318102528151e-10,1.29520697809389e-05,3
"20162",1.40770197792924e-07,2.74122898885493e-06,0.997384139023006,1.13184710315773e-07,7.7749158472438e-07,7.96100533451524e-10,5.84941114850976e-10,8.66679553279328e-11,0.00261208683380326,3
"20164",0.000647338821329253,8.40033944897788e-07,0.962504560321787,2.11664015067066e-05,8.10085643302449e-05,3.83563724131629e-07,1.71289716470631e-06,5.32822628938344e-07,0.0367424565735837,3
"20166",3.34876666780511e-05,4.39031545328656e-05,0.000303242191382527,1.63049420672442e-09,0.0439831356121365,0.62880658482486,0.326818594261173,4.03813262113593e-06,7.01252612142594e-06,6
"20168",5.20781152378203e-06,0.62187333270479,0.00028671415605477,2.78467994234321e-08,0.000260399846692059,0.377484435859489,8.7639181180777e-05,1.17957936190478e-08,2.23079767674324e-06,2
"20170",0.000157904859331127,7.27519771214003e-07,0.290072810503003,0.000205081958831733,0.00716525160072162,5.83061982366671e-09,1.6216843707984e-06,1.45477359444464e-06,0.702395141269756,9
"20172",0.00134958397032802,3.37629079979941e-09,3.61865854585964e-09,1.21560234882492e-06,0.622842880177256,7.15575353877004e-06,0.373822896348008,0.00175850663778529,0.000217754515785259,5
"20174",2.03484931912536e-05,0.21488614435474,0.149775026655059,2.71691217039051e-06,0.000114835356324831,1.77795734344421e-09,2.20870279081709e-08,9.33208907377905e-11,0.635200904270208,9
"20176",7.10740344379654e-06,0.999780128551821,1.19833122629443e-06,1.43336930290147e-08,3.09496825812152e-05,0.000161965688125428,4.4575953438139e-06,3.14877608968333e-10,1.41780988873693e-05,2
"20178",9.46090028520308e-09,8.85613214797133e-08,0.999993596407517,1.25031338023072e-08,7.29587600790327e-08,9.00642038726251e-08,7.20800149895614e-10,3.83982941497009e-10,6.12893938050497e-06,3
"20181",1.18432288491022e-05,3.68167159128885e-07,0.00362121054065682,2.2639787556549e-09,0.38460026492689,0.145162472580149,0.466548212247496,3.14954002482082e-05,2.41306445727794e-05,7
"20183",0.00657950111804051,2.20094807819067e-06,3.40946540076452e-06,0.0029156750980118,0.0594363607842713,3.46900002508928e-09,0.000218361165994429,7.88241573181521e-05,0.930765663793885,9
"20186",0.166301722361929,0.00415710900724423,6.09059483720841e-08,0.0256790589829092,0.0924010557201417,4.07025483747752e-07,0.00415397465889308,0.000332763130567246,0.706973848206883,9
"20188",4.95182852861721e-08,1.52999694939504e-07,0.999871747160785,4.60128759293076e-08,1.17499238527349e-07,1.34143905722182e-08,7.85144200795544e-10,3.01368760911327e-10,0.000127872308216433,3
"20190",6.17055591035598e-05,2.21215046654874e-09,3.34251197721584e-08,3.52930784323767e-10,0.0267658625239004,0.000844798829426534,0.972276057756538,4.99454471653288e-05,1.59389366525047e-06,7
"20193",0.000108893569431527,0.00886654068493019,0.759085073510886,4.70999047354092e-08,3.51891785584311e-05,0.231778302209701,7.33674000267216e-05,4.38285100446288e-08,5.25425180516805e-05,3
"20195",0.0032787256414528,9.55158632892008e-07,0.827692646918332,4.77902163967145e-06,0.00138408756154669,1.41553089536378e-06,5.96287993167952e-05,1.83792430383144e-06,0.16757592344388,3
"20197",0.0218518992477677,1.27662870748486e-08,1.25061671476514e-08,4.72480476948226e-07,0.377454262647115,7.48784776566588e-05,0.599576804592571,0.000860533501696758,0.000181123780261476,7
"20199",3.43194649673801e-05,3.66224214569284e-07,0.945789477466489,3.93736166733086e-05,3.07500473562673e-05,1.90164380337291e-09,1.85590953395841e-08,5.93721370010706e-08,0.0541056333474234,3
"20205",0.00054712885053066,6.88528180617168e-12,5.96968562817045e-10,0.0356919669732246,8.45340357243037e-06,1.1438729357521e-07,4.03902027688658e-05,0.963710570299339,1.37527941723542e-06,8
"20208",0.00233201744393032,1.69859265201773e-05,0.00827661307317794,6.32503572216041e-06,0.00864412313331029,2.69793644804683e-08,5.95686239281765e-05,6.03109825301159e-07,0.980663736674221,9
"20210",8.12632160102611e-07,1.08205587607301e-06,0.989950426596112,3.57098678689588e-07,3.29253296681219e-06,7.98642372620515e-10,3.44644547494242e-09,7.30794930434001e-10,0.0100440241083238,3
"20212",0.00019191224245329,1.8638032445702e-06,0.874190029911148,2.97953408324131e-06,0.000230606075386129,7.89735962718817e-08,2.33393205541132e-06,1.83002423494022e-07,0.12538001252561,3
"20216",7.59643881677676e-05,4.14194014946947e-08,1.29633606216054e-05,2.48441157122355e-08,0.746409577443454,0.000121993465012994,0.253064128726916,8.44049130043411e-05,0.000230901439306418,5
"20219",0.0116664954233657,3.05944925484543e-10,2.02223474746177e-05,0.00924761172719621,0.136854990965202,0.000795406503569462,0.0642568028815823,0.776086783515521,0.00107168633014428,8
"20223",0.00203442589987044,0.000207270216517139,2.79666961235491e-11,5.28776586774723e-08,0.00184360147673561,0.307914947613209,0.687901726166214,9.78951131256687e-05,8.06087029630687e-08,7
"20226",0.979257063220705,3.00356564811857e-08,6.43602053430662e-05,1.47812415831213e-05,0.00084730793582593,2.10696549279859e-07,0.00076510745587104,7.29478098217875e-05,0.0189781913986446,1
"20230",2.24072135807361e-05,1.17478581802387e-09,2.45637194032407e-09,1.62720748394068e-09,0.0121196356544463,0.00204317606727162,0.985558810411305,0.000255558050857648,4.07344173620343e-07,7
"20233",2.05920522207309e-06,1.32449140769793e-09,1.05700693724686e-07,0.999659273784244,1.90517120405542e-08,4.28377125252139e-10,4.7693316318828e-10,0.000328099499292302,1.04405290340295e-05,4
"20235",0.189769109012574,4.77942023228357e-05,8.40021474953783e-10,0.000360567100615742,0.107226921964303,0.0298348964052172,0.62764879664249,0.0450980081424302,1.39056900267062e-05,7
"20239",0.305440988352198,0.00125924484663396,2.97588119142165e-07,3.42140348312728e-05,0.492019587624623,0.0145514317651717,0.18548476876131,0.000135944939489294,0.00107352208762297,5
"20254",5.48642135076772e-06,2.97051186628426e-14,1.05521902633767e-10,0.000164002581499308,2.35314273576235e-05,2.29170522252622e-06,0.000688475465687235,0.999116197947202,1.43461284036505e-08,8
"20256",0.000270786203752083,5.55455428800811e-08,5.14741897192491e-10,2.47473723585929e-07,0.608343997123437,0.000957466968647264,0.389893156972096,0.000531795881117971,2.49331694184245e-06,5
"20262",3.90469488297518e-05,8.83243583830362e-07,0.624889320443865,6.8286530191181e-06,0.00117421208046644,4.47534536907257e-09,8.80244627948245e-07,9.83950543847055e-08,0.373888725515208,3
"20270",0.000485101689993478,0.00173894141774736,0.00290288678927075,2.06387669999474e-07,0.144229885304944,0.210177685751539,0.629166747114214,1.67245943895604e-05,0.0112818209502306,7
"20284",0.0618623312363676,9.66226938293597e-08,8.65025491656389e-06,0.354868343167594,0.00961964383304026,2.71111607648167e-07,0.0024514008789916,0.10284228050855,0.468346982386239,9
"20287",0.000546156006062492,2.8624028736425e-09,2.55968616807e-11,5.05361455880611e-10,0.000930387066071759,0.0369817418156914,0.961329799067892,0.000211908298371298,4.35255037260948e-09,7
"20290",0.00253929471403799,2.24585916598185e-11,7.01226960213293e-06,0.0213039865297774,0.00017761515834638,2.04689004415052e-07,0.00060527981140844,0.974769557440284,0.000597049365080361,8
"20293",6.63915103490353e-05,2.38091422541218e-08,2.66326781803379e-07,6.40154255761444e-06,0.988560053666723,1.65877364099563e-06,0.0101476105745795,0.000174176459177702,0.0010434173370484,5
"20296",0.000423118212194024,0.0170748410028089,0.687415164868746,9.79306280734121e-08,0.0617160952269045,3.95715987614701e-05,0.000150380901179231,3.1621913028e-09,0.233180727096586,3
"20301",3.78749593486047e-05,1.53217644309826e-10,1.95769518543736e-07,1.78132928611917e-10,6.6065675248918e-05,0.8603736899302,0.13931727133366,0.000204900914882321,1.08579059223264e-09,6
"20304",1.28418054313701e-06,1.91969720680303e-12,6.54680553416682e-09,0.00377992360376748,0.00089546364900471,1.91958596037261e-06,0.000357597917176906,0.994963187597655,6.16917167547938e-07,8
"20306",0.000110209742496316,1.50011862836751e-09,6.32194295327920e-11,3.01440695367e-07,0.018584963700207,0.00285862239446638,0.973543633144927,0.00490162773336023,6.40280509364782e-07,7
"20309",0.18174214689142,3.57118065793852e-07,5.13800186235994e-05,4.6118399435773e-05,0.556751171308189,2.67841206559982e-06,0.143197381872315,0.00454804785790524,0.11366071812198,5
"20311",0.000540303340420481,2.51880477684167e-07,0.000130185076971608,7.40342510100002e-06,0.8407131644532,0.0116939584264649,0.145659378056631,0.00051458189178871,0.000740773448944434,5
"20314",0.000677707793067474,1.61348200352584e-07,0.0145536196295004,2.7897473665604e-05,0.0193112674002234,1.53875100407771e-08,7.08825211517958e-05,5.40556967282599e-06,0.965353042877008,9
"20318",2.31013481888102e-08,2.1878613453797e-06,0.999926801860671,1.0511802823158e-08,2.44742604955319e-06,2.92211338089589e-05,2.39633437232912e-07,2.71743936836389e-09,3.90657540976339e-05,3
"20320",0.596718281614992,6.02732932465089e-06,0.000912169267106714,0.00371076558940688,0.000661755658393873,1.02515866188616e-07,0.00011169516406732,0.000128002288849141,0.397751200571993,1
"20326",0.000304072334570188,4.09647551708935e-07,0.0377596357596394,0.000108467911026935,0.0319524503055834,7.67950374570121e-08,7.62820069111667e-05,1.29500298382446e-05,0.929785655209841,9
"20328",0.202324614339578,3.05882312322074e-06,4.09432998968503e-06,0.00602496782251843,0.00225370287066595,3.2050630112669e-09,0.000111543588365246,0.000112569692637185,0.789165445328059,9
"20330",0.921758700531649,9.47426666214324e-08,1.30159437348485e-07,2.07100220392948e-05,0.0116459223420931,0.00131826261723581,0.0626421168438896,0.00258184407984598,3.22186611439045e-05,1
"20336",0.00229263349658422,1.55333616921633e-09,1.80905004749216e-07,0.276422678634241,0.0356393566825049,1.15084149760032e-07,0.00207335669674504,0.674274947410424,0.00929672953701009,8
"20338",0.00282529747589768,3.04342880612556e-10,4.35251437093527e-05,0.0585976961623826,0.0226839713691805,3.76588257708569e-05,0.00102163048686982,0.914625215474986,0.000165004756860646,8
"20340",9.20784631407317e-05,4.6861989692934e-09,2.8700490526607e-09,2.69776438131078e-08,0.0462160018975027,0.023329752396629,0.927759812921997,0.00260218602699906,1.33759839112065e-07,7
"20342",0.0127769341723038,4.64033371694498e-06,8.35237590513944e-05,0.898715676976799,5.25000131593974e-06,0.0292045758963331,3.68034929672645e-05,0.0591562584639428,1.63369035695878e-05,4
"20344",0.00019341337444372,5.10996841739062e-08,5.67703026384881e-08,9.02058442344569e-07,0.2384403521125,0.000363914174141804,0.759360813626445,0.00133368013742111,0.000306816646619303,7
"20349",2.62582604320381e-05,2.0525421301294e-08,3.01106335626276e-10,5.9377518411259e-08,0.128835112429974,0.00243757579736498,0.868312593753673,0.000386284928810702,2.09462569933131e-06,7
"20351",0.00118847723335841,3.63064945747616e-08,3.77976159793099e-05,2.96403797856613e-05,0.977898461638557,4.43701047120387e-06,0.0165014680465984,0.0026891737100831,0.00165050805867216,5
"20353",0.637628584802047,9.1938674593565e-10,4.17690463233291e-09,1.44146186801333e-05,0.00917026344032712,7.04614334462884e-05,0.294222472661092,0.0588776783013948,1.61196467210756e-05,1
"20357",0.00111204984778228,5.30438780772989e-12,1.77924214337137e-11,0.00582506427650609,1.15752757192958e-05,5.34504432759547e-07,0.000548814449192406,0.992501567593433,3.9402983681666e-07,8
"20360",0.849987574398391,5.17367297124576e-05,1.65895260860009e-07,0.0666505804298545,0.000239959078877924,0.00838334676261103,0.00103195532331617,0.073644786486382,9.89489559448456e-06,1
