"","V1","V2","V3","V4","V5","V6","best$classification"
"19811",9.26522794284442e-06,0.0918491941828677,0.877175236465941,1.31308316250931e-08,0.0309662909865863,5.8305009841511e-12,3
"19813",5.95934203689744e-28,3.04179757033778e-08,3.54507314751151e-15,8.83732853089445e-10,0.999999968698288,5.409479856949e-21,5
"19815",1.45085151100808e-15,0.989586058170892,0.00880805003631187,0.0012802246574861,0.000267229741618709,5.84373936894889e-05,2
"19817",1.5380423679785e-06,0.0368335182756046,0.963094993460306,2.00487891841529e-06,6.79439540709013e-05,1.38873193703889e-09,3
"19819",1.05467726419009e-35,7.83307696537481e-07,5.50408800765931e-52,0.487105863538693,4.96033902287267e-05,0.512843749763381,6
"19821",0.000267017255857208,0.444095977944521,0.00122300626665007,2.34249636944678e-08,0.554413695553417,2.79554591274183e-07,5
"19823",2.0721277263983e-20,0.00164072781901215,3.68153046173005e-06,0.998355507098249,7.83030319117799e-08,5.24924475049824e-09,4
"19825",2.28875469870116e-18,1.27894796598858e-13,2.36009361625357e-47,1.01970756314392e-13,0.999999999997216,2.55448994817076e-12,5
"19827",0.670481890424038,0.0111671631096476,0.316733790204832,0.000142548368338735,0.00144784471558497,2.67631775580245e-05,1
"19829",1.68303847934724e-09,0.378462105261681,2.19338966921708e-30,4.62909032750225e-06,0.322514797371335,0.299018466593617,2
"19831",1.34661151250455e-46,5.47538675908927e-07,2.09668982113582e-48,0.411435105842021,0.00174319202887456,0.586821154590429,6
"19833",3.91083360826521e-59,8.63275782047889e-24,4.77142882323863e-82,0.999997288420147,2.7115798535199e-06,1.20033083260002e-30,4
"19835",0.000267017255857208,0.444095977944521,0.00122300626665007,2.34249636944678e-08,0.554413695553417,2.79554591274183e-07,5
"19837",0.168111551485978,0.0358509041818354,0.79559986817487,3.08092177444492e-07,0.000420546196678239,1.68218684611877e-05,3
"19839",4.43169851288831e-09,0.000373916737125871,2.32235980528169e-29,9.75044608887717e-09,0.985396130275035,0.0142299388056945,5
"19841",0.0284947632896487,9.3071903609383e-16,1.67113813477785e-39,6.50051452013912e-10,0.971505236060297,1.26030414940718e-15,5
"19843",2.1137849570305e-53,1.87198848740722e-07,7.05686414130299e-58,6.45850545023963e-10,0.998303284284984,0.00169652787031634,5
"19845",2.38430720930108e-22,0.00535901571770332,0.000158379074583935,3.6460038828962e-08,0.994482568747674,9.98393725543478e-20,5
"19847",1.04368801025515e-20,0.899269700309711,7.90483999060928e-05,6.09580227039466e-08,0.100651006980332,1.83352028117307e-07,2
"19849",8.00136654154105e-25,1.11999079797201e-08,1.36522601447681e-10,1.73620871421420e-09,0.999999986927361,6.54048107660009e-24,5
"19851",2.44984753616044e-08,0.00734375053541111,0.992637904399817,3.69178769775542e-06,1.46287619658769e-05,1.6633243857174e-11,3
"19853",1.79322084998781e-15,0.000432977593234566,0.630016680501374,0.368977216960256,0.00057312494513287,1.69286704816054e-25,3
"19855",2.62120002761047e-06,0.011749600378641,0.987943144293242,0.0001520158369891,0.000152618291100298,3.10841531344334e-18,3
"19857",2.08489922553669e-05,0.833324927392557,0.00329844192404911,9.44530229588571e-10,0.163350958769343,4.82197726546107e-06,2
"19859",9.09812544565392e-05,0.762259979544727,0.231299522012385,6.84263278848022e-05,0.00627974202883607,1.34883170979341e-06,2
"19861",3.56648125035197e-12,0.00935785654764925,0.987707628858646,6.63086918615715e-08,0.00293444828143869,7.03626171843472e-15,3
"19863",9.4267549514151e-09,5.43231902410803e-17,2.44038806447907e-24,2.50703543627082e-12,0.999999990570738,4.37633374275592e-32,5
"19865",0.998472597650534,2.07333425821246e-07,5.76629772646255e-08,4.87462622627672e-11,0.00152713730423391,8.31357508788827e-14,1
"19867",1.33543697769876e-21,0.960371340823089,0.0198042217005433,2.53455903845152e-07,0.0198241806116564,3.40880764576035e-09,2
"19869",2.87632889451395e-09,4.54154072305841e-06,0.000123542977373031,4.81379404472307e-09,0.999871907791781,1.2354022099792e-24,5
"19871",0.0122668583741562,0.411008244288159,0.575881448854764,4.45323663928539e-05,0.00074065478700169,5.82613295270681e-05,3
"19874",0.000524033183999439,0.00113337842485942,0.995032590846064,1.67310760680405e-06,0.00330832443683937,6.30974524490353e-13,3
"19876",2.81643020760129e-05,8.62328587249247e-05,0.999820498852687,2.34470281127016e-09,6.51016418086764e-05,4.41633742214161e-16,3
"19878",1.12160115469912e-25,0.502367701953355,2.80794358365843e-33,3.20163803514496e-08,0.497628696622395,3.56940786993671e-06,2
"19880",0.999632927080498,1.81896541240401e-10,9.40425166677339e-10,3.68386902636407e-10,0.000367071428793811,2.12106205775542e-20,1
"19882",3.44624957200359e-13,0.0235596465982614,0.000205322945928158,2.02760259195883e-07,0.976234827695207,5.08527420942278e-19,5
"19885",4.02741894910254e-06,0.531735370918813,0.464480606589706,1.13157259141335e-07,0.00301740305512822,0.000762478860144408,2
"19907",2.81157820474119e-18,0.84284175534224,0.00546675656010004,1.58545931022733e-07,0.151691329551631,9.78427595502132e-14,2
"19909",4.23210109700158e-22,0.0396576683600744,9.72664901799457e-21,3.13548217804962e-07,0.00309997853478418,0.957242039556924,6
"19911",5.83511219614394e-09,0.00174460906133644,5.33066955024686e-21,1.62992648710648e-06,0.1311815101639,0.867072245013164,6
"19913",0.999525758147604,4.13111294897842e-16,1.68270066475725e-19,2.34817517585954e-09,0.000474239504220838,4.47545006413612e-19,1
"19915",0.996492391002628,0.000467642763203567,0.00294627931431534,8.18877242214017e-07,9.28680400757171e-05,2.53508928822353e-12,1
"19917",0.984568913159394,6.91429476001675e-05,5.50570199876673e-07,2.33661010305568e-07,0.01536112021749,3.94443054891725e-08,1
"19919",0.269292728844512,0.0715435543883572,0.657686296140672,1.01230681354118e-05,0.0014671825913187,1.1496700453805e-07,3
"19921",8.61082137728791e-12,0.0674173632300952,0.932295798729758,4.44940045865223e-07,0.00028639063586372,2.45562599038688e-09,3
"19923",1.01999520863739e-28,0.925471094743115,2.41356186287753e-14,0.00014280541718304,0.0743859116544824,1.88185195741055e-07,2
"19925",0.998642780198448,9.9305795200385e-05,9.2463252062073e-05,7.83724040618126e-08,0.00116537236238506,1.95002830264646e-11,1
"19927",8.31195360566783e-11,0.427554439469154,0.57226922355864,0.000104380033892353,7.19425427002646e-05,1.4312494037882e-08,3
"19929",0.00472539770866323,5.04847737452174e-18,1.89933635243967e-15,3.63518187448666e-12,0.9952746022877,4.94244033233862e-28,5
"19931",5.71048227340268e-12,0.997828422018389,0.000415869086380918,6.29989184913395e-05,0.00125971440785827,0.000432995563169659,2
"19933",1.28535757958274e-10,0.123767686484731,2.22659319864987e-10,1.89988275968991e-05,0.000766864300918296,0.875446450035558,6
"19935",7.81310668718836e-11,0.586657345437536,1.83983195675054e-08,1.16824279220901e-10,0.350047661351055,0.0632949746181339,2
"19937",1.45519245978872e-13,0.342088635850447,0.657379443296631,0.00048080756111464,5.09415899697642e-05,1.71701691455156e-07,3
"19939",3.2289295891636e-09,0.990840993214149,0.000679329429823806,2.64531925575496e-05,0.00845322014971955,7.84820178539096e-10,2
"19941",1.51557532196937e-08,2.3175688947923e-06,3.88380708556725e-26,3.57377164178456e-08,0.636812380668732,0.363185250868904,5
"19943",0.99862199420683,2.4024370343397e-08,8.61224577376774e-07,2.99356850996721e-07,0.00137682118737081,9.04712176061846e-16,1
"19945",8.72270819598701e-13,0.0985850597096945,1.0336084988491e-12,1.82254558693177e-05,0.00395177961475359,0.897444935217777,6
"19947",1.81465296783243e-08,5.98539114434348e-06,5.30767424222975e-26,1.91708914276848e-07,0.999993804526814,2.26597818399631e-10,5
"19949",2.05183400095168e-26,0.951232573335952,1.80002291362404e-14,1.84518332705891e-05,0.0475375143782257,0.00121146045253388,2
"19951",0.371481193914062,0.246538906332535,1.96926510558119e-09,4.47277422908864e-06,0.381973970332515,1.4546773941085e-06,5
"19953",4.0666629021179e-50,2.39502912838775e-07,2.92433138733211e-40,0.996175708131636,7.82063129874501e-05,0.00374584605246387,4
"19955",5.21377524342533e-36,0.131692727993706,1.37469024919779e-33,0.00437675734987003,0.836864730182609,0.0270657844738151,5
"19957",0.00158457969246712,0.0300925346780182,1.87358234977244e-06,0.786734009324121,0.181586835221044,1.67502000401646e-07,4
"19960",1.88517697633257e-18,0.0479947605319204,6.6678125662798e-34,4.18334413172702e-09,0.948944318503844,0.00306091678089171,5
"19963",1.83824325348453e-19,7.39238642302247e-24,1.65753487931302e-44,0.999652453217719,0.000347546782280564,1.89297416553971e-18,4
"19965",1.72429972980646e-40,0.344283843328473,1.86879567182439e-49,6.98577825281815e-05,0.60018574338714,0.055460555501859,5
"19968",0.000796804155457043,3.82251120646599e-07,2.90957945604409e-16,1.68630795050374e-18,0.999202812088581,1.50484089256165e-09,5
"19971",4.77115185127991e-08,7.83836770258874e-15,4.36806357621913e-59,0.556251833425246,0.443748118863225,2.65190555697136e-15,4
"19973",0.00136867068106759,0.0132703670675927,0.985190823064845,4.97943971306018e-09,0.000170101378806173,3.28282484369683e-08,3
"19975",0.954072238165919,0.000269953060186285,2.37224987260034e-08,3.23516499557583e-11,0.0456577839541038,1.06494023927954e-09,1
"19977",5.23057276599841e-11,1.1314770902039e-11,3.73002458911467e-42,1.99346648635651e-06,0.999998006469893,6.96508297699584e-21,5
"19979",8.83675408018865e-28,3.4482600944235e-05,7.00575873375762e-59,1.14828884064667e-05,0.0115067572819955,0.988447277228654,6
"19981",5.54429474808276e-12,0.996722507885006,1.35580109556918e-06,3.52203001506825e-06,0.00124347314077708,0.00202914113756206,2
"19983",1.45391925003001e-15,0.990297420737648,2.06991363146345e-05,4.05033211129771e-07,0.00968117707886821,2.98013956466755e-07,2
"19985",0.33495052441785,0.0005636629805687,0.661376820253794,2.525724533126e-08,0.00310896709053153,1.06755043800334e-14,3
"19987",0.0150131433636777,0.812050435528537,0.00462476908521577,5.03345102931021e-07,0.110881372113984,0.057429776563483,2
"19989",6.87411985501794e-44,5.91705038980651e-05,3.44424147723344e-47,0.000247746103089062,0.00542120598640265,0.99427187740661,6
"19993",2.42763818638903e-07,0.972340557808061,2.77748857038255e-18,1.10658765763776e-06,0.0242901884105554,0.00336790442990769,2
"19995",1.14481535920849e-08,0.133537634539224,1.215738130442e-15,8.38474064744169e-08,0.232317014609129,0.634145255556085,6
"19997",1.1257581699655e-05,0.0527378417886934,0.946822259057413,7.28743260281896e-07,0.000427901428904172,1.14000288801864e-08,3
"19999",0.998118027469775,0.00036618299895606,0.000418445776681042,1.7646838620117e-08,0.00109732610774911,5.70730125725533e-16,1
"20002",1.53308498517611e-15,1.00558041294316e-22,6.530834280297e-38,2.55414662409487e-12,0.999999999997444,2.29838957145636e-20,5
"20004",2.03034556905417e-12,0.00112835382655507,5.43356346036615e-16,2.71785562750309e-10,0.152354873923935,0.846516771975693,6
"20006",1.41522176624036e-23,0.0120741920799566,8.64707304074941e-34,2.80038928482396e-07,0.987925421251585,1.06629529528825e-07,5
"20008",4.41815159463376e-25,0.00119629931216168,6.64079530999271e-38,6.34402215534643e-06,0.998417325599924,0.00038003106575855,5
"20010",9.62380531685334e-21,0.562603509403353,3.36590729756969e-17,0.000212184695809673,0.0422984642203423,0.394885841680495,2
"20012",0.0702079489024714,0.000672856554598215,1.91926180278631e-15,1.09957405990166e-08,0.929119183547188,1.639594295229e-17,5
"20015",3.3384333436043e-35,0.00067983866784397,1.21916956708556e-51,1.813212373852e-12,0.0161622465982178,0.983157914732125,6
"20017",0.000167697607070301,0.0031411425441754,0.996252937275028,3.45759903747043e-09,0.000438219116045826,8.17204077581632e-14,3
"20019",1.16369290961877e-47,5.47045306964112e-06,1.92715085676174e-75,7.89409458810283e-06,0.0325989220958532,0.967387713356489,6
"20022",4.719045936192e-19,0.46530399133626,7.23068951642625e-18,7.73559525297059e-06,0.0125110914080593,0.522177181660428,6
"20024",5.38026752887821e-69,4.71730985556035e-10,1.76205979791899e-69,0.247414765509415,0.752072643661179,0.000512590357675267,5
"20026",5.38026752887821e-69,4.71730985556035e-10,1.76205979791899e-69,0.247414765509415,0.752072643661179,0.000512590357675267,5
"20028",0.00832462965179136,0.0012006128282524,0.99028073158848,2.10715883774915e-07,0.00019381521235999,3.23283609472545e-12,3
"20030",1.55426860114306e-20,3.7296015710382e-06,1.81220831461038e-39,6.53164553446342e-12,0.120692779590189,0.879303490801709,6
"20033",0.860201173450409,0.137626875280431,5.77069166931122e-05,2.30909370501652e-05,0.00208560313038888,5.55028502810566e-06,1
"20035",2.99305066912302e-51,4.53065821269455e-05,2.53853893134688e-75,3.91629846240412e-05,0.0494917506535565,0.950423779779693,6
"20037",1.52332631730106e-53,0.000493734381823929,3.19915770601614e-69,1.08506984877172e-05,0.0288962785129993,0.970599136406689,6
"20039",8.23255095025337e-98,4.08030131331361e-16,6.15842180549352e-86,0.999999975865989,2.41333815198687e-08,6.28832569405407e-13,4
"20041",8.75622240487399e-20,0.981671823195341,1.16404916402756e-18,0.000685502878604131,0.0176426533646654,2.05613894288606e-08,2
"20044",1.39404315723787e-16,0.840099147447092,1.40396784659748e-23,0.0277093987540247,0.132191433480534,2.03183490061508e-08,2
"20047",1.70046492693114e-41,1.9379703688102e-08,5.58382266569751e-84,0.0053575083812436,0.0579072036695799,0.936735268569473,6
"20050",1.65966874426114e-21,0.156030779585194,1.37734594377947e-29,0.764189389191855,0.0196290085553274,0.0601508226676238,4
"20052",0.0969140046831078,0.853003342715387,0.00697653032727356,0.00129997557025437,0.011892649287619,0.0299134974163577,2
"20054",5.14841580124169e-20,0.0661383683226531,6.7399113303596e-30,4.53014661526257e-11,0.0392704485329291,0.894591183099116,6
"20056",0.676594190000647,1.19052231181857e-08,1.77367900968305e-16,7.63625289942902e-08,0.323405495947221,2.25784380188054e-07,1
"20058",3.42933440732182e-50,0.000167640351692939,3.8506325687106e-47,5.81127267740695e-06,0.0118530822777616,0.987973466097868,6
"20060",2.43335645055199e-08,0.852742903126409,0.134583990281133,1.22726970049148e-07,0.0126710472280426,1.9123038813534e-06,2
"20062",4.32916511649504e-08,0.986834107779573,0.000297854791935853,1.09136000401127e-06,0.0126368775290658,0.000230025247770317,2
"20064",4.81078919590555e-08,0.0902264888748304,2.37927429770256e-13,1.43362352606125e-07,0.00433205938806123,0.905441260266626,6
"20066",1.50570529498567e-30,6.04122663109481e-07,1.19727504318607e-63,5.23979687580477e-09,0.0906694479461615,0.909329942691378,6
"20068",6.31224942818247e-11,0.372595540491759,0.620784057090387,4.49051601662704e-08,0.0066203574414466,8.12419045276914e-12,3
"20070",2.13509131504409e-18,0.99337951722681,0.000628351798123476,0.00511602948129954,0.000876083206302521,1.82874644778608e-08,2
"20072",4.44120364324957e-46,0.0527326158275576,1.66043085890513e-45,6.57632534562757e-07,0.869953592144128,0.0773131343957799,5
"20074",0.98218968855834,9.10440513822905e-17,3.57797323045646e-18,2.9139083417265e-11,0.0178103114125208,2.69209860334815e-27,1
"20076",0.00751070486798709,0.000192046359441293,1.15747544379757e-11,2.51349519510313e-12,0.992297129122491,1.19635992289698e-07,5
"20078",6.55636145679271e-14,0.0191903932713378,3.63173964107807e-19,2.40634507821568e-05,0.00463219876864968,0.976153344509165,6
"20080",1.29899725141966e-34,0.000724096898831348,1.3031468918603e-58,3.50602818191536e-05,0.0085295070895058,0.990711335729844,6
"20082",1.28043321104417e-52,6.85936605754592e-11,5.18959343710633e-54,0.999913027759258,4.00821159053409e-09,8.69681639363799e-05,4
"20084",4.09881020435349e-08,0.000234917604196667,1.83060994334454e-22,0.000541101959946143,0.0217947528989946,0.977429186548761,6
"20087",3.03508767847744e-27,0.1030838797018,1.00559546904214e-22,6.68244409582149e-07,0.0514297203347272,0.845485731719063,6
"20090",3.55970105700193e-35,0.0112473175304185,6.16193002897382e-58,0.000739553747214733,0.0119094351251684,0.976103693597198,6
"20092",4.63271361592601e-62,0.000161576180371498,7.29064139072266e-33,0.999821168245832,1.72482095152181e-05,7.3642812143254e-09,4
"20096",1.80340493564858e-18,0.00373818642370774,4.3810806486001e-14,0.995604646460852,0.000635957414503428,2.12097008933966e-05,4
"20098",0.847107938121339,0.142443421537701,0.00962403216982504,8.77050494688282e-05,0.00073678044364687,1.22678018658121e-07,1
"20101",1.07497103374444e-14,0.00674315894637365,1.62843648212078e-45,0.000562542441263194,0.0488462096121735,0.943848089000179,6
"20104",4.84682684005039e-44,1.71793255121943e-09,3.18071662363725e-21,0.999999772829718,2.25452349486738e-07,1.01965189125605e-24,4
"20106",1.12217277961137e-13,0.117839242631572,1.09732382608726e-31,1.34347177616819e-08,0.0119591606599741,0.870201583273624,6
"20108",0.000254036312765325,0.400714170995944,0.590988208827292,5.13281797056412e-07,0.00772174327645202,0.000321327305749941,3
"20110",5.64719642422705e-07,0.042291821751516,1.00174609117561e-10,0.87522517907519,0.0824801193468621,2.31500661473415e-06,4
"20112",4.66616469631409e-19,0.598010169160984,1.16290729329433e-30,0.00212013785210891,0.0125615536653325,0.387308139321575,2
"20114",4.76315885693297e-06,0.000610304550494792,7.23790830822215e-16,3.72768610582207e-05,0.0162859442246446,0.983061711204945,6
"20116",1.48665824509727e-06,0.0252679890296792,2.50354613715121e-22,1.67163758197528e-09,0.0986665926409879,0.87606392999945,6
"20118",0.0156674340230915,0.733583940991023,0.000734952602015306,0.000135888194167303,0.00157635637490854,0.248301427814795,2
"20120",9.18605906644386e-14,0.2387602609861,1.1466720516636e-29,0.00384811236949909,0.131468387218558,0.625923239425751,6
"20122",0.997820872542871,2.79852157502352e-08,1.2404971226255e-09,1.74636580423151e-10,0.00217909805649315,2.86387238646115e-13,1
"20124",1.19777426149249e-43,0.0075532889810121,1.24367450292755e-50,0.00782881614087174,0.0451358336203837,0.939482061257732,6
"20126",3.14781215518471e-67,1.8892409504972e-15,1.06679103823564e-76,0.999999811610751,1.88332995348551e-07,5.62520061482066e-11,4
"20128",9.67145695268017e-78,3.39349907818956e-15,6.26325556228051e-113,0.999535877918629,0.000288580701423044,0.000175541379945203,4
"20141",2.52294634040857e-23,6.02419252687596e-06,1.92546036845205e-13,0.999993903782732,7.20245481152739e-08,3.14242931262152e-16,4
"20143",0.0015458014507468,9.3797061807058e-15,3.74574444990633e-34,1.12337691507258e-07,0.998454086211552,1.58651039201918e-22,5
"20145",1.20019332983655e-15,0.126542181192516,2.26030933191906e-18,7.48287718726465e-05,0.00366146226658806,0.869721527769022,6
"20147",1.6173002417204e-14,0.232442247536773,2.76985225002165e-22,4.05270131158369e-06,0.00365424847234006,0.763899451289559,6
"20149",0.991486279953347,2.00048427729625e-08,2.47026747779408e-06,3.6902754709945e-07,0.00851086074678318,2.11686436920085e-15,1
"20151",0.722712166742877,0.094073571205703,0.181427348256929,5.31327401558778e-07,0.0017830613123483,3.32115474102944e-06,1
"20153",0.779027826947536,0.0118291510960174,8.64723435942495e-10,0.195825810623097,0.013314805707382,2.40476124422166e-06,1
"20155",1.38367596051687e-24,0.837483358192478,2.61982821142063e-36,2.49800491550253e-07,0.00987976451281341,0.152636627494217,2
"20157",0.962621444388522,0.00889467683072655,0.0066976745624178,1.19152416153758e-06,0.0217849959186815,1.6775490673297e-08,1
"20160",0.999778863223548,3.11420301146487e-15,4.23780461710419e-17,5.5448399590808e-10,0.000221136221964834,3.61871887887999e-20,1
"20162",0.999693306411686,8.73184297719138e-09,1.0816058135081e-05,1.93911795412616e-09,0.000295866859218245,3.18409296567054e-18,1
"20164",0.819719671193943,0.00051856856943433,5.04309667888215e-10,5.17475254405945e-05,0.179710009338085,2.86878795549921e-09,1
"20166",7.40472594469088e-20,3.34428198818803e-09,8.64260474470955e-55,1.91130947752505e-12,0.989540170704595,0.010459825949212,5
"20168",7.85948233618155e-26,7.59422586535794e-18,1.21359547956355e-45,3.39544498208861e-15,0.999999999999989,7.81221229579502e-15,5
"20170",0.998933290778221,0.000737709967420055,0.000178698899095509,2.88783199072216e-05,0.000121416566368088,5.46898831762075e-09,1
"20172",2.0634599841825e-28,0.199895037767082,2.4821601526026e-21,7.84065440901911e-05,0.00195191767033411,0.798074638018493,6
"20174",0.00136574423425952,0.000104965983640634,0.982125334381877,7.16529733364427e-10,0.0164039546836934,7.44076881441711e-19,3
"20176",5.49664788831206e-26,1.20373909975008e-08,2.05994959064224e-34,8.1844905897692e-10,0.999999987144146,1.39383881320826e-14,5
"20178",0.999676592439634,3.52093752626732e-16,1.26423930359756e-18,1.61121841031368e-09,0.00032340594914705,5.53688663620549e-21,1
"20181",1.65814298571954e-14,8.57137917008356e-06,5.82793093120585e-44,2.96660609353377e-11,0.231721252143515,0.768270176447632,6
"20183",1.05854841931554e-14,0.970862368379037,0.0266509046198181,0.0017917384908347,0.000594579899686482,0.000100408610613183,2
"20186",2.5095662291971e-41,0.980419546262704,8.08578515178843e-13,0.000959605912703483,0.0186141654833987,6.68234038501601e-06,2
"20188",0.998439791958759,9.54042722751982e-12,1.99931514678924e-15,4.06724344246814e-09,0.00156020396445514,1.95577401812541e-18,1
"20190",2.70140749254069e-28,0.00121158080058546,1.27065557930475e-48,2.33391429777693e-09,0.0097128268687398,0.98907558999676,6
"20193",1.24517487346017e-07,9.2917166764969e-15,1.45767011617724e-48,1.25920216601503e-10,0.999999875356582,6.00136957043335e-16,5
"20195",0.781456247697218,0.111485462059863,4.18489784862023e-14,4.8507062119246e-05,0.107004159838416,5.62334234222438e-06,1
"20197",6.5905368360351e-24,0.487192460603611,7.65213791641532e-26,5.23155710633013e-05,0.00500823979120633,0.507746984034119,6
"20199",0.99917756249757,1.85889353042191e-05,5.25816710306628e-07,7.51621856122761e-06,0.000795806531844068,1.02006498181983e-14,1
"20205",1.50264659243382e-60,6.9609122300652e-08,3.64475578652383e-48,0.99999992732841,1.4021344094094e-09,1.66033312114956e-09,4
"20208",0.0118190164841973,0.983689235314715,3.68544715900447e-07,3.52189134898236e-05,0.00445222385088538,3.93689199626222e-06,2
"20210",0.999867031396493,3.44653577678662e-07,4.41100618157276e-07,1.75195687562827e-08,0.000132165329742184,3.27981237578098e-16,1
"20212",0.987705571030238,0.00758401513479892,2.38921280358442e-07,7.97025436834235e-06,0.00470220243786239,2.22145137240247e-09,1
"20216",8.1223027679335e-16,0.101139754634414,8.23204441896894e-24,6.45864744252891e-09,0.0714160903939643,0.827444148512973,6
"20219",1.22973052699255e-20,0.000582206730464977,1.41613434799551e-25,0.0873187279623811,0.0018276029509233,0.910271462356231,6
"20223",1.67216590981237e-71,2.57333725259515e-07,4.4821697358441e-80,6.14061217017324e-07,0.998050326316765,0.00194880228829301,5
"20226",2.42803185423725e-10,0.971363876979181,8.18823292326098e-15,8.2029686955202e-06,0.0286235665086504,4.35330066086872e-06,2
"20230",1.74695865042164e-36,0.000252905539193321,6.0626615827744e-58,1.91064294954747e-06,0.011018769227471,0.988726414590386,6
"20233",9.16983999009493e-45,1.80542189125616e-14,1.40685306680446e-26,0.999999999892654,1.07328206111226e-10,9.08497716703336e-24,4
"20235",9.05649702630021e-60,0.0220721774149156,1.3331567257668e-55,0.640566591517519,0.333815548309951,0.00354568275761423,4
"20239",1.13934427336719e-32,0.119556104711464,2.42129352713964e-25,1.71532456496433e-08,0.804798540975991,0.0756453371592987,5
"20254",9.47040509617674e-56,1.61395731256143e-10,3.53024660270908e-63,0.999823688984465,8.23377101163107e-08,0.000176228516428774,4
"20256",5.82360904682811e-40,0.024583941153534,1.53637638379313e-41,6.63930865059747e-05,0.00511643523924269,0.970233230520717,6
"20262",0.998492144250988,0.000426122637827227,0.000962999406680488,7.70092312183573e-08,0.000118654795296449,1.89997668559459e-09,1
"20270",1.09454618076308e-18,1.58823211092624e-05,9.13948248109713e-35,7.78686601704042e-12,0.977745132956487,0.0222389847146168,5
"20284",3.9968536346455e-24,0.136053688595489,5.93929104807866e-09,0.860591524286902,0.00333100631677086,2.37748615469102e-05,4
"20287",8.43063675806244e-56,2.57467775023471e-05,2.18288275448402e-77,1.73524529045767e-08,0.0407647451767988,0.959209490693246,6
"20290",4.74456642655654e-28,6.18039442042802e-06,7.3640229971421e-30,0.999988649686764,5.16124040606682e-06,8.67840962387937e-09,4
"20293",7.86060294372827e-16,0.228847768346019,8.1861194906404e-13,0.000738953153648264,0.000440975462188563,0.769972303037325,6
"20296",0.46495745068136,0.0148666968443253,0.000118201443353637,4.61365826574883e-14,0.518975619942571,0.00108203108834418,5
"20301",4.02388762625487e-36,7.15542473864882e-09,5.3238930926846e-101,1.10930928354887e-06,0.917899026356416,0.0820998571788756,5
"20304",1.07941008649385e-52,2.10238410497911e-10,4.89813979566618e-49,0.999971122592128,4.0845321566034e-10,2.8876789180377e-05,4
"20306",1.15807107208019e-47,0.000101011758773436,2.37520567284834e-52,0.000908675569026375,0.0211804484412798,0.977809864230921,6
"20309",1.22916614129913e-15,0.996029165440086,2.77879931068772e-18,0.00130192353221485,0.000172524767050345,0.00249638626064775,2
"20311",4.13279493656062e-15,0.000232232639025559,2.42877480546536e-27,2.93400585210921e-07,0.0445790334357932,0.955188440524592,6
"20314",0.657803216177525,0.22670120965107,0.114379275055005,3.97499098738023e-05,0.000613468426420358,0.000463080780105887,1
"20318",0.000425119226446492,8.86867564501094e-15,1.22792992585232e-30,2.85506843885567e-10,0.999574880486671,1.36638952800173e-12,5
"20320",5.723187176746e-15,0.721865578061041,2.71776603092586e-11,0.00397851825167476,0.274155902273288,1.38681271987907e-09,2
"20326",0.0619523314784166,0.87556943441535,0.0542681118160149,0.00225493068235639,0.000672839662487533,0.00528235194537422,2
"20328",1.09981608028649e-29,0.990697661869083,8.11144615522434e-13,0.00263869998348874,0.00666354850575883,8.96408585528825e-08,2
"20330",4.37773794812917e-32,0.459945740590764,2.1979290328552e-35,2.90769088927873e-05,0.50271726375635,0.0373079187439939,5
"20336",1.79129391582775e-37,0.000632496503387925,2.74157492338747e-18,0.999297413131062,1.72325601164742e-07,6.99180399491719e-05,4
"20338",2.01731642242453e-24,0.000160162476154749,2.6416787847903e-31,0.999254048370022,1.30618186132471e-06,0.000584482971961563,4
"20340",1.02692232340424e-43,0.000225261537868283,2.28093058654913e-58,1.24111917701974e-05,0.082587481185461,0.917174846084901,6
"20342",3.58932442188219e-46,5.08614403746052e-19,3.07788984050268e-61,0.996597290432478,0.00340270956752189,4.45414934944567e-20,4
"20344",3.69712530924761e-31,0.00813357653696084,9.0690893860246e-33,0.000164776937149471,0.00442282458109354,0.987278821944796,6
"20349",3.44758019567432e-41,0.000203930915874184,1.09274117726687e-43,5.44635879677967e-06,0.0102528243119566,0.989537798413372,6
"20351",6.29091767191012e-16,0.99729356754566,6.0970903918931e-17,0.00040494736199942,0.00153872250437801,0.000762762587961808,2
"20353",3.78169489640895e-37,0.881836941283592,1.54665215935585e-47,0.0442996480190324,0.0257735880363235,0.0480898226610523,2
"20357",7.28700949120884e-71,1.70258073598733e-08,2.86612606508217e-53,0.999997325976053,2.54178815239425e-06,1.15209986796654e-07,4
"20360",3.19611922490895e-58,1.60151036490571e-07,4.28885059971911e-59,0.927068695342908,0.0729311445060542,1.12834113077825e-15,4
"20364",6.71567408191885e-18,0.794986667615421,1.30475893183696e-19,4.41706154558795e-05,0.00470721033133866,0.200261951437785,2
"20366",1.42775946813903e-41,5.53758118183028e-06,2.88603474771731e-26,0.999994455655002,6.73197449012602e-09,3.18421234984274e-11,4
"20381",1.21380816294214e-10,2.55458327946701e-10,1.86174916650957e-11,2.05296097563984e-05,0.999979469994787,4.62696291255088e-22,5
"20391",6.1580028300978e-59,0.00699720044218642,4.18124301921341e-25,0.000704965557944245,0.992297404409795,4.29590074264997e-07,5
"20394",3.44867038347414e-09,0.947703698170053,0.0132997033976187,1.8035342153522e-07,0.0389963762362556,3.83939809360393e-08,2
"20396",0.0107668395294068,0.000374792223223935,0.0236099547047381,5.39678105965946e-09,0.96524840814585,1.75431693645764e-22,5
"20409",1.8686035644331e-05,0.00180568669548015,2.56073345986488e-13,6.66217515991083e-06,0.0930492416327255,0.905119723460734,6
"20411",3.67287982426571e-47,0.0289830656642681,9.43604207619723e-40,0.183259961864535,0.000268629607232067,0.787488342863964,6
"20416",9.49204845123643e-93,3.99801272626662e-13,3.53526247695422e-99,0.999885343321151,8.51607721561691e-06,0.000106140601233671,4
"20418",0.222011896262163,8.1767504872849e-06,0.00211476307685997,2.80045464226191e-09,0.775865161110035,5.0097846574005e-23,5
"20420",8.90327557813319e-38,1.57460868770948e-09,1.7056418946392e-20,0.999999998240653,1.84737944682602e-10,2.46074790726155e-23,4
"20422",1.69599208603806e-23,0.0251330298186293,6.64562410257179e-45,9.54139019259714e-10,0.223637123057895,0.751229846169336,6
"20424",3.98097444942296e-42,0.310433172603562,6.83789854378495e-39,0.0172595848009603,0.00882475495819853,0.663482487637279,6
"20426",8.91753205092826e-38,4.775551328468e-19,4.62437909585604e-55,0.999999997056946,2.94305456354197e-09,2.14455054965179e-22,4
"20428",1.93023138099198e-19,0.905509886281452,1.37172498357633e-17,1.06858126751907e-08,0.041198458283066,0.0532916447496691,2
"20431",1.10235061766063e-05,0.982883854060446,7.9039869248434e-22,0.0052819598266229,0.0118197737109921,3.38889576223819e-06,2
"20433",9.88693983811788e-52,1.0078682840618e-06,1.33066198960831e-73,3.85533403321814e-09,0.977469030862011,0.0225299574143709,5
"20436",1.07380971915635e-29,3.24978747852755e-09,6.36784772600666e-46,3.81550477324459e-10,0.999999996231945,1.36716809831414e-10,5
"20439",2.56278812544109e-05,6.92422899939815e-05,0.965874725949594,2.66651479769206e-10,0.034030403612506,3.22037734528046e-17,3
"20441",2.26593929453926e-42,6.19912116883806e-05,7.73608667977603e-40,0.999937719799518,2.88664090393454e-07,3.24703114016962e-10,4
"20444",0.999378371677879,6.31669292165499e-13,6.5319083608991e-10,9.90575317870765e-10,0.000621626677722772,2.07029033845867e-20,1
"20448",3.19397547977113e-07,0.0234920596355458,2.46350493951393e-11,0.972054083646611,0.00434714757585871,0.000106389719801268,4
"20536",7.35298052275518e-17,0.408812562892809,0.0903374106652184,1.56760419559885e-08,0.500850010765612,3.18187745274943e-13,5
"20538",1.52150339636199e-43,1.2029160094001e-05,6.63528975716818e-25,0.997703406812189,8.88933415165492e-08,0.00228447513437519,4
"20541",1.09008393711814e-44,0.000186206677382951,1.48784717278926e-55,0.00436315883246235,0.00778003664875895,0.987670597841396,6
"20544",2.94934062985508e-12,0.443167732211038,8.8275136056353e-13,0.000139070631043039,0.00126414848245729,0.55542904867163,6
"20546",1.15646256361094e-36,0.0387085913708281,2.34484053930073e-28,0.00014177142670108,0.00708193973195203,0.954067697470519,6
"20550",4.59325039238645e-17,0.850843496549267,1.69084141170162e-23,3.34459263025271e-06,0.149153068503285,9.03548175404554e-08,2
"20553",3.90326223136267e-72,8.31784345587204e-25,4.58520063462387e-131,0.999772955546313,0.000227043082766036,1.37092140220788e-09,4
"20555",6.59820485706105e-59,1.78632430928654e-10,3.73366356908129e-28,0.999999998008598,1.8127693146927e-09,4.29666966002388e-22,4
"20557",1.40292043742712e-14,0.961690184014078,8.1620573175187e-21,0.0374746546245416,0.000832370670826039,2.79069054062298e-06,2
"20559",4.63005254904627e-17,0.0451636289962959,3.56578185414786e-27,1.55251499624204e-07,0.013083543801686,0.941752671950518,6
"20561",0.994697785833966,0.00427996823512045,3.2068790173328e-05,7.56216958670024e-06,0.000982600366784321,1.46043692977767e-08,1
"20564",0.999676592439634,3.52093752626732e-16,1.26423930359756e-18,1.61121841031368e-09,0.00032340594914705,5.53688663620549e-21,1
"20566",1.34973992596716e-12,0.635387361193928,8.78233232516883e-17,6.48369830844601e-11,0.0242029021500774,0.340409736589808,2
"20569",0.996275163630841,0.00123650516302034,2.6951463168908e-05,6.7898489025389e-09,0.00246137295293978,1.80712719567484e-13,1
"20572",0.709258065771406,3.65987829708273e-06,5.69398967152022e-10,3.87781945351705e-10,0.29073827339245,6.6517088858853e-13,1
"20574",3.21310390085629e-19,0.0413068661804176,1.23913080228054e-37,0.000523356526379842,0.00686609089701874,0.951303686396184,6
"20576",0.99920355569092,6.90180173252847e-11,1.76611919774605e-16,1.16552490726697e-08,0.00079643258481121,1.11894882571671e-15,1
"20578",3.51127522001153e-07,0.916993044814047,1.10025443885143e-10,1.96877943602658e-06,0.00528622746913979,0.0777184076998295,2
"20580",1.68740831658073e-12,0.0932336421430048,8.97206965787192e-11,3.93684648207921e-09,0.0105557864596539,0.896210567369087,6
"20583",0.999725932877933,1.73738087178323e-12,4.86509174039072e-15,2.63369241450463e-09,0.000274064486632037,6.09425007959092e-17,1
"20586",2.54583041337548e-24,0.22198586863219,9.25257982657329e-15,6.65393127869872e-06,0.0104537849768007,0.767553692459721,6
"20589",9.79644160304476e-44,0.0627734925330645,1.00052687373058e-45,5.616372482732e-06,0.0118938724953624,0.92532701859909,6
"20591",6.8610089643217e-31,0.222952118760745,4.71395480167611e-13,0.776998122420075,4.97588187032823e-05,6.05339696308936e-15,4
"20593",5.05972832004974e-44,6.6214335536307e-05,1.47806902051183e-86,1.74254935579586e-07,0.0647701617120168,0.935163449697511,6
"20595",8.82794303586089e-15,0.261028525991229,2.033760701532e-23,6.5105818370223e-05,0.000601950910856524,0.738304417279536,6
"20597",9.96751153808183e-23,4.776762274091e-07,1.12658335824485e-06,6.20466889103494e-10,0.999998395119947,5.38031804863545e-24,5
"20599",0.999099201631219,2.73400972465169e-15,2.76202335312553e-20,4.0423070533107e-10,0.000900797964547559,4.35287398672601e-19,1
"20601",2.60792499579392e-07,0.357239447682744,0.641715268850773,1.94437215627974e-05,0.00102506944790942,5.09504511063443e-07,3
"20604",8.57875450579692e-27,0.000307678019716044,6.54626847138122e-56,1.69418458362378e-07,0.00973315381588177,0.989958998745944,6
"20606",2.74265563832217e-32,0.00138763743062217,1.651627682436e-47,1.06818575548363e-08,0.0197461621401641,0.978866189747356,6
"20608",1.66093659239075e-25,0.406442577249005,1.01341613403498e-37,2.24510245745691e-09,0.0113793456962583,0.582178074809634,6
"20610",0.995477388507042,1.16825089257256e-06,7.31041361600598e-21,2.29030724250029e-06,0.00451915293479665,2.59535756279198e-14,1
"20612",1.43340302479763e-54,3.42653624970051e-19,3.25779288997136e-58,0.00810467312200406,0.99189532687789,1.05887820181179e-13,5
"20614",0.999571787845009,5.29664718762913e-07,2.3119322610737e-06,5.78993825933973e-08,0.000425312658626932,1.39655031451874e-15,1
"20616",6.12977230497779e-10,0.773290577477484,0.000257681319480474,7.41457211823827e-07,0.226444958649923,6.04048292402396e-06,2
"20618",2.5036320737265e-31,1.0173530455622e-07,3.46449412741678e-26,0.999999430361136,3.85699082177449e-07,8.2204476928304e-08,4
"20620",1.77848046701681e-22,1.74920162417749e-05,3.33725582121637e-40,3.25136626663571e-08,0.980242114922237,0.019740360547859,5
"20622",0.993509114939789,8.98179845031655e-09,4.2940021671421e-15,2.50503589941455e-08,0.00649085101908027,8.96941303286633e-12,1
"20624",5.46049031402336e-43,0.00757429381752758,2.10172302149571e-41,0.246754214248904,1.85852303036509e-05,0.745652906703265,6
"20626",2.35087338419897e-15,0.00821129785299886,1.74117557347289e-29,4.16960587645873e-11,0.989285293484943,0.0025034086203599,5
"20628",7.78635147990422e-25,0.473562653299819,7.48853199301909e-24,1.35983735014292e-05,0.526423747892395,4.34284498790824e-10,5
"20630",3.52450645498837e-11,0.872810132262815,1.94794187615943e-33,7.94967368175023e-08,0.0954843938477529,0.0317053943574499,2
"20632",0.99747019948998,2.13498005263575e-09,5.02785632094872e-09,8.50997297720217e-11,0.00252979326208433,7.06726358946907e-23,1
"20634",1.20114831155697e-31,0.012315810064333,2.23010076841665e-47,8.46259697055091e-08,0.016069899455124,0.971614205854573,6
"20637",1.58941242438383e-30,7.95459941461821e-08,1.29906457889119e-49,0.999765040498335,9.60157133969375e-05,0.000138864242274426,4
"20639",0.998039123230869,9.07755495221853e-05,3.25843770972763e-11,8.05946799589356e-06,0.00186204171871254,3.16390075601387e-13,1
"20644",8.28360967976766e-88,5.52164302156848e-21,5.63830933910464e-129,0.947376381430943,0.0526236144098665,4.15918986807429e-09,4
"20646",9.37001442243169e-45,7.76898529532784e-07,2.79653706821971e-72,0.000221681600454251,0.999777525494996,1.6006020320076e-08,5
"20648",0.305264914607666,0.0202886321027926,0.674319165526354,4.78320461464584e-05,7.94407239333187e-05,1.49931083572544e-08,3
"20650",1.08645898157518e-51,2.97057711596357e-05,5.42285282477582e-53,0.679342263521505,0.00278587078760159,0.317842159919734,4
"20653",1.91337634976306e-12,0.540298795140462,1.06147743029085e-07,3.45801205008985e-05,0.459666518371369,2.18011772277577e-10,2
"20658",4.22092444145574e-42,0.00569259157902528,6.2780646060009e-45,4.00671148116646e-10,0.0666895099946088,0.927617898025695,6
"20661",1.66137737084891e-61,6.36450200754538e-09,1.00101952232316e-40,0.999999947882279,4.55589610711966e-08,1.94257890015039e-10,4
"20663",3.29500776389153e-18,0.88576050191779,2.99492056062489e-08,8.61838038537542e-05,0.000922915561086805,0.113230368768064,2
"20665",0.996551710058144,1.89428710635849e-15,1.37706779784188e-19,9.52132304168332e-13,0.00344828994090168,1.40291381467514e-16,1
"20667",1.69476263969732e-17,0.71920716458062,1.84831396262911e-15,3.20917293537469e-05,0.280760734356054,9.33396959161704e-09,2
"20669",9.96918787824751e-20,0.000261768687393499,0.000173382957276871,4.11627286382096e-06,0.999560732082466,5.64583173704265e-22,5
"20671",6.62506167308777e-20,0.00884360441047066,4.73237822376708e-27,0.939244859639486,0.000305938237953345,0.0516055977120895,4
"20673",1.16834397730987e-15,1.07266842100077e-07,9.11785866064899e-05,2.24118341535546e-10,0.999908713922432,2.64081187276022e-25,5
"20675",3.86796111101729e-22,0.606180552161604,0.000160902856827748,1.62462673758723e-08,0.393653921388047,4.60734725320068e-06,2
"20677",4.52560212019978e-22,0.940254573043763,1.15227831894319e-08,2.86658144162051e-08,0.0406322964084031,0.0191130903592363,2
"20679",5.74826073105218e-09,6.53248327640864e-05,0.471355932385979,7.94733029763049e-07,0.528577942299967,1.52424505109671e-25,5
"20681",6.66527099361276e-19,0.532640694037012,0.453272522878747,3.00783556031802e-06,0.0140837752480348,6.46552965555729e-13,2
"20683",4.14076270748223e-20,0.931039404723573,5.79582709740792e-13,1.99317900429343e-08,0.0631916091499247,0.00576896619413313,2
"20685",6.23407094640706e-40,8.3308544513039e-09,2.75772601782294e-20,0.999999988307848,3.36129781974335e-09,8.77384165345101e-23,4
"20687",0.0555693184051672,0.000134590987830045,0.944012059439098,5.24912884658959e-07,0.000283506254009861,1.01082511958243e-12,3
"20689",1.24437892276876e-95,7.56923719714707e-19,2.12623089529373e-106,0.999999385103197,6.14766620112079e-07,1.30182585022245e-10,4
"20691",0.999540642854166,2.15208115548876e-11,3.29832338164852e-09,1.26496908035239e-08,0.000459341176299114,7.52165007579963e-18,1
"20693",2.56623982442702e-48,1.12747183415939e-05,4.1138698375553e-52,4.81892994580361e-05,0.0420059818993005,0.9579345540829,6
"20695",0.118996120540666,0.827831383790695,0.0507061637795357,0.000584522786384851,0.001881739350919,6.97517988405577e-08,2
"20697",6.77990861252797e-16,0.00332360504589129,9.2214114814823e-38,5.06448417449e-07,0.0192245646626408,0.97745132384305,6
"20699",2.32536508614519e-15,0.894857358037017,4.12390881200888e-08,1.43792050691829e-09,0.0354850102041756,0.0696575890817964,2
"20701",2.42814863304066e-31,0.858974058752492,2.39377656505454e-20,5.91361278031614e-06,0.0246713760490083,0.116348651585719,2
"20703",1.52895337853874e-35,2.25377333252836e-10,5.72707884398416e-21,0.00272194819302392,0.997278051581599,3.29033895128745e-30,5
"20705",1.78619851369793e-32,0.00614703365902932,9.90129158358988e-31,2.78954570572947e-06,0.0576066022103521,0.936243574584913,6
"20707",2.65345093559691e-10,0.228572409686681,0.770348666005447,7.20986825904655e-05,0.000954025190537298,5.28001693994898e-05,3
