"","V1","V2","V3","V4","V5","V6","V7","V8","V9","V10","best$classification"
"19811",1.49231754337412e-09,0.000171851554070459,0.921688096048807,2.21078882964856e-07,1.65528380120747e-10,0.0207310662778099,0.000334661021498863,1.65010949864761e-05,0.0570479866773772,9.6145887213847e-06,3
"19813",1.02136736028095e-08,3.07822491499122e-07,5.90549488886417e-05,7.43008324801777e-09,1.22110847756595e-12,0.999940452523375,6.71361111521552e-08,3.00999725305404e-09,7.03027684759532e-08,2.66113895333641e-08,6
"19815",1.64162521958539e-09,0.00373152214349887,0.962491126682927,8.57879511278307e-05,1.4158041411233e-05,2.10449818654068e-07,0.00976476553257639,4.89235945808604e-08,0.0229481975446445,0.000964181088775852,3
"19817",2.77707342170456e-10,0.00510826462832911,0.603289142041149,2.9980561990807e-06,2.0837027611239e-07,2.65395279007597e-06,0.00325337884014358,1.53214218312511e-05,0.388212486315153,0.000115546096421356,3
"19819",0.00472472728667932,0.0629237551488034,8.33308616835758e-07,0.207848892241447,0.724422873485523,8.72005638103052e-12,1.27886760518421e-05,7.05007527954498e-09,3.69906645933139e-07,6.57528874373182e-05,5
"19821",1.31268534855956e-07,0.0050206060849353,0.410774156732147,4.08563579378008e-05,4.26222290461958e-09,0.011959583770303,0.00025062142817775,0.00184398611073113,0.570109422413658,6.31571352955279e-07,9
"19823",6.91612400095238e-09,0.00157972265742315,0.220135623673598,5.38527804928324e-06,0.000890437071005206,2.82752747942786e-07,0.000174681902347255,1.49962592699684e-06,0.0517279767112418,0.725484383411537,10
"19825",0.254116710236875,0.00416367644335953,2.79916267453084e-05,0.00424748557140691,2.57164933812323e-05,0.000900717384437387,0.00191494943137248,0.732811950232906,0.00178882599524065,1.97658427541855e-06,8
"19827",1.55463741743268e-08,0.00120858830559859,0.00420556943581368,7.47811972710624e-07,5.83142521665267e-07,2.37553100368942e-08,8.99902769910629e-06,0.00996064322044444,0.984570147187824,4.46825664420423e-05,9
"19829",0.00228395711988277,0.952569131126723,1.3981523299522e-05,0.0432105292857357,5.47936989350498e-05,3.60810663042444e-07,0.000140963111417854,0.00116776275610591,0.000558483401768544,3.7165468058082e-08,2
"19831",0.0189242442404424,0.78217031366094,3.18814044108558e-05,0.0853765897460089,0.11041056874842,6.98054975679121e-08,2.55299861755591e-05,1.41178819369625e-08,7.83495587408377e-07,0.00306000479463565,2
"19833",0.000755948780593074,4.01365198901627e-07,6.11955309347262e-08,6.2139715767788e-07,0.0882667303315601,5.04602412314959e-07,0.00282466523842413,1.45992092982095e-05,1.38859584546029e-07,0.90813632902024,10
"19835",1.31268534855956e-07,0.0050206060849353,0.410774156732147,4.08563579378008e-05,4.26222290461958e-09,0.011959583770303,0.00025062142817775,0.00184398611073113,0.570109422413658,6.31571352955279e-07,9
"19837",5.28567746862691e-09,0.017549984653853,0.0485178741084004,6.25543438118921e-06,1.30020068346079e-07,4.98959880987978e-07,2.51522409913267e-05,0.000822086992140302,0.933070235377166,7.7769274414501e-06,9
"19839",0.625188336011303,0.344176241070964,0.000111128168246195,0.0226987622732955,2.18625922293783e-06,0.000284618858502003,0.000491256681697698,0.00644352925860762,0.000603747903992573,1.93514169421061e-07,1
"19841",5.09179724355474e-05,4.57242174528491e-07,9.8893540126354e-09,2.1445793270328e-08,1.63666466881298e-10,4.68786215069576e-06,6.6478087420732e-09,0.999830873348582,0.000113025258456158,1.69578184785559e-10,8
"19843",0.386915415094597,0.0107080023240095,4.0517240751653e-05,0.594971929833221,1.35727391208782e-05,0.00627091181382731,0.00107939036697878,1.47599852876027e-09,9.13943942467633e-09,2.49972056164727e-07,4
"19845",3.71941911869008e-10,3.63309224960503e-06,0.197186861873455,3.40473664063846e-08,4.65100383387318e-11,0.801998848191342,1.96813418057066e-05,2.82914007343295e-07,0.000781339832419582,9.31828890213732e-06,6
"19847",3.58298362935147e-08,0.00544285550410577,0.990031088606713,9.51597285600073e-05,2.86623395854309e-07,0.00071794621031932,0.00152735507379992,3.79807216425536e-08,0.00207696603392109,0.000108268408626812,3
"19849",9.38912929980704e-10,2.55786323243012e-08,0.000125340214655427,5.92409616937469e-10,2.06848372805365e-13,0.999874294496762,1.06717665887639e-08,6.18304947164926e-09,2.91554396438823e-07,2.97692081794501e-08,6
"19851",3.31589065271938e-11,0.000322672797701855,0.949571234234572,7.16741065574646e-07,7.03805520704295e-08,3.96672631826211e-06,0.000308034370153475,2.03068409380751e-07,0.0495698146191958,0.000223287028872795,3
"19853",2.10225656045563e-11,5.22594357885599e-06,0.857325554802823,3.02818843303632e-09,3.28488710325815e-08,0.00708543891379974,2.39267678584691e-05,7.34498165869001e-06,0.0657525227039667,0.0697999499882324,3
"19855",2.49516864837012e-11,0.000281708446958951,0.449659088574082,2.33084313034816e-08,8.06317918709166e-09,0.000632382165705321,9.8525639222327e-05,0.00015668128888587,0.548677963513221,0.000493618975362686,9
"19857",7.51871496089138e-07,0.312528619238784,0.366110639436535,0.000190920916349069,2.48080325914823e-08,0.0132933204118038,0.00628824092046796,0.00197665693614259,0.299607468179072,3.35728131796515e-06,3
"19859",3.23977275900887e-08,0.0558742768165874,0.185925965474862,1.26463506867434e-05,2.27668435003151e-06,4.26726737826223e-06,0.00228268269828588,0.000663519666341962,0.754734460335933,0.000499872307847107,9
"19861",2.85201042507681e-10,4.89654971645409e-05,0.968213784123755,1.3372454904263e-07,3.05168642467463e-10,0.0272104310440523,3.12222512378584e-05,1.48631013593887e-07,0.00446438442012953,3.09297177284094e-05,3
"19863",9.25005399370828e-07,1.33700659031195e-08,1.74033476078103e-06,1.63809724861633e-10,3.6771084783773e-13,0.992658796372821,5.80924998438651e-08,0.00731995302288519,1.85057013637531e-05,7.93602691067808e-09,6
"19865",3.08059385593585e-08,8.04186852017579e-06,1.97162472434983e-05,1.60480920724991e-08,3.7432565121298e-10,4.76397115344728e-07,4.63039108071323e-06,0.894071802485536,0.105895272509627,1.28725207853221e-08,8
"19867",7.45215110046473e-10,0.000162622276499862,0.998314800353583,1.02698147441725e-05,2.57843835581002e-08,0.000380299677006198,0.000353980552586224,2.10645349954153e-09,0.000748306315018362,2.96923745099848e-05,3
"19869",1.37951778829106e-10,3.23277468240454e-07,0.00654882774669008,6.45085959206008e-10,4.69775040974485e-13,0.993167131262237,1.12630209301698e-07,2.20002337812373e-06,0.0002811634870903,2.40789419296185e-07,6
"19871",1.62614342684672e-08,0.111536021449934,0.0359448737987156,1.92414016159555e-05,2.32690973416438e-06,2.92067627775586e-07,0.000448364396873911,0.00146083200801299,0.850516374238775,7.16574672767247e-05,9
"19874",5.08610732825411e-09,4.24212646818002e-05,0.00292840070963522,3.07622606975051e-08,2.15800066327024e-08,6.01789333487161e-07,0.000177477946382235,0.0660817030878875,0.930754912460037,1.44253136680207e-05,9
"19876",6.23338808969007e-11,1.64652075951648e-05,0.0191081406453444,2.59600318124688e-09,9.50932858082162e-11,5.14840291358489e-05,2.70101648952933e-06,0.00794268825053928,0.972876497675378,2.02042208752456e-06,9
"19878",2.56994044288762e-05,3.28376222052407e-05,0.000409328114852698,0.00188405655916041,7.5156381671262e-06,6.18685062218181e-07,0.99762967968269,8.08938463307282e-08,9.54179980460219e-06,6.41599782327704e-07,7
"19880",1.66656058005402e-09,5.13512744116756e-07,1.14268455241223e-05,1.42889196201223e-10,1.48081871885606e-11,6.09114424827512e-06,5.40602893186718e-08,0.933172322709715,0.0668095567546325,3.31485885217948e-08,8
"19882",2.53893041711131e-09,2.11881433854675e-05,0.820178505421754,3.10845057490236e-07,1.77099205930805e-09,0.141214015228393,0.00222557497149348,3.1526277370362e-05,0.0362420102045148,8.68645981083339e-05,3
"19885",1.54146375776847e-08,0.159942489547897,0.592485109676099,0.000351782272089924,4.36003018724046e-07,3.35663850385932e-06,0.00692073282576562,1.37161663864649e-05,0.240276035116545,6.32633905683986e-06,3
"19907",4.79402946252824e-10,5.69922843044262e-05,0.987905956696662,4.08802516016111e-06,4.94196554945397e-09,0.00903703811888912,0.00071500439158287,3.86964775242007e-08,0.00227068714466039,1.01892208948746e-05,3
"19909",5.7905201772593e-05,0.958055875091442,0.00094885657306247,0.040895646746995,2.95902485933338e-06,1.13725793843304e-05,3.14766259247474e-06,3.78644134923821e-08,2.40510776052756e-05,1.48177873249589e-07,2
"19911",0.00170974224873066,0.989439127239891,0.000132081403423094,0.00634758770830726,3.7710695505108e-05,7.54845250467212e-07,5.68368650548431e-05,0.000778687345573966,0.00149254026873565,4.93137952804191e-06,2
"19913",2.10439688125088e-07,8.33538348702368e-08,8.99056199947862e-09,2.1954791066439e-10,1.34964847825347e-10,3.55254431998188e-08,6.79619305069195e-09,0.999511428576161,0.000488222818507709,3.14509689819401e-09,8
"19915",1.8628436001937e-10,4.23430716751761e-05,0.00476846494240455,1.81091923497019e-08,7.99732391703021e-09,1.2428198147596e-07,2.39575215776885e-05,0.00782959953307904,0.987329206746985,6.27760949580089e-06,9
"19917",1.01412795889013e-06,0.000336123806508896,0.000218395167123231,2.2071891396073e-07,1.50958783698259e-08,9.77011018966471e-07,4.44402682419463e-05,0.718785903294918,0.280611465332284,1.44517715405825e-06,8
"19919",4.40091887127147e-09,0.0016804186346987,0.0176429421385526,9.42460401034327e-07,2.19587498371037e-07,1.14494619499996e-07,0.00159876013714109,0.00359675089648135,0.975455283325616,2.45639240722396e-05,9
"19921",1.00474850591189e-10,0.000471090594065475,0.99189751097482,3.05026088530298e-06,1.89134724868097e-08,2.72779625410079e-05,0.000674862386033792,2.01355059848602e-08,0.00689326936020804,3.28993119929878e-05,3
"19923",5.02744982028818e-07,0.000246032726853802,0.100689279787813,0.000903136638114321,6.82747982110974e-05,3.62995096026231e-06,0.897310909926463,1.27727851862282e-09,6.40677632573824e-05,0.000714164386066777,7
"19925",7.4424283920414e-09,5.33391691572993e-05,0.000735766570192561,4.26846590921058e-08,1.03973083352825e-08,1.61211242636598e-07,7.73764007447077e-05,0.184327805618522,0.814803456637196,2.03386854987246e-06,9
"19927",6.26176581291633e-11,0.00162155089558952,0.816041810240283,7.13756447947787e-07,5.18169523384333e-08,9.33452257609484e-06,0.000136926865074969,2.48065831079925e-06,0.182016793761738,0.000170337420410113,3
"19929",1.50211433363174e-06,8.59887749692476e-08,2.30851890117977e-06,1.96215221567041e-10,5.89877792578977e-13,0.293659459158478,1.34738749425967e-08,0.705776324450008,0.000560296653402715,9.44542140718973e-09,8
"19931",6.66189909319801e-09,0.0114400937214274,0.504583043725915,2.49980947182569e-05,2.38631901373572e-06,2.46478998305336e-07,0.000809283116280866,1.84041503163909e-05,0.482845488635131,0.000276049096299863,3
"19933",9.83461619502699e-06,0.93712440719488,0.0126334384964134,0.031553579106182,0.000166057634564948,2.48039682415444e-08,7.33137257858331e-05,7.79598842688889e-06,0.0184241409610469,7.40747253679221e-06,2
"19935",9.78870811622624e-06,0.141851147823743,0.744779373435628,0.011904671699897,3.46182443262212e-07,0.000288077923109853,0.00936398393314222,4.49951442339016e-05,0.0917561681916967,1.44695799045881e-06,3
"19937",1.31287870575748e-10,0.00148465590616299,0.961450840823489,8.4542031816136e-06,2.74374447282036e-06,3.79259077214047e-07,0.00119130636672184,6.51527752595948e-08,0.0348045203039837,0.00105703410884818,3
"19939",2.59607222224338e-09,0.00147191088155812,0.358478820258077,4.03919883897489e-05,2.46547452210496e-06,1.61771670470473e-06,0.351048630244413,3.6090781995501e-05,0.288864013369073,5.60566891944809e-05,3
"19941",0.140441327498943,0.828679388954691,0.000105493885661546,0.018597074950252,5.34069539872155e-06,3.85344953235886e-05,3.60107716375351e-06,0.0101722902014715,0.00195644846088833,4.99780207364971e-07,2
"19943",1.18656939449229e-08,3.09760369602367e-06,2.6301704568223e-06,2.2029262488724e-09,3.85036249858128e-09,2.57211649795143e-08,1.01351990059723e-06,0.950655792228809,0.0493372351536744,1.87683315919007e-07,8
"19945",7.86869452837474e-05,0.904882632007352,0.0108302781604315,0.0799518755505261,0.000518722628467434,1.13968631038821e-08,0.00241649930644466,2.79298906500507e-07,0.00129080286721281,3.02118385121708e-05,2
"19947",0.00220891257806504,0.457110630987493,0.000190924756976425,0.000897763824007873,7.03014891986048e-06,0.00907857342005235,0.000152714241066059,0.517303058982625,0.0130447529218456,5.63813894903239e-06,8
"19949",1.50895285232278e-06,0.00274232263928045,0.0868667780977091,0.0192604916103824,0.000758873893032572,6.64087142856467e-08,0.889770236605437,7.77974873488375e-09,0.000452768707186853,0.000146945305656383,7
"19951",2.10871772201457e-06,0.00093107532748506,0.00855058689730557,1.90730604744964e-05,4.37163752582924e-07,1.70456086197202e-06,0.0465999787178739,0.0988216182203777,0.845067899908825,5.51742532124693e-06,9
"19953",9.7660467389599e-05,0.0240176728692181,0.000500290264361953,0.0685857202905498,0.863077429397147,2.77600218110828e-09,0.000822026051447544,3.51340555547371e-10,1.99313844168568e-06,0.0428972043941011,5
"19955",0.0107538046787665,0.488621965708391,0.00113513683115718,0.154514173022624,0.0195613829984621,2.32700492561794e-06,0.323763588379305,9.0342399291229e-08,1.01651519433117e-05,0.00163736588202558,2
"19957",3.31713005559076e-06,0.0564744533477052,0.00184196953622948,2.82268150512653e-06,3.58618252381241e-05,6.860246323952e-06,0.000217605423682926,0.403713376729893,0.531383054505541,0.00632067857382533,9
"19960",0.0016544378935612,0.743086243698682,0.000104093611289006,0.250173268055919,6.11403457361771e-05,1.13817353104039e-05,0.00475828568602567,4.05829335415663e-05,0.000110473724081578,9.23158532374277e-08,2
"19963",0.0162163878664391,3.66412290059118e-05,1.16897515160686e-06,6.58716913941317e-07,0.00100102309411941,4.61636618827163e-06,9.08741143558854e-07,0.934402344017326,0.00112552796432346,0.047210723029389,8
"19965",0.00849797952828132,0.0306155784562084,0.000161968603315218,0.874362701590286,0.000166017384948382,9.27346376805308e-06,0.0861857497611495,3.32210231941964e-10,7.89825192892159e-08,6.51897313570638e-07,4
"19968",0.000161676304351686,0.00149393784274925,0.00106037117766415,3.15171826006542e-05,1.06516896316333e-10,0.255262717016754,1.48624677037246e-05,0.700981236121892,0.0409936804881839,1.29158310528598e-09,8
"19971",0.00197197447723537,1.6315873850847e-05,3.65922015170874e-09,2.09354817838175e-06,0.00016429410058067,1.37763942326034e-08,7.97969037651966e-06,0.997758694318422,7.57628470886154e-05,2.86770865323514e-06,8
"19973",6.69144744744622e-10,0.00212343424416004,0.3408045165177,1.76680798633354e-06,4.97434847789145e-09,1.42047313169662e-05,0.000333468685076682,0.000122605025068483,0.656596649595591,3.34874960654719e-06,9
"19975",1.27836811083329e-07,0.000246507020983951,0.000717433067967816,2.2105867964139e-07,4.36633969041867e-10,1.37757361260003e-05,3.75311951349168e-05,0.530656307522507,0.468328060370778,3.57543777264639e-08,8
"19977",0.000240151046068277,6.26758700833533e-06,4.42503274937811e-06,2.56855916330369e-07,5.24398678121364e-07,1.79392391648711e-05,0.00044294944712088,0.996437474533262,0.00283952831156012,1.04835484715455e-05,8
"19979",0.060068906875394,0.0975980173150696,2.95038654650773e-08,0.837621723950355,0.00470279290292255,2.58937196797096e-11,8.33602574854493e-06,9.63401415601476e-08,9.05632450656091e-08,6.4973648239462e-09,4
"19981",9.82808031317204e-08,0.597545384348555,0.363447122886883,0.000174969837204689,2.37762141414742e-07,0.000230046068908198,0.000244788432741002,6.40806065858406e-06,0.0383165790445347,3.43652775697137e-05,2
"19983",4.54371257341859e-08,0.157179148459492,0.692584058854601,0.00112053091007509,2.4905686934127e-06,0.00013727443182523,0.142359281874005,2.59185761510871e-07,0.00655558852479453,6.1321753625733e-05,3
"19985",4.79744256998116e-10,2.15491086248343e-05,0.00318444045383086,4.19440457415327e-09,3.67852847212625e-10,6.64426239751246e-06,3.32290674793449e-05,0.0756173425682983,0.921135273512521,1.51598484699292e-06,9
"19987",1.34093381802148e-06,0.405142972976787,0.0420349275089519,0.000818414087784166,5.51316309278535e-06,5.7639991143133e-07,9.41895482697784e-05,0.00139178373035761,0.550500918831356,9.36281967105254e-06,9
"19989",0.000871706343690436,0.0161178490078853,2.51995290135033e-06,0.970237256714747,0.012739300668322,1.78359818872856e-11,3.10528298332778e-05,1.36505882016091e-11,1.91578132031205e-08,2.95293320910618e-07,4
"19993",1.90618952526169e-05,0.0363506786482131,0.0172743971141143,0.0343364407631066,0.00017616769003995,6.95461794859428e-08,0.778043731419481,0.000663844815481354,0.133133722808505,1.88529962729881e-06,7
"19995",0.000806787404367723,0.64732371090086,0.0354004782013754,0.210262838422031,0.000102464863165025,1.45939030282657e-06,0.0468440343974808,0.000411403918931618,0.0588415309407444,5.29156074129852e-06,2
"19997",1.15635703095418e-09,0.000463750386269507,0.279533493998062,2.63267785797013e-07,1.09130659223579e-08,1.10671777224962e-05,0.000169129056001258,0.000226509044434563,0.719544386457053,5.1388543249103e-05,9
"19999",6.89768785562281e-11,0.000109419720578487,0.118087604147759,1.08055876045514e-08,1.4180541051976e-10,0.000350253511679655,1.18065449137966e-05,0.00151423101736329,0.879921908350521,4.76569081449148e-06,9
"20002",0.0275770074088369,1.23579392823141e-05,1.36217859781655e-05,1.7546440412551e-06,8.7817334256786e-09,0.307883908535766,5.79076121682205e-08,0.663854507411537,0.0006561029371413,6.72648071485869e-07,8
"20004",0.000440250208389175,0.967213488476668,0.00441309054118676,0.0221898689601599,2.67736590709219e-06,2.89172707639365e-05,3.10820098549539e-06,0.000120780610614137,0.00558726922291138,5.49142413953301e-07,2
"20006",0.00455094874656907,0.475081841582524,0.00118453844395395,0.060743689156967,0.000345906875983067,0.000665849715437739,0.457032608983248,0.00010387299355247,0.000232830475278781,5.79130264857517e-05,2
"20008",0.0440091558170621,0.00196865387244667,0.00196239077818615,0.0831381632309857,0.000582256652944016,8.0094255668623e-06,0.868173317236068,4.83036748402483e-06,9.3770213088514e-05,5.94524061674133e-05,7
"20010",6.83228845151229e-05,0.201860769170182,0.00418353777143421,0.298130529374378,0.033701253141335,6.93220916680199e-10,0.461708264765181,3.05664976108696e-08,0.000187519308475229,0.000159772324781742,7
"20012",6.23563612348982e-08,5.4076001117025e-05,0.0150965083752229,6.56034147526245e-07,1.18715278261097e-09,0.00707329879977761,0.00162800214169583,0.244197909558245,0.731949149786797,3.35759483374694e-07,9
"20015",0.00385676773543093,0.00526052069735829,1.60069853671978e-06,0.990246780811832,3.47045991934794e-06,3.50028618162287e-08,0.000630811207705443,3.5486407822199e-10,1.2961950700834e-08,6.95402306804471e-11,4
"20017",2.43752359129508e-10,0.000978920575843147,0.256991647560947,8.60051315660575e-08,5.04527794941905e-10,0.00165515447752915,2.73237015661357e-05,0.0009561459948902,0.739381860632559,8.86030325391308e-06,9
"20019",0.0258778089917321,0.00230635780285361,4.71789670640839e-09,0.954836350831584,0.0167760478061203,1.94626422402371e-12,0.000203421600289327,8.18623675093316e-11,3.45961300370758e-10,7.81975355506662e-09,4
"20022",4.19769046443294e-05,0.805628444569702,0.000371629556258761,0.189321058882676,0.00129822023874564,6.89452204022926e-10,0.00331285598523972,9.61988921113187e-09,2.35192534150035e-05,2.28429997811454e-06,2
"20024",0.0132430664984627,0.00431797296129781,4.26146129515591e-07,0.128167719287449,0.853998106839525,2.37673599447185e-09,7.43481995292836e-05,6.74506166630625e-10,7.56096641261722e-09,0.000198349455398169,5
"20026",0.0132430664984627,0.00431797296129781,4.26146129515591e-07,0.128167719287449,0.853998106839525,2.37673599447185e-09,7.43481995292836e-05,6.74506166630625e-10,7.56096641261722e-09,0.000198349455398169,5
"20028",2.52768714244847e-10,4.54627928326131e-05,0.0397112385437628,9.52071851262559e-09,7.15823065849797e-10,1.80743693247721e-05,2.46265910623805e-06,0.0027493634351055,0.95746097832701,1.24093835480129e-05,9
"20030",0.217992560565894,0.365645569104312,5.61856074736874e-06,0.416302679334875,1.39796549958843e-05,1.22078169629966e-06,3.74976648822864e-06,2.2810681654124e-05,1.18086612151383e-05,2.88812167803223e-09,4
"20033",1.78846444965519e-08,0.00976099549464754,0.0171013960175947,4.19495268146261e-06,4.56701765019183e-08,3.75848826764339e-06,4.80424063712564e-05,0.00732845603366549,0.965751032683116,2.06036883535754e-06,9
"20035",0.00255952206366841,0.00198890112133005,1.4902504359817e-08,0.973630952777084,0.0215709087293494,4.53755977497797e-12,0.000249690184819348,5.35925026014368e-11,7.9359457805211e-10,9.36951928105876e-09,4
"20037",0.00378747055413022,0.00143693772771848,1.09682456778844e-07,0.993906523878626,0.000574692669793133,2.1052213941326e-10,0.000294260993695304,5.29113791425769e-13,9.01800876015061e-11,4.19234883704038e-09,4
"20039",8.26947199371894e-07,2.88116224901646e-07,7.0178708466503e-09,6.07309180864311e-05,0.998082052532405,9.21014455366688e-13,1.19469578148612e-05,2.30554972600785e-13,4.12108705785565e-11,0.00184414746803614,5
"20041",4.02957826688286e-07,0.0110081558713485,0.00203722694206122,0.00035768959216594,0.000108652241796477,4.82727272166567e-07,0.98601263399063,8.60803834837178e-07,0.000289090267148475,0.00018480460591566,7
"20044",4.419839005592e-06,0.0838860367779195,0.0041431905955251,0.00267138607302953,0.00140302778076476,3.05446214776073e-06,0.901494118947606,0.000105430563540339,0.00556558887952454,0.000723746080937272,7
"20047",0.475087437967974,0.0054417327535013,5.90261012220597e-10,0.45199799305944,0.0674633127690911,1.57790751065167e-12,9.4840549479117e-06,3.84960690661728e-09,6.80515858289891e-10,3.42730849688447e-08,1
"20050",2.01961420831747e-05,0.00182623252671827,0.000278458012136597,0.0207684005306493,0.432163188796902,1.57142590353885e-11,0.543315454978045,2.40612208802267e-07,0.000196347315569123,0.00143148106997369,7
"20052",1.41627126271054e-06,0.118783377371151,0.061284944167508,0.000326321825113152,8.64711564522228e-05,4.15397392101511e-08,0.0179386589793994,0.00124374062499497,0.799815469663626,0.000519558400753416,9
"20054",0.00163344192750396,0.726559121245078,3.40574075982677e-05,0.271677191281931,1.24678778709988e-06,3.24655060798313e-06,8.77459734809564e-05,2.09835008503955e-07,3.73814422228889e-06,8.46782543397437e-10,2
"20056",1.92718329175694e-05,7.10821929153175e-05,1.27130028522285e-05,2.16770708587855e-06,1.40369058011459e-07,8.62417066398325e-08,1.44950367005314e-06,0.94439785089285,0.05549504522672,1.9303022418294e-07,8
"20058",0.000710452872311807,0.015422071315713,3.74048555238002e-06,0.981463201474318,0.00234381775800041,3.0455122329938e-10,5.66145097695065e-05,2.51528019594848e-12,4.71979753094723e-09,9.6557471079767e-08,4
"20060",3.12566351484266e-09,0.00230407836863537,0.847174772289509,5.11875373189654e-05,4.50666840565075e-07,3.45555593958435e-06,0.000644222541060145,3.23285338224726e-06,0.149788137032385,3.04600292655469e-05,3
"20062",6.08340908042144e-08,0.00929990469083275,0.788926678492076,0.00069844080192527,1.04834970017733e-06,4.53297280387811e-06,0.15883989071483,1.28704408291037e-06,0.0422152833983401,1.28727013179445e-05,3
"20064",5.41402215012262e-05,0.948176396550206,0.000576536174707917,0.0502762889704446,2.28900997324422e-05,4.66952288108869e-09,8.27715879690707e-05,1.96325806258699e-06,0.000808882944680098,1.25523173747231e-07,2
"20066",0.123366761585975,0.0888607912661383,2.02346071768712e-07,0.787664070893813,0.000103702013926663,1.1766683731019e-07,1.99689135250533e-06,1.93424549246139e-06,4.2223434367319e-07,8.56049849702976e-10,4
"20068",8.9439251654839e-11,0.000214420417367763,0.980167553283508,7.58461517307251e-07,3.85891801204592e-09,0.000226380570484444,0.00187453712083962,2.76597077198081e-07,0.0174919172807328,2.41523201159903e-05,3
"20070",8.1039250194255e-10,0.000250973496102233,0.970499602969554,1.55418423537136e-06,1.18413077996524e-06,6.44094848306455e-06,0.00427897445569575,1.33958350933372e-07,0.0172692516804535,0.00769188336595253,3
"20072",0.00199484916614787,0.048612945834694,0.000647737591660433,0.943876971246211,1.14086770965613e-05,0.0012698108930322,0.0035860796998688,2.71062938806194e-10,1.18563504996564e-07,7.80567210363954e-08,4
"20074",9.07298547196786e-08,1.2686990076376e-08,7.71645433242572e-08,2.59827210925809e-11,2.19415610529043e-12,6.52124864439347e-05,1.61789483959713e-08,0.999500656929283,0.000433930782122763,3.01363639960464e-09,8
"20076",0.000307918439287592,0.0775144484170747,0.00308872226003624,0.000107361522733809,2.11263230873298e-09,0.373138304089203,0.000168856442086482,0.485765068304806,0.0599092562658258,6.2146313584888e-08,8
"20078",0.000503166338332317,0.955122785006673,0.00177217129599898,0.0406786186542923,0.000403475014764318,2.95912306693737e-08,0.000962936665101043,1.41478634806364e-06,0.000516181455607327,3.92211916521516e-05,2
"20080",0.00294569295818524,0.0119378871771949,4.88602352768459e-08,0.976459799377247,0.00852337898630652,8.07885859291855e-13,0.000133176031667858,2.39585627595103e-10,8.28216929799241e-09,8.08660026914519e-09,4
"20082",4.18751418169256e-06,7.26984129461483e-05,5.14450495456882e-08,0.000240775554115043,0.998590991323944,7.15200773723849e-14,1.66664296324292e-06,1.94570365336622e-10,2.74736166214266e-08,0.00108960143854172,5
"20084",0.0112923209735655,0.97030580637137,4.19782218417128e-05,0.010824048078801,0.00270573108668376,6.03131770732790e-09,0.000135147943199293,0.00207861163422508,0.00255235453485537,6.3995124140438e-05,2
"20087",0.00102330135543998,0.396895382700839,0.0403430731311079,0.520308290991786,0.000196646973348282,5.70517462620318e-06,0.0411488528439872,6.02535188615164e-09,4.54800074373901e-05,3.32607960761217e-05,4
"20090",0.000860218199165629,0.00384171792089062,6.8084096235854e-07,0.836347603517544,0.113422734015194,1.69196033222545e-12,0.0455265457903137,1.26018452224723e-09,1.0877975642518e-07,3.89674296770074e-07,4
"20092",4.0058805818487e-07,0.00270919030348081,0.0273135580490783,0.000224724381185199,0.00410860452350258,1.39286824588532e-05,0.0167892843590446,6.29271070682913e-11,3.21894504672072e-06,0.948837090105218,10
"20096",2.69417405866545e-06,0.0149041432984213,0.0115246480930829,1.97079418097583e-05,0.00345750713952344,1.83099043596043e-07,0.0156279257572479,9.12102489261589e-05,0.0189086717923571,0.935463308455529,10
"20098",1.50170911531988e-09,0.00109671355643338,0.00997378384612394,7.47590976277343e-07,6.66284578656963e-08,2.50935246140057e-07,7.06663492602748e-05,0.00410733722495166,0.984746811224814,3.6211420271045e-06,9
"20101",0.0651222398178707,0.374049772306372,1.90688769794172e-06,0.547132568805363,0.0126286485419473,1.67967593661759e-10,0.000994851563721631,3.16544447608344e-05,3.78937195927765e-05,4.6374470586162e-07,4
"20104",7.12802290806126e-09,3.32548950682977e-05,0.00746623421473978,1.01840179740299e-08,3.40204181766175e-06,0.00411800259457497,1.15907899582204e-05,1.54635781638958e-06,0.000356318602984328,0.988009633190999,10
"20106",0.000976682575743971,0.254662833168788,2.67993805825084e-05,0.734567976984469,0.000281295818401341,5.02220579621686e-10,0.0093855754861676,3.63626971465211e-06,9.51908034666433e-05,9.01044587207147e-09,4
"20108",2.20806233806388e-08,0.0071124558889592,0.222669275250493,4.65215369060988e-06,1.25806650010899e-08,5.07237779912283e-05,8.03416708744899e-06,0.000573044832476438,0.769573656500952,8.12276706158466e-06,9
"20110",5.43167205357032e-06,0.00439640130801599,0.0088590442652275,8.21705156737401e-05,0.0113881557581418,1.19198483014426e-08,0.50079640609395,0.0086260399899359,0.350825265834322,0.11502107264283,7
"20112",0.000249856097176427,0.0370716010948664,0.00139917345496534,0.530682151477442,0.0220967283118663,9.6665674361539e-10,0.408116632257432,3.47696716454723e-07,0.000367824935308802,1.5683707569198e-05,4
"20114",0.000356772745311533,0.986089040977946,0.000131242006450253,0.00345795699710871,9.36414797004138e-05,3.01585466086171e-08,3.85102019645428e-06,0.00165837695472297,0.00820318077382821,5.90688618909306e-06,2
"20116",0.00404181444921078,0.978516817172451,3.04884861702657e-05,0.0150216019368346,1.04743757202043e-06,2.51376504646532e-06,1.56239880677146e-05,0.00157325669805342,0.000796829839518331,6.22707518499698e-09,2
"20118",1.40126244982628e-06,0.687758397014421,0.01045174973539,0.000315297246153683,1.03570836055808e-05,1.04869279234702e-07,0.000130446956384361,0.00149038398246934,0.299818434029503,2.34278203441458e-05,2
"20120",0.000421635721550432,0.458121771742374,0.000114585652445941,0.369769023073993,0.15909081905193,5.8881238145505e-11,0.00995695664787287,5.4376898975844e-05,0.00245508185716857,1.57492948072486e-05,2
"20122",8.61224439117072e-08,4.4427569673666e-05,6.60295126848822e-06,6.96101787086825e-09,1.62308743083414e-10,3.90678177659751e-06,2.0109700306945e-07,0.968605772475097,0.0313389757734311,2.01059796029027e-08,8
"20124",0.0125566851752723,0.130797879463327,4.50052374770275e-06,0.849839235601052,0.00604181108752013,8.98489899472979e-09,0.000757005389713648,3.0211531114459e-11,6.61486067061821e-09,2.86712939600569e-06,4
"20126",0.00102375463837516,0.00190472644643658,7.53085518785626e-08,0.000457578510254385,0.950564596846775,7.13076773630753e-09,4.9840193257374e-05,1.58918587737941e-08,1.26230284976965e-08,0.0459993924106947,5
"20128",0.0530501416930874,6.33023809375655e-05,1.52536743081376e-10,0.0228331397038449,0.924022523242226,4.27266075232894e-12,1.95524514633461e-05,8.58528070990874e-12,4.08647220992028e-12,1.13403589601056e-05,5
"20141",1.91735493652127e-09,0.00150879878493103,0.0139424291413349,4.69160668645892e-08,4.5271564486294e-05,5.24446199304584e-06,1.68400011447816e-05,0.0015382230801168,0.231838391414615,0.751104752717957,10
"20143",2.60228497296283e-08,2.05461664681892e-08,1.7335337577789e-08,3.00920283453279e-11,7.19746013989586e-12,7.96073050179315e-07,2.28373152013125e-09,0.999460954750348,0.000538181534598674,1.41662834387911e-09,8
"20145",3.33158917506134e-05,0.51116644389748,0.000598457823050783,0.470383530881274,0.0111646538885644,4.43631161625717e-11,0.00643749647231916,6.03673958571116e-08,0.000211539580774966,4.50115302645066e-06,2
"20147",0.000134114605002405,0.843810526785085,5.30715207517229e-05,0.155596608132872,0.000129986363275657,5.50864688474237e-10,0.000255873061884439,5.61704430684117e-08,1.96845196906343e-05,7.82901307061857e-08,2
"20149",1.37994322278074e-08,3.34218656877845e-06,6.09231029313993e-06,5.63490200437623e-10,1.4798779875324e-10,1.99943445509194e-06,3.43209151095377e-07,0.964578263109283,0.0354097729684981,1.72270840147053e-07,8
"20151",3.7252943055038e-09,0.000813484682095425,0.0314836027667534,2.25225773428918e-06,3.64731156019599e-08,2.69598179214416e-07,0.000126572239896295,0.00135501235709265,0.966216846802391,1.91909744780874e-06,9
"20153",2.27120316438912e-07,0.000805659740262512,0.00206421004982235,9.03478128497825e-06,0.000324838319888277,1.03759782286445e-09,0.00123679953813058,0.0226997620308113,0.9716383350054,0.00122113237648619,9
"20155",0.00048581389761086,0.239671208555841,1.84975580872019e-05,0.696377630824663,0.00044690668740759,3.80929857151549e-09,0.062998814249234,1.01167425072811e-08,1.07011627326714e-06,4.41848417208448e-08,4
"20157",4.89309530357564e-09,0.000170237269764543,0.00429390349487022,4.31342859467779e-07,6.64406584317524e-08,1.40908349829297e-07,7.01904347697948e-06,0.014016287275762,0.981508476722416,3.43260874777414e-06,9
"20160",3.4281466660795e-08,7.50645422939167e-08,3.07724146778112e-08,9.94468999919379e-11,3.83310454332643e-11,1.10402610289635e-07,5.02708088039361e-09,0.998721603468838,0.00127813776725838,3.0780107489123e-09,8
"20162",1.46477685086986e-09,1.63777299875808e-06,4.16111345563011e-05,4.14621664779899e-10,6.0278410483493e-11,3.23262381626875e-06,1.83324220380195e-07,0.810156791357134,0.189796436068157,1.05779440807614e-07,8
"20164",5.48438809218432e-07,0.000139964343929614,0.00122587203191803,1.10597938313272e-06,3.7657174370692e-07,6.023405310605e-07,0.00112629155629991,0.34804007204191,0.649445203403225,1.99632922500832e-05,9
"20166",0.738913715660067,0.034162102527691,1.7016931184003e-06,0.226587380330739,2.89091187639911e-06,3.14131034086153e-05,2.61501918546808e-05,0.0002677944867655,6.84994980935299e-06,1.1446704055795e-09,1
"20168",0.240969233881532,0.000105444984949657,1.7217955538391e-06,6.35720147418588e-05,5.34640954022927e-09,0.758278333691847,1.52789702005022e-06,0.000579163236493727,9.82998447566028e-07,1.4153004021546e-08,6
"20170",1.98574209823125e-09,0.00288440775628714,0.00601822952903821,2.52066941026667e-07,1.9835132661069e-07,8.26658971308282e-08,3.33856261279148e-05,0.00712580753905928,0.983891427133922,4.62073456587687e-05,9
"20172",8.4782934515058e-06,0.539957945894086,0.000618193151355725,0.457169486735696,0.00148490852744733,9.03101824556673e-10,0.000756545707960147,8.52538671474802e-11,2.81634485602455e-06,1.62435679190447e-06,2
"20174",1.27032545161927e-09,8.00980293113259e-05,0.0879538304002894,1.56542784354455e-08,2.86968816265352e-11,0.147057766627531,5.72973446995791e-06,0.02355921700244,0.741341846229867,1.49502279042047e-06,9
"20176",8.57339548982138e-05,1.02063226132177e-05,5.17950126482576e-05,4.90148478535238e-06,1.19333871543549e-10,0.999844826384601,1.43582443447505e-06,4.9732820816749e-07,5.9483617491268e-07,8.73230243323377e-09,6
"20178",4.99693713179432e-08,4.92530537299639e-08,1.0658684443437e-08,1.06425930295831e-10,9.22353670372645e-11,3.84163787655992e-08,6.04743029346552e-09,0.999344921811391,0.000654920515288753,3.12974078701418e-09,8
"20181",0.260021669317296,0.469801518775269,1.47031925390544e-06,0.267423022772593,2.58247588051136e-05,2.19439463026545e-07,1.17082345661658e-05,0.00261081542909985,0.000103749232921245,1.72073169639342e-09,2
"20183",2.02486846973422e-09,0.0321782474123589,0.949204903997504,0.00017151826714592,2.97214039684838e-05,3.96159759471182e-07,0.00160689217307164,2.86400421835507e-08,0.0145417835373223,0.00226650638395848,3
"20186",1.59183993284525e-08,0.00278761909880281,0.992025517569336,0.000507119268958013,1.23824319402784e-05,9.38367350400053e-05,0.00238404327051796,5.03746702983105e-11,6.18178357754582e-05,0.0021276478208553,3
"20188",1.61885787923328e-08,1.5966062990915e-07,7.43904033457216e-07,2.88236342533032e-10,1.48976417660634e-10,1.18586902979051e-07,5.43731010828885e-08,0.98615931972022,0.013839561404899,2.57244224975131e-08,8
"20190",0.00130305398347643,0.0270257414475112,1.40289182337897e-06,0.971557573817544,5.06865381651582e-05,9.43187174373191e-10,6.13402516723564e-05,4.64752801122339e-09,1.95078324194751e-07,4.00768255422348e-10,4
"20193",0.0835096088283834,1.03082050907039e-05,1.44975806836952e-06,1.48955736718601e-05,9.10587849839767e-09,0.00436014202620366,4.20125794721455e-05,0.911808849841372,0.000252714188400773,9.89345816937979e-09,8
"20195",1.17389648633801e-06,0.00120512164500984,0.00338352243715656,2.01972192806695e-05,6.43767688094737e-07,2.9321033166893e-07,0.00261708836649946,0.0906266833746745,0.902142991403963,2.28467890956143e-06,9
"20197",7.98484071466791e-05,0.304375080475237,0.000534818438417933,0.67914730112547,0.000645502410934827,3.8576279189558e-09,0.0152137683660314,3.9982910220791e-10,3.10924994505833e-06,5.67269359889684e-07,4
"20199",1.68965375631618e-09,3.60272472127139e-05,0.000677839452854277,6.77692806510855e-09,2.25711369893235e-08,1.54347301539262e-07,2.75174933719755e-05,0.158040411761802,0.841195993987276,2.20246724629986e-05,9
"20205",7.83011486787129e-08,7.99779108404953e-06,1.81973009518088e-06,3.17320812418139e-05,0.941852741824403,2.16282336591785e-12,0.000758878221820717,3.00891027621083e-11,6.36315901907545e-08,0.0573466883863646,5
"20208",3.70656989962032e-08,0.0109635900614746,0.190063966899109,5.46377512883348e-05,3.50458014744336e-07,8.24374791263819e-06,0.00163021297740268,0.000506082160659462,0.796766608791451,6.2700869892717e-06,9
"20210",1.42113154708191e-09,6.82864929984252e-06,0.000159732603717716,2.29712767836626e-09,4.90634994914571e-10,1.01364706375196e-06,1.06694275768946e-06,0.489861805273406,0.509969218069832,3.30605028372223e-07,9
"20212",6.47337062054381e-08,0.000197534752390734,0.0019106329804002,7.56477431057302e-07,5.8976991579233e-08,6.12293263983352e-07,0.000118490852366082,0.102327280660571,0.8954432308916,1.33738127949891e-06,9
"20216",0.000178212144460384,0.810018894768226,5.86402838296213e-05,0.189548755460942,6.45850133528958e-05,1.49614407462709e-08,5.25624710421983e-05,1.43451952717611e-06,7.68777717329323e-05,2.26054462899127e-08,2
"20219",0.00100663383591838,0.16857177648421,0.000338319826151782,0.0491691962191911,0.752608641010224,9.63972657728825e-11,0.0153566434203961,1.60169463343202e-06,0.000357327686384909,0.0125898597264928,5
"20223",0.139771999118506,0.00048818461378476,2.74178682863459e-06,0.858936725532677,6.05143037707024e-05,0.000106249689069496,0.000633540663934546,4.3000926535554e-12,1.12019797017694e-10,4.41751093987283e-08,4
"20226",1.4605216805178e-07,0.000693154397485783,0.00667066949655152,0.000431532543524472,3.54768875037694e-05,7.73702092276007e-09,0.98818828522127,2.27290001215458e-06,0.00396783154890974,1.06232155531683e-05,7
"20230",0.00267799737822415,0.0096346023926697,5.78757654347565e-07,0.987419129703184,0.00024997172405562,4.46149765266019e-10,1.7696959996544e-05,2.78398337096581e-10,2.04951214126964e-08,1.8645464572836e-09,4
"20233",1.82691496320359e-10,1.19973582022669e-08,3.83491429586733e-06,2.70512926166479e-10,0.000175777877453641,4.80605407866167e-10,1.28261935671259e-06,8.5982929036356e-09,1.8993493911244e-06,0.999817183710042,10
"20235",0.015831822863967,0.0469717247805381,0.000301836701478585,0.814463803013439,0.0306229270942545,2.22175593870419e-05,0.0913576797451191,6.34144949057438e-11,3.3121365438015e-08,0.000427955057036964,4
"20239",0.0158623752624658,0.38186091963244,0.0185225788199814,0.402292313829603,0.000131086789217401,0.00101901723435982,0.180245355465276,4.1720475601305e-08,1.35795161132391e-05,5.27317300669387e-05,4
"20254",1.73732746975841e-06,2.08232779345697e-05,6.83973863483559e-09,0.000384509474825473,0.999374768526748,6.8468115727057e-15,7.47360067693482e-06,7.52276520349955e-12,1.21465689890682e-09,0.00021067973041999,5
"20256",0.00103459774994357,0.454492115928395,1.47665184620394e-05,0.54384730906969,0.000464595836418625,2.36009146697084e-08,0.0001462276360087,3.74224917547493e-11,2.58406109216041e-08,3.37782134300457e-07,4
"20262",1.72837373694974e-09,0.00048891984239313,0.00229848879165428,1.3508295017925e-07,1.39043329766569e-08,1.12900013230037e-07,8.66945943470326e-06,0.0214284869813219,0.975773734683571,1.43662595517129e-06,9
"20270",0.295279290908565,0.0969156249236084,0.0056726770552594,0.596545925583206,1.17553966597938e-05,0.00102239570311436,0.000197648839347986,0.000750429020017114,0.00360408981228354,1.62757938303381e-07,4
"20284",2.12381217197146e-07,0.00723779360311432,0.462809564843834,0.00214569826895233,0.0696738217792936,2.13846297542861e-08,0.0327387653568941,1.38065233353968e-07,0.0165168260597134,0.408877158257118,3
"20287",0.0310420909526852,0.000507518737563047,2.85685759844474e-08,0.96781647312966,0.000193375713726366,1.25133501028667e-09,0.000440511079844155,4.39193126916289e-12,5.54411430582416e-11,5.06776984819331e-10,4
"20290",2.02822345753571e-07,0.000240145821186169,9.5872644492042e-05,0.000353270779150531,0.966715585497006,6.14264716393061e-12,0.00446867756568287,4.16471096597372e-07,0.000310817018558494,0.0278150113743395,5
"20293",2.1109450915335e-06,0.987891120334829,0.000912098360643433,0.0109688524066503,0.00012621180083076,7.59412896167853e-09,3.25379913689843e-05,9.86035930699545e-09,5.90882767254104e-05,7.9624293720064e-06,2
"20296",5.94111513562027e-05,0.0694929974327173,0.0369983042506451,0.0001457029791059,1.74766385691231e-09,0.0150349046008323,0.000238673307776295,0.247972307625415,0.630057621518608,7.53858805022591e-08,9
