"","V1","V2","V3","V4","V5","V6","V7","best$classification"
"19812",0.186796585467566,0.0518308637754214,0.691205284369365,0.00574986800753287,6.52640575881586e-17,0.0644173983801146,8.29938370201806e-101,3
"19814",0.000122812200187793,0.00403056250289941,0.186604970675576,0.01467843371745,7.52962732866855e-06,0.794555691276558,4.43166837836964e-50,6
"19816",0.780969983968263,0.004973054764193,0.156894845845889,0.0571613460406888,7.69380967021025e-07,8.39932191566036e-18,4.18540777620738e-100,1
"19818",0.000230442963341177,0.0155226229504807,0.859876509011314,0.124072276508844,3.28443284813968e-14,0.000298148565986784,0,3
"19820",0.410419554871601,0.0194164794330964,0.570058381287759,0.0001055844075432,1.34738489402925e-17,7.83577126079509e-61,0,3
"19822",4.86863671890121e-08,0.975599300564193,0.0243989017629553,1.74898648439767e-06,1.26029275330667e-100,2.39916841828874e-55,0,2
"19824",3.72494408128889e-10,0.245852506725833,0.269539947023181,0.484607545878492,5.54559250853735e-47,4.85337093204931e-37,2.45388399350911e-306,4
"19826",3.02220025103132e-06,0.0567033248892599,0.364155770050332,0.578815132451543,6.68075110164571e-23,0.000322750408613735,2.93526235142723e-189,4
"19828",0.834788948468768,0.00926785522045614,0.155689234923282,0.000253961387493493,1.15591812290168e-24,2.05979235417206e-29,0,1
"19830",2.211580798861e-13,0.909397394870286,0.0368763331416101,0.0414162046886966,4.76252397773877e-51,0.0123100672991865,0,2
"19832",0.395013841344343,0.599739733273654,0.00524642405996605,1.29219857934806e-09,4.25688883497597e-65,2.98380827456478e-11,0,2
"19834",0.0914229983319419,0.0865899978529812,0.817273690836163,0.00471331297879243,8.10697459316306e-49,1.21088748029409e-13,0,3
"19836",3.16203144575948e-05,0.0419378469545903,0.778364223132383,0.179666278209155,1.40586251354566e-28,3.13894139962208e-08,0,3
"19838",6.97501334300728e-09,0.00573445265877594,0.0111707934079884,9.19591948046695e-05,7.07047055455779e-10,0.983002715989994,7.10663762850853e-08,6
"19840",0.00105144842474634,0.048848139530791,0.835609434009612,0.114490978034822,4.87590360573315e-36,2.91185506186875e-14,0,3
"19842",5.07762422288584e-38,0.00779638212405277,2.38826989052802e-11,0.343139697106048,3.48693404128575e-05,0.649029051405596,8.54648299121424e-15,6
"19844",3.02635096497116e-60,0.0116598088934865,1.7719506441716e-19,0.988340190939147,1.67366071234189e-10,7.59024531819165e-22,1.54501910131776e-125,4
"19846",2.28386236608786e-29,0.000966100425527145,1.53845450217857e-08,0.0402914090403121,0.231274157860008,0.727468317289608,3.51153427533401e-41,6
"19848",5.3361312174647e-21,0.000278635011049193,2.51325225404715e-06,0.00646390529906178,0.0130533598931089,0.980201586544526,1.06490221814141e-61,6
"19850",1.10118765553741e-16,0.0285433663797382,0.00103796112456098,0.269495935137695,7.60284282667096e-21,0.700922737358006,0,6
"19852",0.153592775241438,0.0150285175835408,0.748843811295658,0.0825348955935659,1.84277402610703e-29,2.85796679318659e-10,0,3
"19854",6.53036360234006e-19,1.26491042073738e-07,3.17284915639973e-08,7.89877299282854e-07,0.000213837109291807,0.00092518939221768,0.998860025401658,7
"19856",1.94073774156539e-30,0.0284723889718564,2.7232661182684e-08,0.971527583794535,2.47439389382353e-41,9.47498103328492e-13,0,4
"19858",8.35778338906882e-23,0.105510751255343,1.23451852783883e-05,0.894476903559379,3.19962696672487e-47,2.03786205672873e-23,0,4
"19860",0.271391393208973,0.0201541949387339,0.65792607916526,0.0505279568173811,4.24482858019657e-32,3.75869651648548e-07,0,3
"19862",3.75794971913995e-33,8.26456316420802e-08,1.77763432666794e-12,1.29591312916729e-06,0.000894089090106342,0.000138999805886297,0.998965532543469,7
"19864",1.97466732360914e-66,0.11373435245613,5.95452547714597e-21,0.886265647543869,2.20542329638414e-19,4.27034765365997e-26,0,4
"19866",5.11068969324298e-08,0.156151656340936,0.227686794115225,0.616161498436942,1.57576291344931e-53,5.74853813716224e-29,0,4
"19868",3.26252846444521e-33,1,2.29784223467839e-17,4.55940786815126e-21,3.02888026436801e-92,1.31812997498302e-22,0,2
"19870",2.43064331775493e-13,0.0388370394882464,0.0205775015423384,0.208853792997474,1.11967674821674e-16,0.731731665971698,0,6
"19873",9.27517757040712e-07,0.0525017603969951,0.590884665850274,0.356608877497275,3.96903646962007e-50,3.76873769882378e-06,0,3
"19875",0.95126335931518,0.00990689156589957,0.0380148904589173,0.000814858660003298,5.58107017437944e-34,8.37154067384435e-22,9.28322813732136e-194,1
"19877",1.46644169869113e-06,0.0420217149496211,0.654685265214189,0.29295143409702,8.24424883924872e-30,0.0103401192974715,0,3
"19879",4.0025554894298e-05,0.0431980124499787,0.874278207991864,0.08248375396876,1.48672991851599e-58,3.45031671537591e-11,0,3
"19881",1.65786845099522e-11,0.0435972110020483,0.0370085210974667,0.919392143610293,1.74977774479692e-42,2.12427361290699e-06,0,4
"19883",2.98180219330014e-14,0.0156217629585953,0.00193969070096409,0.967423504067579,3.52320059235422e-11,0.0150150422375994,3.22786603651042e-84,4
"19899",1.30951911396773e-06,0.108810952777671,0.867060521959896,0.0241272157391816,1.36299825192908e-61,4.13766521165086e-12,0,3
"19908",7.137671041481e-45,0.956823687819198,1.0770562203523e-12,0.0431763121797256,1.19065299678044e-97,1.63201508494129e-30,0,2
"19910",0.0127051308616562,0.00998571412276754,0.836971731844542,0.140337387590524,1.08849266648433e-22,3.55805104522379e-08,0,3
"19912",8.63439455717927e-36,0.00968498809124417,1.97384771910854e-10,0.291876137766962,3.19710327316964e-11,0.698438873912438,3.38166608894466e-24,6
"19914",0.000219009191275945,0.052887550068314,0.910539973634373,0.0363534670845669,3.54810604183781e-79,2.14697731700768e-11,0,3
"19916",1.43829930808493e-28,0.39033396990817,3.76439251540585e-07,0.609665653652578,1.2580971378238e-76,2.02319341290189e-47,0,4
"19918",2.18420618049086e-17,0.0131809567991286,0.000229246713755265,0.688997117077959,1.16717509067472e-07,0.297592562691648,1.01952900028579e-68,4
"19920",1.51646815151134e-25,0.00471202663119133,1.58082670625941e-07,0.257969519571818,0.11804817826019,0.619270117292813,1.61317377475966e-10,6
"19922",0.030542363691276,0.969444271443169,1.33605338189259e-05,1.33386011978203e-15,5.59418471354328e-33,4.33173497696434e-09,8.57960908987419e-84,2
"19924",4.13768664534174e-08,0.0505173750560251,0.240965865228448,0.708443052596119,1.99902768313851e-31,7.36657425418173e-05,0,4
"19926",6.78272564591407e-05,0.221922994940166,0.775093601813456,0.00291557598991649,4.84391496294255e-92,2.7014412915593e-15,0,3
"19928",3.59046896889136e-96,0.084713395138693,1.04049559024591e-32,0.915286327945953,2.76915354366991e-07,1.02814056272579e-17,9.18419007502505e-119,4
"19930",4.38101477440849e-06,0.00209156910157442,0.0776860997171268,0.00242567639378996,3.35782925204575e-10,0.917792273436952,1.19818780452533e-122,6
"19932",7.58970026779542e-15,1.6057221148171e-07,5.29860696590801e-07,9.07125982485256e-08,8.40106362507867e-07,0.000248121680597819,0.999750257067526,7
"19934",0.613649718644277,0.0391657905687723,0.338018060072477,0.00916643071447376,1.84525673206404e-31,1.89642019449529e-16,0,1
"19936",0.00151867998965022,0.0633030356632885,0.918503893334046,0.00924998999778797,1.78888177969368e-39,0.00742440101522759,7.61814831096535e-304,3
"19938",1.13237201101297e-06,0.307427728021741,0.68262636631676,0.00994477328948784,3.08649859429333e-120,6.15392835905988e-42,0,3
"19940",2.6478339767485e-07,0.0176828158454506,0.253545503072725,0.728769295526546,1.2704463697938e-18,2.12077188049268e-06,0,4
"19942",2.40359538991695e-66,0.00848224748315972,7.92937545884643e-22,0.991517752511813,5.02669169562461e-12,3.39851147837081e-16,3.99355828712261e-116,4
"19944",0.0231816289351594,0.0199018002886793,0.760915353738054,0.196001217037767,1.44480667947303e-42,3.39717355312619e-13,2.85002721979968e-261,3
"19946",1.54872538649245e-05,0.0411580224068335,0.546282960907341,0.412543468045705,2.34936157296588e-45,6.13862561483173e-08,8.38868428528766e-294,3
"19948",7.35945314454599e-62,0.00412280597974338,3.93853644405972e-20,0.943236993308308,0.0526402007097383,2.21046089165248e-12,1.5131745146931e-54,4
"19950",1.03449939074581e-42,5.89841843925503e-07,7.21921989428565e-16,3.82301291535545e-05,0.999949832944819,1.13470841823861e-05,1.69341441581143e-20,5
"19952",7.35945314454599e-62,0.00412280597974338,3.93853644405972e-20,0.943236993308308,0.0526402007097383,2.21046089165248e-12,1.5131745146931e-54,4
"19954",1.35642255458591e-09,0.00048664318184699,0.00631196061548917,0.00135481122325832,0.000452817768572015,0.991393765854411,2.55387179504622e-89,6
"19956",6.37625202456356e-52,0.463566790236251,2.84369359203146e-15,0.519299143549234,3.13549498410653e-40,0.0171340662145123,1.38539627651294e-142,4
"19958",9.6325955203277e-21,0.999999999999938,6.19743606458293e-14,2.19335402292814e-22,4.7450386933345e-67,2.75013050401193e-17,5.42041717533712e-117,2
"19962",1.37926291207351e-10,0.2363113030483,0.167821330091357,0.595867366721324,1.04496493020468e-58,1.09312668653462e-12,0,4
"19964",1.66048341328593e-11,0.0748664806119251,0.0811385703273853,0.843994927423605,6.4563637963335e-44,2.16204798383481e-08,0,4
"19966",3.62473250150954e-07,0.222793180164374,0.669695361621359,0.107511095741017,9.52435514253426e-60,4.17019521382989e-42,0,3
"19969",3.2193489487016e-12,0.0406514006820044,0.0206365563728612,0.241232306061211,2.96911903806248e-28,0.697479736880705,1.09502969541233e-120,6
"19972",2.17053659833481e-29,0.0192321892772857,1.14175404603638e-07,0.980596537496469,1.90745764664115e-22,0.000171159050840934,0,4
"19974",1.92056857681051e-59,7.03204414169424e-06,8.68690273377855e-21,0.0010846579836493,0.998759934770456,0.000148375201752824,1.14899791438638e-59,5
"19976",1.57465208256441e-09,0.0536334563598565,0.118601039171691,0.827730899128528,3.52416337667084e-32,3.46037652715592e-05,0,4
"19978",0.00497588634195163,0.0162712235862911,0.746247534977937,0.232505355089295,9.35881124716051e-13,3.58918193284381e-12,1.42559420459668e-256,3
"19980",9.89362650201382e-26,1.26080057596564e-07,4.01064759615322e-10,1.28291416403312e-06,0.00108234617361325,0.000354928528952013,0.998561315902148,7
"19982",7.70048807494499e-21,0.252715591568636,0.000151456938007228,0.746902691444976,8.64356347549488e-36,0.000230260048381363,5.58496784118683e-287,4
"19984",1.24932249169701e-39,0.00620162570351651,2.87911792888345e-12,0.993798374252435,5.34267075432754e-13,4.06349215682371e-11,1.07413444400679e-289,4
"19986",0.0770069120520369,0.0401706579138314,0.882206818767077,0.000615611267054189,6.29074156375437e-54,1.19155673780634e-52,0,3
"19988",0.170774129073249,0.0799635830842388,0.749243821823832,1.84660186802916e-05,2.31257497460547e-32,8.04787777259217e-64,0,3
"19992",0.185926522273856,0.0414020957594262,0.771736844851557,0.000934537115160228,7.21529023300087e-31,3.43843772549283e-49,9.47389353955745e-317,3
"19994",8.04633633251755e-05,0.00227815579144439,0.0781943021387785,0.00078876949739659,4.77985958656196e-06,0.918653529349469,2.87043309540628e-177,6
"19996",0.852546677701323,0.00556068404305213,0.141160364800092,0.000732273455532181,7.42035513205421e-16,2.71159436892944e-45,0,1
"19998",3.08346751123796e-26,0.106656747912721,1.03368256388316e-06,0.893342218404714,2.23098628146341e-68,7.77713839757623e-16,0,4
"20000",1.20019710278818e-22,0.999217898896181,1.68119383470596e-06,5.70473687343e-06,1.47790190220085e-55,0.000774715173110999,7.41808487883173e-168,2
"20003",0.00272395927455959,0.0259647759672573,0.485139691699304,0.00469485804574918,7.52690921780799e-13,0.481476715012378,1.78997502877989e-60,3
"20005",8.32513087432372e-28,7.87426405749349e-05,5.41501957748092e-09,0.00467358342600792,0.572317188857481,0.422930479660916,4.34277979285073e-86,5
"20007",0.000403158677763803,0.0294329796832689,0.951068205384435,0.0190956562544337,1.66655604994494e-59,9.86415898968103e-14,0,3
"20009",2.89188769444607e-11,0.639580157506795,0.200112955570105,0.160306886894181,3.75959221537402e-90,1.15092847732143e-43,0,2
"20011",8.77598604556865e-18,0.027785827094885,0.000524543930658892,0.971647975093182,4.58274471720698e-30,4.16538812742912e-05,0,4
"20013",1.1683649489164e-11,0.00970582855015819,0.00747971855471332,0.121344831731671,4.57779268272501e-11,0.861469621105996,1.90014991070749e-200,6
"20016",6.68106726712147e-07,0.606133019271899,0.392732902125504,0.00113341049586961,1.061397996119e-84,1.85281514865565e-51,0,2
"20018",7.68446775147093e-14,0.999999999995939,3.98444710477992e-12,3.95338473548383e-24,4.13784452609052e-87,8.49400745942829e-71,0,2
"20021",0.935655064401747,0.0116266671598998,0.0522375839025193,0.000480684535833538,5.92505929221702e-30,1.58320525711244e-18,5.20536141416972e-178,1
"20023",0.0476047099031191,0.0419835619958661,0.86771451067368,0.0426972174273352,5.60943495209297e-71,4.18504760478004e-18,0,3
"20025",1.27959129416247e-06,0.999941577239965,5.71431687112661e-05,2.92135505629429e-14,5.95392977725342e-138,1.37598871810825e-51,0,2
"20027",5.11406213166284e-22,0.00751633675528746,8.6759770472241e-06,0.0968026432041569,6.90158162972496e-08,0.895672275047692,2.47032822920623e-323,6
"20029",2.46818657252463e-24,0.00139930893578259,2.66850772090019e-07,0.0427452058612223,2.75714282592334e-07,0.955854942637134,8.06147230044889e-13,6
"20032",2.46258573849327e-12,0.00133948576351712,0.00142646296082984,0.00164740308060596,2.51096979955127e-06,0.995584137222785,3.33059992096085e-49,6
"20034",8.09100878998839e-47,0.00647641052504598,1.44528080066427e-14,0.807835919236891,0.185687668186943,2.05110502295834e-09,2.12530818099325e-64,4
"20036",1.12149697848949e-20,0.316868513085027,9.91071457842439e-05,0.683032367007022,2.96516563246448e-45,1.27621668226413e-08,9.30986051284753e-264,4
"20038",0.97563972733812,0.0141474461689359,0.0102066303120413,6.19618090234593e-06,3.02898533645258e-37,1.14609354043196e-28,0,1
"20040",7.24314274572222e-17,0.999820692921432,0.000172558883472839,6.74819509537441e-06,2.433040036122e-96,7.54882080972993e-65,0,2
"20043",0.974588510054656,0.00890623181260549,0.0162122060976851,0.000293052035053787,7.52650677171717e-26,1.81813704089898e-23,1.01835169731783e-168,1
"20045",0.266403256810404,0.458555037419047,0.275041052084412,6.53686137532084e-07,1.39078754791061e-31,1.76280305312944e-62,0,2
"20048",1.64422446044567e-59,6.26188601527447e-07,4.38031663803098e-22,3.28744156518025e-05,0.999966499376298,1.94488596628657e-11,2.92150805380556e-62,5
"20051",0.0183958487374652,0.136817619573621,0.843258607225762,0.00152792047941324,2.39356480237548e-48,3.983739035218e-09,0,3
"20053",0.000899316376767492,0.0306145810074489,0.63975590359593,0.328730199019854,1.77542009473243e-66,2.16986739622861e-25,0,3
"20055",0.716380848572103,0.208633686602043,0.0749845128972217,9.51928630446544e-07,3.90677840517137e-44,1.72796647660568e-15,0,1
"20057",8.245590012374e-62,1,5.48104934978773e-31,5.13501738094136e-27,7.65768190403031e-70,1.16427509342901e-22,3.41161668090706e-179,2
"20059",3.05257540603432e-05,0.209939064083746,0.781457809925102,0.0085726002370918,7.36829171828873e-96,2.74082331759553e-26,0,3
"20061",0.000193951624801064,0.0371964846055057,0.928977160153532,0.0336324036161615,1.82473421354027e-79,7.07921463757814e-19,0,3
"20063",3.53765892071336e-60,0.67758955927753,1.10729150078511e-18,0.32241044072247,8.15499446412392e-26,4.44221535281181e-46,0,2
"20065",0.955832124961546,0.0441678548584403,2.01800137203905e-08,3.27545202338818e-20,1.76234421738518e-61,1.27628786115123e-42,0,1
"20067",0.309144632445378,0.181196617178004,0.507991154492821,0.00166759588379681,7.98603087819379e-28,7.58695133490264e-32,5.03695719200881e-190,3
"20069",3.35103759827145e-22,0.00033503513972247,9.19828263515531e-07,0.0036705356615634,0.384190037331022,0.611803411958507,6.00809216734775e-08,6
"20071",3.66114916035023e-19,0.385733138426915,0.00058425139570441,0.61368261017738,2.58116232552574e-77,1.17744011014831e-16,0,4
"20073",1.70112566833389e-22,0.0106924972032537,7.17558563094361e-06,0.989293742186151,3.03208267980604e-16,6.58502496379461e-06,1.22676499862382e-320,4
"20075",2.14784567442088e-17,0.999999999999956,4.43015605272423e-14,2.73393650155612e-25,6.1938708355804e-84,4.64417961800537e-19,9.5562044362594e-259,2
"20077",0.00364374387552018,0.0953647543352471,0.7364626792152,0.164528822574033,2.45906892996102e-28,1.24740865786037e-21,0,3
"20079",2.71323906438526e-14,0.59021870785648,0.0188757421263446,0.390905550017149,5.31740416747032e-52,1.26448143673303e-18,0,2
"20081",0.924204233272862,0.0695013018150978,0.00629430005686174,1.64855178889981e-07,2.88997314517213e-44,2.60780978043538e-21,0,1
"20083",8.84751695185069e-42,0.277526906576239,7.21134974143972e-12,0.722473093416549,9.45753650063506e-62,3.39473509918995e-19,0,4
"20085",0.970922811570619,0.0154737538872031,0.0136033736254631,6.09167144082724e-08,1.43899207537532e-31,1.05254009204027e-58,2.52468804447073e-271,1
"20088",0.961285723943861,0.0149350725434847,0.0234546080394249,0.000324595473229537,3.77584976022077e-27,2.28248660659602e-29,1.08999362661041e-259,1
"20091",2.16820564310105e-05,0.999977982034179,3.35909389993879e-07,1.3374132052537e-17,4.58514112092299e-88,1.43813234828374e-25,0,2
"20095",2.81277901230229e-40,0.0472279669051683,2.46703138749579e-11,0.952772033070161,7.14768688934189e-47,5.63005943217955e-26,0,4
"20097",0.977671039259363,0.0180344525938903,0.00429450218848531,5.95826099583268e-09,3.55810001633691e-38,8.32051759467371e-55,4.61765002445376e-312,1
"20099",2.53464811852858e-22,0.0725291193074618,1.25640144355751e-05,0.927458316678103,1.2788294049009e-22,2.32189801172727e-37,0,4
"20102",4.16195593141675e-28,0.999998291378487,2.20105709911833e-09,1.70642045602881e-06,3.32769389235004e-59,1.17934821347507e-16,0,2
"20105",0.101565296922691,0.0343876545759292,0.859224528942409,0.00482251955897025,3.37189382130592e-46,2.208624726399e-25,0,3
"20107",0.202010081313533,0.0168102971072746,0.764540401462054,0.0166392201171385,1.58624578730618e-36,1.41715546297598e-31,0,3
"20109",1.35806507064229e-12,0.0304730844569757,0.0129892878406802,0.956537627693696,7.28993521757996e-12,2.01460064951869e-23,1.37734369349328e-114,4
"20111",1.87381455050066e-19,0.999999992349647,9.39621645578394e-11,3.7514132612237e-17,6.54180918866349e-36,7.55639103772953e-09,9.4497447036915e-276,2
"20113",5.32519217705356e-08,0.140120480487762,0.48576700902505,0.374112457235266,4.29302463742102e-43,1.71213188249006e-23,0,3
"20115",1.35976045216825e-17,0.987730422094295,0.000304015873216244,7.93581084884038e-05,7.45499997280817e-47,0.0118862039240005,3.4668301896505e-266,2
"20117",2.0300406833861e-31,0.999999999968382,5.81403863074883e-12,2.58036594201182e-11,3.12020801045107e-124,5.57789376189996e-40,0,2
"20119",1.59905468244981e-08,0.22401443120905,0.2854409354153,0.490544617385103,3.99238949266009e-24,5.42450737709684e-39,1.38796134173566e-210,4
"20121",0.567856999194219,0.0204736866829365,0.409481406741446,0.00218790738139857,1.27325900231238e-51,2.04175531571603e-39,0,1
"20123",0.000468984327085663,0.999530917322406,9.83505079971857e-08,1.28544333085918e-19,6.83243881079007e-107,9.67185819643916e-30,0,2
"20125",2.72544334773385e-14,0.00077625596528275,0.000273524204735538,0.00360893085366485,9.36787365316049e-13,0.995341288975353,5.58744994797474e-55,6
"20127",0.0327436829282238,0.0521061620460765,0.914946383088331,0.000203771937369281,8.29597389614012e-27,4.46962274739851e-53,3.61751371650174e-231,3
"20140",9.40124430431401e-06,0.806835871831045,0.193141497164177,1.32297604732233e-05,1.13934581429662e-84,7.20648550575184e-16,0,2
"20142",1.79629754559052e-36,0.0148663443177505,1.0032766985946e-10,0.376520422722258,0.00420826882371213,0.604404964035952,3.43515340661544e-30,6
"20144",1.26405534200849e-16,0.976734393112447,0.000454157982468279,0.000135551957645591,5.43230989299855e-58,0.0226758969474391,3.71811412614704e-202,2
"20146",1.35931484647721e-18,0.803736295617822,0.000615560507119901,0.195638462239171,8.56376906526049e-73,9.6816358872555e-06,0,2
"20148",0.00128148681491453,0.0302569639619226,0.911587867684248,0.0185079495938627,6.92838851673464e-36,0.0383657319450525,3.04524877824946e-148,3
"20150",2.45300681202023e-39,1.33990396916721e-05,3.37954162886079e-13,0.000574457012760681,0.819197154908444,0.00723088775426919,0.172984101284496,5
"20152",0.00394467391226819,0.0264389420525099,0.897492236993063,0.0709492524595152,1.22411762410846e-26,0.00117489458264403,0,3
"20154",0.00124958186371776,0.998744100616628,6.31751965115226e-06,3.20799923545512e-15,2.84822875972605e-46,5.18127015488126e-37,0,2
"20156",6.31791281780586e-13,0.484721220203643,0.0536774875969963,0.461601292198729,9.64817976030637e-74,3.58478763272776e-19,0,2
"20159",6.13587810683434e-24,3.29832705342739e-05,1.87702561854685e-08,0.000998190287376951,0.000243911392877287,0.998724783470815,1.12808140655666e-07,6
"20161",9.94699825643029e-36,0.102693759668406,3.57472034903376e-10,0.897306239970746,5.90435930965906e-54,3.37614619675210e-12,0,4
"20163",0.0137739485518368,0.200323198424069,0.785583804530012,0.000208746084605189,1.57589291195725e-27,0.000110302409477478,1.80507411317898e-177,3
"20165",7.53840267648267e-21,0.100737232105818,4.41891571708966e-05,0.899218578736281,7.30087672698839e-13,3.651913692648e-21,1.12371323069732e-143,4
"20167",6.20277879091765e-05,0.00924759013013374,0.413555103373482,0.107429157132161,4.72825430913022e-07,0.469705648750883,4.68017517095661e-35,6
"20169",4.79474827992575e-51,9.6826812508437e-05,1.79647204802653e-17,0.00486289881980772,0.995038018005691,2.25636199246763e-06,6.92706992723519e-49,5
"20171",7.81331428523199e-11,0.999999974863201,2.50586659600905e-08,9.6325412571053e-17,7.49946027145797e-54,1.16688804814915e-45,1.45793170658579e-265,2
"20173",7.98576348674121e-51,0.074769463648826,3.03343515022112e-15,0.925230536351171,2.92332715314988e-39,1.2291909351876e-39,0,4
"20175",4.61858946800309e-11,0.092385972028029,0.151528970579056,0.722201065034648,9.02184601818018e-22,0.0338839923120818,0,4
"20177",6.23859433709948e-20,0.159192208941739,0.000134693567449268,0.840673097490812,7.9726734229909e-60,1.34520367692147e-35,0,4
"20180",0.942955426875849,0.0315459158225925,0.025497053652766,1.60364879253459e-06,5.03597775115638e-32,1.27318764526127e-38,0,1
"20182",4.82510925096589e-102,0.999971743432513,2.49657259920173e-36,2.80364410699506e-05,2.02599701912583e-07,1.75267152899791e-08,1.80687402284065e-74,2
"20184",5.44601648190714e-22,0.0220096353480759,7.00212863553667e-06,0.975552524763787,3.86029367956426e-15,0.00243083775949827,1.54996479633413e-173,4
"20187",2.20389706876897e-43,0.306236567507149,1.55049595222037e-13,0.693763432492696,8.68533874287247e-54,1.06410406108924e-23,0,4
"20189",0.000693805897944399,0.0142451852056388,0.689447596979079,0.295613411917197,1.40117349574066e-13,1.39079376780432e-17,7.32278479117474e-113,3
"20192",9.76291562393852e-14,0.999975337465119,2.46612406776577e-05,1.29410614086605e-09,2.74899793416595e-104,3.35781431443734e-35,0,2
"20194",5.20562219784643e-55,0.0551985908929373,1.62342084401819e-17,0.94480096856435,1.70467458293756e-23,4.40542712904993e-07,4.23292331673987e-53,4
"20196",0.817016437136541,0.182785850460783,0.000197712397213807,5.46239907564926e-12,8.74367309229003e-60,4.89939601916279e-38,1.57679764837305e-234,1
"20198",2.52903215818394e-05,0.335686445917349,0.645061048921124,0.0192272130577962,2.56618295669616e-80,1.78214912163092e-09,8.83800194773136e-262,3
"20204",6.35647783062351e-21,0.0020873152436411,7.77691561263942e-06,0.00513762742488488,4.33765708429435e-05,0.992723903845019,4.92729912711715e-108,6
"20207",0.464657339896672,0.38298100992948,0.152355712515221,5.93765862749905e-06,2.92027648366385e-47,5.51525690802099e-34,0,1
"20209",7.65414719953538e-17,0.999991734071677,2.10344915091785e-06,1.41959553076822e-09,2.07575008648764e-47,6.16105957588211e-06,0,2
"20211",0.0959908844154487,0.904008949507334,1.6607721670251e-07,2.6496126425149e-19,1.6793130802631e-66,1.7360266673222e-21,0,2
"20215",0.00584563805017792,0.0365185347356371,0.949412193028712,0.00822363418547326,6.37103938941501e-56,6.40897475889138e-22,5.46925271613812e-269,3
"20218",2.76243776585047e-33,5.77273853428513e-06,1.03532602832067e-11,0.000116408028195718,0.997848036201152,0.00202970348662479,7.95351396403835e-08,5
"20222",0.86586177990202,0.0891496990041128,0.0449875257105531,9.95383314378607e-07,9.13707575778616e-45,7.48728661074345e-24,4.81302064105082e-184,1
"20225",1.81640370283301e-21,0.754001707884825,5.99872796434386e-05,0.0110781414334622,1.6560685915303e-59,0.234860163402069,8.31408017412914e-123,2
"20229",1.15074584122655e-14,0.987820514737496,0.0075723370007192,0.00460709134839842,1.37979205355373e-73,5.69133747778834e-08,1.68799378419598e-313,2
"20232",0.00109194460388148,0.0630446966466654,0.933084510812881,0.00277884793657191,2.51592919689755e-55,5.36196156967678e-17,0,3
"20234",2.48664859661362e-05,0.99995054164422,2.45918698111561e-05,3.03258069716502e-15,3.78049119288541e-44,4.00272515704098e-69,0,2
"20238",0.000663394778493288,0.0493205703576209,0.948087428790538,0.0019286060733483,1.84003709274774e-76,1.3898101022146e-36,0,3
"20253",0.00212014164784931,0.0459002207404326,0.945775357898686,0.00620427971303168,4.25708306563651e-37,2.1248206068017e-37,5.16227640957e-177,3
"20255",2.78307930547391e-05,0.0212696295108917,0.0911353149094048,6.7531227155144e-05,2.05192224414721e-11,0.887499693538975,3.86820305236742e-221,6
"20258",0.852679629457244,0.00620688360041957,0.140814610275527,0.000298876666809454,1.54526554581993e-19,4.16211876066988e-36,1.66663171524564e-191,1
"20269",2.20996642001547e-05,0.0238652062311889,0.826031230640239,0.150081461867517,1.59685575461338e-09,1.16889117507842e-19,7.43397091421269e-98,3
"20271",1.87869238770978e-07,0.134140553769902,0.719307304245102,0.146551954115758,4.3732802028661e-18,3.46810972994596e-38,0,3
"20285",1.25302559521647e-31,0.198871210029113,3.91771612840924e-08,0.801128750793726,9.54331864418301e-100,1.04703304187125e-19,0,4
"20288",0.000330557839212429,0.0288985071855444,0.959241357505198,0.0115295774700452,5.99736622020975e-52,1.43629431544925e-21,0,3
"20291",0.00502843457821884,0.958034457481883,0.0369370913242683,1.66156293406221e-08,1.70323126057177e-98,3.35835069093009e-39,0,2
"20295",3.73131232767621e-17,0.479055994088985,0.00573662075047603,0.515207385160539,7.76040159174416e-60,3.68399649790235e-24,0,4
"20298",1.36517239439861e-14,0.000364642366638999,0.000234735852318238,0.00103207845981713,2.50904877470062e-05,0.998343452607425,2.26039687348218e-10,6
"20302",2.82076820117271e-22,0.0291586528184557,2.13965800749834e-05,0.970818302482995,3.23204040523343e-41,1.64811847427828e-06,0,4
"20305",8.65992209099005e-18,0.000611318704598598,4.79950894692694e-05,0.00151835028096038,3.2322681670982e-08,0.99782230360229,4.16465264658967e-23,6
"20307",0.961854775285762,0.00714633624365489,0.0309025961353137,9.62923352691675e-05,3.06578399325785e-30,4.47025245924332e-42,0,1
"20310",2.3993235691558e-05,0.811298020625602,0.188677574889963,4.11248743550968e-07,5.14618054576655e-57,2.20464001026052e-70,0,2
"20313",8.41392799705422e-62,2.75937483253945e-08,1.36595906924261e-23,1.12270788868997e-05,0.999988637938947,1.07388418047721e-07,1.49036684516956e-25,5
"20315",0.0258595222340648,0.0137420140125202,0.954981765876584,0.00541669787683151,1.18597760198226e-44,1.7663297736147e-34,0,3
"20319",0.084638919629249,0.913401226986477,0.00195985336695929,1.73151476687698e-11,2.0464008718619e-66,1.91588325235002e-36,0,2
"20321",0.000231460303914434,0.0670714789826064,0.927612274140205,0.00508478657327391,1.4224833604597e-66,5.73979976425149e-46,0,3
"20327",0.00324686806104504,0.0106576786645197,0.978352967808829,0.00774248546560602,4.43588477279019e-17,9.65388614099524e-45,0,3
"20329",4.50192836312736e-70,0.00533093798432724,8.93995481505711e-24,0.994669061922879,7.07592662749601e-11,2.20342653177903e-11,1.25284489446519e-129,4
"20335",0.934635343458701,0.0644819623960475,0.000882693837100663,3.08150379273019e-10,2.0459324610429e-35,1.86439673878871e-43,0,1
"20337",7.15906703330981e-23,5.35808324223106e-09,1.66686640317994e-10,5.10377650065255e-08,9.99363341772236e-05,7.07940944698616e-05,0.999829213008818,7
"20339",8.40480379757988e-17,0.999999068435153,9.31515637765815e-07,4.92093176353086e-11,6.18445363891999e-122,2.56693639629227e-20,0,2
"20341",3.48890242180332e-12,0.999993663195312,6.33670662946618e-06,9.45692701861291e-11,1.35627405998896e-83,1.05538880791886e-35,0,2
"20343",3.31034791325123e-06,0.689420581713483,0.310159803657286,0.000416304281318281,3.0952958009261e-37,4.77496788198662e-52,0,2
"20345",2.39768235664755e-07,0.0524734618690829,0.359173137978735,0.20164025706722,3.50774577142964e-19,0.386712903316726,2.01079194940731e-123,6
"20350",5.91929057929323e-24,0.998333973003594,2.3173710419237e-06,0.0016637096253643,1.59739117904572e-111,8.85891263658989e-22,0,2
"20352",5.12735314162991e-40,0.00104489782937006,9.51490064402094e-13,0.0436632414328663,0.955286215921774,5.64481503811974e-06,1.01019377703739e-42,5
"20355",2.44754529147814e-25,0.151987748411263,2.3660270437081e-06,0.848009885561577,1.00235403135622e-66,1.15538179503613e-13,0,4
"20358",5.17928905182441e-54,0.00713477871374817,6.49695714089045e-17,0.992864867195974,2.07129453975385e-17,3.5409027748074e-07,0,4
"20363",0.180717705078765,0.0236689940653723,0.789271861504999,0.00634143935086398,1.51131132078752e-50,4.83750277691529e-36,0,3
"20365",0.914776655491078,0.0849506011553108,0.000272743194090887,1.59520183808594e-10,4.75450844296685e-61,2.18963980793425e-17,0,1
"20379",1.52321490799501e-10,0.879850797747491,0.0962962122868564,0.00201294414529133,4.22810089180545e-42,0.0218400456680397,0,2
"20387",0.978813938503673,0.0137222698141993,0.00741847389663336,4.531778549405e-05,4.86180599907167e-24,6.35629293007061e-28,2.59649954637964e-169,1
"20392",0.57838442713112,0.421615568191233,4.67764739272591e-09,1.84314748195657e-22,1.80236794455632e-78,2.21976778695572e-28,1.64425340471597e-296,1
"20395",0.000102438418250388,0.0702836433659233,0.781420776977828,0.125855526860981,1.25538060701369e-34,0.0223376143770171,4.80950700606138e-298,3
"20397",3.69552403057742e-107,1.13648975527702e-05,4.60862324291788e-39,0.00805157735453245,0.99193705774791,5.09902030588291e-15,1.58127629143956e-74,5
"20410",0.773979262634637,0.0243779640674511,0.200571841518107,0.00107093177980555,8.43035292386478e-21,1.74951588263188e-19,1.05616909838836e-118,1
"20414",7.73026499082542e-13,0.152283463020407,0.058251541413119,0.7137116401426,6.57089852757934e-28,0.0757533554231015,6.598168186168e-224,4
"20417",5.8920139737138e-25,0.999999999999778,2.22094358966925e-13,7.69302492711261e-20,2.13468765455466e-55,2.78723719053052e-77,0,2
"20419",0.00110397734179582,0.0277134533192584,0.928332329933107,0.0428502393978089,8.03024301625947e-12,5.58070128323479e-50,2.74020216726608e-291,3
"20421",2.88330708788893e-14,0.993947462194515,0.00327106694149366,0.00277144225080345,2.97769908401486e-51,1.00286131592975e-05,0,2
"20423",2.35531859846669e-15,0.00745633684461664,0.000524176548460517,0.0044201614534396,1.08550481370514e-10,0.98759932504493,2.69217358550187e-318,6
"20425",2.77079913087969e-15,0.0444049127881626,0.00119428604071893,0.055136599870153,1.79882350472168e-11,0.899264201282974,4.73078390942857e-40,6
"20427",0.0381879025344977,0.01978623335699,0.833288033584766,0.102233796082334,5.97237765509764e-23,0.00650403444141262,9.10391270308507e-110,3
"20429",4.11245356209443e-16,0.955857626887179,0.00499457100495916,0.0391478021078609,1.18994476161263e-111,8.12152010034462e-51,0,2
"20432",1.39597424236778e-28,0.0350378442657106,2.04107100951552e-07,0.931316454352405,1.36661010470323e-20,0.0336454972747834,9.32055223431468e-293,4
"20435",0.0050259352598744,0.249849010393377,0.744921734435249,0.000203319911500235,5.91713852927651e-100,1.50149675265515e-16,0,3
"20438",1.45903591827903e-08,0.518403893930546,0.102696639474727,0.378899452004368,2.82079574075961e-26,7.19163990288681e-41,7.06621113946755e-181,2
"20440",0.00062331073956004,0.0157205935292757,0.974685129814695,0.00897096591646934,1.74239704336716e-28,8.43023495188989e-43,0,3
"20443",3.7871991846823e-37,0.0348282438634575,5.19957069743183e-11,0.965171756073534,9.32712134729174e-27,1.10128048630403e-11,0,4
"20446",5.90996738074426e-07,0.0750069875417461,0.855570193561937,0.0694222278995782,5.18410244143915e-50,2.68211859154245e-16,0,3
"20449",0.0139287216312053,0.0529004767730014,0.926456157344391,0.00671464425140171,5.93006945222923e-83,2.89847390128507e-16,0,3
"20537",0.0395220316461691,0.878378122422925,0.0820995876768774,2.58254028103261e-07,2.13252505227099e-87,1.24650801244704e-26,0,2
"20540",0.0830121295470078,0.916987863205344,7.24764866913142e-09,1.49676769303602e-22,8.99597890777601e-84,4.79098429729686e-36,0,2
"20543",0.0189147413880441,0.0216780812953434,0.902653605976176,0.0567532792367528,2.44066166856763e-36,2.92103683884374e-07,4.79244242586794e-236,3
"20545",0.103975014491262,0.896024976292353,9.21638514428416e-09,1.7388214290656e-21,1.9050126399617e-55,3.58132389983393e-23,1.46750421293396e-101,2
"20549",0.0300522945765541,0.0766138658999668,0.879248829482796,0.00777858277410036,1.89458918905737e-17,0.0063064272665832,1.42750917630564e-272,3
"20551",0.805618021587077,0.0160837597266406,0.159044824246135,0.0192533944401477,9.36437387208586e-26,1.54686992660278e-16,0,1
"20554",0.688758193080312,0.00647678313368782,0.2995495283781,0.00521549540782765,7.27781749082997e-14,3.97936919371136e-23,1.47210196187697e-192,1
"20556",0.0100911781618266,0.18384806633638,0.805658867601167,0.000401839095273335,4.81041625021243e-43,4.88053534308604e-08,0,3
"20558",0.950977275391576,0.00451337976462873,0.0442949016924636,0.00021444315133221,7.55193113342207e-19,1.4851030091557e-38,0,1
"20560",0.0981873549071466,0.0248181134304543,0.626145598507121,0.250848933154483,7.94415793587614e-13,2.7316607685032e-19,6.52648055711983e-99,3
"20563",0.0594085322052763,0.0623399273934038,0.878131228202251,0.000120312199068852,2.74069633014157e-28,1.23400521403334e-52,9.74701505737143e-243,3
"20565",0.000155585175252866,0.0551950642955212,0.887529520348772,0.0571198301804538,6.87464454471417e-52,1.70581624528939e-18,0,3
"20567",5.73175936132628e-29,0.0535517105166828,5.97409787499603e-08,0.939058070169358,1.18936545746043e-27,0.0073901595729801,1.24912035197014e-207,4
"20571",9.0783119352653e-17,0.991483591183093,0.00261135925335612,0.00590504956355074,7.86921695428865e-70,7.78622670640231e-39,0,2
"20573",0.0474456062472967,0.0346001572825094,0.887185996347804,0.0307682401223902,5.1007303478735e-55,2.75696397590243e-18,0,3
"20575",0.0506785285340204,0.0476293146872817,0.900181115544086,0.00151104123461213,5.38533353324959e-48,3.81123910636713e-48,0,3
"20577",0.00072174879621182,0.0558356573372661,0.914272668860034,0.0291695800302607,4.72284423132257e-52,3.44976227720486e-07,4.50417831022636e-271,3
"20579",1.38208637684526e-82,0.00395343941202343,2.03249193133546e-28,0.996046560342717,5.02913146580736e-11,1.94968823384548e-10,2.77330406078405e-150,4
"20582",0.760465998856773,0.0110670441812434,0.228325521155397,0.000141435806586628,2.41606054992489e-18,1.87358647808104e-50,3.09969914927562e-237,1
"20585",0.888598345447927,0.111376245260784,2.54092908110658e-05,4.7585760825534e-13,1.37396387315568e-60,1.79430022095148e-15,2.8859684827845e-199,1
"20588",2.93025368180326e-10,0.999895710573725,0.000104288999634708,1.33614965263431e-10,3.35381491958442e-140,1.39751940430596e-20,0,2
"20590",2.86896112657971e-61,0.00062767044966895,1.27702515419247e-20,0.11407162810579,0.885114864168213,0.000185837276327554,8.80703971640017e-73,5
"20592",0.0689758446728472,0.0219721293446985,0.905950118874868,0.00310190710751176,7.43231769933248e-14,2.41886743993429e-54,7.98454427381188e-308,3
"20594",0.939937724536641,0.012084104138419,0.0479740871740443,4.08415089595461e-06,2.81498851695035e-22,6.03601915479717e-47,4.43321623404095e-186,1
"20596",3.66282650356903e-07,0.0538178693543176,0.342096653948444,0.604085110414588,3.85900608329632e-23,9.81177735084935e-28,0,4
"20598",0.845318974536865,0.0087063819103089,0.125166744730779,0.0208078988220467,1.27977146278066e-21,8.24902856591226e-20,8.96152747675064e-174,1
"20600",0.00486332651539063,0.78967802842653,0.205444455186558,1.41873144361442e-05,1.08947382883916e-60,2.55708535067739e-09,0,2
"20603",5.66063414519857e-10,0.812543023370841,0.0772893874461793,0.00118082555014897,2.84034936946106e-55,0.108986763066767,0,2
"20605",0.206875495689655,0.0282457130391216,0.762442833431632,0.00243595783959149,1.22958025976648e-40,4.68486672849607e-33,0,3
"20607",0.315049576419579,0.0185118320329056,0.612369844914486,0.0540687466330295,5.58857295650515e-24,7.28441198649916e-30,0,3
"20609",0.466214733642421,0.00742578483513878,0.521239748898481,0.00511973262395958,3.53513662392615e-18,8.92132935065211e-20,1.1315046855496e-300,3
"20611",9.3680120604982e-20,0.000206939473237756,3.88263620327339e-06,0.0021960994180923,4.0290163511e-05,0.997552780198415,8.11054114101466e-09,6
"20613",0.838715567744158,0.031535144704419,0.129406199128227,0.000342154923386672,5.23897846749902e-18,9.33499809370476e-07,9.66073722427558e-72,1
"20615",0.237349661258369,0.149685144335259,0.609408063233295,0.00353962534349409,8.08493170579735e-27,1.75058295821964e-05,0,3
"20617",2.6766975036935e-42,3.0247725311203e-07,5.1164822100119e-16,3.0172132704589e-05,0.999943296285494,2.62291045476312e-05,1.77983595739273e-19,5
"20619",0.00094512268624736,0.0505073837316558,0.919167425119654,0.029380068462443,3.0901350261508e-23,4.61254552553931e-50,2.52005362428293e-283,3
"20621",0.0222636265126211,0.0542156808500586,0.861646660860239,0.0618740317770814,1.13860205871467e-59,3.93772310954931e-23,0,3
"20623",2.48715689499051e-30,0.0351427774120573,6.68403631789148e-09,0.964857215903901,4.5359340747772e-18,5.3350712289976e-15,7.59590238472203e-298,4
"20625",3.18989643284814e-11,0.916539733768285,0.0108290405314607,0.000155895420168628,8.84850062542387e-47,0.0724753302481871,2.55572674532452e-172,2
"20627",0.30815824458707,0.0243332650624389,0.609940318875737,0.0575681714675833,2.7361782173335e-36,7.17111252376503e-12,3.15739403659778e-237,3
"20629",0.0818655265399512,0.0375646654384703,0.848342543747434,0.0322272642740963,4.19361749511484e-52,4.80409628282976e-14,0,3
"20631",0.00277451784540961,0.0399642017044413,0.953415737456656,0.00384554299349351,7.81132891056231e-27,1.79252020604073e-52,5.83920126605783e-249,3
"20633",1.29334700267956e-72,1.13309947303903e-07,4.18530448003914e-27,4.83783898933223e-05,0.999951501177682,7.12247702618036e-09,5.69289465639901e-34,5
"20636",7.47677966414074e-27,0.0976942797390538,4.1562572907693e-07,0.902016450633986,1.85301026239886e-33,0.000288854001230862,2.96550657961991e-220,4
"20638",9.46717854612549e-09,0.815091399985883,0.184722003889965,0.000186586656281534,2.61353133413403e-116,6.91669525188254e-13,0,2
"20640",0.948792966630262,0.0510319093267485,0.000175120706980806,3.33600842183653e-09,2.13394859209746e-43,3.20438447212096e-23,0,1
"20645",0.987778853383953,0.00905673580296718,0.0031643880977883,2.27152918722734e-08,1.05262424517841e-33,5.31270859127673e-54,1.05297550993582e-294,1
"20647",4.40733057070779e-59,4.29502815155176e-06,1.87201441857665e-21,0.000356966255820765,0.999638738597969,1.18058644517149e-10,1.99314949122744e-65,5
"20649",0.939231520721096,0.0431284434677037,0.0176340811900172,5.95462118327893e-06,1.98729482907284e-29,2.22388666831632e-18,1.05110420660964e-265,1
"20651",1.50044204085457e-12,0.974904708536907,0.0229607975541608,0.00213449390743165,1.72797928582538e-82,2.58281147812605e-63,0,2
"20656",0.777967635805643,0.215058548521331,0.00697381483941064,8.33615436990324e-10,3.11813693342104e-58,5.59826179400297e-33,0,1
"20660",2.09284586935886e-10,0.999999597312256,4.02478458240105e-07,1.78529152284211e-15,9.0254955859189e-78,2.67530867350705e-24,0,2
"20662",4.68844777781447e-50,0.010318032202902,1.10720343993215e-15,0.989681967698048,1.08416031823657e-38,9.9049092731945e-11,0,4
