"","V1","V2","V3","best$classification"
"19811",0.894316476692605,0.0303734225251275,0.0753101007822671,1
"19813",1.1017422194731e-06,0.999998572676368,3.25581412321444e-07,2
"19815",0.0807081209828392,0.00937960250596887,0.909912276511192,3
"19817",0.857901911079171,0.00130630715716921,0.14079178176366,1
"19819",1.15487735235371e-14,0.760503040608317,0.239496959391671,2
"19821",0.765627856530278,0.0704648111665304,0.163907332303192,1
"19823",0.00130493786077164,0.990628598878925,0.00806646326030325,2
"19825",1.27105360191818e-14,0.99999971669522,2.83304767504161e-07,2
"19827",0.984314139666447,0.00360457360083862,0.0120812867327141,1
"19829",1.00171905314638e-05,0.188283686469582,0.811706296339887,3
"19831",1.23776712732977e-14,0.960948771686241,0.0390512283137465,2
"19833",7.69263906091654e-22,0.999999999999999,7.77660014415724e-16,2
"19835",0.765627856530278,0.0704648111665304,0.163907332303192,1
"19837",0.960641360145537,0.00110773078120614,0.0382509090732574,1
"19839",7.99136859907939e-06,0.928036778405568,0.0719552302258328,2
"19841",0.247620918505154,0.752379080655633,8.39213440090116e-10,2
"19843",6.99381639667506e-19,0.97898806724476,0.0210119327552397,2
"19845",0.0584613648652816,0.940248327780303,0.0012903073544157,2
"19847",0.00208452559737805,0.0729675202863288,0.924947954116293,3
"19849",0.000131858569434049,0.99986807299497,6.84355961988819e-08,2
"19851",0.944096324381698,0.00410668173803401,0.0517969938802676,1
"19853",0.0425486615639392,0.957427523153559,2.38152825018832e-05,2
"19855",0.948981932424985,0.0395445562602223,0.0114735113147924,1
"19857",0.291343214874022,0.0343052275622672,0.674351557563711,3
"19859",0.816469922758524,0.00853039364700229,0.174999683594474,1
"19861",0.846356512324786,0.119833753484282,0.0338097341909324,1
"19863",0.00373853754692284,0.99626146245303,4.71234885255758e-14,2
"19865",0.998555991973909,0.00144014563704658,3.86238904458699e-06,1
"19867",0.0337441420109216,0.0793675256537777,0.886888332335301,3
"19869",0.0176277478853034,0.982370854232067,1.39788262942289e-06,2
"19871",0.829826748582562,0.0020374320686829,0.168135819348755,1
"19874",0.98890980249458,0.0096955730600931,0.00139462444532661,1
"19876",0.996973880774345,0.00229534990706454,0.000730769318590614,1
"19878",4.06188595037205e-12,0.297673441884803,0.702326558111135,3
"19880",0.999367142354809,0.000632849957846019,7.6873454131205e-09,1
"19882",0.152380806212466,0.8355087046859,0.0121104891016332,2
"19885",0.303941450082653,0.00175562513699234,0.694302924780355,3
"19907",0.135876014689348,0.488967326405914,0.375156658904738,2
"19909",6.27902838878269e-08,0.00758235858061848,0.992417578629098,3
"19911",3.90237503535884e-05,0.0541773859438337,0.945783590305813,3
"19913",0.993080603797818,0.00691939604973069,1.52451299895487e-10,1
"19915",0.998930239405724,0.000468419828024434,0.000601340766251976,1
"19917",0.991167415799421,0.00824504678082506,0.000587537419754437,1
"19919",0.974306838885145,0.00104362349371393,0.0246495376211405,1
"19921",0.737945741960574,0.00441929383352094,0.257634964205905,1
"19923",5.54371697751567e-07,0.104418206659364,0.895581238968938,3
"19925",0.998944223469987,0.000810996998589111,0.000244779531424357,1
"19927",0.704394222658024,0.00449132778317529,0.291114449558801,1
"19929",0.432868501167186,0.567131498832738,7.59454202153132e-14,2
"19931",0.02190168914254,0.0124816712148392,0.965616639642621,3
"19933",9.42877921781151e-05,0.00469727249617602,0.995208439711646,3
"19935",4.14227537039563e-05,0.0236648291310101,0.976293748115286,3
"19937",0.636581376348333,0.00834744323642486,0.355071180415243,1
"19939",0.0196756014078044,0.0164055517421435,0.963918846850052,3
"19941",1.47210047992451e-05,0.388310408009503,0.611674870985698,3
"19943",0.997387193277481,0.00261233055901439,4.76163504862369e-07,1
"19945",3.72244570415322e-05,0.0100568580097765,0.989905917533182,3
"19947",0.00157931038157464,0.998090848205311,0.000329841413114443,2
"19949",6.35570618339716e-08,0.0208004152128326,0.979199521230106,3
"19951",0.732606138254714,0.077386602500708,0.190007259244578,1
"19953",2.87023560211144e-15,0.987387918716112,0.0126120812838855,2
"19955",3.67602016571057e-09,0.650136255271057,0.349863741052923,2
"19957",0.223052744381059,0.767333247770736,0.00961400784820452,2
"19960",3.20941821275676e-08,0.247167542436925,0.752832425468893,3
"19963",3.19896284880959e-09,0.999999996800846,1.90901486848283e-13,2
"19965",1.0341920161021e-15,0.0481213264637621,0.951878673536237,3
"19968",0.00478841483361708,0.995196438159535,1.51470068481694e-05,2
"19971",3.07818704844397e-05,0.999969217677524,4.51991464422189e-10,2
"19973",0.952879779005208,0.000395229822228314,0.0467249911725634,1
"19975",0.991856528825421,0.00789958841677598,0.000243882757802629,1
"19977",1.26371768538091e-06,0.999998731557647,4.72466722109239e-09,2
"19979",3.95606340368464e-15,0.0350699187381778,0.964930081261818,3
"19981",0.00692338680762564,0.00443686280368701,0.988639750388687,3
"19983",0.00488620924471789,0.0096652172589332,0.985448573496349,3
"19985",0.999028258257014,0.000815638959619328,0.000156102783367062,1
"19987",0.0253231055518356,0.0425645384398486,0.932112356008316,3
"19989",8.20681631958523e-18,0.0504671812525028,0.949532818747497,3
"19993",0.000122681832255821,0.0212299557881312,0.978647362379613,3
"19995",9.24793313934909e-06,0.00829816017191828,0.991692591894942,3
"19997",0.918868927770359,0.00304792117262682,0.0780831510570143,1
"19999",0.981288128192539,0.0166009254146134,0.00211094639284787,1
"20002",2.01065692099883e-08,0.999999979892487,9.43605292216552e-13,2
"20004",7.8761378987392e-08,0.0522632309640304,0.947736690274591,3
"20006",9.30493579047118e-10,0.861068079274833,0.138931919794673,2
"20008",4.70493142452482e-11,0.69637389247907,0.303626107473881,2
"20010",6.80082116483254e-08,0.0292632283812412,0.970736703610547,3
"20012",0.583536537290107,0.415811511727273,0.000651950982619958,1
"20015",6.94290722215828e-17,0.0554551835216298,0.94454481647837,3
"20017",0.994504401907875,0.00155244510989916,0.00394315298222604,1
"20019",6.22000213800751e-23,0.0761868608031303,0.92381313919687,3
"20022",1.1475808204484e-07,0.0123101257941998,0.987689759447718,3
"20024",1.10833351882956e-26,0.99883928236825,0.0011607176317503,2
"20026",1.10833351882956e-26,0.99883928236825,0.0011607176317503,2
"20028",0.997992140057611,0.0010393227694651,0.000968537172923489,1
"20030",2.3379363723048e-12,0.309235062241785,0.690764937755877,3
"20033",0.777043918469671,0.0130144710723186,0.20994161045801,1
"20035",8.61695010331939e-24,0.122106307514917,0.877893692485083,3
"20037",2.05267008478242e-21,0.018864102454271,0.981135897545729,3
"20039",2.01962879257665e-29,0.99999999389676,6.10324001995346e-09,2
"20041",3.09358004466078e-07,0.0380320549039988,0.961967635737997,3
"20044",5.79543528647852e-07,0.246975717493141,0.75302370296333,3
"20047",1.18492927679481e-19,0.484488023163937,0.515511976836063,3
"20050",4.41316497847007e-09,0.261327360633189,0.738672634953646,3
"20052",0.435036064975702,0.015998150521306,0.548965784502992,3
"20054",2.69148770277354e-09,0.0368570468463976,0.963142950462115,3
"20056",0.263236230144947,0.735724893229272,0.00103887662578065,2
"20058",8.32507402026736e-19,0.0404239522619036,0.959576047738096,3
"20060",0.0242315382491272,0.0266639619631721,0.949104499787701,3
"20062",0.018957356985211,0.00379183187664959,0.977250811138139,3
"20064",6.86857654983315e-05,0.00345760942965808,0.996473704804844,3
"20066",1.21133163244077e-15,0.342484845746923,0.657515154253076,3
"20068",0.596650261590371,0.0122762622097943,0.391073476199835,1
"20070",0.0645291218476064,0.0596269584118048,0.875843919740589,3
"20072",5.66367607290868e-14,0.320078381857867,0.679921618142076,3
"20074",0.987391620048706,0.0126083799510759,2.17816270138596e-13,1
"20076",0.337157401740547,0.658522891190025,0.0043197070694274,2
"20078",1.23559547521955e-06,0.00803366213773005,0.991965102266795,3
"20080",1.69963170182072e-17,0.0127685140511567,0.987231485948843,3
"20082",1.75899106613203e-17,0.99998054162105,1.94583789504074e-05,2
"20084",6.58508589706295e-05,0.278649168329088,0.721284980811942,3
"20087",6.3703583470128e-09,0.016919633865092,0.98308035976455,3
"20090",7.53891968938459e-17,0.0302487293895647,0.969751270610435,3
"20092",5.07397647266925e-12,0.994564835493283,0.00543516450164319,2
"20096",1.07015544515743e-05,0.925124534164499,0.0748647642810496,2
"20098",0.970750628704092,0.00216168156213376,0.0270876897337748,1
"20101",1.63396266918053e-09,0.0200263173755723,0.979973680990465,3
"20104",6.95733869504729e-10,0.999999984856486,1.44477795688517e-08,2
"20106",1.18186021767652e-08,0.00744752285192698,0.992552465329471,3
"20108",0.635094290707077,0.00782382497978328,0.35708188431314,1
"20110",0.00354377037236148,0.849434313309195,0.147021916318444,2
"20112",4.71022933779281e-09,0.0140269603177043,0.985973034972066,3
"20114",0.000563090925186227,0.0989977169702489,0.900439192104565,3
"20116",0.000285948900205202,0.108029927128931,0.891684123970863,3
"20118",0.186492406251225,0.00698182226213082,0.806525771486644,3
"20120",2.14853444723836e-09,0.172961332957119,0.827038664894347,3
"20122",0.998077919840852,0.00192105604232528,1.0241168227782e-06,1
"20124",1.47274805210581e-16,0.0776432066145188,0.922356793385481,3
"20126",2.44821490232995e-21,0.999999971929142,2.80708584488006e-08,2
"20128",1.72657430929125e-28,0.999944638750038,5.53612499614602e-05,2
"20141",3.61973119312319e-05,0.999865272055277,9.85306327917454e-05,2
"20143",0.0947271184435171,0.905272881461549,9.49334708833909e-11,2
"20145",1.92868556082296e-07,0.0108710728456832,0.989128734285761,3
"20147",1.67841774518432e-07,0.00229025315649776,0.997709579001728,3
"20149",0.993577430758325,0.00642142343181064,1.14580986430215e-06,1
"20151",0.980025424657862,0.000540312681674392,0.0194342626604639,1
"20153",0.599448579509449,0.369944270289057,0.0306071502014941,1
"20155",3.87236242053868e-11,0.00558374275521396,0.994416257206063,3
"20157",0.925237015377964,0.0491921123368938,0.0255708722851424,1
"20160",0.998598419292791,0.00140158060770527,9.95032268724787e-11,1
"20162",0.999639433021551,0.000360480335859093,8.66425898012208e-08,1
"20164",0.955663339758515,0.0393924321940795,0.00494422804740586,1
"20166",1.1849580554891e-10,0.928133381748119,0.0718666181333857,2
"20168",6.12086444745152e-10,0.999999999284948,1.02965974165243e-10,2
"20170",0.955509610309673,0.0239866528422897,0.020503736848037,1
"20172",3.16208456134316e-09,0.0104584337021858,0.98954156313573,3
"20174",0.991369673682388,0.00860584095174082,2.44853658712225e-05,1
"20176",3.62386275153064e-09,0.999999120130163,8.76245974641393e-07,2
"20178",0.995643950662349,0.00435604928531199,5.23387116086113e-11,1
"20181",3.62990290736648e-09,0.445090044244048,0.554909952126049,3
"20183",0.120903712340505,0.0323596209251644,0.84673666673433,3
"20186",1.96965202106953e-05,0.194741148561355,0.805239154918435,3
"20188",0.997078065612108,0.00292192806880339,6.31908828049523e-09,1
"20190",8.50085054060819e-15,0.00581092292427228,0.994189077075719,3
"20193",4.57549815069446e-05,0.999954242850918,2.16757436992417e-09,2
"20195",0.794541028090872,0.0568716695292034,0.148587302379924,1
"20197",2.26664797999138e-09,0.00853372867606911,0.991466269057283,3
"20199",0.985200121936369,0.0146072838177484,0.000192594245882077,1
"20205",4.95318676733652e-17,0.999996497898421,3.50210157925931e-06,2
"20208",0.285896198449666,0.0385295551536777,0.675574246396657,3
"20210",0.999637633275009,0.000360684002370594,1.68272261997407e-06,1
"20212",0.990172903091624,0.00724079075286849,0.00258630615550717,1
"20216",9.63546635230622e-10,0.0182371040939115,0.981762894942542,3
"20219",5.93209002675531e-08,0.503805981209108,0.496193959469992,2
"20223",1.48553253680831e-23,0.958607564376431,0.0413924356235688,2
"20226",2.00667855397843e-05,0.0206469790224259,0.979332954192034,3
"20230",5.70107855468685e-17,0.00821795093711155,0.991782049062888,3
"20233",2.03800522391413e-13,0.999999999970075,2.97207936298187e-11,2
"20235",2.90839853238351e-18,0.933365490712808,0.0666345092871925,2
"20239",8.29219644726613e-10,0.315566907501231,0.684433091669549,3
"20254",2.23152788904521e-20,0.999938642600098,6.13573999017279e-05,2
"20256",3.50855081621062e-13,0.0159678248244022,0.984032175175247,3
"20262",0.998489644452673,0.000475694347290748,0.00103466120003631,1
"20270",7.07008671421742e-11,0.867553347069348,0.132446652859951,2
"20284",7.45414312250536e-07,0.791308807478534,0.208690447107153,2
"20287",7.14536351114565e-23,0.117073965590397,0.882926034409603,3
"20290",1.05329460948698e-11,0.999257342538752,0.000742657450714829,2
"20293",1.2516130849212e-05,0.0120707328826731,0.987916750986478,3
"20296",0.714833570992153,0.239034844311405,0.0461315846964417,1
"20301",2.17300641494593e-19,0.925263700358336,0.0747362996416635,2
"20304",1.3868932122133e-16,0.999982344286623,1.76557133767173e-05,2
"20306",6.36335824165594e-18,0.0463309231698898,0.95366907683011,3
"20309",3.9836431295967e-06,0.0190830113730278,0.980913004983843,3
"20311",5.66932901914401e-09,0.0431243613002187,0.956875633030452,3
"20314",0.932259720748172,0.00120028157840564,0.0665399976734227,1
"20318",0.00817998464746454,0.991819908241059,1.07111476633561e-07,2
"20320",0.00014224557219415,0.266573440448486,0.73328431397932,3
"20326",0.647161421449775,0.00709575310336019,0.345742825446864,1
"20328",8.077038226377e-06,0.113825112697041,0.886166810264732,3
"20330",1.18585319038624e-12,0.109101074486817,0.890898925511998,3
"20336",2.58572529529592e-08,0.979746428147209,0.0202535459955378,2
"20338",1.82051467115775e-10,0.991506446857476,0.00849355296047219,2
"20340",2.39163204144965e-17,0.168568918188187,0.831431081811813,3
"20342",1.29301355435676e-17,0.999999999930425,6.957517801221e-11,2
"20344",5.51540832133852e-12,0.0189461360256224,0.981053863968862,3
"20349",6.55726174345391e-16,0.0117594201377443,0.988240579862255,3
"20351",1.2903944219492e-05,0.057931490343798,0.942055605711983,3
"20353",1.47375904337938e-15,0.0420851521333011,0.957914847866697,3
"20357",2.1977560389612e-21,0.999868195691038,0.000131804308961484,2
"20360",1.2465019076562e-17,0.999998197589745,1.80241025483822e-06,2
"20364",1.00117280275127e-07,0.00773052743130183,0.992269372451418,3
"20366",1.30197352386108e-10,0.999895288731644,0.000104711138158722,2
"20381",0.000275400692561071,0.999724591756385,7.55105405359866e-09,2
"20391",1.49951400819925e-11,0.952183988742277,0.0478160112427282,2
"20394",0.225330701420645,0.0281922853421885,0.746477013237166,3
"20396",0.722548378554937,0.277427631995028,2.39894500352108e-05,1
"20409",0.000380625819582837,0.154427874962524,0.845191499217893,3
"20411",2.30960335519919e-13,0.170623699704396,0.829376300295373,3
"20416",1.1902079948107e-29,0.999958472214044,4.15277859560419e-05,2
"20418",0.868289043416623,0.131710007766732,9.4881664524195e-07,1
"20420",4.50931273239802e-10,0.999999973053083,2.64959856710498e-08,2
"20422",3.39616992952101e-16,0.0694245034468376,0.930575496553162,3
"20424",2.51444343010121e-13,0.0476959725860823,0.952304027413666,3
"20426",4.45514075358668e-15,0.999999999997898,2.09781950767801e-12,2
"20428",6.24814337470031e-07,0.00906192739306175,0.990937447792601,3
"20431",0.00349584741671445,0.223791687529723,0.772712465053563,3
"20433",8.78406391922355e-22,0.85669260474328,0.14330739525672,2
"20436",5.44007389493687e-11,0.99996299412827,3.70058173288692e-05,2
"20439",0.946204372016293,0.0537082259599942,8.74020237127196e-05,1
"20441",2.65848072560394e-14,0.999538617733793,0.000461382266180505,2
"20444",0.99795656660271,0.00204343263190335,7.65386873624536e-10,1
"20448",0.0109612509458285,0.847522193699078,0.141516555355094,2
"20536",0.20669853549119,0.620432641347136,0.172868823161675,2
"20538",2.22189463192468e-10,0.988064920958879,0.0119350788189311,2
"20541",1.25447696987227e-18,0.15458665876281,0.84541334123719,3
"20544",2.81941332499464e-05,0.00519352164984149,0.994778284216909,3
"20546",4.49955100365736e-13,0.0261840423686235,0.973815957630926,3
"20550",4.93471752295774e-08,0.0841198690105271,0.915880081642298,3
"20553",8.68794356255065e-32,0.999999999463157,5.36843512249873e-10,2
"20555",1.52732348731993e-14,0.999999981668418,1.83315664300594e-08,2
"20557",3.28794822713205e-06,0.050689084633172,0.949307627418601,3
"20559",7.06632546051753e-10,0.00454085301870454,0.995459146274663,3
"20561",0.911987776365544,0.0368880373678086,0.0511241862666473,1
"20564",0.995643950662349,0.00435604928531199,5.23387116086113e-11,1
"20566",3.31714437554762e-06,0.023979627598621,0.976017055257003,3
"20569",0.994239718500898,0.00493212052283244,0.000828160976269552,1
"20572",0.883287871168511,0.116659782203678,5.23466278109661e-05,1
"20574",2.28681827410355e-10,0.00674875056308693,0.993251249208231,3
"20576",0.998258035199031,0.00174192720361155,3.75973570165195e-08,1
"20578",0.00159689085194627,0.00252397278315644,0.995879136364897,3
"20580",8.11431138875288e-06,0.00594768681485335,0.994044198873758,3
"20583",0.99843808896991,0.00156190428967553,6.74041429783931e-09,1
"20586",5.48443572718931e-09,0.0133603262509395,0.986639668264625,3
"20589",4.97609367927919e-15,0.0101219387330584,0.989878061266937,3
"20591",9.0088388979144e-07,0.865610286273084,0.134388812843027,2
"20593",3.25274627663855e-21,0.0526397138980399,0.94736028610196,3
"20595",1.72850566233983e-07,0.00787556079857562,0.992124266350858,3
"20597",0.0110061940762685,0.988993093915284,7.1200844740658e-07,2
"20599",0.997328815528887,0.00267118432209035,1.49022780111788e-10,1
"20601",0.483117088584921,0.00232063488911794,0.514562276525961,3
"20604",7.13095817586936e-15,0.00755667667579153,0.992443323324201,3
"20606",1.23493887443775e-16,0.0116306801568293,0.98836931984317,3
"20608",5.66260829886448e-12,0.0118925903425308,0.988107409651807,3
"20610",0.974210014553578,0.0257765258394943,1.34596069274439e-05,1
"20612",4.28017300617771e-16,0.999999999886534,1.13465140338009e-10,2
"20614",0.999425843355537,0.000570668747036332,3.48789742683674e-06,1
"20616",2.08735546407202e-05,0.210255629927247,0.789723496518112,3
"20618",3.60743135540955e-10,0.999911327168184,8.8672471072588e-05,2
"20620",3.53518040382971e-12,0.447565585571556,0.552434414424909,3
"20622",0.995234619034053,0.00476396366587755,1.41730006938773e-06,1
"20624",2.7837207888651e-13,0.337587092616338,0.662412907383383,3
"20626",1.52712848453515e-07,0.847319141613263,0.152680705673889,2
"20628",8.69867094925294e-08,0.860545242104725,0.139454670908565,2
"20630",2.54751620386091e-07,0.049025977251983,0.950973767996397,3
"20632",0.994702152173891,0.00529782307089269,2.47552162250966e-08,1
"20634",3.18610585036533e-15,0.00691147899214462,0.993088521007852,3
"20637",3.95436911098087e-14,0.998342105750562,0.00165789424939844,2
"20639",0.836802733203563,0.160129827035177,0.00306743976126043,1
"20644",1.25034616317817e-30,0.999999996373169,3.62683077403021e-09,2
"20646",1.83458459815003e-16,0.999837170215009,0.000162829784990471,2
"20648",0.983687041513297,0.00119837038960041,0.0151145880971022,1
"20650",8.10150530677441e-18,0.912806069430207,0.0871939305697927,2
"20653",0.000150003266898368,0.535864078165581,0.463985918567521,2
"20658",1.22909526529797e-14,0.0853624895576655,0.914637510442322,3
"20661",1.13798580866786e-14,0.999987836253592,1.21637463965798e-05,2
"20663",0.000612716091817018,0.0068389479613138,0.992548335946869,3
"20665",0.986054209702242,0.0139457897446463,5.53111939147301e-10,1
"20667",2.37962573415185e-06,0.312446086804936,0.68755153356933,3
"20669",0.0709096157035164,0.929070085965843,2.0298330640205e-05,2
"20671",6.4260483787395e-08,0.744855275881667,0.255144659857849,2
"20673",0.100453323149319,0.89954649275577,1.8409491181428e-07,2
"20675",0.00268977226906582,0.318633718401472,0.678676509329463,3
"20677",2.84626322628241e-06,0.0183720134642706,0.981625140272503,3
"20679",0.429287597387265,0.570706192935136,6.20967759897924e-06,2
"20681",0.795721315091213,0.0820655121568647,0.122213172751922,1
"20683",5.76194520942251e-06,0.0417046143434591,0.958289623711331,3
"20685",3.38664133393377e-10,0.999999918710161,8.09511749401669e-08,2
"20687",0.998992055974811,0.000834472919744542,0.000173471105444173,1
"20689",1.76933154528961e-28,0.999999998726453,1.27354729946513e-09,2
"20691",0.998063815697087,0.00193617210399032,1.21989226460787e-08,1
"20693",2.32836249046404e-18,0.0882346939789026,0.911765306021098,3
"20695",0.916131398277982,0.00606898240330395,0.077799619318714,1
"20697",1.47396304119444e-10,0.0191737741361647,0.980826225716439,3
"20699",0.000473659946113793,0.00998684515502691,0.989539494898859,3
"20701",2.27384732475165e-08,0.0155218072230417,0.984478170038485,3
"20703",9.35784594498795e-09,0.999999989408142,1.23401196600301e-09,2
"20705",2.31024897745235e-14,0.0402402835090864,0.959759716490891,3
"20707",0.29567187254856,0.0160108822205972,0.688317245230843,3
"20709",0.17767389245923,0.643611184340826,0.178714923199944,2
"20713",0.00959406145855538,0.98542552539727,0.0049804131441751,2
"20715",4.6999336435631e-17,0.999999096759133,9.03240866737439e-07,2
"20717",0.929276209052774,0.0111587774622106,0.0595650134850156,1
"20720",1.48005025092991e-09,0.0143296551226143,0.985670343397336,3
"20722",3.49038823302211e-08,0.0115189318739151,0.988481033222203,3
"20724",0.992090434467529,0.000579180334022434,0.00733038519844881,1
"20726",1.37723271858024e-16,0.0485546298903686,0.951445370109631,3
"20728",0.966387748172564,0.00780827305758838,0.0258039787698472,1
"20730",0.969777919386422,0.00145286707352588,0.0287692135400516,1
"20732",6.19819686158298e-13,0.79283388615884,0.20716611384054,2
"20734",0.000183063813883411,0.00610519502777154,0.993711741158345,3
"20736",0.997246054590113,0.00244392245658542,0.000310022953302055,1
"20738",1.46687805975318e-20,0.999999531822286,4.68177714134499e-07,2
"20740",2.16614970766103e-12,0.95144536623869,0.0485546337591438,2
"20742",0.395679985608742,0.269410857428674,0.334909156962584,1
"20744",0.990681773094502,0.00931777334375842,4.53561739973082e-07,1
"20746",0.0157476237030956,0.00403855674934138,0.980213819547563,3
"20748",0.997399003552706,0.000570023799227915,0.00203097264806597,1
"20750",0.992367470603808,0.00151249089971806,0.00612003849647352,1
"20752",7.0922699948947e-07,0.00693722340514568,0.993062067367855,3
"20754",0.0167367654043139,0.983262672496924,5.62098762603551e-07,2
"20756",0.624905050693677,0.0129363981076067,0.362158551198716,1
"20758",3.03548835654368e-06,0.999987087499169,9.87701247412358e-06,2
"20760",0.997980199748352,0.00100098217295055,0.00101881807869731,1
"20762",0.00491944291134914,0.995077217244028,3.33984462276558e-06,2
"20764",0.982614169804103,0.017274858020316,0.000110972175581517,1
"20766",0.9979682688361,0.000416532317392838,0.00161519884650692,1
"20768",0.994211575178078,0.00103885066094315,0.00474957416097904,1
"20770",0.00125161873860827,0.739719228837674,0.259029152423717,2
"20772",1.729823611792e-14,0.00844829953619566,0.991551700463787,3
"20774",1.64633683281574e-26,0.970745416828491,0.0292545831715094,2
"20776",0.00431496216986152,0.0371198949691212,0.958565142861017,3
"20778",2.01340297653622e-26,0.999934449213393,6.5550786606746e-05,2
"20780",4.24605863786673e-06,0.99999575385048,9.08820990796945e-11,2
"20782",0.0204654988651778,0.97953446616826,3.49665620427456e-08,2
"20784",0.0015067495323204,0.998473686136969,1.95643307106909e-05,2
"20786",0.928795151770687,0.0712048481817184,4.75939710306298e-11,1
"20788",0.343614424518891,0.00852893243934467,0.647856643041764,3
"20790",0.949334705173686,0.0487622956437727,0.00190299918254187,1
"20792",0.0390764702842772,0.247722897436759,0.713200632278964,3
"20794",0.966134981623649,0.0336496730253204,0.000215345351031126,1
"20796",2.58362460116046e-14,0.00975560247268759,0.990244397527287,3
"20798",0.995643950662349,0.00435604928531199,5.23387116086113e-11,1
"20801",0.000982781607797344,0.999015297034971,1.92135723107524e-06,2
"20803",0.0104226051532185,0.0268503635164025,0.962727031330379,3
"20805",1.64275876428906e-05,0.00648422859864139,0.993499343813716,3
"20807",0.995643950662349,0.00435604928531199,5.23387116086113e-11,1
"20809",0.00657472126324074,0.714045729052022,0.279379549684737,2
"20811",5.98537075979122e-09,0.999593478563351,0.000406515451277752,2
"20813",0.00125433817930428,0.616816062470679,0.381929599350016,2
"20815",0.352657531295745,0.647342468704126,1.28712693186194e-13,2
"20817",0.968356243895154,0.000957017512748228,0.0306867385920982,1
"20819",0.000103830116728469,0.0170867744843774,0.982809395398894,3
"20821",5.49057431670447e-17,0.999999991995232,8.00476809206726e-09,2
"20823",0.0208310825963618,0.00885411678759672,0.970314800616042,3
"20825",0.977173167118592,0.00347169060878024,0.019355142272628,1
"20827",0.806606797642659,0.165034199290914,0.0283590030664278,1
"20829",7.77107466519358e-20,0.713014715079155,0.286985284920845,2
"20831",0.728666235549366,0.0302919389802302,0.241041825470404,1
"20833",0.0085124363444205,0.991487563566883,8.86970294208073e-11,2
"20835",0.989103512551366,0.0015334183555833,0.00936306909305121,1
"20837",0.927689900166716,0.00447686369638282,0.0678332361369008,1
"20839",0.992255659333495,0.000843868431298109,0.0069004722352065,1
"20841",3.2011245319414e-08,0.625413616071885,0.374586351916869,2
"20843",0.100796539236677,0.011832101010939,0.887371359752384,3
"20845",0.848461094004833,0.0867122449337253,0.0648266610614414,1
"20847",9.07959417232594e-05,0.0115939316519602,0.988315272406317,3
"20849",6.97198920341087e-05,0.0180842067084196,0.981846073399546,3
"20851",3.00757996673061e-06,0.0168576698448201,0.983139322575213,3
"20853",7.39843101460819e-14,0.0739925479979009,0.926007452002025,3
"20855",5.13186785728214e-11,0.154529648323864,0.845470351624817,3
"20857",0.000467831400307119,0.0133124098096602,0.986219758790033,3
"20859",1.01627682409653e-06,0.00371720925957139,0.996281774463605,3
"20861",1.61896566303535e-08,0.999998443750681,1.54005966243751e-06,2
"20863",0.995680205011079,0.00348053145976503,0.000839263529156511,1
"20865",0.513005358701231,0.232857978343301,0.254136662955468,1
"20867",1.01789935763416e-23,0.566090483253172,0.433909516746828,2
"20869",0.965324585435605,0.0216361805247591,0.013039234039636,1
"20871",1.63338097796159e-17,0.974439791409583,0.0255602085904167,2
"20873",1.40920988318916e-11,0.293575379381798,0.70642462060411,3
"20875",2.67604569072373e-08,0.00685352979929768,0.993146443440245,3
"20878",0.00159304968736554,0.998406950312339,2.94985892081207e-13,2
"20880",0.000328428248262928,0.999671571713581,3.81561788233926e-11,2
"20882",1.72366911085383e-18,0.0729290292865907,0.927070970713409,3
"20884",0.978611062015031,0.00161008168384534,0.0197788563011236,1
"20886",0.986518698440332,0.00361939329513978,0.00986190826452818,1
"20888",0.77448210997164,0.225517731611276,1.58417083472698e-07,1
"20890",0.986887395472868,0.00041548109521023,0.0126971234319221,1
"20892",3.34040780341801e-05,0.018182465481586,0.98178413044038,3
"20897",0.00359111621360227,0.0341665775780739,0.962242306208324,3
"20899",0.0199511645406767,0.0206283659743158,0.959420469485007,3
"20901",4.70801710303341e-22,0.999999999658431,3.41569005322522e-10,2
"20903",1.50659011572642e-18,0.99997347228313,2.65277168700438e-05,2
"20905",2.58745755559915e-12,0.999658763959221,0.00034123603819112,2
"20907",2.34508471597874e-13,0.115815106060647,0.884184893939118,3
"20909",0.00871013163524213,0.552393464413357,0.438896403951401,2
"20911",2.27822351502648e-31,0.999999999959671,4.03289857083347e-11,2
"20913",0.213145326155285,0.0323571397704145,0.754497534074301,3
"20962",3.57487979955818e-05,0.00243292764229166,0.997531323559713,3
"20969",1.65013697247354e-06,0.207092894460015,0.792905455403012,3
"20980",3.95302044900359e-06,0.0101765794035355,0.989819467576015,3
"20982",3.7200757079698e-08,0.00484204015731057,0.995157922641932,3
"20984",0.0283162202095477,0.305879592791617,0.665804186998836,3
"20994",2.07896018952661e-09,0.0362140432699206,0.963785954651119,3
"21015",0.962884571264587,0.0370361841431422,7.92445922706279e-05,1
"21023",7.95442661770911e-14,0.158489005189203,0.841510994810717,3
"21040",1.18807697698734e-12,0.723837802784945,0.276162197213867,2
"21073",2.82108597014988e-05,0.199786085249938,0.800185703890361,3
"21222",0.980527669602464,0.00117736183219856,0.0182949685653372,1
"21224",0.0021100501339563,0.0115576820616683,0.986332267804375,3
"21228",1.65338660958433e-07,0.999500681687921,0.000499152973418057,2
"21232",4.12067096037999e-14,0.0204210813158413,0.979578918684117,3
"21237",1.56539619361869e-14,0.920770183222265,0.0792298167777198,2
"21240",0.957128837384998,0.00306467970221734,0.0398064829127847,1
"21245",0.998269272609399,0.000349072363610674,0.00138165502699007,1
"21252",6.11867199210485e-13,0.0741964768090471,0.925803523190341,3
"21254",8.63579390431317e-09,0.369908865201954,0.630091126162252,3
"21258",2.80934884301936e-06,0.176506685272819,0.823490505378338,3
"21264",0.848073545710292,0.00346804247985979,0.148458411809848,1
"21305",2.18658328391654e-05,0.988683576340884,0.0112945578262772,2
"21333",2.06202131004684e-08,0.0184470755932071,0.98155290378658,3
"21366",0.00897089426101331,0.0317553169457994,0.959273788793187,3
"21377",0.995950433850592,0.00404734229648439,2.22385292354059e-06,1
"21380",6.81326553129286e-16,0.999999995028372,4.97162683395057e-09,2
"21387",6.43994972541858e-31,0.999999999997512,2.48807164514957e-12,2
"21390",1.38544804528025e-12,0.110018732223933,0.889981267774681,3
"21392",5.36006777339074e-05,0.036789501829486,0.96315689749278,3
"21403",9.3138401731464e-06,0.0306363926720158,0.969354293487811,3
"21408",1.13541398479554e-12,0.0379395820249814,0.962060417973883,3
"21412",6.30372807754872e-12,0.999703137393273,0.000296862600423665,2
"21421",0.0172031604619283,0.00692742689081453,0.975869412647257,3
"21424",2.40747906504017e-20,0.997408882684057,0.00259111731594346,2
"21429",1.52813504187048e-09,0.0111987010932656,0.988801297378599,3
"21431",0.00140979612662363,0.0166944196995944,0.981895784173782,3
"21436",0.000160552854922608,0.999685974639232,0.000153472505844964,2
"21439",5.48568163844994e-05,0.00165138710154425,0.998293756082071,3
"21442",0.0780527625322877,0.0952549474604528,0.82669229000726,3
"21444",0.974494258825577,0.00820545490620949,0.0173002862682135,1
"21446",0.0103013708517042,0.989698629147476,8.20040523053704e-13,2
"21448",1.45616693302551e-13,0.999999999994637,5.21720135568189e-12,2
"21450",3.69564857958719e-06,0.339180914928893,0.660815389422527,3
"21452",1.35570094277726e-09,0.0858564206495177,0.914143577994781,3
"21466",4.50025719688282e-17,0.213645664528377,0.786354335471623,3
"21470",2.62781411792321e-06,0.00418512798672649,0.995812244199155,3
"21472",6.40009232153791e-12,0.0231531223409271,0.976846877652673,3
"21474",2.01149102112303e-07,0.0690729964504452,0.930926802400453,3
"21477",0.00141037429691574,0.998583078222797,6.54748028687244e-06,2
"21480",1.28160088465297e-30,0.999927035439963,7.29645600375927e-05,2
"21483",0.940992316304375,0.00275596775267471,0.0562517159429503,1
"21491",0.947327524972032,0.0141166440756691,0.0385558309522985,1
"21494",5.78799592613564e-28,0.99999999997808,2.19195308684766e-11,2
"21499",3.46941183163408e-19,0.995502156487787,0.0044978435122131,2
"21501",8.05220517850961e-16,0.989697430772248,0.0103025692277508,2
"21506",8.98131636291737e-07,0.00451455727698106,0.995484544591383,3
"21511",1.03770958098291e-10,0.983435567867975,0.0165644320282539,2
"21513",1.27820787874285e-07,0.680083257918025,0.319916614261187,2
"21521",7.19611044371414e-05,0.174947203076604,0.824980835818958,3
"21523",0.00355605403559806,0.0325578651027178,0.963886080861684,3
"21525",0.183889601317175,0.01792198551199,0.798188413170835,3
"21531",6.49744902266511e-18,0.0132278564221096,0.98677214357789,3
"21536",5.82579344132206e-07,0.0102581782969116,0.989741239123744,3
"21544",0.000663246659739435,0.00368730479784784,0.995649448542413,3
"21547",1.2049065666974e-10,0.034430307958306,0.965569691921203,3
"21551",1.07915572384415e-06,0.968177737110953,0.0318211837333227,2
"21556",1.36262092738027e-17,0.0954622944909872,0.904537705509013,3
"21559",7.19305465593066e-14,0.999999785984641,2.14015287010437e-07,2
"21563",2.83154575600873e-16,0.487033845946727,0.512966154053273,3
"21565",4.85616495639536e-14,0.00489458290267683,0.995105417097275,3
"21568",1.58591727987027e-11,0.0550932429406487,0.944906757043492,3
"21572",2.47155502909165e-24,0.0816980455927507,0.918301954407249,3
"21575",1.14682926718851e-21,0.993935801096792,0.00606419890320805,2
"21577",0.770097999750146,0.00273449886970926,0.227167501380144,1
"21579",0.00513199667863922,0.00832413484179497,0.986543868479566,3
"21581",0.995643950662349,0.00435604928531199,5.23387116086113e-11,1
"21584",0.003746378589471,0.996253563982212,5.7428316570151e-08,2
"21586",0.111095737078832,0.00532091427199852,0.883583348649169,3
"21588",0.000138272867005873,0.459736813368246,0.540124913764748,3
"21590",4.49589346637176e-13,0.039654391962851,0.960345608036699,3
"21594",1.99957943387408e-14,0.99999999999998,8.97069635609248e-20,2
"21596",0.993439120856666,0.000303738766219525,0.00625714037711412,1
"21598",1.7331789365123e-14,0.998516405313482,0.00148359468650126,2
"21600",0.514950634870555,0.0454369609832793,0.439612404146166,1
"21602",3.95722206136297e-07,0.0105554067113683,0.989444197566426,3
"21604",0.00729202710952194,0.0189108089041956,0.973797163986282,3
"21606",0.999059296891641,0.000903735948541201,3.6967159818091e-05,1
"21608",2.99814475700609e-07,0.785777757632351,0.214221942553174,2
"21611",4.16759680799187e-08,0.932229129155254,0.067770829168778,2
"21613",3.08190191113246e-06,0.0131556688393595,0.986841249258729,3
"21615",0.0829143670416802,0.0414602049603187,0.875625427998001,3
"21617",0.978873477865389,0.00113552355143889,0.0199909985831722,1
"21619",0.028571840892673,0.00619101072598932,0.965237148381338,3
"21621",0.000348901444535905,0.999651070734327,2.78211366805275e-08,2
"21623",0.97963254454225,0.00178387162453859,0.0185835838332115,1
"21625",0.998100075575999,0.00189989717150502,2.72524956664979e-08,1
"21627",0.000365151746132623,0.144695852607186,0.854938995646681,3
"21629",0.145864948741715,0.0742957123380362,0.779839338920248,3
"21631",0.999444444228036,0.000527044603661697,2.85111683020758e-05,1
"21633",1.62245803009317e-10,0.946273398346411,0.0537266014913427,2
"21635",1.57057366526618e-14,0.661853825970544,0.33814617402944,2
"21637",0.000480984060265727,0.611085939044702,0.388433076895032,2
"21639",6.28965583780487e-08,0.033114150359738,0.966885786743704,3
"21641",0.000338398410180255,0.878859331740776,0.120802269849044,2
"21643",0.000109491831024384,0.00732129326280467,0.992569214906171,3
"21645",0.992130596566318,0.00107993910537153,0.00678946432831022,1
"21648",0.000241040176297241,0.0087139453533745,0.991045014470328,3
"21650",4.69224051422611e-28,0.999999999834762,1.65238328316148e-10,2
"21652",3.51748366368606e-07,0.00674456420544123,0.993255084046192,3
"21654",5.64433588977061e-20,0.99999972421517,2.75784829418504e-07,2
"21656",0.944223827309827,0.0497015643607736,0.00607460832939954,1
"21658",0.998140470425464,0.0018595295463612,2.81750509099333e-11,1
"21660",0.00434499964923373,0.995655000207326,1.43440162324508e-10,2
"21662",1.27750952564836e-07,0.999998639052734,1.23319631364814e-06,2
"21664",0.998060299229073,0.000362521691560151,0.00157717907936657,1
"21666",1.06390704102318e-08,0.999999960062359,2.92985707461737e-08,2
"21668",0.973205741102894,0.00142803762856483,0.0253662212685411,1
"21671",1.90315451545248e-08,0.112624262009336,0.887375718959119,3
"21673",0.079302144842006,0.920685415758086,1.2439399907978e-05,2
"21675",0.017655284334694,0.0756299576213197,0.906714758043986,3
"21677",4.86765764335238e-15,0.00605277656688302,0.993947223433112,3
"21679",3.40637048976656e-06,0.997107914573849,0.0028886790556619,2
"21681",0.0143864626418414,0.179155692052595,0.806457845305563,3
"21686",9.27988574800784e-14,0.0772611921381774,0.92273880786173,3
"21689",4.73600121223575e-11,0.0126434745977917,0.987356525354848,3
"21706",2.04395577014974e-05,0.0146171065215169,0.985362453920782,3
"21708",6.16468612566112e-14,0.0161266323673119,0.983873367632626,3
"21711",0.0339445930520149,0.00290432310108552,0.9631510838469,3
"21716",5.32931690374873e-30,0.999999879692625,1.2030737457233e-07,2
"21719",1.34528857307647e-05,0.0286512428437033,0.971335304270566,3
"21722",0.000782657392663491,0.00283762710635142,0.996379715500985,3
"21725",1.27644321395144e-05,0.00916824328327212,0.990818992284588,3
"21728",7.82515170074967e-09,0.0785823450264126,0.921417647148436,3
"21732",7.65072098808436e-08,0.00796057321608902,0.992039350276701,3
"21734",4.92603596778335e-15,0.0254875129977326,0.974512487002263,3
"21737",0.0098998408163879,0.00957252285522581,0.980527636328386,3
"21740",1.13735012930922e-09,0.999999905996807,9.28658434615205e-08,2
"21742",1.23505717289944e-28,0.999999999247902,7.5209786954265e-10,2
"21745",0.000470509207726005,0.191195854437723,0.808333636354551,3
"21747",3.68034010280458e-13,0.993683256232009,0.00631674376762239,2
"21749",0.979616967052862,0.0110421599939178,0.00934087295322036,1
"21751",9.03529306978982e-11,0.0360572259319457,0.963942773977701,3
"21753",5.1964727131395e-11,0.947104005723467,0.0528959942245684,2
"21756",2.93021475371191e-11,0.00803837991716761,0.99196162005353,3
"21759",0.0995139686772496,0.486215150618616,0.414270880704135,2
"21761",2.3011745918165e-09,0.0713030459007749,0.92869695179805,3
"21763",0.000516925055117098,0.94063767905895,0.0588453958859327,2
"21765",4.01574926244777e-15,0.999968330154039,3.16698459566902e-05,2
"21767",1.97265874781738e-12,0.0300655776279243,0.969934422370103,3
"21769",2.67226590929006e-23,0.940176826925269,0.0598231730747314,2
"21771",9.41763086072386e-12,0.00860600635507135,0.991393993635511,3
"21774",0.996007220640296,0.000625074923213215,0.00336770443649065,1
"21776",1.73897420872159e-14,0.08490359525481,0.915096404745173,3
"21778",3.59240471813047e-06,0.179096125802026,0.820900281793255,3
"21780",1.24664172125725e-16,1,6.95910789271883e-18,2
"21783",4.02764283298162e-05,0.0114693340006062,0.988490389571064,3
"21785",5.05439881261232e-07,0.0636044579578612,0.936395036602257,3
"21788",1.72849452373263e-15,0.0260630680805862,0.973936931919412,3
"21790",2.36502846696568e-23,0.244535936489586,0.755464063510414,3
"21793",9.64501355044686e-08,0.0261542209930979,0.973845682556767,3
"21796",0.0115223121434032,0.013660650410202,0.974817037446395,3
"21798",8.46458954305757e-15,0.999992737220092,7.26277989923226e-06,2
"21801",2.66357445887511e-23,0.265142010752905,0.734857989247095,3
"21803",5.97905957184004e-06,0.0076918375614598,0.992302183378968,3
"21805",2.06423895222213e-26,0.999936225106774,6.37748932255963e-05,2
"21807",1.48570991744327e-08,0.999982279527317,1.77056155841064e-05,2
"21810",2.25268156417375e-08,0.0299520675677337,0.970047909905451,3
"21812",1.89567227754964e-19,0.99975683151738,0.000243168482620123,2
"21816",3.88775610045112e-08,0.0191739828760973,0.980825978246342,3
"21819",5.09581403420208e-20,0.999887738169984,0.000112261830015926,2
"21821",1.03390563101356e-10,0.999999978265519,2.16310900377546e-08,2
"21823",0.995651877622694,0.00423741629581217,0.000110706081494222,1
"21825",8.32304097263805e-08,0.00506729382736082,0.994932622942229,3
"21827",4.36149125813551e-13,0.978751473900721,0.021248526098843,2
"21829",2.36893129258879e-15,0.495845233425708,0.504154766574289,3
"21832",4.66724081966211e-08,0.999672353946154,0.000327599381438303,2
"21834",1.32344179868441e-09,0.0402123150822423,0.959787683594316,3
"21836",1.32344179868441e-09,0.0402123150822423,0.959787683594316,3
"21839",0.165420540556696,0.0441024783466601,0.790476981096644,3
"21841",5.52256207020904e-06,0.999806669781025,0.000187807656904727,2
"21843",0.924733112432593,0.0250893167107079,0.0501775708566994,1
"21846",1.58125905381331e-17,0.972661223676157,0.0273387763238432,2
"21848",1.38485411849382e-11,0.90269766731477,0.0973023326713818,2
"21850",0.000410874222280168,0.00276495836778177,0.996824167409938,3
