"","V1","V2","V3","V4","V5","result$classification"
"19812",0.0244047666089577,0.974668012152699,5.44939015841982e-06,0.000789840860980848,0.000131930987204367,2
"19814",0.00273385758734733,0.991899256044171,0.00533054268483332,2.9724427573943e-05,6.61925607390062e-06,2
"19816",0.97545038560119,0.0243916988394496,3.51077324493091e-06,1.09716468124835e-05,0.000143433139303362,1
"19818",0.0543228342221197,0.925970687622287,0.0195650316971026,7.25617579975534e-05,6.88847004936315e-05,2
"19820",0.99990833589495,1.52929086601587e-06,7.37343069532557e-09,8.98586023764754e-05,2.68838376436022e-07,1
"19822",0.941238485631135,2.78751564346184e-05,5.23462271024856e-06,0.0587229079313355,5.49665838460627e-06,1
"19824",0.995177073803636,0.00131158009609439,0.00291877792243464,8.63838193435985e-05,0.000506184358491607,1
"19826",0.0378009392733595,0.948828005168461,9.14821252605692e-05,2.44451854143219e-05,0.0132551282475044,2
"19828",0.998494915652994,0.00112055790826465,5.84229185728112e-06,0.000377866822228698,8.17324655519808e-07,1
"19830",0.000369353549262753,0.996973092159399,0.000235821397271353,0.000650679170088584,0.00177105372397803,2
"19832",0.150015294456995,0.31252851559227,6.48601657377964e-06,0.537432185378658,1.75185555024195e-05,4
"19834",0.86579883012991,0.118749172930514,0.000358728257755662,0.0150869458196955,6.32286212492377e-06,1
"19836",0.279263998011919,0.604370008830854,6.99572170508051e-06,0.000328710624892268,0.116030286810629,2
"19838",8.73318533677565e-05,0.998644127906633,0.00116228432579317,9.43924253068503e-05,1.18634888988582e-05,2
"19840",0.768455644890196,0.227285903402388,2.70884821111396e-05,6.97962125486613e-05,0.00416156701275669,1
"19842",1.93656003978854e-05,0.102580146917338,5.65468945544296e-05,8.30543714809202e-07,0.897343110043995,5
"19844",1.80458698409149e-05,3.570547471392e-05,0.999898351631406,1.90902425019261e-07,4.77061216146453e-05,3
"19846",2.06508182407501e-05,0.783515218366945,0.211440680702399,4.79635303576311e-07,0.00502297047711099,2
"19848",3.21141806014193e-05,0.914828361336536,0.0847552968775191,1.62860541533739e-06,0.000382598999927656,2
"19850",0.000316308972704167,0.653480372158799,0.346098101947733,8.01843799890058e-06,9.71984827654645e-05,2
"19852",0.646237189153804,0.352577970747375,0.000856303099553302,0.000291256734335819,3.72802649320853e-05,1
"19854",3.06407314489609e-05,0.990234448707414,0.00963544387305549,3.57499832935638e-06,9.58916897516605e-05,2
"19856",0.00108186359966586,0.0234155010286989,0.975098401438526,2.82351538661378e-05,0.000375998779242641,3
"19858",0.0265046538571994,0.00395663669105705,0.969245201585136,0.000223844586414833,6.96632801930162e-05,3
"19860",0.299168344814634,0.700500327917849,8.81187176066906e-05,0.00017128075343465,7.19277964758981e-05,2
"19862",1.10518829826843e-05,0.971258433898576,0.0128613746091879,5.8130439509006e-07,0.0158685583048585,2
"19864",3.90496885193228e-05,1.91443589975787e-05,5.80243547494173e-06,3.32524833762676e-07,0.999935670992174,5
"19866",0.955139888200639,0.00645053784491767,2.88245446394131e-06,3.60843229177291e-05,0.0383706071770622,1
"19868",1.82117668273077e-05,0.000194688352977518,7.49439210445041e-05,0.999711369545962,7.86413188332449e-07,4
"19870",0.000493290085096367,0.992131546798786,0.00577582963601792,5.49284829531036e-06,0.00159384063180421,2
"19873",0.0313361229946296,0.964409570652261,0.00167025776549653,1.45429692674153e-05,0.00256950561834592,2
"19875",0.993466289191801,0.00603018286647889,1.87356205775874e-07,0.000500907783831624,2.43280168295699e-06,1
"19877",0.00457907192176628,0.991713244047709,0.00351553989375956,4.18233789903174e-05,0.000150320757775102,2
"19879",0.294258478724837,0.696502223069137,0.00727605918712886,0.00163215486974394,0.000331084149153187,2
"19881",0.012885703387461,0.958268201530143,0.00246180584704795,1.9552905406959e-05,0.0263647363299417,2
"19883",0.00480288916457476,0.749395057601545,0.00020571146013756,2.84246191306968e-06,0.245593499311829,2
"19899",0.381884476631191,0.60514857499107,6.28041479844773e-05,0.00990243174108582,0.00300171248866888,2
"19908",0.172450644450304,0.0199079343878141,0.00593405446843272,0.0763319264786379,0.725375440214811,5
"19910",0.35129649820481,0.647332755697088,0.000702820310314446,0.000102643020084072,0.000565282767703055,2
"19912",4.04872271910015e-05,0.544827063885543,0.00162167149884359,1.92860162062176e-06,0.453508848786801,2
"19914",0.201457160340384,0.790600522747287,0.00160214661323725,0.00611745571122293,0.000222714587869579,2
"19916",0.624671756129818,0.000617639240974483,0.000503641035658007,0.000112292644710679,0.374094670948839,1
"19918",0.000631398675283892,0.829120711846108,0.167073977308507,6.22064550087316e-07,0.00317329010555078,2
"19920",3.98280539063892e-05,0.106668084769454,0.893237366874971,3.76813725342865e-07,5.43434879433527e-05,3
"19922",0.0205753166144723,0.333172383381851,5.56092575159161e-05,0.646178327011463,1.83637346970808e-05,4
"19924",0.0113153230249728,0.949055451591649,0.039327611433918,2.01604037669915e-05,0.000281453545693445,2
"19926",0.561573367229548,0.386713768113753,2.76245823311345e-06,0.0256775536028137,0.0260325485956521,1
"19928",1.67044767687463e-07,3.57999295221918e-06,3.79352404146457e-06,3.17893461169523e-08,0.999992427648892,5
"19930",0.00107392121014962,0.998436939889473,0.000381890508855948,1.68989260222357e-05,9.03494654989259e-05,2
"19932",6.34503390227383e-05,0.99649612464734,0.0033996349984397,1.12781982956269e-05,2.95118169017973e-05,2
"19934",0.955806821661085,0.0416244223779173,0.000164765485619714,0.00240140563993125,2.58483544657692e-06,1
"19936",0.0110930973979967,0.987961027127619,0.000262204833960376,0.000645140062696295,3.85305777275481e-05,2
"19938",0.995921350894483,0.000657956531698158,5.49349193708266e-05,0.00333119455128902,3.45631031593426e-05,1
"19940",0.093666922188106,0.874451872367417,0.00127577504070197,1.71007895676052e-05,0.0305883296142075,2
"19942",2.51577669984269e-06,3.17607264626445e-05,1.04060793649282e-06,1.69037660869369e-08,0.999964665985135,5
"19944",0.73339416520665,0.264356477242812,6.92530912453504e-05,0.000113806974692271,0.00206629748460052,1
"19946",0.108844055370555,0.863566783464251,0.0271923089298986,0.000115133429699205,0.000281718805595273,2
"19948",2.74319998003824e-06,0.000104916381835647,6.04547001568401e-06,5.53703011530054e-09,0.999886289411138,5
"19950",1.1683139458138e-06,0.0018352446023533,0.998161993816929,3.33808289661242e-07,1.25945848262053e-06,3
"19952",2.74319998003824e-06,0.000104916381835647,6.04547001568401e-06,5.53703011530054e-09,0.999886289411138,5
"19954",0.000242470827772999,0.997948848707017,0.00171096530896136,5.6313394195781e-06,9.20838168295125e-05,2
"19956",2.78559062706208e-05,0.31307579134049,0.671071206122463,0.000276905493728218,0.0155482411370489,3
"19958",0.000236016736221944,0.00381657579282412,0.00136929294457888,0.994574649270382,3.46525599349801e-06,4
"19962",0.187759708169238,0.60542733065405,0.202932858561459,0.00324155092552507,0.000638551689728348,2
"19964",0.0586668095704531,0.884745408210658,0.0270551858892778,4.46477670233975e-05,0.0294879485625878,2
"19966",0.989987367718144,0.000283981081439916,7.71429365886722e-08,0.000114579197517645,0.00961399485996128,1
"19969",0.000767052359251232,0.989903792218265,0.000214777535069714,4.8485635330783e-06,0.00910952932388139,2
"19972",0.00106269171905859,0.757804204544682,0.115044111437749,5.06366672056737e-06,0.12608392863179,2
"19974",1.51240938954712e-06,0.0570647790399511,0.920004178452912,4.46435055071566e-08,0.0229294854542412,3
"19976",0.0179647068909934,0.92082909302854,0.0607223341067075,2.92951752299266e-05,0.000454570798529203,2
"19978",0.737963944000188,0.259421274676045,0.000949202934159655,1.37924534706585e-05,0.00165178593613595,1
"19980",2.21550026857008e-05,0.685167584807611,0.31473415260328,2.98550422272397e-06,7.31220822004957e-05,2
"19982",0.000291391030447543,0.158924032315223,0.84071262155954,4.75212778941181e-05,2.4433816895996e-05,3
"19984",2.02289628583703e-05,0.000510069962313455,0.999460493462455,2.28604441001538e-07,8.97900793223329e-06,3
"19986",0.999541430315731,8.65309558709303e-06,7.91137956669216e-09,0.000447281642157942,2.62703514496109e-06,1
"19988",0.999268269635517,8.31116405228889e-07,4.88606478432112e-09,0.000730761793665743,1.32568347340528e-07,1
"19992",0.999252083378561,1.25095782795501e-05,2.90533957571787e-07,0.00073502908361264,8.74255895695566e-08,1
"19994",0.00129061166781037,0.998512725109014,8.51150677144003e-05,5.08768013559007e-05,6.06713541053017e-05,2
"19996",0.999891999771399,2.03394674301175e-05,2.24198577632649e-07,8.73774371229139e-05,5.91254709105219e-08,1
"19998",0.0485344349507514,0.289454745297632,0.0104412301872702,0.000224733941138125,0.651344855623208,5
"20000",0.000145769045222854,0.976867408255789,0.000695659969381935,0.0177249958743041,0.00456616685530193,2
"20003",0.00738115396181734,0.991564640442858,5.21870111059505e-06,0.000237918843820869,0.000811068050392842,2
"20005",1.65270955630568e-05,0.920541353605751,0.076822864363321,5.79559156497456e-07,0.0026186753762086,2
"20007",0.621214761583214,0.373997803491882,0.0012283215855869,0.00349842871843545,6.06846208819856e-05,1
"20009",0.997117714482539,0.0008032726727444,0.000392414077844157,0.000864777075903049,0.000821821690968945,1
"20011",0.00630260082931869,0.94719651772202,0.0169424001192016,1.44334737118063e-05,0.029544047855748,2
"20013",0.000837396843312724,0.893241160268711,0.105866168417308,2.69657763803682e-05,2.83086942878648e-05,2
"20016",0.994173773668115,3.42404499139904e-05,1.04520539305651e-05,0.00577729137430687,4.24245373358558e-06,1
"20018",0.0111514911551156,6.30177958151076e-08,3.64913650756447e-09,0.988848346543669,9.56342833858777e-08,4
"20021",0.98466151882197,0.0148172286125186,3.17879119089397e-07,0.000497883272710078,2.30514136826899e-05,1
"20023",0.918532230182072,0.0794916498803078,0.00013978495934728,0.0017768736056872,5.94613725854085e-05,1
"20025",0.533323328149429,5.67834719028131e-05,1.73537775010913e-07,0.46661555493002,4.15991087258596e-06,1
"20027",0.000248961670605858,0.762296274971167,5.40474966801266e-05,6.69528841345151e-06,0.237394020573134,2
"20029",7.48634394040976e-05,0.96500515422759,0.0240388957552326,3.35779989264465e-07,0.0108807507977842,2
"20032",0.00023281566002997,0.99375939442258,5.09268853045562e-05,1.32351904387054e-05,0.00594362784164652,2
"20034",1.17009204075099e-05,0.000384467666441791,1.43237429132415e-06,3.36976299744976e-08,0.999602365341229,5
"20036",0.0460158780384163,0.757239565276842,0.188954463521075,0.00226300597184537,0.00552708719182201,2
"20038",0.991776414178596,0.000668652453025743,6.51436249740191e-09,0.00755365319754223,1.2736564738048e-06,1
"20040",0.984194729761591,1.26370935516632e-05,7.49335153224641e-06,0.0152899346754474,0.000495205117877909,1
"20043",0.995121151213484,0.00396345993326383,1.06523112613806e-06,0.000913938249621508,3.85372504566205e-07,1
"20045",0.992325464730531,1.09520895469232e-06,1.931620442872e-07,0.00767322918962811,1.7708842084265e-08,1
"20048",5.09044983598807e-07,6.22639622498787e-05,0.999936146451175,2.17584050282153e-07,8.62957541478371e-07,3
"20051",0.307861925403637,0.661363059357252,0.0121982939280133,0.0185740973175063,2.62399359048716e-06,2
"20053",0.985200546412478,0.0141743252334736,0.000292344443727625,0.000116664536497763,0.000216119373822796,1
"20055",0.775585631642938,0.0725368669526989,1.52700212424757e-07,0.151739845838894,0.000137502865256075,1
"20057",1.69891244729445e-06,0.000194701078830624,0.00158933482416081,0.998150450298099,6.38148864617991e-05,4
"20059",0.982444141787012,0.0130759426513644,4.06101491372006e-05,0.00356164857542889,0.000877656837057394,1
"20061",0.885045899293428,0.113455796007467,0.00021800201854384,0.000543033441074848,0.000737269239486497,1
"20063",0.0153089554177625,5.76945801856811e-05,0.982057766389131,0.000701303446637,0.0018742801662843,3
"20065",0.134294148065937,1.2967247469295e-05,2.79969483534435e-10,0.865692859310315,2.50963094627961e-08,4
"20067",0.987552968614345,0.000433219303234866,0.000273523169685221,0.0117402493406873,3.95720471484934e-08,1
"20069",2.90538785340009e-05,0.426765861852952,0.573175099352014,4.65559975289152e-06,2.53293167473664e-05,3
"20071",0.356668492736196,0.446030361094127,0.00172713169877248,0.00715548615719161,0.188418528313713,2
"20073",0.000827063328416132,0.076892761336335,0.921749406931772,1.3469395728987e-06,0.000529421463904477,3
"20075",1.17352567379147e-05,0.00030548192433592,1.32784192283809e-06,0.999681317101297,1.37875706101709e-07,4
"20077",0.983030527836702,0.0163009594927683,0.000504873757018982,0.000134998838052621,2.86400754577874e-05,1
"20079",0.157524366256625,0.0713841187079123,0.769349863346592,0.00167990022386603,6.17514650052128e-05,3
"20081",0.841434182048715,0.00968442821312626,9.18128397966155e-06,0.148872085332604,1.2312157442947e-07,1
"20083",0.00552128026681421,0.0171862996496331,0.970974802829672,0.00121124276286668,0.0051063744910142,3
"20085",0.996834829110798,1.58577373509848e-06,1.36336181782595e-09,0.00316353477962556,4.89724797775421e-08,1
"20088",0.998333109078469,0.000567645283215777,2.23769372804938e-07,0.00109884648495276,1.75383989820012e-07,1
"20091",0.00233999012298953,0.000145785406524789,3.68751021265507e-06,0.99751052838523,8.57504332698084e-09,4
"20095",0.0709714751909138,0.0171704660368047,0.858405786075024,0.000392834844570384,0.0530594378526875,3
"20097",0.987193979366652,3.02860258979409e-06,1.86939825924222e-09,0.0128029654918537,2.4669506277201e-08,1
"20099",0.85637012015845,0.00268066473341563,0.00501472619286604,4.61551999071068e-06,0.135929873395277,1
"20102",0.0016618598908459,0.00276176242679463,0.92736396576588,0.0682111742795259,1.2376369532454e-06,3
"20105",0.992813076482827,0.00615057597656223,0.000659307797937967,0.000376146288088381,8.93454584104266e-07,1
"20107",0.999177414745566,0.000659633326130919,6.5250219606915e-07,0.000158737089429997,3.56233667721016e-06,1
"20109",0.675270810325883,0.025593873710837,0.297667964811505,2.40979187588078e-05,0.0014432532330167,1
"20111",0.000184353980179045,0.473967975347858,0.0186908190053257,0.507097840688927,5.90109777098334e-05,4
"20113",0.954276532868489,0.0198486178112349,1.83532552955656e-06,0.000313834352556205,0.0255591796421905,1
"20115",0.000159444135359932,0.992828224153108,0.00105081777144094,0.000368986013810414,0.00559252792628026,2
"20117",0.114534710566998,0.00172727613244992,7.02707895882487e-06,0.528279031227346,0.355451954994247,4
"20119",0.960418947886689,0.000335815186108177,4.22959877316726e-08,5.47924870984843e-05,0.0391904021441169,1
"20121",0.999457134457304,9.67815180458831e-05,2.63889435874831e-08,0.000443696014139481,2.36162156694433e-06,1
"20123",0.00134508210296175,3.33973230668138e-05,1.56082772746927e-08,0.998621484330012,2.06356828003573e-08,4
"20125",0.000222976676236382,0.887319268249624,0.112410128618849,2.77574030642209e-05,1.9869052226519e-05,2
"20127",0.99965926485875,1.41876779625382e-05,2.57152061629165e-06,0.000323777817528382,1.98125142380195e-07,1
"20140",0.374435380082103,0.175790104297247,2.19439427898359e-06,0.447620404471589,0.00215191675478224,4
"20142",2.16386355326075e-06,0.00584495941942527,0.994149402796798,8.90486141548793e-07,2.58343408158335e-06,3
"20144",0.000129105074264735,0.983952368971244,0.00862113771941495,0.00720404236667381,9.3345868401748e-05,2
"20146",0.0064841234815599,0.601855787887412,0.38797195060469,0.00357249503322672,0.000115642993110481,2
"20148",0.00745048099662797,0.992119832876532,0.000287232113391242,0.000113310606484255,2.91434069644653e-05,2
"20150",4.77496689064504e-06,0.386771856680743,0.610537701290179,2.83535661411762e-07,0.00268538352652644,3
"20152",0.0323530192816685,0.967117030423244,0.000215587566053373,0.000174661753262722,0.000139700975771136,2
"20154",0.0348531137773196,2.29267494807385e-05,8.80883397693084e-06,0.965115148649263,1.98995947322328e-09,4
"20156",0.740955325631599,0.168389074158051,0.0696757334110148,0.0205159207666395,0.000463946032695659,1
"20159",2.8436197745925e-05,0.361617186877485,0.638328747595347,8.67292096847311e-06,1.69564084535472e-05,3
"20161",0.000608109965637121,0.0106694127227007,0.988436900588853,6.18061583249713e-05,0.000223770564483862,3
"20163",0.0449955055594834,0.95253361073462,1.24983260192569e-05,0.00136232563424279,0.00109605974563451,2
"20165",0.00878551153694411,0.000960260660583823,0.990228541413316,2.3271706577401e-05,2.41468257842053e-06,3
"20167",0.00465406736228311,0.983149702431769,0.0121655472277263,9.34279904951782e-06,2.13401791723137e-05,2
"20169",6.08429546498265e-07,0.00026482634035866,0.999733308515481,2.71199581480772e-07,9.85515032553483e-07,3
"20171",0.00821859177593307,1.50406305052212e-06,8.52288871338289e-06,0.99177138019715,1.07515319059167e-09,4
"20173",0.0535562203533922,0.00120378679180883,0.220623498520297,1.73484606176937e-05,0.724599145873884,5
"20175",0.00169291283706359,0.987310592553755,0.0106132406416427,2.3579705096983e-05,0.000359674262441754,2
"20177",0.513444821698682,0.00417596022475766,0.000240529429031689,1.16755162792652e-05,0.482127013131249,1
"20180",0.997114528624851,7.23518250032235e-05,2.45675196000485e-10,0.00279616451410398,1.69547903668046e-05,1
"20182",5.86690279149814e-08,0.000209763647729515,0.99767308652864,2.28167326496681e-05,0.00209427442195335,3
"20184",0.000148219914424255,0.0452144798134833,0.954620793052495,2.92415671989158e-06,1.35830628777567e-05,3
"20187",0.00417037980057581,0.002438849958215,0.00132547298421876,8.63513900428424e-07,0.99206443374309,5
"20189",0.921876245439629,0.0595979605786566,1.84476402089458e-05,1.03631322115524e-05,0.0184969832092943,1
"20192",0.806276684691931,0.00614128098138695,8.15855477481158e-06,0.155108651378606,0.0324652243933014,1
"20194",0.000188759156779549,0.100722849227999,0.725268983456057,5.54632786911412e-06,0.173813861831295,3
"20196",0.824104604846002,0.000168238585693704,3.4369020553282e-07,0.1757265781451,2.34732998776052e-07,1
"20198",0.289720908720172,0.701744330113829,0.000952758263401801,0.00681624847264778,0.000765754429948757,2
"20204",3.75261407231691e-05,0.428564007151374,0.571355247243551,1.25592966421479e-05,3.06601677100151e-05,3
"20207",0.907207431571221,0.000360681457830017,4.45777515484627e-05,0.0923872819754406,2.72439598781011e-08,1
"20209",0.000724629914658086,0.889823903011542,9.26152461146886e-06,0.0590040576987503,0.050438147850438,2
"20211",0.00109544713540815,7.90526968076769e-05,1.19976199014083e-07,0.998825379688973,5.02612103812559e-10,4
"20215",0.975952915080652,0.0226351993319225,5.28182753168929e-05,0.00133741266548325,2.1654646625429e-05,1
"20218",3.66433413966033e-06,0.0172771886777299,0.982715389470633,8.81400177048934e-07,2.87611732004585e-06,3
"20222",0.919189585698373,0.0111052816766673,0.000121026827756262,0.0695839509357495,1.54861453925456e-07,1
"20225",0.000229089990426443,0.969657001095158,0.029034339047032,0.000670028803679522,0.000409541063704,2
"20229",0.0430294313436977,0.816246568001863,0.00124413259127078,0.136062366183971,0.00341750187919769,2
"20232",0.851631675925775,0.123914259200692,2.96080625386555e-05,0.0243356698141646,8.87869968302119e-05,1
"20234",0.871633445068539,1.09035634512128e-06,2.74666230000144e-09,0.128360406645724,5.05518273017051e-06,1
"20238",0.997803965792361,0.000569758472695031,1.1821377839394e-05,0.00161196110107832,2.49325602591511e-06,1
"20253",0.99883304125787,0.000290363232756311,2.00577437788282e-06,0.0008691535789562,5.4361560398813e-06,1
"20255",0.000323435974210873,0.99892033579648,0.000357914281585869,0.000393507318685566,4.80662903754863e-06,2
"20258",0.999746030992911,0.000182668335894622,9.02054039158867e-08,6.83920896387812e-05,2.81837615193342e-06,1
"20269",0.916778400123436,0.0331885188943245,0.0498546532786444,0.000113360418161818,6.50672854330325e-05,1
"20271",0.985985186017526,0.000447588017371649,3.3912876577432e-07,2.18508017500863e-05,0.0135450360345862,1
"20285",0.00534783788054437,0.0437211277447458,0.00151507454580412,1.46826189391138e-05,0.949401277209967,5
"20288",0.967430216036192,0.0297538941239511,0.000113045034531235,0.00268333240931395,1.9512396012022e-05,1
"20291",0.737445758029142,0.000302708808830943,3.353378879248e-06,0.262246925897253,1.25388589478568e-06,1
"20295",0.750692284739522,0.0719237474450103,0.0224394398310714,0.000204174728132133,0.154740353256264,1
"20298",3.84981828109884e-05,0.994759256541922,0.00510829351525396,4.57409487780887e-06,8.93776651353553e-05,2
"20302",0.00115540579514737,0.294544814578928,0.701859407176904,7.52106023117496e-06,0.00243285138878988,3
"20305",3.09743689031601e-05,0.99723824468651,0.00100810399097293,1.96918960115633e-06,0.00172070776401265,2
"20307",0.999502270669729,2.95056856698507e-05,4.5978780194469e-08,0.000468119059993321,5.86058281043963e-08,1
"20310",0.99778060979085,9.90234234195765e-07,3.97739078250041e-08,0.00221731173104176,1.04846996582995e-06,1
"20313",1.7149993674954e-07,0.000651979050865623,0.999330581498518,2.36204425747858e-08,1.72443302366487e-05,3
"20315",0.999084755026973,0.000769111040685454,5.74661122935613e-07,0.000120143125602884,2.54161456159232e-05,1
"20319",0.372352081702944,0.000273188166816047,2.02079381674304e-07,0.627374049406238,4.78644620151086e-07,4
"20321",0.999795426224754,0.000107320278281876,8.55085691080091e-06,8.59667131625848e-05,2.73592689018946e-06,1
"20327",0.99988432774166,5.69428056014846e-05,2.63352759228823e-07,1.09515215344017e-05,4.75145784448524e-05,1
"20329",1.60711123845862e-06,0.000242760662907413,0.000131747772357257,2.89528873345019e-09,0.999623881558208,5
"20335",0.889275734808187,2.84173244614629e-05,1.62037710096965e-06,0.110694223246445,4.24380489298025e-09,1
"20337",5.02165867348733e-05,0.712866781470897,0.287053783585815,1.02078515377194e-05,1.90105050147217e-05,2
"20339",0.00709545184758654,0.0119478974472083,3.70747276372824e-06,0.980216454044294,0.00073648918814715,4
"20341",0.0257419637066167,5.90214862704243e-05,0.000449867562677459,0.973749111496837,3.57475984078203e-08,4
"20343",0.990640986820042,2.39929339457336e-05,9.42562258914006e-05,0.00924040885034605,3.55169775336243e-07,1
"20345",0.00475187451186433,0.97192851075407,1.05877532417638e-05,4.99310291903404e-05,0.0232590959516331,2
"20350",0.433533315982361,0.163506908890754,0.0268618225533672,0.365003194698798,0.0110947578747192,1
"20352",2.49928472449166e-06,0.000488694893203753,0.999507783569505,2.79371342338393e-07,7.42881224748087e-07,3
"20355",0.00346679363709839,0.0285273860525164,0.967580521293484,0.000215881932401843,0.000209417084499496,3
"20358",2.49015519507452e-05,0.0362956276825072,0.0244634869370226,9.1671413748129e-08,0.939215892157106,5
"20363",0.999493893771874,0.000419171913255723,6.62153887813341e-06,7.95046967116787e-05,8.08079280319619e-07,1
"20365",0.409901102068868,0.0434264607184802,2.32110576096726e-06,0.546669303482799,8.12624091478689e-07,4
"20379",0.000419024574857724,0.997096274296611,0.00149064093330249,0.000655515690676,0.00033854450455253,2
"20387",0.99783231578274,0.000702245748338713,3.2381253766489e-07,0.00146491264381482,2.02012568822416e-07,1
"20392",0.00264546451921736,3.00524566626425e-05,1.05801629111369e-08,0.997324471781244,6.62713407354214e-10,4
"20395",0.0162969948855743,0.982249091440925,0.00109256793768013,0.00029900928147388,6.2336454347006e-05,2
"20397",2.29425136313595e-07,8.67135169227256e-05,0.00911429743681658,1.0862688258736e-08,0.990798748758436,5
"20410",0.988387467057038,0.0105525181805745,4.5059954747502e-08,0.000608302160984539,0.000451667541448515,1
"20414",0.00113527452951039,0.670069787611521,0.32868173538481,8.86744373398374e-06,0.00010433503042473,2
"20417",0.085970638402404,3.09455771302578e-07,1.46190910621371e-08,0.913932835957799,9.62015649350535e-05,4
"20419",0.999939457057251,2.98966291167663e-05,1.23142874897695e-06,1.93727278654664e-06,2.74776120971576e-05,1
"20421",0.0036449067328942,0.28437698490176,0.697068003205206,0.0148975912251093,1.25139350307049e-05,3
"20423",0.000257104277203941,0.608764591000087,0.390850630368948,0.000116593968915527,1.1080384844986e-05,2
"20425",0.000624668995286699,0.404974931469943,0.593983973922152,0.000411852534470094,4.57307814785279e-06,3
"20427",0.0456640996717787,0.953876582182191,0.00033264148948873,3.78711261413418e-05,8.88055304005114e-05,2
"20429",0.995126118132668,0.000190107757569268,0.000219221842161368,0.00417526365649843,0.00028928861110259,1
"20432",5.06048371594589e-05,0.149990160380102,0.849498931933645,4.53086322781759e-07,0.000459849762770151,3
"20435",0.784918553181582,0.188409671809306,1.16076662285468e-05,0.0263514141414734,0.000308753201409169,1
"20438",0.999131529196892,0.000424099459992831,0.000313641819891931,2.0016789784265e-05,0.000110712733439449,1
"20440",0.999775795999906,0.000158736581598985,1.76087324416981e-05,2.71816994666582e-05,2.06769865868492e-05,1
"20443",0.000204191354344715,0.00182957641913037,0.99792551492825,3.20214533556065e-05,8.69584491949302e-06,3
"20446",0.558409437863153,0.432889498981837,0.00450012732028831,0.00161292170657203,0.00258801412814977,1
"20449",0.784023509889812,0.20026058207036,2.58140829889621e-05,0.0153853437529402,0.000304750203899437,1
"20537",0.713700616709202,0.00838168006578878,0.000210532467241904,0.277703658076611,3.51268115637535e-06,1
"20540",0.00835813073894875,1.33439185313338e-05,7.49036649229989e-09,0.991628503362309,1.44898448687778e-08,4
"20543",0.202661319074222,0.792277615274957,0.00423271653539064,0.000754992723255898,7.33563921740222e-05,2
"20545",0.00115934893295216,5.60631894855237e-05,4.29469722899633e-07,0.998784158126237,2.81603041460084e-10,4
"20549",0.0469319183806196,0.933721716229239,0.0155837203547911,0.00375998687520073,2.65816014914105e-06,2
"20551",0.972842834576566,0.0253766084068926,0.000121952337516767,0.00165804555779781,5.59121227457573e-07,1
"20554",0.995295127221665,0.00457363888708684,1.21287518403264e-05,0.000109382584111312,9.72255529637118e-06,1
"20556",0.178437159285528,0.698150615309334,0.0013227173673859,0.122084701023604,4.80701414739402e-06,2
"20558",0.999744564708495,8.20513668331631e-05,2.73785828103523e-07,0.000173028480091354,8.16587524073827e-08,1
"20560",0.976851723717327,0.0192679965352743,0.00379158462498348,8.6316556363145e-05,2.37856605225088e-06,1
"20563",0.999737123012091,1.0929544203125e-05,8.48214796222419e-07,0.00025080022064382,2.99008265197962e-07,1
"20565",0.851972211987485,0.123466625601011,0.0232607445628626,0.00129056732665498,9.85052198663192e-06,1
"20567",8.04975920190501e-05,0.100156969792546,0.899519639823063,2.07302864205323e-06,0.000240819763730178,3
"20571",0.966435580077662,0.00147641506656362,3.77908617220375e-05,0.030866288249509,0.00118392574454372,1
"20573",0.949713231862088,0.045197152601655,0.000589541580675722,0.00449534392837259,4.73002720845745e-06,1
"20575",0.999865147119997,2.36875895856118e-05,1.74005629741563e-07,0.000107405128782737,3.58615600523177e-06,1
"20577",0.108581906875562,0.888486945191692,0.000102638573550354,0.00200935589156897,0.000819153467626707,2
"20579",2.08460113693929e-06,0.00137332114517485,0.886760239373759,2.25312709154428e-08,0.111864332348658,3
"20582",0.999868087858916,1.18752376204901e-05,4.20038653493118e-08,0.00011977640085361,2.18498744294252e-07,1
"20585",0.0897925035158823,0.0195442996565879,1.62614690032901e-06,0.890661498453259,7.22273698752488e-08,4
"20588",0.00790515398593944,0.0108543499242714,0.000160006284143307,0.981077865595355,2.6242102905486e-06,4
"20590",5.58817198435328e-07,0.00425949720265428,0.994246049834267,1.12073528044685e-08,0.00149388293852757,3
"20592",0.999912908504619,5.72208336572481e-06,1.11491892722446e-06,8.01624368698851e-05,9.20562177533988e-08,1
"20594",0.999657921117603,2.19047420959302e-05,7.67780412026947e-09,0.000318742435741114,1.42402675534994e-06,1
"20596",0.988409529500095,0.00911314079193959,0.000446039452543195,6.00718181459498e-06,0.0020252830736081,1
"20598",0.988464363873747,0.0114099747345622,6.44279892009393e-06,0.000113042657242128,6.17593552856206e-06,1
"20600",0.0780499762217055,0.24291009546796,0.0013164463433296,0.67772221483142,1.26713558460974e-06,4
"20603",0.000544065400862728,0.993710646099821,0.00333365771354869,0.00238324139577461,2.83893899929832e-05,2
"20605",0.999094716138954,0.000427395193674414,2.34813601458961e-08,0.000463657351623331,1.4207834387691e-05,1
"20607",0.998507190364057,0.00141163096562388,4.98486285350496e-07,1.36044078796982e-05,6.70757761546019e-05,1
"20609",0.980799682938333,0.0190238113361879,3.23412390687979e-05,0.000124762433744129,1.94020526662167e-05,1
"20611",4.04266834000773e-05,0.990101622213175,0.000317544454806357,2.26219437577619e-06,0.00953814445424241,2
"20613",0.397571723628177,0.599306962921074,1.30263858466237e-05,0.00297994235009378,0.00012834471480865,2
"20615",0.236107357397338,0.707670510209874,0.00229565934716556,0.053924630999875,1.84204574721125e-06,2
"20617",1.21212662426057e-06,0.00232020266309131,0.997676896765441,3.6251596537435e-07,1.32592887746332e-06,3
"20619",0.999932367491471,2.46157873694783e-05,3.19140255304002e-06,3.75193622223466e-05,2.30595638374129e-06,1
"20621",0.982809062700143,0.016690565418942,3.21633319191827e-05,0.00040432291343824,6.38856355571075e-05,1
"20623",0.00180628069836837,0.00852616823273939,0.988501434723194,2.9990607722725e-07,0.00116581643962121,3
"20625",0.00107077684379358,0.936558809341651,0.0396541677323721,0.0227064771414844,9.76894069844735e-06,2
"20627",0.775913552910996,0.222897454365809,4.46955687709958e-06,0.000513466479308543,0.000671056687009155,1
"20629",0.787006294956353,0.209150545402437,0.000763550145905234,0.00306650229200049,1.31072033044015e-05,1
"20631",0.99984749470107,1.46355892497893e-05,7.58238113994058e-06,0.000130074332780651,2.12995760297483e-07,1
"20633",1.09022635831671e-07,0.000355970911039698,0.999553448217674,1.17052842170457e-08,9.04601433666058e-05,3
"20636",0.000887011185490131,0.918636403893476,0.0249559887266717,8.29720658002926e-06,0.0555122989877821,2
"20638",0.127000313286149,0.8034299927188,0.000171532821446308,0.067799421369142,0.00159873980446294,2
"20640",0.917943430502118,0.00379690235749324,1.75044220490843e-08,0.0782582639828702,1.3856530966876e-06,1
"20645",0.99571639268651,3.39958558216714e-06,2.6921845927276e-09,0.00428018769864534,1.73370773115057e-08,1
"20647",5.45605779435539e-07,6.63039405509285e-05,0.999931929986413,2.55146507147277e-07,9.65320749321931e-07,3
"20649",0.966065564438093,0.0233580863907088,1.18017309904224e-05,0.0105627519071464,1.79553306118895e-06,1
"20651",0.996881497285741,8.44935109190898e-06,1.04690971605326e-05,0.00306580670135021,3.37775646558247e-05,1
"20656",0.963066694228688,0.00165655849691902,3.95952924299088e-06,0.0352715095688885,1.27817626209081e-06,1
"20660",0.0572413022027629,0.00811369155760283,3.03700378244872e-06,0.933794627353202,0.000847341882650508,4
"20662",0.00039527923082431,0.063193136197207,0.835959375755802,2.93512523596059e-06,0.10044927369093,3
"20664",0.883154283861529,0.0111353936039647,0.0968987587534406,3.04039049810315e-05,0.00878115987608494,1
"20666",0.000521835020306059,0.956537462313717,8.01656790217625e-05,0.0427950509058865,6.54860810687011e-05,2
"20668",8.6401204781933e-05,0.519507740102686,0.480247991280056,7.38388275284374e-07,0.000157129024200736,2
"20670",0.997833933483257,0.000955989374787246,4.61742067901797e-06,0.00033388311237661,0.000871576608899901,1
"20672",5.43260128357969e-05,0.52414088069853,0.475767681622857,2.37265454176553e-05,1.33851203594291e-05,2
"20674",0.912395846695924,0.0870611346346142,0.00015297482349783,0.000161569820028321,0.000228474025935785,1
"20676",1.30709822647014e-06,0.0668834648382477,0.00468685409340478,3.40147294650485e-07,0.928428033822826,5
"20678",1.54236112395987e-06,0.0410308659754881,0.047653602240806,4.77887284701069e-08,0.911313941633853,5
"20680",0.00151482732627156,0.692750025099697,0.305690196421197,3.05716698771939e-05,1.43794829569112e-05,2
"20682",0.00312676030361345,0.853317862086735,0.000816550982318567,7.33298490774946e-06,0.142731493642425,2
"20684",0.798467241764754,0.0900820881151656,1.83073661588353e-05,0.00423288475127432,0.107199478002648,1
"20686",5.51073016764729e-06,0.0181881188302712,0.981802717664919,9.70835552612445e-07,2.68193908943943e-06,3
"20688",4.50790043418354e-07,0.00167166202299255,0.0542683815923216,1.07193927291724e-08,0.94405949487525,5
"20690",0.0365107211418237,0.00190009487982927,8.54504615920323e-08,0.961586467149659,2.63137822607548e-06,4
"20692",2.22717896324866e-07,0.00100712640625207,0.980321728466214,1.19583692390204e-08,0.0186709104512683,3
"20694",2.3154497938606e-05,0.981855591434669,0.0178342888609836,1.89583775155442e-06,0.000285069368656922,2
"20696",0.000662364212005903,0.992439808134922,0.0059781351669609,2.17198633014911e-05,0.000897972622809964,2
"20698",0.887268194581838,0.0938673035561115,0.00956098785523881,0.0092786094886636,2.49045181480598e-05,1
"20700",0.995140660655739,0.00116073265879448,0.00292879726495483,0.000388806147830141,0.000381003272681806,1
"20702",0.0953033798010044,0.000163983659336092,3.69588722052691e-08,0.904532282243552,3.17337235828757e-07,4
"20704",0.807799893029119,0.191686536590291,3.81047193102323e-05,0.000394522924851031,8.09427364285838e-05,1
"20706",0.171125081905,0.429547606984206,0.00949197532525593,0.00430819203204425,0.385527143753494,2
"20708",9.41845760236399e-06,0.059368437762784,0.000473667326816798,1.20225386066834e-07,0.940148356227411,5
"20710",0.540938555929714,0.0632045556847466,1.70245620063634e-06,0.395854056237605,1.12969173398526e-06,1
"20714",2.26432345121479e-05,0.0108323079771036,0.989083122654804,5.51191438486163e-08,6.18710144365059e-05,3
"20716",0.992621511030624,0.00713153591896895,4.71175137821311e-07,0.000122423784564584,0.000124058090704411,1
"20719",0.112775061984957,0.0441585136231434,3.42711321437022e-05,8.94387917751062e-05,0.842942714467981,5
"20721",0.999905053561743,6.39767347050586e-06,1.37370016300135e-06,8.70461963901235e-05,1.28868233452095e-07,1
"20723",0.138453194908416,0.0177075443472239,0.000149571330581379,0.00126948824132792,0.842420201172451,5
"20725",0.00164136156798183,0.998094886062549,0.000109289006403467,0.000119672496144352,3.4790866921362e-05,2
"20727",3.47752550158682e-06,0.00518939008018022,0.994141253833414,0.000101538834787584,0.000564339726116278,3
"20729",5.21055374127044e-05,0.976970267743032,0.000217911857548725,3.40107810629426e-06,0.0227563137839004,2
"20731",0.000461395912477175,0.999216983805795,1.42225054727921e-05,0.000108521416384195,0.000198876359870563,2
"20733",0.869447792139546,0.126348483100168,1.39949355980993e-05,0.00395692619438718,0.000232803630300548,1
"20735",0.339746541024382,0.645561434292414,8.15350309475452e-06,0.0145781451926771,0.000105725987432738,2
"20737",4.777857688526e-05,0.740965182846361,0.0432902148468945,3.62650718267078e-07,0.215696461079141,2
"20739",1.72086374520618e-07,0.000500445751278293,0.999447229780593,4.00456536151961e-08,5.21123361003276e-05,3
"20741",0.00560321043616796,0.959739113375182,0.0345976815939715,5.35339824622641e-05,6.46061221573482e-06,2
"20743",0.00544628156335129,0.977229372561567,0.000275974284829201,5.15340406128927e-05,0.0169968375496399,2
"20745",0.999624679967779,9.11970260192056e-05,2.0715489167855e-06,0.000276742812290154,5.30864499517559e-06,1
"20747",5.92208595773173e-05,0.976071913532395,0.000175806369678024,3.97506592461363e-06,0.0236890841724251,2
"20749",2.60521152167893e-05,0.989079171752361,0.000434547121640949,4.29807883445456e-06,0.0104559309319464,2
"20751",2.29666655113817e-05,0.997539985764833,0.000451050489568108,0.0018436369062948,0.00014236017379283,2
"20753",9.55634362294559e-05,0.996125514553959,0.000207519796639001,4.13889811378592e-06,0.00356726331505902,2
"20755",7.56591848204539e-07,0.000719621503136177,5.52966806645889e-05,9.09951741207448e-09,0.999224316124834,5
"20757",0.0043299363426062,0.00185980393881292,0.00745623074438696,6.78979708587635e-07,0.986353349994485,5
"20759",0.999629307632166,0.000124355279621833,0.000167232767326397,2.60712958132751e-05,5.30330250727845e-05,1
"20761",0.0225129577205224,0.975825585449136,0.00155016631403804,6.45971222647205e-05,4.66933940384713e-05,2
"20763",0.0647804822320243,0.927776078899506,0.00642731733380305,0.000838962030382842,0.00017715950428425,2
"20765",0.00206578106573111,0.994435733404504,0.00344881152831122,4.41045229522634e-05,5.56947850203074e-06,2
"20767",0.953138030975054,0.0368474406386156,1.79130115065854e-06,0.000352264454177957,0.00966047263100146,1
"20769",0.261512184013315,0.0344395155477759,7.5431155152524e-08,0.698425507272115,0.00562271773563938,4
"20771",0.0997021237346372,0.689590688135242,0.205163947166787,9.19856838812245e-06,0.00553404239494518,2
"20773",2.51268160827528e-05,0.000168970254227955,6.35778767287807e-06,2.73191155278455e-07,0.999799271950861,5
"20775",0.00156509658977731,0.99756208015779,7.01876144442743e-05,0.000168837690832028,0.000633797947156069,2
"20777",0.0240728852671406,0.663535643146524,0.000434133408034268,0.311660557461691,0.000296780716609801,2
"20779",0.000821391427266578,0.998891185061909,1.87105085789612e-05,5.22054802610066e-05,0.000216507521984636,2
"20781",1.26901694005392e-05,0.00578413370033842,0.0208392028088388,0.967128475213396,0.00623549810802665,4
"20783",0.0203323785805911,0.974460904940086,0.00289687995771509,1.38102199608497e-05,0.0022960263016473,2
"20785",2.39926054091074e-06,0.000144857324650514,0.000796081622210584,6.53457916989229e-08,0.999056596446806,5
"20787",0.00027313743789599,0.96763061059246,0.0186253827262086,3.31128114352643e-07,0.0134705381153206,2
"20789",0.387775825811845,0.604340490970958,1.1028243974648e-05,0.000981496171561707,0.00689115880166064,2
"20791",1.03921396346875e-05,0.942019916649373,0.057049271695002,8.74365381317347e-07,0.00091954515060871,2
"20793",0.295943494124457,0.701873229672064,5.03367547899575e-06,0.000681554750634502,0.00149668777736622,2
"20795",0.000190859278836137,0.815175128930414,0.184008354633608,2.20193896856403e-06,0.000623455218173234,2
"20797",5.72494644901226e-07,0.00123936068716264,0.996466161716114,0.00228346595661926,1.04391454595671e-05,3
"20800",9.62057419735164e-05,0.997611933395521,0.00225477291475317,2.07360799543198e-05,1.63518677981086e-05,2
"20802",0.00633526846355299,0.991963546429019,0.00163255106803547,4.32196173402816e-05,2.54144220522182e-05,2
"20804",3.20038341317396e-05,0.866037287857241,0.00332521366263352,5.81011058247115e-07,0.130604913634935,2
"20806",8.62213606752882e-06,0.724825805463019,0.273860124995842,6.42409733849567e-07,0.00130480499533756,2
"20808",0.98635580207997,0.0133166204992622,1.52444618122682e-07,5.36235315141232e-05,0.00027380144463574,1
"20810",0.000869204115694127,0.547715259285579,0.449727548518258,1.74820333887724e-05,0.0016705060470795,2
"20812",0.00325600188229432,0.987150430190025,0.00519569232411099,0.00439267314769333,5.20245587622354e-06,2
"20814",2.86559918854722e-06,0.116569983403345,0.172403249151735,8.33287321443187e-08,0.711023818516999,5
"20816",0.122520305746021,0.00358364871395346,3.32011896153521e-07,0.00169152995157264,0.872204183576557,5
"20818",0.00691744320440517,0.990124923746608,0.00272244405275478,0.00010471905390461,0.000130469942327594,2
"20820",2.7749304410256e-07,0.000163738654773587,0.999824621559116,1.2320165251649e-07,1.12390914139849e-05,3
"20822",0.0035352519639979,0.99523633902145,0.00119278239655726,1.43762299941664e-05,2.12503880000764e-05,2
"20824",7.1163530690165e-07,7.41050613471405e-05,0.000154381480165511,2.80643114283117e-08,0.999770773758869,5
"20826",1.69124462859772e-06,0.0044271627509757,0.995569086367659,4.45957101356363e-07,1.61367963504062e-06,3
"20828",5.09044983598807e-07,6.22639622498787e-05,0.999936146451175,2.17584050282153e-07,8.62957541478371e-07,3
"20830",4.42360596139166e-05,0.985152030537066,0.000435253383223127,6.24883915978285e-06,0.0143622311809374,2
"20832",0.339845643111185,0.613288727598696,0.0464595835816978,0.000209838048555818,0.000196207659865199,2
