"","V1","V2","V3","V4","V5","V6","V7","V8","V9","best$classification"
"19812",1.43344654948601e-24,0.950193787669269,0.0188208415264795,0.0302408785559723,8.4370135682841e-08,0.000467578138691165,9.5322514187667e-08,3.6002337045785e-05,0.000240732079892611,2
"19814",0.000266125089141824,0.106750437437222,0.000551012274701149,0.892355229968189,3.8050422952357e-06,4.56771441259315e-05,1.11896124199464e-11,8.29752216574224e-08,2.76300579135495e-05,4
"19816",6.67463681665403e-23,0.201324506980097,9.03343474544029e-06,2.81002832232636e-14,1.28027496975294e-06,4.4922230078658e-08,0.760226473325499,2.94978223211353e-07,0.0384383660842072,7
"19818",3.36905517979519e-06,0.992838410363001,0.001972468017237,0.00145381297493661,3.16234651702824e-07,4.03661360016354e-08,7.1633454984554e-08,1.33953122472594e-06,0.00373017182417787,2
"19820",3.11097479468686e-63,0.000322077988863832,7.43849441172857e-10,5.55095629719483e-81,0.00290376878837943,3.06606976371334e-18,0.989166015674098,4.56026869511167e-35,0.00760813680480948,7
"19822",1.98065666010439e-54,2.41491681766461e-09,1.69331995429572e-05,1.07812613510549e-94,0.000787424178563108,1.40765151865899e-12,4.40116229799941e-05,3.23098447842775e-39,0.999151628582589,9
"19824",3.99038012678368e-18,8.56566874896027e-06,3.13837176417438e-09,3.50191809053103e-45,5.66994538478051e-05,1.12282230568712e-26,0.000273168011969394,3.33702096931595e-17,0.999661563727062,9
"19826",2.09225812150723e-15,0.820346826153614,7.79149659834836e-07,0.00179784054631325,0.00033903360356777,0.0100389290380097,7.82109498426652e-10,0.10299128967643,0.0644853010502941,2
"19828",1.5600943775036e-31,0.0538770421639592,0.00106404783694034,1.01440916416173e-37,5.47130618702465e-05,9.53280388953379e-16,0.936628831831583,7.68469180652493e-23,0.00837536510564687,7
"19830",4.09720949987101e-18,0.0124812203711001,0.144228923246195,0.000219033458070913,5.10767176774198e-06,0.841801748118397,8.05679273972706e-29,0.0012632001829206,7.66951548884284e-07,6
"19832",9.19785864193751e-54,0.0187410637846845,0.980870488654487,1.05496056443332e-14,0.00037541163675386,5.40413895886289e-10,5.77785398377241e-07,5.30704843334229e-29,1.24575982522475e-05,3
"19834",2.68478731192028e-25,0.903992604094812,0.0190199183263586,1.09778023188933e-18,3.70013853352763e-07,0.0325687294948457,0.000582717515247621,3.33944056089655e-21,0.0438356605548831,2
"19836",6.23274677099976e-38,0.94830329876125,0.00165416613746513,1.21000642568111e-09,7.71501308184714e-06,4.321180707281e-08,1.97591344250871e-08,0.0364424372592837,0.0135923186479723,2
"19838",4.41538489755689e-11,0.00237101572477273,0.00113736823574703,0.996278598022363,6.14419885471914e-08,0.000212948498122538,2.31380129407677e-24,3.8414620835215e-09,4.19139051924458e-09,4
"19840",1.81244204649271e-33,0.967110677167521,2.11290232186353e-08,4.56374246752457e-14,0.00307475672346409,0.0146142218412909,6.34039022317303e-05,4.92044532993137e-07,0.0151364271918906,2
"19842",4.79834416907982e-23,6.04711271041937e-10,7.1185097779073e-12,1.18137902489112e-11,0.000324719124176356,9.89906735084176e-05,8.87204853850024e-47,0.999576283624923,5.95374902081574e-09,8
"19844",0.899593611311853,5.42739917799679e-22,3.9792120116508e-27,2.14808979940636e-44,0.10031729401713,1.36393577526241e-12,4.42078836844985e-30,4.60189260984236e-14,8.90946696077478e-05,1
"19846",0.0554060724891369,1.01833343179837e-05,3.6646638208177e-07,0.878326386488373,6.47131004003578e-06,2.4726312870849e-07,1.56269671123954e-35,0.0662411215145994,9.15113402231234e-06,4
"19848",0.930336029074512,0.000239509610142063,1.82056181897322e-05,0.0605699664972736,2.57461257223227e-06,2.53968662377286e-06,2.10948734171727e-30,0.00882413210189332,7.04279879289591e-06,1
"19850",0.00113415998457646,0.00109956583582442,2.18421801676338e-06,0.996192406469517,0.000270046403001067,8.92924455652487e-06,1.00313646136358e-21,3.31355744283356e-09,0.00129270453095029,4
"19852",2.86102874075937e-11,0.982536853344255,0.00196177947358426,6.55485386746827e-07,1.11868073755725e-06,5.84750877185505e-07,0.00440346685661997,1.64114816033255e-08,0.0110955249684479,2
"19854",0.876141012092928,0.00353138311937067,0.000879395840747644,0.0866629856023011,1.54392054689246e-05,0.000194867718309409,1.90964808170167e-28,0.0325743570447349,5.59376138741643e-07,1
"19856",0.00261222868324138,1.07590622147447e-09,7.99931321773477e-11,1.92402800851492e-21,0.00238453135006171,4.40122018759318e-08,2.06513984262331e-25,2.78352711360556e-11,0.99500319477076,9
"19858",9.56615795464337e-06,2.11847260619305e-10,3.42857908646421e-10,4.30643817910284e-31,0.000526779318286317,2.67982737469645e-15,1.31132803516957e-13,4.41330634269165e-21,0.99946365396892,9
"19860",5.09933298316871e-19,0.989454132834206,0.000474113086250684,0.000175349199573318,4.03540159836906e-05,0.00201095315289252,0.000859371482431866,1.64329561318274e-08,0.0069857097957051,2
"19862",1.55336653873692e-11,2.46184602481836e-06,1.11869273802205e-07,0.994450124898948,7.99209507683773e-06,1.26489501440714e-06,7.54974065339854e-40,0.00553803506899065,9.31113770971639e-09,4
"19864",2.36295731406968e-50,8.10497704063501e-23,8.99059822804812e-24,4.833339017499e-70,0.544011154406785,9.20420289297998e-13,5.36242391690013e-42,0.455988826748995,1.88432991683979e-08,5
"19866",1.24887185444514e-38,0.0249984633468135,8.47574059374685e-10,5.42353557169297e-31,3.2548659093867e-05,0.000126996740984484,4.77072391982118e-06,7.66476951642648e-06,0.974829554912098,9
"19868",6.50655986458963e-66,1.7521809595835e-28,0.000708114465090291,7.51374299355384e-84,0.999285379097582,6.50643732769665e-06,1.96796051734479e-47,4.45756431159051e-47,3.85225030559101e-28,5
"19870",2.96188024054895e-08,0.127893996144191,0.00154940898210145,0.686270754631614,9.96313541965625e-06,3.45949144457709e-06,8.48549716172108e-22,0.184258944610583,1.34433858442466e-05,4
"19873",4.1594206537529e-12,0.957097169904457,0.000202870668539556,0.000463706172604889,4.80602046571653e-06,1.3637411968724e-05,4.09523604074262e-11,0.00752743636323185,0.0346903734136205,2
"19875",5.72801504346691e-43,0.34318746909165,8.17523026834113e-05,1.09452912999357e-22,0.00178679437929855,7.24119846629488e-08,0.65132586485948,8.77972187256379e-22,0.003618046954903,7
"19877",5.4393019209534e-07,0.93368828855867,0.00799252929969482,0.0494528859152845,7.00073673524832e-07,0.0052897775499918,1.15512131357846e-12,0.00230388242589574,0.00127139224544205,2
"19879",3.1094020563095e-09,0.9552144774796,0.020938992912438,2.19713926793414e-12,3.27058676879173e-09,4.11728206036076e-05,1.28230610132272e-08,1.98563169646596e-06,0.023803351950415,2
"19881",6.01083305311758e-10,0.155076289957678,0.000117327690800634,3.05146457736213e-05,5.06739443242388e-08,4.08900021535855e-06,2.43982789231523e-15,0.0171047746359716,0.82766695279453,9
"19883",3.2395335867523e-15,0.00398126411114232,1.46443193625233e-06,0.000411341383889142,3.41898254028511e-07,5.7099252228856e-06,3.66501513993462e-19,0.940693328329135,0.0549065499204175,8
"19899",2.77878382041357e-35,0.836981678745909,0.000284319357614271,5.05061702172262e-17,0.0029403209778028,0.159787692085081,2.90157542875074e-11,9.14650689690906e-07,5.07415388664719e-06,2
"19908",6.77336171852881e-46,1.61147860712529e-16,8.05395775509614e-17,2.4476532970495e-71,0.0406393377446872,0.959360172128354,2.26479659596915e-35,9.90393474250633e-15,4.90126949042779e-07,6
"19910",6.88145062205045e-10,0.986219007445556,0.00176050731147108,2.29597233343307e-06,1.25242571659768e-07,1.12013050108915e-08,0.00010398825163993,0.00049619751673791,0.0114178663702399,2
"19912",7.68862886587137e-14,6.76811267473282e-08,1.51714454062459e-09,1.769896921839e-05,0.000134429292652339,0.0128975835074694,9.7877272058543e-45,0.986948819141388,1.39989092401138e-06,8
"19914",1.92047806406526e-12,0.889763762485193,0.0389609403414295,1.07604742778167e-10,1.02520793496283e-08,0.0110246856837338,2.0785298253149e-08,9.32347755867095e-09,0.0602505710192634,2
"19916",1.15170986976009e-34,6.32505629422323e-12,1.56097650653444e-18,2.01113950511677e-62,0.0185514820838621,2.53089037150788e-16,6.17580923414296e-12,4.3125961281712e-10,0.981448517472377,9
"19918",0.162987896078312,0.00921672395016526,2.03075415726165e-06,0.735443017298376,5.13878669508418e-07,4.46853737844705e-07,6.41813576251915e-20,0.073913937204787,0.0184354339817951,4
"19920",0.995492370633349,2.11450119973892e-05,9.28716866741796e-10,0.00378676213873034,0.00014796910690333,0.000324064514738444,7.03541926101268e-27,0.000123456218148936,0.000104231447415145,1
"19922",1.05800064031257e-51,1.30874296123099e-07,0.998239157680541,1.75005149912267e-20,0.00176071144495471,1.40454950681278e-19,1.96181962475057e-13,1.78488783341834e-27,1.2285178723524e-14,3
"19924",0.00801551764843976,0.964607785177682,0.000517437315060241,0.000677042975955367,7.9040765935102e-06,0.00462705647486356,1.29423388742936e-11,0.00333473032898723,0.0182125259894758,2
"19926",2.71176367739102e-44,0.954649247214771,0.0401380574975286,8.28103950673634e-21,4.19806104606688e-05,0.00189582079647045,1.33117572980653e-10,3.45245457760321e-05,0.00324036920187544,2
"19928",8.05009686023125e-48,3.68448050099548e-35,7.18333071241938e-30,2.97837896476589e-64,0.122064696238434,3.62293665681397e-12,1.41309006529967e-66,0.877935303748625,9.31774141660037e-12,8
"19930",4.34944872648236e-12,0.0511662302772786,0.000512084344952079,0.948270583529092,1.35351031377492e-07,2.16944955224376e-07,1.63990784605968e-14,4.90114537021202e-05,1.7380946227654e-06,4
"19932",4.29661257611179e-07,0.00139907916576624,9.14627276899765e-05,0.998503371405156,1.2941829812903e-07,4.13716702161068e-06,3.04609027577176e-24,1.37904306237142e-06,1.14117481230833e-08,4
"19934",9.60303628347733e-18,0.685045441403417,0.0122732276605407,3.94416100543196e-18,2.21703797567222e-08,7.3075869565162e-09,0.0605943398675166,1.29269663085142e-20,0.242086961590559,2
"19936",7.29616041179451e-18,0.931726953400661,0.00740564354852441,0.00127969112424657,0.00221308534342154,0.0573564584503393,9.97190315748371e-10,3.12389226821232e-08,1.81358966939109e-05,2
"19938",5.96807093204131e-25,0.00561677169112278,1.52115642622422e-06,1.10502107725287e-57,7.53834982773817e-05,3.18460166041991e-06,3.42752098829146e-05,1.2653681757067e-18,0.99426886384263,9
"19940",1.48953665893387e-09,0.716591502054729,0.000460665944857075,9.40300862165377e-07,8.19301552088952e-08,3.57568507869436e-10,3.14897134663705e-09,0.200600803946406,0.0823460008269141,2
"19942",1.03622004146322e-42,8.90129069986749e-21,6.49981136611955e-27,1.06566991033328e-40,0.0177909033570785,4.81270886089559e-07,3.39580406570115e-47,0.982205604516944,3.0108550917147e-06,8
"19944",4.98097513189999e-14,0.943982557602748,0.000307188438826814,1.45515236471235e-09,1.84540031356268e-07,1.9823788447277e-07,0.000617602663274803,0.000479669507437283,0.0546125975545953,2
"19946",2.06601195465313e-05,0.950450949729225,0.00047536486743328,6.24666179725188e-05,7.5218177111869e-07,2.55590066769781e-05,1.75687072030923e-07,4.6886846128579e-06,0.0489593831056902,2
"19948",2.69408466454572e-34,3.26002620904675e-20,1.08019093356186e-23,1.87395911044149e-33,0.00609484851017559,4.31972076216068e-14,1.6328313878742e-45,0.993904794746683,3.56743098256144e-07,8
"19950",0.999504066180182,2.88537806785203e-12,8.16145670132741e-11,2.54964035684355e-14,0.00049536701213179,5.59921524796539e-08,8.69749191737517e-38,1.97210719892204e-10,5.10533797749912e-07,1
"19952",2.69408466454572e-34,3.26002620904675e-20,1.08019093356186e-23,1.87395911044149e-33,0.00609484851017559,4.31972076216068e-14,1.6328313878742e-45,0.993904794746683,3.56743098256144e-07,8
"19954",4.87215645851008e-08,0.00930397377181214,0.000104446351640697,0.990447698820467,1.1160204482868e-07,6.71426922476345e-07,2.20507117791092e-19,0.000142826483022016,2.22822526077452e-07,4
"19956",2.55017229223829e-10,4.56617502869404e-14,2.30105949047703e-10,4.24768952007663e-10,0.038900369012216,0.961099566655841,5.75756474671918e-55,6.11215462627659e-08,2.30045924016566e-09,6
"19958",2.26234475790662e-54,2.36743511047499e-25,0.566542359906612,9.90805507060958e-56,0.433457640093388,4.14538571988065e-27,1.53278131011718e-32,6.42883390128918e-48,1.20717952512198e-21,3
"19962",1.0762627343112e-07,0.00107383189345367,1.49569055152857e-05,4.60305744668582e-14,6.70089121397656e-05,7.83564411350695e-10,5.50089801607576e-12,1.48948446260215e-14,0.998844093873492,9
"19964",1.34694600410773e-09,0.620114104870252,0.000421306203096984,5.02994861789069e-08,0.000152433677068589,5.71861563750477e-12,6.90122513672974e-11,0.0203006159474209,0.359011487580999,2
"19966",1.55834798941462e-60,0.00234902485386805,1.13619591021645e-10,4.8333245178981e-56,0.001442680650582,1.40589256673241e-09,4.49552766958367e-05,8.79962258619688e-10,0.99616333681938,9
"19969",5.8453045181295e-20,0.153650865860525,0.000220353046930793,0.705786643678496,8.29649112207945e-06,0.0661207146450849,1.56703215366349e-20,0.0696189929002494,0.00459413337759253,4
"19972",1.23284536194458e-05,5.17492644548238e-05,2.74554945509381e-07,1.69523706571221e-09,0.000124214838918556,2.36744708063108e-07,3.49895587365806e-31,0.999798454080159,1.27403679579853e-05,8
"19974",0.482918835820541,5.73817394373025e-13,3.88926577004482e-14,3.17152061765767e-06,0.000992071266010395,2.49027033207438e-07,1.74376516534115e-52,0.516085608409189,6.39559955596146e-08,8
"19976",0.000817613360611833,0.983845000744818,0.000326116592353825,0.00130026069459803,1.68058528269545e-05,0.00115998727139342,1.45659779142395e-12,0.00328983187852922,0.00924438360341188,2
"19978",1.7496181650489e-13,0.892996760612707,3.56597649577563e-06,2.30993179016212e-08,0.000190199453817853,3.6655458066031e-10,0.0387500554171539,5.3265933803208e-05,0.0680061291399744,2
"19980",0.772484829004807,3.95017443138391e-05,7.76073333356595e-06,0.227400136150714,6.07505543761067e-06,5.78581781158095e-06,6.01177349973846e-32,5.57253197673838e-05,1.86173815671669e-07,1
"19982",0.316322461042756,0.00079193645792989,6.48761636694717e-07,6.79554919087416e-08,0.58218357742423,0.100687944492116,1.36885933873183e-22,1.19619626099888e-09,1.33626696427599e-05,5
"19984",0.986297493348179,1.81685693137726e-12,3.28117644190951e-15,2.74350642686567e-21,0.00125937085411818,1.73488692364622e-09,9.61799593329584e-27,3.25659907309687e-10,0.012443133735336,1
"19986",2.34871051238269e-55,0.086293070868956,6.95345347377671e-06,2.90473797710415e-69,0.000115998908771697,4.72664986764868e-09,0.429437739135836,1.1444314168113e-22,0.484146232906313,9
"19988",5.66906433891295e-72,0.000309033980991133,1.87522077023719e-08,3.27531261958324e-91,0.0100544005950488,2.10927320486143e-13,0.972044856879654,6.49091758697316e-40,0.0175916897918876,7
"19992",7.03895460609794e-42,0.0050765392659367,3.02568985377494e-09,1.03598568527052e-65,0.00111985783205463,6.3927944960326e-09,0.984130823330103,6.57169888820208e-37,0.00967277015342118,7
"19994",1.66064367851726e-14,0.0503497937672191,0.00132330873167471,0.948216565939115,7.54135312758213e-08,4.21339279788383e-06,9.66496563512081e-14,0.000105674632400395,3.68123148266888e-07,4
"19996",5.31888944410414e-36,0.0574393533557255,5.79326497876084e-07,2.14239342407196e-55,0.000530594139424664,1.21255788945455e-12,0.931062741633059,1.38227097390988e-29,0.0109667315440805,7
"19998",2.09772929062281e-20,1.62167613808574e-07,4.95124053882462e-11,4.38981481777595e-20,2.48034058929784e-05,0.00413534479599242,2.72706716794887e-23,1.14185285259339e-06,0.995838547728136,9
"20000",1.26107851315533e-33,5.40495187878747e-08,0.470747356184124,1.61986244228821e-09,0.000254559253672326,0.528998028404603,3.6662895594731e-42,9.00598803172623e-11,3.98159807152617e-10,6
"20003",9.85130589008126e-30,0.95940093212075,0.013922397295297,0.026010399928892,8.43970484874997e-08,3.36601478700213e-05,2.55672009700604e-11,0.000496010552980067,0.000136515531594903,2
"20005",0.915509485938767,1.43618444047148e-05,1.30316282763793e-06,3.37805971076809e-05,2.03244220943588e-05,9.29797174616821e-06,1.61027875461915e-37,0.0844112797722747,1.66290776988001e-07,1
"20007",2.4067561960077e-21,0.993059631541387,0.00132088953955168,2.05967043225054e-13,1.05203690348728e-05,0.00405595556719684,8.38265829551967e-08,7.41080331606399e-13,0.00155291915530033,2
"20009",1.61850551048779e-24,1.07045646296869e-06,2.78625923539586e-08,5.97158070028137e-56,9.04336939917724e-06,1.4513368343249e-19,2.23601750777284e-07,4.62479445930735e-18,0.999989634709795,9
"20011",3.77448991946918e-06,0.020278457491572,4.69304041687666e-05,1.91343466978908e-09,1.46879716300019e-05,5.90510611174267e-05,1.42128018332812e-22,0.978816017188805,0.000781079479352537,8
"20013",0.186343798926574,0.06078364635753,0.000410992944769977,0.673703268333439,3.04713403051089e-06,0.0778784195163573,4.12898682909402e-18,1.15646779658569e-05,0.000865262109333431,4
"20016",1.15789493919452e-39,5.16966649907925e-06,7.51699901426256e-06,1.41992246073311e-77,9.61249384285871e-06,7.80287321156701e-11,0.000641701844697982,3.69057850889185e-30,0.999335998917917,9
"20018",2.94820967636147e-135,1.95001086295209e-30,4.51645671834941e-05,2.54183462441222e-165,0.99995483530596,1.2724955513764e-28,7.59864454624087e-11,8.75571235472774e-82,5.08703894303794e-11,5
"20021",6.30305603700049e-45,0.182658786810739,0.00260445113895636,1.42156001202786e-17,6.53608644873346e-06,7.11840158196278e-16,0.802339229729877,1.02177500326074e-16,0.0123909962339781,7
"20023",8.46435220314256e-14,0.899277935542958,0.00153833045989853,2.75022185863076e-15,1.1847899824425e-06,1.50785596546036e-06,0.0025605629163328,2.65978779696145e-10,0.0966204781687966,2
"20025",8.19006496465195e-110,3.78540270900104e-12,3.61180194088737e-05,2.73285979342911e-88,0.999962118826069,2.25980881135388e-17,1.75272296330809e-06,8.98235388046587e-61,1.04277728822884e-08,5
"20027",6.08551900548991e-25,0.000625074055230388,6.86377093143175e-07,0.000995871782104829,0.000185185425396112,0.00650140941253156,3.49479214226198e-32,0.991691639529276,1.33418368419876e-07,8
"20029",7.01266844499048e-10,0.000483299661065858,1.50307526889929e-07,0.947516862489038,7.82926035322802e-05,0.0126840806905645,6.92268853446476e-30,0.0385103685198762,0.000726945027129836,4
"20032",9.72018479365269e-17,0.0129748783671606,0.00116040495177423,0.70424836788837,7.05592984194335e-07,6.78854558025106e-06,2.02962336104967e-24,0.281607667395968,1.18725816167176e-06,4
"20034",7.12948764979144e-36,1.8845699359113e-14,9.78211616673052e-17,2.09916350776624e-29,0.00368869706994577,1.8642717067924e-13,1.59361123414134e-38,0.996307662495319,3.64043453019397e-06,8
"20036",3.60508079461085e-12,5.49634500164509e-05,2.40772607676693e-11,6.98091609966215e-14,0.00812099933571461,0.97782005993936,3.67476446252447e-19,1.66332945906731e-12,0.0140039772454933,6
"20038",1.5019797641588e-63,0.427064416834773,0.0160885672381587,7.02174679054721e-41,2.61263767802159e-05,2.73146733546196e-05,0.554670130759265,8.53811413854987e-23,0.00212344411766789,7
"20040",1.67929310704427e-57,4.45991527462102e-14,5.34028477831706e-08,2.48423232546018e-112,0.0302287849800146,2.19286091811284e-25,1.57722965090623e-07,4.51223317790546e-28,0.969771003894128,9
"20043",5.01138838383015e-34,0.19525007595537,0.000665724064015279,1.04550397126751e-26,0.000983496261497401,1.30158364305687e-10,0.790516362072608,2.57016668103228e-27,0.0125843415163508,7
"20045",9.23560900108489e-56,1.60195296727429e-07,4.35264990403328e-06,1.9877486845288e-97,0.00619777113113234,6.40326457266279e-21,0.957506049170301,1.03569936212418e-52,0.0362916668533662,7
"20048",0.990052070767753,5.84889433674163e-21,6.23409246446836e-17,3.84930476575184e-21,0.00994777424873387,1.50743165387766e-09,6.18187677857818e-41,1.03794505719655e-18,1.53476081127784e-07,1
"20051",1.75214178238759e-18,0.853008934623755,0.0550991964758514,5.38033110970636e-09,0.00468861512352207,1.84422437961019e-06,8.70434279770287e-06,2.20440860839436e-32,0.087192699829363,2
"20053",4.3449613370841e-11,0.674293115342338,7.55743957003623e-05,5.35116771243596e-25,3.14600196047389e-07,1.21058418742043e-09,0.000276085787500104,5.7688304489806e-09,0.325354902851401,2
"20055",1.10023018127038e-78,0.649607869027724,0.304558865288427,1.07548424214444e-29,0.00208139018428906,0.0437432950341677,7.68144097503624e-06,2.30360315115572e-19,8.99024416905652e-07,2
"20057",4.06068777784404e-77,3.08994567450643e-51,7.24875528165631e-05,1.13956097231195e-90,0.999927512447183,3.69321600054202e-23,7.57155343885473e-74,3.68813697706803e-49,1.14310988418829e-33,5
"20059",6.48827824829002e-27,0.205407761260285,0.00166505897942818,2.57537686332673e-31,0.0055138403276728,4.76579607676482e-11,0.000674902524701935,3.33556930049294e-10,0.786738436526697,9
"20061",9.47904789484682e-26,0.974020176393661,8.53528759847428e-05,9.69738760235483e-15,0.000129345433147551,5.9499624519722e-07,2.91493960369192e-05,8.02818262428658e-10,0.0257353801020962,2
"20063",7.41685684165997e-17,1.35074453206117e-30,6.41706718817217e-32,1.51215659818447e-97,0.996299624698653,2.89496083201272e-13,4.10197708108506e-24,6.12276146449208e-32,0.003700375301057,5
"20065",2.15604101353291e-127,3.47032211217087e-09,0.848873408305911,2.66259725165342e-78,0.0936383634339391,5.00471337559526e-17,0.0574882243433224,1.01867658216622e-63,4.46505031001044e-10,3
"20067",5.3536957542127e-18,0.00208905452999894,0.00449553741150242,1.8897087722157e-45,0.000124237224698349,5.3780145511151e-14,0.305510399657635,4.70987615249139e-38,0.687780771176112,9
"20069",0.975738755252039,1.45742054226114e-05,1.94493506548233e-06,0.0242226444953801,1.32589727616744e-05,7.64346639689732e-06,1.86903537403387e-30,1.03586697033007e-06,1.42805964128153e-07,1
"20071",8.39855191861871e-34,0.000498602703682692,2.84824747247754e-08,3.11785733836759e-24,0.000589974928999384,0.990943690407808,2.67584869734591e-19,1.80986684151666e-07,0.00796752249035107,6
"20073",0.756091897584698,4.88734685056677e-05,5.22510278938227e-08,3.67244520745067e-07,4.75986570258239e-05,1.69515716095245e-13,1.41382029293838e-18,3.48030210925933e-05,0.24377640777296,1
"20075",1.32239581025869e-83,1.91376994083283e-22,0.899139522630274,5.40302513802617e-56,0.100860445725705,3.16440206445598e-08,8.63468362682779e-39,7.07992470134239e-51,7.04178813339763e-26,3
"20077",1.43590079231864e-14,0.869292289570923,1.31300230234132e-08,7.92270388338445e-21,0.000562640138345573,0.0114522812034403,0.0808698359251895,6.22253942836223e-13,0.0378229400314422,2
"20079",8.53460147193251e-13,3.26646243676143e-07,4.8208410118357e-09,1.57350693480047e-24,0.028489592526157,3.03636550692975e-11,3.11464428976505e-12,6.6143555495033e-32,0.971510075972426,9
"20081",2.56271285531317e-35,0.0543715552453444,0.906071270937993,5.33200099072059e-35,0.00951212673940624,2.67019259605605e-05,0.0300110074916847,1.44605897213923e-28,7.33765961075404e-06,3
"20083",5.70525462329936e-10,2.23223949351459e-14,2.33367512609117e-14,7.39884827278819e-38,0.374135245126857,0.0329328809773366,1.80505127613807e-29,2.81754664423855e-15,0.592931873325232,9
"20085",1.00626672003215e-79,7.32420806018366e-05,1.11727027065541e-05,1.34951208198279e-85,0.000283876953218942,3.32163346342032e-16,0.993770423319501,2.81312079175935e-46,0.00586128494397139,7
"20088",1.6037285650262e-38,0.135288247561614,0.00150133778375863,1.01331438323222e-30,5.02357909082337e-06,2.04589745046074e-13,0.833995215509962,1.6048418379042e-29,0.0292101755653707,7
"20091",1.06858091276841e-54,1.65988111446583e-12,0.99903806887446,5.52669396339047e-59,0.000961931106826385,1.55560179875321e-11,2.33818199805228e-13,5.24805793877098e-46,1.26334711938103e-12,3
"20095",6.24196426583183e-10,4.46115292192714e-10,8.61213438096785e-14,5.5763291751353e-63,0.999608339016642,2.8891188139588e-08,1.75296059498956e-26,3.35795424528654e-05,0.000358051479319133,5
"20097",3.20355115911009e-85,9.57189733746268e-05,3.59871651020113e-05,2.68432211842013e-81,0.00345964814339032,2.32821786674062e-13,0.995233363420211,1.91725509714371e-52,0.00117528229768904,7
"20099",5.84271536655093e-19,2.67330168688854e-07,8.84613130589354e-18,2.70618588070396e-49,0.00527921851874319,1.16451457166267e-16,1.84473175808071e-07,1.46054288835593e-05,0.994705724249029,9
"20102",5.15402180666428e-14,9.79024918410895e-17,0.00343008966131146,7.30231546809622e-42,0.996566412531539,1.32247474031825e-09,1.00237151561127e-25,6.95005336859369e-40,3.49648462329563e-06,5
"20105",8.98307026430616e-24,0.165952137748586,0.000145011004381166,3.62986653343189e-26,0.000820822465699798,1.15532595127203e-13,0.258036659075629,2.09209465323464e-31,0.575045369705588,9
"20107",1.47213817185446e-32,0.928093235348816,1.65121528748088e-05,7.7765982285974e-36,2.0623552724873e-05,0.000120700797626733,0.0489013008878862,8.44985181779547e-15,0.0228476272600629,2
"20109",9.39278062135034e-06,0.000163138247877449,1.52475277679634e-10,1.25292529071713e-26,0.000243684827811103,3.9429378023632e-23,9.52084399667328e-05,2.30647873345174e-11,0.999488575528183,9
"20111",1.70123231633711e-35,1.7112659600091e-16,0.95957008426027,2.8645966394515e-26,0.0404299157397248,4.70469681541866e-15,2.1519065672108e-41,1.89985422272111e-25,1.22346839441656e-24,3
"20113",3.90137103675033e-46,0.779461986932035,3.34569899310259e-09,2.45683915687568e-32,0.00980506752905023,0.178206408385178,1.23456833338205e-07,2.86255580633443e-05,0.0324977847931409,2
"20115",1.07287786839825e-26,0.000169687480243748,0.99091229858919,0.000264485693615319,0.0086408610874081,3.20322328636454e-09,2.63889115823367e-31,1.26635649004888e-05,3.81418890494645e-10,3
"20117",2.79676743734797e-88,1.70679457933392e-19,2.89193259686629e-07,4.19976303638721e-116,0.999999710806141,9.87707530771961e-14,2.07879284344949e-30,2.92266048904721e-14,4.71555868877794e-13,5
"20119",1.45698949194975e-64,0.000228750568688952,8.35297342999414e-13,1.87840031683276e-54,0.000638170906633755,9.87742052729589e-09,5.68440512976733e-05,4.56739840083257e-09,0.999076220027725,9
"20121",2.18619960219781e-42,0.644692848776721,2.63551691992407e-05,1.22023834153396e-46,3.54109825796947e-05,1.90780700338348e-06,0.300885597658878,5.08776881949815e-18,0.054357879605619,2
"20123",3.17626333822117e-90,2.83881435758649e-13,0.997110639048289,2.6252195940928e-62,0.00288936083213052,7.09284861415279e-13,2.54381838242103e-12,5.9875535140487e-56,1.16042775269498e-10,3
"20125",0.000144867875361664,0.0023274568988747,7.39393206582593e-05,0.996438224656934,1.09074064690275e-05,0.000998422348326056,1.29223610081566e-21,1.034067805734e-08,6.17115269835412e-06,4
"20127",8.31774108110865e-44,3.53908547409939e-06,3.71646035125176e-11,9.65564760245383e-74,0.0136946577635542,2.04932103894707e-21,0.981997427854547,8.67948036438816e-44,0.00430437525925952,7
"20140",4.73670378798698e-62,0.066294642479576,0.00362539266586641,1.199243315323e-33,0.0229661900916389,0.907113770840916,2.11743600404519e-12,8.75756905453875e-13,3.91901007027505e-09,6
"20142",0.999583432000423,4.23847052267627e-11,9.8623887683827e-11,2.6307416177084e-06,0.000396599122912176,1.71620015066514e-05,2.31183854449967e-36,6.0268302606847e-12,1.7598650505502e-07,1
"20144",1.67691332304084e-17,6.45908517444371e-05,0.340053546062845,0.00580849807477648,0.0162703610603895,0.637803002453728,3.86957518099201e-31,2.77508786033811e-12,1.49374184694016e-09,6
"20146",1.29885694601389e-07,4.69599756805664e-05,1.16560033061466e-06,9.79494706637109e-11,0.021820977810227,0.97809842446639,7.1343141606095e-23,9.15172475740171e-17,3.23421637277831e-05,6
"20148",1.58780680468215e-17,0.89030120748072,0.000793689063581786,0.10070031654899,6.45873370318015e-05,0.00783358724497204,4.46231752673792e-10,8.1301970466327e-11,0.000306611797170718,2
"20150",0.631149758031782,1.23697317187099e-07,1.58683695839748e-08,0.300292628320024,0.000140746636959425,2.97054136932522e-06,1.10297749373925e-42,0.0684134976235987,2.59280579736598e-07,1
"20152",2.61461462824889e-12,0.948025453154446,0.000550234603582261,0.0381113811277291,3.74473110843752e-06,0.000211192608770574,1.39267157804922e-07,2.60558548123764e-06,0.0130952489191099,2
"20154",2.56192121136636e-55,8.43976369118993e-14,0.819369392038258,3.43298256061166e-78,0.180586483895101,1.57218542757355e-18,1.45481977820279e-05,3.82652650716084e-75,2.95758687748152e-05,3
"20156",3.09822257996303e-11,0.0809108388141604,5.06261053317115e-05,5.32204890249787e-26,0.0517742938986398,0.829591915388172,5.37749106475493e-11,1.03930151675573e-10,0.0376723256050085,6
"20159",0.999334212216215,5.34068025280436e-06,9.09063203555033e-06,5.98215186801282e-08,0.000443195243895,0.000203083350007794,3.04447575130638e-32,4.10724569379787e-06,9.10810381333051e-07,1
"20161",0.00401951464775156,1.48822477674278e-10,5.80791344439416e-12,5.77253140681776e-17,0.233795584101449,0.014587163101229,1.19461033892569e-24,4.16807513956183e-13,0.747597737994524,9
"20163",6.9235992506338e-44,0.899094671665855,0.0609138708067683,3.02810514980257e-06,0.0399594756788614,7.91597384540775e-11,1.95369125174976e-08,2.15757945454106e-12,2.89341251360914e-05,2
"20165",0.0083267361653746,2.77101690098697e-08,2.61773135624111e-12,1.32037151228031e-32,0.602656450128445,7.42164839974804e-15,9.67564738493797e-10,1.3473943469857e-25,0.389016785025821,5
"20167",8.55754686590736e-05,0.148697893841438,9.44551724288996e-05,0.850507106477053,1.49247597672761e-06,4.09463494158403e-06,1.45604321912214e-10,2.24970234706387e-07,0.000609156813663633,4
"20169",0.998964256216754,2.32546576362465e-17,3.63242872868473e-15,6.64559863627642e-15,0.00103560506824851,7.63973505256997e-08,3.56887525727291e-40,4.63228596066623e-16,6.23176360571674e-08,1
"20171",6.18801730329264e-64,2.85605698337161e-21,0.000287666469826111,7.28844498574604e-109,0.999712325663344,1.67166088240963e-14,3.89082887961292e-09,2.27515818975724e-86,3.97598416660276e-09,5
"20173",1.28232193348326e-18,3.42322677666721e-21,1.66215527168562e-27,1.01751725395433e-57,0.433839287765262,2.23644287945968e-22,1.05645437226877e-20,1.04425248644336e-11,0.566160712224296,9
"20175",1.23213820002402e-05,0.904386927531226,0.00269919361062686,0.0260705620255493,0.00051855122315866,0.0115593237111075,5.22149866566449e-18,0.0547298443792107,2.32761371207552e-05,2
"20177",9.35499641633558e-24,4.58758429319539e-05,6.65551665987534e-18,1.41261810303288e-52,0.215995497974424,8.39627959121382e-13,1.09248529501119e-07,0.000573565032431603,0.783384951900843,9
"20180",3.79281911099193e-90,0.0186047215415998,0.000480828540234348,1.48741132789646e-56,0.00301772674738129,1.26119316034447e-12,0.97288101960164,1.55878867441439e-22,0.00501570356788307,7
"20182",7.09546124643137e-16,3.38455176476146e-45,1.3023007212602e-16,3.73107861199853e-53,0.999999999999983,1.54961891411598e-16,1.50777194298574e-87,1.59433071152508e-14,2.88007959040109e-21,5
"20184",0.997232191588462,3.17882440540644e-05,4.10800441713724e-08,2.36788333259666e-05,4.24491306949587e-05,0.000248480350826005,9.54190974132681e-22,2.38407212392696e-07,0.00242113236537986,1
"20187",1.73813422403448e-16,1.62087357452857e-09,5.96718557849627e-24,2.0742958590954e-33,0.215189712863845,0.241897617465048,4.61387135581224e-23,0.42976047635028,0.113152191699953,8
"20189",7.35020744922746e-30,0.210534630051894,7.82619932238427e-07,2.07735908161543e-14,2.03993982501553e-05,4.13662607655095e-15,0.0221864493150247,3.09758489606217e-05,0.767226762765913,9
"20192",1.89144915409658e-85,1.00333052478055e-13,9.28484697752977e-06,3.8444571509386e-65,0.999941750324292,8.77277659443824e-29,1.18026747729148e-11,2.39521200104915e-30,4.89648168274823e-05,5
"20194",7.90855740052518e-07,4.04832844765228e-13,2.5359072874651e-20,3.79091652444644e-16,0.105652556266618,0.891568359881437,1.89316650230502e-43,0.00266383265482993,0.000114460340970259,6
"20196",4.08326366492354e-67,1.60993722962723e-06,0.763072555010216,3.82054564088387e-70,3.42266060319952e-05,2.30480250592774e-16,0.23567883474759,1.10048525738072e-44,0.00121277369893229,3
"20198",1.32038064746569e-17,0.888919870833905,0.000196112545349356,2.69730489125133e-10,0.0621057885129751,0.028495251844426,4.6440096492149e-06,1.0100152885135e-08,0.0202783218838116,2
"20204",0.101920705974764,3.83430715015132e-05,0.000177525268368829,0.8978411466684,1.28364989624338e-05,1.5953342875358e-07,7.09944395403943e-29,2.76619015423885e-08,9.25532267259598e-06,4
"20207",1.91070199913947e-31,0.00155259638630948,0.0395499169663699,2.24579699194645e-53,0.0405747381111616,7.71833587691638e-09,0.759609115467243,1.16432554343876e-44,0.15871362535058,7
"20209",3.60000238699771e-68,4.24564268244943e-07,0.977708251565782,1.45183418392868e-15,0.0222777405212691,1.35360694595226e-05,7.31380608008544e-37,4.7279219314282e-08,9.23741367383497e-17,3
"20211",2.20690732733453e-70,4.43966467080278e-11,0.996372126347297,1.49153754335036e-48,0.00362781206845372,6.10205299291886e-08,5.19230873352801e-10,1.79199269208411e-63,9.16764024834804e-14,3
"20215",5.16580797037978e-36,0.959998197188047,1.07929489975562e-07,6.40761017931806e-24,0.00487023133156049,0.00179835760617548,0.00859234908291372,2.95030192356589e-25,0.0247407568618134,2
"20218",0.998556541857295,5.32395742852269e-09,1.42328589044267e-08,0.00138050814213634,6.21746706318774e-05,4.27520822076306e-07,9.00747197975844e-34,5.94638689402292e-11,3.2819283411516e-07,1
"20222",3.87887891528006e-34,0.0402776777315881,0.0255053118482338,2.81812144460604e-36,0.836471770183202,5.17299060963651e-08,0.097207870316285,1.47028752075991e-44,0.000537318190785081,5
"20225",5.81148901681145e-18,7.00508141649735e-06,2.80665411216276e-07,4.43271397162511e-05,0.00744373141478357,0.992504655675539,4.64892498832379e-32,1.07047625807089e-14,2.31222181750555e-11,6
"20229",1.03463065079894e-41,0.00016396102592432,0.000108143647794097,3.56247280779479e-16,0.00172853657835008,0.997992856227469,1.04005053607798e-21,4.20072655943364e-19,6.50252046163185e-06,6
"20232",2.02927772991708e-30,0.90129617045808,0.0144453876693283,8.19846887020666e-28,0.00212677410491752,0.0821138659789071,2.37187812613279e-08,2.67752782901632e-10,1.77778022334566e-05,2
"20234",8.50988284785075e-128,4.67119161130411e-16,3.2021970555845e-07,1.36374216742682e-140,0.959400903553523,9.28616161998946e-30,0.0405986986469091,1.21933388508365e-55,7.75798622348483e-08,5
"20238",1.67001886997159e-33,0.802649069178693,6.3171805716408e-05,8.19970558257676e-42,0.0124961622613781,2.39970752709647e-06,0.0038203998368496,3.23154709968648e-23,0.180968797209836,2
"20253",3.49570686657897e-47,0.0555862453162605,3.92372414817981e-10,8.40319135215375e-48,0.00740749901069726,0.00015451689505556,0.875103280998739,4.82191462565214e-30,0.061748457386875,7
"20255",6.56530752869226e-14,0.0143807353035312,0.00443255356945118,0.980255613299377,2.5253248369417e-07,0.000930843023334787,3.61972469491219e-19,1.18249005495437e-09,1.08926650460833e-09,4
"20258",1.66703709621406e-51,0.00356090114443754,6.54019677374988e-07,9.52327895477264e-42,0.00109197373540742,3.31233750208344e-21,0.991408649091811,9.63431319390453e-26,0.00393782200866669,7
"20269",2.51214602595067e-11,0.0198111185233578,3.74354245446353e-06,3.55701713126193e-20,0.000828322473004911,1.21136544269097e-21,0.0743301984079104,3.66410896062861e-18,0.905026617028151,9
"20271",3.31512890391008e-64,0.000332094589912041,4.13528704417883e-13,2.92769177273357e-52,0.606809607682019,6.32457652247534e-19,0.170169173298136,2.38399691892113e-12,0.222689124427136,5
"20285",1.85463728691529e-18,7.36629285399255e-07,2.73517700031593e-14,1.60928336487306e-27,0.0710758343244139,1.24569099111119e-05,1.06315102908104e-25,0.0750927530110836,0.853818219125279,9
"20288",6.19734058063581e-32,0.981678541066002,3.72081072070618e-06,1.26005134598049e-27,0.00209011163013937,0.0159428307193893,5.4218964088472e-06,2.26052029258346e-18,0.000279373877339356,2
"20291",1.56942182952813e-49,4.98030494525622e-05,0.998920636588913,1.78717382742066e-68,9.42829591767131e-05,2.84001662276767e-11,5.40909109479043e-05,4.91320788304217e-29,0.000881186463109607,3
"20295",2.86960150216119e-26,1.27839232063274e-07,3.90465835531836e-10,8.96292856722286e-31,0.00714093667025699,3.70338426027557e-28,8.36565003246783e-10,9.70549282478148e-13,0.99285893426251,9
"20298",1.29883911587036e-08,0.00647935061788912,9.86188669081387e-05,0.992587269720567,3.56829897925319e-06,0.000817135173172817,5.94008895253892e-26,1.36138629037124e-05,4.3047118810339e-07,4
"20302",0.603268915191345,0.000230312577379425,1.42702504979068e-06,2.33734624718757e-07,4.0506039028051e-05,2.36890189055756e-10,1.36444558838034e-21,0.000917523746999256,0.395541081448684,1
"20305",1.5146654449045e-16,0.00121925136419107,1.53961504858513e-05,0.998505359299731,1.28136942063306e-05,1.37083029061009e-05,6.14946791203146e-30,0.000233444291349115,2.68971308777662e-08,4
"20307",8.96146888941481e-43,0.12724576586998,0.000905898154435764,5.70418346647104e-49,0.000110438057061963,1.17956570167869e-12,0.840080409466179,1.03912000073946e-28,0.0316574884511638,7
"20310",8.24887207757618e-84,3.39631237081546e-09,1.23801293752279e-11,2.68359080354514e-119,0.863783540112568,3.10992506483908e-19,0.134723834209433,2.92214581927402e-48,0.00149262226930614,5
"20313",0.991314147826739,3.33036990916495e-16,7.15469839353604e-15,3.3675099593981e-21,0.00865259590898165,2.3401029979223e-08,2.99941160171677e-49,3.28743430656221e-05,3.58520175318152e-07,1
"20315",2.2117587863693e-43,0.875575801732132,3.46681237904297e-06,2.61448622862271e-45,0.0030761479907713,8.67913543205575e-07,0.100647685717068,3.31766724171552e-14,0.0206960298340729,2
"20319",4.41355089818073e-79,1.580825517743e-06,0.657782156268031,7.67586776224984e-61,0.323058512132704,1.94662741994176e-14,0.00338143328322317,2.52381438464316e-56,0.0157763174905047,3
"20321",1.80941842000344e-40,0.0113731538905164,3.97033942201518e-13,1.6697069250842e-49,0.313939694232508,1.09456669543287e-09,0.583171848884029,1.84431179133036e-33,0.0915153018979831,7
"20327",7.96870945871563e-44,0.00465620044737922,7.31334308332961e-10,7.49916157452404e-54,0.00106033386058224,2.61575857534244e-20,0.945630376103928,1.725460453228e-16,0.0486530888567758,7
"20329",2.17528135914212e-13,1.6177160411439e-17,1.29055409617635e-25,9.89443571687576e-29,0.0352609407248221,3.49169960232683e-05,1.629391246925e-49,0.964628481585342,7.56606935949126e-05,8
"20335",1.02448577827074e-48,5.39186263386972e-06,0.151064172434776,3.63642557865688e-72,0.00142626001239821,4.42186628116243e-17,0.844025222060623,6.21953020583181e-55,0.00347895362956898,7
"20337",0.999580285897447,3.78977079524428e-05,3.17443380096249e-05,0.000335965191817077,6.64689488928982e-06,4.22556638925118e-06,3.61036548307589e-29,3.0324573370267e-06,2.01946158163276e-07,1
"20339",6.03299026128934e-79,7.0179760238974e-11,0.204636684673098,1.06561716669027e-39,0.785991709777027,0.00937146654267617,1.79478612325667e-23,1.00970249651759e-31,1.38937019032475e-07,5
"20341",1.60780110833808e-34,1.17111143190385e-13,0.0928873700844265,1.25118892149243e-79,0.907041278168591,9.09714909991172e-09,4.32877054196824e-10,7.95752121365268e-50,7.13422168393285e-05,5
"20343",1.01914039856345e-32,3.51322054000653e-09,5.97274475734591e-09,1.40370418345704e-79,0.030416204316417,3.36897928285585e-20,0.0204875636946139,1.7436363688425e-48,0.949096222503004,9
"20345",9.46436240526883e-31,0.888112026809774,0.002866143955715,0.00831323667564741,6.23030613065945e-06,0.000195518009416774,1.7250665449453e-15,0.0985405424565292,0.00196630178678509,2
"20350",5.34277068984374e-31,1.06909529228564e-09,3.5135234272879e-16,3.61962456248596e-62,0.000605399971538162,0.999394598866876,6.20569991252258e-20,1.29438313869223e-18,9.24901148509529e-11,6
"20352",0.999630631596316,1.47842379668961e-14,1.94605061115474e-13,7.70016872100617e-14,0.000365470145691723,2.42079243493972e-11,1.59259218853704e-32,2.76628237822586e-17,3.89823349744989e-06,1
"20355",0.00436879938009061,2.77009822192085e-08,1.97637023716924e-08,4.94407872969446e-21,0.00338807674102301,3.51731817313086e-08,5.78880207396656e-20,3.94960613041421e-12,0.99224304123707,9
"20358",9.00657554842664e-11,5.54704258619049e-15,1.52876708287963e-19,4.66596314753997e-12,0.00817047028998675,2.4514478721265e-08,2.34877333720385e-45,0.991550953095307,0.000278552005490253,8
