"","V1","V2","V3","V4","V5","V6","V7","V8","best$classification"
"19811",0.970755438222885,0.00139930227885102,2.13426654960464e-07,0.000421023768613803,6.13095269061146e-10,0.0270023947776311,1.79169035105492e-05,0.00040371000875826,1
"19813",1.06554486475948e-05,4.98800347688414e-07,2.48417626002452e-08,1.05354722275313e-06,6.87653699707647e-12,0.999987692297402,5.31427310840394e-08,2.19150095125197e-08,6
"19815",0.95276492610881,0.0326488005025889,2.34884561219095e-05,0.0127978170811993,2.50976341334715e-05,8.94180735273886e-07,0.00173223601259962,6.74002381111142e-06,1
"19817",0.991737598816444,0.00364920824229096,5.57435101144688e-07,0.00416108806144087,1.89788579074022e-07,3.22458628372875e-06,0.000101918021539115,0.000346215048320853,1
"19819",2.24652267019559e-06,2.12012475219158e-05,0.268439701851859,0.0820989757620608,0.649341223818304,8.28028801360367e-11,9.65334289946776e-05,1.17285786823774e-07,5
"19821",0.972064278725798,0.000470792272311262,2.08087889061118e-05,0.00553938814099073,7.42332871434328e-09,0.00899267377626532,8.38037557234163e-07,0.0129112128348425,1
"19823",0.404723209220825,0.000437568840921011,2.31259148797192e-06,0.00268513251952265,0.000791465442077106,7.94191530781508e-07,0.591297815638908,6.17015547278797e-05,7
"19825",0.000695339999371845,0.00356063275028062,0.0769377065588447,0.00780475038855524,0.000132771118631599,0.00334937616460686,7.19427562293564e-06,0.907512228744086,8
"19827",0.622932754971452,6.06854654839524e-05,3.83501637284913e-06,0.00405252835146311,3.48030290079959e-06,2.37458667764878e-07,0.000263606313466302,0.372682872120193,1
"19829",0.000300616795853366,0.000223127967192224,0.11777118676479,0.876288751054709,0.000131256945414725,1.69938311464477e-06,1.36164877833909e-07,0.00528322492404812,4
"19831",1.95376944417634e-05,6.30738596197817e-05,0.14073787033373,0.738536981616452,0.117096741106561,4.0176064259125e-07,0.003545203240496,1.90388056862172e-07,4
"19833",2.45291782800701e-07,0.00182970289629846,1.19473354321916e-05,9.35175958704223e-07,0.166250337680198,2.0786932804573e-06,0.831884535266489,2.02176605599582e-05,7
"19835",0.972064278725798,0.000470792272311262,2.08087889061118e-05,0.00553938814099073,7.42332871434328e-09,0.00899267377626532,8.38037557234163e-07,0.0129112128348425,1
"19837",0.955268486982266,8.43245486360823e-05,5.54272788535224e-06,0.0232532733974515,3.08022591940762e-07,1.62327952689404e-06,2.02334344630784e-05,0.0213662076071789,1
"19839",0.00120936464597954,0.00178065183928481,0.351993990511543,0.612337580407145,1.47275765084699e-05,0.00167316571197424,9.71746892290218e-07,0.030989547560672,4
"19841",5.51913148366097e-06,3.26716856496314e-08,2.1157363961515e-06,1.44707129304117e-06,2.28625577404447e-09,2.61272859253327e-05,1.57200965591173e-09,0.999964754244951,8
"19843",1.68678122659644e-06,0.00219468156913542,0.967165931943945,0.0193787254678851,2.68978742608604e-05,0.0112317580668025,3.11024407706925e-07,7.27233700838187e-09,3
"19845",0.0761765510285581,0.000147379607434825,4.03650290019149e-08,1.74436904589357e-05,2.20264584199688e-10,0.923633008580276,1.85659486618003e-05,7.01055931718655e-06,6
"19847",0.907948547021909,0.0281665821798117,0.000146480071133844,0.0566364446031119,2.34699431022002e-06,0.00640623656928019,0.000684855697405319,8.5068630375195e-06,1
"19849",3.53641211447848e-05,1.11690112975836e-07,2.20434532868833e-09,1.21193768127794e-07,1.32669956492902e-12,0.999964281935163,6.36873120398804e-08,5.51668271888824e-08,6
"19851",0.997910286754095,0.00101507906891987,1.79096157569279e-07,0.000747509277858022,1.13288693650188e-07,8.13650438699801e-06,0.000304231692462763,1.44643174258703e-05,1
"19853",0.931368071913113,9.00166463288894e-05,2.0576862906203e-09,1.27243137026552e-05,5.8713141536629e-08,0.00725515017409836,0.0611193931250566,0.000154583056872224,1
"19855",0.997151809830835,0.000143043584374876,7.51682016109853e-09,0.000229432615532885,8.89104120776379e-09,0.000433781100600498,0.00038368122395578,0.00165823523684004,1
"19857",0.7380446578681,0.00927050751850909,0.000123818596943823,0.224125935343411,4.95802573241049e-08,0.0134990226872927,5.14377635792231e-06,0.0149308646291277,1
"19859",0.94210448943959,0.00340214479953367,7.69098244768201e-06,0.043392762416503,3.06979908829473e-06,8.75053171401505e-06,0.000649448115096445,0.0104316439160268,1
"19861",0.905577503844521,0.000533861450650507,2.16710037017796e-07,0.000417207543791411,2.45659432809776e-09,0.0933257395303264,0.000129465483237282,1.60029808426863e-05,1
"19863",1.5424962497062e-05,2.2374971049939e-07,5.71150606175367e-09,3.28922796312181e-08,3.31517517414097e-12,0.994882120427074,2.16310839687466e-08,0.00510217062253356,6
"19865",0.00172729664158772,3.4062432925454e-06,5.76224553564386e-08,4.90779774812129e-06,7.79072583547061e-10,5.53614019493385e-07,2.07558164826435e-08,0.998263756546008,8
"19867",0.978976139129007,0.0120773778969799,1.64487976754954e-05,0.00411515950959396,3.36647962466674e-07,0.0045333842356156,0.000280031569612912,1.12221355263274e-06,1
"19869",0.00763122244726712,1.03256368301514e-06,1.75258614652266e-09,1.26166152054837e-06,2.91573221222289e-12,0.992341541110421,5.79593599634171e-07,2.43608680068902e-05,6
"19871",0.830041411617052,0.00107860944196786,1.97205039358681e-05,0.131289196985763,5.52841643066113e-06,1.17598630901602e-06,0.000194332769751239,0.0373700242787903,1
"19874",0.231098007276579,0.000465716280482903,1.49219599991386e-07,9.78419681389685e-05,9.95046925164224e-08,2.54612421391101e-06,5.09540526370928e-05,0.768284685573655,8
"19876",0.85216177111875,1.56734453117089e-05,8.31007968884691e-09,4.84075045181862e-05,5.72618759763191e-10,0.000143438772791087,8.12359823595729e-06,0.147622576677694,1
"19878",0.000185083859427265,0.997519691178687,0.00214737171373763,0.000126104143554389,1.73134132656586e-05,2.11675530176296e-06,1.14154839818557e-06,1.17738762776444e-06,2
"19880",0.0013906801329671,7.53993368677525e-08,9.29228902688385e-10,3.95585504653997e-07,4.33982357431838e-11,6.43881356216458e-06,5.92716895898545e-08,0.998602349824313,8
"19882",0.812611066781398,0.0084792846241285,3.638349696205e-07,8.3877963203835e-05,7.16721576285289e-09,0.178063178865373,0.000161117575891123,0.000601103187820461,1
"19885",0.864192610667394,0.00874867531263428,6.35283183894808e-05,0.126638746820051,4.62724480683037e-07,4.97526362518237e-06,7.50598135153824e-06,0.00034349491207412,1
"19907",0.940054365045533,0.0123442796879812,4.92743990932041e-06,0.000931892162532205,4.69687464302682e-08,0.046593611173402,6.39232327199722e-05,6.9542891764151e-06,1
"19909",0.000605857657409549,1.16223079129242e-05,0.0214237237091904,0.977924643914501,4.4373462845811e-06,2.87568850434081e-05,2.71957541434911e-07,6.86222117124476e-07,4
"19911",0.00196413524548743,0.000148650937562214,0.0272017640826474,0.964460874645855,0.000116938890014195,4.07006384411035e-06,1.52471398995187e-05,0.00608831899469022,4
"19913",7.31213732384294e-06,1.66136138192505e-08,1.25295516393892e-08,1.43330923472056e-07,1.07982209357785e-09,1.54893754346092e-07,1.62231790498786e-08,0.999992343191832,8
"19915",0.698290868637599,0.000148520263877876,8.98743673031392e-08,0.000194163111958392,6.34991474017755e-08,9.76055164169339e-07,4.28234537327941e-05,0.301322495104153,1
"19917",0.00804919986295692,2.87698736463561e-05,6.93105434249453e-07,0.000139575759971296,2.32922194099187e-08,1.15632521189563e-06,1.56957076977893e-06,0.99177901220979,8
"19919",0.866885638123863,0.00505828399002621,2.41381864082796e-06,0.00443864583149586,1.02977172711518e-06,7.45300662513298e-07,0.000110035914438145,0.123503207249146,1
"19921",0.990823402809835,0.00589899945650821,1.66389947627789e-06,0.00303052450143447,8.55322025388129e-08,0.00012464973836984,0.000116755433326857,3.91862884714958e-06,1
"19923",0.00649785444708016,0.992037088058873,0.000213952491209965,0.000653935617917669,6.69484359360412e-05,7.26555260410091e-06,0.000522906707921753,4.86884574906214e-08,2
"19925",0.05942298666429,0.000101561947942573,1.35907859412779e-07,6.04200627513334e-05,2.92642130120824e-08,3.9020351816317e-07,4.52642662787185e-06,0.940409949522798,8
"19927",0.997839783181037,0.000260133607298587,1.31187352590442e-07,0.00166428928050055,5.16552828538729e-08,1.06217884202651e-05,0.000149504972802762,7.54843273054717e-05,1
"19929",0.000134861793407634,7.53157801297814e-08,1.26036910045262e-08,2.21152242603176e-07,7.7979920067231e-12,0.45552959366478,4.21053041703557e-08,0.544335193356997,8
"19931",0.988927064892846,0.00109582964790297,5.54052697837373e-06,0.0092896862633518,1.90760471323219e-06,3.90798921625424e-07,0.000224735661556633,0.000454844603729565,1
"19933",0.0511850955075103,0.000168843147516727,0.0127806502528483,0.935468651521547,0.000182325755139869,9.02172001338291e-08,1.2266742356399e-05,0.000202076855881036,4
"19935",0.761287305014339,0.0209168506288214,0.00556383096943547,0.210843003437868,6.82985511238158e-07,0.000496585620449363,2.44779671678121e-06,0.00088929354685888,1
"19937",0.990754055771123,0.00385025572969644,1.80945862911878e-06,0.00386061316884943,3.97093538786861e-06,1.13734383320846e-06,0.00152120081980711,6.95677267364906e-06,1
"19939",0.718411051029081,0.278547549319902,9.29090811710346e-06,0.00218805257531009,2.80811944891855e-06,2.58632511283289e-06,6.48763413153626e-05,0.00077378538171299,1
"19941",0.00165964168216906,1.33694246811332e-05,0.149681638649302,0.810302072889222,1.96727381346925e-05,0.000156838773148966,1.58861512439533e-06,0.038165177228218,4
"19943",0.000478467388790536,7.30369517698647e-07,1.15637606359017e-08,1.80710204611743e-06,7.37113266757019e-09,4.06741309901953e-08,2.93464772358912e-07,0.999518642065849,8
"19945",0.0116905018960123,0.00425813354695051,0.0359261336885231,0.947508450002978,0.000566032410065036,4.9340563024345e-08,4.12449661051918e-05,9.45414880254002e-06,4
"19947",0.00398527982524682,0.000232519126182746,0.00485909359529566,0.303170685438125,1.95891193762075e-05,0.0168932689832033,1.40617637025977e-05,0.670825502148867,8
"19949",0.0172994800044651,0.971480521858841,0.0036123919216492,0.00678860737733438,0.000675499209602844,2.0047889158246e-07,0.000142926498696913,3.72650518820293e-07,2
"19951",0.22191863594273,0.0524253931187723,5.51123051539518e-05,0.00157274994525948,1.39428496109646e-06,5.13967689157073e-06,1.36493937344118e-05,0.724007925332497,8
"19953",0.000182302007459858,0.00200725230782614,0.0410716353217188,0.0588045553017153,0.851059108724198,1.9654683276393e-08,0.046875108761007,1.79213918374642e-08,5
"19955",0.000270849006730819,0.31088051908348,0.15712346979675,0.508197015327492,0.0218439970583918,8.51797953537446e-06,0.00167453583142749,1.09591619337329e-06,4
"19957",0.0486123025013487,0.000178792287126933,7.04863429144808e-06,0.0204538365412376,4.25728183227347e-05,1.15786403449373e-05,0.00632684519961136,0.924367023377716,8
"19960",0.000302590626511204,0.00517090243887907,0.282434860873463,0.711753510784678,0.000113049580059456,3.00538293629647e-05,2.15213660750918e-07,0.000194816653385889,4
"19963",0.000106977509296337,2.07580043701818e-06,3.7235000662713e-05,5.4100990208875e-05,0.00326862282076198,2.1694635820623e-05,0.0821790827287416,0.914330210514071,8
"19965",1.44866777075352e-05,0.136359224416313,0.782210039135558,0.0810453017274413,0.00033512191677443,3.46717609871234e-05,1.14767926351082e-06,6.68595620802726e-09,3
"19968",0.0117196341993035,3.24640973685106e-05,0.000151886602314071,0.00146964267927327,4.38887351824018e-10,0.226570700505302,3.33602426198514e-09,0.760055668141527,8
"19971",2.41845659726262e-06,1.24069124457597e-05,0.000155310150016367,3.8369407770077e-05,0.00101992267420109,1.42480440566215e-07,1.65884663182759e-05,0.99875484145221,8
"19973",0.995599693740232,0.000500193236946468,5.43995237425449e-07,0.00191191078321268,6.67951284008867e-09,1.52122241379874e-05,3.82891725257914e-06,0.00196861042346798,1
"19975",0.023790196256343,3.5421061236751e-05,5.27355803925238e-07,0.000143259545578075,9.35890531198972e-10,1.48859861070574e-05,5.77588838228647e-08,0.976015651100157,8
"19977",0.000237248200460706,0.000506691557140638,6.80411355325447e-06,1.01094154735571e-05,2.26766393393442e-06,5.58594541055746e-05,2.55963818130283e-05,0.999155423213519,8
"19979",8.71544058138122e-08,5.82984832635446e-06,0.944533676140154,0.0521037565777443,0.00335632956828015,1.14569707661995e-10,8.68429950460509e-09,3.11912219775707e-07,3
"19981",0.442479180534037,0.000723765551533854,7.61221666527137e-05,0.556073851479751,4.12029230452364e-07,0.00041815989432862,5.44313662218764e-05,0.000174076978244628,4
"19983",0.349526727691472,0.33194920167115,0.000355492540159487,0.317657285540964,5.34272850945283e-06,0.000366254384109548,0.000125438297954028,1.4257145681164e-05,1
"19985",0.244236056363241,9.95701955388761e-05,1.92731901620495e-08,4.55972829556839e-05,2.03906485957232e-09,1.98623400531706e-05,5.75121741744092e-06,0.755593141288539,8
"19987",0.557934000385379,0.000268646716236033,0.000701984648309487,0.41509291306022,1.01837574494145e-05,2.04310810174228e-06,2.2025833898534e-05,0.0259682024904055,1
"19989",1.83075287904456e-06,0.000127373725574036,0.915770909563739,0.0612940970896567,0.022804890031867,2.78966872177366e-10,8.97618543790613e-07,9.38773633410491e-10,3
"19993",0.139636701300091,0.751993578664379,0.0241233571241681,0.0727312170972311,0.000317438495214724,2.89499917274153e-07,4.65370568578234e-06,0.0111927641133129,2
"19995",0.104036706530118,0.0533367568119993,0.150486426755834,0.68735917285996,0.000151603491286755,3.81077442692942e-06,8.25463482965288e-06,0.0046172681415456,4
"19997",0.995540525237286,0.000309382855253166,1.47846618462027e-07,0.00048831023914586,1.61815652215834e-08,1.45142518747566e-05,5.57717535748233e-05,0.00359133163468207,1
"19999",0.9810625678876,3.36047057114849e-05,1.02881099897311e-08,0.00014120718390527,3.65886162930718e-10,0.000410583777755382,8.22393537779903e-06,0.0183438018556535,1
"20002",0.000260617167407983,3.23450111493615e-07,7.54372637642122e-05,2.58837299029458e-05,5.48521293262721e-08,0.564420695135689,1.84497715208555e-06,0.435215143423843,6
"20004",0.0178531265695887,1.30247610687871e-05,0.0285240461301955,0.952313817009647,5.49506706330562e-06,7.96797537225003e-05,1.2286376527042e-06,0.00120958207106161,4
"20006",0.00138976576485937,0.397024448219166,0.107453282852894,0.491336591792444,0.000712237044879374,0.00153241819968108,9.6954790426065e-05,0.000454301335650304,4
"20008",0.000925934770216883,0.832578074622242,0.160791151494841,0.00451818268221055,0.00105611568925079,2.3526534980451e-05,7.04492461974565e-05,3.65649600606238e-05,2
"20010",0.00311923987768792,0.507300020575155,0.114484466789048,0.340056186995181,0.034803381397734,4.6341371715236e-09,0.000235290034668117,1.40969638854606e-06,2
"20012",0.230443319596189,0.00221948201027784,1.41783994954498e-06,9.25033370599766e-05,3.98748348638963e-09,0.00723257716771807,7.22749273027935e-07,0.760009973312049,8
"20015",5.81468835653848e-07,0.0011661358135088,0.985317094556416,0.0135078106101993,8.20061846720889e-06,1.71511412408734e-07,2.06521190902463e-10,5.21463855831902e-09,3
"20017",0.989128702346275,5.55969467731253e-05,4.65350891622807e-08,0.000808344885046368,8.73718918218984e-10,0.00130433433193238,1.06723733282132e-05,0.00869230170783655,1
"20019",2.95667027750997e-09,0.000132139113454777,0.983208774355198,0.00270514864281384,0.0139539235487144,1.31193238794407e-11,1.08247869434491e-08,5.45242873197698e-10,3
"20022",0.000358018673688006,0.00504604927224945,0.0772909644495474,0.915832443769647,0.00146803488431833,4.24354946581832e-09,4.1282488347011e-06,3.56458166028625e-07,4
"20024",2.13756847072469e-07,0.000124601374755271,0.195837203281362,0.00756163716998176,0.796229141393673,1.66088185393424e-08,0.000247180135326392,6.27923656610069e-09,5
"20026",2.13756847072469e-07,0.000124601374755271,0.195837203281362,0.00756163716998176,0.796229141393673,1.66088185393424e-08,0.000247180135326392,6.27923656610069e-09,5
"20028",0.94740709478522,1.2329259447955e-05,2.09614399353475e-08,0.00010014992523577,2.80846701156882e-09,4.48634924257499e-05,3.31387008455422e-05,0.0524024000669184,1
"20030",1.47037227596198e-05,6.2267216678007e-06,0.77505186331875,0.224849457158874,1.89252912971569e-05,3.10129760398783e-06,5.11755653909909e-09,5.57173714919197e-05,3
"20033",0.811533033459053,0.0002023529524215,9.21067139770505e-06,0.0206967838955768,2.04644424414569e-07,1.62013917358412e-05,9.36397125738685e-06,0.167532849014134,1
"20035",1.45348825334033e-08,0.000281816235433447,0.968459947478034,0.00451644288889654,0.0267417562113822,4.45221232459556e-11,2.18608102062231e-08,7.46038436179251e-10,3
"20037",1.77941829131883e-08,0.000594802102426795,0.993289784895006,0.0050544117831997,0.00106097131030576,1.89445968708821e-09,1.02045241966883e-08,1.58942246985599e-11,3
"20039",3.73614839450409e-09,2.13966938255909e-05,8.49396066154424e-05,1.60379590815322e-06,0.997581360467736,1.12185970948196e-11,0.00231069568192661,6.62128012888186e-12,5
"20041",0.00342132189172804,0.974048882930883,0.000333291816834302,0.0215522259698463,0.000240621386451579,2.05370837130182e-06,0.000381059110673601,2.05431852113903e-05,2
"20044",0.0199424460720229,0.829109044114276,0.0029880042783748,0.14200878516875,0.0029361749358844,1.15982589269876e-05,0.00156030755656194,0.00144363961520295,2
"20047",1.06492067930503e-09,5.16625017057376e-06,0.95002728253769,0.00357093255654212,0.0463965700419534,9.31590755717632e-12,3.79976857621553e-08,9.5417217397981e-09,3
"20050",0.000936308235294853,0.461414642744218,0.0165279545046209,0.00537164305266971,0.513427789912925,1.48202485039421e-10,0.00231318973219799,8.4716698706137e-06,5
"20052",0.785852665741857,0.0288387712808225,0.000373080490217018,0.152015118133254,0.000163992182624213,2.00312304667591e-07,0.00105262480998621,0.031703547048934,1
"20054",3.72107619770729e-05,0.000177656817972236,0.262081008962334,0.737689775430297,2.5562078914319e-06,9.94585545562196e-06,2.28913444133095e-09,1.84367493764322e-06,4
"20056",0.00103590065058933,1.35784473614922e-06,1.02737839484464e-05,4.49133045233176e-05,2.32795077661901e-07,1.4495521061291e-07,2.69521364002088e-07,0.99890690714455,8
"20058",1.28621184940651e-06,0.00028927035831659,0.923521243495171,0.0709556647364891,0.0052321888472131,4.51313402482262e-09,3.41638575421372e-07,1.99250772305064e-10,3
"20060",0.994950757188396,0.00138107377839675,1.00505587427099e-05,0.0035118740367647,5.01098649552033e-07,5.42520697631941e-06,3.36497690516014e-05,0.000106668363022475,1
"20062",0.687476559537058,0.289988494533944,0.000224200845005035,0.0222087670149124,1.99058251499946e-06,1.16933156067056e-05,2.24688188741661e-05,6.58253520848149e-05,1
"20064",0.00255744292768753,0.000183454957822764,0.036360585896048,0.960815569942313,3.70321819494416e-05,2.35380354652867e-08,3.02044427537984e-07,4.55885117158688e-05,4
"20066",4.42969799514842e-07,1.93594850794452e-06,0.95025123796917,0.0496502536319496,9.28340515715117e-05,2.48240959425615e-07,1.20071715167519e-09,3.0459873244789e-06,3
"20068",0.988499502897835,0.00987674417042526,4.28204832978048e-07,0.000921769521535413,1.49934942157065e-08,0.000613640692676857,6.45147926588694e-05,2.33847265417657e-05,1
"20070",0.964236936881039,0.0200069503528345,1.07183391465746e-06,0.00112848900337387,3.30798319784036e-06,2.6014596413381e-05,0.014582171533193,1.50578160337928e-05,1
"20072",5.73588692381581e-05,0.0141606578476011,0.783633773098797,0.197681610497036,3.41217412085763e-05,0.00443225140901941,2.19151277613488e-07,7.38582240889607e-09,3
"20074",2.51053493264031e-05,6.52191119345396e-08,2.20659386318127e-09,3.61171327758876e-08,3.06141666022268e-11,0.000208382831742508,1.87899432987383e-08,0.999766389455535,8
"20076",0.0232935524318171,0.00025297503269593,0.000397495582683831,0.046052785656927,6.81289483888247e-09,0.320830774272344,1.2569642175904e-07,0.609172284514216,8
"20078",0.00330979114927854,0.0018235647012642,0.0426456975882598,0.95151910947076,0.00060787229353054,1.43933307447797e-07,6.32692648765009e-05,3.0551598722988e-05,4
"20080",7.92362007474804e-08,0.000156461420424776,0.969264232315171,0.0201166797533459,0.0104625243654588,8.51560892702475e-12,1.86661469088716e-08,4.23473619975735e-09,3
"20082",2.3756512918605e-07,3.51543095060425e-06,0.000414450556293578,0.000196847412172867,0.997614865729667,1.13451056696719e-12,0.00177007745034088,5.85431187643588e-09,5
"20084",0.0013043685731349,0.000273212381870646,0.0631121935098596,0.911752374973303,0.00661381274288598,5.25609210477541e-08,0.000180710233561927,0.0167632750244628,4
"20087",0.00466789674509374,0.0861805523757507,0.231934261437425,0.676881875310041,0.00027561077911969,1.83287286145146e-05,4.12526158898095e-05,2.22008065674488e-07,4
"20090",1.21735809490623e-06,0.0400719825394559,0.790465174884727,0.0109692025919587,0.158491438920013,2.10100228534999e-11,9.51249876975917e-07,3.24348631281932e-08,3
"20092",0.00204094809864182,0.050065022331226,0.000127196599781658,0.00916989219821454,0.00611455011552006,5.54675379863316e-05,0.93242691822631,4.89231985080277e-09,7
"20096",0.044521437394689,0.0186530347469954,3.4587833202984e-05,0.0154893773126537,0.00462571170081251,7.03415943194074e-07,0.915295562199874,0.00137958539582955,7
"20098",0.845806718285044,0.000342482654279125,1.936243400084e-06,0.00367928041355796,3.67168087271748e-07,1.63663474202393e-06,2.11987967877148e-05,0.150146379804102,1
"20101",1.32746287960571e-05,0.000514787273851972,0.787747774395882,0.200817861773688,0.0107945671029742,7.05054055034685e-10,6.04122406775961e-07,0.000111129997346603,3
"20104",0.00773748098546463,4.48446571559633e-05,2.47444067898652e-08,6.89279303172897e-05,7.02680599717281e-06,0.00768674865189331,0.984435231831156,1.97143936084744e-05,7
"20106",0.000154998977047846,0.00923013723784728,0.666309963723912,0.323791583237067,0.000467005935828685,3.07426420360487e-09,2.5743995520816e-08,4.62820700371077e-05,3
"20108",0.986381295697072,2.14932421311511e-05,2.73968908824704e-06,0.00621119725909807,1.91535916251033e-08,6.31548338519285e-05,1.01085397855274e-05,0.00730999158538209,1
"20110",0.186634718525732,0.468415652169411,0.000211896651363874,0.00766576463347251,0.0217574001076796,7.23034678465053e-08,0.193223311030643,0.122091184578231,2
"20112",0.00304860777492175,0.49728711883604,0.356573614728255,0.10891092081474,0.0341318492145991,7.50298353452355e-09,3.47795199451551e-05,1.31016085161201e-05,2
"20114",0.00501514110615385,1.2892443563551e-05,0.0125351776414693,0.964662796326512,0.000246558772971256,2.05893775388971e-07,1.96416508291822e-05,0.0175075861647256,4
"20116",0.000588927391514886,4.19148097678821e-05,0.0634535231865358,0.927850769160377,3.66770235522963e-06,1.15606329135707e-05,2.69096234926893e-08,0.00804961020691258,4
"20118",0.253020548969069,0.000356073773926084,0.000454898400828563,0.713748340664674,2.40729831758028e-05,5.27980556621507e-07,6.7272706643848e-05,0.0323282645211264,4
"20120",0.00161680086928773,0.00927976411186163,0.303544751457548,0.520109826870954,0.164669024482082,4.55120422817362e-10,3.31398093420983e-05,0.000746691943804107,4
"20122",0.000735465472552452,2.54139631243006e-07,4.86912731186226e-08,2.36368839292364e-05,4.647003640337e-10,5.40602263025129e-06,4.16765210026415e-08,0.999235146648762,8
"20124",7.19721684510338e-07,0.00127840304820702,0.788910085608839,0.202047777383111,0.00775872860968524,5.43727393538415e-08,4.23058468015985e-06,6.71054139279179e-10,3
"20126",1.07417247475629e-07,4.91541528826853e-05,0.00162198407295186,0.00200696786553478,0.953625242484732,3.76412366825594e-08,0.0426964364638714,6.99015433624935e-08,5
"20128",8.5566705970098e-11,1.64791781236832e-05,0.0815892940370365,0.000116127205685779,0.918265179920517,3.85985283489607e-11,1.29194900238984e-05,4.44479749815168e-11,5
"20141",0.199546361028257,3.4222564837596e-05,6.9679397082894e-08,0.00139365939751103,6.18507212796414e-05,1.14353276476604e-05,0.783014643660015,0.015937757621055,7
"20143",1.22454402621629e-05,7.51474890307137e-09,1.82428346723935e-09,4.34948332002269e-08,7.36090790664678e-11,2.78132571927311e-06,8.20370833039195e-09,0.999984912122835,8
"20145",0.00154795405480141,0.00964333936258047,0.185820411595262,0.790195205070825,0.0127807600818375,3.61867153784695e-10,9.43523729589574e-06,2.89423553062186e-06,4
"20147",0.000126994714432608,0.000433756739195236,0.107285194898481,0.891959465144146,0.000192984001533547,3.41146847837228e-09,1.84016791304892e-07,1.41707395143645e-06,4
"20149",0.000738451574542282,3.67307839187048e-07,4.63534914393772e-09,2.10921735971866e-06,4.30948881314174e-10,2.59015660769413e-06,2.98264975384129e-07,0.999256178412378,8
"20151",0.95501673747554,0.000459035604032585,3.2813074658087e-06,0.00210309577636891,1.34614750792258e-07,1.15176171389266e-06,6.99397433521926e-06,0.042409569485793,1
"20153",0.331361874737343,0.00375253131215484,4.33241423616217e-05,0.00294345324396206,0.00130636341122671,1.28705745278922e-08,0.00550929817623739,0.65508314210614,8
"20155",1.84850578046303e-05,0.0675316510346682,0.538250049988453,0.39337404334352,0.000825407929355027,2.50869678154766e-08,1.21371577388154e-07,2.16187654401171e-07,3
"20157",0.585355329457274,4.87219973711233e-05,1.87915395596062e-06,0.000709585403720873,4.21454920383045e-07,1.08986679966535e-06,2.19055429793457e-05,0.413861067122979,1
"20160",1.92928233152206e-05,1.16323378983131e-08,3.68929469404492e-09,1.12064951325787e-07,2.61304924559045e-10,3.4884259764201e-07,1.33175683526688e-08,0.99998021736863,8
"20162",0.00386962918278797,2.07372021301882e-07,1.66362508658243e-09,1.05375780898555e-06,1.3246253864375e-10,3.10363394831747e-06,1.5300440316649e-07,0.996125851252943,8
"20164",0.0427924930141413,0.000804148165200681,2.82547883700288e-06,0.000120937745572035,6.75773512579046e-07,9.88292780218918e-07,2.56454970675414e-05,0.956252286032889,8
"20166",6.91933668971453e-06,3.60748834627691e-05,0.967006609221345,0.032517688432616,6.979746843258e-06,6.85485203761485e-05,2.58921027486725e-09,0.000357177269456556,3
"20168",2.64417019631145e-06,4.35674770166163e-06,0.00122330436126538,0.000143744521609693,2.40310183138614e-08,0.998288922625218,2.9317643363887e-08,0.000336974225347578,6
"20170",0.724340359307309,0.000179219481493021,1.00799191906532e-06,0.00772391119737833,1.16017510559847e-06,6.93961680830706e-07,0.000269039545460111,0.267484608339654,1
"20172",0.000218007803185353,0.00173922384086536,0.0994889627232592,0.896991013728658,0.00155985598377885,5.61728125866086e-09,2.92388361153506e-06,6.41936034356585e-09,4
"20174",0.752348392870864,1.96477154464954e-05,2.8822838907175e-08,0.000116730983712268,1.03167738232547e-10,0.122113319851761,2.9719727209546e-06,0.125398907679489,1
"20176",1.62697089345985e-05,5.85040821534971e-06,2.24489334959452e-05,2.51235534004736e-05,4.97229446669743e-10,0.999928884719759,1.59005665150106e-08,1.40627839848405e-06,6
"20178",9.09420502795423e-06,1.4093588350545e-08,5.05733202559386e-09,8.46694846989476e-08,6.97626718379105e-10,1.51588008721011e-07,1.56029911267867e-08,0.99999063408594,8
"20181",1.95056299627502e-05,1.20353329460435e-05,0.76438891681384,0.232032249451223,3.84447176909691e-05,5.9572137678719e-07,3.62023355871843e-09,0.00350824871272681,3
"20183",0.899192068376508,0.00723623159450458,4.51287870403627e-05,0.0891604392733065,5.22385588302674e-05,1.82047008909554e-06,0.00430773752022097,4.33541950020413e-06,1
"20186",0.670311745166858,0.152834674944325,0.00121649937598991,0.140027685077661,0.000238915732775977,0.0031460325188765,0.0322243613865916,8.57969215805533e-08,1
"20188",0.000183134760428622,7.46780168632165e-08,3.6179043300015e-09,1.59286013653348e-07,5.08922200931621e-10,2.21338943486096e-07,5.75988141739656e-08,0.999816348210957,8
"20190",2.46014395166088e-06,0.000129533431738333,0.941652306769156,0.0581129380384551,0.000102672315256965,6.41751153169516e-09,1.34298643237015e-09,8.15409443182861e-08,3
"20193",8.06336014397905e-05,0.000144489228478248,0.00121457402252187,4.2833613261783e-05,1.25152865471538e-07,0.0183004275095683,6.4342392344145e-08,0.980216852529472,8
"20195",0.179971628241044,0.00411245039010212,6.03213468233552e-05,0.00224807658324274,2.11752513469558e-06,1.11573440810168e-06,6.98528930246341e-06,0.813597304889943,8
"20197",0.000219162850862922,0.0306725576206265,0.281362358485454,0.686716720902354,0.00102781823810627,2.75766962763545e-08,1.32838838741908e-06,2.59375122784473e-08,4
"20199",0.0684830972513044,4.39666645266702e-05,2.56345997743282e-08,4.27171708566978e-05,6.48114131057668e-08,4.28878940955376e-07,4.96243448177135e-05,0.931380075243541,8
"20205",2.19428056712821e-06,0.00108204888540069,2.98295938806375e-05,3.39768680860864e-05,0.928263340486956,2.44950566896861e-11,0.0705886083278652,1.532749067468e-09,5
"20208",0.975846819261221,0.00261696183199078,2.46556253392829e-05,0.0133679016555558,5.15716809528949e-07,1.430747803942e-05,9.82543487177953e-06,0.00811901299617262,1
"20210",0.0141112250554242,1.20278462703153e-06,6.48952243529005e-09,4.9263538994458e-06,9.9692109941666e-10,1.20454825096288e-06,5.05940991124364e-07,0.985880927830364,8
"20212",0.14569809775239,0.00025568970235204,2.56572025281393e-06,0.000380818430928353,2.08499334569743e-07,2.12906125739228e-06,4.38872524919323e-06,0.853656102108235,8
"20216",0.000256932665735177,0.000108617017173834,0.14711230788998,0.852398563233726,0.000103825417918759,7.29559025554393e-08,6.26939651540142e-08,1.96181255982432e-05,4
"20219",0.00108535653917365,0.0158764260866196,0.0573506025043542,0.192581147343541,0.718274693842035,7.51301280825962e-10,0.0147987066308589,3.30663021162389e-05,5
"20223",5.85004208101086e-08,0.00131146478080507,0.996734404852143,0.00158395035874813,0.000102821017265815,0.000267243315080639,5.7139492978327e-08,3.60439445292582e-11,3
"20226",0.0183377675138627,0.979345860666555,0.000265504214761134,0.00188767422642081,6.67411060289044e-05,3.6489157134516e-08,2.19040415960876e-05,7.45117416181896e-05,2
"20230",5.43709536371077e-07,4.29034144719221e-05,0.975267556621718,0.0242511987357354,0.000437783350595262,3.29679686124851e-09,5.17614221320184e-09,5.69500405186438e-09,3
"20233",1.58687403162524e-05,3.28483638301255e-06,9.82266805469202e-10,4.7355416860545e-08,0.000297547014537464,2.73483666344378e-09,0.999683060656131,1.87680112329846e-07,7
"20235",1.36247614807415e-05,0.159044753201081,0.671892386168183,0.126550013702064,0.0418875464289806,9.11886238959499e-05,0.00052048566451986,1.44979411989915e-09,3
"20239",0.00116034560151418,0.260554882710436,0.277616253207488,0.458417124272514,0.000176832818078752,0.00202195841637157,5.2108398952218e-05,4.94574643997258e-07,4
"20254",1.90294402950221e-08,1.0929475608549e-05,0.000524848703885336,6.34004561135448e-05,0.9990627351198,1.14295202195127e-13,0.000338066962499732,2.52538214907483e-10,5
"20256",3.01896099698534e-06,0.000346459713011539,0.348192917711525,0.650797299386467,0.000659539065209353,1.33379211526428e-07,6.30657786658918e-07,1.12579177897243e-09,4
"20262",0.41472162798749,4.99162421475291e-05,6.48036050295134e-07,0.00149698560972539,9.59358773954292e-08,8.45638848001366e-07,9.87149519715726e-06,0.583720009054664,8
"20270",0.00765382730500455,0.000426499529991382,0.872626003719878,0.115116074535061,1.78524798222535e-05,0.00166042222166939,2.34736964598514e-07,0.00249908547160821,3
"20284",0.411717604192674,0.0738050135849692,0.000625598785971864,0.0205439435233839,0.0645945395401747,1.07206703830785e-07,0.428702047039408,1.11461267144893e-05,7
"20287",3.60713986230602e-09,0.000485638771985842,0.998151858194011,0.00110632516628762,0.000256167025179302,6.33623750677215e-09,8.59437622701427e-10,3.97218264412784e-11,3
"20290",0.000834363594267982,0.00525504539895975,0.000275108850375043,0.000683812133485982,0.951776594840264,5.63269386541034e-11,0.0411617119240306,1.33632022901838e-05,5
"20293",0.0011019252387634,8.58049537585268e-05,0.00434291554360512,0.994303576243489,0.000151559914320886,3.59258893899145e-08,1.37578954724507e-05,4.24284701748193e-07,4
"20296",0.261183512701105,0.000423028451565014,0.000308075695380727,0.0458332014618606,4.84420750159621e-09,0.0154516360002526,1.41895095481473e-07,0.676800398950533,8
"20301",2.28640428029734e-09,9.54694575088807e-05,0.998957285012571,0.000180684307105082,0.00076594849832007,1.05594661911227e-09,6.46658995010271e-10,6.0873548511776e-07,3
"20304",9.40258592740074e-07,2.85900490350727e-06,0.000340028843139359,0.00187677358761918,0.989176731386223,7.51010585843529e-12,0.00860265047651482,1.64354974941529e-08,5
"20306",8.04169752151965e-07,0.000190558429232144,0.957789933007982,0.0349081704814192,0.00710972978130099,4.30443487059982e-09,7.99662945845513e-07,1.62932524582268e-10,3
"20309",0.0768153612220062,0.149920112731747,0.0211974358889626,0.749542337579932,0.00241407239779711,3.11582271854261e-07,6.49459250843939e-05,4.54226721990909e-05,4
"20311",0.000819904690084486,0.00071395702623644,0.251001157454713,0.746519119110902,0.00072452405438631,5.04023575657928e-07,1.3513916040548e-05,0.000207319724061427,4
"20314",0.955210104426067,0.000865451045548261,2.60678257853543e-05,0.028742117698032,4.42001328497705e-06,1.57474180780536e-07,4.53059285884678e-05,0.0151063755885128,1
"20318",4.94102589029489e-05,3.423932927754e-08,1.69881743306113e-06,2.47484064900931e-06,5.29699483355663e-09,3.31206725507827e-06,1.28481569457773e-08,0.999943051631279,8
"20320",0.396145910970814,0.597189535159317,4.84402850039671e-05,0.00136529739704817,0.000111218408007187,5.28989196923461e-06,0.00415540248193413,0.000978905405905276,2
"20326",0.918067023512127,0.000392880938815416,3.83189154140946e-05,0.04243227384137,1.05298387158549e-05,4.16770419569437e-07,0.000166065004839747,0.0388924911782984,1
"20328",0.775058521977156,0.212050403769062,2.4323286562482e-05,0.00495492721341045,8.02664537064848e-05,2.44302974096599e-06,0.00782406171870187,5.05255166007942e-06,1
"20330",3.68842331527185e-05,0.910100449840576,0.069055041455661,0.0174130709969129,0.00335980758562332,2.10828090155503e-07,3.43051753567553e-05,2.29884627605466e-07,2
"20336",0.0103056929679906,0.00344986982016722,0.000573504293350176,0.072093781664534,0.445551075382675,2.68069523923953e-09,0.468025753962446,3.19228141845238e-07,7
"20338",0.000221333599847601,0.00432809231157854,0.00123345934128851,0.0361833503593281,0.853516801012561,9.54178236151094e-10,0.104437893212856,7.90692083625027e-05,5
"20340",1.23466350811047e-07,9.92232348800452e-05,0.95080591869986,0.0462596190810089,0.00283504628323317,1.18232367985305e-08,5.27724340316852e-08,4.63899606443094e-09,3
"20342",2.55029488168628e-05,0.017793702823894,0.00036505580419592,1.03882159106094e-05,0.103124999083012,1.48656842468269e-05,0.878503245033614,0.000162240406309798,7
"20344",0.000395884104793378,0.000369645120827694,0.525987753114624,0.471428180662089,0.0018156900899255,1.11394403005251e-07,2.60975040536408e-06,1.25762932476301e-07,3
"20349",2.44083952890423e-06,4.03903182388741e-05,0.830801913943114,0.168621504632846,0.000533548824837751,4.77981326664995e-08,1.52965337589728e-07,6.77964769444352e-10,3
"20351",0.00166720749722016,0.00132292308205424,0.00636670961406811,0.988422579890829,0.00211669274499499,5.59027271363818e-08,5.53859055883997e-05,4.84453625175547e-05,4
"20353",1.86020660415471e-05,0.788918010381601,0.126003477166814,0.0227535442423978,0.0622752827242876,2.1318941015631e-09,3.10731728371158e-05,8.1141265955259e-09,2
"20357",5.47414643739637e-07,0.00194716104242288,0.000315602124567995,4.2208805258685e-05,0.986985403819961,1.65324635249987e-11,0.0107090767308552,4.57574576087013e-11,5
"20360",1.35412649421079e-05,0.826429518606217,0.00338093073439933,0.000427555318488613,0.09045499769172,0.000143417268444075,0.079149725676667,3.13439121253146e-07,2
"20364",0.0103838572182945,0.446246110372878,0.144815587139654,0.392405117748812,0.00613621568157014,7.89114530045286e-09,8.54875724734729e-06,4.55519039844389e-06,2
"20366",0.00233622453181892,0.000662609796783528,3.07004102860156e-05,0.00630113240107515,0.299495333973557,1.91916422254166e-09,0.69116857918147,5.41778584555573e-06,7
"20381",0.00215553140426954,2.28967885463096e-06,1.69610149725762e-08,5.79380314855815e-06,2.88328550585891e-10,0.986443756200853,4.87134661794117e-05,0.0113438981973508,6
"20391",0.0086094214144453,0.557193849912816,0.0425286596665422,0.143365342220913,0.00163139564825236,0.216781781528332,0.0298895411464241,8.46227524622571e-09,2
"20394",0.979075950400071,0.017183106909464,1.40226179637284e-06,0.00187578361190465,1.88946287941644e-08,0.00129218663161133,0.000101973985963333,0.000469577304560863,1
"20396",0.30919602122084,3.68867277114391e-05,5.5056233532136e-09,1.00080464485665e-05,2.32061757573501e-11,0.684340304569796,6.19400139267513e-06,0.00641057990498219,6
"20409",0.078119740549656,0.000119672037666512,0.046622767612699,0.764514356674047,0.000357179533401265,1.69509016076537e-06,4.13791166191829e-05,0.11022320938575,4
"20411",2.3959210887683e-05,0.0338431566835165,0.258388191818555,0.362313953176987,0.345013567580441,2.1988295330628e-09,0.000417168788282297,5.42501428504542e-10,4
"20416",1.17014709238371e-10,1.55725191990717e-05,0.00842001095089522,3.95066202923439e-05,0.99149750742074,3.0125209335247e-12,2.74023682637472e-05,5.81911507444429e-13,5
"20418",0.223405020885231,4.13234208688973e-06,4.82691749594649e-09,9.2433805880077e-06,1.33862350702061e-11,0.741611695200327,2.40994949292073e-06,0.0349674934019709,6
"20420",0.000595918417885565,3.7363925058093e-05,1.43173729598815e-08,1.01775112754075e-05,0.0016460930722718,1.14516193210078e-08,0.997704421534789,5.99976972776009e-06,7
"20422",5.64990991744488e-05,0.0325356737849577,0.938304881019038,0.027664524141639,0.00142122237125435,8.85328811842938e-09,4.17478583249481e-08,1.71489827906333e-05,3
"20424",1.84299092811617e-05,0.130270659646749,0.374187558439537,0.30673906984468,0.188713058947636,1.12298129837974e-09,7.12197895529417e-05,2.29958319984374e-09,3
"20426",4.52858171141519e-06,5.91708911558113e-05,1.88879208312718e-06,7.04083666668166e-07,0.612918835096646,1.34866537303585e-10,0.38685045629893,0.000164416120939674,5
"20428",0.00433839014182744,0.0534508119887111,0.0312581134876451,0.910260136455809,1.95439849826011e-06,0.000688273666841558,5.95963780161416e-07,1.72389688687228e-06,4
"20431",0.525644973411622,0.368708764738981,0.00251547201677499,0.0185861318508963,0.00199119909941752,4.54148998207495e-07,0.000482933537649009,0.0820700711956616,1
"20433",2.9486277878815e-08,0.000111239157155691,0.997327317598992,0.00252906590548907,8.43764684689998e-06,2.39076389369718e-05,1.96406547479407e-09,6.02235883766264e-10,3
"20436",4.81982567055981e-06,1.56612808605183e-05,0.00165569702587669,0.00117996307088053,1.13929946145699e-08,0.997141848512844,1.61860129748889e-08,1.9827048601329e-06,6
"20439",0.670902036376253,2.30857169332536e-05,2.22955208246275e-08,4.53815136938293e-05,5.41235866524643e-11,0.199040655597384,5.76617204062777e-06,0.129983052274051,1
"20441",9.461052965849e-06,0.0172855596414854,8.83611557116458e-05,0.000459784979281097,0.933525993301138,7.22505504110757e-11,0.048630762923212,7.6873955270128e-08,5
"20444",9.57229199231499e-05,2.28682214876854e-08,1.41178704350664e-09,1.32578489108218e-07,1.09019742558779e-10,7.57253664302976e-07,2.12929179310276e-08,0.999903341565977,8
"20448",0.791294327002235,8.37379398959313e-05,0.000349548703352813,0.0628005248570428,0.000123483775567658,9.80474781108728e-05,0.00256232708000791,0.142688003163787,1
"20536",0.171118597352912,0.00347027280164816,2.36122973892043e-06,0.00197745285119646,3.25139027511794e-09,0.823403645693703,2.40232712320157e-05,3.64354817926592e-06,6
"20538",0.00631286902672158,0.000128537248903287,0.00420161344577741,0.689152340770445,0.0868935655279438,1.24504656570587e-06,0.21330958856206,2.40371583605841e-07,4
"20541",1.54952472101976e-07,0.00219227585230753,0.631705450898843,0.0159515408597026,0.350146652816801,7.16951731451013e-12,3.92390175332024e-06,7.10951208731108e-10,3
