"","V1","V2","V3","V4","V5","V6","V7","result$classification"
"19812",0.163818656569957,7.72143992776486e-05,0.0689487998862986,0.765941938918562,0.00064748487073442,0.000564061524698639,1.84383047161726e-06,4
"19814",0.0106759198124566,2.06074785915877e-06,0.00114652640269435,0.985849149931089,3.49703612569248e-05,9.2887712498428e-06,0.00228208397339387,4
"19816",0.889204387735206,3.91206315766929e-05,0.00678488460498075,0.00367028664395413,0.100298946174297,1.56019984234369e-06,8.14010142994166e-07,1
"19818",0.46503210076896,2.07432849174404e-05,0.000543125316858763,0.525365530195105,0.000591099823105504,2.50599985191444e-05,0.00842234061253487,4
"19820",0.00841143862419416,9.78174999730377e-09,2.66900573030396e-05,1.0936559143743e-08,0.991556380068734,5.46999481539363e-06,5.36644347005905e-10,5
"19822",0.00476967805644514,2.5474634705957e-07,0.00467849863322899,3.41732398063024e-07,0.982656452432792,0.00789385127421724,9.2312457105133e-07,5
"19824",0.854410022427471,0.000126600202360336,6.28563437997389e-06,0.0001614045783131,0.144010348647451,2.47199414549346e-05,0.0012606185685704,1
"19826",0.091029129069073,0.0120744660443719,0.173417607898607,0.721777277900497,0.00165567207276727,5.39208910653643e-06,4.04549255778078e-05,4
"19828",0.582138837872681,1.74238575263223e-07,0.000170001185215035,0.000156495666236946,0.417339839271421,0.000192447272908794,2.20449296227953e-06,1
"19830",0.00264918275379708,0.00124200985388347,0.133810270891122,0.861846381543059,2.47345381697846e-06,0.000335806219391659,0.000113875284929998,4
"19832",0.107941180985666,4.47192506424827e-06,0.0399723512543172,0.130872452623037,0.021136826501057,0.700071102980243,1.61373061498428e-06,6
"19834",0.159649738731748,5.96578920691271e-07,0.727833891199787,0.0114666955914808,0.0979747451919093,0.00296237088279043,0.000111961823363155,3
"19836",0.915711353875319,0.0242321679282743,0.00334137736758126,0.0555903167206444,0.00108862112261481,3.57687428991789e-05,3.94242666854735e-07,1
"19838",0.000248432703576218,3.28085528554043e-06,0.0010204615282649,0.998400773306333,4.04564531039128e-07,2.98821695319954e-05,0.000296764872477169,4
"19840",0.166611008009784,0.00076505717355775,0.771228133670044,0.0191707464612511,0.0422177039077308,3.30249929133571e-06,4.04827834125949e-06,3
"19842",2.97548806541551e-05,0.941442703373197,0.000828905618158266,0.0576894549819867,7.82808049655345e-08,6.88910136113375e-08,9.03397418476479e-06,2
"19844",2.06996029229466e-06,1.48936828439707e-05,1.70582458797514e-07,9.32791757373758e-06,1.12225353659347e-06,1.65697646370175e-08,0.99997239903353,7
"19846",0.000174306154247975,0.0025726094343242,1.18583363037106e-05,0.934192484415656,2.07608640405972e-08,6.15011324712248e-08,0.0630486593974713,4
"19848",0.000192422286591675,0.000131301703910099,2.95771333891091e-05,0.976405333416596,4.18809267911785e-08,2.36278416206586e-07,0.0232410873001698,4
"19850",0.000760929511168708,3.51498289046303e-05,0.000178848295423321,0.805504848875851,2.66370203970646e-06,1.62941983412275e-06,0.193515930366779,4
"19852",0.962992189063948,2.52799204390961e-06,0.00226229588083172,0.0293718730228608,0.00523822194978447,2.87540891040769e-05,0.000104138001426668,1
"19854",0.000143290097091962,2.93630577799202e-05,8.547390438868e-05,0.997582433942514,5.0360232961143e-08,5.7771821533837e-07,0.00215881091977672,4
"19856",0.000241581569247153,0.000148625864872337,0.000522294484242873,0.0147315907949418,8.11850448312842e-05,5.03242682498481e-06,0.98426968981504,7
"19858",0.0097238222695435,1.49479865958921e-05,7.29878696593071e-05,0.000971296151658385,0.00258559490560641,5.90530841512931e-05,0.986572297732785,7
"19860",0.524416209404936,2.2678486440323e-05,0.191550908127602,0.266135969808263,0.0177988167279685,4.15431345953015e-05,3.38743101953472e-05,1
"19862",7.69853115532898e-05,0.00865510703011809,3.07293835438704e-05,0.988884768840443,8.78408954098911e-09,6.20181944354231e-08,0.00235233863205757,4
"19864",2.76074390229005e-05,0.999968040629535,6.02534403599307e-07,1.88865276419126e-06,6.94848686453443e-07,3.3163362848275e-08,1.13273222523365e-06,2
"19866",0.779852842666745,0.0199993787109364,0.0689695656544509,0.000614872159903488,0.130557199695245,5.16517602924218e-06,9.75936689560231e-07,1
"19868",4.03706104002299e-07,1.8073475624501e-07,0.00357915952688881,4.25698331505073e-05,5.72135236659965e-06,0.996330916445396,4.10484013373689e-05,6
"19870",0.0108329386766771,0.000933099491799088,7.95566802222848e-05,0.986344285072106,1.06362288831996e-06,1.6230630770664e-06,0.00180743339322988,4
"19873",0.32805112947193,0.00154169910431812,0.00186663486157656,0.667471624398667,0.000386853501196256,4.2144833370038e-06,0.000677844178974589,4
"19875",0.205388841466545,5.83179009919995e-07,0.0358215540137608,0.00097953577230094,0.757649621956112,0.000159808885549044,5.4726722349854e-08,5
"19877",0.0951518286885384,8.09796942152249e-05,0.00837370757565516,0.893945351180771,2.93768680216613e-05,1.90126013399044e-05,0.00239974339145921,4
"19879",0.907164193389897,3.72417872695494e-05,0.00862921052941126,0.0808891274683467,0.00154414741004732,0.000280423527816756,0.00145565588721196,1
"19881",0.0788114277419598,0.0228587951337347,0.00620544701084736,0.890696946033536,0.000196701689746743,5.85927679858436e-06,0.00122482311337648,4
"19883",0.0335808526993506,0.308074989419156,0.00281186327722845,0.655418342999933,5.0706670061979e-05,5.91540062969669e-07,6.26533942076947e-05,4
"19899",0.0602677168971073,0.000123034195965354,0.925541706209868,0.0120266494057134,0.00175190284083307,0.00028636411868752,2.62633182553945e-06,3
"19908",0.000798851388867453,0.0199119750208369,0.97599649305327,9.0974287390107e-05,0.00222031361746276,0.0007260852831092,0.000255307349063637,3
"19910",0.950829477032751,4.05277279620847e-05,0.000363171344870731,0.0478615380514796,0.00085072185882195,7.37034802739323e-06,4.71936360874801e-05,1
"19912",7.89526536030689e-05,0.504704364130482,0.00692693169256958,0.487806573806511,1.89246623845757e-07,2.01415423934873e-07,0.000482787054787175,2
"19914",0.414623879744134,4.17665890907774e-05,0.415112976469918,0.164205476080068,0.00359141667372672,0.00179724734584385,0.000627237097218443,3
"19916",0.485974590646765,0.331064334731479,0.000426051360856778,8.35861464468041e-05,0.182034635389171,3.3183364647118e-05,0.000383618360634056,1
"19918",0.00767715066171538,0.00180494321725765,5.93747187347971e-05,0.911658998099531,1.78332980563857e-06,1.06023306835014e-07,0.078797643949649,4
"19920",0.000115611630218943,2.52920851961134e-05,0.000106831240627045,0.131882005082469,2.80304638938385e-07,5.62092125654139e-08,0.867869923447637,7
"19922",0.0378600457296089,3.08074884363506e-06,7.789676156595e-05,0.113462183655179,0.000372050149025753,0.848218795987084,5.94696869263997e-06,6
"19924",0.11216375022702,0.000162660490716821,0.00921381654570182,0.844529038024896,0.00012828742149038,6.4890159250597e-06,0.0337959582742497,4
"19926",0.378708807606297,0.00385641163697989,0.586811451234075,0.0208994870280633,0.00634888790250576,0.00337475338004496,2.01212033470515e-07,3
"19928",3.80237163887961e-08,0.999998849823448,6.25454698113759e-08,4.62409346197125e-07,1.6566735914746e-09,1.86904944046795e-09,5.83672296264594e-07,2
"19930",0.0159804561031672,3.88624134627025e-05,0.000192917790782971,0.983678243540665,4.2990185196844e-06,6.43804366332652e-06,9.87830897394828e-05,4
"19932",0.00032283415687944,8.33605765789178e-06,0.000124001913038249,0.998777342158788,1.42722989904082e-07,2.52516456093997e-06,0.000764817826085354,4
"19934",0.484581985573978,7.42120073325347e-07,0.0416003934916759,0.0154147210232416,0.456745280434351,0.00153352492166736,0.000123352435012762,1
"19936",0.0460778493261286,1.93848620209161e-05,0.0860991233941204,0.86700963739119,0.000304289418170195,0.000345273968234372,0.00014444164013588,4
"19938",0.133444598311633,8.56535949326692e-06,0.108362647187126,5.4978026197012e-05,0.756971043195,0.00111236668642551,4.58012341252968e-05,5
"19940",0.816512777006938,0.00797784708738071,0.000168709731653571,0.174959740703359,0.000230189367364955,2.02800512210103e-06,0.000148708098181856,1
"19942",5.29862451082053e-07,0.999987938700146,6.95647553370452e-06,4.36532548472684e-06,4.14769244972661e-08,6.82653420472584e-10,1.67476806358699e-07,2
"19944",0.974942749842179,0.000195282937283158,0.00343106408253338,0.0167313507986387,0.00468652261609747,7.69601980866774e-06,5.33370345966219e-06,1
"19946",0.639320080583205,7.40701024903138e-05,0.00599645507430687,0.33954704253179,0.00127574933118476,2.86698887158377e-05,0.0137579324883071,1
"19948",2.26717836141784e-06,0.999975141669165,1.01531341946906e-07,2.17529562419985e-05,1.65879927093636e-08,2.79006695132932e-10,7.19797889553302e-07,2
"19950",1.23963342931619e-06,3.72098825389962e-07,7.44225765744833e-07,0.00161770188099323,9.92881895626739e-09,6.14489157185246e-08,0.998379870783252,7
"19952",2.26717836141784e-06,0.999975141669165,1.01531341946906e-07,2.17529562419985e-05,1.65879927093636e-08,2.79006695132932e-10,7.19797889553302e-07,2
"19954",0.00291268293885608,3.49445842446745e-05,9.56293023154937e-05,0.996533125803706,5.56379863846081e-07,1.46847834354473e-06,0.000421592512670436,4
"19956",1.1427638137229e-05,0.00895661109619481,0.1527453007874,0.230268844712966,3.44154806572262e-07,4.09629899300528e-05,0.607976508620566,7
"19958",8.12038646198074e-05,2.96445624351276e-07,3.6479614969017e-07,0.000655281781988355,3.34904204568145e-06,0.999103040356659,0.000156463712913353,6
"19962",0.223287989045056,0.000307716914145799,0.0214524968968583,0.502201383051664,0.0218010710222877,0.00185131570336128,0.229098027366627,4
"19964",0.671498219412537,0.0112280408488005,9.91994696484527e-05,0.3107160766836,0.000196105210912478,9.03775218365102e-06,0.00625332062231833,1
"19966",0.220062257546965,0.00613155887191409,0.0294212627346747,2.20677833917655e-05,0.74433663627037,2.61890561316043e-05,2.7736553644187e-08,5
"19969",0.00378685535409971,0.00753073582864627,0.00720015698455865,0.981406388408613,6.58118034295695e-06,1.0063955881387e-06,6.82758481511295e-05,4
"19972",0.0348292813381376,0.142441199404931,0.000132928920722535,0.756849638617286,2.61197454166728e-06,1.51409509245735e-06,0.0657428256492882,4
"19974",1.5739566511163e-05,0.0342430738656154,3.72384657106014e-06,0.122426151402714,3.41271057303663e-09,7.98022091013284e-09,0.843311299925656,7
"19976",0.278830657540679,0.000226378684893454,0.00443598533070779,0.666544871437592,0.000151011001670969,9.7858075701832e-06,0.0498013101968865,4
"19978",0.977833535406347,0.000145037542752664,0.000192789661335109,0.017766480675167,0.00399130628528051,6.16342777365414e-07,7.02340863402427e-05,1
"19980",0.000102617230241411,2.47089300819549e-05,3.97339234830211e-05,0.871391202833752,4.53463109468819e-08,5.39734969039808e-07,0.128441152001161,4
"19982",0.000267518003115429,9.73240781874988e-06,0.00134783185885026,0.157542703276117,6.82560288314184e-06,1.15758243129496e-05,0.840813813026902,7
"19984",7.82521989488347e-06,2.3668525326555e-06,1.25498779360343e-06,0.000218877157187852,4.72244574949729e-07,2.57141598808427e-08,0.999769177823856,7
"19986",0.0529872861858963,2.70892842395195e-07,0.00291393590179539,1.4839132209378e-07,0.944020586427911,7.77705740298801e-05,1.62620281456372e-09,5
"19988",0.00500899673118431,3.22351196758635e-09,0.000121396095794393,3.38867371616573e-09,0.99482571069791,4.38895256596322e-05,3.37265671556167e-10,5
"19992",0.00408286073651416,2.14397215982359e-09,0.00300570842376554,1.00770759817558e-07,0.992875251444674,3.60415219113099e-05,3.49584027569591e-08,5
"19994",0.0202255444142939,2.85097366547426e-05,0.000859194687954066,0.978831812083569,6.3845103568228e-06,2.53502495035562e-05,2.32043176681523e-05,4
"19996",0.0429394731979004,3.93437283736065e-09,0.000224211038910263,5.25423506877095e-07,0.956823844739931,1.18930909988203e-05,4.85743798157839e-08,5
"19998",0.0145340340285614,0.400171061284305,0.487887441283476,0.0887501973878149,0.00317712890256319,2.62279037399661e-05,0.00545390920953929,3
"20000",0.000108425042699142,0.00234481055974582,0.275977077070838,0.713361600646562,2.00167758514895e-06,0.00796638429073301,0.000239700711836054,4
"20003",0.0727493805861774,0.000606299596393518,0.0140707887888132,0.912310421567382,0.00010877870507416,0.00015288476524164,1.44599091820236e-06,4
"20005",0.000164100316334887,0.00122221591214428,3.14973764265665e-05,0.977375858304222,1.33598853469651e-08,7.14681298459713e-08,0.0212062432628575,4
"20007",0.658035488324092,8.63540595519613e-06,0.27037051830102,0.0495991950346661,0.0208676096872654,0.000700590278781867,0.00041796296822019,1
"20009",0.391006907447903,0.000369086853110397,0.000931195658996797,0.000132279583640767,0.606775114122242,0.000442990785196139,0.000342425548910359,5
"20011",0.162349098185632,0.0291170119871588,0.00134999976459567,0.797174876830644,3.19858545539656e-05,5.05446642395315e-06,0.00997197291099182,4
"20013",0.00282148813757427,1.06985424098029e-05,0.0204268487795985,0.882031245594723,8.67600514516309e-06,6.75027733206245e-06,0.0946942926632171,4
"20016",0.0896170356327348,5.46905227133886e-07,0.00270500000460686,1.1457714276214e-06,0.90558173630014,0.00208867313571184,5.86225015221042e-06,5
"20018",3.66669857353301e-05,7.92370777224048e-09,8.89933796015229e-06,1.08699039563256e-09,0.0741224445803969,0.925831979387565,6.97644980686242e-10,6
"20021",0.914911291280922,3.64494265214951e-06,0.000384737411734492,0.00163917232412498,0.0829139947573102,0.000147124322509275,3.49607470997233e-08,1
"20023",0.899864393821497,9.34842200143358e-06,0.0398041181003147,0.0106948247679567,0.0491392673832712,0.000444055706066431,4.39917988922876e-05,1
"20025",0.0226864179935254,4.81299359616053e-07,0.000334986540815963,2.02020106650636e-06,0.678591513237908,0.29838454969248,3.10348439562234e-08,5
"20027",0.00154752058703208,0.31822896776331,0.020060201996252,0.660145808839406,1.30498083191407e-06,1.26817284896375e-06,1.49276603188388e-05,4
"20029",0.000277627849179406,0.00681150021410905,0.000669887399789769,0.984231439940645,2.10693694050476e-07,3.08084581181177e-08,0.00800930309412421,4
"20032",0.0021118928462824,0.00434262638714419,0.000653590070464538,0.992878067659554,7.53055885823451e-07,3.81041370024833e-06,9.25956696862303e-06,4
"20034",2.38071765053765e-05,0.999892524058294,3.48527822624743e-07,8.31185973038701e-05,5.24677027980358e-08,2.67167304964453e-09,1.46500697945147e-07,2
"20036",0.000259534077969394,0.000138946180635964,0.967148107805934,0.0197456253677328,0.000519012799196578,1.80718063304798e-05,0.0121707019622011,3
"20038",0.0994325419815489,1.85021681307065e-07,0.159086692440016,3.45984247716422e-05,0.738891346988991,0.00255463382445193,1.31853966898584e-09,5
"20040",0.185809443673134,0.000128251611720582,3.71446310474966e-05,4.98346831080891e-07,0.80395156707459,0.0100697746600773,3.32000259880789e-06,5
"20043",0.0932392756702469,5.64717122943628e-08,0.00670555718897807,0.000548454108067521,0.899236801861445,0.000269577189493338,2.7751005685754e-07,5
"20045",0.00466154123325701,2.99905813456432e-10,1.46061631145745e-05,5.72216050630394e-09,0.99451822788316,0.000805601687753177,1.70106485597454e-08,5
"20048",1.29143777241548e-07,1.86259288725785e-07,1.00657528479699e-07,2.4964840221621e-05,8.42091698756951e-09,2.71057880548694e-08,0.999974583572479,7
"20051",0.134611506702238,8.11335518914379e-07,0.131141741667121,0.578638741293918,0.128401325319913,0.014656596276061,0.0125492774052298,4
"20053",0.967490796239405,2.49973893646295e-05,0.000857720136747874,0.000952620966595785,0.030596081576496,1.48971091163073e-05,6.2886582274486e-05,1
"20055",0.0442011345775985,9.25126150559708e-06,0.885637571941052,0.00223703269173119,0.0505415453912801,0.0173734568721929,7.26464018774394e-09,3
"20057",1.37467753500377e-07,1.18185150476348e-05,1.06707618388498e-06,3.75979519941759e-05,4.05271937769521e-08,0.999615998719752,0.000333339742075225,6
"20059",0.976427681980798,9.65296262992475e-05,0.000521039910878102,0.000641711363703938,0.0216387869342418,0.000669272799067448,4.97738501121509e-06,1
"20061",0.981727443470676,6.29802967511068e-05,0.00259717787495307,0.00615487372408258,0.00938523389611721,4.91174127166165e-05,2.31733247030216e-05,1
"20063",0.000114109122053748,0.000410972571946712,0.000134854503586108,4.52660782498174e-06,0.0152716950721062,7.13571408325116e-05,0.98399248498165,7
"20065",0.00319700679474731,1.77086113616008e-09,0.000451791332127103,3.72323561135404e-07,0.225222292980557,0.771128534769862,2.82839817826585e-11,6
"20067",0.0981136190573144,3.3430437079664e-09,0.00117551802297302,3.75553160193203e-05,0.894517377518698,0.00597312597238709,0.000182800769564787,5
"20069",0.000113537304121646,9.70693068255829e-06,7.36551792344376e-05,0.634882603584119,1.17123208090059e-07,1.09597034860136e-06,0.364919283908286,4
"20071",0.00262062901175677,0.00121016335264431,0.994997405804169,0.000858998887832088,0.00028364733089549,1.47772920017394e-05,1.43783207011341e-05,3
"20073",0.00632786120389441,0.00035328241263141,4.50346563329929e-06,0.10214694770281,9.67841257379337e-06,4.47689575944395e-07,0.891157279112881,7
"20075",3.98332218165511e-07,1.78009066548902e-08,0.000587836614802227,5.32913042486428e-05,1.34971444794438e-06,0.999356847732667,2.58500709056308e-07,6
"20077",0.126932168135451,4.11860876337586e-06,0.648655683577129,0.00140779871665307,0.22272049869226,1.14354455559465e-05,0.000268296824188012,3
"20079",0.0104315746893643,1.73841098030814e-05,0.00915276763148374,0.0355688229258942,0.105209623740995,0.000449951106164951,0.839169875796295,7
"20081",0.375292359279922,2.16657752299565e-08,0.0576624705716805,0.00169211221768953,0.401717530000956,0.163630504646622,5.00161735431323e-06,5
"20083",0.00014030166939398,0.0013443615014175,0.133430484870339,0.00335481700986979,0.000933131776697255,0.000113215812996815,0.860683687359286,7
"20085",0.00234457853163864,7.67198278416252e-10,0.000164090535505551,5.68069833327785e-09,0.997308802159312,0.000182522270743349,5.49042244521441e-11,5
"20088",0.128765310302613,2.15985510546216e-08,0.00318940622278058,5.0328914012549e-05,0.867585168380828,0.000409699617790143,6.49634240297911e-08,5
"20091",0.000374149027774561,4.24433704837614e-10,0.000114990090203051,7.79290968429949e-06,0.000177085601731693,0.999325237359645,7.44586527607932e-07,6
"20095",0.157771278380741,0.0300539699517871,0.00053516278497903,0.00339657933568873,0.00224403274871579,0.000104661711676131,0.805894315086412,7
"20097",0.00180917219620034,3.28109417625846e-10,0.000576684778897432,1.08831924488688e-08,0.996844063389315,0.000770068349586148,7.46988276369681e-11,5
"20099",0.809981313943879,0.0846423960536846,6.75484925022771e-05,0.00034961137752711,0.102494870789041,6.00342029304014e-07,0.00246365900133697,1
"20102",0.000471370378179679,1.59669168382309e-07,0.000113608886485414,0.000630827359336117,0.000118480876829049,0.049013276371231,0.94965227645877,7
"20105",0.29111015814334,1.95477094200533e-07,0.00092817448289164,0.0015414517364618,0.705802146577391,0.000158594470737118,0.000459279112084754,5
"20107",0.424805157322419,8.83497391832079e-07,0.0645195358005957,5.48400749875183e-05,0.510574096073494,4.51167822339114e-05,3.70448877862205e-07,5
"20109",0.830570848445813,0.00036270051225234,7.74450099333468e-06,0.00543797108290729,0.0343564213918915,4.12019076415115e-06,0.129260193875378,1
"20111",0.000331361736556359,1.48718174121369e-05,5.61461576264528e-05,0.337776950016646,1.24468706867824e-06,0.657684263640073,0.00413516194461688,6
"20113",0.174068155311986,0.00457938606008993,0.768598295280932,0.000641103003202889,0.0520971796203585,1.56632646262157e-05,2.17458804683548e-07,3
"20115",0.00239626624099869,0.00316144394571522,2.64634685311283e-05,0.994012867561224,3.09662554360541e-07,0.000212981385765034,0.000189667735211248,4
"20117",0.0490044482498495,0.354146020292533,0.0137143969392237,0.000207085500685102,0.0289718614247353,0.553953564337029,2.62325594380607e-06,6
"20119",0.163361811384575,0.0270377734949406,0.0369035632720276,2.42688353803917e-05,0.772663246269937,9.32426477335369e-06,1.24783662011688e-08,5
"20121",0.141425352832053,4.0055009166234e-07,0.0336655219154112,4.21435760896767e-06,0.824791072689106,0.0001134285793301,9.07639888890814e-09,5
"20123",4.38444773348069e-05,1.46208420454624e-09,0.00056795356179485,1.94352908129448e-06,0.000504304384308601,0.998881950118002,2.46739436060675e-09,6
"20125",0.00101717987225882,6.08051311628198e-06,0.00139694545522553,0.92990819346161,1.05476611992174e-06,7.18815887509109e-06,0.0676633577727948,4
"20127",0.0066515468784682,6.98269623837086e-09,1.59680430197694e-05,2.1145394401045e-07,0.993309127161388,2.28643879432334e-05,2.75092540551715e-07,5
"20140",0.00253661993267998,1.89028986823397e-05,0.991003060592788,0.000581506015791771,0.0014065811545754,0.00445331389444306,1.5511039913544e-08,3
"20142",2.31022577857655e-06,7.51931034466332e-07,7.72133060037344e-06,0.00508490095551548,1.68195593083048e-08,1.51939978876085e-07,0.994904146797533,7
"20144",0.000390424212912348,3.61450088090184e-05,0.0281112128220221,0.962299684750426,8.86628270548598e-07,0.00441987780493551,0.00474176877262512,4
"20146",0.00183659395998148,2.59522499607495e-05,0.421228524359784,0.254515946863051,0.000305320325800269,0.000678438026167489,0.321409224215255,3
"20148",0.0155676729128858,1.24838101149703e-05,0.0514449717322529,0.932517491188957,0.00027900962987351,3.91573608977144e-05,0.000139213365017945,4
"20150",3.63012536678443e-05,0.00192680143002316,1.13723558667945e-05,0.687226725806446,7.28846833810783e-09,4.47016115296381e-08,0.310798747163916,4
"20152",0.0982712634313056,7.30398191282063e-05,0.053298020812691,0.846845713266196,0.00133053617986542,7.31323228521528e-05,0.000108294167961844,4
"20154",0.000327844558933935,1.13160383426023e-10,0.000218968075593654,1.49930249010508e-06,0.09256546795112,0.906882681863138,3.53813556390022e-06,6
"20156",0.418886999173478,5.729847943404e-05,0.506039414005618,0.013426640680395,0.0229660436587588,0.00321341253382714,0.0354101914684893,3
"20159",9.43226990497738e-05,6.19060068015116e-06,0.000202322061530214,0.512823388699009,1.39505768312907e-07,2.15919168344033e-06,0.486871477242279,4
"20161",0.000134298253792371,5.78212919809425e-05,0.0013879889412129,0.00362025745402653,2.60972158507353e-05,8.40034311568058e-06,0.994765136500021,7
"20163",0.132932251753535,0.000754201525786895,0.00201267197161103,0.861094520310558,0.00226670799512524,0.000937024933106487,2.62151027711042e-06,4
"20165",0.00183574242133237,4.50239520219175e-07,4.10735780775145e-06,0.00025674104572639,0.00149373841906897,4.84582508344433e-06,0.996404374691461,7
"20167",0.020214355790679,7.39268932867664e-06,0.000686964694877309,0.973462221721301,6.06327507660703e-05,2.3872966800825e-06,0.00556604505636792,4
"20169",2.4421419782043e-07,2.25185761325738e-07,4.39104047792767e-07,0.00013585016135349,7.13267572325552e-09,3.50207540872175e-08,0.99986319918121,7
"20171",4.20375641820401e-05,6.80326806919551e-11,0.000163735141301693,7.03359261447328e-08,0.0412206384611638,0.958568070236251,5.4481931421963e-06,6
"20173",0.0189955835526841,0.741739798914293,1.93210192374141e-05,0.000357967544786975,0.0135811849930915,3.47255293338484e-06,0.225302671422974,2
"20175",0.0327033287921167,0.000224256464499968,0.00380784279535327,0.956207735078453,8.32677561588168e-06,8.7830772849882e-06,0.00703972701667636,4
"20177",0.507871062411317,0.431269371000949,0.000559061268175687,0.000649289247487709,0.0595513926605927,1.74237159141485e-06,9.80810398866053e-05,1
"20180",0.130065237848751,3.4088344783595e-06,0.00295156426294844,2.73489482094454e-06,0.865922090695426,0.00105496343346275,3.01122037995301e-11,5
"20182",4.30296805733934e-08,0.00199500547812181,5.91979832227097e-08,0.000208622139637252,6.14680753358283e-10,1.10479977666166e-05,0.99778522154213,7
"20184",0.000253899824697611,4.02032781910941e-06,0.000228704970249317,0.0315766073632653,1.52019634545488e-06,4.93160580688249e-07,0.967934754157043,7
"20187",0.00391093415250573,0.991255175168617,0.00334201537643317,0.000448716066905606,0.0001599709901143,6.59849362219891e-08,0.000883122260487742,2
"20189",0.975505805351912,0.00340988789610973,0.000152828532908087,0.00486075233243691,0.0160686580244241,7.08651618434162e-07,1.35921059104324e-06,1
"20192",0.475367122536899,0.0205558966634104,0.000163967489734022,0.00132131417968906,0.31549136520254,0.187098319578074,2.01434965305078e-06,1
"20194",3.14615309643061e-05,0.125833159804227,0.139277521150512,0.0505728254964123,5.96720704039169e-06,3.0781217227283e-07,0.684278756998672,7
"20196",0.0191590214996792,1.56629584032236e-08,0.0009932004428272,6.03133243814428e-06,0.899489193854825,0.0803524853256421,5.18816296053748e-08,5
"20198",0.499712274283043,0.000309166798552698,0.192810748487806,0.287033255794536,0.016739535039882,0.00291256068206948,0.000482458914112055,1
"20204",0.000203084955927853,1.15057267359759e-05,2.33131555792121e-05,0.665933294787343,1.31265430323216e-07,4.19260543508931e-06,0.333824477503549,4
"20207",0.018740599330136,1.3680323146652e-09,0.00855996697890436,1.57205792503008e-05,0.943464661282928,0.0292031304216986,1.59200390504561e-05,5
"20209",0.00391018957248902,0.0627397051013381,0.04442618067796,0.814070151727017,8.81707045545e-06,0.0748425725826808,2.3832680593974e-06,4
"20211",3.49849173128179e-05,2.54629068489227e-11,0.00129322197814822,5.69958517344819e-06,0.000436775801111121,0.998229291597729,2.60950624157804e-08,6
"20215",0.0105361723373929,1.04206786642496e-06,0.76226676444806,0.000747283918700872,0.226395840650138,4.6232053267607e-05,6.66452457395861e-06,3
"20218",8.3534455589443e-06,1.06032552882936e-06,4.41017280028246e-06,0.0230264135145656,2.4898689147871e-08,2.15495752261695e-07,0.976959522147105,7
"20222",0.0228251990323168,1.28765033849488e-08,0.0183268430123092,0.00133395064379862,0.935696106609626,0.0217829603387959,3.49274866499357e-05,5
"20225",0.000141332080341868,0.000182018722973693,0.0473703060664056,0.936480908337539,4.5737703876451e-06,0.000157792875779271,0.0156630681465729,4
"20229",3.01123178975129e-05,6.59809531913208e-06,0.998513563922745,0.00122011947500387,3.31790189134945e-05,0.000192171018225232,4.25615189544539e-06,3
"20232",0.356706323370826,8.61302414156246e-06,0.605443217674737,0.00649460548584388,0.0276275392226885,0.00371511425060067,4.58697116270745e-06,3
"20234",0.0042384791961822,1.91268619770532e-07,4.25775469119299e-06,5.64307471590546e-09,0.973023828514054,0.0227332375220076,1.01370054662917e-10,5
"20238",0.492155207758531,5.18790586696291e-07,0.0085261589011442,4.96813989410244e-05,0.498520580508965,0.000739632882997288,8.21975883439456e-06,5
"20253",0.00356082361318447,2.26269276495045e-07,0.232472848202878,4.01808554721872e-06,0.763932696793667,2.91110520824929e-05,2.75983364633006e-07,5
"20255",0.00164452201943564,1.50941705436579e-06,0.00374687471419797,0.994276145985548,2.22807212891599e-06,0.000210594036105941,0.000118125755528748,4
"20258",0.375434521762173,6.50888299120108e-07,4.13568137672868e-05,1.72425228047376e-05,0.624481787894636,2.44196267066262e-05,2.04916129208849e-08,5
"20269",0.93779284507486,9.34396272354907e-06,1.06669482152538e-05,0.0054724835865398,0.0421296253009287,2.19236868250246e-05,0.0145631114399082,1
"20271",0.587271627386341,0.00963497811239924,0.00011220232487637,4.98633256252421e-05,0.40292596465484,5.2829325544368e-06,8.12633640410475e-08,1
"20285",0.00277961976583024,0.970557720426376,0.0096013600997865,0.0161978437754267,0.000225019828095384,1.72627430934866e-06,0.00063670983017613,2
"20288",0.0901059244297717,1.63923655938387e-06,0.791806056056023,0.00141576678787127,0.116418972742997,0.000224860830103522,2.67799166746379e-05,3
"20291",0.402278800700788,2.02234688539146e-07,0.0033467309416458,1.9271410303657e-05,0.260493417207316,0.333859920156033,1.657349224112e-06,1
"20295",0.926224122896639,0.0414291740705074,5.55939139519091e-06,0.0109181249113511,0.0178894691422598,3.21017383710412e-05,0.00350144784947678,1
"20298",0.000168387720693556,2.90177561260478e-05,0.000376011321873307,0.998095546270936,8.02940975533544e-08,7.56808423417228e-07,0.00133019982785015,4
"20302",0.00798556180500266,0.00175464095199802,6.22564451042183e-05,0.39081291439159,1.06649998716195e-05,2.5349164489385e-06,0.599371426489984,7
"20305",0.000184286982144772,0.00079647310565736,8.7908597933213e-05,0.998763948202331,4.71883617923947e-08,2.91665388851404e-07,0.00016704425818345,4
"20307",0.115826882217799,5.49450542874779e-09,0.000614795695030455,1.09256972467637e-06,0.883415265594618,0.000141945888714416,1.25396076804666e-08,5
"20310",0.00226955682498233,2.29465474543934e-08,1.1408673731932e-05,3.41376979064971e-09,0.997610666679592,0.000108339675472486,1.78590381599116e-09,5
"20313",2.3672495332115e-07,8.1970272625068e-06,1.17421504739321e-07,0.000642337716017683,9.1782592792656e-10,3.18961459750836e-09,0.999349107002821,7
"20315",0.410713725457888,9.51370970209866e-06,0.00951987537335708,8.22101757829471e-05,0.57963766100569,3.67641367587409e-05,2.50140821620693e-07,5
"20319",0.00239034388190518,3.09378131122751e-08,0.00893147969716725,1.17949721412634e-05,0.753363707226022,0.23530261410332,2.91816310444172e-08,5
"20321",0.0166970462686237,2.056450651907e-07,0.00169342712337793,3.06254107975077e-06,0.981598640705074,5.589939322306e-06,2.02777745753682e-06,5
"20327",0.560885307434051,1.44057743359104e-05,1.72667400658487e-05,3.7717975659431e-06,0.43907640493994,2.77165084348241e-06,7.16631981679629e-08,1
"20329",1.50246782295219e-06,0.999907671815287,3.00646551103484e-06,5.60996158498304e-05,6.68593322485268e-09,1.0250304765386e-10,3.17128470926667e-05,2
"20335",0.0230779416454529,1.45323292741887e-10,0.000168594772077396,6.45119519904458e-07,0.929263583965289,0.0474888921527173,3.42199620661982e-07,5
"20337",0.000191189334840324,5.50398271007064e-06,8.40494684225749e-05,0.868903481359907,1.5865194355172e-07,2.30317434295572e-06,0.130813314027834,4
"20339",0.000425417748377376,0.000220025270864265,0.406588449953018,0.00217292481371278,0.00205388635412382,0.588538249042248,1.04681765606877e-06,6
"20341",0.00150739570445471,3.08363244904278e-09,0.00161512728025106,3.92958997915108e-06,0.0165549227275447,0.979930764537047,0.000387857077091081,6
"20343",0.00440895166571417,9.75182804966179e-09,8.83321777113092e-05,3.44768206988267e-07,0.994579396072963,0.000906820648882808,1.61449146942817e-05,5
"20345",0.057909717097097,0.0263150019132116,0.0178812156660032,0.897820139520441,4.90237924218334e-05,2.17260305216991e-05,3.17598030388756e-06,4
"20350",0.00121067572533101,0.000188903188171819,0.985175521643537,0.00127382983190962,0.0073286507653201,0.00383045536923231,0.000991963476498509,3
"20352",1.37010922247968e-06,1.89042517254042e-07,1.76547221473734e-07,0.000333980693193761,4.37068050157351e-08,4.82337964325925e-08,0.999664191667244,7
"20355",0.00270195798228098,6.41721549870073e-05,0.000431651861259777,0.0131444322865625,0.000124292837763997,6.09758332331887e-05,0.983472517043913,7
"20358",1.60991504982721e-05,0.965545697675766,2.9023716996847e-05,0.0268086944966707,2.22063453279214e-07,5.42152649642141e-09,0.00760025747508865,2
"20363",0.0535382993113892,8.8541736087511e-08,0.00329734056025867,2.68057042647482e-05,0.943124964269268,1.02129187970641e-05,2.28869428638027e-06,5
"20365",0.160375787294773,1.4603860192692e-07,0.110154357113309,0.00873661163821664,0.105692147286369,0.615040263660325,6.86968405107293e-07,6
"20379",0.00987673584399524,0.000179384137331701,0.000460472217754908,0.988478420794162,1.01996709367539e-06,0.000491637216177604,0.000512329823484791,4
"20387",0.536829494182993,3.15876992148397e-08,0.000203566768942092,8.60194688549456e-05,0.461861043702735,0.00101975003798577,9.42507904875162e-08,1
"20392",6.84693563663137e-05,2.94710146620715e-11,0.000136305505288508,1.54995975943597e-06,0.00138829654506766,0.998405377269085,1.33496172654556e-09,6
"20395",0.0336103118883753,2.09571062833368e-05,0.449575556861327,0.515703122473552,0.000399961026434228,7.5681710648619e-05,0.000614408933380063,4
"20397",1.07853723266874e-07,0.997166226650248,8.34582625260641e-08,2.53663316452774e-05,1.10784841695554e-09,5.32142696776919e-10,0.00280821406612999,2
"20410",0.915007153550057,0.000103755787421019,0.000742197446703727,0.000997093596966835,0.0829735563785425,0.000176239219703931,4.02060486666839e-09,1
"20414",0.00438492975163536,4.01988344515979e-05,2.11071789528151e-05,0.839750413320381,1.08584328349586e-05,2.3528308157403e-06,0.155790139650929,4
"20417",7.72072570830886e-05,1.07569322553864e-05,6.28407455602493e-05,3.62659242336274e-09,0.703490004921326,0.296359184894395,1.62278805898711e-09,5
"20419",0.110606081691292,6.03049059376415e-06,7.60662254616987e-05,1.45220788288535e-06,0.889309766737211,2.04676812154751e-07,3.97970746084544e-07,5
"20421",0.0230456730901977,3.60042117259937e-06,0.000804274842344432,0.214436494486742,4.71006158064825e-05,0.01641231700068,0.745250539543057,7
"20423",0.00209647578744122,3.65633585126761e-06,0.000178452978782578,0.719354244773415,1.18299415246402e-06,5.51233300992104e-05,0.278310863800259,4
"20425",0.000298276385336342,1.18730809900372e-06,0.0331053181244792,0.349242358023457,2.18179820252947e-05,0.00011085883482035,0.617220183341782,7
"20427",0.270057774845092,3.94273070011186e-05,0.00824172137102235,0.720380297187573,0.00112485241793009,1.28820745178165e-05,0.000143044796863848,4
"20429",0.174122997854954,8.10549351752379e-05,0.0146119429855293,1.24326896357508e-05,0.809448514657329,0.00150200949001237,0.000221047387363228,5
"20432",0.000164044729002779,0.00034085130428843,1.14670015794619e-05,0.295788254798282,5.14544079277654e-07,9.3503810115405e-08,0.703694774118958,7
"20435",0.855867614946033,5.82792817738543e-05,0.0726658179772278,0.0237325410420491,0.038754778807401,0.00891885422178903,2.11372372557025e-06,1
"20438",0.0353616858902996,2.08831009792409e-05,0.0223068702793156,2.59277237196076e-05,0.942089830369291,1.33116531568756e-06,0.000193471471079089,5
"20440",0.45706166672287,6.46539751269116e-06,1.47735834613676e-05,1.80364457239246e-05,0.542882216144105,8.99128373732296e-06,7.85042258978886e-06,5
"20443",4.64439811700251e-05,1.2847658102213e-06,0.000541394456151531,0.000316705705119729,5.1593281535454e-06,3.40734128759913e-06,0.999085604422307,7
"20446",0.554633522252234,0.00164971121048798,0.00844216605556617,0.327214450492628,0.104341138367594,0.000923937444613049,0.00279507417687666,1
"20449",0.173944199194876,2.18811829429107e-05,0.794854852539797,0.00976371637728518,0.0198529588601059,0.0015595188097656,2.87303522800424e-06,3
"20537",0.557820214670021,4.71258702483271e-07,0.000411102994132394,0.00124440316709508,0.107267082797692,0.333178054420884,7.86706914729893e-05,1
"20540",0.000748225598472121,6.31839730866251e-10,4.17288603369013e-06,3.6350986753212e-07,0.00135872069889713,0.997888516115275,5.59614654944321e-10,6
"20543",0.825765879058322,9.33142414579743e-06,0.000946245571793069,0.170849932469535,0.00139379414245062,0.000186853668110814,0.000847963665642823,1
"20545",3.46749044709279e-05,1.01670122191424e-11,2.90832945309441e-05,3.79174611734587e-06,0.000338837124972157,0.999593547831974,6.50877676545714e-08,6
"20549",0.334110489976056,6.33391568421487e-07,0.00280519911226174,0.649180305414223,0.000898650666016729,0.00324279875399442,0.00976192268588036,4
"20551",0.722717999213414,9.6029557009429e-08,0.0697231445583756,0.00482895336787344,0.201941254864796,0.000709018675360329,7.95332906240661e-05,1
"20554",0.947857798291549,1.07215377597938e-06,1.70540101927669e-05,0.000360121254480886,0.0517398422827667,2.25617132956693e-05,1.55029393908395e-06,1
"20556",0.00526250052209444,9.18230961639609e-08,0.966743471494778,0.0203116039797292,0.00242195849894811,0.0051797965672045,8.05771141498016e-05,3
"20558",0.116774268857474,8.90227210595664e-09,0.000190646034993418,4.49652512841479e-06,0.882985892769492,4.46147577975643e-05,7.21528417672228e-08,5
"20560",0.559520337076485,6.35113927465981e-07,0.0103955327073695,0.00633553469941751,0.419387057649132,2.78979059748799e-05,0.00433300484769401,1
"20563",0.0254668298392751,1.81100668555287e-08,6.75057699029325e-06,2.44185720921714e-07,0.974492028951805,3.40037511157092e-05,1.2458502615495e-07,5
"20565",0.134614507541289,2.93319865480706e-06,0.184601523035601,0.0500277454798744,0.605409720359445,0.000348849082304676,0.0249947213028309,5
"20567",0.00023760687456362,0.000120651851954372,0.000342644246829966,0.0951187345058564,5.54997943001487e-07,3.4396391579678e-07,0.904179463558937,7
"20571",0.000249141178530881,1.25865313812657e-05,0.880390622843641,3.05317637676458e-06,0.119198889582479,0.000144839042080388,8.67645510986207e-07,3
"20573",0.839651090809921,5.6078002465129e-07,0.089980971549515,0.00495289662396552,0.0637948149821913,0.00133862401616567,0.000281041238216506,1
"20575",0.121418649312449,5.36482897735954e-07,0.000121086653348773,9.18300344392125e-07,0.878432296134815,2.64666321945985e-05,4.64839509887501e-08,5
"20577",0.043930166253629,0.000129224566240257,0.818044905214703,0.135246373326234,0.00238273039143399,0.000249686784743933,1.69134630157953e-05,3
"20579",4.04188923921827e-06,0.122696570376776,2.67468144499241e-06,0.000864019633679573,1.04882803831673e-08,1.88961229152418e-09,0.876432681040967,7
"20582",0.00712558838393043,7.99683126490955e-09,5.5739699519051e-05,1.51809013206583e-07,0.992811155353587,7.35364809800277e-06,3.1090208575273e-09,5
"20585",0.0131132114432708,7.45693543605048e-09,0.026108888340512,0.00363771241388569,0.0299181471113587,0.927221653231206,3.80002831028151e-07,6
"20588",0.00365396317685103,4.33534518987418e-07,0.0550894920711172,0.00176190752909666,0.000501402108819867,0.938914213151717,7.85884278788984e-05,6
"20590",1.81250086423898e-06,0.001268023094402,1.31876550229293e-06,0.00494621354101594,1.82898348574143e-09,1.21055326280257e-09,0.993782629058679,7
"20592",0.0106196027751788,3.37604569544293e-09,0.000104502890175574,6.86677046661633e-08,0.989270404185681,5.23020793265206e-06,1.87897282138392e-07,5
"20594",0.0271604965757937,1.18236030815282e-07,4.40472654496086e-05,5.19505888038924e-07,0.972745157500886,4.96602621194459e-05,6.53832043713226e-10,5
"20596",0.943041210191109,0.000532095442862339,0.000436058627120086,0.00083109716358803,0.0550377479562241,5.2762150811072e-07,0.000121262997588644,1
"20598",0.827254052363186,1.34724692511413e-06,0.00216926957622611,0.00198144597016828,0.168559495749186,3.24065059063357e-05,1.98258840180624e-06,1
"20600",0.0199713869912032,7.74513177206687e-08,0.723052715654883,0.0250683458574732,0.00253104364305464,0.22901136359625,0.000365066805818073,3
"20603",0.00284546195497291,1.10147716514859e-05,0.0133182111396658,0.980451335347703,4.96598948008101e-06,0.0015420157205845,0.00182699507594214,4
"20605",0.488575215604207,4.30304017984669e-06,0.0273633983659626,3.04403432395011e-05,0.483859515472084,0.000167119407246997,7.76708040459635e-09,1
"20607",0.383590182719586,2.85699525905454e-05,0.0397481597257801,0.000180622877582491,0.576449693661049,2.53193493076002e-06,2.39128481247942e-07,5
"20609",0.926748778256213,3.1496630766862e-06,7.96098759100214e-05,0.00255004432743659,0.0705859132189385,2.72642331201484e-05,5.24042530523008e-06,1
"20611",0.000265243205355958,0.00630586319803347,0.000631308643859518,0.992735361435504,7.6918776187533e-08,3.62596609080031e-07,6.17840018614643e-05,4
"20613",0.892673095130327,1.65238694680276e-05,0.00056347992427057,0.100989939714199,0.00488906656113754,0.000866904478103149,9.90322494249334e-07,1
"20615",0.0341339151509818,1.05489842562226e-07,0.867605073661801,0.0791200085776576,0.00989983152057042,0.00874015870406132,0.000500906895084838,3
"20617",1.33841381515334e-06,3.91097527540382e-07,1.0685283840644e-06,0.00208585970640845,9.78268677808725e-09,6.58910246844813e-08,0.997911266580153,7
"20619",0.01173661852349,1.49218197411737e-07,0.00339274192618673,4.19044245250692e-07,0.984867410780664,1.87322242073539e-06,7.87284795615924e-07,5
