"","V1","V2","V3","V4","V5","V6","V7","V8","V9","V10","result$classification"
"19812",0.190493149433816,0.685668160571937,6.98210697339958e-07,0.122823683654104,0.000420195987541239,2.02082651521332e-07,0.000102137346200553,0.000130487027732499,0.000347544310354785,1.37413749652244e-05,2
"19814",0.0134580842178154,0.983043272769223,0.00192728589197256,0.00152975696826076,3.41537267366925e-05,2.91527502101749e-09,1.06299083696399e-06,2.41405515335849e-06,5.62031440328961e-07,3.40443328612228e-06,2
"19816",0.674399712827941,0.00390749336925096,5.16491220988305e-07,0.0216593526676556,0.283017874785406,1.433160519525e-07,7.97103798419545e-06,5.40220813245252e-09,0.0170046053957842,2.32470649688388e-06,1
"19818",0.655372946843834,0.337326199570877,0.00603066347434576,0.000400334568512686,0.000828890672773381,1.27241620664037e-08,3.40662372242206e-06,2.79297568543542e-06,1.91036350238636e-05,1.56489110631428e-05,1
"19820",0.000977086098212894,2.04942255891841e-09,9.76193807829096e-11,2.14869730123841e-05,0.998683806531499,6.70768184370216e-08,0.000166892667979271,9.89002263710318e-11,0.000150658398864265,7.6716676303438e-12,5
"19822",0.00163976011288615,1.84881757415456e-07,6.4209731866129e-07,0.00723983713865852,0.835056796691505,0.00127428387680636,0.153235012456746,3.23391628120366e-06,0.00155024813191883,6.96121025078721e-10,5
"19824",0.303684996734315,0.000103229467132622,0.00125249598239239,2.97309514660282e-06,0.449692305345778,1.74750796169258e-06,5.60878311806044e-05,1.56624425107344e-07,0.245203094681379,2.91273028947829e-06,5
"19826",0.0399631551213579,0.724510169237279,1.68284237643414e-05,0.19608939025209,0.00122864453122275,1.63323974432756e-05,9.3863811867467e-07,1.22145018302458e-06,0.036114959299418,0.00205836064912364,2
"19828",0.292620033815354,5.35105877321425e-05,8.84294533435151e-07,0.000268353858858246,0.706000778863681,2.28131351156078e-09,0.0010069764214633,1.04052025181112e-07,4.93506895462604e-05,5.1354924634627e-09,5
"19830",0.00791400084549505,0.907770764656783,6.3383862006158e-05,0.0790502306701916,9.43333095794128e-07,0.000345258342598086,5.44535814222389e-06,0.00341213669006239,1.73490012056948e-05,0.00142048724042048,2
"19832",0.0806651686441647,0.13573242642309,7.84696683138711e-07,0.0714481249859773,0.0118729875681008,3.77252644106869e-06,0.658579099952192,0.0410292496192362,0.000668219765299422,1.65818815130478e-07,7
"19834",0.158927071484714,0.00509226980686183,4.48543916258379e-05,0.779725381255347,0.0511509622538344,7.2733269888781e-05,0.00497565284172643,4.87213253650253e-06,6.17372008132945e-06,2.88433836559654e-08,4
"19836",0.770292621286511,0.034825878395858,1.06614070752178e-07,0.00214867549019659,0.00111131801406655,1.77802665113207e-06,3.70822321759441e-06,1.80363242354591e-05,0.189719858811888,0.00187801881330448,1
"19838",0.000332591483310685,0.998266532607658,0.00019652459699406,0.00110146926670757,1.5892665992339e-07,5.99808229038734e-09,7.32900042411224e-07,9.28342430114799e-05,7.10501528949689e-08,9.07892738099398e-06,2
"19840",0.10414092351035,0.0118819773864489,1.23582248780193e-06,0.844001289611209,0.0374281686683154,0.000156599320043349,3.42835617324907e-06,2.69241159161862e-08,0.00232036525345589,6.59851474007891e-05,4
"19842",4.97076893945886e-06,0.0144375142307091,9.6475375777306e-07,0.000118238077203185,7.96313155131733e-09,1.83954907931635e-06,1.19471527248849e-10,1.2941165314881e-06,0.000198426600194457,0.985236743820982,10
"19844",3.13531179437889e-07,3.10403269492131e-06,0.999985752145795,1.60063302471968e-08,6.1108680556672e-07,1.45431529546848e-06,5.44906033393754e-10,5.0438571182014e-09,5.25015728460471e-07,8.21827740747635e-06,3
"19846",0.000147469752113637,0.917237739815825,0.059669889041052,4.30983792139513e-06,1.33698234087443e-08,8.90389323216887e-09,2.13660912193613e-10,2.88293472524146e-06,7.15508636490596e-06,0.0229305310446199,2
"19848",0.000172978236095937,0.978040242161408,0.0210689790239049,1.36359464562279e-05,2.43346023548348e-08,4.36152742738007e-09,1.4586712578957e-09,3.89703073399206e-06,1.14111648882849e-06,0.000699096330111286,2
"19850",0.000404824321089358,0.804100581589965,0.19535824485388,7.50496279699201e-05,1.65699572730455e-06,1.08942409865407e-07,4.50377330331517e-08,2.29161721269179e-06,4.20521841787061e-06,5.29917955953638e-05,2
"19852",0.976528445178675,0.0154719508983065,4.74259443052016e-05,0.0012459645253275,0.00660730774656762,2.29956755877729e-07,1.19582710244651e-05,3.40192989560213e-07,8.62235712399893e-05,1.53714808436359e-07,1
"19854",0.000164873543367444,0.99793759076246,0.00165222901654423,5.91031295975523e-05,2.63526775947773e-08,1.65443350316467e-09,5.2593089095605e-09,6.27852068367155e-06,1.65929152246613e-07,0.000179725831775047,2
"19856",3.92461118939294e-05,0.0101967805700558,0.989303104287105,0.00020969528428378,3.22130391824611e-05,1.62422936555108e-05,4.90404952376644e-07,8.68271378086171e-07,0.000160575916042619,4.07838214501361e-05,3
"19858",0.00209033752113812,0.000464158451098595,0.99469216477612,1.37573629939986e-05,0.00188413558538582,6.08478131302472e-05,1.46689660741849e-05,1.37530440534971e-06,0.000777997477070029,5.56742583333347e-07,3
"19860",0.512854039830909,0.220716286318258,1.5427458510416e-05,0.247172144484818,0.0189603306059035,3.5938642843035e-06,3.39222397817121e-05,5.29914211824964e-07,0.000240987174934485,2.73810838930429e-06,1
"19862",6.72581655253852e-05,0.910671090592001,0.00148326664117623,1.18200944702913e-05,4.21416193293869e-09,1.22627767441507e-08,1.50648807227556e-10,5.83986454468307e-06,6.36998008378087e-06,0.0877543380346107,2
"19864",2.33503624248998e-05,1.10986009704013e-06,6.79902907447198e-07,1.4985548749489e-07,9.07282137880363e-07,6.12515986314955e-05,8.53451210441933e-10,7.61107748727729e-07,0.00907650146796087,0.990835287709153,10
"19866",0.222275284304612,0.000172285221301435,1.54293533491572e-07,0.0207863327107482,0.0812132024210016,0.00254924892961118,3.50167298950345e-06,2.49578524149938e-08,0.672831810543492,0.000168154944858004,9
"19868",2.75397692808933e-07,1.256528775134e-05,1.59456355410857e-05,0.00143141025258966,4.54205225533181e-07,0.000357672653993025,0.0413637952950391,0.956817826589252,5.09537518494947e-10,5.41733776254105e-08,8
"19870",0.0250110717228904,0.968404687578152,0.00147816029049277,4.86843751990781e-05,1.27987085141721e-06,1.27721029654425e-08,2.47433962355444e-08,1.56348027856629e-05,1.2774359925607e-05,0.00502766948420397,2
"19873",0.432116870925069,0.563472403834876,0.000410424884725789,0.00135551161636555,0.000542805442072538,3.33544101292094e-07,5.39208533043798e-07,1.24873926662628e-06,0.000881063161330993,0.00121879864365939,2
"19875",0.0804093835241388,0.0005783126189006,1.67106071323794e-08,0.0853909227407613,0.831679684075598,3.4337050179279e-07,0.00162370735954633,6.84110278902751e-08,0.000317552568145778,8.62077220932738e-09,5
"19877",0.220071040302149,0.77399433581189,0.00165849771995719,0.00415412520904022,2.72931392654457e-05,2.53679083547661e-06,7.00346776753766e-07,1.74433924441009e-05,2.44182202730779e-05,4.96090673690208e-05,2
"19879",0.971896954637136,0.0240573348040405,0.000466503056386349,0.00261312402606861,0.000860535683697181,2.21496418493711e-06,2.10380504602391e-05,1.3982719944792e-05,6.49259947894027e-05,3.38606329201456e-06,1
"19881",0.0348945908538386,0.867889367389729,0.000713745899828801,0.00464303311200027,0.000140417391623524,3.45963805082601e-06,4.22375666853468e-07,4.38668441430827e-06,0.0861046168821342,0.00560595977271361,2
"19883",0.0192386201379161,0.617564034241673,2.89112819933158e-05,0.00297358238531275,4.23757229159661e-05,4.08478805601449e-07,3.0369967231884e-08,1.3749623407218e-06,0.0659858361858628,0.294164826233212,2
"19899",0.178245799612928,0.00970691655669542,1.20962537318457e-06,0.807856570671758,0.00160836677909502,0.00238284852291451,6.50011840548212e-05,5.08885874532184e-05,6.40610912966319e-05,1.83373684312038e-05,4
"19908",2.43837665378263e-06,1.0931976593039e-07,2.98499635535484e-07,0.000460914784256023,2.02816030412408e-06,0.999527042828715,3.06037611191531e-07,4.12753684133684e-07,2.06349868991231e-06,4.38574068409586e-06,6
"19910",0.972731085913049,0.0253868222410882,1.99604178349112e-05,0.000197450050019935,0.00116707963235585,2.66863831187617e-08,1.2212583832965e-06,4.73698638193202e-07,0.000491093785742369,4.78631650514838e-06,1
"19912",1.79445480033139e-05,0.155296085484545,7.92401828942946e-05,0.00130227963457068,2.05779646760332e-08,7.40291448107023e-06,4.31616852221318e-10,2.75910950614054e-06,0.000111379613586235,0.843182887502832,10
"19914",0.620267179159592,0.123029711153027,0.000353628102893261,0.252297945292605,0.00226168989103075,0.000730573500872408,0.000373341657123807,0.000124209313384518,0.000559385560103942,2.33636936718224e-06,1
"19916",0.000840855937019044,3.44255834378116e-07,1.67660509808176e-06,6.04521754713821e-07,0.00223019144003387,0.000502334934964432,1.54325561665635e-07,1.14199367153449e-08,0.99640364653137,2.01800284275927e-05,9
"19918",0.0062413267890033,0.910638828075034,0.0786522849154837,2.75081523033623e-05,1.91904394419218e-06,3.14783451645704e-08,1.88595771473999e-09,3.91788280021771e-07,0.000188853815182446,0.00424885405646554,2
"19920",8.06999698243728e-05,0.0999525868656054,0.899859955123733,2.81371311597278e-05,1.61150728972946e-07,2.82861099672381e-07,7.19401125324596e-10,1.05468714184473e-07,2.10808723762227e-07,7.7859901009683e-05,3
"19922",0.050118597856103,0.0748259509263911,2.99661228303809e-06,0.00010213194671344,0.000250066346629447,1.36326118949733e-09,0.108332210728937,0.766361029137907,5.83434887473535e-06,1.18073289950483e-06,8
"19924",0.199046391302764,0.760269616613179,0.0323118425255918,0.00797764036107906,0.000159845169065586,7.14876179842286e-07,4.10446236227188e-07,3.27141499751452e-06,3.6645912163071e-05,0.000193621378744609,2
"19926",0.41124221895502,0.012802640441036,5.23446694105344e-08,0.531956335870205,0.00352003875705362,0.000626033898942179,0.000592631227257818,0.000797423899675383,0.0383500039962987,0.000112620609841604,4
"19928",1.06337370727339e-08,2.62044297428903e-07,2.76349576195185e-07,7.38058484476755e-09,6.9616008157534e-10,7.00031823492219e-05,7.89133823800388e-12,3.81976951517419e-07,0.00130703831991707,0.998622019408535,10
"19930",0.0252537617914226,0.97442113057279,6.24793061096848e-05,0.000176837414725433,4.28925167868887e-06,1.80667956733248e-09,2.49032512560555e-07,1.25868936971438e-05,7.63949218524531e-06,6.1024438199057e-05,2
"19932",0.000397214447986911,0.998905707774039,0.000552836619946291,9.82108351891987e-05,7.74251738798065e-08,1.16210212591866e-09,3.59538936772253e-08,1.47158256507351e-05,1.4985988875172e-07,3.10500961292162e-05,2
"19934",0.273921392151161,0.0141245412198906,0.000100240799360429,0.133600560592566,0.567946780970332,6.44841349941232e-07,0.00960966807305171,2.10756589101726e-06,0.000694036623457231,2.71629392852468e-08,5
"19936",0.0648219083893425,0.830745449564083,8.39386616259899e-05,0.103933521781729,0.000225073652611171,1.21713546146046e-06,3.45283007363866e-05,0.000133193870061632,1.39035470548471e-05,7.265097293476e-06,2
"19938",0.0698525996119694,3.34819575988007e-05,3.1644940502377e-05,0.121091995735447,0.788499365265644,0.00519625637759821,0.00494024519979891,1.73381947117321e-06,0.0103526247131238,5.23788464803103e-08,5
"19940",0.855358727970671,0.123441961410463,7.98556313673393e-05,0.000115809720146344,0.000387914465923988,2.90650419543741e-08,1.47605818374606e-07,1.34278336791579e-06,0.0171493323462119,0.00346487900098855,1
"19942",2.56494790781822e-07,5.83950789807917e-06,1.27391077661636e-07,3.53746499949515e-06,3.69757255379493e-08,0.000274128553382281,2.17077486475921e-11,2.95970402336422e-08,0.0191221825260996,0.980593861467279,10
"19944",0.929832301022027,0.0165470318156316,3.15685908182191e-06,0.00363989024063511,0.00881616783750503,1.5419340872859e-06,4.31415613661118e-06,3.86895018492854e-07,0.0411464156378681,8.7936020090902e-06,1
"19946",0.716862214207044,0.268165409322873,0.0103078702918526,0.00242078670014153,0.00153031883737507,1.10573457935088e-05,4.13104653001917e-06,2.6752923120528e-06,0.00068477034814344,1.0766607934499e-05,1
"19948",3.77140367260306e-07,7.98631054184113e-06,1.80640733447898e-07,1.45781226481573e-08,7.1219203230075e-09,1.29056343928268e-07,1.67293082032086e-12,6.81550953417247e-09,0.0027813839842213,0.997209914350567,10
"19950",6.00114978234181e-07,0.000728220846842409,0.999269844113697,9.66717764807752e-08,3.34352877699452e-09,2.17143126329776e-08,4.12009468827176e-10,1.34832423824264e-07,9.37254005936957e-10,1.07701317747657e-06,3
"19952",3.77140367260306e-07,7.98631054184113e-06,1.80640733447898e-07,1.45781226481573e-08,7.1219203230075e-09,1.29056343928268e-07,1.67293082032086e-12,6.81550953417247e-09,0.0027813839842213,0.997209914350567,10
"19954",0.00458656142456312,0.994914707768057,0.000301280411621189,7.60869858195203e-05,4.82338785361208e-07,1.13019843680824e-09,2.84570133805646e-08,6.56528268794344e-06,1.34879246878786e-06,0.000112937408785513,2
"19956",8.30671289115041e-06,0.157771605006888,0.384127734777402,0.0184524665484973,4.65754155728845e-08,0.423712695289136,1.42547001486145e-07,0.00083472468328083,2.37430602673692e-06,0.0150899035534617,6
"19958",1.29870730811623e-05,5.98027522425162e-05,2.07052834812251e-05,1.74337543137352e-08,2.3641190815572e-07,6.7142611593989e-09,0.00508638185046201,0.994819825796495,2.05584502624611e-08,1.61258638791998e-08,8
"19962",0.0820363044377831,0.583819052378327,0.265838514770802,0.0147357100973986,0.0194402766012685,0.000217529451512093,0.00070420878839296,0.000139268758320706,0.0330480032576006,2.11314585955202e-05,2
"19964",0.705637998666864,0.261326788431205,0.0053684430670342,5.91747026082308e-05,0.000382652546062482,8.20585303456705e-08,3.75531663210802e-07,1.83942786347734e-05,0.0204623423875855,0.00674374832981157,1
"19966",0.00772913879313291,1.61540050558036e-06,1.12506045708291e-09,0.00511878653144901,0.118220294086797,0.000115492600906224,1.43277255407728e-05,1.38904801225086e-08,0.868796461863482,3.86798264588347e-06,9
"19969",0.00336686058843797,0.978417350379701,3.19477985055239e-05,0.00632366321796995,3.7301976865427e-06,7.7151862544836e-07,3.96066785958595e-08,2.33913252764324e-06,0.000305781930384314,0.0115475156294826,2
"19972",0.0500542435561457,0.378149593092768,0.0363079344684072,2.34989580655244e-05,2.18534420373025e-06,1.5203624259566e-06,6.32469200391096e-09,2.6291585414763e-05,0.000305999827714805,0.535128726480162,10
"19974",7.82610151124207e-06,0.061036444525978,0.55377417657286,3.60219609833267e-07,1.21110682555349e-09,2.73612399758185e-07,6.52185950998859e-12,8.03706142234974e-07,2.97268992219079e-06,0.385177141353948,3
"19976",0.507377012367583,0.454427926117913,0.0364315601526862,0.00138338811681957,0.000171524224818087,7.94393145794785e-06,4.37759573618937e-07,3.93138892102623e-06,5.78893618647671e-05,0.000138386578362795,1
"19978",0.96354599468845,0.016801160788945,5.51445197281436e-05,0.000204645150848241,0.0134195462481128,3.5504580690847e-08,3.55990840325868e-07,2.85888919970308e-08,0.00594667268545606,2.64158341470006e-05,1
"19980",0.000116038757930857,0.859338936040672,0.14031899051563,1.79711637263207e-05,2.59261798983114e-08,7.50162991666557e-09,3.78411036781425e-09,6.57506564761792e-06,8.73442710531021e-08,0.000201363900201614,2
"19982",0.000211657801684994,0.11094836421046,0.888137826709235,0.000658297664482934,3.61704433240321e-06,8.08523225858505e-07,2.98874404521218e-07,1.23631210056226e-05,7.71443064026457e-08,2.66889068632456e-05,3
"19984",1.67362625953359e-06,9.24688394708577e-05,0.999903762554411,1.75005498478612e-07,2.10509293765389e-07,2.45435164849612e-07,7.06266406436926e-10,7.13848925722499e-09,2.58832228890278e-07,1.19735291686397e-06,3
"19986",0.0198628199393986,4.75247537722972e-08,4.06064290065778e-10,0.0023066672507352,0.973542322112614,0.000141304017234376,0.00138362764351237,8.34359900219068e-09,0.00276320251436705,2.47721224249174e-10,5
"19988",0.00116040367655318,7.33312445834338e-10,7.37761988232113e-11,8.35643706683506e-05,0.997114926475845,5.19648680612289e-06,0.00159309919920857,9.5042509951827e-10,4.28080314674468e-05,1.9372847681729e-12,5
"19992",0.0011201668577687,3.87327332710019e-08,1.36659611507219e-08,0.00305399986421309,0.994288844559445,5.220333547021e-05,0.00146565768550779,8.77147748009975e-10,1.90744187743053e-05,2.97889576100081e-12,5
"19994",0.038334937390749,0.960573656867778,1.30332798244569e-05,0.000982739022022651,5.56498934741148e-06,3.77302019033301e-09,1.04998486926018e-06,4.8723916273165e-05,6.43168599620126e-06,3.38590901194069e-05,2
"19996",0.00920135613273322,1.09184837472616e-07,1.13510955621567e-08,0.00018219553677608,0.990382696217919,6.42697803258195e-08,0.000221372359610092,2.47088820308872e-10,1.219469063176e-05,9.52790340432585e-12,5
"19998",0.00240708824154782,0.0504736332079926,0.00194410754043783,0.15598002784657,0.000830709738103309,0.0806926047435732,2.75863568769951e-06,4.2630322455328e-06,0.685366607848216,0.0222981991656259,9
"20000",0.000121134955327415,0.694826844682181,0.000117926030215378,0.171951025752918,2.95727473990475e-07,0.00199190317864929,0.000110253758706368,0.128693920186456,1.73151415956468e-05,0.00216938058647673,2
"20003",0.0818579488896236,0.894418585475331,5.6275445037478e-07,0.0223227133139197,7.3141855908278e-05,9.02876409075254e-08,1.41529414809402e-05,0.000143959164787249,0.000968426172606484,0.000200419144251114,2
"20005",0.000225453505032246,0.96749918815928,0.0186147002408048,1.1003299489862e-05,8.71043590510787e-09,2.11551474042474e-08,2.22115582706507e-10,3.84183971072464e-06,1.29351566236672e-06,0.0136444893523214,2
"20007",0.866795507140731,0.0171936857391101,0.000130033642480899,0.103310777978043,0.0121864872151373,0.000141405105394355,0.00022346468782051,5.92783324719751e-06,1.2068515021025e-05,6.42143014693017e-07,1
"20009",0.0232008004597276,2.36068084326601e-05,7.2579329847243e-05,0.000166709055590186,0.226136429016465,0.000118556470932778,0.00035476324275838,5.27913685295434e-07,0.749925497851519,5.29851042048704e-07,9
"20011",0.367637559982409,0.54757297959044,0.00661381244817812,0.000574895544478164,3.87069977057269e-05,2.31740864829644e-06,9.95048768665021e-08,1.94646136356153e-05,0.000432868549966628,0.0771072953596616,2
"20013",0.00470635125723474,0.883263734469925,0.0979965703080525,0.0140007072200715,5.44685875367689e-06,3.77260355980796e-06,2.8564562880943e-07,4.52877274290163e-06,5.06169188935508e-07,1.80966948417566e-05,2
"20016",0.0533305260766709,3.89711633100256e-07,2.93222013208704e-06,0.00129531168651449,0.924623816178606,0.00308152827542601,0.0166637445851432,7.03243663286996e-07,0.00100104644889199,1.57331840546775e-09,5
"20018",6.67644202179334e-07,2.586635580683e-11,1.95497967153074e-11,4.171955686766e-07,0.00243253971338595,1.54421206409337e-05,0.997472880976882,7.61679127599099e-05,1.88439048150039e-06,6.62543937658367e-13,7
"20021",0.773408884727112,0.00163078361628128,1.87564580316891e-08,0.001003356866593,0.216256118693501,1.40865898971964e-08,0.000787719039783415,8.01778662756371e-07,0.00691219392230369,1.08512715168379e-07,1
"20023",0.856631906000318,0.0113842419320077,3.45202655988443e-05,0.046599837155252,0.0744724651026164,5.96801757641633e-05,0.000614787610285023,5.6452211911247e-06,0.0101967505496607,1.65987305681788e-07,1
"20025",0.00540548837724962,3.09044888422235e-07,4.31071914035658e-09,7.08088027609243e-05,0.264983681462129,8.09367498508482e-05,0.729117261247308,0.000274438344144182,6.70706257170179e-05,1.03523258472718e-09,7
"20027",0.00131589096730231,0.418490242890324,3.86560923347475e-06,0.00914560625440919,4.35304649684556e-07,1.03304722815721e-05,8.39423440744079e-09,2.33050104131853e-05,0.000505282230992925,0.570505032866159,10
"20029",0.000212827952459179,0.951537141523909,0.00554915761383338,0.000388128445047484,1.13395762867884e-07,1.62253833876021e-07,3.24157360736325e-10,2.76170844812268e-07,1.89266032177838e-05,0.0422932657169344,2
"20032",0.00210330105925615,0.988130593375459,4.1428615709247e-06,0.000705179957502272,4.16409975125978e-07,1.03578328508628e-08,5.59008243854155e-08,5.4571997059595e-05,0.000139714932430725,0.00886201314808883,2
"20034",9.73246422167559e-06,5.70351591393772e-05,5.62970632627951e-08,1.02647153631735e-07,4.40966653132929e-08,2.08010746854379e-07,2.96543704493599e-11,1.21213686166053e-07,0.019458462623633,0.980474237458036,10
"20036",0.000156796310109717,0.0303442828996813,0.0146108442469223,0.853936031932698,0.000277400674592714,0.100524445041144,6.80840440892063e-06,2.32137475454247e-06,0.000107178336791413,3.3890778896868e-05,4
"20038",0.0627492226874752,1.47150126599379e-05,2.99125709849115e-10,0.38058901287987,0.529069107320421,7.56224709379876e-06,0.0274339650965338,9.16783329431954e-07,0.000135496776501108,8.96989556060372e-10,5
"20040",0.0310076506220028,8.88357466628005e-08,8.45301464572081e-07,4.79668743626856e-06,0.555309089530605,0.00204781976105905,0.0161760583085996,2.09231094312965e-05,0.395432614559068,1.13284586926945e-07,5
"20043",0.0264014576056686,0.000304638078789841,1.04930707408792e-07,0.0204154434113719,0.948580591142562,1.99623012283586e-08,0.00423538236154951,5.29669792331608e-08,6.23086242277832e-05,9.15842159086227e-10,5
"20045",0.000926485895135231,1.29271485124997e-09,5.76972653687188e-09,8.55082171148822e-06,0.97275178916646,1.13825882672138e-06,0.0262988237761535,1.91732601492581e-08,1.31858458404438e-05,1.70885031677338e-13,5
"20048",4.13444496228153e-08,8.22750432194534e-06,0.999991249077153,7.55924125403221e-09,2.49021504821775e-09,1.68444082281011e-07,2.34967177806958e-10,3.07085315025225e-08,5.34533796411951e-10,2.72102504144177e-07,3
"20051",0.075475101785045,0.577760093883515,0.0111436093143015,0.20831138259759,0.0993614587217849,6.87743865501606e-06,0.0278274853330251,8.31416213130124e-05,3.07513005724751e-05,9.80041974968704e-08,2
"20053",0.898400950932621,0.000822613365518888,5.24381736660762e-05,0.000590911992413887,0.0729219076352254,2.06830150498164e-05,2.57502274913864e-05,1.1879595435474e-07,0.0271640931817473,5.32680312479076e-07,1
"20055",0.0195929979290114,0.000465397494623923,6.67275046706187e-10,0.958733281650734,0.00998444313380857,5.29353147540779e-06,0.0111162284523958,8.22475273028633e-05,1.99361994940366e-05,1.73413878771238e-07,4
"20057",8.93988098433173e-10,1.60103943092123e-07,2.26752522127916e-06,1.5078095773987e-09,4.78433049789165e-11,4.71150287280212e-07,4.60357241318394e-05,0.999950994079764,4.3814536833147e-10,6.85288667736238e-08,8
"20059",0.873823919153454,0.000473322538267476,2.97822225576951e-06,0.000239935004249324,0.0407959726493786,5.51363716663479e-05,0.000402745953559844,3.43846814122833e-05,0.0841705147674708,1.09065828568336e-06,1
"20061",0.980482524299957,0.00332102670398673,9.53162960782e-06,0.00087479570022514,0.0126898596167373,2.48897413034982e-05,1.89964308358884e-05,1.20977796246969e-06,0.00257511655382658,2.0495455571065e-06,1
"20063",8.52804162698164e-06,1.40534401589761e-06,0.786479396702574,1.26487389161205e-05,0.00663398799061695,0.205118857671604,2.9657351241683e-05,1.03556426014465e-06,0.00170451817268527,9.96442245929414e-06,3
"20065",0.000142061325014447,1.2141101725465e-08,5.72907976944547e-13,6.41775703068223e-05,0.0113398786600678,6.50313344407993e-08,0.988410827265214,4.24900468544483e-05,4.87959229283502e-07,3.0398042507843e-13,7
"20067",0.0383156624063832,1.60612473492271e-05,0.000125367064425148,0.000877475718920641,0.903285399683257,6.09775916161977e-06,0.0573533589855114,8.94253528884469e-07,1.96828664456074e-05,1.50171226684988e-11,5
"20069",0.000121515034933557,0.580131082190027,0.419645086885395,3.21185396429717e-05,6.50784330584578e-08,1.77386375316918e-08,1.01745314402206e-08,6.84218536334169e-06,4.33560738607975e-08,6.32188169615779e-05,2
"20071",0.00424313590252609,0.000547526550430237,6.07054567941818e-06,0.370954941571595,0.00013424001487517,0.623762356602305,2.20375599925749e-06,2.55056598117948e-06,0.000233620393782973,0.000113354096825972,6
"20073",0.00230578727424309,0.0701297941645498,0.927034826554118,1.12454818714426e-06,9.58919337309495e-06,3.1839702728889e-08,1.25114259510203e-08,4.23203953339201e-07,0.000248415877547268,0.000269994832899928,3
"20075",2.54567585262429e-07,1.90375109034767e-05,7.97620028422727e-08,0.000396424764738648,1.02338822121201e-07,1.79953219126368e-06,0.0551245996254398,0.944457698474426,5.90783974356024e-10,2.83310678244783e-09,8
"20077",0.0916191861850666,0.00104243836231814,0.000180892508184709,0.630624264632826,0.273400582631272,0.00275377341868708,4.10998206424446e-05,1.18404920045874e-08,0.000337642863577618,1.07736933057997e-07,4
"20079",0.0018152864045134,0.0264621306597921,0.892948939029119,0.00816185597173663,0.0695021245648963,3.79978547281106e-05,0.000790841963846342,1.96788347439881e-06,0.000276385760624094,2.46990726940059e-06,3
"20081",0.357891796917534,0.00052043955667994,1.56375821623247e-06,0.068836185288246,0.251249313827725,8.24221668824362e-07,0.32129909465915,0.000199884364050526,8.96951030358683e-07,4.55698449620334e-10,1
"20083",2.51481137852092e-05,0.00191398510781847,0.681747396377358,0.0410597970205459,0.000205318849069631,0.274379124785785,1.52159169949355e-05,1.16745966771742e-05,0.000492342927487362,0.000149996304478846,3
"20085",0.000553860016813852,1.88341373389668e-09,1.4951561030562e-11,0.000267529182603279,0.984045512658995,9.19093856274539e-07,0.0150916609537123,3.51935661885075e-09,4.0512675802348e-05,4.951441770317e-13,5
"20088",0.0376152013194668,2.81790353720008e-05,2.52942233190318e-08,0.00598235790109109,0.948130559536598,2.87117544902118e-07,0.00776188937292764,5.57240193826021e-08,0.000481444635801696,6.29551771640431e-11,5
"20091",0.00172607531475857,6.43488658576031e-06,8.79412376670721e-07,0.000140892044545882,0.00015521419427213,3.67145609405531e-06,0.915294474028559,0.0826723487199591,9.91528435296101e-09,2.75646272905304e-11,7
"20095",0.250163971050257,0.0013205245697345,0.720252335884862,8.3477022975415e-05,0.00335285207386576,0.00307721691460868,5.01461526172954e-06,7.13607243392134e-05,0.0010106673783263,0.0206625797657698,3
"20097",0.000554546715076025,4.15295123761173e-09,2.24065990122153e-11,0.000963145620832334,0.940182485593221,3.71507245102092e-06,0.058284882914797,2.03309470010604e-08,1.11995770798473e-05,2.3818406912149e-13,5
"20099",0.233028495898038,0.000113423010308577,0.00120389850093239,2.38321828854972e-05,0.212576141193628,8.21819017778237e-06,3.55643653833629e-07,9.23940786765976e-09,0.544089059061671,0.00895656707929676,9
"20102",0.00045995674113226,0.000246703584624619,0.98729037120401,1.28109148103663e-05,4.5210683554418e-05,0.000707823866668695,0.00359320633268593,0.00764382815389257,6.52116927079819e-08,2.33069287401227e-08,3
"20105",0.101280463402863,0.000620911683898937,0.000245159115367092,0.00106947898345592,0.895763108550896,5.0870995891857e-08,0.000994909893057357,4.47717398441567e-08,2.58633551345066e-05,9.37259104976989e-09,5
"20107",0.340143283603831,2.05586521950964e-05,1.15299772978935e-07,0.060584722829968,0.598741479412655,5.69747256981585e-05,0.00024022138944642,1.58750791972292e-08,0.0002126207452672,7.46608661030117e-09,5
"20109",0.501175775762981,0.00598202881580223,0.261879579463268,7.06317571206263e-06,0.180581652704395,1.4842442928695e-07,5.15905606126828e-06,1.36067630619001e-07,0.0502722759109438,9.61806187774083e-05,1
"20111",2.3327134468426e-05,0.00803851617071714,0.000117648981555358,1.17950648450218e-06,1.5235273332193e-08,1.22471828627827e-09,0.000184472995973353,0.991632552366046,1.66762080721508e-09,2.28471714282758e-06,8
"20113",0.212994046527447,0.000404344680131952,7.04846126490782e-08,0.691289547114406,0.0602958442028122,0.0154368885363283,1.63599708050692e-05,3.30389069920936e-07,0.0193607829104895,0.000201785183897261,4
"20115",0.00398563277525948,0.970926078661644,0.000118404226211092,1.04722705678625e-05,1.99664379376524e-07,5.4495483086031e-08,1.31431002932159e-06,0.0157079795818721,4.72217058753509e-05,0.00920264230867844,2
"20117",0.0467582802763882,7.49899993339443e-05,8.86321207543568e-07,0.00891004188211335,0.0162870099259011,0.0128074823600957,0.0784493898949164,0.691942861675962,0.113210523935655,0.0315585337284271,8
"20119",0.00309176009267785,1.0092533520255e-06,2.47799254661009e-10,0.00335957814045289,0.0666965421445119,0.000170329494422774,3.51753695320711e-06,2.52365650492106e-09,0.926664167568265,1.30929979085979e-05,9
"20121",0.0694379014320943,1.88509246923543e-06,2.71167786499601e-09,0.0376909074170683,0.889021591823968,0.000151296520736894,0.00132719720065409,2.5727456589934e-08,0.00236919138903715,6.84838008428805e-10,5
"20123",1.74394861118258e-05,7.40275109020285e-07,6.54251953272967e-10,0.000373130298801533,8.40832515177573e-05,1.01535774401759e-05,0.987042596985143,0.0124714462161846,4.09251170253902e-07,4.26997654195844e-12,7
"20125",0.00142510029778513,0.930548682129267,0.067392437791632,0.00060513723651606,6.13994832234992e-07,5.18283188473248e-07,1.26308172449015e-07,1.67181968934618e-05,2.60126448421605e-07,1.04056352648487e-05,2
"20127",0.000604923831034889,4.68265570432038e-08,8.30211266213812e-08,1.36726365922801e-05,0.998909772815424,1.41364993216742e-08,0.000440923250091463,7.95903790145744e-10,3.05626672936022e-05,1.9476494084713e-11,5
"20140",0.00314112917347238,0.000294566137092294,3.57881435708347e-09,0.993172734751958,0.0004732645523447,0.0012249347868064,0.001242029962899,0.000436478000322595,1.40785406165035e-05,7.80515674046791e-07,4
"20142",1.38133406935864e-06,0.0027267309614723,0.997268316229064,9.86187831261633e-07,5.42297339521737e-09,3.68248632164979e-07,9.57356746071399e-10,4.28812834001729e-07,2.00078812447871e-09,1.77984497843069e-06,3
"20144",0.000666873291374599,0.917719766302539,0.00327173663062901,0.00894459599331621,2.27084330290616e-07,0.000205896404757116,3.1999790673192e-05,0.0691312132131525,6.93793336394568e-07,2.6997495891991e-05,2
"20146",0.00280356074791334,0.33045038691698,0.424685786153281,0.181723819289315,0.000182178227036414,0.0598103632792919,8.74245634739965e-05,0.000238467105941139,3.26242903418822e-06,1.47512877333539e-05,3
"20148",0.0127280297030092,0.930974388135899,7.3275619457695e-05,0.0560215687507961,0.000170928629076926,8.90479326576189e-07,7.80452898852508e-06,4.47876755489389e-06,1.43534624341682e-05,4.28192345621754e-06,2
"20150",3.27284147360572e-05,0.643225736516465,0.325190218707631,3.27925497404159e-06,4.0022148546487e-09,2.67677129052555e-08,1.05489101054665e-10,3.17065280910022e-06,8.89311943065789e-07,0.0315439462660254,2
"20152",0.0564872075165734,0.870480445824685,5.79846206163576e-05,0.0709529781528284,0.000962654649092004,8.22846902418196e-07,1.74815076756878e-05,7.77428827166933e-06,0.00102317504904554,9.47554431018109e-06,2
"20154",1.06090916829847e-05,7.14784380331789e-08,2.56213417472861e-07,2.76298500406529e-05,0.00442626471274833,2.71233778750925e-07,0.995488129228816,4.67438256598502e-05,2.43653590186644e-08,5.88960088815275e-14,7
"20156",0.70148071396735,0.00551043910260307,0.0196622071452626,0.0929505719008782,0.0160878687003404,0.163637162740329,0.000486380462064721,0.000115770202697523,6.57747970827266e-05,3.1109813911625e-06,1
"20159",0.000102352968529074,0.459542427767571,0.540253371801509,6.56092493108981e-05,6.57409787347754e-08,2.03670844473698e-07,1.93875781371528e-08,1.1109680432748e-05,3.56130460880071e-08,2.48041202003499e-05,3
"20161",4.06196577591851e-05,0.00242640042128364,0.991060361154515,0.00019079669540857,9.8447953368316e-06,0.00622580420967931,3.98195722046594e-07,2.71498576352994e-06,3.5287663626189e-05,7.77222090545769e-06,3
"20163",0.0826747719833481,0.906480218246598,1.20344340420782e-06,0.0046798440688738,0.00238808672801182,7.08547967514118e-09,0.000265495772606761,0.000408210835230768,0.00278271494051843,0.000319446895928284,2
"20165",0.000456255509519027,9.14495753859344e-05,0.997926184881857,9.45286540986452e-07,0.00152166785863325,2.00220829343046e-07,1.93058838672542e-06,3.77045748532364e-08,1.24145570379203e-06,8.6918569194735e-08,3
"20167",0.0201963524388428,0.974006294168113,0.00490462886480155,0.000807938557788677,6.96211420260888e-05,3.75326694827892e-09,3.21127182393834e-07,4.59822745917669e-07,3.66247630828986e-06,1.07176489245011e-05,2
"20169",9.77266590853621e-08,5.30079689790902e-05,0.999946152370969,3.6841595755678e-08,2.08853686252369e-09,2.59424828838952e-07,2.4652776285307e-10,5.72610660173112e-08,5.49792200717795e-10,3.85521046073826e-07,3
"20171",2.5805538319048e-06,3.59595821377041e-09,5.44876200668608e-07,1.20989975367048e-05,0.0024541768715862,4.16961426651359e-05,0.99739998828428,8.89079136235682e-05,2.76427160426415e-09,4.62151304075112e-14,7
"20173",0.00012235465660904,1.30889540986843e-05,0.0130052401746499,1.87359090555416e-07,0.00113079970579535,0.000208563434981673,4.91746943793803e-08,3.80905614956086e-08,0.982933897795396,0.00258578065412322,9
"20175",0.107732062823585,0.883852701994282,0.00591807544213591,0.00191147759426908,9.50488471186895e-06,1.7773456171173e-06,1.81236771045115e-07,2.91373710699124e-05,4.50164288647485e-06,0.000540579664672043,2
"20177",0.019265383617736,4.56517850691194e-05,6.54023514824782e-06,4.3664348047902e-05,0.0164648762054571,5.39589706577196e-06,9.0293525950593e-08,2.07874556420719e-08,0.960522527445664,0.00364584938483063,9
"20180",0.0517642347717903,1.13324931546579e-06,5.54174669611286e-12,0.00457417923493407,0.915490181721623,4.21721218560331e-06,0.0129557327951735,7.30284422778563e-07,0.0152095838299052,6.89510795713248e-09,5
"20182",1.99509842485401e-08,8.32265214805828e-05,0.979166049590605,3.14617029662869e-09,1.16184252017924e-10,1.26974326292288e-05,7.11887235269993e-09,0.00523057432236564,6.24850015696199e-08,0.0155073593157063,3
"20184",0.000173238450181523,0.019269913271402,0.980491519629281,5.90421982014291e-05,7.79792314208742e-07,9.79031067349153e-07,1.0736369014041e-08,2.71455558958991e-07,1.97753550681691e-07,4.04768207314169e-06,3
"20187",0.00294734442093253,0.000453264855389548,0.000769066926987078,0.000722535983722381,0.000247452092064795,0.388759776080895,5.23206272898671e-09,1.06334713869951e-07,0.419168082367521,0.186932365705711,9
"20189",0.344698644212863,0.0033586834231334,5.47979059810903e-07,0.000159759219298056,0.0336619280868126,4.52395999891887e-08,6.62772304789345e-07,1.66917554884906e-08,0.617940373335141,0.000179339040031303,9
"20192",0.0142795142642653,9.58489670300536e-05,9.40815000455215e-08,9.28135374718832e-06,0.0397750313675457,1.31261933069225e-05,0.0178617521896417,0.00279867331806457,0.925134843961253,3.18343036453643e-05,9
"20194",1.15386034764953e-05,0.037516991066732,0.491219559358708,0.0295948081542225,1.51595818284272e-06,0.261155232195735,5.05452654526557e-09,8.76352882900436e-07,0.000162720746982993,0.18033675250855,3
"20196",0.00381612537217934,1.06950200306636e-06,9.51754710886916e-09,0.00123555027851021,0.30571083206763,7.6813362830213e-08,0.689216371665986,1.07357843841475e-05,9.22893618364605e-06,6.22136294804587e-11,7
"20198",0.482311341855434,0.324102073902817,0.000352100228001345,0.165581032304208,0.0188344283110819,0.000379312786140817,0.0007646195192549,0.000534026945771548,0.00711910485284462,2.19592944460251e-05,1
"20204",0.000183310952149718,0.6096642889188,0.390063085686487,9.62076652994022e-06,7.10738200146621e-08,7.78668835792636e-09,3.63396122706352e-08,3.32713720503591e-05,2.0643075701917e-07,4.61006731048421e-05,2
"20207",0.00725570092073581,6.47298681577287e-06,9.19212920323999e-06,0.0109478807292509,0.672056132413504,8.67984764739534e-06,0.309708010424493,4.98303684190167e-06,2.94750521024631e-06,6.29734176690789e-12,5
"20209",0.00106393471229279,0.101904090189257,1.25675486691352e-07,0.006291646122739,3.94612917017513e-07,4.69795829014104e-06,0.000101977726839837,0.880060143427967,7.4332282516004e-05,0.0104986572916938,8
"20211",2.41585762581328e-05,1.53548788881188e-06,6.47507129410917e-09,0.000792099562428657,6.45895616879749e-05,1.26359217699743e-06,0.995511887317689,0.00360445906759073,3.58949776644113e-10,2.59173337474475e-13,7
"20215",0.00329057472967878,0.000399660375362119,2.32567748658778e-06,0.875804892422388,0.119773477629597,0.000427955547997569,0.000256890202952587,1.90170929070322e-08,4.4184850628479e-05,1.95468151520513e-08,4
"20218",5.28688406100138e-06,0.012879356582958,0.987109709043942,8.49885733374534e-07,9.49277289028494e-09,1.50426562597285e-08,1.48199033422169e-09,6.56888232801568e-07,3.22736158580129e-09,4.11147029144522e-06,3
"20222",0.00816678922188515,0.000757654376219112,2.04516336019899e-05,0.050287888917155,0.738878065755104,1.96667562058833e-07,0.201876901937188,1.0342460190688e-05,1.70853408249083e-06,4.97011319750261e-10,5
"20225",0.000125872210373072,0.966746969983183,0.0114210489669437,0.0203341075593402,1.49924427812354e-06,0.00020882411679749,2.78773920462641e-06,0.000839786884809052,8.75370672302459e-07,0.000318227924398841,2
"20229",4.66622175859888e-05,0.00154708423382341,2.90341875113608e-06,0.89698589998778,1.07432361617767e-05,0.101299129469302,5.50757539341499e-05,4.97293215359203e-05,1.70775766323903e-06,1.06460346225564e-06,4
"20232",0.614802938025483,0.00209710431931975,1.12528264980587e-06,0.36584382491823,0.0156744301574955,0.000168390267012013,0.00135379121467021,4.90623565211906e-05,8.85795013100142e-06,4.75508487871057e-07,1
"20234",0.000653038812704392,9.76231460934855e-10,1.71698175324709e-11,2.53798857226692e-06,0.733777595539229,6.39429391708813e-07,0.264956724795357,8.99709862469153e-06,0.000600465146616672,1.96103623053026e-10,5
"20238",0.42172782421414,1.58781235282239e-05,2.95955792334993e-06,0.00296660271268747,0.572564677533898,0.000406092842510222,0.00222041683155659,4.61695844106648e-07,9.50826808952101e-05,3.80701683203392e-09,5
"20253",0.0011230750557888,2.49123159708769e-06,1.28591972452729e-07,0.370391417906541,0.624724433677356,0.00287779793758031,0.000686388128681993,3.67434666012586e-09,0.000194262702946444,1.09318895607719e-09,5
"20255",0.00391193337887815,0.991128069349897,7.78675299170091e-05,0.00448769218016147,1.14635023741304e-06,1.95855378214831e-08,8.18778452372038e-06,0.000381999110611115,6.09151084050309e-08,3.02381512821135e-06,2
"20258",0.0710944228094316,4.92890144471943e-06,4.5512584876862e-09,4.0428757817973e-05,0.926856926451501,2.94829000333052e-09,0.000170944007953425,6.95869103257597e-09,0.00183233120378991,3.40982210680445e-09,5
"20269",0.763239190308172,0.00544463809720225,0.0247858247058358,1.33733097271419e-05,0.204815004306441,1.0594341728185e-08,3.92282272334814e-05,3.29301203358154e-07,0.00166025002179317,2.15112804954088e-06,1
"20271",0.0532205264991295,8.00970586487314e-06,8.89225720513171e-09,3.80349595500417e-05,0.342406829111834,2.83306422177344e-07,4.61308320394042e-06,1.62939558989674e-08,0.604245739428227,7.59387195548744e-05,9
"20285",0.00100294735299605,0.0195680677298886,0.000534126238614748,0.0105170693724029,0.000198892429035621,0.000373286181758959,1.5259613477727e-07,4.64859444863201e-06,0.562095779234787,0.405705030269932,9
"20288",0.130657004140938,0.000722208964232417,1.21289145800639e-05,0.759055223721848,0.108233420886115,0.000838566123378483,0.000475269134301212,4.61192879869986e-07,5.60942560631131e-06,1.07496120275642e-07,4
"20291",0.391745977438252,4.1459735228195e-06,4.75387818528427e-07,0.00137555485401388,0.159504683308263,6.49663539752069e-05,0.446559236466434,0.000698097398783573,4.68619424361503e-05,8.76500660074521e-10,7
"20295",0.0931471233279541,0.00263646935832342,0.000937715378151032,7.05755565481625e-07,0.0147291287844356,2.71859982103799e-07,3.61522340338312e-06,1.88388459110399e-06,0.886966269300919,0.00157681712667497,9
"20298",0.000178597841115294,0.998586714105875,0.000906378632938772,0.000227451229179452,3.60714082008669e-08,1.30685586908633e-08,7.29044666805605e-09,6.06382679517592e-06,3.03036963111805e-07,9.44348967198394e-05,2
