"","V1","V2","V3","V4","V5","V6","V7","V8","V9","best$classification"
"19812",0.000416294053409165,0.115800968816544,0.000465804534912964,0.143913772119197,1.16291211797556e-05,3.74016862190206e-07,0.738970779172661,0.000419115581211632,1.26258402200582e-06,7
"19814",6.32076522198879e-06,0.00223276637630145,7.97414958935837e-07,0.0168984294451299,3.74574547558424e-06,8.21782531101462e-09,0.977769517355353,3.17698079437878e-05,0.00305664487178994,7
"19816",1.53005391671383e-06,0.0234503558577155,0.0162509714838909,0.802716730144454,1.87965312384118e-06,5.51231639784057e-08,0.00364293073725503,0.153934777735998,7.6921048188331e-07,4
"19818",1.2875194476189e-05,0.000639803584707737,1.90797742702579e-05,0.676730764644389,1.6238324892297e-05,2.30378492416796e-08,0.314168460342487,0.000535892589062877,0.0078768625078661,4
"19820",3.7005362310863e-06,3.5639255035158e-05,0.000162693757738,0.00209851883984899,1.30128018391425e-11,2.13712954992486e-08,3.43905780094991e-09,0.99769942260088,1.86900422870756e-10,8
"19822",0.00904468165995261,0.00609908472027907,0.00148926370947746,0.00201875524228481,8.84035713973842e-10,0.000341462468106149,2.18456541716254e-07,0.981005850835937,6.8202338535374e-07,8
"19824",2.39793214900246e-05,5.07500602256035e-06,0.128288627946606,0.599424026622718,4.02291098937365e-06,9.07355037838097e-07,0.000118988074131747,0.270680693719943,0.00145367904306112,4
"19826",2.71886813700713e-06,0.171231893200476,0.0487882721061045,0.0460668558618075,0.00155597251538054,1.40769619384438e-05,0.731370876566944,0.000942405170996233,2.69287482160443e-05,7
"19828",0.000160631717360144,0.000483651249562618,4.58344806170811e-05,0.44191971244306,7.23554590549078e-09,2.16532707436938e-09,6.69141603612982e-05,0.557321785838964,1.46070920160488e-06,8
"19830",0.000169694763519061,0.0625529701984399,3.19215374129727e-05,0.0037568987739298,0.00104095934388198,0.000749316673970463,0.931615252793971,1.06023459332857e-06,8.19256802821389e-05,7
"19832",0.763189073652165,0.0464335010582732,0.000494510846202861,0.0550465626763695,1.36595700280282e-07,6.2823526712338e-06,0.120860452193747,0.0139684425133423,1.03811152860083e-06,1
"19834",0.00138750515157406,0.809587132310805,1.02552281190917e-05,0.130530653633598,2.95775685265632e-08,4.4221250103475e-05,0.00503229663954253,0.0533493981737023,5.8508034987799e-05,2
"19836",2.52439690513915e-05,0.0028474972847046,0.225783538845575,0.716330559259544,0.00184011970078913,2.65777672707575e-06,0.052239644673263,0.000930514915975966,2.23574369741236e-07,4
"19838",1.71988999567915e-05,0.00117419644739497,1.13126594757576e-07,0.000298763559979271,8.61613205031229e-06,2.60916432243414e-08,0.99820212605564,1.98349475548337e-07,0.000298761337265054,7
"19840",1.43175659363702e-06,0.850082696113939,0.00414007649969162,0.105855313437307,5.15972136441462e-05,6.71070504560443e-05,0.0126188454599563,0.0271809887525546,1.94371585750589e-06,2
"19842",1.10091354685907e-08,0.0001507385892731,0.000519415968209416,6.89522168333572e-06,0.972906799567702,5.768616039972e-06,0.0264082424869397,1.12882807451804e-08,2.11725273659078e-06,5
"19844",4.58324847912995e-09,3.28589303587217e-08,6.62495893323811e-07,1.00022149417366e-06,1.52205777329133e-05,2.17311075959341e-06,4.19399492132449e-06,6.07051512955916e-07,0.999976105105507,9
"19846",2.30918988321633e-08,5.73665664105839e-06,8.54427824532016e-06,0.000185471343619527,0.0212524056444841,3.36988402634868e-08,0.905080151638004,1.04526503851765e-08,0.0734676231956163,7
"19848",9.95930432913637e-08,1.8064706553106e-05,1.47613709850565e-06,0.00021647011093989,0.000699381755197497,1.76686737386211e-08,0.970823659422401,2.18826625733977e-08,0.02824080872343,7
"19850",7.13937100370443e-07,9.7361493507662e-05,4.97133175455609e-06,0.000651677463150372,5.88097818559861e-05,2.68944253599446e-07,0.753716484268948,1.5426250515024e-06,0.245468170154378,7
"19852",1.3901636218617e-05,0.00184683133824467,9.14626975871869e-05,0.977644575520744,1.69891321315606e-07,2.27931668590499e-07,0.0158167566108282,0.00451599731481904,7.0077058567669e-05,4
"19854",2.68265633149682e-07,7.41054948137378e-05,2.45457762140033e-07,0.000178352682712701,0.000171051217785544,7.56329394356021e-09,0.997173033709898,2.60363434717593e-08,0.00240290957175732,7
"19856",1.85487260646169e-06,0.000221303763131741,0.000178187385839627,8.59632152868274e-05,4.86781458389523e-05,1.52440867094816e-05,0.00976455194576356,3.31958220080121e-05,0.989651020762815,9
"19858",2.55303698299734e-05,2.04337397338925e-05,0.000643044351127177,0.00452900418642448,9.00865289897571e-07,4.72825163053119e-05,0.000507916783390876,0.00173407754645756,0.992491809641441,9
"19860",2.43305715200397e-05,0.271859646381892,0.000340133284792086,0.500881592917468,2.39986966833317e-06,2.86448568578419e-06,0.212209507953663,0.0146550701540629,2.44543812475714e-05,4
"19862",2.1119717561184e-08,1.35986508539741e-05,8.55180529277094e-06,6.87334673369164e-05,0.0697949613799426,5.18857807239712e-08,0.928138539450059,3.47209339366517e-09,0.00197553876892248,7
"19864",2.32069763559313e-08,2.14788660904701e-07,0.0110803201048179,2.58700623120273e-05,0.988805843492338,8.4209156220765e-05,1.96059354728315e-06,7.07802693698421e-07,8.50792432686305e-07,5
"19866",1.20614611355817e-06,0.0188055221887801,0.744375154839989,0.189272475245767,0.000122471687140193,0.00054870675619647,0.000185777987709024,0.0466884896161584,1.95532146809813e-07,3
"19868",0.993580333339659,0.00245579902488344,2.22700226391561e-09,4.08867576053601e-07,1.5501208689668e-07,0.00388658829631183,3.73856783334933e-05,2.69934639744886e-06,3.66282077492766e-05,1
"19870",9.14032921433486e-07,6.94086573423068e-05,1.46607543749116e-05,0.020887961178899,0.0043649818543691,4.26834595293792e-08,0.972676919866526,8.91944339342964e-07,0.00198421902776789,7
"19873",2.37850044981166e-06,0.00186490961517768,0.000987330125779592,0.428301704758365,0.00105679753739548,4.30165299314105e-07,0.566841878125983,0.000354237803327959,0.000590333368222237,7
"19875",0.000142242570669953,0.0968590603427874,0.00040119618128328,0.10903829400325,9.19053082157346e-09,2.01725686593704e-07,0.000676609621632012,0.792882354515169,3.18489911622748e-08,8
"19877",9.56097979646436e-06,0.00565188801423063,3.65603862566281e-05,0.175137426498783,5.02621171319222e-05,4.94888660501295e-06,0.81667691933654,2.23210804735689e-05,0.0024101127001831,7
"19879",0.000100572169234664,0.00478603112124741,0.000103930655855788,0.959951786607172,4.77619301929312e-06,3.57124569240134e-06,0.0333995376600848,0.000854200127871986,0.000795594219822038,4
"19881",2.92982358246051e-06,0.00444852795978175,0.0881812773673977,0.0423125336394547,0.00463173639685496,3.38970222157227e-06,0.859324367752639,0.000107160078699368,0.000988077279368074,7
"19883",3.16643880066159e-07,0.00307815762937795,0.0797547238692915,0.0217927540104384,0.214593512615874,5.0325383405972e-07,0.680703991464359,3.04701379844001e-05,4.55703749603608e-05,7
"19899",0.000201303668032894,0.874856702837329,0.000142764852688546,0.107942991039158,1.73853445186882e-05,0.00277939229427159,0.0124663781363114,0.00159112882149215,1.95300619830553e-06,2
"19908",1.60536078579651e-06,0.000870094419652403,1.07450831683665e-05,3.54665471594105e-06,9.19223466052764e-06,0.99909827668655,3.32330757248972e-07,5.54963565057004e-06,6.57594058931254e-07,6
"19910",3.6631292383055e-06,0.000310461683209368,0.000480022678664969,0.970556663775137,5.05259034282733e-06,3.50456593685057e-08,0.0278712134240087,0.000741405932839502,3.14817409001356e-05,4
"19912",3.10662838199698e-08,0.00147716064211034,0.000288029116130527,2.28454032123569e-05,0.768057690945064,1.85912308155058e-05,0.229992324672279,2.68397431839729e-08,0.000143300084360599,5
"19914",0.00116379213652795,0.302466986575065,0.000976391773565897,0.537984489736062,2.82370497643419e-06,0.000766793102490971,0.153412919395044,0.00265674949092543,0.000569054085341319,4
"19916",2.27513297635556e-07,1.08645100166774e-06,0.995653671871084,0.00197272557610166,3.41095686869948e-05,0.000236268120633779,6.812818259855e-07,0.00209846958013944,2.76003722929488e-06,3
"19918",4.71424763271954e-08,4.00626930811071e-05,0.000204376882159572,0.00880184723292691,0.00417759659833315,6.14842118428205e-08,0.885834488510242,1.2866705942958e-06,0.100940232785975,7
"19920",1.44874734805606e-08,3.72183143767792e-05,2.96716151387366e-07,0.000111504872507202,7.95061860765325e-05,5.35006471815458e-07,0.0854963887107504,1.2252064721016e-07,0.914274413185545,9
"19922",0.893858732631765,0.000101936206667004,3.54355896534914e-06,0.0313546606983181,1.13809325119709e-06,8.98241953566139e-09,0.0744022373841233,0.000273839634287426,3.90281020334047e-06,1
"19924",3.38306099090975e-06,0.0113159055428575,5.32432618196143e-05,0.203729831112145,0.000196866425727402,1.16979889207106e-06,0.742271589769307,0.000112319205415145,0.0423156918228446,7
"19926",0.00276764158741261,0.578433412927789,0.072886900245629,0.318633118919192,0.000124291374918913,0.000859395212754249,0.0217297693956012,0.00456535546999635,1.14866706855711e-07,2
"19928",8.45211734895107e-10,8.25640589793321e-09,0.00178857321687727,1.48384245687736e-08,0.998082159755066,0.000128412278366193,4.85454580735153e-07,7.59099451173121e-10,3.44595968476467e-07,5
"19930",4.12701740913625e-06,0.000230773698202727,8.54707113089481e-06,0.0226717479469663,5.5445082708327e-05,6.01679869381897e-09,0.976927483456799,3.44383013782507e-06,9.84258798470027e-05,7
"19932",1.32221871980278e-06,0.000121595063355213,2.10507091536785e-07,0.000407173457401777,3.02782761903678e-05,5.48361064105281e-09,0.99860308165682,7.94535561537431e-08,0.000836253883254547,7
"19934",0.0015669866834193,0.131972442746805,0.00066149645953843,0.355433687614522,2.83113715920875e-08,3.62655082606437e-07,0.0125808760017696,0.497652495971834,0.00013162355565775,8
"19936",0.000216558206617352,0.10861631454664,2.08848965150253e-05,0.0540527980308417,6.88008854515091e-06,2.85161691675105e-06,0.836740932498352,0.000212905744284587,0.000129874371287658,7
"19938",0.000938907192305378,0.125414058640308,0.0132723351160564,0.08728264263233,6.69795551034954e-08,0.00165857598566403,4.06259783405477e-05,0.771353333195495,3.94542799449766e-05,8
"19940",1.12995640160526e-06,0.000166240345677442,0.0147680781052783,0.849820393518023,0.00305604919396769,4.06780925984668e-08,0.131859883647727,0.000212274146732276,0.000115910408100283,4
"19942",6.7025278782389e-10,3.93739043889127e-06,0.0371843187201935,4.23005532993826e-07,0.962510702878477,0.000289179036932048,1.11861510530041e-05,4.20217789607516e-08,2.10125340770938e-07,5
"19944",6.19322256765395e-06,0.00417320802364566,0.0388215056091495,0.933951181319522,8.09992650636557e-06,1.0524858170522e-06,0.0174727034587085,0.0055612072598786,4.84869420463221e-06,4
"19946",1.34904858087919e-05,0.00318819431047627,0.000714600206870403,0.731196329654221,1.11387651333394e-05,1.08100223208575e-05,0.250994034711141,0.00103762266966536,0.012833779174362,4
"19948",8.51986916420294e-11,2.14066592105594e-08,0.00374432733630093,6.7527821975029e-07,0.996240033700593,2.31826861282577e-07,1.44075733253286e-05,6.39979542329439e-09,2.96393046195443e-07,5
"19950",1.43386825015523e-08,1.62302069426263e-07,1.36198934754794e-09,1.03258582484426e-06,1.56864119865052e-06,7.11321828705018e-08,0.000761159810958743,3.59613945278852e-09,0.999235986230954,9
"19952",8.51986916420294e-11,2.14066592105594e-08,0.00374432733630093,6.7527821975029e-07,0.996240033700593,2.31826861282577e-07,1.44075733253286e-05,6.39979542329439e-09,2.96393046195443e-07,5
"19954",8.24023482507256e-07,0.000102741230086819,1.68133770181146e-06,0.00439038135093408,0.000105101596556915,4.4057651613016e-09,0.9949408828511,3.99137244280276e-07,0.000457984067128515,7
"19956",6.23875221422706e-06,0.0107953290360486,4.27082670747404e-06,5.21410331759968e-06,0.0100844733303211,0.582550981735524,0.12259182401836,4.86591223317008e-08,0.273961619538385,6
"19958",0.999366144959277,1.22591808206068e-07,7.24085943468152e-08,6.2914563341902e-05,1.39854527354428e-07,4.31823271730942e-07,0.000436591551689871,2.26009781556308e-06,0.000131322149673767,1
"19962",0.00132884038001603,0.0141862375990308,0.0266071313004569,0.126846239682349,2.32909489855392e-05,0.000190683057183175,0.520614945200678,0.0173749209032876,0.292827710928012,7
"19964",5.22671236656134e-06,8.06355048340634e-05,0.0142565042389273,0.722968223115838,0.00614115977713337,1.46691137867316e-07,0.250046167169933,0.000192708493787551,0.00630922829604311,4
"19966",2.6325125998393e-06,0.00440997098433303,0.900889937020718,0.00910353065917831,3.39692599350065e-06,2.70730063091338e-05,2.09491900852796e-06,0.0855613623145954,1.65726420215767e-09,3
"19969",4.6244677999888e-07,0.00597787123564494,0.000459018702068927,0.0030571390831932,0.00815341785470977,1.15930412422019e-06,0.982299919479991,3.17542621494737e-06,4.78364672734239e-05,7
"19972",4.2768017120581e-07,3.77312894696632e-05,0.000361265778583762,0.043339747694607,0.490923511058859,4.13734196158009e-06,0.422193368950298,1.35757789577374e-06,0.0431384526281545,5
"19974",1.34494453674204e-09,5.14240481122393e-07,4.01740147720066e-06,1.03405968038664e-05,0.366948201519418,9.26502489990801e-07,0.0642054035702704,9.15121672463831e-10,0.568830593908993,9
"19976",3.95117488623772e-06,0.00220979169448825,7.86934255580233e-05,0.480218469396032,0.000149674793522363,1.21212615156435e-05,0.46980158630026,0.000119672572167712,0.04740603938157,4
"19978",3.83143886551217e-07,0.00024704746319642,0.00389720266271035,0.977329698313247,2.02662688835517e-05,2.41512079351939e-08,0.0132441614105058,0.00519863477368553,6.25818126768434e-05,4
"19980",2.27273620692162e-07,2.49046458929305e-05,1.2268444722267e-07,0.000143261363653396,0.000213564237361228,3.34262468077679e-08,0.825339563127383,2.46987000966357e-08,0.174278298542694,7
"19982",3.97474372259091e-06,0.000814676576957689,1.14094593193989e-07,0.000268532315493205,2.93404795452645e-05,2.20818741807069e-06,0.0982605852858807,3.2850923148165e-06,0.900617283224074,9
"19984",6.45824902788794e-09,2.93300354292442e-07,3.236699112153e-07,4.08983766837335e-06,1.87389236066568e-06,3.39745045742405e-07,0.000101849195083722,2.01269532809105e-07,0.999891022631794,9
"19986",6.13570588950911e-05,0.00278328839458515,0.00345247197011832,0.0233635307903637,3.27739587458165e-10,3.21043221907891e-05,7.22101408617794e-08,0.970307174254502,6.7146483791747e-10,8
"19988",3.10605664954348e-05,0.000112002787304651,4.70261794358791e-05,0.00163502849430769,2.9238417328896e-12,1.33598400272408e-06,1.1090379466648e-09,0.9981735447617,1.14792455983347e-10,8
"19992",2.60789632595514e-05,0.00339997980231796,2.39621057976611e-05,0.00167447904045638,4.05099457868437e-12,1.08227065823852e-05,4.64862844368718e-08,0.994864612316712,1.85745382525497e-08,8
"19994",1.68557270658253e-05,0.00115709311833371,7.81161034589909e-06,0.0289830629011354,2.94752989499017e-05,1.28267604748307e-08,0.969779904078824,4.73826930598909e-06,2.1046169278647e-05,7
"19996",7.11533493726817e-06,0.000343099987314466,1.58578677581954e-05,0.0183536116256454,1.66544932835936e-11,2.60477323809284e-08,1.66076830918425e-07,0.981280101620584,2.14225430493374e-08,8
"19998",5.91736764787572e-06,0.0962617653188755,0.811064493631587,0.00264403995936423,0.0152479729570309,0.0271463077281441,0.045026741062189,0.00067777619120602,0.00192498578395573,3
"20000",0.00460056866016118,0.120875540107079,3.77499943672638e-05,8.20798803030318e-05,0.00192616176863489,0.00625337432195348,0.866053418188215,5.92099461709957e-07,0.000170514979825285,7
"20003",0.000107382758725399,0.0196219123418164,0.00112328621185489,0.0583855466465896,0.000149080342258042,1.82134669277574e-07,0.920546215548667,6.54453985453488e-05,9.48616874183767e-07,7
"20005",2.63677567624101e-08,1.47015723350078e-05,1.81051823338868e-06,0.000230932790206184,0.0121840634875791,8.63140241607699e-08,0.964017965422917,6.90793242836939e-09,0.0235504066190157,7
"20007",0.000277607716210481,0.168143745835558,2.50169509156811e-05,0.795178119074822,8.38099435181557e-07,0.000152365663522969,0.0228412363015183,0.0131600291976959,0.000221041160321216,4
"20009",0.000148671823438348,0.000253920546496061,0.691160232648477,0.0564637239885923,9.31123267616367e-07,5.42633713509227e-05,3.810736995206e-05,0.251764314632465,0.000115834495960423,3
"20011",2.30928910633735e-06,0.000896749010619938,0.000580814837057743,0.302086443975896,0.0705519944636677,4.69235336491994e-06,0.617103664945325,2.55302401882938e-05,0.00874780088477343,7
"20013",3.10575761848522e-06,0.0175973083120957,9.84768138122787e-07,0.00492849611582072,1.93208995932878e-05,6.99983588692131e-06,0.851325844800324,5.42348819457833e-06,0.126112516022329,7
"20016",0.00156174970553534,0.00166070226605825,0.00108386473667981,0.0589673317483856,2.28195715301529e-09,0.000869322313121591,5.19378092966545e-07,0.935853067926284,3.43964388569393e-06,8
"20018",0.956225035753158,3.2647392790628e-06,1.22483855550969e-05,6.43634326974859e-06,9.44406318274242e-12,0.000108330135265042,3.75320885159509e-10,0.0436446840532332,2.05474598893727e-10,1
"20021",0.000225745603115817,0.00117999915699953,0.00497602922284824,0.835952163299783,1.04668883485006e-07,1.16668005212926e-08,0.00177512833611696,0.155890785932884,3.21125679363388e-08,4
"20023",0.000419528249437156,0.0477842920057999,0.0101950887014417,0.870597757142898,1.76322979276537e-07,3.57952097576027e-05,0.0115513869432552,0.0593682684247107,4.77069997205861e-05,4
"20025",0.299492244109368,0.000172046050761476,0.000111950304783502,0.0103856906169544,2.92748101232955e-09,0.000175421774119306,9.31351694149745e-07,0.689661700669779,1.2195059543128e-08,8
"20027",4.17511520947802e-07,0.00940912867110834,0.00107075132622209,0.00106709264200498,0.431248543788788,2.55607828102649e-05,0.557171209770053,4.34457501786424e-07,6.86104999035335e-06,7
"20029",1.08027427306283e-08,0.000451308919217667,3.20424873795827e-05,0.000261351285448443,0.034485928017807,3.25976802419829e-07,0.957195457077346,9.40324157188061e-08,0.00757348140083991,7
"20032",1.99460379100488e-06,0.000636543966006458,0.000165377977346611,0.00162178280802468,0.00614115467379375,3.23237417924595e-08,0.991426463504037,3.49219742240711e-07,6.30092351598348e-06,7
"20034",1.70657811904973e-09,1.48929438136626e-07,0.0248904595141907,1.43982744310986e-05,0.974988206028863,4.40479946528412e-07,0.000106201672809101,3.99830991636474e-08,1.03410643515871e-07,5
"20036",1.50845085505016e-05,0.862937093675235,0.000294281281410274,0.000278340112502647,4.26797996839696e-05,0.0751867530294627,0.0390641535180495,0.000442850333027873,0.0217387637420775,2
"20038",0.00218556548624282,0.355518315924144,0.000200495175323508,0.0524917870777207,9.27612506395845e-10,3.6434658813749e-06,1.87319237908302e-05,0.589581459486817,5.32467325794817e-10,8
"20040",0.00633834662491605,7.93823275666392e-06,0.296415638589665,0.0496961662388063,2.1576118713311e-07,0.00110968147479791,1.71814047803846e-07,0.646430626677683,1.21458614015759e-06,8
"20043",0.000251870509450555,0.0237315345240551,6.68142667552053e-05,0.0430354187881653,1.06111130039859e-09,1.25485672561113e-08,0.000330364933050789,0.932583800973004,1.8239584054285e-07,8
"20045",0.00061657692174549,1.13104025485252e-05,9.84312989851478e-06,0.00140675752747451,2.88224727404716e-13,3.96160889520324e-07,1.6903132464097e-09,0.997955106951411,7.21543148833795e-09,8
"20048",6.27876837341741e-09,1.5078488032664e-08,8.62623113618751e-10,9.33073194485864e-08,5.10843173628285e-07,4.67619193857418e-07,1.06156473902036e-05,3.20456098430349e-09,0.999988287158482,9
"20051",0.0128957125846654,0.222619951198021,3.50166352429378e-05,0.109291794614834,1.14801469119176e-07,8.12514587066715e-06,0.524082391285,0.116115242467707,0.0149516512671904,7
"20053",1.16074637151514e-05,0.000695960135422355,0.0203727644204776,0.936437744201869,5.27469296713029e-07,7.71404315187807e-06,0.000780553095052726,0.0416329777347525,6.01514362623925e-05,4
"20055",0.00697863046259768,0.962292266376657,4.27800701958311e-05,0.0147767949325458,1.81859483901802e-07,7.16338788788403e-06,0.000709706667520278,0.0151924748061329,1.43697851625176e-09,2
"20057",0.99885615781956,1.98038381427782e-07,6.15175647171558e-08,9.85572053157506e-08,1.46029344888179e-05,0.00078514154944922,3.50886267413903e-05,1.79644227994321e-08,0.00030863299218627,1
"20059",0.000688179529929471,0.000321069263965662,0.0660096528726427,0.900184980590557,1.37665544630806e-06,5.17391257312793e-05,0.000628960498741381,0.0321096010796395,4.44038334656376e-06,4
"20061",2.81963462790147e-05,0.00132681995228999,0.0028598266753723,0.982034313077775,2.39133404021759e-06,2.17051539299867e-05,0.00415926998706708,0.00955240351607452,1.50739571714911e-05,4
"20063",3.1307004753002e-05,2.16006266834919e-05,0.00226137290786361,3.20633584027796e-05,2.21890331747559e-05,0.132450794065535,2.39727774912328e-06,0.00982564485898723,0.855352630866851,9
"20065",0.842655917441467,0.000488473438716647,3.63655081778837e-06,0.000943051101617917,3.3113528690424e-12,6.49968295476198e-07,1.46988695014335e-07,0.155908124499067,8.01125192864318e-12,1
"20067",0.00465073190362137,0.00117259557330076,1.70734910718833e-05,0.05813410085554,2.41957914238578e-11,3.14122048637236e-06,1.7089303261929e-05,0.935856550684882,0.000148716943639645,8
"20069",4.20969481530491e-07,4.31214753831539e-05,5.98488921449296e-08,0.000149153913319229,6.76213590847784e-05,7.01566463763358e-08,0.523519499125885,6.03187646265433e-08,0.476219992832543,7
"20071",9.37897263351837e-06,0.51913912858583,0.000944800977677592,0.00426644108774851,0.000155138908987309,0.474167667202109,0.00108441033536066,0.000220797355976365,1.22365736771442e-05,2
"20073",1.57539712046224e-07,1.65245345731784e-06,0.000175528269383924,0.00400950539928789,0.000298488163501892,5.2029300281613e-08,0.0619513814105504,5.90854255332025e-06,0.933557326192253,9
"20075",0.999482033879108,0.000456812639412034,1.58036032007955e-09,2.59322121824746e-07,5.67287794589868e-09,1.81929722325895e-05,4.20377717456722e-05,4.89907629349416e-07,1.66254512175114e-07,1
"20077",6.16380859215579e-06,0.678362666629513,0.000560254099788318,0.111682867734639,1.11138016107432e-07,0.000732413768830836,0.00101374622886699,0.207416729587176,0.000225047004576868,2
"20079",0.000257418607109826,0.00868288724095265,0.000264293926343941,0.0041826961586843,2.93135392579429e-06,2.41430510041491e-05,0.0228274002830228,0.0700544247141092,0.893703804664847,9
"20081",0.133687492479889,0.113933975343481,1.51202830335879e-06,0.382418579860811,7.8189646838526e-10,1.60271273982777e-06,0.000782877650839729,0.369170903542193,3.05559984718115e-06,4
"20083",4.29790331854252e-05,0.0415136313614115,0.00103631042393903,5.26218292991872e-05,0.000211516975383439,0.183962677966207,0.00249508137439738,0.000333420308522676,0.770351760727654,9
"20085",0.000177206227682096,0.000254066438787221,3.57447081282223e-05,0.000670161440525644,6.00837614301552e-13,2.1271634359557e-07,2.31412066825643e-09,0.998862606132886,2.09261449806484e-11,8
"20088",0.000404624247074997,0.00650268415438794,0.000446362138252032,0.0548371585398707,7.78932277268582e-11,1.2165680150818e-07,3.17445461111916e-05,0.937777262858958,4.17806503907071e-08,8
"20091",0.999310433414238,7.744654383307e-05,5.44718936046089e-09,0.000469647322605025,2.05746966604188e-11,5.43150721724861e-06,4.06520083513926e-06,0.000132460609247995,5.09934259551628e-07,1
"20095",4.47639207265453e-05,0.000163367480659245,0.00121206059213298,0.262478752396068,0.0271041181402865,0.00412071554714834,0.00172806165659499,0.00224403246097323,0.70090412780541,9
"20097",0.00077957534110036,0.000835203438392431,1.03400163722956e-05,0.00058602578885883,2.80004245645622e-13,1.0004402695071e-06,4.83026963128031e-09,0.997787850114461,2.99957565819837e-11,8
"20099",2.55064270067929e-07,4.41145596585528e-05,0.449630642710065,0.433936680824756,0.0101401053088216,3.59914250835465e-06,0.000143308856553103,0.104668100917416,0.00143319261595148,3
"20102",0.0256832303643391,2.10310992515321e-05,8.069327259798e-08,0.000545866614376536,4.61325147367209e-08,0.00194094242064699,0.000321010699205564,7.47494576568437e-05,0.971413042518736,9
"20105",0.000109483923649616,0.00187387421343334,2.68840750088023e-05,0.200071921761076,1.35827620897253e-08,3.64325986795674e-08,0.000695055516186255,0.796858788983898,0.000363941511386231,8
"20107",2.83659935236416e-05,0.088424708220243,0.000370582267220628,0.376305879969057,9.53593334701635e-09,2.13845713319083e-05,2.83721983942559e-05,0.534820496490968,2.00753328800542e-07,8
"20109",3.19961747141534e-06,8.66442656356755e-06,0.0184654480785101,0.730933960265409,8.17902772846239e-05,7.57725237722188e-08,0.00391004975134372,0.0603757014457514,0.186221110365142,4
"20111",0.671714265191583,4.73258205892008e-05,5.71207247575449e-08,0.000540126335103298,9.41480360986551e-05,6.80708025803535e-07,0.322773590683907,8.36794027332223e-07,0.00482896930994174,1
"20113",1.01044968283177e-05,0.735111530823788,0.0389656243155524,0.16994196110059,0.000175005151858794,0.00628100003427171,0.000556896949012908,0.04895776135232,1.15775778894343e-07,2
"20115",0.000131541533789787,1.09101751613978e-05,3.8793036186405e-05,0.00258548107667294,0.00737157125437138,3.26721838595557e-07,0.989712426917489,1.78447985050247e-07,0.000148770836505193,7
"20117",0.664521002087698,0.0120759228528487,0.178521325299665,0.0414048315860935,0.045161957460366,0.0313950991093039,0.000173886820284925,0.0267444332718426,1.54151189765321e-06,1
"20119",4.70339746290326e-07,0.00263078024526223,0.949100603783321,0.003370677998176,9.73692896158459e-06,3.03295164195143e-05,1.2310437746257e-06,0.0448561697976281,3.46710962808784e-10,3
"20121",9.36976052339879e-05,0.0428573283706108,0.00334421217057251,0.078654905233038,8.53906620585589e-10,4.27875080165067e-05,2.63884195189774e-06,0.875004424697907,4.71876256651688e-09,8
"20123",0.999434216683903,0.000304264421776746,5.04087263392696e-07,1.45435005966837e-05,6.61517574343437e-12,2.08216982432478e-05,1.16454625858013e-06,0.000224483985436133,1.06990687026099e-09,1
"20125",3.23383608026912e-06,0.00078812038107159,4.11103336651688e-07,0.00153795062398479,1.16904252711174e-05,1.57920550397493e-06,0.909751723374945,6.25350112028952e-07,0.0879046656996942,7
"20127",1.52439664057841e-05,2.3811053930023e-05,2.79998514977283e-05,0.00168382492557063,3.55174114450187e-11,7.17435769352564e-09,6.72734166215024e-08,0.998248910050463,1.35668841277889e-07,8
"20140",0.00334234780163516,0.990994325824706,3.99344019211204e-05,0.00221031410610106,9.06473154702781e-07,0.00207406827170992,0.000512015141043014,0.000826080416718965,7.56301018504736e-09,2
"20142",3.55295389587215e-08,1.46578415115184e-06,3.19452740328125e-09,2.06163845746408e-06,2.40787179162683e-06,1.10363481984075e-06,0.00275855727706969,5.91946830082079e-09,0.997234359150175,9
"20144",0.00210682591489854,0.00791925240139079,1.1690654725806e-06,0.000435337232918505,2.77484434731761e-05,0.000943084839642109,0.984423196429823,3.35244355819841e-07,0.00414305042802577,7
"20146",0.000391217157698526,0.174343996938082,5.98245978055424e-06,0.0027236045914324,1.54987030096692e-05,0.0741837649363598,0.307776248043156,0.000215258251052716,0.440344428919428,9
"20148",2.28358219280197e-05,0.0587489619145395,2.24817413016429e-05,0.0138882508504838,4.01618783265723e-06,1.41987465868046e-06,0.927013874461942,0.000177488087273806,0.000120671060039982,7
"20150",1.42764334292723e-08,4.30797905444886e-06,1.16378224547292e-06,4.0345003280325e-05,0.0290434348062671,1.08586824360863e-07,0.61161836836153,3.2173008456022e-09,0.359292253987064,7
"20152",4.68304688429325e-05,0.0691328387011443,0.00126849460370973,0.0658219063890884,8.81825978121845e-06,1.06244353413507e-06,0.86274073991321,0.000884788270040986,9.45209506482399e-05,7
"20154",0.935065810164198,0.00021367500303935,1.62772229366226e-07,0.000113703098659363,7.95442788395522e-13,2.42344601419576e-06,6.58656587360543e-07,0.0646012502272983,2.31663117854299e-06,1
"20156",0.00132106200145431,0.149063291725123,0.000133677323584001,0.633857341146852,4.64243313780114e-06,0.164899512523523,0.00754867772653824,0.0171083930845963,0.0260634020351909,4
"20159",7.49108556896474e-07,8.25434233996546e-05,5.18292944248025e-08,0.000117154605453539,2.67120404861029e-05,7.10575537390039e-07,0.410219528018449,6.42187269571013e-08,0.589552486180096,9
"20161",2.75184167643399e-06,0.00021875285426196,4.9908978733897e-05,7.06880157860329e-05,1.05992006380334e-05,0.00604218328531437,0.00263923703516038,1.13198646818004e-05,0.990954558923747,9
"20163",0.000942302938994272,0.00445545426836642,0.00221727166126577,0.0834493505097388,0.000251607093112913,1.89703261512441e-08,0.906681331710763,0.00200067888784159,1.98395959093973e-06,7
"20165",1.90108805888483e-06,1.92584416436114e-06,1.10704109760036e-06,0.00116524435030558,1.49937136971554e-07,2.30576037495361e-07,9.71415703523647e-05,0.00123910449253325,0.997493195100314,9
"20167",1.54683395455844e-06,0.00123791723967858,4.80790295613467e-06,0.0291585617730295,1.17686973654749e-05,8.15638556666861e-09,0.961876753282424,5.82895031769238e-05,0.00765034661102866,7
"20169",7.83865693069214e-09,6.63603875965536e-08,9.13661396093247e-10,1.91019319542836e-07,6.50536823057628e-07,7.38413956629814e-07,6.29557650594783e-05,2.56829814504709e-09,0.999935386583837,9
"20171",0.966553658010961,8.6785169414109e-05,1.92160563732834e-08,2.0840239027743e-05,5.90081018900118e-13,0.000309360364065643,3.14012198045168e-08,0.033025577090406,3.72850825957589e-06,1
"20173",1.78846731901144e-07,4.144317127221e-07,0.972521344269346,0.000541540018386588,0.00527972447457521,0.000170162501192654,2.60772031935315e-05,0.00120808932647171,0.0202524689283899,3
"20175",4.41862156598862e-06,0.00273990088829287,6.99601020146971e-06,0.0803415176035982,0.000518233136214249,4.72958218444414e-06,0.908509234075699,7.06073554770655e-06,0.00786790934669605,7
"20177",1.5753556820516e-07,7.00125908984563e-05,0.948595165897278,0.0369569969998494,0.0042926908752188,3.53057023875491e-06,6.88724021357702e-05,0.010002486576051,1.00865527614249e-05,3
"20180",0.00117930669674834,0.00463371676862524,0.0152734133356964,0.0496955911826047,7.30415521063339e-09,2.04140258224556e-06,1.70603911257585e-06,0.929214217259677,1.07983977771856e-11,8
"20182",3.90132409770091e-06,5.24994638871101e-09,8.90069752621085e-08,3.1593232573458e-08,0.0265165284666972,0.000118174246010209,0.000139561003748205,2.08968867304377e-10,0.973221708900324,9
"20184",1.30990898102434e-07,7.99180129519077e-05,2.83151709704625e-07,0.000235381105137204,4.77975883471229e-06,1.57901458348675e-06,0.0174105462485602,6.56385356141332e-07,0.982266725331969,9
"20187",3.55175654983509e-08,0.000863533006976719,0.634430517967983,0.00379454117378693,0.179784733068482,0.179442922779827,0.000610511702991161,0.000165450740265509,0.000907754042122959,3
"20189",5.18206970036471e-07,0.000212651923081331,0.463761455267158,0.513310863042637,0.000163275697121037,2.73605371648496e-08,0.00386135715011751,0.0186889405290493,9.10823328185655e-07,4
"20192",0.0515609015221773,1.7781101606545e-05,0.841133843162282,0.0325093197264132,6.60933874755654e-05,3.50035441853526e-05,0.000249114048394856,0.0744276964318831,2.4707558205943e-07,3
"20194",7.48380027594728e-08,0.0286010212959295,0.00043594186877207,1.75424127587691e-05,0.173270105354447,0.213994365109173,0.0437006955052575,1.76670884467952e-06,0.539978486906815,9
"20196",0.10181665378908,0.00286465810987359,1.85533570374327e-05,0.00937667210128195,1.77407344608591e-10,1.26455063986064e-07,2.897730801549e-06,0.885920408735013,2.95444415030133e-08,8
"20198",0.00237931047932122,0.164108651520489,0.00800396068006933,0.468618911324672,2.23089511128774e-05,0.000512969224754791,0.339472619505709,0.0163859414563699,0.000495326857501105,4
"20204",1.80628927917333e-06,1.26948525584515e-05,2.30718901048045e-07,0.000229566622258143,5.13999983026471e-05,3.40043703755062e-08,0.557924742528581,6.80988357364568e-08,0.441779456886913,7
"20207",0.0275892546939097,0.014047843532122,3.64949705078082e-06,0.0111745990053749,1.11480139338144e-11,6.31330510339694e-06,8.16814248416279e-06,0.94715713256249,1.30392503166276e-05,8
"20209",0.0549285620789126,0.0301721141615405,0.000684752331938698,0.00321007944199483,0.0515596334981903,0.000181124865969447,0.85925893480365,3.54472133793187e-06,1.25409646562762e-06,7
"20211",0.998589826451967,0.00113160014913075,8.32783644299668e-10,2.56733603738815e-05,6.00804460137325e-13,4.84181525848701e-06,3.13545262797824e-06,0.000244907479059455,1.44581983762234e-08,1
"20215",2.33787615798161e-05,0.85879786242876,8.56594127671557e-05,0.00471485783874685,2.08574223482197e-08,0.000148050035276482,0.000442511586634176,0.135784080917818,3.57816099507879e-06,2
"20218",5.42468230626221e-08,1.26139586077626e-06,4.34820172692022e-09,7.61465475229314e-06,5.1059012804531e-06,5.21137197555288e-08,0.0119923231504981,9.22001708063711e-09,0.987993574968847,9
"20222",0.0214417022927432,0.0569741002491524,1.92948706037595e-06,0.0128857862602291,6.59723124057043e-10,2.21336788095972e-07,0.000782418343364357,0.9078846804813,2.91608896391346e-05,8
"20225",6.76511752047273e-05,0.0183936031829613,1.60471422576324e-06,0.000122342239959504,0.000299081082952911,0.000671996261746085,0.966324051428288,1.89169688835084e-06,0.0141177782177731,7
"20229",0.000207938163188244,0.873889056459985,6.7417603818763e-06,4.75651294854908e-05,1.38733979932196e-06,0.123210697876537,0.00260471354370535,2.6319112107999e-05,5.5806148103911e-06,2
"20232",0.00182489083861257,0.534643073487387,2.03937970362154e-05,0.441878452547795,5.95375741724682e-07,0.000226302843514764,0.00311335260928181,0.0182908699656625,2.06853496899351e-06,2
"20234",0.0243604754563683,3.5423546721213e-06,0.000434059392088991,0.000934335097079398,3.31070499407248e-10,5.87628090900007e-07,1.87525665326675e-09,0.974266997836305,2.90679084958675e-11,8
"20238",0.000437741702284427,0.00490991988386781,0.000128532998732565,0.456130990676533,5.66190589410802e-09,0.000219072007354636,2.20853864188101e-05,0.538147217526179,4.43415672364047e-06,8
"20253",2.18141000700552e-05,0.326179349664619,0.000331868709951914,0.00160749412392584,1.20441298770596e-09,0.000535531220796509,2.85015858791779e-06,0.67132091390339,1.76914245959486e-07,8
"20255",0.000139710405694028,0.0049149618798683,9.79797046234236e-08,0.00277424663392705,2.85742237270452e-06,8.38355439204799e-08,0.992047965805754,1.35839313626012e-06,0.000118717643999127,7
"20258",2.10717467646696e-05,8.09519656005295e-05,0.00172678741889493,0.154692963341796,5.57960897801989e-09,2.42873237019895e-09,8.18945036360475e-06,0.84347001761543,1.04528089935924e-08,8
"20269",1.74643142879229e-05,1.58818777452009e-05,0.000613162481016574,0.906504258518901,1.79781256628403e-06,7.12510574668024e-09,0.00334717630492784,0.0711932097731443,0.0183070417923053,4
"20271",2.1402017606041e-06,7.3333164224898e-05,0.614586753620664,0.115104677938115,0.000105377763015713,2.1600427722628e-07,1.53334208099449e-05,0.270112148032424,1.98547087402356e-08,3
"20285",1.09184961844443e-06,0.00837033506840671,0.656811284462648,0.00135089087829147,0.311472391676449,0.000282038908311098,0.020944632328925,0.000147431848660886,0.000619902978689428,3
"20288",0.000108115057629595,0.811317688436545,1.01832167310426e-05,0.0991723385127089,1.00776849837609e-07,0.00040637773614794,0.000712427694808583,0.0882579501720216,1.48183965579499e-05,2
"20291",0.307712123410137,0.0027758436030988,7.31914712445887e-05,0.415369192447789,1.96414347822582e-09,9.6823381122505e-05,8.74786748888633e-06,0.273963131133761,9.44721214767502e-07,4
"20295",1.4766333208587e-05,1.8253213762305e-06,0.691020862053826,0.285137921371297,0.00294928700546191,4.76100138873957e-07,0.00497520988993908,0.0140153192565681,0.00188433266818417,3
"20298",3.20490437786171e-07,0.000261785581032588,4.84046219244685e-07,0.000184663664922939,8.83875393277869e-05,4.98258944094784e-08,0.998125765560014,3.68673858438401e-08,0.00133850642476567,7
"20302",1.048530473878e-06,3.01386517387771e-05,0.000740339873080098,0.00539046782880682,0.00156395759769534,3.55595074588364e-07,0.303567120428665,6.17664907761561e-06,0.688700394845388,9
"20305",1.22950700748093e-07,5.58683230743788e-05,4.97227631719035e-06,0.000161969544973834,0.00303688106001634,1.91178550300949e-08,0.996604343577134,2.1047906365241e-08,0.000135802102022049,7
"20307",0.000107368350342942,0.00086908464957644,0.000100319385064228,0.0526450662904609,1.09339781398566e-11,1.30149741384385e-07,4.43119547404558e-07,0.946277582097132,5.94720023774932e-09,8
"20310",7.57621928978759e-05,9.57198459966649e-06,2.50241269972026e-05,0.000661510424555122,6.91093511921035e-11,5.43497718070304e-07,9.31929715502096e-10,0.999227586215801,5.56392255928894e-10,8
"20313",6.71853686521979e-10,1.90100965297662e-08,5.36453884165605e-09,1.85979610671075e-07,6.53576860389338e-05,1.04684577781953e-07,0.000330037031534228,3.17827899095251e-10,0.999604289253921,9
"20315",2.63898765362022e-05,0.023187145211208,0.000841473265779883,0.310825009446514,2.91787581785825e-07,5.04340194275242e-07,4.0856375438699e-05,0.665078194881071,1.34815675658003e-07,8
"20319",0.349593846848529,0.014326185787309,0.000250991027179904,0.000665860279259116,9.95514403297492e-11,2.15463279246214e-05,9.66109108836578e-06,0.635131889743489,1.87956695576815e-08,8
"20321",3.15867348495704e-06,0.00141247574105675,0.000201608155629687,0.00666451094453634,1.43276531867532e-09,1.12178874683591e-05,1.38968009903993e-06,0.991704544130135,1.09335482466961e-06,8
"20327",2.17024520555108e-06,2.37474746719068e-05,0.0158679720939147,0.295803396993478,1.58643733916644e-07,2.8572721535373e-08,1.76769965753533e-06,0.68830072029259,3.7984027138565e-08,8
"20329",2.52132230173644e-11,3.99541349742072e-07,0.00268088897367036,6.38543419326455e-07,0.997197675648468,5.77830873728007e-05,4.55419939381018e-05,2.37867240446727e-09,1.70698078956966e-05,5
"20335",0.0417561516722044,0.000196856599345347,5.43410391573097e-07,0.0128698379980234,6.48841700527276e-13,3.36368043371208e-07,2.08693517827865e-07,0.945175887299292,1.77958533280856e-07,8
"20337",1.06867576043507e-06,6.09855755483914e-05,6.96616154947782e-08,0.000281317882466526,3.40321600716389e-05,4.01241831051346e-08,0.814606091169921,9.30100485657406e-08,0.185016301740385,7
"20339",0.482850452692129,0.124859749083954,0.00199473854896073,0.000140191059257555,4.01572466635285e-06,0.387096328193865,0.00227152803097898,0.000782486471748215,5.10194440184335e-07,1
"20341",0.976141421783664,0.000802189576174066,3.336917262208e-07,0.0016808977167919,6.40730807157737e-11,0.00470786596922293,2.33716604864653e-06,0.016278754293056,0.000386199739243591,1
"20343",0.000743752704843523,6.22797647075597e-05,0.00017273652741129,0.001250844166137,2.43333339653506e-11,9.23629003197358e-06,1.59433314744601e-07,0.997749473388122,1.15177010986219e-05,8
"20345",1.19829094732589e-05,0.0149550240711659,0.0190220307009073,0.038333629763058,0.00630172695432878,2.40363382190803e-06,0.921345944399251,2.53957399601329e-05,1.8618280336238e-06,7
"20350",0.00194926192214451,0.397124082135232,7.95240930069638e-05,0.000837427690661222,1.99441666822764e-05,0.594189707046162,0.000972660243160786,0.00414501748429917,0.000682375218650943,6
"20352",1.19489556791518e-08,3.85191295427011e-08,3.23356758517899e-09,8.8091376919148e-07,4.31846711099015e-07,3.19066072486561e-08,0.000143967493506301,1.7682261056273e-08,0.999854616455492,9
"20355",2.33913696682052e-05,9.78877804552854e-05,0.000284677786201734,0.00138760191575926,8.45933616889061e-06,0.00019759984927737,0.00863320588410616,6.29068468896519e-05,0.989304269231473,9
"20358",7.07619721807761e-10,3.95233530414062e-06,0.00207280759058667,2.21604102369081e-06,0.985367995476318,1.32525334528008e-06,0.0101803843841679,3.28406029898149e-08,0.00237128537103094,5
"20363",6.48113287020102e-06,0.00410471536631858,0.000187769224182649,0.0240446566393832,7.03861925012172e-10,1.28134083957885e-06,1.35596411047953e-05,0.971640140540718,1.39541072148569e-06,8
