"","V1","V2","V3","V4","V5","V6","V7","V8","V9","best$classification"
"19812",0.00382298302901148,0.000677923536614434,2.31864985792124e-05,1.68206976122228e-06,7.6486572727086e-30,0.000123694711347776,0.0015304650723243,0.993820065082362,1.69123868720296e-19,8
"19814",1.38536676666474e-10,7.18895811477293e-06,4.72837307445766e-10,0.000222144192828663,2.75504512607062e-07,0.0156847720483896,4.89568366804067e-08,0.0396660720757821,0.944419497652162,9
"19816",5.26273023918608e-09,0.0134938387776275,2.53559570042937e-07,7.55052197718335e-07,1.24042282600107e-26,1.59887059078365e-27,0.84552650868188,0.140978638665995,1.10227140071728e-36,7
"19818",1.59168605433e-09,0.000787897700446583,3.93063748173241e-07,0.000890607388274163,4.90117044748497e-09,1.47957807087776e-07,0.000188113183014267,0.998124566998289,8.26721556483551e-06,8
"19820",3.66769626553105e-07,0.021834967248109,2.97451356606092e-28,4.2774430873941e-06,1.55541663285496e-59,6.56024621026641e-149,0.978160235055219,1.53483957743683e-07,2.050242861137e-139,7
"19822",0.0726718389337663,0.927196974070384,1.5668150335489e-26,1.56374317788159e-07,7.80629913096798e-48,1.18342384231527e-180,0.000131030584754881,3.67770329677617e-11,5.83498208979134e-177,2
"19824",3.27672283270299e-06,0.998638729182949,2.40465140927082e-14,5.34155300691299e-08,8.97088741927821e-19,6.8948942400419e-64,0.00135646561120715,1.47506745681513e-06,1.21977481429719e-89,2
"19826",6.14325394081768e-07,0.0895646250309483,0.0254339203348199,3.33259228559903e-05,3.47322022559468e-19,0.00392095310702069,1.26376066891129e-06,0.881045297518292,2.12951205273961e-20,8
"19828",2.02093840726464e-07,0.0138795866958372,4.23777228769001e-22,0.000405312996557296,1.28101810863788e-32,2.94072539914945e-67,0.983091343456335,0.00262355475742964,1.29926922603936e-57,7
"19830",0.00239304643920178,1.51667296536901e-07,0.00253196188344875,0.0150546084452323,2.07458776085005e-23,0.000139291627214636,1.37825654234946e-15,0.979880939937605,3.21721371180288e-19,8
"19832",0.977827135339307,3.27996894181737e-05,1.10254481751034e-22,9.61814403319766e-06,1.43835166521128e-59,7.24957583123391e-21,0.000231976441110886,0.0218984703861308,7.10171018320097e-49,1
"19834",4.46530825645862e-08,0.0123296680067969,3.62937671145399e-14,0.0587956360714251,3.11906715280145e-27,3.30757796649399e-43,0.0924466715720114,0.836427979696648,8.98804826919661e-39,8
"19836",0.00108965495117961,0.00997016634225501,0.0355529823442776,6.44450282425755e-09,9.30985273288108e-45,7.22629600945516e-19,0.000113266861762807,0.953273923056022,2.16906367382146e-41,8
"19838",2.21791391594488e-06,3.3227013201506e-09,8.87359923779634e-09,5.41698574704442e-05,6.36797357701116e-16,0.98011826930905,3.24830446275922e-15,0.0198246428150676,6.87908191636935e-07,6
"19840",1.22765054619146e-13,0.0417911905403969,8.25772335467932e-05,0.147873112743414,1.58066043541672e-37,1.6204506357214e-27,0.0226440091988174,0.787609110283702,2.9596972947008e-38,8
"19842",4.31851736263389e-07,2.92550794422625e-07,0.998026609979007,1.76534816134766e-05,6.04111687999987e-30,0.00195131872683971,9.1526468869463e-33,3.69341000919836e-06,5.96328387114304e-31,3
"19844",2.79574801285217e-15,0.000157850019290833,9.44357661927173e-11,0.0233167827309108,0.97652536715536,1.03466095104998e-69,2.81865526397046e-28,2.9577211754406e-20,2.07816641325353e-50,5
"19846",2.75011987553668e-09,7.41917275856331e-07,0.00657137151548477,1.83229171332472e-06,5.67892828290289e-05,0.102396172531866,5.06445468371512e-25,0.000118322955779199,0.890854766754932,9
"19848",5.56393387427329e-09,3.47442710776988e-07,1.04779901814387e-05,2.21852465931499e-06,0.00997112696338531,0.000133387437727441,2.20291441454268e-21,0.000501286282256438,0.989381149795145,9
"19850",2.74024563255888e-09,0.000497462145800262,6.96302029017431e-07,0.00204490391420282,1.6008948594887e-05,0.0222544238959668,6.96345605897765e-16,0.0104990825909175,0.964687419462242,9
"19852",3.07630317482171e-08,0.00566488132547815,1.83206700382252e-08,0.000391264142924285,3.12890750262732e-13,8.98116024924678e-12,0.140175129748355,0.853768675690246,7.66173745486165e-16,8
"19854",5.49085694684431e-10,1.13994050588079e-09,2.23363395842552e-08,1.20829030313854e-06,3.05961387832738e-05,1.07436819073245e-06,7.22164996066825e-21,9.69903361899752e-05,0.999870106841167,9
"19856",8.32075037147266e-07,0.999485470267712,2.1339863715774e-09,0.000176247291959304,0.000335739662902977,2.46169070649217e-24,2.47985506479927e-20,1.708568401572e-06,3.93174496350286e-46,2
"19858",3.88388630174414e-06,0.999686390845831,1.40151001596252e-13,2.19096221959139e-05,0.000287809010660271,3.51089320276306e-61,1.95223792618729e-11,6.61534886749326e-09,3.64122381944043e-53,2
"19860",4.51057556038183e-10,0.00725512850672355,4.01955839894853e-07,0.0138544181478779,4.42726215509097e-23,3.02302209125874e-07,0.0703020099335655,0.908587738702684,4.272849755432e-14,8
"19862",1.38036817942086e-08,1.87186567151361e-08,0.0529331101307632,8.8582822664412e-06,5.29856175784079e-18,0.946899964711098,4.40438799240234e-27,0.000158034353401271,1.32971075907748e-13,6
"19864",6.98566974833839e-06,2.79343414998144e-06,0.999916492077454,7.37288186473091e-05,2.28171755414719e-52,2.1689002688359e-100,8.98757883625811e-35,2.59846978790901e-20,4.91688301485348e-109,3
"19866",7.2221286548107e-08,0.943840388187284,0.00203486062219961,4.06043803001476e-05,4.36344501375184e-42,7.59770562898282e-55,0.000965267985271148,0.0531188066036586,4.99243324297333e-84,2
"19868",0.306135001055366,2.23157072775449e-22,6.74467058398691e-39,0.693864998944634,3.80228684894829e-59,1.26986726130403e-102,1.09495263292438e-34,8.44831543401759e-22,1.21104446153295e-105,4
"19870",1.0117643173558e-07,3.67990219132958e-06,0.055780261910569,0.00149850868278584,9.40665805707087e-14,0.329459835101837,9.72692786676317e-13,0.611501158541365,0.00175645468375332,8
"19873",1.23695936929459e-09,0.00473701643296604,0.00239523407824149,0.00194809517975518,3.54552495685396e-18,3.68234043539254e-05,2.03217627876776e-06,0.990880797417949,7.34957650336036e-11,8
"19875",3.16918850627489e-08,0.0164734026475001,1.44686891348204e-19,0.00298070218661614,1.49084271310617e-47,2.19368665545228e-34,0.928091198185778,0.0524546652882208,6.68885655257727e-49,7
"19877",4.9678102570368e-07,0.000445672310471865,0.00466920689729273,0.00194976400881871,3.06803295209439e-09,0.00169138981734732,4.79496920449175e-06,0.990752589097015,0.000486083050790972,8
"19879",1.45522722897935e-05,0.00838074379606868,2.32749859021754e-06,0.000145719396135276,8.39986051265263e-11,5.46634289841098e-22,0.00147382177606471,0.989982835176853,2.50060795190182e-26,8
"19881",0.000119441934948649,0.481366112501153,0.0380167967772095,2.38272667798448e-10,1.53183223294897e-13,1.92082423777165e-08,9.30000971097671e-10,0.48049762841002,4.63817861586064e-19,2
"19883",5.69036415223256e-06,0.0612361864973442,0.849917110454988,4.54791660421072e-09,1.37187942132157e-21,0.000143474134546691,4.0778741567368e-12,0.088697533996974,1.12806061820246e-19,3
"19899",1.1670368035808e-08,3.15156646714651e-05,1.35193326142954e-06,0.0652743326795225,1.28521605418374e-36,5.98847877908038e-30,5.4832611069112e-06,0.93468730479107,2.14786449989517e-41,8
"19908",1.22644162747147e-09,3.99910338183192e-06,8.81878127985921e-08,0.999995911468787,3.65866221594948e-45,2.53125541306657e-95,1.63200712092339e-26,1.35767087994878e-11,1.02612596261558e-132,4
"19910",1.04480548133209e-06,0.00727706764847982,2.34040929767161e-05,7.68931801432264e-06,8.69172830027164e-13,3.27203822061397e-08,0.0404378000804581,0.952252961333338,1.2418912063088e-16,8
"19912",9.58170711984106e-08,3.53001630729273e-06,0.99675199304245,8.53980066229578e-05,3.49222064349411e-19,0.0029051283186882,2.20466313710251e-30,0.000253854798860251,2.96053080339803e-20,3
"19914",0.000369262098754805,0.0328556267532772,1.22884556674027e-06,7.75309665248455e-05,1.46822765116294e-13,5.18105376271415e-18,0.00174387344918759,0.964952477886542,7.83827175220074e-30,8
"19916",3.86920053921199e-05,0.999960221931456,1.07794188316404e-06,8.10310974623138e-09,1.5586482328378e-32,1.7574919859725e-99,1.27087584800752e-11,5.45077021176016e-12,3.00909786004953e-124,2
"19918",2.90080650488395e-08,0.034679292059347,0.205564186564718,2.07357119398197e-05,0.0212833188776425,0.396182819294693,3.28588663187572e-12,0.245407296216091,0.0968623222642177,6
"19920",2.82112368704654e-15,1.27761581166013e-05,2.94403268331225e-05,0.000821429915988739,0.998562956734183,1.49621442074753e-05,2.49023151680919e-19,0.000552741844692853,5.69287597499133e-06,5
"19922",0.999948920517336,3.21475503616348e-13,2.46893037277926e-28,5.0772076335792e-05,3.94966980022242e-58,1.02657301732037e-21,9.7591874935146e-09,2.97646819416595e-07,5.62099594699783e-42,1
"19924",5.05219118723529e-09,0.00941003956540673,0.000531361242944238,0.00136427711115954,0.00187311916314625,5.66479908815057e-07,8.08969522421612e-06,0.986812540417194,1.27282512605678e-09,8
"19926",0.0430470356444059,0.00828684234220484,6.32840986400313e-05,2.34450047061321e-07,3.2686463228e-45,3.16780101565284e-35,3.23092471870239e-05,0.948570294217515,3.20023027006969e-66,8
"19928",4.63965806065793e-05,1.29562293297025e-09,0.999953492874888,1.09248882191478e-07,6.89804659532329e-50,3.24439453074173e-82,7.74773773742773e-58,6.95282561539891e-30,1.52934487201054e-108,3
"19930",3.25487248566037e-07,9.44339923073644e-07,7.39147750086887e-06,9.75935802809673e-06,4.32223104249693e-18,0.957679648751379,7.83697009542225e-09,0.0422884952725003,1.34274764499437e-05,6
"19932",8.82972964991714e-08,1.97203519727469e-08,6.82337607413487e-07,1.87714878816636e-05,8.8087963455046e-11,0.98822437765905,1.57769638299598e-15,0.00989836607764203,0.00185769433208135,6
"19934",0.000156252411644509,0.293251592682858,1.34597141255487e-16,1.64347269132364e-06,6.7702977076295e-19,1.5289529008346e-36,0.33414250668538,0.372448004747426,2.01515780483427e-40,8
"19936",9.38116026766474e-06,0.000108068982374471,1.62105904793606e-07,0.0107017842633732,4.38637840293542e-20,4.38802088871363e-07,5.23052627395413e-06,0.989174934159717,7.04754262949293e-17,8
"19938",0.000460119013182262,0.996552381998067,2.30571806363037e-15,1.7896394302782e-06,4.58340922972621e-23,7.96994855759977e-92,0.00191712561420851,0.00106858373510986,3.98726897445897e-131,2
"19940",9.2157898557971e-06,0.0372369336717795,0.0301321527299776,3.36950873244854e-08,1.5233159111307e-13,4.5106859171437e-08,7.77409684907272e-05,0.932543878037797,3.46651142848665e-18,8
"19942",4.82793726121356e-07,0.000102981153891175,0.999896376295469,1.59756913943544e-07,1.1940321396989e-45,3.78022286495905e-60,3.46138105825271e-39,5.61845490260834e-17,8.61468356109497e-92,3
"19944",4.01587021515869e-05,0.0556890437093388,0.000190042558621899,1.37562795520454e-08,4.36993198156145e-16,1.4937756317025e-12,0.0695313920609847,0.874549349211129,5.67330800179699e-33,8
"19946",5.35247172143716e-08,0.022060382265016,2.16581482805542e-05,0.000293120770757154,1.58231319394131e-06,5.92748821656483e-08,0.000466771610695792,0.977156372092318,1.38975769207104e-13,8
"19948",3.53979577182782e-08,7.16875889608449e-06,0.999992786014157,9.82898878963105e-09,3.06076667935436e-41,1.19399111394259e-37,2.32801896329908e-37,3.43243395261537e-17,5.22799862530473e-63,3
"19950",9.45640304457244e-14,4.46905274460928e-08,3.46107031677008e-11,0.000714234599099505,0.999285711307044,4.85446385384271e-16,6.38340967707534e-29,9.36862327441945e-09,8.90558235606877e-21,5
"19952",3.53979577182782e-08,7.16875889608449e-06,0.999992786014157,9.82898878963105e-09,3.06076667935436e-41,1.19399111394259e-37,2.32801896329908e-37,3.43243395261537e-17,5.22799862530473e-63,3
"19954",2.27853942494965e-08,1.97678659048228e-07,3.02897618549172e-05,1.29854646871568e-05,1.57669032855485e-12,0.977808459895476,6.04558522447319e-12,0.0194824314279495,0.00266561297835667,6
"19956",5.92344211340013e-09,1.00745041549787e-09,0.00117916663385049,0.998820737991326,2.8266882128062e-11,1.43222176891632e-14,8.32707393462406e-40,8.84156497665286e-08,9.77780721539346e-23,4
"19958",0.999437045699398,6.78348155642918e-20,1.0824934667759e-43,0.0005629543006017,3.32990595899778e-54,4.72938483315549e-55,2.7699753942071e-26,2.70525008909819e-22,4.90115397376017e-70,1
"19962",0.000309355780751864,0.987311297767525,6.81518198634775e-12,1.20724007526929e-06,6.13099407620734e-08,1.29315080530961e-17,4.70124009801768e-09,0.0123780731936523,8.25388681506486e-34,2
"19964",0.000742577099078642,0.264905497411552,0.0193556414661711,3.10300302837295e-07,1.22953460034106e-11,2.69588798731294e-17,2.92728432939101e-06,0.714993046426271,2.33421319387655e-17,8
"19966",0.000660970806233358,0.9986505479218,2.25959033229128e-07,7.52456822132122e-11,7.92561504649017e-58,1.15938982108973e-118,0.000462399339406504,0.000225855898281307,1.10982140633066e-131,2
"19969",2.28326484864123e-07,0.000780558684126297,0.596631607477852,0.000195742983370622,3.0788408445503e-29,0.00312889759491026,1.13388002067654e-12,0.399262964932122,4.38246321534079e-19,3
"19972",4.99847909019502e-09,6.8974886623263e-06,0.990056863847403,0.00316235715242811,1.94384157851615e-08,9.1757311355301e-08,1.59825124208706e-19,0.00677376506628632,2.51014553374004e-10,3
"19974",6.36212712931836e-12,5.49080512093382e-08,0.959524910544879,0.00114884159539969,0.0312519545427102,3.70786680538403e-05,4.32112437966951e-38,1.12950403877233e-08,0.00803714843950346,3
"19976",7.5219713016407e-11,0.000963685780997161,0.00114008898388215,0.00581651432247169,1.64605289640834e-05,8.40925177827571e-07,4.7759622915394e-07,0.992061784210127,1.47576931482449e-07,8
"19978",2.18917555840629e-09,0.0318932836861622,1.55541019883065e-05,3.86877379537168e-05,3.06424623920021e-16,8.49556600999919e-16,0.271269986434022,0.696782485850697,5.51198902493816e-18,8
"19980",1.65931948110158e-11,2.83048273222368e-09,1.62339206345805e-07,8.15544652707145e-06,0.00374899375273428,0.000190952548471943,4.63871149842642e-23,7.99215729656339e-05,0.995971811493019,9
"19982",7.37942454321901e-11,8.75778513537095e-05,1.22068081339187e-08,0.821487652020537,0.159484207003993,2.62887246646231e-14,4.63612672308145e-16,0.0189234161682244,1.71346752627028e-05,4
"19984",1.3135721091523e-11,0.0136925242836409,2.76361753246145e-08,0.0034915748353993,0.982815867895933,2.99252033858651e-28,1.88799026227153e-21,5.33571560558985e-09,2.57832418336126e-42,5
"19986",0.000123949913870784,0.434945245004696,2.65731044175335e-17,1.02995639721628e-05,3.87618594499332e-54,1.84665847848022e-113,0.562548969625886,0.00237153589157461,1.14425969835543e-154,7
"19988",2.57072660127539e-06,0.125300199904235,3.62329331631981e-30,0.000796871069156689,3.09254230396229e-66,4.42090351380144e-166,0.873900177472587,1.80827420292496e-07,4.02619204819256e-160,7
"19992",1.83788472172164e-09,0.022259392424382,4.16299317061321e-29,0.00123526789212116,7.06362030466346e-40,5.71745745305181e-105,0.976472156432376,3.31814132364739e-05,1.76331663335459e-129,7
"19994",5.73880147477281e-06,3.62325547308711e-07,6.71442874122919e-06,6.38351807997553e-06,2.92320741889169e-20,0.962742901833013,7.87120170972869e-08,0.037237759492926,6.08882006627581e-08,6
"19996",3.99481123406876e-10,0.0138883739212664,1.09628879335063e-26,0.00108350885762352,6.48187192235427e-36,4.9824930561626e-90,0.98448717119725,0.00054094562437845,4.78939552646472e-100,7
"19998",6.11734488448075e-06,0.990566792114922,0.00931353939608457,4.99975624220393e-07,7.18626743286624e-23,2.5992472614163e-33,5.22382385264527e-17,0.000113051168484493,5.72584727154374e-60,2
"20000",0.989055762828256,7.76392861296617e-10,1.91924808051337e-06,0.0061622427155121,1.13860598087157e-38,4.35434746600222e-13,1.36918746928002e-26,0.00478007443132321,3.0462264031752e-41,1
"20003",0.0035156398282474,0.000240411674458209,0.00209256922861234,6.97486989139106e-08,1.88271475925443e-37,7.10467635973089e-06,5.99544643029435e-06,0.994138209397193,1.47524955720938e-25,8
"20005",5.13527544243735e-10,4.70746607634262e-08,0.00105872308671539,0.000115972423676387,0.0723173712619937,1.89160796967144e-06,6.5347989421036e-25,0.000512998492813499,0.925992995538643,9
"20007",2.33403482901865e-11,0.000293772930364612,1.13710038076491e-09,0.0243891128763033,6.8240619555842e-24,2.25466751813681e-27,0.000290626662909601,0.975026486369982,5.92810130102444e-25,8
"20009",0.00144526480157268,0.998550525429089,5.96508274515729e-13,2.64944843845599e-13,7.98519798648726e-23,3.93975026368797e-92,3.62893562584333e-06,5.80832850528411e-07,1.63661205593913e-121,2
"20011",1.12288417543051e-08,0.00028814135852224,0.31498614670342,0.00905722097166392,2.77666461244302e-09,1.86254153232862e-07,9.6940309642761e-13,0.675668290705741,2.4250643616229e-14,8
"20013",3.8716661887649e-10,0.000436933599671912,9.04574272782887e-05,0.011251293278206,0.108430664565786,0.0234100491978957,4.21200207964539e-10,0.849103709494273,0.00727689162852231,8
"20016",0.000103273352208833,0.996073029985971,1.5236941403511e-20,0.000408331199059757,3.49983871438088e-37,1.82676791743178e-136,0.00341410405050713,1.26141225313154e-06,6.10137752796911e-154,2
"20018",0.999999767314349,5.8036354701246e-09,2.50371334736072e-60,2.2687691024163e-07,3.72993385756485e-126,1.98932484621788e-233,5.10497270431046e-12,3.15580579400119e-33,4.86262638133075e-271,1
"20021",0.000126682847294031,0.00858113913525376,1.00598092902543e-14,1.53233706386326e-07,1.31419917888544e-51,2.73020847535783e-29,0.928939289764473,0.0623527350192626,2.8906167314199e-44,7
"20023",0.00048017232338439,0.116085003783613,1.28116757423135e-09,3.37765988846873e-07,8.61616274651959e-14,2.01928250786635e-21,0.0883646853440196,0.79506979950174,9.2536524014731e-47,8
"20025",0.0153288508766613,2.92174365160686e-05,1.36406296529631e-43,0.984633638733367,3.82550978899302e-108,6.09026922796247e-135,8.29295343977193e-06,1.54042041025079e-14,1.46029163596837e-146,4
"20027",3.95296098749671e-07,1.10250000238077e-06,0.977239351569393,0.000255500489862183,2.29609094917935e-32,0.000706438974749514,3.06255274856498e-20,0.0217972111698938,7.34544052932699e-28,3
"20029",1.9079977305896e-10,0.000441275880593521,0.981148834465955,0.00184729690564873,1.37237724133374e-15,0.0023328649611039,1.42380622341023e-19,0.0142297274604403,1.35457524482875e-10,3
"20032",3.58964285861695e-05,4.95281628249627e-07,0.00184550876202295,7.9154309462627e-09,2.36939452805842e-24,0.987750410174278,7.1856033900848e-16,0.0103676814380372,1.58016526549544e-14,6
"20034",1.08365728376806e-05,2.92336873184188e-05,0.999959929241466,4.94595476528656e-10,3.09282696572926e-43,8.35248303096317e-26,1.81924856337737e-30,3.78189815671538e-12,3.45744656216026e-61,3
"20036",2.20526753978788e-10,0.034279307871751,6.28199624330102e-07,0.955770592170808,4.85499562852273e-12,1.61153519557162e-21,4.7451991798064e-14,0.00994947153238706,5.55513516811237e-35,4
"20038",0.000118560550944826,0.00524604080697088,3.26535138445314e-19,6.46497646851587e-05,3.25035758236072e-64,8.10027647484739e-78,0.971702191327925,0.0228685575494745,1.679102771925e-93,7
"20040",0.201931762105626,0.798068167248358,6.12150764065764e-21,4.41110998306783e-09,2.56075147943228e-53,4.91029892395141e-158,6.62349028248948e-08,2.10425569022999e-15,1.12052117774897e-206,2
"20043",5.05149243143194e-07,0.0406992554065705,3.32429756177742e-26,0.00117834893513444,7.60530328300606e-38,5.3286545091169e-38,0.943166956840134,0.0149549336689184,6.72465418410618e-50,7
"20045",0.00112040030518715,0.171647969242545,2.97043563455655e-41,8.10453401693839e-05,1.55850976919665e-49,2.19048248705017e-161,0.827150584992445,1.19654140069971e-10,8.2420837940046e-165,7
"20048",1.69949560922529e-14,3.79928404100198e-08,1.3435864616973e-11,0.00513836426690766,0.994861597726799,5.58796533513956e-48,7.5172886851588e-34,9.12546478241705e-17,1.98262446526835e-16,5
"20051",3.3743934076163e-06,0.0781988642851165,1.82719840780155e-22,0.27725544866813,8.02957155861669e-21,5.14390531748281e-18,0.000807472228624229,0.643734840424718,3.45513888313651e-15,8
"20053",4.34336578434543e-06,0.431077047175878,1.29757579668904e-08,1.3659035241897e-06,2.55051288699852e-13,2.3268599225522e-27,0.0147550402532977,0.554162190325503,1.33548866766079e-75,8
"20055",0.0106902336015116,0.000342494740371225,2.12797563176101e-13,0.0762142855418372,3.24725943397109e-81,9.98441250624045e-69,0.0499755343654074,0.86277745175066,1.06297836851644e-82,8
"20057",0.999962121123215,6.79686262163003e-30,6.29636549935228e-36,3.78788767850201e-05,3.04686211149861e-70,2.03061325857815e-111,2.32048640346467e-59,9.84654396411349e-41,1.94961718299394e-117,1
"20059",0.0524778525588491,0.727097145474508,8.54272321633566e-10,2.36367823587816e-06,1.68471022956096e-26,4.14971119831643e-38,0.0102154951942479,0.210207142239887,7.89017679149547e-71,2
"20061",1.66964248698117e-07,0.0187826316069334,1.15336294251754e-07,0.0035515564351906,3.79779067764431e-28,3.95354221435136e-25,0.00381925798659358,0.97384627167074,1.25809221033291e-32,8
"20063",1.87526872381455e-09,0.0841155548083307,6.98485218239214e-21,0.915884443316257,1.44054132647492e-13,4.47475594937151e-138,1.4746665152633e-25,1.95336270013255e-29,1.39492701147557e-138,4
"20065",0.874915750716062,5.81431251776026e-07,7.831805871434e-48,0.000351308684479232,3.2749943766498e-124,2.1273728198764e-132,0.124732359127535,4.06716377939892e-11,1.26935932817899e-151,1
"20067",9.85006519449348e-05,0.498826205400363,8.66311795176185e-33,0.000817427692612196,8.36667603082126e-18,4.84063925844729e-66,0.499957561717087,0.000300304537992663,2.65304782155529e-98,7
"20069",1.70227702806598e-11,3.31965105391569e-08,4.61473356970779e-08,0.00015204845644945,0.229208697708225,0.000181016402948095,2.45586003817944e-21,0.000469004523816152,0.769989153547693,9
"20071",1.93294995749236e-08,0.0190959712211567,0.00292551872629683,0.90722463268429,1.89584855441264e-33,7.05112968070992e-54,6.32451636597387e-11,0.0707538579755121,1.72950810532705e-62,4
"20073",1.14800069519387e-07,0.219852518484159,4.17617642571831e-05,1.53661838948137e-05,0.778449583317557,3.77520808761383e-09,1.72443794567798e-13,0.00164065167468189,2.03780823218231e-16,5
"20075",0.996845330647846,6.5375920921527e-22,3.30391358161996e-38,0.00315466935215442,3.59894929523991e-79,1.05995342530643e-86,2.23608402054727e-27,9.3850089593148e-18,8.1470704074939e-100,1
"20077",4.63215219517934e-14,0.0205849895479691,4.02903690555073e-10,0.0174132906710248,2.4077207686775e-14,3.1256896542774e-38,0.671098363988328,0.290903355389704,2.85778013516159e-51,7
"20079",8.67784202735763e-10,0.922248174444214,1.18237377930795e-21,0.0777509478062916,4.92448844564601e-14,1.66570136120559e-43,8.3716303321012e-10,8.7604449828012e-07,3.03313903434276e-38,2
"20081",0.000218280059019156,0.000147463444010318,3.11937815909276e-29,0.23512657597058,1.19311192261909e-34,1.08461805349765e-52,0.75144546474825,0.0130622157781408,2.73580477445682e-54,7
"20083",2.93051960013304e-06,0.71784864859742,2.93328202471818e-08,0.28214838883273,1.79062805759061e-09,1.28649099203727e-61,8.59349154513733e-24,9.26802256255708e-10,4.56731745914407e-74,2
"20085",0.000186196901591279,0.0212736708369841,9.77427670461485e-35,2.3126762723914e-06,3.70728275468024e-76,1.11338064974234e-150,0.978537754723885,6.48612668834519e-08,1.240384823358e-162,7
"20088",0.000176222007481526,0.0268065474931252,2.84491140999886e-23,2.52633408248387e-07,4.76591196172535e-39,2.49516098993894e-55,0.954460201379525,0.01855677648646,7.43668904119254e-68,7
"20091",0.967652002190179,4.69536922645632e-12,2.33636746353664e-38,0.0323479176577053,7.63616760597983e-50,1.45836684155105e-88,8.00581705487796e-08,8.92500799577501e-11,2.85887347041038e-87,1
"20095",1.940673545318e-11,0.000171712462806543,3.80117770213212e-06,0.999824475621324,5.55253587454503e-11,1.24381451854639e-61,8.59281673264727e-20,1.06632352418447e-08,2.39180586822381e-90,4
"20097",0.000172931725324468,0.0170576153252355,2.56579058745243e-38,0.000128452753317299,1.12426921673552e-79,1.33157614680837e-149,0.98264089406979,1.06126333034304e-07,8.43687696748065e-149,7
"20099",7.35586505636984e-12,0.999619063507897,6.08149925709215e-05,0.000318524465371531,1.5527726822455e-20,3.95117183881019e-81,1.50911617773034e-06,8.79106272540547e-08,3.8158920485665e-83,2
"20102",0.000110227169672676,3.94634662546904e-08,2.8005722438385e-28,0.9998897333655,1.19756808135439e-12,1.08667774705914e-67,1.25123888181023e-20,1.63422678938732e-13,1.98020155802189e-54,4
"20105",5.29924401661591e-11,0.262229565973297,2.23390933371752e-23,0.137444057213676,7.66136448563783e-26,2.3746461858561e-55,0.591885580561154,0.00844079619888019,2.08253930795425e-36,7
"20107",6.47382522749831e-10,0.0343737733552791,1.23268368570568e-12,0.00494187485500169,1.75925980462392e-32,8.38437081368035e-66,0.618528088320926,0.342156262820178,6.67290549381059e-75,7
"20109",2.61920136319544e-09,0.99919184044054,8.30538507149411e-11,1.08075029531765e-05,3.08666985178729e-06,2.15945005346447e-38,0.00071616309110834,7.80995932915107e-05,8.954098516051e-52,2
"20111",0.988200394868716,3.61313983769473e-22,4.34941911204232e-26,0.0117996051296007,2.37140309667858e-37,1.6724101608048e-23,3.20576023793657e-28,1.68300671933711e-12,4.14004941245682e-33,1
"20113",6.35831099272162e-10,0.153972244612203,0.000374316838739459,0.176557833034067,1.96615191403747e-48,1.07485639873821e-53,0.000353875341323014,0.668741729537836,9.11061917871209e-78,8
"20115",0.920074189508709,1.15918020732152e-09,4.81549757534579e-05,0.00527067138788204,5.69846257269018e-36,0.0540750004292929,9.30326885538581e-20,0.0205319825391818,2.32149906623398e-22,1
"20117",0.999999710566286,2.76523026932286e-10,2.16735231936462e-14,2.89157168872019e-07,7.12747498677055e-84,6.11496461149346e-141,3.52590778707621e-23,1.1454263911015e-18,4.93527384249651e-183,1
"20119",1.42985056163817e-05,0.999631736881416,7.66811858990251e-06,2.8869613528858e-09,7.14607484411409e-67,3.7513465193726e-97,0.000293045746751769,5.32478606647402e-05,1.32718677196064e-136,2
"20121",2.01334687592738e-05,0.0720329950034381,4.7738247804506e-15,1.12695918739868e-05,2.59743077514661e-41,2.21915797177403e-75,0.837646238172468,0.0902893637634554,1.24278383852125e-112,7
"20123",0.999996282934879,1.94867900617255e-08,8.58548972283616e-39,3.65924941697763e-06,5.88539227812444e-83,7.99474758665625e-100,3.82870096803107e-08,4.19046934077611e-11,7.35984102664834e-124,1
"20125",3.64321462576851e-09,2.28195339794821e-06,2.8309974907709e-06,0.0013706182510507,6.24912898645836e-06,0.44408075752998,4.43988577531483e-14,0.0210730373208682,0.533464221174967,9
"20127",2.51891092679903e-08,0.0547785058812467,8.36228846621652e-36,0.000113714403437806,1.98943320765861e-40,8.32655367440646e-131,0.945107753580173,9.46033188409626e-10,1.18153367774595e-105,7
"20140",0.00203364692701275,1.09312005557596e-05,2.09448172864518e-11,0.441271563116424,1.41187568541246e-60,2.52453096869784e-50,2.16562432503931e-06,0.556681693110738,1.83914061106645e-80,8
"20142",1.3929748968951e-13,4.08797011847046e-08,6.61354437673693e-09,0.00157275235643791,0.998314780766722,3.97609141788978e-12,2.65044977851849e-27,1.35255911357704e-07,0.000112284123567322,5
"20144",0.0650913002512181,2.29423246604792e-09,6.37241838471371e-08,0.897040488944766,6.71031208678605e-19,4.16840574105095e-05,4.69837529472854e-20,0.0378264607281886,2.1512521381909e-16,4
"20146",3.84998761468672e-11,6.89695886327478e-05,7.86478321017672e-12,0.967188550233806,2.47011871322378e-07,4.0391884953295e-12,1.37643625296195e-15,0.0327422331152844,1.84421015988958e-19,4
"20148",2.61025015001549e-08,0.000428533064372599,1.26397498496833e-07,0.0101718401162857,2.63858435822023e-22,0.0465659606318284,2.49145998293726e-06,0.94283102221537,1.21599243106079e-11,8
"20150",7.70252868141448e-12,4.6705784581302e-09,0.00202765708808323,1.79040971756139e-05,0.000405406409685829,0.00612387095779242,3.03227063436663e-31,2.31696276755357e-06,0.991422839806214,9
"20152",4.15216386589127e-05,0.0185680973588531,3.95112754853596e-06,3.14922363816308e-06,8.40179548744302e-15,0.00331411550661207,6.03030333095119e-05,0.978008862107997,3.37433289935108e-12,8
"20154",0.99782025749576,0.000147764263269963,1.84776183948758e-57,0.00199653848760838,1.53259257047892e-49,1.00801007659841e-125,3.54397533580019e-05,3.66517244486994e-15,6.32695182122996e-118,1
"20156",2.54135337603359e-09,0.0106744964723807,3.2771073839393e-09,0.507721168207596,2.02946618429984e-10,8.09660141869271e-41,1.54162839192397e-06,0.481602787670224,3.84423750141002e-47,4
"20159",8.65529626524524e-11,1.04596645178135e-07,1.89229105332774e-10,0.00177499761051044,0.997902250924775,1.50952195711487e-11,8.71615866481206e-23,0.000322645884907718,6.92284637520933e-10,5
"20161",2.2906084419077e-07,0.212283485384535,2.11392323084733e-07,0.762573325788902,0.0251424636169034,3.55778285633705e-29,3.89865279596508e-20,2.84756492296801e-07,2.13289655852548e-32,4
"20163",0.0307754630761987,0.00231654823869653,4.35153963798591e-10,0.0001369427585183,3.33701199816807e-54,7.38076138490683e-11,1.26028928721821e-05,0.966758442524753,3.77808067884802e-38,8
"20165",1.0656202145699e-13,0.282534739074374,1.0966682717752e-20,0.700914188269178,0.0165510558392952,8.25073670890278e-55,8.14055309395929e-09,8.67649279904065e-09,1.59999542589223e-44,4
"20167",2.22486270837117e-11,0.000159197258392722,9.93833601521738e-08,0.000169035831399606,9.90100528826047e-08,0.0291117177492397,3.27229830375215e-07,0.0894147952109385,0.881144728304537,9
"20169",5.98487688022039e-15,1.40334470001104e-08,8.23772254292428e-11,0.00112112065497205,0.998878865226146,2.59517235116538e-30,3.82323894204393e-32,3.83606677460304e-13,2.66815515550437e-12,5
"20171",0.0988005385061446,1.80834488714016e-06,6.28832710001133e-64,0.901197635763945,1.11049146415912e-54,3.2796574058078e-164,1.73850239047465e-08,1.83137993045988e-21,1.59561924589638e-150,4
"20173",2.50108248486145e-07,0.999998852244633,1.36009523711888e-07,7.61637594602766e-07,9.95811561246574e-18,1.82524768490489e-87,7.20583543617811e-21,9.62887872330984e-21,2.54463735883099e-92,2
"20175",6.09264497730415e-10,4.15985318920162e-06,0.00356979832451395,0.0147833448234784,2.49191768779259e-08,0.000852945566014664,4.77802896251405e-10,0.977016598665884,0.00377312676067599,8
"20177",4.18170681976877e-07,0.999922648403954,7.41394693508419e-05,2.76274865316533e-07,4.1638652599276e-24,3.85850925013584e-65,4.30980641699114e-07,2.08670050577347e-06,3.67046963396625e-95,2
"20180",0.007271896323022,0.0420291022366365,5.82555473463494e-19,5.47902660876909e-07,4.1710200084511e-93,2.00491062868828e-86,0.950012475355939,0.000685978181741816,1.17509418788146e-131,7
"20182",0.0242121965873537,5.30501225624548e-18,1.08907526028998e-07,0.975787694504583,5.3720796376261e-13,2.69429527733974e-61,1.09048788676293e-69,1.00379387354277e-32,1.02827915328179e-44,4
"20184",1.02366000453097e-11,0.000564906005961875,1.29231142919386e-06,0.00138759160798115,0.996326275113676,3.23924978872288e-10,5.4107697629999e-15,0.00171993462662775,1.57346785610494e-13,5
"20187",4.11014312761786e-11,0.115151338136873,0.676951037917786,0.207897590509237,2.18402453214097e-16,4.22329070229319e-42,5.29953287588754e-19,3.33950029065324e-08,8.86658996863716e-69,3
"20189",4.46232872865295e-06,0.481828444705302,0.000263986593965385,1.96019826410892e-09,1.23441998862096e-35,1.85004486345957e-28,0.261262901818794,0.256640202593012,1.68469130774725e-38,2
"20192",0.998486147615265,0.00151384856739316,2.76087514831157e-24,3.74318578060085e-09,9.96791550710871e-90,6.60800031503278e-74,7.41504593157153e-11,5.71231952056704e-15,1.36703997751087e-124,1
"20194",4.64547255108225e-15,6.83437668029209e-05,0.224935637999704,0.774995920896563,8.13964318692728e-08,9.47694076107919e-22,3.75270259194669e-33,1.59404930406e-08,1.02924688797006e-32,4
"20196",0.349271462245469,0.00413480132383097,2.45548369838882e-36,7.31744255869555e-05,1.54215870823626e-66,3.03051704588175e-118,0.646520534883627,2.71214857447004e-08,7.03592836822031e-124,7
"20198",0.00043869438861087,0.0341171061044375,3.94736589500952e-09,0.00842716787644331,4.69809075424194e-18,3.75764423526163e-13,4.77437541837971e-05,0.956969283928583,1.23695696275125e-28,8
"20204",6.44702741699982e-08,2.27333168610602e-07,5.05478091362267e-08,2.13445248364571e-05,0.000336815972267703,0.00131322281441307,5.87834172714164e-21,0.000168043918661407,0.998160230418569,9
"20207",0.00306979203979312,0.260531815865479,1.5821278586906e-35,0.00894296741785329,6.04398893458934e-27,9.23942404072979e-102,0.72742949885402,2.59258228550312e-05,1.22002852997201e-86,7
"20209",0.999936372419782,3.50323692448549e-14,4.4356536493643e-06,5.9246935529201e-06,1.59465876175965e-74,2.83518329503693e-30,3.20835608448944e-23,5.32672329810526e-05,1.77891662000253e-76,1
"20211",0.746067775317452,1.14244495672989e-11,2.16460588443425e-48,0.253925834506996,4.14900517978424e-67,1.36417926195176e-74,6.38668079242867e-06,3.4833357881374e-09,5.7085442975184e-84,1
"20215",1.85814226956757e-12,0.0974700740441014,1.46010114708805e-15,0.323565943324394,5.03047141374212e-37,5.3352078532534e-48,0.328104884638326,0.250859097991319,7.65486112160386e-52,7
"20218",2.44471327740212e-12,1.26930776231931e-07,2.30359759300986e-08,0.00123493936954452,0.745144317975899,2.81310991344607e-08,2.04034388675713e-24,5.47884437195597e-06,0.253615085709889,5
"20222",3.16820922733048e-06,0.0234377591947761,3.90155683546705e-38,0.835533395866663,2.42162765037133e-34,7.87165900036912e-62,0.140606415889746,0.000419260839587486,1.43189828922892e-47,4
"20225",7.47319582088225e-09,7.65514001675159e-09,4.37105078816636e-09,0.996983542929303,2.20250141718969e-20,6.35979809267339e-07,2.16468672648961e-23,0.00301580159150073,1.92869372048142e-21,4
"20229",3.88592891079878e-06,2.12431317283348e-05,1.63794124478176e-08,0.947088624329341,1.64047622347028e-42,1.6722436294167e-36,1.10059201681761e-13,0.052886230230497,1.68998145170566e-57,4
"20232",4.26315009696029e-08,6.21824873644654e-05,2.6750519318812e-12,0.167577079099863,1.49091244797729e-32,6.24128766604444e-34,0.000693991702332415,0.831666704076264,1.70225947840132e-49,8
"20234",0.994375763877729,0.000860505622208811,1.3657862450685e-44,1.1922890042605e-05,1.25368185959492e-120,2.15170556269856e-209,0.00475180761001949,4.02741399769545e-21,4.8087033864166e-221,1
"20238",5.68127372734579e-09,0.222342592817965,3.45439089030933e-18,0.556483398447715,5.18486675665273e-33,2.58223007096247e-69,0.0545243239929329,0.166649679060114,5.38862531115927e-76,4
"20253",2.27595184362703e-10,0.0807921284458755,6.29907929860408e-19,0.0125928685361107,2.45405943492585e-44,2.47479026059474e-104,0.905870649263406,0.000744353527012415,2.25688997569407e-97,7
"20255",8.86406364196381e-06,1.57600004526693e-09,1.90742386669114e-09,0.00110765476023068,1.32106273865788e-18,0.912307684488267,9.88747070469705e-11,0.086575410840083,3.82265478975962e-07,6
"20258",7.8879830281655e-07,0.0172726515286865,3.34550055156395e-22,1.75601981270711e-06,3.48318195769345e-53,1.11112185261708e-73,0.982525092245456,0.000199711407741604,1.48375989770585e-71,7
"20269",4.54910285981466e-08,0.801846292442207,1.09823511056653e-14,0.000448734003362815,4.90991156637014e-12,4.97133270465252e-44,0.193087717670037,0.00461721038844352,7.86199037286595e-26,2
"20271",1.30809978963843e-06,0.973997759430775,8.74479281554198e-11,1.59304713760343e-06,1.35613609597873e-67,6.55737099011028e-97,0.0259984014949482,9.37839901670845e-07,1.57854735440897e-98,2
"20285",7.32471889389223e-05,0.967708401969149,0.0322098962990553,2.39364466078028e-08,5.46416700408523e-19,2.9971992818757e-40,2.75581243410974e-20,8.43060641007869e-06,2.53079316691342e-60,2
"20288",5.8866691853264e-15,0.00181895691038995,1.01270571592281e-13,0.109300436608003,5.72175734217041e-32,2.91371092349309e-53,0.00638349810012303,0.882497108381377,1.02905512086568e-45,8
"20291",0.933719726861054,0.00388314713904168,4.02794187376932e-24,0.00358435481168236,7.91544657631637e-45,7.03412994781255e-113,0.0587714692779681,4.13019102542542e-05,7.02354261977061e-118,1
"20295",3.16467703573937e-05,0.999968216573476,3.72800921459596e-10,6.97439669244889e-08,5.1290438974597e-30,6.56671325806074e-41,3.54899635628847e-08,3.10494350906094e-08,1.60590139616237e-51,2
"20298",6.22868897594451e-09,4.09922575310592e-08,5.60651511686981e-05,1.90655617893568e-05,7.34233327596869e-14,0.996962145342628,8.04187734016554e-18,0.00296267595709964,7.66294618464353e-10,6
"20302",4.0864047339032e-05,0.400916975666263,0.000559900662344028,5.99646780133986e-07,0.589320144420622,4.70083558740574e-08,3.51093005936771e-15,0.00916146854829198,5.11468570865058e-17,5
"20305",4.13017852466972e-08,2.04125779096635e-08,0.00208219582009806,9.99331581218757e-06,3.08932970303386e-25,0.995550302884358,1.51549870208516e-20,0.00235744626536909,1.60703691441661e-20,6
"20307",6.61760686161883e-05,0.0348800949723619,1.32766632937818e-23,8.55715149594022e-06,8.08870954172458e-40,1.28255038897202e-94,0.958527870187075,0.00651730162045145,6.66691991833216e-94,7
"20310",4.72527496693966e-07,0.357923137783589,2.71162319048272e-38,0.490367924897927,2.15407691574428e-81,3.98494841151127e-177,0.15170846479095,3.73810406398292e-14,2.22898031970632e-182,4
"20313",2.91600321127867e-14,2.50487628752265e-08,7.43844171155213e-07,0.00212398772236749,0.997875243372733,2.01436805606463e-17,1.94850504019981e-38,1.19365225774523e-11,3.46355111000573e-28,5
"20315",4.35857796676242e-09,0.0974373156553172,1.26697629828835e-13,0.00644157706581756,1.79623282112551e-43,9.8423330319124e-88,0.853655495376026,0.0424656075441347,7.81413196172628e-77,7
"20319",0.976774817805139,0.020851946263967,1.16091392849808e-40,2.1169579102325e-06,4.11820689653842e-78,5.1072429902386e-101,0.00237111348119648,5.49178694852339e-09,1.97718345633167e-123,1
"20321",2.6160372629214e-14,0.133674053376929,4.32552250906318e-24,0.146009568774309,1.10745950892104e-39,1.32180828968523e-89,0.720304215569126,1.2162279610368e-05,5.675397754761e-83,7
"20327",3.23593402282449e-08,0.0728633158949157,3.76642506038892e-15,5.13755993512781e-06,3.41713819567849e-45,1.66181605846179e-87,0.927028747888421,0.000102766297384351,1.4908441929365e-94,7
"20329",8.46695123004986e-10,0.000105497697997984,0.999840821849232,5.36796059408888e-05,8.05018838740983e-16,2.79833184473748e-24,1.74955698391695e-39,1.33026127451067e-13,1.60113798404275e-50,3
"20335",0.00224989986303463,0.00654328226496504,9.25657999012541e-46,0.0195413514381791,4.61407413255611e-46,2.91053880344315e-114,0.97166541617757,5.02562510999705e-08,5.2289785459008e-119,7
"20337",9.54800339860765e-10,8.80758722785028e-08,1.03196299446569e-09,0.0003156046509753,0.99260672363053,4.13963096673633e-07,9.59326652900519e-20,0.00171396562911524,0.00536320206364716,5
"20339",0.99925079650611,1.68961936997062e-07,1.97248586042678e-20,0.000749029872703761,1.38437035972224e-81,3.39013766391542e-56,5.351402425878e-19,4.65924960742635e-09,3.38792602137654e-112,1
"20341",0.448590634414994,8.28538526764293e-05,5.58390544592541e-39,0.551326448697458,2.9427800562368e-28,6.68416350970538e-123,6.30332853391694e-08,1.58613605221763e-12,2.46092288566704e-121,4
"20343",0.000253550276141663,0.992600548677069,1.88833016438673e-37,2.14598871410541e-05,9.25991524399016e-30,6.45037700095214e-120,0.00712444114312588,1.65221375325513e-11,6.61128256320367e-145,2
"20345",0.00121309687767485,0.00187250440139777,0.266583765267924,2.63021347055736e-08,3.96604546598529e-38,3.52009908299282e-09,3.54173825468407e-09,0.730330600089032,4.08263278158709e-33,8
"20350",8.45730166878114e-10,5.80266586745495e-06,7.87237328467421e-18,0.999994104239607,2.75795544475662e-28,5.61219658954299e-59,6.50282571171278e-16,9.22487946320084e-08,4.98078545599888e-83,4
"20352",3.81786497366438e-14,1.13125903873151e-06,8.2939327934831e-13,0.000858647883078814,0.999140220839427,8.45134608085622e-26,2.14467769620063e-26,1.75109041981017e-11,7.70648100963598e-14,5
"20355",0.000158184089749628,0.983832374815823,1.38170628552781e-09,0.00051545825773159,0.0154775921963523,3.20531116136336e-25,1.59535873688538e-15,1.63892586362819e-05,3.4720494947842e-45,2
