"","V1","V2","V3","V4","V5","V6","V7","V8","V9","result$classification"
"19811",0.000422281118076437,0.000385437495908954,0.950720987119341,5.49721322371782e-10,2.5410779892176e-09,3.49988152896475e-07,0.00200763130424864,0.0464478901291583,1.54197543142525e-05,3
"19813",1.23483168537985e-08,7.57102729032176e-07,6.09010763807821e-06,2.4790578627584e-12,1.40446428051892e-08,8.77036598236217e-09,5.08786226386982e-07,0.999992561418729,4.74188727407805e-08,8
"19815",5.29795206973581e-06,0.00673821958864625,0.963258173172381,3.37781190003942e-05,2.77264649289134e-09,0.000126263224747325,0.0286239994348248,9.70003534784132e-07,0.00121329573214925,3
"19817",0.000344951003912028,0.00349644288234081,0.992294928990886,2.62014984865015e-07,2.26552142995034e-10,2.23045905841669e-06,0.00378880885380085,4.0649818971368e-06,6.83105865679989e-05,3
"19819",6.07648919284157e-08,0.0625040265372342,2.13823425705394e-06,0.674812447339495,0.00517908529516708,0.257410965145861,9.3490832811889e-06,3.07357920181466e-11,8.19275690767305e-05,4
"19821",0.0141864644034309,0.00475146554409057,0.966209837817757,6.97559105356973e-09,1.10665914731781e-07,3.54935567058411e-05,0.000462447891072007,0.0143535787540388,5.94391399099684e-07,3
"19823",5.41355050637515e-05,0.00180605495019382,0.437293530623475,0.00114693749603926,8.54422321614122e-09,6.15786686230066e-06,0.000362649270465217,7.7309040877799e-07,0.559329752653269,9
"19825",0.507645685596464,0.00635701892452601,0.000379294808391774,5.61797958506234e-05,0.473373971315202,0.00862844553854562,0.00219186335797157,0.00136377060163315,3.77006141553073e-06,1
"19827",0.383824462177163,0.00416511225779347,0.611792431292945,4.14442945103661e-06,7.76439469393486e-08,4.20986406323406e-06,4.54673766389089e-05,2.20679152561823e-07,0.000163874278845971,3
"19829",0.00326314616596701,0.922339404765416,0.000208152714531602,9.72794261475914e-05,0.00305003080704382,0.0709339070152427,0.000107234848331242,7.75588309713443e-07,6.86690104768779e-08,2
"19831",8.82623692780643e-08,0.803944499435858,1.63465694444156e-05,0.089704738902859,0.0179590758271721,0.084722753677992,3.66355211675291e-05,1.58435105924041e-07,0.00361570336803144,2
"19833",1.07412142529506e-05,5.79667223136902e-07,1.42445636705766e-07,0.10512861880942,0.00143615963304445,1.16198816978389e-06,0.00149316151712504,5.83090645853479e-07,0.891928851634482,9
"19835",0.0141864644034309,0.00475146554409057,0.966209837817757,6.97559105356973e-09,1.10665914731781e-07,3.54935567058411e-05,0.000462447891072007,0.0143535787540388,5.94391399099684e-07,3
"19837",0.0216022865083057,0.0248243603209027,0.953480326454979,3.73843483790101e-07,9.90739691909106e-09,1.21049074769398e-05,6.62250713059701e-05,1.8647684792583e-06,1.24482176701206e-05,3
"19839",0.00946182135098554,0.387380067034409,0.000433170723849162,3.7446570789603e-06,0.571507050160983,0.0301650957017371,0.0006545261554222,0.00039420095561623,3.23259918486382e-07,5
"19841",0.99973305983106,1.80384119526075e-06,4.06594729534358e-06,1.27150574399256e-09,0.000245120233924946,1.56618305470828e-07,2.3812621007593e-08,1.5767440647648e-05,1.00344506034898e-09,1
"19843",4.69168842117387e-09,0.0208168887471587,1.80662080936225e-06,1.7267167181771e-05,0.397704187523659,0.56942288910573,0.00273057174443674,0.00930592385010418,4.60549232000191e-07,6
"19845",3.71197761464924e-06,6.85430557044871e-06,0.0380969731279583,9.08859953735723e-11,4.58458524990593e-10,3.34481867374587e-08,0.00011579557251234,0.961766209304248,1.04217145646701e-05,8
"19847",6.70659725972471e-06,0.0423360660254658,0.915696538884168,2.37141903743071e-06,2.00546373316455e-07,0.000450165992576295,0.0330348749713281,0.007870941333083,0.000602134230708628,3
"19849",3.01829888555463e-08,6.5374589819005e-08,1.85590792100254e-05,4.37828158065764e-13,1.2638843889543e-09,7.03912302326359e-10,1.00353071265521e-07,0.999981194158097,4.88838083833711e-08,8
"19851",1.31915881640005e-05,0.000467079424584111,0.998273450445293,1.43651748568582e-07,4.60204906370526e-11,8.3883909508129e-07,0.00101288944387165,1.13887329554118e-05,0.000221017828267916,3
"19853",0.000169091245695958,9.2902778762268e-06,0.920664605853003,6.49467195277143e-08,3.59948186171352e-11,4.02191509273197e-09,0.000114991392853589,0.0126312589998077,0.0664106932261339,3
"19855",0.00199628392802434,0.000231089872124362,0.996545516941143,1.13610591480982e-08,2.50892019836332e-11,2.02580168357648e-08,0.000171899046262663,0.000731100508713056,0.000324078059567421,3
"19857",0.0143231379667273,0.296003709347202,0.661814219197687,4.45690753621616e-08,7.62968818492104e-07,0.000188728678553919,0.0102362941850949,0.0174293876442585,3.71544258304691e-06,3
"19859",0.0102520643576222,0.0510052516025527,0.934784093111176,3.92272670585708e-06,3.8070225430163e-08,1.51116118871319e-05,0.00346648403815666,8.77747093703285e-06,0.000464257010737111,3
"19861",1.43342854474815e-05,0.000296146812667615,0.844007355359153,2.07287650513558e-09,1.13336727496794e-09,4.56501214111839e-07,0.000673753624055631,0.154891169065638,0.000116781145580939,3
"19863",0.00533070286855882,4.07801712814459e-08,1.12754982039637e-05,1.49334260891733e-12,2.11678406048846e-06,4.55788220624269e-10,3.26624137631972e-07,0.994655515633597,2.13539887598106e-08,8
"19865",0.998761987512291,4.77270878994382e-06,0.00123016495593867,5.93325555397233e-10,2.78713090131284e-08,1.83107004478706e-08,2.60186864836432e-06,4.16607152378947e-07,9.57184470493715e-09,1
"19867",8.89344139301392e-07,0.00215506108067972,0.977515618095165,3.38645121092846e-07,6.42395353844054e-09,7.04529699876258e-05,0.0133873017530275,0.00663326362180974,0.000237068066116333,3
"19869",1.36573016670133e-05,6.11760617832502e-07,0.00355893436362259,1.02004619186448e-12,1.76635015419018e-10,7.35742376712211e-10,7.6883348749859e-07,0.996425713782485,3.13044722952144e-07,8
"19871",0.0367516456084946,0.160778425413042,0.80141158439543,7.21208558424546e-06,3.6444967519551e-08,4.34398685344483e-05,0.000881850626916491,1.18788518993345e-06,0.000124617671840945,3
"19874",0.805671656432518,8.80830559462895e-05,0.193766920257541,1.02955450437177e-07,1.47573420508512e-08,1.0345798172407e-07,0.000442447839310495,2.17484729041698e-06,2.84963966193796e-05,1
"19876",0.186419420241414,4.94945375615041e-05,0.813291471381381,6.04448940539546e-10,2.27783601248192e-10,9.84192584309632e-09,1.67914349480192e-05,0.000217317159944285,5.49457059203711e-06,3
"19878",6.9950336307981e-07,5.03277753211867e-05,0.000142451351241934,1.34539446913511e-05,3.06162562859023e-05,0.00213501706837067,0.997625522766951,1.21271766647959e-06,6.9861610797626e-07,7
"19880",0.999090165286542,3.97875031520532e-07,0.000904044599819885,2.79416282712082e-11,1.89009390325777e-09,2.00853254802297e-10,5.62407983825067e-08,5.30437966230736e-06,2.94992574479643e-08,1
"19882",0.000578372647081997,5.38746762944415e-05,0.698659494213911,5.77191896828619e-09,5.26022967183443e-09,5.20996527595656e-07,0.011231895292535,0.289341166731455,0.000134664410046741,3
"19885",0.000314841150160189,0.114869871228581,0.876448158032941,5.84895579421986e-07,1.22788639520419e-08,0.000265192435917527,0.00809054955481807,6.05540636823112e-06,4.73501677038279e-06,3
"19907",6.22603770752311e-06,0.00048241412873713,0.905625922431315,4.57025286393797e-08,2.85343558069037e-09,1.88919341297606e-05,0.0144499960580474,0.0793631534633149,5.33473907839035e-05,3
"19909",4.03363583050199e-07,0.965117089530934,0.000523330946426214,3.30608890257004e-06,4.73180184751454e-05,0.0342790704024947,6.65816693423095e-06,2.26187700225466e-05,2.0471222748538e-07,2
"19911",0.00278805132082292,0.984842540849897,0.0010967691309862,5.92008163379243e-05,0.00214923933996804,0.00898983213084046,6.52753557190496e-05,1.65564099259821e-06,7.43541443516315e-06,2
"19913",0.9999939218095,1.81849324193622e-07,5.05449288508079e-06,6.88356769194236e-10,7.30667909537048e-07,1.09463357270437e-09,1.20716303928849e-08,8.7962574958421e-08,9.36318545703126e-09,1
"19915",0.346011477589303,0.000176321993701164,0.653651682066044,7.70144354436013e-08,1.13888235877942e-09,1.18353711711585e-07,0.000134182788608623,1.0872970223255e-06,2.50517582908758e-05,3
"19917",0.993206983037592,0.000179268858786522,0.00658511531022318,1.94480725349745e-08,7.38471955416224e-07,2.12619821284969e-07,2.58800428648918e-05,8.53658426445704e-07,9.28552256997333e-07,1
"19919",0.134661019679426,0.00454715301069894,0.855647646146969,1.37694883731344e-06,1.70113700915703e-08,3.9654900785044e-06,0.00507046502668137,7.38001093978214e-07,6.7618684844266e-05,3
"19921",3.38663727650293e-06,0.00189433644228482,0.991405875781278,9.84022265857914e-08,3.30901869462675e-10,8.23721244303083e-06,0.00641241973787892,0.000185838812239757,8.98066434699431e-05,3
"19923",2.71422311520684e-08,0.000232466687555159,0.00526984505469303,6.04786223971156e-05,3.18665689277533e-07,0.000492571618348811,0.993564259540055,5.03307989979758e-06,0.000374999589130282,7
"19925",0.952825671019766,5.65993025154365e-05,0.0470300851649046,2.78519125676764e-08,1.21831945077091e-08,8.10110220961559e-08,8.49048176672725e-05,3.23752411564145e-07,2.29489660638321e-06,1
"19927",7.34991995093972e-05,0.00129756635515239,0.998253773014709,6.591635828645e-08,5.27716401822081e-11,5.36329829611624e-07,0.00025066039853642,1.51899213347661e-05,0.000108708811798494,3
"19929",0.570523777176923,3.00651069977284e-07,9.19064409302715e-05,3.35975115862651e-12,4.78723214847162e-06,8.1042652645577e-10,8.56545422004927e-08,0.429379107491509,3.45390912366225e-08,1
"19931",0.000397993292218118,0.00692219921493512,0.991599791131356,2.39800206723236e-06,4.32878540613814e-09,1.61736741602304e-05,0.000917935935507082,4.05516899728541e-07,0.000143098904070892,3
"19933",0.000172077013976636,0.903647783633977,0.0602054297410975,0.000238479679052541,1.02587305322193e-05,0.0356087556722614,0.000108190996074137,8.33120465846418e-08,8.94122098191778e-06,2
"19935",0.000774662608938189,0.174378630736987,0.792360532214072,6.40709112129681e-07,9.637188882827e-06,0.011633791902622,0.0202143087455414,0.000626069802226485,1.72609161824816e-06,3
"19937",5.77079319306663e-06,0.00218438890840904,0.99332657782271,5.40341111628431e-06,1.94541758371137e-10,1.03804117690707e-05,0.00338825966407368,1.37580387964161e-06,0.00107784299030812,3
"19939",0.000771034893571863,0.00128804034353127,0.705211269157906,4.03741401326236e-06,2.7616335827118e-09,3.85306876362346e-05,0.292644597687658,2.96099921208934e-06,3.95260548379717e-05,3
"19941",0.0175453730376159,0.824582855626598,0.000926467983456656,7.6886692720161e-06,0.133322308299976,0.023545659066445,5.50344864602813e-06,6.33510057173511e-05,7.9286227286023e-07,2
"19943",0.999659210046961,1.90538937748347e-06,0.000338168212765648,6.1788292009059e-09,1.33096531201896e-08,3.11412939137426e-09,5.22503753000103e-07,2.61131806647701e-08,1.4513135101374e-07,1
"19945",6.82224692717232e-06,0.903417311141283,0.0133263113076545,0.000681688524950231,7.09819240340683e-05,0.079116633481838,0.00334748873652208,3.64641181348402e-08,3.2726172672643e-05,2
"19947",0.515730991869263,0.465821758226436,0.00267904353981947,1.25128472635072e-05,0.00331111348741337,0.00148704985638856,0.000159104774134431,0.0107887819364376,9.64346284432813e-06,1
"19949",2.66186042379625e-07,0.00294337940291796,0.0186630519490527,0.000893086258598046,1.28876160884607e-06,0.0147255206192303,0.962667290084267,1.61908504997906e-07,0.000105954829778072,7
"19951",0.742589872224489,0.0013444476516592,0.201961390325171,1.44069441463407e-06,3.73869413035283e-06,4.03474238491223e-05,0.0540465117905972,4.33240046152184e-06,7.91879522757081e-06,1
"19953",8.67042295908689e-09,0.0329611814619341,0.000166133088230682,0.846042705411547,0.000128362950106079,0.0739653077023599,0.00115983230474264,1.03393076127412e-08,0.0455764580713496,4
"19955",6.34768324430922e-07,0.509566561967284,0.000247381526729255,0.0204180895225296,0.009667517769308,0.143290653862722,0.315136882636233,4.13535890306633e-06,0.00166814258796634,2
"19957",0.9160925567932,0.0360861213810777,0.0425062778364551,4.56338801517523e-05,3.66599518537165e-06,3.53442171832272e-06,0.000161468442685396,8.30966488822184e-06,0.0050924315846376,1
"19960",0.0001257003306868,0.705464401458569,0.000231349775999426,8.75179283956389e-05,0.00195629637827548,0.288805817029626,0.00330966830591835,1.91124349821878e-05,1.36357547266075e-07,2
"19963",0.854585659900952,7.74119839514874e-05,9.69765073395213e-05,0.00248646697225114,0.0432972324061971,2.43039250040928e-06,1.74576609300872e-06,1.04340667135205e-05,0.0994416420040014,1
"19965",3.15046052210028e-09,0.0473491939249952,1.14121296502307e-05,0.000223995763078845,0.00806357218811648,0.833802485851077,0.110529857825506,1.8515084685779e-05,9.64082429686417e-07,6
"19968",0.748275321832837,0.00179927893440875,0.00923326052104142,2.40327392404224e-10,0.000176066143318263,4.16648292616599e-05,3.11316504349084e-05,0.240443273760192,2.0881784085543e-09,1
"19971",0.987221127280052,5.08382683216675e-05,1.99270854807133e-06,0.000931203964960058,0.011755222649455,1.71878651185605e-05,8.9606013641106e-06,5.78483406197625e-08,1.34088138399404e-05,1
"19973",0.00208452704710354,0.00168998301749743,0.995692971421809,7.79159623993775e-09,5.74896137535518e-10,1.48551266346517e-06,0.000506630556089243,2.19369569329388e-05,2.45712141213413e-06,3
"19975",0.981534073346472,0.000159649470932673,0.018261631622829,7.25428692027697e-10,1.07900369936057e-07,2.31783011908706e-07,3.13017522382616e-05,1.29746037998703e-05,2.8794917772467e-08,1
"19977",0.998596801450728,1.17022645721551e-05,0.00019189910342825,1.72992847224418e-06,0.00055734886458701,7.97471448500512e-07,0.000589524682076539,3.02113312361633e-05,1.99849034516647e-05,1
"19979",2.41738406453745e-07,0.0716052474115541,1.11481120262633e-07,0.00419654888212521,0.0502268444640517,0.873967195602546,3.80189808686481e-06,5.74399993423717e-11,8.46466956466309e-09,6
"19981",0.000132024911000865,0.616131610080433,0.382471827604283,3.77165348942613e-07,9.90507381642783e-08,0.000170383740055779,0.000602599264165547,0.000452119455112985,3.89587288620027e-05,2
"19983",1.17109766476836e-05,0.28034678977975,0.339309308735724,6.36080679996165e-06,8.10222707802002e-08,0.00162885338614565,0.378160458152123,0.000437414646795642,9.90224937434996e-05,7
"19985",0.809084986724614,4.45380286096157e-05,0.190750652099812,1.86175318606057e-09,1.39544578371443e-09,1.34228161770668e-08,9.63623957440273e-05,2.03470882081389e-05,3.09698299692551e-06,1
"19987",0.0222240408942631,0.440992357163834,0.535369508429993,1.10507501693968e-05,1.84269615698257e-06,0.00120393755772505,0.000182572799051192,1.80666645986017e-06,1.28830423474102e-05,3
"19989",2.52435802025322e-10,0.0196319906705599,1.02819387876371e-06,0.0126761396978242,0.000844386485391933,0.966809576828901,3.64821191461507e-05,6.94747435659291e-11,3.95682387549992e-07,6
"19993",0.0117602322781085,0.0513580143936519,0.163955394309129,0.000489276439050979,3.22146299668555e-05,0.0639634722107966,0.708438238659925,2.59260959546046e-07,2.89781841087299e-06,7
"19995",0.00390598779540992,0.619804244986217,0.111598107709131,0.000159600516310844,0.000773084817106033,0.219449087868539,0.0443007518007923,3.3815071581781e-06,5.75299933600465e-06,2
"19997",0.00376217345449302,0.000429979417371282,0.995416611454381,1.83145438600761e-08,1.08092020014281e-09,2.57494082150179e-07,0.000333834872355093,1.8337256884994e-05,3.87866549676636e-05,3
"19999",0.0229477355758452,0.000156349463092426,0.976162909980617,4.03031463156856e-10,1.11987717097555e-10,1.71913596567493e-08,4.00786712301092e-05,0.000686848632958623,6.05996987795761e-06,3
"20002",0.461663151315196,3.64871812371322e-05,0.000246248557040792,2.87741960012968e-08,0.060073623706345,5.23179947980307e-06,3.54454926675062e-07,0.477972801755095,2.07245648282879e-06,8
"20004",0.000751789639367058,0.962057609471963,0.0143462252115729,3.54108905513453e-06,0.000409172790012687,0.0223648709638589,6.89746068794953e-06,5.91415705494629e-05,7.51802933194208e-07,2
"20006",0.000293734282441915,0.544124062846742,0.00103892350772914,0.000527114503434264,0.00616715634312077,0.0742291859610757,0.372571999456146,0.000969501600970796,7.83214983399999e-05,2
"20008",2.38526149638274e-05,0.00263788467291816,0.000861344752949016,0.000810053907346782,0.0403908681026132,0.0837682003222401,0.871434038145709,1.38482185597498e-05,5.99092626998865e-05,7
"20010",8.76138419336557e-07,0.220798676870071,0.00318551135989005,0.0457063297265136,7.72598360194848e-05,0.327016701034397,0.403049909760801,2.54725452357071e-09,0.000164732726634543,7
"20012",0.814012189461804,6.67751289316438e-05,0.175281523054904,3.13775567002141e-09,8.84815304878118e-08,9.88844888047687e-07,0.00217858087963268,0.00845944900455876,4.02005995290499e-07,1
"20015",2.33242801904032e-09,0.00719221673406687,4.32420348510587e-07,4.9482205153975e-06,0.00365146761889295,0.988473392180048,0.000677459345404934,8.10288449816439e-08,1.1945024587103e-10,6
"20017",0.0105043212977539,0.000975894091656661,0.986175172064289,9.53735770485659e-10,2.79100307230088e-10,9.1484620271594e-08,6.54547381351022e-05,0.00227074659115651,8.3184995520908e-06,3
"20019",3.01388551793348e-10,0.00218439421966079,3.13557960413345e-09,0.0146995974575976,0.0244446661258271,0.958584510735101,8.68182387816101e-05,4.89036732052642e-12,9.78117356760885e-09,6
"20022",2.07604520145923e-07,0.795934747932315,0.000343239353205245,0.00165952322036122,4.4191695953082e-05,0.198654348559006,0.0033609507116319,2.35431282096311e-09,2.78856869369077e-06,2
"20024",3.41879914790785e-09,0.00613165584826086,2.14119443561499e-07,0.806497776413237,0.0191097663303095,0.167889851323021,8.49893295781045e-05,6.69400432619862e-09,0.000285736523346618,4
"20026",3.41879914790785e-09,0.00613165584826086,2.14119443561499e-07,0.806497776413237,0.0191097663303095,0.167889851323021,8.49893295781045e-05,6.69400432619862e-09,0.000285736523346618,4
"20028",0.0616668868829735,9.94252116570373e-05,0.938135073083068,2.98889214404651e-09,6.15996524362742e-10,2.47366199035832e-08,1.2602565179449e-05,6.25708257748097e-05,2.34130898391143e-05,3
"20030",4.75885581190826e-05,0.358181790402254,1.78173692303204e-05,1.7135459192629e-05,0.184620909447077,0.457107683128929,4.89116100173108e-06,2.17963617246004e-06,4.83802360002965e-09,6
"20033",0.184624870304799,0.0228423583964369,0.792327188053673,2.39009881592555e-07,5.4686615197437e-08,1.45873046085678e-05,0.000166089546052505,1.87308459223563e-05,5.88185201098075e-06,3
"20035",2.6677665392035e-10,0.00191565786153719,9.53568140628329e-09,0.019233311308735,0.00263891208890821,0.976104746750888,0.00010735051343218,1.18432341381417e-11,1.16621976675931e-08,6
"20037",5.36503730356228e-12,0.00212153273150508,1.233456083861e-08,0.000644577271804434,0.00376089141106189,0.993185766585283,0.000287212365827524,6.17720980098983e-10,6.67687113133602e-09,6
"20039",2.7334552017919e-12,5.20039643275041e-07,2.80333841602682e-09,0.997685542138335,1.68632761230954e-06,9.63188178550793e-05,1.07305964839122e-05,3.40490442230249e-12,0.00220519927059339,4
"20041",1.44921394565359e-05,0.0174916020216963,0.00274855567881717,0.000266066489338194,8.46703830001973e-07,0.00064816421357044,0.978551493397917,1.42208223370813e-06,0.000277357273140639,7
"20044",0.00131342591091077,0.14162405340258,0.019033230731905,0.00391865053837694,1.15536770493801e-05,0.00612122782468147,0.826651178505039,9.98408040679293e-06,0.00131669532905069,7
"20047",6.49433469429834e-09,0.00453976515034539,1.32772169619685e-09,0.0542861951163213,0.431359453515328,0.509811003255986,3.5306610221532e-06,3.49826769042216e-12,4.44754426504385e-08,6
"20050",5.1214867705608e-06,0.00223355709805951,0.000839408203340321,0.671012586050491,3.11578332240752e-05,0.0312434767371441,0.293207460030783,6.54694479686052e-11,0.00142723249471835,4
"20052",0.0285708012621888,0.149167403474551,0.795860354470444,0.000213774269202245,2.26254526825608e-06,0.000594794649574235,0.0249089714760421,1.5620990427026e-07,0.000681481642824625,3
"20054",1.02467763368039e-06,0.73240419888679,2.87890513652615e-05,1.69902495775304e-06,0.00143032761361017,0.266021738314639,0.000106326040154763,5.89498425933168e-06,1.40659033445961e-09,2
"20056",0.999016867923321,4.69899723822463e-05,0.000914643335689892,1.89636779770176e-07,1.75198365622249e-05,2.59066128912368e-06,9.36911467431007e-07,1.01976923808125e-07,1.59745584620872e-07,1
"20058",4.85363178753053e-11,0.021777989400766,6.54757412101027e-07,0.00252201331078339,0.000717538898127246,0.974893723039829,8.79327706287823e-05,1.10617268058719e-09,1.46667744594314e-07,6
"20060",9.32393902662303e-05,0.00206595045706311,0.996600272607804,5.84958185804862e-07,2.7159615443222e-09,3.88647694857096e-05,0.00117295153496035,6.86515623492047e-06,2.12684100384084e-05,3
"20062",5.55421793257932e-05,0.0132207749063262,0.687867844225971,2.34354314743695e-06,7.46331159023824e-08,0.00081826149653047,0.298007464373337,1.31061284843806e-05,1.45885137619172e-05,3
"20064",3.01234698503095e-05,0.937205380723862,0.00241623570568266,3.61139444369748e-05,5.62395801942056e-05,0.0601505749308046,0.000105137154689467,1.54618951886165e-08,1.79028584204668e-07,2
"20066",2.91772992700497e-06,0.0769648108318234,6.05665059476409e-07,0.000104578306665311,0.106334929590701,0.81659048571833,1.48024552910912e-06,1.90565191511666e-07,1.34677346210833e-09,6
"20068",2.2556546275254e-05,0.000665062421727179,0.985443209076571,1.6985828696606e-08,2.44119640713548e-10,1.67060000008836e-06,0.0128289944478514,0.00098760739583999,5.0882281787012e-05,3
"20070",1.27499100446524e-05,0.000687792003450678,0.964010930134145,3.96318289909717e-06,1.87889755032753e-09,3.17363074080681e-06,0.0228263367753078,3.04851143828402e-05,0.0124245673701315,3
"20072",2.83370159768789e-09,0.0873149798304895,3.47897350939957e-05,1.64231176418253e-05,0.00204029029307428,0.900017691654691,0.00816014130333682,0.00241553854390961,1.42688061578885e-07,6
"20074",0.999842536531381,4.29644376430359e-08,1.57418298754994e-05,1.54574016354273e-11,3.88207736075162e-07,1.50152290905761e-10,6.1288372335474e-08,0.000141217393498863,1.16190895771201e-08,1
"20076",0.578816343560366,0.0765165591496663,0.018188364194814,4.09874869903288e-09,0.00031050930785122,0.000129724779239684,0.000253889517343599,0.325784514764129,9.06278425576966e-08,1
"20078",1.80299115150486e-05,0.951240189632873,0.00297218853632743,0.000530171776641237,0.000480508943159857,0.0434980627406509,0.00121513949373801,8.22665953690861e-08,4.56266984991367e-05,2
"20080",1.64465768200936e-09,0.0104835191843516,5.74992633787548e-08,0.00811151575668937,0.00268301740209134,0.978661308391134,6.05702309288734e-05,2.43010145674398e-12,9.88845387762617e-09,6
"20082",2.45572571121467e-09,8.69502156543896e-05,1.73104085904422e-07,0.998292161216459,6.57163364460159e-06,0.000380363474684765,1.26930121788333e-06,3.00932318776181e-13,0.00123250859822638,4
"20084",0.00833412361274997,0.953033913733526,0.000843476178596399,0.00431408404426657,0.0147974702933743,0.0184606955171112,0.000121663513680642,1.71079778413407e-08,9.45559987171056e-05,2
"20087",1.29648319968167e-07,0.503682223087148,0.00469142083631299,0.000238760951713563,0.000817061838687654,0.410704333668668,0.0798157421792652,1.36811267604499e-05,3.66466631232368e-05,2
"20090",1.08886462977152e-08,0.00344569834250192,7.04987616031562e-07,0.116354125517052,0.000878170963839741,0.86459108378354,0.0147298161161511,4.96484128384542e-12,3.89395688143068e-07,6
"20092",2.22292854175793e-09,0.00468426303491573,0.00146457720985057,0.00492229772173993,5.42312525978404e-07,0.000229136161109009,0.0416361301157573,3.42358164611686e-05,0.947028815404712,9
"20096",0.0011365279370192,0.0178487362330388,0.0435635365001974,0.00567435472974727,4.17725240821032e-06,3.08174058114545e-05,0.019672118195697,4.75335636570671e-07,0.912069256410444,9
"20098",0.169540849512492,0.00342507021172471,0.826734601852518,4.78978594302614e-07,6.73515071736549e-09,3.66603542821638e-06,0.000280979006775395,1.83593284913227e-06,1.25117344673968e-05,3
"20101",9.68054149555444e-05,0.273140858320374,1.66786024051418e-05,0.014312396370533,0.0589704364080882,0.653084033269851,0.000378245734621815,3.85176560092561e-10,5.45493994445962e-07,6
"20104",1.26125382130705e-05,5.22772387292227e-05,0.00500167565003207,4.88912414990733e-06,1.08771873874172e-08,1.3680261220518e-08,4.0027745259062e-05,0.00560162946400962,0.989286863682159,9
"20106",2.40505511123176e-05,0.200778976882409,0.000112099997039651,0.000383340689051821,0.00091542023003955,0.793460160334937,0.00432593923053509,1.26654095757744e-09,1.08183337490047e-08,6
"20108",0.00727518142582037,0.00619901999574938,0.986412879027547,1.88499718447706e-08,1.86410951488414e-08,4.22096364127672e-06,1.83912221662673e-05,8.32711748537161e-05,6.99869915455444e-06,3
"20110",0.119554355694023,0.00704216565436888,0.194929634028618,0.0321025063826873,1.37119747252188e-05,0.000214242857349916,0.491910479240347,4.90191554801534e-08,0.154232855148725,7
"20112",6.95830905496844e-06,0.042525266760309,0.00243186166791416,0.0340940278057632,0.000284421147546599,0.653054930515584,0.267584941804081,3.37269084373025e-09,1.75886170560271e-05,6
"20114",0.00915134585821418,0.981324027934614,0.00321319703221217,0.000156610007779677,0.000483103932314879,0.00565724290159385,4.97929891072507e-06,8.88679834137852e-08,9.40416637705866e-06,2
"20116",0.00416063152436097,0.96892292858617,0.000346834407126248,1.89869307814054e-06,0.00445711699513168,0.0220872416382564,1.84595147733867e-05,4.87694818235485e-06,1.16929203954897e-08,2
"20118",0.0238714281683117,0.769728372405129,0.205571064775132,2.34868358000734e-05,2.12240794767067e-06,0.000557616357492545,0.000209684382071122,3.58902714843543e-07,3.58657654005203e-05,2
"20120",0.000450174226697766,0.337559491348991,0.0013440529135233,0.191641837376288,0.000486857055054507,0.464269795146894,0.00423171773683687,1.8332396692725e-10,1.60740123905345e-05,6
"20122",0.999435606516341,3.51759516369548e-05,0.000524804354275148,3.24596020315511e-10,1.0448997528105e-07,1.09613792452398e-08,2.0005244608718e-07,4.07429870573302e-06,2.30506440404556e-08,1
"20124",2.99036121382979e-10,0.163955723611692,6.2939990488887e-07,0.00610354613814428,0.0115877758860594,0.81750260679539,0.000845628398758112,2.30790903667344e-08,4.06639192486979e-06,6
"20126",4.08928662828954e-08,0.00243241430687443,9.36688600312074e-08,0.933892958938736,0.00184033910786292,0.000737017198182582,3.61891431128056e-05,1.50765239377887e-08,0.0610609316669811,4
"20128",2.26433486773877e-11,9.60015899592678e-05,8.52782618520961e-11,0.883579230709311,0.0808563939016822,0.0354391649115574,1.10657118852479e-05,1.19062972683941e-11,1.81430557765375e-05,4
"20141",0.0167845193261648,0.0018145357569091,0.191488430633369,8.14606413853805e-05,3.92115611815158e-09,8.52791979426226e-08,3.15548136049675e-05,1.19279993697886e-05,0.789787481628843,9
"20143",0.999990238395056,5.17052258473916e-08,7.79522800767939e-06,4.14888087528833e-11,9.98557226151969e-08,1.56486504509057e-10,5.58902654156621e-09,1.80442562380468e-06,4.60336248248016e-09,1
"20145",1.55505713429496e-06,0.467301349654104,0.00134865452468123,0.0142896585717654,3.59581534725985e-05,0.512277606464308,0.00474027006324947,1.77751190783659e-10,4.94733353362064e-06,6
"20147",8.0929590429599e-07,0.819861602844138,0.000113150499829868,0.000184619263580867,0.000136794792182606,0.179463185877055,0.000239723314996146,1.8152170578168e-09,1.12297096808089e-07,2
"20149",0.999491197776223,2.69025651067824e-06,0.000503656059089283,2.95589637371052e-10,1.74038745067318e-08,8.94136218791631e-10,2.99406916179804e-07,1.96886425223918e-06,1.69043408604083e-07,1
"20151",0.0451249103903109,0.00170092194787127,0.952774389246545,1.62587550969873e-07,9.42357493388362e-09,6.22027824804337e-06,0.000388073868846374,1.31738609220449e-06,3.99487096037143e-06,3
"20153",0.658927721824945,0.00229356139915382,0.33073164075815,0.00185714746405471,1.06130625070514e-06,4.77173381950624e-05,0.00277091302683581,9.07251230611326e-09,0.00337022780990312,1
"20155",8.99625456719941e-08,0.233926151480642,1.1724778896285e-05,0.000597648588365807,0.000502593632975827,0.729401774049906,0.0355599497544966,9.27592460971467e-09,5.84762471874505e-08,6
"20157",0.44310106061741,0.000594250822200895,0.556251908834341,4.78697886009848e-07,2.39143688795251e-08,2.2767962725263e-06,3.65973018203718e-05,1.11652290040762e-06,1.22864927999169e-05,3
"20160",0.999986680173545,1.33613501991692e-07,1.2854158149854e-05,1.63093317859379e-10,9.72082544916153e-08,3.88586429156064e-10,8.2600638845086e-09,2.18770455762674e-07,7.26434876884437e-09,1
"20162",0.997399230812957,1.02260463676256e-06,0.00259692154727995,9.30148776473902e-11,1.36787059155887e-09,4.71990784984513e-10,1.52683686355209e-07,2.59564839034147e-06,7.47701737606845e-08,1
"20164",0.963071267926747,0.000107304877232176,0.0360971333389685,6.36178723287159e-07,6.01638223047269e-07,1.39343326285024e-06,0.000705699419092957,8.06496010268881e-07,1.51566917397042e-05,1
"20166",0.000242552877218461,0.0362246970776164,5.80798100313128e-06,3.94852740621877e-06,0.701710861605051,0.261747175644288,2.33672285376894e-05,4.15871100233783e-05,1.94885573052071e-09,5
"20168",0.000271790827347112,0.000216424323490146,2.2177124810888e-06,1.07448096919021e-08,0.308825743472048,0.000104927389495868,5.31619841378173e-06,0.690573535317604,3.40143097807581e-08,8
"20170",0.291133800480948,0.00951933882279885,0.699017142550838,1.49858238948494e-06,1.05127886042019e-08,1.44182734997862e-06,0.000153330606325161,6.97253680035797e-07,0.000172739362882091,3
"20172",3.28048124454297e-09,0.581787865384576,0.000202691116715956,0.00168772141453954,8.4302978181125e-06,0.415331771650816,0.000979525163976521,3.36576552982433e-09,1.98832531115014e-06,2
"20174",0.149754088559381,0.00012527346834695,0.647482703551631,8.35697820569744e-11,2.03096492686282e-09,2.5243335196813e-08,2.23207389090567e-05,0.202613407097881,2.17922598123118e-06,3
"20176",1.09748484282593e-06,2.2866876735546e-05,1.35529235149132e-05,2.43995124382948e-10,9.37996602467545e-05,6.24036551992239e-06,7.0020908219729e-06,0.999855422846441,1.75078824771818e-08,8
"20178",0.999993553342025,1.00369489727879e-07,6.06689430852443e-06,4.48153590203513e-10,1.71141026106415e-07,5.01885034342462e-10,9.90788412314629e-09,8.88229376593917e-08,8.57228976109349e-09,1
"20181",0.0031736692708935,0.39331234369425,2.16693155490703e-05,3.54655306165719e-05,0.253618918429359,0.349829118286632,8.43368355482403e-06,3.78912625069093e-07,2.87652009076388e-09,2
"20183",3.33487457116396e-06,0.0615746919168868,0.928597461284629,7.02625496967749e-05,3.98911884005419e-09,0.000269788745762751,0.0061491361195714,2.08508461874015e-06,0.00333323543514499,3
"20186",5.90055980497193e-08,0.0771852045211925,0.713233395684098,0.000263191959331357,2.86185799180837e-07,0.00663291283138654,0.16439116236019,0.00401391367617498,0.0342798737762291,3
"20188",0.99987294685777,1.57836257472733e-07,0.000126637534963809,3.49159303194568e-10,2.44487785195075e-08,5.7421705286563e-10,5.46881874706597e-08,1.48213933008668e-07,2.94967332641566e-08,1
"20190",3.23172882141246e-08,0.0275887992513477,1.58093837913462e-06,6.15340627360037e-05,0.00120076472753766,0.971099839771146,4.74458807384946e-05,2.45636523363712e-09,5.9446192902839e-10,6
"20193",0.743350763593262,3.70294282486499e-05,5.16818645292165e-05,5.09288020648597e-08,0.246967692243705,6.59442545714807e-05,0.000119929972322635,0.00940686608258063,4.16319774895729e-08,1
"20195",0.830279375621839,0.00182980905336301,0.164459710791918,2.26192792752024e-06,2.2873939380169e-06,4.91693305213982e-05,0.00337264582708239,9.21146108124867e-07,3.81890730283913e-06,1
"20197",1.09014423307163e-08,0.341345802175426,0.000159425885570898,0.00083362392858549,7.30987727589996e-05,0.641566903282528,0.0160204117302462,1.2208368639501e-08,7.11115073710834e-07,6
"20199",0.946690615483111,4.25220497548077e-05,0.0532028583967622,6.46239053235944e-08,3.31421427307586e-09,1.50675530358629e-08,3.68262109325498e-05,3.42739985628507e-07,2.67521137807883e-05,1
"20205",6.16511534622593e-10,1.00397329560629e-05,1.40713715064635e-06,0.951275721754167,1.22591470261241e-07,4.285318485981e-05,0.000495149516923093,7.1847727172504e-12,0.0481747054587765,4
"20208",0.00829373213279762,0.0103213037448956,0.979023964882451,6.37634869563341e-07,3.75202553676296e-08,6.06108138131214e-05,0.00227752147977074,1.61754485987553e-05,6.01634254864466e-06,3
"20210",0.990051838294578,4.42703495321371e-06,0.00994161379970838,7.99892752537976e-10,1.41755503091826e-09,2.74712876176457e-09,8.60288809594104e-07,1.01480326154768e-06,2.40814112454158e-07,1
"20212",0.875956194516265,0.000304372152749497,0.123535035036672,2.11386418198296e-07,1.3143835384685e-07,1.92365354037499e-06,0.000198103253333313,1.7653801249432e-06,2.26318254318198e-06,1
"20216",1.16938441208185e-05,0.774541387882847,0.000214243706357642,9.07322554382372e-05,0.000202473345898543,0.224885202526818,5.41897698149215e-05,4.18954094666599e-08,3.47732948624133e-08,2
"20219",1.83223309464272e-05,0.144248039763072,0.000966960800097095,0.778129013869002,0.00104832122954762,0.0553183093485906,0.00953502451349661,2.97045894258573e-10,0.0107360078482025,4
"20223",2.1670639244969e-11,0.00110545744391358,6.56954795186958e-08,7.50409666236012e-05,0.144365569296655,0.852793904329178,0.00146753599100767,0.00019234051965384,8.57358179591798e-08,6
"20226",6.12934124263657e-05,0.00103343957324597,0.0176880594885697,8.95151628787253e-05,2.51143626542764e-07,0.000710304317593305,0.980404085795034,2.75606737956413e-08,1.30235459518647e-05,7
"20230",2.25237916030761e-09,0.0110423299441572,3.8462362094479e-07,0.000277613567252148,0.00242536208568982,0.986238116250136,1.61872176316281e-05,1.24796494495732e-09,2.81116776296655e-09,6
"20233",1.19666090890807e-07,2.34945074936622e-08,1.17981913756562e-05,0.000293518995397694,4.47261869257859e-10,5.71957662537742e-10,2.50216305860179e-06,1.42320117534562e-09,0.999692035047149,9
"20235",6.5368872421959e-10,0.0729156947080538,1.10781169441237e-05,0.0316619527528805,0.0151643770059615,0.748596664221708,0.131052191113534,4.24541151898748e-05,0.000555587312038591,6
"20239",2.84656119101245e-07,0.420128760422705,0.00106084393037556,0.000128884971115958,0.0109202531378991,0.267314943029961,0.299034999545065,0.0013595647065704,5.14656001889172e-05,2
"20254",9.88276770709866e-11,2.56580538417177e-05,1.35049289170857e-08,0.999135643800963,3.0009820484591e-06,0.000593649684944764,4.04315723656885e-06,3.03526975769374e-14,0.0002379907171782,4
"20256",4.66884786289517e-10,0.516215512327939,2.34105595376642e-06,0.000473500071395149,0.000913523661588488,0.482200879896515,0.000193697295688459,5.96672909687861e-08,4.85556743754702e-07,2
"20262",0.626167057593571,0.0015658630011768,0.372221168471299,1.079480182113e-07,8.46385502875362e-09,7.44614471539161e-07,3.88490069989418e-05,8.39155531229769e-07,5.36174507734265e-06,1
"20270",0.00264167686239847,0.123194681730892,0.0106574236030837,1.71612832092864e-05,0.237515347415015,0.623805165482547,0.00043473704567511,0.00173356660517697,2.39972003111402e-07,6
"20284",8.45916586304509e-06,0.0102653131252597,0.462956322789226,0.0997042732043436,3.18232896731924e-07,0.00263027124666635,0.0608482338173768,9.05422522012349e-08,0.363586717876116,3
"20287",2.10992475518594e-11,0.00072799029103543,3.68651614191234e-09,0.0002166847324469,0.0290888864064997,0.969575987214918,0.000390443988525916,2.83528546302338e-09,8.23672663486989e-10,6
"20290",6.10867556156128e-06,0.000205021286224182,0.000515291592546107,0.977959148469095,2.91184358607165e-07,0.000431412195156697,0.00198233731370524,1.91072517721307e-11,0.0189003892642451,4
"20293",2.52854010435695e-07,0.987336512651442,0.00101701258799115,0.000157944132191991,2.25163618581799e-06,0.011425727908728,5.01872963223883e-05,2.46829851366292e-08,1.00862501432352e-05,2
"20296",0.679779402779903,0.0667781057889358,0.235214126357856,3.42033312062209e-09,5.41362964604964e-05,0.000159218174981923,0.000441172497946408,0.0175737407179299,9.3965652444925e-08,1
"20301",1.51099363047783e-07,5.77943474842312e-05,8.41677647023414e-10,0.000229698612777361,0.907732704681185,0.091953973539497,2.56765306947196e-05,1.4162231807992e-10,2.05699074557661e-10,5
"20304",7.00210115422066e-09,0.00109971466718394,6.69991190723389e-07,0.992195017833037,3.19389250039745e-06,0.000362775964266985,1.04402784814251e-06,2.23995727626428e-12,0.00633757661963203,4
"20306",4.98222083712375e-11,0.0130930682065357,5.23040934564735e-07,0.00405078082495404,0.00229005377920922,0.980493076754844,7.20169601148479e-05,1.37338276264446e-09,4.7901020229211e-07,6
"20309",4.70302418077506e-05,0.615944557193967,0.103574952969273,0.00467675142117839,3.40993305475749e-06,0.135239689019386,0.140458538189418,3.2777983406394e-07,5.47432520817869e-05,2
"20311",0.000122970816989188,0.837996076177976,0.000716507666768274,0.000542537756889712,0.0162682003918079,0.143881014769575,0.000462592228476897,2.70012883518093e-07,9.83017863366359e-06,2
"20314",0.0145549001601939,0.0243467769321466,0.960358779257647,5.89316692380483e-06,2.65799503120572e-08,6.52829137604965e-05,0.000642290274253496,1.54178958310658e-07,2.58965361658449e-05,3
"20318",0.999901694931699,2.94026127305485e-06,3.95978368332098e-05,3.22023097452296e-09,5.32693309185151e-05,1.81403247920622e-07,2.44562117008466e-08,2.28037215935911e-06,8.18742577012454e-09,1
"20320",0.000868435746955701,0.000758746987556327,0.375296005063827,0.000136052279206141,1.08487794354287e-07,0.000110176633037051,0.619828857232746,5.38363556270212e-06,0.0029962339333149,7
"20326",0.0376441846482003,0.0391666729838955,0.922719375895737,1.33604371478866e-05,1.28643717590521e-07,7.01343446418077e-05,0.00028248399789403,3.94355643648748e-07,0.000103264693121772,3
"20328",4.04343099626125e-06,0.00243166960938605,0.782677803377222,0.000109538957375745,3.15458884231461e-09,0.000135120146002989,0.208674568063723,2.81819372334797e-06,0.00596443506698147,3
"20330",1.28863588112461e-07,0.0125610069550351,3.19449425529872e-05,0.00305774969948362,0.00126094403691039,0.0732043501284839,0.909855643279961,1.03260328000101e-07,2.81288336565251e-05,7
"20336",1.74076956546231e-07,0.0382334642135462,0.00907313308707033,0.59442900666862,1.47208998945104e-07,0.0021972347985262,0.0018964294505164,1.5045342406222e-09,0.354170408991231,4
"20338",4.23729439953734e-05,0.0282867259254656,0.000157511411469517,0.895926519780169,5.32080095628278e-05,0.000893734719850115,0.00229020404477897,3.12737864620836e-10,0.0723497228519708,4
"20340",2.54638889131011e-09,0.0412816005174951,1.22233436514827e-07,0.00261189364586471,0.025923481452903,0.930117718521526,6.51287526433973e-05,4.9774448328356e-09,4.73522974370254e-08,6
"20342",8.82037896410138e-05,5.69686073109904e-06,1.72347401743994e-05,0.0615784491203025,0.024376794254386,4.0347678787903e-05,0.0158855240702894,5.15652229965794e-06,0.898002592963388,9
"20344",5.025887031351e-08,0.20132752312685,0.000280093144783906,0.00122389941118488,0.000393927450984785,0.796632211739762,0.00014086051418867,4.98478561688831e-08,1.38450552004026e-06,6
"20349",2.37740922342897e-10,0.0891941002229989,1.73183181597336e-06,0.000308914215639048,0.0020943105348352,0.908383984997037,1.68406370904927e-05,1.91017116891623e-08,9.82211304961175e-08,6
"20351",3.03180419076691e-05,0.982485495377944,0.00133827836243449,0.00231721522073799,6.20795154480884e-06,0.013039636989251,0.000748684391698267,3.13570980592665e-08,3.41323073833344e-05,2
"20353",4.33527308636165e-09,0.0108437979435449,1.65809123458595e-05,0.0732009079506846,7.45153125116525e-05,0.341750876910475,0.574090200852225,1.02248924041356e-09,2.31147604510665e-05,7
"20357",1.74259196538265e-11,1.21488279256816e-05,3.89676151092027e-07,0.990305616219081,5.20870090673862e-07,0.000598166087129383,0.000986967940097154,5.41989240109299e-12,0.00809619035667896,4
"20360",1.57822483574512e-07,0.000227416750963823,9.38439696998399e-06,0.0652261111636873,0.00500612145128893,0.00127073607060487,0.844675627422798,5.29059143540951e-05,0.0835315390068498,7
