"","V1","V2","V3","V4","V5","best$classification"
"19811",0.951105471694354,0.0464747348319102,6.51797693335679e-07,6.52442409895418e-05,0.00235389743505274,1
"19813",0.000101672259252731,0.999895667273266,9.39477183798497e-09,2.2684335996674e-06,3.82639109495942e-07,2
"19815",0.997651452274383,3.58344560932829e-06,0.000581596606071401,0.00172673162428076,3.66360496552851e-05,1
"19817",0.998262270045241,1.35876309794746e-05,2.07081345624173e-05,0.000216316213596704,0.0014871179756208,1
"19819",0.000109713475023945,2.31541131621935e-09,0.131271813836183,0.868617197492998,1.27288038297259e-06,4
"19821",0.917051910534849,0.0207585159884159,1.14639023604946e-06,0.00214278981307913,0.0600456372734196,1
"19823",0.940705082305187,1.00585984467826e-05,0.0577826406352744,0.000774741158802778,0.000727477302289447,1
"19825",0.00539961429143044,0.00806159026181499,0.000867742021107261,0.166312391330704,0.819358662094943,5
"19827",0.378732182261399,1.60097999830134e-06,0.00013152485880067,0.000550965581366579,0.620583726318435,5
"19829",0.00320577353455833,8.31174270517028e-06,0.000122045066591135,0.985503265903469,0.0111606037526766,4
"19831",0.000710714913330572,2.71449622014248e-06,0.106186070988067,0.893098839244935,1.66035744758427e-06,4
"19833",6.04385166933627e-06,7.22300735285059e-06,0.999927449477929,4.10421273681669e-05,1.8241535680208e-05,3
"19835",0.917051910534849,0.0207585159884159,1.14639023604946e-06,0.00214278981307913,0.0600456372734196,1
"19837",0.913463007909276,1.0457500024871e-05,1.9130137995248e-05,0.00163196946923274,0.0848754349834709,1
"19839",0.00758406795764117,0.00261003698700742,4.44676142287565e-05,0.957769231121169,0.0319921963199536,4
"19841",2.27311765870803e-05,0.000118934982409421,8.5568130197691e-08,3.02503553962153e-05,0.999827997917477,5
"19843",0.000153538654302659,0.0262207422526817,0.000129434672382253,0.973496171534358,1.12886275062231e-07,4
"19845",0.0937643214195291,0.906160165784602,3.71306654824632e-07,7.68628538997499e-06,6.74552038239588e-05,2
"19847",0.9886165750152,0.00604135382730142,8.81428587690513e-05,0.00521601616902671,3.79121297028589e-05,1
"19849",0.000152403154558693,0.999846391514255,3.4567816632409e-09,2.75267145806383e-07,9.26607258371198e-07,2
"19851",0.999720512930595,3.91604085156361e-05,2.54132456801632e-05,7.55900969897549e-05,0.000139323318219516,1
"19853",0.971366395712857,0.0265897307366762,0.000174079011965289,2.75307305430947e-06,0.00186704146544767,1
"19855",0.987228069987643,0.00163620528110473,9.38492509781006e-06,1.27678852876869e-05,0.0111135719208666,1
"19857",0.943516901678244,0.0148091466740369,3.51325088503292e-06,0.0113421827673232,0.0303282556295105,1
"19859",0.977005639559874,2.75718527232878e-05,0.000137068967792121,0.00156676721281938,0.0212629524067909,1
"19861",0.869290458720058,0.130488893976024,2.18395130721388e-06,5.86704396770112e-05,0.000159792912934393,1
"19863",5.35137364036883e-05,0.990041251491975,4.83618389073691e-09,2.92735283582494e-07,0.00990493720015384,2
"19865",0.00214435367219762,3.27198250848536e-06,9.08064942902542e-08,6.44110474174916e-06,0.997845842434058,5
"19867",0.992733022804614,0.00630854913751594,3.20378090389157e-05,0.0009162286450624,1.01616037684985e-05,1
"19869",0.00910704213220347,0.990679359794938,1.0249646330902e-08,5.71628705164184e-07,0.000213016194506397,2
"19871",0.91514598371751,5.45923275633875e-06,0.000154883839157261,0.00445245069966519,0.0802412225109115,1
"19874",0.162485222156962,1.23199104029087e-05,1.33769678416167e-05,2.93630064159003e-05,0.837459717958377,5
"19876",0.482076432040782,0.000644482394204799,5.87943698728983e-07,7.32585591867913e-06,0.517271171765396,5
"19878",0.294213214249618,0.00123598966677049,0.0159944623980862,0.688041170593702,0.000515163091823345,4
"19880",0.000929853783475551,2.3595318073081e-05,1.83082383733036e-08,2.32632072897608e-07,0.99904629995814,5
"19882",0.762581543337085,0.234572021740736,6.63668953579518e-06,4.93023641761045e-05,0.00279049586846691,1
"19885",0.991903887637345,1.54788876880664e-05,1.20955572207855e-05,0.00682822815618229,0.00124030976156383,1
"19907",0.94134390261324,0.0582161979740411,9.71817727387371e-06,0.000371316624703088,5.88646107417765e-05,1
"19909",0.0158502186147693,0.000277439790787631,4.62412062220339e-05,0.983801701704436,2.43986837849515e-05,4
"19911",0.03163570570073,4.23354919387297e-05,0.00109038401157942,0.934728162260614,0.0325034125351376,4
"19913",2.49776937252163e-05,1.45662964955697e-06,1.25841143759591e-07,1.00838518889507e-06,0.999972431450293,5
"19915",0.413672158438277,6.4597367503537e-06,1.13078618820713e-05,3.44388673879058e-05,0.586275635095703,5
"19917",0.012144221378175,6.50193102021865e-06,2.06093458198271e-06,7.4980012948502e-05,0.987772235743274,5
"19919",0.804840319754863,4.17549299774536e-06,6.19942237920177e-05,0.000514634705505127,0.194578875822842,1
"19921",0.999364440481769,0.000300625641177533,1.25366778129466e-05,0.00028984725448397,3.25499447569332e-05,1
"19923",0.915684268659929,0.000615354835052809,0.0271086229649273,0.0565837661677806,7.98737231045495e-06,1
"19925",0.0463383282438712,2.28085550077788e-06,3.26986867708357e-06,2.28091562086636e-05,0.953633311875742,5
"19927",0.99918031408201,5.24654306501773e-05,1.30488218375899e-05,9.08583216085887e-05,0.000663313343893957,1
"19929",0.000199360037577553,0.43776850782615,7.51275176324533e-09,7.21222054198162e-07,0.562031403401466,5
"19931",0.996675261167427,2.591900515185e-06,9.3887692877889e-05,0.00100140780332676,0.00222685143585291,1
"19933",0.319032775259616,1.69256380552073e-06,0.00106364524110845,0.677183233230399,0.00271865370507177,4
"19935",0.915438709318791,0.000925110521351618,1.21250474989421e-05,0.0807960397192407,0.00282801539311735,1
"19937",0.999341429269906,5.48268206846979e-06,0.000239517515087128,0.000359554979106059,5.40155538325338e-05,1
"19939",0.996598901977139,1.22514051396062e-05,0.000122554502994486,0.000925859248303105,0.00234043286642373,1
"19941",0.00901521510105358,0.000504113086928014,7.84732395182389e-05,0.906647677883931,0.0837545206885691,4
"19943",0.000791279253984838,3.76387026384811e-07,7.71831780304987e-07,2.16100288187055e-06,0.999205411524327,5
"19945",0.128033029072553,7.23049373606124e-07,0.00231701580391521,0.869548360493992,0.000100871580166815,4
"19947",0.0208353479557688,0.0262501613133763,0.000211269920099598,0.122931941558153,0.829771279252603,5
"19949",0.749744973231583,1.04738720405326e-05,0.0244928518502169,0.225732049812566,1.96512335935204e-05,1
"19951",0.300830258320563,2.47897593429834e-05,5.30136429252411e-05,0.00203430016745925,0.69705763810971,5
"19953",0.00287520730030719,1.70752406084885e-07,0.82010946346429,0.177014972857304,1.85625692707535e-07,3
"19955",0.00892903258317512,3.54043440004792e-05,0.0453287787197516,0.945701888975082,4.89537799104834e-06,4
"19957",0.0915963914508622,4.17885759415383e-05,0.00149285129533286,0.00130171743950497,0.905567251238358,5
"19960",0.00310133451333998,6.51417933667541e-05,0.000118411655957621,0.996301038095293,0.000414073942042471,4
"19963",0.000593496569313512,0.000139158051041406,0.0636665367709696,0.000544854873651745,0.935055953735024,5
"19965",0.000638750521495917,9.96125068405292e-05,0.000440008718766095,0.998821574451559,5.38013379672638e-08,4
"19968",0.0135088866793355,0.183383098520583,2.72319276291902e-08,0.00195031304079366,0.80115767452736,5
"19971",5.26749192206963e-05,2.16533677564051e-06,0.0048487972525016,0.0018575605988357,0.993238801892666,5
"19973",0.988778430831565,7.74819493134394e-05,1.63373982289694e-06,0.000223147864391591,0.010919305614907,1
"19975",0.0219448331221137,4.84458500897538e-05,1.07665808385497e-07,5.57865216184763e-05,0.97795082684037,5
"19977",0.00180877315599925,0.000353038992440327,0.000157891675645308,0.000186913077219161,0.997493383098696,5
"19979",5.54500518635494e-06,1.88530433420887e-09,0.000293205095071135,0.999699524514633,1.72349980557465e-06,4
"19981",0.980909439553689,0.00109161996443249,2.5539217286991e-05,0.0167875510946959,0.00118585016989599,1
"19983",0.974503567725843,0.000638321036357775,0.000142650743119634,0.0246489815360405,6.64789586387605e-05,1
"19985",0.128094583090568,6.46217409190433e-05,7.15372658578e-07,6.81369337249477e-06,0.871833266102481,5
"19987",0.854339310515676,1.2453494959101e-05,0.00013517781596813,0.0544407545956978,0.0910723035776992,1
"19989",7.79862367158979e-05,4.25627223003562e-09,0.00337544875196479,0.99654654646104,1.42940070706078e-08,4
"19993",0.62166381998343,3.24834455667558e-06,0.00132868086492025,0.344213375476888,0.0327908753302055,1
"19995",0.241120671625871,1.38695749481281e-05,0.000407194336801921,0.749862439720537,0.00859582474184202,4
"19997",0.980920342841635,8.81497808696883e-05,6.34751300682536e-06,7.53067350474482e-05,0.0189098531294413,1
"19999",0.885682610614579,0.0019398128916753,5.58595623602688e-07,1.48391319167691e-05,0.112362178766205,1
"20002",0.000495046226126523,0.542438305038083,2.82240486961782e-06,0.00031999657802763,0.456743829752893,2
"20004",0.118399901914868,0.000583598136693196,7.22508282641122e-05,0.86748798121108,0.013456267909095,4
"20006",0.0285523911283212,0.00368245966791428,0.00485049618803375,0.961714703817732,0.00119994919799916,4
"20008",0.0520598010147519,0.000488749411402271,0.0212386144259284,0.925733343713406,0.000479491434511692,4
"20010",0.050992462140673,6.31276295311654e-08,0.0398978325871288,0.909100632524286,9.00962028297069e-06,4
"20012",0.149259281131998,0.0111983591055141,7.19718058458522e-07,9.0492437474744e-05,0.839451147606955,5
"20015",4.98992334026259e-05,1.59659781331127e-06,6.46340088321375e-06,0.999941960544745,8.0223155288074e-08,4
"20017",0.944622869617703,0.00425832452737834,8.28022033875202e-07,4.97730841911921e-05,0.0510682047486939,1
"20019",1.49029149724002e-06,7.17408508839034e-10,0.0024887731481724,0.99750972344806,1.23948617840454e-08,4
"20022",0.00846240339636615,5.5968140220046e-08,0.00162311991214572,0.989910950253949,3.47046939892396e-06,4
"20024",4.11563810116015e-05,3.75017025015523e-07,0.462875233495738,0.537083100027098,1.35079127282355e-07,4
"20026",4.11563810116015e-05,3.75017025015523e-07,0.462875233495738,0.537083100027098,1.35079127282355e-07,4
"20028",0.720948707632932,0.000308144490346366,2.52410814460776e-06,1.88726303639475e-05,0.278721751138213,1
"20030",0.000183363497397965,1.05953993421985e-05,9.13745382786576e-06,0.999622707453164,0.000174196196268266,4
"20033",0.634753046791589,6.35917126013489e-05,1.02360031389262e-05,0.00174996240550091,0.363423163087169,1
"20035",4.06942731252232e-06,1.66763298635664e-09,0.00376169149718989,0.996234222210846,1.51970181127014e-08,4
"20037",5.9337093818081e-06,4.52500617756361e-08,0.000438242289689861,0.999555778141224,6.09642560919504e-10,4
"20039",7.63951272294586e-07,5.35590825492071e-10,0.999577319596117,0.000421915697854642,2.19165553683343e-10,3
"20041",0.693706706213298,0.000168195488397728,0.0550622365598828,0.249908263228535,0.0011545985098865,1
"20044",0.550480281096369,0.000180713483970833,0.0816465752329654,0.355798762841747,0.0118936673449484,1
"20047",5.03284350086145e-07,5.42461760165462e-10,0.00584575121775537,0.994153602682563,1.42272869710869e-07,4
"20050",0.0215610163231345,6.1359350271531e-09,0.82747900917365,0.150901159807746,5.88085595351085e-05,3
"20052",0.936350096093634,1.04722068339899e-06,0.00149793706825075,0.0187647620263496,0.0433861575910824,1
"20054",0.000649368099568217,2.79979473494756e-05,2.74709794847677e-06,0.999309995117621,9.89173751287771e-06,4
"20056",0.00147545623447239,1.06171615690845e-06,4.31042670337963e-06,0.000186535732173265,0.998332635890494,5
"20058",6.94731381108238e-05,4.38327871031538e-08,0.00107733457054291,0.998853144933046,3.52551314041827e-09,4
"20060",0.998084122090159,2.79230372653602e-05,3.19285130421304e-05,0.0010693301771523,0.000786696182381442,1
"20062",0.991719440557492,3.63110443601977e-05,4.82409417410351e-05,0.00795096321519842,0.000245044241208273,1
"20064",0.0317092253462737,4.00591182009051e-07,0.000118927015204178,0.967694666661844,0.000476780385496462,4
"20066",1.58359725435048e-05,1.61487074910406e-06,2.34261485632203e-05,0.999941633185592,1.74898225520366e-05,4
"20068",0.998485340603811,0.00126107378802493,4.80842257641364e-06,0.000101621085755011,0.000147156099832279,1
"20070",0.999243738549801,8.14356978469161e-05,0.000432524860376642,0.000162469137041803,7.98317549338647e-05,1
"20072",0.00115626132318716,0.00513816251198737,5.06364650713494e-05,0.993654872060038,6.76397160208733e-08,4
"20074",6.38864317163364e-05,0.000732712280238278,1.87062778672134e-08,2.32358318237579e-07,0.999203150223449,5
"20076",0.0458322302147642,0.261144787555879,4.04249702684395e-07,0.0122856199417528,0.680736958037902,5
"20078",0.0498289302280731,1.86601200673102e-06,0.00297174415308605,0.946941300002616,0.000256159604217978,4
"20080",8.76123631394956e-06,2.5001196126278e-10,0.00106566362423511,0.998925527464628,4.74248107032164e-08,4
"20082",2.7097832578681e-05,1.24706652392971e-10,0.991815460769148,0.00815726509460892,1.76178957896493e-07,3
"20084",0.0147950605341954,6.44768866440076e-07,0.0128065875440739,0.932660707476361,0.0397369996765035,4
"20087",0.0452223756133915,5.79731808030864e-05,0.000887912862188128,0.953830092210893,1.64613272440447e-06,4
"20090",0.000108690296744676,6.67302862492828e-10,0.0259143627387379,0.97397668253835,2.63758864656798e-07,4
"20092",0.149165006302548,0.00101025320277912,0.821801139937447,0.0280232372858864,3.63271339965343e-07,3
"20096",0.574395761503011,1.46198076489823e-05,0.404848246836115,0.0106544336663633,0.0100869381868618,1
"20098",0.653384103541613,9.93612646681892e-06,2.26147124230728e-05,0.000499999171455659,0.346083346448041,1
"20101",0.000194189713271411,6.25400203550094e-09,0.00147843922641657,0.998156758448244,0.000170606358065759,4
"20104",0.562373614065902,0.363404837458055,0.0711763785736366,0.000240785307455658,0.00280438459495014,1
"20106",0.00132290719928717,1.8400743599241e-08,9.54683159942705e-05,0.998500270073309,8.13360106656586e-05,4
"20108",0.950223873917242,0.000337293249028155,3.78705683621287e-06,0.000830995178373869,0.0486040505985202,1
"20110",0.54877480380761,7.63274003002935e-07,0.294759524474348,0.00898901584989203,0.147475892594147,1
"20112",0.0277327271237831,8.26918616335746e-08,0.0190194373794748,0.953199010914504,4.8741890376925e-05,4
"20114",0.0600591770611072,4.34436907034153e-06,0.00190502795726766,0.807836352412875,0.13019509819968,4
"20116",0.00681703692764339,6.62094514178284e-05,1.24704000909774e-05,0.965405572571923,0.027698710648925,4
"20118",0.781709395622348,5.57226784787477e-06,0.000425809848360845,0.0793832709490002,0.138475951312443,1
"20120",0.00918048901519775,4.5672728991314e-09,0.0270999662463916,0.962545852711515,0.00117368745962288,4
"20122",0.00109396701372522,2.0775874453962e-05,6.3093406832661e-08,8.43618311379496e-06,0.9988767578353,5
"20124",4.66070134443295e-05,2.79531279418469e-07,0.00228578571510738,0.997667321788779,5.95139007267361e-09,4
"20126",8.21786387497041e-06,2.74629910511417e-07,0.989765582372168,0.0102255981690842,3.26964962295786e-07,3
"20128",2.64175398222778e-07,5.96631328998058e-09,0.736545089897577,0.263454636612821,3.34788987182449e-09,3
"20141",0.812707593027442,0.000177809598531621,0.0328287022241498,0.000180543904392811,0.154105351245484,1
"20143",2.74179435379941e-05,1.57384773776929e-05,2.05592465936023e-08,2.09371884342752e-07,0.999956613647953,5
"20145",0.0130603527171346,4.36890705583265e-09,0.00470653795358306,0.982219272848981,1.38321113946123e-05,4
"20147",0.00245536745718208,4.08492934839794e-08,0.000159000078969025,0.997375014805685,1.05768088706654e-05,4
"20149",0.000997431504657718,1.25428931986839e-05,1.36805378246442e-07,1.18678693553004e-06,0.99898870200983,5
"20151",0.85276685181765,9.19021278368974e-06,1.13013607783508e-05,0.000643883089702267,0.146568773519086,1
"20153",0.309399398469039,1.31510744717868e-07,0.0119145660357165,0.00200256646489701,0.676683337519603,5
"20155",0.000475018323678654,1.09140134086459e-07,0.000237722618357341,0.999286475603211,6.74314619368742e-07,4
"20157",0.284524329694478,6.03100034781778e-06,2.08706968141756e-05,0.000211131318564211,0.715237637289796,5
"20160",4.21216473496202e-05,2.57837458930298e-06,4.61624905142164e-08,4.25299220507994e-07,0.99995482851635,5
"20162",0.00224582346970098,1.21198232143968e-05,4.36659232032882e-08,4.37694380893272e-07,0.99774157534678,5
"20164",0.0503120261207876,6.04292016780894e-06,4.27166046847239e-05,0.000165030591678641,0.949474183762681,5
"20166",0.000150342125853364,0.0002619882966496,1.03802872344492e-05,0.998403430073034,0.00117385921722898,4
"20168",4.50810639992631e-05,0.995620270017167,7.19744971972192e-07,0.00345659585159922,0.000877333322262341,2
"20170",0.549676738624854,3.84098644009761e-06,7.40284897593766e-05,0.000361592324012291,0.449883799574934,1
"20172",0.00508242107799252,6.44198503273504e-08,0.00126949607607721,0.99364790010746,1.18318620283652e-07,4
"20174",0.418965751747287,0.183178065971521,1.405596716114e-07,1.52203835885597e-05,0.397840821337932,1
"20176",0.000156764991725141,0.999593073989287,6.00174073591761e-08,0.000239533278759449,1.05677228207792e-05,2
"20178",2.64299377967569e-05,1.36793924546751e-06,9.7180323614695e-08,5.09777806677682e-07,0.999971595164827,5
"20181",0.000186952838717318,2.29736429482476e-06,1.31524047886894e-05,0.994803401822739,0.00499419556945975,4
"20183",0.994956176547632,5.71734161541593e-06,0.000978478278435226,0.00403347370633654,2.61541259808535e-05,1
"20186",0.973462707411797,0.00299467172617865,0.00371163168554351,0.019830335873949,6.5330253213457e-07,1
"20188",0.000239040642673347,1.64217780631007e-06,9.79295756222423e-08,4.46851420051119e-07,0.999758772398525,5
"20190",7.28631260801496e-05,5.81209287427505e-08,2.50962982724184e-05,0.999901330738212,6.51716506336603e-07,4
"20193",0.000555905144606158,0.045849529162952,3.97790836010936e-06,0.00356913422531928,0.950021453558763,5
"20195",0.178016762161078,6.00592378920593e-06,4.17892779441769e-05,0.00213405819669273,0.819801384440496,5
"20197",0.00357604823696628,1.57028109821907e-07,0.000517143079194126,0.995906467423565,1.84232164546202e-07,4
"20199",0.0493166557802737,2.43604690769742e-06,9.79480686811221e-06,8.14568728220377e-06,0.950662967678668,5
"20205",5.36482592525202e-05,4.54538907603511e-10,0.999628496551502,0.000317843040887007,1.16938193989848e-08,3
"20208",0.970528418306035,6.16248172750461e-05,1.94769384005884e-05,0.00280530406835467,0.026585175869935,1
"20210",0.00737688744404781,5.23683063829776e-06,1.91035291828234e-07,1.56418361513452e-06,0.992616120506407,5
"20212",0.0983674032708066,9.71559379728968e-06,8.09026077672014e-06,0.000194889111255651,0.901419901763364,5
"20216",0.00291348930092151,5.10005144586897e-07,7.73610487619381e-05,0.996901997657455,0.000106641987717123,4
"20219",0.0132209777545805,1.17393963804296e-08,0.585503923720496,0.401166514669602,0.000108572115925602,3
"20223",2.34704147127126e-05,0.00233783115777896,0.000358894670091327,0.997279801539373,2.21804383698498e-09,4
"20226",0.930070869698067,3.49662550522088e-06,0.00674010955945955,0.0607759850142185,0.00240953910274993,1
"20230",3.00140451426389e-05,4.63194677592681e-08,0.000108167378241654,0.999861684992369,8.72647783984924e-08,4
"20233",0.00337215753993741,1.29809413179573e-06,0.996579746551525,5.13619540525414e-06,4.1661619000704e-05,3
"20235",0.000693881070791687,0.000216747072416221,0.0355153169294001,0.963574042304685,1.26227071599906e-08,4
"20239",0.0212476151128031,0.00355394584528835,0.000925304561339133,0.97427032394015,2.8105404193083e-06,4
"20254",5.86896554757534e-06,2.06490334622559e-11,0.99152165705922,0.00847246175057953,1.22040041709275e-08,3
"20256",0.000136418437827456,6.11556647618989e-07,0.000299290204138112,0.999563667055518,1.27458688788435e-08,4
"20262",0.216910379598813,3.96186902628497e-06,5.85802554729235e-06,0.000138110577598714,0.782941689929015,5
"20270",0.0216946140964837,0.0032950159480213,3.53014203231004e-05,0.968456772793091,0.00651829574208055,4
"20284",0.66719351089853,6.60472967261605e-07,0.320466658962328,0.0122879513546481,5.12183115275331e-05,1
"20287",2.62709302548013e-06,2.15147395722739e-07,0.000167257963661031,0.999829897888306,1.90761216063478e-09,4
"20290",0.00430895641474223,9.88371946253332e-10,0.99262008541497,0.00302985621634087,4.1100965574361e-05,3
"20293",0.0634626978870241,1.6583368933368e-06,0.00236547077480712,0.934143124512919,2.70484883559245e-05,4
"20296",0.224919783993248,0.0167308433059755,2.73486928228787e-07,0.0089634310783024,0.749385668135545,5
"20301",1.74351494029069e-06,8.90976190328977e-08,0.00060334018176639,0.999384017479409,1.08097262656676e-05,4
"20304",6.08863626353524e-05,3.92671241396377e-10,0.989926181100187,0.0100126122952624,3.19849244088388e-07,3
"20306",5.46048145764788e-05,5.60349967412732e-08,0.00216323209232094,0.997782103387213,3.67089305508196e-09,4
"20309",0.439648859778461,2.61617575327923e-06,0.00568142666201812,0.554382806375082,0.000284291008686269,4
"20311",0.00700056043061936,2.57370710940729e-06,0.00107902204404155,0.991345797046703,0.000572046771526814,4
"20314",0.949271975311497,1.24522872513905e-06,0.000101428112422817,0.00376335638227322,0.0468619949650816,1
"20318",9.67233402928326e-05,1.68315953010258e-05,2.1319827799614e-07,2.56154954351406e-05,0.999860616370693,5
"20320",0.987567702712025,3.5660036126836e-05,0.00613446831556825,0.00261580873288981,0.00364636020338972,1
"20326",0.885985704859415,3.02246935924933e-06,0.00023277658112251,0.00519081609919365,0.10858767999091,1
"20328",0.996210786828558,8.93119177816883e-06,0.00238738825419528,0.0013667069963397,2.61867291284811e-05,1
"20330",0.00729512158297684,6.51025604866031e-06,0.0320555175633512,0.960638033570293,4.81702732990158e-06,4
"20336",0.0520785159109286,2.7270688472494e-08,0.928014832667438,0.0199041175247996,2.50662614500955e-06,3
"20338",0.00276189090226436,1.12196060616204e-08,0.971221122604384,0.0258574787934068,0.000159496480339183,3
"20340",1.18692837682338e-05,1.09497998555574e-07,0.000500159733839297,0.999487815326022,4.61583719194786e-08,4
"20342",0.000322581154357001,6.12078105550313e-05,0.998673436575284,0.000738146036357491,0.000204628423446669,3
"20344",0.00289264628308519,5.38813140935915e-07,0.000675762210408194,0.996430112119095,9.40574271018459e-07,4
"20349",8.16084899783925e-05,2.91172937669227e-07,0.000175197341290371,0.999742892618677,1.03771167388995e-08,4
"20351",0.0697094982008632,1.67732015105616e-06,0.015173041576348,0.914246900834067,0.000868882068571436,4
"20353",0.00236190108803337,6.82698529649607e-08,0.0853204709279933,0.912317395658679,1.64055440914418e-07,4
"20357",3.37510987293905e-05,4.64902096987198e-10,0.998280150789921,0.00168609681360355,8.32843710507064e-10,3
"20360",0.00123913724774832,0.000931976937984999,0.974024991997378,0.0238016871981136,2.20661877502226e-06,3
"20364",0.078457904699941,7.82866348922079e-08,0.00445935990163669,0.91705892522364,2.37318881471267e-05,4
"20366",0.0119990891864416,2.02390636855561e-08,0.986053557777377,0.00192240599463785,2.49268024800614e-05,3
"20381",0.00408125658721833,0.971098683088096,4.81924220479619e-07,2.92546532457654e-06,0.0248166529351409,2
"20391",0.177269973482293,0.377573872304562,0.0395612813357427,0.405594685793176,1.87084226323744e-07,4
"20394",0.995888610441059,0.00233761596069397,5.62551013512374e-06,0.000221401941955562,0.00154674614615597,1
"20396",0.200499497333003,0.774093992054846,7.38009658436708e-08,2.40767478387658e-06,0.0254040291364011,2
"20409",0.175515080026937,1.13765899075353e-05,0.00108796908705956,0.567252627294154,0.256132947001942,4
"20411",0.000958710910064442,2.04423838593575e-08,0.10164657657621,0.897394685648408,6.42293373892992e-09,4
"20416",3.47805985891862e-07,6.39951737482512e-10,0.943140281968052,0.0568593694938979,9.2112647474156e-11,3
"20418",0.110533502249536,0.776976459306551,3.68190681519041e-08,1.98537041631723e-06,0.112488016254428,2
"20420",0.0305776663024,1.43429702783627e-06,0.968997170374808,5.20516452533246e-05,0.000371677380510943,3
"20422",0.0011125150568721,9.25622929790732e-08,0.000498610741331423,0.998331901513244,5.68801262599093e-05,4
"20424",0.000745872470836052,9.71329148637221e-09,0.0442953587683575,0.954958741858695,1.71888194263064e-08,4
"20426",2.12871521070467e-05,1.33133577838951e-09,0.999836665809014,1.1153583159566e-05,0.000130892124383979,3
"20428",0.094366177052514,0.00281168528804325,3.65932810816506e-05,0.902762200869246,2.33435091145347e-05,4
"20431",0.833851599016809,3.24201412493694e-06,0.00898279762844317,0.040117398368629,0.117044962971994,1
"20433",9.83961003871691e-06,0.000254206878870421,2.45741057710885e-05,0.999711356808052,2.2597267599781e-08,4
"20436",0.000108501140691033,0.990380167320074,4.23062078076659e-07,0.00949702025329247,1.38882238646776e-05,2
"20439",0.358236116629093,0.281545071183714,1.09899004921996e-07,8.71062803053029e-06,0.360209991660158,5
"20441",0.000234129609162698,1.03787313067031e-09,0.998329875893673,0.00143569914313353,2.94316158114379e-07,3
"20444",0.000130738224381953,4.48663724366667e-06,2.88449860747794e-08,2.44623454043227e-07,0.999864501669934,5
"20448",0.63195923660872,0.000353309674665633,0.00198227848561258,0.0165283433573868,0.349176831873615,1
"20536",0.324267027066915,0.675388941205623,1.51134687031443e-06,0.000310441738287872,3.2078642303899e-05,2
"20538",0.0993147226211047,1.60103151287133e-05,0.60403692429108,0.296625269662177,7.07311051012254e-06,3
"20541",2.61564372965507e-05,2.79107808804112e-10,0.0542785458115506,0.945695286280881,1.11911637331953e-08,4
"20544",0.765043844380435,5.32836742506809e-06,0.00108858243229696,0.225812110104936,0.00805013471490712,1
"20546",0.00267952438318798,1.96526208677184e-08,0.00674830382265967,0.990572122452483,2.96890486834653e-08,4
"20550",0.560111015873286,7.58358949398468e-05,0.0333295786956843,0.401754037584983,0.00472953195110741,1
"20553",5.31330673527123e-08,3.67815330237471e-09,0.958432791854461,0.0415667767733046,3.7456101362499e-07,3
"20555",0.00324501650639879,6.72286734347932e-07,0.996738383821843,1.56855507951698e-05,2.4183422861986e-07,3
"20557",0.555966130427878,5.14616862277726e-07,0.250098760669077,0.190193764177803,0.00374083010838036,1
"20559",0.000584309310087915,9.9402687830318e-09,7.60987707940006e-05,0.999336254837537,3.32714131277274e-06,4
"20561",0.572665931861957,8.47671691311011e-06,7.44780035811761e-05,0.0014914525444579,0.425759660873091,1
"20564",2.64299377967569e-05,1.36793924546751e-06,9.7180323614695e-08,5.09777806677682e-07,0.999971595164827,5
"20566",0.131899523576075,7.59435489690878e-05,1.66603149619871e-05,0.867851345654133,0.000156526905860283,4
"20569",0.711198166230195,0.000822777337734507,7.59902751717653e-07,3.83917857932499e-05,0.287939904743526,1
"20572",0.0315789116509975,0.000647693001346584,5.63991986304635e-08,1.06271664891368e-05,0.967762711781968,5
"20574",0.000435929873364855,1.79135873384878e-09,0.00224580521125132,0.997313075486769,5.18763725585554e-06,4
"20576",0.000166066912102047,9.08045166882832e-07,2.33983996159865e-07,2.9747922075146e-06,0.999829816266527,5
"20578",0.218800190208745,2.18885725436437e-06,0.000902209409635623,0.773026608116773,0.00726880340759206,4
"20580",0.200864233178178,2.66387386829297e-05,8.14105930094806e-05,0.798880060914052,0.000147656576077324,4
"20583",9.12070453564762e-05,9.28722993703587e-07,1.89606547629091e-07,2.24646722324325e-06,0.999905428157879,5
"20586",0.124616808794878,1.74466616466966e-06,0.00190642971572462,0.873466524168921,8.49265431209745e-06,4
"20589",8.73174357044215e-05,2.4169976493265e-07,0.000201646302468778,0.99971079243558,2.12648158987506e-09,4
"20591",0.813586867336302,5.42318084599517e-05,0.181069143876115,0.00527068007104836,1.90769080753101e-05,1
"20593",6.53105557962599e-07,2.34635136687601e-08,7.99691573053946e-05,0.999919332073435,2.22001875863019e-08,4
"20595",0.00518174994528481,1.00720856813928e-07,0.000336818348697971,0.994392228851386,8.91021337747469e-05,4
"20597",0.00130650938469447,0.998679175889521,5.18449558335471e-09,2.87064765211856e-07,1.40224765239599e-05,2
"20599",3.54967914901661e-05,2.14850680983979e-06,4.73261878823104e-08,6.06645682118105e-07,0.99996170072983,5
"20601",0.999068162002823,6.27095206538838e-06,6.03824437406068e-05,0.000404724611241742,0.000460459990128681,1
"20604",2.11324301626692e-05,6.10002273828707e-09,7.62398876601541e-05,0.999900975648176,1.64593397790975e-06,4
"20606",2.60427547270079e-05,9.14919776527275e-09,8.95284749018472e-05,0.999884377523802,4.20973713678489e-08,4
"20608",0.00110997296030159,2.64637439585374e-06,1.62578216017941e-05,0.998870667354582,4.55489119095624e-07,4
"20610",0.00120655848301605,1.47213894647744e-06,1.30865934562245e-06,1.7069802419865e-05,0.998773590916272,5
"20612",0.00270506707363192,0.641953256151418,0.116563063334812,0.237339764757372,0.00143884868276611,2
"20614",0.0056429997007307,1.24273124238958e-06,7.85968935181578e-07,2.21385816110224e-06,0.994352757740931,5
"20616",0.990825208173739,6.62411105967669e-05,0.000155878008913788,0.0076026891851443,0.00134998352160643,1
"20618",0.00194453127405925,4.76818482250603e-09,0.99765296630727,0.000375234799177368,2.72628513083837e-05,3
"20620",0.000962012173218038,6.40752474347552e-05,5.19001971607846e-05,0.998870887895447,5.11244867393595e-05,4
"20622",0.000410054716992403,5.1183716904965e-07,3.02857659758762e-07,8.32049679001211e-06,0.999580810091389,5
"20624",0.00091375035922901,6.5424129858524e-08,0.0236733526419172,0.975412721747108,1.09827615457613e-07,4
"20626",0.0241273000011262,0.2189222001449,2.81882007096893e-06,0.755343780626692,0.00160390040721138,4
"20628",0.443224306427466,0.231406006638519,0.000442022053841889,0.324011513864262,0.000916151015911342,1
"20630",0.127218481301872,7.05326057644382e-06,0.00045100261566619,0.855232719485505,0.0170907433363811,4
"20632",0.00500305260336138,0.000984564496170442,1.20012870439795e-08,2.55397718787482e-07,0.994012115501462,5
"20634",4.43236774864923e-05,1.91708050828529e-08,6.192666805631e-05,0.999893698700259,3.17833927729013e-08,4
"20637",6.46219268069062e-05,2.91104858222578e-11,0.987438806371105,0.0124834698024145,1.31018705628825e-05,3
"20639",0.237097382580284,6.00523884987242e-06,6.15732656323773e-06,2.41350087478355e-05,0.762866319845555,5
"20644",2.92530474171574e-07,1.41870364565552e-05,0.581840832827289,0.418144652051196,3.55545845259114e-08,3
"20646",0.000337007623480917,0.00242355540131748,0.0215674403190285,0.975659782388627,1.22142675464659e-05,4
"20648",0.981476585402327,2.07505904488227e-06,5.74562876222074e-05,0.000216739801768343,0.0182471434492376,1
"20650",0.000306985664915989,5.0845289443463e-08,0.245431533826235,0.754261351871796,7.77917633803381e-08,4
"20653",0.994471530152351,0.000121180534793921,0.000671819803133585,0.000510720338158004,0.0042247491715636,1
"20658",0.000214098783567244,0.0002473004494889,7.6778585572421e-06,0.999530882026504,4.08818821584383e-08,4
"20661",0.0108437315898433,0.000187014463697361,0.930063132980012,0.0589029443889901,3.1765774567161e-06,3
"20663",0.484512135924546,4.89382497762581e-06,0.00184412073182611,0.513626660827045,1.21886916045379e-05,4
"20665",4.00775635055618e-05,6.40431268522261e-05,1.39753895448768e-08,4.03538360656389e-06,0.999891829950646,5
"20667",0.94352722665693,0.0259374055847051,0.000821068562400759,0.0293589127572875,0.000355386438676211,1
"20669",0.0336869802175157,0.965837948142567,1.61477413170555e-07,1.73969749052571e-06,0.00047317046501373,2
"20671",0.0035605000516109,6.59034148283737e-10,0.794208851810646,0.202099827614739,0.000130819863969396,3
"20673",0.00115067492575971,0.998782034551527,2.48083273044352e-09,1.65743523917397e-07,6.71222983563621e-05,2
"20675",0.771225514735172,0.219367246434189,1.1599865160203e-05,0.0093512369223404,4.44020431383994e-05,1
"20677",0.516793675884745,0.000703761304087225,0.000308235694265421,0.482185164082829,9.16303407335078e-06,1
"20679",0.0381746449572731,0.960152496971558,7.43244206591076e-08,5.23051720049573e-07,0.00167226069502868,2
"20681",0.940741496387738,0.0590892287189351,6.47848159814462e-06,0.000118459535517418,4.43368762107632e-05,1
"20683",0.63288051445782,0.00449427432192258,0.000104917166730815,0.362498306169894,2.19878836327948e-05,1
"20685",0.0187350898496147,2.35252820325779e-06,0.981160785005231,1.84592310544576e-05,8.33133858965801e-05,3
"20687",0.0530562626148481,3.08082552893459e-06,1.89325476274243e-06,7.46453216449813e-06,0.946931298772696,5
"20689",5.52773917917414e-06,3.59306017509367e-05,0.764728454096728,0.235230056761788,3.08005534128559e-08,3
"20691",0.000202261212999625,8.66478632868573e-07,1.02473759128409e-07,5.41030231634209e-07,0.999796228804377,5
"20693",3.13165595868688e-05,1.01169480460579e-07,0.00122875127494765,0.998739826632323,4.36366185473355e-09,4
"20695",0.994883564018306,2.54948919239203e-05,1.67729699835703e-05,0.000218188994898452,0.00485597912488817,1
"20697",0.000196422356591868,1.90903432523373e-09,0.000352983889755132,0.99939876064206,5.1831202558562e-05,4
"20699",0.658776173096287,0.0168323001674252,9.50418359841574e-06,0.324169674276946,0.000212348275744071,1
"20701",0.0935984951669803,0.000824567210976913,0.000223827522833762,0.905352501424343,6.0867486599387e-07,4
"20703",0.02859164734753,0.970124975320417,0.00107489835004739,1.86595673397262e-05,0.000189819414665277,2
"20705",0.00303426983617468,1.28728462001999e-07,0.0042816797662248,0.99268372078409,2.00885047969391e-07,4
"20707",0.995968005725563,5.86413230331427e-06,0.000257903935806491,0.00374907186242652,1.91543439001823e-05,1
"20709",0.0613741791750708,0.000379736389214993,7.66377733310992e-06,0.029896396380651,0.90834202427773,5
"20713",0.960683727772522,0.000204344888927303,0.010929655702793,9.15419618433998e-05,0.0280907296739141,1
"20715",1.80303749630131e-05,7.28898802648222e-07,0.112831165216935,0.862890583567103,0.0242594919421957,4
"20717",0.999654204961961,5.08865688985008e-05,2.13581359486067e-05,0.000109864044906825,0.000163686288284464,1
"20720",0.013447647175434,1.14748591800214e-05,0.000319235457773436,0.986202607265146,1.90352424668652e-05,4
"20722",0.0216783478114837,1.08276111426268e-06,6.85853305140232e-05,0.97824975825009,2.22584679805457e-06,4
"20724",0.807721612754033,2.89183111674393e-05,5.17852133666615e-06,3.79403037728394e-05,0.19220635010969,1
"20726",3.86297257215065e-05,1.73721849734768e-07,0.000998247067017474,0.998962946907207,2.57820378992143e-09,4
"20728",0.991144592353669,0.00860874617244295,2.97413557367425e-06,3.20017050017499e-05,0.000211685633312913,1
"20730",0.618142527407491,6.51882975437777e-06,4.79225675711365e-05,0.000791872812495551,0.381011158382688,1
"20732",0.350308956196233,0.0408988597090759,0.105449885176417,0.503224210915359,0.000118088002916186,4
"20734",0.725239504067743,6.08160793035792e-06,0.00117305324892657,0.273546522647886,3.48384275137152e-05,1
"20736",0.112882234226232,3.13171229928505e-05,5.61394357704934e-07,2.51302437509369e-05,0.887060757012666,5
"20738",0.0124197750215356,0.00462883434743473,0.0739354626254033,0.575081305589686,0.33393462241594,4
"20740",0.067203847072333,0.000381555837737903,0.321280580782264,0.611133985129097,3.11785677206702e-08,4
"20742",0.998689607066843,2.2026881384555e-05,0.00101403549390694,8.53532849535564e-05,0.00018897727291215,1
"20744",0.0177616408241335,0.0103966417160222,1.23433411536601e-08,2.0657783207508e-06,0.971839639338183,5
"20746",0.942546724695122,9.31968114013979e-05,7.57155183392556e-05,0.0572215541869626,6.28087881747219e-05,1
"20748",0.730407822868609,1.36431212132369e-05,1.9829871710195e-05,3.70745694724479e-05,0.269521629568995,1
"20750",0.334549668667869,0.000217622482199262,1.0290546662329e-06,0.000429468360740745,0.664802211434525,5
"20752",0.0363913941309341,1.51908063146581e-06,0.000792860967805073,0.962813764347709,4.61472920065938e-07,4
"20754",0.000457921939319725,0.999528894988496,1.89890969047949e-09,3.31088570863041e-07,1.28500847034126e-05,2
"20756",0.663740340346257,2.30261408044088e-05,0.000192736729220653,0.0805009019667972,0.255542994816921,1
"20758",0.00307904370655861,0.980705786152398,4.41453408740117e-07,0.0095172522820367,0.00669747640559805,2
"20760",0.811648756226092,0.00305801593794493,3.4778846068247e-07,1.37665151396599e-05,0.185279113532363,1
"20762",0.00191873361077014,0.998076735682063,1.66164204857333e-08,7.10197673383987e-07,3.80389307307829e-06,2
"20764",0.258861876282269,0.000987133594214725,2.36942770125764e-06,4.87066121640407e-06,0.740143750034599,5
"20766",0.92069639449147,7.44842140499576e-05,3.08847290410079e-06,1.92219653632411e-05,0.0792068108562132,1
"20768",0.190356870025608,3.94671900358481e-06,1.76586480661693e-05,0.000487799717127677,0.809133724890195,5
"20770",0.0982156244196491,0.89441223363996,1.73666567960027e-06,0.0073178557195697,5.25495551413581e-05,2
"20772",3.94962125628165e-05,7.26896200995474e-08,1.04172189552808e-05,0.999949551392719,4.62486142329238e-07,4
"20774",1.20937155109041e-06,1.79005458218469e-05,0.000896068612675527,0.999084819067342,2.40260943212328e-09,4
"20776",0.99859980923996,1.000167698204e-05,0.000725246237272229,0.000645767798193443,1.91750475919053e-05,1
"20778",2.95080459798519e-07,2.98013766189389e-09,0.728791541695153,0.271208092133377,6.81108729059187e-08,3
"20780",2.60025326329051e-05,0.999956928974815,7.02753905034312e-10,2.22663465558414e-07,1.68451263327713e-05,2
"20782",0.000722634452030788,0.999157698970714,4.05064663046931e-09,1.31817535871336e-07,0.000119530709072264,2
"20784",0.00272821041305933,0.997266952243559,2.4942770063808e-08,1.92291945289031e-06,2.88948115832659e-06,2
"20786",0.000252583179545164,0.0226094100215484,5.88372512601134e-09,1.6769563584205e-06,0.977136323958823,5
"20788",0.99199578464956,1.3329789241181e-06,0.000667485433823451,0.00728430778595183,5.10891517405798e-05,1
"20790",0.644319168891876,0.264985782293132,1.54953097184364e-07,3.91535321541836e-05,0.0906557403297402,1
"20792",0.582671110283378,3.37608564264953e-06,0.00133415103264371,0.019777287087869,0.396214075510467,1
"20794",0.33622253114311,0.154162300012546,6.99504369904156e-08,1.52164953688893e-05,0.509599882398538,5
"20796",0.000599734290485521,1.5217451743903e-08,0.00262079703340683,0.996779428189177,2.5269478757139e-08,4
"20798",2.64299377967569e-05,1.36793924546751e-06,9.7180323614695e-08,5.09777806677682e-07,0.999971595164827,5
"20801",0.000848597156348397,6.66745236424304e-06,8.37565365122661e-07,1.3177801533841e-05,0.999130720024388,5
"20803",0.978178913448206,1.4554411771172e-05,0.00227922255651513,0.0195168741324792,1.04354510288971e-05,1
"20805",0.764387953108039,1.15057025152749e-05,0.000680814766284352,0.2348712056209,4.85208022610166e-05,1
"20807",2.64299377967569e-05,1.36793924546751e-06,9.7180323614695e-08,5.09777806677682e-07,0.999971595164827,5
"20809",0.99661863735125,0.00082723259689172,0.00069731946901662,0.000966986821613351,0.000889823761228306,1
"20811",0.0255082456347425,6.0445349053225e-06,0.00165499764950455,0.0070706885741524,0.965760023606695,5
"20813",0.547246658036233,0.000402373374399063,0.00254538702660607,0.389729266122908,0.0600763154398538,1
"20815",0.000246984070744564,0.216276953489532,7.36865984397793e-09,3.81570434812849e-07,0.783475673500628,5
"20817",0.975249844528168,5.54437589997437e-06,2.93514460309981e-05,6.42290072762471e-05,0.0246510306426246,1
"20819",0.746943214355374,1.35179585996102e-05,0.00462338711963149,0.248418473906622,1.40665977317394e-06,1
"20821",0.000434248657533363,0.606314233090209,0.000240622927186603,0.389814175713079,0.00319671961199211,2
"20823",0.894056208646515,6.07377916783049e-06,0.00264830860010781,0.0948892031087346,0.00840020586547475,1
"20825",0.938231479530533,0.000399315641083271,1.13268983988667e-06,1.32762058117618e-05,0.0613547959327316,1
"20827",0.177103936040115,1.02880921727793e-05,0.000128351704467636,0.000150048348573239,0.822607375814672,5
"20829",0.00141920036314682,1.66560791091212e-05,0.00123310918375173,0.997319157629196,1.18767447962985e-05,4
