"","V1","V2","V3","V4","V5","V6","V7","V8","V9","V10","best$classification"
"19812",9.34886009653505e-05,0.170220224569174,7.49505268129581e-07,0.122344118900252,8.07075835974451e-06,0.000424081515211518,0.70642672499021,5.22582092575325e-07,0.000118139781273233,0.000363878797193476,7
"19814",1.0998813661295e-06,0.0144896464828844,0.002245313876378,0.0017526523382218,2.71837914543725e-06,6.16381663163593e-07,0.981473796267637,9.71717986363846e-09,2.12793253415524e-06,3.20187429902487e-05,7
"19816",7.50931796984308e-06,0.65505126504843,5.79934007115837e-07,0.0354624345730955,1.63230114581306e-06,0.0184270975784893,0.00426429499708646,3.48219844589076e-07,5.29669398677824e-09,0.286784832733237,2
"19818",3.27082173671331e-06,0.684996745161235,0.00643129385469686,0.000510448990758646,1.23194978450922e-05,1.85222750543114e-05,0.307220837965915,2.84691569183604e-08,2.35808024141137e-06,0.000804174883359766,2
"19820",0.000145102309401836,0.00083954545695792,9.52210940764061e-11,4.74296664058995e-05,5.4964591596798e-12,0.000117157843145718,2.03415555898252e-09,6.88961020212203e-08,9.01896668896739e-11,0.998850693602924,10
"19822",0.156864446295874,0.00153952458400303,6.52736454177137e-07,0.0108862559036375,5.82182327398547e-10,0.00132906392491882,1.9933623381914e-07,0.00150845219236682,3.19180543621541e-06,0.827868212638893,10
"19824",5.43431357677675e-05,0.306912744601595,0.00121799461418988,4.60511869810069e-06,2.50707974421447e-06,0.158996856391755,9.2194023564182e-05,1.64933893056102e-06,1.32262528305201e-07,0.532716973433227,10
"19826",8.45003183901087e-07,0.0347262159198692,1.70809272837674e-05,0.165263777506506,0.0013309241576586,0.0421408705706903,0.755424942509927,4.08047748223603e-05,1.13406075128389e-06,0.00105340456930789,7
"19828",0.000909188516850399,0.280625271752459,9.36391818994209e-07,0.0005984076547044,3.8559638362615e-09,4.21260408662086e-05,5.04477069851363e-05,3.44649672736587e-09,9.11757496699996e-08,0.717773523458105,10
"19830",5.23382888744613e-06,0.00727198255894373,6.32154017323588e-05,0.0469132899097708,0.000981631075817163,2.47515293853677e-05,0.940747020051454,0.000741315665101401,0.00325080730588667,7.52673020754775e-07,7
"19832",0.659182295739541,0.0734555909762767,8.63725247086091e-07,0.0791830269721485,9.99222881655409e-08,0.000638100707061179,0.141174044876906,6.91366556932263e-06,0.0351423619405444,0.0112167014744176,1
"19834",0.00407387409923317,0.129177236594772,3.9980826927009e-05,0.826351028625919,1.77437173867819e-08,5.58363283196731e-06,0.0043845233143649,0.00015894418669589,3.66185669268119e-06,0.0358051491188468,4
"19836",3.43821180526541e-06,0.716081011624228,1.12945824410373e-07,0.00232543024412504,0.0012311940998188,0.241235424835071,0.0379391095760441,2.57103029312313e-06,1.87062063719319e-05,0.00116300122641811,2
"19838",7.45132857477055e-07,0.000332668803729533,0.000217916813660532,0.000881351532023098,6.70294554826648e-06,8.53561012668812e-08,0.998479021768325,1.88450388190571e-08,8.13528952703425e-05,1.35907445516497e-07,7
"19840",2.80429120949198e-06,0.0848636554320929,1.16078921307699e-06,0.8712966928386,4.22278078217748e-05,0.00269816237488181,0.0119159436917895,0.000337882482283099,2.43555416068622e-08,0.0288414459365665,4
"19842",1.37331897510876e-10,5.43204223854935e-06,1.17167750061376e-06,8.4644731153114e-05,0.979518947141937,0.000382702718311152,0.0200016261260089,3.71219677398753e-06,1.75454933741634e-06,8.67940743189211e-09,5
"19844",6.19316712318777e-10,3.63150191750827e-07,0.999982438753599,1.54186333741683e-08,1.1422036385708e-05,4.26419827073832e-07,2.94948831201076e-06,1.71497969184572e-06,4.85003449413612e-09,6.64284007658982e-07,3
"19846",2.28280983868729e-10,0.000162717958337593,0.0650228500225844,3.07463099982208e-06,0.0216998034764664,8.38121445278509e-06,0.913100384696097,2.09318981881089e-08,2.75335234381126e-06,1.34885387485374e-08,7
"19848",1.57687767169368e-09,0.00019113114044702,0.0235979075244512,1.02706110255527e-05,0.000624663684496462,1.30828405939495e-06,0.97557108153137,1.20622469105218e-08,3.59972085206134e-06,2.3864173331694e-08,7
"19850",4.95053743598131e-08,0.000446373092042796,0.216380425374447,6.09907719440479e-05,4.76962337678439e-05,4.00165695442374e-06,0.783056576517935,3.0477015459682e-07,1.97088134041037e-06,1.61119603973912e-06,7
"19852",1.13456869868452e-05,0.977354863700418,4.99710374037506e-05,0.00162344410843161,1.07467285091466e-07,8.13028665676217e-05,0.0145499321204471,4.89211328604795e-07,2.87922780372344e-07,0.00632825587835064,2
"19854",5.46089884625211e-09,0.000174003672047378,0.0018450638868795,4.622239670017e-05,0.000148512974936913,2.0175192975507e-07,0.997780234894974,4.91963378019652e-09,5.72585020435481e-06,2.41917954030182e-08,7
"19856",5.23614159007643e-07,4.00503142397277e-05,0.989873362655227,0.000162283665726179,3.94834077987647e-05,0.000129934947727328,0.00968804937498019,3.55651478075302e-05,7.44336358098143e-07,3.00025359761957e-05,3
"19858",1.6136114613738e-05,0.00228248681159947,0.994639641310011,1.40858022753933e-05,5.56472552421652e-07,0.000526631001233226,0.000421134591032927,8.82294733362805e-05,1.15224356476358e-06,0.00200994617978115,3
"19860",3.11749783443403e-05,0.476177309069738,1.63241355387187e-05,0.284871298568468,1.78068986917213e-06,0.000261467248484974,0.222409292039449,9.99495670711692e-06,4.61033750638638e-07,0.0162208972796503,2
"19862",1.51498149225882e-10,6.84756245326864e-05,0.0015651116621653,7.66918611183053e-06,0.0755286565844784,8.32881728973468e-06,0.92281604810388,2.6941278034279e-08,5.67894831590701e-06,3.98045071900987e-09,7
"19864",7.44936307306333e-10,2.04262797911386e-05,5.78924856588439e-07,1.24266477931341e-07,0.988518402955265,0.0114283232485864,1.13189597741454e-06,2.91888832508537e-05,8.81236121324278e-07,9.41564736922814e-07,5
"19866",2.91361291762256e-06,0.182911718496795,1.38382059435343e-07,0.0213890160133605,0.000110985017002437,0.719919132345856,0.000174892462705205,0.00319712567184098,2.39754169122351e-08,0.0722940540220452,6
"19868",0.043699771535629,2.54304454247698e-07,1.5828612242062e-05,0.00114597093494963,5.18803247260603e-08,6.18211526446129e-10,1.31613464598674e-05,0.000385671089522166,0.954738926294344,3.63383862829669e-07,9
"19870",2.49404941348409e-08,0.0268919895151771,0.00162319152024198,4.61565791348606e-05,0.0042424826672926,1.58996641392568e-05,0.967163930250929,2.62129938107999e-08,1.50051245212338e-05,1.29352507629278e-06,7
"19873",5.15095873724646e-07,0.436193413245634,0.000435203190526781,0.00146917447159243,0.000926350733098138,0.000974592978143868,0.559466572319731,7.02484879896955e-07,1.1419643317131e-06,0.000532333516188582,7
"19875",0.00151108824656224,0.0731788539376369,1.85981041955838e-08,0.148179441351658,5.61071486358775e-09,0.000321985679790102,0.000628651355623797,7.65601140358671e-07,6.30858796932347e-08,0.776179126532889,10
"19877",7.03592116130055e-07,0.229735524816798,0.00178154445774108,0.00366559707155863,3.74234669219216e-05,2.90258743997284e-05,0.764702763847539,6.36270272571639e-06,1.59413679218722e-05,2.51128022781099e-05,7
"19879",1.99834194864741e-05,0.973254339049517,0.000474297601172037,0.00287836045510938,2.5125345148818e-06,6.83851150286859e-05,0.0224896811433945,4.26796171296707e-06,1.24051659939165e-05,0.000795767554069525,2
"19881",4.05299417041314e-07,0.0328221918029382,0.000726959519481152,0.00365074831087581,0.00395575397867183,0.0893056831685311,0.869393251885854,7.9298184290634e-06,3.97667333268463e-06,0.000133099542469036,7
"19883",2.87006846068846e-08,0.0182095111579486,3.06167913975826e-05,0.00260523943205591,0.21957570639305,0.0860303781315349,0.673504536126593,8.73026309193292e-07,1.41547587270217e-06,4.16947645540936e-05,7
"19899",6.27971935017779e-05,0.169749686070748,1.28943300900068e-06,0.813097673079715,1.35314996747223e-05,9.78858786378158e-05,0.0110241194372252,0.00451289543341276,5.49060465391956e-05,0.00138521592753618,4
"19908",3.22403130685757e-07,2.36836900252793e-06,2.85910990455399e-07,0.000335301072529169,4.47347762628918e-06,2.98629245153774e-06,1.31097122341565e-07,0.999651838740313,4.92977497282106e-07,1.79965933686835e-06,8
"19910",1.14419764363873e-06,0.973885412590261,2.10838153485184e-05,0.00025139039046414,3.36609699535754e-06,0.000495100110094598,0.0241614152285684,5.06788025859156e-08,4.20236554042293e-07,0.00118061665526813,2
"19912",4.75572832963932e-10,1.89333107676119e-05,9.07722432653319e-05,0.000830681241976966,0.80265692541025,0.000193881393146761,0.196187094448504,1.83424381766475e-05,3.34900636542744e-06,2.00319744962207e-08,5
"19914",0.000389216004005022,0.63336597337844,0.000383293412198981,0.231524223224253,1.6828571169831e-06,0.000641501467847836,0.129696779707126,0.00181186709568192,0.000116879380697136,0.00206858347263262,2
"19916",1.82328421153623e-07,0.000966378320326259,1.8715874715153e-06,7.76417726581507e-07,2.16863554424808e-05,0.995452535011542,4.2261631462394e-07,0.000411625054197182,1.3937546625728e-08,0.00314450837101187,6
"19918",2.00070721251332e-09,0.00697328110792127,0.0866847701807953,2.38489658918166e-05,0.00384043225809201,0.000201573907858389,0.902273642346055,7.97105500208097e-08,3.65506800408591e-07,2.00401532869041e-06,7
"19920",7.40019917985985e-10,8.59274773163774e-05,0.909013473762667,2.0177908801588e-05,7.44497566278759e-05,2.07153457972474e-07,0.0908047813298331,7.51903703709632e-07,8.91685921053396e-08,1.40798980049766e-07,3
"19922",0.119519254451287,0.0542795472748471,3.71443127399604e-06,0.000155941224697968,9.20854258033208e-07,6.38255808242159e-06,0.0803801464761543,1.8908862678273e-09,0.745363091497305,0.000290999341207948,9
"19924",4.09628647232401e-07,0.211051938812539,0.0350009617431619,0.00814789252169075,0.000162313544833472,4.28215643303736e-05,0.745441090273728,1.96471020310755e-06,3.05563106574415e-06,0.000147551569800636,7
"19926",0.000583693309640614,0.382975605461989,5.76015256396444e-08,0.53814940518057,7.51295889963478e-05,0.0574856410373815,0.0153690815233028,0.00105549481318929,0.000904523050315198,0.00340136843308979,4
"19928",7.09215320876069e-12,8.85599517125348e-09,2.25361425664302e-07,3.86992466854892e-09,0.99837024409455,0.00159474051813507,2.68966518058907e-07,3.40754379936672e-05,4.32207434518406e-07,6.80930922530441e-10,5
"19930",2.47886215169419e-07,0.0260900251101073,7.03912806884327e-05,0.00018018861679642,4.45358690636967e-05,8.90180356994676e-06,0.973590103779567,4.48802924212901e-09,1.13985678783795e-05,4.20259808463656e-06,7
"19932",3.73778753143736e-08,0.000417885696400815,0.00062633014300218,8.23155455765086e-05,2.44744616333075e-05,1.77982629878429e-07,0.998835500400885,3.48046423291736e-09,1.32034167529571e-05,7.1494779390317e-08,7
"19934",0.00927573706150769,0.260677611728594,0.000108147480421067,0.195818775994032,1.87396249207962e-08,0.00059088312319781,0.0138428064277465,1.72932278689459e-06,1.75806240096936e-06,0.519682532059688,10
"19936",3.31378960561597e-05,0.0616177988542989,9.0890908585266e-05,0.100654049175718,4.98022049583523e-06,1.67343429675141e-05,0.837267314821349,3.25030755360986e-06,0.000120582476310285,0.000191260996665334,7
"19938",0.00497140535256859,0.0672790819900914,3.2476302225607e-05,0.157656825827029,4.23598406209108e-08,0.00999684809274316,3.56420721374747e-05,0.0084616369805136,1.71921374027572e-06,0.75156432180911,10
"19940",1.37942101915586e-07,0.856567380056267,8.39038038809109e-05,0.00013465722908288,0.00259852954068896,0.018907647590765,0.121293477346291,4.91683657866412e-08,1.28410161881025e-06,0.000412933220937286,2
"19942",2.15410004435845e-11,2.35201977363281e-07,1.22775648583183e-07,2.22575419188835e-06,0.971043816208281,0.0286914408396695,7.17096891130647e-06,0.000254912188755756,3.79754737604184e-08,3.80655494486978e-08,5
"19944",4.22561486929975e-06,0.924639648026432,3.45711851006458e-06,0.00439581734368687,6.04238124253512e-06,0.0442438842104098,0.0175084386290995,3.14864437288695e-06,3.74032658934276e-07,0.00919496399871815,2
"19946",4.08630726988491e-06,0.735442582532652,0.0106022622536944,0.00235508170252806,8.06430597098989e-06,0.000633118380180157,0.249474100895967,2.44138611849394e-05,2.24472199606877e-06,0.00145404503855729,2
"19948",1.60540326208717e-12,3.56001356171426e-07,1.73879590502303e-07,1.09894089304729e-08,0.99632345485938,0.00366694946182008,8.93281736284345e-06,1.05996898876093e-07,8.07160313445938e-09,7.92097430117924e-09,5
"19950",4.48257604942152e-10,6.71003109702408e-07,0.999359614620199,7.11108206940945e-08,1.19738264869002e-06,8.25220501426386e-10,0.000638285517445342,4.34117239806088e-08,1.12620833173926e-07,3.05974124525711e-09,3
"19952",1.60540326208717e-12,3.56001356171426e-07,1.73879590502303e-07,1.09894089304729e-08,0.99632345485938,0.00366694946182008,8.93281736284345e-06,1.05996898876093e-07,8.07160313445938e-09,7.92097430117924e-09,5
"19954",2.89372331084326e-08,0.00485836623952961,0.000340787791938359,7.15214446203973e-05,8.82394795800064e-05,1.62096548096174e-06,0.99463294463508,3.01757161682567e-09,6.02044578847633e-06,4.67043177050304e-07,7
"19956",1.10540114707564e-07,5.880626831327e-06,0.264664730081187,0.00556138674438807,0.0105780190355443,2.22249841066408e-06,0.118891785326766,0.599707896954508,0.000587942102965911,2.60892841726065e-08,8
"19958",0.00649066779294376,1.56369711974288e-05,2.51355821281727e-05,2.14884797307337e-08,1.67822927872917e-08,1.94059873416123e-08,6.35869255420128e-05,5.53731157813291e-09,0.993404604409594,3.05104523431642e-07,9
"19962",0.000762029827149417,0.084760133700933,0.283444913787871,0.0137317109703826,1.70727970807083e-05,0.0262308138622853,0.570926917635105,0.000472737417336683,0.000117630140848777,0.0195360398610069,7
"19964",3.59979706605125e-07,0.722632185409311,0.00555838608023328,6.53404827114873e-05,0.00548095503014762,0.0206374526920783,0.24519393123221,1.23731603044243e-07,1.71847689577084e-05,0.000414080593041164,2
"19966",1.16285890319749e-05,0.00594122476384366,1.00640203705566e-09,0.00614857885416186,2.47236391164322e-06,0.88072221814145,1.67117700913429e-06,0.000122640671400659,1.37798916829828e-08,0.107049550652898,6
"19969",3.56303468573692e-08,0.0029921569745548,3.1690566656736e-05,0.00452970771790264,0.00786460340877832,0.000380865812485352,0.984193824812269,1.87435131923129e-06,2.12643807340266e-06,3.11428761339236e-06,7
"19972",6.4663861158252e-09,0.0553616836886615,0.0381551953889194,2.0588758729955e-05,0.525051135326516,0.00039503195298117,0.380984474729737,2.22401366873349e-06,2.73305432132032e-05,2.32913118603851e-06,5
"19974",6.61444040027929e-12,8.22956564796546e-06,0.532842669510724,2.07325922412555e-07,0.410277168094803,3.37276495526358e-06,0.0568671489791948,4.40544339474993e-07,7.62059312395083e-07,1.14848677213239e-09,3
"19976",4.32293782527654e-07,0.535647261665312,0.0375115672542628,0.00130447665909567,0.000113366907540186,6.13841975070046e-05,0.425180541649384,1.69671988037208e-05,3.46894213820112e-06,0.000160533232174029,2
"19978",3.30401929951751e-07,0.963642897955223,5.83039643272417e-05,0.00029251497120237,1.98311426705562e-05,0.00572368566986674,0.0161930788482462,6.47497788406529e-08,2.59413518692325e-08,0.014069266355404,2
"19980",4.15963923359369e-09,0.00013125546586029,0.157391158393153,1.38829311354183e-05,0.000191069815348822,9.83241052368684e-08,0.842266526066071,2.13514917361915e-08,5.95874816511302e-06,2.4745029902408e-08,7
"19982",2.99998311290922e-07,0.000215989445795706,0.898654693320502,0.000553534058813851,2.54581953254766e-05,7.75914809789841e-08,0.100534452834945,1.92084759523514e-06,1.05623860798753e-05,3.01132115040941e-06,3
"19984",7.79489338829222e-10,1.87773394530979e-06,0.999911738403055,1.45393082950745e-07,1.37266355445055e-06,2.07131679477745e-07,8.39891697748143e-05,4.5452864302495e-07,6.20614333233376e-09,2.07990632270846e-07,3
"19986",0.0013015779780798,0.0179879594878101,4.11574552096528e-10,0.00391603782374207,1.75963539930205e-10,0.00267924297747964,5.23488708203918e-08,0.000164401565042974,8.42954415421604e-09,0.973950718801892,10
"19988",0.00146628178841115,0.00103579448054876,7.33407007512612e-11,0.00017454374829883,1.45251500279274e-12,3.62943887630898e-05,7.6733095043869e-10,4.94481415642622e-06,9.15495283617419e-10,0.997282139022202,10
"19992",0.00152726166216591,0.00111556738623426,1.50645123258433e-08,0.00575496116450731,2.45209681617778e-12,1.71987926946855e-05,4.38197687873806e-08,8.70206741438447e-05,8.67182398609155e-10,0.991497930566338,10
"19994",1.01287782090734e-06,0.0378941884830831,1.44538006940763e-05,0.000973848211092257,2.30622383274106e-05,7.89965916109194e-06,0.961036099288851,9.50029402712739e-09,4.42556409395834e-05,5.17029973629346e-06,7
"19996",0.000207348747437186,0.0088138486729564,1.19948003149093e-08,0.000409973628084009,7.31246247829309e-12,1.01571583428403e-05,1.10165145049431e-07,9.85185686724806e-08,2.24735572845488e-10,0.990558450882617,10
"19998",2.54333251922775e-06,0.0020303069402308,0.00174185259874946,0.0925034999771536,0.016394055714507,0.689674478702585,0.0508932760686513,0.14607101747133,3.88411656834106e-06,0.000685085077705487,6
"20000",0.000115168552014129,0.000111780895763647,0.000122014946405062,0.090178780970351,0.00162021299097922,2.45246066013641e-05,0.775708494606306,0.00425365266097079,0.127865130425484,2.39345124357004e-07,7
"20003",1.26435120383055e-05,0.0714294232979065,5.85782865583966e-07,0.0201956672257299,0.000117358488964219,0.00118470181007637,0.906865023163951,2.04817772815706e-07,0.000130336100279752,6.40558004153888e-05,7
"20005",2.32948346442782e-10,0.000245582284611371,0.0201402355980346,7.66950701903055e-06,0.0125386383125287,1.63786321836413e-06,0.967062486324658,5.0338645544543e-08,3.69114722200877e-06,8.39111419792802e-09,7
"20007",0.000213042458305654,0.852399910324348,0.000133849720266377,0.119471113380765,4.77212698623152e-07,1.34997385472373e-05,0.016994031360148,0.000297652137195971,5.32687643861619e-06,0.010471096791286,2
"20009",0.000432526664280525,0.0271656312972959,8.69255377033749e-05,0.000255046928347872,5.21399212818304e-07,0.669387333745917,2.83186719382865e-05,0.000166279833497643,5.85347650855152e-07,0.302476830574156,6
"20011",9.59022872336841e-08,0.382610684810715,0.00682026947530784,0.000548011028187995,0.0669156159897963,0.000553303801300064,0.542490610055071,3.91658034231412e-06,1.93561192181547e-05,3.81362377745421e-05,7
"20013",3.00880048474588e-07,0.00504666319005178,0.106651665543231,0.0111982362500093,1.54744504354424e-05,5.9132158252137e-07,0.877065279174662,1.31057210696426e-05,4.06494690266186e-06,4.61852200718393e-06,7
"20016",0.0164741997124266,0.0516608856783674,2.85154260142077e-06,0.00194670591134889,1.30686693654751e-09,0.000836862566167435,3.90868245618203e-07,0.00318195731003916,6.59934258639356e-07,0.925895485169678,10
"20018",0.997365181863612,5.75208444899563e-07,1.85378768870935e-11,6.44007507756265e-07,5.34846556736762e-13,1.39353242494938e-06,2.67615965832957e-11,7.13166064153232e-06,7.18047082050444e-05,0.00255326897332912,1
"20021",0.000758013499812315,0.750196018043649,2.14357066276904e-08,0.00181477746634339,7.07413569175642e-08,0.00668993840821693,0.0017422126027156,2.37992402484337e-08,7.49847464991231e-07,0.238798174155495,2
"20023",0.000622174173320936,0.849526964024042,3.74093757226158e-05,0.0549608199741013,1.14700936666243e-07,0.00980217362591036,0.011753587588332,0.000128701159022073,5.14936255646755e-06,0.0731629060160552,2
"20025",0.712041980275528,0.00496249164964899,4.34976360184401e-09,0.000122092771340771,8.07401060079517e-10,5.75758343237692e-05,3.20088622712225e-07,5.03744655208581e-05,0.000259863192101988,0.282505296565749,1
"20027",8.63047013092993e-09,0.00132073867021089,4.37904743986439e-06,0.00671561203683242,0.471363283088422,0.000922108615179092,0.519623087234512,2.23093403578748e-05,2.80546434696546e-05,4.18693106884315e-07,7
"20029",3.15719555140112e-10,0.000210380193643758,0.00570453147441433,0.000260937353197949,0.0356686109687869,2.38735503139494e-05,0.958130855707305,4.51071498498415e-07,2.60463005439406e-07,9.89021144226904e-08,7
"20032",5.04390140012605e-08,0.00187342762611608,4.24043571496634e-06,0.000532354092771755,0.00585482281068074,0.000181481563929432,0.991502275858277,2.22523965591326e-08,5.09577373153976e-05,3.67183783851124e-07,7
"20034",3.10805020473591e-11,1.00285391431805e-05,6.10062317182918e-08,8.89657794984171e-08,0.970710764450083,0.0292077851803616,7.08682763813628e-05,1.90741446839731e-07,1.58008943082899e-07,5.4800549907883e-08,5
"20036",8.04155480094634e-06,0.000168500586877068,0.0166444007835308,0.635751545263776,3.28237362731111e-05,0.000132675104249673,0.0369451254584826,0.310066710178162,2.45670308507684e-06,0.000247720630763091,4
"20038",0.0211580606964068,0.0460907136659843,2.7176230494204e-10,0.536046096497811,4.73592515605401e-10,0.000133298935523585,1.39964634263628e-05,1.16727992442476e-05,7.70470197587753e-07,0.396545389726051,4
"20040",0.0159810305285664,0.029416817756681,7.88673073322859e-07,7.0311997192503e-06,9.7009985496237e-08,0.289808459517027,8.7441044325319e-08,0.00102327564678115,2.02357395787102e-05,0.663742176487543,10
"20043",0.00414992700519895,0.0254096122814682,1.21953187049287e-07,0.040557079492289,6.4506301055089e-10,5.73593000831729e-05,0.000328515989001827,4.88232376944968e-08,4.7909398130912e-08,0.929497286601073,10
"20045",0.0243489773483438,0.000829962072822574,5.4955466905087e-09,1.74433684576846e-05,1.29051219305009e-13,8.5232492893162e-06,1.19228869823827e-09,9.71828882147528e-07,1.59980526791271e-08,0.974794099446187,10
"20048",2.71240611624271e-10,4.84935498484205e-08,0.999991814457506,5.85368374415492e-09,3.56329808203209e-07,4.56380416901547e-10,7.48776640210517e-06,2.56473284920411e-07,2.74541622374955e-08,2.44398181411266e-09,3
"20051",0.0282438491620797,0.0740072074767224,0.012071728484149,0.248028753837116,7.1806803364493e-08,2.48939370663707e-05,0.550616465702038,1.92936530552383e-05,6.44979508354359e-05,0.0869232379901348,7
"20053",2.51295367079651e-05,0.898998880296253,5.33791196592359e-05,0.000751491066907638,3.94944096988737e-07,0.0232045984696622,0.000799523038086918,3.27569144924467e-05,1.05446941441647e-07,0.0761337411671927,2
"20055",0.00758045230472288,0.0126127308764704,5.42588298990807e-10,0.972990187741084,8.27733412533666e-08,2.14211547944954e-05,0.00040406597433801,7.42876190975305e-06,6.4549537287054e-05,0.00631908033346422,4
"20057",5.3421132945757e-05,9.03395385526513e-10,2.24127554088084e-06,1.0095041279614e-09,7.34633831302773e-08,4.41287828789284e-10,1.61180852860626e-07,2.64472259118664e-07,0.99994383607122,4.96108040631798e-11,9
"20059",0.000405963094053505,0.874052036743993,3.12594196606316e-06,0.000307192007299745,8.06187668236297e-07,0.0784146384101223,0.000484861666633213,5.92093655351664e-05,3.32268404318371e-05,0.0462389397422965,2
"20061",1.84609979653963e-05,0.979981218127757,9.90593659375615e-06,0.00106394086143522,1.49848951817026e-06,0.00257202080602478,0.00332808299205899,3.68313139454352e-05,1.11701734621908e-06,0.0129869234573548,2
"20063",3.66169268386448e-05,9.82359280181754e-06,0.810781223341012,1.35916022867342e-05,1.41491985803565e-05,0.00132691366895647,1.52965943843643e-06,0.180050975374666,1.09450956749728e-06,0.00776408212585171,3
"20065",0.987929687742086,0.000128196454952019,6.38676620875449e-13,0.000126305694012499,2.02893816140795e-13,4.73723571497516e-07,1.37369206429445e-08,6.10475037422436e-08,4.17772261657392e-05,0.0117734843739466,1
"20067",0.0594574632572061,0.0392101966655941,0.00013199877263716,0.00148237281314877,1.2052687026468e-11,1.3450995010289e-05,1.50328898789846e-05,1.01206168803648e-05,7.23349665818797e-07,0.899678640627926,10
"20069",1.0910075522177e-08,0.000134080360003006,0.454796763718175,2.48662689999692e-05,5.97396659543608e-05,4.57719854456665e-08,0.544978448774923,4.95548604356112e-08,5.9356903322342e-06,5.92846907447038e-08,7
"20071",1.5907426430765e-06,0.0029135894217076,4.37011896720647e-06,0.196243693472293,6.73421355586848e-05,0.000256313398192453,0.000462396696851179,0.799967597959328,2.06121070269293e-06,8.1044843756277e-05,8
"20073",1.28590721786819e-08,0.00248566855091701,0.935820830858452,1.02245066010306e-06,0.00025137444399987,0.000193187385068098,0.0612373913737697,5.7057335628243e-08,3.47715096433757e-07,1.01073056289504e-05,3
"20075",0.0599520767500237,2.37774208932001e-07,8.58781929509627e-08,0.000341060758118315,2.3309212596003e-09,7.2777317326013e-10,2.09489151047694e-05,2.35244216873679e-06,0.939683146734656,8.76888326071793e-08,9
"20077",3.69551767150421e-05,0.0819490575896939,0.000172167723547073,0.694640069845237,7.80016390071866e-08,0.000318044653654917,0.00100284337109449,0.00648864388031534,1.01147153078861e-08,0.215392129643388,4
"20079",0.000809880794327003,0.00179135093672905,0.900400513209337,0.00906787061056061,2.2380273704458e-06,0.00019231383498204,0.0244564957220807,8.31049390509045e-05,1.54376108772261e-06,0.0631946881644744,3
"20081",0.307670818365546,0.343765386304181,1.7089066829545e-06,0.122008356628433,3.2629273441088e-10,9.10957364672385e-07,0.000516418356425993,1.48299127786954e-06,0.000179029083303251,0.225855888080492,2
"20083",1.35593746305043e-05,2.02792552203781e-05,0.541333810331784,0.0221071842657542,0.000126065021119412,0.000390422894988683,0.00163760703982549,0.434218151505787,9.18656982786823e-06,0.000143733741062172,3
"20085",0.0142554480945474,0.0004909670292689,1.55645738185866e-11,0.000566657904945324,3.46956423293579e-13,3.41741383633897e-05,2.04525499210228e-09,1.062201392337e-06,3.35260500856082e-09,0.984651685217711,10
"20088",0.00762202722630486,0.0355261762278743,2.80369675309036e-08,0.0106164409515705,4.13727170402962e-11,0.000399869634580239,2.95657608840775e-05,5.82495494072569e-07,4.89097790286882e-08,0.945805260715173,10
"20091",0.926444210367641,0.00166224280258713,8.87159792882297e-07,0.000174598513254573,2.09680272523865e-11,9.20612374577871e-09,6.01329322135356e-06,3.78804604057714e-06,0.0715670219119849,0.000141228678386123,1
"20095",5.05746607062512e-06,0.273443777525831,0.693891027633966,9.56176454127045e-05,0.024000879594056,0.00108110070609648,0.00126366321508932,0.00256398329628017,7.43413427174702e-05,0.00358055157448024,3
"20097",0.0575401916312713,0.0005072387526225,2.42722434968861e-11,0.00201295808066287,1.70869754047285e-13,1.00072322220185e-05,4.68041184992132e-09,4.58804714252613e-06,1.98739172993641e-08,0.939924991677306,10
"20099",3.33435042639472e-07,0.237099393042113,0.00118079709843558,3.76720409853931e-05,0.00905670309545981,0.505814266760659,0.00011262440001458,7.84393047566898e-06,9.52279457175288e-09,0.24669035667402,6
"20102",0.00415004905052221,0.000519340484613632,0.987866051099762,1.19307695216903e-05,2.50205418398456e-08,5.0421846528958e-08,0.000221635037202661,0.000782423155933172,0.00640386136705526,4.46335930010687e-05,3
"20105",0.000971323854766005,0.103340288053597,0.000265118925369728,0.0020663774192632,7.75680785629214e-09,2.00451360508543e-05,0.000589094011408131,1.0175469495837e-07,3.71792985517258e-08,0.892747605908743,10
"20107",0.000230257547839347,0.331768194742573,1.24140454196315e-07,0.10095100875817,5.60045619808397e-09,0.000240634402692205,2.2582235610791e-05,0.00010683052988306,1.6077691902953e-08,0.56668034596463,10
"20109",4.83111825891935e-06,0.509419505763944,0.252306074485361,1.04856404899451e-05,8.68826079600484e-05,0.0328820434828273,0.00500177520700576,1.81325180346206e-07,1.093029107878e-07,0.200288111066061,2
"20111",0.000215054222564002,2.64322762371753e-05,0.00013955844612756,1.20461586415921e-06,2.22137567592977e-06,2.01461638970993e-09,0.00839179818519448,1.61608268539706e-09,0.991223710858663,1.63889746508121e-08,9
"20113",1.37711789335272e-05,0.176417355903542,6.59882591610019e-08,0.725271438780655,0.00013812784346768,0.0262052321275266,0.000438983162834435,0.0215057173386609,3.45905776955739e-07,0.0500089617703437,4
"20115",1.34597438395154e-06,0.00405525995924951,0.000126883749011636,8.23603094986195e-06,0.00720335638143403,5.57053742559566e-05,0.97370524383869,7.41198147275407e-08,0.0148436858312577,2.08740952757432e-07,7
"20117",0.0626386203004438,0.0352472314885869,7.28006592510532e-07,0.00886318092290515,0.0237926727209026,0.132202735022689,7.17408700659493e-05,0.00596716850438713,0.71685272421579,0.014363197947636,9
"20119",2.72117525432825e-06,0.00225866734928666,2.11493436296576e-10,0.00376331440707664,8.06858803163405e-06,0.935885583837375,1.03124568123866e-06,0.000168999447316173,2.44296075679495e-09,0.0579116112955239,6
"20121",0.0012909891894566,0.0650051268381383,2.9146464295822e-09,0.0605917271138138,4.76326032091501e-10,0.00251304894505067,2.14650624679422e-06,0.000247720826864799,2.63342327678e-08,0.870349210855224,10
"20123",0.988665510126256,1.48774300120339e-05,6.55133837797016e-10,0.000381704907309019,2.70984078704687e-12,3.65014578057436e-07,7.54900984572909e-07,1.11419881077622e-05,0.0108513243933492,7.43205815598312e-05,1
"20125",1.39071890395098e-07,0.00158596993015643,0.0754886389145338,0.000470127129072638,9.04357380523423e-06,2.89652817747278e-07,0.922428751349306,1.58567091336141e-06,1.48929480037852e-05,5.61759500079573e-07,7
"20127",0.000397626170983993,0.000544219164315504,8.19983494328901e-08,2.99952874655438e-05,1.54411543112039e-11,2.04722973490882e-05,4.33772449290843e-08,1.64533788965513e-08,6.67399864966537e-10,0.999007544568072,10
"20140",0.00118974181402478,0.00276219389493022,3.81051888211385e-09,0.992765062407119,5.40560953538576e-07,2.24541412033464e-05,0.000352987508919197,0.00202460379048453,0.000489545201924378,0.00039286686992145,4
"20142",1.04449789843185e-09,1.52253463064485e-06,0.997551085520654,6.554454224958e-07,1.89337326673591e-06,1.86030130571847e-09,0.00244368332379083,7.91032634201249e-07,3.61084680437398e-07,4.7801218882021e-09,3
"20144",3.42985922513e-05,0.000665052224465784,0.00343314829046362,0.0051853574052307,2.08411006340356e-05,8.45496995686663e-07,0.927366256969265,0.000438560785305925,0.0628554480317658,1.91103622053895e-07,7
"20146",9.09760615521911e-05,0.00277227535662352,0.419243650725159,0.12187007329043,1.26591176560128e-05,3.28476801085774e-06,0.319925275040708,0.135736262871026,0.000201846409383744,0.000143696359451388,3
"20148",7.53067177092518e-06,0.0120008413402941,7.87296127953874e-05,0.0509171287425659,2.86711730314209e-06,1.56118090180252e-05,0.936827628558,2.77289813806101e-06,3.80657313340608e-06,0.000143082676980557,7
"20150",1.12162455623823e-10,3.59090262862634e-05,0.343475416395146,2.1516349128726e-06,0.0316592921587281,1.03812397171017e-06,0.624823145887898,6.05419301160542e-08,2.98227007372941e-06,3.8488911839559e-09,7
"20152",1.67573339083262e-05,0.0525579775123615,6.22948557730897e-05,0.0672081013558434,6.10312741587286e-06,0.00106817722132789,0.878221210692026,2.41222203604936e-06,6.74587095699903e-06,0.000850219808351355,7
"20154",0.995914457927764,9.58638337153629e-06,2.52850618792289e-07,4.10803857296818e-05,4.46935397717038e-14,1.56221573891701e-08,6.47685888466388e-08,3.16184824551239e-07,3.59268906904631e-05,0.00399829898620982,1
"20156",0.00044796050413621,0.655130575199482,0.0176814379244,0.0823073350002995,2.47866607512742e-06,6.48020837146725e-05,0.0049167574876146,0.226392624472992,9.93566433580269e-05,0.0129566720179278,2
"20159",2.08255787136059e-08,0.000111354407747819,0.572054224546595,4.61281251590113e-05,2.29789881819085e-05,3.67792764386825e-08,0.427755205069083,5.58245757668214e-07,9.43517166334456e-06,5.7840957170051e-08,3
"20161",4.50427102157637e-07,4.34086600695046e-05,0.986057272935002,0.000125541779384307,7.91005496060823e-06,3.05576146405441e-05,0.0023770492007792,0.0113461871913759,2.42550252527932e-06,9.1966341605199e-06,3
"20163",0.000240066731880561,0.0732232159705096,1.29864562755039e-06,0.0057329119924412,0.000202949999924247,0.00295111090134665,0.914972314500723,1.26230647138585e-08,0.000364705950679601,0.00231141268380305,7
"20165",2.0169104280957e-06,0.00050355354205996,0.997837760265808,1.30975995104512e-06,9.6209969583485e-08,8.19701431480435e-07,7.82420101218842e-05,2.81651554317178e-07,3.03335444139218e-08,0.00157588961513165,3
"20167",3.33757608180946e-07,0.0220460679057571,0.00569083640063394,0.000937584855989525,8.78328172519127e-06,3.84677428859243e-06,0.971244516606872,1.23269788411286e-08,4.05679328407883e-07,6.76124108180404e-05,7
"20169",2.80367419609559e-10,1.12521446740798e-07,0.999950833013589,2.63893964500231e-08,4.71344594841164e-07,4.85853476683597e-10,4.80501903214494e-05,4.53684215713295e-07,5.01278507322521e-08,1.96236469383129e-09,3
"20171",0.997733923579757,2.32382691961042e-06,5.0491735080484e-07,1.64959915125341e-05,3.92958989478036e-14,1.81275123662182e-09,3.21786423039565e-09,3.37917938350936e-05,7.02693438466015e-05,0.00214268551612369,1
"20173",7.01711220258351e-08,0.000170966151894393,0.0167448715236303,2.55623832522862e-07,0.00389329150638352,0.977082476301569,1.753231283928e-05,0.000212653031989831,5.07161654835865e-08,0.00187783266057364,6
"20175",1.81705789758832e-07,0.114555799008716,0.00636128477564832,0.00172900685005154,0.000451658530895515,5.80330942656892e-06,0.876855688646046,3.98207506395016e-06,2.78213524478809e-05,8.77374591405499e-06,7
"20177",7.90478761807041e-08,0.0173366371891148,6.15315203562201e-06,5.62562872064582e-05,0.00310709020265604,0.961891958891138,4.55866585736036e-05,4.97202007767104e-06,2.15946922072121e-08,0.0175512449566293,6
"20180",0.0114268684516176,0.0430827964995813,5.70869004806393e-12,0.00805489076336264,4.1758168517764e-09,0.0160209745975414,1.26981968929019e-06,4.34312621887814e-06,7.39085384393024e-07,0.921408113475079,10
"20182",8.5894883785877e-09,2.30753262126346e-08,0.971936614332391,1.85856389042881e-09,0.0224145639922961,6.67388277937987e-08,8.30877794222186e-05,9.36808631132059e-06,0.00555626541940507,1.27967960322841e-10,3
"20184",1.11338199414968e-08,0.000184792620438257,0.982507321769511,4.51745395649799e-05,3.84859417560996e-06,1.84591015154067e-07,0.017255259029264,2.50236293050723e-06,2.27537101376698e-07,6.77822179007256e-07,3
"20187",4.66884177865115e-09,0.00258445052169537,0.000651052765576137,0.000472111621896077,0.164183058130331,0.460759622071699,0.000448425218390611,0.370677841438834,1.07849201026342e-07,0.000223325713535191,6
"20189",6.25730866928292e-07,0.336228847046566,5.95928645549381e-07,0.000237687968311152,0.000130410678543074,0.6212773164685,0.00358301333211465,7.17810189990317e-08,1.6535238738367e-08,0.0385414145301949,6
"20192",0.0208859015255079,0.0154576433422037,1.12933282955693e-07,1.45229502896255e-05,2.83075834134897e-05,0.902662460132153,0.000118388860484922,9.14387210244815e-06,0.0031980551583216,0.0576254636422406,6
"20194",4.13343724579559e-09,8.84559160155509e-06,0.368193102281159,0.0117645802673915,0.147708015685499,0.000162641044080859,0.0318517598654682,0.440309380803024,7.0873414018549e-07,9.61594198830407e-07,8
"20196",0.68369361171001,0.00361569840876663,1.04864286060687e-08,0.00255987868727375,4.69904114367888e-11,8.26663957394795e-06,1.13662814363936e-06,1.04623677990978e-07,1.0108720948708e-05,0.310111184048187,1
"20198",0.000769914313161005,0.468485139842573,0.000379164321776,0.166651215668275,1.58651052716502e-05,0.0076012403521308,0.337000603202538,0.000728582528601537,0.000500970239166423,0.0178673044265065,2
"20204",3.99825799470587e-08,0.000205615881940981,0.42872088447378,7.55669696596374e-06,4.28826033048208e-05,2.0408295850567e-07,0.570994108757809,2.00242057787213e-08,2.86185747081895e-05,6.8921746187566e-08,7
"20207",0.327236172881782,0.00733355986417337,1.01615432620966e-05,0.0193951491377331,5.14509450841974e-12,2.40843731884707e-06,6.60282701434133e-06,1.56730040405038e-05,4.44210715834609e-06,0.645995830192372,10
"20209",8.9900761525233e-05,0.000864124552250491,1.20905532075118e-07,0.00418657994625147,0.00672040425184326,0.000110184427862165,0.105198317033373,5.61038525531305e-06,0.882824429966903,3.27769203909919e-07,9
"20211",0.99599088160537,2.16619725983271e-05,6.64619377569924e-09,0.000939144458820243,1.76367997465123e-13,3.32789583303902e-10,1.50648512337298e-06,1.78391007146185e-06,0.00299229639551872,5.27181933386684e-05,1
"20215",0.000212780805347138,0.00257870225643327,2.09266899323987e-06,0.911504602160081,1.23339963249986e-08,3.91615229852104e-05,0.000373744496964953,0.000967322990022587,1.49553248990921e-08,0.0843215658098516,4
"20218",1.55752027669576e-09,5.72597022073428e-06,0.988836347810652,6.16039354144223e-07,4.1398814374169e-06,2.91643526558181e-09,0.0111525902865244,3.4117315733591e-08,5.33027993652843e-07,8.39254645342178e-09,3
"20222",0.206342079855953,0.00806817346796139,2.35266306815452e-05,0.0943915318512251,3.96576387006847e-10,1.4901289671931e-06,0.000781797442179375,4.42775964801208e-07,9.04536420771029e-06,0.690381912086284,10
"20225",2.84016137367322e-06,0.000120295167215503,0.0116676309183046,0.0127362969417684,0.000263858321422674,1.03489798906784e-06,0.973981842547046,0.000468844183651637,0.000756156622881149,1.20023834684371e-06,7
"20229",7.09277230686549e-05,5.30490040516628e-05,3.6907932804271e-06,0.705258408163139,1.00465000858766e-06,2.93298647754531e-06,0.00223219768950511,0.292305267495276,6.23803726911848e-05,1.01411225020395e-05,4
"20232",0.00118449011034709,0.54491058603772,1.10567343836704e-06,0.438904629535956,3.24030799094828e-07,1.11306337695057e-05,0.00208209464095748,0.000279042160174203,4.61259439007646e-05,0.0125804712329377,2
"20234",0.224331960689127,0.000519202918746243,1.56305347342838e-11,5.3049663238667e-06,1.40379883220767e-10,0.000451229235198873,9.38293282223101e-10,2.72272385979231e-07,8.31957355974414e-06,0.774683709250354,10
"20238",0.00218942530198683,0.423879368725957,3.05351348294118e-06,0.00471731542711199,3.05484600577589e-09,8.92976037343017e-05,1.61043572147953e-05,0.000517074163153635,4.31977915714485e-07,0.568587925874597,10
"20253",0.000639227638179917,0.000970279096049753,1.26978789359417e-07,0.480466232752395,7.98744428134169e-10,0.000186347584662211,2.68693574225661e-06,0.00565355477405954,3.42618279700131e-09,0.512081540015195,10
"20255",8.21052408118382e-06,0.00391285622196507,8.67233025807277e-05,0.00398489525390446,2.15785849425363e-06,7.59874373000628e-08,0.991666364405368,5.75083607439871e-08,0.000337683070016091,9.75867791808664e-07,7
"20258",0.000142207771896734,0.0606728154213386,4.46675109234628e-09,8.30985903138214e-05,2.20416660827621e-09,0.00140265079269257,4.5445577137889e-06,3.37324815218178e-09,5.843225858873e-09,0.937694666978653,10
"20269",3.55758033968746e-05,0.755177994307616,0.0241428359304416,2.2139447318241e-05,1.77103516444311e-06,0.0010890949164145,0.00442854022059536,1.42074493572713e-08,2.51979374771546e-07,0.215101782152229,2
"20271",3.87766446788155e-06,0.0456491489785924,8.59353114357331e-09,6.61660047583494e-05,5.66133566436056e-05,0.578852415275749,8.16948995143654e-06,2.29287471889321e-07,1.64700053794126e-08,0.375363354878829,6
"20285",1.37397532223208e-07,0.000855283827566966,0.000494862252633367,0.00759401291798283,0.327295172558107,0.642912783773576,0.0201087479460038,0.000556947141629098,4.71979007368071e-06,0.000177332394895453,6
"20288",0.00036681711933661,0.101830855426145,1.02665123090053e-05,0.822656965686231,6.88338985602532e-08,5.45272426449559e-06,0.000620885603433028,0.00144113920347623,3.61983303905563e-07,0.073067186907602,4
"20291",0.445420321938543,0.387958734858172,4.92758115850412e-07,0.00226907199771695,6.82067805393071e-10,4.53714996859235e-05,4.1736200726136e-06,6.3745385138605e-05,0.000674745137610166,0.163563342122878,1
"20295",4.58197718903673e-06,0.122078513302388,0.00121430849677527,1.21662596805981e-06,0.00178232094006796,0.847969478687353,0.00318608281791492,3.05993705698887e-07,2.18174241667169e-06,0.0237610094162217,6
"20298",7.46830554261337e-09,0.000182666349480779,0.000991183732462571,0.000162608654909077,7.39387258234006e-05,3.68904511117164e-07,0.998583695318385,4.02138951569793e-08,5.45891746124066e-06,3.17147657857788e-08,7
