"","V1","V2","V3","V4","V5","V6","best$classification"
"19811",1.36488180911259e-07,2.76652266593735e-05,0.0331058601880025,0.96364929780003,0.00113927391330421,0.00207776638382323,4
"19813",1.8791844072966e-09,8.37493000274726e-07,0.999952288524832,4.47627606015226e-05,1.24423488091104e-07,1.98491889350802e-06,3
"19815",0.00033285557474335,0.00118651088618458,1.78523563674255e-06,0.978127705067796,1.80638525379155e-05,0.0203330793831011,4
"19817",6.62443785085473e-06,0.00010354805454137,6.25240067871014e-06,0.995602111888334,0.0007368574783009,0.0035446057402944,4
"19819",0.177632254864196,0.822299619532726,6.23786956230998e-10,3.41532180082194e-05,4.40523827625561e-07,3.35312374546389e-05,2
"19821",2.26694150135828e-07,0.00100368649320853,0.0113369957838939,0.960501049179392,0.0264502891137262,0.000707752735629526,4
"19823",0.0448884558076046,0.000380617333428037,3.91794238325523e-06,0.95358933685299,0.000267904840956301,0.000869767222637926,4
"19825",0.000318489680588493,0.107895993296461,0.00572745286829253,0.00221132361367478,0.877356326672362,0.00649041386862151,5
"19827",6.45360091971658e-05,0.000325089260009187,6.53212145893418e-07,0.587709324116733,0.411823782996315,7.66144055994634e-05,4
"19829",6.75638811807382e-05,0.989724448314814,4.48465895192971e-06,0.00183818836055185,0.00800722431995283,0.000358090464548263,2
"19831",0.145028097831323,0.854652122982918,1.18880404895405e-06,0.0002360115095259,5.48707195419587e-07,8.20301649886978e-05,2
"19833",0.997007728423589,1.85100369482758e-05,5.66462111480143e-06,1.37382371296444e-06,2.34993106682282e-05,0.00294322378396626,1
"19835",2.26694150135828e-07,0.00100368649320853,0.0113369957838939,0.960501049179392,0.0264502891137262,0.000707752735629526,4
"19837",5.49498738914131e-06,0.0007259965000948,3.26730799772846e-06,0.968063981786069,0.0311026348545029,9.86245639458282e-05,4
"19839",2.18951248994677e-05,0.964687896746411,0.0019892638153102,0.00408920093301504,0.0276401550340244,0.00157158834634056,2
"19841",2.22666750626983e-08,1.42514567856242e-05,7.28785439221755e-05,1.65395400465686e-05,0.999896163398048,1.44794522199228e-07,5
"19843",7.09009456875074e-05,0.970398111197296,0.0243742752959543,3.18168200742659e-05,5.38170003005699e-08,0.0051248419239875,2
"19845",8.82971048289769e-08,3.22627857878347e-06,0.908418431356979,0.0912194008665975,2.97168238806767e-05,0.000329136376859464,3
"19847",5.12604346461282e-05,0.00445705388413823,0.00560112791699812,0.97121491913874,2.04599915151853e-05,0.0186551786339626,4
"19849",6.81428528468745e-10,9.38127232936353e-08,0.999907170177779,9.1969742059763e-05,3.01577148253762e-07,4.64008861345371e-07,3
"19851",8.39847094081179e-06,3.24558477987676e-05,1.70433202518993e-05,0.998705601486367,4.95982178971917e-05,0.00118690265674466,4
"19853",4.91373328866537e-05,7.03016769337384e-07,0.0140611111797615,0.985038987198821,0.000600864823689365,0.000249196448072649,4
"19855",1.97314411924803e-06,3.62331635396221e-06,0.000740507252099346,0.994939122777349,0.00403101177185631,0.000283761738222279,4
"19857",9.79640441163932e-07,0.00779353025823718,0.0118190540203137,0.950992072288794,0.0203154257491443,0.00907893804306931,4
"19859",5.74449894460242e-05,0.000880410483078806,1.37147795296489e-05,0.983729782201924,0.0125469564917475,0.00277169105427381,4
"19861",6.01286347469466e-07,2.59210705424808e-05,0.0984232384709835,0.900705943986145,5.83808531307576e-05,0.000785914332851304,4
"19863",7.08913601293316e-10,8.26676163033921e-08,0.992602200778849,2.87270838668139e-05,0.00736807885826629,9.09902487840643e-07,3
"19865",1.87704740315928e-08,2.64494852751888e-06,1.5862982531122e-06,0.00215809622384702,0.997829647827682,8.00593121617135e-06,5
"19867",1.45417916328584e-05,0.000623428923169944,0.00504734205848759,0.983744214328159,4.34997306264755e-06,0.0105661229254885,4
"19869",2.0055733118952e-09,2.08624811211644e-07,0.989955898008403,0.00994987738463468,9.04231571204103e-05,3.59081945736949e-06,3
"19871",5.87365440274275e-05,0.00243397654912722,2.11595139149192e-06,0.955103993502801,0.0414255888121676,0.000975588640485189,4
"19874",4.12354628238069e-06,1.29098290228851e-05,6.40047646812944e-06,0.191455577038056,0.807871836877197,0.00064915223297461,5
"19876",1.20073318870152e-07,2.52865429789766e-06,0.000319908501769202,0.717372110232917,0.282266111229074,3.92213086232544e-05,4
"19878",4.92766369309662e-05,0.0038583778564781,6.9204911512614e-06,0.000661432192843782,4.37586987124654e-06,0.995419616952725,6
"19880",4.36080548739089e-09,9.3847069538247e-08,1.50729222723881e-05,0.00144847334330715,0.998536105172345,2.50354199718722e-07,5
"19882",1.58819110653734e-06,2.15503738308956e-05,0.216276923763041,0.767133707276251,0.00180447022050425,0.0147617601752662,4
"19885",4.28067913494184e-06,0.00472092486726051,7.6707262029201e-06,0.98830841486124,0.000639732426206523,0.00631897643995515,4
"19907",3.11480216246875e-06,0.000211165331889932,0.0510204550632513,0.933472040452345,2.8088909812508e-05,0.0152651354405389,4
"19909",2.77890331238836e-05,0.989660801159131,0.000144434354932347,0.0101107254057139,6.97296147242933e-06,4.92770856264071e-05,2
"19911",0.000736400218598368,0.95396428392984,2.34238548425071e-05,0.0233457948016888,0.021408218297407,0.000521878897622923,2
"19913",3.09744581098373e-08,3.57781143687502e-07,6.69876328953755e-07,1.95649235124878e-05,0.999979297476493,7.89680638799866e-08,5
"19915",3.31437873965915e-06,1.46297273506065e-05,2.79876593859797e-06,0.579384720257157,0.420353233783997,0.00024130308681698,4
"19917",6.26624940265287e-07,3.79409174337721e-05,3.34544022032811e-06,0.0125087669254778,0.987397052103171,5.22679887565795e-05,5
"19919",2.04959435671892e-05,0.000256500446802012,1.84152323274525e-06,0.84450467030071,0.150145531064559,0.00507096072112929,4
"19921",4.45550630814297e-06,0.000161686491561741,0.000178640836789615,0.994288768095539,1.33465362744169e-05,0.00535310253352704,4
"19923",0.000851219184849662,0.00220251075982063,2.40222706883474e-05,0.020958308811812,3.02173016363809e-07,0.975963636799813,6
"19925",9.21019820842384e-07,1.03886287601311e-05,1.09142525588695e-06,0.0557331833226675,0.944095966218637,0.000158449384858811,5
"19927",3.66133800538339e-06,3.46281947990322e-05,1.99977519003731e-05,0.999414261861441,0.000206849310755424,0.000320601543098277,4
"19929",1.41793001550198e-09,2.65895292275965e-07,0.468449941780457,0.0001921895728806,0.531357292328894,3.09004546190554e-07,5
"19931",3.7643702537486e-05,0.000519606374606197,9.22724589958867e-07,0.997571524899522,0.000920706605182499,0.000949595693562247,4
"19933",0.000772625740887314,0.67740550361989,6.45133774493797e-07,0.320273251285258,0.00112538003868803,0.000422594181502302,2
"19935",4.58549714876373e-06,0.0731029376280549,0.000615931405565591,0.909154051721448,0.00172392722281832,0.0153985665249644,4
"19937",0.000112217048714113,0.000192706522554893,2.37217889051568e-06,0.996433828297177,2.08485632154219e-05,0.00323802738944784,4
"19939",3.6166032518193e-05,0.000462511432050851,6.1419755388442e-06,0.752321050644125,0.00172493700607732,0.24544919290969,4
"19941",4.77140812995848e-05,0.943541242030335,0.000293610063670298,0.00723482502604997,0.0488607790745345,2.18297241107316e-05,2
"19943",2.07505906662727e-07,8.18368372432995e-07,1.63738952167714e-07,0.000782658583528879,0.999213974011784,2.17779145614532e-06,5
"19945",0.00182375430509514,0.910592000977302,2.98661110530753e-07,0.081369373010652,4.80746870904289e-05,0.00616649835875035,2
"19947",0.000112592661508035,0.111992068944487,0.0270161828262886,0.0188741141848043,0.841368836789217,0.000636204593695346,5
"19949",0.00252296745530294,0.0304502456954206,9.19477480824143e-07,0.0569187008037257,2.14669541100464e-06,0.910105019872659,6
"19951",1.35580782442652e-05,0.000998791413183222,1.19104048182375e-05,0.221458470007997,0.729759104497231,0.0477581655985258,5
"19953",0.876376550542424,0.121393864267063,5.13645913690208e-08,0.000835473301884771,5.05083280444216e-08,0.00139401001570837,1
"19955",0.0322245488592169,0.730433587388685,1.9301643534598e-05,0.00200357033498785,2.73235292264535e-06,0.235316259420653,2
"19957",0.000994058748574085,0.000871475161595954,2.806200823425e-05,0.111154086995691,0.886632730320517,0.000319586765387639,5
"19960",5.55603604244261e-05,0.992909891087909,4.27675782082235e-05,0.00136923599245609,0.000293004619099855,0.00532954036190218,2
"19963",0.0627915839227666,0.000304170477613293,8.77248785535002e-05,0.000452297087540391,0.936356999766014,7.22386751190626e-06,5
"19965",0.000225160216973588,0.895047647475836,6.2834890874779e-05,0.000123406820947159,2.66793978629817e-08,0.104540923915971,2
"19968",6.25719366805747e-09,0.0014374861437022,0.19593635950392,0.0151088175869545,0.787455883806322,6.14467019080555e-05,5
"19971",0.00199736223288682,0.000713615499208535,8.28014710091138e-07,1.69009346185614e-05,0.997222880024622,4.84132939541585e-05,5
"19973",3.42856263605076e-07,9.06636980732408e-05,3.07929992680951e-05,0.994678153850705,0.00453743488222942,0.000662611713460361,4
"19975",2.46971657660363e-08,2.90603965481143e-05,2.93068688180679e-05,0.0257363098762048,0.974145030365552,6.02677957117203e-05,5
"19977",3.71467754770614e-05,5.57633865415009e-05,0.000169601813240992,0.000613659880321277,0.997939705385256,0.00118412275916367,5
"19979",0.000229272162595348,0.999760845280269,5.50605250073967e-10,1.28319388152978e-06,7.29999048171442e-07,7.86881360035297e-06,2
"19981",1.04658933343241e-05,0.0116040874992567,0.000628420466972214,0.986392193570028,0.000455429683004871,0.000909402887404326,4
"19983",6.23762543563503e-05,0.0196409714683425,0.000497348185210365,0.710371037613135,4.07044093711771e-05,0.269387562069584,4
"19985",1.73846387686033e-07,2.89921022728682e-06,3.88883950719354e-05,0.181517340676389,0.818275374595508,0.000165323276415429,5
"19987",6.20346723067353e-05,0.0385954788494897,4.85807089493532e-06,0.918918377653787,0.0420970186003905,0.000322232153131675,4
"19989",0.00330877559169437,0.996561779102074,1.20757125756117e-09,1.81706303911532e-05,4.0868793097426e-09,0.000111269381389958,2
"19993",0.000331300693338059,0.165514374074321,9.28961350482637e-07,0.239088371393785,0.0193923831010874,0.575672641776119,6
"19995",0.000211532452190268,0.771930451510241,7.37619198841552e-06,0.18626330888109,0.00661896239365448,0.0349683685708365,2
"19997",1.56333070709268e-06,2.78626429074489e-05,3.49236277129115e-05,0.991296179392128,0.00819075549687634,0.000448715509667969,4
"19999",8.91295272353944e-08,4.19808705016334e-06,0.000811752309097537,0.956205813332536,0.0428986734342593,7.94737075296955e-05,4
"20002",1.28184203993161e-06,0.000205479063589559,0.593902148987394,0.000461243114204089,0.405428930874393,9.16118378650424e-07,3
"20004",4.19548531680512e-05,0.877371810215128,0.000306409179282975,0.116859131004771,0.00537751785309436,4.31768945551204e-05,2
"20006",0.00159862296700184,0.558526584190629,0.00217238064615046,0.00705416247387833,0.000757382739429522,0.429890866982911,2
"20008",0.00270140617374381,0.179042893387135,7.57672622949742e-05,0.00392869908755388,0.000107506699405231,0.814143727389867,6
"20010",0.0241648691948909,0.647395767920587,1.90274336407234e-08,0.0137565922651681,4.20380160154028e-06,0.314678547790319,2
"20012",1.28514229565645e-07,3.89991837267171e-05,0.00852506942195858,0.15747464278916,0.830687545473653,0.00327361461727234,5
"20015",2.67742541106026e-06,0.997932452331826,7.64709296261333e-07,9.77849550613075e-06,3.75271523853906e-08,0.00205428951080789,2
"20017",1.40745935746394e-07,1.55822752093923e-05,0.00190335185047587,0.979773147835243,0.0181986354588624,0.000109141834273585,4
"20019",0.00211224273876737,0.997433096214346,2.32432983823408e-10,1.88899377220009e-07,6.13466652798727e-09,0.000454465780409897,2
"20022",0.00119204683053907,0.989958325097031,2.08447315673125e-08,0.00317687546819288,1.53600768880229e-06,0.00567119575181711,2
"20024",0.569710725756871,0.429859955400143,1.49484800095807e-07,7.114488144198e-06,5.10705155862639e-08,0.000422003799525819,1
"20026",0.569710725756871,0.429859955400143,1.49484800095807e-07,7.114488144198e-06,5.10705155862639e-08,0.000422003799525819,1
"20028",5.34909598692797e-07,5.84248638611803e-06,0.000115644899826759,0.888031049406207,0.111818185628751,2.87426692305238e-05,4
"20030",4.92403795232495e-06,0.999836502886659,4.79083507925339e-06,7.23638588278883e-05,7.49017765868426e-05,6.51660489461348e-06,2
"20033",3.05203237518553e-06,0.000912218957382068,2.78606210107405e-05,0.801264095945061,0.19755220045272,0.000240571991451538,4
"20035",0.00317597227574648,0.996018722874854,5.72799596155266e-10,6.07119447157088e-07,7.28127610081561e-09,0.000804689875877267,2
"20037",0.000309650175614627,0.998262067819277,1.78615366793329e-08,7.87845683167471e-07,2.26830665500772e-10,0.0014274760710579,2
"20039",0.999781338483525,0.000160773984887179,1.23999248052128e-10,7.915588838768e-08,5.79818730483355e-11,5.78081937184394e-05,1
"20041",0.00127758861386005,0.00829544905425792,5.44136490150427e-06,0.0139433334177062,5.17234310480283e-05,0.976426464118226,6
"20044",0.00921922393959304,0.056337105217489,2.62349847841957e-05,0.0645669349231523,0.00251959488628444,0.867330906048697,6
"20047",0.00613514517083478,0.993844422558523,1.6363908301305e-10,7.42521472591906e-08,6.95422968873908e-08,2.02883125590334e-05,2
"20050",0.447782100154821,0.071874098672808,1.32895666749756e-09,0.00481987067949063,3.02047188796111e-05,0.475493724445044,6
"20052",0.000859303349934104,0.0140561626428558,4.7053349747641e-07,0.933031949416685,0.0342586970660313,0.0177934169909965,4
"20054",1.14321445130425e-06,0.999559168860219,1.48424718122521e-05,0.000236653121606087,4.17916394350201e-06,0.000184013167967284,2
"20056",1.8179004770266e-06,0.000118873361701893,5.13360774789442e-07,0.0017013247651486,0.998174451478163,3.01913373434159e-06,5
"20058",0.000935798535172118,0.998797176160698,1.51046095981277e-08,1.40029603530257e-05,9.92418809415787e-10,0.000253006246749046,2
"20060",1.11466375154904e-05,0.000574380611250972,1.17766847778886e-05,0.997573165472193,0.000314094167958142,0.0015154364263047,4
"20062",1.81974286767823e-05,0.00578132632517429,2.14728269074341e-05,0.807525714959268,0.000164608224385955,0.186488680235587,4
"20064",7.01064545336447e-05,0.978519521524011,1.4535208234895e-07,0.0208407497496031,0.000207537340449642,0.000361939579319818,2
"20066",1.37326459095437e-05,0.999969569494449,6.92076231732703e-07,4.96158714674437e-06,7.33067846962499e-06,3.71351779295568e-06,2
"20068",1.4017383068024e-06,5.19333224633819e-05,0.000876185698220323,0.987945696626254,7.59788525788349e-05,0.011048803762177,4
"20070",0.000220186388036,8.94500281352925e-05,4.9132506873049e-05,0.982840879645067,4.26423756048364e-05,0.0167577090562837,4
"20072",2.49661303589578e-05,0.98420026225068,0.00414587579395663,0.000321652503988958,2.71445072800356e-08,0.0113072161765084,2
"20074",3.12635008763804e-09,6.64005716972907e-08,0.000476806709838935,4.62514246638705e-05,0.999476563331365,3.09007210380929e-07,5
"20076",1.1185629838448e-07,0.00968543005014147,0.287538829914642,0.0482090357225656,0.654111823553093,0.000454768903258697,5
"20078",0.00231220494749778,0.965395056574939,8.15303705619821e-07,0.0290932307266394,0.000130398140059312,0.00306829430715919,2
"20080",0.000845690110645046,0.998940039989738,6.8119726529499e-11,1.58442126509391e-06,2.01235346772645e-08,0.000212665286697311,2
"20082",0.99653752816463,0.00344673379270947,1.94109756675035e-11,4.89004702740705e-06,4.01940110304739e-08,1.08077822109753e-05,1
"20084",0.0118303582036392,0.948837215443061,2.78804540605714e-07,0.00978195560299759,0.0290773674008477,0.000472824544914182,2
"20087",0.000552755482717755,0.931348006671138,3.16598343770851e-05,0.0175254131527734,7.13435488892745e-07,0.0505414514235046,2
"20090",0.0208115016492535,0.925670432040652,2.19916245140561e-10,2.01276184213409e-05,1.76920366327647e-07,0.0534977615513909,2
"20092",0.668959259763747,0.0157323580329917,0.000593032541878367,0.0509831750699313,1.2627590916899e-07,0.263732048315543,1
"20096",0.412088961338982,0.00799239022313327,9.31477480689721e-06,0.489321635373227,0.00934155945695424,0.0812461388328964,4
"20098",6.64857457533311e-06,0.000230211481614414,3.90336465191739e-06,0.797394194307984,0.201915557275033,0.000449484996140549,4
"20101",0.00109810436012029,0.998385378729445,2.09126130557739e-09,6.75908986635209e-05,0.000113004551868699,0.000335919368641032,2
"20104",0.0573835543485244,0.000119016398006858,0.371648070926576,0.566030526891773,0.00160179110463646,0.00321704033048288,4
"20106",4.7096157532872e-05,0.994885864012597,6.69988086539975e-09,0.000477912168585487,5.44706502330099e-05,0.00453465031117032,2
"20108",8.82219493170102e-07,0.000321750930954652,0.00011044324135188,0.985594835185151,0.0139413850919287,3.07033311208101e-05,4
"20110",0.156876438102511,0.00430231585053748,2.8300518485983e-07,0.302261451005453,0.13866752934217,0.397891982694144,6
"20112",0.0105701640857526,0.714043092991995,2.62909895524832e-08,0.0089399348216888,2.81247909715392e-05,0.266418657018603,2
"20114",0.00159260460182101,0.860392538634831,1.95758287564601e-06,0.0623391185807598,0.0756124047847867,6.13758149260589e-05,2
"20116",5.91355359366105e-06,0.977894166448146,3.67061383969709e-05,0.00452778533655182,0.0174382686406161,9.71598826954097e-05,2
"20118",0.000227922634355711,0.0603036139111257,2.27439075834702e-06,0.86370453505595,0.0751038261588699,0.000657827848940434,4
"20120",0.0239195927679978,0.964829874332046,1.55025359974925e-09,0.00464518064562467,0.000851460423814652,0.00575389028026312,2
"20122",1.78490694606584e-08,4.35088592878048e-06,1.33473159410352e-05,0.00139032647635718,0.998591166459184,7.91013519498634e-07,5
"20124",0.00201243708044541,0.997105440567072,1.20738602082861e-07,8.62163958189957e-06,2.10529759729333e-09,0.000873377869001468,2
"20126",0.994906600613693,0.00502358169861583,9.91185433454786e-08,1.31811615130241e-06,1.21075792217312e-07,6.82793772049717e-05,1
"20128",0.825222428441887,0.17457982908639,1.7864510512534e-09,2.19286744620427e-08,1.27667503471687e-09,0.000197717479922479,1
"20141",0.0183131655970436,6.71563376614057e-05,7.83165845443778e-05,0.911951074165428,0.0693854556217063,0.000204831693615922,4
"20143",4.33882330720545e-09,6.99010821654639e-08,8.80033353902533e-06,2.52895798668894e-05,0.999965796441859,3.94048301481848e-08,5
"20145",0.00365273675440347,0.984633766120832,1.33480640719087e-09,0.00587013486232779,6.55521996620795e-06,0.00583680570766425,2
"20147",9.83147547690364e-05,0.998425164192896,1.38182521718741e-08,0.0010097122196707,4.39351833402244e-06,0.000462401496077856,2
"20149",3.38181833379936e-08,4.70672485419965e-07,7.18125778628534e-06,0.00117668368875847,0.998814452743332,1.17781945406678e-06,5
"20151",2.93214453317111e-06,0.000285907942711816,3.22340480547115e-06,0.923758424290824,0.0753402892757553,0.000609222941370665,4
"20153",0.00748636392695028,0.00120471004950653,5.05067648458574e-08,0.344422796808089,0.643168500315546,0.0037175783931437,5
"20155",0.000122884052368129,0.964848135888839,4.91922717769759e-08,0.000107910763900207,4.07252301559977e-07,0.0349206128503189,2
"20157",8.57997894110483e-06,0.000122769852400954,2.86680316476719e-06,0.47191514478493,0.527876010276623,7.46283039407861e-05,5
"20160",1.10388125106872e-08,1.54035789864563e-07,1.29813755527253e-06,4.07392375854572e-05,0.999957743158039,5.43922177932243e-08,5
"20162",1.13468841812969e-08,1.87248515927643e-07,7.47246043104545e-06,0.0037103466374404,0.996281386525974,5.95780754399851e-07,5
"20164",1.26045275092657e-05,7.52379510138129e-05,2.78008540640009e-06,0.0462919256810326,0.952492416849673,0.00112503490536536,5
"20166",4.42987952036503e-06,0.998916136371367,0.000163028730963779,5.93456345816124e-05,0.000776749126380258,8.03102571870151e-05,2
"20168",2.16711993476916e-07,0.00197452348005443,0.997441736220596,1.42861998113881e-05,0.000557521877171622,1.17155103726777e-05,3
"20170",2.82301150580229e-05,0.000178763578128122,1.56606155861162e-06,0.719547863030576,0.280027986074354,0.000215591140325605,4
"20172",0.000979732583557534,0.995435224477076,2.2372530342116e-08,0.00183908845301696,3.58039756415602e-08,0.00174589630984414,2
"20174",2.62328350139297e-08,5.84815252611508e-06,0.141068938430676,0.633034808718326,0.225839334421723,5.10440439150405e-05,4
"20176",1.49118479518947e-08,0.000122805533510103,0.999792155014147,6.53299385175477e-05,4.77882142170679e-06,1.49157805558016e-05,3
"20178",2.28642056837127e-08,1.72923165174285e-07,6.34513210039464e-07,2.18528275432027e-05,0.999977247688218,6.91836580818699e-08,5
"20181",6.55227898414355e-06,0.99683256779273,1.01840703701902e-06,8.38243482314697e-05,0.00306332533391585,1.27118391012374e-05,2
"20183",0.0006310054732841,0.00291235856450348,2.75739331809452e-06,0.992055298476165,1.01755725430981e-05,0.00438840452018591,4
"20186",0.00341563575663703,0.0204416561885435,0.00287823186956429,0.889321621300588,3.02006335527835e-07,0.0839425528783312,4
"20188",2.41586843605792e-08,1.63245786426377e-07,7.9292784553696e-07,0.000257819460866802,0.999740938798612,2.61408204650734e-07,5
"20190",1.29828421400412e-05,0.999829490597052,2.03900502954156e-08,2.00474217848971e-05,2.60349498908458e-07,0.000137198399474253,2
"20193",8.1888164681717e-07,0.00158380023308447,0.031309055305546,0.000216845626537885,0.966560976428699,0.000328503524485712,5
"20195",1.38430728730811e-05,0.00124930250639588,2.84395643176967e-06,0.180626184676578,0.813943673389546,0.00416415239817518,5
"20197",0.00033035171461143,0.983012996375472,6.28060109079929e-08,0.00108639361125031,7.59798308717318e-08,0.0155701195128245,2
"20199",3.33719802412706e-06,3.58917669671228e-06,1.23681010846267e-06,0.0663050532128344,0.933609210997119,7.75726052170171e-05,5
"20205",0.998962686477105,0.000132966683251959,1.16565789025876e-10,1.06014912163419e-05,4.31374094087215e-09,0.000893740918119639,1
"20208",5.91367531464692e-06,0.00148754978420524,2.75027500077701e-05,0.981804017089122,0.0140397666369817,0.00263525006436851,4
"20210",5.52071290444972e-08,7.21767928988628e-07,3.02782022011292e-06,0.0124707387495482,0.987522669519561,2.78693561269304e-06,5
"20212",2.76534161597304e-06,0.000107880224438679,5.14696980229471e-06,0.128255371960122,0.871293604952042,0.000335230551979804,5
"20216",4.40042210256415e-05,0.998341960278054,1.9997777955079e-07,0.00143451520280152,4.57318460099725e-05,0.000133588474328815,2
"20219",0.644020472746676,0.338521721460114,3.75794263577112e-09,0.00533224386290169,6.34716227361977e-05,0.0120620865496297,1
"20223",0.000230325742902746,0.990874420125287,0.00191443390007626,3.51493458417616e-06,9.44840802530902e-10,0.00697730435230954,2
"20226",0.000275513501587656,0.00393713628719814,1.70007470774909e-07,0.0450871238147284,0.000230548994834822,0.95046950739418,6
"20230",7.0389454454599e-05,0.999858938071188,1.55884857096731e-08,7.36863771887574e-06,2.96260432694531e-08,6.32586221094513e-05,2
"20233",0.997736405711247,1.82631501960357e-06,5.88916961413152e-07,0.00193122478844738,2.30879531366559e-05,0.000306866315188092,1
"20235",0.0306924327632071,0.854629738771661,0.000149611722924886,0.000126784407016912,5.6179457799557e-09,0.114401426717244,2
"20239",0.000470327371680765,0.811289731103084,0.0025095556185126,0.00553830716130047,1.38888661361006e-06,0.180190689858809,2
"20254",0.995963775763957,0.00398441178923804,3.46285764901852e-12,8.42991315078425e-07,3.30873667899605e-09,5.09661432904364e-05,1
"20256",0.000223209155903738,0.99948168574275,2.58292346478608e-07,3.15844109776358e-05,3.76118169625123e-09,0.000263258636840043,2
"20262",2.21668544906329e-06,8.1398835175173e-05,1.99815372014487e-06,0.368121843522913,0.631721315743211,7.12270595313072e-05,5
"20270",1.81150406523524e-05,0.979171178327045,0.00211045624975354,0.0145938625156086,0.0037122452870278,0.000394142579912164,2
"20284",0.366062678757496,0.0100919730125239,3.19499104834049e-07,0.57422498696296,2.92950529038391e-05,0.049590746715012,4
"20287",0.000105266494225007,0.997550305408996,1.01133328126507e-07,3.01791556807087e-07,9.05191685713011e-10,0.00234402426670263,2
"20290",0.991562667035584,0.00177538286322828,2.91258118538543e-10,0.00199433066018978,2.50168675416756e-05,0.00464260228219858,1
"20293",0.00198211542930481,0.955806311318237,6.8740551019572e-07,0.041571257082572,9.2773754358682e-06,0.000630351388940044,2
"20296",7.98218245985252e-08,0.00750715099000312,0.0149726860495781,0.297245382056886,0.679771448980256,0.000503252101451502,5
"20301",0.000384205951132691,0.998477241847019,4.22083566594963e-08,2.78683528644475e-07,1.03659316684201e-05,0.00112786537829493,2
"20304",0.995714487911243,0.00426685881479969,6.43545745603078e-11,1.26940863496083e-05,6.50962910282661e-08,5.89402696229266e-06,1
"20306",0.00197202597504192,0.997802364704895,1.90656348694738e-08,1.14503562317053e-05,1.03415063662928e-09,0.000214138864046149,2
"20309",0.00375536483360266,0.522901227043871,1.3072291190534e-06,0.300882029824128,0.000177475655970624,0.172282595413309,2
"20311",0.000752122540198281,0.994848346984371,1.13150701462756e-06,0.00347587865117292,0.00031040976782171,0.000612110549421218,2
"20314",3.66040785771757e-05,0.00196797520206251,3.96717427324586e-07,0.975257371061217,0.0219470963220859,0.000790556618629986,4
"20318",7.28433203035347e-08,1.44315726120407e-05,9.86778383116659e-06,0.00010196445304303,0.999873540464603,1.22882590503549e-07,5
"20320",0.00167394503553211,0.000943160072654255,1.30634258721515e-05,0.463474566576949,0.00204429887239548,0.531850966016597,6
"20326",9.14981330604798e-05,0.00267876735618662,9.60949849103334e-07,0.948307645717117,0.0485569770612035,0.000364150782582719,4
"20328",0.00134367559419953,0.000897743699215194,5.03837348261987e-06,0.852197915983209,1.51523300473569e-05,0.145540474019846,4
"20330",0.00399765233969734,0.16635732793472,7.72923832996361e-07,0.000311747095477106,8.1254387215306e-07,0.8293316871624,6
"20336",0.962039848608168,0.0116358509948361,7.40568495843133e-09,0.024200231871313,7.20638054011804e-07,0.00212334048194393,1
"20338",0.979515931803058,0.0158518676240539,3.66089605027324e-09,0.00102633463889159,9.7047160944003e-05,0.00350881511215692,1
"20340",0.00040463141129992,0.999463230113698,4.48071641553145e-08,2.14942334356157e-06,1.8247490825701e-08,0.000129925997003841,2
"20342",0.974400171349284,0.000416272646642417,4.67297692546728e-05,0.000100889377406622,0.000252214723822802,0.0247837221335895,1
"20344",0.00052309782985299,0.998020913874778,1.92682152153353e-07,0.00125572461868774,2.81928768663214e-07,0.000199789065760412,2
"20349",0.000133250787763234,0.99981501579067,1.01652930501503e-07,2.02874459356569e-05,2.47818185717336e-09,3.13418445192157e-05,2
"20351",0.012882406773302,0.933175979977058,8.57416928825748e-07,0.0452291879887086,0.000529316040342169,0.00818225180366076,2
"20353",0.0236381299968021,0.299836510951866,1.12018777662853e-08,0.000183683647582114,3.99251463523621e-08,0.676341624276726,6
"20357",0.996915939754811,0.000807553148152189,1.17768726273035e-10,5.0283702525432e-06,2.70006689121406e-10,0.00227147833900916,1
"20360",0.2740699481496,0.00490407926541763,0.000276258826579468,7.86381103580091e-05,6.95876611659682e-07,0.720670379771434,6
"20364",0.00224792971231854,0.717154770497254,2.53682216681514e-08,0.0292371245221419,1.19276090926634e-05,0.251348222290971,2
"20366",0.992245457354847,0.000978119705137189,6.19913899694138e-09,0.00612252730070887,9.78469654131105e-06,0.000644104743626359,1
"20381",1.26081378714025e-07,1.0716304750311e-06,0.980042709356447,0.00357784059661569,0.0163716749289877,6.57740609522034e-06,3
"20391",0.0188492948370277,0.21088293098348,0.235666524586175,0.037641751984887,4.66598053763567e-08,0.496959450948626,6
"20394",1.70631822037996e-06,0.000121637238157464,0.00174854521814739,0.980518903696993,0.0010284250033458,0.0165807825251358,4
"20396",1.38626941654998e-08,8.7295858337647e-07,0.727263707823825,0.257685073619689,0.0149565968024155,9.37349327928358e-05,3
"20409",0.000898613858732706,0.62219791331843,5.52946107384456e-06,0.2084085322538,0.168325778766797,0.000163632341166472,2
"20411",0.111067670752256,0.867054799616423,7.62398197499537e-09,0.000223402848566089,2.33754379536367e-09,0.021654116821229,2
"20416",0.970562257352534,0.02928203008386,1.41659691993855e-10,2.38604567906004e-08,2.25953352950855e-11,0.000155688538894184,1
"20418",7.23470429369798e-09,7.7087855539721e-07,0.752465920696533,0.178925010466795,0.0685958629953509,1.24277280618324e-05,3
"20420",0.974245268892923,2.3590937456861e-05,7.24910320898227e-07,0.024295453548435,0.000227257384856124,0.00120770432600804,1
"20422",0.000258833106894339,0.965693181876997,3.94456360309829e-08,0.000325349031698235,4.56227674860362e-05,0.0336769737712882,2
"20424",0.0389164112407498,0.88883956921612,3.58246472935433e-09,0.00014984244386747,7.64832593598182e-09,0.0720941658684725,2
"20426",0.999828971851955,4.13504084488679e-06,4.34125247441174e-10,7.49017721550202e-06,0.000106349284296864,5.30532115622034e-05,1
"20428",1.44491972241619e-05,0.849379365619049,0.00209261020397003,0.0430349232497661,1.23224974030265e-05,0.105466329232588,2
"20431",0.00411335713979297,0.0244748534853843,1.36762071375408e-06,0.594684718518281,0.105581664116763,0.271144039119065,4
"20433",1.31369848459645e-05,0.99929625429542,0.000167293916375808,1.57413435060179e-06,9.74898957158996e-09,0.000521730920017862,2
"20436",1.19869978350229e-07,0.00610026219932467,0.993814333558217,3.68122817523216e-05,6.37631024801845e-06,4.20957804796512e-05,3
"20439",2.20863366753799e-08,3.45961538339863e-06,0.235426120550363,0.536279452415466,0.2282358915322,5.50538002512032e-05,4
"20441",0.983496721662644,0.000757713565664704,3.58931648466191e-10,5.53734121999329e-05,1.80664161183819e-07,0.0156900103363986,1
"20444",6.65594435294736e-09,8.90339675924353e-08,2.41625021562719e-06,0.000150404428244847,0.999846988705746,9.4925881626411e-08,5
"20448",0.00109926204389405,0.00996377596546908,0.000155697381244757,0.831635633146575,0.157049405835277,9.62256275409145e-05,4
"20536",4.36983001293618e-07,0.00017629261733385,0.72016516616074,0.27439566742336,1.48021388267211e-05,0.00524763467673915,3
"20538",0.729578076095619,0.214820274234199,5.82022760600659e-06,0.0553197031404038,1.55983741202568e-06,0.00027456646476049,1
"20541",0.0598706909250932,0.936770610044168,8.30179573000595e-11,4.20913972469842e-06,5.13267999445307e-09,0.00335448467531639,2
"20544",0.000734835296616435,0.209877696473405,2.42960366941713e-06,0.782780109583925,0.00426429412313863,0.0023406349192454,4
"20546",0.00577078190854104,0.986037303613067,6.60769383959318e-09,0.000780466861977302,9.90520013173103e-09,0.00741143110352055,2
"20550",0.000234471951898466,0.00478360337236715,8.1987645823753e-07,0.003620433460827,9.32892774995652e-05,0.99126738206095,6
"20553",0.97899264823262,0.0209994182354472,9.54316356156433e-10,4.63682072217588e-09,1.65742845206975e-07,7.76219795054722e-06,1
"20555",0.99445684111244,6.34403294064423e-06,3.20112740528617e-07,0.00137686895839726,1.14766923326328e-07,0.00415951101655773,1
"20557",0.0122209137767134,0.0109255184443176,1.94705367432597e-08,0.0220949264277096,0.000317690644696454,0.954440931236026,6
"20559",4.50493088287758e-05,0.999542408233691,3.00021429948199e-09,0.000199444211178958,1.32224934151958e-06,0.000211772996745714,2
"20561",2.86253942731437e-05,0.00083963500376115,3.85854622026353e-06,0.716581509525818,0.282037419013879,0.000508952516048673,4
"20564",2.28642056837127e-08,1.72923165174285e-07,6.34513210039464e-07,2.18528275432027e-05,0.999977247688218,6.91836580818699e-08,5
"20566",5.95171920879629e-06,0.815439793182014,4.31863810069073e-05,0.0664417962071883,9.54690599183489e-05,0.117973803450664,2
"20569",1.41748533442734e-07,1.28776500325614e-05,0.000343911208383227,0.87478240534833,0.124802377168387,5.82868763338914e-05,4
"20572",1.82940544038536e-08,6.86753198024659e-06,0.0005473557894655,0.0725861894192189,0.926856606438532,2.96252674931506e-06,5
"20574",0.00169091315749709,0.996410152742634,5.46427225928043e-10,0.000136605695364275,2.79624151091837e-06,0.00175953161656684,2
"20576",6.61658937707935e-08,1.2636892693564e-06,4.44790688813568e-07,0.000167965938669087,0.999829982187643,2.77227836473861e-07,5
"20578",0.000531193347250705,0.798998542979667,1.13592437235368e-06,0.167408144676244,0.00551547559345507,0.0275455074790115,2
"20580",4.76050013422879e-05,0.84538104016155,1.27360901297014e-05,0.152825616183094,6.02098316613627e-05,0.00167279273222215,2
"20583",5.15202228311459e-08,9.11716329753232e-07,4.4783437256661e-07,8.6052544346777e-05,0.999912355617568,1.80767160484208e-07,5
"20586",0.00156131642361763,0.915809847914145,7.16153181757205e-07,0.0807816928607107,2.83163809489679e-06,0.00184359501025023,2
"20589",0.000126428466474811,0.995878932204374,1.05140039493478e-07,1.5749509747165e-05,7.49768953400637e-10,0.00397878392959525,2
"20591",0.0468330859922442,0.00117326467411547,1.32513385386744e-05,0.173405086729998,4.52526361560713e-06,0.778570786001488,6
"20593",4.74811916557174e-05,0.999599419512738,9.63090824371186e-09,7.885124884756e-08,1.21584335957272e-08,0.000352998655015235,2
"20595",0.000231411002218155,0.996760010593437,3.55599126575242e-08,0.00275763795923345,3.79613881484562e-05,0.000212943497049903,2
"20597",9.90518977438766e-10,9.87327420992041e-08,0.998901135209896,0.00109234752268053,5.1694658400412e-06,1.248078322113e-06,3
"20599",1.19965942488662e-08,2.33428840548178e-07,1.08389431034828e-06,3.50882612811112e-05,0.999963543265042,3.91539321405462e-08,5
"20601",2.29165020801892e-05,0.000228832931211423,3.14624353818311e-06,0.982798256155607,0.000265629690771809,0.016681218476792,4
"20604",4.62567066014808e-05,0.999906231793926,1.88921157347326e-09,5.52923424568168e-06,7.13192024153939e-07,4.1267183991059e-05,2
"20606",5.39518741249681e-05,0.99942328113202,3.03445666058654e-09,4.75803651777785e-06,1.74277367238619e-08,0.000517988495143874,2
"20608",6.78392856106202e-06,0.978918376721176,1.32353569386224e-06,0.000294150261968747,2.31677402250664e-07,0.0207791338751984,2
"20610",3.3093270230085e-07,6.83164661714218e-06,6.62715483630532e-07,0.0010154709746828,0.998964541844643,1.21618858712439e-05,5
"20612",0.134973548613874,0.1976339366082,0.665067897355708,0.00122865297459363,0.000844197755317906,0.000251766692306363,3
"20614",1.94106227806557e-07,8.39135460528393e-07,5.70632877715898e-07,0.00642043453318648,0.993563550528966,1.44110632809501e-05,5
"20616",7.15686462252348e-05,0.00482326456976442,2.97427553112661e-05,0.99373516629932,0.000512364588391247,0.000827893140988125,4
"20618",0.997206467566533,0.000178308646139346,1.51965411560101e-09,0.000766731081201741,1.62821429289414e-05,0.0018322090435432,1
"20620",3.02915677806326e-05,0.999430619538361,3.16833731560632e-05,0.000390308726698596,2.23547526507626e-05,9.47420413527801e-05,2
"20622",1.00817742387644e-07,4.23422267788208e-06,2.52924767220372e-07,0.000489966086830016,0.999505087999873,3.57948109465588e-07,5
"20624",0.0269938268468513,0.972288284839756,2.34571342168488e-08,0.000309080101314307,3.38345030054767e-08,0.000408750920440963,2
"20626",9.86205122348904e-07,0.760908378349216,0.216874367906156,0.0141265906387354,0.00111521086218445,0.00697446603858554,2
"20628",0.000104719973075078,0.158062603046861,0.149995608998597,0.15629839966685,0.00041317172966317,0.535125496584954,6
"20630",0.000137728683048212,0.579048165849516,2.79503887681868e-06,0.0538744999288127,0.0131526835852618,0.353784126914484,2
"20632",2.61213493550023e-09,1.03616424209914e-07,0.000799972096822157,0.00855793449506822,0.990640783071494,1.20410805639371e-06,5
"20634",3.54280037553874e-05,0.999013979320747,6.65693801290312e-09,8.59782210724002e-06,1.29739098992699e-08,0.000941975222542408,2
"20637",0.991696156415498,0.00726594714505205,6.6030886576663e-12,1.51476814642268e-05,8.28501395836628e-06,0.0010144637374246,1
"20639",2.05151696097046e-06,1.1594631868077e-05,2.93424168508505e-06,0.395587434334659,0.604316662083754,7.9323191072744e-05,5
"20644",0.686290911787824,0.31317963649361,8.35244156177365e-06,2.58077529188472e-08,1.97498500624091e-08,0.000521053719400785,1
"20646",0.0119735986344327,0.669761626082466,0.00176914253669197,4.77834081128017e-05,9.5197993125962e-06,0.316438329538984,2
"20648",1.7037857801567e-05,8.45794754624414e-05,6.46608467899895e-07,0.991875599986589,0.0075192632747405,0.000502872796938902,4
"20650",0.317933634309725,0.680583851817956,1.77989303183868e-08,7.25890814691494e-05,2.82853529765487e-08,0.00140987870656655,2
"20653",0.000284398770701763,0.000284668035168333,7.35711257994181e-05,0.95378160841468,0.00312250781700789,0.0424532458366425,4
"20658",3.55680149738689e-06,0.999124477311079,0.000153660968567793,5.44969575692251e-05,1.37602094870453e-08,0.000663794201076993,2
"20661",0.961133411042593,0.0342456918918821,8.68579554737046e-05,0.00415516031307061,8.09576506724176e-07,0.00037806922047419,1
"20663",0.00154861261397443,0.590784258592843,2.69467203217654e-06,0.389342478922876,5.39062244337744e-06,0.0183165645758302,2
"20665",3.23076779981867e-09,1.78352474045026e-06,3.9941672144174e-05,3.55713379948376e-05,0.999922628611715,7.16226377282806e-08,5
"20667",6.17705303388096e-05,0.00379235988350995,0.00441274803059358,0.0960157540494911,5.67466966749035e-05,0.895660620809392,6
"20669",4.09568280188368e-08,6.73721701679542e-07,0.958598434805362,0.0412009409174761,0.000192967479791483,6.94211884105873e-06,3
"20671",0.837213508568183,0.156032647735149,1.85296351058695e-10,0.0013573304667879,7.93467041711428e-05,0.00531716634041265,1
"20673",4.35379270289882e-10,5.47772210004598e-08,0.998921523339995,0.00105063573966462,2.71351532781966e-05,6.50554461970522e-07,3
"20675",5.06685316727004e-06,0.00712089114097116,0.187138072894817,0.804604087124857,1.52073300645567e-05,0.00111667465612306,4
"20677",0.000219749192101139,0.567688233834237,0.00053212448331022,0.415238303561897,3.94149042613635e-06,0.0163176474380282,2
"20679",1.53867546170376e-08,1.75038772544077e-07,0.955597001802993,0.0435582942157553,0.000826788630738311,1.77249249865921e-05,3
"20681",2.03839385544788e-06,5.64697475362033e-05,0.044084703760722,0.954621274688244,1.50466579496437e-05,0.00122046675169243,4
"20683",5.91492062697407e-05,0.396985860221895,0.00382360122768285,0.470017833288925,1.21544880625542e-05,0.129101401567165,4
"20685",0.978238635542223,7.91541605265903e-06,1.36507198491569e-06,0.0116047051065924,6.38445788998778e-05,0.0100835342842469,1
"20687",6.36091292357246e-07,3.68769494667827e-06,1.65551072995192e-06,0.0900717822717173,0.909894786416807,2.74520145067426e-05,5
"20689",0.857965511875578,0.141961403946718,1.59184915384127e-05,7.43921526250183e-07,8.46291635690971e-09,5.64133017230089e-05,1
"20691",2.62069169287496e-08,2.04773456527694e-07,4.1505255904444e-07,0.000226593184708111,0.999772561091027,1.99691332803427e-07,5
"20693",0.00111951197594536,0.998758326733625,3.59577042751795e-08,5.90802198758733e-06,1.24964276417059e-09,0.000116216061095596,2
"20695",4.46329544408422e-06,8.55743813158042e-05,9.0685600648856e-06,0.997502927494684,0.00180970800376948,0.00058825826472125,4
"20697",0.000234977727096004,0.99945394702525,5.64771534127745e-10,6.40962042872451e-05,2.94387839469128e-05,0.000217539694648306,2
"20699",4.28548052760182e-06,0.337224429881272,0.0135850538485393,0.645239391507495,9.17358386595876e-05,0.00385510344350615,4
"20701",0.00011780413245163,0.875100126368107,0.000543751877992071,0.041533422226935,2.33703206164301e-07,0.0827046616913081,2
"20703",0.000456994881109645,6.92555909601495e-06,0.976706450579697,0.0156429625228062,0.000123531311103026,0.00706313514618806,3
"20705",0.00334348422671283,0.979171878695499,4.86608991634357e-08,0.000849351139176668,8.52004476003693e-08,0.0166351520772651,2
"20707",0.000150101273448413,0.00289252775601964,3.10212488279701e-06,0.981215129061254,8.93439214817217e-06,0.0157302053922471,4
"20709",2.92176763369805e-06,0.0261471654754522,0.000281272225136306,0.07600310499129,0.896958454770662,0.000607080769825622,5
