"","V1","V2","V3","best$classification"
"19811",0.994313145366411,0.00015814424387282,0.00552871038971561,1
"19813",0.990108408568462,0.00506818553037984,0.00482340590115778,1
"19815",0.989449002780287,0.0103698647741673,0.000181132445545323,1
"19817",0.994459569258682,0.00138408826384764,0.0041563424774704,1
"19819",0.000214867430559485,0.999781464079717,3.66848972352993e-06,2
"19821",0.904738004283188,0.00271933028347685,0.0925426654333353,1
"19823",0.989908229676156,0.00838103490305885,0.00171073542078546,1
"19825",0.0191460325765551,0.185529154929577,0.795324812493868,3
"19827",0.412000773045875,0.00408911521774375,0.583910111736381,3
"19829",0.0103894086205708,0.962243806653682,0.0273667847257475,2
"19831",0.00220313824316088,0.997788894588745,7.96716809356485e-06,2
"19833",0.0711327982269973,0.875009902293544,0.0538572994794589,2
"19835",0.904738004283188,0.00271933028347685,0.0925426654333353,1
"19837",0.870167224633341,0.00632990850231076,0.123502866864348,1
"19839",0.0388346442965621,0.851981629963717,0.109183725739721,2
"19841",0.000180225732324272,0.000110720469357687,0.999709053798318,3
"19843",0.00340220298426586,0.996593097534331,4.69948140334471e-06,2
"19845",0.998357237263163,0.000115750403132662,0.00152701233370456,1
"19847",0.991580177458646,0.00825744842051726,0.000162374120836825,1
"19849",0.991823881151714,0.000702210029120981,0.00747390881916459,1
"19851",0.998933274100148,0.000532993118401253,0.000533732781451044,1
"19853",0.99692606658168,2.5359323080423e-05,0.00304857409524014,1
"19855",0.982192826166565,8.5523823984909e-05,0.0177216500094499,1
"19857",0.940526670937705,0.0105600490574651,0.0489132800048297,1
"19859",0.957946161393983,0.0069587692027521,0.0350950694032646,1
"19861",0.99927887466372,0.00014834340907649,0.000572781927203439,1
"19863",0.023362964602969,5.1753272926294e-05,0.976585282124105,3
"19865",0.00631403471461911,5.47887759075743e-05,0.993631176509473,3
"19867",0.997961124609316,0.00198357223696212,5.53031537218829e-05,1
"19869",0.972987012197704,6.47799479487215e-05,0.0269482078543473,1
"19871",0.872702974495615,0.0179779252322349,0.10931910027215,1
"19874",0.222139932223351,0.000311932691058297,0.777548135085591,3
"19876",0.512379500853999,4.695878136573e-05,0.487573540364635,1
"19878",0.309017906432977,0.689766034756277,0.00121605881074654,2
"19880",0.00366279405957622,3.12133128890686e-06,0.996334084609135,3
"19882",0.993488606812566,0.000164372993609022,0.00634702019382461,1
"19885",0.978576159435801,0.0173887735701603,0.00403506699403863,1
"19907",0.998996024346148,0.000760099784944132,0.000243875868907541,1
"19909",0.0704242422375791,0.929296143756514,0.000279614005907224,2
"19911",0.0623245568074859,0.887125216618783,0.0505502265737315,2
"19913",0.000200954862298357,1.4318655705128e-05,0.999784726481996,3
"19915",0.440914945085437,0.000346689679483438,0.558738365235079,3
"19917",0.0277596641877923,0.000496905912552556,0.971743429899655,3
"19919",0.765535238884651,0.00349474002448982,0.230970021090859,1
"19921",0.998776191960521,0.00106438968492848,0.000159418354550029,1
"19923",0.878467318960086,0.121493893515355,3.87875245595047e-05,1
"19925",0.0795894536073698,0.000249072325032221,0.920161474067598,3
"19927",0.997427442347289,0.000558434536077525,0.00201412311663361,1
"19929",0.00224027593526325,4.29311560127586e-06,0.997755430949135,3
"19931",0.987780794335971,0.00617349383714516,0.00604571182688341,1
"19933",0.26153894535848,0.733255314249428,0.00520574039209185,2
"19935",0.919170917242875,0.0730491748238393,0.00777990793328579,1
"19937",0.997061985834054,0.00269619803128539,0.000241816134660316,1
"19939",0.988218508059783,0.00563506493761253,0.00614642700260437,1
"19941",0.0356065326048273,0.774507401991924,0.189886065403248,2
"19943",0.00315242144318239,3.9930424224032e-05,0.996807648132594,3
"19945",0.114500574438709,0.885207870881804,0.000291554679487139,2
"19947",0.0573519406284612,0.110644459414397,0.832003599957142,3
"19949",0.571364387368011,0.428558962271302,7.66503606876847e-05,1
"19951",0.33304816511448,0.00809387175243476,0.658857963133085,3
"19953",0.0128776220330566,0.987120030800399,2.34716654418052e-06,2
"19955",0.0182246518348394,0.981752991838311,2.23563268492238e-05,2
"19957",0.17742434060831,0.00856708851616991,0.81400857087552,3
"19960",0.0140973960275878,0.983741786603052,0.00216081736936039,2
"19963",0.00477004077911912,0.00752276207258499,0.987707197148296,3
"19965",0.00433718663604952,0.995661551013351,1.2623505999852e-06,2
"19968",0.035196834175997,0.00140678016987049,0.963396385654132,3
"19971",0.000469405822379339,0.0169726848817224,0.982557909295898,3
"19973",0.975421177373273,0.000914575844582649,0.0236642467821445,1
"19975",0.0403610901607674,0.000221690802748009,0.959417219036485,3
"19977",0.00821897346345839,0.00137740423389278,0.990403622302649,3
"19979",3.35657635897338e-05,0.999955575658169,1.08585782415445e-05,2
"19981",0.975614990394491,0.0211459933221351,0.00323901628337426,1
"19983",0.963092621094293,0.036631709476029,0.000275669429677729,1
"19985",0.183711909799042,6.07269371158641e-05,0.816227363263842,3
"19987",0.773532021658325,0.102189007985352,0.124278970356323,1
"19989",0.000240534651112228,0.999759313656153,1.51692734980727e-07,2
"19993",0.433510033502965,0.524196398959938,0.0422935675370969,2
"19995",0.253057252575092,0.730762781702864,0.0161799657220443,2
"19997",0.965694738046425,0.000456536856982807,0.0338487250965924,1
"19999",0.862442052976834,7.09942524777292e-05,0.137486952770688,1
"20002",0.00584172494773032,0.00102226541535186,0.993136009636918,3
"20004",0.25752756758366,0.703728394011739,0.0387440384046005,2
"20006",0.0806095482818345,0.915764723708173,0.00362572800999274,2
"20008",0.0813904551336002,0.91741815953765,0.00119138532874961,2
"20010",0.0326629679679345,0.967315365435159,2.16665969069467e-05,2
"20012",0.211355662124074,0.000267333619647381,0.788377004256278,3
"20015",0.000571494689224031,0.999426009135282,2.49617549371217e-06,2
"20017",0.929230932528899,0.000166697833252633,0.070602369637848,1
"20019",9.27450962712339e-06,0.999990600660439,1.24829934000775e-07,2
"20022",0.0117245109970031,0.988259039194455,1.6449808541859e-05,2
"20024",0.000234701054246859,0.999764297321026,1.00162472666982e-06,2
"20026",0.000234701054246859,0.999764297321026,1.00162472666982e-06,2
"20028",0.711376441979163,0.000120587001506888,0.28850297101933,1
"20030",0.00175961173580643,0.996696547069766,0.00154384119442797,2
"20033",0.603057556980495,0.00502981627211539,0.39191262674739,1
"20035",2.07401575398086e-05,0.99997911503238,1.44810080344837e-07,2
"20037",5.41681926700745e-05,0.99994581265701,1.91503196186547e-08,2
"20039",0.00117181077199573,0.998827666707874,5.22520129933565e-07,2
"20041",0.595608413666269,0.402355961027224,0.00203562530650776,1
"20044",0.463047958396453,0.523602952387532,0.0133490892160155,2
"20047",3.55300925990628e-06,0.999995606996811,8.3999392864477e-07,2
"20050",0.0337699851293903,0.966036372977401,0.000193641893208711,2
"20052",0.852418390068696,0.0824387726644844,0.06514283726682,1
"20054",0.00615129249030492,0.993667003048617,0.000181704461078559,2
"20056",0.00494085500670585,0.00119691970216371,0.99386222529113,3
"20058",0.000328517948899504,0.999671413438254,6.86128465305968e-08,2
"20060",0.993048274783087,0.00444990675510135,0.00250181846181187,1
"20062",0.97764735231669,0.0213545181266044,0.000998129556705422,1
"20064",0.0479610677316758,0.950438723112205,0.0016002091561187,2
"20066",0.000200665541777188,0.999617076057475,0.000182258400748101,2
"20068",0.999078651046222,0.000383174779518187,0.00053817417425987,1
"20070",0.998538434909503,0.0011698887534012,0.000291676337095609,1
"20072",0.013451698498436,0.98654536962409,2.93187747364649e-06,2
"20074",0.000492062717156921,2.29330313979624e-06,0.999505643979703,3
"20076",0.110519252583321,0.00834915454246698,0.881131592874212,3
"20078",0.0613244324072823,0.938012146828211,0.000663420764506794,2
"20080",3.43790380536737e-05,0.999965235740361,3.85221585434441e-07,2
"20082",0.00149028913866259,0.998497104825478,1.26060358595655e-05,2
"20084",0.0171811404356424,0.950995086146255,0.0318237734181027,2
"20087",0.0951986653648314,0.904785425372381,1.59092627871589e-05,2
"20090",0.000176549736369466,0.999822484373082,9.65890548099179e-07,2
"20092",0.742587795083193,0.257404776482598,7.42843420868888e-06,1
"20096",0.885569894002446,0.0958930909739804,0.0185370150235735,1
"20098",0.621871561559311,0.00269438387744777,0.375434054563241,1
"20101",0.000452294893785748,0.999176747888769,0.000370957217444756,2
"20104",0.993370473392946,0.00154603428647699,0.00508349232057673,1
"20106",0.00284850497716885,0.996841541999042,0.000309953023789019,2
"20108",0.921269895494135,0.00217870257268674,0.0765514019331786,1
"20110",0.716290595500745,0.111332896315161,0.172376508184094,1
"20112",0.0199718406414102,0.979929872182208,9.82871763816406e-05,2
"20114",0.0727278372360612,0.804488539107516,0.122783623656423,2
"20116",0.0282040143491823,0.881134091856605,0.0906618937942132,2
"20118",0.679152312896003,0.157778104924872,0.163069582179124,1
"20120",0.00600804149455907,0.99295854050081,0.0010334180046312,2
"20122",0.00403058934562078,5.19722890615625e-05,0.995917438365318,3
"20124",0.000287479908743689,0.999712409431106,1.10660150135448e-07,2
"20126",0.00132703708999863,0.99863954318283,3.34197271716918e-05,2
"20128",5.20827970867881e-06,0.999994731954117,5.97661747620735e-08,2
"20141",0.876104794837111,0.00188995695041692,0.122005248212472,1
"20143",0.000226170573776942,2.85816681103531e-06,0.999770971259412,3
"20145",0.0104152046404411,0.98954959603244,3.51993271192053e-05,2
"20147",0.00545594227036517,0.994484298860255,5.97588693801512e-05,2
"20149",0.00410233284568425,1.46811345713987e-05,0.995882986019744,3
"20151",0.796948297123807,0.003171953767479,0.199879749108714,1
"20153",0.363068584407785,0.0257157786445383,0.611215636947677,3
"20155",0.00162083456750462,0.99837296853083,6.19690166567509e-06,2
"20157",0.322350946803433,0.00144039380687384,0.676208659389693,3
"20160",0.000303845507501086,6.30789083934484e-06,0.99968984660166,3
"20162",0.00732685325912032,6.05247552263323e-06,0.992667094265357,3
"20164",0.0920445534755083,0.00142706902725497,0.906528377497237,3
"20166",0.00203512997184189,0.988853328926498,0.0091115411016604,2
"20168",0.079746678230711,0.391954071382894,0.528299250386395,3
"20170",0.560342382101135,0.00255878140424468,0.43709883649462,1
"20172",0.00886578482792722,0.991133095114363,1.12005770961998e-06,2
"20174",0.56216310692106,4.48555028715876e-05,0.437792037576068,1
"20176",0.801105929860512,0.145686652938069,0.0532074172014189,1
"20178",0.000212197742280843,8.47454855681408e-06,0.999779327709162,3
"20181",0.00131925291775759,0.979230989135455,0.0194497579467871,2
"20183",0.981857573209111,0.0180168199657423,0.000125606825146363,1
"20186",0.967605530331249,0.0323897782354103,4.69143334037758e-06,1
"20188",0.00120774256250725,7.9265651492013e-06,0.998784330872344,3
"20190",0.000453791650252895,0.999537410981128,8.7973686187727e-06,2
"20193",0.00285960175129037,0.00445580740546184,0.992684590843248,3
"20195",0.210043626306609,0.00906685753990272,0.780889516153488,3
"20197",0.00760528307102456,0.992392759184773,1.95774420281222e-06,2
"20199",0.0918630208766264,0.000136138077546645,0.908000841045827,3
"20205",0.0330529433783774,0.966932397936373,1.46586852499128e-05,2
"20208",0.940722210614654,0.00882368694364974,0.0504541024416965,1
"20210",0.0184774211163133,2.09117041738693e-05,0.981501667179513,3
"20212",0.135181305022421,0.00119113113035351,0.863627563847226,3
"20216",0.00854147614515414,0.990922620563797,0.000535903291049104,2
"20219",0.0142126515477181,0.985596650657458,0.000190697794823785,2
"20223",0.000532105901247935,0.99946775928851,1.34810242031276e-07,2
"20226",0.789944399268626,0.204817123805453,0.00523847692592179,1
"20230",0.000200636356346676,0.99979798075106,1.382892593687e-06,2
"20233",0.968327685740165,0.0218769706713409,0.00979534358849393,1
"20235",0.0034618434718083,0.996537937804637,2.18723555254189e-07,2
"20239",0.0832584455793522,0.916707823538863,3.37308817847135e-05,2
"20254",0.000384508715201297,0.999614296406371,1.19487842781372e-06,2
"20256",0.000888000024429762,0.999111704610255,2.95365315015559e-07,2
"20262",0.254316696367412,0.000919155025117238,0.744764148607471,3
"20270",0.0900916788239042,0.878089276216736,0.0318190449593599,2
"20284",0.872626267170634,0.127139280761117,0.000234452068249558,1
"20287",3.55356536412777e-05,0.999964400678919,6.36674396807637e-08,2
"20290",0.144283745477196,0.853778835425615,0.00193741909718855,2
"20293",0.0793309405323868,0.920560981750793,0.000108077716819772,2
"20296",0.26543219928192,0.00615172533168562,0.728416075386395,3
"20301",1.69864635871032e-05,0.999925315017555,5.76985188579354e-05,2
"20304",0.00287966816933409,0.997101036965543,1.92948651231609e-05,2
"20306",0.000265877175734595,0.999734056307132,6.65171338233414e-08,2
"20309",0.30207089481832,0.697257130120161,0.00067197506151893,2
"20311",0.015737971582869,0.982655959642421,0.00160606877470993,2
"20314",0.901168452081101,0.0190103282808282,0.0798212196380707,1
"20318",0.000581615535935649,0.000134458393755875,0.999283926070308,3
"20320",0.977408038325207,0.0156359366795309,0.00695602499526163,1
"20326",0.829116624198109,0.0231241774194219,0.147759198382469,1
"20328",0.990870515788967,0.00900953919256946,0.000119945018463297,1
"20330",0.0126102804116694,0.98737041796563,1.93016227011003e-05,2
"20336",0.321696424503971,0.678251011288974,5.25642070550598e-05,2
"20338",0.0314892806932502,0.966727855853514,0.00178286345323615,2
"20340",9.46897572512195e-05,0.999904612129608,6.98113140658205e-07,2
"20342",0.181112275938622,0.771891968466887,0.0469957555944907,2
"20344",0.00728411282284975,0.99270752553242,8.36164472994756e-06,2
"20349",0.000575731438416907,0.999424005346512,2.6321507148698e-07,2
"20351",0.0647763735376695,0.933859335021852,0.00136429144047805,2
"20353",0.00303321957377982,0.996965999441743,7.80984477454589e-07,2
"20357",0.00723000640819623,0.992769480639607,5.12952196545838e-07,2
"20360",0.0615227341267738,0.93834396095417,0.000133304919055978,2
"20364",0.0527255495058336,0.94720903254858,6.54179455864868e-05,2
"20366",0.454715356144935,0.543803849431207,0.00148079442385809,2
"20381",0.295447510792788,0.000198759086202054,0.70435373012101,3
"20391",0.528626385566653,0.471370739286541,2.8751468058387e-06,1
"20394",0.995462182717392,0.000682355449687331,0.00385546183292037,1
"20396",0.885663913581248,2.33455281924726e-05,0.114312740890559,1
"20409",0.172868868395144,0.592909452220569,0.234221679384287,2
"20411",0.00155305500598726,0.998446891888378,5.31056348728569e-08,2
"20416",1.65244411915168e-05,0.999983467938443,7.62036529812615e-09,2
"20418",0.57706559390199,1.94321380321342e-05,0.422914973959978,1
"20420",0.965494296756168,0.0234035733489366,0.0111021298948952,1
"20422",0.00242056072433068,0.997379593896786,0.00019984537888371,2
"20424",0.00117515875862417,0.998824723104103,1.18137273069874e-07,2
"20426",0.127547070764744,0.625756077986886,0.246696851248369,2
"20428",0.280986607189311,0.718764499710392,0.00024889310029634,2
"20431",0.700931542354509,0.163867604821227,0.135200852824264,1
"20433",0.000274406160439142,0.999724426990938,1.16684862284593e-06,2
"20436",0.176761143196256,0.804391816688558,0.018847040115186,2
"20439",0.55611252193841,3.03054916809304e-05,0.443857172569909,1
"20441",0.0339906149661536,0.965940474721356,6.89103124899285e-05,2
"20444",0.000752983203987224,3.84709484509863e-06,0.999243169701168,3
"20448",0.639966786667446,0.0402611909185816,0.319772022413972,1
"20536",0.998807833965597,0.000869399657491148,0.000322766376911866,1
"20538",0.184516434247277,0.8154447335737,3.88321790223171e-05,2
"20541",5.83910637648045e-05,0.999941543106526,6.58297091786996e-08,2
"20544",0.640605073402134,0.345306299457351,0.0140886271405156,1
"20546",0.00398089034809894,0.996018855265239,2.54386661711481e-07,2
"20550",0.432043327913771,0.561641435513753,0.00631523657247581,2
"20553",5.14490692942999e-06,0.999984497603867,1.03574892036632e-05,2
"20555",0.948375172453153,0.0514854604114273,0.000139367135419899,1
"20557",0.373692705966751,0.621325404482166,0.00498188955108238,2
"20559",0.00164806686978491,0.998328253828449,2.36793017655597e-05,2
"20561",0.574413244134529,0.00681508445488298,0.418771671410588,1
"20564",0.000212197742280843,8.47454855681408e-06,0.999779327709162,3
"20566",0.244524692588011,0.754430872529294,0.00104443488269527,2
"20569",0.686371361170787,0.000166633616083381,0.31346200521313,1
"20572",0.0600737461908463,4.64006365675148e-05,0.939879853172586,3
"20574",0.000734286412550827,0.999248157769872,1.75558175775093e-05,2
"20576",0.00090222980941666,3.73727862271237e-05,0.999060397404356,3
"20578",0.194764038809129,0.793866402453642,0.0113695587372288,2
"20580",0.288944953230463,0.71029413614544,0.000760910624097582,2
"20583",0.000560795707953093,2.91299057071494e-05,0.99941007438634,3
"20586",0.130645926671642,0.869312228268595,4.18450597626934e-05,2
"20589",0.000565062915449695,0.999434871897042,6.51875078017824e-08,2
"20591",0.963049833481276,0.0368668424759861,8.33240427383321e-05,1
"20593",1.0017422836188e-05,0.999989523646454,4.58930709512048e-07,2
"20595",0.00928067604808732,0.990393442572062,0.000325881379850824,2
"20597",0.986795860784017,0.00015262598838478,0.0130515132275985,1
"20599",0.000260294107216837,8.27493197226534e-06,0.999731430960811,3
"20601",0.995830299954955,0.00264364937665879,0.00152605066838643,1
"20604",0.000119378955113382,0.99986703453484,1.35865100471418e-05,2
"20606",0.000154914949900454,0.999844418361426,6.66688673902302e-07,2
"20608",0.00564205964746504,0.994349201887045,8.73846548969282e-06,2
"20610",0.00423346815072712,0.000176481291881908,0.995590050557391,3
"20612",0.0524864108088585,0.934552283957404,0.0129613052337374,2
"20614",0.0152490704088201,3.82763650212205e-05,0.984712653226159,3
"20616",0.97588299814135,0.0204532681984122,0.00366373366023731,1
"20618",0.368223759353934,0.626290097993436,0.00548614265262931,2
"20620",0.00663745661659648,0.99287152092122,0.000491022462184017,2
"20622",0.00175853037831594,8.68850052689578e-05,0.998154584616415,3
"20624",0.00177626177461147,0.998223007931174,7.30294214027701e-07,2
"20626",0.221543483403267,0.75735991861029,0.0210965979864431,2
"20628",0.75694520501569,0.239789278072096,0.00326551691221471,1
"20630",0.126257598821287,0.846942049703576,0.0268003514751365,2
"20632",0.0151202332115522,2.37608812694933e-06,0.984877390700321,3
"20634",0.000257680683477704,0.999741729250396,5.90066125878966e-07,2
"20637",0.00154328322145775,0.998199380165929,0.000257336612613159,2
"20639",0.285472990261573,0.000248163913243488,0.714278845825184,3
"20644",9.3017442632311e-06,0.999990124686954,5.73568782839965e-07,2
"20646",0.00223477031283305,0.9976876477956,7.7581891566976e-05,2
"20648",0.964351984644202,0.0019327192469197,0.0337152961088785,1
"20650",0.00067603419294742,0.999323509526447,4.56280605687902e-07,2
"20653",0.989101496324762,0.00302084783585574,0.00787765583938194,1
"20658",0.00325552330091225,0.996742357058466,2.11964062124101e-06,2
"20661",0.157399890321282,0.842521761533113,7.83481456059135e-05,2
"20663",0.420068207317435,0.579873874610432,5.79180721324678e-05,2
"20665",0.000285930074156389,2.05858079472203e-05,0.999693484117896,3
"20667",0.960927108320357,0.0380461233490163,0.00102676833062635,1
"20669",0.983406845647395,7.20964176516262e-05,0.0165210579349528,1
"20671",0.00603356720624724,0.993687567463317,0.000278865330435658,2
"20673",0.947420149079275,0.000101867438404092,0.0524779834823215,1
"20675",0.991423877677318,0.00834320303964172,0.000232919283040596,1
"20677",0.632149170491089,0.367790968373472,5.98611354391012e-05,1
"20679",0.957304195099226,2.50709728607754e-05,0.0426707339279131,1
"20681",0.999539488683384,0.000280661200226131,0.000179850116389446,1
"20683",0.747277925219909,0.252582811231301,0.00013926354879005,1
"20685",0.979823889871927,0.015441902780041,0.0047342073480317,1
"20687",0.0890861698456103,9.71814355345935e-05,0.910816648718855,3
"20689",0.000155862816761971,0.999843346313372,7.90869866025171e-07,2
"20691",0.0010425940862948,9.61320543780443e-06,0.998947792708267,3
"20693",0.000198671115562693,0.999801240243393,8.86410444348381e-08,2
"20695",0.987154173676658,0.00131591092717443,0.0115299153961671,1
"20697",0.000461963337440732,0.999382068277363,0.000155968385195936,2
"20699",0.840586759355912,0.158409294258552,0.00100394638553651,1
"20701",0.225243103468847,0.774747469055721,9.42747543202549e-06,2
"20703",0.99184203097657,0.00139584907580572,0.00676211994762402,1
"20705",0.00529063679510902,0.994707857579294,1.50562559695115e-06,2
"20707",0.984170830806363,0.0157206672553756,0.000108501938260915,1
"20709",0.0927131947946444,0.0337606290681311,0.873526176137224,3
"20713",0.968516731673616,0.00101109894557537,0.0304721693808091,1
"20715",7.64734630362819e-05,0.981921115933462,0.0180024106035018,2
"20717",0.998713337579793,0.000669378599598071,0.000617283820609327,1
"20720",0.0326339073955796,0.967237397774683,0.000128694829737016,2
"20722",0.043907330605381,0.956069913370701,2.27560239181313e-05,2
"20724",0.777351193682145,0.000294686585792104,0.222354119732063,1
"20726",0.000243949850326643,0.999755991058228,5.90914453622287e-08,2
"20728",0.999193080699632,0.000119789297870023,0.000687130002498122,1
"20730",0.607953252538618,0.00416808742752968,0.387878660033853,1
"20732",0.449563134176829,0.550078350409733,0.00035851541343832,2
"20734",0.610609470447441,0.389237760507259,0.000152769045300318,1
"20736",0.155679257150717,0.000156897878170687,0.844163844971113,3
"20738",0.0294999302422104,0.691169552474869,0.27933051728292,2
"20740",0.13165716961901,0.868342430864767,3.99516223392954e-07,2
"20742",0.99856292539519,0.000867258107841855,0.000569816496968393,1
"20744",0.0417600300257479,8.98397778614064e-06,0.958230985996466,3
"20746",0.923633062559129,0.0760672015505747,0.000299735890296806,1
"20748",0.714931062185848,0.000357100751295626,0.284711837062856,1
"20750",0.363190866061973,0.00113864499671643,0.63567048894131,3
"20752",0.0562988978006468,0.943696762039505,4.34015984770667e-06,2
"20754",0.971364225857035,0.000333169515325648,0.0283026046276393,1
"20756",0.595887179244277,0.131894220310128,0.272218600445595,1
"20758",0.360970146232232,0.144874117417576,0.494155736350192,3
"20760",0.789790143202282,6.10737558105241e-05,0.210148783041907,1
"20762",0.996580276907334,0.000250820273961804,0.00316890281870436,1
"20764",0.351580807634933,3.98512737182045e-05,0.648379341091348,3
"20766",0.891346859047911,0.000153905781014627,0.108499235171075,1
"20768",0.237705839196223,0.00269311768278249,0.759601043120995,3
"20770",0.976221720346793,0.0224050005739401,0.00137327907926723,1
"20772",0.000312219462060092,0.99968007710728,7.70343065981221e-06,2
"20774",2.72525969153403e-05,0.999972660620291,8.6782793214118e-08,2
"20776",0.995477373530922,0.00442577682710144,9.68496419765051e-05,1
"20778",4.75505759017881e-06,0.999994608663413,6.36278996899134e-07,2
"20780",0.716975303666242,0.00164764330619394,0.281377053027564,1
"20782",0.888068423978468,0.000122069304783671,0.111809506716748,1
"20784",0.997640515579695,0.000421552832522148,0.00193793158778264,1
"20786",0.00147189531368507,6.17554015284393e-06,0.998521929146162,3
"20788",0.966168215304364,0.0335864508115434,0.000245333884092518,1
"20790",0.857261163330068,9.67040333232302e-05,0.142642132636609,1
"20792",0.530851578338793,0.0778315906984283,0.391316830962779,1
"20794",0.456019743220048,4.17425165690595e-05,0.543938514263383,3
"20796",0.00125546009432163,0.998744290001407,2.4990427123787e-07,2
"20798",0.000212197742280843,8.47454855681408e-06,0.999779327709162,3
"20801",0.00345968754842595,0.000122503301161971,0.996417809150412,3
"20803",0.942838287421191,0.0571060126322695,5.56999465393733e-05,1
"20805",0.688434603095016,0.311357077652974,0.000208319252009193,1
"20807",0.000212197742280843,8.47454855681408e-06,0.999779327709162,3
"20809",0.994551573173508,0.00344456020569943,0.00200386662079262,1
"20811",0.0550295538982092,0.0360537641969518,0.908916681904839,3
"20813",0.514312022755068,0.413960084716833,0.0717278925280995,1
"20815",0.00201434510345672,2.18813319913695e-06,0.997983466763344,3
"20817",0.956882181804099,0.000660776157490795,0.0424570420384103,1
"20819",0.63723687480599,0.362753457763784,9.66743022627451e-06,1
"20821",0.0139321539019866,0.943535454557671,0.0425323915403425,2
"20823",0.774707031814064,0.211194506859713,0.0140984613262225,1
"20825",0.91398305487698,8.559009193062e-05,0.0859313550310895,1
"20827",0.24309557555107,0.0015091620199528,0.755395262428978,3
"20829",0.00544246680093809,0.994482298208429,7.52349906325469e-05,2
"20831",0.922095906044226,0.000379092704150227,0.0775250012516236,1
"20833",0.705743479929219,0.000197228265411649,0.294059291805369,1
"20835",0.966634541602421,0.000257004114225608,0.0331084542833537,1
"20837",0.995861942115722,0.000939114313341883,0.00319894357093597,1
"20839",0.98185538955072,0.00021371364919623,0.0179308968000843,1
"20841",0.276679782277377,0.723206211294593,0.000114006428029309,2
"20843",0.997375778347116,0.00254091097782729,8.33106750563635e-05,1
"20845",0.481461363704014,0.00250641474539655,0.51603222155059,3
"20847",0.616014383010333,0.383416206150988,0.000569410838679319,1
"20849",0.530334825844661,0.449551603032974,0.0201135711223643,1
"20851",0.315175782802146,0.684726852603723,9.73645941305014e-05,2
"20853",0.017712171114679,0.982281559971507,6.26891381366454e-06,2
"20855",0.00786107526853134,0.991527620277079,0.000611304454389399,2
"20857",0.434448092082466,0.56540646264085,0.000145445276683613,2
"20859",0.05024271557506,0.949377832758235,0.000379451666704588,2
"20861",0.923300245437682,0.0385977653438072,0.0381019892185112,1
"20863",0.668222641329329,0.000218102606479876,0.331559256064192,1
"20865",0.996345563473945,0.00152810492028014,0.00212633160577523,1
"20867",6.007370634398e-06,0.999993869825908,1.2280345742796e-07,2
"20869",0.503322305274281,0.00070945006157434,0.495968244664144,1
"20871",0.000389017020951536,0.997309383315675,0.00230159966337283,2
"20873",0.000361130470816474,0.998747676214835,0.000891193314348678,2
"20875",0.050030683583892,0.949901664653302,6.76517628063479e-05,2
"20878",0.00513310549005163,6.85678785867537e-06,0.99486003772209,3
"20880",0.725420992608817,0.000342700048494378,0.274236307342689,1
"20882",0.00086112509302576,0.999131436619603,7.43828737073939e-06,2
"20884",0.992761192765151,0.000967861500574218,0.00627094573427466,1
"20886",0.307462991943818,0.00275144279272305,0.689785565263459,3
"20888",0.108782713567749,4.87805519703589e-06,0.891212408377054,3
"20890",0.760228188665303,0.000979995140291007,0.238791816194406,1
"20892",0.439357890194624,0.560555983098551,8.61267068244643e-05,2
"20897",0.854980879638117,0.129133600550097,0.0158855198117855,1
"20899",0.858698685891479,0.101227574891115,0.0400737392174053,1
"20901",0.0321800589252383,0.967584024456482,0.000235916618279706,2
"20903",0.000103293121036593,0.995804601350013,0.00409210552895057,2
"20905",0.0640294774042414,0.895868053578263,0.0401024690174954,2
"20907",0.00328600773465903,0.996710438660136,3.55360520486473e-06,2
"20909",0.60368061550788,0.36482187171204,0.03149751278008,1
"20911",0.00035706065052874,0.999639597474107,3.34187536443381e-06,2
"20913",0.976612451038347,0.0148179297542312,0.00856961920742175,1
"20962",0.16691417181008,0.832890186272136,0.000195641917783791,2
"20969",0.00561233062597117,0.983916483648811,0.0104711857252173,2
"20980",0.174055809883265,0.824267334269077,0.00167685584765755,2
"20982",0.0316336130077846,0.968359352254813,7.03473740270587e-06,2
"20984",0.99018252381643,0.00147732482980188,0.00834015135376812,1
"20994",0.0161810492312323,0.983048514420662,0.000770436348105697,2
"21015",0.262172000835962,0.000122148916252016,0.737705850247786,3
"21023",0.000218630754993008,0.999781133821241,2.35423766543348e-07,2
"21040",0.125402989188892,0.874563826421929,3.31843891785831e-05,2
"21073",0.283609511948926,0.709723762021813,0.00666672602926149,2
"21222",0.882258824961385,0.00142375709858671,0.116317417940029,1
"21224",0.936635502527949,0.0553721246026337,0.0079923728694169,1
"21228",0.408398208776694,0.0444673132877165,0.54713447793559,3
"21232",0.0033413535611582,0.996657973350627,6.73088215321138e-07,2
"21237",0.031666041765961,0.967243886857327,0.00109007137671163,2
"21240",0.90507272239459,0.000366448638533348,0.0945608289668771,1
"21245",0.733377467637136,0.000175557681235805,0.266446974681628,1
"21252",0.00717771479912263,0.992822086762592,1.98438285804725e-07,2
"21254",0.0681030598012413,0.931877711006454,1.9229192304277e-05,2
"21258",0.90140091994331,0.0831477067386857,0.0154513733180042,1
"21264",0.860193151048585,0.0118210929832789,0.127985755968136,1
"21305",0.941205211043668,0.0167998659896569,0.041994922966675,1
"21333",0.151458710501226,0.848537435516441,3.85398233321087e-06,2
"21366",0.956513748510504,0.0430109801285618,0.000475271360934373,1
"21377",0.00297916321890028,7.11760626846179e-05,0.996949660718415,3
"21380",0.108196061768892,0.844644558358002,0.0471593798731055,2
"21387",0.00202536802721179,0.997973240238583,1.39173420560025e-06,2
"21390",0.00977127480247624,0.990223801579413,4.92361811072342e-06,2
"21392",0.73850195355701,0.260968879844621,0.000529166598368236,1
"21403",0.1554030972681,0.789257810879024,0.0553390918528756,2
"21408",0.00167877087012939,0.998184604679393,0.000136624450477522,2
"21412",0.0124937322780507,0.984466082138556,0.00304018558339369,2
"21421",0.992934113520552,0.00442232480189499,0.00264356167755249,1
"21424",0.000329101044271803,0.999670734325552,1.64630176213359e-07,2
"21429",0.00592769313595623,0.994028261176077,4.40456879669945e-05,2
"21431",0.977037786407664,0.0210130948228827,0.00194911876945313,1
"21436",0.994808924058094,0.00279132644608506,0.00239974949582064,1
"21439",0.0591798780692542,0.934432571762819,0.00638755016792735,2
"21442",0.74779290442446,0.0889725392658137,0.163234556309726,1
"21444",0.994153896435654,5.57125255628852e-05,0.00579039103878296,1
"21446",0.0121879801196884,1.15958671917612e-05,0.98780042401312,3
"21448",0.970658559097897,0.0192576891712778,0.0100837517308255,1
"21450",0.552759119444748,0.415170542697524,0.0320703378577277,1
"21452",0.0581252397835484,0.941836881661526,3.78785549259224e-05,2
"21466",0.000137328690242566,0.999862652777652,1.85321051948992e-08,2
"21470",0.204340059718401,0.793429668048892,0.00223027223270748,2
"21472",0.0208876435747927,0.979111947406221,4.09018986360275e-07,2
"21474",0.031404370661912,0.96768304832641,0.000912581011677526,2
"21477",0.994401337287602,0.000124983501669523,0.00547367921072873,1
"21480",2.73693206594541e-05,0.999972626764613,3.91472796852248e-09,2
"21483",0.90197218881249,0.000413358491773675,0.0976144526957364,1
"21491",0.559892309507162,0.00100677535334334,0.439100915139494,1
"21494",0.000162063248942613,0.999804339720727,3.35970303302444e-05,2
"21499",0.00115571053122913,0.99883370539402,1.05840747510992e-05,2
"21501",0.0110238327126813,0.9889755656932,6.01594118995202e-07,2
"21506",0.0494654448335094,0.950522870559084,1.16846074059944e-05,2
"21511",0.0867281571868519,0.91297947063317,0.00029237217997835,2
"21513",0.925665990854233,0.0743151069504883,1.89021952792203e-05,1
"21521",0.898496136439304,0.100835025585163,0.000668837975533343,1
"21523",0.94644690589251,0.0535135185769752,3.95755305150259e-05,1
"21525",0.995251777024017,0.00368060932155604,0.00106761365442656,1
"21531",0.000402464640606684,0.999592613958224,4.92140116912676e-06,2
"21536",0.149985366598481,0.84906700631289,0.00094762708862888,2
"21544",0.0904965482774303,0.902604161943654,0.00689928977891552,2
"21547",0.00519204551871743,0.994640828599166,0.000167125882116199,2
"21551",0.0660681152250836,0.929239462280535,0.00469242249438175,2
"21556",0.0126266984512886,0.987357360032762,1.59415159494341e-05,2
"21559",0.952141103341902,0.0478236409287057,3.52557293924358e-05,1
"21563",0.00305615945790444,0.996938484015209,5.35652688661435e-06,2
"21565",0.000515773794381235,0.999482861014538,1.3651910810553e-06,2
"21568",0.00366506015425933,0.996327058374952,7.88147078890247e-06,2
"21572",6.24756532966229e-06,0.999993684980529,6.745414106396e-08,2
"21575",0.043060871730177,0.956191434294805,0.000747693975018401,2
"21577",0.863213822735772,0.020522668968688,0.11626350829554,1
"21579",0.702506957751681,0.297061213283968,0.000431828964350728,1
"21581",0.000212197742280843,8.47454855681408e-06,0.999779327709162,3
"21584",0.870048586245806,0.000322463975099543,0.129628949779095,1
"21586",0.967026363015796,0.0271362418236946,0.00583739516050937,1
"21588",0.759554981829103,0.0904547033419379,0.149990314828959,1
"21590",0.00556922233034486,0.994425437958629,5.3397110258626e-06,2
"21594",0.923412637793135,0.00498481151676192,0.0716025506901026,1
"21596",0.618354250715519,0.00072961076138733,0.380916138523094,1
"21598",0.00173548191467195,0.998247390479406,1.71276059216526e-05,2
"21600",0.999538978862279,0.000347859340035965,0.000113161797684846,1
"21602",0.125148892522872,0.874826278059406,2.48294177217511e-05,2
"21604",0.678933784343947,0.296883755613121,0.0241824600429324,1
"21606",0.0132313178910479,0.000220260525182636,0.98654842158377,3
"21608",0.7215489501256,0.274035456252211,0.00441559362218893,1
"21611",0.980195047021281,0.0191739644765793,0.00063098850214006,1
"21613",0.364111268324072,0.635855888210401,3.28434655268137e-05,2
"21615",0.898870391917003,0.0406609129661937,0.0604686951168037,1
"21617",0.376716114208084,0.00903078382506281,0.614253101966853,3
"21619",0.979161194618935,0.0205250632046275,0.000313742176437442,1
"21621",0.856848988087332,0.00336851098232521,0.139782500930343,1
"21623",0.938865664505638,0.000966094065904546,0.0601682414284577,1
"21625",0.00170007517618583,7.03326177853682e-06,0.998292891562036,3
"21627",0.648743379075695,0.346505404190187,0.00475121673411714,1
"21629",0.99900469579998,0.000171839747246203,0.000823464452773522,1
"21631",0.0273048014885089,0.000193104248181548,0.97250209426331,3
"21633",0.000773615093578634,0.99496336898955,0.00426301591687171,2
"21635",0.00241287515924032,0.997580654976318,6.46986444190008e-06,2
"21637",0.200852272381366,0.53329919337362,0.265848534245013,2
"21639",0.00670311783195059,0.992357942864649,0.000938939303400127,2
"21641",0.994705327010794,0.00094131769363171,0.00435335529557461,1
"21643",0.720099839239274,0.257193870745877,0.0227062900148496,1
"21645",0.95627995516185,0.000712764503132358,0.0430072803350177,1
"21648",0.611916738755999,0.387856403385336,0.000226857858665884,1
"21650",0.0034064725922076,0.99657149846489,2.2028942902711e-05,2
"21652",0.319903816884841,0.680087318173586,8.86494157262782e-06,2
"21654",0.0051240908239889,0.994868903914424,7.00526158685319e-06,2
"21656",0.816220994076935,0.00021111431562958,0.183567891607435,1
"21658",0.00171384086061972,1.1840691166927e-06,0.998284975070264,3
"21660",0.0212671151572261,7.24333743755846e-05,0.978660451468398,3
"21662",0.974807316410167,0.0090897141583318,0.0161029694315013,1
"21664",0.888892080778631,0.000195111288120987,0.110912807933248,1
"21666",0.00392371229612348,0.334935194834979,0.661141092868897,3
"21668",0.994293139722136,0.00015833508576771,0.00554852519209657,1
"21671",0.739500085926532,0.260308171573218,0.000191742500249964,1
"21673",0.597240452242587,0.000168070230990667,0.402591477526422,1
"21675",0.989785015096389,0.00650962189798299,0.00370536300562837,1
"21677",0.000317809940658563,0.999680846602041,1.34345730019305e-06,2
"21679",0.992318240361284,0.00686500794544697,0.000816751693268463,1
"21681",0.992312590954555,0.00108853076362562,0.00659887828181952,1
"21686",0.000336932175948998,0.999571538606979,9.1529217071687e-05,2
"21689",0.000621190755162385,0.999332427773755,4.63814710820844e-05,2
"21706",0.393462545116447,0.60423546037648,0.00230199450707251,2
"21708",0.00270165386293276,0.99729714637202,1.19976504684549e-06,2
"21711",0.974412216597218,0.0191176292166999,0.00647015418608187,1
"21716",3.56617220025697e-05,0.999964081927715,2.56350282175734e-07,2
"21719",0.900617943301413,0.0993671229608577,1.49337377290304e-05,1
"21722",0.319411679779748,0.676809033594902,0.00377928662534974,2
"21725",0.327848398859572,0.672066996172189,8.46049682384971e-05,2
"21728",0.0389598107604445,0.960985535967124,5.46532724317651e-05,2
"21732",0.00400155298326542,0.995764128323709,0.000234318693025556,2
"21734",0.00311965950937447,0.996878036145126,2.30434549913506e-06,2
"21737",0.99786086314343,0.00155110470153451,0.00058803215503507,1
"21740",0.817456071232403,0.0438765417277116,0.138667387039886,1
"21742",0.000163102217797285,0.999833619234743,3.27854746017961e-06,2
"21745",0.354892999323389,0.625246322554567,0.0198606781220438,2
"21747",0.016878346839727,0.983116011855357,5.64130491584131e-06,2
"21749",0.24463321969441,0.00435444002213935,0.751012340283451,3
"21751",0.00162437578003556,0.998277698512561,9.79257074031776e-05,2
"21753",0.00190015921809291,0.998055804359634,4.40364222730449e-05,2
"21756",0.000185743131340016,0.999800756156104,1.350071255615e-05,2
"21759",0.668003423262807,0.0481627454327222,0.28383383130447,1
"21761",0.111513723846413,0.887236161485088,0.00125011466849895,2
"21763",0.996881297874895,0.00205979090383335,0.00105891122127167,1
"21765",0.11578851903921,0.884180419603904,3.10613568859009e-05,2
"21767",0.00250565869572787,0.99747949706365,1.48442406215068e-05,2
"21769",0.000151719472687273,0.999848069231857,2.11295455356869e-07,2
"21771",0.00180827872127839,0.998157914783615,3.38064951062172e-05,2
"21774",0.682786252772076,0.00107048347129914,0.316143263756625,1
"21776",0.0417920063604971,0.958204881786667,3.11185283600425e-06,2
"21778",0.0415629164897445,0.956781194837707,0.00165588867254819,2
"21780",0.5419622955392,0.0248555915094245,0.433182112951375,1
"21783",0.212003010835189,0.780625354114828,0.00737163504998265,2
"21785",0.747209586478281,0.252752428205185,3.79853165341168e-05,1
"21788",0.000877249936204826,0.999122659433145,9.06306503106333e-08,2
"21790",1.60923270750598e-05,0.999983868839345,3.883357958831e-08,2
"21793",0.0161369545689562,0.983692581165448,0.000170464265596086,2
"21796",0.959694005365765,0.0388300812581504,0.00147591337608522,1
"21798",0.0164848266946074,0.98321091297495,0.000304260330442366,2
"21801",2.29462080334395e-05,0.99997700853673,4.52552369146541e-08,2
"21803",0.255729296564534,0.73940046702816,0.00487023640730678,2
"21805",3.83074527261743e-06,0.999995358924259,8.10330467975025e-07,2
"21807",0.82777036681846,0.156081302175945,0.0161483310055955,1
"21810",0.0553668910367994,0.944628351702834,4.75726036628547e-06,2
"21812",0.00031330021133495,0.999658762628522,2.79371601430258e-05,2
"21816",0.0123180906665231,0.987679437844662,2.47148881480257e-06,2
"21819",2.36011545697875e-05,0.999464983656841,0.000511415188588859,2
"21821",0.634491350396285,0.016036208938291,0.349472440665424,1
"21823",0.272367935132244,0.000116014051777903,0.727516050815978,3
"21825",0.0140537820830494,0.985864249492328,8.19684246222814e-05,2
"21827",0.00206443657697314,0.997514440518505,0.000421122904521584,2
"21829",0.0122593716366956,0.987656689354534,8.39390087701228e-05,2
"21832",0.00279304007385699,0.207529281190725,0.789677678735418,3
"21834",0.162311429355589,0.837636658567537,5.1912076873682e-05,2
"21836",0.162311429355589,0.837636658567537,5.1912076873682e-05,2
"21839",0.820304045721887,0.0782094440924131,0.1014865101857,1
"21841",0.0075618000925759,0.221154273988655,0.771283925918769,3
"21843",0.612439462669602,0.000660073868608477,0.38690046346179,1
"21846",5.64579219319162e-05,0.999567653568137,0.000375888509931052,2
"21848",0.00393009284976712,0.995037730686289,0.00103217646394424,2
"21850",0.173568248802928,0.825694232049488,0.000737519147583734,2
"21853",0.0493890666567122,0.00464407562277097,0.945966857720517,3
"21855",0.000889223191050704,9.49347717750347e-06,0.999101283331772,3
