"","V1","V2","V3","V4","V5","V6","V7","result$classification"
"19812",0.00056254160409802,0.0678147999249456,0.157551697888709,0.000607534595841088,7.60086826188975e-05,0.773385539488389,1.87781539807314e-06,6
"19814",9.33629711048576e-06,0.0011315436726422,0.010296779572009,3.2903440382911e-05,2.05546187514841e-06,0.986201281083109,0.00232610047287146,6
"19816",1.53954707273598e-06,0.00688952303298838,0.894466609030627,0.0948683920102919,3.82941664890398e-05,0.0037348192568164,8.22955715060176e-07,3
"19818",2.54056700741534e-05,0.000552147947152315,0.455752670544033,0.000557679235391757,2.08600373626398e-05,0.534444407754314,0.00864682881167166,6
"19820",5.39671338298835e-06,2.81989590153007e-05,0.00908288451108651,0.990883498286243,9.61939339338479e-09,1.13689610771693e-08,5.41917953453646e-10,4
"19822",0.00769818837008198,0.00478505151650043,0.00498252005646388,0.982532733906973,2.47812528578783e-07,3.4647804563666e-07,9.11859406503204e-07,4
"19824",2.39282610924741e-05,6.32249612713704e-06,0.864309151512978,0.134149110839111,0.000121648095208029,0.000159451961213218,0.00123038683426921,3
"19826",5.37610972154505e-06,0.170445664931809,0.0891755138053995,0.00155973344972875,0.0119151087090024,0.726857578002582,4.10249917566044e-05,6
"19828",0.000189950153669872,0.000175766799972056,0.597443415373385,0.402028983845504,1.71243252914009e-07,0.000159487720864039,2.22486335252471e-06,3
"19830",0.000337642038775808,0.130058655258496,0.0024673065504502,2.33123925456186e-06,0.00123548497818455,0.865783157590297,0.000115422344541951,6
"19832",0.699737043830148,0.0394244079182383,0.107580067224653,0.0205464806854523,4.41245859380273e-06,0.132705942830649,1.64505226603273e-06,1
"19834",0.00292823102784684,0.733228830437933,0.156987890582168,0.0951183882451491,5.87044153346208e-07,0.0116234471491133,0.000112625513635635,2
"19836",3.65056202073934e-05,0.00341910796301965,0.91323982967451,0.00103377716006119,0.0243813023213811,0.0578890676994567,4.0956136443283e-07,3
"19838",3.02699799331234e-05,0.000992462612186258,0.000235915313006927,3.83733641509304e-07,3.29432267965708e-06,0.998433624010931,0.000304050027621127,6
"19840",3.2677616724443e-06,0.774491299656477,0.164816714474205,0.0404224650344513,0.000753191217858447,0.0195089721479859,4.08970735054362e-06,2
"19842",6.92856745403213e-08,0.000802090855698192,2.83950165116949e-05,7.38436593753216e-08,0.941555106363366,0.0576051115970484,9.1530380412317e-06,5
"19844",1.67373140807978e-08,1.72738917354633e-07,2.12051490477786e-06,1.09943724732744e-06,1.50865934742168e-05,9.29784224616478e-06,0.999972206135896,7
"19846",6.29626965858531e-08,1.16419384517251e-05,0.000166713617183448,1.93880899900926e-08,0.00261256651538468,0.932608190930245,0.0646008046479483,6
"19848",2.41621669946367e-07,2.89928734182551e-05,0.000184091048751447,3.92584919245096e-08,0.000133059422576941,0.97580647116927,0.023847104605822,6
"19850",1.65277974001513e-06,0.000175274692278896,0.000740941431717136,2.52422090722108e-06,3.53715965968479e-05,0.802067000852114,0.196977234426646,6
"19852",2.92038201734703e-05,0.00233093435138315,0.962163541789214,0.00499914872683198,2.53831842396667e-06,0.0303672006620415,0.000107432331931779,3
"19854",5.8895081315905e-07,8.35133495528242e-05,0.000136300775123255,4.7326201628436e-08,2.96806030392609e-05,0.997532630189992,0.00221723880527789,6
"19856",5.03585402962343e-06,0.000514128625476513,0.000241934151358923,7.86217920369109e-05,0.000148282215251315,0.0145711318418119,0.984440865520035,7
"19858",5.9181366884855e-05,7.38740883309682e-05,0.00992719954540409,0.00250374485040077,1.48907073734454e-05,0.000973702540783053,0.986447406900823,7
"19860",4.16790001351212e-05,0.192849511173845,0.517900712554295,0.0170186369708063,2.25470630685717e-05,0.27213222477765,3.46884602002927e-05,3
"19862",6.34206823697829e-08,2.99669940495089e-05,7.30853890405555e-05,8.20484676858131e-09,0.00877766832531464,0.988704650358314,0.002414557307752,6
"19864",3.3198775967239e-08,6.11260132225945e-07,2.7558522366729e-05,6.65148719216392e-07,0.999968085974111,1.9122388267436e-06,1.13365706842325e-06,5
"19866",5.11500386861323e-06,0.0705115225276978,0.784204112957267,0.124993497924625,0.0196528926039475,0.000631876420969659,9.82561624913272e-07,3
"19868",0.996396475038229,0.0035134895069323,3.98455590738633e-07,5.81220210296159e-06,1.81069106674565e-07,4.25486238839091e-05,4.10951041541171e-05,1
"19870",1.63802132078634e-06,7.8534819829647e-05,0.0102390732419414,9.81701831563861e-07,0.00093322824997169,0.986907074406247,0.0018394695588578,6
"19873",4.24522697524774e-06,0.00187410585126056,0.31866649818787,0.000362661130692192,0.00153952575143123,0.67686060127414,0.000692362577631101,6
"19875",0.00015998337871705,0.0368475224659023,0.213237473340941,0.74873796843567,5.80025425113309e-07,0.00101641602915544,5.6324189025695e-08,4
"19877",1.91019809793734e-05,0.00829312785451205,0.089974226287744,2.72100300887223e-05,8.03806871191133e-05,0.899173112996517,0.00243284016303988,6
"19879",0.000289500610255932,0.00900758715827,0.903032871437777,0.00149290189084247,3.80554270460121e-05,0.0846201814784559,0.0015189019973528,3
"19881",5.87151846435786e-06,0.00610807560807988,0.0767637708871203,0.000183944145055185,0.0226437174389219,0.893053976995387,0.00124064340697072,6
"19883",5.92663050867739e-07,0.00277185374277684,0.0325280167757456,4.72916053490568e-05,0.306000590493777,0.658587979051645,6.36756676558436e-05,6
"19899",0.000285181540697473,0.927486159476419,0.0581639040050775,0.00166978634364956,0.00012147608982821,0.0122708382704519,2.65427387607849e-06,2
"19908",0.000716902794377156,0.976303917990484,0.000782819350999713,0.00218960330983119,0.0196627177921527,9.19359519881342e-05,0.000252102810166896,2
"19910",7.54228556652715e-06,0.000375551560876471,0.949030036288741,0.000806701613972643,4.09605614230798e-05,0.0496901670818542,4.90406075658909e-05,3
"19912",2.03091262480411e-07,0.00670258853677495,7.49458247372518e-05,1.78921968780178e-07,0.506406453782107,0.486326002786877,0.000489627056272211,5
"19914",0.00181996746141817,0.419768795064754,0.405582399662528,0.00344899608765237,4.17752463995387e-05,0.16869591681721,0.000642149660037111,2
"19916",3.2743967170007e-05,0.000434361607883861,0.501093920890653,0.173959857864418,0.324014773705888,8.45925859926694e-05,0.000379749377994343,3
"19918",1.07385801698412e-07,5.87445244254881e-05,0.00739410487757593,1.6528445384971e-06,0.00181137280293061,0.910572522301402,0.0801614952633263,6
"19920",5.64010905413611e-08,0.000104176076123989,0.000110235620883929,2.62171336042319e-07,2.52576658205201e-05,0.129763237156773,0.869996774907972,7
"19922",0.848645142744515,7.690545957107e-05,0.0370685440595441,0.000354837164603651,3.04970377044596e-06,0.113845473375961,6.04749203525229e-06,1
"19924",6.52077202642438e-06,0.00920682363814877,0.107712148782317,0.000119664349237428,0.000162162419990638,0.84852712647345,0.0342655535648295,6
"19926",0.00339200830684022,0.592133099137532,0.372996080283548,0.00608212906058852,0.00382534946905794,0.0215711279528108,2.05789622358979e-07,2
"19928",1.87248707657472e-09,6.16007337442106e-08,3.77039160131843e-08,1.59159017803199e-09,0.999998855096784,4.61307106754515e-07,5.808273818829e-07,5
"19930",6.47033355657894e-06,0.000189353490920742,0.0151963211202507,3.97517667992906e-06,3.86041230281865e-05,0.984464603386871,0.000100672368692582,6
"19932",2.56630636977043e-06,0.000121061295876126,0.000307168961570272,1.33999637264475e-07,8.39030523406286e-06,0.998775989626172,0.000784689505140502,6
"19934",0.00153010978134495,0.042322198864605,0.494430130669385,0.445871431363267,7.35396180492965e-07,0.0157198095953239,0.000125584329893366,3
"19936",0.000344974071030172,0.0845659673123455,0.0442966485428161,0.000286178476662097,1.91589401627029e-05,0.870340583438617,0.000146489218366979,6
"19938",0.00110800152985914,0.112152842860644,0.138137723881251,0.748490171876124,8.48143941217573e-06,5.66131751220426e-05,4.61652375882985e-05,4
"19940",2.07689801975947e-06,0.000173483943470941,0.810675165257062,0.00021650333237445,0.00807774404884127,0.180700688970604,0.000154337549627526,3
"19942",6.84611071622029e-10,6.88483368573222e-06,5.27617604241963e-07,3.99514066922639e-08,0.999987980251066,4.39847927494917e-06,1.68182350851652e-07,5
"19944",7.76018961198315e-06,0.003500684229003,0.974632763375711,0.00442692741947739,0.000194193275766635,0.0172322020798646,5.46943056560908e-06,3
"19946",2.91802767975308e-05,0.00609566152393434,0.630739521465435,0.00121047305115755,7.44996215687049e-05,0.347726176256386,0.0141244878047209,3
"19948",2.79859754933604e-10,1.00555543070189e-07,2.24296958100005e-06,1.56843855802452e-08,0.999975138810891,2.17780863991586e-05,7.2361334028354e-07,5
"19950",6.19059573419343e-08,7.29383072086752e-07,1.19491538420187e-06,9.43990933660069e-09,3.74128983634993e-07,0.00158806894245721,0.998409561284236,7
"19952",2.79859754933604e-10,1.00555543070189e-07,2.24296958100005e-06,1.56843855802452e-08,0.999975138810891,2.17780863991586e-05,7.2361334028354e-07,5
"19954",1.48416514540653e-06,9.38060004731013e-05,0.00276318342304231,5.15828979396739e-07,3.49503690551242e-05,0.996675227764244,0.000430832449060977,6
"19956",4.16212161958398e-05,0.147904621615126,1.08929762073051e-05,3.35429719906778e-07,0.00906869217852821,0.229691326717045,0.613282509867178,7
"19958",0.99911120660942,3.57021800608477e-07,7.99575898490283e-05,3.2341954987277e-06,2.93875061026675e-07,0.000648426333588696,0.000156524374782246,1
"19962",0.00184991168870377,0.0212146449948841,0.223651729891854,0.020873033269712,0.000304356846880453,0.501769604791827,0.230336718516139,6
"19964",9.21252853348953e-06,0.000101070108613076,0.665115567790966,0.000183180440145037,0.0113152570638528,0.316851403861876,0.00642430820601292,3
"19966",2.61215390342577e-05,0.030575116666507,0.230955253916845,0.732347370518776,0.00607312859230156,2.29805586946439e-05,2.82078407627097e-08,4
"19969",1.00804272881993e-06,0.00701224754249016,0.00360281703886472,6.16194004044031e-06,0.00748067784757016,0.98182776904364,6.93185446660873e-05,6
"19972",1.52879142351716e-06,0.000132328269962001,0.0329989665146395,2.40707136778475e-06,0.142781640823285,0.757601316543368,0.0664818119859536,6
"19974",8.058626097016e-09,3.61234093701884e-06,1.48477357197899e-05,3.16121324894442e-09,0.0344427443784007,0.120073128322883,0.84546565600222,7
"19976",9.90700734323221e-06,0.00447141744296495,0.268559364356603,0.000141358552731196,0.000226978136406651,0.675852588744479,0.0507383857594712,6
"19978",6.17770244594169e-07,0.0001968221401691,0.97775024090584,0.00373103723424473,0.000143916003316867,0.0181058290593206,7.1536886863517e-05,3
"19980",5.51402684170152e-07,3.89444197794704e-05,9.79776013193884e-05,4.27493041597554e-08,2.50687709990885e-05,0.868384503615726,0.131452911440188,6
"19982",1.15905087678807e-05,0.00131962041127322,0.000258321149630542,6.49415237697133e-06,9.72238903706003e-06,0.155312562577534,0.843081688811381,7
"19984",2.58894609878496e-08,1.25160632230557e-06,7.79606755812834e-06,4.53855807560749e-07,2.37876881292514e-06,0.000216827790295225,0.999771266021743,7
"19986",7.72167115919563e-05,0.00307073092846149,0.0558586225779226,0.940993005501046,2.67167272528943e-07,1.55465725994366e-07,1.64797945551394e-09,4
"19988",4.29683014438324e-05,0.000127481444310023,0.00533451186025171,0.994495031402809,3.14509757652735e-09,3.50894340496039e-09,3.37144491073474e-10,4
"19992",3.53003144581127e-05,0.00311042431327802,0.0042988116489521,0.992555323291012,2.09367228206552e-09,1.03440824540235e-07,3.48978027095822e-08,4
"19994",2.54011224421631e-05,0.000841161760699159,0.0191274745859631,5.90035192481526e-06,2.82156817269888e-05,0.979948229396515,2.36171007288509e-05,6
"19996",1.18488084996868e-05,0.000237451966194769,0.0456972989355968,0.954052799166838,3.90713827120773e-09,5.47725953289612e-07,4.94897796022233e-08,4
"19998",2.6438453706604e-05,0.485857711609179,0.0145665209231355,0.00310094338327123,0.400799272940798,0.0901184116071906,0.00553070108271884,2
"20000",0.00812247792536694,0.267916623587417,0.000103821175180534,1.96124810343044e-06,0.0023714465296095,0.721237877619827,0.000245791914495888,6
"20003",0.000152250503259906,0.0137353616121364,0.0694559980756251,0.000101178723525871,0.000595837326409878,0.915957905312446,1.46844659638164e-06,6
"20005",7.3069554583158e-08,3.08762842205874e-05,0.000155198018510395,1.24441329422681e-08,0.00123940315394202,0.976855243236032,0.021719193793607,6
"20007",0.000709020527829869,0.277849961203621,0.649462194002169,0.0202471471120922,8.67813793491784e-06,0.0512940066481492,0.00042899236820427,3
"20009",0.000439383222074909,0.00095428280195872,0.407934836045607,0.589831371218661,0.00036304097193183,0.000134490895080531,0.000342594844685843,4
"20011",5.09954115832357e-06,0.00135472887293604,0.154689911380784,2.97052694264392e-05,0.0291641744386187,0.804624604850027,0.0101317756470489,6
"20013",6.80072192329933e-06,0.020104548124366,0.0026828347333259,8.19768117270402e-06,1.07050044659818e-05,0.881234282866176,0.0959526308685704,6
"20016",0.00207289568764709,0.00283700433194582,0.0932534362649876,0.901829057075621,5.40426484556158e-07,1.18501298452002e-06,5.88120032945521e-06,4
"20018",0.922303064868578,9.25656801612186e-06,3.98466379862109e-05,0.0776478222187887,7.87614758351199e-09,1.12756626000733e-09,7.02917274258855e-10,1
"20021",0.000144554456784554,0.000387354630262148,0.919553387362265,0.078249860779638,3.5406240629258e-06,0.00166126690968269,3.52373052348582e-08,3
"20023",0.000443475488630896,0.0402979240830396,0.901391049885931,0.0468911644660466,9.21368457774121e-06,0.0109225848782595,4.45875135143374e-05,3
"20025",0.295399451473422,0.000344763057922935,0.0237477599200431,0.680505441296291,4.74115942433844e-07,2.07892721631995e-06,3.12091624993485e-08,4
"20027",1.27316045133532e-06,0.0195058856821268,0.00145963614677136,1.21874202709773e-06,0.316873182968237,0.662143650084735,1.51532156518604e-05,6
"20029",3.12695217899709e-08,0.000656067463148963,0.000264996817719493,1.98069589930228e-07,0.00687455675684195,0.984024461136696,0.00817968848648216,6
"20032",3.8339682223781e-06,0.000634954295019288,0.00200394071140023,6.99382924856265e-07,0.00432102322847529,0.993026100983349,9.44743060886292e-06,6
"20034",2.69008296993318e-09,3.46540895803673e-07,2.34912681267154e-05,4.93668983824288e-08,0.999892088000032,8.38738416533922e-05,1.48292311096261e-07,5
"20036",1.83931345170645e-05,0.96645971480203,0.000261841325467714,0.000519576630008006,0.000140964104022738,0.0201528539997657,0.0124466560041888,2
"20038",0.00253178120325916,0.163893853572533,0.10199336639679,0.731544880774129,1.82119425031637e-07,3.59345908636205e-05,1.34300122937299e-09,4
"20040",0.00998927537248028,3.88356488034637e-05,0.196491536858427,0.793350244908201,0.000126279914798125,5.13172865700232e-07,3.31412442398521e-06,4
"20043",0.000269730978974588,0.00690782123711254,0.0977604143269633,0.894495122006042,5.62362981557059e-08,0.00056656993569718,2.85278912376787e-07,4
"20045",0.000788147633107558,1.5257655052069e-05,0.00498073946677149,0.994215832172283,2.92207817290059e-10,5.86583244651846e-09,1.69147453974491e-08,4
"20048",2.7436377393526e-08,1.00215188556681e-07,1.27544431407376e-07,8.18003306170699e-09,1.88736423490355e-07,2.46934573692076e-05,0.999974854430177,7
"20051",0.0146332635513158,0.130245189775588,0.135112794860313,0.12550718241801,8.05260009887909e-07,0.581776204070237,0.0127245600645256,6
"20053",1.47689297274663e-05,0.00087465145970467,0.969165613097525,0.0288888060513725,2.45066443342525e-05,0.000968532432585258,6.31213847508155e-05,3
"20055",0.0171443096394367,0.887563400548459,0.0437080079411698,0.0492897423064844,9.07560358220212e-06,0.00228545660416847,7.35669929451945e-09,2
"20057",0.999620089936547,1.02860898131777e-06,1.34156754430328e-07,3.99766822708603e-08,1.17733992399248e-05,3.69055452344371e-05,0.000330028376560223,1
"20059",0.000662546784780239,0.000527234106310926,0.977714454172653,0.0203451971299257,9.41842415218889e-05,0.000651400812037469,4.98275277071935e-06,3
"20061",4.95538089175003e-05,0.00266671106348064,0.981897292760236,0.00894636618553283,6.27866636184913e-05,0.00635359947320291,2.36900450118204e-05,3
"20063",7.1935774961684e-05,0.000138776624828218,0.000122385576261813,0.0156114468222228,0.000415812267270115,4.58930453175725e-06,0.983635053629924,7
"20065",0.767268937059093,0.000465941829781756,0.00336970675522456,0.228895025098722,1.74888198886448e-09,3.87479452090699e-07,2.88447787103405e-11,1
"20067",0.00596161916365958,0.00121987374127231,0.102651299612226,0.889943844514029,3.3167356606249e-09,3.85391140022639e-05,0.00018482053807533,4
"20069",1.11229297865602e-06,7.19756061988018e-05,0.000108299170785793,1.10363410089283e-07,9.79324259273891e-06,0.629058238317801,0.370750471006233,6
"20071",1.46986659323075e-05,0.995095892142385,0.00253030632255718,0.000273611423027671,0.00119692095965519,0.000874163295207377,1.44071912349627e-05,2
"20073",4.48407397958068e-07,4.44631779440674e-06,0.00618950286799803,8.98414796786471e-06,0.000351024541726903,0.100770911933369,0.892674681783746,7
"20075",0.999372346490755,0.000572296938570921,3.9096553228e-07,1.35675856784975e-06,1.77391674437795e-08,5.3330679719009e-05,2.60427687418152e-07,1
"20077",1.12568434290667e-05,0.656217241860406,0.127051698550751,0.215021718840181,4.03541668690466e-06,0.00142610626691262,0.000267942221633218,2
"20079",0.000447097762276322,0.00911470637031643,0.0106996092555981,0.10396262354997,1.7278742779249e-05,0.0353972530092043,0.840361431309856,7
"20081",0.163547055177524,0.0593442528564962,0.380081716224933,0.395279732545253,2.15216166799006e-08,0.00174211982393786,5.10185023957936e-06,4
"20083",0.000113665388675298,0.132614525394153,0.000141915032432809,0.000931869485279825,0.00134995574815621,0.00336143201102687,0.861486636940276,7
"20085",0.000177412704616181,0.000169800333626544,0.00248598768007584,0.997166792649264,7.42679277614166e-10,5.83504434592305e-09,5.46943890247663e-11,4
"20088",0.000409731316218331,0.00330268299447625,0.135463130330048,0.860772121018027,2.14071174750386e-08,5.22463791961494e-05,6.65549165568794e-08,4
"20091",0.99932815624827,0.00011660497925717,0.000371529142169052,0.000175019851463375,4.21140069010513e-10,7.9385207179237e-06,7.50836982188079e-07,1
"20095",0.000105158105183489,0.000551709441501818,0.156386903862067,0.00214505210880186,0.0301664640529414,0.00344061856409807,0.807204093865406,7
"20097",0.000746914739857284,0.000592309721149954,0.00190534662928754,0.996755417378646,3.16823687034948e-10,1.11400142717967e-08,7.42211598506873e-11,4
"20099",5.86077733801118e-07,6.9013901836311e-05,0.818467923528312,0.0961235524146173,0.0825632138125642,0.000349239936376039,0.00242647032856103,3
"20102",0.0493409143335568,0.000114159219370036,0.000467683599620056,0.000116665665475233,1.60130638210918e-07,0.000631911491455989,0.949328505559884,7
"20105",0.000158499367302262,0.000960588025353575,0.302008230888232,0.694828236058343,1.95024088746201e-07,0.00157664228138901,0.000467608355291582,4
"20107",4.49041550052415e-05,0.06732515908435,0.433576691633571,0.49899500014724,8.74217750175683e-07,5.69944116059424e-05,3.76350477843579e-07,4
"20109",4.02933960789036e-06,7.78665124216317e-06,0.835097006642834,0.0318854601117449,0.000352927120392317,0.00535974304711477,0.127293047087064,3
"20111",0.661828310406565,5.44430901209204e-05,0.000315741556367045,1.18895584399136e-06,1.48665593007865e-05,0.333611164401243,0.00417428503055937,1
"20113",1.53398222997885e-05,0.774193994607215,0.171050652272981,0.0496279360798712,0.00445952812227705,0.000652332259031609,2.1683632435124e-07,2
"20115",0.000215958759785672,2.57819021318013e-05,0.00227515281658841,2.88805153546567e-07,0.00316658221366863,0.994122718957048,0.000193516545624053,6
"20117",0.554162718569021,0.0140586601329217,0.0496849566643689,0.0286019293830717,0.353276414768393,0.000212673989071599,2.64649315248157e-06,1
"20119",9.29970597106907e-06,0.0383195084057288,0.171385797518091,0.763440874914337,0.0268191908437223,2.53159068390371e-05,1.27053109205585e-08,4
"20121",0.000113163497757394,0.0352226866930094,0.147561125848498,0.817098205658215,3.96237318713434e-07,4.41281285055624e-06,9.25235030366017e-09,4
"20123",0.998875082472159,0.000568908221284282,4.47883906967346e-05,0.000509226906036435,1.44694485867246e-09,1.99006208118232e-06,2.50079748515472e-09,1
"20125",7.28962551503624e-06,0.0013692864714788,0.000969114364413811,9.93496128324261e-07,6.10819112248531e-06,0.928785378287187,0.0688618295641549,6
"20127",2.25780353855669e-05,1.66848875268909e-05,0.00718357789900539,0.992776658604634,6.88804040618032e-09,2.16745234769092e-07,2.7694017305525e-07,4
"20140",0.00443756326110742,0.991077062569587,0.00249448064937374,0.00137588723210114,1.86930399451608e-05,0.000596297516625349,1.57312595478365e-08,2
"20142",1.53050618897105e-07,7.52964325211542e-06,2.21281631981344e-06,1.59752920244082e-08,7.54840705396411e-07,0.00499652602552714,0.994992807648285,7
"20144",0.00448496195929326,0.0272046831840153,0.000369164032734357,8.45848072836903e-07,3.62402244191452e-05,0.963084861075584,0.00481924367588165,6
"20146",0.000685351661969773,0.415829766559671,0.00179354016617336,0.000298746003247085,2.60881204536788e-05,0.256177960056028,0.325188547432457,2
"20148",3.90886220178641e-05,0.0502498784310115,0.0150374154716624,0.000264283503643841,1.23437667751026e-05,0.934255722960836,0.000141267244053381,6
"20150",4.56351297104955e-08,1.10973711982876e-05,3.44970644358901e-05,6.82061788205897e-09,0.00195585222436532,0.681403870975884,0.316594629908369,6
"20152",7.29479219423425e-05,0.0523238945173366,0.0959437873422,0.00125305323604208,7.19778244924619e-05,0.850224485387094,0.000109853770892608,6
"20154",0.904372597750633,0.000223929333899432,0.000347109947934152,0.0950512610996935,1.12480181597051e-10,1.53023688848955e-06,3.57151847100449e-06,1
"20156",0.00321557067179807,0.515020940732037,0.410387537900021,0.0220917874468135,5.6937912340473e-05,0.0136761046957914,0.0355511206411988,2
"20159",2.18545116596953e-06,0.00019684451946087,8.96170462130628e-05,1.31526213839271e-07,6.22437037067868e-06,0.507141168792664,0.492563828293912,6
"20161",8.45318108701167e-06,0.0013719068959042,0.000133519003860512,2.53410488514022e-05,5.78668855538621e-05,0.00360929282258757,0.994793620162155,7
"20163",0.000932314985007574,0.00197343067246131,0.131029267113695,0.0021384096219629,0.00074290346245035,0.863181007686316,2.66645810731831e-06,6
"20165",4.84312744821042e-06,4.18642705149706e-06,0.00188329234257581,0.00145376781667575,4.50254350472867e-07,0.000256476838464527,0.996396983193434,7
"20167",2.39910000085351e-06,0.000680153106648507,0.0195987539046556,5.69154156378309e-05,7.37359455925784e-06,0.973985520919451,0.0056688839590471,6
"20169",3.54045646082594e-08,4.33721377447505e-07,2.38355257779765e-07,6.87481396861504e-09,2.27518991638366e-07,0.000134053956804696,0.99986500416819,7
"20171",0.956896492366272,0.000168698120975085,4.46319391276617e-05,0.0428846331394693,6.78875268031041e-11,7.20394035405318e-08,5.47232686503625e-06,1
"20173",3.48178799137704e-06,1.96876909544823e-05,0.0199572122665886,0.0132060709234024,0.741320880573161,0.000360591021547146,0.225132075736355,5
"20175",8.82673337264636e-06,0.00376656606109677,0.0307661363886691,7.70365463688373e-06,0.000223297553590349,0.958102581549308,0.00712488805932603,6
"20177",1.7202833442067e-06,0.000570284436353562,0.518851983277311,0.0562128671420887,0.423609262647185,0.000656016524307964,9.78656894099301e-05,3
"20180",0.00105017207750464,0.00307293521589862,0.136706366772939,0.859164295545061,3.36293325801737e-06,2.86742452722472e-06,3.08112518479535e-11,4
"20182",1.12570258512538e-05,5.79513332887805e-08,4.19626127951503e-08,5.98707833139241e-10,0.00203434075505164,0.000205352775410232,0.997748948931033,7
"20184",4.94146473306702e-07,0.000225054191362619,0.000243964731349884,1.4313802116612e-06,4.00749236068249e-06,0.0311920646960278,0.968332983362214,7
"20187",6.63557800514521e-08,0.00338588000250143,0.0039131626902737,0.000153158771855519,0.991203081521468,0.000457101978365908,0.000887548679755513,5
"20189",6.97355802162775e-07,0.000153638585946223,0.976700722596996,0.0149240836035554,0.00332147375442294,0.00489801960632759,1.36449694974496e-06,3
"20192",0.184490665379745,0.00016372597931461,0.489601088456848,0.304351497357935,0.020059703779023,0.00133130736006976,2.01168706478008e-06,3
"20194",3.10030336303982e-07,0.136309943000928,3.06515023998912e-05,5.81333210336113e-06,0.126805551632887,0.0504110665368716,0.686436663964474,7
"20196",0.0790500884743319,0.00101995903744432,0.0199332159776241,0.899990508109131,1.53710898485884e-08,6.16082603775206e-06,5.22043409370087e-08,4
"20198",0.00292419238850173,0.19243510149112,0.496373543250744,0.015974804759051,0.000306577998986196,0.291495569486978,0.000490210624619512,3
"20204",4.2628320275038e-06,2.27937746501781e-05,0.00019458576874517,1.23521825626789e-07,1.16048771261734e-05,0.660192071719101,0.339574557506524,6
"20207",0.0288788286822078,0.00878724091324428,0.0195154958491977,0.942786417958267,1.34714593477044e-09,1.60276083146503e-05,1.59876416226478e-05,4
"20209",0.0750252685005011,0.0429629266297116,0.00369720900810592,8.34755147959684e-06,0.0622194902233625,0.816084341491384,2.4165954550686e-06,6
"20211",0.998216898394305,0.00129961160357995,3.52384915272528e-05,0.000442399560638064,2.53062831950465e-11,5.8254444261593e-06,2.64802176630143e-08,1
"20215",4.553048203969e-05,0.76502936041827,0.0106763225559073,0.223482966602446,1.02379272169135e-06,0.000758103224718497,6.69292389588153e-06,2
"20218",2.16504969515266e-07,4.28897600530812e-06,7.95950855410498e-06,2.34259071632861e-08,1.06130888931661e-06,0.0225399838549073,0.977446466420767,7
"20222",0.0216047979726771,0.0185688568014286,0.0236751429602789,0.934763276577638,1.2751800995796e-08,0.00135253695376162,3.53759824147025e-05,4
"20225",0.000160166523681941,0.046014836919767,0.000136712890958714,4.43210748171517e-06,0.00018366212048293,0.937542456772233,0.0159577326653947,6
"20229",0.00019601496158036,0.998469421307425,2.98384912756378e-05,3.34551270619569e-05,6.69386849572645e-06,0.00126019697290303,4.37927125873761e-06,2
"20232",0.00369303455981972,0.61511698748592,0.347980672347959,0.0265449932964741,8.50420785706708e-06,0.00665116911235852,4.63898961147594e-06,2
"20234",0.0221645150470625,4.41206817614535e-06,0.00454297996785918,0.973287901160663,1.85876154902854e-07,5.77930283851542e-09,1.00781377034583e-10,4
"20238",0.000736553009497269,0.00887840725161786,0.502601669338391,0.487723187638916,5.13349360497554e-07,5.13676610288569e-05,8.30175118874399e-06,3
"20253",2.84159520015265e-05,0.235785833996435,0.00367779498237871,0.760503372911498,2.20491278231052e-07,4.08712593183592e-06,2.74540476939996e-07,4
"20255",0.000211889696965816,0.00365110724148422,0.0015491602298123,2.09937156515199e-06,1.50411034550519e-06,0.994463802174479,0.000120437175348458,6
"20258",2.41898235522739e-05,4.29585919760094e-05,0.394720406162929,0.605194028980772,6.40117347444363e-07,1.77555153126293e-05,2.08081099306667e-08,4
"20269",2.14665367108532e-05,1.07474746511557e-05,0.940903789566433,0.0392193794073981,9.0963586600508e-06,0.00541632700055904,0.0144191936555882,3
"20271",5.17062478409839e-06,0.000114787080805544,0.607404507653694,0.383044819885389,0.00938000884197549,5.06247526952227e-05,8.11606573284358e-08,3
"20285",1.7350237619986e-06,0.00956237160925863,0.00278999486177378,0.000216293726109153,0.970447044765112,0.0163384754723245,0.00064408454166037,5
"20288",0.00022013427036668,0.797621875984506,0.0884531142240612,0.112246477682134,1.60077418323355e-06,0.00143013318085419,2.66638838950224e-05,2
"20291",0.33227639312481,0.00348322710947249,0.408721067125679,0.255497543093643,1.99649235903702e-07,1.98988074040157e-05,1.67108975512101e-06,3
"20295",3.14190581432905e-05,5.52323506854336e-06,0.92896793760662,0.0165591588148907,0.04020908993906,0.0107737386859427,0.00345313266027517,3
"20298",7.69807059193893e-07,0.000366079500526888,0.000159839338723013,7.54211863914201e-08,2.92299435535391e-05,0.998080763688738,0.00136324230021298,6
"20302",2.54973965793779e-06,6.13137409007661e-05,0.00778609066031201,9.93753706807567e-06,0.00174898302780607,0.387017953695737,0.603373171598518,7
"20305",2.96481218188369e-07,8.54205557750404e-05,0.000175140627721027,4.40865915166199e-08,0.000801760051107529,0.998766001659067,0.000171336538519594,6
"20307",0.000141766392292222,0.000648682451731146,0.122580602493529,0.876627787724896,5.4444300724418e-09,1.14268610717453e-06,1.28070136298616e-08,4
"20310",0.000105241962151208,1.18895791119352e-05,0.00241782726659255,0.99746501361975,2.2314871636305e-08,3.48939318663078e-09,1.76812966540461e-09,4
"20313",3.22436333393475e-09,1.1508197006999e-07,2.28103359598628e-07,8.70299945579285e-10,8.27861271487439e-06,0.000630302892743396,0.999361071214549,7
"20315",3.65989564719081e-05,0.00995293590211488,0.423578687191103,0.5663368696303,9.44194417713498e-06,8.5211604579636e-05,2.54771252722249e-07,4
"20319",0.230358641735657,0.00891540301919437,0.00249738274600894,0.758216584781172,3.01033330672394e-08,1.19284578228131e-05,2.91568120919987e-08,4
"20321",5.54821257880093e-06,0.00176154298353278,0.0176924645937518,0.980535035675818,2.03770870317989e-07,3.15756014341379e-06,2.04720330504514e-06,4
"20327",2.71202631236289e-06,1.79145139195969e-05,0.581650265310723,0.418311174248898,1.40150294946078e-05,3.84730997016132e-06,7.15606825619164e-08,3
"20329",1.02918903149386e-10,2.96078346908199e-06,1.4621763778288e-06,6.29555527305772e-09,0.999907839383426,5.60113022266006e-05,3.1719956026717e-05,5
"20335",0.0468249168272611,0.000175233971195514,0.0241305513973415,0.928868292809629,1.42704955732964e-10,6.61475459012042e-07,3.43376409326628e-07,4
"20337",2.34760145935386e-06,8.24499588353999e-05,0.000182944243267816,1.50003156088672e-07,5.57063338379858e-06,0.865995696046755,0.133730841513142,6
"20339",0.593725255098748,0.401325438807284,0.000429751854873228,0.00207442750683407,0.000219975513542586,0.00222408512097349,1.06609774403541e-06,1
"20341",0.979737814120489,0.00165921423422336,0.00154417854418186,0.0166662740003807,3.06877348233288e-09,4.01074435145287e-06,0.000388505287599795,1
"20343",0.000889861519228757,9.06848332944436e-05,0.00470263104925854,0.994300452933448,9.53500230627511e-09,3.49045398017039e-07,1.60110843695018e-05,4
"20345",2.1669352781547e-05,0.0174365068758108,0.0552530143940378,4.53751303291149e-05,0.0258938063030416,0.90134640872704,3.21921695948745e-06,6
"20350",0.00382382385112704,0.985217752064296,0.0012168250441826,0.00726936873726787,0.000188195597576568,0.00128945631769866,0.000994578387851466,2
"20352",4.8587191696244e-08,1.74466644007667e-07,1.34791403234547e-06,4.19241501580454e-08,1.9023114014292e-07,0.00032871829867844,0.999669478578163,7
"20355",6.11974549023157e-05,0.000427952205952789,0.00268701236432451,0.00011892481951787,6.38686536756044e-05,0.0130832037128202,0.983557840788807,7
"20358",5.43687196308139e-09,2.81300172696773e-05,1.57630700924135e-05,2.10232731827599e-07,0.96590420342718,0.026426096512358,0.00762559130349617,5
"20363",1.02042159587654e-05,0.00343248966402824,0.0564985878994598,0.940028535600472,8.81283457417245e-08,2.77616495041022e-05,2.33284223169742e-06,4
"20365",0.614603325262479,0.111578200310483,0.161077148801362,0.103786914049393,1.44773772521672e-07,0.00895356445110431,7.02351405570063e-07,1
"20379",0.000496451668575472,0.000450951079179042,0.00928941443241442,9.43757109944113e-07,0.000178733667267186,0.989062796033807,0.000520709361647278,6
"20387",0.00100593639383352,0.000208275189022804,0.553850256886478,0.444847588092586,3.0816938917643e-08,8.78174655828887e-05,9.51555580016634e-08,3
"20392",0.998380805189353,0.000137870870702284,7.02292835424321e-05,0.00140950119968203,2.92592815467903e-11,1.59206811629768e-06,1.35934473189689e-09,1
"20395",7.60324925617889e-05,0.444802876868978,0.0324263525204584,0.000380088876685322,2.08415991415646e-05,0.521668951636894,0.000624856005281127,6
"20397",5.31541659297359e-10,8.14470236424557e-08,1.04720500096169e-07,1.04817186745701e-09,0.99720165507238,2.48767305146293e-05,0.00277328044986813,5
"20410",0.000172838504707489,0.000745747837770732,0.919727654656933,0.0782410299800621,0.000100539687162308,0.00101218528646844,4.04689604702162e-09,3
"20414",2.38218922745184e-06,2.08861777114031e-05,0.004296548530943,1.02493586877199e-05,4.044449922634e-05,0.836871522718144,0.15875796652606,6
"20417",0.284528488418374,6.30250316860273e-05,8.24414593403577e-05,0.715315701413436,1.03384723263306e-05,3.62769171076697e-09,1.57714482802315e-09,4
"20419",2.04951633732255e-07,8.09768035728961e-05,0.118898127829324,0.881012741539183,6.02589963345115e-06,1.51653416507376e-06,4.06442488196115e-07,4
"20421",0.0164866576912002,0.000794752146478113,0.0220559426691381,4.44254389731728e-05,3.578703080157e-06,0.213398610882868,0.747216032468262,7
"20423",5.57967993260378e-05,0.000175580530208285,0.00199287544480016,1.10893617932057e-06,3.66902303877449e-06,0.715689903735472,0.282081065530975,6
"20425",0.000111158249682293,0.0323513385800828,0.000286737110045965,2.10612005989645e-05,1.18753604318092e-06,0.346031009197714,0.621197508125833,7
"20427",1.28976507590633e-05,0.00818716616601489,0.263294263679129,0.00105415458523174,3.9031400326679e-05,0.727266772607077,0.000145713911461584,6
"20429",0.0014980274694814,0.0151818380294703,0.180810892144224,0.802194666960538,8.03227182400166e-05,1.28293514867513e-05,0.000221423326559369,4
"20432",9.41475227448497e-08,1.11657040683097e-05,0.000159227907738725,4.8280610989673e-07,0.000341536403572086,0.290858780940353,0.708628712090635,7
"20435",0.00899960891175374,0.073982136328685,0.854847995108905,0.0375411853047637,5.81414806742013e-05,0.0245687630610461,2.16980417282303e-06,3
"20438",1.33105171476763e-06,0.02322461114988,0.0374826533149734,0.939048056161988,2.08358736416927e-05,2.67598773416415e-05,0.000195752570460408,4
"20440",8.85720524564097e-06,1.53622578346539e-05,0.478481009436067,0.521462218036443,6.344027256464e-06,1.83388302341097e-05,7.87020691902367e-06,4
"20443",3.43431108288058e-06,0.000544248916709614,4.55308020352106e-05,5.0214776089502e-06,1.29300495845574e-06,0.000317617393076972,0.999082854094528,7
"20446",0.000915005857476476,0.0083526510703792,0.560450670453471,0.0994462746481492,0.0016195760460131,0.326406158593007,0.00280966333150335,3
"20449",0.0015553517835267,0.797255394097067,0.172056842527498,0.0191189159340933,2.15491252747746e-05,0.009989034213905,2.9123186348739e-06,2
"20537",0.330419015256104,0.000414868072999133,0.564569271766936,0.103259538820647,4.61358772834594e-07,0.00125797119024248,7.88735342985643e-05,3
"20540",0.997873225374801,4.27265602757041e-06,0.000770234696039527,0.0013518914759445,6.24950844458611e-10,3.74604139025114e-07,5.68097824384448e-10,1
"20543",0.000190420593662485,0.000966009735837108,0.821160070975794,0.00132334781412561,9.38285392709749e-06,0.175475574296209,0.000875193730444737,3
"20545",0.999590096543799,2.92097271120175e-05,3.53912372821218e-05,0.000341383418541038,1.00920794206584e-11,3.85309490986506e-06,6.59682636704892e-08,1
"20549",0.00327811999242844,0.00282071540095717,0.325461996876131,0.000852492318524579,6.33274628155457e-07,0.657607159536132,0.0099788826011986,6
"20551",0.000707768747089738,0.0715345651690647,0.727256916097779,0.195469413910398,9.51112248307171e-08,0.00495037559422591,8.08653702186821e-05,3
"20554",2.19806115921448e-05,1.72381631323139e-05,0.95152636901547,0.0480715049557216,1.034638391791e-06,0.000360331017895773,1.54159779653171e-06,3
"20556",0.00518468486011935,0.966578340662962,0.00515125710465968,0.00237216649713967,9.14626161421037e-08,0.0206315702971725,8.18891153305223e-05,2
"20558",4.46346559764133e-05,0.000201236772385906,0.124022739934017,0.875726619780798,8.8641262549535e-09,4.68608032092468e-06,7.39123748399381e-08,4
"20560",2.78031668651075e-05,0.0106469641498401,0.571996240188344,0.406499708808943,6.29631192021756e-07,0.00644473776338078,0.00438391629143552,3
"20563",3.38630769680792e-05,7.12639187148332e-06,0.0275944843228948,0.972364128885194,1.79739606270794e-08,2.5290958483214e-07,1.26439526185976e-07,4
"20565",0.000349096322422357,0.187772209042546,0.137740936142152,0.597933582548042,2.93492112465878e-06,0.0508116702742435,0.0253895707494699,4
"20567",3.45587378318209e-07,0.000335142955136346,0.000227138073800879,5.19352752757317e-07,0.000120465675318527,0.0939090586736388,0.905407329681974,7
"20571",0.000140394498407854,0.880503251607888,0.000252527290710154,0.11908765825354,1.22465314674952e-05,3.06958417795306e-06,8.52233808964168e-07,2
"20573",0.00134653206537977,0.0927491943147533,0.838698525306454,0.0618093695750811,5.58807630370631e-07,0.00510935923446518,0.000286460696236392,3
"20575",2.63486666642927e-05,0.000127892724562963,0.128601790536706,0.8712424326457,5.31704833052081e-07,9.56486488349939e-07,4.72350453198614e-08,4
"20577",0.000250922497352989,0.816140923388317,0.0431256823917017,0.00230084809568144,0.00012865604150933,0.138035671641586,1.72959438516784e-05,2
"20579",1.91269047623903e-09,2.64465281047083e-06,3.92161400436439e-06,9.92233768135488e-09,0.12393370454056,0.000856580323088489,0.875203137034509,7
"20582",7.25863260673361e-06,5.81613949473849e-05,0.00768142884410357,0.992252983412488,7.86786696768207e-09,1.56701875912611e-07,3.14611095019592e-09,4
"20585",0.927199667326149,0.0261285767362868,0.0132159022576669,0.0297399352453484,7.39086383440519e-09,0.0037155229419073,3.88101778060401e-07,1
"20588",0.939150662061056,0.0549323284139479,0.00356658873603217,0.000488077466833391,4.29503731565667e-07,0.00178288071639288,7.90331020058159e-05,1
"20590",1.2226866956487e-09,1.28933383080681e-06,1.72906701036634e-06,1.71339776791359e-09,0.00127778027547673,0.00486118807513829,0.993858010312459,7
"20592",5.16996547429491e-06,0.000110181067419071,0.0113664863749231,0.988517899133092,3.33072500753887e-09,7.09697130749288e-08,1.89158653650711e-07,4
"20594",4.92812648859708e-05,4.61920477634416e-05,0.0291819746802332,0.97072189479623,1.16892875204231e-07,5.39651157831346e-07,6.66854722332914e-10,4
"20596",5.19096043194376e-07,0.000447070023673962,0.946456686445805,0.0516136614491078,0.000521490466784068,0.00083950039892003,0.000121072119665704,3
"20598",3.18653345285991e-05,0.00219320738517858,0.836415908127437,0.159352246623448,1.31174634302645e-06,0.00200346744835965,1.99333470536027e-06,3
"20600",0.229603807807982,0.722700463172841,0.0193810741486208,0.00247003638504607,7.69688694587116e-08,0.0254747368619211,0.000369804654718972,2
"20603",0.00155431521983347,0.0129578151286129,0.00268781729763222,4.69133243209957e-06,1.09762277802847e-05,0.980931920852623,0.00185246394108638,6
"20605",0.000165998959303308,0.0284835557475162,0.500102409530952,0.471212103091702,4.24312755215177e-06,3.16816448685949e-05,7.89810594497844e-09,3
"20607",2.52362579515936e-06,0.041265730800639,0.397023969906554,0.561491898537883,2.83127583743881e-05,0.000187320466712615,2.43904042166106e-07,4
"20609",2.67205927414256e-05,8.04823304540992e-05,0.931213376191169,0.0661121762953222,3.06512849827647e-06,0.00255893102342378,5.24843839161668e-06,3
"20611",3.6702527348213e-07,0.000611646258149106,0.000250387188218653,7.17612427489489e-08,0.00631999377856938,0.992754391359526,6.31426290210554e-05,6
"20613",0.000873153315568749,0.000568689105182177,0.890531310099757,0.00463632830027288,1.64168833633694e-05,0.103373082548977,1.01974687910831e-06,3
"20615",0.0087316400884847,0.867540307977678,0.0334119847782511,0.00964704561403703,1.04772536557218e-07,0.0801604699535897,0.000508446815422994,2
"20617",6.6376597772721e-08,1.0458326793496e-06,1.28770565961329e-06,9.29316773282906e-09,3.93080828565169e-07,0.0020473616355069,0.99794983607556,7
"20619",1.85346608800333e-06,0.00355327784278267,0.0124497034317648,0.983993792541901,1.47421727641426e-07,4.32983241928194e-07,7.9231249422922e-07,4
