"","V1","V2","V3","V4","V5","V6","V7","V8","V9","V10","best$classification"
"19812",0.169103374456139,0.000326382770824004,6.17942045986235e-07,0.000428380779840241,0.115885405452978,0.713229463528491,1.11759708589879e-05,2.42833672919159e-05,5.7591882706429e-07,0.000990339812703238,6
"19814",0.0169704759882452,4.87190111752628e-06,8.43955052506296e-09,2.05733816677464e-05,0.00207452770157474,0.978505167695304,2.73891980415426e-06,0.000263107811986669,0.00215709354582476,1.43461492431058e-06,6
"19816",0.708760276694782,1.21290640123948e-06,2.03828467046657e-07,0.202204082592595,0.031432474480719,0.00382580967882674,2.11780423743252e-06,0.00354738306154689,2.90136673326563e-07,0.0502261488157517,1
"19818",0.711192787964487,9.27936611832774e-06,2.29220544201717e-08,0.000390114057076999,0.00047559065328644,0.279916185592212,1.10156042035551e-05,0.00292159590900634,0.00503614302803561,4.72649035195848e-05,1
"19820",0.000703339572059615,2.06385497084066e-06,3.54022399975157e-08,0.998857557510147,3.08576442139386e-05,1.75364940450903e-09,8.28054147137182e-12,0.000183877856078774,2.35878399971149e-11,0.000222266374771397,4
"19822",0.000988054095603988,0.0103448225957591,0.000934225429165894,0.956733502187725,0.00889001840146032,1.81419919003679e-07,9.17640769738923e-10,0.0211083849778028,1.61149792557804e-07,0.00100064882512993,4
"19824",0.0245437029496681,2.22786303248138e-06,1.57405473046117e-07,0.0215845189728302,5.37922113464582e-07,1.10331664606952e-05,4.06805138676607e-07,0.9360870859523,4.73171934838576e-05,0.0177230117694994,8
"19826",0.0353451365627258,1.97703447356759e-06,3.4928179769215e-05,0.00072179054600135,0.188647360101246,0.712208479889234,0.00171478142457374,0.000445825578936023,1.25560092967114e-05,0.0608671646737444,6
"19828",0.310533053564351,0.000117009140055306,2.81883265916303e-09,0.685674672930035,0.000464566351977441,5.1656788435764e-05,5.16087915724764e-09,0.00300977238960088,4.64729096349726e-07,0.000148796126736443,4
"19830",0.00776620226300336,0.000163849893874562,0.000964173516177513,8.33294209161315e-07,0.0479930906703097,0.941980426246467,0.00101711245516696,5.12044872529443e-07,7.4822718833607e-05,3.89768970854199e-05,6
"19832",0.039921057059148,0.76773842799153,7.09400145205172e-06,0.0137209708258959,0.0577628702083967,0.118771094892654,1.37797755937304e-07,0.0014916921858299,3.00137772027498e-07,0.000586354899565468,2
"19834",0.157685913459746,0.00114047099872663,7.98747680590559e-05,0.0458425059949333,0.790225686653996,0.00413890641283977,2.04467789670874e-08,0.000847914027102064,2.37980608570757e-05,1.49091769610576e-05,5
"19836",0.543231138720489,1.27506148865743e-05,3.21750236483922e-06,0.000787235209656589,0.00154493791670196,0.0317830208495264,0.00141698686493516,1.92719328999066e-05,6.76823866509338e-08,0.421201372706153,1
"19838",0.000332807291094119,1.4338823375548e-05,2.34670979829771e-08,1.13640649818902e-07,0.00102367447099197,0.998381515309064,6.74323404772541e-06,2.23825333533515e-06,0.000238416217959333,1.29292383666681e-07,6
"19840",0.124953042570589,9.84717418690909e-07,0.000184790640069755,0.0282503266967937,0.827613943215853,0.0108628667755011,4.77066197794818e-05,5.46503415742162e-05,8.92470950431876e-07,0.00803079595147076,5
"19842",6.08869336224442e-06,7.05775130366576e-09,7.60252815883155e-06,6.27488240369242e-09,9.19002839735962e-05,0.0206319336034427,0.978879896340048,5.57492586527915e-09,1.84078265497653e-06,0.000380718860800464,7
"19844",4.23989184989195e-07,4.90544773335663e-09,1.99489047033655e-06,2.1663987758316e-07,3.00560324976455e-08,3.98461996125539e-06,1.31470072281625e-05,0.00331009258653069,0.99666983624228,2.69062986495431e-07,9
"19846",0.000147536215294676,1.78346194426238e-08,3.06831562095388e-08,4.24370148578285e-09,4.06063565374581e-06,0.89881712267238,0.0182333104043153,2.7040069664617e-05,0.082763220244173,7.65699704210233e-06,6
"19848",0.000176212276288536,7.8001417512519e-08,1.56104702761212e-08,9.14723004014651e-09,1.39249267366622e-05,0.971785936781249,0.000567115902827892,3.10693490122524e-05,0.0274242760738055,1.36193096195599e-06,6
"19850",0.000411353221062528,6.24612110705367e-07,2.75264998018228e-07,6.12075971777197e-07,9.61346708505281e-05,0.807906787131547,4.9369071070037e-05,0.00481299537971686,0.186718302629125,3.54594354822719e-06,6
"19852",0.978472684822499,9.82508541276568e-06,2.96255247929759e-07,0.00379423934999586,0.00149598692229687,0.0132178221212088,1.20378280126107e-07,0.00276294359032952,2.76861783166964e-05,0.000218395296412779,1
"19854",0.000180235190646079,2.08268102877022e-07,6.48077288763077e-09,1.29689901543506e-08,5.78288512350946e-05,0.997267078648794,0.000135133128009442,2.7039863080027e-06,0.00235650711209957,2.8536504216538e-07,6
"19856",3.46409854675293e-05,2.11893688816584e-06,3.19119578163782e-05,1.2432153127241e-05,0.000323861609516886,0.0114926211180485,5.38184272350413e-05,0.320659803971505,0.66732661158676,6.21792536350869e-05,9
"19858",0.000141732768285968,2.30106480436937e-06,5.68209568183466e-06,5.99494261586279e-05,1.96376245836919e-06,4.12604429253634e-05,6.75474871757754e-08,0.962785038844896,0.0369370721809895,2.49318663124676e-05,8
"19860",0.535711577587358,1.68606496779402e-05,5.17998689230329e-06,0.0128811022220369,0.261937694922307,0.188012181706589,1.90079279949061e-06,0.000734969473882101,1.00298435735627e-05,0.000688502814884218,1
"19862",6.89888848242034e-05,1.62434832701918e-08,4.81891667663985e-08,1.72480063678199e-09,9.3947293757925e-06,0.932001373098914,0.0655186806926812,5.54921479821566e-07,0.00239190074216667,9.04077310734563e-06,6
"19864",2.11991221280691e-05,1.66912635315535e-08,8.02379118903846e-05,5.73491156796421e-07,9.56765617069678e-08,1.24394483863905e-06,0.988429964465472,2.50203031282315e-08,7.11461296966149e-07,0.0114659322150881,7
"19866",0.121674754155475,5.99115216716695e-07,0.0013247659374251,0.035132532330216,0.0113267633454694,0.00010113416608739,9.06207827020978e-05,0.000177311067412578,4.55262161147718e-08,0.830171473573779,10
"19868",3.4833341281977e-07,0.99718754499053,0.00122772391487282,1.43046717959441e-06,0.00153711994436326,2.24089143237988e-05,8.92410042443354e-08,3.05216356553579e-08,2.3302947939656e-05,7.24737247764881e-10,2
"19870",0.0297357580249633,7.15948934128464e-07,3.7791071366174e-08,6.56999412457537e-07,4.56477621488916e-05,0.964431869410262,0.00365677811631401,9.38094972675029e-06,0.00208524302126421,3.39119759030944e-05,6
"19873",0.476036323927853,1.66605079019336e-06,6.11038430376585e-07,0.000277212076209071,0.00138975809831488,0.518316686164636,0.000875358521067419,0.000542571449994627,0.000369781181641749,0.00219003149106246,6
"19875",0.0671026427059373,8.73731398528683e-05,3.60584804668904e-07,0.829195120889683,0.101917443399986,0.000482831679934094,6.7720267318123e-09,0.000467091431109745,6.70173900579167e-09,0.000747122694926948,4
"19877",0.251967682868269,7.30228592610434e-06,5.54394077629725e-06,1.51607774647415e-05,0.00399309142273278,0.742090670424988,3.76968120098238e-05,0.000135255867572012,0.00168167153807975,6.592406218166e-05,6
"19879",0.97434583879923,6.02020199220671e-05,3.50700990883681e-06,0.000532871016591634,0.00260867237928589,0.0212898022474498,2.62386968504207e-06,0.000650083094650441,0.000338072631720989,0.000168326931555048,1
"19881",0.0262366927816637,2.32584328884387e-06,8.44535209495708e-06,6.26017625179113e-05,0.00468941486320382,0.873572819137258,0.00519151093403135,0.00843098489409382,0.000490336283108659,0.0813148681487388,6
"19883",0.0171230300437012,2.14434515306685e-07,1.15526605720058e-06,2.19663396883954e-05,0.00261830860753786,0.633089635366706,0.235991720827339,5.82784501750126e-05,2.83857371920058e-05,0.111067304927088,6
"19899",0.258545616972897,0.000182881635694894,0.0041685233820157,0.00216072139096368,0.72312225019225,0.0114355665980384,1.63606248910119e-05,1.06345381286662e-06,1.34958537950944e-06,0.000365666164056596,5
"19908",3.50398533311566e-06,1.04373413937828e-06,0.99961280660219,2.75180559809845e-06,0.0003701668633712,1.55981729520379e-07,5.43169521387382e-06,1.63266049658108e-08,2.98751224607577e-07,3.82425459462284e-06,3
"19910",0.973603327126436,2.48615178904474e-06,4.55147675697565e-08,0.000658950048377807,0.000229849641160527,0.023476058200375,3.90741214029454e-06,0.000660210594073509,1.41508342919108e-05,0.00135101447658767,1
"19912",2.26234986805865e-05,2.27255628142138e-08,3.04807818940959e-05,1.36367574015645e-08,0.00107090238427089,0.207368567854956,0.791164779259687,1.13687876029521e-07,0.000147722575273392,0.000194773595042013,7
"19914",0.603340432688437,0.000952801718979951,0.00128860802987949,0.0018244659122461,0.258666130003716,0.129201713946385,2.21354862146573e-06,0.00339476261070894,0.000234586784752676,0.00109428475627407,1
"19916",0.00107167543429547,2.68017570862637e-07,0.000677459996626027,0.00209134508420073,1.28843590264346e-06,7.19682894256153e-07,5.46755427652052e-05,0.0112245325943823,1.13848180432812e-06,0.984876896729558,10
"19918",0.00659158307627961,3.59779020688568e-08,8.39922911935952e-08,6.00300707232307e-07,3.26426896680208e-05,0.902552438902225,0.00368612058811671,0.00222396019844389,0.0846785696056791,0.000233964668686882,6
"19920",8.7172506139897e-05,1.14752745986509e-08,5.14702031918672e-07,4.18725901352523e-08,2.88678319168138e-05,0.0809983898155905,5.58852417361865e-05,0.000315447656086873,0.91851346780853,2.01090103431859e-07,9
"19922",0.0303070085099415,0.899286685486971,3.97817228226918e-09,0.000317333505559095,8.67903758355805e-05,0.069962869505556,9.69788785345762e-07,2.78734622074457e-05,2.024703802376e-06,8.4406831690789e-06,2
"19924",0.247768181982079,2.62337819094965e-06,1.59038585516216e-06,7.48036874209125e-05,0.0092115684854759,0.706726386116026,0.000151291484627445,0.00108980595729377,0.0348754111658868,9.83373571444198e-05,6
"19926",0.387401186141443,0.0020976383849247,0.00152901222996016,0.00533582334538674,0.462810373546502,0.0166473353480674,0.000123659010384942,8.03919334867999e-06,4.26664986994878e-08,0.124046890133484,5
"19928",6.66540484039713e-09,5.68051915671698e-10,0.000104394505575981,3.28673663177315e-10,3.58217366080961e-09,2.79174977403193e-07,0.999339711439235,1.37174889722255e-09,2.53003572905223e-07,0.000555349360585942,7
"19930",0.0265856413771866,3.13991023183901e-06,5.76464862703982e-09,2.66325882357349e-06,0.000182446398594472,0.973074075060742,4.63533417788884e-05,1.5900354649259e-05,7.02114368696908e-05,1.95630964748086e-05,6
"19932",0.000417746497075352,1.04081883014046e-06,4.50060294281985e-09,4.33175306001569e-08,9.84061349589459e-05,0.99873645306301,2.36402708713336e-05,3.88848650573537e-06,0.000718503597767272,2.73312847558566e-07,6
"19934",0.184867760700872,0.00122054291860806,8.06483330651838e-07,0.366028762532637,0.170859154346666,0.010839915003018,2.22178087828444e-08,0.265368849069364,3.48156033890201e-05,0.000779371124306892,4
"19936",0.0686542775356952,0.000182483721035967,3.1977171382127e-06,0.00018509226350173,0.105508801609511,0.825288629158645,5.90138148655468e-06,5.13559709591308e-05,8.11892487187849e-05,3.90713933085215e-05,6
"19938",0.0578009424018652,0.000927405047528072,0.00487245249291091,0.694187907927813,0.160333903347386,3.46759260881086e-05,6.59089362212191e-08,0.0695521461807296,1.1944162444866e-05,0.0122785566042983,4
"19940",0.832830401538284,8.05356020154904e-07,6.44527021811014e-08,0.0001938286872038,0.000124993001161566,0.122048090976666,0.0029227693904059,0.000557843325233305,6.99436754283773e-05,0.0412512595968949,1
"19942",1.96843577315208e-07,3.92302898615629e-10,0.000454122601550452,1.9534679827159e-08,2.1029314462308e-06,6.63441512186772e-06,0.985960782398367,1.36352540741471e-08,1.19256420958353e-07,0.0135760079912792,7
"19944",0.876819266808753,5.20171270285493e-06,2.71718236155962e-06,0.00597392935661503,0.00460250895359986,0.0180141511790355,9.14670887679514e-06,0.00359261487941724,1.92206418208283e-06,0.090978541154456,1
"19946",0.704303847165344,1.11410307943032e-05,1.59766772395157e-05,0.000670862771141528,0.00281393388193845,0.242880099933411,9.15505946321818e-06,0.0415767925841077,0.00664950900849645,0.00106868188806372,1
"19948",3.25750901479971e-07,4.95886147075047e-11,2.65030208503807e-07,3.31008959829882e-09,1.05771657617245e-08,9.34594195835223e-06,0.997555607315453,1.1089740370062e-08,2.07829528460498e-07,0.00243422310536639,7
"19950",6.12220070380428e-07,1.16688626412103e-08,3.80689009180386e-08,9.28916093373604e-10,1.04693928874414e-07,0.000616311584547902,8.93675788459775e-07,4.62034970267552e-05,0.999335823089732,5.72225661015028e-10,9
"19952",3.25750901479971e-07,4.95886147075047e-11,2.65030208503807e-07,3.31008959829882e-09,1.05771657617245e-08,9.34594195835223e-06,0.997555607315453,1.1089740370062e-08,2.07829528460498e-07,0.00243422310536639,7
"19954",0.0051376091685335,6.261126590932e-07,3.92687784843893e-09,2.64246795950864e-07,7.8158106064433e-05,0.994296397698095,8.47377952890324e-05,6.72843739955776e-06,0.000392221916767743,3.25259151768805e-06,6
"19956",5.76369658193929e-06,6.25231110195967e-06,0.555965378108406,1.62934167622869e-08,0.00785047981390639,0.110845963880733,0.00860693884670114,5.04890087011315e-06,0.316713019145826,1.1390024564835e-06,3
"19958",3.3424344913762e-05,0.999579938817438,7.36952216539506e-08,1.27189440617998e-06,7.05583473386426e-08,0.00030098296107271,8.76537682900703e-08,2.22098772765484e-05,6.18918824541871e-05,4.83151016532052e-08,2
"19962",0.00306079455859344,7.66572753637059e-05,1.91182989815076e-05,0.000479107313694681,0.00109768439404987,0.0316763296733497,1.35433575889567e-06,0.956297802303935,0.00644455513155776,0.000846596714715677,8
"19964",0.673100413722504,4.70641910943579e-06,1.98817291504593e-07,0.000171632089703398,7.13849065042485e-05,0.272212713404316,0.00669100411063643,0.00727291075282166,0.00490883071903569,0.0355662050580781,1
"19966",0.00395720270872636,1.52707591045725e-06,8.18898726602468e-05,0.0810450052445864,0.00377652972715071,1.22250650981158e-06,3.19008769748194e-06,7.09135374148993e-05,3.08893381643155e-10,0.91106251893045,10
"19969",0.0034071047827394,3.46711197241755e-07,2.16534397592878e-06,2.1931110369277e-06,0.00516627130208999,0.982512376071502,0.00826921023418033,5.28808950721469e-06,3.55553326947767e-05,0.000599489021076016,6
"19972",0.0679898500952624,3.64626948427604e-07,3.84883816107741e-06,1.0021165034061e-06,2.20512242703498e-05,0.418900852197306,0.45270632029221,3.02361737681065e-05,0.0595767210351604,0.00076875340041043,7
"19974",6.86850855995491e-06,8.5462513154589e-10,5.69963472832279e-07,2.49784222486583e-10,2.37589764360702e-07,0.0474263127274268,0.244966809230923,3.71081684972083e-06,0.707593449241088,2.04081750529216e-06,9
"19976",0.580822152140003,2.74459996776962e-06,1.18352654724501e-05,6.96154366091088e-05,0.00135631351172715,0.383473193805183,9.74041581079601e-05,0.00166713783694382,0.0323692408467142,0.000130362399271889,1
"19978",0.959475733931591,3.21552806797999e-07,4.82481237825383e-08,0.00595400575762345,0.00026369272209309,0.0146097832988448,2.16994927882709e-05,0.0057172444922203,3.49686832738404e-05,0.0139225018206342,1
"19980",0.000126951217788821,1.83240919332061e-07,2.40895206883308e-08,9.67884601819811e-09,1.84670139556112e-05,0.810538052265343,0.000154103350527526,3.42328725034462e-05,0.189127868997869,1.07272726055832e-07,6
"19982",0.000222537209552338,3.39824009087939e-06,1.54904206066752e-06,1.39974120504128e-06,0.000670049668518826,0.0891695200559652,1.95174217098437e-05,0.000277497818925643,0.909634442527794,8.82741771535215e-08,9
"19984",2.19885953488806e-06,7.53811044546371e-09,4.67108829981824e-07,7.36948479416916e-08,3.35669754919522e-07,0.000117854880352303,1.78578522136336e-06,0.00735310898143246,0.992524013741424,1.53740491230352e-07,9
"19986",0.0126340422483481,3.71601491422055e-05,6.83599866190444e-05,0.980813140037147,0.00218682854124966,3.78329080189386e-08,2.24885473219534e-10,0.000166566516737379,9.3208634157699e-11,0.0040938643697544,4
"19988",0.000696222702458073,1.7956863091273e-05,1.84049652259372e-06,0.99910038470283,8.39856236379322e-05,5.15240938998004e-10,1.68286043579415e-12,4.42643710027579e-05,1.40911267799626e-11,5.53447094419602e-05,4
"19992",0.000931308681649209,2.18649187890786e-05,2.58173333422724e-05,0.99321729152076,0.00429826953013809,3.37363866883335e-08,3.18039208927977e-12,0.00148000501469873,3.51159285263568e-09,2.54057494627958e-05,4
"19994",0.0392461107960971,1.3084761865758e-05,1.28427022898736e-08,4.14445123615222e-06,0.000932871735263629,0.959740160982032,2.51111305028949e-05,4.31144124483042e-06,1.46875364868251e-05,1.95043225682214e-05,6
"19996",0.00949359240764874,4.48134336500327e-06,4.35819819570032e-08,0.989134798312013,0.000322067292918989,1.02274992442478e-07,1.02988335539947e-11,0.00101587500500785,3.97423768245317e-09,2.90357975358396e-05,4
"19998",0.0023844876433256,8.77833372270876e-06,0.16392899820024,0.000555379284172933,0.186036059635516,0.0716678076240899,0.0312227083440406,0.0259503170435588,0.00147392545983952,0.516771538431494,10
"20000",0.000102637307530204,0.00497577285191165,0.00760527567297433,3.500234238173e-07,0.11163261912012,0.873479634081887,0.00204652623692781,1.07008867260461e-06,0.00013737951729485,1.87350992584751e-05,6
"20003",0.0665786790053877,8.43060179248707e-05,2.95626438789481e-07,6.55820065141917e-05,0.0186861909463424,0.912087535336686,0.000155637683538023,8.54229516361224e-06,4.86679852347858e-07,0.00233274440215208,6
"20005",0.000260149564032764,2.05693975377317e-08,7.15950126777384e-08,3.23714325140293e-09,9.65014837198666e-06,0.959635253536802,0.0100967298843306,2.74972179460913e-06,0.0299932996380726,2.07210504202241e-06,6
"20007",0.893403426495752,0.000147453754827892,0.000133138609143534,0.00822055352745603,0.0851505848783008,0.0126218895306093,3.83174304199824e-07,0.000207510169384462,7.89753655768692e-05,3.6084494645018e-05,1
"20009",0.00412736709012821,3.16993306493112e-05,3.32792952551769e-05,0.038808001137335,7.24848232139203e-05,7.40999857694305e-06,2.31678949915053e-07,0.854018055756479,6.12727091036226e-06,0.102895343618503,8
"20011",0.436640318169975,1.57344979413772e-06,4.6828899146595e-06,1.83515056761937e-05,0.000476153630470888,0.500926119638889,0.0523925042179741,4.51994487316881e-05,0.00823639503559346,0.00125870201298141,6
"20013",0.00615033328143461,2.69087884544359e-06,9.11316041166029e-06,2.71446722833141e-06,0.0157329814785177,0.863718141993252,1.44078130922488e-05,0.00032317983429336,0.114045427647655,1.00944526888487e-06,6
"20016",0.0439796279225029,0.00153670668867556,0.00178778848972537,0.929841838831215,0.00162778288247521,3.86876225947049e-07,1.89665619340897e-09,0.020041975603673,9.05291926156144e-07,0.00118298551692488,4
"20018",2.10907240902556e-06,0.959490051891808,7.22873506250919e-05,0.0404059117533823,2.83097041586024e-06,2.02846664351759e-10,7.21316030019532e-12,2.14805729791012e-05,2.94814830090814e-11,5.32814883962008e-06,2
"20021",0.722176738771672,0.00020527500236083,2.44691071260092e-08,0.254049159574831,0.00154437609657679,0.0019041432531682,1.2196787638417e-07,0.00179133083963226,9.90358270444235e-09,0.0183288201211937,1
"20023",0.770847705097488,0.00043164994851571,9.13507098691964e-05,0.0597758680569404,0.065588749360448,0.0126783278349363,1.9770025601919e-07,0.0740248974195526,1.69678810831163e-05,0.0165442859909106,1
"20025",0.00603974527169932,0.230503627748599,8.88190690773205e-05,0.763035322771992,0.000112307797412133,5.06280348163661e-07,1.87851897855412e-09,8.50694583771637e-05,2.3652312367538e-09,0.000134597358745192,4
"20027",0.00164272344987889,3.12790717376526e-07,3.8241176246348e-05,3.62346587761618e-07,0.00662347140662601,0.521210993602764,0.468874510612986,3.97094750979107e-08,6.83726414252182e-06,0.00160250764057575,6
"20029",0.00025118189973422,7.97227128478965e-09,5.09327836576238e-07,4.43440614987972e-08,0.000360397979774835,0.959744142489201,0.0315598593275311,8.39702833876601e-06,0.00804535538169987,3.01042495509903e-05,6
"20032",0.00176053966227991,1.52659007337448e-06,4.18589532954684e-08,2.74248440731873e-07,0.000525340794293123,0.990997254769263,0.00643691751664902,5.16857288726537e-07,4.90384409649952e-06,0.000272683858662232,6
"20034",7.93816348292153e-06,9.68997700272977e-10,4.7721120805922e-07,2.45702952314322e-08,7.15210885837202e-08,6.79919661698915e-05,0.978193817204303,2.09220304799989e-08,6.19065540510111e-08,0.0217295955658696,7
"20036",0.00014914322091329,1.11918392722716e-05,0.130677125048859,0.000150437855701978,0.826823516852949,0.0293279311422688,3.1577370390615e-05,0.00325172829441465,0.00949858958382387,7.87587914064491e-05,5
"20038",0.0389123181098906,0.00124706782998934,6.13523087924618e-06,0.668837628667916,0.290651816641921,1.02846496853157e-05,5.86273343817251e-10,8.62991373668843e-06,9.06000247646104e-11,0.000326118279109146,4
"20040",0.0212530606697254,0.00624133272651909,0.00149188525632856,0.630002445729317,6.69562693339223e-06,1.17726796348541e-07,2.11747812502893e-07,0.079805725656319,2.59897647372969e-07,0.261198264962602,4
"20043",0.0221803202606066,0.000179902198348535,2.37866113547432e-08,0.941966604191277,0.0311500629169727,0.000268127650515507,8.26438313275757e-10,0.00413925810857889,4.07360129235892e-08,0.00011565932463792,4
"20045",0.000544544223599863,0.00052144428032493,4.97696761995329e-07,0.995143148962785,1.178924388567e-05,1.05196856390685e-09,1.98935046209149e-13,0.00376800397411788,1.06322363724436e-09,1.05695031333903e-05,4
"20048",4.73126377389285e-08,5.62727687304539e-09,2.45915382813534e-07,7.82200900660586e-10,9.68304881400987e-09,8.22972695572932e-06,2.97932961771481e-07,5.00463343349527e-05,0.999941116423453,2.61747940797637e-10,9
"20051",0.0429508875854891,0.00775340364202861,6.86031565747152e-06,0.0461690554684222,0.193227393346905,0.34095534517692,5.78272363524487e-08,0.365259780299678,0.00365672906863931,2.04872690235651e-05,8
"20053",0.790045126561149,1.12338944820502e-05,2.06246399717006e-05,0.0410114685889169,0.000800600235869996,0.000811828106266819,5.70897935449336e-07,0.12943397052369,2.22630004450674e-05,0.0378423135512736,1
"20055",0.0222743747717953,0.00575518636683573,1.18433742213865e-05,0.0247092781037073,0.946570635776979,0.000573394129682119,1.65616933004686e-07,1.56037154411293e-07,5.6908720136909e-10,0.000104965253604672,5
"20057",4.46465668417835e-08,0.999670467663978,0.000122262124088777,6.3184875103656e-09,8.90406731322337e-08,1.93084471064113e-05,8.84265848022044e-06,2.1734663550624e-07,0.00017874994802641,1.18059571452694e-08,2
"20059",0.804108902217254,0.000734215854048208,8.09608084100408e-05,0.0405726227455223,0.000340128574208269,0.000637429062904812,1.65011248829508e-06,0.0135728919039828,1.62111300271727e-06,0.139949577608179,1
"20061",0.979667698193745,2.03494757391692e-05,2.72760397368713e-05,0.00867808016892462,0.000957694848045331,0.00324924627623019,1.87297506069924e-06,0.0015275726840586,5.48956385027604e-06,0.0058647197746095,1
"20063",3.23026217830252e-06,1.33147617454009e-05,0.0585381852280346,0.00137297589903896,8.6202552561976e-06,7.23052746741232e-07,7.68030042490375e-06,0.788605654906219,0.151276701954299,0.000172913380057263,8
"20065",0.0006242853092418,0.754384335555428,5.12045203405673e-07,0.244504573680518,0.000478811663331593,9.52645055375569e-08,2.58738109595538e-12,1.70919853157948e-06,1.29606284922327e-12,5.67727935656393e-06,2
"20067",0.0162881062793425,0.00254555411954942,2.53633051530007e-06,0.392197593822999,0.00082266104283413,7.96995272153228e-06,9.74445043725822e-12,0.588106554586263,1.9520401614138e-05,9.50345441596133e-06,8
"20069",0.000126660902134377,3.40832717189428e-07,4.77239310207104e-08,2.25061335964926e-08,3.22571478169932e-05,0.498699466318566,4.56725784023003e-05,8.05669730974713e-05,0.501014916920383,4.80968180448124e-08,9
"20071",0.0051868037814926,5.52343706968913e-06,0.729749147708046,0.000124986041785813,0.263629475019035,0.000593320325392929,9.75908350765631e-05,1.37491062037228e-06,5.29965974504672e-06,0.000606478281736294,3
"20073",0.00223753809755015,1.58455046356747e-07,6.82030839619451e-08,2.78471843269659e-06,1.74151680765677e-06,0.0740009026377547,0.000305385536867295,0.155398010313607,0.767885222802903,0.000168187717947726,9
"20075",2.02711542525209e-07,0.999632255263953,6.76361233813446e-06,3.00788188877154e-07,0.000332948015657143,2.74409149425283e-05,3.69388180689883e-09,6.31365502765109e-09,7.80475316970993e-08,6.3830910367143e-10,2
"20077",0.0959995880492398,4.68732375481655e-06,0.00196196706997071,0.152043524066891,0.733173670564275,0.000829728297202345,8.55187852926394e-08,0.0152838570813465,8.05782890713404e-05,0.00062231373946271,5
"20079",0.000103661202077344,1.82458778519851e-05,3.0301327956692e-06,0.00215495840269176,0.000916413522453665,0.0016597390272892,1.8177657183428e-07,0.967601350514082,0.0275340643318629,8.35521232313621e-06,8
"20081",0.395099668760715,0.100969197761881,1.22521189262907e-06,0.409722399667101,0.0934425588994729,0.000529776445461419,4.44020761464751e-10,0.00023076690029208,9.65872588399679e-07,3.44003657505619e-06,4
"20083",2.40912765845805e-05,4.6876074540536e-05,0.40900456262812,0.000115618686305467,0.0513806650190747,0.00232913890256844,0.000209838290507583,0.0732103137808265,0.463472885664564,0.000206009676907597,9
"20085",0.000243076798569499,0.00010824602515091,3.50782715866656e-07,0.99932354000815,0.000233996361226359,1.15822569082171e-09,3.76726771385696e-13,5.48925373834173e-05,2.16846653715562e-12,3.58963260329108e-05,4
"20088",0.0264642385022335,0.00032110904116125,2.81695579987067e-07,0.946365649979719,0.0089623839106375,2.60545737704065e-05,6.71585919380742e-11,0.0172283224843072,7.11882124581398e-09,0.000631952626610992,4
"20091",0.000505821610099468,0.99932131830296,2.17364611355904e-06,0.000115271880964916,5.07307639487097e-05,2.62694820641777e-06,1.15430464999142e-11,1.86682898829779e-06,1.84070796599883e-07,5.93637846419491e-09,2
"20095",0.302222977703286,3.65671454029797e-05,0.00281525653713321,0.00155508248825123,7.84303071122336e-05,0.00120971085600691,0.018251194635989,0.00268369589523917,0.669369173575351,0.00177791085622818,9
"20097",0.000236627035695899,0.000490782697196134,1.35038641078167e-06,0.998468857703015,0.00076119634558033,2.41285381412376e-09,1.68123544402806e-13,3.11708555040878e-05,3.21793546839788e-12,1.00125603583122e-05,4
"20099",0.205275279870217,1.47892535533203e-07,5.84511351871722e-06,0.0733985145060899,2.6989174981843e-05,9.03862078844868e-05,0.00761972782136503,0.0441124581047842,0.000610514729884427,0.668860136578739,10
"20102",0.000636879929910507,0.0458683892324177,0.0012118323280929,4.84217842404869e-05,2.24381484652587e-05,0.000388885782567691,4.19871552698628e-08,0.0223661378739197,0.929456915690832,5.72423981089112e-08,9
"20105",0.121196310121456,8.94166111593869e-05,5.66462873950627e-08,0.684751125759274,0.00217681154964326,0.000617970514805223,9.85650774486784e-09,0.190990060910384,0.000128879618688855,4.935841179466e-05,4
"20107",0.36506581250349,1.76090135572309e-05,4.26228412406925e-05,0.564575796119734,0.0693100590301914,1.78475761455137e-05,6.1899941913358e-09,0.000217466060127931,5.209959469767e-08,0.000752728565925211,4
"20109",0.0203715738632825,1.79903815707126e-07,7.30125201495192e-09,0.00261859657689666,5.7858427640863e-07,0.000248898864749805,4.87217331432248e-06,0.968969206623642,0.0059248886530229,0.0018611974557474,8
"20111",0.000590266104472067,0.713346975548452,1.64127862250479e-07,5.71176969096609e-07,2.98672233946411e-05,0.281183784478725,6.66531171847799e-05,2.78877834456321e-06,0.00477886481326714,6.46313283086377e-08,2
"20113",0.258751784836523,7.28241939796274e-06,0.015862455232983,0.0652504882400267,0.576681951875232,0.000421185406067647,0.00016913262834628,4.35403510658303e-06,5.23879783018783e-08,0.0828513129383388,5
"20115",0.00302317565738053,0.000120620430167261,1.82898197035669e-07,1.33531123447576e-07,7.17717178510662e-06,0.989502327863417,0.00715075625894002,2.36691132407783e-06,0.000132970749252986,6.028852841258e-05,6
"20117",0.0421194109695723,0.60559657080205,0.0265293719922225,0.035582568864437,0.00717687507759272,0.000110998164788466,0.044165713120127,3.95937405539339e-06,8.42660975737791e-07,0.238713688974179,2
"20119",0.00156496885265398,2.63278455612435e-07,0.00010239867376225,0.0433834972030346,0.00216249466391767,7.16636332788961e-07,9.40938028137514e-06,1.48690577932134e-05,6.63095927361195e-11,0.952761382187459,10
"20121",0.05082796421604,6.00667852481722e-05,0.000100058105092663,0.905133482311612,0.0389990278892138,1.59980891858081e-06,6.30031206439154e-10,0.000342571014931689,7.80950066229118e-10,0.00453522845796242,4
"20123",7.86313390870772e-06,0.999502909240002,1.49883910730845e-05,0.000176908087465293,0.000294152483124261,7.73246257262945e-07,5.06004541213319e-12,2.15758037465557e-06,2.01189289613806e-10,2.4763154540834e-07,2
"20125",0.00163795980368751,2.82643290603165e-06,1.37588885440298e-06,2.86710198974495e-07,0.000659693313152248,0.920987070574086,8.67933779807116e-06,0.000202189525928066,0.0764995298129915,3.88600396875272e-07,6
"20127",0.000569166634063698,1.22995900033033e-05,1.13637151776975e-08,0.986273374640419,3.06469541233927e-05,5.02886970030336e-08,2.81521074911135e-11,0.0130760576609619,2.83431722412763e-08,3.83644966921436e-05,4
"20140",0.00444316571930928,0.00342372879291638,0.00314992133443305,0.00130568473551011,0.987136236712669,0.000464821831133162,9.75835176287343e-07,3.25946336944794e-08,4.25954934851492e-09,7.54281846692672e-05,5
"20142",1.41739790258966e-06,2.98511261860912e-08,6.28334193945237e-07,1.58818519681112e-09,9.78164522919054e-07,0.00230807912762133,1.43435298358513e-06,4.3158717447351e-05,0.997644271157468,1.30854855640104e-09,9
"20144",0.000582933192901834,0.00225563714252475,0.0006207801373271,1.83780827489183e-07,0.00648181895968204,0.986523668485558,2.3902454664232e-05,7.73231012879803e-06,0.00350253146733205,8.1206905363443e-07,6
"20146",0.00341369889668805,0.000460606924897015,0.0854091901562183,0.000116334330897706,0.188099736226411,0.34380623045652,1.37367552276953e-05,0.00417977458117833,0.374496960281446,3.73139051489766e-06,9
"20148",0.0135412236457297,1.79829170022932e-05,2.05157022059363e-06,0.000122008073958742,0.061755559989766,0.924266776252417,3.41421466699381e-06,0.000199418090300507,6.23065269510967e-05,2.92587189872858e-05,6
"20150",3.08868836746747e-05,1.02119619248806e-08,7.53631282851808e-08,1.05569531591827e-09,2.58679406331092e-06,0.539517422347754,0.0210735006078621,1.00594214046602e-05,0.439364663722358,7.9359209832536e-07,6
"20152",0.0482137279657988,3.69478577233556e-05,2.00721760180785e-06,0.000627123206398092,0.0814248050782546,0.865415477870496,8.50414909695094e-06,0.0026465902958871,3.91833258940742e-05,0.00158563303284917,6
"20154",3.85716874435921e-05,0.949699351850746,1.72388817051774e-06,0.0413500280678392,0.000249545586165015,4.48517857692779e-07,5.04216552892831e-13,0.00865982146526854,4.32475630724816e-07,7.64603741691651e-08,2
"20156",0.760114051897625,0.000935772543464359,0.129051830450592,0.010066006343747,0.0798754154160435,0.0046029739616617,2.46531771590326e-06,0.00289382246509795,0.0123236300257953,0.000134031578256742,1
"20159",0.000105616271826743,6.438405772286e-07,4.87770226785903e-07,2.32755952018965e-08,6.33283344081773e-05,0.39714113757695,1.82967582935734e-05,0.000104282141107323,0.60256614808229,3.5948725795563e-08,9
"20161",5.33541672531929e-05,4.30516044333695e-06,0.0115176322310959,5.43567078059366e-06,0.000332593711665652,0.0037471437152788,1.39165549856816e-05,0.0750517811163025,0.909253244400068,2.05932721259064e-05,9
"20163",0.0636630925877584,0.000762809372642523,2.12767118086533e-08,0.00224166027099696,0.00480005541335979,0.9229392073202,0.0002705743829646,0.000123885256353466,9.3861097232062e-07,0.00519775550804046,6
"20165",0.000463380221848087,1.60089292992701e-06,1.72046607323871e-07,0.000509614580747364,1.65054792667962e-06,7.77041861720158e-05,9.11480476404833e-08,0.462779228197421,0.536165768340741,7.89837559266544e-07,9
"20167",0.0253522714146193,1.15424784545253e-06,9.86978098570552e-09,3.52179030629508e-05,0.00116751034063975,0.966826789580283,8.88151107392857e-06,0.00146938933335504,0.00513064750758126,8.12829175854693e-06,6
"20169",1.07923936550681e-07,6.80238972715414e-09,3.92163680153519e-07,6.24443120605724e-10,4.25183661081599e-08,4.95661010208572e-05,3.75341897212955e-07,3.59859876558428e-05,0.999913522243366,2.93244440496566e-10,9
"20171",8.62534244082284e-06,0.979076971465121,0.000140990011398479,0.0199087975652255,7.57101156216008e-05,1.8039108714716e-08,3.15606694145059e-13,0.00078808565703621,7.94418484045392e-07,7.38524757289217e-09,2
"20173",8.6382684850117e-05,1.07614206511659e-07,0.000183775110136829,0.000358135466489516,2.62797655094147e-07,1.4678196563159e-05,0.0040256011951734,0.73145978810651,0.0057361907609749,0.25813507806744,8
"20175",0.144811426630338,3.48947700136829e-06,4.03661902205538e-06,5.23909687118049e-06,0.00175159958760438,0.844973570130279,0.000384394986645221,1.66617461875608e-05,0.0080339745939057,1.5607132146409e-05,6
"20177",0.0122831374324069,7.08647800474229e-08,4.51922469269938e-06,0.00603443507544508,3.72478567818432e-05,3.39125453116747e-05,0.00297006747286823,0.00078166661354717,2.88432634634975e-06,0.97785205858782,10
"20180",0.0208536158526665,0.000504066636753682,2.34576184509269e-06,0.955215649742951,0.00267182774400441,6.84713835053019e-07,4.19821464737142e-09,5.80183170008794e-06,1.09113287406825e-12,0.0207460035169384,4
"20182",1.21535118158054e-08,2.81619660841591e-06,2.21854446160776e-05,3.94774400537794e-11,1.71843233506926e-09,7.16533683735596e-05,0.0134393086867778,7.90771119595396e-07,0.986463217506707,1.41143761166643e-08,9
"20184",0.000207276209361925,1.28831114555962e-07,1.89593842439426e-06,2.69372344563129e-07,7.6165283394679e-05,0.0185675984284879,3.7830396725163e-06,0.00161256169442685,0.979530112881738,2.08321035079235e-07,9
"20187",0.00302764673639993,2.75058292510939e-08,0.3543949669427,0.000101081521655845,0.000590396227897384,0.000477770476366963,0.192177808128237,0.000279509224619669,0.000585801619597777,0.448364991616696,10
"20189",0.207844569056155,2.45963270218963e-07,4.85438059925411e-08,0.0136246140810331,0.000147996770536376,0.0024263041376483,0.000125851659817148,0.0032944956318161,2.11520313266838e-07,0.772535662635604,10
"20192",0.0122256740584156,0.046491781297299,2.90496128487582e-05,0.0758151367934464,1.56816331643146e-05,0.000191320262086562,7.43949553752202e-05,0.00630090507047866,5.85690293514088e-08,0.858855997747856,10
"20194",1.1379712986226e-05,5.46597886622759e-08,0.342396137676467,4.96287843457152e-07,0.0204169757063091,0.0329327533025564,0.136986571423829,0.000107582635967782,0.467047157944263,0.000100890649989039,9
"20196",0.00463065104782131,0.0791147314055229,1.55703739122325e-07,0.91277653081218,0.00285391331925346,1.83828310780479e-06,1.18951237109674e-10,0.000599398705210129,5.68782479427736e-09,2.27749163895172e-05,4
"20198",0.431244976822311,0.00228247197304479,0.00068609410999889,0.014786089358693,0.183711367062086,0.345245795150446,2.30432967872229e-05,0.0103502552333868,0.000231749567881018,0.0114381574253649,1
"20204",0.00017111964171834,1.62142441597016e-06,2.42444036010864e-08,2.62126065980484e-08,1.05161460564249e-05,0.573677488769179,3.89616243449401e-05,0.000412558260815759,0.425687505061405,1.78615054801074e-07,6
"20207",0.0067864376681885,0.0301143563122617,9.37060908034147e-06,0.899890855266818,0.020436596171041,7.18145999412245e-06,8.85818451924097e-12,0.0427477392120316,3.51844408929871e-06,3.94484763705759e-06,4
"20209",0.00555644351573559,0.0576221389483956,0.000148480041793973,4.2821994391555e-06,0.0234721706549866,0.849782477756579,0.0623076185053294,3.53697594448206e-08,1.14278908593037e-06,0.00110521021889501,6
"20211",2.3386627958403e-05,0.99877570945979,2.49527496006149e-06,0.000207546942526,0.000988247929620724,2.12883350623047e-06,3.54782754574788e-13,4.80278811932107e-07,4.00448894674218e-09,6.47982333078805e-10,2
"20215",0.00293608202989185,1.53477376755606e-05,0.000325826719717893,0.089267447292059,0.906218492755929,0.000309998292590459,1.43452779722123e-08,0.000860399530587589,9.29337020585066e-07,6.54619592500315e-05,5
"20218",5.0991734652068e-06,4.33064149303676e-08,2.96070767304497e-08,2.64062528403736e-09,8.47502461458043e-07,0.0102262057464765,3.01167393736374e-06,6.8960469432469e-05,0.989695797572603,2.30750752413755e-09,9
"20222",0.0076267738367549,0.0205490134882452,2.66724822975689e-07,0.873130036132779,0.0838321983002612,0.000722487865761571,5.11509650586784e-10,0.0141268733171146,9.69939342432659e-06,2.65042932627039e-06,4
"20225",0.000130650698594133,6.52004326433667e-05,0.000496931801595895,9.72948515274552e-07,0.0165062125987237,0.969276569808956,0.000257463217366056,1.35244557366846e-05,0.0132514362635497,1.03777431926713e-06,6
"20229",5.85737378538369e-05,0.000190824123755829,0.198322966606417,1.59724574605331e-05,0.799278575895016,0.00212511966681816,1.18174763024992e-06,8.26919220364146e-07,2.84939641749727e-06,3.10944941058193e-06,5
"20232",0.690429582356925,0.00109114404617756,0.000196996317253175,0.0181840076998292,0.288262553905479,0.00178712525085984,3.18728230466372e-07,2.90071914728505e-06,8.34530170317984e-07,4.45364459281226e-05,1
"20234",0.000248752020733368,0.0130606298451626,2.95673718045177e-07,0.98624679603266,1.92160207496181e-06,6.90357319193095e-10,1.78518332563179e-10,1.13945570732022e-05,3.08773802358138e-12,0.000430209396614148,4
"20238",0.452180868053132,0.000329774375151743,0.000254460738826285,0.541368467144407,0.00358570440085549,1.47197660920611e-05,3.62903958307672e-09,0.00202959620068327,1.28415650331828e-06,0.0002351215353086,4
"20253",0.000950834068726546,1.74057457860287e-05,0.00173076785358901,0.568235797837232,0.427697134165211,2.13472588996947e-06,1.02498679725081e-09,0.0011162287014786,4.03579703738021e-08,0.000249655519129836,4
"20255",0.00426782036058264,0.000120883217463774,6.92911457916896e-08,1.0087447177427e-06,0.00409249947460323,0.99141814455058,2.17708678403289e-06,1.51285558780283e-06,9.57161944745172e-05,1.68224060286827e-07,6
"20258",0.0639574250221758,1.19548731506948e-05,3.12959979694604e-09,0.930216745805771,6.96549099491681e-05,5.10768468489392e-06,3.93835233735012e-09,0.00161211950143946,1.85120753400305e-09,0.00412698328366976,4
"20269",0.189194733869355,5.9291034469365e-06,3.31458107937035e-09,0.0224549440672786,6.45606786353292e-06,0.00128212565090515,5.86963301486501e-07,0.783147695261067,0.00337638733767221,0.000531138364529752,8
"20271",0.0298906168285445,6.95060882319353e-07,1.90455388405582e-07,0.184029701911333,3.09384430452693e-05,5.49148411968864e-06,5.45739734042584e-05,0.000142822699791486,2.9330315734966e-09,0.78584496621046,10
"20285",0.000844272276148463,1.07674466263667e-06,0.000871310898008128,0.00010757917994317,0.010440016533941,0.0230099586676674,0.472485887306487,0.000783929405102604,0.000458211747963117,0.490997757240076,10
"20288",0.163721737352565,8.99276664887054e-05,0.000683162650099504,0.0986883261182848,0.736136032388181,0.000588437816792089,7.3587807818492e-08,6.3344728158159e-05,7.65482831262765e-06,2.13028633103979e-05,5
"20291",0.4134744016113,0.266520460255323,8.26951579054344e-05,0.317349165746056,0.00192873868338266,5.49843824866806e-06,1.27045146009671e-09,0.000508616809976739,2.60718759520614e-07,0.00013016130859649,1
"20295",0.0589752983070826,6.5690032457124e-06,3.04793970506778e-07,0.0054909124420143,8.60892107426543e-07,0.0024244263134121,0.00167951921003257,0.432797444329245,0.000408166224361828,0.498216498484528,10
"20298",0.000189605810159722,2.51125309322683e-07,4.76455496936997e-08,1.8181126890253e-08,0.000213269250420981,0.998328478515704,7.18179861588741e-05,2.97436137757826e-06,0.00119303516467144,5.01959521632491e-07,6
"20302",0.00315886941261592,1.05302340611726e-06,5.17184802272721e-07,2.95706236800612e-06,3.27283617012203e-05,0.357649897562959,0.0016819013435775,0.0678961638668782,0.568943859366102,0.000632052815589719,9
