"","V1","V2","V3","V4","result$classification"
"19812",0.962725585334381,0.0362108934047956,1.61483495370576e-05,0.00104737291128678,1
"19814",0.984902344296084,0.00629878338142064,0.00872648896714233,7.23833553530487e-05,1
"19816",0.0333667317107554,0.966607735066342,1.04352926788991e-05,1.5097930223432e-05,2
"19818",0.887997632232362,0.0845531400899724,0.0273106261532733,0.000138601524392769,1
"19820",4.30578587206227e-06,0.999878088210776,3.21886212401671e-08,0.000117573814730641,2
"19822",5.73895192389774e-05,0.947427929597129,1.11023167232449e-05,0.0525035785669089,2
"19824",0.00252066829195718,0.992795488913577,0.00456110785899217,0.000122734935473544,2
"19826",0.959545221339377,0.0402211381002967,0.000207838483867628,2.58020764588527e-05,1
"19828",0.00146984854216283,0.998006404918022,1.2783671195441e-05,0.000510962868619742,2
"19830",0.998024224041631,0.000670875598833952,0.000524656118507805,0.000780244241027148,1
"19832",0.281282953665436,0.193708751629567,1.42752899552743e-05,0.524994019415042,4
"19834",0.0906159765453205,0.893721003467979,0.00045802392749643,0.0152049960592045,2
"19836",0.751304603078587,0.248375165913337,2.4720233755697e-05,0.000295510774320452,1
"19838",0.997341518445263,0.00024216599101023,0.00221196844069265,0.000204347123033821,1
"19840",0.26676958536462,0.733081364883182,7.55556828637251e-05,7.34940693341659e-05,2
"19842",0.998595925850976,0.000175130232140493,0.00122357502146386,5.3688954201988e-06,1
"19844",9.25148057198767e-05,4.23644367823427e-05,0.999864672639186,4.48118311314884e-07,3
"19846",0.762701568166042,3.84223642539699e-05,0.237259187371538,8.22098165347698e-07,1
"19848",0.896587095218474,7.2436850494386e-05,0.103337133846556,3.33408447605556e-06,1
"19850",0.655371253457987,0.000701799394801135,0.343909683336172,1.72638110400643e-05,1
"19852",0.29804387975573,0.70036884077454,0.00119444317185835,0.000392836297871866,2
"19854",0.984664017657769,7.67801195461209e-05,0.0152514365629506,7.76565973369085e-06,1
"19856",0.0371786999153806,0.00226365986528353,0.960502989711216,5.4650508120289e-05,3
"19858",0.0076515145494273,0.0517323809631995,0.940144889960942,0.000471214526431325,3
"19860",0.634619351530327,0.364966986881321,0.000178503500789151,0.000235158087562991,1
"19862",0.979308325241998,2.00276162853322e-05,0.0206707697501174,8.77391598771381e-07,1
"19864",0.490735012572403,0.310794704956045,0.196305788332989,0.00216449413856227,1
"19866",0.0154321009856729,0.984512232910741,1.34531836270009e-05,4.22129199591658e-05,2
"19868",0.000299157030821937,4.36751002192649e-05,0.000142977648822885,0.999514190220136,4
"19870",0.989147728898703,0.000824752177980488,0.0100183494799897,9.16944332710624e-06,1
"19873",0.958758563238249,0.0381838376188242,0.00303686175822164,2.07373847047973e-05,1
"19875",0.00721567279511468,0.992201595616214,5.68086915794043e-07,0.000582163501755496,2
"19877",0.985749439431143,0.00837462868707222,0.00580070425021755,7.52276315674264e-05,1
"19879",0.63372083828475,0.354280250945882,0.00991320077553043,0.0020857099938373,1
"19881",0.981403226324927,0.0146500419637156,0.00392424838176114,2.24833295961538e-05,1
"19883",0.993656771767345,0.00575061543577168,0.000589157716247226,3.45508063628798e-06,1
"19899",0.591837420767142,0.399537826907937,0.000155098324087363,0.00846965400083434,1
"19908",0.12934098395896,0.643688648401791,0.0457761275222682,0.181194240116981,2
"19910",0.619446790289011,0.379186112896686,0.00122828001237881,0.000138816801924198,1
"19912",0.994440646241768,8.99481003989749e-05,0.005466282109707,3.12354812635718e-06,1
"19914",0.723531756042417,0.26684682777697,0.00234570744770375,0.00727570873290989,1
"19916",0.00322349262424695,0.994229162201186,0.00234929713291856,0.000198048041648226,2
"19918",0.815441365219331,0.000990419032180891,0.183567121450103,1.09429838528201e-06,1
"19920",0.128077145224632,0.000104016661058817,0.871817866936643,9.71177666668663e-07,3
"19922",0.287931191026824,0.0287453566196274,0.000113300774560968,0.683210151578988,4
"19924",0.928629532168805,0.0186332255108567,0.0527012046867636,3.60376335743864e-05,1
"19926",0.458367557282364,0.522931919252778,9.69248760418985e-06,0.0186908309772539,2
"19928",0.45754209149303,0.00765712817268393,0.533872326379517,0.000928453954769024,3
"19930",0.997113097909075,0.00204737374790882,0.000807258371350896,3.22699716656201e-05,1
"19932",0.993942680477402,0.000165038171624184,0.00586684392394482,2.5437427028831e-05,1
"19934",0.0355237341569284,0.961494863880059,0.000208810577328879,0.00277259138568352,2
"19936",0.977722937449381,0.0206632491058247,0.000563433399275378,0.00105038004551856,1
"19938",0.00104960023901431,0.995543966344386,9.80983039204148e-05,0.00330833511267902,2
"19940",0.908195504647231,0.0893482287164168,0.00243626579344555,2.00008429062957e-05,1
"19942",0.927424362686893,0.02805155621291,0.0443868286534247,0.000137252446772335,1
"19944",0.294389854605304,0.705329845238528,0.000149866238793919,0.000130433917374199,2
"19946",0.817868422756409,0.149827707236235,0.032121912538456,0.000181957468899976,1
"19948",0.913971206835269,0.0100644309119635,0.0759467047173377,1.76575354296443e-05,1
"19950",0.00327840959248623,4.73368272067907e-06,0.996715669220713,1.18750407977844e-06,3
"19952",0.913971206835269,0.0100644309119635,0.0759467047173377,1.76575354296443e-05,1
"19954",0.996274351504822,0.000517839318728553,0.00319612620106044,1.16829753886483e-05,1
"19956",0.331837905171025,5.50905616885246e-05,0.667800023647854,0.000306980619432726,3
"19958",0.00406372042842856,0.000397065376773534,0.00162603302145777,0.99391318117334,4
"19962",0.579338517998174,0.239590394591629,0.176985769804094,0.00408531760610371,1
"19964",0.901847369036951,0.060242100518695,0.0378571950280432,5.3335416311303e-05,1
"19966",0.000913927622547076,0.998963321826088,4.99761061102892e-07,0.000122250790303957,2
"19969",0.998439751867188,0.00107182224262867,0.000482294565838217,6.13132434487381e-06,1
"19972",0.831913324394771,0.00137954208747601,0.16670059865985,6.53485790301082e-06,1
"19974",0.069459962186668,2.80577863758544e-06,0.930537160651598,7.13830968385509e-08,3
"19976",0.896476018731408,0.0278911152445918,0.0755824856533178,5.03803706822665e-05,1
"19978",0.287215054234004,0.711037042910373,0.00172897078626851,1.89320693543313e-05,2
"19980",0.664575798265963,5.74605880633018e-05,0.335359881308621,6.85983735231073e-06,1
"19982",0.172626974379155,0.000703299632320831,0.826570260888892,9.94650996321516e-05,3
"19984",0.00111128699480021,6.16421194514298e-05,0.998826364499353,7.06386394890071e-07,3
"19986",2.2306401794628e-05,0.999482385453047,3.55682304024564e-08,0.000495272576928067,2
"19988",2.27640985240265e-06,0.999160763851219,2.04157759290607e-08,0.00083693932315265,2
"19992",2.23006770516959e-05,0.999144500463157,6.60633572785411e-07,0.000832538226218641,2
"19994",0.997202235761652,0.00249701626425219,0.000208805780030954,9.1942194064702e-05,1
"19996",3.55955715183385e-05,0.999843861168881,5.70019586303773e-07,0.000119973240014048,2
"19998",0.853124387007794,0.109747954862204,0.0366985468766,0.000429111253402747,1
"20000",0.98121615390534,0.000274330218033598,0.00135997432252368,0.0171495415541024,1
"20003",0.989498077712736,0.0101973232724574,1.59106989431491e-05,0.00028868831586322,1
"20005",0.899888284433031,3.34955743337804e-05,0.100077176979408,1.04301322674785e-06,1
"20007",0.308567442281846,0.685728283058536,0.00174860160145989,0.00395567305815791,2
"20009",0.0016471205377161,0.996673290037805,0.000702576179760699,0.000977013244718564,2
"20011",0.964806794163967,0.0076328890826114,0.0275421530114708,1.81637419503415e-05,1
"20013",0.873437815484029,0.00201328227083493,0.124489545960578,5.93562845574774e-05,1
"20016",6.75682167418496e-05,0.993884576794979,2.07798073399033e-05,0.00602707518093954,2
"20018",2.51294028555601e-07,0.0172873731114503,1.76378433624771e-08,0.982712357956678,4
"20021",0.0194067461635496,0.97998006562694,1.06218676230096e-06,0.000612126022748287,2
"20023",0.0772923137327308,0.920589953208152,0.000210041641676389,0.00190769141744079,2
"20025",0.000118551291305127,0.579627378303226,6.25782141339457e-07,0.420253444623327,2
"20027",0.99943247717467,0.00036843578971182,0.000191569137204149,7.51789841372829e-06,1
"20029",0.964715794298326,0.000125067405536234,0.0351586160111244,5.22285013218002e-07,1
"20032",0.999500524218911,0.000349185929594923,0.000133854651914688,1.6435199579829e-05,1
"20034",0.980118635085206,0.0131732630791063,0.00667540092054794,3.27009151400814e-05,1
"20036",0.74304087996398,0.061584044888587,0.193040876590382,0.0023341985570507,1
"20038",0.000975825371650772,0.991776977069009,2.73276742404839e-08,0.00724717023166601,2
"20040",4.16597732275634e-05,0.984769886693203,2.28594083052902e-05,0.0151655941252642,2
"20043",0.00426098656153931,0.994634024489605,2.3293553633456e-06,0.00110265959349203,2
"20045",2.33823225414235e-06,0.991384411825524,4.32018195739934e-07,0.00861281792402594,2
"20048",0.000152607949681894,2.0967349802452e-06,0.999844533742613,7.61572725077627e-07,3
"20051",0.508689091377412,0.451970033578557,0.0122909608321137,0.0270499142119174,1
"20053",0.0190423755372332,0.980320707822474,0.000488078068709749,0.00014883857158273,2
"20055",0.0825176376190325,0.796695923730823,6.35949836022814e-07,0.120785802700309,2
"20057",0.000382115357797645,4.34967071830858e-06,0.00270617294094737,0.996907362030537,4
"20059",0.0197901362753998,0.976409071949918,9.39193041842276e-05,0.00370687247049791,2
"20061",0.127666133228598,0.871306632369137,0.000413630370254553,0.000613604032009804,2
"20063",0.000155459170562646,0.0214312541245686,0.977553154538782,0.000860132166086191,3
"20065",2.58810715443112e-05,0.171513266744097,1.48171087182727e-09,0.828460850702648,4
"20067",0.000434833795217323,0.985953187250595,0.000244723136510864,0.0133672558176765,2
"20069",0.428467796229068,8.02796198498664e-05,0.571440500036778,1.14241143042039e-05,3
"20071",0.596015225349944,0.394086076903574,0.00391984620253822,0.00597885154394427,1
"20073",0.102926321542583,0.00154310682242433,0.895527617896217,2.95373877534366e-06,3
"20075",0.000412215791231805,2.79173598524723e-05,3.16538912473834e-06,0.999556701459791,4
"20077",0.0174040274653704,0.981750517700387,0.00068934562404284,0.000156109210199538,2
"20079",0.0867683113212285,0.241777051285016,0.668721515616024,0.00273312177773205,3
"20081",0.00765359417597147,0.850634075361045,1.43438600924147e-05,0.141697986602891,2
"20083",0.0275189585604844,0.00911598744110156,0.961901068878458,0.00146398511995581,3
"20085",3.80947245581974e-06,0.996591961758783,5.7474474219644e-09,0.00340422302131396,2
"20088",0.000721763174577161,0.99798028165668,5.0591433588251e-07,0.001297449254407,2
"20091",0.00015805256292237,0.0036577421225629,5.62759049214769e-06,0.996178577724023,4
"20095",0.0232176685464259,0.0660803349383425,0.910329402872467,0.000372593642764889,3
"20097",6.22518911812194e-06,0.987265662711438,7.01652911358784e-09,0.0127281050829144,2
"20099",0.00825842396340701,0.97657125364231,0.0151626361036796,7.68629060305628e-06,2
"20102",0.00458780176991073,0.00469979880756819,0.850437106635112,0.140275292787409,3
"20105",0.00612343671504178,0.992580005474046,0.000781628752163919,0.000514929058747859,2
"20107",0.000988658450337544,0.998820633233713,1.82817193103054e-06,0.000188880144018075,2
"20109",0.0347004888101818,0.666026275915953,0.299236947048571,3.62882252948419e-05,2
"20111",0.398557002960129,0.000366383562614571,0.0239811250740208,0.577095488403235,4
"20113",0.0381106407863066,0.961573704711082,8.85997811007987e-06,0.000306794524501181,2
"20115",0.997197099756232,0.000262456140679676,0.00208636464272048,0.000454079460367562,1
"20117",0.00979613555077103,0.252802983121461,7.72845200195264e-05,0.737323596807749,4
"20119",0.00123573082329322,0.998702920291298,3.42337861749722e-07,6.10065475470862e-05,2
"20121",0.00018264350396164,0.999332110335971,9.66920464376776e-08,0.000485149468020845,2
"20123",5.54455664207611e-05,0.00241678151073545,4.67707578466325e-08,0.997527726152086,4
"20125",0.869967688321751,0.000592241842747624,0.129375457754781,6.46120807212217e-05,1
"20127",2.77180517712666e-05,0.999539460515139,5.56054620571997e-06,0.000427260886884427,2
"20140",0.22080783051647,0.440460244013323,8.51104467860715e-06,0.338723414425529,2
"20142",0.00947364181608642,8.49737311948973e-06,0.990514962763637,2.89804715715064e-06,3
"20144",0.975734787931784,0.000335844952335328,0.0129128386521766,0.011016528463704,1
"20146",0.597510379642175,0.0131155656580995,0.383917653904368,0.00545640079535695,1
"20148",0.984937374007891,0.0142751329136117,0.000582862174557575,0.000204630903939288,1
"20150",0.385661588647497,9.88855221326734e-06,0.614328011722291,5.11077999392326e-07,3
"20152",0.95031854968005,0.0490000657974321,0.000420501465136081,0.000260883057382165,1
"20154",2.75521482086792e-05,0.0452702975924344,1.02363208157738e-05,0.954691913938541,4
"20156",0.149415854310359,0.764827627738215,0.0666352155254113,0.0191213024260139,2
"20159",0.374911990636918,8.42270157556766e-05,0.624982096606969,2.16857403570848e-05,3
"20161",0.0185491935273844,0.00144920091416903,0.979880390048226,0.000121215510221054,3
"20163",0.945821683904786,0.052631532704384,3.62699403185513e-05,0.00151051345051103,1
"20165",0.00187009549856622,0.0193740103769541,0.97869210578066,6.37883438193281e-05,3
"20167",0.972612200489236,0.00941004237485235,0.0179559681680476,2.17889678637116e-05,1
"20169",0.000571466520806103,2.57233925972549e-06,0.99942500304874,9.58091194408931e-07,3
"20171",2.34638189654217e-06,0.0120268291165709,1.05863703624194e-05,0.98796023813117,4
"20173",0.00841703648344373,0.14479609351536,0.846734070495393,5.27995058031332e-05,3
"20175",0.979606666457914,0.00311008806581556,0.0172418366225368,4.1408853733928e-05,1
"20177",0.0222967892535065,0.975963953530172,0.00171197851492247,2.72787013988786e-05,2
"20180",0.000182291111549108,0.997017162511271,1.93170369929329e-09,0.00280054444547603,2
"20182",0.000417113202245049,1.4713005331376e-07,0.999551393155428,3.13465122734339e-05,3
"20184",0.0615699200810299,0.000419534458823365,0.938002520396069,8.02506407790389e-06,3
"20187",0.421958748370214,0.337782412672242,0.240192208634593,6.66303229506844e-05,1
"20189",0.104352177156521,0.895569323636308,6.45103108627341e-05,1.39888963086676e-05,2
"20192",0.0145799368979333,0.845685262544217,3.3296160738041e-05,0.139701504397112,2
"20194",0.141967459456682,0.000305879282895763,0.85772007083897,6.59042145210581e-06,3
"20196",0.00024134480259289,0.832826281345159,8.52787303343654e-07,0.166931521064945,2
"20198",0.658259144418619,0.333148085439815,0.00153991178791008,0.00705285835365574,1
"20204",0.441188389641608,0.000102738918316657,0.558678654995362,3.02164447137608e-05,3
"20207",0.000357815682070727,0.909780130486205,4.86009449480073e-05,0.0898134528867759,2
"20209",0.956340226834379,0.000979915757318216,3.24495719021002e-05,0.0426474078364006,1
"20211",8.01305715983726e-05,0.00185291330598461,2.16301129869769e-07,0.998066739821287,4
"20215",0.0234816812511877,0.975068373414074,9.06681697014867e-05,0.00135927716503636,2
"20218",0.0248388274368685,1.35243166088144e-05,0.975144760458409,2.88778811372331e-06,3
"20222",0.00869682380103917,0.921502719369761,0.000142250915734508,0.0696582059134655,2
"20225",0.957431539621307,0.000503241305972861,0.0410863845489438,0.000978834523776276,1
"20229",0.822222252864897,0.0607940071182207,0.00221847903129919,0.114765260985583,1
"20232",0.115790432271792,0.86210898316455,6.55148047631664e-05,0.0220350697588951,2
"20234",3.90048385704794e-06,0.882162422903238,1.74763897972857e-08,0.117833659136515,2
"20238",0.000794225381588283,0.997364059749951,2.28523732203848e-05,0.0018188624952409,2
"20253",0.000468111068633523,0.998646226508092,4.69248377489746e-06,0.000880969939499985,2
"20255",0.997490620884805,0.000884211506911922,0.000778061803386939,0.000847105804895787,1
"20258",0.000355425930533867,0.999548669001516,3.44677706262284e-07,9.55603902435314e-05,2
"20269",0.0362104853633726,0.913537565653133,0.0500832149872106,0.000168733996283947,2
"20271",0.00148932287072435,0.998479678148148,2.29046933299985e-06,2.87085117948389e-05,2
"20285",0.889395198001413,0.0689777751726206,0.0414635363188082,0.000163490507157998,1
"20288",0.0288448418817862,0.968245821464163,0.000194281529199514,0.00271505512485069,2
"20291",0.00042791094151526,0.759754794820265,7.0386316025621e-06,0.239810255606617,2
"20295",0.141372198903437,0.812744362422161,0.0455989430539133,0.000284495620489002,2
"20298",0.991530309216964,9.66412029780278e-05,0.00836342321904534,9.62636101232283e-06,1
"20302",0.330827199719623,0.00188766307431233,0.667272415083692,1.27221223723339e-05,3
"20305",0.997933564278804,5.9837143536722e-05,0.00200339318494224,3.20539271714632e-06,1
"20307",4.95038260446138e-05,0.999371713640707,1.27343445809739e-07,0.000578655189802696,2
"20310",3.07178463746558e-06,0.997498845121241,1.7093686428681e-07,0.00249791215725738,2
"20313",0.00125010839234953,5.98736299293019e-07,0.998749221565266,7.13060850313967e-08,3
"20315",0.00137430316802814,0.998475956737896,2.14592821259462e-06,0.000147594165863539,2
"20319",0.000417814449849688,0.43393850909777,5.18707391393459e-07,0.565643157744989,4
"20321",0.00019197054066907,0.999680345573455,1.8080477751655e-05,0.00010960340812376,2
"20327",0.000155069931813452,0.99982752850253,1.17362263721832e-06,1.62279430195342e-05,2
"20329",0.620857282012871,0.00217831699602886,0.376961193799149,3.20719195084574e-06,1
"20335",3.50970712335864e-05,0.885959079624641,2.44244411347875e-06,0.114003380860012,2
"20337",0.693317309583278,0.000139486050784995,0.306518017395594,2.51869703424527e-05,1
"20339",0.0237184843100431,0.0135913574563719,1.40948816950463e-05,0.96267606335189,4
"20341",7.4555732149971e-05,0.0360964342440916,0.000437632040960171,0.963391377982798,4
"20343",4.06779766046152e-05,0.98975513323798,0.000116721366543099,0.0100874674188721,2
"20345",0.994517148062676,0.00540273589098274,3.10008785570334e-05,4.91151677845686e-05,1
"20350",0.193671386861058,0.490171413017296,0.039815038998219,0.276342161123427,2
"20352",0.00101862453197285,9.90957511889047e-06,0.998970412266012,1.05362689667195e-06,3
"20355",0.0454262700472144,0.00745889882493827,0.946692870015342,0.000421961112505209,3
"20358",0.586181120863255,0.000342983832233872,0.413474788799581,1.10650493037745e-06,1
"20363",0.000592606366548889,0.999289936080078,1.24314742707815e-05,0.000105026079102595,2
"20365",0.0362208300097024,0.46160708007844,4.87858390926279e-06,0.502167211327948,4
"20379",0.995310163165481,0.000833199077517004,0.002863676605228,0.000992961151773562,1
"20387",0.000897105609738054,0.997285766161333,7.41615473016805e-07,0.00181638661345625,2
"20392",3.65991524632403e-05,0.00415197574289187,2.5947226107291e-08,0.995811399157419,4
"20395",0.967759657451616,0.0297839328557982,0.00196944339754775,0.000486966295038518,1
"20397",0.0129837310273767,1.94481952117345e-05,0.98699613761388,6.83163531641052e-07,3
"20410",0.01844104280044,0.980870750920447,2.35357454216864e-07,0.000687970921658751,2
"20414",0.657451287020243,0.00218239074724727,0.340347342745042,1.89794874680544e-05,1
"20417",1.86525729387441e-06,0.126840123891366,1.13895783601848e-07,0.873157896955556,4
"20419",8.17669589928192e-05,0.999910866539089,4.32894439246691e-06,3.03755752610568e-06,2
"20421",0.307512844438215,0.00883207331215041,0.654607339796075,0.0290477424535591,3
"20423",0.594431593693021,0.00068519033622,0.404609992593669,0.000273223377090146,1
"20425",0.414449888225104,0.00177509483995559,0.582833719544431,0.000941297390509829,3
"20427",0.931197975089323,0.0680884082645132,0.000649070840361566,6.45458058025035e-05,1
"20429",0.000397799395392404,0.995102620531488,0.000394784443974929,0.00410479562914498,2
"20432",0.173632869542155,0.000106485017033022,0.826259677987819,9.67452992877844e-07,3
"20435",0.190032744069807,0.78600245321365,2.87557141317118e-05,0.0239360470024114,2
"20438",0.0008004750186166,0.998633359168198,0.000540778897043248,2.53869161423607e-05,2
"20440",0.000338078983836622,0.999576464456878,4.48145256990735e-05,4.06420335861196e-05,2
"20443",0.00332532205487507,0.000579045533503158,0.996019659891184,7.59725204375646e-05,3
"20446",0.442270254074501,0.549934375527708,0.00607154746340521,0.00172382293438598,2
"20449",0.193714935775963,0.792727556074497,5.03752936060908e-05,0.0135071328559347,2
"20537",0.00837596327769348,0.725326597576932,0.000249359867713723,0.266048079277661,2
"20540",2.30159351148438e-05,0.0121174000759943,2.50916154381468e-08,0.987859558897276,4
"20543",0.721829009248971,0.271356267455551,0.00566377129615772,0.00115095199932097,1
"20545",5.32435288404843e-05,0.00180875838841966,6.012225345856e-07,0.998137396860205,4
"20549",0.874544209505945,0.0972198930083651,0.0203000823526875,0.00793581513300274,1
"20551",0.0199652177702629,0.97795271040515,0.000147175965249178,0.00193489585933825,2
"20554",0.00622851896306031,0.993587910439593,2.73045298584395e-05,0.000156266067487874,2
"20556",0.562001167478099,0.284634258160554,0.00197873613555934,0.151385838225788,1
"20558",0.000126521522918493,0.99963796631098,6.98821802061717e-07,0.000234813344299416,2
"20560",0.0172653156912639,0.979100620582761,0.00351428807704123,0.000119775648933413,2
"20563",2.3286644363012e-05,0.999636103475058,2.17562708395471e-06,0.000338434253494567,2
"20565",0.0958939569908848,0.881218476713393,0.0213524574911478,0.00153510880457413,2
"20567",0.12079720760731,0.000184695380786565,0.879013811699786,4.28531211688786e-06,3
"20571",0.00269437062474354,0.973345004839346,0.000104366817377212,0.0238562577185337,2
"20573",0.0370452734666668,0.957444463059528,0.000662599334672553,0.0048476641391329,2
"20575",5.63403475985903e-05,0.999801355835804,6.01989352784523e-07,0.000141701827244812,2
"20577",0.861797055279749,0.135813609426935,0.000215018665811906,0.00217431662750377,1
"20579",0.00276270019642633,3.71735858007533e-06,0.99723354851427,3.39307232800444e-08,3
"20582",2.55784525281207e-05,0.999816502598727,1.3959173567666e-07,0.000157779357009867,2
"20585",0.0154659220183728,0.115982400447615,2.87345302306195e-06,0.868548804080989,4
"20588",0.0116254422987988,0.0131963089043002,0.000253810990456395,0.974924437806445,4
"20590",0.00679537681906951,1.33312557595035e-06,0.993203266472389,2.35829652019513e-08,3
"20592",1.1560135848339e-05,0.999877002708074,2.38979427145305e-06,0.000109047361806735,2
"20594",5.27288188175362e-05,0.999547039284795,3.72693880843157e-08,0.000400194626998825,2
"20596",0.0159294133784568,0.982969123507712,0.00109269968660867,8.76342722218436e-06,2
"20598",0.0131824832247799,0.986655131498622,1.37671673404475e-05,0.000148618109257799,2
"20600",0.171493812887258,0.115828449981878,0.00144518576086521,0.711232551369999,4
"20603",0.988754173258406,0.00135818722595297,0.00567574121961256,0.00421189829602866,1
"20605",0.000794975803511528,0.998695442859228,1.11990804061705e-07,0.000509469346456619,2
"20607",0.00254992205838832,0.997430671557112,1.84075243827113e-06,1.75656320617017e-05,2
"20609",0.0227619453934089,0.976992282066421,7.13521287463097e-05,0.000174420411423695,2
"20611",0.999225927155601,6.78628598181088e-05,0.000703178262467977,3.03172211287603e-06,1
"20613",0.562498634672184,0.433930589639356,3.13596964347927e-05,0.00353941599202522,1
"20615",0.545686520350277,0.376836201930481,0.00293650287535988,0.0745407748438829,1
"20617",0.00406340820005473,4.93321239950668e-06,0.99593037367151,1.28491603576298e-06,3
"20619",5.17118505812679e-05,0.999892876795167,7.32769334689039e-06,4.80836609050395e-05,2
"20621",0.0203430292721016,0.979146559749126,6.29046616079717e-05,0.000447506317163889,2
"20623",0.0140454330334876,0.00290398609212271,0.983049984730544,5.96143845540512e-07,3
"20625",0.907427732801638,0.00286339776085158,0.0497626804641113,0.0399461889733995,1
"20627",0.243789475983245,0.755655048815964,1.21064611352058e-05,0.000543368739655139,2
"20629",0.162316535653768,0.833401680272561,0.000938235018107171,0.00334354905556397,2
"20631",2.74213492888002e-05,0.999786330628875,1.32196684787176e-05,0.00017302835335769,2
"20633",0.000713034145943629,3.34741035396201e-07,0.999286600550328,3.0562692995681e-08,3
"20636",0.959515140132096,0.00125618048113017,0.039219239814509,9.43957226510985e-06,1
"20638",0.78288975497428,0.157448786819047,0.00036800882757122,0.0592934493791025,1
"20640",0.00458715620059721,0.922999358291344,6.41532069750254e-08,0.0724134213548518,2
"20645",6.85051041513937e-06,0.99533408366208,9.72170080794299e-09,0.00465905610580402,2
"20647",0.000161982219478256,2.23957219002882e-06,0.999834899550882,8.78657449370047e-07,3
"20649",0.0222041179811511,0.965898844864866,2.11864391967811e-05,0.0118758507147866,2
"20651",2.32164937649895e-05,0.996757489351813,2.43075523741878e-05,0.00319498660204777,2
"20656",0.00212743604602899,0.959723125815482,8.75104554727115e-06,0.0381406870929417,2
"20660",0.0150870306243531,0.07809109222397,1.27764642704428e-05,0.906809100687406,4
"20662",0.080535510904151,0.000526084853023581,0.918934878035429,3.52620739682459e-06,3
"20664",0.0188079719860574,0.855128963099804,0.126024051835375,3.90130787634999e-05,2
"20666",0.940308346009295,0.00108493425228249,0.000197481014545555,0.0584092387238773,1
"20668",0.513947202384328,0.000189014955435814,0.485862115766474,1.66689376128037e-06,1
"20670",0.00216456708694699,0.997433212283215,1.52899804063089e-05,0.000386930649431379,2
"20672",0.525338591023718,0.000153803647538908,0.47444813543022,5.9469898523342e-05,1
"20674",0.0920747223710602,0.907474476436975,0.000266527219378724,0.000184273972585854,2
"20676",0.909092616332779,1.9829265997463e-05,0.0908839938394723,3.56056175078974e-06,1
"20678",0.441985852103607,1.75099667437719e-05,0.55799621113925,4.26790398868824e-07,3
"20680",0.678181688917114,0.00349579237041435,0.318248325789595,7.41929228767417e-05,1
"20682",0.994515634596748,0.00377527968390929,0.00170075222893793,8.33349040520261e-06,1
"20684",0.162793927057571,0.83318157850771,6.39676867123934e-05,0.00396052674800668,2
"20686",0.0259220306176193,1.98846406503174e-05,0.974054897807889,3.18693384108299e-06,3
"20688",0.038208091709028,8.09210824321061e-06,0.961783665257082,1.50925646428971e-07,3
"20690",0.00290281466639103,0.0561783486501175,3.52926466880357e-07,0.940918483757024,4
"20692",0.00180295258626175,4.36733874306186e-07,0.99819659145732,1.92225444374798e-08,3
"20694",0.973459035344968,5.54098583256034e-05,0.026481685012636,3.86978407037159e-06,1
"20696",0.988781830778635,0.0011948947284141,0.00998896904604057,3.43054469106067e-05,1
"20698",0.0764808987964816,0.905813168301509,0.00873209486515675,0.00897383803685267,2
"20700",0.00202460040473102,0.9935559895013,0.00396799950300269,0.00045141059096626,2
"20702",0.000285842115823488,0.139627110894545,1.44087326822254e-07,0.860086902902304,4
"20704",0.182205673540212,0.817246887866616,8.63466432453902e-05,0.000461091949926377,2
"20706",0.732462330841579,0.238230849647587,0.0245161591404268,0.00479066037040736,1
"20708",0.986554781888551,0.000140298378942437,0.0133034357450078,1.48398749894804e-06,1
"20710",0.0503430474782685,0.595767163953129,3.58235354603548e-06,0.353886206215057,2
"20714",0.0166044532834671,5.90991853583558e-05,0.983336298076286,1.49454888777409e-07,3
"20716",0.0107950345396286,0.989064123391214,1.58597084935805e-06,0.000139256098308142,2
"20719",0.429473741104477,0.569527663976204,0.000606248344366641,0.000392346574953204,2
"20721",1.32963022965967e-05,0.999860177287849,2.97588714124981e-06,0.000123550522713053,2
"20723",0.208342167580263,0.783439576799123,0.00256427117631835,0.00565398444429571,2
"20725",0.996271266423033,0.00324795718479269,0.000258047175062197,0.00022272921711195,1
"20727",0.00840084734983264,9.49814733195006e-06,0.991426379830099,0.000163274672736073,3
"20729",0.999393481736514,7.94899656862744e-05,0.000522815953199177,4.21234460056201e-06,1
"20731",0.998945376478596,0.000851463493945043,4.14397639747676e-05,0.000161720263483886,1
"20733",0.133156011890947,0.862972948145893,3.09274637223418e-05,0.00384011249943807,2
"20735",0.583753229102509,0.400839586962531,2.09494443072495e-05,0.0153862344906528,1
"20737",0.92476900975427,7.69606655839864e-05,0.075153484464441,5.45115704859952e-07,1
"20739",0.000996093169199881,5.74738919426267e-07,0.99900322648333,1.05608550620196e-07,3
"20741",0.94311557669768,0.0125882904974987,0.0441657315261425,0.000130401278679237,1
"20743",0.992801219784653,0.0064825489685324,0.000657291287544971,5.89399592694379e-05,1
"20745",0.000193649165689566,0.999420570070224,6.15122705005632e-06,0.000379629537036296,2
"20747",0.999475217095291,8.92100809754738e-05,0.000430724604799347,4.84821893433354e-06,1
"20749",0.998982633661825,4.41664721912192e-05,0.000967466126431653,5.73373955233268e-06,1
"20751",0.996283216473092,6.05215630551909e-05,0.000943490908123523,0.00271277105572934,1
"20753",0.999365371350078,0.000159110606294952,0.000469666741388901,5.85130223773297e-06,1
"20755",0.901361757956696,0.000576996079010224,0.0980558132724235,5.43269186996895e-06,1
"20757",0.191739416821443,0.20043182545314,0.607796300057042,3.24576683751076e-05,3
"20759",0.00025930592649086,0.999389401025238,0.000316236267811097,3.50567804602489e-05,2
"20761",0.959348497424797,0.0377898958059988,0.00273691500585312,0.000124691763351432,1
"20763",0.897658018717161,0.0910417919560605,0.0100152202355824,0.0012849690911966,1
"20765",0.989073777056917,0.00490836123308359,0.00591112333749459,0.000106738372505029,1
"20767",0.0617228449478332,0.937912827774092,7.83710876236067e-06,0.000356490169312671,2
"20769",0.0676368676397201,0.343472531278822,4.59548832668501e-07,0.588890141532625,4
"20771",0.668105766045244,0.104832262398539,0.227048686553511,1.32850027065285e-05,1
"20773",0.89264144854565,0.0579205387750574,0.0489862767015259,0.000451735977766441,1
"20775",0.996996979969116,0.00261605743306871,0.000162118571774028,0.00022484402604143,1
"20777",0.655771985830514,0.0382241898531231,0.000894341648490781,0.305109482667872,1
"20779",0.998413297217432,0.00145278628674465,5.39595853625883e-05,7.99569104605209e-05,1
"20781",0.0116498836294162,3.40693970101176e-05,0.0367912295458831,0.951524817427691,4
"20783",0.968826110622983,0.0260154079456755,0.00513804828608913,2.04331452527612e-05,1
"20785",0.153270594565123,0.00128270035590612,0.845420806497502,2.58985814695542e-05,3
"20787",0.971430602781128,0.000401234637322306,0.0281676420280932,5.20553456241834e-07,1
"20789",0.639534201446179,0.359478665389887,3.18019186247546e-05,0.000955331245309796,1
"20791",0.924333488223309,2.3579250635793e-05,0.0756412434265471,1.68909950851163e-06,1
"20793",0.704759264402817,0.294534603245979,1.4744292243977e-05,0.0006913880589591,1
"20795",0.798434669417898,0.000382989204368754,0.201178136485048,4.20489268501248e-06,1
"20797",0.002170127454959,2.08952034052973e-06,0.993303497768278,0.00452428525642289,3
"20800",0.995672946078622,0.000254776751910445,0.00402473110677541,4.75460626919141e-05,1
"20802",0.984993415527946,0.0121408214837044,0.00277625471355233,8.95082747967445e-05,1
"20804",0.993014882400184,5.0179897291613e-05,0.00693415621931444,7.81483210000856e-07,1
"20806",0.698378286787665,1.87792609109618e-05,0.301601723904595,1.21004682903137e-06,1
"20808",0.021465012849853,0.978466693188943,7.00409871806579e-07,6.75935513317491e-05,2
"20810",0.532141036028889,0.00147866594967264,0.466353302869196,2.69951522424237e-05,1
"20812",0.97530130853271,0.00835551963695476,0.00783111633877116,0.00851205549156425,1
"20814",0.389865559412459,1.13459616970071e-05,0.610122824698598,2.69927245844278e-07,3
"20816",0.0723459943379408,0.918600731793679,1.62656561849665e-05,0.00903700821219506,2
"20818",0.982391536017776,0.0123376473597294,0.00508952390303973,0.000181292719454501,1
"20820",0.000367137320164481,1.02548507078255e-06,0.99963148822406,3.48970704696107e-07,3
"20822",0.990637319587138,0.00717883449171546,0.00215271205351792,3.11338676285343e-05,1
"20824",0.30643198871256,0.00146940790551901,0.692058915206203,3.96881757181585e-05,3
"20826",0.00727282880056947,6.68220132348981e-06,0.992718933031206,1.55596690111382e-06,3
"20828",0.000152607949681894,2.0967349802452e-06,0.999844533742613,7.61572725077627e-07,3
"20830",0.998969282345778,7.44456853168007e-05,0.000948598333342655,7.67363556248611e-06,1
"20832",0.541483986747845,0.412442782351246,0.04577745493109,0.000295775969818449,1
"20834",0.0377056151655719,0.960860984175424,3.34700107657165e-06,0.00143005365792774,2
"20836",0.999180095012651,0.000702956706215802,8.30887153294921e-05,3.38595658033236e-05,1
"20838",0.91910875070737,1.99895130568458e-05,0.0808705580975157,7.0168205720159e-07,1
"20840",0.128896225058311,0.870470042267106,0.000212852697275799,0.000420879977307226,2
"20842",0.999113512348975,0.000541147213863709,0.000331875873647927,1.34645635136448e-05,1
"20844",0.960321644760104,0.0359260036440342,0.00374420285091753,8.14874494436463e-06,1
"20846",0.263853242553153,0.0145554017730415,0.721528705349387,6.26503244184811e-05,3
"20848",0.820697525861047,0.177177194897455,0.00130632356748522,0.00081895567401236,1
"20850",0.0254718659524983,0.968064608729994,0.00641212905217531,5.13962653321999e-05,2
"20852",0.0129463269467573,0.949484534795787,0.0366699207886779,0.00089921746877725,2
"20854",0.0868167451557524,3.13279121559206e-05,0.913145680907821,6.24602427027453e-06,3
"20856",0.0256694240435593,0.0162015923832536,3.24548517914017e-05,0.958096528721396,4
"20858",0.00104263418877271,0.998119014083899,1.7417795348762e-05,0.000820933931979834,2
"20860",0.986667708978325,0.0131764247717646,6.46093184492967e-05,9.12569314611335e-05,1
"20862",0.000381276523342695,0.999588558792948,1.53711930653521e-07,3.00109717790876e-05,2
"20864",0.00697100979970113,5.22320629483979e-05,0.992961254783229,1.55033541217198e-05,3
"20866",1.77910800946689e-06,0.998848745595641,5.77261999797761e-08,0.00114941757014955,2
"20868",0.0100297075053377,0.98771690621098,0.000122321408490941,0.0021310648751917,2
"20870",0.96684058121039,0.0277725042746272,0.00442325806155023,0.000963656453432939,1
"20872",0.993042592332805,0.000729527644369193,0.00620246665275073,2.54133700752477e-05,1
"20874",0.00121598052243975,7.11844953743502e-07,0.998783277960202,2.96724045559242e-08,3
"20877",0.0137661079262675,0.971432280015398,9.93114197861534e-07,0.0148006189441364,2
"20879",0.000555255336711475,0.997421725874445,4.64351473613625e-08,0.00202297235369586,2
"20881",0.995944461997989,0.000122620671316943,0.00392121040135107,1.17069293427199e-05,1
"20883",0.96247898408502,7.27444184014598e-05,0.0372927598800165,0.000155511616562309,1
"20885",0.997596474395404,0.000300168632946516,0.0020458964287198,5.74605429296408e-05,1
"20887",0.586897231473174,0.409343860813994,1.1041002874308e-05,0.00374786670995719,1
"20889",0.997451611324928,0.00171236402865511,0.000223766382415614,0.00061225826400123,1
"20891",0.000275211477006724,0.996943346029442,1.51014772948135e-07,0.0027812914787785,2
"20896",0.29041879281488,0.642359176102574,2.98521151598636e-05,0.0671921789673858,2
"20898",0.993175333960656,0.00664208465395306,0.00011784405433511,6.4737331055374e-05,1
"20900",0.206817669929508,1.88585180105477e-05,0.677478749483217,0.115684722069265,3
"20902",0.0476965002363781,0.144353459989427,2.24000443960818e-07,0.807949815773751,4
"20904",0.00674738639313199,0.0129542190086694,0.979399211039198,0.000899183559000636,3
"20906",0.00917992940767398,0.976126527180775,1.61450330453372e-06,0.0146919289082461,2
"20908",0.668204471413887,0.0284587009556625,0.303234006247234,0.000102821383216584,1
"20910",0.977450762645682,0.00990809407455179,0.0126390939411609,2.04933860555976e-06,1
"20912",0.0498675800457028,4.69365822529672e-05,0.000351938092366491,0.949733545279678,4
"20914",4.19708064656568e-05,0.991025583495296,3.24098189709656e-09,0.00893244245725667,2
"20968",0.0153368349043355,0.000972718513190919,0.982851161373632,0.00083928520884112,3
"20970",0.0262525362648304,0.971789924049409,0.00140821351499173,0.000549326170769193,2
"20981",0.0168640248222774,0.982905983251778,0.000223343647829831,6.648278114823e-06,2
"20983",0.00733761905036269,7.31756950637376e-07,0.992661600130183,4.90625032669596e-08,3
"20988",0.00221930570254447,0.99750562678058,0.000185417859954833,8.96496569205768e-05,2
"20995",0.0633369958668856,0.1775419976723,0.00508688875007905,0.754034117710735,4
"21017",0.797383339485269,0.148246040212804,0.0543388491759084,3.17711260190329e-05,1
"21038",0.0057752971225742,0.988164588076025,7.47127004644401e-07,0.00605936767439607,2
"21072",0.0229938745917286,0.972490544711838,0.000355410878637137,0.00416016981779666,2
"21075",0.00115150671802403,0.947025719446922,1.87972156872228e-08,0.0518227550378381,2
"21223",0.951696201529478,0.0462981977062024,0.000589117013945994,0.00141648375037387,1
"21225",3.10088690421906e-05,9.0037994960147e-05,8.22356172219935e-08,0.999878870900381,4
"21230",0.00480573641536164,6.88333363714658e-07,0.995193522502245,5.27490301118567e-08,3
"21236",0.992784964836123,0.00427419238186465,0.00290899722811035,3.18455539017208e-05,1
"21238",0.515094639489744,0.0888425014263203,0.000174130075263038,0.395888729008672,1
"21241",0.000552790535411911,0.998015896685815,0.00111759514205673,0.000313717636715913,2
"21246",0.0246712529266219,0.975036654949023,0.000278858713936902,1.32334104184076e-05,2
"21253",0.0440335367006419,3.00833547684789e-05,0.955931620518809,4.75942578086448e-06,3
"21256",0.796389520757175,0.0053014002528999,0.198131550513464,0.000177528476461616,1
"21260",1.31422518744126e-05,0.00477897604960966,1.25107585592585e-06,0.99520663062266,4
"21266",0.01841533818082,0.981372960414545,1.8145981424896e-05,0.00019355542321033,2
"21332",0.00787681803683041,0.992041498241903,5.01202596988289e-05,3.15634615677049e-05,2
"21334",0.99129831716361,0.00650400478206556,6.12543586433648e-05,0.0021364236956812,1
"21375",0.000157301893855615,0.999462149833321,1.59385654662764e-06,0.000378954416276459,2
"21378",5.82543310167576e-06,0.997692814660714,2.11954646189411e-07,0.00230114795153839,2
"21381",0.000257936222959633,0.990529613066379,1.26599526345802e-05,0.00919979075802714,2
"21389",0.979839274184184,0.000395375903948913,0.0197630960024988,2.25390936840477e-06,1
"21391",0.0072795740364214,0.958371277177012,0.033955069240787,0.000394079545779398,2
"21402",0.00298259304446541,0.99699917803753,1.46079822204289e-05,3.62093578393706e-06,2
"21404",0.0219429587872651,0.674585458007313,4.73853272502618e-07,0.30347110935215,2
"21409",0.0653888499701465,0.901966991524192,3.8378302029377e-06,0.032640320675459,2
"21413",0.809129562398525,0.165058890488607,3.83776580153514e-06,0.0258077093470675,1
"21423",0.000518218402908642,0.997121325179984,1.29428348732649e-06,0.00235916213361984,2
"21425",0.224088857730614,0.753696348107345,6.03332144369905e-06,0.022208760840597,2
"21430",0.0101757440865218,0.0040852662468776,4.63728890359265e-05,0.985692616777565,4
"21432",0.0514037377042111,0.94848319020905,1.98154945168653e-05,9.32565922221175e-05,2
"21438",0.000822846791604948,0.997932566135877,0.000713789183251801,0.00053079788926638,2
"21440",0.183489467187375,0.814571540374316,9.68395605811576e-05,0.00184215287772852,2
"21443",0.989004861523023,0.000262264229664211,0.0107288115145908,4.06273272232573e-06,1
"21445",0.000760527918348832,0.000571312889835238,4.45578214683622e-06,0.998663703409669,4
"21447",4.97493425766825e-05,0.997675184164393,7.1755598590441e-07,0.00227434893704417,2
"21449",0.000826467182845424,0.999153436372091,1.523021323488e-05,4.86623182844496e-06,2
"21451",0.000826467182845424,0.999153436372091,1.523021323488e-05,4.86623182844496e-06,2
"21455",0.000911773289411295,0.999081550728536,1.76427328120637e-06,4.91170877125949e-06,2
"21469",1.02334622955138e-05,0.883169546437876,2.74390099893275e-08,0.116820192660818,2
"21471",0.000670544346554274,0.778671022315735,5.17547440306513e-07,0.22065791579027,2
"21473",0.474567685617697,0.0602445855219196,0.45990685064458,0.00528087821580322,1
