"","V1","V2","V3","V4","V5","V6","V7","V8","result$classification"
"19812",0.0479915232422927,0.000451343769576131,0.741039822960233,5.86321836509716e-05,0.210159112304479,0.000103364320333864,0.000194723914108378,1.47730532559649e-06,3
"19814",0.000741004816234474,2.63869224266165e-05,0.983364403342497,1.7186367379296e-06,0.0135333435897453,1.54417579095311e-06,3.42252635713778e-06,0.0023281759902105,3
"19816",0.00767047894487448,0.169752812494723,0.00376798611067501,4.38977810158139e-05,0.81875281198426,7.13023054637624e-09,1.1262823367691e-05,7.42730853723753e-07,5
"19818",0.000323512555824649,0.000644840383171733,0.436101856398992,1.74847435330798e-05,0.554829179164827,2.66217325584096e-06,1.06923803955317e-05,0.00806977219999951,5
"19820",3.05108194439916e-05,0.996335161235502,5.42226331207315e-09,5.23799841934988e-09,0.00342407836274604,4.53914958388956e-10,0.000210238192439156,2.75692360848792e-10,2
"19822",0.0107293389937589,0.870742456503035,3.10316405137835e-07,2.09326605279593e-07,0.00449519009646414,9.9256119105974e-06,0.114021591588105,9.77563716121771e-07,2
"19824",6.40672741883685e-06,0.392448987556826,0.000127485052464151,0.000133920493615254,0.605904177412917,3.26311202588108e-07,6.71329847464901e-05,0.00131156346081012,5
"19826",0.141493751770919,0.0018880318371886,0.763139267257784,0.0121200867414559,0.0813206120768423,1.75067562941883e-06,2.21852019161341e-06,3.42811199889829e-05,3
"19828",0.000174237868337723,0.508857109562051,0.000116925486012539,1.33318536037955e-07,0.488852557848037,1.84108889049637e-07,0.00199701377870997,1.8380294259156e-06,2
"19830",0.0900785705834346,1.39484391861832e-06,0.900876927462504,0.00104508590291603,0.00494488733908793,0.00293108179680395,1.08319871449569e-05,0.00011122008419021,3
"19832",0.0373573719723951,0.0116383974724886,0.132883007177383,2.97512635286025e-06,0.136498561371743,0.0265945798960794,0.655023672688916,1.43429464207974e-06,7
"19834",0.742599317122187,0.0441284908579839,0.00897568633281683,3.77456806054198e-07,0.192413406944529,9.31792926552865e-06,0.0117822762228,9.11271336113014e-05,1
"19836",0.00214136561504589,0.00177897903758882,0.0480090125182324,0.022847955410294,0.925189186206792,2.6922041658468e-05,6.28433948250132e-06,2.94830905968331e-07,5
"19838",0.000575604713535612,1.920873651122e-07,0.998730552098267,2.42450839579563e-06,0.000353731609755462,4.93809291316652e-05,2.18890413823719e-06,0.000285925149410834,3
"19840",0.78539193029853,0.043406032938813,0.018136864406528,0.000744556110561726,0.152308794935122,6.49476802538658e-08,8.56856609491751e-06,3.18779667024888e-06,1
"19842",0.000427918501687336,7.57554322030781e-08,0.0513347764061812,0.948202605887974,2.32214008712088e-05,4.70959776388082e-06,8.59110517717966e-10,6.6915909794773e-06,4
"19844",1.26204845147993e-07,1.37231830163819e-06,5.93311063123926e-06,1.19478496267882e-05,1.08332067407462e-06,1.60315593350128e-08,2.01185183873131e-09,0.99997951915251,8
"19846",5.63148119061581e-06,2.50220141784012e-08,0.927281289016509,0.00272674862463998,0.000192915658071593,2.31600106975342e-06,8.5147217317209e-10,0.069791073345032,3
"19848",1.46779813949265e-05,3.90681593160603e-08,0.97445349943862,0.000122946841792521,0.00022898713753412,2.85538129619825e-06,5.85032900631543e-09,0.0251769883008734,3
"19850",0.000108172388939446,2.30674988602726e-06,0.788167768704267,3.07253367132829e-05,0.000774335264453387,2.13681258415814e-06,1.6953839992828e-07,0.210914385204757,3
"19852",0.00142419809354389,0.00507475778934038,0.0207253068389825,1.69888253787239e-06,0.972664452338127,5.06855649192128e-07,3.04883604995841e-05,7.85908413194245e-05,5
"19854",4.25343011376516e-05,3.66122053687762e-08,0.997557159599637,2.54237079241159e-05,0.000182089621531768,3.80605294669816e-06,1.98917772306551e-08,0.0021889302128407,3
"19856",0.000438573662778345,6.21323586317908e-05,0.012101701863528,0.000119032806637713,0.000159683385903241,1.59087271210668e-06,1.38556604585645e-06,0.987115899483763,8
"19858",6.36635826367425e-05,0.00283105246821911,0.0006731493837921,1.08282678801788e-05,0.00682559862584904,3.70294156027007e-06,3.42663434937116e-05,0.989557738386569,8
"19860",0.158353393581543,0.0148524402970537,0.249687978072414,1.8693930769575e-05,0.576977910744975,6.69075060457174e-07,8.08010938547464e-05,2.81132043297871e-05,5
"19862",1.37397006956802e-05,9.44266340652075e-09,0.98856894170587,0.00899235912392942,8.49838896340044e-05,4.5771058942393e-06,5.83103102026068e-10,0.00233538844821029,3
"19864",3.58985955514941e-07,1.47921130585185e-06,1.12861733136284e-06,0.999979762730331,1.53736408888703e-05,1.11557971728543e-06,5.94841169763885e-10,7.80639628715525e-07,4
"19866",0.0772563671514024,0.231650173867457,0.000534467811966918,0.0220913970498076,0.668456435174061,1.85166514073622e-07,1.01948643250075e-05,7.78914466754591e-07,5
"19868",0.00275728695893695,8.56590668089455e-07,2.41556837374829e-05,6.23607814836803e-08,3.86913343065214e-07,0.945670208463982,0.0515191088410658,2.79341874853078e-05,6
"19870",4.09443623545833e-05,1.37274340752603e-06,0.98150621961583,0.000989711315292447,0.0155192910503557,1.02823773345311e-05,6.92329066710102e-08,0.00193210930251856,3
"19873",0.00116637332882738,0.000523124018842839,0.621801330274947,0.00160349584567088,0.374267874154518,1.30696923096784e-06,1.35924838812122e-06,0.000635136159574495,3
"19875",0.0488453092147805,0.751854488759694,0.00102016587211634,5.20294006680052e-07,0.195192728619734,1.32129219173789e-07,0.00308660743047339,4.76799759091831e-08,2
"19877",0.00516131836422182,2.75414014727892e-05,0.841579797761961,6.91522999948832e-05,0.150742919780647,1.85348766655032e-05,2.09046731782269e-06,0.00239864504771878,3
"19879",0.00444262736560301,0.001066626159847,0.0467451122474493,2.09628753611921e-05,0.946644953671497,2.72894070117053e-05,6.91095325703314e-05,0.000983318740660839,5
"19881",0.00442242158195289,0.000253118562223223,0.895399248520109,0.0239640252979597,0.07479504987345,5.98395161238564e-06,1.00022146129994e-06,0.00115915199123184,3
"19883",0.00170356698759874,7.1716378847157e-05,0.622902100226724,0.34711080137373,0.0281587138439852,1.46728347034497e-06,6.43224258974398e-08,5.15695832186232e-05,3
"19899",0.893234480723571,0.00139438054006803,0.0114888424607352,0.000100117919422578,0.0936062191743346,7.16638897569852e-05,0.000101993097992763,2.30219411840605e-06,1
"19908",0.9836112736562,0.00124152000626907,5.82119693515094e-05,0.0135545139218793,0.000724290489503338,0.000507748645807137,0.000118829706302139,0.000183611604687182,1
"19910",0.000204276228988651,0.00111496665526096,0.0352280568083954,3.15086782260219e-05,0.963380824854792,6.53645529599367e-07,3.18579069759178e-06,3.65273381100482e-05,5
"19912",0.00395060317699126,1.56660030113959e-07,0.472313001068592,0.523243093584678,7.30235489063989e-05,8.84305191988474e-06,3.38365473376948e-09,0.000411275525228246,4
"19914",0.31640471643875,0.0021705703975635,0.130044324454392,2.70793789633633e-05,0.549984416424956,0.00017623976353418,0.000677512176110533,0.000515140965730858,5
"19916",0.000386510002009745,0.457294778241497,5.25519357332793e-05,0.301116206256256,0.240843131569365,5.3671050048545e-06,1.68548155985062e-05,0.000284600074535498,2
"19918",3.3311152980798e-05,2.68960882088327e-06,0.901998448546824,0.00201492792162542,0.00827446072588127,4.02600989358543e-07,6.84835578404195e-09,0.0876757525945224,3
"19920",5.87740727432033e-05,2.24830343990805e-07,0.11053665192659,2.0871555581673e-05,0.000112635109910154,1.30802934390903e-07,3.4828093914131e-09,0.889270708219088,8
"19922",8.20818804395419e-05,0.00041366756031093,0.16732280826049,3.31658573330374e-06,0.0876071050280334,0.517959921991399,0.226601916184744,9.1825088492407e-06,6
"19924",0.00648590234669947,0.000136844882105797,0.805923209157515,0.000152042757444774,0.151253878647203,3.35623012973196e-06,1.2741209782278e-06,0.036043491857924,3
"19926",0.510585938029869,0.00555131824661976,0.0182458737461075,0.00292287643384919,0.460554961084556,0.00134562647193579,0.000793257443657262,1.48543406074917e-07,1
"19928",3.63465565157554e-08,2.83969441685912e-09,3.05301210942465e-07,0.999998464440141,1.8509752954946e-08,7.54600659504106e-07,7.71030635800342e-12,4.17954274245491e-07,4
"19930",0.000102960725971621,4.31942971622589e-06,0.978112060306936,3.49516849745975e-05,0.0216419667957011,7.70335413761573e-06,6.80533806332876e-07,9.53571687566073e-05,3
"19932",6.33997579975522e-05,9.71772182410762e-08,0.99872798250952,6.80080370303041e-06,0.000430031588039867,8.36159295943877e-06,1.25178800283853e-07,0.00076320139176142,3
"19934",0.0555447323952656,0.381864223100819,0.0160287280007242,6.42951221856327e-07,0.531278890915014,2.55872915748941e-06,0.0151501187966901,0.000130105111107953,5
"19936",0.0641324812963006,0.000211345873330077,0.872088398749684,1.45178810690123e-05,0.063227055474651,0.000108709293602017,8.35552241902168e-05,0.000133936207173608,3
"19938",0.168087298125997,0.705127872968709,4.43356703404338e-05,6.47067513349853e-06,0.121392200274649,4.87052813851529e-06,0.00529547898331334,4.14727737192802e-05,2
"19940",9.78491543926995e-05,0.00045554528668034,0.151275947811677,0.00848959604139117,0.839545960984662,1.58484244831913e-06,3.40509779337917e-07,0.000133175368967928,5
"19942",4.43588739790004e-06,6.10876727755141e-08,3.03339447919325e-06,0.999992086499923,2.43871505934371e-07,3.22355371824048e-08,1.21745439701642e-11,1.07011309214365e-07,4
"19944",0.00271276839957248,0.0071934478650497,0.014745521302334,0.000177599673957102,0.975159552662079,5.02050799660017e-07,6.15910503154728e-06,4.44894117708346e-06,5
"19946",0.00382512551608021,0.00134616396568019,0.271662808495447,5.77372585257235e-05,0.710730054798682,3.64641570501717e-06,1.03071827006429e-05,0.0123641563671793,5
"19948",4.48981681082037e-08,3.11940513168629e-08,1.34220093026103e-05,0.999985100273778,9.45140213411264e-07,1.59398582731341e-08,3.49307993710231e-12,4.4054113571054e-07,4
"19950",3.78043340199813e-07,6.05456626442028e-09,0.00111200760014929,2.45436975941599e-07,1.08751580814909e-06,1.94106806178417e-07,2.16668737245275e-09,0.998886079075667,8
"19952",4.48981681082037e-08,3.11940513168629e-08,1.34220093026103e-05,0.999985100273778,9.45140213411264e-07,1.59398582731341e-08,3.49307993710231e-12,4.4054113571054e-07,4
"19954",4.86957741594817e-05,5.28507191867998e-07,0.995539847535191,3.17562377458243e-05,0.00395251234610434,3.96414849333e-06,9.15982961513955e-08,0.000422603852817912,3
"19956",0.114830073097067,1.58892427746905e-07,0.224068821423258,0.00726353471240474,1.46155633000933e-05,0.00172978500538523,5.34484073282112e-07,0.652092476822084,8
"19958",7.40073425556209e-08,6.47677042423407e-07,0.000160923604837626,5.23425193293905e-08,3.32220945198116e-05,0.989499306056386,0.0102536653123014,5.21089050508971e-05,6
"19962",0.0206808359544185,0.0218872714879567,0.495193915793752,0.000262667036978523,0.208965114790747,0.000173799539980328,0.00119713571721306,0.251639259678953,3
"19964",6.0113984689504e-05,0.000425069275782185,0.277643277004216,0.0118716496959404,0.703585930870797,1.85077853163963e-05,7.96386303491577e-07,0.00639465499695508,5
"19966",0.027888758861088,0.872295981997228,1.24447914907416e-05,0.00409793016542531,0.0956384129836704,2.44501749331078e-07,6.62129450948024e-05,1.37542539389866e-08,2
"19969",0.00430725668033884,5.83714227990714e-06,0.984004818294358,0.00756774405969614,0.00405321336022371,2.20664907080047e-06,1.02748453266306e-07,5.88210655791422e-05,3
"19972",7.03461116887756e-05,4.8626313462198e-06,0.707825870956984,0.171468891674828,0.0467708983673922,4.34449492835376e-05,2.83189435790549e-08,0.0738156569895339,3
"19974",1.58471211250853e-06,4.23948568311838e-09,0.100601415316357,0.0349824158697819,1.40004044521182e-05,1.34258532260058e-06,3.96608509305932e-11,0.864399236832827,8
"19976",0.00269158817991622,0.000172292140108756,0.569557476421078,0.000199139068344502,0.377547959148106,5.57051639330524e-06,1.51711383524088e-06,0.0498244574122179,3
"19978",0.000157022798334516,0.00943209811899258,0.0172638496671169,0.000166307049879983,0.972909346925982,3.55625683688805e-08,7.07073574491913e-07,7.0632803551235e-05,5
"19980",2.03930525537523e-05,3.51088645755512e-08,0.854460547188777,2.17578026680123e-05,0.000130231713717413,4.44113316752632e-06,1.57296040427018e-08,0.145362578270647,3
"19982",0.000894864300091162,4.12993872733865e-06,0.132636647677222,6.951556826418e-06,0.000273372875511289,1.20112589351064e-05,1.12734693198846e-06,0.866170895045755,8
"19984",8.35222007784935e-07,4.25995197985152e-07,0.000149399817194321,1.76577185712927e-06,5.22112612857141e-06,1.77964192184027e-08,3.15076765888871e-09,0.999842331120427,8
"19986",0.00408990356423212,0.956521855695988,9.57887053475158e-08,1.79981685076021e-07,0.0380556754901567,3.69348326326803e-08,0.00133225148872634,1.05567347748744e-09,2
"19988",0.000190244509983777,0.994909919536991,2.06546302275916e-09,1.97152644368642e-09,0.00312081014462562,5.10361122940955e-09,0.0017790164472703,2.20528536603355e-10,2
"19992",0.00669493479018474,0.987261955492432,9.33665407100919e-08,1.77491505748941e-09,0.00370053876442635,4.58617293269604e-09,0.00234243704832609,3.41770024725463e-08,2
"19994",0.000475200638070323,5.47186810068058e-06,0.969976747416267,2.38547879208745e-05,0.0294661148174105,2.855726914918e-05,2.60728811377721e-06,2.14459149678536e-05,3
"19996",0.000289020181172432,0.970952612457174,3.42259739604867e-07,2.58611342880248e-09,0.0282447418666036,1.15537288338338e-09,0.000513245044177454,3.44496470717679e-08,2
"19998",0.48951536792391,0.00308317430370887,0.0846203922385421,0.40667712288955,0.0111749644157496,1.6955840090588e-05,7.58879890742039e-06,0.00490443358954179,1
"20000",0.193411674683326,6.66894910509843e-07,0.702177610780507,0.0016268870504622,0.000154118725235375,0.102232614084059,0.000182844716345964,0.000213583065154152,3
"20003",0.00887023169033591,9.01555753189772e-05,0.900950558307624,0.000507284220301813,0.0894525022594234,0.000102578252449223,2.55193146941921e-05,1.17037985165058e-06,3
"20005",1.46517341380799e-05,1.443075374533e-08,0.975456950426594,0.00125419831669609,0.000209257213018746,2.93559691362272e-06,8.93794322264557e-10,0.0230619913880912,3
"20007",0.189069198625022,0.012028819125322,0.033216329415858,5.18626250056554e-06,0.76467656684862,1.29364896220097e-05,0.000689951606908829,0.000301011626146231,5
"20009",0.000930248770582394,0.79192423317968,8.19002949934043e-05,0.00025847802792841,0.205571294778514,4.10514747982436e-06,0.000979023975623321,0.000250715825198752,2
"20011",0.000786648363169687,4.85067724512979e-05,0.732254356980936,0.032451098750189,0.224095290542042,2.28794502087604e-05,2.91951322748931e-07,0.0103409271896804,3
"20013",0.0146106983158376,5.33863587985903e-06,0.87680190768266,8.86772918361542e-06,0.00417272802708773,4.43996862411463e-06,1.02918048337265e-06,0.104394990460244,3
"20016",0.00409173022626956,0.892288882800058,7.95012983898971e-07,3.95433324083785e-07,0.085710024501776,2.9050946112209e-06,0.0179000753321708,5.19159880590303e-06,2
"20018",3.08295622099132e-06,0.00866725754205391,1.4222679033705e-10,8.37327320634027e-10,5.3535598090248e-06,0.000454819686038817,0.990869485167351,1.0897253195593e-10,7
"20021",0.00036753338455246,0.12131399050555,0.00153024390284507,3.29490673420664e-06,0.876053335468518,6.8728255587094e-07,0.000730885267875551,2.92813691440773e-08,5
"20023",0.0368422427563748,0.046550854101019,0.00872922589168419,6.56666162298617e-06,0.9071523100061,6.82929039762528e-06,0.000675766568036695,3.62047247648287e-05,5
"20025",0.00022900922273626,0.33056525053923,7.90407582097552e-07,1.64915656120761e-07,0.0109737342187006,0.000676005018369503,0.657555032330821,1.33469044065919e-08,7
"20027",0.0114884626623346,1.28553443191151e-06,0.658897012155146,0.327828652492477,0.00173839025713671,3.38858327591782e-05,2.8371983145104e-08,1.22826937318814e-05,3
"20029",0.000368121405989247,2.03620622692087e-07,0.984199817619649,0.00731051085962069,0.000282859649969097,2.7793029218983e-07,1.27464452296343e-09,0.00783820763921221,3
"20032",0.000338818552164983,7.00835531908858e-07,0.993164705289032,0.00404620696281095,0.00240656233321809,3.49672805087324e-05,1.30148049010115e-07,7.90859868393502e-06,3
"20034",1.55586738231992e-07,1.04908452501707e-07,5.50381170195075e-05,0.999932348180901,1.211403167452e-05,1.47644523566052e-07,3.3089435975544e-11,9.14976016284908e-08,4
"20036",0.971843277208078,0.000240267476907869,0.0172085274571848,9.86399922417761e-05,0.000208055293504715,2.69671387017963e-06,8.73672731983001e-06,0.010389799130893,1
"20038",0.26620489882619,0.57122493934696,3.44962741422375e-05,1.48360255080929e-07,0.12171799844548,2.44572458485567e-06,0.0408150718963319,1.12605709355377e-09,2
"20040",2.89339185125438e-05,0.907562698541723,1.94779901104175e-07,6.09520056042032e-05,0.0801593770739676,9.26728936520841e-05,0.0120934553924966,1.71539414313767e-06,2
"20043",0.0105863626533647,0.888157998327955,0.000618453620326169,5.3096113959525e-08,0.0912965558401884,1.01878789032302e-07,0.00934019184613835,2.82737125350611e-07,2
"20045",2.42045141411431e-05,0.96648241430783,3.67270137992018e-09,1.77548203210354e-10,0.00324357780014266,8.71703558736841e-08,0.0302496987734988,1.35837817803172e-08,2
"20048",5.86493347950366e-08,5.47709515977365e-09,1.54345339158634e-05,1.19894083546134e-07,9.58471204242408e-08,6.90928285346987e-08,1.12813398114005e-09,0.999984215377488,8
"20051",0.136196593496702,0.0697576029234609,0.580319055629251,5.8682398519311e-07,0.145712194388706,7.34434952341767e-05,0.0549896331176227,0.0129508901250383,3
"20053",0.000819853706296485,0.0499372230613368,0.000779365460961782,2.28123691268777e-05,0.948351064650552,2.10833681815735e-07,3.15091680928127e-05,5.79607499512428e-05,5
"20055",0.893746472284533,0.0233218846224572,0.00181899112835945,5.72370427824234e-06,0.0485689094907479,0.000236044795643634,0.0323019692063848,4.76759632033699e-09,1
"20057",9.37968518611502e-09,1.96650774092694e-10,3.42124590997828e-07,7.75442102511415e-08,2.04013407880472e-09,0.999939791458886,5.55228117900219e-05,4.2544440523348e-06,6
"20059",0.000452626988618177,0.0367228369552805,0.000500344403403788,7.59179657654372e-05,0.961806176469445,5.50790929391189e-05,0.000382791935431387,4.22618911683851e-06,5
"20061",0.00183376538496215,0.0121765440407355,0.00451730664256244,4.80181933388775e-05,0.981368571822817,2.36720317503389e-06,3.55277476634257e-05,1.78989647455662e-05,5
"20063",0.000176528787328286,0.0174375574102239,3.02054600516727e-06,0.000322353819029549,5.3189831639195e-05,6.05054916016919e-06,5.63663529517562e-05,0.981944932703662,8
"20065",8.8144758376503e-05,0.0167065530280696,3.9393319675448e-08,1.28382491451879e-10,0.000440891954855921,9.70729579779167e-05,0.982667297776202,2.81587291965007e-12,7
"20067",0.00187086746216556,0.781411729516855,3.30319870753196e-05,2.42731032596043e-09,0.108108203386616,2.54667527369442e-06,0.10836793139522,0.000205687149485488,2
"20069",3.93567389729883e-05,8.14641379720632e-08,0.592714563702942,7.91080682606848e-06,0.000138886663562017,4.92774515824747e-06,4.29186778324822e-08,0.407094229959723,3
"20071",0.994832425194379,0.000193449564759605,0.000714829109635679,0.000986857764003962,0.00325002121820467,7.10095730666074e-06,3.62556592507067e-06,1.16906257855229e-05,1
"20073",2.43416432383578e-06,1.4441427229821e-05,0.080566497747141,0.000322062246524194,0.00490375286209238,5.5774036473653e-07,4.30442680906707e-08,0.914190210768056,8
"20075",0.000569476017031263,2.68366500404842e-07,4.50846478121941e-05,8.2816275042915e-09,5.72633294821672e-07,0.915845884375675,0.0835384743726669,2.31305391704245e-07,6
"20077",0.728756876932846,0.165561805973267,0.00105979891445337,2.91716633669296e-06,0.104342310185287,2.70946788010741e-08,6.93286700983549e-05,0.00020693506303288,1
"20079",0.0102929175361766,0.0740509711335385,0.0313979168794228,1.41338164107681e-05,0.00695926574546267,3.04628987380356e-06,0.00173157676250964,0.875550171836605,8
"20081",0.0422696541208466,0.143367456218855,0.000888808901991483,8.13589532806029e-09,0.328186318854074,0.000228722566984662,0.485056198006748,2.83319460388707e-06,7
"20083",0.154874175724405,0.000508710108326577,0.00274415155962012,0.0010174584024927,0.000100190432817229,3.69839706129419e-05,3.54626968728695e-05,0.840682867104852,8
"20085",0.000348736114991664,0.983171528616703,4.77907908363368e-09,5.79071907534811e-10,0.00189572836364056,1.42750545837773e-08,0.0145839872256559,4.58029926362139e-11,2
"20088",0.00489038873629315,0.861973974086196,4.88336395931323e-05,1.73729062012942e-08,0.121213691644692,1.30887428414928e-07,0.0118729039855503,5.96473411941683e-08,2
"20091",0.000232375474804599,0.000131697412545819,1.13269346887878e-05,3.97940021969837e-10,0.00132504026524488,0.0823864824717706,0.915911661732281,1.41531072400613e-06,7
"20095",0.000393350855710634,0.00380892383647809,0.00225653224510148,0.0276525997312843,0.156782826826662,0.000158395969139566,9.93054355977344e-06,0.808937439992064,8
"20097",0.00141239277098905,0.937312320957934,1.06795120863377e-08,2.61064217138534e-10,0.00182091452970765,7.89754834640904e-08,0.0594542817536445,7.16644298128816e-11,2
"20099",6.81455989371861e-05,0.357361650982501,0.000278091405294488,0.115613823902133,0.524226024457038,3.97958829767428e-08,8.84592990746428e-07,0.00245133926522165,5
"20102",8.6605679831217e-05,5.44525794959837e-05,0.000399284379712873,8.13293319596493e-08,0.000563783686174671,0.0118805931782653,0.00693848637560759,0.98007671279158,8
"20105",0.0010877735205294,0.74024682119689,0.00133649454195262,1.6900831178766e-07,0.254059047875163,9.49996054625609e-08,0.00280891316300838,0.000460685694539183,2
"20107",0.079997658487305,0.496442069000216,4.18134777169047e-05,6.6858303593793e-07,0.42306350956951,5.45170097981366e-08,0.000453941576366342,2.84788840237985e-07,2
"20109",8.08512018062174e-06,0.112477146003076,0.00542626638562482,0.000493190025201445,0.706954716593289,1.63880620544e-07,7.55505593952203e-06,0.174632876936068,5
"20111",3.01560721395572e-06,5.71756723089159e-08,0.0290280102796623,8.9854516630993e-07,5.2740121748022e-05,0.96963606203813,0.000843281699269925,0.00043593453313723,6
"20113",0.781515608442059,0.0567132728526944,0.00050277921508403,0.00396999654277754,0.157278296586507,7.72304835049922e-07,1.9125742993621e-05,1.4831304948159e-07,1
"20115",1.24056653479034e-05,3.30631585395291e-07,0.985309202199324,0.00290358558246408,0.00342101796575729,0.00815829240112951,2.49008099665664e-06,0.000192675473394892,3
"20117",0.00889710438386077,0.0197800840853664,9.47981715090563e-05,0.17766931473241,0.0298264887069931,0.730469148809726,0.0332617387729015,1.32233723267547e-06,6
"20119",0.0327671187802451,0.884331250166486,1.32176664838212e-05,0.0187608274718774,0.0641003983269009,7.95483519840788e-08,2.71023395406506e-05,5.70011472287035e-09,2
"20121",0.0496117682964908,0.822662888043535,3.32012069169336e-06,2.92505986105779e-07,0.126131551442263,9.25762373417567e-08,0.00159008026255984,6.75223660489505e-09,2
"20123",0.000727571845197778,0.000167128449620822,1.60620189805691e-06,6.9337113852618e-10,5.53851335878799e-05,0.021555103226937,0.97749320238905,2.06033745983212e-09,7
"20125",0.000852841212175506,7.13556468896876e-07,0.92236788924928,4.83317665435468e-06,0.00148201590634028,1.44054120399971e-05,4.7590383356168e-07,0.0752768255832076,3
"20127",1.91070959621807e-05,0.996365023509717,1.21333887576813e-07,4.06927370722325e-09,0.00285784109663253,2.80783882428199e-09,0.00075771986081347,1.80225874668919e-07,2
"20140",0.993390614251595,0.000650559041415114,0.00048015897187511,1.13238144920889e-05,0.00309613532675743,0.00070995815266393,0.00166123974708113,1.0694120048694e-08,1
"20142",4.07030430213365e-06,9.46854939734997e-09,0.00368962067767863,4.90510005675748e-07,2.22256711146604e-06,6.07791513098078e-07,4.7390207235163e-09,0.996302973941819,8
"20144",0.017371573719107,3.75312432904705e-07,0.923242148725308,2.26967193866164e-05,0.000656865972853552,0.0538917680778052,7.49436197797509e-05,0.0047396278533267,3
"20146",0.391256388170008,0.00015328487999852,0.250849748655202,1.94140014515863e-05,0.0024743277852067,0.000248521435811876,0.000165630835771071,0.35483268423655,1
"20148",0.037547456104123,0.000176027823598927,0.944104569098658,9.81620197622448e-06,0.0180128710874303,4.12859580164544e-06,2.13801963216322e-05,0.000123750892090714,3
"20150",5.24786926489749e-06,7.50961569207014e-09,0.653291897220552,0.00194414595735681,3.93496277248201e-05,2.53542231062097e-06,4.49218047172328e-10,0.344716815943957,3
"20152",0.0414760960981471,0.0010924357289684,0.854284803322923,5.9393548656566e-05,0.102943247175682,7.98013431956513e-06,4.0520517792743e-05,9.55234735113945e-05,3
"20154",4.08559375143682e-05,0.00427237650184353,1.35914422277593e-07,6.57697699409458e-12,3.66078062047387e-05,7.44777437780418e-05,0.995575146319686,3.9976997383833e-07,7
"20156",0.421777658417496,0.016145045063599,0.00902972247080792,3.50355562945953e-05,0.521542195933982,0.000313977490608314,0.00113681467445255,0.0300195503927598,5
"20159",0.000110355102447623,8.56906064832042e-08,0.46733184426422,4.69246930827294e-06,0.000118406911795268,9.14231906761579e-06,8.09940235003353e-08,0.532425392248531,8
"20161",0.00114693210633284,1.88753822376719e-05,0.00282135605316825,4.13538659721539e-05,0.000108663234736214,6.65702972611654e-06,1.06950051097164e-06,0.995855092827316,8
"20163",0.00136888676044352,0.0023922965360317,0.871927600453894,0.0006643533148509,0.123055410214587,0.000211229393523596,0.000378036624957287,2.18670171210424e-06,3
"20165",3.32687714370998e-06,0.00162029814593151,0.000167933360084583,3.27093341281739e-07,0.001173538792156,8.43640163823589e-08,6.38637055379321e-06,0.997028104996773,8
"20167",0.000447396007459197,5.65141286214e-05,0.970467489288241,6.75613523649389e-06,0.0232624197142465,3.44065222539932e-07,1.07702957364379e-06,0.00575800363139889,3
"20169",2.45768380250103e-07,4.30856898803512e-09,8.86832389635407e-05,1.44135708553105e-07,1.99828279131885e-07,1.12799411221241e-07,1.23638792359792e-09,0.9999106086843,8
"20171",4.77310171619966e-05,0.00264169818122309,8.48491791986789e-09,5.42488043602382e-12,7.14695336796078e-06,0.000211045986343239,0.997091463843629,9.05527931513595e-07,7
"20173",1.63223005917039e-05,0.0357231840648498,0.000239691919460213,0.758580277830104,0.00748124913332515,1.83089226422599e-06,9.70397702312611e-07,0.197956473461703,4
"20175",0.00229703897651054,8.70799042107648e-06,0.93578034176277,0.000209467086632467,0.0541089804933757,2.5482484027218e-05,5.47159901897756e-07,0.00756943404636107,3
"20177",0.000543953093607564,0.190199185151401,0.000524597568421339,0.512988869278722,0.295657806219461,4.39927954628306e-07,1.01156920512302e-06,8.41371912277578e-05,4
"20180",0.00342968622650132,0.895587384786632,1.93207406756712e-06,2.29437179333844e-06,0.0916839344708567,1.57957087344085e-06,0.00929318848156227,1.77130732086682e-11,2
"20182",2.75555371540421e-08,4.28755955168648e-10,0.000130529912242045,0.00136048455385632,3.36897747231519e-08,0.00624448402749919,1.59308885853146e-08,0.992264423901446,8
"20184",0.000141327822221479,1.05651945188719e-06,0.0243604923805128,2.89538077704001e-06,0.000256058679068296,4.17240050114418e-07,4.81097292465804e-08,0.975237703868189,8
"20187",0.00255588902165789,0.000303053813129437,0.000319914364958948,0.993685227669235,0.00245715401311943,2.39685082025265e-07,5.31580863564487e-09,0.000678516117008401,4
"20189",0.000167700630308396,0.0542701841468239,0.00588007534143878,0.00532657117093043,0.934352388239444,3.99212456631566e-08,1.52847091293112e-06,1.5120788957339e-06,5
"20192",0.00014676010757916,0.54062395794056,0.0010510032067631,0.0171058556585538,0.317008691292255,0.0308708097583245,0.0931913090432096,1.61299275471609e-06,2
"20194",0.124086221828782,4.40827353546285e-06,0.0484149734490619,0.128658944201079,2.64817297564857e-05,2.46098601204597e-06,1.78122117821107e-08,0.698806491719561,8
"20196",0.000751766935277809,0.277144439228946,2.40996563272473e-06,5.14750275765487e-09,0.009075460062579,1.82322278559765e-05,0.713007664152152,2.22800537827712e-08,7
"20198",0.166551013029516,0.0161327059749294,0.269237501568119,0.00023220304044507,0.545810411013076,0.000541173015414909,0.0010603858015136,0.000434606556986427,5
"20204",1.22008450003995e-05,9.83826430548335e-08,0.620006666903,9.28066359491875e-06,0.000248511182325599,2.29058851109556e-05,1.36590943749375e-07,0.379700199547382,3
"20207",0.0133767413006549,0.516036447881629,1.2194756390283e-05,7.66876991858096e-10,0.0179615630014129,1.09932341086414e-05,0.452587447981846,1.46110770819256e-05,2
"20209",0.00653801452800714,1.28157142389624e-06,0.189101964278401,0.0113249168186419,0.00138038603599053,0.791458108566232,0.000194853142571778,4.75058731753998e-07,6
"20211",0.000870109870715187,5.59027411044432e-05,2.54878087043207e-06,6.12525533321979e-12,3.03168246222148e-05,0.00344934557032775,0.995591763530027,1.26762075727626e-08,7
"20215",0.880838875489722,0.110714729477149,0.000567889682673062,6.64391132276267e-07,0.0073721505048096,4.68660788373238e-08,0.000501100735419398,4.54285301606942e-06,1
"20218",2.14848459384602e-06,1.49849169318082e-08,0.0170754911095214,7.20669567186333e-07,8.12805253607934e-06,7.19457409473263e-07,7.53618768822314e-09,0.982912769705267,8
"20222",0.0281263626670037,0.561168218795773,0.00135747565360573,9.34446684134566e-09,0.0228462684537552,1.35200458800897e-05,0.38645152559796,3.66194415557612e-05,2
"20225",0.0329892434667047,2.3002468491155e-06,0.950425333941893,0.000134936001824559,0.000168540068185812,0.000718733368186428,7.61963120900865e-06,0.0155532932751472,3
"20229",0.998771963261121,1.01319819200338e-05,0.00106861326401601,4.06958304354888e-06,3.61262796879439e-05,5.18361543424038e-05,5.39226104979868e-05,3.3368653714371e-06,1
"20232",0.508526686224404,0.0162237501489165,0.00466571710715614,5.23495167435085e-06,0.467226402194698,0.000104512140032752,0.00324439362512178,3.30360799699034e-06,1
"20234",4.30592308339108e-06,0.855661107190313,2.51123404019499e-09,8.55765894538516e-08,0.00176335518440755,2.27537367122415e-05,0.142548389828494,4.91667459972686e-11,2
"20238",0.00927281101954805,0.488084646642789,3.39767974191378e-05,3.48572928394766e-07,0.498649253664178,1.58140219478269e-06,0.00395082402836193,6.55787258060718e-06,5
"20253",0.448549253006072,0.547791271980669,3.62430471663192e-06,1.79615023253893e-07,0.00278968142504795,1.27478155806546e-08,0.000865743998230841,2.32922425085071e-07,2
"20255",0.00223431683502115,1.06501243589549e-06,0.994650921246396,1.08145028657659e-06,0.0027836487522694,0.000193041666147008,2.1224160535978e-05,0.000114700876908009,3
"20258",3.31899372872373e-05,0.818195149078862,9.86329469008307e-06,4.02567553516326e-07,0.181503191117141,1.54008155512212e-08,0.000258177098350633,1.15052995227293e-08,2
"20269",1.04231391111394e-05,0.100195665265005,0.00517326880144937,1.04500674226841e-05,0.876501788070781,3.08728890138068e-07,5.86524740339949e-05,0.0180494434533069,5
"20271",7.53089852961936e-05,0.782233869201674,2.57720785088307e-05,0.00696534223049766,0.210689879069632,7.38837889193957e-08,9.71477218910922e-06,3.97784133282621e-08,2
"20285",0.007954192788795,0.00030061190231844,0.013975969170002,0.975550698084949,0.00169251837086152,5.58821377773719e-06,1.67325796670198e-07,0.000520254143500011,4
"20288",0.833463503855964,0.0678615460796042,0.0010569023182814,1.08635610953447e-06,0.0967139329847368,8.99978915285363e-07,0.000881698138619317,2.04302877695937e-05,1
"20291",0.00272998154308062,0.140841251379962,9.19176856524548e-06,8.3090122822322e-08,0.375430776314053,0.00154429384009544,0.479443426518148,9.95545971971806e-07,7
"20295",5.72851745949239e-06,0.0779315908642056,0.0126585169319969,0.0669073726584664,0.837633494208851,1.13597985675703e-05,2.01007191474997e-05,0.00483183630130548,5
"20298",0.00019472213901762,5.39510185164907e-08,0.998261689442474,2.39713048458548e-05,0.000214741616403818,4.32174619595696e-06,2.78775148246705e-08,0.00130047192252969,3
"20302",3.75135569644513e-05,1.43316054405244e-05,0.346015087653991,0.00165105940558884,0.00712762468351237,7.55281920529107e-06,1.56995513473516e-07,0.645146673279784,8
"20305",4.08550170196824e-05,4.22368533766935e-08,0.99885400980607,0.000740788187173453,0.000206111395059561,4.77248233742329e-06,6.51081003945993e-09,0.000153414364675849,3
"20307",0.000831471419492072,0.901762512757094,7.79050172226674e-07,3.5713038844026e-09,0.0937604773014119,2.98648393015779e-08,0.00364471666816976,9.36751660544774e-09,2
"20310",1.46577165437534e-05,0.99606505390348,1.77545702228002e-09,1.33456488675782e-08,0.00108578799330524,2.15343188640397e-08,0.00283446266631798,1.06492840961961e-09,2
"20313",5.51675797381894e-08,7.32833293496925e-10,0.000437955745232975,6.20967416882068e-06,1.84312311322462e-07,5.66392150903105e-08,4.45910360973543e-11,0.999555537684068,8
"20315",0.0104131652410649,0.672578439847548,5.91267172075847e-05,7.45642660271951e-06,0.316672514339224,7.96042124599073e-08,0.000269039740640067,1.78083500249435e-07,2
"20319",0.0040948686620372,0.102385878755177,2.88001377902831e-06,5.11637083393885e-09,0.000523832179353391,5.0238192999821e-05,0.892942290460324,6.61995935338843e-09,7
"20321",0.00213134762791144,0.988625554313243,2.03839162919727e-06,1.43296902048171e-07,0.00910044419943323,1.70227752787265e-09,0.000139038982084639,1.4314865188214e-06,2
"20327",1.27010949729126e-05,0.757720751844282,1.85036684814964e-06,9.45222395957914e-06,0.242238404486126,4.11893038735439e-09,1.67980524087676e-05,3.78124715542301e-08,2
"20329",1.48886370536967e-06,1.0890399678156e-08,3.70755665664717e-05,0.999938915394499,7.70641188364183e-07,1.2149114703421e-08,8.05016151085842e-13,2.1726493721035e-05,4
"20335",0.000139787394337942,0.339462743551826,2.55371362266085e-07,4.57187666748309e-11,0.0133047315427215,4.34393815667567e-06,0.647087967356837,1.70799039865982e-07,7
"20337",4.60006095432334e-05,1.0942740172648e-07,0.850706081230579,4.54994678247795e-06,0.000253691344421147,7.93742993503472e-06,1.09187991119892e-07,0.148981520823346,3
"20339",0.54298943116697,0.000964516946963967,0.00239621678935807,0.000161773082614595,0.000537613724021471,0.285441048903785,0.167508391690229,1.0076960576832e-06,1
"20341",0.0017300429961433,0.00587609052127459,2.14390378904e-06,1.18502642015395e-09,0.00157009574790811,0.00848758494416767,0.982022601239166,0.000311439462524589,7
"20343",0.000150612634151877,0.976869984001126,2.56568186289138e-07,6.60367226611497e-09,0.00282495158917032,3.14121032832861e-07,0.0201386657751907,1.52087074693196e-05,2
"20345",0.0111095956684538,5.3964632420209e-05,0.899079601126125,0.0248999666177217,0.0647866737408749,6.59578835418982e-05,1.66424978937402e-06,2.576081072612e-06,3
"20350",0.991671705254143,0.0036695668253824,0.000901749774853594,0.00010622052827799,0.000977804203831651,0.000906338718795738,0.00102434165378823,0.000742273040927258,1
"20352",9.77336721921401e-08,3.08401499902797e-08,0.000221494433481167,1.2653265444773e-07,1.00842256348823e-06,5.20392951787293e-08,3.57535337653314e-09,0.99977718642283,8
"20355",0.000327339799816799,0.000110822660384584,0.0100091875131767,4.5313868199642e-05,0.00223527554970397,3.444960822178e-05,8.37435795439246e-06,0.987229236642542,8
"20358",1.46647317325994e-05,2.69404261197563e-07,0.0206044791654857,0.97355028063214,7.63076141917884e-06,1.30534943876206e-07,1.2470149188857e-10,0.00582254464531615,4
"20363",0.00443170336301793,0.957993201678862,2.14372559618175e-05,6.93746925046292e-08,0.0372169046599337,2.48195725178143e-09,0.000334814955008304,1.86623056628474e-06,2
"20365",0.0637217752895827,0.0258945758588521,0.00412458001710301,4.57013398459406e-08,0.115913902144145,0.00215956853757485,0.788185242327551,3.1012385119103e-07,7
"20379",0.00024689644706011,9.27231114022541e-07,0.973397752657885,0.000144974554480714,0.0175022081959764,0.00815945664872631,8.01042275700705e-06,0.000539773842000365,3
"20387",0.000225772812254855,0.52215630827775,6.91272102517846e-05,2.21175793072373e-08,0.464991672369483,6.75013100456519e-07,0.0125563452398102,7.69597703155438e-08,2
"20392",5.55242356669833e-05,0.000141703047702019,4.15063935678579e-07,4.49608379825789e-12,3.0537612685416e-05,0.00109403163934759,0.998677788023546,3.72619804217834e-10,7
"20395",0.392866937150232,0.000282587407178906,0.555664095008301,1.7358940629609e-05,0.0505021817023173,1.68340738172611e-05,2.75990213525192e-05,0.000622406696171276,3
"20397",3.96732091071109e-08,1.68121652091574e-09,1.58950050196417e-05,0.997764727142658,5.3011304276996e-08,2.01813657166811e-07,1.88642163438576e-12,0.00221908167104892,4
"20410",0.000757891585805895,0.142829857776606,0.000976239557815671,0.000104374261479474,0.854776140682394,2.38535032434689e-06,0.000553107485186941,3.30038813573976e-09,5
"20414",1.2366122079678e-05,1.25164265794498e-05,0.818608274788022,3.90460567621774e-05,0.00442577010746693,1.59574034812502e-06,4.04450198088663e-07,0.176900026308544,3
"20417",6.02276550922257e-05,0.29995519761042,1.25962954630717e-09,3.55767528028276e-06,1.94305116826048e-05,0.000960442217749881,0.699001142464011,6.06134203680957e-10,7
"20419",5.06715864499373e-05,0.970013958050898,5.40849123646925e-07,3.06002839217706e-06,0.0299289423120759,5.70333417996654e-11,2.66838177697464e-06,1.58734249726521e-07,2
"20421",0.000476031018997345,2.89441443407332e-05,0.16062921225502,2.12257898098302e-06,0.0350108710040287,0.0189147382369247,0.00089365686006183,0.784044423901646,8
"20423",0.000100873392501513,8.87540371395673e-07,0.669195861634003,2.80649269866764e-06,0.00330750816203409,0.000160630096942883,2.46200249654441e-06,0.327228970678952,3
"20425",0.0258451470033539,8.20012056178506e-06,0.31715605113461,7.99551165946408e-07,0.00037652291902465,2.85385353550171e-05,2.60198170881182e-05,0.65655872091884,8
"20427",0.00564631685529633,0.00116742751305346,0.694993296328229,3.43521443137347e-05,0.298021290912522,1.00025080828155e-06,8.69125621300851e-06,0.000127624739563992,3
"20429",0.0167434010915433,0.854337725503739,7.41529950640708e-06,5.25896855964206e-05,0.125460055695485,1.37342778099972e-05,0.00321956452530471,0.00016551392101453,2
"20432",6.03530355842803e-06,5.69187224268052e-07,0.262924852212554,0.000319386927001563,0.000129662325603392,3.69217328281687e-07,5.11026390449144e-09,0.736619119716466,8
"20435",0.0505527538570554,0.0293147623560209,0.0169990975780416,3.54350228444901e-05,0.89710125867382,0.000412297614451667,0.00558297819529277,1.41670247352294e-06,5
"20438",0.0255426848554157,0.958744103962835,1.56952431829843e-05,1.4221803829759e-05,0.0155438207379685,1.52854942990378e-09,1.31654551292352e-05,0.000126306413089774,2
"20440",1.12105714658648e-05,0.810612771075582,8.96601452394986e-06,4.07671768520797e-06,0.189304445228552,1.18176371901606e-08,5.39020577419524e-05,4.6165168115803e-06,2
"20443",0.000420171730186711,3.03737509634985e-06,0.000213358356999689,8.21177079810235e-07,4.86804732864514e-05,1.88379307740083e-06,4.13041755147666e-07,0.999311634052518,8
"20446",0.0094284107958416,0.143684174929228,0.370012849194339,0.0017777163134784,0.470474181701093,4.15557530112402e-05,0.00147297313149187,0.00310813818151613,5
"20449",0.781319973436559,0.012457467328389,0.00821527418198858,1.44519107097337e-05,0.196286662553164,4.46395601336109e-05,0.00165934614193392,2.18488712267132e-06,1
"20537",0.000334390524257301,0.0802300713351475,0.000808097988787267,2.45265268274555e-07,0.521604222168663,0.00339166903803024,0.393569113660681,6.21900191658299e-05,5
"20540",4.21227165777964e-06,0.000784336154470911,2.50849448558182e-07,2.97761499156568e-10,0.000916476501533026,0.0149375697494232,0.983357153734352,4.41353097572836e-10,7
"20543",0.000557070875359482,0.00131417127069647,0.126284104384018,6.27249678216417e-06,0.871055383663759,1.34834772238105e-05,7.51386411521319e-05,0.000694375191008644,5
"20545",1.91196399766165e-05,5.88092329740665e-05,1.74565593310102e-06,2.57466367893623e-12,2.6910173025457e-05,0.00353052163118148,0.996362858915531,3.47488036067738e-08,7
