"","V1","V2","V3","V4","best$classification"
"19811",7.06251629186031e-05,1.05690756759216e-06,0.997433810590525,0.00249450733898862,3
"19813",0.00387985383093252,2.1798293686396e-05,0.994107685161268,0.00199066271411296,3
"19815",0.00468159020403445,0.0018002526347929,0.993414068706023,0.000104088455149162,3
"19817",0.000599035495058362,7.35853241589317e-05,0.996570092653472,0.00275728652731116,3
"19819",0.875554207143552,0.12435432122125,8.8688755000661e-05,2.78288019820269e-06,1
"19821",0.00218659975386338,2.07990989021223e-06,0.943128842820875,0.054682477515372,3
"19823",0.00207017233325582,0.115700370835837,0.880679763763669,0.00154969306723746,3
"19825",0.155971424495032,0.00105703019352315,0.0105454208006375,0.832426124510808,4
"19827",0.00160304792433513,0.000448299727477476,0.321107829341102,0.676840823007085,4
"19829",0.981838398980912,0.000203394861653666,0.00371335140708752,0.0142448547503469,1
"19831",0.898390688533369,0.100569605560973,0.00103464577819775,5.06012746071809e-06,1
"19833",9.86675314849899e-05,0.999820026266224,2.25373844901226e-05,5.87688178005081e-05,2
"19835",0.00218659975386338,2.07990989021223e-06,0.943128842820875,0.054682477515372,3
"19837",0.00421032802015991,7.11349229746581e-05,0.879485934422479,0.116232602634386,3
"19839",0.933462896970054,7.93107004552888e-05,0.0148513469612047,0.0516064453682861,1
"19841",5.42336220367997e-05,2.20178309157549e-07,7.22412351297783e-05,0.999873304964524,4
"19843",0.998745050726144,0.000200852312441932,0.00105325947114685,8.37490267357098e-07,1
"19845",4.22508177703766e-05,2.60675232040804e-06,0.999388964356435,0.000566178073474089,3
"19847",0.00521929781742235,0.00011910901247253,0.994592870510442,6.87226596630598e-05,3
"19849",0.000378341266033135,6.208804415981e-06,0.996580075192134,0.00303537473741696,3
"19851",0.000180383106111171,7.11065325002839e-05,0.999469396507658,0.000279113853730626,3
"19853",3.94445772486678e-06,0.000197390424490308,0.997806309833762,0.00199235528402312,3
"19855",2.37535666158921e-05,1.924467313674e-05,0.987784541028696,0.0121724607315511,3
"19857",0.011076481949368,6.12926324423333e-06,0.958523871201927,0.030393517585461,3
"19859",0.00386182672107594,0.000421322850348098,0.962457287794254,0.033259562634322,3
"19861",5.73676305292769e-05,2.84675821359514e-06,0.999727024708817,0.000212760902439889,3
"19863",2.83687369594283e-05,6.12694543821988e-07,0.0215850331758754,0.978385985392621,4
"19865",1.99258667845646e-05,4.05310814234075e-07,0.00361027499411775,0.996369393828283,4
"19867",0.000947462626441961,4.35393911824239e-05,0.998990023686901,1.89742954744356e-05,3
"19869",2.59607071054249e-05,6.35021880601494e-07,0.987832888197884,0.01214051607313,3
"19871",0.0121419224808445,0.0005519889158576,0.869207825180785,0.118098263422512,3
"19874",8.64030670551765e-05,4.61015604691745e-05,0.165960588934862,0.833906906437614,4
"19876",1.673815148416e-05,1.78667626408036e-06,0.540440315985006,0.459541159187246,3
"19878",0.665393634315968,0.0199714686371877,0.313695527632089,0.000939369414754752,1
"19880",7.89739012774738e-07,7.93942258619492e-08,0.00210065610481915,0.997898474761942,4
"19882",5.42998967890567e-05,8.93877736940093e-06,0.99680328434434,0.00313347698150135,3
"19885",0.0146868275947148,4.26996133833882e-05,0.98287936181768,0.00239111097422195,3
"19907",0.000330493869766422,1.16721829618136e-05,0.999573983202194,8.38507450779292e-05,3
"19909",0.972199282148541,8.05974934416905e-05,0.0276533749057025,6.67454523141912e-05,1
"19911",0.929251145443735,0.00155784158071273,0.0317722967870493,0.0374187161885026,1
"19913",3.13499396153225e-06,4.51409236659744e-07,6.42106941968167e-05,0.999932202902605,4
"19915",0.000109938708180465,4.33684022861838e-05,0.390180284820208,0.609666408069325,4
"19917",0.000194688455481173,7.25299682896881e-06,0.0158723712738371,0.983925687273853,4
"19919",0.00162521037730484,0.000248776738145675,0.739462396621162,0.258663616263387,3
"19921",0.000475199620598682,2.73342849518587e-05,0.999432955271668,6.45108227813797e-05,3
"19923",0.0679292140469224,0.0346585098288275,0.897391472204197,2.08039200529183e-05,3
"19925",7.3794666441543e-05,1.32745517809887e-05,0.0517433174180593,0.948169613363718,4
"19927",0.000214267048735445,3.80103201593413e-05,0.998583563384299,0.00116415924680673,3
"19929",1.92010495512092e-06,2.72456023544364e-08,0.00160159328155048,0.998396459367892,4
"19931",0.00313737909128265,0.000373294036706889,0.991792330398381,0.00469699647362948,3
"19933",0.800646765282225,0.00189955270619237,0.193876454970066,0.00357722704151675,1
"19935",0.0889838933476844,2.5229797531701e-05,0.906908407738481,0.00408246911630288,3
"19937",0.0010014884477946,0.000730734507361262,0.998130063418162,0.000137713626681795,3
"19939",0.0024880171981253,0.000415017093932982,0.992705362808321,0.0043916028996203,3
"19941",0.876456298095021,0.000129337180558115,0.0144714363941611,0.10894292833026,1
"19943",8.02811377498781e-06,3.23595585332102e-06,0.00127973466887012,0.998709001261502,4
"19945",0.920957583050357,0.00355785537340724,0.0753199850974596,0.000164576478776288,1
"19947",0.117470053734253,0.000279943392116053,0.0382298462082579,0.844020156665373,4
"19949",0.338321690731504,0.0435119520541529,0.618114952671491,5.14045428513358e-05,3
"19951",0.00434789576325902,0.000158653442294986,0.280691354363533,0.714802096430913,4
"19953",0.219213377376151,0.777840696442307,0.00294533702328165,5.89158259917193e-07,2
"19955",0.939263593007002,0.0493350031840625,0.0113876149496899,1.37888592454012e-05,1
"19957",0.00267608936472123,0.00297549494073696,0.0963570870886777,0.897991328605864,4
"19960",0.993776646448897,0.000194645917808437,0.00523134537642621,0.000797362256868215,1
"19963",0.000879460227883355,0.0656248971990247,0.00106763845439754,0.932428004118694,4
"19965",0.997685248908841,0.000653020162919553,0.00166145095482766,2.7997341155479e-07,1
"19968",0.00247733594610506,7.52008772831275e-08,0.0403943573822342,0.957128231470783,4
"19971",0.00337037733525588,0.00729946134725132,9.73325556989918e-05,0.989232828761794,4
"19973",0.000492652909244039,5.58796208127667e-06,0.984480493271707,0.0150212658569676,3
"19975",0.000133529245577161,4.30448257582899e-07,0.0321831957899304,0.967682844516235,4
"19977",0.000331790117760874,0.000281747604567163,0.00331504690869225,0.99607141536898,4
"19979",0.999564993277962,0.000423787083072479,7.14071933607981e-06,4.07891962962883e-06,1
"19981",0.0205843691899064,4.89727624441553e-05,0.977532600252587,0.00183405779506225,3
"19983",0.0304060766585439,0.000253100267938705,0.969209391498944,0.000131431574573458,3
"19985",1.97486671288175e-05,2.70725848510439e-06,0.158597152146581,0.841380391927805,4
"19987",0.106143969830997,0.00040526128147437,0.76831060390313,0.125140164984399,3
"19989",0.99567577636561,0.00423955193004509,8.46201575550905e-05,5.15467893831068e-08,1
"19993",0.537578686200326,0.00317984439621981,0.417442520357138,0.0417989490463159,1
"19995",0.81151651207437,0.000731602892747701,0.177257700737859,0.0104941842950241,1
"19997",0.000182590855629585,2.03071240375776e-05,0.974151736209372,0.0256453658109611,3
"19999",2.70943813626566e-05,1.42041712825472e-06,0.898538740190947,0.101432745010562,3
"20002",0.00063329934441971,7.16138702881811e-06,0.0036128635134267,0.995746675755125,4
"20004",0.836521426830741,0.000123483597616619,0.144524000313533,0.0188310892581095,1
"20006",0.940562824832592,0.00607341093664916,0.051022770755582,0.00234099347517719,1
"20008",0.907240436445819,0.0257310328030704,0.0660799014323891,0.000948629318721951,1
"20010",0.927137046176172,0.048366143236601,0.0244812632591674,1.55473280595225e-05,1
"20012",0.000151585633959383,1.82406846029877e-06,0.230565858117965,0.769280732179616,4
"20015",0.99986380803984,1.28984178262064e-05,0.00012294341031179,3.50132021961372e-07,1
"20017",7.5371387729521e-05,1.79678106299798e-06,0.953117021121623,0.0468058107095844,3
"20019",0.99695329797926,0.00304440506325209,2.25104537994608e-06,4.59121083044338e-08,1
"20022",0.992110397875682,0.00233149704776248,0.00555115476996291,6.95030659220359e-06,1
"20024",0.592338955522781,0.407581090451204,7.94172206381726e-05,5.36805376633885e-07,1
"20026",0.592338955522781,0.407581090451204,7.94172206381726e-05,5.36805376633885e-07,1
"20028",4.29217910689405e-05,7.31584246495193e-06,0.731046949543386,0.26890281282308,3
"20030",0.999189801130289,1.7660616644329e-05,0.00039238940320525,0.000400148849861721,1
"20033",0.00358791154342661,3.16945038093605e-05,0.606099334051815,0.390281059900949,3
"20035",0.995496472954228,0.00449756304934095,5.90889985679082e-06,5.50965746215387e-08,1
"20037",0.999372533709724,0.000613974066879372,1.34884963716118e-05,3.72702542523087e-09,1
"20039",0.000899700478702676,0.999098589907835,1.70822257584554e-06,1.39088691303412e-09,2
"20041",0.317950570709225,0.0751816259246626,0.604942852819751,0.00192495054636129,3
"20044",0.423736399855056,0.101901870872269,0.459069194903027,0.0152925343696485,3
"20047",0.99348628996371,0.0065124863354492,7.90283516116253e-07,4.33417324817538e-07,1
"20050",0.174330027851241,0.817345374085897,0.00825091172707636,7.36863357854779e-05,2
"20052",0.0582154682813559,0.00581137294142489,0.856215330429303,0.0797578283479159,3
"20054",0.998562537371359,5.87513268287202e-06,0.00140245339616303,2.91340997947172e-05,1
"20056",0.000460906056514675,1.39406540951361e-05,0.00219219558533809,0.997332957704052,4
"20058",0.998436448578708,0.00145726910051036,0.000106265494251071,1.6826530484019e-08,1
"20060",0.0023161587496797,9.44325258357226e-05,0.996129018574266,0.00146039015021846,3
"20062",0.0152137489497757,0.000141164457781614,0.984117091932634,0.000527994659808806,3
"20064",0.978428312721972,0.000212657540770293,0.0207058016890949,0.000653228048162496,1
"20066",0.999871538773067,4.02263452625775e-05,4.02887615303496e-05,4.79461201396647e-05,1
"20068",0.00015300193533799,9.7077467914921e-06,0.999606955013488,0.000230335304383131,3
"20070",0.000355746572266001,0.000947243055923977,0.998524706326758,0.000172304045052189,3
"20072",0.995173788763466,8.63814884273164e-05,0.00473939886688467,4.30881222542313e-07,1
"20074",5.73659146210267e-07,5.60536606123185e-08,0.000228315665644749,0.999771054621549,4
"20076",0.0149382504415819,9.76231036816981e-07,0.120747850103007,0.864312923224374,4
"20078",0.959956261644317,0.00417717873408523,0.0354663328100508,0.000400226811547481,1
"20080",0.998553764178838,0.00143722120367492,8.87863106945118e-06,1.35986417632634e-07,1
"20082",0.0134654629245107,0.986510582453953,2.34870355608439e-05,4.67585975842017e-07,2
"20084",0.93791053351734,0.0157257682166205,0.00930041970749714,0.0370632785585425,1
"20087",0.942928073239721,0.00132889948678938,0.0557379391626956,5.0881107946256e-06,1
"20090",0.970742800152411,0.029178879038525,7.77233795305413e-05,5.9742953371175e-07,1
"20092",0.0357884239111566,0.747969149371215,0.216241042796682,1.38392094641799e-06,2
"20096",0.0190968980760195,0.551087011736674,0.416018520651882,0.0137975695354246,2
"20098",0.00135474797832844,8.21934906449104e-05,0.601154379394958,0.397408679136069,3
"20101",0.997569061510695,0.00204219138571372,0.000149347912475112,0.000239399191116027,1
"20104",0.000334169461879053,0.0631026760933667,0.931859950162073,0.00470320428268137,3
"20106",0.998766061388791,0.000169212872350695,0.000944698266142754,0.000120027472715215,1
"20108",0.00144428808279556,1.01594208220975e-05,0.941711506453268,0.0568340460431142,3
"20110",0.019440547097505,0.513025847547931,0.314260908847165,0.153272696507399,2
"20112",0.961285334040232,0.0242504515432145,0.0143900155577079,7.41988588460001e-05,1
"20114",0.838405433191676,0.00275675862385001,0.0414633737780099,0.117374434406464,1
"20116",0.954454797268778,2.46127256734652e-05,0.00920426876664632,0.0363163212389025,1
"20118",0.161964953317789,0.0012541175697432,0.649893653233828,0.18688727587864,3
"20120",0.962898956687928,0.0323185597032389,0.00365220985165574,0.001130273757177,1
"20122",2.21618895748459e-05,2.38745020482418e-07,0.00219959347866726,0.997778005886737,4
"20124",0.997060036645395,0.0028503288075407,8.96044932103578e-05,3.00538542572142e-08,1
"20126",0.018123020466088,0.981852371458192,2.31962424106822e-05,1.41183330934573e-06,2
"20128",0.341729269723468,0.65826995732609,7.53189308668221e-07,1.97611334059474e-08,2
"20141",0.000414006002781794,0.0516576303886815,0.77646006668844,0.171468296920096,3
"20143",6.40171431511507e-07,7.45170134727327e-08,8.64974989843225e-05,0.999912787812571,4
"20145",0.987821804409487,0.0064296723659431,0.0057281030519493,2.04201726209414e-05,1
"20147",0.997856652141068,0.000265361909627363,0.00185823594705109,1.97500022533219e-05,1
"20149",3.76100902452358e-06,5.25318944383639e-07,0.00203735375861742,0.997958359913414,4
"20151",0.0017765379786043,4.54357744975408e-05,0.808345585160517,0.189832441086381,3
"20153",0.00631345046959458,0.0349261449517231,0.212552459497402,0.746207945081281,4
"20155",0.999089360651339,0.000378079479955524,0.000530766155624543,1.7937130813287e-06,1
"20157",0.000572398320879223,7.17121480341399e-05,0.268898999546568,0.730456889984519,4
"20160",1.39608426007178e-06,1.79407674195512e-07,0.000110618416253826,0.999887806091812,4
"20162",1.52718475359568e-06,1.9310524821449e-07,0.00434418011690629,0.995654099593092,4
"20164",0.000436795999504143,0.000131889054799136,0.0560679644673463,0.94336335047835,4
"20166",0.996865998996429,1.9558996087409e-05,0.000477907452856416,0.00263653455462695,1
"20168",0.561289894693354,0.00018264383213664,0.0538684438885483,0.384659017585961,1
"20170",0.00107756660375733,0.000262211796412639,0.487568622969273,0.511091598630557,4
"20172",0.994132781800144,0.00181005629713884,0.00405682357335405,3.38329363124669e-07,1
"20174",2.21638792903974e-05,3.05580045592385e-07,0.65461867662902,0.345358853911644,3
"20176",0.195851721376483,8.02133850388149e-05,0.776236220676346,0.027831844562132,3
"20178",1.69257558128461e-06,3.63750970634167e-07,6.92531810782584e-05,0.99992869049237,4
"20181",0.992329495359697,2.49497709515551e-05,0.000301880581047017,0.0073436742883039,1
"20183",0.00950870482076571,0.00258828590061104,0.987830534665789,7.24746128343623e-05,3
"20186",0.0184888047241033,0.00376962249748627,0.977739865576059,1.70720235158825e-06,3
"20188",1.60028818859386e-06,4.10589373559876e-07,0.000504102317126642,0.999493886805311,4
"20190",0.999845120027241,4.54438960190989e-05,0.000107566500102153,1.8695766374196e-06,1
"20193",0.0036635135608775,6.20813915740033e-06,0.00163854230274792,0.994691735997217,4
"20195",0.00483457427996065,0.000133598495602661,0.161209695287372,0.833822131937065,4
"20197",0.9959862574429,0.000801744143655068,0.00321145452632088,5.43887123808671e-07,1
"20199",2.84986372054861e-05,3.68842990565866e-05,0.0547463101809255,0.945188306882812,4
"20205",0.000628725376780012,0.999320478593758,5.07575126400258e-05,3.85168217466826e-08,2
"20208",0.00590324600331816,6.22780256040868e-05,0.955221438150656,0.0388130378204214,3
"20210",5.46351390595877e-06,8.40428275207793e-07,0.0114436876149422,0.988550008442877,4
"20212",0.000492054765789338,2.76924445915842e-05,0.10122791438949,0.898252338400129,4
"20216",0.996790120559333,0.000133892473787051,0.00289329510880457,0.000182691858074963,1
"20219",0.431798216093325,0.562281080164168,0.0057809874857088,0.000139716256798732,2
"20223",0.999337832969624,0.0005001261543325,0.000162018661741187,2.22143024311278e-08,1
"20226",0.142148012590612,0.0193813244650872,0.833429812595287,0.00504085034901423,3
"20230",0.999777275560779,0.000172227326344207,5.01823165493565e-05,3.14796327719289e-07,1
"20233",1.26199039999989e-05,0.996067244729286,0.00384172599005917,7.84093766546552e-05,2
"20235",0.96097002502329,0.0371591096712134,0.0018707863406635,7.89648331670487e-08,1
"20239",0.952481152476562,0.00132716558210705,0.0461809896477824,1.0692293548635e-05,1
"20254",0.0142802197467001,0.98571409476675,5.64599012297138e-06,3.94964267640455e-08,2
"20256",0.999309231973443,0.000437366174073626,0.000253341721157439,6.01313261436124e-08,1
"20262",0.000396515369229486,2.26853972072056e-05,0.206944949599553,0.79263584963401,4
"20270",0.945828686173751,6.595561398623e-05,0.0417338240109258,0.0123715342013366,1
"20284",0.0251586875571247,0.522545330182294,0.452183063970643,0.000112918289938169,2
"20287",0.999741296071068,0.000250836257269411,7.85571328827773e-06,1.19583740511684e-08,1
"20290",0.00481162202854337,0.993241453338717,0.00189583248914742,5.1092143591596e-05,2
"20293",0.950306156064016,0.00330989850991567,0.0463329184212469,5.10270048216511e-05,1
"20296",0.00993113560709419,6.42516364074783e-07,0.308089866197886,0.681978355678656,4
"20301",0.999133716322392,0.000834214236738966,3.92636033607957e-06,2.81430805335223e-05,1
"20304",0.0165556513845707,0.983388638063245,5.48809262920043e-05,8.29625891929058e-07,2
"20306",0.997157406788601,0.00275362167192679,8.89536718648891e-05,1.7867607526908e-08,1
"20309",0.709584965869633,0.00984603089888718,0.280082687845654,0.000486315385825865,1
"20311",0.990636165005322,0.00155593005969835,0.00691056063417419,0.000897344300805283,1
"20314",0.0123288397918094,0.000456648337173944,0.906267153283191,0.0809473585878252,3
"20318",5.54463551892128e-05,6.28964642757605e-07,0.000242571033908749,0.999701353646259,4
"20320",0.00589951741324766,0.0136510852060249,0.974174266531308,0.00627513084941936,3
"20326",0.014867075096502,0.000868383229242623,0.819297881271963,0.164966660402292,3
"20328",0.00333416123688006,0.00586471630311482,0.990731211634547,6.99108254581902e-05,3
"20330",0.955234269000141,0.0366904748477635,0.00806320576093638,1.20503911590144e-05,1
"20336",0.0286155616054392,0.945181117156084,0.0261984950022397,4.82623623694278e-06,2
"20338",0.0367401975262926,0.961445814811288,0.00159596725510682,0.000218020407312453,2
"20340",0.999280801122059,0.000695058135501547,2.39470124995666e-05,1.93729940233466e-07,1
"20342",0.0013682327958616,0.997334715804476,0.000789023374197877,0.000508028025464641,2
"20344",0.995867073563899,0.00100097294183927,0.00312930137495989,2.6521193016861e-06,1
"20349",0.999577098979957,0.000266512328249817,0.000156338607111092,5.00846818972005e-08,1
"20351",0.935709265381063,0.0187568188997711,0.0444030491824247,0.00113086653674085,1
"20353",0.908222040024009,0.0899088057699379,0.00186870808932057,4.46116732011889e-07,1
"20357",0.00304931571370861,0.996912152234326,3.85283272133377e-05,3.72475169740906e-09,2
"20360",0.0348385819163916,0.961617191862759,0.00353454109296089,9.68512788855708e-06,2
"20364",0.955558412232911,0.00657482154372334,0.0378291490944062,3.76171289595766e-05,1
"20366",0.00325454566654998,0.989775390753332,0.00693174657106532,3.8317009052931e-05,2
"20381",8.92639894915688e-05,1.65031688152533e-05,0.293145868702503,0.706748364139191,4
"20391",0.423749574965774,0.0432034744486154,0.53304583068032,1.11990529046062e-06,3
"20394",0.000322122919512099,1.14959063956144e-05,0.9975768020137,0.00208957916039241,3
"20396",8.2051324526807e-06,3.492532708494e-07,0.933373391645196,0.0666180539690808,3
"20409",0.636757061935766,0.00182025627967899,0.121199289227682,0.240223392556873,1
"20411",0.897920203024549,0.101255677504988,0.000824095885048345,2.35854144781029e-08,1
"20416",0.0883670006782617,0.911632127140542,8.71475158173829e-07,7.06038159748167e-10,2
"20418",8.38794870109458e-06,2.20211817352085e-07,0.681435027777469,0.318556364062013,3
"20420",0.000109650543501294,0.974986018611432,0.024391322746586,0.000513008098481028,2
"20422",0.998130814489353,0.000784460851452292,0.000988279942296197,9.64447168985855e-05,1
"20424",0.952034589372272,0.0473660977359861,0.000599258328569159,5.45631729822532e-08,1
"20426",2.72928425445342e-05,0.999766524361031,2.1640281013364e-05,0.000184542515410905,2
"20428",0.847163085441536,6.51506075146648e-05,0.15270876933866,6.29946122899308e-05,1
"20431",0.0990421883016913,0.0259524795167283,0.698353790775867,0.176651541405713,3
"20433",0.999900850771225,4.1758402721794e-05,5.72247829331009e-05,1.66043120556866e-07,1
"20436",0.912772343283112,6.94788660455025e-05,0.0817387866878482,0.00541939116299434,1
"20439",1.40832073095719e-05,2.63607347182574e-07,0.644596352693647,0.355389300491696,3
"20441",0.00252901074571199,0.997294276095005,0.00017603178204177,6.81377241614972e-07,2
"20444",8.49122699404814e-07,1.20849292126727e-07,0.000323027275903268,0.999676002752105,4
"20448",0.0249434335550004,0.0034051443343602,0.599585577589305,0.372065844521334,3
"20536",0.000503670579675905,3.60350127924951e-06,0.999387358227508,0.000105367691537279,3
"20538",0.337813039972123,0.571003797308563,0.0911653968094179,1.7765909895551e-05,2
"20541",0.944653711653132,0.0553239788014586,2.22744468760923e-05,3.50985329884547e-08,1
"20544",0.384418885457421,0.00264670561245725,0.600020299005475,0.0129141099246467,3
"20546",0.989420545429193,0.00851775229714241,0.0020616100928862,9.21807788522457e-08,1
"20550",0.495580898396895,0.0483505372593238,0.449374670846959,0.00669389349682156,1
"20553",0.0685168691769161,0.931481345158725,1.83089963978493e-07,1.60257439477193e-06,2
"20555",3.60731399891844e-05,0.996009249359106,0.00395395841569065,7.19085214839687e-07,2
"20557",0.306933493021333,0.398960065498166,0.28908698111468,0.00501946036582109,2
"20559",0.999380086341123,0.000132882322458948,0.00048021183784078,6.81949857699486e-06,1
"20561",0.00378882665116563,0.000243026341354143,0.518224337373651,0.477743809633829,3
"20564",1.69257558128461e-06,3.63750970634167e-07,6.92531810782584e-05,0.99992869049237,4
"20566",0.866066988323693,3.53256412945109e-05,0.133595136170689,0.000302549864323152,1
"20569",7.4299339832084e-05,2.14592987936556e-06,0.736467256857033,0.263456297873256,3
"20572",2.43382621300278e-05,1.99500636315499e-07,0.055612907061541,0.944362555175693,4
"20574",0.99664066761812,0.00307047093357119,0.000279740031268077,9.12141704044771e-06,1
"20576",9.61639071068861e-06,9.09884030002812e-07,0.000339838491679115,0.99964963523358,4
"20578",0.861121417321718,0.00154798585745875,0.129229037051021,0.00810155976980267,1
"20580",0.822226154226643,0.000154307325266919,0.177341075525736,0.000278462922353765,1
"20583",7.22872240072835e-06,7.25935897668697e-07,0.000200064814939333,0.999791980526762,4
"20586",0.907977072825482,0.00284974524342709,0.0891550430928224,1.81388382687648e-05,1
"20589",0.999530035271567,0.000308632587728903,0.000161320807971344,1.13327323219437e-08,1
"20591",0.00938720770061775,0.249161405887859,0.741404971502873,4.64149086496997e-05,3
"20593",0.999874103374974,0.000124071964000342,1.7244779445856e-06,1.00183081207473e-07,1
"20595",0.995644036157796,0.000536156579318817,0.00367990617644699,0.000139901086437835,1
"20597",6.67021871406943e-05,1.59463101650448e-06,0.994473502713736,0.00545820046810648,3
"20599",1.93873956601227e-06,1.82217229400232e-07,9.35137118940661e-05,0.99990436533131,4
"20601",0.00115667638712187,0.000213472338922568,0.997650109481177,0.000979741792778047,3
"20604",0.999843844655742,0.000125259304017129,2.69431401039305e-05,3.95290013692552e-06,1
"20606",0.99981588820273,0.000147449064386608,3.65148146510354e-05,1.4791823203801e-07,1
"20608",0.998257574445588,3.21157600802756e-05,0.00170877985546291,1.52993886931816e-06,1
"20610",5.06145301086545e-05,4.8133470438445e-06,0.00190681806035416,0.998037754062493,4
"20612",0.672779322582375,0.283075652431441,0.0321916626095954,0.0119533623765887,1
"20614",8.22987129214207e-06,3.42054988659114e-06,0.00806350743130528,0.991924842147516,4
"20616",0.0135074444587581,0.000371815150444288,0.983722740754006,0.00239799963679164,3
"20618",0.000695308449474697,0.998101018247885,0.00116337756975137,4.02957328893131e-05,2
"20620",0.997727312821684,9.09424293993087e-05,0.00204211748007277,0.000139627268844116,1
"20622",2.63871759908097e-05,1.23103345542077e-06,0.000719327251801047,0.999253054538753,4
"20624",0.973121825466279,0.0260046283928322,0.000873205519361998,3.40621526771592e-07,1
"20626",0.899879604466844,7.471100846919e-06,0.094947521522788,0.0051654029095211,1
"20628",0.271488321720186,0.000551641853140656,0.726255081504201,0.00170495492247228,3
"20630",0.894257439648204,0.00080196923480596,0.0863206971045536,0.0186198940124363,1
"20632",7.26326576193665e-07,4.59990245611152e-08,0.0118697593791664,0.988129468295233,4
"20634",0.999830826269052,0.000105993953839041,6.30618011345605e-05,1.17975974552421e-07,1
"20637",0.0190239618781969,0.980922305415941,3.50624188603825e-05,1.86702870014922e-05,2
"20639",7.66743897090051e-05,2.37584084393945e-05,0.234776390273955,0.765123176927897,4
"20644",0.505564318368886,0.494433531506021,1.889058754242e-06,2.61066338755962e-07,1
"20646",0.975034241977432,0.0238027318651335,0.00111575282435285,4.72733330818731e-05,1
"20648",0.000787920923054769,0.000249372437711882,0.967734320730923,0.0312283859083105,3
"20650",0.770028863629408,0.229646255116661,0.000324618854411101,2.62399519514498e-07,1
"20653",0.00104940817826515,0.00143788813597659,0.991160833127407,0.0063518705583513,3
"20658",0.999176543188049,1.47600678348347e-05,0.000808451585258948,2.45158857251347e-07,1
"20661",0.0833770627871269,0.895459645445135,0.0211518334082244,1.14583595135805e-05,2
"20663",0.635928992191773,0.00323685142573914,0.360805861419718,2.82949627704682e-05,1
"20665",9.03999952187957e-06,4.57485211854102e-08,0.000124399544493251,0.999866514707464,4
"20667",0.0260489317517514,0.000956507379189402,0.972426075346588,0.000568485522471197,3
"20669",2.56822891182082e-05,2.84457327810362e-06,0.991724441364925,0.00824703177267841,3
"20671",0.237596620348396,0.760880105962255,0.00137779313227696,0.000145480557072164,2
"20673",4.48024413225873e-05,9.08082841873972e-07,0.974758265567535,0.0251960239083006,3
"20675",0.00675742381761839,1.32178607106237e-05,0.993152953628228,7.64046934428236e-05,3
"20677",0.446399349376433,0.000450992521450235,0.553127532258268,2.21258438488943e-05,3
"20679",7.67734771048994e-06,1.31139825091106e-06,0.976582042946738,0.0234089683073008,3
"20681",0.000111411397329941,7.74999700588467e-06,0.999817499497395,6.33391082688145e-05,3
"20683",0.302885329699592,0.000153480429367747,0.696911831403291,4.93584677488955e-05,3
"20685",4.04535066500849e-05,0.983404765258079,0.016417190842421,0.000137590392849701,2
"20687",2.5656515928107e-05,7.89072882328085e-06,0.0607270840915253,0.939239368663723,4
"20689",0.312327985266839,0.687643255125503,2.85318691974317e-05,2.2773846023184e-07,2
"20691",1.99220071360866e-06,4.41732851250792e-07,0.000418128590355717,0.99957943747608,4
"20693",0.998325187343077,0.00161582095180769,5.89693006059425e-05,2.24045094780608e-08,1
"20695",0.000563485221253953,5.64950091844073e-05,0.991448747325867,0.00793127244369457,3
"20697",0.999234884688017,0.000549234603819914,0.000139264814090754,7.66158940717316e-05,1
"20699",0.241573746934817,1.41247027296014e-05,0.758053943758228,0.000358184604225512,3
"20701",0.857540939592368,0.000352226583951918,0.142104608949426,2.22487425343358e-06,1
"20703",0.000313571190591221,0.0135599154401302,0.981026967034974,0.00509954633430479,3
"20705",0.99155362528995,0.00570442079101601,0.00274136006278841,5.93856245308539e-07,1
"20707",0.0088023432573292,0.000764720053418216,0.990377941644423,5.49950448299118e-05,3
"20709",0.0405226314592502,1.81628600899449e-05,0.0787866595616308,0.880672546119029,4
"20713",0.000224034482996413,0.0198319478954319,0.942068052301357,0.0378759653202143,3
"20715",0.865107893427488,0.105199028115322,2.88303022435981e-05,0.0296642481549467,1
"20717",0.000247878903605481,5.83385314353744e-05,0.999373027401563,0.000320755163395964,3
"20720",0.984596699974828,0.000516282897571329,0.014842714581389,4.43025462116283e-05,1
"20722",0.980598354450763,0.000127239613141057,0.0192689235647637,5.48237133253623e-06,1
"20724",0.000109209572482037,1.90884033307074e-05,0.785724044655833,0.214147657368355,3
"20726",0.998570862781203,0.00135549440190795,7.36289304448399e-05,1.388644374483e-08,1
"20728",4.04716269784015e-05,4.76738706303376e-06,0.999672832998946,0.00028192798701306,3
"20730",0.00216453549340168,0.000168224507444152,0.561650142963112,0.436017097036043,3
"20732",0.429430731655802,0.096092746115957,0.474222385719486,0.000254136508755597,3
"20734",0.406387243198953,0.00256980568452507,0.590958568537018,8.43825795033137e-05,3
"20736",6.77382522343138e-05,2.15654799817877e-06,0.1340326086164,0.865897496583367,4
"20738",0.522584727779699,0.0701440288506029,0.0196089427025247,0.387662300667173,1
"20740",0.608865500626401,0.290499007932208,0.100635341126565,1.50314825998168e-07,1
"20742",0.000228817664487868,0.00239465206890764,0.996975576358256,0.000400953908348219,3
"20744",4.47797160980675e-06,4.09426163488199e-08,0.0408167277543686,0.959178753331405,4
"20746",0.0799253570998252,0.000167709961057007,0.919764725942149,0.000142206996968748,3
"20748",0.000115449774263266,7.12184706935173e-05,0.693655214650249,0.306158117104794,3
"20750",0.000834823494256393,3.25042151692575e-06,0.362658328002842,0.636503598081385,4
"20752",0.968071283008977,0.00121852985108204,0.030708896626263,1.29051367795982e-06,1
"20754",0.000184881576936331,1.49560742535676e-06,0.987100624592573,0.0127129982230658,3
"20756",0.140159466919075,0.000518094495127784,0.55846176817515,0.300860670410647,3
"20758",0.265256620954015,2.31009942963118e-05,0.352709873289009,0.382010404762679,4
"20760",2.43550396305459e-05,8.90215022069196e-07,0.840017314131657,0.159957440613691,3
"20762",0.000111098454706165,3.3454477555776e-06,0.998693619848322,0.0011919362492165,3
"20764",1.15426487585833e-05,6.35792930866359e-06,0.326668743457896,0.673313355964037,4
"20766",5.1286508169514e-05,1.05105769871139e-05,0.909821073085523,0.0901171298293201,3
"20768",0.00128520711837031,6.16344500950115e-05,0.178183588228084,0.820469570203451,4
"20770",0.0256175611570127,1.03138494274335e-05,0.973867751804091,0.000504373189468808,3
"20772",0.999913139021925,2.01759673380382e-05,6.52591997520134e-05,1.42581098464008e-06,1
"20774",0.998857421543415,0.00113578254787424,6.77640318208553e-06,1.95055284672179e-08,1
"20776",0.00163034835098573,0.00192925198925367,0.996387122931403,5.32767283571901e-05,3
"20778",0.345882935584854,0.654116096613261,6.86768693612083e-07,2.81033192038101e-07,2
"20780",0.00126692072344727,5.78503174358517e-06,0.817095013108326,0.181632281136483,3
"20782",5.44157366827364e-05,2.13899139957217e-06,0.934832282747406,0.0651111625245119,3
"20784",0.000211092771191524,3.66469926848438e-06,0.999083436869296,0.000701805660244096,3
"20786",3.08768210749114e-06,1.60154331953355e-08,0.00098127122105565,0.999015625081404,4
"20788",0.0201557201194839,0.00225501523332991,0.97744006024917,0.000149204398015954,3
"20790",4.91241610094979e-05,3.10940986037716e-07,0.913717089115466,0.0862334757825386,3
"20792",0.0462312406623577,0.00394391560745517,0.476762297207243,0.473062546522944,3
"20794",2.3088816319858e-05,1.68936622170496e-07,0.548626721337046,0.451350020910012,3
"20796",0.995939533028858,0.00351541771965191,0.000544967776485239,8.14750044273023e-08,1
"20798",1.69257558128461e-06,3.63750970634167e-07,6.92531810782584e-05,0.99992869049237,4
"20801",3.5863590746134e-05,2.87743356638007e-06,0.00158281154446847,0.998378447431219,4
"20803",0.03683977731935,0.00500109077095439,0.958129211319966,2.99205897293018e-05,3
"20805",0.340952758786704,0.00146785971464105,0.657466073362156,0.000113308136499585,3
"20807",1.69257558128461e-06,3.63750970634167e-07,6.92531810782584e-05,0.99992869049237,4
"20809",0.00147366170184863,0.00108622527870995,0.996019703240596,0.00142040977884559,3
"20811",0.0130310355389072,0.00333788945888479,0.0267898799597029,0.956841195042505,4
"20813",0.444248808189268,0.00410217118655208,0.476639408804979,0.0750096118192007,3
"20815",8.42626782500996e-07,2.13485369505236e-08,0.00141949449418328,0.998579641530497,4
"20817",0.000224182800342212,0.000120686754891261,0.961230709587397,0.03842442085737,3
"20819",0.338733497054342,0.00817585396972108,0.653086226842179,4.42213375846201e-06,3
"20821",0.968844149380712,0.000872612639024917,0.00637862661829595,0.0239046113619677,1
"20823",0.19494130558501,0.00686947965941336,0.783700175170241,0.0144890395853352,3
"20825",2.93385381785815e-05,3.33049964297015e-06,0.935943177041536,0.0640241539206426,3
"20827",0.000410790861987322,0.000390150645896674,0.174021004016376,0.82517805447574,4
"20829",0.995788688135681,0.00175198398558416,0.00242712837976535,3.21994989691944e-05,1
"20831",0.000139750638648694,2.40595922403189e-05,0.935842135890664,0.0639940538784471,3
"20833",0.000111062659890727,1.79280321293848e-06,0.807834546628173,0.192052597908723,3
"20835",7.4368773030842e-05,9.62615743842835e-05,0.970643013501453,0.0291863561511317,3
"20837",0.000329045997324546,0.000135889900221282,0.997400328532263,0.00213473557019082,3
"20839",8.20673326472743e-05,5.37853926448442e-06,0.988786523396045,0.0111260307320436,3
"20841",0.444439552489296,0.351822824222798,0.203662114743814,7.55085440911536e-05,1
"20843",0.00129291409942353,3.58707148068497e-05,0.998640968000264,3.0247185505505e-05,3
"20845",0.00145574398073709,4.65515683836604e-05,0.456984683362228,0.541513021088651,4
"20847",0.436290794676581,0.00209502998722464,0.561273192903678,0.000340982432516718,3
"20849",0.576617004180056,0.000317950852306999,0.410303740431886,0.0127613045357517,1
"20851",0.705038481330895,0.00610664383027475,0.288801701952407,5.31728864229953e-05,1
"20853",0.479584056127792,0.51078183200198,0.00963062368715526,3.48818307326896e-06,2
"20855",0.996211590059577,0.000635042070743159,0.00289741125526241,0.000255956614416949,1
"20857",0.632011734941093,0.00133136555301821,0.366586935274545,6.99642313443019e-05,1
"20859",0.978391947132261,0.000102003687159582,0.021392459607495,0.000113589573084746,1
"20861",0.00031894653703822,0.963183602054846,0.0335405521829204,0.00295689922519561,2
"20863",6.34757928165812e-05,5.58644118149329e-05,0.64439105779804,0.355489601997328,3
"20865",0.00113120229247383,1.17153145203746e-06,0.998108932868805,0.00075869330726929,3
"20867",0.999013845029406,0.000984963520673272,1.1598067980648e-06,3.16431228848478e-08,1
"20869",0.000344333185698142,1.54063939591973e-05,0.490114557459189,0.509525702961154,4
"20871",0.997948733870468,0.000597437647088208,0.000125045813004897,0.00132878266943847,1
"20873",0.999121150835948,0.000336470311118254,0.000102486239861911,0.000439892613071487,1
"20875",0.932852865075105,0.0306638833957123,0.0364368278690278,4.64236601545344e-05,1
"20878",2.15295265961091e-06,2.50074438664006e-07,0.00349970808278175,0.99649788889012,4
"20880",0.000202971804209141,3.19514081104522e-06,0.81836867910875,0.181425153946229,3
"20882",0.997996467594124,0.00168258934949397,0.00031806784672176,2.87520966024119e-06,1
"20884",0.000339607825679876,0.000175403206655745,0.994807946480878,0.004677042486786,3
"20886",0.00206390225815004,7.15381784823177e-06,0.291164836539967,0.706764107384035,4
"20888",1.85377041978319e-06,1.19247603841302e-07,0.117824388196668,0.882173638785308,4
"20890",0.000621131420266,4.46602450016129e-06,0.793254226713821,0.206120175841413,3
"20892",0.489243397860014,0.049732602382698,0.460960949161873,6.3050595414428e-05,1
"20897",0.0810165560801803,0.0193745389080036,0.882317759880345,0.0172911451314707,3
"20899",0.0878165495522943,0.00142702976901439,0.87124345101507,0.0395129696636215,3
"20901",0.031463801034894,0.967157261992515,0.00136350173414862,1.54352384425011e-05,2
"20903",0.966546804747389,0.0285027298860537,4.1225339540607e-05,0.00490924002701712,1
"20905",0.90332886062495,0.0179512512596319,0.0431707012610968,0.0355491868543216,1
"20907",0.999039425082491,8.05877980820834e-05,0.000879407795405213,5.79324022085913e-07,1
"20909",0.424380393315617,0.00134642088105063,0.548170755930394,0.0261024298729388,3
"20911",0.0259690508070356,0.974022972503439,7.82794907039473e-06,1.4874045496584e-07,2
"20913",0.00893495510565352,0.000349033518557922,0.984447958327056,0.00626805304873251,3
"20962",0.913582235107828,0.000140368887672931,0.0862205258373293,5.68701671692622e-05,1
"20969",0.964645665079618,0.0194287031435532,0.0031180727551689,0.0128075590216593,1
"20980",0.906079250177684,0.000207495035095547,0.0930468196784757,0.000666435108744667,1
"20982",0.987615728562796,0.000135064940326694,0.0122478279669161,1.3785299607664e-06,1
"20984",0.000571289540599219,0.000703718132196423,0.991656917695158,0.00706807463204652,3
"20994",0.978125865301051,0.0109095799355688,0.0103420790485368,0.000622475714844019,1
"21015",1.61279449834105e-05,0.000752195284486836,0.163820117404896,0.835411559365634,4
"21023",0.971319134394264,0.0285921170296602,8.86284731508197e-05,1.20102925336499e-07,1
"21040",0.910909544225577,0.00493537123927437,0.0841426223883226,1.24621468260015e-05,1
"21073",0.540815677502996,0.214854946459585,0.236293585631883,0.008035790405536,1
"21222",0.000630702516430404,8.85385559958055e-05,0.885123164240355,0.114157594687218,3
"21224",0.068569424013472,1.36039256622009e-05,0.927393617045561,0.00402335501530462,3
"21228",0.0112805297674634,0.108542159446226,0.261350205677829,0.618827105108481,4
"21232",0.966097495783303,0.031925574577646,0.00197659372414719,3.35914903931462e-07,1
"21237",0.570469655573791,0.408136873487535,0.0204227494819085,0.000970721456765685,1
"21240",0.000114356373688691,8.40460140339689e-05,0.9087160216493,0.0910855759629775,3
"21245",7.04808367606463e-05,5.7054009559343e-06,0.757623342022723,0.24230047173956,3
"21252",0.869898914103751,0.125365252896394,0.00473573343454719,9.95653077284642e-08,1
"21254",0.835793572396232,0.114500546608469,0.0496933865683132,1.24944269865195e-05,1
"21258",0.0946938706526465,8.47697204107925e-05,0.896382710336881,0.00883864929006139,3
"21264",0.00694150428678379,0.000364193925032011,0.860123422051356,0.132570879736828,3
"21305",0.0156203912555054,7.61922427212296e-06,0.963555247690919,0.0208167418293035,3
"21333",0.894503701043537,0.00133036424112487,0.104164845071266,1.08964407190941e-06,1
"21366",0.0252180010910002,0.00286055985715135,0.971622668629148,0.000298770422700618,3
"21377",2.00453311676893e-05,1.70510982765969e-06,0.00126757523138386,0.998710674327621,4
"21380",0.918698540555061,0.000336275004185296,0.0608863510799469,0.0200788333608069,1
"21387",0.000153333707588761,0.999846052751537,6.12684585406775e-07,8.56289114037675e-10,2
"21390",0.984759572217436,0.00974983929243936,0.00548839810340473,2.19038672016221e-06,1
"21392",0.18182681482372,0.0572557569774876,0.760466303207454,0.000451124991338441,3
"21403",0.892505229752929,0.000213223298099071,0.0782941793008607,0.0289873676481113,1
"21408",0.998775779505978,0.000534160777408834,0.000630435260949991,5.96244556631301e-05,1
"21412",0.0232860973077389,0.975987570496476,0.000438697369600348,0.000287634826184793,2
"21421",0.00250698141060443,4.50684875551484e-05,0.996018750247634,0.00142919985420603,3
"21424",0.0406432401724416,0.95934438431659,1.2364534351377e-05,1.09766166123341e-08,2
"21429",0.991703977430926,0.00516640803040166,0.00310430347191348,2.53110667592629e-05,1
"21431",0.0142031110924189,0.000217223158948561,0.984458806132456,0.00112085961617634,3
"21436",0.00205979393317802,4.83907629582695e-06,0.997094668740634,0.000840698249891833,3
"21439",0.96552045867179,0.000812575442347752,0.02992874641938,0.0037382194664824,1
"21442",0.0787314650640229,0.00112102694214547,0.740744944093321,0.17940256390051,3
"21444",1.28314721667572e-05,2.80344009220702e-05,0.996216968995346,0.00374216513156516,3
"21446",1.26073958434087e-06,4.89429403241086e-05,0.00595917910329398,0.993990617216798,4
"21448",1.19099693187034e-05,0.995390306532256,0.0045120400184678,8.5743479957776e-05,2
"21450",0.350055456958505,0.0285952667744974,0.584124695264066,0.037224581002932,3
"21452",0.978365629163198,3.49478296502947e-05,0.0215930864769014,6.33653025020109e-06,1
"21466",0.978806490970674,0.0211427127752048,5.07896803548764e-05,6.57376618768838e-09,1
"21470",0.903348099076893,7.03181006448357e-05,0.0958822146009684,0.000699368221493516,1
"21472",0.989515526933302,0.000722209708832164,0.00976218261682487,8.07410411767399e-08,1
"21474",0.852854840870972,0.121293533658957,0.0247777884651559,0.00107383700491481,1
