"","V1","V2","V3","V4","V5","V6","best$classification"
"19812",0.000654029334364269,1.12493125807105e-13,0.000304425655007686,0.000295548374192525,0.740355412891479,0.258390583744844,5
"19814",4.17723171927809e-06,0.000904084809285668,5.14616759029146e-06,0.000583465443100463,0.814719173369831,0.183783952978474,5
"19816",2.42042584801674e-10,1.47371931131881e-13,0.833132843428036,0.00404236069277961,2.26602892973518e-09,0.162824793370966,3
"19818",2.33788878401688e-07,0.00832606199336132,0.00309735167887679,0.00279460693321971,0.000220086629326841,0.985561658976337,6
"19820",1.79446634763175e-07,4.07949051776587e-38,0.990736843803571,0.00922940598904239,1.77714982453465e-52,3.35707607522336e-05,3
"19822",0.00954973458889154,4.10823574733254e-36,0.00214494725805674,0.988270611597217,5.87681416296495e-56,3.47065558352026e-05,4
"19824",2.68725039545251e-10,1.71672975203781e-13,0.0395303132942223,0.958361577960007,1.63987769406178e-28,0.00210810847687411,4
"19826",1.17110615192724e-07,1.23962688136449e-11,1.48950137614004e-06,0.0683819923210929,0.26481100249015,0.666805398564369,6
"19828",9.90822441521591e-06,9.58936804487368e-20,0.990403374441784,0.00383291446042056,6.5694614766236e-28,0.00575380287337994,3
"19830",0.00729817789298837,3.47565028589987e-12,3.77249981252902e-13,0.0220712156890239,0.254618969719418,0.716011636694716,6
"19832",0.775709338756104,1.56492961311185e-33,0.000427841831183005,0.000419033636771288,7.17367966748516e-08,0.223443714039145,1
"19834",1.82920048384241e-05,3.44280895766273e-14,0.210501076435912,0.0256498366188763,1.14231772021928e-14,0.763830794940328,6
"19836",4.74254447890278e-06,1.32756141186495e-15,7.44743777937752e-05,0.0107302945916581,0.000591700377845726,0.988598788108222,6
"19838",8.56659224059388e-05,6.24375888591951e-07,5.91000447754934e-13,6.79557813842652e-06,0.991844352110203,0.00806256201277331,5
"19840",2.82136140946641e-10,1.85462479881182e-15,0.040701260417768,0.0304098872068313,1.64111687294105e-08,0.928888835682094,6
"19842",8.95350584129648e-08,6.34443535839611e-18,2.92845753187145e-26,0.198796962869353,0.801167687215952,3.52603796358823e-05,5
"19844",9.63410453670878e-10,0.78031437931115,5.32101472431536e-19,0.219685619725253,2.80963258099445e-33,1.86035467501675e-13,2
"19846",1.84438215004656e-08,0.429035833633259,1.20235338949327e-19,0.000868746059627028,0.569875035452808,0.000220366410484251,5
"19848",1.74903691654146e-07,0.00173707218231264,2.9656234046141e-17,0.000160368687699214,0.99757270612134,0.000529678104956565,5
"19850",7.86924246978744e-07,0.939111186869883,3.46987992758466e-12,0.0200953733180043,0.0299953993755959,0.0107972535088001,2
"19852",3.04712975959745e-07,7.31842987089219e-06,0.229211654315982,0.00567022869989724,7.89000737284297e-06,0.765102603833901,6
"19854",3.58585837716791e-06,1.49995449125905e-06,6.29778479694155e-16,0.000170017464704849,0.99671607680629,0.00310881991613631,5
"19856",1.83763833016065e-07,6.44209420596588e-05,5.84026825876811e-16,0.999769625789173,7.00482329070128e-10,0.000165768804451745,4
"19858",5.4220587781218e-07,0.000105976013619852,3.51977724202598e-08,0.99987652267451,2.95730198114536e-27,1.69239082194865e-05,4
"19860",1.61470588470807e-07,7.61864329176143e-10,0.115618269235007,0.0200218403407488,0.00271285620364007,0.861646871988151,6
"19862",4.82766993245196e-07,0.326919508857148,3.34496121750739e-21,0.00399942735354319,0.668678176224271,0.000402404798044774,5
"19864",2.04515768480835e-09,7.1720876336418e-23,1.07612724653341e-24,0.999999997954146,1.73191773817273e-31,6.96754960896973e-13,4
"19866",2.01016675322101e-12,2.78763955603743e-21,0.00253141915244506,0.0982001088041535,4.74111155837382e-15,0.899268472041386,6
"19868",0.99999996975455,1.43085411519004e-47,3.42269273458832e-28,3.02454475715744e-08,2.61317217829819e-42,2.73638982434709e-15,1
"19870",7.30950859016145e-07,0.00737965915829795,2.88388044554687e-10,0.00354650535699775,0.757701076640976,0.231372027604482,5
"19873",4.80258974375939e-10,2.62832342053758e-07,3.72049070915537e-05,0.0300736596500397,0.00455391470272764,0.96533495742754,6
"19875",3.21790680639251e-06,2.56764681011859e-29,0.921117958152131,0.016243393235449,6.85953434882937e-15,0.0626354307056064,3
"19877",8.44259028092711e-06,0.0896092239482636,2.36885138724384e-05,0.00537006008988416,0.0804822301311205,0.824506354726578,6
"19879",8.4451323972432e-06,1.90700477112687e-05,0.00261106522976455,0.00317362064735542,5.3474871861069e-09,0.994187793595284,6
"19881",3.43723837605248e-08,1.18283380255088e-06,6.4136748861757e-09,0.0926081305794165,0.0222638148433519,0.885126830957371,6
"19883",5.95733482925912e-10,2.36645293279993e-10,5.75748752338263e-11,0.0338176670858153,0.872265676453393,0.0939166555708382,5
"19899",0.000160445753220576,1.45729029570323e-16,2.34803330174914e-05,0.0259570058891765,1.96236228254675e-09,0.973859066062223,6
"19908",5.56392596494495e-08,8.53448132013043e-30,7.46113863736708e-19,0.999999913479991,1.48037027437564e-30,3.08807487455545e-08,4
"19910",1.53240511623269e-07,3.98480523404378e-06,0.0471852870053259,0.00291447042852966,0.000223704135320304,0.949672400385078,6
"19912",9.67621857593009e-09,1.50048073895423e-10,3.30537411101443e-25,0.0325233009649152,0.96729450764726,0.000182181561557902,5
"19914",7.69353019453215e-05,2.04921508471745e-08,0.00139272016344542,0.0147088976638052,6.07697495922859e-06,0.983815349403694,6
"19916",4.7654268814808e-11,7.21874324413107e-20,3.07631734244674e-08,0.999997136894136,1.6478043789012e-33,2.83229503684731e-06,4
"19918",2.66469766485429e-10,0.793937581742169,1.17703638322654e-10,0.00434340846424084,0.17475758602682,0.0269614233825965,2
"19920",1.09738397867031e-09,0.925304987397035,8.35233619542468e-15,0.00324470606250055,0.0710350467156718,0.000415258727400347,2
"19922",0.999987188066046,1.77373745696212e-34,1.09468231421888e-07,3.55213948783374e-09,2.94901648089598e-12,1.2698910633649e-05,1
"19924",1.22890837950518e-06,0.0657544385534829,3.78282154630976e-05,0.0069270311899119,0.00160058258376718,0.925678890548996,6
"19926",0.00612446797883159,1.43085032373422e-25,7.30006154623775e-06,0.00770220831837168,2.09776037676063e-08,0.986166002663647,6
"19928",6.1743290933747e-08,8.48021629584072e-23,3.28890846866113e-41,0.999999938256709,1.63358444449015e-24,1.98330880083873e-19,4
"19930",2.70504324316634e-06,1.85955670057346e-05,1.64881571738485e-07,6.30547883186e-05,0.960509359435523,0.0394061202843379,5
"19932",5.1705529699875e-06,0.000540227829756854,2.90212111974598e-13,9.55724928398269e-06,0.996491738420966,0.00295330594673307,5
"19934",3.12881099070657e-05,3.17948923078349e-13,0.481500806283507,0.0237593992543691,8.81371731906866e-13,0.494708506351018,6
"19936",0.00710383441030169,2.53677876113459e-06,8.77071005732793e-06,0.00620486476947212,0.0253341810459478,0.96134581228546,6
"19938",0.000106107742795283,8.40862752107915e-20,0.00973626844339862,0.79006853553604,7.48647573843833e-29,0.200089088277766,4
"19940",1.11613784350223e-08,6.38863186527111e-06,0.000143571512576826,0.00813688969095203,0.00177545979026734,0.98993767921296,6
"19942",1.13856380467932e-10,2.37941302045473e-20,2.29059817805962e-29,0.999999999691302,4.39612315086348e-14,1.94797529859566e-10,4
"19944",9.7637946415654e-08,5.27033613583949e-10,0.0197493619911058,0.0128400198595144,6.94200954736123e-05,0.967341099888926,6
"19946",5.25074212092869e-08,0.00673823903695941,0.00239445542213923,0.0242278468349174,0.000802903704054507,0.965836502494508,6
"19948",3.41570671730956e-12,1.4329421655897e-16,6.83829965865675e-27,0.99999999982896,5.83996702667807e-11,1.09223946282631e-10,4
"19950",8.52198368906589e-08,0.998836215759126,1.78848888714002e-21,0.00116235837243197,1.26782994446655e-06,7.28186605744827e-08,2
"19952",3.41570671730956e-12,1.4329421655897e-16,6.83829965865675e-27,0.99999999982896,5.83996702667807e-11,1.09223946282631e-10,4
"19954",8.70837722237328e-07,0.00115637193810602,4.13992898666642e-10,3.3092541923486e-05,0.987308041489846,0.0115016227784096,5
"19956",0.000164585270364305,7.35345787323001e-05,3.30077328442214e-30,0.999738054315827,2.36189962243745e-05,2.06838851628893e-07,4
"19958",0.99999999998235,5.29464696276332e-39,3.46669033203174e-20,1.76492791893805e-11,4.32531428034453e-31,4.27255410667182e-16,1
"19962",4.83431188456098e-05,1.1898110942324e-07,3.70925320839093e-07,0.823094101920298,3.16020106961412e-07,0.176856749034319,4
"19964",7.58020347496376e-06,0.000757405960846934,7.97867879179359e-06,0.0238890483014845,1.7834282180268e-07,0.97533780851258,6
"19966",2.45479000997849e-07,2.95901751830662e-31,0.00195923988366858,0.507456185086418,2.17446681910629e-28,0.490584329550913,4
"19969",6.73092197275885e-09,6.15866567186371e-08,3.96547320349065e-11,0.0111812486197041,0.919606254500796,0.0692124285222664,5
"19972",1.51410400306852e-07,0.155085605023304,7.66689862207713e-14,0.651780569429186,0.0197279170117639,0.173405757125269,4
"19974",7.4493334824608e-11,0.994766891063059,1.97542425050483e-29,0.00404977654012974,0.00118331653154029,1.57907778926073e-08,2
"19976",2.70680644516308e-08,0.143520854415924,1.63964924667435e-05,0.0149703399472611,0.00143302401573579,0.840059358060547,6
"19978",1.33041160215441e-09,5.59153143759477e-06,0.266408412977742,0.00844030873457284,2.04557434196804e-07,0.725145480868402,6
"19980",4.43159628444302e-07,0.0984150957861357,1.79601314560937e-17,0.000115849621129886,0.900998864788162,0.000469746644943999,5
"19982",0.00104748024633553,0.867068734252134,4.9340592211161e-13,0.105540851931145,5.37111781615892e-08,0.0263428798587141,2
"19984",2.08065435134868e-10,0.993070291772149,5.86410084872836e-17,0.00692966737609501,6.37477866379359e-14,4.06436274185248e-08,2
"19986",8.89032301078096e-07,9.88629283669981e-38,0.853195583507734,0.114468769313331,3.92828658159129e-36,0.0323347581466339,3
"19988",4.81671676461604e-06,1.5693231167739e-42,0.970108456327846,0.0298621256717086,3.5858132269023e-57,2.4601283680603e-05,3
"19992",2.22704034713856e-07,9.46296486583822e-32,0.980784670969728,0.0189191108856782,3.51143807758108e-39,0.000295995440559312,3
"19994",3.42522049036059e-05,4.64074179008435e-07,3.30813893647061e-07,1.65122281638339e-05,0.972105406139933,0.0278430345389274,5
"19996",7.88875659846232e-08,4.64889026910394e-26,0.987665381680537,0.0113344054180437,3.17941685521179e-36,0.00100013401385366,3
"19998",4.62393920544976e-10,9.60962226347912e-15,5.43698683755006e-14,0.98379812274265,8.97177309436919e-09,0.0162018678231189,4
"20000",0.986693985745171,1.15518727246979e-21,3.64776072949374e-22,0.0043068488764643,0.00508007965956523,0.00391908571879962,1
"20003",0.000106155487083331,4.20292574927253e-13,1.14906754586657e-06,0.000136617247502564,0.924163024003022,0.0755930541944263,5
"20005",8.01795634217256e-08,0.000336098913845546,7.50456824866953e-20,0.00198089297195767,0.997262035389223,0.000420892545410858,5
"20007",4.29821206173708e-07,8.50684433497592e-10,0.00210546937713124,0.0161174798052462,3.03117165625291e-11,0.98177662011542,6
"20009",1.51260183062688e-07,5.27545699008086e-19,2.44099264366501e-05,0.996336950737001,3.16167835946932e-31,0.0036384880763789,4
"20011",2.95168477665788e-08,0.000152742240478247,5.24631782485464e-10,0.118519985897792,0.0031813144294927,0.878145927390757,6
"20013",1.986108143608e-06,0.57091954111194,1.63417331670392e-08,0.00572041643757976,0.209426935869446,0.213931104131157,2
"20016",4.48933300642824e-06,2.87962646949364e-26,0.0416359210121336,0.957546266640324,2.59395959529915e-46,0.000813323014535481,4
"20018",0.999994998244766,2.26709181879654e-93,3.93809272324911e-08,4.96237430711623e-06,3.31623971968258e-88,1.61518612073608e-20,1
"20021",4.09593429042893e-06,5.67412634949871e-25,0.896909835875327,0.00431496022900458,5.81536715522090e-12,0.0987711079555629,3
"20023",2.84657805800864e-05,1.64795665166651e-11,0.0424239655039061,0.0494294579730015,1.35524168625503e-07,0.908117975201864,6
"20025",0.784112059761396,1.34526870599577e-58,0.00286712486965942,0.213020804833985,5.23469301286927e-55,1.05349596472222e-08,1
"20027",4.87815954397472e-07,4.36344839668387e-12,1.2249173443704e-17,0.00994049420579713,0.985443419850049,0.00461559812383615,5
"20029",1.43726133156141e-09,0.893997361414028,1.10656720269809e-15,0.0707147746924116,0.01803821804141,0.0172496444148877,2
"20032",7.29732025778247e-06,2.90915752266541e-12,2.44910631375918e-14,6.42916900988471e-05,0.996597164445281,0.00333124654142916,5
"20034",2.80758738689492e-09,5.37410047528773e-20,1.74584089047017e-22,0.999999065885823,7.5243272791285e-07,1.78873862306519e-07,4
"20036",1.04590541252201e-06,2.46428181582123e-09,3.63345981530312e-11,0.980445534828539,4.62503950590142e-07,0.0195529542614818,4
"20038",0.000465640661252734,6.93060057858954e-39,0.953557371054415,0.00192749948128995,4.56852462799055e-23,0.0440494888030423,3
"20040",0.000169424269477298,1.62146724111657e-39,4.39375327264928e-05,0.999786618972836,6.53264086120929e-57,1.92249598814911e-08,4
"20043",2.0916581399806e-05,7.86773063370875e-29,0.95380885006085,0.0210978823056949,7.69715479370781e-18,0.0250723510520552,3
"20045",0.000763381606385871,7.38627010155507e-38,0.945309732841831,0.0539264867027401,1.50908918248322e-61,3.98849043006016e-07,3
"20048",2.15358823867505e-07,0.969247400884128,1.41150774948374e-23,0.0307523837515149,8.12478706677133e-28,5.53324012078984e-12,2
"20051",0.00125323541793172,1.98979299168717e-10,0.00509759260055567,0.154621553442155,1.48720901137287e-09,0.839027616853169,6
"20053",1.47388966059273e-09,2.88459145319752e-12,0.0154817769286717,0.159188387119689,1.2257874737551e-12,0.825329834473639,6
"20055",0.160504564185066,2.13648449785667e-36,0.0170503087959491,0.00636117173779102,6.65955275043216e-17,0.816083955281193,6
"20057",0.999999999999668,9.5305598262217e-47,4.76931422799331e-45,3.3211690988836e-13,2.95019011356941e-50,1.81181043599604e-29,1
"20059",0.000733161671974479,2.36520947547369e-18,0.00975837742344729,0.254081505873537,1.65565971197077e-14,0.735426955031025,6
"20061",7.65960124755212e-08,2.58461463047224e-11,0.00654904824442417,0.0406789930081862,1.42864903381668e-10,0.952771881982666,6
"20063",3.39676008808787e-08,2.05736884395292e-13,5.22484516366954e-17,0.999999966032193,2.40085935809071e-57,2.07886152660691e-19,4
"20065",0.925911332293342,3.84690443218243e-72,0.0740742469095719,1.42234431006452e-05,3.9797380750014e-47,1.97353985501875e-07,1
"20067",0.000516119221478126,3.15142135181091e-17,0.802650145286456,0.194303056038281,2.4503095584936e-28,0.00253067945378546,3
"20069",1.92122344937891e-06,0.453831255886699,2.10376603616951e-16,0.000351338910603598,0.544825104268329,0.000990379710919193,5
"20071",1.9890225593413e-07,9.82276739979567e-15,6.49710440477978e-09,0.710683697809688,1.19262271643607e-13,0.289316096790822,4
"20073",3.63778666342766e-09,0.923704903007716,2.88465051872294e-10,0.0707844397977194,9.19873772171783e-05,0.00541866589109596,2
"20075",0.999999999886763,1.80047243262106e-50,7.06969426448533e-23,1.06520422308459e-10,1.14761897981431e-32,6.71711743774343e-12,1
"20077",6.17942302915154e-10,1.32357611842057e-10,0.825509443002211,0.0149791441289395,7.48101534528171e-14,0.159511412118474,3
"20079",9.35216906237298e-08,1.8921888293285e-10,5.51969131388291e-07,0.999765550219757,1.61554984337749e-21,0.000233804100201923,4
"20081",0.263810757101004,1.69674793242316e-24,0.63660514291584,0.00170065819543499,6.28739215803334e-22,0.0978834417877202,3
"20083",7.95123082563963e-07,1.24353303308624e-09,3.15269697852672e-19,0.9999986974642,1.86073011488252e-21,5.06169184775669e-07,4
"20085",4.15663448791888e-05,9.93876913178484e-52,0.991668058748261,0.00827397628659756,2.37923861050223e-51,1.63986202620002e-05,3
"20088",1.79911518477219e-05,4.76073807700901e-26,0.937386888687724,0.0167437669024105,3.60228387366258e-20,0.0458513532580181,3
"20091",0.999999413720682,1.43496845868019e-34,3.97703140467578e-07,3.9511826764377e-08,2.95105927335006e-36,1.49064351104916e-07,1
"20095",1.87861935074411e-08,4.13476293905501e-08,5.31046458433193e-14,0.999998647352268,2.07708802580399e-26,1.29251385592354e-06,4
"20097",0.000710019534059742,4.57857822749649e-51,0.988978541665502,0.0102855267023597,6.38788904198105e-51,2.59120980785246e-05,3
"20099",2.17448615632222e-15,7.39411307385591e-11,0.000312094539548984,0.999038166616814,3.94819270252968e-30,0.000649738769694197,4
"20102",0.927474486648471,3.8108347709197e-08,1.16502026362521e-13,0.0725254702511949,3.71685294477822e-32,4.99186952158171e-09,1
"20105",6.31064892667829e-08,5.48875666955192e-14,0.842712846872182,0.145288153456726,4.35575274551394e-26,0.0119989365645487,3
"20107",4.85754354876588e-08,9.77271384356807e-20,0.799109647085892,0.0108024219930578,2.57937649587625e-22,0.190087882345614,3
"20109",8.33143281568908e-11,0.000345576999785981,0.0593728583931925,0.921133079261964,1.10023347108414e-18,0.0191484852617434,4
"20111",0.999999999503291,2.05720544106623e-25,3.96663844739657e-23,7.08168691691123e-11,4.81794149947295e-14,4.25843475661389e-10,1
"20113",6.72892543353509e-09,8.07670100433731e-25,0.00119452306778256,0.0691025305828974,3.26732654724302e-15,0.929702939620391,6
"20115",0.329293332903019,3.98059314453638e-12,1.6624043239981e-15,0.0043881518120315,0.649056763962761,0.0172617513182063,5
"20117",0.999012113474962,1.07412073090811e-58,2.20646733026485e-17,0.000987886485917833,2.06975235551229e-46,3.91196626081764e-11,1
"20119",6.70679572417549e-10,3.03235950432079e-37,0.00810604009031152,0.703924676709322,8.80030583948677e-24,0.287969282529687,4
"20121",2.19105969690968e-06,6.2747508519654e-30,0.813884420090638,0.0286315145055001,5.47268180559406e-24,0.157481874344165,3
"20123",0.999999401065688,8.14888668005875e-56,3.80040892637096e-08,3.45359345256312e-07,9.60308269056772e-34,2.15570877534461e-07,1
"20125",1.55250554559722e-05,0.954180590108629,1.43983117799699e-11,0.000969301531821023,0.0360576388630731,0.00877694442662211,2
"20127",2.40183356326514e-06,2.44393631705383e-28,0.973799087788312,0.0261953365493669,3.22126963418733e-53,3.17382875793178e-06,3
"20140",0.11867735660895,3.20442195069651e-36,2.52138754498059e-06,0.0198485831454472,1.10941513075409e-14,0.861471538858047,6
"20142",1.41029011187062e-07,0.999438240386552,4.72947828710698e-21,0.000561495943680992,1.49323254339288e-08,1.07708430758619e-07,2
"20144",0.949253960205873,4.01258473316593e-06,2.13730482466964e-17,0.00372587707377281,0.0424818635017118,0.00453428663390905,1
"20146",7.58987403233768e-05,4.579835978353e-07,2.95369718698699e-12,0.995628471168839,3.31800146895828e-05,0.00426199208959655,4
"20148",8.83628712337342e-06,4.52224785930983e-07,1.61636658574855e-05,0.0126522866155077,0.443127340555379,0.544194920651346,6
"20150",9.02846486308087e-09,0.848277837995811,8.46090150995256e-24,0.000830657046702826,0.150881631046244,9.86488277719649e-06,2
"20152",1.67712265146909e-05,6.39740584577095e-08,5.09440228944507e-05,0.00758278323287816,0.487445869599249,0.504903567944406,6
"20154",0.999864313242508,5.47475959717774e-41,7.05710282218253e-05,6.5114838928922e-05,7.21020869036828e-52,8.90341589131129e-10,1
"20156",8.41664119757513e-05,5.37597821163345e-07,4.89081377221212e-05,0.813661863534076,1.0375444433367e-15,0.186204524318404,4
"20159",1.38323180104612e-05,0.000212872196860477,1.12638246863079e-17,0.00497800121183026,0.994346216266182,0.000449078007117019,5
"20161",1.90412069909192e-06,0.00567338512168069,8.6384806373499e-16,0.994323896755181,8.48716390675703e-13,8.14001589177328e-07,4
"20163",0.0295013988823873,1.74218564722776e-19,6.15748817777515e-05,0.025433896719103,0.00138633803083236,0.9436167914859,6
"20165",6.78525779056345e-08,0.0154064441863768,1.01554888341362e-05,0.984580688089396,7.0737941799983e-29,2.64438281548988e-06,4
"20167",1.63035673774869e-07,0.0660269650234277,6.16404002446318e-05,0.00336718623307627,0.472466490888306,0.458077554419272,5
"20169",5.54433521893882e-08,0.997833650773744,2.38858752412973e-23,0.00216629367734874,9.46963779758756e-19,1.05555623802622e-10,2
"20171",0.999776860087984,7.3192773290105e-45,3.19529164734715e-07,0.000222820382842037,3.09671087234775e-69,9.05277954129587e-15,1
"20173",4.82552109513344e-13,6.10821980084547e-12,2.42102800226149e-14,0.999999999991108,1.68011744484915e-36,2.27691369702777e-12,4
"20175",1.32973403237972e-05,0.0350629863448395,3.72614506472322e-08,0.00995212170171345,0.0608403096256939,0.894131247725979,6
"20177",3.56374578976695e-09,1.80129273535859e-16,5.44701824333709e-05,0.979237949460399,5.98457162426348e-22,0.0207075767934219,4
"20180",0.000312864183577707,2.1842958667458e-56,0.974084012091534,0.0160053355797801,3.75150448796819e-28,0.00959778814510826,3
"20182",0.96360490490037,5.31734132947676e-06,3.69742410476501e-49,0.0363897777583005,2.92863196875803e-29,1.31440597798057e-23,1
"20184",6.15337059574606e-08,0.995509212873436,5.17316888904065e-12,0.00350829437384204,1.61360780037701e-05,0.000966295135838594,2
"20187",3.47313536901199e-12,4.40894594781066e-09,1.4609045518308e-13,0.99997728037391,2.27134922303737e-12,2.27152112541804e-05,4
"20189",4.87852993021184e-11,1.32219818832527e-13,0.120642936621565,0.0630386400121863,1.66907859554772e-09,0.816318421648252,6
"20192",0.384159267938645,5.16966113883857e-54,2.83938903461314e-06,0.615837738704657,1.61249208861664e-31,1.53967663168181e-07,4
"20194",1.17857857561764e-10,0.00011783456702719,1.5626092811443e-24,0.999879329160487,7.60302704607099e-07,2.07585192293272e-06,4
"20196",0.298685907954681,1.89201222871779e-47,0.697309016955984,0.00398835557049224,5.12717541615527e-42,1.67195188426973e-05,3
"20198",0.00617078524293545,1.55000685521746e-11,5.66210002375417e-05,0.265410360070574,0.000213256076419013,0.728148977594334,6
"20204",1.48011606664751e-05,0.995961536950268,3.42297338783877e-16,0.000110689704074629,0.00341099674101456,0.000501975443975577,2
"20207",0.162347558377073,2.96937637697671e-21,0.730373376627805,0.103004859307101,1.10210478476236e-37,0.0042742056880209,3
"20209",0.99996597110968,7.81523409358351e-30,5.35017650868728e-21,1.91774103190567e-06,1.44703077436629e-07,3.19664462113701e-05,1
"20211",0.999990956037587,7.53277611310236e-46,6.64532991479467e-06,3.65342041473872e-07,3.68502169249871e-30,2.03329045696102e-06,1
"20215",6.63890999432444e-08,1.36192854641844e-20,0.499776967319874,0.118972984556599,4.66284479953733e-17,0.381249981734426,3
"20218",8.35696536044257e-08,0.999873101766219,2.99305878024693e-19,0.000124377411374721,2.77062306783813e-07,2.16019044586543e-06,2
"20222",0.297474824349558,1.87675321609285e-23,0.456850358608847,0.178937461831886,1.22452652771433e-26,0.0667373552097099,3
"20225",0.0444743800044733,6.51852846872204e-05,2.59621031584629e-18,0.947487300475815,0.00303232063299827,0.00494081360202631,4
"20229",0.00257752829830547,1.28881284579298e-19,5.72933755412253e-11,0.811464336060802,6.72083076176209e-09,0.185958128862768,4
"20232",0.000547330321757046,5.02410801854749e-22,0.00216069873471716,0.0163974978949937,1.49190242632737e-14,0.980894473048517,6
"20234",0.598111527524405,8.9626980024642e-77,0.396232955851469,0.00565551662240802,9.22952829343521e-78,1.71833728845272e-12,1
"20238",2.90084046539537e-06,2.18515207870592e-19,0.16888523996205,0.641326871103735,1.10388961608511e-27,0.18978498809375,4
"20253",5.69904877338209e-08,2.94817624895957e-27,0.94492399675935,0.0393885606573023,2.16010414075454e-32,0.0156873855928596,3
"20255",0.000893100388241614,1.22739833638691e-07,1.70351482434222e-09,9.02001119964907e-06,0.951995633341888,0.0471021218153218,5
"20258",4.52131416645116e-07,5.47231945411445e-28,0.992802252910173,0.00528115036669683,1.29734307756135e-29,0.00191614459171321,3
"20269",9.19616180084768e-08,4.69823633379987e-06,0.831323017338229,0.115416210445883,4.74405252363119e-23,0.0532559820179355,3
"20271",2.42628095378936e-08,1.63173714843951e-29,0.531761944535048,0.464622717244285,6.34493507590745e-32,0.00361531395785771,3
"20285",1.60078065632236e-07,2.31215755358575e-13,1.44202884202231e-17,0.995790591958238,3.27283581732062e-11,0.00420924793073734,4
"20288",8.34705863467497e-07,2.27426421202819e-16,0.0319892168650698,0.0831778512778867,9.9353934959256e-20,0.88483209715118,6
"20291",0.871077621235601,1.23229975681351e-29,0.118063028975151,0.00681627198366249,8.0568856816354e-40,0.00404307780558556,1
"20295",1.29159139251353e-09,4.55482043960234e-15,3.04323166275095e-05,0.999771099194966,1.30963115642473e-20,0.000198467196811073,4
"20298",1.08428810117131e-05,0.291030750792548,3.70423543789472e-14,0.000401212426523847,0.699316056104432,0.00924113779544707,5
"20302",2.74782642123533e-06,0.717230023265052,4.05517594215546e-12,0.22292419859728,0.0051617649789458,0.0546812653282451,2
"20305",2.05608003196083e-06,0.00256747158991517,1.35065094995437e-16,0.000665711979706797,0.994551931043445,0.00221282930690059,5
"20307",4.05797588158998e-05,1.15133637926508e-25,0.966482022985287,0.0176835388165271,1.400575647086e-32,0.0157938584393698,3
"20310",1.17958936365953e-05,8.98419529811516e-55,0.653396103025791,0.346592099750483,2.60058247744904e-70,1.33008924857831e-09,3
"20313",3.83008879229834e-09,0.986691182655168,4.37885095845164e-28,0.0132987190825806,1.00938641059822e-05,5.6805614586881e-10,2
"20315",1.00173280211332e-06,1.03630170782135e-23,0.843757381189353,0.019951916069907,2.62288444162174e-29,0.136289701007938,3
"20319",0.962727223457681,7.2146144324642e-55,0.0122606945969124,0.0248668716817376,7.21494995111239e-36,0.00014521026366865,1
"20321",3.81519806560886e-10,2.97487531418421e-24,0.923365980613091,0.0763648313558968,3.68309889589394e-37,0.000269187649492309,3
"20327",3.702220814291e-10,1.13096883940141e-25,0.98390751826204,0.0140315361886566,5.42177553166427e-34,0.00206094517908104,3
"20329",1.27861806626255e-12,1.63904139601659e-08,2.08970111216513e-29,0.999997709367698,2.27108726373923e-06,3.15334617960795e-09,4
"20335",0.0512043506319476,5.66440483550501e-35,0.939989518761822,0.00879868107137973,2.96841063026206e-47,7.44953485074852e-06,3
"20337",2.71127842598595e-06,0.00040866774268406,5.79537049083228e-16,0.000145396171808216,0.998630414274382,0.000812810532699058,5
"20339",0.991048640403084,4.84962311358034e-52,2.05955507603125e-15,0.00894686640002055,4.93643635862782e-18,4.49319689333328e-06,1
"20341",0.998750530865918,1.32588779318744e-24,8.08741502426193e-07,0.00124865551115474,7.91121135656792e-49,4.88142450297588e-09,1
"20343",0.000148996284638405,4.09593897125539e-27,0.0724626824682173,0.92738758714505,2.37614391598689e-48,7.34102094155813e-07,4
"20345",2.05834090661092e-05,1.54945399618103e-10,2.08627980621024e-09,0.00340380105567846,0.889809615942523,0.106765997351507,5
"20350",0.0085168910686105,5.0787272699941e-26,3.48747651054554e-12,0.991471016087683,2.39968458459886e-23,1.2092840219007e-05,4
"20352",6.93985231266994e-09,0.998972818122202,2.99299401920402e-19,0.001027172755639,1.60333971344698e-16,2.18230681381694e-09,2
"20355",9.06749510593743e-05,0.00360142923105169,3.58750136149553e-12,0.99610976422498,5.14485516679098e-10,0.000198131074835485,4
"20358",3.68530565443286e-12,5.59330569615754e-06,3.12691060711491e-27,0.999920389027651,7.38661028623842e-05,1.51560104806684e-07,4
"20363",4.87060211209502e-10,8.95113977648161e-21,0.968966517468607,0.0264224486737223,1.94447810477317e-27,0.00461103337061018,3
"20365",0.916564443934742,1.57169770753569e-28,0.0301657432063655,3.18612572786408e-05,3.0775159861609e-18,0.0532379516016139,1
"20379",0.583798358758534,6.25647736027255e-08,3.38364206743049e-11,0.000272350549267759,0.223146644355372,0.192782583738215,1
"20387",0.000198515554509077,2.35014164539132e-25,0.968867544704725,0.00446781742245726,9.83905467716842e-20,0.0264661223183082,3
"20392",0.999926383343252,1.11689054037847e-58,7.34314896034153e-05,1.18639028821465e-07,1.07405926489397e-35,6.65281160701763e-08,1
"20395",4.93907970188361e-05,1.07413777227689e-06,3.44362391878459e-05,0.0359808702973299,0.510995110581177,0.452939117947515,5
"20397",4.86456268380559e-12,5.30876175638826e-09,8.02457891814951e-44,0.999999994686358,1.555877511161e-14,2.1993328464095e-18,4
"20410",1.739214412196e-05,7.81799512534049e-32,0.646265821725261,0.0156368261664968,7.81851779077274e-12,0.338079959956302,3
"20414",1.7713827449955e-06,0.56358735945199,1.86234457597429e-08,0.145282621101264,0.0240874487211625,0.267040780719393,2
"20417",0.998585467729868,1.0240246456328e-95,3.57343920869091e-10,0.00141453191278853,1.22734144983882e-99,1.40471452607302e-22,1
"20419",6.14069819373979e-14,1.09023851090424e-21,0.991485715760157,0.0079500793134851,1.86023101394869e-40,0.000564204926296701,3
"20421",0.920172284758988,0.0323643743655289,6.11177696462841e-09,0.0139876958492909,3.8558183682574e-09,0.033475635058597,1
"20423",0.000489659048757525,0.987443975973119,6.9713709024493e-12,0.000305736450733393,0.00240685577786496,0.00935377274255392,2
"20425",0.000500323932081031,0.74400689140086,3.676647596429e-11,0.0494178198500153,2.81873778973039e-05,0.20604677740238,2
"20427",1.52590735528494e-06,0.000312308068645722,0.00559142950710678,0.031778056212719,0.0106771968813783,0.951639483422795,6
"20429",3.97627762826459e-08,3.52115809853891e-22,6.31687041915285e-05,0.999913843038692,3.51703549668218e-40,2.29484943400375e-05,4
"20432",3.23964484159146e-09,0.985202054254088,8.64690822621786e-17,0.0146904370507953,6.52392515170118e-05,4.2266203954659e-05,2
"20435",0.000920714493851268,1.75118917713654e-25,0.000947528733854846,0.134543059099035,8.89839487286935e-10,0.86358869678342,6
"20438",7.64690105961435e-12,1.43403737413749e-14,0.910293294347594,0.0804535743037763,1.86263909208042e-25,0.00925313134096819,3
"20440",1.83658650220361e-08,1.05246820454441e-17,0.96842428401307,0.0298018377496876,5.72639992151141e-38,0.00177385987137793,3
"20443",9.04119768137022e-07,0.549842916514921,2.40128789452786e-14,0.450153695855984,2.91643597043364e-15,2.48350929968219e-06,2
"20446",7.71103684645374e-06,5.26463095944155e-13,3.17859560850079e-06,0.207931228698071,2.1689729028858e-10,0.792057881452051,6
"20449",0.000164100477337388,8.45009841920917e-17,0.00367993600463789,0.0249297966720533,5.2875119031443e-08,0.971226113970852,6
"20537",0.797195412522565,1.77163087563233e-22,0.144401851305552,0.0178192092636669,5.95145088894854e-23,0.0405835269082163,1
"20540",0.999871075263309,6.16732822595537e-60,0.000128907908375701,1.4499027593051e-08,9.58454540541458e-44,2.32928821036292e-09,1
"20543",9.58002325027271e-05,0.000186940565428512,0.0158190684955463,0.00494464444205896,1.13929705259455e-07,0.978953432334758,6
"20545",0.999998085258849,1.99408931028956e-44,1.88081246686612e-06,1.74520406095216e-08,2.82698318534095e-34,1.64766433047237e-08,1
"20549",0.00267212062463639,0.000409092949502089,0.00764388410095916,0.000768569887427853,0.00457689503517662,0.983929437402298,6
"20551",1.65396852287726e-05,1.5107743950085e-10,0.88831861178246,0.00396681933169899,4.31482688081724e-12,0.10769802904522,3
"20554",9.12964859810659e-07,2.14353029276741e-15,0.955390928739249,0.00202177692424767,5.98356896285272e-17,0.0425863813716416,3
"20556",0.0123793708261669,4.27504933982374e-13,0.000192390057740507,0.00348266597090143,3.7106531887194e-11,0.983945573107657,6
"20558",3.13601290922173e-06,5.22087814106684e-26,0.99123783570593,0.0070318828459658,1.94432763763369e-31,0.00172714543519524,3
"20560",6.68266918174166e-10,1.93040352184405e-07,0.891122578400697,0.0272105905295869,3.39083510257398e-13,0.0816666373607574,3
"20563",1.21476906840773e-06,4.88065795080514e-31,0.987542068887876,0.0124549732506273,2.04097657559376e-49,1.74309242824056e-06,3
"20565",2.93646234214779e-06,4.9957646904483e-11,0.0428406041308087,0.715321117283355,1.52212077626692e-16,0.241835342073537,4
"20567",1.50368022795713e-06,0.963118886416498,4.57941499320092e-15,0.0362004808575036,0.000288030703140469,0.000391098342624993,2
"20571",1.10506145544807e-05,2.18817861534737e-40,5.18223755715042e-05,0.99973174591079,7.93642969965018e-40,0.000205381099084374,4
"20573",1.54080298210289e-05,1.02237234281031e-08,0.420467502164135,0.0184108715971867,5.1482136176676e-13,0.561106207984619,6
"20575",3.30262954788115e-09,1.18240906895456e-31,0.813804446456333,0.183217011332463,1.06521422714379e-36,0.00297853890857381,3
"20577",2.32152636911299e-05,2.54543751143571e-13,6.02742416960408e-05,0.00850679827878799,7.2593936416914e-05,0.991337118279153,6
"20579",4.13977381633477e-13,0.920740791889437,1.6299758945068e-32,0.079259208089315,1.91364518228388e-11,1.69800219326437e-12,2
"20582",2.62472213823306e-07,4.01605807558113e-34,0.984092500604503,0.0157449178086484,4.72873808585133e-43,0.000162319114634737,3
"20585",0.964760099052724,1.78465132478811e-36,0.0186791928287074,8.64983722753206e-05,7.77278491676739e-15,0.0164742097462853,1
"20588",0.999759003685557,3.51480051501832e-24,1.0031861102695e-09,5.41206636128371e-05,1.13769545906838e-21,0.000186874647643964,1
"20590",5.63331845758565e-12,0.99684180457742,4.06397302325e-28,0.00315815924350013,3.40463312597861e-08,2.12711505070026e-09,2
"20592",6.70793178211228e-09,3.13442209357818e-24,0.985120078079519,0.0147880629910651,4.41159775310253e-46,9.18522214843354e-05,3
"20594",4.37585108685157e-06,4.28948485519528e-43,0.990719330049846,0.0091893525163891,1.09162052812044e-40,8.69415826783882e-05,3
"20596",2.74418593304841e-11,1.42143634359176e-10,0.467904699715803,0.0741640676037031,1.57946962003799e-18,0.457931232510908,3
"20598",2.60696763355704e-06,2.1655971072697e-14,0.754424764816398,0.00966874432232202,4.22954726922529e-11,0.23590388385133,3
"20600",0.44705406396494,9.84096418223884e-15,0.000704687655101216,0.00320325609934012,2.00196116346612e-09,0.549037990278648,6
"20603",0.042841472382166,1.96269309416169e-08,4.30328851874387e-12,0.00538612936983241,0.880545800283219,0.0712265783335482,5
"20605",1.88898639227543e-05,3.51040647602459e-30,0.721023241007797,0.0148359081787614,3.59291019766887e-24,0.264121960949519,3
"20607",8.59593758242445e-10,4.22962579852895e-21,0.858124000835221,0.00429741561948078,2.26744962444264e-17,0.137578582685704,3
"20609",1.26952350798291e-06,3.81950305682455e-15,0.950070387122699,0.00384096108131756,1.69852346462706e-16,0.0460873822724711,3
"20611",5.98432408394582e-07,3.78907548205598e-10,3.82247029079996e-18,0.00118149514528127,0.996495026049962,0.00232287999344111,5
"20613",0.00100073513495691,9.46754376362022e-17,0.224337472301616,0.00087210815494736,0.000467165521433142,0.773322518887046,6
"20615",0.00360049288375379,4.83685731479735e-13,0.0111107550362871,0.00504573055416613,1.57975078095545e-06,0.980241441774528,6
"20617",8.77454394694212e-07,0.987087253551622,5.09717129121761e-21,0.0126825406549057,0.000228694506557144,6.33832520969962e-07,2
"20619",5.23539984858918e-11,4.73030332984074e-22,0.989267143861389,0.00909505763544208,8.04744531940518e-38,0.00163779845081513,3
"20621",5.44205768126386e-06,1.62517841076347e-17,0.0327387627686387,0.134640357618494,1.12536579514074e-11,0.832615437543932,6
"20623",1.81264777124225e-11,0.684582889987719,1.70986065514827e-09,0.31534598526286,5.51620202816523e-12,7.11230159173562e-05,2
"20625",0.957260229655123,4.94160820195941e-05,2.56826904205321e-13,0.00800120928858594,0.000149686114022396,0.0345394588599923,1
"20627",7.46571803932788e-06,5.37180293763989e-15,0.0295421798721317,0.0088374515488474,0.000162760835272337,0.961450142025704,6
"20629",7.39727859829047e-05,1.65771960459995e-09,0.125988574141539,0.0138094017150766,1.75358341516187e-09,0.860128047946098,6
"20631",1.40050650754707e-09,3.27796226415337e-24,0.950416205987475,0.049565370538316,1.55606761267051e-46,1.84220737027126e-05,3
"20633",7.27067973606632e-11,0.996882510798134,6.20294746689193e-32,0.00311748302161973,6.10604339103182e-09,1.49675366838185e-12,2
"20636",2.08450200182379e-07,1.31772248436619e-06,1.28804824959501e-15,0.847504296881661,0.0244692873352629,0.12802488961039,4
"20638",0.000235033309838201,5.55711316551739e-29,6.27525870999583e-08,0.531645846648093,4.61705229524925e-09,0.46811905267243,4
"20640",0.218903043425077,6.28620514472355e-39,0.735003575154959,0.000181422101388486,7.43487033373885e-19,0.0459119593185764,3
"20645",7.97232630176602e-05,2.64296533502395e-51,0.992226379341771,0.00767984205155697,6.65097444090926e-47,1.40553436543224e-05,3
"20647",2.00949318336254e-08,0.996576245668969,2.64793243034018e-25,0.00342373423509675,1.26328136421108e-16,1.00260086213136e-12,2
"20649",0.0472649870532732,1.93069751464252e-23,0.755879639044069,0.0159607058216869,5.89560882173675e-15,0.180894668080965,3
"20651",1.25830106001568e-07,4.21261733673651e-31,0.000926678177491777,0.999071491009084,4.93829833508817e-58,1.70498331839121e-06,4
"20656",0.23969816853096,7.94870923917109e-41,0.729468570357501,0.0308091481694094,1.45248521287578e-34,2.4112942129694e-05,3
"20660",0.999999602002741,1.98097686027683e-46,3.44270314286427e-09,3.16255061361522e-07,3.17113365087293e-30,7.82994941155353e-08,1
"20662",1.64453000212978e-11,0.0195007730528359,6.95935339992648e-21,0.980439803491405,1.39901158141987e-08,5.94094491975702e-05,4
"20664",3.39253406426487e-12,7.98255491544069e-10,0.000127737042514036,0.999718420452811,4.338450188209e-31,0.000153841703027134,4
"20666",0.999379628847892,1.45821685248485e-22,3.6632159988265e-13,4.94326085635582e-08,0.00024017945510263,0.000380142264030185,1
"20668",2.78683627776883e-09,0.996533343883163,1.34736518899408e-13,0.00089170254435798,0.000640625217914565,0.00193432556759324,2
"20670",9.04435276324453e-10,2.41815167006671e-38,0.00888768931545142,0.990915458056962,1.85973469207297e-31,0.000196851723150869,4
"20672",6.151085865543e-05,0.842043836522512,9.7408592878661e-15,0.000312033196683687,0.154601540184317,0.00298107923782203,2
"20674",2.01772732335077e-10,1.82413130000346e-11,0.176398947802144,0.0248541267412173,7.55398726544123e-09,0.798746917682638,6
"20676",4.71393205940715e-06,1.56328800915129e-06,7.70101091987344e-34,0.254967263644769,0.745026400553329,5.85818336461541e-08,5
"20678",6.34301137954556e-10,0.0252224946986134,2.21904291833365e-33,0.928314173006535,0.0464633072301286,2.44304219501037e-08,4
"20680",1.33674159510965e-06,0.941404673463027,5.84306597544733e-08,0.00111584093254651,0.00206349346451427,0.055414596967658,2
"20682",3.51379827229483e-07,2.17738543498135e-05,4.11437205081657e-11,0.137440510476154,0.676902933098232,0.185634431150293,5
"20684",1.33766855196298e-07,1.26571500806518e-33,1.39897701493243e-06,0.76763069763266,2.15543367247514e-12,0.232367769621314,4
"20686",6.24724382950734e-08,0.999855505779146,4.75621228812836e-18,0.000132360821440397,6.35036352804332e-06,5.72056344741038e-06,2
"20688",5.99022155785247e-11,0.0287594578928712,7.99356517148519e-38,0.971240389212604,1.52834143801259e-07,4.78566955773209e-13,4
"20690",0.995708263024945,4.6370849118754e-43,1.05977570136176e-05,0.000367610301162498,4.67384905747799e-25,0.0039135289168792,1
"20692",7.80767178420708e-12,0.969891737922827,2.2133914238293e-37,0.0301082612245433,8.44797078979322e-10,2.44054305017841e-14,2
"20694",1.85119921348547e-06,0.748626239048002,7.13285121082903e-16,0.000540074654869188,0.248114440037779,0.00271739506013608,2
"20696",9.68023256022989e-08,3.50266805709327e-07,1.41768119733094e-11,0.0374562759892571,0.536536385390669,0.426006891536766,5
"20698",5.92225028931248e-06,1.07171650446192e-15,0.00523846462456915,0.876981014323099,1.32881322156552e-14,0.117774598802028,4
"20700",1.50809953880576e-09,5.12260675781608e-14,0.000421256997488637,0.998942529442756,1.56818870411067e-24,0.000636212051605131,4
"20702",0.992365269357163,9.08997046436818e-50,0.00499248412117087,0.00119398097516062,1.10402986927724e-39,0.00144826554650548,1
"20704",3.5503790006584e-06,1.45355243709844e-14,0.140511206440522,0.00882547465152545,6.05260888803174e-10,0.850659767923676,6
"20706",4.87749415510295e-08,5.18140996039475e-15,3.2410561481336e-13,0.980569262750032,7.07447616716322e-13,0.01943068847399,4
"20708",6.167104946708e-09,5.74845556612982e-09,7.59349085196055e-26,0.0553924008000664,0.944602139507333,5.44777703985598e-06,5
"20710",0.262868145886425,2.2986319332207e-23,0.045978966831794,0.00245732980152988,1.2747271278963e-12,0.688695557478976,6
