"","V1","V2","V3","V4","V5","V6","V7","V8","V9","best$classification"
"19811",4.04335763484548e-12,0.0556898657057296,2.29788803027917e-24,0.00351627856550046,0.0403597121984953,3.78546477698843e-05,3.36733589743965e-11,0.65083530053933,0.249560988305458,8
"19813",1.82824883637157e-44,0.00342937188153411,4.64450201867411e-37,5.47323326780909e-16,3.23132910116271e-40,0.00308770805642283,9.63220442100007e-31,1.52041261632638e-15,0.993482920062041,9
"19815",2.24651297429997e-44,0.00179515189574088,2.72624209858206e-11,0.0432761020171813,1.4909768434174e-12,9.51961291722741e-05,0.00404499197833958,0.950788557950813,7.98891874087453e-26,8
"19817",5.27180604252594e-17,0.00157877023294127,6.73429164055782e-15,0.0228772076288751,0.0355266971125532,3.74716386493275e-06,0.00023105167498643,0.939782526186771,1.00829616109553e-15,8
"19819",8.34394644294521e-66,0.00142017870256862,0.664397526612431,7.11764203271525e-07,5.32902330332778e-81,0.0849543140503674,0.24922726887043,2.97669052624505e-53,1.90416762875519e-77,3
"19821",6.47458476530079e-10,0.941182678239593,7.96176149123433e-17,0.0431221930450003,0.000528238997321601,0.0140446810692285,1.16253072306441e-14,0.0010798967927943,4.2311208592418e-05,2
"19823",6.92853974152641e-52,7.16091072465689e-06,7.27399934754474e-20,8.55671919468192e-07,1.01038792242588e-16,0.0941286224868181,0.905862209643798,1.15128673911418e-06,2.14311737144135e-36,7
"19825",4.56913512105446e-24,0.00572389242901458,2.27815612351555e-19,3.100429625786e-16,4.58608485464507e-55,0.994276107570985,4.86322655315775e-25,2.73406647992075e-63,6.41309736239716e-27,6
"19827",7.80153952916602e-06,0.000987678900852667,1.69696729519577e-13,0.00419491534412118,0.993138450430574,0.00153405077028341,0.000130753963153988,6.3490513161808e-06,5.9754445058816e-23,5
"19829",6.41595618421326e-13,0.737649421335096,0.11847212234955,0.143251676622784,3.22970124733191e-32,0.000626779604820266,8.71086272574695e-11,6.43965634939177e-36,5.05199601444864e-32,2
"19831",4.31368670389953e-88,0.018573209607032,0.875335453383266,1.21507258267229e-07,6.95248496224021e-82,0.0668866547371299,0.0392045607653139,1.3117455947089e-40,1.8753670759022e-44,3
"19833",1.18979485979678e-91,2.09042870881754e-10,5.1252827399155e-47,1.55896685274336e-40,1.21183279015299e-152,0.999999770483565,2.29307392475979e-07,6.55425188321039e-111,7.80749617155637e-70,6
"19835",6.47458476530079e-10,0.941182678239593,7.96176149123433e-17,0.0431221930450003,0.000528238997321601,0.0140446810692285,1.16253072306441e-14,0.0010798967927943,4.2311208592418e-05,2
"19837",1.01148073870113e-06,0.00025338003472851,1.04324970161847e-10,0.00948395886261195,0.989500643691638,4.70764338556047e-05,1.09741002684758e-06,0.000712831982070664,5.09061562336828e-15,5
"19839",8.90403565409451e-10,0.993138389883928,0.000164125468396759,0.0066973637961473,2.34351059752964e-37,1.19574784896498e-07,1.20796850246153e-18,4.71888878110426e-30,3.86339924463128e-10,2
"19841",0.867587027188865,0.00790312988947377,2.92483302050445e-29,3.91737045281208e-18,1.23626680347205e-31,0.124509842921648,1.31698897609679e-31,5.42005405013065e-54,1.37284182121115e-14,1
"19843",2.05781377427633e-82,0.991257335183407,5.22645681638964e-06,6.18766041847036e-09,9.81322807663898e-107,0.00873743217211641,1.7403640208161e-24,9.13493965214552e-53,3.73710875547786e-18,2
"19845",1.26987266378409e-49,0.017862092867089,1.6305216937937e-38,2.34693091752438e-09,2.60501026864515e-15,0.0315573156937276,5.17656931108601e-17,0.0482404082572523,0.902340180834997,9
"19847",4.4596738741332e-56,0.407362376656624,1.79011567335002e-12,0.161467117499936,9.60139166898282e-16,0.0203422741136736,5.18947627406885e-07,0.410827706916947,5.86340069729857e-09,8
"19849",1.20210997541152e-46,2.8724819718074e-05,6.35770659830893e-47,5.14404278630632e-19,8.12279233200071e-32,0.000919729316539129,1.11723345776174e-31,1.06911975894323e-12,0.999051545862674,9
"19851",4.72001271770137e-25,0.0015281460281048,1.16521537206873e-19,0.00661076039917272,0.681079945311045,0.000747173798130256,0.000416410425624627,0.309617564035073,2.84997829564506e-12,5
"19853",1.89981278032014e-39,9.22805230202106e-06,4.79095097617049e-49,1.35596686479023e-11,6.45155552493035e-07,0.99818438988179,0.00180082948623914,4.34388481898743e-06,5.63525737430761e-07,6
"19855",4.21950998135315e-14,0.00282133142335547,8.88076863874213e-31,9.48257595287184e-05,0.987652411161125,0.00209853355226841,2.27092118835203e-05,0.00731007425183937,1.14639957252477e-07,5
"19857",7.12475876629637e-08,0.230943388628372,2.62845945894608e-09,0.72844437467713,0.000483713419793293,3.4203152904776e-06,1.77954810403715e-11,0.0401073067305732,1.77223349981255e-05,4
"19859",1.26110792700813e-12,0.0997313815077895,1.91112677754374e-10,0.427997316986118,0.0702849791917746,6.17572304088275e-05,0.00315120538075985,0.398773359510774,1.44046518357056e-15,4
"19861",3.19981153431863e-29,0.00746869495800492,8.36046960997538e-29,3.19016962430645e-05,0.00010405749102473,0.000792087936841067,4.04619180487614e-11,0.929389432260825,0.0622138256165997,8
"19863",3.68232563410159e-11,6.29242347030721e-05,1.94097003452188e-59,1.23916772841556e-27,5.34757611901039e-36,0.00029550766467738,1.3078379274413e-43,8.80369132620025e-34,0.999641568063796,9
"19865",0.983738593698217,0.00242523034245804,5.28319841025552e-24,2.43644288324891e-07,0.013723814073629,0.000112118241331454,1.9086035790489e-15,7.38160210232501e-14,6.17075443598055e-18,1
"19867",6.18920392912843e-62,0.0048970571388166,7.10876858993779e-19,0.00241957269023785,2.44264648276968e-16,0.00201120239456338,2.80725316348115e-08,0.990672135543367,4.16048315285588e-09,8
"19869",1.07081836818071e-18,0.0001972381316849,1.81219207444953e-48,4.43468789601339e-14,2.72660455706848e-11,0.00334666345435391,7.49236375902473e-25,8.9086982049935e-08,0.996456009299669,9
"19871",2.7682050891819e-06,0.00912681161312318,1.01087356879147e-07,0.35978564749846,0.618547301600095,4.39631408854574e-05,0.000794066633991105,0.0116993402209993,3.86086464439843e-19,5
"19874",2.6818588920959e-08,0.047922016414134,7.53985541011865e-24,0.000222599259247998,0.947507221404134,0.000330546881311701,3.47049299633732e-06,0.00401411872958697,4.75144449191101e-22,5
"19876",6.7625203380641e-09,0.000242216253724524,1.82219246338996e-30,3.28990600666629e-06,0.830240162992507,9.48505729948995e-05,6.1305895795741e-11,0.169419473356538,9.44022353897163e-11,5
"19878",8.9156752125135e-48,0.887131381669147,2.83599058360237e-11,0.112496816152378,6.20176281287579e-47,0.000371795854594181,6.29552012144950e-09,1.13009492178701e-27,1.05117485968396e-35,2
"19880",0.999933860645676,1.0916235783195e-05,5.79785514612941e-38,1.35378320298101e-12,9.83457125388079e-07,5.4239272320755e-05,8.91330958128704e-19,1.72791611125971e-17,3.87740845129595e-10,1
"19882",3.01329519880747e-29,0.760076607559695,3.50961242223145e-36,5.2502352392583e-06,6.07345840614438e-09,0.223395682102628,6.03458997867906e-12,0.013650619359044,0.00287183466390047,2
"19885",9.69026485956259e-16,0.00262631114397987,3.85062488653782e-06,0.136510947728725,0.00011453097377954,1.49392833112999e-06,1.82475687076992e-05,0.860724618031582,7.18350276522008e-15,8
"19907",6.0439022094894e-48,0.197101975058236,8.22251705416047e-26,0.00088213725007997,2.11256680267193e-13,0.0507638431648692,1.86828189954075e-10,0.751218625021691,3.34193180845062e-05,8
"19909",1.68158051898703e-39,0.0340974448655258,0.792993890186742,0.172584734968277,1.1954283174416e-33,0.000323929928212286,5.12418333403359e-11,2.97346481596089e-16,8.6221315132814e-16,3
"19911",1.19715710769269e-12,0.814476170249222,0.171807998659647,0.0127068238005078,2.52821533232322e-26,0.00100898293668431,2.43527413034012e-08,1.16834837876886e-22,9.71779392586951e-20,2
"19913",0.999915188154372,8.14557796631617e-06,1.5887239151574e-33,1.19369248315013e-18,8.41653139029031e-16,7.66662676610665e-05,9.92372597491295e-22,2.81434074220412e-38,9.56605037825559e-24,1
"19915",0.0374884970759492,0.000304070088436051,2.04285135903989e-23,0.000267355450456426,0.961847543978713,8.92401999917868e-05,1.83026487823238e-06,1.46294157539531e-06,6.92866721515843e-17,5
"19917",0.974130299524806,0.0256964635326268,1.85931650376893e-16,0.000164047186728891,2.87534374717644e-06,6.31411000948204e-06,2.95523987508976e-10,6.25947092356325e-12,2.9764654533322e-13,1
"19919",0.000171595024666736,0.00162619301546904,2.60898911101632e-14,0.0126958393394169,0.98109747158665,7.89535803173456e-07,7.76999780107015e-05,0.0043304115199576,2.49435909695884e-20,5
"19921",1.13748961277006e-32,0.000957112871163473,4.97611500813317e-17,0.00381649142779149,2.39211611441603e-05,1.80053999718936e-05,2.17504363987341e-06,0.995182291801172,2.29511723161502e-09,8
"19923",2.81196645075373e-66,0.653525494809471,1.40215256939904e-13,0.345499581024513,3.57591301144694e-34,0.000196215995283461,0.000778682926138908,2.5244452930865e-08,2.28526550817448e-28,2
"19925",0.947638778481175,0.0031307628449931,2.80599955308355e-21,0.000150373792760645,0.0490132232030943,6.68213785826613e-05,3.54133545829359e-08,4.88603942311817e-09,7.53659907680853e-18,1
"19927",1.81700209543406e-27,0.000284108544126972,2.03315807505262e-17,0.00256627992306981,2.36120425842459e-05,2.42358466961499e-05,4.69052877127553e-05,0.997054858355773,3.72203522401416e-14,8
"19929",0.0042830708628732,0.00222155584465961,5.44686422413796e-52,9.38617407908863e-25,1.54914119772829e-18,0.110063581012313,1.41901685676084e-39,4.23328196685361e-28,0.883431792280154,9
"19931",8.02434417535872e-32,0.00457783075744784,4.69095641806644e-10,0.0912449746290715,1.79460553618972e-10,0.000224177845003902,0.00101734249730404,0.902935673622617,6.5006072690911e-24,8
"19933",5.22504163118071e-27,0.00518167147798364,0.107449669604598,0.885092445681407,8.32007666577352e-15,0.00213386152010497,0.000142332907124321,1.88087731129727e-08,6.44863581386877e-31,4
"19935",7.14269356116111e-25,0.366187801055215,1.9624063749679e-05,0.632362959389129,2.37373472309099e-15,0.00142047510829376,1.08162760146599e-10,9.14026787552729e-06,7.57201469577014e-12,4
"19937",1.25440775021656e-42,8.0011859274653e-05,2.22543933801822e-15,0.00192414990905002,6.00742029951103e-08,7.45701450686634e-05,0.000430286980519345,0.997490921031882,1.96905237334097e-22,8
"19939",1.5421410007063e-23,0.201874445416761,4.12614421306144e-16,0.790180168008052,9.78229131581009e-09,0.000208917134224112,0.00321502146795764,0.00452143819071302,1.24794257021325e-27,4
"19941",2.69033131138816e-10,0.995944674874529,0.00145469769450104,0.000154368108245712,4.59327224006467e-33,0.00244625905359415,1.08209078917263e-16,3.23457279774791e-30,9.74898578454373e-14,2
"19943",0.959552541374644,0.00450712418270443,3.48099084297276e-26,6.14100079165802e-09,0.0315198487144521,0.00442047940201947,1.85179546969925e-10,8.8847451220104e-17,5.38638271131247e-27,1
"19945",2.22298423429722e-29,0.00891512195988481,0.30606795140514,0.682819695448498,3.29286988815531e-20,1.05405152999418e-05,0.00218663335729707,5.73138800377399e-08,1.2999520897849e-29,4
"19947",1.54420268693853e-08,0.971293845520866,1.72853094081306e-14,6.28660803130003e-08,1.50905658441127e-32,0.0287060761708155,2.33347705751966e-18,1.78759869785971e-36,1.94182848143668e-13,2
"19949",1.12883194658252e-72,0.0546009162010761,2.37128891059825e-07,0.942237817972548,5.76931928272365e-37,0.000793010244104406,0.00236801844380363,9.57724399184081e-12,3.26387889986755e-43,4
"19951",0.0417409785958158,0.447667632808548,2.20311311456082e-14,0.510485307755967,6.56796424001889e-05,3.90107349988888e-05,1.38844556395452e-06,2.01668424864241e-09,3.91264110120592e-18,4
"19953",3.06567573562942e-108,1.04039428996512e-05,7.92683316215364e-05,3.22882572974795e-09,1.99050775139405e-76,0.0337999736828808,0.966110350813772,1.85085345691879e-34,3.21592974113437e-61,7
"19955",1.31724342400175e-66,0.981083292554316,0.00616542868666151,0.0126122350168992,2.67157688258655e-64,3.88397260977367e-07,0.000138655344862643,1.29123868285276e-29,7.53901302673097e-34,2
"19957",4.82244766080474e-06,0.959991689515345,2.50671820667363e-13,0.000198998126547156,3.40552849286881e-11,0.0257508462937126,0.0140536435823925,3.6281633572592e-14,4.53275965440222e-20,2
"19960",2.21728016126257e-26,0.987546965540216,8.30151008226823e-05,0.0112765838763105,1.31780679106246e-43,0.00109343548261903,3.21200364130414e-14,2.33450509260472e-37,1.4046937449978e-27,2
"19963",1.72116629746292e-30,3.02982300132687e-08,1.06830240195764e-35,4.34067038764945e-32,1.61165442480234e-72,0.999999969217536,4.84233886124593e-10,6.29086520929753e-72,1.55394974960811e-42,6
"19965",4.98717785949809e-62,0.337427606164261,0.0158412212269454,0.646730876407448,6.85611749066502e-84,2.96087418533728e-07,1.13926750109667e-10,7.01440162746705e-40,8.93411777919531e-26,4
"19968",0.0038874891723944,0.854493557933512,2.94580634473534e-18,1.93459105125104e-08,3.9342963470148e-13,0.107294457990508,8.93791645998444e-35,1.74026015322605e-17,0.0343244755572818,2
"19971",5.07747341266243e-11,0.000856910473351651,5.39281899663618e-25,6.99101370391721e-22,1.5951199105441e-66,0.999143089475232,6.42058657924767e-13,8.99340122697881e-91,4.64771879289919e-57,6
"19973",4.46930902856544e-08,0.00119603075697832,7.27834304383598e-15,0.0128608760149174,0.715766571704349,4.66418418708663e-06,1.19234876628242e-07,0.270171691821926,1.58966872423117e-09,5
"19975",0.972411374058141,0.0268568637542374,6.52896596442426e-18,0.000315698317949728,0.000360865333669806,5.49907993325243e-05,1.70751774157672e-14,2.95040350417391e-09,2.04786249133728e-07,1
"19977",7.78219625968774e-08,0.978416197310875,3.56167949731915e-34,6.98970594545445e-15,1.77213840864467e-43,0.0215837248671548,5.25329027750177e-16,1.640539365157e-46,1.67709201037413e-22,2
"19979",3.41601319781258e-42,0.0112234712871538,0.987683067079279,7.93047901861848e-05,5.030786524969e-74,0.00101413185045584,2.49929246026646e-08,4.35845237039291e-64,5.68862072688879e-65,3
"19981",4.65180530385648e-21,0.0137046445925414,1.64633244227408e-05,0.887443047674016,7.6624490779148e-09,1.66535340141779e-06,4.66481085385534e-06,0.0988294913081442,1.52741716733529e-08,4
"19983",3.72836712982547e-32,0.0270155236192743,2.7312900783071e-09,0.962698876076291,1.99007737945186e-12,9.18248869647139e-07,1.34436630688267e-05,0.0102712356587585,4.5758028703811e-13,4
"19985",0.00440429860097646,0.000775878116948845,7.13772963495854e-28,8.72558081789934e-06,0.994656701903094,6.90438122826104e-06,2.64694845387567e-10,0.000147491150790369,1.44982322625087e-12,5
"19987",5.46714591842293e-11,0.0321537972283637,0.00018525743231205,0.932843724958751,0.0170091730101226,0.017729745164415,1.46370876366959e-05,6.36650637271727e-05,1.08272403153308e-18,4
"19989",1.90123499207045e-96,0.00134173306860852,0.989520127670409,0.0012483211472647,5.02784585160816e-81,0.00751987885446496,0.000369939259252485,4.40109481818222e-43,4.93271281940142e-68,3
"19993",6.08473022732255e-16,0.0154491550721369,4.0341398786759e-06,0.984457381172452,8.35334755807481e-16,5.01300198750097e-05,3.92995956558899e-05,4.59054327087978e-16,1.70261153568371e-41,4
"19995",8.13410953125152e-18,0.251941306282736,0.00904224217658058,0.738383033088051,8.60640339528364e-19,0.000633269679207018,1.48773373033667e-07,5.21450201673406e-14,3.25385973189859e-25,4
"19997",1.74277298778297e-13,0.00219955234958816,4.13259677133407e-19,0.00698241785297337,0.0174887935516933,8.48170185671275e-06,3.85578618395365e-06,0.973316898747607,9.92284449129478e-12,8
"19999",0.718899126213601,0.0098793985366355,5.76883830627624e-28,0.000291243665990034,0.259204744960975,0.0014061930197504,3.5149153647806e-09,3.62174988662271e-06,0.0103156683382464,1
"20002",5.26129010175303e-22,2.24199344221017e-05,1.99587911934043e-39,5.87786760255767e-28,1.61095769570424e-48,0.999977573088813,1.26995538713129e-37,1.11460297055867e-51,6.97676449931785e-09,6
"20004",8.40203105616164e-27,0.435748466334533,0.278107266108734,0.12767615718754,1.06994876952595e-18,0.158468110361172,7.8321843981802e-12,1.44118690766831e-13,4.53386160449873e-14,2
"20006",2.96593525794271e-29,0.998896670274927,2.21492511813552e-10,0.000856577749953131,4.51293566064953e-53,0.000246751748869736,4.75776765680476e-12,1.13732508780649e-35,1.49170558315691e-20,2
"20008",5.56772514641454e-46,0.997638280465365,1.17028676574495e-09,0.00203786537496853,4.43438998981159e-58,0.000323850748462133,2.24091728927804e-09,1.10795119418027e-35,1.14996598764983e-32,2
"20010",2.07156358975159e-50,0.0241487970110535,0.278552198264708,0.665263441398981,3.10643107384831e-31,9.19301750473981e-05,0.031943633150121,8.92371281671387e-14,3.4568137126129e-52,4
"20012",0.00888596327818754,0.973291238592171,1.31870705738911e-32,1.45524065288896e-05,2.2250160100031e-07,0.0178078801400874,2.18005067485107e-17,6.1679735212471e-13,1.43080806831953e-07,2
"20015",6.4248493420414e-59,0.0145988136276787,0.981537940383913,0.00383714633239466,4.82386940064052e-77,2.60996560133588e-05,7.71280138102936e-17,7.84978351688051e-51,2.21476644155272e-36,3
"20017",5.40979629980356e-09,0.000690835466116923,7.00125544039312e-24,9.81634478153754e-05,0.967687380774559,2.18344854421056e-05,8.16250144249741e-11,0.0314936433977078,8.13693693716452e-06,5
"20019",1.03013186179227e-79,0.00925673166841686,0.987774617883789,7.83017109835881e-06,2.8224562544225e-109,0.00296009715919871,7.23117496668798e-07,5.90996259742353e-78,4.56999375014749e-83,3
"20022",3.58176168060748e-42,0.00689324366379458,0.621566460095804,0.370096339869018,1.21247889449676e-29,1.68635039127185e-05,0.00142709286744209,2.86513362733503e-14,1.09841725936655e-40,3
"20024",1.03968660929205e-146,1.18286922181426e-06,2.74786887789482e-06,6.34948120030772e-15,5.24029098887074e-124,0.999907698173831,8.8371088063167e-05,1.44587492439123e-78,2.23919169717567e-82,6
"20026",1.03968660929205e-146,1.18286922181426e-06,2.74786887789482e-06,6.34948120030772e-15,5.24029098887074e-124,0.999907698173831,8.8371088063167e-05,1.44587492439123e-78,2.23919169717567e-82,6
"20028",1.32155393230179e-07,0.000116668200121749,6.20931486039293e-27,2.9819447277118e-05,0.996743951314506,8.82184160253762e-05,9.68199350281078e-09,0.0030211986726657,2.1120169549512e-09,5
"20030",1.76958998831196e-30,0.150597059527531,0.831612761340474,0.000126907825726392,8.06054676537352e-48,0.0176632713062683,8.35523369703223e-19,3.12824421191945e-42,3.23905049205043e-29,3
"20033",0.121747249648901,0.0378848250575166,1.19166153454584e-11,0.597420247506139,0.242559473376831,0.000362964207964549,1.16793697464206e-06,2.40722486619803e-05,5.09500291267624e-12,4
"20035",1.0256618436257e-92,0.0153735805255694,0.911636245784642,5.85572246972333e-05,1.52978670977407e-110,0.0729229025583114,8.71390677984016e-06,2.8578125659826e-78,1.98608079380471e-87,3
"20037",2.53062180181272e-88,0.0225124803408279,0.976341109657737,0.00109085910398411,1.88767928927523e-111,5.5547229710369e-05,3.66774039511672e-09,6.36265694461818e-61,3.08514538787557e-57,3
"20039",1.03601528632683e-210,7.48046139884263e-14,3.81694754770842e-17,4.21377741775518e-26,2.49503262004306e-163,0.0154597969580799,0.984540203041845,3.00832154593345e-93,3.3426071182049e-123,7
"20041",5.30806400479593e-31,0.0630051423063404,1.45865823538216e-10,0.933852754156286,5.92025824758456e-30,3.31272208154778e-07,0.00314177211929916,1.15121437370064e-16,3.72731128037108e-30,4
"20044",1.53008933641945e-25,0.886698215653884,5.30052863974819e-12,0.111396618402473,1.92697706533471e-33,0.000877960511908352,0.00102720542643402,4.46525706509339e-25,1.03749963760429e-33,2
"20047",4.57958804153767e-64,0.0336191085999491,0.957110099947589,6.08126386239052e-09,7.04211344229408e-119,0.0092694732263423,1.31214485540062e-06,1.43145436824715e-93,6.17840655951921e-84,3
"20050",3.47276790015265e-51,0.00987543605074739,1.85248520819713e-05,0.00476202706412218,5.16965174324667e-43,0.00640206931681612,0.978941942716232,2.47871153020636e-29,1.04388754890665e-80,7
"20052",1.39382760628195e-05,0.0357241153759747,9.82126306246474e-06,0.930134205675651,0.0022631923517573,7.77573343982469e-06,0.0306497864744909,0.00119716484956099,9.19966178763704e-25,4
"20054",2.11520391730678e-31,0.0400453791869124,0.862170923962887,0.0977812536720129,2.60272032707653e-43,2.44317818701266e-06,6.84882143526071e-16,1.17237020024524e-30,2.96664454403531e-20,3
"20056",0.0412534941320332,0.0949603959839441,3.26382796280624e-16,5.86738625675167e-07,4.03256826312844e-10,0.863785522738767,3.37264900997256e-12,2.89533553642405e-26,8.46480658331473e-24,6
"20058",5.91441742995423e-108,0.00248916662373801,0.992023585773188,0.0019019455585556,1.40718819047223e-87,0.00358362034169415,1.68170282419027e-06,6.73588636643057e-43,1.0508467502619e-58,3
"20060",1.10938351331739e-31,0.00813853088052922,2.80470387676468e-13,0.245154688237456,5.84003851729014e-06,0.0230855210525778,2.85366538234723e-05,0.723586883136815,9.2486596224917e-17,8
"20062",4.13141802571334e-20,0.0153320669214201,9.96946426451506e-09,0.963689085411768,7.85435051206586e-08,1.92293019090074e-06,0.000101069139994617,0.020875767083656,5.75742487434274e-16,4
"20064",6.82903671977913e-15,0.00309748032653305,0.76991320459929,0.226973987615572,6.32769933835117e-15,1.29014802231488e-05,2.42596438209819e-06,1.39869283288942e-11,2.09482034628978e-26,3
"20066",1.5350424308071e-41,0.0819437450576884,0.865618943392446,1.36617264481107e-06,1.11871843995857e-76,0.0524359453772201,8.50700491003565e-19,9.85061419966553e-69,1.34535383176137e-43,3
"20068",1.01568960727501e-29,0.00521512255338771,3.62003445884429e-21,0.00388020406742572,3.30095150278553e-05,2.85016219287391e-05,1.75079420408342e-07,0.990842844791054,1.42371755752601e-07,8
"20070",6.69392603384397e-45,0.00933106387489034,2.26672193092723e-19,0.00731335493243844,2.54379818311005e-12,0.000169186347851435,0.00972661150564078,0.973459783336635,8.94651675335189e-18,8
"20072",1.91208294926358e-78,0.994057121623755,0.00136105189559694,0.004484057903417,1.18917046984475e-84,9.77685772312255e-05,5.82849105787777e-18,1.96904630603454e-41,1.15221751571461e-18,2
"20074",0.999464480818433,5.45517603279813e-05,1.88720404784461e-48,2.65590558296726e-22,4.67854986582975e-17,0.000480959237056318,7.32294949812657e-30,4.95401711959534e-33,8.18418258707866e-09,1
"20076",0.0128824352434941,0.968575176354044,7.85570836323227e-13,9.66738388141921e-05,2.66157561172918e-12,2.4376241703813e-05,5.40512360753441e-26,2.50658574057044e-14,0.0184213383184714,2
"20078",5.73534497153764e-25,0.0320743554768062,0.636152862319322,0.331117157046879,2.79710823474006e-27,6.55293557637172e-06,0.000649072221093539,3.22651306459331e-13,1.49067992650306e-26,3
"20080",1.96630347893558e-56,0.0044780052685501,0.993944343032527,0.00120446348591689,3.28516014561011e-78,0.000338648470833545,3.45397421729725e-05,2.03083513487205e-56,4.42252826978728e-75,3
"20082",5.00426937232579e-115,7.53125040120268e-10,8.85835075040251e-07,8.98467364544086e-16,4.58504666925259e-95,0.0160388513999533,0.983960262011846,1.76687322177233e-60,2.99776432848647e-111,7
"20084",2.89954345064766e-11,0.394982455643126,0.601193663490879,0.00311265294565505,1.03624277842286e-29,0.000429231010362394,0.000281996880982444,4.59880211407587e-27,1.22038479010744e-34,3
"20087",3.17546425590077e-56,0.0284668337187301,0.0973218503440852,0.874206554354922,5.28479032129389e-43,2.81580794723099e-06,1.94577427256141e-06,4.32364168696804e-14,1.21793582628347e-20,4
"20090",5.14395279362816e-63,0.00641618361621539,0.981648419050058,0.00583802885931,4.39704909944547e-78,0.000357155440096516,0.00574021303432035,1.14951596799719e-55,1.41094192292173e-87,3
"20092",1.07922322992438e-118,0.00245768518336841,1.57901216252378e-13,1.27369368655637e-07,4.38942308606456e-70,0.0354347862005909,0.962107401246514,1.23452652009685e-17,3.26067968503284e-30,7
"20096",2.61783262455529e-32,0.0197485354516075,2.55862249701075e-11,1.47439684945172e-05,7.50608909231145e-27,0.000474739087465435,0.979761981466619,2.26940515352627e-13,7.07236017472315e-34,7
"20098",0.000720047848752935,0.0023708690341284,1.14459996790159e-15,0.0261959861885853,0.970449474022924,0.000125617082589501,9.75479909997537e-06,0.000128251023918528,1.19829730215819e-19,5
"20101",2.91934665012257e-19,0.0927014107116372,0.889748466052259,0.0174663495591534,4.81081117000013e-51,7.30414162524025e-05,1.07322606983344e-05,2.46032780346937e-47,4.49944231383058e-53,3
"20104",7.87517723249419e-76,2.49057896571956e-06,5.76192212160254e-41,7.16161501106178e-19,9.57255894673859e-44,0.997764405756447,0.00223310366458768,9.82533295420141e-19,2.17711761812249e-18,6
"20106",3.63434870824251e-20,0.00120472004634421,0.952001846324076,0.0467900392045155,6.34383067745577e-32,3.27263089886249e-06,1.21794165399604e-07,1.49794927204759e-30,1.738410217226e-46,3
"20108",7.02431032646056e-12,0.00795544261309846,1.41586214499134e-12,0.109688999415654,0.0206181068850558,0.000731598116215718,2.96736263272681e-08,0.861005811076599,1.22113109351581e-08,8
"20110",8.27140817637899e-16,0.147848389923212,1.97063901103107e-13,0.000841676569770452,2.1303561650549e-16,0.011245719181282,0.840064214325537,2.10055986738067e-17,8.33353458728432e-45,7
"20112",2.60106641217127e-40,0.0275112726004298,0.00924554887884477,0.947393903093661,6.37844838459884e-41,8.48827840627942e-05,0.0157643926430017,1.67800049449504e-27,6.06745330541406e-59,4
"20114",3.55681694442037e-08,0.279494401467762,0.663295217971384,0.03979889259043,1.94394859705575e-18,0.0174009109721931,1.05414300611385e-05,6.09764859055358e-21,5.2882526911583e-25,3
"20116",2.72973332597039e-07,0.146914151855858,0.758860531344553,0.0942134403141973,3.56919716059583e-22,1.16035120535375e-05,5.87670861710116e-15,3.70851434245268e-24,1.0319678640298e-16,3
"20118",1.05431061641798e-05,0.0110634704754585,0.00497312829759641,0.982630669394305,0.000466597371865417,1.34529998956368e-05,0.000629104285054283,0.000213034069660676,1.4214834895569e-20,4
"20120",7.9797768734304e-25,0.035260165421161,0.343243865234467,0.297336317463421,5.42953095473384e-28,0.244161715190432,0.0799979366905187,5.78927559281111e-31,1.32399129725202e-69,3
"20122",0.998813452119822,0.00116671598901066,5.32877835929759e-22,9.47373277088826e-09,7.2864062554235e-08,1.97490239890169e-05,1.30111872583435e-17,2.86435350238229e-17,5.29382955008361e-10,1
"20124",1.26596579587534e-69,0.16236727640248,0.826778540327228,0.0108125610070083,1.74495023253724e-92,1.44061400709989e-05,2.72161232128229e-05,4.4157476177497e-42,6.23504852137714e-42,3
"20126",3.13765854857581e-109,1.28496075817313e-07,1.72288082770493e-13,3.90321950150368e-23,5.89204620231437e-137,0.952123481696789,0.0478763898069629,2.19280090487395e-86,4.49461802657446e-69,6
"20128",5.46403136732237e-127,0.00024864200926477,0.000262284628599191,2.04195063638939e-19,6.79116386785779e-192,0.9987660903042,0.000722983057935901,1.37441883814466e-122,1.04466256939643e-97,6
"20141",1.97303385865723e-39,9.17594832186553e-07,4.26636446022883e-27,3.07207915142506e-11,5.30951141204613e-16,0.146777467368424,0.853221615001007,5.0150052376561e-12,9.28628209491221e-30,7
"20143",0.0272673848385796,0.00452796172294361,1.03448615186592e-40,2.90242060668707e-17,2.07113492424861e-31,0.968204614178952,5.63427120113707e-23,3.12425082535205e-45,3.92595250269568e-08,6
"20145",2.5624542165716e-37,0.00268209981350609,0.850951142934716,0.13706016619404,2.10413047201333e-26,0.000322942451594213,0.00898364860614322,5.09537068084491e-16,4.09878333109592e-54,3
"20147",2.02472725611657e-26,0.00192855247465348,0.780008481532121,0.218009612728988,7.49824015780403e-31,4.08354986218139e-07,5.29449092518395e-05,3.01326749011372e-19,3.68518592835165e-35,3
"20149",0.998924747574984,0.000994547995130224,2.16966284403397e-29,2.1552406091051e-10,2.58170431096324e-06,7.81225100345389e-05,3.1169542725976e-15,3.24356691464707e-16,1.23395548303786e-14,1
"20151",1.01919386584661e-05,0.000470874832597254,4.40250221189671e-15,0.0107189471274781,0.98672018506631,2.48459748329548e-05,3.05848375863616e-07,0.00205464921174283,1.15560191830966e-17,5
"20153",4.31846082745944e-05,0.0302923120843758,9.74380311015489e-15,0.00879431175234358,2.52394491074188e-05,0.38079466565762,0.580050286448267,1.94393550340661e-15,8.11632571521773e-43,7
"20155",4.94131857206054e-37,0.00269227717048462,0.347666806626943,0.649638861641222,4.26982301386678e-51,1.96220520544363e-08,2.03493929778933e-06,1.20731192737295e-32,1.04641927345624e-41,4
"20157",6.3315127759733e-08,0.00102083334635762,1.07970379072781e-18,0.0021996594249173,0.96674194437374,0.0300343160462126,1.59373782752143e-06,1.58975581706412e-06,7.35956980767402e-21,5
"20160",0.999957485763381,2.2441482989229e-06,6.47210194157456e-36,7.82781802573774e-18,2.63844638031385e-13,4.02700880557256e-05,4.57509580731456e-22,4.30535415942633e-33,2.68434556984191e-19,1
"20162",0.989361100848855,5.22410716529816e-05,4.80097302452534e-34,2.72469554815753e-10,0.0104719727280302,0.000114685075735037,1.75494542375564e-15,1.98081758180266e-12,1.27412614253232e-12,1
"20164",0.200773681083401,0.760245646638642,9.27029447735674e-20,0.00131147122624261,1.64462635573213e-07,0.037668244373262,7.92215812888989e-07,3.39885879263855e-15,3.64829234541294e-20,2
"20166",1.96231309674048e-24,0.987289742241486,9.56215835594882e-05,1.04898234305016e-08,1.60777007194958e-64,0.0126146256851308,3.11479425291966e-28,8.54869062225569e-62,3.53658213266609e-22,2
"20168",1.98958951994467e-38,0.875367497289677,5.52160437532872e-23,8.24640066139155e-22,5.82609674578183e-72,0.124547377051857,1.16107016190146e-43,4.53402296605235e-59,8.51256584665079e-05,2
"20170",0.994000198133748,0.00209289061747958,8.42901491641948e-15,0.0030616544533988,0.000525635043597987,0.000173220964210965,0.000146400098585472,6.88970998776116e-10,3.41022752216066e-16,1
"20172",6.20642838622527e-64,0.00275615491729103,0.765850711902809,0.229411387808097,7.92299943644419e-41,0.000143726363445243,0.00183801900835561,2.24704572956347e-15,4.20137565824294e-42,3
"20174",5.33116303952521e-07,0.00314466781705341,1.77400553151565e-35,4.77166077197577e-08,0.974298575150011,0.000794699550804386,3.07431370534028e-18,0.0186866221611723,0.00307485448804729,5
"20176",1.88367384830476e-36,0.978622474147238,3.28468313403e-27,3.38882310656266e-12,8.0475601310696e-57,0.000466710475009021,4.97681061547518e-36,3.59291888945786e-33,0.0209108153743643,2
"20178",0.999838942580823,3.08783225654297e-06,3.579753298783e-36,3.91598105711748e-19,3.27537637201684e-14,0.000157969586887272,1.96565110060572e-21,2.84535266468351e-37,3.15245508096543e-24,1
"20181",5.30143596639133e-14,0.250931778592748,0.73748136442076,8.69749319037779e-05,4.4533035622288e-42,0.0114998820545351,1.62446251881322e-18,6.72267104278389e-49,8.74235622821266e-32,3
"20183",9.86039147141505e-45,0.00121117340980535,8.58250303897064e-09,0.0502797668089952,3.3627197542953e-08,0.00127140557264609,0.00812054014259818,0.939117071856255,2.92377627516617e-21,8
"20186",9.92388973468985e-103,0.24017879683105,4.41131289854827e-10,0.171610133972905,3.32190553655719e-35,0.559232152427901,0.00757308530760442,0.0214058310193958,1.23558462489405e-14,6
"20188",0.999742324753669,1.30232076107193e-05,2.45077808290659e-35,9.55053097214648e-14,1.29707660710985e-10,0.000244651908917107,4.54968686388908e-17,2.4962684982788e-26,2.14461819247173e-17,1
"20190",1.22335232354248e-44,0.00756666030942501,0.988080150830414,0.0041170052536902,1.21652340079524e-60,0.000236183601834894,4.63560577717426e-12,6.30672218309054e-46,2.28152636280096e-46,3
"20193",2.27413983193636e-07,0.993291306992519,6.73510418282804e-30,4.03768768622105e-16,2.45831754057745e-49,0.00670846555978658,3.73356821396438e-36,6.64715058984756e-60,3.37101922234181e-11,2
"20195",0.181881971117019,0.217966122575403,4.95678391075648e-14,0.599616876461366,2.98222862207028e-05,0.000503698853244704,1.50870556225957e-06,1.13489031145434e-12,7.44436873498628e-21,4
"20197",2.65757276694128e-44,0.00119420405800532,0.575611491961775,0.422923032820931,2.28329403532366e-42,6.31933993186458e-08,0.000271207965889951,2.74378625160989e-19,9.13722152351352e-38,3
"20199",0.998984418806862,0.00080775403151206,2.24909687723074e-26,3.39915462703727e-06,9.50411481774438e-06,0.000193635664971608,1.28822703475685e-06,1.74949461402256e-13,1.99605709026444e-17,1
"20205",2.88214713576562e-129,5.02544634751507e-08,8.33500524231831e-15,4.29173711022963e-15,4.0310285158161e-97,0.0732548842708134,0.92674506547471,7.43516341298907e-50,2.93409218314315e-104,7
"20208",1.8606145291027e-07,0.0307074398128102,1.03392156371488e-12,0.963707614815598,0.00518471519740291,0.000195932430297249,1.14378931410488e-05,0.000192673788263189,7.6236747774289e-16,4
"20210",0.995862035768835,6.29682478295561e-05,2.64026555090392e-30,4.82820010899665e-08,0.00400648725581921,6.84604393527757e-05,2.00574469014236e-12,4.14668951061326e-12,9.62300761753849e-15,1
"20212",0.16148213493398,0.258137014674141,1.43003413483228e-18,0.0702459316256681,0.505673674762314,0.00445969234445569,1.26781354501355e-06,2.8384589654878e-07,1.60051201389881e-20,5
"20216",5.93069516693182e-27,0.0379549650076541,0.774363357901134,0.181217581378453,2.4098983845981e-28,0.00646408688994918,8.82280962285548e-09,3.56826086547076e-24,7.40780847182722e-35,3
"20219",9.85744279595877e-44,0.0243608617088334,0.197183097172659,0.000556772393651746,4.06730661599999e-41,0.00305899284734032,0.774840275877515,1.9794042914266e-24,9.55336157168097e-62,7
"20223",6.81020221185824e-115,0.993801359958324,1.15372386218618e-05,4.95572069152407e-09,1.25788614908688e-144,0.00618709784733354,1.17813894733233e-22,1.21600631810637e-72,6.31818231883413e-34,2
"20226",3.41057174055511e-22,0.0289301755807142,9.81795025025276e-10,0.967890729071366,8.04355658987747e-15,1.38717963997706e-05,0.00316522237035196,1.993651048079e-10,1.05271512759378e-38,4
"20230",1.56238551450767e-61,0.0210762755427185,0.974819518507785,0.00275024312211394,1.48164046950074e-79,0.00135396256599734,2.61384861148156e-10,3.43550422055011e-54,6.83445610840432e-53,3
"20233",1.0506884313699e-92,1.30547597581834e-13,5.37965673576352e-44,1.73093732437187e-27,2.93506819009582e-62,0.046948938273637,0.953051061726232,1.43629416320052e-38,4.36072331395681e-62,7
"20235",1.74950304751972e-102,0.999821061035834,2.80092123412254e-05,0.000107250814352574,2.67356168327518e-114,4.33893304797218e-05,2.89606992838941e-07,1.55001592122306e-48,3.49099344942967e-39,2
"20239",4.05099844289021e-61,0.929960188369686,0.00466330257380764,0.0653678718854903,4.6875283551585e-52,8.63714247795298e-06,2.85373705165182e-11,3.49121614882674e-19,7.3038278328244e-16,2
"20254",1.05999035857931e-111,1.03916231032746e-08,9.29252251268296e-06,3.62491406137923e-15,3.2333004023961e-108,0.0198561952035975,0.980134501882263,6.35558448668765e-70,3.3571931369389e-115,7
"20256",9.31278163003527e-71,0.020720008826183,0.890633273038203,0.0886415073045935,1.78245684123922e-73,2.33697749990371e-06,2.87385352070475e-06,2.22947397854375e-33,2.25713247089556e-33,3
"20262",0.314400389474804,0.000504679239992611,1.45501473294022e-16,0.00138785884436039,0.683618209395396,8.78513340266848e-05,2.19947613951853e-07,7.91763806428179e-07,2.50537264442989e-16,5
"20270",6.45120703225161e-29,0.498498931727052,1.60133996118667e-07,0.0013758298736322,4.3570157540172e-37,0.50012507826532,4.16662662561739e-21,7.81885312744007e-31,1.65625568949114e-22,6
"20284",7.17392501603697e-77,5.1415228008773e-05,2.4993039860194e-12,0.000589816276643983,1.87657762196756e-22,0.154079217619269,0.845279524636933,2.62366458428448e-08,5.12252375741458e-52,7
"20287",3.24204590391862e-94,0.0339598604842649,0.965902565685148,6.4877878066406e-05,6.20990075945791e-124,7.26959524862972e-05,3.40074378554958e-14,8.32297499500995e-77,3.53480548439873e-59,3
"20290",1.12606279977237e-69,4.7919956453301e-08,3.69188134568335e-14,2.0408063959123e-09,7.90101567400254e-44,0.0193577264205828,0.980642223618617,1.37517483795287e-36,9.50028466550479e-94,7
"20293",2.09233497636119e-31,0.00632807031553618,0.73897327720631,0.251467164533942,3.12752573160609e-22,7.69835243023485e-05,0.00315450206513368,2.35477525748458e-09,4.95413354035402e-27,3
"20296",0.178594543854393,0.729750069261831,1.40560447081562e-08,0.0204365336861498,0.000566979267552786,0.000336087731065603,1.75845606372775e-19,2.95486339727557e-05,0.0702862235089897,2
"20301",6.41930006760775e-44,0.966877023346405,0.0204558754236078,6.56714968828008e-09,3.25162840518948e-117,0.0126670946628374,5.37658828389694e-17,8.33736372260289e-108,4.8636461018379e-68,2
"20304",2.29737531981295e-110,2.38749954601822e-10,1.99604369374409e-06,1.29386518248652e-15,6.48631511893705e-86,0.00721669815512827,0.992781305562427,4.44181739949841e-53,3.66726500124655e-96,7
"20306",9.43186250878294e-91,0.0360333907629613,0.954267477380727,0.00223765384483364,1.16168198271e-90,0.00744225247549741,1.92255359806335e-05,2.17363901134118e-44,2.73111826903127e-55,3
"20309",2.57137271501861e-33,0.00742239685405437,0.000268052065734442,0.983116900584023,2.1181966516074e-24,4.88446197215587e-05,0.0091438058764544,1.2912584819459e-14,1.23547166383475e-42,4
"20311",1.14746984931628e-25,0.270015158743521,0.718377396008088,0.0107211532147616,3.17296833807084e-35,0.000885908492664545,3.83540964127055e-07,5.0070351254709e-25,1.0982298442069e-27,3
"20314",1.01346719333626e-06,0.000342335544943069,1.39812172120749e-09,0.0345268345799732,0.964046562170726,2.76148153768987e-05,7.67590927730886e-05,0.000978878930892948,2.9775240206403e-23,5
"20318",0.0302818715847944,0.00591607074112143,1.52659375163077e-25,1.47854678044478e-14,7.64337682168967e-25,0.96380205767405,1.98661397665353e-23,9.45190166457143e-44,1.95598537646093e-14,6
"20320",3.74348517470639e-36,0.810136654889183,9.30748356403033e-19,0.0296640124360957,2.89699525382185e-17,0.145204386599432,0.0149949392326673,6.84262118398186e-09,9.04217930500399e-32,2
"20326",9.0069884753012e-07,0.0105204350672928,1.23454117840863e-08,0.872099254733308,0.111621499485075,0.00069163125822568,0.0023851968670682,0.00268106954477027,6.06988165193126e-23,4
"20328",2.99142461764665e-72,0.458312324702073,8.84116066116042e-14,0.207287642386312,2.73653451162994e-26,0.199157819794044,0.130147903326466,0.00509430979101621,8.04088214242512e-32,2
"20330",8.67551118783628e-56,0.604326186704035,0.0186851530284988,0.376836686721119,1.05768141872756e-59,2.7663319754605e-05,0.000124310226592396,2.98127333273136e-31,1.63907925698926e-40,2
"20336",7.96940196853293e-95,3.05537394634265e-06,2.11532393303326e-06,8.51432487473519e-06,2.59602792450861e-37,0.0913121904223089,0.908674124554601,3.35740499140869e-13,8.51381790026306e-64,7
"20338",3.39049510626917e-41,0.000921375800594926,3.53055813337319e-06,7.88427616257453e-08,9.61844373386044e-56,0.000690905961281809,0.998384108837228,2.65108587094621e-36,7.99406125684761e-69,7
"20340",3.61609242285158e-79,0.0853920941530721,0.912789736005277,0.000222831618961259,1.05331627457694e-94,0.00159533573932576,2.48336383342206e-09,8.31616396221255e-61,1.3393966996268e-57,3
"20342",2.34409469704074e-80,1.59416231105683e-06,7.46810107484165e-36,2.81642975388671e-28,3.67046956168035e-111,0.99999582273908,2.58309860846044e-06,3.23817019144858e-77,5.78357104803535e-56,6
"20344",3.50559321159952e-67,0.0499834615612122,0.492393090687074,0.446266953195512,2.89178984727317e-56,0.0113360274279954,2.04671282068534e-05,3.42212778400943e-28,2.19747826189761e-41,3
"20349",3.39237669422097e-79,0.0138860343305,0.9783027179938,0.00709091834446719,9.66591133591063e-76,0.000720300523177122,2.88080552427006e-08,2.0005015283129e-36,1.12170528931634e-39,3
"20351",1.29115326801566e-30,0.0419831874988588,0.000733347417829722,0.948277066809922,3.00475108608541e-24,0.0010506431303852,0.00795575514300438,5.13312255185847e-18,1.12507659158794e-39,4
"20353",1.20891203006193e-62,0.173087401761182,0.0776254018316709,0.564849671401494,2.76514007341598e-71,8.94258354623961e-05,0.184348099170191,7.32659134354098e-38,9.43610716000205e-63,4
"20357",7.85079438754914e-160,1.05075682776237e-08,8.20132981129749e-11,1.71525919505124e-13,7.92170212356629e-106,0.0263055013675146,0.973694488042732,1.01189312014399e-51,2.66984602363429e-103,7
