"","V1","V2","V3","V4","V5","V6","result$classification"
"19812",0.0170280544881704,0.946434511882851,0.000465257973633659,0.0359614496202186,0.000107944350663798,2.78168446281908e-06,2
"19814",0.0012647309255462,0.995053846262463,1.00298267603321e-05,0.000793871755121072,4.06996324790606e-06,0.00287345126686169,2
"19816",0.978370693130807,0.0140220071229958,4.07736529352224e-06,0.00752988751715107,7.17792676265574e-05,1.55559612562307e-06,1
"19818",0.0364404708366891,0.952905271322502,3.00956073245499e-05,0.00047168570578886,4.0516760765527e-05,0.0101119597669294,2
"19820",0.999820090061641,2.60330617949539e-07,4.39646521642431e-05,0.000135639193458369,4.33913945496738e-08,2.3707237180361e-09,1
"19822",0.914732453118309,7.15510364253073e-06,0.0561734664970297,0.0290811571528902,1.37936736137556e-06,4.38876076698586e-06,1
"19824",0.998075217521965,0.000607453975546558,4.1917177219482e-05,8.9958236798712e-06,0.000149854824316137,0.00111656067727249,1
"19826",0.0268811119498809,0.850599662892691,7.55580477377731e-06,0.108953867020213,0.013498108201652,5.9694130789696e-05,2
"19828",0.99909250727672,0.000496424686095136,0.000249415205859693,0.00015920102283113,2.46500135257217e-07,2.2053083590332e-06,1
"19830",0.000145655879225542,0.91720931134114,0.000245810826249477,0.080519221310443,0.00170720003538097,0.000172800607560649,2
"19832",0.112901233885158,0.22226956406578,0.630373990942589,0.0344435597089197,8.61807228851496e-06,3.03332526520484e-06,3
"19834",0.308498500934452,0.0318597370671184,0.0041810183646997,0.655306126519627,1.19485950590054e-06,0.000153422254596846,4
"19836",0.290721310717887,0.57531937699272,0.000180968745547111,0.0113886115627854,0.12238672109128,3.01088977984863e-06,2
"19838",2.75352390531593e-05,0.998410950393701,3.4304936495494e-05,0.000908069845578971,8.75029696476998e-06,0.000610389288206006,2
"19840",0.242920922897698,0.0506976729570456,7.46464491187839e-06,0.705241471378541,0.00112506180867973,7.40631312401257e-06,4
"19842",4.06087382377536e-06,0.0509834475524482,9.86366391976451e-08,0.000733910978490219,0.948260416460275,1.80654983233762e-05,5
"19844",7.47091997592853e-06,1.90853272676778e-05,4.18585441370989e-08,4.09333585355324e-07,2.44739924816926e-05,0.999948518568145,6
"19846",5.95833695879175e-06,0.891202014055189,9.00601921237674e-08,1.31209685857276e-05,0.00503022828034484,0.10374858829873,2
"19848",8.86776048951577e-06,0.959343868621437,3.32731628601949e-07,3.11702260028652e-05,0.000302770969378898,0.0403129896910632,2
"19850",0.000132125241050912,0.747374114307396,2.26570894590842e-06,0.000175212436681304,7.09373739066083e-05,0.252245344932019,2
"19852",0.661667920870685,0.329787203710276,0.000152566992367559,0.00782962069160178,1.93904215251387e-05,0.000543297313544345,1
"19854",8.2643966955813e-06,0.995473392502396,8.01916165429917e-07,8.64832104868709e-05,7.55789104758762e-05,0.00435547906378066,2
"19856",0.000470022631227989,0.0164839634223147,8.71461801795837e-06,0.000629272326511835,0.000216970124216876,0.982191056877711,6
"19858",0.0198212745872471,0.00268921127514851,0.000111800582487424,0.000127066436395603,2.74148822855164e-05,0.977223232236436,6
"19860",0.25385961846516,0.587671541847826,6.99690893372945e-05,0.1582949146867,4.49073213671076e-05,5.90485896104759e-05,2
"19862",2.77377467317599e-06,0.977077649705128,9.7482459819178e-08,3.52652809476746e-05,0.0176717236483073,0.00521249010848462,2
"19864",1.88437549321807e-05,7.36162702214054e-06,7.70885988506983e-08,1.43388573912621e-06,0.99996998544269,2.29820101801737e-06,5
"19866",0.903519735667652,0.00265636101887491,1.09650630500398e-05,0.073101339289358,0.0207100827716464,1.51618941848162e-06,1
"19868",5.60035661391677e-06,7.80154781758348e-05,0.993242326303401,0.00659083020830883,4.27254517087191e-07,8.28003989835139e-05,3
"19870",0.000191115073313201,0.996283362297668,1.40310401274204e-06,5.46088207448873e-05,0.00129851459474748,0.00217099610951402,2
"19873",0.0217389093265539,0.974089698743344,4.89127882348754e-06,0.0013213537794218,0.002029540200758,0.000815606671099324,2
"19875",0.966764444979462,0.00263937882819444,0.000270655605446203,0.0303245360692238,8.99208738518495e-07,8.53089347617405e-08,1
"19877",0.00237498740738217,0.991226644864698,1.30915866470233e-05,0.00409889366804403,9.9857411539544e-05,0.00218652506168946,2
"19879",0.259631602356384,0.709395857481147,0.000979255090556096,0.0240186750436796,0.000215775970507191,0.00575883405772644,2
"19881",0.00802699202378296,0.962304243727902,6.74477878662407e-06,0.00402799350142659,0.024204967862704,0.00142905810539823,2
"19883",0.0026745865843146,0.697167122528102,7.6925359787372e-07,0.00189702047284881,0.298171064575659,8.94365854774438e-05,2
"19899",0.0290753276171715,0.0406327653457315,0.000426796984853295,0.929625278687826,0.000234196605461238,5.63475895624693e-06,4
"19908",0.00299892615499456,0.000217469054091046,0.000816940690786563,0.980956015194934,0.0147555677931012,0.000255081112092703,4
"19910",0.337705988305613,0.659882762734076,4.96841441931374e-05,0.00164861030684023,0.000368095876784885,0.000344858632492766,2
"19912",1.04702568390959e-05,0.401028785306534,2.95270207283927e-07,0.00592671711188688,0.592145423892498,0.000888308162035419,5
"19914",0.109713606913314,0.484290396427017,0.00243948305339053,0.402393672558208,9.21747486241464e-05,0.00107066629944688,2
"19916",0.784346707237266,0.000293517727996702,5.19067018359458e-05,0.000536886010143902,0.21444141424441,0.000329568078347109,1
"19918",0.000265491629778491,0.911416322415702,1.31016610418795e-07,4.69293163844218e-05,0.00255886223752327,0.0857122633840015,2
"19920",1.49701632876454e-05,0.118617881434505,7.58288372663002e-08,9.66372906205059e-05,4.32448552391507e-05,0.88122719042751,6
"19922",0.0105613499278377,0.23677699049273,0.752533127923944,0.000105587239603518,8.79229241961247e-06,1.4152123465371e-05,3
"19924",0.00617622422904965,0.959128157203017,5.89267948821442e-06,0.00525032611804103,0.000207244305454818,0.0292321554649496,2
"19926",0.171570019574654,0.0913783080225713,0.00578320264576633,0.723466762652894,0.00780109792329666,6.09180818244517e-07,4
"19928",4.3351909113548e-08,1.13570433405921e-06,4.73649219350622e-09,1.67473971223053e-07,0.999997237390352,1.41134294205946e-06,5
"19930",0.000472058285494981,0.999203591147436,5.54204292532021e-06,0.000121205015361515,6.2874261180881e-05,0.000134729247601387,2
"19932",1.8834831283523e-05,0.998371078063062,3.05447052014045e-06,0.000113444136439091,2.116218048101e-05,0.00147242631821416,2
"19934",0.940537688561259,0.0282082290613083,0.00184699765296592,0.0292851809751085,1.07133891736574e-06,0.000120832410440264,1
"19936",0.0065022077548105,0.945118280293874,0.000285241826991527,0.0478820113938326,2.92023220072835e-05,0.000183056408484566,2
"19938",0.878704436687462,0.000226936935981779,0.00180898305133835,0.119199879693965,1.08791672038088e-05,4.88844640495171e-05,1
"19940",0.0742737176810578,0.898281722390943,6.47257062069071e-06,0.000357475057590482,0.0265747364631628,0.000505875836624789,2
"19942",7.54252223951935e-07,1.03437513600766e-05,2.06972489508162e-09,1.38334135465942e-05,0.999974639334344,4.27178800495014e-07,5
"19944",0.764255132381497,0.220961542220071,5.27821438858666e-05,0.0133672198615179,0.00132643192811082,3.68914649177635e-05,1
"19946",0.0856781564953698,0.887477290133336,4.56851673166274e-05,0.00641290336760134,0.000163399883435568,0.0202225649529407,2
"19948",8.37026702682863e-07,4.29602613846338e-05,7.12202596112858e-10,1.92310760696686e-07,0.999954427084837,1.58260411276124e-06,5
"19950",3.55064781486576e-07,0.00168266190339084,8.25209706440363e-08,9.844908440579e-07,7.68852177859887e-07,0.998315147167835,6
"19952",8.37026702682863e-07,4.29602613846338e-05,7.12202596112858e-10,1.92310760696686e-07,0.999954427084837,1.58260411276124e-06,5
"19954",8.59035426698805e-05,0.999136384802104,1.47982964698414e-06,7.02872856326211e-05,6.62376486865237e-05,0.000639706891259764,2
"19956",4.95355296921733e-06,0.16416156773474,4.02437340986131e-05,0.128982889887187,0.0106578366038495,0.696152508487156,6
"19958",7.34406465958886e-05,0.00176489149192719,0.997780216297785,9.7322690280159e-07,1.05081800655174e-06,0.000379427518782998,3
"19962",0.160821696479588,0.614997089776538,0.00203835769060527,0.0172779766363659,0.000396437583598461,0.204468441833305,2
"19964",0.0415806875534962,0.921849744645182,1.69990527551742e-05,0.000147830439397724,0.0244408041741303,0.0119639341350383,2
"19966",0.968283662772967,8.16882386893582e-05,4.58563806483019e-05,0.0271387628743728,0.00444999473539243,3.49979301878524e-08,1
"19969",0.000356451123720391,0.984301452927221,1.3008159603911e-06,0.0050585647483432,0.0101669796471468,0.000115250737607818,2
"19972",0.000488600958596827,0.805665773107753,1.21772823434693e-06,9.3149317138006e-05,0.134987781718955,0.058763477169322,2
"19974",5.76469209479533e-07,0.0864966111233407,9.33115862467903e-09,3.65023413922069e-06,0.0396604540631933,0.873838698778959,6
"19976",0.0109645677048194,0.942664853380117,8.70218311163144e-06,0.00280694336222827,0.000296593434277573,0.0432583399354461,2
"19978",0.766482851456463,0.231095510590482,5.1124937145434e-06,0.000895511044525338,0.00107140479130426,0.00044960962351124,1
"19980",6.51448165978183e-06,0.800700147970685,7.10350561288016e-07,4.19647616394149e-05,5.99534014019113e-05,0.199190709034052,2
"19982",0.000106486286676699,0.142357248486698,1.33746468384253e-05,0.00124236116931519,1.72665331422641e-05,0.856263262877329,6
"19984",7.79261377751396e-06,0.000353799313752272,5.22724136797505e-08,2.09369553150779e-06,4.46031421661994e-06,0.999631801790308,6
"19986",0.994154412077641,1.70980752767376e-06,0.000229449500338145,0.00561390963435393,5.1553398004376e-07,3.44615929693282e-09,1
"19988",0.998760864833428,1.27234483955371e-07,0.000408027598360492,0.000830959063511872,1.93105909142596e-08,1.9596245423741e-09,1
"19992",0.980814934584477,2.7236028172323e-06,0.000377576434574799,0.0188045498732136,1.54672931747794e-08,2.0003762453794e-07,1
"19994",0.000593174719057021,0.998826528299107,1.9357878733531e-05,0.000483781070261008,4.47480056777263e-05,3.241002716392e-05,2
"19996",0.999468565446636,5.09895939934427e-06,4.26899995156956e-05,0.000483537460045743,1.07068520744544e-08,9.74275511531991e-08,1
"19998",0.0198739431795393,0.129306532365336,4.60907158150012e-05,0.454017838869032,0.389640059442225,0.00711553542805224,4
"20000",4.20451877683989e-05,0.725974693983892,0.00795557712576091,0.261202504819578,0.0042855473837708,0.000539631499230451,2
"20003",0.00460102426639883,0.987111391520746,0.000123159669626577,0.00740256329949019,0.000759633768796399,2.22747494229433e-06,2
"20005",4.31159159968539e-06,0.961348601783796,9.60881098496681e-08,3.21249109996463e-05,0.00245162940482404,0.0361632362206708,2
"20007",0.413438887238084,0.220689473762946,0.00136969184087728,0.363615435245464,2.50092458582809e-05,0.000861502666770035,1
"20009",0.997820011209993,0.00032974776559532,0.000516247083176535,0.000830028185654237,0.000273380959734566,0.000230584795846447,1
"20011",0.00341847669187417,0.958120107206552,4.09717061613036e-06,0.000831334363401888,0.0285428192393331,0.00908316532822305,2
"20013",0.000328905945017425,0.883747424760937,7.10338312844392e-06,0.0137644999700726,1.90339743084771e-05,0.102133031966536,2
"20016",0.991242912978977,9.24121330467274e-06,0.00402495742044264,0.00471469656487673,8.93336947182448e-07,7.29848545132529e-06,1
"20018",0.00510088917815106,5.57113245777957e-09,0.994881563710125,1.75313119312865e-05,9.32744033227957e-09,9.01219730752979e-10,3
"20021",0.991357838449007,0.00777451340569802,0.000317370120625793,0.000541488381636457,8.70265887373596e-06,8.6984158806799e-08,1
"20023",0.887485198207044,0.0533516931437676,0.00100839950204873,0.0580312084352286,2.58153415634506e-05,9.76853703476164e-05,1
"20025",0.498702301580221,1.42461304873092e-05,0.500517327109524,0.000765084983963484,9.74833977421732e-07,6.53618266346719e-08,3
"20027",9.44128571999401e-05,0.644251063571325,1.42239338872483e-06,0.0136187876898953,0.342007067485774,2.72460024171173e-05,2
"20029",2.37640498861793e-05,0.972949989819844,5.50758082498621e-08,0.000654355129675926,0.0120300484033752,0.0143417875214108,2
"20032",9.14848941276041e-05,0.992656872542921,4.18160611125773e-06,0.000490569902554579,0.00673808482463741,1.88062296482669e-05,2
"20034",4.13057544144225e-06,0.000173581646664614,5.47001059928641e-09,5.53793143372945e-07,0.999821396140341,3.32374399100723e-07,5
"20036",0.00121981468107346,0.0257685419962083,3.35504946458109e-05,0.956389058411846,0.000206284294483887,0.0163827501217426,4
"20038",0.815850730614904,0.000184281698563804,0.00472069836810272,0.179243931488369,3.54987458904741e-07,2.8426012526733e-09,1
"20040",0.987858841991877,2.92845574961568e-06,0.0119707382319686,5.71941329921397e-05,0.000107397176974548,2.90001043812852e-06,1
"20043",0.989288250097994,0.00183112340504283,0.000620148843130691,0.00825982898769748,1.28637137828176e-07,5.200289972379e-07,1
"20045",0.993550223483121,1.94492856000947e-07,0.00633663466837318,0.000112861619403334,2.12338948249121e-09,8.36128572098502e-08,1
"20048",1.35957378571395e-07,3.71544037572098e-05,4.64983299505092e-08,1.93975547952789e-07,3.86376723998576e-07,0.999962082788262,6
"20051",0.262473883593804,0.620736814091112,0.0147499630908014,0.0900426641384339,1.32554132659766e-06,0.0119953495445217,2
"20053",0.989598610003343,0.00814677098097912,5.20621729270548e-05,0.00196546609481072,7.89900117499757e-05,0.000158100736190771,1
"20055",0.122525117702021,0.00689873571166307,0.0240249527650639,0.846534354725819,1.68215975296859e-05,1.74979042359854e-08,4
"20057",3.88409830886094e-07,8.1436649382327e-05,0.999035351899072,3.45199777064126e-06,3.21909971165595e-05,0.000847180046827079,3
"20059",0.988942793483767,0.00699393715306736,0.00215028650419284,0.00154471814051515,0.000350542728519218,1.77219899384577e-05,1
"20061",0.908081804502858,0.081376637374193,0.000256747493982689,0.00978971896659193,0.000372969596217894,0.000122122066156042,1
"20063",0.00742284405357739,1.46942359532054e-05,0.000203229235647865,0.000391772603588623,0.000544207704810703,0.991423252166422,6
"20065",0.0804692083749721,2.01340254839168e-06,0.918855039445106,0.000673735229913167,3.48671748927293e-09,6.07430432391971e-11,3
"20067",0.987703117145491,0.000177382331452273,0.0101716579489735,0.00174191538705651,7.63488215776284e-09,0.000205919552144479,1
"20069",9.83621733771407e-06,0.534535814399125,1.28761360185974e-06,7.03364431437913e-05,2.13160509055317e-05,0.465361409275886,2
"20071",0.00244895132344469,0.00259879585198449,2.37437663155632e-05,0.993326298806795,0.00157863777593365,2.35724755267004e-05,4
"20073",0.000694588509448011,0.13023679939353,6.34651183970185e-07,5.04843030711523e-06,0.000550687489863418,0.868512241525667,6
"20075",2.88838404004266e-06,0.000105122818046775,0.998827534775463,0.00106366184751957,5.43606638715313e-08,7.37814266157668e-07,3
"20077",0.437469671704962,0.00405673580127021,2.16551247352437e-05,0.558159769202473,5.79579798733064e-06,0.000286372368572419,4
"20079",0.110454159101334,0.048781267192577,0.000870116790940061,0.011561664293026,2.8692940255527e-05,0.828304099681867,6
"20081",0.788396423901865,0.0051355528742096,0.155962271032292,0.0504994434049723,4.25252264621708e-08,6.26626143529627e-06,1
"20083",0.00121065576666081,0.00440836860153042,0.000193416388131785,0.160822428643463,0.00156025171901572,0.831804878881199,6
"20085",0.996099284707038,2.59555989997754e-07,0.00236760580653309,0.00153284214186946,7.26753166364003e-09,5.21037617786908e-10,1
"20088",0.995546207224036,0.000203892893294694,0.000751434289448374,0.00349832678013807,4.01577567467589e-08,9.86553258012475e-08,1
"20091",0.000906329333658046,4.10244938089228e-05,0.998832154600321,0.000218953957088661,1.48293396158312e-09,1.53613218943276e-06,3
"20095",0.0601255223658357,0.0132034627568907,0.000170303545418068,0.000968879584932896,0.0431467768969865,0.882385054849936,6
"20097",0.983654825214112,5.27194109428472e-07,0.0104195110303238,0.00592513192997271,3.79878544617336e-09,8.32697036694928e-10,1
"20099",0.911072301198657,0.00141591277318641,1.49415257540646e-06,0.000107845332223433,0.0848088812887544,0.00259356525460378,1
"20102",0.000758158356910107,0.00154426643931462,0.0482386924370626,0.000197091680899783,3.68233070680336e-07,0.949261422852742,6
"20105",0.995046139119134,0.0034567993057628,0.00023178438927646,0.000868591638207369,2.90145831517546e-07,0.000396395401787674,1
"20107",0.948671073468809,0.000226492421228473,6.50830846308945e-05,0.0510358927092865,1.06335335878316e-06,3.94962686140305e-07,1
"20109",0.794922838711178,0.0229300851144907,1.23245815818948e-05,1.72901338815625e-05,0.000801321266389185,0.181316140192479,1
"20111",6.41675509041145e-05,0.467052964752285,0.523470168810985,9.00963921710808e-05,4.6315368880393e-05,0.00927628712477452,3
"20113",0.251294025276948,0.00251774995699328,2.94500889790961e-05,0.741032709576525,0.00512568724000307,3.7786055104858e-07,4
"20115",5.79354701105402e-05,0.994473256600529,0.000157353329433658,2.34441423195514e-05,0.0049658637020837,0.000322146755523694,2
"20117",0.0941348323303103,0.000735582959296228,0.559906314859358,0.0199300496390184,0.325289037301024,4.18291099333889e-06,3
"20119",0.942578460498059,9.42018234625964e-05,1.96016842170827e-05,0.0375472076604042,0.0197605101567483,1.81771087059736e-08,1
"20121",0.963719954256645,2.50675496527232e-05,0.000211682527894537,0.0360427164027786,5.65767373273417e-07,1.34956554726099e-08,1
"20123",0.000503596838100117,6.87976600269939e-06,0.998638807021104,0.000850707475715633,3.44380177583822e-09,5.45527533320377e-09,3
"20125",7.77926983172619e-05,0.914255190832342,7.36885433145311e-06,0.00109611087083315,1.26278773562051e-05,0.0845509088668201,2
"20127",0.99971257031285,3.54490382628962e-06,0.000190334428582522,9.23931218211263e-05,3.84116363324092e-08,1.11882128380887e-06,1
"20140",0.00523934351692012,0.00175284487465607,0.00571406534612671,0.987261525594119,3.21833992251686e-05,3.72689534015146e-08,4
"20142",5.8717352120028e-07,0.00488589008619419,1.8646370675718e-07,8.87519338160763e-06,1.47279522146912e-06,0.995102988287975,6
"20144",4.42517190598485e-05,0.966001659163461,0.00328426787948412,0.0229402255479704,7.29860428109296e-05,0.00765660964721386,2
"20146",0.0018673538247773,0.290956419882506,0.00074858076228033,0.359844699904844,4.2510882280627e-05,0.346540434743311,4
"20148",0.00435626544814276,0.963330185523082,4.37721621235471e-05,0.0320510286059337,2.08136972734401e-05,0.000197934563444135,2
"20150",1.53538233996944e-06,0.547331689588947,6.08051504449106e-08,1.22869722158788e-05,0.00351267227244839,0.449141754978899,2
"20152",0.0225334833708155,0.946061424779587,7.80721119740472e-05,0.0310840456283238,0.000102767268765449,0.000140206840533763,2
"20154",0.0164457119625456,4.50622194229709e-06,0.983221529521804,0.00032424686103931,2.29264804646671e-10,4.00520340375717e-06,3
"20156",0.284085777863926,0.0526714176432485,0.00444163272185981,0.614461218828346,0.000109348643751347,0.0442306042988682,4
"20159",9.33973850765022e-06,0.423009507594367,2.32260983360244e-06,0.000181029526458026,1.29143504213541e-05,0.576784886180412,6
"20161",0.000204219848412964,0.00533052893499876,1.30105785346799e-05,0.00176490259960829,8.76359165137477e-05,0.992599702121931,6
"20163",0.0356007475174742,0.960886508765308,0.000961235170788151,0.00148758053821531,0.00105938170623337,4.54630198146121e-06,2
"20165",0.0069616594995278,0.00069891336511989,1.1061676032384e-05,8.47185685943699e-06,1.00241591109008e-06,0.992318891186549,6
"20167",0.00229797743933579,0.99080873079262,2.80319636586704e-06,0.000476635745200028,1.31208929859394e-05,0.00640073193349256,2
"20169",1.5483080642296e-07,0.000172176519991465,5.36376914678435e-08,7.04604709452918e-07,4.62460952798047e-07,0.999826447945848,6
"20171",0.00404672096944647,2.56982089836427e-07,0.995664021208126,0.000283492037006901,1.24441303524192e-10,5.50867888963759e-06,3
"20173",0.0697438043842018,0.000978727841661992,8.86051414359006e-06,4.09119821456257e-05,0.697523799041547,0.2317038962363,5
"20175",0.000769823930691625,0.990277918468524,6.25923459383825e-06,0.00206668524606457,0.000279110937048887,0.00660020218307692,2
"20177",0.578256640573181,0.00239790563635323,4.16001019805692e-06,0.000818369118351976,0.418388247411548,0.00013467725036768,1
"20180",0.994372062370437,1.68748844344973e-05,0.00188725071366361,0.00371910822799336,4.70373858975146e-06,6.48814532220329e-11,1
"20182",1.60253650335648e-08,0.000178583325054843,9.71258575555628e-06,1.0661112985693e-07,0.00238506362264194,0.997426517830053,6
"20184",5.48021468657703e-05,0.0392857160086184,6.70448154668125e-07,0.000229388951717802,7.64277064897126e-06,0.960421779673994,6
"20187",0.00306149015870237,0.00142973186735903,1.64105739879556e-07,0.00504755897306795,0.989151508973853,0.00130954592127753,5
"20189",0.949025628285113,0.0389759992848478,3.91084790489291e-06,0.000437621187719678,0.0115509696346682,5.87075974645055e-06,1
"20192",0.818789756520973,0.00281891948071036,0.162028798016949,0.000179931027719035,0.016180229572919,2.36538072907863e-06,1
"20194",3.89443606348803e-05,0.0421850790656934,5.07192579791769e-07,0.127931328035182,0.11834149093601,0.7115026504099,6
"20196",0.761860370091145,5.24549231820223e-05,0.23528259394131,0.00280436393358349,5.86355508944292e-08,1.58475228467363e-07,1
"20198",0.239189062716932,0.583265272036028,0.00360130445760009,0.172686568195403,0.000516172996398872,0.000741619597638192,2
"20204",1.38623199077898e-05,0.577365015219698,4.49766627496189e-06,2.29496354472222e-05,2.52785645480222e-05,0.422568396594124,2
"20207",0.88039880048176,0.000136864796254179,0.095085903861933,0.0243378109507374,6.25013077117511e-09,4.06136591848334e-05,1
"20209",0.000343388387550119,0.84477805084091,0.0459981838295423,0.0322661580319761,0.0766093525718397,4.86633818134394e-06,2
"20211",0.000402156049335142,1.94301283141092e-05,0.997669212362808,0.00190914619576489,8.14620598461706e-11,5.51823155190941e-08,3
"20215",0.166586936391714,0.00208140007061516,0.000111885053560289,0.831206976446694,1.87724943052865e-06,1.09247879862138e-05,4
"20218",1.24785342587606e-06,0.019932799130356,2.48789536087076e-07,4.67813505613347e-06,2.11994215172165e-06,0.980058906149474,6
"20222",0.879557203411517,0.00613553260124279,0.0705190633050981,0.0436891891667148,5.79807379713827e-08,9.89535346898187e-05,1
"20225",8.40700864602278e-05,0.918212077474842,0.000212477628107844,0.0511155712044795,0.000393369047933355,0.0299824345581769,2
"20229",0.000100443153013314,0.00222723031739946,0.000279023388652272,0.997373143034791,1.16748177720803e-05,8.48528837194501e-06,4
"20232",0.281704794909713,0.0287824762492941,0.00555417894855693,0.683929830136402,1.94362985049305e-05,9.28345752958001e-06,4
"20234",0.856766873941481,1.68556869594973e-07,0.143196284851782,3.57154807749864e-05,9.56512301963211e-07,6.56789949500107e-10,1
"20238",0.991143094156178,0.000206874095369866,0.000846146344666104,0.00779589947129599,6.32506308961499e-07,7.3534261813458e-06,1
"20253",0.393333537871387,3.54628980985307e-05,0.000161052407167407,0.606468376001206,7.13690294893369e-07,8.57131846081588e-07,4
"20255",0.000121602513739044,0.99696401409527,0.000172952978392869,0.00254425515533509,3.3369139755011e-06,0.000193838343287564,2
"20258",0.999870049430776,5.71765066889234e-05,3.44368095633002e-05,3.76129720160271e-05,7.02493432419974e-07,2.17875230761938e-08,1
"20269",0.94955307420372,0.0259791106503269,6.25671818058994e-05,2.39853813276212e-05,2.74561503132894e-05,0.0243538064325066,1
"20271",0.993374879213147,0.000146637087367116,8.01032115112507e-06,0.000106139972479107,0.00636424752588979,8.58799656320585e-08,1
"20285",0.00255964751750093,0.0247371560446961,3.39505750162493e-06,0.0107491425607985,0.960973415751577,0.000977243067926138,5
"20288",0.254521195088819,0.00459634667917035,0.000358996163907916,0.740485132104711,2.74345524158843e-06,3.55865081498426e-05,4
"20291",0.698077935841502,0.000107248811837819,0.297947185007378,0.00386544867950238,3.14360152013716e-07,1.86729962742539e-06,1
"20295",0.829450900610787,0.0588356282781023,0.000114231899420018,1.75506116696642e-05,0.102850173240401,0.00873151535962071,1
"20298",1.10092180423483e-05,0.996914304658695,1.02191591208804e-06,0.000349729506953253,7.10779125030903e-05,0.00265285678789442,2
"20302",0.000720437619841515,0.410125607378149,3.01148576053352e-06,5.72394506374565e-05,0.00242362761449464,0.586670076451117,6
"20305",9.1201931335507e-06,0.997806217785257,4.20569922262046e-07,8.82398887015934e-05,0.00170972313406485,0.000386278428920337,2
"20307",0.998900911888452,7.51296141429151e-06,0.000278517061564995,0.000813029552068333,1.01936083528013e-08,1.83428924704413e-08,1
"20310",0.998421045212948,1.58164784851384e-07,0.00144160837883226,0.000136992074487421,1.81860492938207e-07,1.43084540472907e-08,1
"20313",4.95043904221975e-08,0.000623582415016478,4.67647010697014e-09,1.6773876135866e-07,1.39942435810005e-05,0.999362201421781,6
"20315",0.99151528112652,0.000287803768016291,5.52930297883717e-05,0.00813098637793204,1.03564469230544e-05,2.79250820328716e-07,1
"20319",0.279733344863707,7.18263507588628e-05,0.696421491005733,0.0237731321396881,1.06454674931327e-07,9.91854387926753e-08,3
"20321",0.994557471402916,3.08933505375847e-05,3.2451094291556e-05,0.00537303474881665,6.67692028475942e-07,5.48171140921027e-06,1
"20327",0.999951140242491,1.56001769994591e-05,4.1432250262484e-06,1.68844244038126e-05,1.21673706565361e-05,6.45604231073513e-08,1
"20329",4.28937571177111e-07,0.000104929459311356,2.58740471685089e-10,4.98038013239806e-06,0.999829858143496,5.98028207484652e-05,5
"20335",0.867798399942377,7.81200114837976e-06,0.131668301907165,0.000524649596638891,6.35444358529485e-10,8.35917227070796e-07,1
"20337",1.56736113991792e-05,0.809747157216526,2.79919515824151e-06,8.37805409235218e-05,1.36953279970719e-05,0.190136894107996,2
"20339",0.00261939641934521,0.0035957344424129,0.569200041635926,0.424296518653701,0.000286332238806598,1.97660980830496e-06,3
"20341",0.0152830072689533,1.76180994754731e-05,0.981614860433539,0.00266797620434818,6.54933089923122e-09,0.000416531444353355,3
"20343",0.992041926839798,6.52047003532709e-06,0.00726157004669725,0.000624388266919033,6.19526675846341e-08,6.5532423883531e-05,1
"20345",0.00288617933282217,0.960405456626019,1.92461700479439e-05,0.0096742595147634,0.027010019998409,4.83835793790227e-06,2
"20350",0.00761069444053621,0.00224132169790387,0.00452533478736926,0.984273473335628,0.000214599061995049,0.00113457667656798,4
"20352",9.12200653495032e-07,0.000421625938522182,7.8909149972494e-08,2.85876966098454e-07,4.05192483021442e-07,0.999576691882225,6
"20355",0.00185619275992419,0.0218099657763942,8.38328610707596e-05,0.000538357793324422,0.000104322139126697,0.97560732867016,6
"20358",6.5033760454259e-06,0.0220005828508724,1.10843983559114e-08,3.48957771913335e-05,0.966841246022173,0.0111167608893195,5
"20363",0.99430526179379,0.000146067429882309,3.35344504863943e-05,0.00551098061606154,1.99589459391359e-07,3.95612032039697e-06,1
"20365",0.288861565497658,0.0219672083244869,0.592161144397641,0.0970086006870804,3.10022157263427e-07,1.17107097643359e-06,3
"20379",0.000161325489653078,0.998362136261785,0.000277236901494734,0.000290019898010036,0.000265014065179222,0.000644267383877615,2
"20387",0.998426550349474,0.000271963432322821,0.00113224497594735,0.000169096402555005,4.40649858208011e-08,1.00774715330707e-07,1
"20392",0.000981088612409208,5.71684479241505e-06,0.998804829149807,0.000208362427560133,8.41311785118399e-11,2.88130008006604e-09,3
"20395",0.00769167958381859,0.705300140772636,8.19156573463967e-05,0.286070981218009,3.47430728741323e-05,0.000820539695315821,2
"20397",4.93251401339764e-08,3.78253606363393e-05,1.19224578037592e-09,1.81008312355657e-07,0.995595582234894,0.00436636087877125,5
"20410",0.993386698909476,0.00497702085640827,0.0003838634208116,0.00104863600724616,0.00020376969565263,1.11104054893387e-08,1
"20414",0.000568714565746537,0.815863286984872,3.05980736706372e-06,2.08589915537993e-05,7.65307014578811e-05,0.183467548949003,2
"20417",0.05573815420425,3.44635464163518e-08,0.943950620864261,0.000291488634346646,1.96969339636861e-05,4.89963185050345e-09,3
"20419",0.999878525647918,7.69983453787069e-06,5.81068707514216e-07,0.000105841815747817,6.89946479328983e-06,4.5216829580691e-07,1
"20421",0.00209172117195827,0.315253611657845,0.0106120625880047,0.00072147381915093,6.73969039146208e-06,0.67131439107265,6
"20423",0.00010217700534963,0.711376294634104,4.33186607983359e-05,0.000143126807886865,7.24778979010461e-06,0.288327835102071,2
"20425",0.000197218938149587,0.312889778570266,0.000123558641604242,0.0273405315028096,2.40519756473988e-06,0.659446507149606,6
"20427",0.0338288427124495,0.960780582951505,1.45122928804376e-05,0.00513616214951357,5.96010624779048e-05,0.000180298831173095,2
"20429",0.979528223627997,5.8613864718543e-05,0.00208604114077144,0.0180628565541427,7.77537547142735e-05,0.000186511057656366,1
"20432",2.60255461619378e-05,0.226518460193367,1.33570418633007e-07,1.17639956864698e-05,0.000535893463604404,0.772907723230762,6
"20435",0.742318100950104,0.122988936279656,0.0172929546534237,0.117226399849244,0.000167264075539047,6.3441920338714e-06,1
"20438",0.956844394748086,0.000144681736502729,5.63552343724709e-06,0.0426696871833315,3.68770011299942e-05,0.000298723807512969,1
"20440",0.999905142225161,5.59496405576201e-05,1.28111613509376e-05,1.43851972117712e-05,5.87730945298887e-06,5.83446626600395e-06,1
"20443",5.40537251304007e-05,0.000706615933765664,5.33369456077624e-06,0.000807255780532366,2.51177060571136e-06,0.998424229095405,6
"20446",0.564033077399104,0.422757974293699,0.00122025606821906,0.00695177895070835,0.0019701760862694,0.00306673720199982,1
"20449",0.179897210848046,0.033443946194336,0.00246697413654741,0.784143341779378,4.28173857725162e-05,5.70965591992414e-06,4
"20537",0.659799599844725,0.004507562270746,0.33506835008304,0.000523768176545214,9.24959682552431e-07,9.97946652614975e-05,1
"20540",0.0034591334811324,2.25494021010713e-06,0.996530391885063,8.21671378815172e-06,1.69844801707738e-09,1.28135772641902e-09,3
"20543",0.170509874656343,0.824833905116112,0.000457313250534244,0.00177667934917034,3.990143237419e-05,0.00238232619546636,2
"20545",0.000378655119036641,1.24358317586108e-05,0.999559259760548,4.95189806907165e-05,3.45018131198831e-11,1.30273464543637e-07,3
"20549",0.0304990682643975,0.9554130368184,0.0024207872555731,0.00192186344983174,1.23012158463022e-06,0.00974401409021299,2
"20551",0.922090911376622,0.0155002209497559,0.00100853179900015,0.061303276939343,1.95383278548861e-07,9.6863552000504e-05,1
"20554",0.99750678487165,0.00239015615271965,6.25972521260033e-05,3.37446985596325e-05,3.17004211006892e-06,3.54698283481012e-06,1
"20556",0.010111955045207,0.0448684822471824,0.00693321788305176,0.937941403413348,2.4361924018201e-07,0.000144697791971111,4
"20558",0.999622217932239,2.45235876423723e-05,9.43871046763203e-05,0.000258751834167904,1.69768866664545e-08,1.02564387924975e-07,1
"20560",0.976813218252321,0.0123790932100318,3.88301069425931e-05,0.00760468195091846,8.24733984141926e-07,0.003163351745802,1
"20563",0.9998367917132,2.57057147279535e-06,0.000138978753339451,2.13258054333034e-05,5.24115338744785e-08,2.80745020993419e-07,1
"20565",0.721094151556515,0.0828236224709648,0.00057762629471668,0.170594024946058,4.78200998615446e-06,0.0249057927217592,1
"20567",2.95241174871703e-05,0.0967987032947128,4.16068726765577e-07,0.000313298117433643,0.000186524669879284,0.90267153373176,6
"20571",0.0154245715035448,8.53505023109856e-06,0.000267113940972759,0.984286334123922,1.23764039067811e-05,1.0689774226796e-06,4
"20573",0.843776875278699,0.0275274134880102,0.00259817280032476,0.1255897704209,1.65024423696723e-06,0.000506117767829336,1
"20575",0.999762913537042,5.86997207792318e-06,5.7132014905888e-05,0.000173287010769192,7.37286315646868e-07,6.0178889351152e-08,1
"20577",0.0288717813507677,0.273860767200466,0.000394661830126885,0.696597779941942,0.000241672152241978,3.33375244551585e-05,4
"20579",6.92585668013323e-07,0.00107738828801755,3.17824022704903e-09,3.8490200807162e-06,0.123396323445115,0.875521743482878,6
"20582",0.999655811015003,2.65670890397393e-06,6.47169535444397e-05,0.000276758567093337,4.16803906397114e-08,1.5075064438629e-08,1
"20585",0.0507817483872464,0.00823537524574443,0.914947401693613,0.0260347505256737,1.85272482162031e-08,7.05620474153071e-07,3
"20588",0.00430496648987717,0.00597193748801125,0.912785865642834,0.0767843880175479,1.16276603853193e-06,0.000151679595690591,3
"20590",1.7252053157637e-07,0.00447166570620664,1.76858101336296e-09,1.56225196572805e-06,0.00166705282713425,0.993859544925581,6
"20592",0.9995048688537,1.25764422977307e-06,3.743816840837e-05,0.000455831873994722,1.49498080193093e-08,5.88509859081144e-07,1
"20594",0.999658192284777,5.20991333699409e-06,0.000214468623362549,0.000121795221630728,3.31911554171252e-07,2.04533869139361e-09,1
"20596",0.992821410274141,0.00503923696907987,1.79105568822843e-06,0.000826863048361226,0.00108458708156559,0.000226111571164413,1
"20598",0.991593077734738,0.00627274055564958,5.65937076900957e-05,0.0020724479063387,2.31761223905442e-06,2.82248334408032e-06,1
"20600",0.0182327513529213,0.0641380347707917,0.219386689924212,0.69766690229946,2.05266421845212e-07,0.000575416386192445,4
"20603",0.000226658306432421,0.987243190160062,0.00104319427520409,0.00902606802763567,1.97552533297446e-05,0.00244113397733635,2
"20605",0.977129887858698,0.000133710584124831,0.000221529966368028,0.022510060274216,4.80122308686874e-06,1.0093506175735e-08,1
"20607",0.970788612903272,0.00052730135055866,4.325424356555e-06,0.0286522934292874,2.72082589297415e-05,2.58633595977747e-07,1
"20609",0.988091256193246,0.0116904946344291,6.76599608507716e-05,0.000131405293269588,8.24912159078155e-06,1.09347966134138e-05,1
"20611",1.27924496926638e-05,0.988078598230925,4.99394283844543e-07,0.000559150182517587,0.0112091244705033,0.00013983527207801,2
"20613",0.404142911587922,0.59184249443267,0.00262627516959299,0.00130055495054515,8.30118044694712e-05,4.75205480061765e-06,2
"20615",0.0482911912226346,0.165830273047177,0.0112503792633133,0.77384969987582,2.73740061556294e-07,0.000778182850993226,4
"20617",3.60352600659045e-07,0.00211796456529522,8.68059700958578e-08,1.36963371279812e-06,8.04177095719575e-07,0.997879414465325,6
"20619",0.987665340930708,6.10868367514114e-06,1.38635936478167e-05,0.0123117921081464,5.30537179881888e-07,2.36414664314587e-06,1
"20621",0.887432604323928,0.00830173216567928,0.00017455358736274,0.104041243642066,2.76625667153468e-05,2.22037142492103e-05,1
"20623",0.00129772740975632,0.00825724669795659,7.93549982230144e-08,2.03536442665955e-05,0.000927776032073853,0.989496816860948,6
"20625",0.000435027583192296,0.887346168393697,0.0123760953743228,0.0579145723632796,6.46739077257027e-06,0.0419216688947356,2
"20627",0.78243687775399,0.167100320582167,0.000285071402051904,0.0497534799094905,0.000422023724969073,2.22662733147803e-06,1
"20629",0.35688914196492,0.0794661635076517,0.000886002769016826,0.562337168722681,3.56887607096829e-06,0.000417954159659263,4
"20631",0.999314891316456,3.57349501674887e-06,6.19760282421371e-05,0.000615080649302977,3.66347242432736e-08,4.44187625746256e-06,1
"20633",3.13182528543257e-08,0.000327832444722117,2.14240706455391e-09,1.01833289935009e-07,8.18613741367893e-05,0.999590170887191,6
"20636",0.000275237233871465,0.610706626772441,1.13660387872746e-06,0.310169246128211,0.0566811475153546,0.0221666057462426,2
"20638",0.00384238255657013,0.0243899380464018,0.00172613000033032,0.96997741027688,5.59203296459094e-05,8.21879017133462e-06,4
"20640",0.895455878115824,0.00163516006590137,0.089156868131852,0.0137515947205173,4.92549932188506e-07,6.41597320690098e-09,1
"20645",0.995083866284299,6.1679334719385e-07,0.00329844805786728,0.00161706522393254,2.5845829926969e-09,1.05597132934986e-09,1
"20647",1.41488518767607e-07,3.80730129491385e-05,5.23429867637667e-08,2.73818617796926e-07,4.20023407887425e-07,0.99996103931352,6
"20649",0.974951818305543,0.014380816740222,0.00996121034382383,0.000700854927009827,6.79168696774837e-07,4.62051470422223e-06,1
"20651",0.996238049536577,1.88101662474401e-06,0.00195125097052697,0.00179508297805678,6.89685151294623e-06,6.83864670105635e-06,1
"20656",0.960384002262213,0.000715455497076336,0.0387861110348835,0.000112728532747159,3.99199673713873e-07,1.3034734066541e-06,1
"20660",0.033312469412223,0.0033384932505075,0.962878184098265,0.000129242626998242,0.00034089880276319,7.118092435036e-07,3
"20662",0.00017281368078048,0.053534004159276,5.78310510492082e-07,0.00101703960738827,0.101332923175348,0.843942641066697,6
"20664",0.895116264954964,0.00681324808976615,1.16153183953944e-05,0.00324636273269767,0.00573281838409622,0.0890796905200804,1
"20666",0.000220097701950658,0.961249033441367,0.0382101298254627,0.000241006309702183,5.13812875203604e-05,2.83514339968469e-05,2
"20668",3.37485065973912e-05,0.663249352365177,1.75133798500083e-07,3.69418175866915e-05,0.000138975218278676,0.336540806958562,2
"20670",0.997147855113727,0.00034982125541166,0.000188211619077129,0.00195865401424664,0.000353439542004619,2.01845553256472e-06,1
"20672",1.96224032433227e-05,0.671101810012581,8.72013188355427e-06,2.71309366174214e-05,9.9854107569885e-06,0.328832731104917,2
"20674",0.621131732566331,0.0394819192936262,4.36825033317777e-05,0.339167374034428,8.14437959116759e-05,9.38478063716724e-05,1
"20676",2.23937134874811e-07,0.040278126868183,3.73826964215999e-08,8.52111985018575e-06,0.958219473806333,0.00149361688580239,5
"20678",2.73264615386836e-07,0.0250915033689481,4.59374372717743e-09,5.04367658491254e-06,0.956812094620108,0.018091080476,5
"20680",0.000725729488269572,0.790921820148408,1.03715240260636e-05,0.000158232232633132,8.54851366487617e-06,0.208175298092998,2
"20682",0.00173822086206491,0.845824530583263,1.98291875674386e-06,0.00154768882649116,0.150485356479479,0.000402220329945408,2
"20684",0.696345065466771,0.0475096246165732,0.00221461931795921,0.187054537698111,0.0668663115213365,9.84137924855482e-06,1
"20686",1.98143955122134e-06,0.0212853270492311,2.81802748131301e-07,4.88391077939271e-06,1.94450680139414e-06,0.978705581290889,6
"20688",9.26478397945477e-08,0.000940754818616975,1.04802634589956e-09,4.71871830736484e-07,0.974029093618346,0.0250295859953406,5
"20690",0.0234564432708157,0.000693102888921883,0.91875200238324,0.0570974783350696,9.29962854035118e-07,4.31590992819682e-08,3
"20692",7.32851365837571e-08,0.00103768673348489,2.16584602008516e-09,2.66448542202825e-07,0.0264048972994803,0.97255707406751,6
"20694",6.1963643713229e-06,0.990759331522133,3.54695810565398e-07,0.000125568760833117,0.000232280966808368,0.00887626769004392,2
"20696",0.000274191570455787,0.984009315980571,6.3612254558661e-06,0.0104546265804051,0.000846361481798732,0.00440914316131374,2
"20698",0.110784647838512,0.00823375220735572,0.000680921133333445,0.878162732536598,1.74744745391576e-06,0.00213619883674752,4
"20700",0.993694269964538,0.000482726523814346,0.000160960723524432,0.00326515471456504,0.000115063782428508,0.00228182429113013,1
"20702",0.0335351145190402,2.23521719454731e-05,0.479229811712083,0.487212657438685,4.93874043523603e-08,1.47708414922494e-08,4
"20704",0.756385847334265,0.139139298764952,0.000185221728045942,0.104213809240969,5.17368958667893e-05,2.40860359020628e-05,1
"20706",0.0401017502917593,0.0975919246930829,0.00050330504006123,0.746190661486277,0.112196324523564,0.00341603396525585,4
"20708",2.13044386469222e-06,0.0360844441265094,1.52064051125175e-08,5.35687356083034e-06,0.963787523132257,0.000120530217402616,5
"20710",0.379252089893388,0.0295081220692514,0.311748337124732,0.279490234676083,3.6187549832683e-07,8.54361047670632e-07,1
"20714",8.03875544665357e-06,0.00929410805026489,8.50980702199812e-09,2.80654511680073e-05,4.17736987902466e-05,0.990628005534523,6
