"","V1","V2","V3","V4","V5","best$classification"
"19811",0.000502314703209142,0.0504889107064816,4.96780810799105e-06,0.949003739389829,6.7392372433878e-08,4
"19813",1.18552508186317e-11,0.999999990113213,2.45579674808555e-31,2.77587147946551e-11,9.8471731936417e-09,2
"19815",0.0301479130298181,0.000882401266769839,3.29754490096322e-13,0.968611690761279,0.000357994941802984,4
"19817",0.0331153708424518,0.000658360322889168,0.000156428870163899,0.966062990333749,6.84963074625683e-06,4
"19819",0.155465981181919,0.000531975610833595,1.97466854178549e-55,4.64458778906033e-29,0.844002043207247,5
"19821",0.0161997603685787,0.962669369779936,0.0205451108276582,0.000585567456698811,1.91567128173687e-07,2
"19823",5.558348446085e-05,6.87408294159823e-06,3.04445345375172e-27,0.000648576086746598,0.999288966345851,5
"19825",2.19757773894871e-09,0.999999997799844,4.66485376447213e-28,4.28643702620529e-33,2.57799803122797e-12,2
"19827",0.00540349404914436,0.00276768796010703,0.00913726166113627,0.982438888828035,0.000252667501576863,4
"19829",0.898537042285297,0.101454158926102,5.89257677664499e-10,1.16071458338107e-24,8.79819934339816e-06,1
"19831",0.0692820340271678,0.00391614902296518,2.09329580581074e-48,5.98183060153319e-26,0.926801816949867,5
"19833",1.98442913872084e-22,9.7572228353488e-07,8.92424198138818e-67,4.06145939075347e-65,0.999999024277716,5
"19835",0.0161997603685787,0.962669369779936,0.0205451108276582,0.000585567456698811,1.91567128173687e-07,2
"19837",0.00955890841158491,0.000589584543414304,0.000201726347943278,0.989649260270888,5.2042616940008e-07,4
"19839",0.0114803653874429,0.98851945831629,9.62949102951957e-10,2.65205961501467e-16,1.75333318055462e-07,2
"19841",6.89929454014827e-13,0.793340784284007,0.206659200383974,5.08750709869968e-31,1.53313292143858e-08,2
"19843",0.00179795842218707,0.998202027631558,2.76056456052174e-68,1.50905572317025e-33,1.39462552241055e-08,2
"19845",2.5984398448149e-08,0.999867521019,3.72405040613923e-11,0.000132355475393182,9.74839675389585e-08,2
"19847",0.0964928334737392,0.658413732595658,5.32109759128956e-21,0.245092485408708,9.48521894834502e-07,2
"19849",9.16510029509187e-14,0.999999983481616,1.94377258231186e-25,3.0097524436562e-09,1.3508540238051e-08,2
"19851",0.00499677805758655,0.00270760237631066,3.62887129009905e-15,0.992186602454756,0.000109017111343504,4
"19853",9.3941513392904e-10,0.00789307037800589,2.56621922418276e-24,0.443664075595606,0.548442853086973,5
"19855",0.000142941790092645,0.00214553908598389,1.6279078778558e-05,0.997251451279801,0.00044378876534413,4
"19857",0.697413565013026,0.282286383142605,0.0134553999929233,0.00684463729650441,1.45549420791462e-08,1
"19859",0.225534721717207,0.0127874816943588,0.0019271722065114,0.759619835258219,0.00013078912370399,4
"19861",2.95726819749029e-05,0.0560041476531164,3.00016534309414e-16,0.943964774023171,1.50564173737551e-06,4
"19863",5.43770578567307e-21,0.999999307959822,6.919766102589e-07,1.32615790935474e-21,6.35673088224997e-11,2
"19865",2.07795574182026e-07,0.00221330297002643,0.997786487993153,1.81713226668034e-10,1.05953299403564e-09,3
"19867",0.00254905049533227,0.0439215461521933,9.08337223374074e-24,0.953528925931381,4.77421092840604e-07,4
"19869",1.46126000333563e-11,0.948693871730119,7.1379651093766e-17,0.0513061048117611,2.34435079517729e-08,2
"19871",0.31595195261248,0.00177462382725585,0.0385481558142479,0.643654886642279,7.03811037372271e-05,4
"19874",1.85629459267948e-05,0.00248112975276448,0.997491617919421,5.38319414611565e-06,3.30618774160025e-06,3
"19876",1.12929435549343e-06,0.000463789054763104,0.998932069142951,0.000602979374953538,3.31329767481958e-08,3
"19878",0.163727319866979,0.836272461402947,2.89472193917646e-36,4.30087285652725e-16,2.18730072915367e-07,2
"19880",7.61855195524913e-12,0.00029779136203505,0.99970205068773,1.55262675015146e-07,2.6799411818959e-09,3
"19882",5.68040392857047e-07,0.999356943042548,1.8235645369538e-10,0.000642032103714384,4.56630987830579e-07,2
"19885",0.343283297383208,0.00423618944034076,0.00100033571362454,0.651479938052575,2.39410251152104e-07,4
"19907",0.00082687588887122,0.840858121863839,6.8177201998198e-19,0.158314142945567,8.59301722756424e-07,2
"19909",0.990207457970628,0.00978965854483829,1.897556539003e-23,1.01048963251109e-11,2.88347442899934e-06,1
"19911",0.763262584388916,0.236722292597473,3.52048998124747e-12,9.6580252425992e-12,1.51230004320846e-05,1
"19913",5.45198744558528e-14,0.00108956549399025,0.998910363907093,9.2499846205901e-27,7.05988618987338e-08,3
"19915",5.20394700240177e-05,0.000270155044901862,0.012863432168325,0.986811850860095,2.52245665452387e-06,4
"19917",7.9352215738164e-05,0.0156400929597228,0.98323293261605,0.00104598980760829,1.63240088034429e-06,3
"19919",0.0209322368357854,0.00156085751106545,0.163692401729833,0.813802089255183,1.24146681333501e-05,4
"19921",0.00712520207846703,0.00287829457380812,1.29061914674859e-14,0.989994644200891,1.85914682099392e-06,4
"19923",0.146214661869934,0.852925549985596,2.51782998807372e-40,1.93093075649579e-06,0.000857857213713029,2
"19925",4.90614665076646e-05,0.00234327859499877,0.966429940897241,0.0311770946250258,6.24416227181588e-07,3
"19927",0.00690791520533862,0.000272907072134611,0.000158354164594704,0.99260878592814,5.20376297916996e-05,4
"19929",7.03066475554802e-20,0.813249133752086,0.186750866144524,5.43567002495473e-27,1.03389439844095e-10,2
"19931",0.0954397437248081,0.00532149994789408,0.00496128590902751,0.894168722603716,0.000108747814553709,4
"19933",0.992636015659149,0.00718240900545806,8.0521319684756e-13,6.2944949715436e-05,0.000118630384871854,1
"19935",0.523835389822107,0.476003131852082,1.35710482394927e-07,0.00016134040847364,2.20685570037537e-09,1
"19937",0.00346004346918436,0.000148966159349701,2.96068006705366e-15,0.996289748949888,0.000101241421575057,4
"19939",0.890503975225833,0.108881794577418,0.00010030742709216,0.000372937907555285,0.000140984862101971,1
"19941",0.0597423623703487,0.940257048036669,3.02862060046143e-13,7.1030886596235e-14,5.89592608682486e-07,2
"19943",3.39221030063138e-09,0.000271988126276373,0.999727672477548,4.4413140012971e-16,3.36003964594851e-07,3
"19945",0.973391518482008,0.0264002998852205,3.54572440769744e-18,5.93099651326734e-05,0.000148871667638532,1
"19947",5.65086408365722e-05,0.999941200902455,4.1389864901781e-07,3.9827431741751e-24,1.87655805933949e-06,2
"19949",0.738883142299626,0.261042810967812,4.29520723514628e-28,1.16904057740437e-06,7.28776919838569e-05,1
"19951",0.119308882189813,0.7728167531529,0.0835511969143755,0.0242830844656128,4.00832772988731e-05,2
"19953",0.00147253346668806,0.000240106646947393,4.72107694862609e-80,4.89308141177713e-22,0.998287359886365,5
"19955",0.289879962796497,0.703038694563204,1.28138539751777e-28,1.46164029946634e-18,0.00708134264029902,2
"19957",0.0348946143474964,0.134091509755705,0.0143451221120634,6.51161663654803e-06,0.816662242168098,5
"19960",0.248616404996788,0.751383560639036,1.91789224166506e-19,1.73861464273824e-26,3.43641751516442e-08,2
"19963",2.71653497411731e-18,0.000143660738869843,7.85863845950487e-22,3.33516305203926e-38,0.99985633926113,5
"19965",0.575507948786803,0.424340003125532,8.34955725015409e-47,1.14550522353662e-25,0.000152048087664936,1
"19968",1.71995740705135e-06,0.998721442167205,0.00127683763872505,2.36661930163345e-10,3.36471852405463e-16,2
"19971",2.13891297374023e-11,0.195202498517842,2.85597858938857e-07,1.10120595478998e-55,0.80479721586291,5
"19973",0.00855134683812895,0.00119172178771803,0.0181237094245678,0.972133167693758,5.42558273183893e-08,4
"19975",3.2980601532757e-05,0.0075300004961968,0.962684327475959,0.0297526913004116,1.2590006974331e-10,3
"19977",7.5233539074889e-13,0.999985596240244,6.83327851859068e-14,4.26300250681532e-17,1.44037589356412e-05,2
"19979",0.975607789479817,0.024314497902019,9.22040469022211e-39,1.38573826948303e-35,7.77126181644129e-05,1
"19981",0.940300950702944,0.00577399984172969,2.23266610061677e-05,0.05388580617971,1.69166146097785e-05,1
"19983",0.961434179540103,0.0292560820189932,4.76011752756303e-13,0.00930819657979631,1.54186063193236e-06,1
"19985",5.99477354135125e-06,0.00092644451240099,0.995020802835865,0.00404672486144009,3.30167520352136e-08,3
"19987",0.682673199354882,0.0854895729306843,1.26006335334233e-08,0.231835836115196,1.37899860413243e-06,1
"19989",0.981168037397197,0.0178419599217746,9.6001338679418e-61,2.13043402934858e-25,0.000990002681028859,1
"19993",0.967814492389132,0.0321817464534977,6.10668758442706e-10,9.86078028782604e-10,3.75956062391299e-06,1
"19995",0.667163329848026,0.332835941444795,9.34189588128593e-11,1.88336471851853e-08,7.09780112728184e-07,1
"19997",0.00275996136624063,0.00208674836953317,0.0502653771011611,0.94488436802894,3.54513412502041e-06,4
"19999",1.7514780065612e-05,0.00422465855810627,5.97742224205555e-05,0.995697916687049,1.35752359053356e-07,4
"20002",2.15642326443086e-19,0.999999999930803,2.01879323142963e-20,4.26368307920275e-30,6.9196574526548e-11,2
"20004",0.729357331480313,0.270642657947712,1.22098498485323e-16,3.38607521921724e-09,7.18589918392402e-09,1
"20006",0.010542865281496,0.989455611777461,7.31555157241288e-31,3.8946161224867e-20,1.52294104260202e-06,2
"20008",0.0071802185660304,0.992796658831711,2.0919895840042e-33,1.92954690820134e-19,2.31226022587929e-05,2
"20010",0.926866081804811,0.0727956836026358,7.23759600774971e-32,1.49034551609992e-08,0.000338219689097684,1
"20012",4.01214321402347e-06,0.961810159254176,0.0381857105294376,3.68431852445287e-08,8.12299874470364e-08,2
"20015",0.965344041656951,0.0346559581910087,1.04256668661915e-39,1.64803281465796e-31,1.52040197504237e-10,1
"20017",0.00052763063981924,0.0059988919445181,0.151126681667508,0.842346703691383,9.20567716221795e-08,4
"20019",0.916840783808361,0.0830827531005444,2.78706369302207e-69,2.68010431566486e-44,7.64630910950951e-05,1
"20022",0.975116538455964,0.0248542306667788,1.41641562205225e-26,7.34210151320461e-09,2.92235351557919e-05,1
"20024",0.00124662602707358,0.569305245680791,1.79663260587528e-91,9.2845386966519e-49,0.429448128292135,2
"20026",0.00124662602707358,0.569305245680791,1.79663260587528e-91,9.2845386966519e-49,0.429448128292135,2
"20028",1.84705645955803e-05,0.00117727432166868,0.0841301822100063,0.914672395687002,1.67721672722946e-06,4
"20030",0.476625901356293,0.523374097536477,2.57752532063374e-27,5.19408686553207e-24,1.10722961726929e-09,2
"20033",0.158231650611638,0.0154697013889303,0.371824262840506,0.454320244886355,0.000154140272570382,4
"20035",0.920371156269407,0.0794689409889436,1.46108282943612e-69,6.94189763139018e-49,0.00015990274164995,1
"20037",0.958350563727078,0.0415941478927429,2.63535075607019e-74,1.19383506670537e-36,5.52883801789727e-05,1
"20039",2.11598409896998e-11,1.87128082786741e-07,1.02156356785204e-116,6.65468870858922e-64,0.999999812850757,5
"20041",0.904954444759365,0.0928147716930228,7.97895466443746e-19,1.00273598258049e-11,0.00223078353758489,1
"20044",0.319585658793969,0.620261867708955,1.02834904551275e-16,9.57650718692752e-17,0.0601524734970765,2
"20047",0.733731795603116,0.223803632318162,2.31358701349393e-57,1.42738988013956e-50,0.0424645720787215,1
"20050",0.487328167690157,0.0608956971698943,1.77597174445757e-38,7.35538559335055e-15,0.451776135139942,1
"20052",0.577528430937534,0.0187688322346787,4.56564088845637e-05,0.402290268288935,0.00136681212996764,1
"20054",0.964848183172619,0.0351518155649988,2.45339289393922e-18,8.54908835666768e-22,1.26238161969236e-09,1
"20056",1.30064853837081e-05,0.992593471843537,0.00739102047650474,9.15118004869395e-11,2.50110306268272e-06,2
"20058",0.957251364041132,0.0426909027963157,6.01658959297767e-64,3.28300855983999e-26,5.7733162552292e-05,1
"20060",0.0295229049140115,0.0281915620838212,2.75637933693632e-14,0.9422852130341,3.19968039741592e-07,4
"20062",0.784523141205047,0.0449478047207656,1.36661274754837e-09,0.170524484896431,4.56781114323885e-06,1
"20064",0.98185778799954,0.0181313824930528,1.18647139250737e-14,8.78693742462885e-06,2.04256997021704e-06,1
"20066",0.617601794061816,0.38239792996573,2.23611995199932e-38,1.2661305514488e-41,2.75972453747018e-07,1
"20068",0.00367039154607005,0.00665447924339825,4.98268200674914e-10,0.989675076288869,5.24233943248658e-08,4
"20070",0.00558167058827689,0.00361584369764892,1.36935460113383e-12,0.988027140667578,0.00277534504512658,4
"20072",0.396608770815448,0.603387427227767,9.8243089923877e-43,2.48831511726301e-29,3.80195678561754e-06,2
"20074",2.42102353634721e-18,0.00638843551229544,0.99361156422805,5.70311772760117e-24,2.59654654320203e-10,3
"20076",0.000321469199128359,0.992407609763731,0.00727092092182657,9.24372777237004e-12,1.06070377437637e-10,2
"20078",0.975649737666139,0.0241512623144693,2.10959889886371e-18,3.20815356810292e-08,0.000198967937856241,1
"20080",0.981517173496289,0.0183392283769215,2.28298282765258e-55,5.21104600652785e-31,0.000143598126789838,1
"20082",3.89683172347722e-06,1.21720018017655e-07,3.23994934066063e-67,3.94936186731108e-37,0.999995981448259,5
"20084",0.82379001565686,0.168218996041268,2.7252401333377e-13,2.4308824013728e-11,0.00799098827728998,1
"20087",0.914426724683025,0.0855689383360178,7.67730833455103e-30,1.50514423430399e-08,4.32192951468958e-06,1
"20090",0.96015813591455,0.0378574563238827,3.65036828409533e-53,1.29401492157937e-31,0.00198440776156692,1
"20092",9.34570671940002e-05,0.000128398556031746,4.81301023742205e-51,2.99975999002312e-14,0.999778144376744,5
"20096",0.0132974373067706,0.00170247333756172,3.4577113214437e-18,1.16093039988539e-07,0.984999973262628,5
"20098",0.0347371452053681,0.00303789233967183,0.79124701900599,0.170796855388647,0.000181088060323525,3
"20101",0.912697907523087,0.0857470151822245,5.69627841678697e-22,2.51202976780005e-22,0.00155507729468892,1
"20104",4.66434146472288e-13,1.70566220644498e-06,5.12761696234765e-28,2.79376201107437e-17,0.999998294337327,5
"20106",0.97395041800902,0.0260493759503296,1.40861243996198e-19,4.50995595256261e-16,2.06040649566215e-07,1
"20108",0.0188965925909212,0.0106035610879315,0.0327582125257424,0.93774033980931,1.29398609516683e-06,4
"20110",0.043267873386158,0.124240988690067,9.70877489811391e-16,2.20685639385413e-05,0.832469069359836,5
"20112",0.963840362036992,0.0335034834642524,1.32789317048603e-25,1.30581909866755e-15,0.00265615449875432,1
"20114",0.917724354951529,0.0818736498356182,1.15025016685209e-13,1.66282995123693e-07,0.000401828929743081,1
"20116",0.848250477402961,0.151749236273682,2.34799807662988e-07,1.46716648266561e-13,5.15234025178937e-08,1
"20118",0.916427164544868,0.00356159718172105,0.0059921573841941,0.0737622595570681,0.000256821332148429,1
"20120",0.916551520046647,0.0814773983751058,1.72759084100361e-32,4.75464868608241e-14,0.00197108157819928,1
"20122",4.28646303897588e-08,0.00141035401787017,0.998589555035629,4.63435967929739e-08,1.73827352123734e-09,3
"20124",0.92977365884734,0.0581259948940324,9.7863456929708e-59,4.86467363593319e-27,0.0121003462586279,1
"20126",7.92375805645151e-10,1.45423380823786e-07,2.63491938194857e-67,5.2716410109462e-57,0.999999853784243,5
"20128",2.47131693399407e-06,0.000250913251240886,4.02966341010074e-99,5.68948694738402e-73,0.999746615431825,5
"20141",3.50493503313232e-07,6.79018392472106e-07,8.95419040177311e-11,8.83675019593777e-11,0.999998970310195,5
"20143",2.25092744331279e-14,0.957600917437601,0.0423974384127175,5.44191206334489e-10,1.64360546816656e-06,2
"20145",0.97875057350965,0.02091686748394,5.41165373395677e-27,1.00598295748241e-08,0.00033254894658058,1
"20147",0.987921086246317,0.012051466546371,1.10713965086573e-16,4.18140935417439e-11,2.74471654979965e-05,1
"20149",1.24338760865959e-08,0.0109191711033565,0.989077631397033,5.33359046818897e-11,3.18501239850493e-06,3
"20151",0.0057386503879956,0.00141525874785387,0.029628961595164,0.963216509317094,6.19951892887526e-07,4
"20153",0.0243924791748193,0.0861817930499365,7.58288042170319e-11,0.363091988340042,0.526333739359373,5
"20155",0.978946374990802,0.0210517151670932,1.34717467743635e-28,1.33074980831713e-20,1.90984210450825e-06,1
"20157",0.00319363704466782,0.107503822136295,0.00137053766680866,0.887919495263526,1.25078887019035e-05,4
"20160",2.51587466445767e-14,0.00022220955869275,0.99977778361544,2.60911778465498e-21,6.82584169180056e-09,3
"20162",2.07668310619668e-10,0.000148980121981166,0.999850941267568,7.20783780837452e-08,6.32440439045573e-09,3
"20164",0.000713560940414723,0.936360486676819,0.0614693167616461,0.000659855288071743,0.000796780333047982,2
"20166",0.00108772369201032,0.998912276239429,2.47346072082095e-24,8.87734765992017e-37,6.85602965333479e-11,2
"20168",1.59310156436153e-14,0.999999999999746,3.16040442125759e-20,2.35531147773175e-45,2.38266075875851e-13,2
"20170",0.0039895463468961,0.0013148069718004,6.26202270388226e-05,0.994418043716199,0.00021498273806583,4
"20172",0.990188697383317,0.00953713830561062,1.34783312273314e-37,3.99385439700136e-10,0.00027416391168669,1
"20174",8.14631516348381e-08,0.0213854824191754,0.978483718431476,0.000130713189859419,4.49633766279244e-09,3
"20176",4.55465255165161e-10,0.999999983510488,6.02812847012517e-22,1.59034278816266e-24,1.6034046673414e-08,2
"20178",8.43607408468154e-15,0.000384095515287278,0.999615881279865,1.27502793999515e-27,2.32048391444564e-08,3
"20181",0.348144727990517,0.65185526949755,4.96384112983432e-19,1.12941281790514e-23,2.51193300771742e-09,2
"20183",0.227720581152649,0.00470159164817766,1.7555534206221e-22,0.765445982147869,0.00213184505130415,4
"20186",0.263630145458426,0.579677431921133,1.47562700348072e-37,0.146166879800164,0.0105255428202777,2
"20188",8.32980516091613e-12,0.00182122458119702,0.998178725734254,1.37712804311095e-09,4.82990914148533e-08,3
"20190",0.978088028515635,0.0219119227628579,1.37418160494309e-39,5.78862903021402e-27,4.87215069736694e-08,1
"20193",4.24309312716841e-13,0.999999682976082,3.13820407735124e-07,5.85369439738394e-37,3.20308597045813e-09,2
"20195",0.170631010129933,0.632007759469303,0.141099725753594,0.0555253429011459,0.00073616174602323,2
"20197",0.979466028613229,0.020326111147484,5.33096933654167e-32,2.33824008909599e-12,0.000207860236949319,1
"20199",1.61534267791499e-05,0.00521942798171263,0.00920536162665188,0.985458926126061,0.000100130838795744,4
"20205",4.93775161269776e-07,1.15279217422621e-07,3.05364478842187e-67,1.74913362252375e-33,0.999999390945621,5
"20208",0.764865568653704,0.0559110364712908,0.000586533406220381,0.178325685119729,0.000311176349055147,1
"20210",2.76813286363661e-08,0.000202339849006202,0.999689420112527,0.000108115433918236,9.6923219323338e-08,3
"20212",0.000515695098707904,0.00574188933538474,0.993701187745912,2.07236264159494e-05,2.05041935789295e-05,3
"20216",0.963563689365792,0.0364362850606577,5.64589382333291e-27,7.04032784395638e-14,2.55734800769236e-08,1
"20219",0.555104881413098,0.0204067065193106,8.6234915935267e-32,1.43514841396748e-12,0.424488412066156,1
"20223",0.00283090841230898,0.997162202352998,3.27346592956423e-88,4.51026426761926e-46,6.88923469275388e-06,2
"20226",0.901949838587187,0.0980015106403342,7.14807229451034e-19,1.90894719114724e-05,2.95613005672886e-05,1
"20230",0.982241460874796,0.017748105843921,2.91112242992314e-50,4.39554659950133e-32,1.04332812831593e-05,1
"20233",5.03610935644634e-16,9.87548616225248e-10,3.74614959851398e-61,5.62879749119314e-21,0.999999999012451,5
"20235",0.0657786015638027,0.414726892008647,6.71917107751586e-65,1.61554862893783e-32,0.51949450642755,5
"20239",0.372762148231853,0.62723771684751,1.35028246423441e-36,6.61433306048817e-13,1.34919975640935e-07,2
"20254",1.96130315336094e-05,9.17284914588507e-07,6.12677982429561e-90,9.94555714973181e-40,0.999979469683552,5
"20256",0.991196094991651,0.00856712423025891,1.88424724460869e-39,9.46063333440459e-22,0.00023678077809023,1
"20262",0.000504597345659256,0.000569581645896505,0.108502986392164,0.890422133077529,7.01538750953259e-07,4
"20270",0.0149204538770147,0.985079545782145,7.52159043016211e-29,1.45145279664301e-16,3.40840056211971e-10,2
"20284",0.042916102006976,0.0360460473465936,1.131863880172e-48,9.67209924702571e-05,0.92094112965396,5
"20287",0.862191654518599,0.137807699719317,2.36867570469635e-66,2.86958659852009e-46,6.45762083671125e-07,1
"20290",6.98312751211043e-05,8.42479395417381e-05,5.67928800592119e-58,1.92585519260439e-18,0.999845920785337,5
"20293",0.996047817314522,0.00236800098129401,5.75569321822763e-26,8.66131710563116e-07,0.00158331557247339,1
"20296",0.0369902416360041,0.65931700489382,0.25935014007394,0.0443426133923088,3.92710009320069e-12,2
"20301",0.0129005768337481,0.987090319216285,7.39908206989568e-47,3.45476793860308e-57,9.10394996654557e-06,2
"20304",7.17939261602125e-06,9.28929924025728e-09,7.24142739713158e-62,7.82269052292028e-34,0.999992811318085,5
"20306",0.966743109169946,0.0313226024410692,2.22650562350647e-72,5.17503165141809e-27,0.00193428838898512,1
"20309",0.994149740589865,0.00293432081130536,8.6101701370916e-18,1.14750833030648e-10,0.0029159384840789,1
"20311",0.853019402679097,0.146974994390151,9.84755373538751e-24,9.99303527338651e-14,5.60293065181209e-06,1
"20314",0.0248673164711329,0.000487346290554896,6.85247781048835e-05,0.974560915465413,1.58969947944404e-05,4
"20318",5.2236559183166e-11,0.999998556321145,1.43716678602629e-06,3.61470197270893e-15,6.45982882742146e-09,2
"20320",0.0190391170734769,0.973315265325838,1.96593983726588e-14,4.67296992555944e-07,0.00764515030367283,2
"20326",0.191260938065015,0.00206776882339914,0.00997469072047354,0.794763068236015,0.00193353415509736,4
"20328",0.305211170391592,0.653892346671511,2.03078801622217e-12,0.00485934238966269,0.036037140545203,2
"20330",0.722013836283917,0.277945205879491,9.16657882424721e-42,2.65047289575752e-19,4.09578365925535e-05,1
"20336",0.00367716908844949,6.6553963353228e-06,6.11102688156198e-50,2.29058847949588e-09,0.996316173224627,5
"20338",0.00731183929523632,1.48058173709325e-05,5.8974531657819e-26,1.63316690453282e-20,0.992673354887393,5
"20340",0.756504527877501,0.243334465718912,6.07511009494388e-50,5.60976633819478e-38,0.000161006403587417,1
"20342",1.23369785009851e-16,0.00146795653895759,1.82662993555274e-63,1.18047390248493e-41,0.998532043461042,5
"20344",0.980783014194089,0.0186400421948285,5.60414357358701e-33,1.80439567464576e-17,0.000576943611082126,1
"20349",0.987877740782687,0.0120998799541831,1.95570874223189e-55,1.34306069372187e-22,2.23792631299453e-05,1
"20351",0.993891756204241,0.00523079232894759,1.28854463875989e-18,4.90671323506877e-12,0.000877451461904566,1
"20353",0.88842612220609,0.0761906928668279,3.37377844424274e-56,7.03182269805789e-24,0.0353831849270824,1
"20357",6.39311470014418e-06,2.02682942012081e-05,7.66473138564994e-104,5.32292723734851e-33,0.999973338591099,5
"20360",7.19661035695931e-09,0.108903461637438,2.10580787244056e-58,6.59801538172813e-41,0.891096531165952,5
"20364",0.983622367802649,0.0162895008833802,2.62580066178142e-23,5.21867119493447e-11,8.81312617840794e-05,1
"20366",1.17605693193184e-05,1.89175187208335e-07,8.57673609178671e-39,3.50231938157766e-19,0.999988050255494,5
"20381",1.60525842928366e-13,0.999875759086657,2.46576941616598e-07,8.04037410457528e-11,0.000123994255836654,2
"20391",0.00167538772912234,0.996826976665455,4.06364106878497e-70,2.46844574962649e-13,0.00149763560517546,2
"20394",0.04580909825614,0.0624550107403849,0.000122758789939446,0.891612416430625,7.15782910259611e-07,4
"20396",1.3324789058012e-09,0.191981075116909,3.43884484669245e-06,0.808015478195435,6.5103307712934e-09,4
"20409",0.640293576867209,0.359605626342608,1.33037162842225e-10,2.44116753702431e-06,9.83554896088862e-05,1
"20411",0.684034463835016,0.00351481426670791,1.08639418328387e-55,3.11829845678485e-20,0.312450721898276,1
"20416",4.71590581060401e-06,1.71322390056667e-05,2.64306987272034e-114,4.26901696443336e-66,0.999978151855184,5
"20418",9.4992212815817e-11,0.310438098233685,0.000173257666831106,0.689388636205986,7.79850509079898e-09,4
"20420",4.12073778439025e-11,3.61158349854311e-09,4.5092916297579e-44,2.69001866769113e-18,0.999999996347209,5
"20422",0.915921487736164,0.0840785080548163,1.05569750642616e-37,2.13986640906417e-24,4.20901982373057e-09,1
"20424",0.970315785488478,0.015740986835594,1.80573736921844e-48,4.26108466956659e-21,0.0139432276759283,1
"20426",1.02386369068787e-16,1.05508098274617e-08,1.63089174763354e-59,2.57016651367248e-43,0.99999998944919,5
"20428",0.955133409591048,0.0448665014777424,9.91348773386092e-16,1.94753815003112e-09,8.69836700546054e-08,1
"20431",0.750937017880769,0.21088228829795,2.6610616121234e-11,2.89244760784287e-06,0.0381778013470633,1
"20433",0.0278905961630572,0.972109327916798,2.10232264894391e-72,1.44447199661813e-37,7.59201442376773e-08,2
"20436",3.14773961329951e-08,0.999999960132245,7.93701604000987e-28,1.79658208235464e-30,8.39035927075206e-09,2
"20439",5.55672137934815e-08,0.102066140608727,0.897079313294489,0.000854483404684401,7.12488610598897e-09,3
"20441",0.000139940131742296,6.02436238515482e-06,4.95396377062104e-57,1.54893751459657e-27,0.999854035505872,5
"20444",4.99186912936085e-13,0.000703348981657734,0.999296638408581,9.52897863582878e-20,1.2609262017331e-08,3
"20448",0.00773459630821873,0.030889801666384,4.60602641212572e-08,6.72440140415558e-07,0.961374883524993,5
"20536",0.000826267223410089,0.493511365719065,2.01307673103764e-16,0.505662308867555,5.8189969452308e-08,4
"20538",0.00123380936196515,2.12775863604685e-06,2.16643327497134e-55,1.59466831701627e-13,0.998764062879239,5
"20541",0.937467912526518,0.0421911377815283,2.02878269746278e-72,4.08509447304939e-30,0.0203409496919535,1
"20544",0.992636934446856,0.006464809206699,1.44487514212558e-05,0.000377688576774092,0.000506119018249819,1
"20546",0.975759070137584,0.0238569076628536,3.78225364867711e-55,5.1741501804029e-14,0.000384022199510219,1
"20550",0.568491231456262,0.431491153875779,4.41364391889564e-22,3.27181398459323e-13,1.76146676316852e-05,1
"20553",5.33846764318591e-12,0.000117588209284603,4.00092470412618e-111,3.02158959940109e-87,0.999882411785377,5
"20555",1.45217036382173e-12,2.89238260499834e-08,6.12341870969095e-83,6.92001977186486e-20,0.999999971074722,5
"20557",0.924752404535844,0.0117592169387416,1.56600225971608e-15,1.58108189549359e-13,0.0634883785252551,1
"20559",0.980307732688937,0.0196910594326316,7.66144219979205e-24,3.28716617584418e-14,1.20787839837821e-06,1
"20561",0.0135634198300634,0.00397307259514751,4.58177755023047e-05,0.982384596123554,3.3093675733013e-05,4
"20564",8.43607408468154e-15,0.000384095515287278,0.999615881279865,1.27502793999515e-27,2.32048391444564e-08,3
"20566",0.98655830545711,0.0134416577286274,1.27498130303804e-15,3.60689567067421e-08,7.45304580455334e-10,1
"20569",4.42939479219276e-06,0.00179543930642358,6.61430898990492e-05,0.99813397513882,1.30700651582489e-08,4
"20572",1.22187263893422e-07,0.100154253776124,0.000432561077700932,0.899413061078732,1.88017848128157e-09,4
"20574",0.975750224673532,0.0227105778798721,1.5955164050699e-25,3.93746894480046e-20,0.00153919744659633,1
"20576",3.21309264023982e-10,0.000365639352434519,0.999634314063528,3.94216715013352e-13,4.62623337273165e-08,3
"20578",0.988034815131973,0.0119551026734453,1.00203708629392e-06,9.42916310908657e-07,8.13724118475283e-06,1
"20580",0.965315346968771,0.0345117679404491,1.42008686388642e-18,0.000172797560836189,8.75299439162017e-08,1
"20583",2.91464514825517e-11,0.000268052735371953,0.999731921164327,2.65099973182305e-20,2.60711547192127e-08,3
"20586",0.972058452593894,0.0279167978773242,4.64069214797131e-31,3.50078163994819e-06,2.12487471419002e-05,1
"20589",0.980446777722328,0.01952610716003,2.14433384425619e-46,4.57552277248097e-25,2.71151176419133e-05,1
"20591",0.017207367550932,0.0028499822821362,7.17262023759478e-36,9.59729586910742e-09,0.979942640569636,5
"20593",0.850207621173456,0.149789201628584,9.62582736156466e-57,4.18146970427636e-47,3.17719796039861e-06,1
"20595",0.996877232558961,0.00286208317333522,5.25260509081755e-16,1.13610403407821e-14,0.000260684267691727,1
"20597",1.32696376259977e-12,0.99999999524702,3.59153431785313e-11,6.83076825027482e-10,4.03266082837523e-09,2
"20599",3.74797035752898e-14,0.00051506007303304,0.999484936680779,5.16612277816697e-19,3.24615045672918e-09,3
"20601",0.0805345067161611,0.00215507332496421,2.0887683371624e-07,0.917294364586845,1.58464951960285e-05,4
"20604",0.978978498393915,0.0210197069410978,6.17446211994373e-38,8.8462955600851e-32,1.79466498658059e-06,1
"20606",0.977032290279976,0.0229675924863365,1.05352824343981e-47,7.49790193663289e-25,1.17233687357371e-07,1
"20608",0.988841599425679,0.0111583755237817,3.58076361418153e-32,1.93855542865036e-18,2.50505391990059e-08,1
"20610",4.00061154613894e-07,0.0034007023352094,0.996591276393889,1.16058988746362e-12,7.62120858659852e-06,3
"20612",4.79251424700929e-14,0.960458511162033,3.42547420777089e-49,1.73447334014281e-49,0.0395414888379187,2
"20614",3.89360202100377e-08,0.000269899910028329,0.999728720026897,1.18180262937991e-06,1.59324425342158e-07,3
"20616",0.168160428928717,0.7885784218139,2.84787961752242e-27,0.0432571248829594,4.02437442335618e-06,2
"20618",5.60929901249517e-06,2.07075399622259e-06,1.86100027871481e-40,8.16890173475018e-17,0.999992319946991,5
"20620",0.0889605459439923,0.911039066664043,1.22505158337124e-38,4.45049371538653e-19,3.87391964170768e-07,2
"20622",1.13185821720765e-07,0.00508001951818845,0.994919324056515,3.63744148749052e-07,1.79495326622607e-07,3
"20624",0.48687887125986,0.000528279232843506,8.60253563822779e-44,2.71007963367502e-24,0.512592849507296,5
"20626",0.0449787015399081,0.955021296333768,4.15490988277705e-14,1.937715921514e-18,2.12628258199442e-09,2
"20628",0.0563660349098938,0.943583108129099,6.9588291199359e-15,1.08737534001544e-23,5.0856961000044e-05,2
"20630",0.95588944365177,0.0441103195557416,1.0233128749765e-15,2.29725715325707e-15,2.36792485082553e-07,1
"20632",1.17627034851562e-11,0.00477129074932983,0.994374735025654,0.000853972393815463,1.81943848204763e-09,3
"20634",0.983417000137701,0.0165823979014941,1.12889937840653e-43,3.07597053279602e-24,6.01960804956626e-07,1
"20637",0.000419937137560746,0.000354463627262805,5.86857361946647e-54,3.57438915730538e-32,0.999225599235176,5
"20639",1.2564169907189e-05,0.00258643433307628,4.06241366969346e-07,0.997386208391779,1.43868638702433e-05,4
"20644",2.68746519826239e-11,0.014403606546271,1.12552995393537e-101,4.84344432558424e-91,0.985596393426854,5
"20646",2.90363354208717e-06,0.999252458191336,3.42688170850705e-44,8.45407720623244e-47,0.000744638175121644,2
"20648",0.00359660756441834,0.000225383323619263,2.67260126613752e-07,0.996142087634656,3.5654217179459e-05,4
"20650",0.0470864223649569,0.022305734663435,7.09509869635928e-77,6.47648013391277e-31,0.930607842971608,5
"20653",0.00592652343299068,0.992743319501011,5.30762174643492e-17,0.00121395097722128,0.000116206088776463,2
"20658",0.912521343741473,0.0874786447872985,1.57271841603937e-42,8.43155058493832e-29,1.14712285964769e-08,1
"20661",5.62319288739396e-07,1.98893943405824e-07,7.65550650187736e-63,2.35174032273733e-26,0.999999238786768,5
"20663",0.984877925824154,0.00578680515386613,5.10899327599791e-20,0.00911829332319581,0.000216975698784281,1
"20665",8.8846882055944e-13,0.0170898067650327,0.982910193080006,7.75651422248886e-22,1.5407279324336e-10,3
"20667",0.0252526688467293,0.974590493912553,8.69983117691719e-20,7.7124445783511e-07,0.000156065996259481,2
"20669",1.57435051815885e-09,0.999988429350755,1.6529354225532e-06,1.27908005102409e-06,8.63705942097461e-06,2
"20671",0.278653648168064,0.0011863579303213,8.72442006337482e-32,1.85411040039899e-17,0.720159993901614,5
"20673",2.73055838889653e-13,0.999999966631626,3.45222854882977e-09,2.8110870988659e-08,1.80500145525241e-09,2
"20675",0.0114312351130095,0.92069942262368,8.39739369756884e-24,0.067869211094469,1.31168841566748e-07,2
"20677",0.941113384436048,0.0583968713212282,9.1082779307445e-32,0.000489587525435954,1.56717287640965e-07,1
"20679",3.35856475818764e-10,0.911923569654276,1.36865524578593e-07,0.0880723027989185,3.99034542404685e-06,2
"20681",5.79813175971042e-05,0.00711790254765136,1.19612797907927e-15,0.992823180929295,9.35205455183407e-07,4
"20683",0.791594255880279,0.208397258268377,1.70019794685646e-26,8.20357860159707e-06,2.82272742233399e-07,1
"20685",3.1677723655475e-11,6.21681952259773e-08,2.88697126988334e-42,6.24511291658654e-17,0.999999937800127,5
"20687",2.12489421928872e-06,0.000116818710413673,0.999854731642113,2.588096422413e-05,4.43789029906175e-07,3
"20689",9.8039394560789e-12,1.25473046354848e-06,4.16057399052389e-89,2.41469120306625e-83,0.999998745259733,5
"20691",1.89992696604157e-11,0.000325055839320309,0.999674873089427,2.53149330669406e-18,7.10522536628732e-08,3
"20693",0.931258239769337,0.0684780153545376,7.21851118175254e-67,2.78348153578453e-27,0.000263744876125123,1
"20695",0.0052960407761724,0.00129800147029623,4.31028859295819e-08,0.993323928477499,8.19861731465717e-05,4
"20697",0.960157076794045,0.0398379382228537,1.09510416388337e-25,4.62655075373508e-20,4.9849831010559e-06,1
"20699",0.933949591020745,0.0658694998494956,1.9090928741976e-11,0.000180889966638914,1.91440292717175e-08,1
"20701",0.953294182204494,0.0466873710508071,4.63501245805275e-27,2.08676493971296e-10,1.84465360226259e-05,1
"20703",1.08440965610021e-17,0.996884857012772,1.25511236535568e-48,3.39021470739369e-15,0.00311514298722515,2
"20705",0.899404330422295,0.100581582869955,8.92062553424336e-58,2.10836458242358e-15,1.40867077480596e-05,1
"20707",0.515185115849181,0.0409856980271676,1.72121745416171e-21,0.44314624372925,0.000682942394402203,1
"20709",0.0427091706033052,0.946316281009118,0.0109737530309537,6.39662058519964e-18,7.9535662299585e-07,2
"20713",6.93576762650464e-05,0.000472676074561498,2.00305432139426e-11,0.000189199149238036,0.999268767079905,5
"20715",1.85379838724166e-07,0.953106217051277,1.03347027576755e-41,2.13026785900214e-63,0.046893597568884,2
"20717",0.0509861629121298,0.0534292855858266,2.38712137062906e-16,0.893483199829674,0.00210135167236922,4
"20720",0.974942175076165,0.0247908996435117,2.20226754490096e-18,3.57874828582244e-14,0.000266925280287143,1
"20722",0.957338457670771,0.042661376678508,3.35591850899397e-33,4.74961102136929e-08,1.18154611352407e-07,1
"20724",0.000677623650927378,0.000604377073153623,0.832389191511447,0.166328197934578,6.09829894024404e-07,3
"20726",0.907316211086831,0.0925545417738299,1.14226577976893e-59,1.18071218935384e-26,0.000129247139338966,1
"20728",1.98819169165103e-05,0.00128001674857479,6.05002104974351e-11,0.998699750894491,3.50379517361754e-07,4
"20730",0.0191255836884071,0.000634731630925723,0.960403112487069,0.0198229289480042,1.36432455939272e-05,3
"20732",0.00399538100074321,0.995701492983481,7.3377150655158e-40,7.1860980636548e-26,0.00030312601577547,2
"20734",0.949515397771501,0.0446768832371096,2.0367609383157e-20,0.00580222467124047,5.49432014867346e-06,1
"20736",1.19602865168757e-05,0.0016200591246987,0.020828867495872,0.977539059361812,5.37311001340766e-08,4
"20738",6.77075626048794e-12,0.999999995957616,2.9144392588815e-54,2.20063180157329e-38,4.03561351748802e-09,2
"20740",0.00884795199926413,0.00311462098026525,2.19127960534353e-73,1.12845579133786e-14,0.988037427020459,5
"20742",0.00106661612362135,6.17777919960461e-05,1.17131379437426e-15,0.92304724209531,0.0758243639890713,4
"20744",9.62779456812398e-10,0.0152109122787818,0.975246102975502,0.00954298355166716,2.31269555659029e-10,3
"20746",0.535549978328254,0.00775489634488505,2.72999139740337e-13,0.456687976567431,7.14875915636145e-06,1
"20748",0.000125570642983267,0.000154761452079395,0.0451405180745512,0.954550198568328,2.89512620581281e-05,4
"20750",0.00337873232080457,0.00415625082063023,0.763867962646912,0.228597048996432,5.21522149092595e-09,3
"20752",0.981518502530625,0.0184514458309664,3.69023656756647e-24,7.58016567763717e-07,2.92936218408719e-05,1
"20754",6.26747789362144e-12,0.999999897644466,1.07912558577225e-12,1.01437885791122e-07,9.10301744482472e-10,2
"20756",0.89047132387698,0.0301288846585859,0.0664504187422747,0.0129416651547436,7.70756741536005e-06,1
"20758",1.42002441424906e-07,0.999999857993849,1.12112382928521e-12,6.96682442909699e-15,2.58120232209899e-12,2
"20760",2.07694984258699e-05,0.00210909033279703,0.443646865130836,0.554223247312543,2.77253978339854e-08,4
"20762",1.75072260598415e-11,0.999968847802421,1.3032537016455e-22,3.10890056927229e-05,6.3174379243714e-08,2
"20764",2.19602827876499e-06,0.00422445763833099,0.0739402214670352,0.921455242657592,0.000377882208763337,4
"20766",4.89058106943581e-05,0.000266767346825473,0.00167024245978498,0.998013615501044,4.68881650977133e-07,4
"20768",0.00722304020313872,0.00132165755295238,0.467715297004693,0.52373135172687,8.65351234562211e-06,4
"20770",0.00339361694322987,0.996528433575273,1.07131967905913e-18,7.75031464464062e-05,4.46335050490123e-07,2
"20772",0.979066445675779,0.0209335430795495,3.3991732438572e-33,5.76450345780189e-29,1.12446711869765e-08,1
"20774",0.00330681664006915,0.996531755506609,1.0003145333366e-79,4.17554968390683e-69,0.000161427853322272,2
"20776",0.0410163366251106,0.00986864828849349,3.82117876791753e-11,0.948148900902664,0.00096611414552042,4
"20778",8.67407939738349e-06,0.00786814133059226,1.34759534881927e-89,2.48008993307204e-69,0.99212318459001,5
"20780",1.2955820903866e-16,0.999999999706243,4.72117201737899e-16,4.56110476541235e-19,2.93756888661131e-10,2
"20782",1.73849539385251e-13,0.999999408905901,2.62056783782984e-07,2.39960763830607e-10,3.28797180583642e-07,2
"20784",3.74089026572498e-10,0.999644555574487,2.11341926227338e-25,0.000355270010837495,1.74040587039336e-07,2
"20786",2.1914893364433e-15,0.0679448077859394,0.932055191835,4.13317326072723e-19,3.79058671960203e-10,3
"20788",0.146171077165697,0.00214900364358454,1.70162752561622e-17,0.851213666510232,0.000466252680486152,4
"20790",3.33550268100758e-05,0.230849908316443,0.72673152053579,0.0423851373556747,7.87652826980252e-08,3
"20792",0.756922968026195,0.239575657139067,0.00145457240310024,7.86092923944961e-12,0.00204680242377639,1
"20794",1.12836590070548e-06,0.175720286398516,0.824112223581124,0.000166357174328198,4.48013126617356e-09,3
"20796",0.984411210362656,0.0153674513392391,1.15894684241784e-48,7.68722856329903e-23,0.000221338298105241,1
"20798",8.43607408468154e-15,0.000384095515287278,0.999615881279865,1.27502793999515e-27,2.32048391444564e-08,3
"20801",1.1906104717221e-08,0.999997420649136,1.58897854219289e-06,8.92302539695266e-07,8.61636776086686e-08,2
"20803",0.925066888657342,0.0525437176452208,2.9425923121667e-27,0.0135583246360982,0.00883106906133888,1
"20805",0.950751834947114,0.0285171646005229,8.11983378106422e-15,0.0207286680639366,2.33238841866281e-06,1
"20807",8.43607408468154e-15,0.000384095515287278,0.999615881279865,1.27502793999515e-27,2.32048391444564e-08,3
"20809",0.0525460037237787,0.199729132992739,5.44371392192333e-19,0.33980477758119,0.407920085702292,5
"20811",4.11350055043105e-06,0.999978003202725,4.8807436417269e-25,1.74699105939611e-12,1.78832949776718e-05,2
"20813",0.0596586340972829,0.94025158442741,1.80522621363746e-10,2.02050177048827e-06,8.77607930140839e-05,2
"20815",8.90777242984214e-20,0.972585817283311,0.0274141822030809,1.45814215472712e-15,5.13606081436695e-10,2
"20817",0.00247159781694585,0.000393763433449754,0.0311106996087843,0.96600997584675,1.39632940703818e-05,4
"20819",0.946637890220342,0.049120263909182,2.79569362658213e-35,0.00358728447909469,0.000654561391381618,1
"20821",8.80764922537255e-12,0.999999999990034,8.224763306038e-39,2.21101854015864e-46,1.15875659444464e-12,2
"20823",0.997298981371081,0.0022380973144861,5.99558258947961e-06,0.000234601510380658,0.000222324221462295,1
"20825",0.000136372882725181,0.00110640100643235,0.969152664152154,0.0296043868515843,1.75107103897867e-07,3
"20827",0.00416665681640679,0.978259382018277,0.0151501888194239,0.00102254935472802,0.00140122299116405,2
