"","V1","V2","V3","best$classification"
"19812",0.0459469940077659,0.944221766936607,0.00983123905562745,2
"19814",0.90188112860811,0.0966895295984146,0.00142934179347521,1
"19816",3.01053067019866e-05,0.986396779462593,0.0135731152307048,2
"19818",0.348578762128308,0.645626287313338,0.00579495055835352,2
"19820",5.29969272863306e-21,0.978203741394364,0.0217962586056361,2
"19822",3.72229704218398e-22,0.0501688656872792,0.949831134312721,3
"19824",4.27068774697895e-08,0.445330900140957,0.554669057152166,3
"19826",0.181496984855901,0.778658071003681,0.0398449441404181,2
"19828",7.41235498053462e-11,0.989489332927526,0.0105106669983506,2
"19830",0.208431938508608,0.502178972163944,0.289389089327448,2
"19832",3.36156841533454e-08,0.402423095983239,0.597576870401077,3
"19834",4.69459405778763e-07,0.97294594658831,0.0270535839522838,2
"19836",0.000526277943077343,0.973317508373517,0.0261562136834058,2
"19838",0.957409963394863,0.0381402605596903,0.00444977604544706,1
"19840",1.9136459101511e-05,0.958640832675726,0.0413400308651728,2
"19842",0.65730315255536,4.93049470299725e-05,0.34264754249761,1
"19844",0.171933711215777,8.13132267097132e-09,0.8280662806529,3
"19846",0.998427804316555,0.000182974529768371,0.00138922115367619,1
"19848",0.995603499855698,0.00167880037778314,0.00271769976651909,1
"19850",0.989964918843485,0.00415870067337616,0.00587638048313881,1
"19852",0.013341748514799,0.98053661783645,0.00612163364875055,2
"19854",0.987633368140965,0.00608061555081104,0.00628601630822453,1
"19856",0.109474872352583,0.000370761920447857,0.890154365726969,3
"19858",5.00881947361691e-05,0.00105968155902004,0.998890230246244,3
"19860",0.0151600869591444,0.976769057757583,0.00807085528327215,2
"19862",0.992693894755949,0.000691330836505316,0.00661477440754596,1
"19864",2.07424348135351e-09,3.26419042631062e-10,0.999999997599337,3
"19866",4.66009844095945e-07,0.589328724699003,0.410670809291153,2
"19868",9.61296731390923e-22,1.09024462389828e-11,0.999999999989098,3
"19870",0.96188874381289,0.0341068774563215,0.00400437873078884,1
"19873",0.300154736483847,0.657240379136015,0.0426048843801376,2
"19875",1.55049895528835e-08,0.988750157427128,0.0112498270678819,2
"19877",0.304169478349872,0.689735334845162,0.00609518680496565,2
"19879",0.00394311358611686,0.984388612611878,0.0116682738020049,2
"19881",0.0984485031759332,0.780591966134799,0.120959530689268,2
"19883",0.871821895724174,0.0697938669299818,0.0583842373458442,1
"19899",9.61615920522684e-06,0.956537311387436,0.0434530724533586,2
"19908",1.18178302463472e-10,3.96488614896818e-07,0.999999603393207,3
"19910",0.0366321603189454,0.958139043733855,0.00522879594720007,2
"19912",0.915534050913381,0.000240665856819051,0.0842252832297999,1
"19914",0.00114737554452329,0.972541062112825,0.0263115623426522,2
"19916",5.29628060717169e-11,0.000275846037754071,0.999724153909283,3
"19918",0.977388907476201,0.0187465960813088,0.0038644964424904,1
"19920",0.996866732859289,0.000393471423724011,0.00273979571698714,1
"19922",2.17799881891094e-10,0.000943173780608345,0.999056826001592,3
"19924",0.276704659034858,0.715849992110214,0.00744534885492785,2
"19926",1.85577982708587e-07,0.913019205714412,0.086980608707605,2
"19928",2.83647094654811e-08,1.15838928784077e-15,0.999999971635289,3
"19930",0.869138470496939,0.129379623493884,0.00148190600917747,1
"19932",0.990135300246221,0.00925490796563485,0.000609791788144156,1
"19934",1.81974358232493e-06,0.98153786556473,0.018460314691688,2
"19936",0.0463840462084822,0.920390326354673,0.0332256274368444,2
"19938",3.32783350624218e-11,0.749898351143904,0.250101648822818,2
"19940",0.168365318001265,0.81527821413028,0.0163564678684553,2
"19942",9.071423550039e-06,2.63587168016978e-09,0.999990925940578,3
"19944",0.002626946740697,0.984517249512497,0.0128558037468059,2
"19946",0.15856681898629,0.824244643033218,0.0171885379804913,2
"19948",0.00182497389185364,4.48805229770096e-09,0.998175021620094,3
"19950",0.996948255016702,1.84337043488996e-07,0.00305156064625435,1
"19952",0.00182497389185364,4.48805229770096e-09,0.998175021620094,3
"19954",0.965949114335033,0.0333922914961105,0.000658594168856349,1
"19956",0.234623883926162,1.23179576332131e-06,0.765374884278074,3
"19958",1.98427788902792e-18,2.36222265433043e-11,0.999999999976378,3
"19962",0.0122449849464061,0.242303291560796,0.745451723492798,3
"19964",0.00983715578567406,0.908024781888403,0.0821380623259234,2
"19966",6.89895899573054e-15,0.536663536217959,0.463336463782034,2
"19969",0.69344358875488,0.249518900457355,0.0570375107877652,1
"19972",0.961535976954809,0.00217966620052845,0.0362843568446628,1
"19974",0.996335260331591,3.24122827141962e-08,0.00366470725612596,1
"19976",0.54554380965061,0.441440014982127,0.0130161753672637,1
"19978",0.00217240675092907,0.98891204800067,0.00891554524840077,2
"19980",0.999023569488969,0.000302423788219438,0.000674006722811546,1
"19982",0.930585304606393,0.00657768624205662,0.0628370091515504,1
"19984",0.980464859478607,1.68323334458199e-06,0.0195334572880489,1
"19986",4.39736059603328e-16,0.925962184646578,0.0740378153534211,2
"19988",2.07343733353898e-22,0.927649186485735,0.0723508135142653,2
"19992",7.24699818781089e-15,0.959194359109928,0.0408056408900643,2
"19994",0.761842857786224,0.235908779665134,0.00224836254864152,1
"19996",9.26444515943817e-14,0.991501912425762,0.00849808757414479,2
"19998",7.1685861852467e-05,0.00476723476196463,0.995161079376183,3
"20000",0.000129117963716399,0.00158233108222907,0.998288550954055,3
"20003",0.0461330570832255,0.938564044482823,0.0153028984339512,2
"20005",0.967212894383344,0.00183991238186954,0.0309471932347862,1
"20007",0.000159846050318712,0.974002509668244,0.0258376442814371,2
"20009",1.78184198054058e-11,0.118323794395143,0.881676205587039,3
"20011",0.861322824688451,0.0701325284938458,0.0685446468177036,1
"20013",0.891403015159902,0.104625453669328,0.00397153117077035,1
"20016",4.32525945309348e-15,0.273660463939705,0.726339536060291,3
"20018",4.07217661538334e-42,2.54179937959718e-09,0.999999997458201,3
"20021",8.7194261897111e-08,0.987717195244417,0.0122827175613215,2
"20023",0.000204244348888327,0.957196477520582,0.0425992781305296,2
"20025",4.44052697911681e-25,0.00268266348781468,0.997317336512185,3
"20027",0.897885018026259,0.0371431775166577,0.0649718044570829,1
"20029",0.840847723464945,0.0319199915525363,0.127232284982519,1
"20032",0.956512376105612,0.0362881186632894,0.00719950523109853,1
"20034",0.00344242818366915,1.30121932203364e-06,0.996556270597009,3
"20036",0.0260218897902463,0.0605514745147325,0.913426635695021,3
"20038",3.91806570838042e-14,0.97887116170825,0.021128838291711,2
"20040",3.7889088686953e-21,0.000261640733563326,0.999738359266437,3
"20043",2.44198426926176e-09,0.979693613777732,0.0203063837802837,2
"20045",7.92792894733925e-22,0.578028073697268,0.421971926302732,2
"20048",0.662933160069137,5.60016641747639e-09,0.337066834330697,1
"20051",0.000274498242399288,0.895006863345586,0.104718638412015,2
"20053",5.71019456911397e-05,0.858031816400922,0.141911081653387,2
"20055",1.93837603724395e-13,0.877175308526818,0.122824691472988,2
"20057",3.27741750451829e-27,8.68068017152976e-22,1,3
"20059",4.51407701270118e-07,0.754195619365494,0.245803929226805,2
"20061",0.000118281224312232,0.976166423933894,0.0237152948417939,2
"20063",3.57663645451096e-10,2.60067911412913e-11,0.99999999961633,3
"20065",8.71492288197345e-29,0.0110415997658252,0.988958400234175,3
"20067",4.15344119640207e-09,0.692604806254826,0.307395189591733,2
"20069",0.999058836064513,0.000236422179762642,0.000704741755724498,1
"20071",1.70246032332064e-06,0.16525562396847,0.834742673571207,3
"20073",0.958478613043763,0.00415092448913929,0.0373704624670979,1
"20075",2.33016309629677e-23,8.45033939044589e-10,0.999999999154966,3
"20077",1.67453833829968e-05,0.950478703224761,0.0495045513918557,2
"20079",2.94741387468082e-05,0.0284827121953678,0.971487813665885,3
"20081",1.57345436625835e-10,0.834274264277374,0.165725735565281,2
"20083",4.71358111116936e-05,7.58684334714661e-06,0.999945277345541,3
"20085",1.82008339440697e-23,0.937366773453777,0.0626332265462228,2
"20088",6.10290529935158e-11,0.978236016662131,0.0217639832768402,2
"20091",7.84362087211693e-19,2.30019583189229e-05,0.999976998041681,3
"20095",7.51531643953481e-05,2.41524306033104e-05,0.999900694405001,3
"20097",1.14575415097651e-23,0.899269924745149,0.100730075254851,2
"20099",3.07981539858868e-06,0.0299498410549376,0.970047079129664,3
"20102",9.06038695467838e-08,1.54665400814096e-07,0.99999975473073,3
"20105",7.57488202631874e-09,0.963690149882373,0.0363098425427445,2
"20107",1.14909930982483e-09,0.986869496407551,0.0131305024433497,2
"20109",0.0027261003083621,0.625766616619262,0.371507283072376,2
"20111",5.40340331073468e-10,2.13690902224665e-08,0.99999997809057,3
"20113",8.25892231018351e-08,0.857607162170439,0.142392755240338,2
"20115",0.0986677914664774,0.0150967233352822,0.88623548519824,3
"20117",1.7913419576391e-23,3.80398116103532e-08,0.999999961960188,3
"20119",1.71369497626138e-12,0.329282211977267,0.67071778802102,3
"20121",5.28565788101662e-12,0.970040661290644,0.0299593387040701,2
"20123",1.51654854713503e-24,1.8131613819703e-05,0.99998186838618,3
"20125",0.978015730676533,0.0179116234444232,0.00407264587904333,1
"20127",4.8993998097051e-18,0.948446648451018,0.0515533515489823,2
"20140",1.08087889041397e-10,0.703694858528353,0.29630514136356,2
"20142",0.998096675782192,6.74462948580297e-07,0.00190264975485985,1
"20144",0.0753427909820435,0.0153787055060635,0.909278503511893,3
"20146",0.553459442425384,0.0140355369529955,0.432505020621621,1
"20148",0.31390021270473,0.677423781682055,0.00867600561321483,2
"20150",0.998897052134368,7.40469216206919e-06,0.00109554317346946,1
"20152",0.21038519943032,0.778053406820153,0.0115613937495267,2
"20154",1.56784562907803e-22,0.000190476696703858,0.999809523303296,3
"20156",0.00138535771229882,0.320317296773736,0.678297345513965,3
"20159",0.817445451118932,0.00207777769446603,0.180476771186603,1
"20161",0.159923572067433,2.31779558206109e-05,0.840053249976746,3
"20163",0.000731210678220134,0.868463052880529,0.130805736441251,2
"20165",0.0156691272830217,0.0101127622045305,0.974218110512448,3
"20167",0.85011489619089,0.148086202965714,0.00179890084339659,1
"20169",0.984178246472798,1.22872460681761e-08,0.0158217412399559,1
"20171",1.80859715050591e-25,6.95912563487293e-07,0.999999304087436,3
"20173",1.82371829275002e-08,4.09567104708022e-08,0.999999940806107,3
"20175",0.627226635175277,0.361256726382495,0.0115166384422284,1
"20177",8.95548175966928e-08,0.0802103676234085,0.919789542821774,3
"20180",8.98790570918942e-17,0.905459131110245,0.0945408688897554,2
"20182",1.76476852676694e-06,7.1683552162922e-20,0.999998235231473,3
"20184",0.995922225820905,0.000959262066530579,0.00311851211256468,1
"20187",0.000773202080626084,2.331225203153e-05,0.999203485667342,3
"20189",1.46648561008006e-05,0.960574892086188,0.0394104430577111,2
"20192",3.18218486634467e-18,0.000208074148791412,0.999791925851209,3
"20194",0.129042447352159,2.55296651436483e-06,0.870954999681327,3
"20196",2.29951421911107e-20,0.198774882354536,0.801225117645464,3
"20198",0.015695770879629,0.786621519839437,0.197682709280934,2
"20204",0.996759219441571,0.000542748458283961,0.0026980321001452,1
"20207",6.25771408857575e-14,0.55161175693946,0.448388243060477,2
"20209",2.51340436445272e-09,0.000572062850611565,0.999427934635984,3
"20211",9.01448103256531e-19,0.000229955244688427,0.999770044755312,3
"20215",1.07579637757961e-08,0.964622238880011,0.0353777503620252,2
"20218",0.999112904445083,5.44407586803619e-06,0.000881651479048454,1
"20222",2.13957802305411e-11,0.908663629395945,0.0913363705826591,2
"20225",0.866073934309897,0.00303578324590617,0.130890282444197,1
"20229",2.80539317497231e-06,0.153971428096884,0.846025766509941,3
"20232",2.52833920294798e-07,0.937661570045737,0.0623381771203425,2
"20234",2.14672438333768e-35,0.00133174241769923,0.998668257582301,3
"20238",1.77672073702672e-09,0.909815890827257,0.0901841073960224,2
"20253",4.67551688782191e-14,0.902319114834986,0.0976808851649677,2
"20255",0.780666337397319,0.208849532366479,0.0104841302362016,1
"20258",1.27251833239767e-13,0.989783236641471,0.0102167633584014,2
"20269",9.40708647275889e-06,0.946385138049802,0.0536054548637254,2
"20271",1.14427752182697e-13,0.621216323594019,0.378783676405866,2
"20285",9.39485778353641e-05,0.00328499819393729,0.996621053228227,3
"20288",2.59649489180309e-08,0.975207144540876,0.024792829494175,2
"20291",9.45894725151093e-17,0.147713480990404,0.852286519009596,3
"20295",5.58743158165351e-07,0.0569258507529284,0.943073590503913,3
"20298",0.96880414489377,0.0284459485068823,0.00274990659934813,1
"20302",0.927161804348573,0.00922778540815341,0.0636104102432739,1
"20305",0.982750930372646,0.012267629628108,0.00498143999924636,1
"20307",2.15962773495245e-14,0.976244788436577,0.0237552115634011,2
"20310",3.38761755823552e-25,0.268917375421704,0.731082624578296,3
"20313",0.978959437860323,2.26907955522268e-09,0.0210405598705978,1
"20315",7.71302845277359e-13,0.98816336230992,0.0118366376893084,2
"20319",4.89172467626018e-21,0.0614495834655248,0.938550416534475,3
"20321",1.46627277713469e-12,0.8945640889806,0.105435911017934,2
"20327",6.63357815160766e-13,0.976887108651526,0.0231128913478107,2
"20329",0.0495405892738436,8.04602669260661e-09,0.95045940268013,3
"20335",5.72617312968738e-18,0.386363934041962,0.613636065958038,3
"20337",0.991171576894271,0.00161237759138128,0.00721604551434736,1
"20339",4.78793517906646e-14,5.35631500734246e-05,0.999946436849879,3
"20341",8.83413718549906e-17,1.1956783311727e-05,0.999988043216688,3
"20343",1.81731294013801e-15,0.0844365832840205,0.915563416715978,3
"20345",0.0331633241517127,0.928126367563428,0.0387103082848596,2
"20350",3.03842499665221e-09,0.00084246717901007,0.999157529782565,3
"20352",0.992107765837534,2.2555100142052e-07,0.0078920086114648,1
"20355",0.0803470550192745,0.000897689365253979,0.918755255615471,3
"20358",0.494253258508968,2.61302769634128e-07,0.505746480188263,3
"20363",8.32410798512661e-11,0.967977139957329,0.0320228599594303,2
"20365",3.05891198395208e-12,0.545246077277463,0.454753922719478,2
"20379",0.206837115690216,0.348009374573644,0.445153509736141,3
"20387",2.41799329442266e-10,0.971859373449285,0.0281406263089153,2
"20392",6.73127187614054e-23,0.000157086276628313,0.999842913723372,3
"20395",0.334839959195109,0.650271570162291,0.0148884706426004,2
"20397",0.025844677211522,6.35566923300492e-16,0.974155322788477,3
"20410",5.19988254335314e-09,0.970431568751836,0.0295684260482817,2
"20414",0.971585478165021,0.0166764704221152,0.0117380514128636,1
"20417",8.67397984587401e-46,3.14709803322353e-10,0.99999999968529,3
"20419",7.88665020884722e-14,0.892247293097984,0.107752706901937,2
"20421",0.0387295594758757,0.0131143969219884,0.948156043602136,3
"20423",0.990796119416969,0.00422719929353933,0.00497668128949121,1
"20425",0.931008117134786,0.0295639664682451,0.0394279163969685,1
"20427",0.0187154340940751,0.965499978122909,0.0157845877830155,2
"20429",3.42261043698209e-12,0.0057463730321165,0.994253626964461,3
"20432",0.992263863508524,8.92089748195614e-05,0.0076469275166559,1
"20435",2.99022760106874e-05,0.919391000202049,0.0805790975219408,2
"20438",5.49110710635063e-08,0.443155392462721,0.556844552626208,3
"20440",1.70055273759577e-12,0.972502566505366,0.0274974334929334,2
"20443",0.653195180706276,3.0071424022387e-05,0.346774747869702,1
"20446",2.82839495368928e-05,0.729036783507394,0.270934932543069,2
"20449",1.58389162919092e-06,0.958081644766308,0.0419167713420627,2
"20537",5.88799399777315e-12,0.14302776072772,0.856972239266392,3
"20540",7.05571948087105e-27,1.51558314817418e-05,0.999984844168518,3
"20543",0.000264300670307533,0.972662480559334,0.0270732187703587,2
"20545",1.60339295347569e-20,1.29686469697922e-05,0.99998703135303,3
"20549",0.395273514585135,0.580520442363666,0.0242060430511982,2
"20551",5.64630693258473e-05,0.987633696163118,0.0123098407675563,2
"20554",2.12577099310236e-07,0.992033601528863,0.00796618589403774,2
"20556",6.99587269190472e-06,0.957962084415004,0.0420309197123037,2
"20558",7.97582363631519e-13,0.991771451456582,0.00822854854261994,2
"20560",0.000323335204957568,0.972980357637736,0.0266963071573061,2
"20563",3.33211365003019e-17,0.958982305773787,0.0410176942262135,2
"20565",1.52561955749011e-05,0.960241389298135,0.0397433545062903,2
"20567",0.989369718485768,0.000291523752844549,0.010338757761387,1
"20571",2.39211586713255e-15,0.137768921732813,0.862231078267184,3
"20573",6.05231945471187e-05,0.976410710158521,0.0235287666469316,2
"20575",1.75575977805682e-14,0.907893820154034,0.0921061798459486,2
"20577",8.23869434594874e-05,0.982498432798978,0.0174191802575629,2
"20579",0.879550535765985,3.84896988515526e-11,0.120449464195526,1
"20582",2.01832098869442e-18,0.982108651995399,0.0178913480046014,2
"20585",4.5525880138694e-11,0.221704160636405,0.778295839318069,3
"20588",2.91679633779008e-12,0.000403358340915755,0.999596641656167,3
"20590",0.995982112138329,9.80386164679769e-09,0.00401787805780893,1
"20592",3.7612761067508e-15,0.977050072585823,0.0229499274141735,2
"20594",2.37856506034549e-19,0.961528041325868,0.0384719586741318,2
"20596",4.63165614011815e-06,0.945361530527272,0.0546338378165876,2
"20598",8.79881810398226e-06,0.988276965034539,0.0117142361473573,2
"20600",4.05999162135275e-05,0.473779927515418,0.526179472568368,3
"20603",0.895670439310571,0.0420229926731667,0.0623065680162622,1
"20605",2.52864292897221e-12,0.982838656987433,0.0171613430100381,2
"20607",1.0054835942279e-08,0.982512469077656,0.0174875208675084,2
"20609",3.87228713912539e-07,0.992639509453143,0.00736010331814294,2
"20611",0.99049273309074,0.00403990002552407,0.00546736688373548,1
"20613",0.000281956916795461,0.982323792760606,0.0173942503225988,2
"20615",0.00111660242199087,0.960221987170442,0.0386614104075671,2
"20617",0.984347073868439,5.52605352753845e-07,0.0156523735262079,1
"20619",7.49413309951797e-13,0.939547073982617,0.0604529260166332,2
"20621",2.21286971732485e-06,0.937707581518227,0.0622902056120554,2
"20623",0.656891408793146,0.00103111244554347,0.342077478761311,1
"20625",0.0898752791180958,0.025724126917494,0.88440059396441,3
"20627",0.000265213062216299,0.988067764383472,0.011667022554312,2
"20629",6.57493967728141e-05,0.98851872950449,0.011415521098737,2
"20631",5.73140652539354e-15,0.888031185241952,0.111968814758043,2
"20633",0.992274108141304,3.59248530864596e-11,0.00772589182277108,1
"20636",0.229854745415405,0.125032456373862,0.645112798210733,3
"20638",4.61633581309423e-06,0.439127229723154,0.560868153941033,3
"20640",1.22617909101176e-13,0.785351216686489,0.214648783313389,2
"20645",2.70039301603688e-21,0.953089098561152,0.0469109014388478,2
"20647",0.967600079895701,5.67027974581281e-10,0.0323999195372712,1
"20649",2.44641359701793e-08,0.910966652770953,0.0890333227649112,2
"20651",2.66502413235392e-19,0.0121894195679046,0.987810580432095,3
"20656",3.38251559911445e-16,0.443080650699933,0.556919349300067,3
"20660",1.33477246183798e-18,2.77279314755995e-05,0.999972272068524,3
"20662",0.51082218264768,1.01962688925121e-05,0.489167621083428,1
"20664",2.90545724659226e-07,0.0347337032916278,0.965266006162648,3
"20666",5.34081885297943e-06,0.0049745109038235,0.995020148277324,3
"20668",0.994197596975083,0.00305700019952876,0.00274540282538866,1
"20670",7.75331364840863e-15,0.143063385852349,0.856936614147643,3
"20672",0.998205278540561,0.000360557181444718,0.00143416427799414,1
"20674",0.00012301876742579,0.963207921584886,0.0366690596476879,2
"20676",0.82178916113251,1.09516344390094e-07,0.178210729351146,1
"20678",0.971571506246968,2.37312423194362e-09,0.0284284913799078,1
"20680",0.968702308662515,0.028828591943183,0.00246909939430151,1
"20682",0.392680922842336,0.47212377173227,0.135195305425394,2
"20684",4.07518436766786e-08,0.161543706013701,0.838456253234455,3
"20686",0.999403838567812,7.67001204762317e-06,0.000588491420140017,1
"20688",0.763515683077103,5.00153629492086e-12,0.236484316917896,1
"20690",7.49491361335756e-16,0.0139259193978913,0.986074080602108,3
"20692",0.981519534023522,4.99093523425405e-13,0.0184804659759788,1
"20694",0.984772328626869,0.01220409884267,0.00302357253046062,1
"20696",0.886171564326734,0.0652721317242154,0.0485563039490502,1
"20698",2.20816323980516e-05,0.812802905828401,0.187175012539201,2
"20700",7.28156346539716e-07,0.0374627947038232,0.96253647713983,3
"20702",3.10190374439609e-22,0.135411146174629,0.864588853825371,3
"20704",2.26044037734002e-05,0.992230582329666,0.00774681326656054,2
"20706",0.000242189435020279,0.00559358848300671,0.994164222081973,3
"20708",0.937302598080639,6.41800850518829e-06,0.0626909839108559,1
"20710",6.89886098153933e-09,0.750235768489841,0.249764224611298,2
"20714",0.968523533541318,0.000102387901364318,0.0313740785573176,1
"20716",5.73817250012368e-07,0.977101491725331,0.0228979344574187,2
"20719",6.52717012684573e-06,0.095374197431642,0.904619275398231,3
"20721",3.01101001497912e-16,0.942506623785411,0.0574933762145886,2
"20723",6.00363713488575e-10,0.000592577863728616,0.999407421535908,3
"20725",0.829227935710532,0.165742087188748,0.00502997710071921,1
"20727",0.0128626160618093,4.6092763025026e-10,0.987137383477263,3
"20729",0.993686560410045,0.0024075738292662,0.00390586576068852,1
"20731",0.918263436203149,0.0711137765186404,0.0106227872782108,1
"20733",1.4661547469039e-05,0.966746418542684,0.0332389199098475,2
"20735",0.000715885737586971,0.982991928603233,0.0162921856591799,2
"20737",0.99574757171702,1.94524302497597e-05,0.00423297585273046,1
"20739",0.993873610160247,1.34645750032652e-10,0.00612638970510708,1
"20741",0.836674832168843,0.159202214327143,0.0041229535040136,1
"20743",0.62263709323073,0.289044846345363,0.0883180604239066,1
"20745",1.95330952996797e-16,0.926655256084008,0.0733447439159913,2
"20747",0.972009601423316,0.00185143535932363,0.0261389632173603,1
"20749",0.97338171930829,0.00106637017992807,0.0255519105117821,1
"20751",0.0275752384794098,0.0346994737773931,0.937725287743197,3
"20753",0.940122371649753,0.0481973244013258,0.0116803039489216,1
"20755",0.222815021542118,2.0208754394054e-08,0.777184958249128,3
"20757",0.000191971169197457,3.42753382066268e-06,0.999804601296982,3
"20759",1.40924881133028e-08,0.591442446553469,0.408557539354043,2
"20761",0.4029057721146,0.594019627687073,0.00307460019832685,2
"20763",0.00288349956267077,0.461330100143453,0.535786400293876,3
"20765",0.911918578296321,0.0867779387535624,0.00130348295011607,1
"20767",5.75262944457004e-08,0.966046837043253,0.0339531054304528,2
"20769",3.71980288000692e-14,0.0606987774637785,0.939301222536184,3
"20771",0.404767231695644,0.572885622378219,0.0223471459261364,2
"20773",1.00480061501779e-05,4.63068758884979e-07,0.999989488925091,3
"20775",0.138218061114705,0.826968718178647,0.0348132207066477,2
"20777",3.39828471350655e-07,0.0471692488209756,0.952830411350553,3
"20779",0.800481552008406,0.194063058002646,0.00545538998894771,1
"20781",3.61501175574015e-17,3.18761296883352e-17,1,3
"20783",0.351679122643679,0.635521942617484,0.0127989347388373,2
"20785",8.353157941766e-05,6.21902712642313e-12,0.999916468414363,3
"20787",0.990303233952692,0.00771832369451446,0.00197844235279361,1
"20789",0.000613029213591725,0.985975466423601,0.0134115043628076,2
"20791",0.998218142980653,0.000630878487486447,0.00115097853186028,1
"20793",0.00273804587248586,0.968534082323268,0.0287278718042463,2
"20795",0.948859842058547,0.0318147067192288,0.0193254512222239,1
"20797",2.87510022317427e-08,4.52200946328801e-15,0.999999971248993,3
"20800",0.923143253488875,0.0358817422554842,0.0409750042556409,1
"20802",0.82946722441915,0.166741374467414,0.00379140111343639,1
"20804",0.994008564709786,0.000270185545453186,0.00572124974476057,1
"20806",0.998582343633483,7.52248426014224e-05,0.00134243152391571,1
"20808",1.65910226136739e-06,0.988174910670586,0.0118234302271524,2
"20810",0.693716381191679,0.0653724256976366,0.240911193110684,1
"20812",0.832013735905554,0.140347512902717,0.0276387511917292,1
"20814",0.951883404491256,3.98906225140989e-08,0.0481165556181216,1
"20816",2.84316301455903e-15,0.00386425698033345,0.996135743019664,3
"20818",0.152618711807685,0.829798611803444,0.0175826763888713,2
"20820",0.951522280150768,1.38844043152311e-10,0.048477719710388,1
"20822",0.848249573804264,0.150701816438595,0.00104860975714154,1
"20824",0.00011063337722178,9.90845995781179e-13,0.999889366621788,3
"20826",0.999246735186608,5.40779034545992e-07,0.000752724034357741,1
"20828",0.662933160069137,5.60016641747639e-09,0.337066834330697,1
"20830",0.979420420859672,0.00511032564168144,0.0154692534986471,1
"20832",0.0648962887711041,0.903034400685812,0.0320693105430841,2
"20834",2.0988124982676e-07,0.98362807976821,0.0163717103505401,2
"20836",0.887571343977935,0.109061395088859,0.00336726093320505,1
"20838",0.92983724406696,2.22661493604551e-06,0.0701605293181041,1
"20840",6.14625622575534e-07,0.985732762699057,0.0142666226753208,2
"20842",0.860629837288339,0.0319822863107299,0.107387876400931,1
"20844",0.0216818722759055,0.000276469997635834,0.978041657726459,3
"20846",0.941601435029346,0.0400928046839548,0.0183057602866993,1
"20848",0.0148799240613808,0.976924948491249,0.00819512744736976,2
"20850",2.58572649115442e-05,0.96941968995391,0.0305544527811787,2
"20852",0.000221308827307845,0.650780818764779,0.348997872407913,2
"20854",0.998150403899773,3.20933115359927e-05,0.00181750278869135,1
"20856",2.50055799078307e-20,1.36544855000046e-06,0.99999863455145,3
"20858",8.29994180777577e-11,0.946809255448912,0.0531907444680884,2
"20860",0.00563510540205403,0.0105344065226262,0.98383048807532,3
"20862",1.69842412387084e-12,0.802004608558314,0.197995391439987,2
"20864",0.997755453742665,8.23821440415537e-06,0.00223630804293068,1
"20866",4.4037137248466e-26,0.486856779165311,0.513143220834689,3
"20868",1.46359169808359e-07,0.982978913647245,0.0170209399935857,2
"20870",0.19451559773198,0.793788475718644,0.0116959265493766,2
"20872",0.945389726156676,0.0536851666005475,0.000925107242776482,1
"20874",0.991399406451641,3.1545603524876e-10,0.00860059323290328,1
"20877",3.95959473315036e-08,0.968663391171569,0.0313365692324834,2
"20879",1.98060569047974e-12,0.977913435731399,0.0220865642666201,2
"20881",0.95655704038994,0.0408963118992037,0.00254664771085672,1
"20883",0.0229982278872607,1.10710486225464e-05,0.976990701064117,3
"20885",0.983413383968076,0.0149088514794729,0.001677764552451,1
"20887",1.44783151680005e-06,0.975219917794842,0.0247786343736417,2
"20889",0.268940658849233,0.699847419179506,0.0312119219712611,2
"20891",2.96310226603245e-12,0.981161293446975,0.0188387065500618,2
"20896",1.01634524100598e-07,0.885478904794426,0.11452099357105,2
"20898",0.699077834901305,0.296843769382795,0.0040783957158998,1
"20900",8.9774232115336e-10,9.14177742947152e-14,0.999999999102166,3
"20902",1.08835529910479e-10,0.130915092627906,0.869084907263258,3
"20904",0.0926768091958926,0.00586940495265858,0.901453785851449,3
"20906",2.40344450914528e-10,0.869641906615527,0.130358093144128,2
"20908",0.692834689335951,0.283994184739605,0.0231711259244432,1
"20910",0.38292689311387,0.0271915817958835,0.589881525090247,3
"20912",6.90273585885042e-20,1.05151725567364e-15,0.999999999999999,3
"20914",7.66509758999076e-24,0.88851417863739,0.11148582136261,2
"20968",4.85666167685898e-05,2.10799004032397e-10,0.999951433172432,3
"20970",1.11952247400303e-06,0.97930385219424,0.0206950282832859,2
"20981",5.16568176742174e-07,0.757620257048922,0.242379226382901,2
"20983",0.982242139946457,3.29064148188651e-08,0.0177578271471284,1
"20988",7.15332832884148e-10,0.986810327487065,0.0131896717976023,2
"20995",1.03411438697653e-11,4.23081245584013e-07,0.999999576908413,3
"21017",0.225936010245292,0.757360307927853,0.0167036818268549,2
"21038",2.02646444551526e-10,0.946607890054538,0.0533921097428151,2
"21072",4.00596610711822e-09,0.916890544712766,0.0831094512812679,2
"21075",3.50175355264087e-14,0.804551279271336,0.195448720728629,2
"21223",0.0266213283348067,0.962115758747983,0.0112629129172098,2
"21225",1.63830122119126e-34,1.60135171740335e-12,0.999999999998399,3
"21230",0.998895450146735,2.84817131380629e-09,0.0011045470050935,1
"21236",0.207508244556979,0.772275002988946,0.0202167524540756,2
"21238",3.97503948856486e-08,0.0974999813749456,0.90249997887466,3
"21241",1.70975019250128e-12,0.682639278694206,0.317360721304084,2
"21246",3.08491546363597e-05,0.981143244837201,0.018825906008163,2
"21253",0.999427640316067,1.61551261707489e-05,0.000556204557762022,1
"21256",0.903270108833786,0.0665012606787094,0.0302286304875048,1
"21260",2.3758278617032e-23,1.27519599533721e-05,0.999987248040047,3
"21266",2.02371507262678e-07,0.981969012113173,0.0180307855153198,2
"21332",4.60226156446774e-06,0.981945113126318,0.0180502846121177,2
"21334",0.303924158169495,0.679187141241912,0.016888700588593,2
"21375",1.83833511940717e-16,0.729192446928865,0.270807553071135,2
"21378",2.15645554781965e-23,0.586532904248224,0.413467095751776,2
"21381",6.24782448528557e-15,0.633037595958327,0.366962404041666,2
"21389",0.984123626111303,0.00859445040498548,0.00728192348371144,1
"21391",4.92741383377368e-05,0.0547172220318623,0.9452335038298,3
"21402",2.72062828570864e-07,0.928121805087844,0.0718779228493275,2
"21404",3.72097672221636e-11,0.631205705155861,0.36879429480693,2
"21409",6.40758837832937e-11,0.961147556857825,0.0388524430780994,2
"21413",1.4613722538194e-06,0.733147810088088,0.266850728539658,2
"21423",1.42496936646543e-19,0.00625916774385138,0.993740832256149,3
"21425",2.94674020976267e-10,0.770348158485992,0.229651841219333,2
"21430",1.85763466271406e-08,0.00348632762676349,0.99651365379689,3
"21432",0.000116464785753774,0.989169410566343,0.0107141246479035,2
"21438",1.18103154169982e-15,2.01409045763449e-05,0.999979859095423,3
"21440",8.10391456156395e-07,0.961814555490723,0.038184634117821,2
"21443",0.966980683379993,0.0319539783749127,0.00106533824509437,1
"21445",8.40530776984227e-16,1.11645603200104e-05,0.999988835439679,3
"21447",1.33651613468631e-15,0.921564708677425,0.0784352913225739,2
"21449",7.34127467115106e-12,0.913928602707942,0.0860713972847169,2
"21451",7.34127467115106e-12,0.913928602707942,0.0860713972847169,2
"21455",4.92074782242408e-10,0.978171806738166,0.0218281927697597,2
"21469",4.01937145440237e-28,0.11934021217438,0.88065978782562,3
"21471",4.1704136961447e-17,0.859778476866879,0.140221523133121,2
"21473",0.775302205778147,0.0596484597973082,0.165049334424544,1
"21476",0.00112483377164895,0.964848358765015,0.0340268074633364,2
"21478",0.0754637217398846,0.00144513821652824,0.923091140043587,3
"21481",0.941647961505795,0.0471771513779636,0.011174887116241,1
"21490",2.07140888173253e-10,0.901062190740311,0.0989378090525483,2
"21493",2.84189503504468e-25,0.00449500508880243,0.995504994911198,3
"21495",0.000138475747401233,0.992119858262742,0.00774166598985691,2
"21500",1.84159080655349e-07,0.971506063300161,0.0284937525407588,2
"21504",5.6204112937931e-06,0.575024393749127,0.424969985839579,2
"21507",6.20508957509224e-17,0.937765561135762,0.0622344388642377,2
"21512",3.52604903288757e-10,0.979713843337328,0.0202861563100675,2
"21519",0.0697359131974806,0.812439416423607,0.117824670378912,2
"21522",2.27240902328522e-10,6.14731013227287e-05,0.999938526671436,3
"21524",6.90042158218552e-07,0.934789667584826,0.0652096423730159,2
"21528",7.97448728973875e-12,0.982378574496794,0.0176214254952314,2
"21532",1.880697687815e-06,0.950872685164789,0.0491254341375237,2
"21543",1.3112412924683e-06,0.840599201082692,0.159399487676016,2
"21546",3.55735132596372e-05,0.979358362377406,0.0206060641093341,2
"21550",5.56932267698769e-16,0.985890590053028,0.0141094099469713,2
"21554",9.37531538213926e-14,0.976906882346818,0.0230931176530879,2
"21557",0.090095830790242,0.088969382483535,0.820934786726223,3
"21560",1.81353012320161e-18,0.796799426019052,0.203200573980948,2
"21564",0.0614752236354243,0.926825831015647,0.0116989453489286,2
"21566",8.41474738593386e-10,0.978202213274406,0.0217977858841189,2
"21569",8.83409576760427e-06,0.970678033346325,0.0293131325579075,2
"21574",0.990473845270382,0.00276303150933519,0.0067631232202828,1
"21576",0.880590513707022,0.117142739145191,0.00226674714778682,1
"21578",0.993965027595833,0.00434877840678329,0.00168619399738382,1
"21580",0.651877115307974,0.339133840699159,0.00898904399286677,1
"21583",4.69817621040393e-15,0.951709575559537,0.0482904244404586,2
"21585",0.803941371874448,5.38229922979017e-09,0.196058622743253,1
"21587",0.955280348297317,0.0404774973019677,0.00424215440071491,1
"21589",0.712220758828082,0.0197435267034649,0.268035714468453,1
"21593",6.64304105335939e-16,2.38101011964936e-21,0.999999999999999,3
"21595",6.80725812018433e-06,4.61796410053579e-06,0.999988574777779,3
"21597",0.0328205364125209,0.886620517043417,0.0805589465440615,2
"21599",0.985986827653832,1.09576230775316e-05,0.0140022147230907,1
"21601",6.35506568041973e-08,0.00205537712571793,0.997944559323625,3
"21603",0.980918355665066,7.31807907141664e-07,0.0190809125270271,1
"21605",0.998512908558283,0.000613927568825127,0.000873163872891708,1
"21607",0.153279534779265,0.76313780444784,0.0835826607728954,2
"21610",0.00461477486873627,0.854628908623699,0.140756316507565,2
"21612",0.975838982939561,0.0219423986161846,0.00221861844425396,1
"21614",0.000266714492601476,0.982349244870412,0.0173840406369864,2
"21616",0.0147250234472338,0.967771926189086,0.0175030503636805,2
"21618",1.06900601046484e-13,0.380121518239232,0.619878481760661,3
"21620",0.988335220568375,0.00749626735362239,0.00416851207800215,1
"21622",1.09058182673395e-15,0.0823236308908403,0.917676369109159,3
"21624",0.00034185374043494,0.06557517875654,0.934082967503025,3
"21626",0.056692676495845,0.858240632876378,0.0850666906277769,2
"21628",3.7949607493425e-07,0.991266837795837,0.00873278270808783,2
"21630",0.615554509590572,0.286434057812275,0.0980114325971534,1
"21632",0.00124113422747557,0.649305709607851,0.349453156164673,2
"21634",0.000203068955536221,0.975913025742188,0.0238839053022756,2
"21636",0.833852177893753,0.15450500124971,0.0116428208565375,1
"21638",0.987961136638522,0.000186902518507911,0.0118519608429704,1
"21640",0.00315307955382154,0.970679839064666,0.0261670813815128,2
"21642",0.993887296763043,0.00059692387233131,0.00551577936462532,1
"21644",1.10383776024577e-06,1.37632034372574e-09,0.999998894785919,3
"21647",0.946100089234235,0.0388454393921287,0.0150544713736367,1
"21649",0.813827425949752,0.179144630536804,0.00702794351344347,1
"21651",0.483563353978796,0.2506128288143,0.265823817206904,1
"21653",1.55107633416649e-07,0.000115991551902192,0.999883853340464,3
"21655",0.997945093230216,1.72119704804478e-06,0.0020531855727357,1
"21657",0.931202643662352,0.0669110935254063,0.0018862628122415,1
"21659",0.00181824017116432,1.26943686341856e-11,0.998181759816141,3
"21661",0.969858333004545,0.0277445850367289,0.00239708195872584,1
"21663",0.962657245014244,0.00110422937323736,0.0362385256125192,1
"21665",0.922538815434395,0.0245803507711687,0.0528808337944363,1
"21667",6.88825878142102e-05,0.993989122053198,0.00594199535898817,2
"21670",0.000105141092037684,0.985683023250508,0.0142118356574545,2
"21672",0.328125393543998,0.654886242368488,0.0169883640875142,2
"21674",5.56778573009937e-14,0.982628311965254,0.0173716880346898,2
"21676",1.72303952055364e-07,0.974462832539137,0.0255369951569115,2
"21678",1.11909316925496e-14,4.33633172908029e-07,0.999999566366816,3
"21680",0.942547922729687,0.0448608342230003,0.0125912430473122,1
"21685",6.58332542686259e-05,0.984317404509329,0.0156167622364021,2
"21687",4.07956192623541e-06,0.0445158612307385,0.955480059207335,3
"21690",0.937654707519744,0.0561964015448295,0.00614889093542644,1
"21707",4.37979982148116e-13,0.978310075341245,0.0216899246583174,2
"21710",6.11328748981468e-16,0.0179816559387784,0.982018344061221,3
"21713",5.04175681315423e-09,0.926606610058515,0.0733933848997286,2
"21718",2.21284418219488e-10,0.72188110258721,0.278118897191505,2
"21721",1.2809315595329e-13,1.26266624186398e-10,0.999999999873605,3
"21723",2.99452646499134e-18,0.885925183476966,0.114074816523034,2
"21726",4.15040900237906e-14,0.957775520818144,0.0422244791818145,2
"21729",0.00420532917219925,0.0003266172329559,0.995468053594845,3
"21733",0.992683044878655,3.70988178607308e-05,0.00727985630348434,1
"21735",4.58496223222779e-14,0.000176837033173216,0.999823162966781,3
"21739",3.59037811764648e-06,0.989687862323465,0.0103085472984178,2
"21741",4.45489180699821e-07,0.991490064912512,0.0085094895983075,2
"21744",8.03191533800746e-07,0.0547661062146627,0.945233090593804,3
"21746",1.90551528014668e-17,0.961858675254701,0.0381413247452989,2
"21748",1.65201179140671e-09,0.967253060204876,0.0327469381431123,2
"21750",0.959764952218304,0.0380231393796103,0.0022119084020855,1
"21752",4.23103992923471e-06,0.974499395850011,0.0254963731100599,2
"21755",0.00825649718103361,0.970161841661993,0.0215816611569736,2
"21757",0.000863622719656261,0.69765524144621,0.301481135834133,2
"21760",1.03411438697653e-11,4.23081245584013e-07,0.999999576908413,3
"21762",5.02564747703621e-21,0.00727163696918307,0.992728363030817,3
"21764",0.996486131028569,3.19647773456762e-08,0.00351383700665327,1
"21766",3.37860242927642e-16,0.966238954187831,0.033761045812169,2
"21768",0.00784689560956891,0.9613351314645,0.0308179729259305,2
"21770",0.00246210994977116,0.96025750792532,0.0372803821249085,2
"21773",4.87015507843132e-23,0.886157482030422,0.113842517969578,2
"21775",0.0711227148853898,0.0662962574634123,0.862581027651198,3
"21777",0.97979671470361,0.0177275920358313,0.00247569326055896,1
"21779",0.000216021981595763,0.966279612015136,0.033504366003268,2
"21781",1.48858804262744e-05,0.919471286947171,0.0805138271724027,2
"21784",2.01177758897977e-12,0.976854702921044,0.0231452970769441,2
"21786",0.00014165108527966,0.887610592061617,0.112247756853104,2
"21789",0.000967950355926773,0.975339115810816,0.0236929338332568,2
"21791",1.91869955973078e-10,0.975642670086298,0.0243573297218316,2
"21794",4.75259269708528e-05,0.918049469125834,0.0819030049471954,2
"21797",1.35672519414621e-08,0.0133950585045712,0.986604927928177,3
"21800",2.70527479008758e-21,0.00310137268466095,0.996898627315339,3
"21802",7.69597338098865e-08,0.894455292194738,0.105544630845529,2
"21804",1.35940406445033e-16,2.80144209668964e-11,0.999999999971986,3
"21806",6.88581360674287e-12,6.41788451242211e-06,0.999993582108602,3
"21808",1.5089249221766e-07,6.7390421401393e-06,0.999993110065368,3
"21811",3.3492173919858e-12,0.0880393095600228,0.911960690436628,3
"21815",2.88756756927164e-10,0.945524016971222,0.0544759827400214,2
"21817",2.38673688404064e-15,6.30557881810643e-08,0.999999936944209,3
"21820",2.20228748386868e-10,0.230634138301187,0.769365861478584,3
"21822",0.204018707141578,0.682370564035103,0.113610728823319,2
"21824",0.874505822357385,0.0216623559119612,0.103831821730653,1
"21826",4.83552919511875e-14,0.982683648511867,0.017316351488085,2
"21828",0.00011110490906759,0.321301606591989,0.678587288498943,3
"21830",0.682530640763942,0.307880217388199,0.00958914184785866,1
"21833",0.020669655843232,0.939294480254561,0.0400358639022065,2
"21835",0.020669655843232,0.939294480254561,0.0400358639022065,2
"21838",1.27824215096978e-14,0.588715432826328,0.411284567173659,2
"21840",2.59564584221986e-17,0.899055448672704,0.100944551327296,2
"21842",9.04505447233658e-18,0.00574249442004144,0.994257505579959,3
"21844",0.00522889514440469,0.314499977445844,0.680271127409752,3
"21847",1.81730667545392e-07,0.990949721626129,0.00905009664320359,2
"21849",1.72631887917536e-05,0.65752154585334,0.342461190957868,2
"21852",6.14084475747805e-11,0.957474388485672,0.0425256114529193,2
"21854",0.998964112276324,4.00100457131003e-06,0.00103188671910508,1
"21857",2.51778825597057e-12,0.986940669397685,0.0130593305997972,2
"21859",0.55752208345561,0.432898411226634,0.00957950531775599,1
