"","V1","V2","V3","V4","best$classification"
"19811",0.0153995259275565,0.0169907754115373,0.967556448159819,5.32505010876676e-05,3
"19813",2.9591007392459e-08,0.999999970192268,2.1672414949672e-10,3.2441972569132e-20,2
"19815",0.394266307117748,0.00824942982739451,0.597484263054694,1.62846526754065e-13,3
"19817",0.0389296380655151,0.000759538770523402,0.96030643513933,4.38802463185127e-06,3
"19819",0.313072889269249,0.686927110730751,1.79369424831481e-33,1.75280785242166e-27,2
"19821",0.152687540964978,0.147812038188229,0.69942309024678,7.73306000130206e-05,3
"19823",0.00213830237556642,0.997773458654765,8.82389696638293e-05,5.1842189778651e-15,2
"19825",2.90905281935322e-07,0.999999709094698,2.32260698648322e-33,1.97014287152104e-14,2
"19827",0.0237196572369374,0.0126239832860032,0.154753237556685,0.808903121920375,4
"19829",0.848875000174607,0.151124995290877,1.92585218726514e-17,4.53451557292061e-09,1
"19831",0.0443430771051694,0.955656922894831,1.33442414610236e-27,3.90144481512487e-35,2
"19833",1.33930147131532e-16,1,1.21024877622147e-63,1.00044048632614e-45,2
"19835",0.152687540964978,0.147812038188229,0.69942309024678,7.73306000130206e-05,3
"19837",0.0425086021992076,0.00207113744549936,0.684617903190786,0.270802357164507,3
"19839",0.0938201005010732,0.906179770196664,9.4951824033551e-19,1.29302262684293e-07,2
"19841",4.58166419789473e-10,0.723298558650911,2.8566409917615e-22,0.276701440890923,2
"19843",0.0163185795423396,0.98368142045766,8.95415645862348e-34,1.67032158771958e-40,2
"19845",5.53621549606143e-05,0.662425878889907,0.337518758955132,2.0453544732166e-19,2
"19847",0.582649032452666,0.135740793070542,0.281610174476792,3.55947923951343e-16,1
"19849",2.738958069904e-09,0.999999223674664,7.73586378112862e-07,5.08033145527269e-18,2
"19851",0.00377747703486052,0.00133348786924533,0.994885746795731,3.2883001628677e-06,3
"19853",4.95729055807636e-07,0.995627586162844,0.0043719180983636,9.73692653730781e-12,2
"19855",0.00168740943843566,0.0324306031833432,0.96583113491382,5.08524644013954e-05,3
"19857",0.779613415693875,0.0357973647790928,0.18457842720742,1.07923196117765e-05,1
"19859",0.291082688549327,0.0213930813647912,0.687306544603444,0.000217685482437143,3
"19861",0.000435087439365831,0.0117978158487483,0.987767092349402,4.36248374231028e-09,3
"19863",4.55904326356814e-15,0.999996787708315,1.38461184387233e-16,3.21229168006605e-06,2
"19865",1.89925321546256e-06,0.00101378485154361,0.000252022537315721,0.998732293357925,4
"19867",0.029390885502652,0.0139255017172468,0.956683612780101,8.38299935153796e-18,3
"19869",5.47469076514235e-08,0.999790089680517,0.000207195695550699,2.65987702439009e-06,2
"19871",0.280355978498179,0.00357317342474042,0.704959334539318,0.0111115135377626,3
"19874",0.000362911807877774,0.00666375603865359,0.992659440460868,0.000313891692600841,3
"19876",2.38485088383457e-05,0.000357687912517749,0.999597157727479,2.1305851164499e-05,3
"19878",0.605079636140477,0.394920363859523,1.43592743997862e-19,1.26011603627336e-21,1
"19880",1.13500257054361e-09,0.000249942642155078,5.30271222202931e-07,0.99974952595162,4
"19882",0.00141976113412114,0.875058627800636,0.123521611051565,1.36784998103519e-11,2
"19885",0.435546361284526,0.00148709768926312,0.562965318814691,1.22221151971328e-06,3
"19907",0.0139751771273441,0.165027414164052,0.820997408708602,2.41676321527545e-15,3
"19909",0.99212906061283,0.00787093934924576,3.79241933046868e-11,3.32058967268924e-18,1
"19911",0.96667342159032,0.0333264121549766,8.48264680231994e-14,1.66254618170991e-07,1
"19913",3.80398879095869e-12,0.000328526989366356,2.11033091615272e-13,0.999671473006619,4
"19915",0.000236959780770447,0.000429725096333536,0.0105097268321225,0.988823588290773,4
"19917",0.000453136816320834,0.00563078083326579,5.61389242068867e-06,0.993910468457993,4
"19919",0.0573589476185952,0.00338477991364286,0.739916442340417,0.199339830127345,3
"19921",0.00802310616406763,0.00044873756513539,0.991528155943344,3.27452557636355e-10,3
"19923",0.812498503890009,0.187501458687842,3.74221492235734e-08,2.60213406633839e-22,1
"19925",0.000178017333064622,0.00083037057182022,0.000788701223393868,0.998202910871721,4
"19927",0.0398977983920059,0.00190164088158055,0.958200560438305,2.88108970334082e-10,3
"19929",1.70414477244804e-14,0.965334983267583,5.75648949625753e-10,0.0346650161567514,2
"19931",0.844795612093528,0.0242641412890873,0.130940246574778,4.26058503669368e-11,1
"19933",0.994384791338854,0.00560015808696357,1.5048324461147e-05,2.24972107465663e-09,1
"19935",0.970383992840588,0.0293407404434745,0.000275266699699345,1.62376656962734e-11,1
"19937",0.0155618165948001,0.00116922775030571,0.983268955650184,4.71033761805569e-12,3
"19939",0.941342490430305,0.03573761570552,0.0229198920240276,1.84014776032832e-09,1
"19941",0.71844610751203,0.28155281811523,1.40843868095195e-18,1.0743727401804e-06,1
"19943",3.59430827816868e-07,0.00353354042237164,0.00023410512043473,0.996231995026366,4
"19945",0.990286527743732,0.00971313643477383,3.35439315880513e-07,3.82178529849951e-10,1
"19947",0.000375649407467849,0.999622887569712,9.49051338254092e-17,1.46302281986545e-06,2
"19949",0.967024528838912,0.0329753589062982,1.12254789588545e-07,1.41348023167581e-22,1
"19951",0.363202135602031,0.150730076147173,2.46196916179951e-05,0.486043168559178,4
"19953",0.0116116493674042,0.988388350632596,8.62375730867044e-25,1.35011602560653e-37,2
"19955",0.283754190043256,0.716245809956744,2.85199825901401e-18,6.47077272645435e-29,2
"19957",0.0125575560114301,0.986222148918601,1.14802705225692e-06,0.0012191470429169,2
"19960",0.788333382897492,0.211666617102507,1.6331258621669e-18,9.09619444188032e-16,1
"19963",4.52305281111395e-14,0.999999999999952,2.86195020464998e-37,2.75428861436239e-15,2
"19965",0.968051040236529,0.0319489597634713,9.40697619218602e-28,7.63312728149657e-33,1
"19968",1.08764858101898e-05,0.998880307405797,5.6922054625254e-09,0.001108810416187,2
"19971",3.34206767573557e-10,0.99999946193414,1.50058626486603e-38,5.37731652945038e-07,2
"19973",0.0138821008512174,0.000221849888774893,0.98469031346812,0.00120573579188725,3
"19975",0.000416891863302613,0.0142488037263346,4.54459040834296e-05,0.985288858506279,4
"19977",2.32372982583093e-09,0.999999997067682,3.439813857526e-31,6.08588419977738e-10,2
"19979",0.968240434632044,0.0317595653679559,2.08794468514292e-35,1.23499359899614e-22,1
"19981",0.988193177248696,0.0046891431756874,0.00711767946636286,1.09253907906009e-10,1
"19983",0.973813264263146,0.0134338727963715,0.012752862940323,1.59294511643358e-13,1
"19985",0.000198329105121814,0.0022514655735256,0.847053823929849,0.150496381391504,3
"19987",0.916684916668025,0.0539797889732918,0.0116400753615663,0.0176952189971165,1
"19989",0.959726864558919,0.0402731354410805,4.34732663058655e-26,2.43135086418612e-34,1
"19993",0.972259665860022,0.0277399711740159,8.78536345941778e-09,3.54180598183289e-07,1
"19995",0.993107330200519,0.00689263525922277,1.82878180674098e-08,1.62524403096703e-08,1
"19997",0.0123151870637662,0.00122010768922484,0.986446520982448,1.81842645612236e-05,3
"19999",5.2919047700578e-05,0.00166194050570849,0.00105904664142928,0.997226093805162,4
"20002",1.33191489352229e-13,0.999999999930148,5.34849859222336e-27,6.97190750640886e-11,2
"20004",0.936881512571364,0.0631184832453467,4.09902261744952e-09,8.42664945726499e-11,1
"20006",0.15940963185709,0.84059036814291,2.40947962462576e-23,1.31989561984978e-18,2
"20008",0.324616597574962,0.675383402425038,8.76740322234744e-23,2.95662241103551e-20,2
"20010",0.965786715213426,0.0342132845986777,1.8789605503172e-10,5.06309198094285e-17,1
"20012",0.000517998027637386,0.866413480389511,4.79747568971077e-06,0.133063724107162,2
"20015",0.942639838842105,0.0573601611578948,1.17306385355909e-26,1.94086405644161e-29,1
"20017",0.000757848837444146,0.000936216198071465,0.998104508434551,0.00020142652993303,3
"20019",0.931451446386156,0.0685485536138444,3.44014815776081e-45,2.43875110731083e-37,1
"20022",0.986294878434293,0.0137051213096616,2.56044052382648e-10,1.07331238350513e-15,1
"20024",0.00185153295454166,0.998148467045458,1.46023899429988e-43,6.79074731405929e-52,2
"20026",0.00185153295454166,0.998148467045458,1.46023899429988e-43,6.79074731405929e-52,2
"20028",0.000360232409073182,0.00159583910392696,0.978186622887473,0.0198573055995265,3
"20030",0.705590383487401,0.294409616512599,1.36827267122843e-23,1.72038791913474e-16,1
"20033",0.143643590817535,0.0100404918638308,0.0232902436536531,0.823025673664981,4
"20035",0.900140730700236,0.0998592692997639,7.19957993380848e-43,1.31913281889476e-40,1
"20037",0.98373576255582,0.0162642374441797,3.58369595100051e-39,4.03710147530805e-42,1
"20039",4.10849506923785e-09,0.999999995891505,2.70996803544812e-53,1.73160826907312e-73,2
"20041",0.967642249337428,0.032357750655965,6.60725542457445e-12,5.87423643954737e-17,1
"20044",0.805182383386352,0.19481761661362,8.35288271179789e-15,1.95256715398837e-14,1
"20047",0.542471198161578,0.457528801838422,3.71849333182166e-52,1.86705443586791e-32,1
"20050",0.733115401619291,0.266884598380709,6.27502458884451e-19,9.61944493992297e-18,1
"20052",0.836195936752994,0.025254344697408,0.00765984771139081,0.130889870838208,1
"20054",0.96314454734178,0.0368554526582199,3.30900922975977e-16,7.38199648420295e-18,1
"20056",8.52041530619375e-05,0.0889236082732481,2.74739327964263e-11,0.910991187546216,4
"20058",0.965858304976007,0.0341416950239926,1.46608604981401e-25,4.83699847326407e-39,1
"20060",0.146658496398302,0.014918271851211,0.838423038078311,1.93672176603553e-07,3
"20062",0.97330211712979,0.00494887914688468,0.0217488770136047,1.26709720992815e-07,1
"20064",0.996776797461615,0.00322232691067722,1.75727976896845e-08,8.58054909653279e-07,1
"20066",0.668007812220081,0.331992187779919,1.20021108834567e-35,1.8325621663319e-24,1
"20068",0.0210117352430826,0.00246242400787545,0.976525840479464,2.69578247314834e-10,3
"20070",0.375200131386247,0.0693067486993583,0.55549311991439,5.05006620258335e-15,3
"20072",0.671231827944705,0.328768172055295,1.53902235688683e-22,2.09098137320807e-37,1
"20074",2.32389430145608e-14,0.00499530396280611,1.31781647279446e-12,0.995004696035853,4
"20076",0.00963451700588385,0.963144437884825,6.7307534368331e-06,0.027214314355854,2
"20078",0.994285404103995,0.00571459581975867,2.48025879315375e-11,5.14436029024308e-11,1
"20080",0.987990203059764,0.0120097969402363,2.77296110505304e-35,5.78554782933284e-28,1
"20082",2.35706447057898e-05,0.999976429355294,2.86105425594111e-35,6.14719068131333e-40,2
"20084",0.783957089431082,0.216040352833603,2.79866187599538e-17,2.55773531446948e-06,1
"20087",0.986239077422633,0.0137609225424987,3.48687266375409e-11,3.91520335347332e-22,1
"20090",0.971862266834723,0.0281377331652768,9.85996285979875e-34,1.33069403039003e-28,1
"20092",0.00377111553208048,0.996228884467914,5.37285647008921e-15,3.01996449901511e-47,2
"20096",0.0693317527979165,0.930668246446194,7.55876032156219e-10,1.37486912415603e-14,2
"20098",0.057819978460182,0.0075423823978362,0.494487896902468,0.440149742239513,3
"20101",0.985575199174183,0.0144248008250444,8.2492627127073e-29,7.72869800581078e-13,1
"20104",1.25979316455022e-09,0.999999998740187,1.99206681310345e-14,2.11954235630986e-33,2
"20106",0.992215401175089,0.00778459881867953,1.18883628783085e-17,6.23159806987283e-12,1
"20108",0.0779384529786009,0.00366889628847233,0.918293904015985,9.87467169420958e-05,3
"20110",0.127146903426546,0.872850116934236,5.43351736633099e-11,2.97958488260212e-06,2
"20112",0.986785680843468,0.0132143191565318,1.46109678794776e-16,1.35983830586773e-16,1
"20114",0.925329446064332,0.0746107514679198,3.43386342688839e-13,5.98024674049727e-05,1
"20116",0.914061952664815,0.0859320485574573,3.11852472381466e-13,5.99877741583352e-06,1
"20118",0.961879361041831,0.007357706133038,0.010076278637272,0.0206866541878587,1
"20120",0.858259487947084,0.141740512046273,6.04356463711566e-20,6.64258451336181e-12,1
"20122",5.20594088813595e-07,0.000943463005556671,2.55752981251614e-07,0.999055760647373,4
"20124",0.938090001576625,0.0619099984233748,2.55508202689996e-31,4.53451083850323e-34,1
"20126",2.36063287935533e-08,0.999999976393671,4.23404717552915e-50,6.33281436201814e-51,2
"20128",6.37636107818829e-05,0.999936236389218,1.44772778882606e-71,5.32923991836265e-59,2
"20141",2.26707616785958e-05,0.999977098326859,2.30911461944521e-07,8.37033121573597e-19,2
"20143",5.18210935415861e-11,0.992749169194545,1.94390050398714e-24,0.00725083075363387,2
"20145",0.988680408176518,0.0113195916877027,1.35045666427377e-10,7.33524599806485e-13,1
"20147",0.997862906661058,0.00213709333523353,2.35769516110992e-12,1.35059799767008e-12,1
"20149",6.72089806761579e-07,0.00501037014449138,9.58376586111278e-05,0.994893120107091,4
"20151",0.0245076700300463,0.00128767713956179,0.734119901263299,0.240084751567092,3
"20153",0.0200068360282932,0.380472326821086,1.10215438049718e-08,0.599520826129077,4
"20155",0.993828074433864,0.00617192556613545,1.26170703385706e-20,6.79907632563885e-21,1
"20157",0.00604795342152074,0.0337838729520703,0.0874027641154832,0.872765409510926,4
"20160",5.29793739963051e-12,0.000150113182950134,5.93696740067712e-12,0.999849886805815,4
"20162",3.44369309959733e-08,0.000382046119094648,0.000611480792080659,0.999006438651894,4
"20164",0.00541646803552828,0.0511105085424267,1.70385938413348e-07,0.943472853036107,4
"20166",0.0923823605582001,0.907617639441799,3.92525340181939e-30,1.36436598964485e-15,2
"20168",3.30365565087603e-11,0.999999999966964,1.73137684124779e-27,8.45640993381498e-20,2
"20170",0.00162038700745478,0.00245890530459886,3.47718533788771e-05,0.995885935834568,4
"20172",0.989278333612765,0.0107216663349349,5.22995676864119e-11,7.73958618816944e-23,1
"20174",4.83573616625656e-06,0.0100363058222567,0.989547040140046,0.000411818301530924,3
"20176",3.39963532187687e-07,0.999999660036468,2.2677544479768e-19,3.15654408031075e-20,2
"20178",1.60950565333671e-12,0.000296814685842991,1.46013707793981e-12,0.999703185311087,4
"20181",0.625840428203107,0.374159571789797,1.73393616219786e-26,7.09556428894203e-12,1
"20183",0.138939040083251,0.0119700297152532,0.849090930195938,5.5568919074306e-12,3
"20186",0.577495622168366,0.419751840301267,0.00275253753036719,2.48953624618215e-32,1
"20188",7.59572801535578e-10,0.000774973055524004,2.75486047930369e-11,0.999225026157355,4
"20190",0.994428760133334,0.00557123986666618,2.57383482193291e-26,1.49171617205177e-23,1
"20193",1.57101089026768e-09,0.999995620607597,1.07603758196574e-27,4.37782139225416e-06,2
"20195",0.106314563535946,0.0394358682962215,2.64930683499929e-07,0.854249303237149,4
"20197",0.991575178299288,0.00842482170068717,2.52098569639777e-14,1.2892639693167e-19,1
"20199",2.9038323565422e-05,0.00380082071550998,1.26697603212498e-06,0.996168873984893,4
"20205",2.82801111822994e-06,0.999997171988882,1.05397997711197e-31,5.4654425012797e-47,2
"20208",0.871639064030273,0.0827582164237456,0.0174261393738483,0.028176580172133,1
"20210",5.03463801067776e-07,0.000243231719667969,0.000137407523665756,0.999618857292865,4
"20212",0.00498502349533601,0.0248922433933956,0.00795012717260112,0.962172605938667,4
"20216",0.983045646204478,0.0169543537953859,5.22037565097788e-15,1.30810271513456e-13,1
"20219",0.547945219019254,0.452054780980745,6.0656425239661e-17,1.13072072793905e-15,1
"20223",0.0324298014738019,0.967570198526198,5.7278767963638e-44,4.23736666183242e-54,2
"20226",0.969918489956824,0.0300815007240278,4.72129685231279e-09,4.59785135401712e-09,1
"20230",0.992980964032309,0.00701903596769131,1.487312453095e-31,7.76903003618121e-30,1
"20233",2.57152466322374e-12,0.999999999997429,8.80868227666325e-26,1.33649166311077e-34,2
"20235",0.0670469160793989,0.932953083920601,1.41473386623231e-32,2.27282318588245e-46,2
"20239",0.614323801542017,0.385676198457905,7.78484350221496e-14,5.60419531031953e-26,1
"20254",7.54125810502764e-05,0.99992458741895,1.65784696841117e-43,7.73888083723047e-43,2
"20256",0.986027059132848,0.0139729408671517,1.40261829492054e-21,1.01176609541227e-31,1
"20262",0.000441571900764445,0.000316288257279483,0.00628591600317222,0.992956223838784,4
"20270",0.106378904864873,0.893621095135124,1.19125919864828e-19,3.78590128197899e-15,2
"20284",0.0981908281673717,0.901807759010311,1.41282231734907e-06,2.23428163844018e-18,2
"20287",0.873010462239894,0.126989537760106,4.88415552916157e-42,7.97029715401433e-44,1
"20290",0.000462237574316632,0.999537762425683,2.162115805582e-22,1.00306564218942e-21,2
"20293",0.988837534076483,0.0111624283993207,3.75222191454913e-08,1.97705363436866e-12,1
"20296",0.110663607707544,0.484162545832459,0.00521408359322471,0.399959762866773,2
"20301",0.0776244343184762,0.922375565681524,8.12733410332758e-59,3.26934737644116e-29,2
"20304",2.13440029987791e-05,0.999978655997001,9.64927902470752e-32,4.63442756757872e-40,2
"20306",0.966051535247387,0.0339484647526128,3.10194072633898e-30,7.45944213452359e-37,1
"20309",0.978223060172757,0.0217769386321594,1.19496246996564e-09,1.21533797238986e-13,1
"20311",0.968984006898848,0.0310159930969992,1.54841753614309e-17,4.153066448402e-12,1
"20314",0.12325940221062,0.00332495726867614,0.362377533158003,0.511038107362701,4
"20318",6.22431653287362e-08,0.989577585281888,1.11172372547242e-21,0.0104223524749473,2
"20320",0.526713125478228,0.473279183239059,7.69128262106282e-06,9.13559135497499e-14,1
"20326",0.536287590587522,0.0141964919745939,0.375983823418779,0.0735320940191048,1
"20328",0.719174024300718,0.280764356757657,6.16189416248595e-05,5.94874348440875e-27,1
"20330",0.879793910391011,0.120206089608989,3.28405439959549e-22,1.51172073561502e-26,1
"20336",0.0155945619141627,0.984405437767789,3.18048623768982e-10,3.79264426409032e-28,2
"20338",0.0130590909955639,0.986940909004436,1.77648581653792e-22,2.53648615744964e-19,2
"20340",0.831517179439191,0.168482820560809,2.38130096142279e-33,2.64961142037487e-34,1
"20342",1.80728919045622e-11,0.999999999981927,2.87133802187467e-48,5.5641764600437e-36,2
"20344",0.983330655814612,0.0166693441853877,4.24309232873186e-17,5.54948119700591e-26,1
"20349",0.99044832269024,0.00955167730976001,5.48738472887233e-24,2.62004093583334e-32,1
"20351",0.95389998996478,0.0461000099180872,1.16593441534406e-10,5.391765312249e-13,1
"20353",0.963969788033116,0.0360302119668845,4.85759357506817e-29,1.91591776555531e-30,1
"20357",0.000116502884365081,0.999883497115635,5.27341200382235e-34,2.24301721983845e-53,2
"20360",7.35851078464835e-07,0.999999264148922,1.87091097620107e-39,2.45513608203152e-45,2
"20364",0.99057565481836,0.00942434501112388,1.70515647404638e-10,5.9166757505397e-16,1
"20366",6.58910397713215e-05,0.999934108960228,6.50474641898784e-16,1.07157103386692e-32,2
"20381",1.51481971124368e-09,0.999999977164846,3.13755270496831e-10,2.10065793832646e-08,2
"20391",0.0178951990914039,0.982104800907225,1.37076379651464e-12,1.2733436445165e-43,2
"20394",0.410489618074373,0.0289580673383742,0.560552300029848,1.45574044181042e-08,3
"20396",6.2615450425468e-06,0.832834835337983,0.0777774233444901,0.0893814797724841,2
"20409",0.837865363583065,0.161941688633394,2.99432622819393e-09,0.000192944789215436,1
"20411",0.873018175383707,0.126981824616294,3.30404277722013e-21,1.88942275036614e-36,1
"20416",5.59040584223983e-05,0.999944095941578,8.30681842175008e-60,1.60212953379626e-69,2
"20418",1.96149391552687e-07,0.353664582753664,0.00550346578282581,0.640831755314118,4
"20420",4.12665344712605e-09,0.999999995873347,1.47489858422116e-17,2.98256339753103e-29,2
"20422",0.935918853186963,0.0640811468130372,7.69864652277374e-26,5.87878317841816e-20,1
"20424",0.957772257945141,0.0422277420548588,6.56422530694633e-21,6.32138278377124e-34,1
"20426",5.0572214419772e-13,0.999999999999494,2.19202609109143e-44,2.95134530478277e-29,2
"20428",0.993515931621845,0.00648406425716974,4.1209853318804e-09,2.6294364468981e-17,1
"20431",0.697086472431622,0.302815569685104,2.85693660094262e-10,9.79575975796487e-05,1
"20433",0.14207100863588,0.85792899136412,2.3155888514714e-45,2.36365343618868e-40,2
"20436",3.04108141178152e-05,0.999969589185882,3.14486117469023e-26,2.31613299663557e-22,2
"20439",8.79858133189177e-06,0.0290640258519916,0.970905318697043,2.18568696334665e-05,3
"20441",0.00049473987472329,0.999505260125277,3.06104957514108e-29,5.4132771698407e-33,2
"20444",1.19086919581187e-10,0.000858001471095375,1.74107124910568e-06,0.999140257338569,4
"20448",0.0734104037445726,0.926586781817663,7.78961626593632e-07,2.03547613786584e-06,2
"20536",0.00491069028398528,0.0849829266076919,0.910106383108259,6.42033446466429e-14,3
"20538",0.00819265737256449,0.99180734262742,1.55713913759949e-14,6.32975919675268e-32,2
"20541",0.867124935357189,0.132875064642811,1.04245284835317e-34,1.7239296816979e-34,1
"20544",0.995244126992307,0.00474991645981351,5.95650732117887e-06,4.05587671741493e-11,1
"20546",0.974773137361951,0.0252268626380442,4.4316523989166e-15,6.37358412525451e-29,1
"20550",0.911088378373459,0.0889116216265274,6.08121746623276e-15,7.58610134771008e-15,1
"20553",4.67070293823315e-10,0.99999999953293,1.85904187185135e-94,8.04151851078418e-56,2
"20555",1.91354011566108e-09,0.99999999808646,1.04105512933421e-22,1.96286057409194e-44,2
"20557",0.944366242524476,0.0556337574698518,4.98431123322081e-12,6.88197484415702e-13,1
"20559",0.995092192756695,0.00490780724329359,2.30487541064773e-15,9.27503597382159e-15,1
"20561",0.007007932777009,0.00548211274382931,2.42606887252318e-05,0.987485693790436,4
"20564",1.60950565333671e-12,0.000296814685842991,1.46013707793981e-12,0.999703185311087,4
"20566",0.970211230283664,0.0297887596629987,1.00448674778401e-08,8.46999645223891e-12,1
"20569",0.000113163265084574,0.00309775940243366,0.00510328645832675,0.991685790874155,4
"20572",8.92909167863959e-06,0.0553132056971611,2.60096997980997e-08,0.94467783920146,4
"20574",0.99414369760662,0.00585630239337958,3.31756727832829e-21,2.90975300185202e-16,1
"20576",1.07236267330274e-08,0.00051373411763505,2.76413740648735e-12,0.999486255155974,4
"20578",0.998086246528838,0.00190901574337763,3.99328130021625e-06,7.44446483575775e-07,1
"20580",0.993477332352293,0.0065189415281044,3.72594722421049e-06,1.72378029779245e-10,1
"20583",7.8141723606554e-10,0.00022785708809663,1.18215353361918e-10,0.999772142012271,4
"20586",0.983643832827892,0.0163560120353099,1.55136798179255e-07,2.88884075266306e-20,1
"20589",0.990586013691449,0.0094139863085509,1.30735480833618e-23,2.02745394369884e-35,1
"20591",0.0586417158977166,0.94135827637532,7.72696331744685e-09,5.23852650032912e-24,2
"20593",0.942532475704708,0.0574675242952919,1.61896616191787e-50,1.43459725288186e-35,1
"20595",0.99248443916603,0.00751556083328249,2.09697599910954e-13,4.77771345834191e-13,1
"20597",2.65626181358817e-08,0.993925723725134,0.00607424971224782,1.08835796769163e-18,2
"20599",1.00367538123627e-11,0.000347956595253241,2.75559745076655e-14,0.999652043394682,4
"20601",0.145730388525272,0.00118166097251216,0.853087538049803,4.12452413568545e-07,3
"20604",0.993132950275537,0.0068670497244626,2.2279995584505e-31,2.37002843548214e-22,1
"20606",0.987772686030869,0.0122273139691307,1.37139893761291e-27,3.38291042453666e-26,1
"20608",0.986739604481948,0.0132603955180517,6.81193566027072e-20,8.76017343927916e-22,1
"20610",3.89019936671112e-06,0.00854044247714261,2.75421376406263e-11,0.991455667295949,4
"20612",2.67463918294624e-11,0.999999999973254,2.30228477394844e-38,2.90769528711094e-40,2
"20614",1.75403313101421e-06,0.000538366518004904,0.000188517959008673,0.999271361489855,4
"20616",0.544493768118768,0.449500235294313,0.00600570343534741,2.93151571326327e-07,1
"20618",7.19225698953915e-05,0.999928077430105,1.15286822724417e-20,1.57712444935065e-24,2
"20620",0.637885031043613,0.362114968956387,3.41837716173929e-28,4.41859374505917e-18,1
"20622",9.27310958666362e-07,0.00305823120098121,1.83944337313522e-11,0.996940841469666,4
"20624",0.720700972016814,0.279299027983186,1.14323199667664e-22,1.19446099803965e-33,1
"20626",0.218117336938229,0.781882663061509,4.50810218122135e-15,2.57018440112492e-13,2
"20628",0.11027388759729,0.889726112402351,3.58857100341831e-13,3.62344555611533e-22,2
"20630",0.945512869332544,0.0544871304563225,4.74639389429826e-16,2.11133513037036e-10,1
"20632",1.58844497637316e-09,0.00133874027863687,1.6188660219766e-06,0.998659639266896,4
"20634",0.992967662230825,0.0070323377691751,2.31942549814796e-26,4.46944665166076e-26,1
"20637",0.0022513540314236,0.997748645968576,7.73744325154664e-35,9.88164474481796e-24,2
"20639",7.33660361784775e-05,0.00896912857935961,1.06428899637831e-08,0.990957494741572,4
"20644",1.92697135014306e-09,0.999999998073029,4.35113598211329e-84,4.41126443970288e-66,2
"20646",9.364032875997e-05,0.99990635967124,8.03551965908186e-44,2.16113593891526e-35,2
"20648",0.0168234133624501,0.002921320952218,0.284055533526615,0.696199732158717,4
"20650",0.107375232898958,0.892624767101042,1.13325387072187e-32,2.62021933658058e-39,2
"20653",0.17774776155081,0.821894778742962,0.00035745964018941,6.60385490008721e-11,2
"20658",0.906570701965268,0.0934292980347317,1.21984885379677e-22,3.4801888520906e-34,1
"20661",5.52448012527262e-06,0.999994475519875,4.30979389735959e-24,9.69755620685695e-46,2
"20663",0.990595446308586,0.0080108174017569,0.00139373628965192,5.00562723995041e-15,1
"20665",2.85416386327994e-11,0.000961152356767894,1.78187309288582e-13,0.999038847614512,4
"20667",0.673531887135675,0.326468109276781,3.58750343115701e-09,4.03699187527207e-14,1
"20669",9.53473535247911e-07,0.948368022569558,0.0516310239569071,3.08893309494464e-17,2
"20671",0.330428407627764,0.669571592372235,9.40422954967138e-19,8.95428482665507e-16,2
"20673",7.55994176313997e-09,0.980528499862796,0.0194714925754455,1.81691562148905e-12,2
"20675",0.171528098013001,0.410871802655176,0.417600099331823,1.43605838343192e-17,3
"20677",0.969785610581634,0.0295458319768911,0.000668557441474346,1.76093254225138e-17,1
"20679",4.94690149690077e-07,0.812386927745577,0.187611713126638,8.64437635345998e-07,2
"20681",0.000742427374433755,0.00387718822278044,0.995380384402786,1.21783123076979e-16,3
"20683",0.93352999869068,0.0664668272040212,3.17410529861351e-06,1.92119988036386e-16,1
"20685",1.46669071263119e-08,0.999999985333093,1.05901068060431e-17,8.5981426380593e-31,2
"20687",6.3718458748589e-05,0.000750169848428105,0.972668916477488,0.026517195215335,3
"20689",6.80545229710419e-10,0.999999999319455,3.25722151857171e-64,1.49579377857566e-71,2
"20691",2.43387837669964e-09,0.000866752146541444,5.26861174089045e-06,0.999127976807839,4
"20693",0.928115729380841,0.0718842706191585,7.95480933480164e-30,5.5517062683437e-37,1
"20695",0.121507510217874,0.0263379593103613,0.67716828482307,0.174986245648694,3
"20697",0.980853701941438,0.0191462980583206,1.18420571464685e-22,2.41247181152405e-13,1
"20699",0.98742654568487,0.0119344918913335,0.000638962423751505,4.53447112408775e-14,1
"20701",0.985979799277088,0.0140202002574867,4.65425554139798e-10,1.6948152888429e-26,1
"20703",2.82773192609718e-11,0.999999999971723,5.75732644183768e-17,2.97708811054077e-26,2
"20705",0.961724406449831,0.0382755935501695,1.06349643240591e-18,2.32665404062902e-25,1
"20707",0.101861863968279,0.0051740911121132,0.892964007173045,3.77465626316463e-08,3
"20709",0.218355779557802,0.779053787003151,1.04812520739409e-06,0.00258938531383916,2
"20713",0.00157064754889396,0.998170723702465,0.000258628743290625,5.35027342489864e-12,2
"20715",1.15516815831884e-06,0.999998844831842,2.50334100715311e-71,4.23703671139869e-26,2
"20717",0.0133503459187583,0.0104987160623252,0.97548214155486,0.000668796464056429,3
"20720",0.989997739325853,0.0100022606741444,1.68697534243027e-15,9.30247710325815e-16,1
"20722",0.986238351531442,0.0137616478889566,5.79570109950441e-10,3.14026474810671e-14,1
"20724",0.00107189437715375,0.000206054966271879,0.998036037161568,0.000686013495006055,3
"20726",0.947792936829518,0.0522070631704816,1.16719361446789e-29,1.95348238790122e-35,1
"20728",0.000311372721216169,0.000771661425136776,0.998916965850337,3.31047915203838e-12,3
"20730",0.0236752239008562,0.001559913445245,0.968526710031274,0.00623815262262486,3
"20732",0.117924952968006,0.882075047031994,6.12486498903694e-24,9.77321088121456e-31,2
"20734",0.992331397981894,0.00722591963429163,0.000442682375721237,8.09331163551306e-12,1
"20736",4.74439991479706e-05,0.000743333521244663,9.11754717859497e-05,0.999118047007821,4
"20738",3.70895469599963e-07,0.99999962910453,6.94294256071428e-41,3.33308438195619e-23,2
"20740",0.0317871472565282,0.968212852743462,9.42662277716762e-15,8.80277068971529e-49,2
"20742",0.0282396660749859,0.100311735747975,0.871448598176998,4.11366970310186e-14,3
"20744",6.82018648468629e-08,0.0045593846128095,0.000149088302342472,0.995291458882983,4
"20746",0.897316375383223,0.00519369031885371,0.0974899342407142,5.72088917713488e-11,1
"20748",0.000965053179611102,0.000791529350250323,0.97086795880258,0.027375458667559,3
"20750",0.0152500731252849,0.00435548019806775,0.393235066835589,0.587159379841058,4
"20752",0.992516503411186,0.00748346293266661,3.36561469592754e-08,4.43779754564571e-21,1
"20754",4.03715159225135e-08,0.998997145679838,0.0010028139479797,6.66718194704691e-13,2
"20756",0.889442039008582,0.0295684055321021,0.00756671120355577,0.0734228442557602,1
"20758",7.26299956755403e-06,0.999992736830069,5.19883596537223e-16,1.70362749619581e-10,2
"20760",0.000302969833485237,0.000995043783195389,0.983564323399992,0.0151376629833275,3
"20762",1.18066600839722e-07,0.997285127050145,0.00271475488325338,5.93271674696402e-16,2
"20764",0.000125878616388904,0.0891376302848979,0.207657335670304,0.703079155428409,4
"20766",0.00139843616390902,0.00132996589568142,0.683081516452929,0.314190081487481,3
"20768",0.003214022810909,0.000686945372229447,0.00311685855427819,0.992982173262583,4
"20770",0.106607478432227,0.891732637662696,0.00165988390507651,1.95687958907425e-16,2
"20772",0.991654825864952,0.00834517413504848,7.99918475988144e-27,8.73040958968671e-23,1
"20774",0.0262830658833574,0.973716934116643,5.50222914028753e-59,8.55957448819363e-56,2
"20776",0.893799468848628,0.0977177964818182,0.00848273466955403,2.61998733865491e-22,1
"20778",7.09535396599317e-05,0.99992904646034,2.3698438100744e-74,2.12292302840456e-49,2
"20780",7.25115895574063e-12,0.999999999992497,2.99029300856566e-15,2.48612223867498e-13,2
"20782",2.18020991009607e-09,0.999751593893093,0.000248403923516148,3.18092107944035e-12,2
"20784",1.16820653674167e-06,0.999312518908193,0.000686312885260059,1.06673066653159e-14,2
"20786",6.77138292959785e-12,0.0291424687927973,4.58315469542105e-11,0.9708575311546,4
"20788",0.122640852025613,0.00296212638996263,0.874397013075127,8.50929743613702e-09,3
"20790",0.000305991754964132,0.0281197670179658,0.971507283900241,6.69573268295245e-05,3
"20792",0.638729656993834,0.361097049807474,2.02180136973222e-05,0.000153075184995097,1
"20794",2.20379649775795e-05,0.0109871964658056,0.988835360240252,0.000155405328965286,3
"20796",0.990148852169578,0.00985114783042174,2.40331204548657e-22,3.61852027449745e-30,1
"20798",1.60950565333671e-12,0.000296814685842991,1.46013707793981e-12,0.999703185311087,4
"20801",1.8425576977445e-06,0.9999712947575,8.27013879399606e-23,2.68626848022623e-05,2
"20803",0.91039728344837,0.0370862157522954,0.0525165007919072,7.42776101640219e-12,1
"20805",0.991893816783516,0.00801879393628998,8.73892801935644e-05,2.20215871049877e-16,1
"20807",1.60950565333671e-12,0.000296814685842991,1.46013707793981e-12,0.999703185311087,4
"20809",0.0790131611863518,0.909688302224592,0.0112985365890529,3.71443010838261e-15,2
"20811",0.000237948205017763,0.999761594301522,1.7884040861024e-19,4.57493460265232e-07,2
"20813",0.374922335458526,0.625070473362558,3.01318295603621e-10,7.19087759767941e-06,2
"20815",1.3820356056081e-14,0.611292257260828,1.43359391177797e-15,0.388707742739156,2
"20817",0.0027180780153613,0.000242467476893256,0.997023442473143,1.60120346024597e-05,3
"20819",0.973078695633017,0.0241537655487288,0.00276753881825427,3.10252934073606e-18,1
"20821",4.00828256824988e-09,0.999999995991717,1.06648994527198e-42,9.87206046636808e-27,2
"20823",0.990164409572842,0.00795158617171941,0.00188398281665812,2.14387805658865e-08,1
"20825",0.00123814202586817,0.000919185331732074,0.997842293194876,3.79447523661987e-07,3
"20827",0.0371980980703247,0.36996192815005,2.00477812147701e-06,0.592837969001504,4
"20829",0.31343276728023,0.68656723271977,1.60438425609496e-30,1.00999629505934e-26,2
"20831",0.00703846335305286,0.00381249831164978,0.989149036082609,2.25268817294722e-09,3
"20833",2.77204553362199e-12,0.999998758511557,1.24148265991237e-06,3.01162869484228e-12,2
"20835",0.00436487685542024,0.00227430169297625,0.987233577241649,0.0061272442099545,3
"20837",0.0448854116038042,0.00957469361272095,0.93479056745055,0.0107493273329246,3
"20839",0.00148490075430349,0.000783781523034384,0.995535524638128,0.00219579308453411,3
"20841",0.359608699148605,0.640391300848036,3.35846659071544e-12,5.14882209356377e-29,2
"20843",0.166109273577575,0.00625000377453244,0.827640722647687,2.05494365388499e-13,3
"20845",0.263020294019819,0.374533831133412,0.361313699672337,0.00113217517443219,2
"20847",0.990022369262752,0.00996931992244619,8.31081011083255e-06,4.69076477604192e-12,1
"20849",0.981648714740055,0.0183507302876216,5.50618010871509e-07,4.35431221792046e-09,1
"20851",0.977290272141476,0.0227096798785663,4.79799560399847e-08,1.7056110632683e-15,1
"20853",0.919817341792306,0.0801826582076937,1.74366870528642e-22,1.09948112341224e-28,1
"20855",0.881058172761492,0.118941827238506,6.58890341935454e-24,2.4721220949288e-15,1
"20857",0.982315188978172,0.0172518397934621,0.000432970984382033,2.43983423762352e-10,1
"20859",0.996347408592638,0.00365259128048217,1.25185805299553e-10,1.69439040837338e-12,1
"20861",4.30710614667001e-07,0.999999569289384,1.78168576101789e-15,1.51661342611677e-22,2
"20863",0.000106933979221507,0.00166813555877195,0.00090232710400915,0.997322603357997,4
"20865",0.00833003189369525,0.0343355190588096,0.957334448995368,5.21269021746413e-11,3
"20867",0.452498556937883,0.547501443062117,4.19720999809598e-56,6.92340782194889e-46,2
"20869",0.00229117299228053,0.00557682495121048,0.000661811482526778,0.991470190573982,4
"20871",0.0285008328265093,0.971499167173491,6.27364344102363e-50,7.15128024788763e-25,2
"20873",0.720037974895773,0.279962025104227,2.21972985772968e-35,2.85645756961949e-17,1
"20875",0.993989613983727,0.00601038601617664,9.63477028286701e-14,4.54581484606392e-18,1
"20878",1.49382411366387e-14,0.998990737533778,4.42554131812366e-15,0.00100926246620238,2
"20880",1.73247138223154e-12,0.999999999650315,3.14289733748357e-10,3.36631575937417e-11,2
"20882",0.935002630777076,0.0649973692229237,3.45378411801414e-28,3.57380642040893e-27,1
"20884",0.0154283924420003,0.00405112896713698,0.946037346832733,0.0344831317581294,3
"20886",0.00424496943712064,0.00200705328399901,0.000577039977298815,0.993170937301582,4
"20888",1.88544258306629e-08,0.318612863106592,0.681362715248473,2.44027905092119e-05,3
"20890",0.00872451984260908,0.000423839323260313,0.939154871111436,0.0516967697226946,3
"20892",0.975756000914792,0.0242426019832076,1.39710199966735e-06,8.81762628675461e-16,1
"20897",0.945686427321176,0.0542307928754446,8.27204464469645e-05,5.93569324520272e-08,1
"20899",0.941888875555618,0.0246632820559762,0.0334334779344101,1.43644539962805e-05,1
"20901",1.57808761104576e-10,0.999999999842191,7.46059380180414e-45,5.04548517222872e-53,2
"20903",2.67782333585548e-05,0.999973221766641,6.32051941710994e-65,6.69241149062431e-28,2
"20905",0.000437920619136532,0.999562079380863,4.80541872639924e-31,5.58833787858937e-21,2
"20907",0.876308120884932,0.123691879115068,4.85291675551341e-21,2.07516470475944e-32,1
"20909",0.357898418532369,0.642101356360168,2.03990109891687e-07,2.11173532155725e-08,2
"20911",1.71806296222431e-11,0.999999999982819,3.78928516606898e-68,1.60903212848219e-69,2
"20913",0.812923850423352,0.0703322851985762,0.116737731587837,6.13279023528877e-06,1
"20962",0.997710198312977,0.00228864863643067,1.15304116591834e-06,9.42663040736806e-12,1
"20969",0.835864706035744,0.164135283304276,5.90523925153972e-18,1.06599799218098e-08,1
"20980",0.99072329915935,0.00927665339802298,4.71823256538262e-08,2.60301420789281e-10,1
"20982",0.99530758742594,0.00469241250172513,7.23348544758035e-11,2.00962895410324e-21,1
"20984",0.563530860662797,0.42326266921412,0.0132064536174649,1.65056175004244e-08,1
"20994",0.964890620718466,0.0351093792814079,4.56366644409225e-17,1.26464226982274e-13,1
"21015",0.000385779243493459,0.735239767007022,0.253913420314861,0.0104610334346238,2
"21023",0.864151884738259,0.135848115261741,9.08818756123953e-25,1.80121599662242e-30,1
"21040",0.145920064767611,0.854079935232333,5.59330516108234e-14,6.06675610643951e-36,2
"21073",0.80172104675008,0.198278918631254,3.46181242258997e-08,5.40919080953785e-13,1
"21222",0.0174182019239741,0.00206661551559116,0.967126899292244,0.0133882832681903,3
"21224",0.96355956128543,0.0166225314050051,0.0198178263041197,8.10054454812904e-08,1
"21228",0.000273037926739268,0.999726962066686,5.23814577310066e-24,6.57426507094605e-12,2
"21232",0.978425524662631,0.0215744753373692,8.18996626297189e-22,5.8813484945592e-31,1
"21237",0.056378829539011,0.943621170460989,9.24971111000121e-36,1.44158547444651e-27,2
"21240",0.00148376592829557,0.000384140051015627,0.99813161735757,4.76663119154559e-07,3
"21245",0.000484635929664137,0.000349137940711005,0.982759025825118,0.0164072003045066,3
"21252",0.929484427282512,0.0705155727174878,3.47840572353981e-16,4.9145587453572e-35,1
"21254",0.642396648491173,0.357603351508674,1.52998866839498e-13,1.76649670662825e-23,1
"21258",0.889894137587463,0.110105861819836,1.80985932698137e-11,5.74602048206776e-10,1
"21264",0.299913077026822,0.0100659113355215,0.468150468566308,0.221870543071348,3
"21305",0.00332809406845474,0.996671897667104,8.26243355890971e-09,2.00760393995683e-12,2
"21333",0.978715187365595,0.0212848118362747,7.98129927082264e-10,4.74380365763344e-27,1
"21366",0.783410123398896,0.0662500744677018,0.150339800323161,1.81024124280176e-09,1
"21377",6.1408404555864e-07,0.00131564660487853,8.28585813595081e-08,0.998683656452495,4
"21380",2.02989098902535e-09,0.999999997970109,2.03336294388476e-42,1.87675051497352e-29,2
"21387",8.85839312551217e-13,0.999999999999114,1.41596656994219e-65,1.41759197594318e-75,2
"21390",0.889628550108317,0.110371449891683,5.78507710946187e-17,3.64338457737444e-30,1
"21392",0.957497243525446,0.0425023458705983,4.10512397504071e-07,9.15583508626242e-11,1
"21403",0.980537388161929,0.0194622991055537,1.01898283630264e-12,3.12731498793561e-07,1
"21408",0.959046759406599,0.0409532405934008,3.4373445357383e-23,1.45655338826016e-18,1
"21412",0.000203117446993517,0.999796882553006,3.69898573762394e-29,1.82743845965706e-22,2
"21421",0.948307333535104,0.00933430989980951,0.0423583279934514,2.85716352377268e-08,1
"21424",0.00371763120441676,0.996282368795583,3.82931825689862e-39,1.80993717191038e-42,2
"21429",0.989242663884271,0.0107573361157208,2.49990810118485e-17,8.08664018938998e-15,1
"21431",0.973958552623304,0.0257613690723125,0.00028007688918216,1.41520134437468e-09,1
"21436",3.18084041677743e-05,0.999959656703624,8.5348922086349e-06,3.61978511135385e-18,2
"21439",0.998767093604262,0.00123263386969295,1.27847913013955e-08,2.59741254375461e-07,1
"21442",0.891625154140131,0.106799820072721,0.000125159883781885,0.00144986590336579,1
"21444",0.000600677256515391,0.00243201362198843,0.996967309018207,1.03288862751052e-10,3
"21446",2.8906713466249e-14,0.999959112026373,4.10377432581126e-17,4.08879735986739e-05,2
"21448",2.69684282108066e-13,0.99999999999973,2.66049190182409e-27,3.55937358372829e-40,2
"21450",0.618282744274381,0.381717255399795,3.28049634663384e-14,3.25791114991403e-10,1
"21452",0.92700979378076,0.0729902062192278,1.20146282360902e-14,2.28641846704145e-24,1
"21466",0.826420452320355,0.173579547679645,1.20101205921962e-29,1.09627476512566e-41,1
