"","V1","V2","V3","V4","best$classification"
"19812",0.997072581401793,4.54210976533944e-11,0.00292741855278607,7.15887844334376e-22,1
"19814",0.232202987714042,8.19045836135954e-06,0.767788821827552,4.40252869697259e-14,3
"19816",1.12361541484625e-09,0.985953960691797,0.0137625132305903,0.000283524953997086,2
"19818",0.0465765203471943,7.92481574494212e-05,0.953344231494936,4.20072113714905e-13,3
"19820",2.90641344117419e-17,0.990935079781903,5.96532054943253e-07,0.00906432368604189,2
"19822",3.1626335141593e-11,0.982240551700931,0.00119418439969909,0.016565263867743,2
"19824",1.45780289662203e-08,0.973050971741123,0.0269155219987692,3.3491682078598e-05,2
"19826",0.0093363134103036,0.000377894449490197,0.990285792125006,1.5199880252561e-11,3
"19828",7.08589373174842e-17,0.656352374922174,1.7902738434904e-06,0.343645834803982,2
"19830",0.0051795420384293,8.32733582630644e-05,0.994737184569347,3.39611218842062e-11,3
"19832",7.67105797293999e-12,0.830765277433608,0.00180892663976594,0.167425795918955,2
"19834",1.07720437990358e-06,0.602797144371834,0.397161808535294,3.99698884928764e-05,2
"19836",0.992111932014985,4.69334636272609e-10,0.00788806751568023,7.53758408400088e-21,1
"19838",0.999727135629139,2.66406245388918e-13,0.000272864370594348,4.34562416065183e-24,1
"19840",0.000459863304880685,0.0182793744351985,0.981260748598436,1.36614848470917e-08,3
"19842",0.984799970765234,6.21993708088236e-10,0.0152000286127725,6.19851403170274e-20,1
"19844",0.893308245919203,7.60594964519755e-07,0.10669099348583,2.95220938641118e-15,1
"19846",0.995092584548584,3.75188450513247e-11,0.00490741541389739,1.58300895147118e-21,1
"19848",0.999938005899402,3.02317823049142e-14,6.19941005682465e-05,7.62975195110225e-26,1
"19850",0.997902383886858,4.03510831205917e-11,0.0020976160727906,2.16558599245489e-21,1
"19852",5.57025943717921e-06,0.237448539564196,0.762545162875499,7.27300868043466e-07,3
"19854",0.999740251204249,2.07290962416326e-13,0.000259748795544068,1.53362775828324e-24,1
"19856",0.99551584826306,5.60722130433298e-10,0.00448415117621796,1.17787899379082e-19,1
"19858",0.994920747537273,8.0855587614777e-10,0.00507925165417084,5.84765861435356e-20,1
"19860",0.00131066982180489,0.00311071977430665,0.995578609931799,4.72089817564052e-10,3
"19862",0.999963449102381,9.41529279928369e-15,3.65508976097999e-05,1.34723451262359e-26,1
"19864",0.963845738708056,3.81979011383825e-08,0.0361542230940425,1.07084225779983e-17,1
"19866",1.33072624596976e-06,0.569052177877162,0.430944321997696,2.16939889606283e-06,2
"19868",0.892427151971891,4.01999218555144e-07,0.107572446028702,1.8860383159307e-13,1
"19870",0.945964969969653,1.04534545537759e-08,0.0540350195768928,1.78963427381059e-18,1
"19873",0.00010027517712008,0.0283486997372153,0.971550976358711,4.87269536365751e-08,3
"19875",9.53219483753028e-11,0.996170487818636,0.0035363060509004,0.000293206035141571,2
"19877",0.019736059312823,2.732343208167e-05,0.980236617254924,1.7113557774274e-13,3
"19879",1.83486275740881e-05,0.130281129550579,0.869698917204684,1.60461716255954e-06,3
"19881",0.027706986750835,5.48973567382099e-05,0.972238115891754,6.73129214967283e-13,3
"19883",0.00526098142882889,0.000805629211197997,0.993933389238352,1.21621061960837e-10,3
"19899",0.000604691492258319,0.005100381188845,0.99429492514499,2.17390653946903e-09,3
"19908",0.829414235314916,6.58863094009493e-07,0.170585105821988,1.83653432621875e-15,1
"19910",0.000162099312967357,0.00898012931173838,0.99085777071338,6.61914042204385e-10,3
"19912",0.997337014928332,3.45074250126308e-11,0.00266298503716063,1.6116579253313e-21,1
"19914",0.0101646348369633,0.000242289262834756,0.989593075881319,1.88827472179687e-11,3
"19916",0.483573850396425,1.22989179225732e-05,0.516413850685643,8.7476443091409e-15,3
"19918",0.873737934565531,9.00357357754016e-08,0.126261975398733,3.36157717780244e-17,1
"19920",0.982121312817514,3.25123097503091e-09,0.0178786839312555,8.86028379617791e-19,1
"19922",8.2019616460113e-05,0.0674626062191656,0.932447786330821,7.58783355300102e-06,3
"19924",0.033549514223299,8.85006104060986e-05,0.966361985165348,9.46632886972653e-13,3
"19926",6.37091667971961e-09,0.920662393792452,0.0788773947232488,0.000460205113383208,2
"19928",0.999966224197296,3.0318009794257e-14,3.37758026731756e-05,5.70195018187187e-26,1
"19930",0.984939668892728,5.10511316578756e-10,0.0150603305967611,1.75359368532036e-20,1
"19932",0.999881889205713,4.28700924252833e-14,0.0001181107942438,1.502600974822e-25,1
"19934",0.00014944635384941,0.0540239525819429,0.945826493344324,1.07719883485404e-07,3
"19936",0.627217641349746,4.99127700819741e-07,0.372781859522553,3.57502508723484e-16,1
"19938",0.028252215980486,0.00056800068138865,0.971179783328684,9.44089690395949e-12,3
"19940",6.84665786631689e-05,0.0135597535005163,0.98637177886566,1.05516042461007e-09,3
"19942",0.996927476408613,1.63396507876411e-10,0.00307252342799031,5.19277203332824e-21,1
"19944",3.83184617135619e-12,0.996814645614156,0.00224197843428873,0.000943375947723416,2
"19946",0.000934275984873143,0.00171649131719349,0.99734923255069,1.47243917454998e-10,3
"19948",0.996306383797626,2.34503275384069e-10,0.00369361596787035,5.06827228559764e-21,1
"19950",0.999998917820949,5.29736620986413e-17,1.08217905051608e-06,1.04924947803529e-29,1
"19952",0.996306383797626,2.34503275384069e-10,0.00369361596787035,5.06827228559764e-21,1
"19954",0.998466613502365,8.83685572481654e-12,0.00153338648879789,1.01084511009805e-22,1
"19956",0.988281645178567,5.64423507801965e-10,0.0117183542570097,8.37025872196695e-19,1
"19958",0.110382593008428,0.000136219866014541,0.889481187060696,6.48618339251965e-11,3
"19962",0.997333379570071,1.04740946002605e-10,0.00266662032518751,4.46324838420181e-21,1
"19964",6.90544402345919e-05,0.0606994802941552,0.939231212074421,2.53191189333381e-07,3
"19966",4.19103286589051e-05,0.183628165480705,0.816329693739779,2.30450856211389e-07,3
"19969",0.0301372546878841,3.15398462276542e-05,0.969831205465317,5.7090092053452e-13,3
"19972",0.200459330129383,1.16375282112727e-05,0.799529032342354,5.1979838067526e-14,3
"19974",0.999985308259704,3.70019564171391e-15,1.46917402925231e-05,3.97999340570429e-27,1
"19976",0.549537917961458,1.62647076649107e-06,0.450460455567774,1.23417762248253e-15,1
"19978",5.74018862080027e-18,0.731444381296671,1.36869078460817e-06,0.268554250012545,2
"19980",0.999948050122871,1.69009424073947e-14,5.1949877111657e-05,5.77953413480206e-26,1
"19982",0.999740821694095,1.5055621360237e-12,0.000259178304399482,2.85091574002022e-23,1
"19984",0.999737288616678,2.55390669112393e-12,0.000262711380768093,3.74696928180372e-23,1
"19986",1.41362717273689e-12,0.999379874601438,0.000382363843109476,0.000237761554038834,2
"19988",4.66840516154186e-16,0.927949986926166,3.79310707515826e-06,0.0720462199667587,2
"19992",3.40881233396535e-18,0.801307379234284,3.21395637205208e-07,0.198692299370079,2
"19994",0.99989514568492,8.89324389009931e-14,0.000104854314990961,1.47861221124731e-25,1
"19996",1.45247370164248e-11,0.998313642148721,0.000699491648849746,0.000986866187904301,2
"19998",5.60254882748247e-09,0.945965666598383,0.0523672747248946,0.00166705307417306,2
"20000",0.91860969497519,3.79253164562798e-08,0.081390267099494,2.33843846618391e-16,1
"20003",0.688080920394136,7.07092583023261e-07,0.31191837251328,1.30054674779729e-15,1
"20005",0.99990063880012,6.68632477241394e-14,9.93611998136367e-05,1.89035805531404e-25,1
"20007",0.087114745465971,5.27451908155092e-05,0.912832509342922,2.91878650186484e-13,3
"20009",0.00149624721496325,0.010562424392162,0.987941326709219,1.68365537938579e-09,3
"20011",0.000723965929131553,0.00074901274283361,0.998527021310126,1.79082626120221e-11,3
"20013",0.998909993346595,1.31984061609293e-11,0.00109000664020641,3.23891116015147e-22,1
"20016",5.31390804825268e-05,0.240437100118676,0.759509516236514,2.44564328268006e-07,3
"20018",1.35061182140643e-12,0.569726749573922,0.000106329073366803,0.430166921351361,2
"20021",0.239657490640921,2.5982949611559e-05,0.760316526409438,2.94032031982585e-14,3
"20023",0.00242705661901183,0.0012365186611591,0.996336424670312,4.95171498201598e-11,3
"20025",4.43625972687822e-10,0.986175782935059,0.00447400103615327,0.00935021558516163,2
"20027",0.457123177725399,5.41533770920373e-07,0.54287628074083,4.66253697127085e-16,3
"20029",0.880165388055506,7.13107154570496e-08,0.119834540633778,5.40647010610584e-17,1
"20032",0.97207043329619,1.3383588643019e-09,0.0279295653654513,1.48947832422434e-19,1
"20034",0.999943816375467,6.68174187201292e-14,5.61836244665868e-05,7.30300554070177e-26,1
"20036",9.77373076850197e-07,0.571405009132066,0.428345518520378,0.000248494974478243,2
"20038",7.73396037463793e-18,0.2461149816356,6.3134994781185e-07,0.753884387014452,4
"20040",8.05969268402352e-10,0.993205683624031,0.00623705597597707,0.000557259594023135,2
"20043",4.75219991042643e-19,0.185707620219205,9.45439213925117e-08,0.814292285236874,4
"20045",1.56817108767816e-17,0.584658811747201,4.31743402664714e-07,0.415340756509396,2
"20048",0.999998935718281,6.36542944278192e-17,1.06428171842169e-06,2.05286536619878e-29,1
"20051",0.350859989919691,2.03177469885141e-05,0.649119692332833,4.87768799522789e-13,3
"20053",0.993413488842085,8.5286331241237e-10,0.00658651030505192,3.04060738253436e-20,1
"20055",1.54829286909607e-12,0.963236354500232,0.000759132525468265,0.0360045129727515,2
"20057",0.999417636386996,7.62546943457245e-12,0.000582363605378071,1.58353248093792e-19,1
"20059",0.000178606163995137,0.0363254750082285,0.96349583777441,8.10533660199386e-08,3
"20061",0.000325946505685175,0.0196583220519478,0.980015706879871,2.45624962134084e-08,3
"20063",0.0238548831330667,0.00184222516032347,0.974302890479247,1.22736322017048e-09,3
"20065",2.35026573225944e-18,0.0760217861601786,1.28152337736098e-07,0.923978085687484,4
"20067",2.3610019125634e-11,0.978876811689189,0.00127322107683832,0.0198499672103622,2
"20069",0.999861749876193,1.16433086073855e-13,0.000138250123690637,1.09523745946572e-24,1
"20071",0.00255620485775179,0.00121259736404651,0.996231197566653,2.11548176507156e-10,3
"20073",0.0623467080428943,6.13221484436936e-05,0.937591969808022,6.39578862855251e-13,3
"20075",1.85903801926639e-12,0.0379813702727273,0.000134070387203619,0.96188455933821,4
"20077",7.61820261471756e-23,0.112752025911555,1.95100052341421e-09,0.887247972137445,4
"20079",0.693683040975779,7.78014829697054e-06,0.306309178875831,9.39264537132642e-14,1
"20081",6.2157464663582e-09,0.97236458121345,0.0236622509232014,0.00397316164760156,2
"20083",0.00435998186766611,0.00364880612397377,0.991991198977623,1.30307369948561e-08,3
"20085",2.9792583344933e-25,0.00827891634506225,1.09912610410997e-11,0.991721083643947,4
"20088",2.68594762886688e-09,0.982632917388666,0.0169026799460276,0.00046439997935847,2
"20091",5.33552248600371e-13,0.441941869502443,0.00021854457541127,0.557839585921612,4
"20095",0.99668067652119,4.27160063985644e-10,0.00331932305165001,5.489695281809e-21,1
"20097",2.76431675741365e-24,0.0129464828733338,4.18999615534295e-11,0.987053517084766,4
"20099",0.00428416454244524,0.00792436821285357,0.987791466590272,6.54429555811337e-10,3
"20102",2.46708498480423e-09,0.916278584468156,0.0154507878403563,0.0682706252244026,2
"20105",2.92952354188266e-05,0.398693606426448,0.601272907519409,4.19081872423723e-06,3
"20107",6.20362200218359e-07,0.76186731220827,0.238127647060482,4.42036904783077e-06,2
"20109",0.00370882580047513,0.00923555208519314,0.98705562166247,4.51861438929816e-10,3
"20111",8.71536105349923e-13,0.172660611509857,0.000203522615578697,0.827135865873693,4
"20113",2.98814355301951e-08,0.908089704603265,0.0918936199566708,1.66455586286135e-05,2
"20115",0.567968210130888,1.1700313996874e-06,0.432030619837698,1.43485604560587e-14,1
"20117",3.76677289097591e-05,0.231400302271257,0.768549169117986,1.2860881846727e-05,3
"20119",4.19256056369003e-12,0.99888047376209,0.000803304916451185,0.000316221317266378,2
"20121",1.56927746997165e-08,0.951582848122109,0.0484000436352738,1.70925498421508e-05,2
"20123",2.58073266140784e-21,0.000744561976463061,1.13718920533334e-09,0.999255436886348,4
"20125",0.97242169495678,1.23103526482822e-09,0.0275783038121842,2.75584431191033e-19,1
"20127",2.32943155368775e-13,0.997698042652374,3.14784738735758e-05,0.00227047887351943,2
"20140",2.96955496840599e-13,0.880971663199727,0.00041923999191587,0.118609096808061,2
"20142",0.999992205016066,1.41927157569202e-15,7.79498393284175e-06,1.92264292562231e-27,1
"20144",0.0326217067399799,1.81635702592545e-05,0.967360129676837,1.29241334031108e-11,3
"20146",0.0799061338757656,3.73493849020068e-05,0.920056516734715,4.61794433397384e-12,3
"20148",0.159110981711938,1.31054022493203e-05,0.840875912885697,1.15180914875752e-13,3
"20150",0.999958098326936,1.35553630699457e-14,4.19016730501496e-05,3.55450977353899e-26,1
"20152",0.018464070330136,0.000106969485532557,0.981428960181878,2.45329158672765e-12,3
"20154",1.05160800417894e-20,0.0027356426127908,1.18707628627719e-09,0.997264356200133,4
"20156",0.0386708098637614,0.000116866954347849,0.961212323180994,8.96793473579913e-13,3
"20159",0.999141624782517,1.80314233997767e-12,0.000858375215679476,8.61651219810121e-23,1
"20161",0.999703090357853,1.94188607601027e-12,0.000296909640204998,3.03333189289841e-23,1
"20163",8.42002880293887e-06,0.369996569203322,0.629944864130746,5.01466371291345e-05,3
"20165",0.996476349331551,1.17840655710849e-09,0.00352364949004232,1.0903010702471e-19,1
"20167",0.987768972527575,1.90069639178226e-09,0.0122310255717286,2.03168644101231e-19,1
"20169",0.999995170471909,8.45991346558495e-16,4.82952809038639e-06,1.41233340351188e-27,1
"20171",2.96228599840889e-18,0.0120939486064271,3.02195770471007e-08,0.987906021173996,4
"20173",0.429604121035844,4.30347377585033e-05,0.570352844226285,1.12906594650969e-13,3
"20175",0.0344380559719894,1.80095719221911e-05,0.965543934456014,7.41920343200308e-14,3
"20177",8.30910939211243e-07,0.795524807758626,0.204453670205144,2.06911252912302e-05,2
"20180",8.31089303141573e-25,0.006411617509862,3.68955793911717e-11,0.993588382453243,4
"20182",0.999988176743427,5.34217677343813e-15,1.18232565674652e-05,3.61674294574354e-25,1
"20184",0.932908355883356,3.91254876112865e-08,0.0670916049911568,2.71207679145702e-17,1
"20187",0.119076670476807,7.07925809928985e-05,0.880852536941836,3.63962755759454e-13,3
"20189",2.25255070460459e-07,0.792422776906248,0.207573517170621,3.48066806069857e-06,2
"20192",0.463701142129062,1.4180884869876e-05,0.536284676985941,1.27409379685526e-13,3
"20194",0.818856661699475,4.47026350109225e-07,0.181142891274174,1.70304860663896e-15,1
"20196",5.28168840834965e-12,0.918763358986322,0.000518327697298212,0.0807183133110979,2
"20198",0.00214994545346363,0.00269578397424102,0.995154269186441,1.38585434104648e-09,3
"20204",0.999911012071376,6.97437815968477e-14,8.89879285541996e-05,5.47523536154457e-25,1
"20207",2.62313869554372e-09,0.984025215320105,0.0116388702025729,0.00433591185418332,2
"20209",9.17786464485003e-06,0.0574877263154139,0.94247573793839,2.73578815514743e-05,3
"20211",1.61135864369839e-28,6.58090929917298e-06,1.90820846570662e-14,0.999993419090682,4
"20215",4.87093263467968e-10,0.990575932801679,0.00722225194159503,0.00220181476963252,2
"20218",0.999992497743338,1.11319520253463e-15,7.50225666116604e-06,1.47080114006656e-27,1
"20222",9.51754867307355e-17,0.185104074072806,8.51413762002784e-07,0.814895074513432,4
"20225",0.977617082212036,4.13098905992384e-09,0.0223829136569748,5.26589850721662e-18,1
"20229",0.998284991652751,2.00750766277211e-11,0.00171500832717394,1.20493072711783e-21,1
"20232",0.0008147138953392,0.00303121718468464,0.996154068783227,1.36749389429083e-10,3
"20234",2.04654235369486e-19,0.165400119701898,1.84607569630107e-08,0.834599861837345,4
"20238",4.47573667467186e-07,0.809243054650162,0.190753555137917,2.94263825302234e-06,2
"20253",6.39877656992707e-19,0.196169173539724,1.1217471383025e-07,0.803830714285563,4
"20255",0.994134476730004,2.19224391557211e-10,0.00586552305077167,3.70258872955882e-20,1
"20258",3.49176629391329e-13,0.993208427702358,0.000145636105602832,0.00664593619169053,2
"20269",0.00710590664098481,0.00486677502587566,0.988027318213245,1.19894811872981e-10,3
"20271",1.52099682238764e-20,0.977807338163177,2.6713951215814e-08,0.0221926351228722,2
"20285",0.226173325637012,2.33946647381385e-05,0.773803279698139,1.10155612199132e-13,3
"20288",3.61099693878507e-10,0.991887176676897,0.00783172873501145,0.000281094226991586,2
"20291",1.89277110565558e-08,0.953036109858303,0.0462602291083761,0.000703642105609729,2
"20295",0.00539425092107575,0.00346206387364669,0.991143683358113,1.84716408787468e-09,3
"20298",0.999866143891599,1.12304133188365e-13,0.000133856108289023,5.1269278713004e-25,1
"20302",0.0543023406931732,7.56604247852418e-05,0.945621998879058,2.98342193867783e-12,3
"20305",0.999844497625204,1.13109629906729e-13,0.000155502374682988,4.09201145931794e-25,1
"20307",3.13620442476941e-15,0.981044648495645,1.70817458351704e-05,0.0189382697585166,2
"20310",2.46837256105652e-06,0.899490772519276,0.100500747728726,6.01137943688294e-06,2
"20313",0.999992084218768,1.58912837170014e-15,7.91578123030114e-06,3.03241988525503e-27,1
"20315",1.93599526396573e-15,0.987781668940741,1.23212364769768e-05,0.0122060098227798,2
"20319",9.46144726756419e-21,0.00669880849951505,2.69115247993768e-09,0.993301188809332,4
"20321",3.77323896051416e-12,0.998469514053448,0.000312523553203212,0.0012179623895759,2
"20327",1.71712277425463e-08,0.976268743238205,0.0237268544400658,4.385150501926e-06,2
"20329",0.991753812176811,8.71783892540388e-10,0.00824618695140471,5.08905558087922e-20,1
"20335",2.64484998692574e-13,0.832989129518835,0.000108662007556738,0.166902208473344,2
"20337",0.999989296322297,1.52872342793052e-15,1.07036777017721e-05,1.60172540479367e-27,1
"20339",0.0116759239413207,0.000322739277515557,0.988001335942388,8.38775661562245e-10,3
"20341",3.67710894453538e-12,0.732761847865902,0.000466323082493054,0.266771829047928,2
"20343",0.00014115902343863,0.139494064413615,0.860361535794343,3.24076860366388e-06,3
"20345",0.0639957678475776,6.25749797733577e-06,0.935997974654434,1.11730431096894e-14,3
"20350",0.998670597711099,5.75521365990555e-11,0.00132940223134906,2.23499877047377e-21,1
"20352",0.99999591163407,7.89536897999911e-16,4.08836592911268e-06,6.48319577218664e-28,1
"20355",0.999997027715841,3.55852839862467e-16,2.97228415820158e-06,1.17755314012708e-28,1
"20358",3.14700270255359e-08,0.941103501653018,0.0548997623644688,0.00399670451248559,2
"20363",1.84019933065912e-06,0.748568285380528,0.25141482220414,1.50522160013622e-05,2
"20365",9.33037710553938e-23,0.00227469018173603,2.62113727423868e-10,0.99772530955615,4
"20379",0.0911794949122511,1.36226693619384e-05,0.908806882417855,5.32312358726659e-13,3
"20387",3.09808565399786e-14,0.994685892408751,7.62058403454777e-05,0.00523790175087267,2
"20392",1.17373337590541e-19,0.00491730559587028,1.00331233401028e-08,0.995082684371006,4
"20395",1.05432473044815e-05,0.100770891300265,0.899216956739809,1.60871262192407e-06,3
"20397",0.999996225824905,5.22771741477149e-16,3.77417509499846e-06,2.39859944788032e-28,1
"20410",2.98736630050911e-14,0.991219993250302,0.000124106442578539,0.00865590030709,2
"20414",0.999490448929587,4.56298034988217e-12,0.000509551065850252,6.61297962386281e-23,1
"20417",6.30476486518946e-08,0.977509558905871,0.0186075232899691,0.00388285475651156,2
"20419",6.69546547379572e-14,0.998480672541273,4.38018895094079e-05,0.00147552556915037,2
"20421",5.69284543040256e-06,0.211718068662956,0.788176293472111,9.99450195025958e-05,3
"20423",0.995422724455823,1.81292219337103e-10,0.00457727536288438,2.59520960897694e-20,1
"20425",0.87286487420553,2.29664228368895e-07,0.12713489613024,1.50164054679519e-15,1
"20427",0.00127728718320066,0.00367887102045783,0.995043840117818,1.67852401323316e-09,3
"20429",0.997941247028271,1.3868044698141e-10,0.00205875283304831,2.86218528509021e-21,1
"20432",0.998002180728377,6.12865049314154e-11,0.00199781921033673,3.76120391084745e-21,1
"20435",0.918347210069557,4.22935359228715e-08,0.0816527476369075,3.76757219000297e-18,1
"20438",1.92705285782171e-13,0.994785217602313,9.96508854715975e-05,0.00511513151202262,2
"20440",5.64570586013078e-13,0.999740528308214,9.28593058099686e-05,0.000166612385411115,2
"20443",0.999500549809961,6.28128606210177e-12,0.000499450183757247,1.3868811041567e-22,1
"20446",3.72607105231176e-09,0.973134560726692,0.0244430991128911,0.00242233643434595,2
"20449",0.331272997014016,7.48665663980502e-06,0.668719516329318,2.61058618264085e-14,3
"20537",0.000137189933227024,0.0613011738526857,0.93856061231305,1.02390103728567e-06,3
"20540",4.32191083263516e-26,0.000118053227071811,1.18956778770872e-12,0.999881946771739,4
"20543",0.00972799837980445,0.000107762371509148,0.990164239248066,6.19979395207563e-13,3
"20545",8.11757946504083e-28,7.9348376408572e-06,3.79248967028309e-14,0.999992065162321,4
"20549",0.0104843032698475,0.000642326402462812,0.988873370105747,2.21942385361766e-10,3
"20551",2.6141621692945e-23,0.0143452067460477,4.13588961399729e-10,0.985654792840363,4
"20554",5.77463114594153e-17,0.977482989108865,3.14733042258874e-06,0.0225138635607125,2
"20556",1.50633782220781e-14,0.467462422165657,5.42011378062822e-05,0.532483376696521,4
"20558",7.56546816807111e-19,0.965259840167443,1.4139372454878e-07,0.0347400184388319,2
"20560",7.40352801006658e-13,0.996384439282135,0.000294957455746705,0.00332060326137824,2
"20563",8.99174545011754e-14,0.999530557974061,1.95820403073762e-05,0.000449859985541541,2
"20565",0.00088866079557903,0.0371501586781791,0.96196113720513,4.33211121567008e-08,3
"20567",0.998792387329999,1.8427971756538e-11,0.00120761265157312,4.86657898472643e-22,1
"20571",2.68998500393107e-06,0.781847400264514,0.218110716283512,3.91934669708294e-05,2
"20573",2.29440156712962e-13,0.960323743932177,0.000309287145270003,0.0393669689223239,2
"20575",2.56381489300395e-05,0.404578895920738,0.595395160449647,3.05480684690126e-07,3
"20577",0.0210303286164262,0.000216857161353433,0.978752814202194,2.00264149586292e-11,3
"20579",0.989493039439936,1.13806618937329e-09,0.0105069594219977,1.51873012285337e-19,1
"20582",1.67379278519798e-19,0.857756515048487,4.396275442774e-08,0.142243440988758,2
"20585",6.53058659369788e-12,0.787272771684814,0.00104759717501364,0.211679631133642,2
"20588",4.49270202718777e-22,0.00143764753227269,6.83889474712443e-10,0.998562351783838,4
"20590",0.999525200789877,2.98213837464592e-12,0.000474799207141106,5.76396211613951e-23,1
"20592",8.18061831123614e-12,0.99877774820076,0.000397884132469736,0.000824367658589271,2
"20594",1.44256933485846e-22,0.158924539765755,8.06892788150279e-10,0.841075459427353,4
"20596",0.000281627155127302,0.0629247461981672,0.936793613611734,1.30349712150644e-08,3
"20598",4.77011688446167e-11,0.996693798509365,0.00317392262378434,0.000132278819148954,2
"20600",5.75779180660958e-18,0.0372572924526333,3.48495672715247e-07,0.962742359051694,4
"20603",0.997495385548269,2.80601769587389e-11,0.0025046144236707,2.22086781752138e-21,1
"20605",3.02478513034852e-26,0.00199045244849188,4.12925075627755e-12,0.998009547547379,4
"20607",1.20619245569883e-16,0.9812112564517,4.55382282238817e-06,0.0187841897254776,2
"20609",5.20979202141501e-05,0.215085904840714,0.78486192910209,6.81369821880596e-08,3
"20611",0.945401616243654,1.59744987987123e-09,0.0545983821588962,2.46520863358951e-19,1
"20613",0.981103665786649,1.84860273118783e-09,0.0188963323647485,4.17458662938575e-20,1
"20615",1.40265275115189e-09,0.97121030567367,0.0182484466411849,0.0105412462824926,2
"20617",0.999991949370898,1.50217010943533e-15,8.05062910018526e-06,2.98875821477963e-27,1
"20619",1.8628337228053e-13,0.996802880856849,8.19389995818987e-05,0.00311518014338279,2
"20621",3.89649243510063e-17,0.839833703263888,3.25381554277656e-06,0.160163042920569,2
"20623",0.000149768319533256,0.10837122846954,0.891478769966875,2.3324405217333e-07,3
"20625",0.00172481024917126,0.000999663453210871,0.99727551035882,1.59387979407784e-08,3
"20627",0.000513626553078726,0.00377940993490792,0.995706963229635,2.82378692839194e-10,3
"20629",2.51307807751599e-09,0.975810737081683,0.0226093890523691,0.00157987135286978,2
"20631",1.71499769598049e-14,0.985746660748042,1.6668465502905e-05,0.0142366707864383,2
"20633",0.999992687227638,1.50593920284649e-15,7.31277236003723e-06,2.65995536331127e-27,1
"20636",0.780006001335207,7.4888450771569e-07,0.219993249780283,2.0663487617875e-15,1
"20638",0.0124191268607875,0.000566824266265435,0.987014048583286,2.89661653963115e-10,3
"20640",4.39930885383885e-07,0.789977658106461,0.209803300039073,0.000218601923580405,2
"20645",3.96558264476313e-21,0.0745619221268503,3.68864195409533e-09,0.925438074184508,4
"20647",0.999998262493926,1.69744491859648e-16,1.73750607338318e-06,1.30871507040438e-28,1
"20649",2.26905479372686e-07,0.871722774019979,0.128190784870741,8.62142038001422e-05,2
"20651",1.27248210787201e-08,0.976427494312437,0.0232418069737357,0.000330685989006558,2
"20656",5.08642888082633e-15,0.618879423673345,9.18270795029514e-06,0.381111393618699,2
"20660",0.445990705465481,8.08418173989733e-06,0.554001210352659,1.19965903210712e-13,3
"20662",0.995205164422741,2.65075011660605e-10,0.00479483531218379,1.08363283246523e-20,1
"20664",0.99990467448761,5.17917012236065e-13,9.53255118716958e-05,2.39610099364301e-24,1
"20666",0.998244152427769,3.00589581336012e-11,0.00175584754217247,5.09805298148029e-21,1
"20668",0.997443107896625,6.2465675888476e-11,0.00255689204090882,2.87499633430716e-21,1
"20670",1.35173398096401e-05,0.5613816365378,0.438601746116919,3.10000547119579e-06,2
"20672",0.998186423282214,4.40541705957623e-11,0.00181357667373194,5.38622663593154e-21,1
"20674",1.01501304411572e-14,0.903094448114188,6.25298410010055e-05,0.0968430220448008,2
"20676",0.998210761883044,1.55351328888303e-11,0.00178923810142077,7.20941492696624e-22,1
"20678",0.999995765342274,4.68316933970431e-16,4.23465772534998e-06,1.98497436038359e-28,1
"20680",0.999947697345281,5.24646217111484e-14,5.23026546667171e-05,1.09406490228506e-25,1
"20682",0.000316077207493707,0.00643059516245255,0.993253319486633,8.14342056724158e-09,3
"20684",6.231033923972e-05,0.0420057931207929,0.957931783441097,1.13098870074926e-07,3
"20686",0.999988926334994,2.3661752164679e-15,1.10736650036983e-05,3.5624540785109e-27,1
"20688",0.999993458719198,1.14630908871257e-15,6.54128080060843e-06,6.41372147344096e-28,1
"20690",8.73024766949103e-05,0.0399048182550883,0.960007156766337,7.22501879894694e-07,3
"20692",0.999995061804675,7.28337556827996e-16,4.9381953249063e-06,5.68916131985216e-28,1
"20694",0.968659230842555,8.64199470729e-09,0.0313407605154499,5.24952650553212e-18,1
"20696",0.640354650610262,1.67355664748255e-06,0.35964367583308,1.04360533258096e-14,1
"20698",0.803107538772833,1.3378976252687e-06,0.196891123329535,6.10479322374384e-15,1
"20700",0.00171560183339177,0.0085762398629858,0.989708157503379,8.00243059846511e-10,3
"20702",1.76540111923434e-09,0.977294893309564,0.0146045524452586,0.00810055247977625,2
"20704",1.36833516152414e-05,0.230389964011148,0.769596026359811,3.26277426282586e-07,3
"20706",0.999791357567767,7.51773540599055e-13,0.000208642431481053,2.72598450839796e-24,1
"20708",0.999868592106978,1.1828293763725e-13,0.000131407892903679,2.41013345614769e-25,1
"20710",0.980811499127397,6.09919060405404e-09,0.019188494773413,1.69960139649407e-18,1
"20714",0.995977309167334,3.386042135011e-10,0.00402269049406166,2.94544656329009e-20,1
"20716",8.87284065398514e-06,0.235221407536135,0.764769352469477,3.67153733381261e-07,3
"20719",1.02979757822076e-07,0.857693530401273,0.142116496530948,0.000189870088021667,2
"20721",4.10591920687361e-13,0.999527655700109,8.08422187476612e-05,0.000391502080732358,2
"20723",0.71702156360098,1.89997569068715e-06,0.282976536423325,4.12467563940695e-15,1
"20725",0.562081322858585,5.260910033681e-07,0.437918151050411,8.38043416258859e-16,1
"20727",0.163907948375268,1.16533304231047e-05,0.836080398289136,5.17276958914338e-12,3
"20729",0.999866701395527,4.82785430824765e-14,0.000133298604424976,8.87318645274302e-26,1
"20731",0.999762618894181,8.71777144917311e-14,0.000237381105731482,1.95558257192135e-25,1
"20733",9.0561710576219e-05,0.0699910447930037,0.929917883680266,5.09816154279313e-07,3
"20735",6.61015470906163e-05,0.00767641423145289,0.992257480925324,3.29613271844422e-09,3
"20737",0.99696681322626,9.39768997215375e-11,0.00303318667976333,5.33951734600669e-21,1
"20739",0.999992849345026,1.46039794143933e-15,7.15065497239638e-06,1.87000533900504e-27,1
"20741",0.652592907675332,1.16245575983069e-06,0.347405929868905,2.70947040695115e-15,1
"20743",0.999880755333355,1.34116589372452e-13,0.0001192446665104,1.526887783479e-25,1
"20745",2.19565111827751e-12,0.983586248639033,0.000252319175612675,0.016161432183159,2
"20747",0.999736727701014,1.26664186027666e-13,0.000263272298859374,3.23601351861472e-25,1
"20749",0.999015173672174,9.95906525540952e-13,0.000984826326830426,1.17707120165445e-23,1
"20751",0.384853599683708,2.00787091090175e-07,0.615146199529174,2.65383299498663e-14,3
"20753",0.999927113700946,4.29241123498811e-14,7.28862990112094e-05,8.36418243175465e-26,1
"20755",0.999802438337518,3.44315234364235e-13,0.00019756166213793,8.11505968404986e-25,1
"20757",0.997103928826246,2.0754790090822e-10,0.00289607096620586,6.22249965195645e-21,1
"20759",6.349861012034e-11,0.997943481256378,0.00189483690685395,0.00016168177326953,2
"20761",0.59217395184392,8.66506545756791e-07,0.407825181649534,3.47135432578919e-16,1
"20763",0.977167495284047,9.83608410669197e-09,0.0228324948798688,1.91372648284588e-18,1
"20765",0.999876594414556,2.61072971103244e-13,0.00012340558518318,1.02704661192997e-24,1
"20767",0.000217310911708138,0.0221448928566529,0.977637791496147,4.73549211412119e-09,3
"20769",6.64147171139085e-13,0.733321544518265,0.000323914148095675,0.266354541332976,2
"20771",0.192077920098634,4.48844742456537e-05,0.807877195426924,1.96653492570667e-13,3
"20773",0.0445565130248874,0.000200141552597941,0.95524334540901,1.35043736397554e-11,3
"20775",0.71418515172716,1.32457822698024e-07,0.285814715815017,9.34127395419029e-17,1
"20777",1.94495209950702e-11,0.65021641158259,0.00201855500916631,0.347765033388794,2
"20779",0.280468444045754,3.87508426604336e-06,0.719527680869955,2.49414607201908e-14,3
"20781",0.0001433078994467,0.0425051908167509,0.957317539835018,3.39614487841224e-05,3
"20783",0.000179311975109172,0.0041001601752977,0.995720527623637,2.25955651974023e-10,3
"20785",0.999986795555878,8.00313564520108e-15,1.32044441142998e-05,7.66510738909045e-27,1
"20787",0.0214277325111615,4.69549236952956e-05,0.978525312564706,4.36895340945553e-13,3
"20789",0.997477048977644,5.0797295443274e-11,0.00252295097155871,3.44695702056558e-22,1
"20791",0.999094173193094,1.29272837502876e-12,0.000905826805612934,2.32910601466538e-23,1
"20793",0.0442299244627788,0.00011166946177592,0.95565840607436,1.08496543860069e-12,3
"20795",0.999362346485375,3.55167314064485e-12,0.000637653511072799,3.6737262598035e-23,1
"20797",0.98433723955779,5.12374709650539e-09,0.0156627553184626,1.3700513099506e-16,1
"20800",0.998717787193243,1.27804074049408e-12,0.00128221280547897,2.14608744165396e-23,1
"20802",0.98473951842292,1.39645380526481e-09,0.0152604801806266,9.67422652091098e-20,1
"20804",0.996176036823813,3.05549418769451e-11,0.00382396314563226,7.08999890760637e-22,1
"20806",0.999942040075916,2.12556315193181e-14,5.79599240632102e-05,6.43558185254301e-26,1
"20808",7.37347514126924e-06,0.305657603874204,0.694334765747976,2.56902679201788e-07,3
"20810",0.957038398183614,8.15235377753738e-09,0.0429615936640319,1.64783535789646e-18,1
"20812",0.913915110160863,5.30604219664401e-08,0.0860848367787154,9.83082920457754e-17,1
"20814",0.999836296630641,1.20656588118892e-13,0.000163703369238739,5.73775773755275e-25,1
"20816",0.183794059167352,5.01498378627711e-05,0.816155790994332,4.5321610012032e-13,3
"20818",0.987566041153749,9.33592019059374e-10,0.0124339579126588,3.63303866722574e-20,1
"20820",0.999991261518326,2.69706244821002e-15,8.73848167177484e-06,5.81005410773183e-27,1
"20822",0.0661229101686544,3.00720979721643e-05,0.933847017733083,2.90003556854686e-13,3
"20824",0.997013871899032,2.02189381810023e-10,0.00298612789877824,1.35077145088856e-20,1
"20826",0.999996156311544,4.1370423646587e-16,3.84368845521261e-06,3.29312463523109e-28,1
"20828",0.999998836026529,7.71421349756566e-17,1.16397347099778e-06,3.0724024674479e-29,1
"20830",0.924749017240645,3.42080472932051e-09,0.0752509793385501,1.61678849820384e-18,1
"20832",2.91061426338978e-06,0.372251232075912,0.627737324132726,8.53317709819938e-06,3
"20834",2.4099123438559e-07,0.777171378497592,0.222786344604091,4.20359070820692e-05,2
"20836",0.999978123708854,5.16975969277413e-15,2.18762911407735e-05,3.47461433638814e-27,1
"20838",0.999415823854117,9.31135312588842e-13,0.000584176144951708,8.18287803281473e-24,1
"20840",0.99740202827318,1.24943292263423e-10,0.00259797160187656,1.50434860308783e-21,1
"20842",0.0165006259175744,0.000187090429682636,0.983312283628659,2.40841106186215e-11,3
"20844",0.275790836879654,1.36871974854335e-05,0.72419547592284,2.06405341449221e-14,3
"20846",0.225528229695125,4.3558413151422e-05,0.774428211890635,1.08918939252488e-12,3
"20848",0.513608832826121,3.24167134702869e-06,0.486387925502529,3.2510924664882e-15,1
"20850",2.77735463346158e-07,0.877208655199272,0.122745825423449,4.52416418154784e-05,2
"20852",5.25159548266277e-08,0.932434608488929,0.0672847083332308,0.000280630661885646,2
"20854",0.999985997964937,2.72094307147838e-15,1.40020350601408e-05,5.36957204203648e-27,1
"20856",1.40145447646611e-14,0.150349860042892,4.82428504356358e-05,0.849601897106658,4
"20858",0.0872049822730528,0.000313660040568179,0.912481357676693,9.68603480866085e-12,3
"20860",0.959422708761011,1.93228906591168e-08,0.0405772719160979,5.04757993995626e-18,1
"20862",3.50669602626529e-15,0.991303029481894,1.51054798801087e-05,0.00868186503822252,2
"20864",0.990183750505031,2.13499316555811e-09,0.00981624735997579,1.50054147085283e-18,1
"20866",1.0066005143976e-16,0.779485185771308,1.24641704989226e-06,0.220513567811642,2
"20868",0.000462030703479348,0.0160854250233163,0.98345253923803,5.03517395662359e-09,3
"20870",0.549733648518644,1.06667571034854e-06,0.450265284805644,9.26242322497019e-16,1
"20872",0.945499336727056,7.86430005403311e-09,0.054500655408644,2.8384000948803e-18,1
"20874",0.999989346606097,3.14675885438723e-15,1.0653393900356e-05,4.51270079644623e-27,1
"20877",4.31505443958261e-13,0.947499489145791,0.000395695042037371,0.0521048158117401,2
"20879",5.96162285420016e-06,0.381100646102173,0.618893011273207,3.81001765040895e-07,3
"20881",0.987755517025819,2.41167122526689e-10,0.0122444827330139,2.30948668490132e-20,1
"20883",0.000287509000340763,0.00805767031800285,0.991654501135845,3.19545811280801e-07,3
"20885",0.999991817716007,8.58890995479233e-16,8.18228399184053e-06,4.777889669633e-28,1
"20887",8.62304277842347e-08,0.877162207856425,0.122414330526097,0.000423375387049384,2
"20889",0.869738683790704,1.894135914007e-08,0.130261297267937,1.45031403247514e-17,1
"20891",7.76150970114863e-25,0.0181849605104967,4.83497550618767e-11,0.981815039441154,4
"20896",2.24593029014568e-06,0.437235176795514,0.562721626094003,4.09511801919985e-05,3
"20898",0.990509607368837,3.54269744149146e-10,0.0094903922768938,1.00928779970684e-20,1
"20900",0.00129539160033901,0.00143448733975707,0.997268472975255,1.64808464877117e-06,3
"20902",8.52063739134545e-07,0.517226837507012,0.482509619519397,0.000262690909851758,2
"20904",0.317127374920119,3.89088226576614e-05,0.682833716256245,9.77606768472492e-13,3
"20906",1.74206252430225e-18,0.167765745907405,3.54345691699791e-07,0.832233899746903,4
"20908",0.999761811514797,1.68679561724901e-12,0.000238188483516272,1.52428602072453e-23,1
"20910",3.13262149887324e-08,0.825920560446957,0.174003310511183,7.60977156450302e-05,2
"20912",0.0126465309600387,0.0001765923087854,0.98717685995205,1.67791254589742e-08,3
"20914",2.97168144634078e-24,0.0137577148084777,5.03663863751197e-11,0.986242285141156,4
"20968",0.998682877480205,3.97019966114986e-11,0.00131712248009334,7.30187996161892e-21,1
"20970",1.61061588921092e-08,0.96676526443711,0.0329317972795815,0.0003029221771497,2
"20981",3.43511422880552e-06,0.629459398304176,0.37053249393602,4.67264557517762e-06,2
"20983",0.999990573588038,1.74996082129541e-15,9.42641196040529e-06,2.37001692652358e-27,1
"20988",3.10249046292788e-13,0.999410350295561,6.42025716816887e-05,0.00052544713244701,2
"20995",0.99999720256016,2.86590319907506e-16,2.79743983962383e-06,9.31870742584875e-29,1
"21017",0.00687836638613804,0.00139078896444856,0.991730844531133,1.18279897061569e-10,3
"21038",3.39729104461871e-12,0.996749137820223,0.000968822383398543,0.00228203979298102,2
"21072",6.64658518972216e-18,0.134855645016621,3.65300854010655e-07,0.865143989682525,4
"21075",7.59570740075325e-20,0.112003646489962,4.90980606732863e-08,0.887996304411977,4
"21223",0.636775112097126,2.42867418481963e-07,0.363224645035455,3.8054208981061e-17,1
"21225",7.44919067303036e-10,0.748492838291924,0.00665661153314322,0.244850549430013,2
"21230",0.999996563757556,3.47279812745306e-16,3.43624244400114e-06,1.92829757163425e-28,1
"21236",0.0202540048443368,0.000174447102419356,0.97957154803878,1.44641703777238e-11,3
"21238",1.63065810395549e-05,0.158511350770281,0.841442223352478,3.01192962013129e-05,3
"21241",4.85293824107863e-10,0.99448857345855,0.00386121426899659,0.00165021178715982,2
"21246",2.47807005672869e-20,0.464972730295256,5.82583360678505e-08,0.535027211446408,4
"21253",0.999885767957275,1.24831995758757e-13,0.000114232042600266,1.59439314525079e-24,1
"21256",0.999991257668393,1.8844595220366e-15,8.74233160521038e-06,9.58006048363021e-28,1
"21260",4.7383311150945e-07,0.849335732175858,0.148115925939202,0.00254786805182814,2
"21266",2.9495835549264e-08,0.935703180907862,0.064265303464769,3.14861315330949e-05,2
"21332",5.1379200111879e-14,0.992965019811202,9.67296051880561e-05,0.00693825058355847,2
"21334",0.510551023851613,9.64757646162362e-07,0.489448011390737,3.55906956050521e-15,1
"21375",0.997026083389026,5.01629852132698e-10,0.00297391610934403,1.96872271847633e-20,1
"21378",4.24863256962846e-10,0.996997953078332,0.00231810712830972,0.000683939368495273,2
"21381",3.0685090963821e-14,0.977331486960814,4.39557998259707e-05,0.0226245572393297,2
"21389",0.970764127526732,1.98196414718308e-09,0.0292358704913034,7.89783599963648e-20,1
"21391",0.000831920382230031,0.013868891752727,0.985299186126122,1.73892121411387e-09,3
"21402",5.39772056992213e-12,0.998921423588944,0.000872512843509019,0.000206063562149467,2
"21404",2.12894893011297e-09,0.974940209412909,0.0213242727847391,0.00373551567340345,2
"21409",7.04414200062135e-10,0.96793316765015,0.0318079250058588,0.000258906639576644,2
"21413",8.85151943398071e-12,0.980125734254503,0.0054282531679932,0.0144460125686526,2
"21423",7.06579752615586e-06,0.592105651753596,0.40786841517652,1.8867272357789e-05,2
"21425",9.30688165654097e-13,0.910484684049372,0.000525947856872335,0.0889893680928247,2
"21430",3.70489877924709e-18,0.00587268990665729,1.32796783460504e-07,0.994127177296559,4
"21432",1.55231185381882e-08,0.935545447862479,0.0643993715802045,5.51650341982962e-05,2
"21438",0.0837881300648129,0.000551069115187139,0.915660800816382,3.618275652478e-12,3
"21440",1.68795116867581e-05,0.146335423720871,0.85364749352972,2.03237721716879e-07,3
"21443",0.991660140108208,1.42711167418988e-10,0.00833985974908067,4.83263499537917e-21,1
"21445",1.31615625744723e-22,0.000437873274922633,1.23384807454492e-10,0.999562126601693,4
"21447",1.23580148804314e-11,0.990453178537555,0.000933840123370184,0.00861298132671699,2
"21449",7.17075547616026e-19,0.947717497146351,1.55603792205253e-07,0.0522823472498569,2
"21451",7.17075547616026e-19,0.947717497146351,1.55603792205253e-07,0.0522823472498569,2
"21455",7.10281713863964e-24,0.309649852258716,5.48464508099788e-10,0.690350147192819,4
