"","V1","V2","V3","V4","V5","result$classification"
"19811",7.39928769586678e-07,0.00243480562680115,6.16116009115827e-05,0.955078738643044,0.0424241042004736,4
"19813",1.0425152203583e-08,3.84885038313724e-07,2.31633380423693e-06,0.00011248184963656,0.999884806506369,5
"19815",0.000652721644618186,4.11027973734887e-05,0.00164428051876237,0.997658889349277,3.00568996925992e-06,4
"19817",2.41436537558108e-05,0.00166000126447375,0.000208165538420154,0.998095447770666,1.22417726841155e-05,4
"19819",0.128742790815872,1.3507380913347e-06,0.871146078878042,0.000109777514255749,2.05373863370239e-09,3
"19821",1.28576955648017e-06,0.0617355623499094,0.00206048090515436,0.916334340783716,0.0198683301916631,4
"19823",0.0633897653660024,0.000823433461810922,0.000761364830522471,0.935016203580439,9.23276122500104e-06,4
"19825",0.000930377918662667,0.812496814573683,0.172445445819599,0.00551793481193734,0.0086094268761176,2
"19827",0.000141862042872656,0.649155635836501,0.000519462152801332,0.35018151072438,1.52924344434214e-06,2
"19829",0.000129173827333618,0.01136775678501,0.985276501998704,0.00321846601139821,8.10137755454204e-06,3
"19831",0.104450114286279,1.7272362765509e-06,0.894815290359926,0.000730456041657191,2.41207586085387e-06,3
"19833",0.999927342505269,1.81605174829353e-05,4.13407970027605e-05,5.93220377612406e-06,7.22397646945755e-06,1
"19835",1.28576955648017e-06,0.0617355623499094,0.00206048090515436,0.916334340783716,0.0198683301916631,4
"19837",2.1860417850689e-05,0.0933657634079557,0.00160029577646268,0.905002015871845,1.00645258856796e-05,4
"19839",4.70587185097445e-05,0.0313915904564677,0.958239638018535,0.0077509605837913,0.00257075222269642,3
"19841",9.57889717910847e-08,0.999798195703063,3.23551374597749e-05,2.31920917418319e-05,0.000146161278763907,2
"19843",0.000129749336201508,1.09495942074532e-07,0.976687264870199,0.000166762072498418,0.0230161142251586,3
"19845",4.39960016904759e-07,7.32457851938301e-05,7.84867927054124e-06,0.102828436259422,0.897090029316097,5
"19847",9.46344907186772e-05,3.94460796459753e-05,0.00486418947486846,0.98997530682025,0.00502642313451713,4
"19849",3.79123254605267e-09,9.1966725041982e-07,2.75043101632817e-07,0.000163481732867964,0.999835319765548,5
"19851",2.89992204182916e-05,0.000154920912276461,7.20588830221671e-05,0.999709676241249,3.43447430343896e-05,4
"19853",0.000195669643062605,0.0020161170593711,2.66818903992348e-06,0.972234753442237,0.0255507916662891,4
"19855",1.08939935491317e-05,0.0121019266443174,1.23574756426938e-05,0.986296806158531,0.00157801572795945,4
"19857",3.92489786880531e-06,0.0309073924226638,0.0107785278291421,0.944673900720809,0.0136362541295163,4
"19859",0.000157413583230919,0.0234190139806584,0.001529993876824,0.974867733789405,2.58447698811975e-05,4
"19861",2.43200100796023e-06,0.00016657317834366,5.55256837430455e-05,0.883005780533546,0.11676968860336,4
"19863",4.69676963669296e-09,0.00823718060478266,2.61143090604597e-07,4.82746372540136e-05,0.991714278918103,5
"19865",1.01244840528178e-07,0.99798252381017,6.2060295730558e-06,0.00200773723010402,3.43168531230545e-06,2
"19867",3.45834744264231e-05,1.06455911491198e-05,0.000849520669459414,0.993909182011864,0.00519606825310074,4
"19869",1.14537965000162e-08,0.000213513559606249,5.56948250753168e-07,0.00938612248267357,0.990399795555673,5
"19871",0.000177130050858977,0.0885815325576664,0.00436369293834876,0.906872448806873,5.19564625266562e-06,4
"19874",1.47125704546048e-05,0.85140609482296,2.72287582728276e-05,0.148540127221033,1.18366272794275e-05,2
"19876",6.69064159654349e-07,0.538233761877446,6.9656497001337e-06,0.461115658192666,0.000642945216027955,2
"19878",0.0177672200695187,0.000542694833218091,0.677024328306242,0.303596288928735,0.001069467862287,3
"19880",2.05176927531579e-08,0.99909417404188,2.27370376282813e-07,0.000879449020615186,2.61290494361819e-05,2
"19882",7.56694630016936e-06,0.00290685559898176,4.75588704336238e-05,0.776766139012346,0.220271879571938,4
"19885",1.37659036149271e-05,0.00135136319676892,0.00650929085358491,0.992112054069823,1.35259762078185e-05,4
"19907",1.06952300610231e-05,6.11779443693942e-05,0.000347876237723239,0.949472700897041,0.0501075496908055,4
"19909",4.85796227333368e-05,2.55235426930073e-05,0.982938817978856,0.0167356888473019,0.00025139000841588,3
"19911",0.0011494128894416,0.0334059777644422,0.93353763894471,0.0318661191087455,4.08512926608998e-05,3
"19913",1.39474250755821e-07,0.999973024170879,1.03203630974982e-06,2.40877244444632e-05,1.71659411556152e-06,2
"19915",1.26596395104323e-05,0.615427054605532,3.23331667129425e-05,0.384521730774389,6.22181385518818e-06,2
"19917",2.25739371760236e-06,0.9885627273211,7.1518821596526e-05,0.0113569374870691,6.55897651724416e-06,2
"19919",7.22459921787414e-05,0.213792927484221,0.000500300345679731,0.785630530814932,3.99536298837723e-06,4
"19921",1.40044616726493e-05,3.50809537456312e-05,0.000270780513028616,0.999427578173707,0.000252555897845941,4
"19923",0.0290827775201012,8.44247022108562e-06,0.0529199310308578,0.917502126743636,0.000486722235184078,4
"19925",3.56818843179612e-06,0.957968386920629,2.11001316953052e-05,0.042004736650636,2.20810860792749e-06,2
"19927",1.49561250508894e-05,0.000735074593856044,8.71138701194232e-05,0.999115445213735,4.74101972385968e-05,4
"19929",7.90010046912076e-09,0.506897269504663,6.97833210026996e-07,0.000190911149409988,0.492911113612616,2
"19931",0.000107680122463538,0.00250929137479347,0.000976143667724121,0.996404533200293,2.35163472538146e-06,4
"19933",0.00115386642244078,0.00299057883430007,0.67308544237619,0.322768567639037,1.54472803219751e-06,3
"19935",1.32923371814553e-05,0.002929911603037,0.076952021496803,0.91929376530857,0.000811009254408323,4
"19937",0.000270548378460485,6.09095802107892e-05,0.000343591946765175,0.999320251104069,4.69899049460808e-06,4
"19939",0.000143919702666476,0.00260709880243838,0.000894111445177218,0.996343927239224,1.09428104935884e-05,4
"19941",8.05762668401785e-05,0.0825192563371561,0.90783791985153,0.00905642369076446,0.000505823853709216,3
"19943",8.4206411274466e-07,0.999272016073783,2.07501711349834e-06,0.000724668102262694,3.98742727958384e-07,2
"19945",0.00253217785354956,0.00011179887043953,0.865212054535501,0.13214333933742,6.29403090330723e-07,3
"19947",0.000227071829448951,0.825972134158958,0.12475185985151,0.0211829941986602,0.0278659399614226,2
"19949",0.0267985378015112,2.1558327146402e-05,0.216260428472824,0.75691101856684,8.45683167870444e-06,4
"19951",5.91878353800035e-05,0.713723521679455,0.00192173900591282,0.284272214173921,2.33373053314482e-05,2
"19953",0.821765145508545,2.01741701197019e-07,0.175301394801028,0.00293311474295476,1.43205771691028e-07,1
"19955",0.0481180884821291,5.18864361959388e-06,0.942480438110911,0.00936578322943684,3.05015339037648e-05,3
"19957",0.00157222128135952,0.91195331717296,0.00123312180961542,0.085200305693653,4.10340424125493e-05,2
"19960",0.000126199889541441,0.000422662114833714,0.996184667281066,0.00320569646763067,6.077424692848e-05,3
"19963",0.0648872657211536,0.933815462897086,0.00056336376276616,0.000575544411685601,0.00015836320730913,2
"19965",0.00046556032936935,5.57850269068574e-08,0.998757909664247,0.000692649498601197,8.38247227556433e-05,3
"19968",3.06335996706884e-08,0.786220524741231,0.00197108705412033,0.0138853995446376,0.197922958026411,2
"19971",0.00510038122225328,0.9929162494162,0.00192986523245766,5.10318777921603e-05,2.47225129710836e-06,2
"19973",1.9037796223001e-06,0.0119068298555057,0.000215164025239327,0.987803994865792,7.21074738403498e-05,4
"19975",1.20648481207315e-07,0.979078315385164,5.3243420252816e-05,0.0208193796083321,4.89409377695879e-05,2
"19977",0.000174036493570126,0.997484165770385,0.000188865883955591,0.00176990713598304,0.000383024716105973,2
"19979",0.000288569261218145,1.7445978516307e-06,0.999704135839066,5.54859461176222e-06,1.70725261474243e-09,3
"19981",2.78218961785402e-05,0.00124082224162416,0.0158753628212185,0.981894014572454,0.000961978468524566,4
"19983",0.000156506407174415,6.98599594538893e-05,0.022925057968449,0.976324618258856,0.000523957406066863,4
"19985",7.99654317350597e-07,0.881377561268343,6.33579999397374e-06,0.11855197586095,6.33274163957815e-05,2
"19987",0.000149947701490209,0.0986831498831403,0.0535498110988581,0.84760529380708,1.17975094309832e-05,4
"19989",0.00338087368986128,1.53181421073392e-08,0.996538391486329,8.07159644985606e-05,3.54116875065269e-09,3
"19993",0.00151992853744864,0.0359464215484383,0.339952307570265,0.622578377534074,2.96480977436263e-06,4
"19995",0.000450960382272753,0.00920716755740113,0.744661361187577,0.245667827210423,1.26836623265622e-05,3
"19997",7.40752756713088e-06,0.0207847684360546,7.33252063005587e-05,0.979050607245249,8.38915848286051e-05,4
"19999",6.51845691023964e-07,0.120041701235118,1.43583913582095e-05,0.878024512352718,0.00191877617511455,4
"20002",2.77279660486816e-06,0.408085977921443,0.000312008886527075,0.000472618400190421,0.591126621995235,5
"20004",7.60246860034567e-05,0.0138787146165,0.864769740918037,0.120717501017915,0.000558018761544418,3
"20006",0.00523542398104267,0.00122600687631435,0.960360090175553,0.0297751533827176,0.00340332558437252,3
"20008",0.0228296863511801,0.000497078449859328,0.922501785805849,0.0537352392601565,0.00043621013295529,3
"20010",0.0438638083543242,1.01538337651986e-05,0.903544732161705,0.0525812529667317,5.26834743515923e-08,3
"20012",8.19060581466339e-07,0.843421190801807,8.69652462484549e-05,0.145177957041851,0.0113130678495114,2
"20015",6.74608491149107e-06,8.17442375004062e-08,0.999938722053268,5.3083525933578e-05,1.36659164920045e-06,3
"20017",9.54466087117619e-07,0.0541377344834975,4.7982304857999e-05,0.94167140716896,0.00414192157659692,4
"20019",0.00244334594335863,1.26795024777072e-08,0.997555120032207,1.52073713175467e-06,6.0780018780347e-10,3
"20022",0.00176005662529748,3.84734544066131e-06,0.989416115051186,0.00881993333070639,4.76473693027311e-08,3
"20024",0.451754681926869,1.40994506918138e-07,0.548202312804184,4.25302911513365e-05,3.33983288481715e-07,3
"20026",0.451754681926869,1.40994506918138e-07,0.548202312804184,4.25302911513365e-05,3.33983288481715e-07,3
"20028",2.88938807986276e-06,0.297661165837445,1.8272001461799e-05,0.702010108303468,0.000307564469545479,4
"20030",9.2076915123279e-06,0.000171381806974973,0.999623160934394,0.000186177916151446,1.00716509673503e-05,3
"20033",1.14932680004513e-05,0.383269814795854,0.00168158891881446,0.614975413532363,6.16894849678833e-05,4
"20035",0.00372347850050991,1.57327509140234e-08,0.996272342425867,4.16192865819122e-06,1.41221436544219e-09,3
"20037",0.00043923744858527,6.30066040305267e-10,0.999554417137982,6.30781611902186e-06,3.69672476324249e-08,3
"20039",0.999561774143871,2.42854079518961e-10,0.000437431392494213,7.93745435009933e-07,4.75345217662708e-10,1
"20041",0.060894621132363,0.00122949416859423,0.240028294438228,0.697703092510571,0.000144497750244025,4
"20044",0.0897482795045539,0.0126217613832202,0.346575677556988,0.550890813421285,0.000163468133953179,4
"20047",0.00554208989307123,1.41388198011515e-07,0.994457267431208,5.00804372971572e-07,4.83149779682455e-10,3
"20050",0.839693398919184,6.18404272901214e-05,0.140171281431157,0.0200734742678397,4.95452975446183e-09,1
"20052",0.00171603897676093,0.0484760284843764,0.0185139156049667,0.931293042649378,9.7428451814315e-07,4
"20054",2.91193345658966e-06,1.00834090519511e-05,0.999276036347942,0.000685592101597241,2.53762079519995e-05,3
"20056",4.59011378509323e-06,0.998424900309986,0.000183383431138547,0.00138600564758681,1.12049750318512e-06,2
"20058",0.00108584387954191,3.74898951361808e-09,0.998840897003462,7.32193422006195e-05,3.60258062366175e-08,3
"20060",3.60441334532459e-05,0.000866673603548484,0.00103083273953386,0.998041607298119,2.48422253454509e-05,4
"20062",5.45856090985466e-05,0.000264735130267821,0.00751203857634021,0.992138049982814,3.05907014789291e-05,4
"20064",0.000129441678580312,0.000517558983323676,0.966832273305557,0.0325203631936398,3.62838899448341e-07,3
"20066",2.29714831971678e-05,1.70208576562224e-05,0.999942484897139,1.59957501189765e-05,1.52701188824703e-06,3
"20068",5.45644071146142e-06,0.000157124647125169,9.51999681148809e-05,0.998655181641856,0.00108703730219249,4
"20070",0.000486648883899495,8.80082118973553e-05,0.000154598386777404,0.999200509411556,7.02351058701621e-05,4
"20072",5.31251089307249e-05,6.90499917622721e-08,0.994268677157955,0.00126702078123214,0.00441110790189028,3
"20074",2.15306412311475e-08,0.999044771654119,2.42367421534611e-07,6.42340131409956e-05,0.000890730434677462,2
"20076",4.50629877942833e-07,0.668212883225405,0.0122395493489839,0.0469948595563399,0.272552257239393,2
"20078",0.00319600088240499,0.000277105008534081,0.94524122125827,0.051284006183426,1.66666736455029e-06,3
"20080",0.00107294386708036,4.99030060604003e-08,0.998918068804517,8.93721296527456e-06,2.12431145237408e-10,3
"20082",0.99166667516715,1.95200593409484e-07,0.00830610658292992,2.70229363598291e-05,1.12966660609351e-10,1
"20084",0.0133482462329488,0.041388851538347,0.930711817653727,0.0145504641088623,6.2046611454123e-07,3
"20087",0.000963975056996874,1.78178279749553e-06,0.950521119422344,0.0484644398054327,4.86839324294872e-05,3
"20090",0.026993413776435,2.8487741401261e-07,0.97289569718389,0.000110603601387799,5.60873268549245e-10,3
"20092",0.824496471075354,3.76294654869054e-07,0.0260197925300857,0.148688205267963,0.000795154831942865,1
"20096",0.428850473191402,0.0106860915369647,0.0101374186143271,0.550312946631103,1.30700262029089e-05,4
"20098",2.56943811037429e-05,0.371824242426918,0.000480632441319711,0.627659811424718,9.61932594060662e-06,4
"20101",0.00152401198828066,0.000176938457542438,0.998106016914189,0.000193026857553492,5.78243394745104e-09,3
"20104",0.0761597129216193,0.00294076470063782,0.000236405098906936,0.567784218578554,0.352878898700282,4
"20106",0.000103713410602845,8.69295975328126e-05,0.998460744071352,0.00134859644943313,1.64710797545479e-08,3
"20108",4.26633830076679e-06,0.0520340011293198,0.000809305311998149,0.946827391714372,0.000325035506009578,4
"20110",0.319517731276305,0.157471257219674,0.00856894093497341,0.514441375615967,6.94953081153054e-07,4
"20112",0.0208636196623795,5.4057145360348e-05,0.950745194226426,0.0283370574543986,7.1511435572104e-08,3
"20114",0.00199129022585114,0.135623749514563,0.803276364581883,0.05910436024971,4.23542799206261e-06,3
"20116",1.32757989265587e-05,0.0279070417302667,0.965110132853473,0.00690442905078473,6.51205665490911e-05,3
"20118",0.000472439912665378,0.15000973947145,0.0778337671393448,0.771678769103171,5.28437336820374e-06,4
"20120",0.0288800850519307,0.00128430800418993,0.960790341386165,0.00904526140547333,4.15224107174563e-09,3
"20122",7.0269689941152e-08,0.99891741854697,8.32063115903043e-06,0.00105147974404542,2.27108081353213e-05,2
"20124",0.00230533248542625,6.20843520384004e-09,0.997644939102908,4.9489085772818e-05,2.33117457504353e-07,3
"20126",0.989344572027003,3.45213042611474e-07,0.0106462604435603,8.55903284585071e-06,2.6328354784601e-07,1
"20128",0.720716623733296,3.5219749470366e-09,0.279283085376352,2.81888946559911e-07,5.4794306966846e-09,1
"20141",0.0361593675993118,0.168595531916252,0.000178477447504234,0.794887796906031,0.000178826130900879,4
"20143",2.31722384670173e-08,0.999953947457494,2.15832561466356e-07,2.68330764188252e-05,1.89804612865943e-05,2
"20145",0.00511034881009348,1.55596222610511e-05,0.981511594244338,0.0133624935770897,3.74621792902795e-09,3
"20147",0.000170797156023654,1.14549767706191e-05,0.997275290117795,0.00254242186856484,3.58808462693997e-08,3
"20149",1.52435995442783e-07,0.999039211160373,1.16094700726637e-06,0.000945771848752006,1.37036078730272e-05,2
"20151",1.30942922233082e-05,0.160688098388988,0.000628981893731157,0.838660964850588,8.86057446870719e-06,4
"20153",0.012603117609999,0.70703785532893,0.00186822793290024,0.278490677108184,1.22019987160221e-07,2
"20155",0.000257514858037911,7.21321982362537e-07,0.999241419378425,0.000500251316979317,9.31245756080516e-08,3
"20157",2.25645796678744e-05,0.737734790377298,0.000198084100159455,0.262038760652611,5.80029026379172e-06,2
"20160",5.13996980990888e-08,0.999956023375683,4.31645138322644e-07,4.04712727379051e-05,3.02230674245794e-06,2
"20162",4.8522180927253e-08,0.997892415318198,4.21043245471065e-07,0.00209408823720513,1.30268791704956e-05,2
"20164",4.62275703147641e-05,0.953499567706127,0.000155004221145188,0.0462933321399148,5.86836249843074e-06,2
"20166",1.04411700263532e-05,0.00111518545010543,0.998465627419756,0.000152642694248337,0.000256103265864079,3
"20168",6.98104981550015e-07,0.000765460280348327,0.003331913774662,4.45746262297691e-05,0.995857353213778,5
"20170",8.25888475944307e-05,0.47974368190862,0.000344432051859915,0.519825601638102,3.69555382393128e-06,4
"20172",0.00135949017972207,1.32293657414918e-07,0.993258116142368,0.00538220811786951,5.32663827491504e-08,3
"20174",1.59156372838855e-07,0.401381072523623,1.45895765737378e-05,0.412015895819243,0.186588282924187,4
"20176",6.41777089306361e-08,1.02010238435261e-05,0.000241475537057608,0.000168193888192419,0.999580065373197,5
"20178",1.07819770481682e-07,0.999972417899836,5.19163900953615e-07,2.5345047500145e-05,1.61006899197845e-06,2
"20181",1.33772938791587e-05,0.0048895554140426,0.994909033622162,0.000185771074840493,2.26259507614203e-06,3
"20183",0.00107389584532911,2.91144622667222e-05,0.003832919852404,0.995059300118826,4.76972117437463e-06,4
"20186",0.00383076514674014,6.82981563654669e-07,0.0182432302564004,0.975601137899502,0.00232418371579414,4
"20188",1.08211502141859e-07,0.999773546002398,4.40548416609591e-07,0.000224075299500213,1.82993818339694e-06,2
"20190",2.58952829073057e-05,6.75128662032519e-07,0.999897911313468,7.54673068109164e-05,5.0968151774911e-08,3
"20193",4.48020619875994e-06,0.942184874960404,0.00382189814299106,0.000587252983037122,0.0534014937073687,2
"20195",4.55617233533231e-05,0.832832435630264,0.00199991991739837,0.165116400757516,5.68197146837001e-06,2
"20197",0.000563434852978034,2.03632177033489e-07,0.995629518314292,0.00380671273273514,1.30467817855301e-07,3
"20199",1.05901331667788e-05,0.955737712648476,7.49735167299249e-06,0.0442418317704012,2.36809628322895e-06,2
"20205",0.999641332912635,1.27079858143096e-08,0.000306682941970143,5.19710580741651e-05,3.79334421011987e-10,1
"20208",2.24124635876583e-05,0.0289716640163069,0.00273213180657358,0.968215822306409,5.79694071222138e-05,4
"20210",2.09812706197647e-07,0.99323350952778,1.47525614222526e-06,0.00675939982098154,5.40558238961885e-06,2
"20212",8.79810034101965e-06,0.909510701509869,0.000181769631847058,0.0902893311144934,9.39964344990431e-06,2
"20216",8.1829007813051e-05,0.000112580438306972,0.996823231182847,0.00298189445907971,4.64911953482484e-07,3
"20219",0.598337885400623,0.000116345068383176,0.38873347651614,0.0128122829533101,1.00615433669052e-08,1
"20223",0.000353233375534297,2.16507451024935e-09,0.997644396253798,2.5497114812107e-05,0.00197687109078113,3
"20226",0.00773008934092949,0.00266751069235256,0.0590655365080468,0.930533832704064,3.03075460692995e-06,4
"20230",0.000108835759334777,9.00739012822579e-08,0.999859921742494,3.11123257267068e-05,4.00985430129367e-08,3
"20233",0.996822614015843,4.3400896837062e-05,4.8479074001965e-06,0.00312795627861405,1.18090130574811e-06,1
"20235",0.0363987461533609,1.31484266972168e-08,0.962672551910993,0.000748075531752418,0.000180613255466507,3
"20239",0.000995060279961798,2.93219048265306e-06,0.973017998806587,0.0229347208728241,0.0030492878501443,3
"20254",0.991367499692536,1.35438058608125e-08,0.0086265743351864,5.91241034173564e-06,1.81303900792922e-11,1
"20256",0.000307049034661625,1.34243210869605e-08,0.999546616909675,0.000145807628370767,5.13002970831948e-07,3
"20262",6.37718911609175e-06,0.801152875084449,0.000128119463063138,0.198708840437812,3.7878255597479e-06,2
"20270",3.68421358748723e-05,0.00650945988570783,0.968140052634275,0.0221452819002989,0.00316836344384345,3
"20284",0.33919098497022,5.69704570244076e-05,0.011714949390638,0.649036545683011,5.49499106355399e-07,4
"20287",0.000166797964949285,1.91764875065773e-09,0.999830243836065,2.77672359606842e-06,1.79557741256893e-07,3
"20290",0.993166162976802,4.3796215029702e-05,0.00284017709367725,0.00394986287623654,8.38254781336737e-10,1
"20293",0.00254094397665928,2.98602019419567e-05,0.931366092281313,0.0660616506690469,1.45287103927109e-06,3
"20296",3.06061121009289e-07,0.749120359787736,0.00874761253919843,0.22545254858048,0.0166791730314645,2
"20301",0.000589776731021697,1.03590507993643e-05,0.999398047848004,1.73359219082491e-06,8.27779837237365e-08,3
"20304",0.989774363250751,3.54204310888569e-07,0.0101643894699781,6.08927183309207e-05,3.56628997836793e-10,1
"20306",0.00215557038503059,3.8706888916979e-09,0.997786923800037,5.74556554855772e-05,4.62887585527749e-08,3
"20309",0.00634125082167312,0.000317245622084061,0.545069539926502,0.448269688517415,2.27511232661571e-06,3
"20311",0.00112794873912367,0.000595460393454275,0.991149705262285,0.00712452094960629,2.36465553051097e-06,3
"20314",0.000117187337983546,0.0526956627642272,0.00371469193400436,0.943471277083322,1.18088046320508e-06,4
"20318",2.33212400045715e-07,0.999858028659378,2.65797627734735e-05,9.55060639684165e-05,1.96523014799673e-05,2
"20320",0.00698432039288069,0.00401462219719038,0.00254881745681219,0.986420155986343,3.20839667733986e-05,4
"20326",0.000264214626524692,0.120320288957313,0.00511710007758479,0.874295486697725,2.90964085245476e-06,4
"20328",0.00266855960990106,2.92149137276731e-05,0.00129906745488781,0.995995729691959,7.42832952396807e-06,4
"20330",0.0346502514081608,5.13907375721738e-06,0.957694084447245,0.00764500702208544,5.51804875147326e-06,3
"20336",0.931694054651491,2.73155570635369e-06,0.0186287954655157,0.0496743963697947,2.19574922695808e-08,1
"20338",0.972716625467495,0.000166137642657796,0.0245287965521528,0.00258843050337908,9.83431532283443e-09,1
"20340",0.000496714591889309,4.70120069377799e-08,0.99949084829111,1.22953282332024e-05,9.47767605771482e-08,3
"20342",0.998693055873036,0.000203272484989003,0.000730649427129892,0.000314384047871549,5.86381669730431e-05,1
"20344",0.000702250073971916,1.01261326274395e-06,0.996279573666379,0.0030166981908966,4.6545549015788e-07,3
"20349",0.000175617625281231,1.08378194465626e-08,0.999737743491141,8.63831835441192e-05,2.44862214523881e-07,3
"20351",0.0164141969542037,0.000949160591744123,0.911735778958668,0.0708993384744464,1.52502093737698e-06,3
"20353",0.0915914968911143,1.80464024527285e-07,0.90594400148703,0.00246426534696608,5.58108646133774e-08,3
"20357",0.99831183971964,9.1552423539198e-10,0.00165438044050376,3.37785475933331e-05,3.76738122741244e-10,1
"20360",0.975089028153183,2.1843164498467e-06,0.0228703238197422,0.00123650557903244,0.000801958131592351,1
"20364",0.00500702317624954,2.69287795333111e-05,0.913785547263426,0.0811804343015455,6.64792459355943e-08,3
"20366",0.986970113229918,2.66944376608702e-05,0.00180503414394584,0.0111981408975128,1.7290962229989e-08,1
"20381",4.92815441171164e-07,0.0225826885971874,2.70847877975068e-06,0.00385830634320368,0.973555803765388,5
"20391",0.0439095159839945,2.07952305125865e-07,0.423023971869337,0.203843639855264,0.3292226643391,3
"20394",6.41070678360972e-06,0.00163100523457679,0.000209288613025342,0.996073463582677,0.00207983186293751,4
"20396",8.39631413380014e-08,0.0256162906242039,2.3108353921719e-06,0.200488944238498,0.773892370338765,5
"20409",0.00114560243720018,0.26674605377852,0.560566698058976,0.171530634264372,1.10114609319535e-05,3
"20411",0.105720547456851,7.13828774183915e-09,0.893269311910393,0.00101011709816226,1.63963062648932e-08,3
"20416",0.939715696280165,1.01436115051902e-10,0.0602839274836133,3.75572183587121e-07,5.62601900217018e-10,1
"20418",4.03917186635684e-08,0.109129744724625,1.86499722991482e-06,0.106836701563419,0.784031648323008,5
"20420",0.971690010875337,0.000386815163400639,4.80948316880723e-05,0.0278738045816775,1.27454789695739e-06,1
"20422",0.000533805487876264,5.9984325313439e-05,0.998276062427032,0.00113006541389325,8.23458853947247e-08,3
"20424",0.0467947903334278,1.90776541751455e-08,0.952420748195341,0.000784434555981563,7.83759563850163e-09,3
"20426",0.999832423880371,0.000136879814448453,1.10136349479804e-05,1.96813576731138e-05,1.31255938117159e-09,1
"20428",4.0871341744478e-05,2.46937143800487e-05,0.895651304246657,0.101834973870706,0.0024481568265128,3
"20431",0.0102259114868347,0.129257446417325,0.0396822890475551,0.820831297818331,3.05522995371002e-06,4
"20433",2.42268127266696e-05,2.17464428840115e-08,0.999743893023196,1.05296750347049e-05,0.000221328742599286,3
"20436",4.44708081931366e-07,1.32962511328548e-05,0.00969911927587877,0.000118236676057816,0.990168903088849,5
"20439",1.24281099869491e-07,0.360993228203631,8.3487062871034e-06,0.352501930817616,0.286496367991366,2
"20441",0.99843091186748,3.11092983588469e-07,0.00134816056736433,0.000220615618018684,8.54153032236557e-10,1
"20444",3.22170477245775e-08,0.99987020835489,2.44033813703745e-07,0.000124378075113112,5.13731913511602e-06,2
"20448",0.00211179310592897,0.366027115600395,0.0162090376914292,0.615301477606148,0.000350575996098327,4
"20536",1.79908808342683e-06,3.52692793115137e-05,0.000316472484272693,0.361150359946029,0.638496099202303,5
"20538",0.60857315602504,7.67808834517804e-06,0.290798047351755,0.100607318279369,1.38002554915948e-05,1
"20541",0.0546222262251663,1.20507863372723e-08,0.945350964034113,2.67974605031274e-05,2.29430810827067e-10,3
"20544",0.00119940297209839,0.00879218050877727,0.221328951045182,0.768674629960419,4.83551352331988e-06,4
"20546",0.00714943413923736,3.32782159506719e-08,0.990023375037878,0.00282714162935541,1.5915313534171e-08,3
"20550",0.0374485113226046,0.00506440145174257,0.392066792647902,0.565353719083562,6.65754941885159e-05,4
"20553",0.953768152785753,3.9713291788239e-07,0.0462313895410609,5.66777866101481e-08,3.86248106794626e-09,1
"20555",0.996910560076246,2.55913145166453e-07,1.46208941352765e-05,0.00307400387055274,5.59245921139722e-07,1
"20557",0.275689992643168,0.00408477016388686,0.181895495738394,0.538329299015495,4.42439056475887e-07,4
"20559",8.05499362850627e-05,3.56924486373045e-06,0.99931366507858,0.000602207073812817,8.66645808524461e-09,3
"20561",8.30317200807699e-05,0.451858989848732,0.00142523007407724,0.546624623110605,8.12524650514443e-06,4
"20564",1.07819770481682e-07,0.999972417899836,5.19163900953615e-07,2.5345047500145e-05,1.61006899197845e-06,2
"20566",1.89068636829512e-05,0.000168605268257085,0.860710756441307,0.139035180085013,6.65513417402337e-05,3
"20569",8.71858035318698e-07,0.304450048199051,3.70807494099772e-05,0.694693682753744,0.00081831643975921,4
"20572",6.25569951851689e-08,0.969068379579246,1.02458990622245e-05,0.0302451612692439,0.000676150695452909,2
"20574",0.00236230469162256,5.59732663009575e-06,0.997189489433119,0.000442606984165673,1.56446213409497e-09,3
"20576",2.56919760112701e-07,0.999839014322093,2.94949599252322e-06,0.000156766102901437,1.0131592527615e-06,2
"20578",0.00101167957679518,0.00794372666050793,0.768065714563683,0.222976877534205,2.00166480871796e-06,3
"20580",8.88120489038612e-05,0.000159679369268077,0.790819580829255,0.208908536482551,2.33912700221885e-05,3
"20583",2.08717103758693e-07,0.999909899813261,2.24695831249474e-06,8.65917129985252e-05,1.05279832451201e-06,2
"20586",0.00205313534000781,9.47148531378498e-06,0.868086441924009,0.12984946675507,1.48449559881566e-06,3
"20589",0.000210593866933231,2.262376809272e-09,0.999694967673153,9.42392770213559e-05,1.96920515955251e-07,3
"20591",0.195435818689375,2.07442537650384e-05,0.00493010312063338,0.799568959105219,4.43748310069191e-05,4
"20593",7.89392315676444e-05,2.18811106168031e-08,0.999920343093236,6.75415758597651e-07,2.03783272708017e-08,3
"20595",0.000359670660563156,9.62258596188057e-05,0.994255771290492,0.00528824102756246,9.11617636433741e-08,3
"20597",5.75586788435603e-09,1.40186724131379e-05,2.8294845743097e-07,0.00137258864089737,0.998613103982364,5
"20599",5.24945662410484e-08,0.999962648244221,6.18059712632201e-07,3.41544323765284e-05,2.5267691232881e-06,2
"20601",6.98656885107185e-05,0.000514391323032251,0.000387396250629772,0.999022868575598,5.47816222968133e-06,4
"20604",7.714311418689e-05,1.68903557045649e-06,0.999899718747275,2.14436501806333e-05,5.45278743152013e-09,3
"20606",9.19473116246032e-05,4.39463659097874e-08,0.999880831255439,2.71697737758225e-05,7.71279414175773e-09,3
"20608",1.77607004506013e-05,4.83630841686935e-07,0.998791672400965,0.00118782857864635,2.25468909614624e-06,3
"20610",1.43516247257606e-06,0.998858204605377,1.651321655715e-05,0.00112229173232795,1.55528326510944e-06,2
"20612",0.112606588733505,0.00137744147695453,0.239592434374806,0.00275464254984505,0.643668892864889,5
"20614",8.61430146966941e-07,0.994869240939631,2.08091502530581e-06,0.00512655219935465,1.26451584210062e-06,2
"20616",0.000171583716258732,0.00147115369882244,0.00736987750727256,0.990927951654606,5.9433423040556e-05,4
"20618",0.997824531649466,2.86311095917383e-05,0.000351813351885029,0.00179501977921592,4.109841428023e-09,1
"20620",5.28607571197499e-05,5.1051765881976e-05,0.998842779065824,0.000994299953825035,5.90084573496024e-05,3
"20622",3.29287679073447e-07,0.999607720252574,8.14856117649581e-06,0.000383246586524266,5.55312045738389e-07,2
"20624",0.0241950526907765,1.19701736510082e-07,0.974855969096997,0.000948803000622903,5.55098675760297e-08,3
"20626",3.08441559804826e-06,0.00159991465546931,0.761961070364782,0.0258573750758906,0.21057855548826,3
"20628",0.000492369739343183,0.000950825054250994,0.319424823656788,0.467768170226575,0.211363811323043,4
"20630",0.000508838318790918,0.0183401943510967,0.852354286553931,0.128790152283002,6.52849317958516e-06,3
"20632",1.364681794702e-08,0.994107294937654,2.49170166724822e-07,0.00481271045514614,0.00107973179021496,2
"20634",6.43342259877176e-05,3.34082173958718e-08,0.999889031987195,4.65842847947359e-05,1.60938053475715e-08,3
"20637",0.987678458698639,1.39924535235623e-05,0.0122465500901455,6.09987317487974e-05,2.59433344933509e-11,1
"20639",6.75344163674721e-06,0.783495832422459,2.23564062761449e-05,0.216469276900164,5.78082946402485e-06,2
"20644",0.55645796812903,3.51461321090664e-08,0.443528028376091,3.13681787029006e-07,1.36546669602167e-05,1
"20646",0.0219500199334376,1.19523945706245e-05,0.975480717377092,0.000350350803874366,0.00220695949102578,3
"20648",6.75033464440602e-05,0.0207810150290596,0.000213603007788475,0.978935905184929,1.97343177867748e-06,4
"20650",0.244683380058932,8.3501043014998e-08,0.755002117805085,0.000314375515983887,4.31189563558687e-08,3
"20653",0.000762767013525135,0.00462502059165915,0.000497886165986052,0.99400342051792,0.000110905710909413,4
"20658",7.95276419870731e-06,4.14871910884795e-08,0.999546955751899,0.000232302166076881,0.000212747830634441,3
"20661",0.930303852355226,3.36208369002628e-06,0.0584041747319561,0.0111216052500233,0.000167005579104701,1
"20663",0.00201207989378105,1.35389253552658e-05,0.498258370914595,0.499711961275729,4.04899053935999e-06,4
"20665",1.5820107254328e-08,0.999878176750217,4.22945428879334e-06,4.03804797459333e-05,7.71974956406849e-05,2
"20667",0.000896082666325739,0.000362752818286379,0.0276052174528482,0.949158670231528,0.0219772768310118,4
"20669",1.80114378833143e-07,0.000482508260653829,1.70090941505201e-06,0.0347226106131825,0.96479300010237,5
"20671",0.802675277079241,0.000139717857247424,0.193824126368646,0.00336087812701118,5.67854342317842e-10,1
"20673",2.6978821295626e-09,6.50162415503295e-05,1.5954393397327e-07,0.00116989357063726,0.998764927945996,5
"20675",1.24618049696044e-05,4.59363365712088e-05,0.0089659795077318,0.799104681964523,0.191870940386204,4
"20677",0.000329245993098511,9.75037595113357e-06,0.463089714397315,0.535990701312582,0.000580587921053392,4
"20679",8.35081765033265e-08,0.00168272513553987,5.04262770539923e-07,0.0386211110170272,0.959695576076486,5
"20681",7.09943736009464e-06,4.62206182741657e-05,0.000110762037138736,0.948650231370711,0.0511856865365162,4
"20683",0.000112955097439705,2.29357507472854e-05,0.345052775347236,0.651092232300511,0.00371910150406576,4
"20685",0.982916741146672,8.54649749134615e-05,1.68004546512117e-05,0.0169789657830444,2.02764071851767e-06,1
"20687",2.05505486806932e-06,0.95221912268838,6.87678340636367e-06,0.0477689361750586,3.009298286909e-06,2
"20689",0.749102718324322,3.20601075847261e-08,0.250856640476474,6.01575679756878e-06,3.45933822989722e-05,1
"20691",1.13001010265748e-07,0.99980944851961,5.31818364231344e-07,0.000188942293619462,9.64367396578757e-07,2
"20693",0.00121518639790845,4.53504070572598e-09,0.998751794641538,3.29303012743313e-05,8.41242385667712e-08,3
"20695",1.94367636135434e-05,0.00540577591222521,0.000212158444641581,0.994338877659262,2.37512202580695e-05,4
"20697",0.000366920390781021,5.44904277681655e-05,0.999382425926589,0.000196161526754961,1.72810649741093e-09,3
"20699",1.01936208499436e-05,0.000217397201237282,0.308540214435202,0.676709231458751,0.0145229632839597,4
"20701",0.000246198157062603,6.60217541637623e-07,0.897391378032418,0.10167424724107,0.000687516351907545,3
"20703",0.00119147664427048,0.000198942944500158,1.90104650113242e-05,0.0301232943936725,0.968467275552546,5
"20705",0.00452363612678442,2.19709976586823e-07,0.992294144086455,0.00318189370945446,1.06367329194412e-07,3
"20707",0.000286260651822124,2.12409879205731e-05,0.00354090686850611,0.996146768187655,4.823304096027e-06,4
"20709",8.34208713553822e-06,0.91074615169282,0.0290875144740582,0.0597772516878603,0.000380740058125665,2
"20713",0.0124871903135444,0.0311991633997659,9.0432254755211e-05,0.956024123560923,0.000199090471011624,4
"20715",0.108879373776706,0.0230985757259552,0.86800411076425,1.71922360435341e-05,7.4749704524299e-07,3
"20717",2.42281722447434e-05,0.000181053297951947,0.000104697752886721,0.999645306709566,4.4714067350185e-05,4
"20720",0.000349566290505913,2.04047800537276e-05,0.985437579297879,0.0141823314641874,1.01181673735751e-05,3
"20722",7.55518144024723e-05,2.45367151750638e-06,0.976906628491735,0.0230144508004465,9.15221898220617e-07,3
"20724",6.07385499191915e-06,0.209981950725075,3.68017204315751e-05,0.78994689807263,2.82756268714559e-05,4
"20726",0.00102273182777835,2.70215616527038e-09,0.998935874656389,4.12487636641977e-05,1.42050012810905e-07,3
"20728",3.32913637668989e-06,0.000224543432875031,3.01418194177605e-05,0.992073638458405,0.00766834715292513,4
"20730",5.38934817614608e-05,0.407767447432311,0.000758694150111288,0.591413693466268,6.27146954824519e-06,4
"20732",0.115524231985744,0.000122112545045367,0.487533827208055,0.362054473697219,0.0347653545639369,3
"20734",0.00128884910515288,3.81125687968474e-05,0.262006975124951,0.736661100596651,4.96260444782218e-06,4
"20736",6.14297838043264e-07,0.895516945144665,2.34773867492563e-05,0.104428114170566,3.08490001816589e-05,2
"20738",0.0750275363420519,0.327184528616344,0.580873384387727,0.0122129941205129,0.00470155653336462,3
"20740",0.327566345473614,3.39164093580585e-08,0.600813539583776,0.0713122640697192,0.000307816956481428,3
"20742",0.00113826358549346,0.000213212729408846,8.25532365579338e-05,0.998546202003931,1.97684446084828e-05,4
"20744",1.40000087118719e-08,0.971303884888262,2.02348288106528e-06,0.0174086896774849,0.0112853879513633,2
"20746",8.13844587692253e-05,6.69465854155063e-05,0.0539112623984241,0.945862737974715,7.76685826758122e-05,4
"20748",2.27927759301425e-05,0.294211648455168,3.5959632991846e-05,0.705716140939006,1.34581969040044e-05,4
"20750",1.14734773160844e-06,0.678960578400979,0.000407088926169677,0.320419503553963,0.00021168177115706,2
"20752",0.000880199626727998,5.17554627753524e-07,0.960049810586905,0.039068220373171,1.25185856788279e-06,3
"20754",2.08774782270459e-09,1.25708009024316e-05,3.24371593215117e-07,0.000478954804815735,0.999508147934941,5
"20756",0.000215018765622359,0.27056934299697,0.0780548084316177,0.651139143871645,2.16859341445452e-05,4
"20758",4.63930876264415e-07,0.00629091792589908,0.00940018362050632,0.00316585722305513,0.981142577299663,5
"20760",4.05118268542957e-07,0.195735785690352,1.32774763841202e-05,0.801216163736636,0.00303436797835883,4
"20762",1.8849419171689e-08,3.93502991847542e-06,7.17687601303343e-07,0.00208372260980257,0.997911605823258,5
"20764",2.61148982315227e-06,0.755358048750223,4.60090822070462e-06,0.243635830654833,0.00099890819689989,2
"20766",3.64985912987181e-06,0.0873947800900525,1.87861858108392e-05,0.912509638598787,7.3145266219791e-05,4
"20768",1.9083001534592e-05,0.824497168633353,0.000453339074652161,0.175026647893073,3.76139738750252e-06,2
"20770",1.98356236484666e-06,5.68812872851356e-05,0.00765501308457045,0.110895963789814,0.881390158275966,5
"20772",1.0846232029421e-05,4.7510818054362e-07,0.999947461971793,4.11531931787299e-05,6.34948186264693e-08,3
"20774",0.000866068892418442,2.31550575054398e-09,0.999117329868594,1.27995263479183e-06,1.53189708467575e-05,3
"20776",0.000813396549022959,2.14491979605139e-05,0.00061241944835943,0.998544399695725,8.33510893220631e-06,4
"20778",0.714508901021432,7.05229327154089e-08,0.285490718421238,3.07239907301823e-07,2.79449065961941e-09,1
"20780",7.34778233161652e-10,1.53191728464892e-05,2.11702055361245e-07,2.60316668187472e-05,0.999958436723501,5
"20782",4.33343892971429e-09,0.000113347806799518,1.25131735138642e-07,0.000720799463529215,0.999165723264497,5
"20784",2.85969808062796e-08,3.03348610248769e-06,1.96843950047896e-06,0.00301504983566367,0.996979919641752,5
"20786",6.75678220947611e-09,0.972280131852143,1.75611202418173e-06,0.000260105346639859,0.027457999932411,2
"20788",0.000744265401089763,5.74380444509704e-05,0.00695321411524078,0.992243965855841,1.11658337814769e-06,4
"20790",1.77145219113853e-07,0.0924026959896056,3.76365862004896e-05,0.644985777193861,0.262573713085114,4
"20792",0.00148900262637175,0.423340125784499,0.0190526949225611,0.556114997119396,3.17954717281487e-06,4
"20794",8.0004551605046e-08,0.511713281172871,1.45919421533534e-05,0.331548311340673,0.156723735539751,2
"20796",0.00280846181491942,2.79109218259463e-08,0.996557538383024,0.000633959475483638,1.24156515774508e-08,3
"20798",1.07819770481682e-07,0.999972417899836,5.19163900953615e-07,2.5345047500145e-05,1.61006899197845e-06,2
"20801",9.34188443200198e-07,0.999168911340017,1.30231859681093e-05,0.000809978650061328,7.15263551084342e-06,2
"20803",0.00247148720492678,1.13929434902611e-05,0.018323735168396,0.979181661082726,1.1723600460532e-05,4
"20805",0.000740424019082706,5.27272951130129e-05,0.224411043310694,0.77478632790368,9.47747143014256e-06,4
"20807",1.07819770481682e-07,0.999972417899836,5.19163900953615e-07,2.5345047500145e-05,1.61006899197845e-06,2
"20809",0.000753337777972678,0.0009620584150413,0.000936432364921177,0.996589750412574,0.000758421029490434,4
"20811",0.00169733494174734,0.967762417269062,0.00685244338779519,0.0236817922178582,6.01218353721683e-06,2
"20813",0.00278665405524906,0.0628048643819285,0.383964239160106,0.550068697849673,0.000375544553042966,4
"20815",8.12398908271987e-09,0.74419475469671,3.84971664436425e-07,0.000245445758377652,0.255559406449259,2
"20817",3.48031211100366e-05,0.0279401821029907,6.32465335777438e-05,0.971956451984073,5.31625824882589e-06,4
"20819",0.00495536633022688,1.5410714376984e-06,0.234943724808029,0.760088795224453,1.05725658530285e-05,4
"20821",0.000242951259830875,0.00294616803672319,0.393045786529057,0.000447117064529042,0.60331797710986,5
"20823",0.0029645408020351,0.0092427136527047,0.092604634090982,0.895182618494037,5.49296024153288e-06,4
"20825",1.33450346001091e-06,0.0668334140982386,1.2908708473791e-05,0.932760803247988,0.000391539441839489,4
"20827",0.000141940284702053,0.837067937053928,0.000139647089456975,0.16264075366872,9.72190319283103e-06,2
"20829",0.00128045321607506,1.21449575792461e-05,0.997221249079032,0.00147150480821135,1.46479391026037e-05,3
