"","V1","V2","V3","V4","V5","V6","V7","best$classification"
"19811",0.0322080499138556,0.964197967025807,0.00265183234643001,9.94949098800548e-08,0.000556593049703603,1.35958656209611e-07,0.000385322210637551,2
"19813",0.999980252052577,1.67261999398255e-05,1.4497642508066e-06,1.51656820845661e-08,4.22038435101462e-08,7.76292003839456e-10,1.51383741452051e-06,1
"19815",1.49260262067683e-06,0.953305203372761,0.0352507824643341,1.54921475155055e-05,9.22641621954134e-06,0.000643637883821835,0.0107741651127276,2
"19817",5.00264559205446e-06,0.992365656618426,0.00449453946339692,3.54551945301648e-07,0.00042829439161862,1.1074779331769e-05,0.00269507754968942,2
"19819",3.4675320924345e-10,7.89257329392412e-06,3.13432841789131e-05,0.599515928897844,3.2007079838113e-07,0.167990470555477,0.232454044271654,4
"19821",0.0115338217871617,0.962998712029141,0.000780675545051772,9.03351290146401e-06,0.0174330381545318,1.9124423195196e-07,0.00724452772698071,2
"19823",2.70336807442609e-06,0.898414305631103,0.000893119232096443,4.12786513174696e-06,0.000135147233705514,0.0970550009632114,0.00349559570667691,2
"19825",0.00365688494055257,0.000898643312517723,0.00390180742003364,0.0766174897511708,0.901950391307473,0.000134272168532415,0.0128405110997197,5
"19827",4.09943848640493e-07,0.642547842497603,6.81864485739425e-05,2.65018325069009e-06,0.35401434836903,9.15720216766386e-05,0.00327499053601677,2
"19829",2.21912042068358e-06,0.000374983486954635,0.000184882064833661,0.0726639649985338,0.00560658751976997,2.81099154125773e-05,0.921139252894075,7
"19831",7.15048704189309e-07,3.94133111842497e-05,7.21005317517685e-05,0.134145656760821,2.96087666208901e-07,0.114168886924996,0.751572931334876,7
"19833",2.96825675368558e-06,4.94395903904184e-07,0.00125819430786331,5.51997868887569e-05,1.90322401200218e-05,0.998663196168525,9.14843945150035e-07,6
"19835",0.0115338217871617,0.962998712029141,0.000780675545051772,9.03351290146401e-06,0.0174330381545318,1.9124423195196e-07,0.00724452772698071,2
"19837",2.57812578714469e-06,0.958504534445692,0.0001092997019004,2.78686749403727e-06,0.0238730802910702,7.75303897420413e-06,0.0174999675290824,2
"19839",0.00185608634152202,0.00147075767749399,0.00186278952243461,0.167307696473041,0.0324847830240326,1.14823677664686e-05,0.795006404593709,7
"19841",3.66577884909541e-05,8.08844365682252e-06,4.67895174326677e-08,2.14549256085141e-06,0.999949898391867,6.61683037417276e-09,3.15647707668728e-06,5
"19843",0.0173112196249079,4.06892875757809e-06,0.00471914464532356,0.915092188607913,2.02383194856513e-08,1.86070344335323e-05,0.0628547509203451,4
"19845",0.921146904318441,0.0785018580482163,0.000322197179032715,2.06359889267257e-08,1.04793738969141e-05,6.97098365290332e-08,1.84707345874297e-05,1
"19847",0.00755627742737891,0.903168883295636,0.0415814201383245,6.74197966279144e-05,1.22129004910743e-05,8.21661504991236e-05,0.0475316202910421,2
"19849",0.999950100672811,4.927644763698e-05,3.35276958228673e-07,1.25524316472419e-09,9.90494015192002e-08,3.07508794375053e-10,1.86990440311301e-07,1
"19851",1.27787851630012e-05,0.997910294972346,0.00146422367634758,1.08042264280645e-07,2.01071715494714e-05,1.29905145925368e-05,0.000579496837737701,2
"19853",0.0092024572830639,0.990385941679984,0.000155836760951994,1.70545669287877e-09,0.000185214213339001,6.21338633306316e-05,8.41449387402368e-06,2
"19855",0.000560676887934222,0.997220130933175,0.000213451771467366,4.93639697270397e-09,0.0018758207564549,2.68489397763381e-06,0.000127229820593921,2
"19857",0.0154941920438359,0.782919972778099,0.0137551973102577,5.47303642118475e-05,0.0188949831882498,1.14122601927523e-06,0.168879783089326,2
"19859",1.25650028457801e-05,0.961248427169247,0.00376208381724524,4.77609624113365e-06,0.0108326662262118,0.000105202199418873,0.02403427948879,2
"19861",0.106158027500046,0.892381181527313,0.00106143510766992,9.47402746818383e-08,2.34064088141496e-05,6.69712225321008e-07,0.000375185003657391,2
"19863",0.99377050064576,2.22587169280835e-05,5.16209100210761e-07,5.17234320913295e-09,0.00620666190559562,2.96958528315816e-10,5.70533139820657e-08,1
"19865",8.92219775562244e-07,0.00203984270920684,4.49426154673271e-06,5.42306344159051e-08,0.99794844869435,1.29897971913452e-08,6.25489468889353e-06,5
"19867",0.00580283135084984,0.969771275018591,0.0199478812279382,7.98141567127821e-06,1.83036521049469e-06,2.01580925180109e-05,0.00444804252922095,2
"19869",0.991455151537933,0.0085051205963923,2.7070381194125e-06,8.63805138697443e-10,3.55788582960812e-05,1.26385778529207e-09,1.4398415962986e-06,1
"19871",1.84034949059964e-06,0.88378187445373,0.00116316105565766,1.22539859132465e-05,0.0392179903333313,0.000105344384812746,0.0757175354370647,2
"19874",4.22474165578467e-06,0.249858167452169,0.000554379615293521,1.43910800756811e-07,0.749491555541781,5.38023612020204e-06,8.61485021796039e-05,5
"19876",0.000204813637800053,0.840078524749493,2.60678307474481e-05,5.05725768542007e-09,0.159649425834774,1.15139782243337e-07,4.10477501462954e-05,2
"19878",3.28620746248783e-06,0.000241268598031473,0.996676335226805,0.00277829544704541,1.87807041938772e-06,2.45811723049222e-05,0.00027435527793074,3
"19880",9.96335510851653e-06,0.00173167464430394,1.26723016260488e-07,8.65618143410833e-10,0.998257771678296,3.40807278350448e-09,4.59325583848547e-07,5
"19882",0.19284503442841,0.791657402158533,0.0146181524963217,2.34401975690372e-07,0.000790843161040648,1.45782568415103e-06,8.68755280354445e-05,2
"19885",7.70999427001256e-06,0.886164230302532,0.0110104757791219,3.11239973067957e-05,0.00047169254423647,6.62302721758498e-06,0.102308144355315,2
"19907",0.055272413309696,0.922409852219696,0.0212026711046773,2.63341443631386e-06,1.11753861212892e-05,3.40838318819194e-06,0.00109784618218518,2
"19909",3.33727492293223e-05,0.000697414110447347,1.43288255976546e-05,0.00671721685764207,9.57425461887423e-07,4.54865027866688e-06,0.992532161381343,7
"19911",6.35402595318212e-06,0.00297432490483366,0.000182882878241417,0.0178210674044168,0.0076041271949194,0.00021061960174333,0.971200623989892,7
"19913",2.80299534281642e-07,1.1957492953997e-05,2.42747901174798e-08,1.84620494850313e-08,0.99998747654546,1.40835788529167e-08,2.28841633609207e-07,5
"19915",1.62686829738845e-06,0.69986147641123,0.000180806144214936,7.13208515611362e-08,0.299793763963837,4.16084675152795e-06,0.000158094444817146,2
"19917",1.93418950307785e-06,0.0100813273075316,3.67716012716761e-05,6.0745985841101e-07,0.989734640040379,5.13688399544104e-07,0.000144205713056452,5
"19919",1.2089078842361e-06,0.868875462213751,0.0051703636738818,1.85756038149077e-06,0.12281400461562,2.96422060475099e-05,0.0031074608224349,2
"19921",0.00017716322310562,0.988209044591786,0.00900375501018228,8.5943609000246e-07,5.98207389470664e-06,6.87630816369471e-06,0.00259631935677745,2
"19923",1.05928021272422e-05,0.00735111757257625,0.991021886289514,0.000205808172483805,7.47020757513016e-08,0.000585155825990004,0.000825364635232495,3
"19925",6.74153888176521e-07,0.0667684096173359,0.00012362544576054,1.30057831374462e-07,0.933047710044087,1.05680457675837e-06,5.83938765205301e-05,5
"19927",1.61688497882563e-05,0.998383645011404,0.000372113329730218,7.18181387690767e-08,9.80052224731182e-05,5.79958128640633e-06,0.00112419618717926,2
"19929",0.450890986860812,0.000174280343189917,1.58906506333226e-07,9.51834208444565e-09,0.548934232142016,6.42632100141446e-10,3.31586502284341e-07,5
"19931",6.72838485835786e-07,0.990575302018784,0.00131555633887622,3.2071381254429e-06,0.000553937307834974,6.09770940475727e-05,0.00749034726384642,2
"19933",1.41437956181466e-07,0.0518175014912203,0.000161310924831232,0.00541717241286611,0.000235623975874251,0.000254031974621058,0.942114217782631,7
"19935",0.000618342069218324,0.698673968134537,0.027456758199468,0.0020399126053785,0.00118757347030983,4.17264581383956e-06,0.270019272875275,2
"19937",1.86976682159054e-06,0.992209943230627,0.00467433766393795,1.17133033982866e-06,9.45979095290508e-06,0.00021395099489248,0.00288926722242862,2
"19939",4.16173841767528e-06,0.717975879077512,0.278928989215241,8.4524352576106e-06,0.000981799720581017,4.88834250502922e-05,0.00205183438794032,2
"19941",0.000168152560860821,0.00181673710712007,1.43849094407704e-05,0.0538659953063819,0.0355460590724523,1.80004943101368e-05,0.908570670549434,7
"19943",7.80410530555195e-08,0.000680326609769447,9.47723423122697e-07,1.6155249295013e-08,0.999316414181745,1.65992790418682e-07,2.05129596994483e-06,5
"19945",8.15653797565636e-08,0.0133481305332932,0.0039603387602999,0.0183465667383101,1.2258063208163e-05,0.000773760748880285,0.963558863590629,7
"19947",0.0189871824822794,0.00569703191424726,0.000286449781971458,0.00371035607491997,0.711526809852499,5.61860897878087e-05,0.259735983804295,5
"19949",3.75873379560206e-07,0.0210677735620561,0.962660108859735,0.00363488766796759,6.26984691343845e-07,0.00183001858709444,0.010806208465076,3
"19951",7.90366675498055e-06,0.225719290217774,0.0505343189294654,4.8487827211359e-05,0.721858956069635,1.36988215002781e-05,0.00181734446765891,5
"19953",2.59753476809782e-08,0.000210515753696528,0.00132708285359609,0.0341303930455485,1.96560205375009e-08,0.916188317832549,0.0481436448832419,6
"19955",1.33057249994057e-05,0.000457790457174551,0.295849749538179,0.172531343267896,1.65543440253637e-06,0.0276162586746447,0.503529896902704,7
"19957",1.93050635076677e-05,0.0726128859849702,0.000212237362018842,7.93255528282408e-06,0.914188066194867,0.00135758715498939,0.011601985684364,5
"19960",3.48011971918957e-05,0.000379548576952831,0.00474149181176302,0.182400910252551,0.000243377792260018,3.24918259785297e-05,0.812167378543303,7
"19963",4.35273071152242e-05,0.000233996491807508,2.74426845784168e-06,8.67996296891381e-05,0.952343176512364,0.0472091352706408,8.06205199257505e-05,5
"19965",5.23549292802647e-05,2.49791620912962e-05,0.152858966237744,0.68323489612172,1.3749356478411e-08,0.000121699155306332,0.163707090644502,4
"19968",0.201293226215514,0.0109770714420047,5.19173302598817e-05,5.65944973836572e-05,0.785381541138818,2.64706214810273e-09,0.00223964672895765,5
"19971",2.79858778907242e-07,5.06522500913411e-06,1.1069447448651e-05,0.000457867786037553,0.998595293216608,0.000867546920659313,6.28775454581241e-05,5
"19973",2.35853136275341e-05,0.994941511049233,0.00075508713740782,2.8144509059217e-07,0.00257991307652457,4.00044494242674e-07,0.00169922193362258,2
"19975",2.07097581368306e-05,0.0247968932537282,4.81084969523697e-05,3.35252500160754e-07,0.974981555358817,1.89170780972219e-08,0.000152378962787681,5
"19977",8.6764453477731e-05,0.000368639922479341,0.000584501745326132,1.2421153968043e-05,0.998911468204459,2.14457813258007e-05,1.47587389634906e-05,5
"19979",2.24067080105936e-10,1.59830687691569e-07,4.8763267961801e-06,0.895353683930731,4.68337342228753e-07,8.54854447873672e-05,0.104555325905588,4
"19981",0.000646219175225135,0.579877573735805,0.0012512277561008,3.54123050501772e-05,0.000276793763464639,1.28938519956688e-05,0.417899879412359,2
"19983",0.000466399489079416,0.381314498340333,0.398665303597299,0.000206305162534232,2.08327008113206e-05,7.70746378791363e-05,0.219249586072064,3
"19985",2.92348066135243e-05,0.251831171102649,0.000138310983652622,1.51308958117232e-08,0.747964057994629,2.12250328489191e-07,3.69977312314647e-05,5
"19987",3.28792970974498e-06,0.597722683095531,0.00033335582368021,0.000342077413846866,0.0303071768989916,6.44213647253783e-05,0.371226997473516,2
"19989",6.3287009987556e-10,3.37509232111633e-06,0.000130552262816612,0.854713198560015,1.9096328409667e-09,0.00208244747613163,0.143070424066213,4
"19993",5.67032013742609e-07,0.164555495876284,0.671997070259976,0.0237958028149124,0.0153855750776447,0.000306653635374253,0.123958835303795,3
"19995",4.71433251849971e-06,0.0909931436191797,0.0430288676524797,0.0679447318816944,0.004689779571396,0.000154862300314831,0.793183900642417,7
"19997",2.27174549558841e-05,0.994862321134939,0.000451706091432652,8.60240216966788e-08,0.00425565027352773,1.81341494420472e-06,0.000405705606178874,2
"19999",0.000561021659308412,0.977740883917696,5.93005393873163e-05,5.59915417561839e-09,0.0215320917792471,8.71603244522457e-08,0.000106609344882311,2
"20002",0.566714886105541,0.0003330422479739,5.77665530198372e-07,5.01787520426866e-05,0.432846822665356,5.44230364389682e-07,5.39483331922262e-05,1
"20004",8.5305193831256e-05,0.0167117581585557,1.56284601309629e-05,0.00800542722084709,0.00127591696105623,9.18439665453903e-06,0.973896779608924,7
"20006",0.00182720700170863,0.00207650297650207,0.414176806739483,0.107381883704389,0.000607341828167887,0.00114755306502936,0.47278270468472,7
"20008",3.58109680256411e-05,0.00124485493798864,0.815383710635027,0.171954036157348,5.21654946931847e-05,0.00124267906426923,0.010086742742648,3
"20010",9.59270316186936e-09,0.00444373955461161,0.426383689832003,0.122282787354028,2.20815220998418e-06,0.0245318511567732,0.42235571435767,3
"20012",0.008204084493509,0.212497549543398,0.00282599934766131,9.9891973860708e-07,0.77635880558613,1.1211295553745e-07,0.000112449996607473,5
"20015",3.76223113206242e-07,1.28487149722242e-06,0.00186335195986646,0.94141059197587,1.49896542080835e-08,6.74634689908977e-07,0.0567237053453092,4
"20017",0.0016480061123994,0.987328042962585,9.70248211807602e-05,2.286811408162e-08,0.0103740776710995,1.57173476290043e-07,0.00055266839114525,2
"20019",1.84974358867808e-11,4.1703107240755e-09,7.09769698195367e-05,0.995105692574517,6.73930652522878e-10,0.000165822307934422,0.00465750328499004,4
"20022",7.47265707499138e-09,0.000489286741571992,0.00451868204638856,0.0528313029588686,5.32728431218837e-07,0.000638399939279924,0.941521788112803,7
"20024",6.10728313574685e-08,9.13583628759573e-07,0.000240519430233825,0.677432224554759,2.09621203395469e-08,0.297416572102986,0.0249096882934408,4
"20026",6.10728313574685e-08,9.13583628759573e-07,0.000240519430233825,0.677432224554759,2.09621203395469e-08,0.297416572102986,0.0249096882934408,4
"20028",6.76964722874535e-05,0.942671128869894,2.01414884624874e-05,1.20957709076615e-08,0.0571548446372125,5.19153019384093e-07,8.56572833528224e-05,2
"20030",5.2886183399255e-06,2.56812866310267e-05,9.23723751043008e-06,0.454143408922233,9.52222828949171e-05,2.91235233640522e-06,0.545718249300054,7
"20033",2.38709453216677e-05,0.807849983025149,0.000239341283335542,4.86720566663462e-06,0.175286127231198,3.82552881914119e-06,0.0165919847805107,2
"20035",6.16188633236355e-11,1.95027657040941e-08,0.000150782099807228,0.991884524741427,9.44698203190082e-10,0.000350514741503628,0.00761415790817925,4
"20037",3.36408431358257e-09,3.31357604956596e-08,0.000552903008048754,0.985901443785556,3.35968363172237e-11,4.2864328720985e-05,0.0135027523442331,4
"20039",4.98919557634706e-11,1.68728839515202e-08,3.20869696307806e-05,0.000632837904251971,2.19813517893825e-11,0.999329865239438,5.19294192185558e-06,6
"20041",3.5654340429096e-06,0.00546056616114601,0.974502691851051,0.000497214716944824,3.14963006565963e-05,0.00144986952025697,0.0180545960159017,3
"20044",2.06369602092644e-05,0.0325901993789801,0.818207258563968,0.004689568081167,0.00210261258299368,0.0120848325724867,0.130304891860195,3
"20047",1.3374157884073e-11,1.62276842091419e-09,2.63118795192394e-06,0.993897614929577,1.0086580296113e-08,0.000499532052900917,0.00560021010684735,4
"20050",5.14267634361898e-10,0.00200996937099207,0.441438922235021,0.0473075033267081,1.68534980204885e-05,0.497389868685248,0.0118368823697427,6
"20052",3.45290419563266e-07,0.826644680489403,0.0254074952545694,0.000268956214492145,0.0324079849405958,0.00144769222121475,0.113822845589305,2
"20054",1.06283459413951e-05,4.23051285717324e-05,0.000174796732897005,0.0946334093418413,2.42948569955372e-06,4.36275680766308e-07,0.905135994689368,7
"20056",2.54428703455753e-07,0.00130508431452758,1.69622184706159e-06,9.44823476558909e-06,0.998604596329001,1.11447898797542e-06,7.78059921676335e-05,5
"20058",9.56431191682856e-09,2.49358268883437e-06,0.000341113676894978,0.830345620286049,4.57095315126615e-10,0.000570777073142545,0.168739985359817,4
"20060",8.86935189510043e-06,0.993856612315572,0.00200640341318602,5.64049317231477e-06,0.000153527752645015,1.41792693752537e-05,0.00395476740415393,2
"20062",1.74507916379913e-05,0.659020045201868,0.316614785010984,0.000129075648163344,9.11812286389878e-05,2.18853527175848e-05,0.0241055767659908,2
"20064",3.44003297986173e-08,0.00266077341936706,0.000163086648039564,0.014354773101281,5.29624758422363e-05,1.97926955872322e-05,0.982748577259553,7
"20066",4.89934958405707e-07,9.60230603754693e-07,2.75119641188545e-06,0.846702658012862,6.10654138135659e-06,5.12811342239776e-06,0.15328190597036,4
"20068",0.000813596260184978,0.982554333188035,0.0158396117988903,2.43413410999159e-07,3.41986205658273e-05,1.88226483548945e-06,0.000756134454077636,2
"20070",3.8692461545528e-05,0.974373910685758,0.0243507294071139,7.67799199863832e-07,1.91287168054549e-05,0.000385201009583572,0.000831569919993896,2
"20072",0.00614793133449172,9.90322852664818e-05,0.0216850827786775,0.516405851295454,1.76196786278781e-08,1.6800033765415e-05,0.455645284652666,4
"20074",0.00028387328894052,3.68537745264306e-05,1.14854859424785e-07,2.74809977609922e-09,0.999679098944398,1.41812812682993e-09,5.49710481451552e-08,5
"20076",0.294986893136179,0.0249517352697633,0.000369705996419719,0.000162045386524778,0.634769058832115,5.676244104492e-08,0.0447605046165571,5
"20078",2.41061130152794e-07,0.00440983477372322,0.00185938629638313,0.025066188545432,4.02854772656431e-05,0.000955273166010632,0.967668790680055,7
"20080",1.6166866460326e-11,1.26585713450773e-07,0.000105870920245578,0.960368571538193,6.43335901835061e-09,0.000230245404691908,0.03929517910163,4
"20082",6.52877705470566e-12,1.0772507029389e-06,5.69428483805421e-06,0.00211118346910644,1.8281489719198e-08,0.997310491170701,0.000571535536633377,6
"20084",9.80235760905e-08,0.00203460465681188,0.00025670369745147,0.054427574339476,0.0185244839977291,0.00634874143017572,0.91840779385478,7
"20087",2.3017385651065e-05,0.00512332499487353,0.0867026291567459,0.105109969756042,3.19854700730049e-07,0.000395288867604894,0.802645449984382,7
"20090",3.36524848632272e-11,1.50165478160633e-06,0.0186412838667078,0.959638059094471,3.82944863356151e-08,0.00498072047910389,0.016738396576797,4
"20092",0.000336114365184678,0.013153816820389,0.233735674150639,0.000617914230244193,3.23278710171143e-08,0.725622551963874,0.026533896141798,6
"20096",4.93514941444726e-06,0.253078064911498,0.0700727966965837,0.000182224601618493,0.00583118136614815,0.635474986440948,0.0353558108337886,6
"20098",2.65487760781392e-06,0.841461296927742,0.000379430475413418,1.30696422807445e-06,0.155151230526011,8.52331273039491e-06,0.00299555691626731,2
"20101",1.24892305858476e-09,1.90774983877534e-05,0.000338814983253069,0.70521245054186,0.000125756747562942,0.000801762275105474,0.293502136704908,4
"20104",0.407130521169868,0.475433111774243,0.0027787956430468,1.22808966750185e-06,0.000962782432020736,0.112182956838146,0.00151060405300874,2
"20106",5.17379488383168e-09,0.000191338069891361,0.00684136033663871,0.476328699388047,6.06135386447875e-05,3.95007694436409e-05,0.51653848272354,7
"20108",9.32489886120627e-05,0.985042287587415,3.51073010861265e-05,1.10985506934819e-06,0.00892236433299481,9.77768068141287e-07,0.00590490416675462,2
"20110",1.4367380391137e-07,0.244760944709688,0.366724620320587,0.000373128261096823,0.121803492184947,0.260008795247729,0.00632887560214768,3
"20112",1.60071455773032e-08,0.00416642254786476,0.37619868094988,0.404907912727989,1.99553434330585e-05,0.0107837525886037,0.203923259835084,4
"20114",3.60830559339051e-07,0.00710067613324909,1.48379883694619e-05,0.00758129858257297,0.0202541819641139,0.000391038069268713,0.964657606431866,7
"20116",1.33251440678618e-05,0.000653878032983969,4.04724659338023e-05,0.0249445350458504,0.00817381949479354,1.44088140150857e-06,0.966172528934969,7
"20118",1.05579968218247e-06,0.345744853961625,0.000453706421359969,0.000295857020261101,0.0419707490453075,0.000184233835089748,0.611349543916675,7
"20120",9.02348328555164e-10,0.00210329298085657,0.00611615560255857,0.327811179005353,0.000856740782438991,0.0280888032604758,0.635023827465969,7
"20122",8.08622517468169e-06,0.000973734661995741,3.88353164409409e-07,3.96105119061922e-08,0.998994300559625,1.13780344909559e-08,2.34392114940699e-05,5
"20124",9.20002920302634e-08,1.36429202271273e-06,0.00123458798643289,0.695337342375875,1.23903910941886e-09,0.00140520906164835,0.30202140304469,4
"20126",5.63876742498142e-08,2.2789644458337e-07,3.62755838930124e-05,0.00360195698265577,8.0787356045666e-08,0.994911698520019,0.00144970384195757,6
"20128",2.92543556072804e-10,8.51192681288808e-10,4.43871018520562e-05,0.83385106443016,2.76512809597545e-10,0.165217558130322,0.000886988917417282,4
"20141",6.13304955592376e-05,0.902531308293249,0.000141795071495606,2.76569964572667e-07,0.0526098529297491,0.0426183497800762,0.00203708685990631,2
"20143",4.42752992454472e-06,1.8803714648413e-05,1.24486995065066e-08,2.39703687553168e-09,0.999976685220263,2.0375441899254e-09,6.66518838781513e-08,5
"20145",6.37299605229517e-10,0.0017476211548451,0.00663286524837119,0.125632835306432,3.61297243234263e-06,0.00324995708331584,0.862733107597304,7
"20147",5.3025070918105e-09,0.000154185303829572,0.0003492932614532,0.0541304674569236,1.82387944182446e-06,4.45222060351614e-05,0.945319702589809,7
"20149",4.20401521627013e-06,0.00102643788934238,5.63992026166936e-07,4.97078205599067e-09,0.998966623897788,2.55280227482899e-08,2.13970682247453e-06,5
"20151",1.9856256386079e-06,0.94811326605966,0.000576078325379609,2.02428449876789e-06,0.0490874691457433,3.17635399219318e-06,0.00221600020508788,2
"20153",2.62264949929073e-08,0.375343275414748,0.00308459989833641,5.47921379918028e-05,0.606687552792706,0.0120154204841035,0.00281433304561982,5
"20155",3.8285652732133e-08,2.62464078072531e-05,0.0513642089022207,0.44772693602749,3.27245356230183e-07,9.53454383178806e-05,0.500786897693155,7
"20157",1.81061817491731e-06,0.57963928676893,6.06916460821468e-05,1.31295397166905e-06,0.419550235664635,1.01103963917562e-05,0.000736551951815466,2
"20160",6.06107683405333e-07,2.9657729681244e-05,1.79960279037905e-08,4.87115866179604e-09,0.99996954079903,5.61551022046305e-09,1.66880908177706e-07,5
"20162",4.97353500756631e-06,0.00468468856485612,3.31417247585595e-07,1.52353688932373e-09,0.995308840820026,1.00954428991243e-08,1.15404388307463e-06,5
"20164",1.67229167222362e-06,0.049618503031386,0.000886123853177566,3.07060952049896e-06,0.94933663602266,1.31336719128894e-05,0.000140860519671088,5
"20166",0.00012901134917511,1.53372105824244e-05,6.63355015265456e-05,0.875621272226593,0.000747103613384102,1.4441263394896e-06,0.123419495972399,4
"20168",0.998304638349842,4.43530151995061e-06,8.43454926970025e-06,0.000879811631975884,0.000477867587083802,6.27519385123676e-08,0.000324749828369887,1
"20170",1.10253212610581e-06,0.746271572895357,0.000194080578837046,7.01999213157268e-07,0.248997782893864,4.55854067394456e-05,0.00448917369386253,2
"20172",8.98016614919247e-09,0.000271925487242352,0.0015162990496633,0.0545248115409911,1.00549454313648e-08,0.000542149389068091,0.943144795497924,7
"20174",0.133168615521542,0.726429555812894,3.75764071545164e-05,1.39157902058627e-08,0.140262743076207,2.20146791666496e-08,0.000101473251733333,2
"20176",0.999897100366704,2.32004409635232e-05,1.19405837343008e-05,1.2220760188126e-05,2.31513859650347e-06,4.82608993976964e-09,5.32178837237585e-05,1
"20178",2.73119565803615e-07,1.46578506413e-05,2.08004399009034e-08,7.72575731221104e-09,0.999984898665755,1.1151117898671e-08,1.30686723275858e-07,5
"20181",9.74233351097397e-07,3.12775066585041e-05,1.40088946639059e-05,0.50868215811947,0.00481154664038804,3.80964978547184e-06,0.486456224955683,4
"20183",2.8311294011832e-06,0.93070447708605,0.00851468798531,2.57819790764341e-05,5.92684384646e-06,0.00147131577624877,0.0592749792000668,2
"20186",0.00371399896877933,0.676246631889004,0.195414494671804,0.000618328043076207,1.32414826088063e-07,0.00619853630242423,0.117807877710086,2
"20188",3.96814505703721e-07,0.000253555058030721,1.12640006218191e-07,4.53171636707576e-09,0.999745682427074,1.59384102998781e-08,2.32590256902525e-07,5
"20190",1.44329175109525e-08,4.79593063233885e-06,0.000166319874149485,0.814893907977986,1.86178680833362e-07,6.64476545658173e-06,0.184928130840177,4
"20193",0.0201726758682979,0.000103547390960986,0.000175752610007178,0.00108840512363584,0.978351339321611,2.32621255272905e-07,0.00010804706423136,5
"20195",1.84497531957047e-06,0.184677182076154,0.00392803935503648,4.90088837142094e-05,0.808580580960649,1.40719295267981e-05,0.00274927181960013,5
"20197",4.16899866043438e-08,0.000262944164821825,0.0235467745928328,0.162355289772803,3.8595536229393e-08,0.000257329986987467,0.813577581197032,7
"20199",7.75467815161631e-07,0.0831348986496548,5.56328131935901e-05,2.86921019893451e-08,0.916769782558285,4.63165644171243e-06,3.42501625072961e-05,5
"20205",3.19039750163335e-11,2.28269428497737e-06,0.000395986544956783,5.10101223687167e-05,1.20420791008006e-09,0.999531008424043,1.97109782349243e-05,6
"20208",2.26015826079181e-05,0.973379834580658,0.00308443167498674,1.42289873371217e-05,0.00991034790144768,7.1814251833695e-06,0.013581373847779,2
"20210",2.01681638027622e-06,0.0164122654088974,1.72833262476925e-06,5.91805969374365e-09,0.983578787000863,5.68770332367377e-08,5.13964614173838e-06,5
"20212",3.51738718028127e-06,0.151866652722177,0.000280093107821725,2.08567932341849e-06,0.847413468532649,2.98560289654541e-06,0.00043119696795105,5
"20216",9.51186401760489e-08,0.000282434686347141,9.40092552989051e-05,0.0669807746869003,2.32027137015266e-05,1.99638472381789e-05,0.932599519691874,7
"20219",1.60908866344821e-09,0.00166587319856707,0.0117535821326392,0.0734306383994633,4.03092091281248e-05,0.715740657063509,0.197368938387604,6
"20223",0.000385688611921753,1.23381003863419e-07,0.00195637717485309,0.991763287096307,9.27117402327384e-11,1.78201938887961e-05,0.00587670344931415,4
"20226",7.78886854015532e-08,0.0246017159248566,0.971907587443023,0.000369880730902542,0.000116638505506092,0.000253684797391689,0.00275041470963494,3
"20230",7.68890926487152e-09,1.13105435808309e-06,5.38839145962408e-05,0.916323293391137,1.3478887932837e-08,2.59178730809534e-05,0.0835957525990307,4
"20233",1.46131932776742e-07,0.00072302217608978,8.88657889772542e-05,7.58180678005914e-08,5.63212881797587e-06,0.999181299293465,9.5866264942906e-07,6
"20235",0.000118629787114245,2.22379436196569e-05,0.139862328455178,0.672170221846354,2.44492740038144e-09,0.0207626339531176,0.167063945569689,4
"20239",0.00225465436367232,0.00148735500554926,0.302809279043955,0.158955568402174,7.49670261443391e-07,0.000309091332732412,0.534183302181655,7
"20254",1.17117083819079e-12,1.62090127852014e-07,2.90140473280501e-05,0.00571300704891648,1.51653334140517e-09,0.993907333650271,0.000350481645652093,6
"20256",1.98073965972429e-07,4.88249388149126e-06,0.000350149000992426,0.209680066720755,1.96468878418017e-09,0.000144797980699247,0.789819903765017,7
"20262",1.38081600023974e-06,0.423776516029352,6.04672383217605e-05,4.34976235161104e-07,0.574959856889407,2.8683331869525e-06,0.00119847571749728,5
"20270",0.00312108584669625,0.0124247891960808,0.000823530046850341,0.534992217839392,0.00491914315531732,1.41373050025081e-05,0.443705096610661,4
"20284",1.55827198391274e-07,0.363201022103774,0.0527352593901445,0.00051716159974404,1.11468652299285e-05,0.568505047694004,0.0150302065199052,6
"20287",9.70990177875878e-09,6.27298382688374e-09,0.000423871958051504,0.996322139466366,7.58965251544978e-11,5.84887849211557e-06,0.00324812363830784,4
"20290",7.40276386392548e-11,0.00069070143311812,0.00200459455863322,0.000359884926076902,9.01697732496178e-06,0.996512203497952,0.000423598532867397,6
"20293",7.44281416324044e-08,0.00185941178753263,0.000115926578920755,0.00282025503791865,7.7407443110692e-07,0.000315994413121918,0.994887563679933,7
"20296",0.0157781304528362,0.237970160198383,0.000622511334425981,0.000101991867408439,0.697421744587214,5.43652149941797e-08,0.0481054071945169,5
"20301",1.19783832824008e-09,2.79588183765613e-09,4.69087928666949e-05,0.999514317576227,5.7278008729655e-07,6.7811923134044e-06,0.000431415664785628,4
"20304",2.11609425722105e-11,2.2896159027308e-06,2.6570161287884e-06,0.000804538328311116,2.65856868238479e-08,0.997163883490626,0.00202660494218312,6
"20306",9.46481424321982e-09,1.63235955037214e-06,0.000225633985621857,0.905488894890353,3.77591877257417e-10,0.00093286849496622,0.093350960427103,4
"20309",5.29950651171966e-07,0.0868200810767776,0.120268320178816,0.0160841456754676,6.1622399884514e-05,0.00257847402816677,0.774186826690236,7
"20311",7.17848080332237e-07,0.00103870009610312,0.000698607302089088,0.140325229044047,0.000242260753309014,0.000514965011734826,0.857179519944636,7
"20314",2.78409913652036e-07,0.957823236728596,0.0009188709521332,1.58131034216639e-05,0.0168171034642192,5.42269844043352e-05,0.0243704703573119,2
"20318",5.03464027682031e-06,6.69665406706306e-05,5.18887656771856e-08,1.5307097803796e-06,0.99992126247084,2.95269961409133e-08,5.12422267041516e-06,5
"20320",8.21303691595728e-06,0.419869798991926,0.575248388919469,5.51295977237133e-05,0.00116832723072246,0.00226904744411409,0.00138109477912894,3
"20326",7.06340511935189e-07,0.925124744364737,0.000402859934642076,2.25774932782598e-05,0.0401622320877283,0.000137761526622125,0.0341491182524798,2
"20328",3.79526153616287e-06,0.774355528838073,0.219045777542002,1.99175712829509e-05,6.81559625581865e-06,0.00242536629844163,0.00414279889240825,2
"20330",3.73098335573452e-07,6.41737894539902e-05,0.870951197989217,0.100562898252118,3.95258199767824e-07,0.00242906745418148,0.0259918941584938,3
"20336",2.08417335035062e-09,0.00555114127375605,0.00112286805788761,0.000266620850625801,1.64239192981645e-07,0.973945946841877,0.0191132566524872,6
"20338",1.18468529836169e-09,0.000227835027869871,0.00166208797965449,0.00141423252222755,5.05856560771903e-05,0.982155357938865,0.014489899690621,6
"20340",2.07201152017767e-08,2.33621044944885e-07,9.57918150618566e-05,0.907207307247754,8.32311207942953e-09,0.00014526217872574,0.0925513760941865,4
"20342",2.76228011180089e-05,5.38672556946289e-05,0.0187277145677981,0.00127774544078225,0.000208223112048997,0.979686249209241,1.85776133172679e-05,6
"20344",1.70656177190464e-07,0.000468635086862723,0.000336052850464963,0.251772247556329,1.83960186216696e-07,0.000478379848547253,0.746944330041433,7
"20349",1.00029642264719e-07,4.9612024350981e-06,5.89793875429715e-05,0.58091596792112,1.64282957080976e-09,0.000101054897789457,0.41891893491864,4
"20351",1.29312699837138e-07,0.0033058417817384,0.00166272223442067,0.0075903877694065,8.6558423114037e-05,0.00329098604807477,0.984063374430546,7
"20353",5.25401925315163e-09,3.8168693915298e-05,0.691343352832887,0.24735884789281,1.75490424708631e-08,0.0181049140172012,0.043154693760124,3
"20357",3.88238865082466e-11,1.07502136259269e-06,0.00149343172722297,0.000902886916012745,7.87310734438532e-11,0.997543471062478,5.91351553686029e-05,6
"20360",0.000214245664701723,2.61984071159426e-05,0.713967401720046,0.0086939766026276,4.54345353395712e-07,0.276555368140173,0.000542355119982577,3
"20364",1.4567815106395e-08,0.011975027512602,0.331039555339527,0.12080186126923,6.65713495362352e-06,0.00221662176159057,0.533960262414281,7
"20366",1.56150111156163e-09,0.0014491682896048,0.000216571793776258,2.23572059756623e-05,2.58009610098442e-06,0.996798920571226,0.00151040048181465,6
"20381",0.985089673397944,0.0027965357529303,4.64237927451551e-06,1.17642920086799e-08,0.0121039068397761,8.93136077237541e-08,5.14055217506538e-06,1
"20391",0.190483265495664,0.00939978973745957,0.633569970586305,0.0235268948572041,1.23211610625477e-08,0.0128809540404274,0.130139112961779,3
"20394",0.00165200567801942,0.970514090466448,0.0257259954920025,7.59860347643825e-07,0.000600707211484491,2.14947783133466e-06,0.00150429181386626,2
"20396",0.69462742167558,0.297677106611812,7.81893041235343e-05,2.7719542075197e-09,0.00760794369044442,1.09872820035762e-08,9.32495880363499e-06,1
"20409",2.30659418464613e-06,0.0741032188423222,0.000107281768059617,0.0195724074140652,0.0974211548984142,0.000473839317325262,0.808319791165629,7
"20411",5.0717361522597e-09,4.83275181327425e-05,0.0312431448853427,0.346493796688635,1.14601875825324e-09,0.129760609175525,0.49245411551461,7
"20416",6.65630683280099e-11,3.02436500841347e-09,0.000114579077644484,0.244457627858871,1.08676390642285e-11,0.754702796554371,0.000724993407318591,6
"20418",0.743577281532181,0.216819945701982,9.04811708153215e-06,2.31245521440295e-09,0.0395847908729211,5.47390008053292e-09,8.92598947928047e-06,1
"20420",1.7570942874886e-07,0.00767587702486715,0.000292440941391606,2.81562018315356e-07,5.39496152800831e-05,0.99193311934331,4.41558037040745e-05,6
"20422",1.49533319526519e-08,7.28293950852633e-05,0.0252589693829528,0.913129669581389,2.41737837056101e-05,0.000100211473684209,0.0614141314298514,4
"20424",2.24072760064181e-09,3.20884751193185e-05,0.101230942402973,0.481548260334674,4.16364078244798e-09,0.0415178218722919,0.375670880510573,4
"20426",1.11098999924124e-10,3.0646125870513e-06,1.42369476801116e-05,3.2718519739865e-06,5.71645005855748e-05,0.999921968824014,2.93152059924916e-07,6
"20428",0.000770060877316115,0.00495805780480954,0.0616882189729915,0.0130229597179927,2.60471630969944e-06,3.66541142222885e-06,0.919554432499158,7
"20431",8.6721198889677e-07,0.580717236103612,0.293394862653471,0.00289953019206366,0.0923183415604802,0.00535946690684813,0.0253096953715358,2
"20433",4.51014118572543e-05,7.66824785145683e-08,0.000213502569809982,0.987884872609835,1.77032529539753e-09,1.25523134176895e-06,0.0118551897243518,4
"20436",0.996682982951936,8.11033136401884e-06,3.0896431834621e-05,0.00094812154580297,3.47941242867877e-06,3.39741062738092e-08,0.00232637535252792,1
"20439",0.215955741209085,0.641923692483229,4.63385423200251e-05,1.03331565377618e-08,0.142031442363066,1.75351382816639e-08,4.27575340044935e-05,2
"20441",9.9664697709971e-11,1.10178472436443e-05,0.0066820364808418,0.000174430602909269,6.28324997663228e-08,0.992907454887195,0.000224997249645764,6
"20444",1.27437644010819e-06,0.000135884886509529,3.6422410373657e-08,1.68626768041962e-09,0.999862620709273,4.07456529937176e-09,1.77844533826129e-07,5
"20448",0.000137339331447838,0.803599192173275,8.87338457514628e-05,0.000196281166884881,0.136119314414118,0.00144793284760188,0.0584112062209219,2
"20536",0.812753210149134,0.178781909996449,0.0067349106739451,1.03468705442708e-06,5.69738471824267e-06,3.75684295322786e-07,0.00172286142440331,1
"20538",2.00031510170001e-06,0.00897381512156226,0.00013698031532948,0.00300441496805713,3.27050564788347e-07,0.506658612561076,0.481223849668309,6
"20541",1.58800329892645e-11,2.91980798718395e-07,0.00154608361433758,0.951133109072201,1.21357076934232e-09,0.0185852156813629,0.0287352984218489,4
"20544",6.09270785011087e-07,0.140366166144496,0.00104067863459427,0.000757289897195829,0.00107733299822416,0.000314913750430618,0.856443009304274,7
"20546",5.06636646263183e-09,0.000251813401698266,0.0140427171740513,0.373665057475263,5.53136813347808e-09,0.00671469337927983,0.605325707971973,7
"20550",4.71084208929285e-07,0.00162592293154168,0.994521339654555,0.000947501456919119,6.06688383870774e-05,0.000211743200695462,0.00263235283369238,3
"20553",3.82190628593334e-10,6.19861011472447e-10,3.02661899196754e-06,0.497606422657216,1.37960836662815e-07,0.502234578520609,0.000155833240293742,6
"20555",8.35995014740455e-08,0.000420612117258319,0.00153691383304401,3.87077166856542e-07,2.05537363383157e-08,0.998039523309032,2.45951026040047e-06,6
"20557",1.0650468685493e-08,0.0129762846808065,0.957058732410801,0.00171712387677339,0.000229869377327738,0.0175340786946761,0.0104839003091462,3
"20559",2.22874060463259e-09,6.16664983526159e-05,0.00033679619818907,0.286521101914127,1.12193302054527e-06,3.55993198786801e-05,0.713043711907691,7
"20561",3.1231673746255e-06,0.697348412516257,0.000495147075890937,4.22007659960701e-06,0.280314848827612,4.60507783608128e-05,0.0217881975579054,2
"20564",2.73119565803615e-07,1.46578506413e-05,2.08004399009034e-08,7.72575731221104e-09,0.999984898665755,1.1151117898671e-08,1.30686723275858e-07,5
"20566",2.88300621419511e-05,0.0238236924069008,0.155356071441998,0.0590500082143179,4.83466692472438e-05,3.15453485708938e-06,0.761689896670537,7
"20569",0.000214706817251828,0.935658031430323,4.1134235369438e-05,3.78978675202404e-08,0.0639558554501181,1.17983244177751e-07,0.000130116185825742,2
"20572",0.000496054083472244,0.100961250804018,2.54807970898381e-06,5.08294457810738e-08,0.89848350860647,1.64391344196672e-08,5.65711577506056e-05,5
"20574",3.41535039686824e-10,4.16395851336005e-05,0.00233643130600351,0.656746958050269,2.47669060745276e-06,0.00151432511689001,0.339358168909562,4
"20576",2.07190141220816e-07,0.000108431652872243,9.8810051385761e-08,2.55406344906365e-08,0.999888508588965,3.97764176843243e-08,2.68844091840057e-06,5
"20578",1.74441446373377e-07,0.0151511901944584,0.00686633800773308,0.00477544850602881,0.00101391248308188,0.000121738921924911,0.972071197445327,7
"20580",4.48994158284657e-06,0.030623006604224,0.00123363271868519,0.0142186323547068,1.52015272317695e-05,1.66695073107592e-05,0.953888367346259,7
"20583",2.01483768535687e-07,5.31543517557272e-05,6.00667183992647e-08,2.23148171071553e-08,0.999945034253017,2.8618450018727e-08,1.49891147315986e-06,5
"20586",2.03077923780287e-07,0.0124629579271938,0.00109496662395456,0.0157495253662407,5.35584569324458e-07,0.000632288683073868,0.970059522737044,7
"20589",9.02068085665e-08,2.95290586616472e-06,0.00677301633430895,0.663371986598946,4.24143371922141e-10,8.7929810314501e-05,0.329764023719612,4
"20591",9.40519810868366e-06,0.103599478057206,0.802532407883822,3.48193392770392e-05,1.93192335059087e-06,0.0888128619937122,0.0050090956045238,3
"20593",8.52712525106881e-10,1.4928241649731e-09,5.19426345486466e-05,0.996292306727969,1.36476001009557e-09,2.46179733910952e-06,0.00365328512984636,4
"20595",1.17085138291502e-08,0.000415212476869275,0.000113041107029137,0.0370365423153089,1.39513283569573e-05,9.35924470036386e-05,0.962327648616918,7
"20597",0.999232484666737,0.000764389737309292,9.02540750097437e-07,6.52310174682021e-10,1.81943851862157e-06,5.40097901866471e-10,4.02424277426326e-07,1
"20599",4.98943780982739e-07,2.51313312158849e-05,1.29107192025399e-08,9.00256583972596e-09,0.999974137797741,5.81137015477804e-09,2.04202607593642e-07,5
"20601",2.48838573068391e-06,0.971649543903413,0.0245162272183692,1.42494668965228e-06,0.000151776456208787,4.00248211574891e-05,0.00363851426843151,2
"20604",8.93277596386373e-10,9.14641907310817e-07,3.17017244047989e-05,0.89329400253853,4.47221593189968e-07,1.81087792798771e-05,0.106654824201007,4
"20606",1.18724533038191e-09,5.73095907174064e-07,0.000466625585936406,0.932702846987587,7.24672654480285e-09,1.75461475021164e-05,0.0668123997490954,4
"20608",1.39226318566763e-06,0.000100558158199962,0.0425978988695328,0.506243559511486,1.85612501921753e-07,4.90007293040074e-06,0.451051505512163,4
"20610",3.32965660457158e-07,0.000770931795689906,5.37082475869825e-06,2.13758764355322e-07,0.999211320458774,2.31756946691917e-07,1.15984394058006e-05,5
"20612",0.726987486674824,0.000439532944876754,0.000209950143868145,0.104935001658197,0.000745506539099411,0.0990333971390305,0.0676491249001046,1
"20614",3.21955423962943e-07,0.00769578504952292,8.57807921514611e-06,1.30542118681509e-08,0.992292041905065,1.93430811603715e-07,3.06652574939628e-06,5
"20616",2.73195734919379e-05,0.959474204753972,0.00120787697939524,6.64948706407681e-05,0.000312498431392707,0.000102688089042798,0.0388089173020645,2
"20618",3.62867423528153e-10,0.000205610482767149,0.000747746558243306,1.41244558217382e-05,5.59945993593811e-06,0.998936691168857,9.02275115072754e-05,6
