"","V1","V2","V3","V4","V5","V6","best$classification"
"19811",3.27068870829009e-12,1.12364757494322e-08,0.0344848468677132,0.879872046500833,0.0856348687928212,8.22659888607268e-06,4
"19813",7.62753677280684e-22,1.87777599989136e-09,0.999999983167269,2.34775675167567e-15,1.49549530041255e-08,3.49244036819877e-28,3
"19815",9.25902273657039e-05,0.000780294209948165,0.000355750937441514,0.0140628431293815,0.984708521495863,7.44980021247424e-16,5
"19817",2.34484360866155e-09,1.09005425606654e-06,9.60850633102479e-05,0.964019091559408,0.0358825442407531,1.1867374292481e-06,4
"19819",0.573070990901849,0.426877274390029,4.98161706367584e-05,2.63047945208718e-50,1.91853748517606e-06,4.45135636081156e-36,1
"19821",1.16051972239967e-07,1.58861857413655e-08,0.626864740523359,0.00221075051936326,0.370724280184431,0.000200096834689181,3
"19823",9.99204086974453e-09,0.997588434308953,1.1347843049525e-07,5.1749823906585e-06,0.00240626723818472,9.65043947441329e-21,2
"19825",9.16863290114636e-13,3.90500813654627e-13,0.999999999998646,7.22813961881336e-47,4.60980347612343e-14,1.56659521760507e-18,3
"19827",3.16222755254561e-05,0.000130450472916689,0.00165897874218714,0.347902357797298,0.0121670186203745,0.638109572091698,6
"19829",0.165816774810009,4.28161408610175e-06,0.442997028279718,6.68191772247139e-29,0.391181913831411,1.4647754721501e-09,3
"19831",0.609187215250578,0.389334638101806,0.00147717453564264,8.43897273642608e-45,9.72111973865113e-07,7.8658804536236e-47,1
"19833",4.13382811872515e-31,0.999999173373347,8.26626652716015e-07,5.75578009968929e-83,6.22475017013701e-23,1.60059359417553e-59,2
"19835",1.16051972239967e-07,1.58861857413655e-08,0.626864740523359,0.00221075051936326,0.370724280184431,0.000200096834689181,3
"19837",2.26322033714151e-05,2.09399276323003e-07,0.000560810403133876,0.818211747783973,0.0312386322592681,0.149965967950977,4
"19839",0.00808505716198099,1.53459941258713e-08,0.991047970263197,2.14074101141486e-28,0.000866952689064627,4.53976354301975e-09,3
"19841",3.56418278024988e-16,2.25189571882013e-09,0.970449666371552,2.00046946572906e-38,8.78739878789704e-16,0.0295503313765506,3
"19843",0.00104016047943082,1.17266563640099e-09,0.998959668578471,4.41344906188253e-56,1.69769431927562e-07,7.8761598778234e-54,3
"19845",4.06386124718322e-20,3.77574658789272e-08,0.996619661779836,0.000371028965531206,0.00300927149716649,1.38359787496201e-22,3
"19847",4.80272004291132e-07,4.32393416825497e-08,0.136559106106827,0.00045625392812445,0.862984116453703,8.49169300798005e-21,5
"19849",1.24942794927002e-24,3.09655200695677e-09,0.999999992176422,9.087370430383e-11,4.636152018088e-09,5.01786826279185e-25,3
"19851",4.15621359456159e-11,2.23419955838718e-06,2.18362468061359e-05,0.992804788474461,0.00717112390051509,1.71370970175939e-08,4
"19853",2.79792910833705e-25,0.431871198931968,0.000848732681262711,0.566853613867467,0.00042645451930045,1.36181888885772e-15,4
"19855",2.20502547320847e-18,0.000112988770067661,0.000229997789787624,0.990620053378729,0.00903491289367297,2.04716774262876e-06,4
"19857",1.95810489055426e-06,8.87147079220539e-10,0.197838254116033,0.00837044131111169,0.793770910062934,1.84355178840376e-05,5
"19859",1.629185049092e-06,4.39271939673589e-05,0.00688529126931512,0.301815954603091,0.691179557479575,7.36402690025666e-05,5
"19861",7.33518760313584e-15,5.31945719391121e-08,0.00392190422702976,0.987662020232788,0.00841602234273858,2.86428132166603e-12,4
"19863",4.19607008546587e-33,1.30454533702541e-11,0.999999990332954,8.04830342337877e-25,2.90038158747422e-17,9.65400115813173e-09,3
"19865",3.37114978579479e-14,7.02981363497699e-11,0.00160966490929928,1.33828881798905e-07,2.03291218166692e-07,0.998389997900269,6
"19867",8.1146556471093e-09,1.51706611723131e-07,0.0288668011842178,0.0495970882450438,0.921535950749471,8.18034729648759e-22,5
"19869",3.57515112872199e-25,5.69577181779263e-09,0.999952342588941,4.58132896761236e-05,1.83636001054887e-06,2.06560094253481e-09,3
"19871",4.60013371531878e-05,2.87564490618066e-05,0.000884508691450443,0.653492345676513,0.33605862596406,0.0094897618817619,4
"19874",6.30341655156436e-13,1.68988487249912e-06,0.00378682268519878,0.994332774767884,0.00135564683168113,0.000523065829733732,4
"19876",3.0989286854377e-16,2.3332766879409e-09,8.37508217599631e-05,0.99981255708305,7.70409556249342e-05,2.66488062878125e-05,4
"19878",7.24405424599357e-06,2.16705237704244e-08,0.543285625443263,1.26323928990893e-32,0.456707108831967,7.21893250674004e-26,3
"19880",5.66464096329324e-21,6.21450702382561e-10,0.000373881311348806,1.66377749715134e-09,1.44561103966681e-10,0.999626116258862,6
"19882",3.1777037382503e-19,2.09579384864312e-07,0.982072209885993,0.000226651959622401,0.0177009285747746,2.25217810363113e-13,3
"19885",0.000789851164751072,4.5802051571873e-08,0.00332867669594305,0.552728368395338,0.44315048357027,2.57437164611582e-06,4
"19907",1.6983389581797e-13,9.70257833475672e-08,0.232765507208933,0.00870990013444322,0.75852449563067,1.76340640890713e-18,5
"19909",0.94658109047603,2.54429570962304e-07,0.00489672354350934,3.54400037322629e-19,0.0485219315508898,2.93413137631599e-22,1
"19911",0.830387177808885,2.86726780369645e-06,0.165747691237232,9.43526409316542e-20,0.00386225727801512,6.40806420035872e-09,1
"19913",8.15656667239579e-20,6.00257313513099e-09,0.000428161013571498,2.70918164136672e-19,5.66999349267981e-16,0.999571832983855,6
"19915",3.03189439674716e-12,6.67557717929787e-07,0.000113918936223437,0.00483473937336537,0.000458316820431611,0.99459235730923,6
"19917",1.48784215392462e-08,3.00971836044741e-07,0.01486895452374,5.70325720953447e-07,9.37782934271341e-05,0.985036381006854,6
"19919",1.09183343815761e-07,6.45509383417959e-06,0.00154226189190614,0.699536024678734,0.0661741051394542,0.232741044012728,4
"19921",3.32127687042091e-09,1.96940626334811e-07,0.000311706355236498,0.945859180956279,0.0538289124220971,4.48465676756812e-12,4
"19923",4.33219463083499e-07,8.234120391737e-05,0.0785676351514031,4.45491732892871e-14,0.921349590425172,5.06270801292219e-29,5
"19925",1.42520430559577e-11,8.14967632629078e-08,0.00123926181472843,0.000124882582326665,0.000107011933904144,0.998528762158025,6
"19927",1.54123249116635e-08,6.30658038085884e-05,0.000106174307616685,0.616738746490924,0.383091997934554,5.07719177011437e-11,4
"19929",3.35432101229843e-29,2.21976713577541e-11,0.994900577198923,1.5125022606225e-15,3.2575415369983e-18,0.00509942277887755,3
"19931",0.000619105527078864,4.03356070585082e-05,0.00145711853924318,0.000927196672445555,0.996956243650505,3.66945702611735e-12,5
"19933",0.877333168107329,1.16355685922568e-05,0.000961057590819803,1.32317384842707e-09,0.12169413732294,8.71459883479082e-11,1
"19935",0.0504428991266053,7.05545541431069e-11,0.288978456471727,8.81579478892255e-08,0.660578556123686,4.94790881768007e-11,5
"19937",3.46727348489115e-07,0.000252986228485458,6.48684668022282e-05,0.718076122171081,0.281605676406215,6.7939485127618e-14,4
"19939",1.31714320706605e-09,1.21984567360084e-05,0.0111692595383476,0.000812667042667333,0.98800587148632,2.15878550565282e-09,5
"19941",0.34775422398185,6.4533981688108e-08,0.652240090676535,2.51608608009212e-25,5.60512245307742e-06,1.56851800337748e-08,3
"19943",3.16264503822913e-16,4.45539542735771e-07,0.00140870255870284,1.23491078411999e-06,2.52664835682421e-08,0.998589591724486,6
"19945",0.897030495816719,1.18107159695235e-05,0.00384713330652823,1.1460884023342e-11,0.0991105601486662,6.56182162420345e-13,1
"19947",3.52282787295737e-11,3.66093775280407e-07,0.999995601348351,1.98159529215602e-25,4.01809052937582e-06,1.44321160023385e-08,3
"19949",0.00332381960251159,1.0435016210685e-05,0.0617476944757339,9.33186797881575e-14,0.93491805090545,1.28721013830377e-26,5
"19951",9.20355548724667e-07,3.78221557034182e-06,0.38073409338938,4.62523643744048e-09,0.279895370593976,0.339365828820289,3
"19953",0.0057487482383345,0.994189121884981,6.1676598202643e-05,1.36181091933021e-38,4.53278482179047e-07,1.37533519329503e-50,2
"19955",0.0229199680426308,0.00434698578974238,0.789577976332608,2.79284890378784e-31,0.183155069835019,4.38882976596111e-36,3
"19957",4.98605675744685e-08,0.803920593529753,0.158756706769098,2.61816835397461e-06,0.0358546383116788,0.00146539336054889,2
"19960",0.00186398388419882,3.8895840194845e-09,0.962537327491966,1.1750938822922e-32,0.0355986847342513,1.12215117143517e-18,3
"19963",1.16123865508413e-18,0.999838493002696,0.0001615069973039,8.30713891613349e-45,4.58056169335421e-23,1.31143476610995e-19,2
"19965",0.019289817938521,4.41689454719615e-05,0.520205674664386,5.87155469035174e-48,0.460460338451621,4.9449023251726e-41,3
"19968",6.79673762055753e-10,4.30706084804793e-18,0.999095497026626,9.95975077855852e-16,2.38737356640284e-07,0.000904263556342999,3
"19971",3.40771558289365e-16,0.768479040906989,0.231520929836779,2.45633379209579e-58,1.11016230432051e-14,2.9256220181077e-08,2
"19973",3.25150496759755e-08,2.93098712818713e-09,0.000205154939301725,0.985978535269625,0.0126470768845556,0.00116919746048118,4
"19975",6.18027448589339e-10,3.57284695436274e-11,0.0448775716961677,5.28145540003929e-08,0.00026561734095749,0.954856757494565,6
"19977",5.13559093995953e-21,4.53913630016768e-06,0.999995460789716,3.50051843900748e-42,1.72802799963111e-11,5.6703449052667e-11,3
"19979",0.986050126408367,1.01038923000489e-05,0.0139066354481082,1.84831682765447e-56,3.31342512242465e-05,6.86484006969933e-28,1
"19981",0.00109463361847436,2.47106866457549e-06,0.00168089530411364,9.19715362124747e-06,0.997212802850878,4.24829388446928e-12,5
"19983",3.92851594868394e-07,2.18248304970167e-07,0.0134549534706813,6.98516637819716e-05,0.986474583765636,1.00019420241603e-15,5
"19985",6.08991980365785e-15,2.36856652685589e-08,0.0031432276612709,0.694049396286305,0.00048818680275776,0.302319165563995,4
"19987",0.0986175217308751,4.13946180629572e-07,0.167937942378152,0.0103201224556545,0.706743454961943,0.0163805445271946,5
"19989",0.99251152385379,0.000193603475380768,0.00725010332325319,1.82787441019026e-44,4.47693475763432e-05,3.94079090775451e-44,1
"19993",0.00479535016838926,4.94945892579715e-07,0.0298186071717314,3.93649144803209e-17,0.965385326502068,2.21211919203157e-07,5
"19995",0.577872779189475,6.87932846850371e-08,0.218277223141173,7.04434548503851e-15,0.203849919980415,8.89564635662061e-09,1
"19997",1.17729016590804e-08,4.78338788775246e-07,0.000441220393306942,0.950034254655571,0.0495152048893188,8.82995011287798e-06,4
"19999",5.46587198216939e-16,1.37527030331227e-08,0.0013682953457527,0.000507498424957752,0.00029648207264271,0.997827710403943,6
"20002",1.58694088876733e-20,1.06894814922101e-11,0.999999999989309,7.04103909688982e-38,3.94196595429373e-23,1.60408773010485e-15,3
"20004",0.822690329825594,3.08496921106085e-10,0.176373382479206,1.87497038338447e-14,0.000936287384696285,1.98767960677244e-12,1
"20006",5.37176030734585e-08,4.10150108907324e-07,0.987741830044182,2.11284377142335e-33,0.0122577060881055,7.02363388050072e-24,3
"20008",0.000434835800507988,6.59456619486601e-06,0.997764894583223,3.20893224648741e-37,0.00179367505007435,2.42513490458175e-25,3
"20010",0.569461753508204,0.000121596857718399,0.044218270178121,2.79514104227848e-16,0.386198379455956,6.28631964096644e-21,1
"20012",4.24211557993717e-18,1.03506581174267e-08,0.93944174317083,1.99030721150647e-14,0.000438859088358235,0.0601193873901341,3
"20015",0.983448267297996,1.1493887212826e-12,0.0159510831036135,3.28463537673719e-49,0.000600649597240747,2.05971490849634e-35,1
"20017",5.25005492066482e-14,2.85423084721359e-09,0.000561379530906187,0.996925142607014,0.00236652012433155,0.000146954883464361,4
"20019",0.961103074773951,7.68394399373964e-06,0.0388856004903078,8.90393555499271e-73,3.64079174719702e-06,7.55499071495832e-48,1
"20022",0.640694511018291,4.56571978842355e-06,0.0152874833927572,2.07360342191323e-16,0.344013439869163,3.51399105926092e-19,1
"20024",0.000469759958724347,0.278335212396652,0.721195027520924,1.67220216964768e-66,1.23699447020724e-10,2.61094885791081e-69,3
"20026",0.000469759958724347,0.278335212396652,0.721195027520924,1.67220216964768e-66,1.23699447020724e-10,2.61094885791081e-69,3
"20028",3.27770817080552e-12,1.826101698905e-07,0.000224771574245071,0.991061308831522,0.00109386254165493,0.00761987443913018,4
"20030",0.876282814854339,7.0810091065508e-12,0.123715083721348,1.67203570324632e-37,2.10141723231164e-06,1.6515625118837e-20,1
"20033",2.51771901279282e-06,1.79155901162925e-05,0.00320213104727864,0.000182255742220128,0.145021880255842,0.85157329964553,6
"20035",0.940790438598988,2.92859195748277e-05,0.0591591061260364,1.55321134027433e-72,2.11693554007665e-05,1.59633922860072e-51,1
"20037",0.968647314142644,7.50876219828981e-06,0.0307808642425586,8.34321212541015e-67,0.000564312852599109,5.48616471716104e-54,1
"20039",2.31585135502264e-12,0.999999980824953,1.91727310482018e-08,4.28238155486381e-84,4.61131094756144e-16,1.57509433699298e-98,2
"20041",1.07819408117659e-08,0.000537832280464144,0.0187729291071145,3.88802064134483e-18,0.980689227830481,5.40980496277038e-20,5
"20044",6.20245710012357e-09,0.0224559323791914,0.130534016019608,3.59488953192852e-23,0.847010045398743,7.55380330475034e-17,5
"20047",0.944100139744719,0.00516307807455011,0.0507367539806986,2.02865900459829e-81,2.82000322698922e-08,9.08759745163963e-42,1
"20050",0.122526229135697,0.661413325335797,0.0220927492154857,6.10652663246209e-29,0.19396769631302,9.80279873959301e-22,2
"20052",0.0269993900717229,0.000923031925082651,0.0120321509267048,0.00835094255081307,0.864179688264544,0.0875147962611323,5
"20054",0.86989123165608,3.7163127082134e-11,0.0516212611024443,7.31711573507879e-28,0.0784875072043121,4.45571381329573e-20,1
"20056",1.59625802054239e-07,1.16562442140694e-07,0.305158831662469,3.96066885097254e-16,1.34535982474604e-08,0.694840878695688,6
"20058",0.984023109173767,3.98632962565202e-06,0.0158814788082896,3.1467032640369e-44,9.14256883179116e-05,1.96551660528926e-50,1
"20060",5.15410765796246e-06,6.99867285833153e-08,0.0173112281188688,0.218052795744668,0.764630732778866,1.92632111933065e-08,5
"20062",0.000245125955305561,4.90666095096888e-07,0.0138814682583214,0.000505840074024464,0.985367045354121,2.96921326323302e-08,5
"20064",0.903729956791229,8.57249962298988e-08,0.00469176431265154,1.54045949292818e-12,0.0915781513394939,4.18300887997406e-08,1
"20066",0.888125722474887,5.78790536598619e-09,0.111873904465772,4.02696701629531e-61,3.67271436056935e-07,1.19808722582991e-30,1
"20068",1.22550795142534e-11,2.11438026306061e-08,0.00654876494569777,0.696754875568839,0.296696338293478,3.59276872357568e-11,4
"20070",2.2337829132016e-08,0.00377076885750665,0.000905579154656354,0.00143695854559005,0.993886671104418,1.21756838500694e-18,5
"20072",0.032455507900718,3.88771227291803e-07,0.91747325898588,1.38701069295638e-43,0.0500708443421745,1.33381651593141e-46,3
"20074",3.21320036476339e-28,1.09887643333305e-10,0.0162569575412401,3.24531864262316e-18,6.99952151576085e-17,0.983743042348872,6
"20076",1.37136367988453e-08,5.46304054363706e-12,0.993337448372885,2.85012274366405e-11,0.000178664022891988,0.00648387385662196,3
"20078",0.963653291589651,2.23049328049901e-05,0.00450083379980697,9.09423839817136e-18,0.0318235696776808,5.60962166505176e-14,1
"20080",0.98920053664315,2.51045888255033e-05,0.0101204190933069,1.83859991603673e-56,0.000653939674717557,8.15327827470447e-35,1
"20082",0.000168850373256786,0.999831145003664,4.49037130117915e-09,1.38634568149943e-52,1.32708304378824e-10,4.00977197400816e-53,2
"20084",0.974064289539281,0.000711223487468456,0.0246449339700925,1.02429140511859e-21,0.000579506196987723,4.68061703113145e-08,1
"20087",0.821362509097571,5.05323522087283e-07,0.0501728631404693,9.19846682602695e-21,0.128464122438438,1.89292445089333e-27,1
"20090",0.979782831077966,0.000413453186011713,0.0115825770459833,3.29907584111353e-56,0.00822113869003914,1.58733846234054e-35,1
"20092",4.47710626481227e-09,0.999673229799841,1.38083651071723e-05,1.37854790669938e-30,0.000312957357946055,1.55220099592971e-62,2
"20096",1.58136717557435e-05,0.992644476357554,0.000470572358051353,2.09953841438352e-13,0.00686913761242942,1.64264197733726e-18,2
"20098",9.32136832295181e-08,6.60835959200452e-05,0.00120509690241698,0.0257007110826647,0.150978430954161,0.822049584251154,6
"20101",0.918514604750506,0.000642061200248796,0.0629356742860262,5.9460271010437e-44,0.0179076597632086,1.03254145781502e-14,1
"20104",2.39195991399231e-25,0.999999803602003,1.93481386445432e-07,1.58112609665589e-20,2.91661081034106e-09,2.95191163097733e-44,2
"20106",0.875642912491418,7.40680770647818e-09,0.0137318022139749,3.43803937376509e-30,0.1106252778877,9.94285036158236e-14,1
"20108",0.000203475186869536,2.91069413487865e-07,0.00634299101091412,0.696617908077409,0.296678799681262,0.000156534974131076,4
"20110",3.52798300824487e-06,0.865794553549954,0.0732583274149173,5.62848028074917e-11,0.0609431261816976,4.64814137475968e-07,2
"20112",0.362162710353728,0.00116529961715011,0.0135760073387999,1.8777256979198e-29,0.623095982690322,2.44264752940738e-19,5
"20114",0.9793613986239,4.40664712988286e-05,0.0196466538699002,1.98473436512651e-15,0.000942945684549774,4.93535034931337e-06,1
"20116",0.808208170980293,2.31877712007326e-09,0.149239049979486,5.0948610977881e-21,0.0425508065982088,1.97012323452902e-06,1
"20118",0.175046203552694,0.00010007717719641,0.00196221028540577,0.00154149796751456,0.807506357692464,0.0138436533247256,5
"20120",0.707270873279192,0.0022761061309068,0.166225933187856,1.51323024705325e-28,0.124227087401973,7.23285499680066e-14,1
"20122",6.65824661880498e-14,3.22953701885196e-10,0.00227164213550733,1.75072558825215e-09,2.75007680019044e-08,0.997728328289979,6
"20124",0.91344883502234,0.00850099325779915,0.0583083129029649,1.35991606764473e-48,0.0197418588168962,6.1493439800099e-44,1
"20126",3.64155571157548e-11,0.999999907222482,9.27410917764624e-08,1.75529900447316e-74,1.10092423539055e-14,1.51835199420358e-67,2
"20128",0.000217031488951655,0.999619582094565,0.000163386416466848,1.10167305884188e-110,1.68170466851717e-14,2.15358293390245e-78,2
"20141",1.85038826051002e-16,0.999991238014716,7.34526485149572e-08,1.26106407706713e-12,8.68853137402562e-06,2.30434731505083e-23,2
"20143",2.97546936952006e-23,3.38227383949636e-07,0.998484939806218,1.27227924590965e-33,8.81274478380669e-15,0.00151472196638972,3
"20145",0.902117536388348,4.046997990235e-05,0.00427595960651903,2.23272786978541e-17,0.0935660340252297,7.82126344897109e-16,1
"20147",0.701382846552799,2.61457695680228e-06,0.00434081214216131,9.78663662578448e-21,0.294273726728071,1.21715397407171e-14,1
"20149",2.48137323180325e-16,6.86596771492638e-07,0.00782837392399095,2.44881809863154e-06,2.30458117763229e-08,0.992168467615327,6
"20151",3.71423412158763e-06,3.1108541529079e-07,0.00200388842893619,0.283126314777099,0.087798517874663,0.627067253599765,6
"20153",4.59917941911015e-06,0.185425410976174,0.0161473238619614,1.89380026939907e-09,0.0147106275619731,0.783712036526672,6
"20155",0.140209850025456,1.49482118402482e-07,0.0121279950725438,1.08736582553879e-34,0.847662005419882,8.94686471806047e-25,5
"20157",3.0030981217879e-08,1.00353944393367e-06,0.0283188605428525,0.0122482860152283,0.0071302048795537,0.95230161499194,6
"20160",6.51422191598635e-21,1.35030297371662e-09,0.000206871291050296,6.70386712095677e-17,3.46412539542267e-15,0.999793127358643,6
"20162",1.04886297241615e-18,2.85644368032693e-09,0.000313009028841032,1.62434979357932e-05,7.49929949496723e-09,0.99967073711748,6
"20164",1.76106750002686e-09,6.73452199673732e-05,0.183252373440739,5.73034962708226e-10,0.000763541119797306,0.815916737885394,6
"20166",0.00861116077599105,4.70092430927482e-12,0.991388833924775,3.71350584045099e-53,5.29453279537245e-09,5.9483736109947e-20,3
"20168",3.02081122105922e-15,2.12981933861579e-14,0.999999999999976,3.33594870352425e-44,4.87433101485311e-18,9.67371300887306e-26,3
"20170",5.10596408483326e-09,2.45934735789473e-05,0.000154986844442095,0.000182409988083587,0.000729958400998609,0.998908046186933,6
"20172",0.8543440693125,3.80062052836604e-05,0.00261040897027286,9.92624880352199e-20,0.143007515511943,9.80869508501465e-29,1
"20174",1.99535847597534e-19,8.37257807969894e-10,0.0202000276712774,0.978476276502214,6.42807889310393e-05,0.00125941420032002,4
"20176",2.35712971075938e-15,1.32813096645251e-09,0.999999987429066,8.36388032062965e-34,1.12428005874976e-08,3.42716310405934e-26,3
"20178",9.44232180792046e-22,4.07510134632899e-09,0.000290204592565778,2.06725206687081e-18,3.8964277256768e-16,0.999709791332332,6
"20181",0.723245665864353,4.38816071693042e-11,0.276746979793688,2.96747514646923e-42,7.35429805831712e-06,1.93780594058227e-14,1
"20183",0.000245337526007127,0.00125745181801444,0.000900562775649895,0.0750873716584848,0.922509276221837,6.38073859154124e-15,5
"20186",1.15526872982322e-05,0.000736082224258079,0.0253635951992075,3.04275370821613e-11,0.973888769858809,9.92570993256444e-42,5
"20188",8.85629617419734e-19,7.18358408311187e-09,0.00153390893380212,3.87200306660353e-15,9.13957678277269e-12,0.99846608387347,6
"20190",0.988546356460719,1.33198092285522e-09,0.0104079372575286,1.5532212398289e-46,0.00104570494977134,1.7865021720787e-28,1
"20193",1.53849895619262e-16,4.4183813807077e-10,0.99999990086582,7.70471742576647e-48,1.44990399957478e-14,9.86923269602591e-08,3
"20195",3.22246053914607e-06,3.67539410722364e-05,0.110841038992137,4.11366809513291e-13,0.125789007010309,0.763329977595532,6
"20197",0.454323116318244,2.7528167307125e-05,0.00680503266557151,1.95239024848627e-24,0.538844322848878,4.04004684771341e-24,5
"20199",9.05725962981386e-15,7.64734963532993e-06,0.000851211800353625,6.7068611421247e-07,1.92506838238576e-05,0.999121219480064,6
"20205",3.70368945208488e-09,0.999999813026456,1.364729295772e-09,1.75583054546312e-47,1.81905125513855e-07,3.25557293998194e-61,2
"20208",3.58626532145284e-06,1.72317673504951e-05,0.00660075414044022,2.0681739808167e-06,0.983497276243833,0.00987908340907362,5
"20210",1.50627862228813e-16,1.9951317241557e-08,0.000147264196556911,1.09451618181927e-06,3.07053631076364e-07,0.999851314282313,6
"20212",1.712511082566e-09,6.5667498765265e-06,0.00607216163627195,1.21626074741134e-06,0.00865310180665411,0.985266951833939,6
"20216",0.859304948915213,3.84047189806369e-09,0.0876628620963673,1.39961920789466e-22,0.0530321851479475,6.45921252837729e-16,1
"20219",0.928326180193299,0.0695975905843143,0.00129353514244617,1.22077858199961e-24,0.000782694079940194,7.24000374001851e-21,1
"20223",0.00150663502639184,6.24653949753067e-07,0.998492502446433,6.40158629123122e-78,2.37873225295523e-07,4.50805203304488e-72,3
"20226",1.10764062122217e-05,3.99087683121169e-06,0.031765423931061,2.70865634619596e-14,0.968219508597122,1.88746009499749e-10,5
"20230",0.987961048016703,1.15753000313223e-06,0.0117651729128569,1.51216383874479e-55,0.000272621540436299,8.59246856518923e-37,1
"20233",3.16145037573883e-23,0.999999999934791,6.51284227599143e-11,6.64094266322407e-27,8.10075742653364e-14,4.60329966913049e-45,2
"20235",0.00167751696139443,0.561951228889311,0.391515886520569,7.3945290773698e-54,0.0448553676287261,2.6913346908827e-60,2
"20239",0.0741066016367426,1.71810468036077e-08,0.813575410981817,1.73507758479431e-23,0.112317970200394,8.35996867016308e-33,3
"20254",0.000344415629881977,0.999655512566422,7.14091043365837e-08,4.02015897121166e-62,3.94591744165345e-10,2.77586366317454e-56,2
"20256",0.954513928408007,5.56569448638197e-05,0.00690502552124832,1.57985146848235e-38,0.038525389125881,3.35313366405706e-40,1
"20262",1.94020136144075e-09,6.29385742208919e-08,0.000151036602505827,0.00153761482301251,0.000402101218146967,0.997909182477559,6
"20270",0.0339835474794282,6.36107700114143e-12,0.966007073864282,3.00147511865461e-33,9.37864992876565e-06,1.38158881425559e-18,3
"20284",0.000104304582718116,0.869458155887591,0.0050607715788808,1.67781903274915e-08,0.12537675117262,2.33359506356723e-24,2
"20287",0.960295557237521,1.19994846167276e-08,0.0396892615856849,1.9688712637586e-74,1.51691773092416e-05,4.37687023165882e-56,1
"20290",3.77624292245574e-08,0.999986299978134,6.83982084666848e-06,1.70117241014793e-29,6.82243859011135e-06,2.61878223977022e-28,2
"20293",0.763034904241963,0.000501593639255539,0.000602636504855711,6.54210249975128e-12,0.235860865607384,4.92792093958921e-16,1
"20296",0.000618781305245881,6.5798569825171e-14,0.522086497012291,0.000183904507896404,0.0168960083324383,0.460214808842063,3
"20301",0.0879169397229864,1.54920941552689e-06,0.912081502329559,1.96925668164626e-98,8.73803972631118e-09,2.6718825541986e-36,3
"20304",4.96124732608635e-05,0.999950386584806,4.64276974539756e-10,2.76660301525997e-47,4.77656180361139e-10,4.16263858978407e-53,2
"20306",0.977737281467827,0.000660283770551798,0.0214805420613988,4.18382457510946e-50,0.000121892700222547,4.42064625449424e-48,1
"20309",0.00259153422497034,0.000568647575376746,0.000337307560461707,2.60096701382008e-17,0.996502510639191,6.73652523314221e-16,5
"20311",0.956234251166478,3.49702731121677e-07,0.043386985307298,8.41201547700642e-26,0.00037841382348951,3.39656552569196e-15,1
"20314",0.000620371850173522,2.4579871665538e-05,0.000856842158782385,0.184435643006792,0.220496893972007,0.593565669140579,6
"20318",7.35478674293705e-13,7.88657681685966e-10,0.999552772600451,2.27294427100625e-30,7.6934345727838e-15,0.000447226610147748,3
"20320",2.08292274270387e-09,0.00293818227932532,0.23248135842455,3.44332809514405e-11,0.764580457178766,3.04408428845958e-15,5
"20326",0.00368989923643052,0.00147467484851725,0.000806694008931242,0.0792843151618093,0.869135156512476,0.0456092602318355,5
"20328",1.63717309098647e-07,0.00166293213446298,0.00668135630507824,3.8151793355373e-12,0.991655547839335,4.35920782176035e-30,5
"20330",0.0425041438580344,2.63244238852962e-05,0.49948107633078,3.08223421340321e-34,0.4579884553873,2.21557709765672e-32,3
"20336",0.000189695532237396,0.999130202982765,2.52953092311201e-07,3.33235627711266e-17,0.000679848531904818,7.2060266963957e-38,2
"20338",0.000263909185930717,0.99920378864353,1.15711976868837e-06,1.19119086720362e-30,0.000531145050771111,1.39891875200066e-24,2
"20340",0.911671066467254,8.77690658336305e-06,0.0881871345962943,1.21261351427638e-55,0.000133022029868917,6.46344511240972e-44,1
"20342",6.17724268268484e-20,0.998377649646971,0.00162235035302908,5.54767637988537e-62,1.82897594290965e-18,1.34875912217913e-46,2
"20344",0.984182283724098,0.000103837904124067,0.00537953186311668,8.90752574848792e-31,0.0103343465086612,1.68067162245251e-31,1
"20349",0.988885534115891,3.86207707847989e-06,0.0108931347586016,5.12352804138913e-41,0.000217469048428886,1.71841727697412e-41,1
"20351",0.00112164172872469,0.000349570473667247,0.00295183889969658,6.38111680934363e-16,0.99557694889791,5.50596859886865e-16,5
"20353",0.0358830128425772,0.0239458156649565,0.0248446706219187,2.17848688662548e-46,0.915326500870548,1.05240035862154e-37,5
"20357",4.16060866223329e-07,0.999997231758701,2.33219500708094e-06,4.60160206356632e-52,1.99854254735496e-08,1.75968034127171e-71,2
"20360",5.37987893347247e-16,0.951880920850918,0.0481187164453135,8.73530879695103e-59,3.62703767884345e-07,1.26553702242868e-58,2
"20364",0.297009324184777,1.84116319997898e-05,0.00688410462409526,1.20514453542186e-18,0.696088159559128,4.19985954005547e-18,5
"20366",1.02465687523838e-10,0.999992461907913,9.03436129350325e-09,3.57589179867104e-25,7.52895525953148e-06,7.47198079533887e-42,2
"20381",3.58525711195919e-23,5.44179686707367e-05,0.999945581557304,1.25570982635995e-11,3.20901378963084e-10,1.4056729982896e-10,3
"20391",4.25707088527951e-07,0.000620850235668987,0.994012667733384,1.63365951819836e-23,0.00536605632385791,2.13226985978162e-59,3
"20394",2.92419659721545e-08,1.35588454643708e-07,0.0385750618998221,0.0277404959942634,0.933684274470499,2.80499496781196e-09,5
"20396",8.23731210948187e-23,5.7542336149823e-09,0.97502028879838,0.015025524142946,0.000219748811642921,0.00973443249279778,3
"20409",0.912341357460046,5.28812015999634e-06,0.0858781985558812,1.23975222789319e-12,0.00175865977851652,1.64960841561553e-05,1
"20411",0.79551328854137,0.158278046871776,0.000372132222310926,8.8353434414608e-38,0.0458365323645435,1.25137103069643e-47,1
"20416",0.000174272434987175,0.999818969347759,6.75821658792699e-06,2.56330111918949e-96,6.66277218160598e-13,2.08472480550489e-93,2
"20418",1.41708664659817e-23,3.70681735048413e-09,0.797871411548225,0.00145270137647187,3.86333663758262e-06,0.200672020031848,3
"20420",8.39211797237613e-23,0.999999996879956,1.81749998543416e-10,2.1957319869362e-20,2.93829440958124e-09,5.31421769735878e-38,2
"20422",0.765713168339394,4.94963402806421e-10,0.222961604845823,4.23114927025981e-43,0.0113252263198199,1.51518463674218e-23,1
"20424",0.708885723016256,0.0104135763149886,0.00926783485956906,6.22857492345126e-37,0.271432865809186,1.42534862566296e-42,1
"20426",8.57546408195633e-22,0.999999998183057,1.81694339663182e-09,2.46494999298228e-55,1.59443404890177e-18,5.02328253882905e-38,2
"20428",0.0196731307869538,6.18475888976354e-09,0.040990878074968,2.17915422179235e-16,0.939335984953319,1.06752640561832e-19,5
"20431",5.19751095185259e-06,0.00288257844523925,0.0150738962301054,2.69308733776778e-20,0.982029241498731,9.08631497245235e-06,5
"20433",0.0217204588759084,4.60630101695937e-09,0.97827827304645,4.3804642937242e-72,1.26347134061694e-06,4.46399081633753e-52,3
"20436",1.44598109315258e-11,1.03941648726436e-09,0.999999994671542,3.26818622014224e-45,4.27458139522279e-09,5.4234977029851e-30,3
"20439",9.55441212951762e-18,3.38723988669743e-10,0.0336134669704633,0.966312585574612,5.08229768550095e-05,2.31241393456169e-05,4
"20441",6.38687771022524e-10,0.999869688257986,3.17135585170699e-07,1.97208196651732e-39,0.000129993967741191,1.0112768737681e-42,2
"20444",3.90864944715224e-21,2.16882526044291e-09,0.000599520659064708,8.93009285269923e-10,6.00162784429773e-13,0.9994004762785,6
"20448",5.71141130672989e-05,0.954069139694777,0.00568927743891895,8.06536810681142e-11,0.0401842553085854,2.13363997861728e-07,2
"20536",1.90266370299507e-13,1.16243741002893e-08,0.562167326900299,0.140766422649102,0.297066238826035,4.72198393988851e-17,3
"20538",0.00317830829439412,0.996803839289843,1.32242894034349e-07,3.14567075222478e-23,1.77201728686888e-05,5.62917720676419e-44,2
"20541",0.988547246674207,0.0032918939187526,0.00802277823462432,1.05320982248212e-53,0.000138081172416206,5.01983060749281e-45,1
"20544",0.400502754880196,0.000110538064894991,0.00141726869504421,1.89216320426358e-11,0.59796943833854,2.40297123870849e-12,5
"20546",0.969068917058798,7.17822093834379e-05,0.00839962250779322,1.20033323532175e-26,0.0224596782240255,4.87631185108433e-37,1
"20550",1.28092780337495e-07,2.47670916175669e-06,0.157360474690098,4.78578856185474e-23,0.84263692050796,2.74724567170547e-17,5
"20553",1.45013728267808e-09,0.999896006160835,0.000103992389027523,2.96876608253139e-130,1.68720361330486e-24,9.6595387112582e-73,2
"20555",2.67307776697537e-21,0.999999998315802,1.29109532956062e-09,4.38511909962674e-28,3.93102987884691e-10,1.90656495215524e-59,2
"20557",2.88537865055547e-06,0.0230010797169685,0.00108554170648763,3.9149734331946e-20,0.975910493197885,8.74074822817848e-15,5
"20559",0.941847634975229,9.07721055432372e-08,0.0145523334747508,1.95463713250699e-25,0.043599940777914,3.72380578194378e-17,1
"20561",1.40900397986096e-08,6.28820286769214e-06,0.00136436504215057,3.94462433760426e-05,0.00398005057220408,0.994609835849362,6
"20564",9.44232180792046e-22,4.07510134632899e-09,0.000290204592565778,2.06725206687081e-18,3.8964277256768e-16,0.999709791332332,6
"20566",0.383225700940485,1.85791443951828e-11,0.0223090459648406,9.19593324474582e-16,0.594465253074994,1.0999370200724e-12,5
"20569",2.379987377506e-13,4.70377163589417e-09,0.00303192454606089,7.04609406560743e-05,0.000972859983970985,0.995924749825302,6
"20572",4.04518955255771e-13,4.91363440669939e-10,0.27891724334128,6.26606136417184e-10,2.6521108011619e-06,0.721080103429545,6
"20574",0.92343462101345,0.000419656260259415,0.00843751956993805,5.70440721294089e-36,0.0677082031563529,2.31215563617075e-19,1
"20576",2.4559464154713e-16,2.24496076977074e-08,0.000800322857204568,3.30821498430279e-16,7.29233841889456e-11,0.999199654620264,6
"20578",0.0557915290331291,1.32422641070253e-06,0.00624979998054319,5.39328836065259e-10,0.93795707328718,2.72933407864105e-07,5
"20580",0.909021219102463,1.94983486001434e-09,0.00977250348921383,7.88423973914076e-10,0.0812062746687598,1.30474571322607e-12,1
"20583",1.07827392349139e-17,5.61430511750228e-09,0.000262637937358878,8.15678888925972e-15,1.88223605125347e-12,0.999737356446446,6
"20586",0.854869131664875,3.50088368775837e-06,0.0137012578039207,3.02347795762227e-13,0.131426109647214,1.43631329865042e-24,1
"20589",0.904787503380034,3.71652386894419e-06,0.0159802033208361,3.52180501206685e-43,0.0792285767752609,4.51946385599378e-44,1
"20591",1.78873132773288e-14,0.654805720781294,0.000101428915555949,9.90734384175666e-13,0.345092850302141,3.57699990123612e-31,2
"20593",0.93238890490118,1.68503596119009e-07,0.0675313735785701,5.89923427964805e-84,7.95530166539217e-05,2.70770455986792e-44,1
"20595",0.688011585760109,4.03495124804071e-05,0.000995517927421339,4.87492179288955e-22,0.310952546799983,6.35437536681431e-15,1
"20597",1.07632994070209e-24,1.01770101446422e-09,0.999997553651549,2.25346985505526e-06,1.91860894758002e-07,6.7668188350559e-23,3
"20599",1.10029650857444e-19,9.97484316198096e-10,0.000861441363102957,5.40691863903846e-20,2.71378027937995e-15,0.99913855763941,6
"20601",7.42122381100548e-07,1.05058431936326e-05,0.00110389402058574,0.688965617194037,0.309919071622155,1.69197647715634e-07,4
"20604",0.988618578656433,1.19477596005966e-07,0.0110768655239601,1.23656138773027e-53,0.000304436342010708,6.10957385518841e-27,1
"20606",0.977287609647393,7.41423077061634e-09,0.0215766900256598,2.86987462269985e-45,0.00113569291271646,2.04675495886442e-32,1
"20608",0.571051271935936,8.80383378678377e-10,0.0131128447845636,6.65368243640592e-36,0.415835882399117,1.18594649203493e-25,1
"20610",7.231250671351e-15,2.8151827271818e-06,0.0049610887667192,1.06881042492562e-19,1.20091815698981e-06,0.99503489513239,6
"20612",1.2190267709056e-13,0.0202891335004587,0.97971086649942,3.9164803846623e-56,4.08067137948921e-19,1.29505229305268e-54,3
"20614",7.17147466210374e-16,7.13369465184464e-08,0.000440602005376634,3.67406186045332e-06,5.45785021562014e-07,0.999555106810794,6
"20616",2.1119342690406e-05,5.70608481325345e-07,0.436348366676141,0.000638537113358034,0.562991405612516,6.46812316265385e-10,5
"20618",1.46410672032962e-07,0.999999297577693,2.37748263285178e-07,7.26600534633651e-26,3.18263372143714e-07,1.63571998192252e-31,2
"20620",0.0276468375968492,3.65067125375347e-08,0.972321134501744,2.57239925177814e-39,3.19913946944584e-05,1.66553795050895e-22,3
"20622",3.62251813851246e-12,4.07621891599455e-08,0.00678607018612969,8.74602923636324e-15,9.10992642071038e-09,0.993213879938123,6
"20624",0.774035628841483,0.212640284164708,3.78527270261331e-05,2.61699240724611e-39,0.0132862342667825,2.01639456987975e-43,1
"20626",0.00091303018294221,4.34905426516643e-11,0.987227677788006,3.18247796427182e-28,0.0118592919855589,1.74631836300901e-15,3
"20628",6.41197514898408e-11,8.58871890309675e-06,0.65347045656731,4.19456577637869e-23,0.346520954649667,3.63986195913735e-25,3
"20630",0.0402031314480158,3.62415231693704e-08,0.114434424772055,2.03450271887091e-31,0.845362407503128,3.52788424057363e-11,5
"20632",1.96509259942263e-23,1.38620968339404e-10,0.00255634989969778,7.66100185575755e-09,1.45128989434739e-09,0.99744364084939,6
"20634",0.971910799836075,4.52102529146422e-08,0.0165224095325986,3.24349216850953e-45,0.0115667454210736,7.5370447214038e-32,1
"20637",0.000257974447826431,0.999649529756434,9.2397028833991e-05,6.90940270976777e-49,9.87669057312708e-08,9.76048253932556e-31,2
"20639",3.57715297844505e-13,6.29217345914035e-06,0.00211278905870269,1.2801926437336e-10,7.99788516631998e-05,0.997800939787798,6
"20644",2.48909393839286e-09,0.979598877891259,0.0204011196196469,3.85384182433018e-127,1.23090353198632e-20,1.53840419688242e-88,2
"20646",8.6893200395356e-09,0.000325686004258541,0.999672638656805,5.92338967330766e-71,1.66664961645599e-06,6.38279544511566e-45,3
"20648",2.65574779683522e-08,3.11292243172905e-05,0.000112009198629256,0.719601272381626,0.0186051119308127,0.261650450707136,4
"20650",0.478322623376786,0.518051463032694,0.00360231993872213,2.89885281154742e-51,2.35936517974334e-05,3.77889108755765e-52,2
"20653",5.2830299422112e-10,3.00250695355237e-05,0.466400850190831,2.34666997519477e-07,0.533568889543034,1.29871881063739e-12,5
"20658",0.902863311968369,2.89732182182554e-10,0.0915305783983832,1.44586103433139e-42,0.00560610934351572,2.40894784187948e-42,1
"20661",2.09548037067221e-10,0.999999941355558,4.80345497637478e-08,2.33753162183339e-38,1.04003437935883e-08,6.78544939003033e-62,2
"20663",0.167030904736589,4.831094666651e-05,0.00150158724676715,2.91040051269334e-07,0.831418906029926,2.0247505197777e-18,5
"20665",2.33103146023383e-17,3.57789116215159e-12,0.00343369081331699,2.27515080472831e-19,2.30140740127092e-15,0.996566309183103,6
"20667",3.4352302985811e-09,2.16263754071691e-05,0.264424279271432,3.13009780035335e-15,0.735554090917927,9.7363556084554e-18,5
"20669",1.09809916443007e-22,5.20798184751995e-06,0.999399097328812,0.000484224382974325,0.000111470306366468,6.57859361359002e-20,3
"20671",0.0758551714800861,0.912168536456236,0.000383532476914448,2.85791660992565e-26,0.0115927595867631,4.84207512719697e-20,2
"20673",4.63229022969407e-26,4.03028810649856e-10,0.999913258180187,8.67009306836965e-05,4.04860994753957e-08,8.79670049039738e-16,3
"20675",5.67085345407459e-06,1.11823091257419e-08,0.55075708958847,0.000683338513697278,0.44855388986207,2.51387491980557e-22,3
"20677",0.0389218418608963,2.05590293776227e-08,0.0699121618067124,2.00422084625497e-07,0.891165775351277,3.75212989683647e-22,5
"20679",4.23028646591245e-26,1.24656937836299e-06,0.660507612007502,0.339450569718296,4.05659562766152e-05,5.74854689552382e-09,3
"20681",4.98272409881507e-13,1.51497122165028e-06,0.013946727677158,0.677510693226423,0.308541064124699,2.83007308412308e-19,4
"20683",0.00847941665613482,7.56992320739197e-09,0.0788624740198392,3.6839423451283e-12,0.912658101750419,3.0165356368667e-20,5
"20685",2.14340053686157e-22,0.999999974891843,2.59157072817283e-09,1.90236430169013e-20,2.25165859983167e-08,3.51701300634834e-40,2
"20687",6.40067718135824e-13,4.66842179255916e-07,0.000296058069830405,0.952288148983861,0.00012279882910358,0.0472925272743854,4
"20689",8.84911437971498e-11,0.999999548720288,4.51191221166448e-07,1.50641997028549e-103,2.31225600542476e-18,2.1421347652047e-96,2
"20691",1.87489618047457e-18,2.31900810768781e-08,0.000451128021966402,4.84131400456711e-09,2.2964907836236e-11,0.999548843923674,6
"20693",0.958673277859579,3.79050415810365e-05,0.0412786804117498,2.93440236789959e-49,1.01366870898302e-05,1.32045570949332e-48,1
"20695",8.44943866253815e-08,0.000338565147017428,0.00287078732522271,0.118726088614621,0.783303521564597,0.0947609528541544,5
"20697",0.973425080215529,3.87870159075238e-07,0.023672873875453,5.03468571560438e-36,0.00290165803885836,7.0556798434084e-16,1
"20699",0.0487949700107024,7.91167454537041e-10,0.0443105854967901,2.57299064502652e-07,0.906894186402274,1.49033742769082e-15,5
"20701",0.0641486399435253,2.58551110922965e-06,0.0305310691124939,4.28092679099258e-19,0.905317705432872,9.20497580719503e-32,5
"20703",7.98327066733037e-30,0.00354902846276067,0.996450971362064,1.473186883192e-21,1.75175925483336e-10,9.01202360017978e-36,3
"20705",0.935077842514655,1.72992374083004e-06,0.0610896029483853,2.64491799563651e-29,0.00383082461321906,1.15385371982502e-32,1
"20707",9.55178229448854e-05,3.18263293459278e-05,0.001081817034978,0.821448039298495,0.177342799375894,1.38342002199211e-10,4
