"","V1","V2","V3","V4","V5","V6","V7","best$classification"
"19812",0.00310928165093043,0.501149846862005,0.000230583383198525,0.495365923738351,8.80234293476992e-05,1.04399238069477e-16,5.63409361674514e-05,2
"19814",0.00100869575150027,0.131760412558517,2.05122028327267e-07,0.867006503304975,4.05326339370115e-09,0.000223757594029127,4.21615686832449e-07,4
"19816",0.000356436188396111,0.165708591434416,0.833933056142223,2.51432403967921e-13,6.58584187221898e-13,4.32246773800428e-16,1.91623405429285e-06,3
"19818",0.00345479817344518,0.99366356327001,0.000274552640062081,1.38163221788192e-05,1.6177375706579e-08,0.00258812832013373,5.1250967944974e-06,2
"19820",0.00427735580439175,8.77140192824564e-05,0.995634926311574,1.05643442190601e-68,3.86475207107422e-09,1.97675371825782e-43,3.42032768691457e-27,3
"19822",0.989832126671144,1.45583021457169e-06,0.00129105154373242,1.18268764818162e-71,0.00887536595490948,2.68565775680428e-41,5.31754333238936e-29,1
"19824",0.983996969102995,0.00427256834799208,0.0117304431672413,2.37856866762296e-38,1.93800674931586e-08,2.36718558981026e-15,1.7019037245944e-12,1
"19826",0.0130008772456752,0.871792279187037,3.40877995645686e-07,0.00461831736954958,6.84418798096816e-11,2.80647081456003e-14,0.110588185251272,2
"19828",0.0208847631924986,0.00633347358986831,0.972781554835871,1.27171222164719e-35,2.08381762288599e-07,1.4367928616435e-22,8.53005471978547e-19,3
"19830",0.18098683052986,0.690468396025008,1.71352961739417e-15,0.108161664014629,0.0105496138588527,3.09167494466732e-15,0.00983349557164588,2
"19832",0.0796700802487077,0.147997108768175,0.000176948005613302,2.82308380507373e-09,0.77215586015442,1.48128617554899e-39,3.3525960380151e-23,5
"19834",0.0378742367147437,0.878108862301983,0.0840160019559097,4.89544241661103e-18,8.99027363153208e-07,4.67220523385317e-16,3.54457403583299e-17,2
"19836",0.00743285526219671,0.943627620602646,1.95492220931018e-05,3.90235702642487e-07,7.11629560790983e-06,2.06319623215523e-20,0.0489124683817541,2
"19838",0.000120907518562839,0.00373706562429639,2.17442208126736e-15,0.996139379823496,2.61454383400911e-06,1.56649193686238e-08,1.68248888978894e-08,4
"19840",0.00151273241678436,0.991540403173659,0.00694160348000129,4.59291701655184e-13,5.96522698381882e-15,3.05900543791961e-19,5.26092908993281e-06,2
"19842",0.00090762770905074,8.67219958846317e-07,9.92904366942215e-32,2.68927126600465e-06,8.3892323608516e-10,1.92791267063277e-26,0.999088814960801,7
"19844",0.0462398590177478,2.49998028481719e-15,3.84771404963422e-22,5.23216860411777e-43,3.29480220182315e-11,0.953760140391237,5.5806481967151e-10,6
"19846",0.000265488082077337,0.000123078172142139,4.83840576510459e-23,0.608115145638708,3.13533598825931e-09,0.333236069263585,0.0582602157081518,4
"19848",7.46622553986527e-05,0.000247754278155709,1.98822044253573e-20,0.997454725287445,3.62776350573879e-09,0.000388089134908591,0.0018347654163291,4
"19850",0.0291914326414143,0.00703183690029905,1.40026924967679e-14,0.0452596959594896,4.89693895814147e-09,0.918516905876335,1.23725509278192e-07,6
"19852",0.001290650013694,0.90670836344636,0.0919984002293282,1.83675129101193e-07,2.08553422881044e-08,2.20197303062215e-06,1.79807116232833e-07,2
"19854",0.000308496494154369,0.00299481846959168,9.30234999931011e-19,0.991857487647197,5.0006492749648e-08,1.22201136548781e-07,0.00483902518142746,4
"19856",0.999953698442627,2.55188225951492e-05,5.31787166948603e-18,8.43398727025114e-13,9.30733144944274e-09,2.06385833159669e-05,1.34843286945845e-07,1
"19858",0.999833493568492,4.68926007257931e-06,2.98671018048964e-09,1.32293973614266e-32,1.07889374980746e-06,0.000160735290975399,4.57569755703077e-16,1
"19860",0.00127894186478587,0.965646730565816,0.0327334655005826,0.000340484721008682,1.03320682064587e-10,1.58305552289009e-11,3.77228655282801e-07,2
"19862",0.00136081695792946,0.000237165987355847,7.87373964424407e-25,0.727164941977417,5.85094190738832e-08,0.0772032484472285,0.194033768120651,4
"19864",0.00237863445686315,2.27779608559074e-15,1.36890648066499e-29,4.34863754017127e-56,7.85227178615821e-07,9.36749010979399e-33,0.997620580315956,7
"19866",0.0520821731521811,0.946638503531661,0.000750640635986408,3.25289839120256e-25,1.27690307596086e-11,5.94805094226301e-27,0.00052868266740239,2
"19868",1.77759581546111e-06,5.74589890684125e-21,5.16672242788436e-32,1.29733037837798e-52,0.999998222404184,1.54285128615835e-57,2.37899300285653e-36,5
"19870",0.00563632959122942,0.399663530147942,1.93733956966181e-12,0.313431303690776,6.81473793920833e-07,0.00101629584027405,0.280251859254048,2
"19873",0.0136747376430536,0.971998042351847,1.53566291482968e-06,0.000129188864647126,2.71331430776713e-10,2.91899176101176e-09,0.0141964922872147,2
"19875",0.00234442430407962,0.126045911046702,0.87160966348291,2.93261272537321e-19,1.16630873116992e-09,2.65681845472366e-34,3.37844498090447e-17,3
"19877",0.00599069794271245,0.92025951236614,1.64111198334698e-06,0.0139246714770201,1.23134609687155e-06,0.0570603201457015,0.00276192561034547,2
"19879",0.00753508878169855,0.99186203542636,0.000575423824821833,4.46007643390159e-12,1.42167213222728e-05,4.62622350866471e-06,8.60901782813071e-06,2
"19881",0.0681043734230536,0.871387435713589,6.91343213992406e-10,0.00154256102813129,4.17665386913772e-08,5.70587665496869e-08,0.0589655303185779,2
"19883",0.00629117009061489,0.055424400087513,1.59692979575764e-12,0.00716206563030986,3.00794942848396e-10,2.35942027089529e-14,0.931122363889147,7
"19899",0.041623070765685,0.958370008583626,4.73366514396421e-06,1.02611469543953e-14,1.13703029523675e-06,9.15903798976882e-20,1.04995524003495e-06,2
"19908",0.999999635008752,8.75731216754557e-10,1.76571356846058e-22,2.67623404134039e-48,3.63951380067236e-07,6.47037620227458e-38,1.64137120955621e-10,1
"19910",0.00163357863988208,0.981795279188982,0.0157947073050363,2.56709068698088e-06,5.30083882192531e-08,3.03882661281809e-07,0.000773510884363304,2
"19912",0.0033890385229248,3.63965537950604e-05,2.65517258689604e-29,0.00725405758239054,5.62510483070327e-10,8.13661764236796e-15,0.989320506778371,7
"19914",0.0196262757890621,0.979901884795362,0.000416829340555055,1.92109552790444e-07,5.45791287684219e-05,4.34470801900329e-09,2.34491991452476e-07,2
"19916",0.999998458388747,1.35815853126064e-06,1.07528443746725e-09,5.16969001681207e-50,9.53498877957652e-09,6.75445548104788e-24,1.72842448822454e-07,1
"19918",0.0022831259702196,0.0217768099935999,1.36333071059372e-12,0.0862765108929913,7.02644971945474e-11,0.836335150038187,0.0533284030333744,6
"19920",0.00155860063570467,0.000191805964760979,1.34123107672463e-17,0.0620210876519327,1.08987399549658e-12,0.935797346574049,0.000431159172462311,6
"19922",3.99415582703252e-05,1.79670558394982e-06,5.25322247283842e-09,1.98709075550132e-14,0.999958256482903,4.83701728134659e-42,8.3449243467073e-23,5
"19924",0.00758931492434073,0.938437636801526,5.87605572041251e-06,1.94172868460383e-05,8.91540891324042e-09,0.0508838359933989,0.00306391002275881,2
"19926",0.0434974973427308,0.954181109094633,5.60049075302041e-06,2.00608417478606e-13,0.00222903073175192,2.09382933939393e-31,8.67623399301578e-05,2
"19928",2.47457139196798e-05,1.08391066611511e-23,4.41148608659202e-49,2.94570512314864e-45,1.83003037689828e-06,1.14359377098571e-33,0.999973424255703,7
"19930",0.00014333907773184,0.0387979668356309,4.63520175632986e-09,0.960988991342803,1.71253028575958e-07,6.78411146827474e-07,6.88484444573833e-05,4
"19932",3.40875541379027e-05,0.00158853643356716,9.63507714535301e-16,0.998319620890322,6.51149156742035e-08,5.55135228163073e-05,2.17648424022619e-06,4
"19934",0.0448312143449374,0.518107447884398,0.437059944761807,1.12157369723401e-14,1.39300882625858e-06,2.01854575470322e-14,3.48810497667512e-16,2
"19936",0.0438792671003872,0.947936828008414,6.29657776226774e-06,0.00813841180472509,3.86665554712672e-05,4.50285296951757e-07,7.96679431576956e-08,2
"19938",0.908547471740841,0.0816404968533102,0.00979388211261431,4.57462759910359e-40,1.81492929432682e-05,1.0074766530777e-21,2.91397920667533e-13,1
"19940",0.00373700847673597,0.883989446154027,2.3618896548899e-05,4.03028656694572e-06,2.56889285909112e-08,8.72961500090161e-08,0.112245783201043,2
"19942",0.00388862011148147,3.36460413116461e-13,1.17205610499018e-34,1.18329457336649e-29,5.76006193358566e-11,5.76243355371654e-30,0.996111379830582,7
"19944",0.0038997153293186,0.980769095758815,0.0137161023684693,1.53172660533613e-07,2.91531095642241e-08,1.71757448955728e-11,0.00161490420045127,2
"19946",0.008022844040799,0.986433477858191,0.000294453650982598,4.54320585431854e-05,1.4385991030505e-08,0.00516587876575969,3.78992397335475e-05,2
"19948",0.000289542917751759,1.45407878792175e-13,3.67461973469761e-33,4.54464156306618e-25,1.41033758625923e-11,4.10675007136173e-26,0.999710457067999,7
"19950",0.000563091447279522,4.6240418069586e-09,2.40604085883748e-25,2.11416984708824e-07,2.00174402203567e-09,0.999436642690703,4.78192473566972e-08,6
"19952",0.000289542917751759,1.45407878792175e-13,3.67461973469761e-33,4.54464156306618e-25,1.41033758625923e-11,4.10675007136173e-26,0.999710457067999,7
"19954",4.70942403793323e-05,0.00817849250829951,3.45330136081603e-12,0.991527456719068,1.92908336563731e-08,0.000106912715785193,0.000140024522181462,4
"19956",0.999983890573803,6.34103297742466e-09,2.74407343564022e-35,3.65359157013684e-07,5.95659616229672e-06,5.95961988982086e-06,3.82150995446484e-06,1
"19958",8.06299213563605e-09,9.22944613848004e-19,3.2605069166948e-23,1.09583685189166e-35,0.999999991937008,8.46058663462387e-46,3.67059867735685e-38,5
"19962",0.861782306072857,0.138211956585655,3.94016314034873e-08,3.45181288387699e-09,5.64936095985996e-06,4.5030759953988e-08,9.63237621672572e-11,1
"19964",0.0347205765054589,0.95336082652205,1.99891214080182e-06,2.02161578559217e-10,6.20260319027848e-06,0.000289351388239424,0.011621043866759,2
"19966",0.654727327704326,0.343042589355786,0.0022295388514984,3.22272850549091e-43,9.31351091716109e-08,5.60264928715864e-38,4.5095328061303e-07,1
"19969",0.0130616722689391,0.100354657259309,5.88274975443419e-13,0.814596005941113,1.64828454141002e-09,2.05960187112814e-10,0.0719876626758057,4
"19972",0.00210680797106037,0.00163158772770156,8.18779111216336e-19,1.66114401655852e-07,2.27527935081975e-08,0.00019599769508775,0.996065417738955,7
"19974",0.000121265925814088,9.32294171629732e-10,6.29176118874264e-35,1.35139072240234e-05,3.68988207785164e-11,0.706778350901698,0.293086868296071,6
"19976",0.00856166624414457,0.874411981096391,6.10424711528427e-07,4.65148728169691e-05,4.14673101199496e-09,0.112933207660318,0.00404601555488648,2
"19978",0.0022538719564872,0.831319490394644,0.166330173274213,4.51274247230921e-10,1.59966160092291e-11,8.83209260224443e-07,9.55806981255983e-05,2
"19980",7.62171643089026e-05,0.000104541660041536,4.78166516810385e-21,0.965391698455839,3.06801477039363e-09,0.0343836557802374,4.38838715579322e-05,4
"19982",0.207263000455055,0.00266716809931093,4.60395399087873e-15,3.82025148654282e-10,2.80099793827521e-07,0.790069535004348,1.59594618120924e-08,6
"19984",0.00341669232403916,3.66632413715259e-09,1.9741990308854e-19,2.22958487579942e-17,9.86498265800875e-12,0.996583267249843,3.67499285632779e-08,6
"19986",0.0426931817104078,0.0976882092718494,0.859617098312112,2.061069187244e-51,1.51070563099514e-06,3.94542898927645e-44,5.84056309791248e-17,3
"19988",0.0105731245642862,9.14452216510934e-05,0.989334896321266,4.13325725384245e-75,5.33892796084291e-07,1.57190437948234e-48,9.12871746299107e-31,3
"19992",0.000723125859510764,0.00123803246189574,0.998038841090011,6.42371406949224e-51,5.88583127398051e-10,5.43410823044222e-35,8.21668132195915e-28,3
"19994",0.000106187232346046,0.0355591749307932,2.60732128521287e-08,0.96426304025776,2.45280614076053e-06,7.89520158869857e-09,6.91108045452543e-05,4
"19996",0.00190499312633627,0.00339420579005288,0.994700800795825,2.30102650246928e-47,2.87785406827818e-10,4.95546154496072e-29,4.1884967420503e-23,3
"19998",0.994739383700979,0.00481200404489409,1.2348036658809e-15,1.38022573976172e-13,7.01312560091803e-10,5.1301815834341e-18,0.000448611552674922,1
"20000",0.080891177200187,0.000465927354127149,1.7775270658172e-25,0.000891024427019121,0.91775184113928,3.31428548924868e-27,2.98793869409787e-08,5
"20003",0.000830185423726048,0.126567595119822,3.21448855538262e-07,0.872302159919451,2.6301741090096e-05,9.92383176591038e-17,0.000273436347055556,4
"20005",0.000367826638971696,0.000240439559816685,9.66215631890558e-24,0.88797880852773,3.35874436763683e-09,4.64949706766863e-05,0.111366426944061,4
"20007",0.00630022662436084,0.993457537784998,0.000242215740879474,5.59494226234252e-15,1.97720463097894e-08,3.59653724047039e-11,4.174409171998e-11,2
"20009",0.997532434910531,0.00244794018646509,1.6823376917342e-05,1.68928002834429e-41,2.80152575587208e-06,6.27250573685835e-21,3.30456539696137e-13,1
"20011",0.0156379346477799,0.196637662392703,8.53654247029778e-13,5.91392408957402e-07,3.03282032041399e-08,8.53414563998565e-07,0.787722927823487,7
"20013",0.00958361942545387,0.191951411465865,4.1984871435313e-10,0.0791588710890986,8.74597438396523e-09,0.71924875837255,5.73304812095219e-05,6
"20016",0.946234571216654,0.00146662234913603,0.052057048128901,4.18232945487432e-61,0.000241758305308891,1.26863399802246e-29,1.09268196146796e-21,1
"20018",6.51202816962239e-06,1.3511194072034e-23,2.00245578081416e-09,2.81358843274046e-112,0.999993485969375,1.8461094972055e-111,4.77325591068968e-61,5
"20021",0.00418498534568017,0.148162670124094,0.847651173421426,2.90824505067669e-15,1.17110861866121e-06,6.34719678840791e-30,1.78599417404667e-13,3
"20023",0.0157353223137828,0.951582706970939,0.0326782554260725,2.40533271538129e-10,3.69140911429801e-06,3.16603483553075e-12,2.36363916805173e-08,2
"20025",0.704998079146672,1.6423606304927e-09,0.000177123330589335,2.2877094982387e-69,0.294824795880378,1.21170199424728e-70,7.8832046344403e-46,1
"20027",0.00374694100189099,0.00443099836410666,2.76775621257555e-20,0.0126375904896559,1.91098851374129e-08,6.8227419442346e-17,0.979184451034461,7
"20029",0.0579945247939752,0.012162351356082,2.60852541384373e-18,0.00168424757179118,4.10837665321811e-11,0.658589017961608,0.26956985827546,6
"20032",0.000302746117717266,0.0164821333603185,1.15009645121988e-15,0.851752572807022,3.42527685893896e-06,1.32003065890971e-15,0.131459122438081,4
"20034",0.00056864247577232,1.0411401639413e-09,8.41319836097904e-28,1.8824387447721e-19,7.92802352413775e-09,1.82508066973335e-30,0.999431348555064,7
"20036",0.970866915172603,0.029133069430145,1.75728768864345e-12,4.33985909121267e-09,1.6001576381669e-10,3.1735046859173e-10,1.0578269332056e-08,1
"20038",0.00432698076434022,0.0313773407161719,0.96428181966537,3.71666473273762e-31,1.38588541181985e-05,4.14708926246384e-46,6.57724918832355e-19,3
"20040",0.930102799821486,1.52958842588936e-08,1.54272408855966e-05,5.09399745161362e-79,0.0698817576417446,1.7358100763013e-46,4.51716642571417e-20,1
"20043",0.01577027950082,0.042168105712675,0.942061598835917,4.50318608888131e-22,1.59505877696801e-08,6.12467847455916e-33,3.75392268045754e-21,3
"20045",0.0298875933405731,3.51460479444957e-07,0.969770508131096,1.41086969840333e-76,0.000341547067852132,8.6639152683784e-42,7.56696889986139e-40,3
"20048",0.00555870438217109,1.56581859219036e-14,7.49912157205192e-28,1.01739794762618e-33,1.85321856212257e-08,0.994441277085613,1.43146466345147e-14,6
"20051",0.259477172298683,0.739884556697719,0.000634553012089535,3.55256244037512e-09,3.71440587403364e-06,3.30724861626955e-11,1.58176021911558e-25,2
"20053",0.0441267326206097,0.950292392232441,0.00558002257111398,1.61428912430943e-18,1.13311830514928e-08,9.98336747366902e-14,8.41244552636498e-07,2
"20055",0.540088042442102,0.439767603736912,0.013363906227444,9.42114545231688e-23,0.00678044759354161,2.8538353026112e-45,4.16172200361588e-16,1
"20057",1.9930162075723e-14,7.878181856738e-36,4.68669195286351e-51,1.13227500621927e-58,0.99999999999998,6.1524435632003e-56,3.8830420415178e-38,5
"20059",0.271531960092574,0.724259842456867,0.00311770841660778,9.49994807028964e-22,0.00109047769844388,2.59527517915202e-21,1.13355068202471e-08,2
"20061",0.00805544093111104,0.990936814786072,0.00100768513983234,1.4592909623154e-14,3.67031799347629e-08,3.12000631986286e-13,2.24394779263189e-08,2
"20063",0.999999956678289,1.6500413808001e-20,6.89737166461661e-19,3.40709019803277e-74,4.33217003665828e-08,1.02852355554093e-14,1.01391053326818e-21,1
"20065",0.00623254199342653,1.51609274311194e-08,0.0953643130550379,2.54922285687505e-56,0.898403129790608,1.6122074886361e-85,6.6919190764847e-50,5
"20067",0.109395086147156,0.00310875785604349,0.887384739292731,1.74531729007684e-33,0.000111416704069491,9.40131802142959e-18,1.72150296855591e-28,3
"20069",0.000404650372276062,0.000249979465059898,1.37511272313224e-19,0.731173654876391,7.31584111605353e-09,0.268162870156995,8.83781343623174e-06,4
"20071",0.90020456888708,0.0997850735352288,1.33443996696384e-10,1.77465727983183e-21,4.14209427187472e-08,5.41523806575076e-18,1.03160233044034e-05,1
"20073",0.0580939629206702,0.00325611330790792,2.57095005120658e-12,5.54700489775786e-06,2.59104529688164e-09,0.938316620261098,0.00032775391180986,6
"20075",5.85424842348773e-07,1.9877621143332e-16,1.58916933551691e-25,6.838749053149e-37,0.999999414575158,5.38722785157966e-61,1.42516119003599e-40,5
"20077",0.000486797194238949,0.486863310660199,0.512649891848827,6.31859715722677e-19,5.25246844441583e-14,3.92034216995463e-11,2.57478747760589e-10,3
"20079",0.999888807273815,0.000111179789223068,1.26906880836928e-08,5.83377470603416e-24,2.29118533713449e-10,1.71549160772805e-11,2.15780136200241e-23,1
"20081",0.167960051023734,0.0208656133135355,0.793948908360805,1.33098065748972e-27,0.0172254273019249,1.46133199988896e-27,1.43309765228849e-23,3
"20083",0.999999951029916,1.50562428101756e-08,2.87876813050307e-21,1.94013531049503e-28,3.38177612562717e-08,5.28221443527777e-11,4.32577254067649e-11,1
"20085",0.00380279936690875,2.62475415589152e-05,0.99616413870005,8.87403800488458e-66,6.8143914827662e-06,9.32805191875307e-60,3.99201081162291e-35,3
"20088",0.00257714105421882,0.0667913365076701,0.930630688469888,5.60309697335136e-24,8.33968222973273e-07,8.55246083107769e-29,5.16809426507872e-23,3
"20091",0.000103812667753467,2.09701367502081e-09,2.14113284031213e-07,2.97994256052493e-41,0.999895971121949,5.6214753130932e-39,2.19622101882324e-37,5
"20095",0.997162563406624,6.85263054054259e-07,2.7862423592458e-16,4.87094766468695e-42,8.26939264085798e-07,6.82686758228966e-10,0.00283592370837122,1
"20097",0.0037665558732344,2.82816920843749e-05,0.996168757280206,3.90987510356217e-63,3.6405154474892e-05,2.77202634929693e-58,2.07411261116534e-40,3
"20099",0.999266946738219,0.000374941178222025,3.54510033910026e-05,2.0858422802272e-47,4.64982127366115e-14,2.57675308794598e-14,0.000322661080095717,1
"20102",0.0729477680564301,2.34953457703843e-11,1.71320384238161e-16,4.60771083713585e-37,0.927052224076878,7.84319657135686e-09,2.6985484637791e-31,5
"20105",0.186551328591464,0.0826084867973037,0.730840184004541,1.58383169835736e-29,6.06687127677782e-10,4.19219684878703e-15,2.7448626401484e-24,3
"20107",0.00172280219282225,0.443269736893153,0.555007460266587,1.20219816043096e-31,6.42973593835687e-10,1.71771018981606e-22,4.4638296258025e-12,3
"20109",0.964469095881329,0.0238402852248202,0.0115785262019695,1.02151886954315e-24,7.68563738636164e-11,0.000112059441284574,3.31737402644308e-08,1
"20111",3.86975587913893e-08,1.45408861782897e-12,4.883109040363e-27,4.52042329439901e-16,0.999999961300987,4.97961701734484e-31,5.7232404099534e-21,5
"20113",0.0320806367100079,0.967697147368027,0.000153554946726216,1.07880840050321e-26,4.7585558537682e-11,1.62677885438952e-31,6.86609276534542e-05,2
"20115",0.0127109281128099,0.00791753480165097,2.74720164122209e-19,0.0242302040046804,0.954886718611141,2.03627182968023e-16,0.000254614469716955,5
"20117",3.68124264243216e-05,8.31836040313206e-15,1.80863455802673e-20,2.37080634120355e-74,0.999963187527939,3.47623232787582e-76,4.56281574147638e-11,5
"20119",0.672948985544897,0.322271098666178,0.00476888512945923,8.01390162863012e-40,8.54243264285954e-10,1.35283389881608e-47,1.10298052228077e-05,1
"20121",0.00401939941740877,0.273419308207467,0.722561134885282,2.93854820905566e-34,1.57489787999137e-07,4.03356737056962e-34,5.41012246668163e-14,3
"20123",0.000348755000702386,3.4162435999824e-09,5.78235515689215e-08,9.84368539036575e-38,0.999651183759503,3.64802694147261e-64,2.44944578266801e-44,5
"20125",0.00259956492699709,0.00572900110507382,1.78668992273492e-13,0.0173172963623493,1.58615174215001e-07,0.974353926501028,5.24891988153474e-08,6
"20127",0.025235766741681,3.08539595835668e-06,0.974761143192959,4.32593305537161e-65,4.6694019257542e-09,6.21506044987606e-31,2.1368616416e-33,3
"20140",0.703991684620396,0.290526978119355,1.43761230740225e-06,1.14249314359454e-22,0.00547989959613866,4.23491939723231e-44,5.18035274982431e-11,1
"20142",0.000471215742578593,7.78498644433833e-09,1.19700087571671e-24,1.63978719698808e-09,1.19056731204972e-09,0.999528773445423,1.9665750241521e-10,6
"20144",0.309838336978065,0.00278307431333752,3.45859335341741e-19,0.168652065178568,0.518725644723463,8.7877379306207e-07,3.27726390608926e-11,5
"20146",0.996792684371773,0.00320312978272448,1.52976421426684e-14,3.90689954644106e-06,1.44300520250356e-07,1.3464464629773e-07,7.74358581047472e-13,1
"20148",0.00474070246155395,0.427347407462457,8.80565779600401e-07,0.56791097942629,6.11399491328723e-09,2.09740598104334e-08,2.99586413927581e-09,4
"20150",0.000173480466929727,2.60415247810811e-06,3.89186875481741e-28,0.114748204633114,6.13829774938896e-10,0.853982553614596,0.0310931565190522,6
"20152",0.00682640503435785,0.743387220195832,2.59893032385024e-05,0.249746454220358,1.33211226655183e-07,7.10288830684125e-09,1.37909320988399e-05,2
"20154",0.00947172170205913,1.25806255313059e-11,9.20250374189639e-05,4.11123078585182e-57,0.990436253247941,7.4866171717984e-45,1.1933368729526e-57,5
"20156",0.753343218522222,0.246640173530512,5.8888814145094e-06,5.06949369588212e-22,1.04329617359829e-05,2.81431035299227e-07,4.67307988059965e-09,1
"20159",0.00450935022163333,0.000146353263366511,4.649411620607e-21,0.995216685059202,5.04128008217809e-08,7.38808638282113e-05,5.36801791689937e-05,4
"20161",0.993415595512855,2.28863513592553e-07,6.79686272968033e-18,1.6012599948976e-15,1.04877413112834e-07,0.00658407064484181,1.01375196639326e-10,1
"20163",0.354603245666721,0.644373696165444,5.79497638859924e-06,0.000171935235389512,0.000845326904830304,2.85319806458603e-25,1.0512262412759e-09,2
"20165",0.979023972812708,1.47680108765189e-06,4.11848607509566e-07,6.67483056985519e-34,5.9436865693444e-10,0.0209741379432278,3.36885001142648e-19,1
"20167",0.0022090268430209,0.37923674124973,2.59877554959441e-06,0.58955444105827,1.78442993546762e-10,0.0289936328729369,3.55902204901859e-06,4
"20169",0.000765058852744186,1.21587051407238e-12,2.17175677547298e-27,3.41573437115668e-22,1.5739145773347e-09,0.999234939571585,5.40355534875739e-13,6
"20171",0.00389289351387101,4.83158300967699e-17,2.66407731810806e-07,2.698215352885e-79,0.996106840078397,1.93754890756622e-49,1.96436942930592e-65,5
"20173",0.999999990485342,3.6622615080742e-13,9.3751840382491e-17,1.05408242926586e-50,3.14141172976417e-11,3.93427230176407e-14,9.48283810054984e-09,1
"20175",0.0118576869065063,0.949541432124073,6.70897350208366e-10,0.004060454476462,3.17548799523519e-07,0.0126410490976544,0.0218990591756074,2
"20177",0.989178795079265,0.00609598372852986,1.96114032888343e-05,9.10262971702295e-39,2.81094864129137e-10,1.50464968101144e-20,0.00470560950782125,1
"20180",0.0351649942494501,0.0136486836926059,0.951033084465277,1.5060911340174e-41,0.000153237592666685,3.62251701059831e-69,1.72969147174881e-17,3
"20182",3.24646048315661e-08,1.37085072592459e-30,8.14286979568932e-60,4.76544242108238e-40,0.999999966008621,7.32305088312786e-10,7.94469008697495e-10,5
"20184",0.00391051364081566,0.000405307648412729,7.870976570706e-14,9.63414450058288e-07,4.79897666692223e-10,0.995680605099203,2.60971714194239e-06,6
"20187",0.556305082552472,2.27293237992856e-06,1.10787566550132e-16,9.67825604400493e-25,2.54418062875555e-13,1.549244864161e-12,0.443692644513344,1
"20189",0.0206251773702918,0.899925124048985,0.079167600392836,7.4438751417185e-14,3.93994017354449e-11,5.13304483377404e-17,0.000282098148413558,2
"20192",0.329749154356776,1.19646079730053e-08,8.66285851594852e-09,2.04832885397723e-46,0.670250825015757,7.35801389677259e-68,4.88266737403017e-22,5
"20194",0.917028054522261,1.45121874682334e-07,1.19597513832979e-28,1.38953854236313e-11,1.10346373401666e-13,3.98192809455588e-06,0.0829678184137636,1
"20196",0.306168388491534,1.85150397799965e-06,0.481411686985315,6.75398301654061e-52,0.212418073019173,3.3352106787579e-56,6.59592328749582e-34,3
"20198",0.341586890796603,0.658271108126973,4.75096320834616e-05,1.58534417508969e-06,9.28490962208453e-05,7.0572650506991e-13,5.70032387567024e-08,2
"20204",0.000486907878960991,0.000164356174279608,5.85541174746185e-19,0.00257041233892501,1.33808307660438e-06,0.996776917648197,6.78765610645606e-08,6
"20207",0.269082123121679,0.000457515717587756,0.724806183519876,5.33917320447193e-44,0.00565417764085819,2.26338071579075e-22,2.99767220937889e-35,3
"20209",7.27662467654732e-05,5.01238559858626e-06,3.71543113721407e-23,4.13152453841997e-10,0.999922083678526,5.03784707642336e-39,1.37275957831765e-07,5
"20211",0.00171526825556003,2.56513441443648e-08,3.51775627254742e-06,1.38006438142498e-32,0.998281188336823,2.01695694978115e-52,2.07669405705706e-50,5
"20215",0.00334671853836099,0.864924361774314,0.131728919686628,5.97673917962804e-21,6.97220981740152e-13,1.341406534603e-23,1.9197347817105e-19,2
"20218",0.000142677367041048,1.98936633934437e-07,9.43459566241599e-23,4.74248719013082e-08,1.16113331154873e-09,0.999857074378133,7.32187051013994e-10,6
"20222",0.919448006533303,0.00434616805966801,0.0761276291972412,1.58530058789444e-30,7.81962097874312e-05,1.38087588157961e-26,9.75307974619515e-35,1
"20225",0.997999703372843,0.000310689793304815,1.02658970136799e-21,0.00167941869287213,8.75242514619188e-06,1.4357077370565e-06,8.09716584084101e-12,1
"20229",0.978668308546636,0.0213179033559013,4.60347732353058e-13,1.56774473704307e-11,1.3788081322729e-05,9.09027834392527e-24,2.24415480603569e-15,1
"20232",0.0853192599047743,0.914087583137344,0.00057609671997618,5.20270033631529e-22,1.70578507142427e-05,4.1084543218907e-26,2.38719103875228e-09,2
"20234",0.0734091475152561,6.58693122452292e-14,0.0932738610083211,7.63235180655887e-104,0.833316991476357,5.1245175880822e-93,2.72259609582243e-41,5
"20238",0.146982478212004,0.775102284386839,0.0779145293776293,5.56370687718282e-37,7.0802352815589e-07,6.42867576092972e-22,3.94032246877268e-18,2
"20253",0.00241962618779621,0.0614148653202721,0.936165508483744,3.21109889678587e-41,8.18805611663082e-12,1.91218732826058e-30,2.80733452741157e-23,3
"20255",0.000373549272163227,0.0277161602237392,2.41255141927956e-11,0.971868236175193,4.20474976927101e-05,2.40079698876172e-09,4.40628880479691e-09,4
"20258",0.00405425823951269,0.00281792838935297,0.993127807039883,1.85495479458128e-37,6.33125165723057e-09,2.05464950843701e-32,1.91236240760173e-20,3
"20269",0.351649465033542,0.126154935883031,0.522190180358902,8.40150610826925e-27,1.42012706309846e-08,5.40452324009791e-06,1.47834452527345e-14,3
"20271",0.700300734365796,0.00398432787077432,0.295714934165831,8.5731465958414e-47,2.0608892862819e-09,6.37706323473424e-37,1.53670899548564e-09,1
"20285",0.770966234608914,0.00137683798587614,1.78325793182985e-18,1.44359092980109e-19,1.2912912948033e-08,1.93785278217893e-16,0.227656914492297,1
"20288",0.0126097917882042,0.982848064477338,0.00454214360971204,3.75396087069657e-27,1.24742381648787e-10,6.62700067428252e-19,3.43562392710224e-15,2
"20291",0.0716119276430067,0.000430162371568184,0.0418846241037625,1.35525886745052e-51,0.886073285881663,3.27219490416035e-34,4.3417050125939e-23,5
"20295",0.999763593243851,0.000235469715921643,8.5937869295981e-07,2.87571867146289e-28,7.53908207396397e-08,2.38187993803553e-18,2.27071344080128e-09,1
"20298",0.00131044369307858,0.00906931696578941,2.38517099946351e-16,0.821975270213179,1.18088459704843e-07,0.167603637330709,4.12137087845585e-05,4
"20302",0.218637761026497,0.0332083501255371,9.03770904404208e-14,0.000360649696092769,9.46468862504782e-07,0.73481924503598,0.0129730476469398,6
"20305",0.000288949766751784,0.000698700974601092,7.07422302735373e-20,0.99846856391099,2.23415869296777e-08,5.09107365685258e-05,0.000492852269501866,4
"20307",0.00446329353190154,0.0253374930932505,0.970196098292745,5.31603419974241e-41,3.11508210287906e-06,5.16448007749293e-28,5.29268817607256e-23,3
"20310",0.695858550840639,3.8385600819874e-09,0.30413916203631,6.11459888591753e-95,2.28328449045745e-06,1.2297822480577e-65,1.23275283077003e-35,1
"20313",0.00141985635731428,2.53016258604726e-11,4.42678322203653e-33,1.32099997306242e-07,5.43357861451374e-10,0.996614641105102,0.00196536986892711,6
"20315",0.0354178520264535,0.154286363339454,0.810295782051585,2.53027226479177e-42,2.57964376710493e-09,4.13310134784277e-28,2.86378499544072e-12,3
"20319",0.482672710845736,4.30111500156496e-05,0.0155398310312111,5.54472830499427e-42,0.501744446973037,3.47121634285591e-63,1.47733039362519e-42,5
"20321",0.00533804031006725,0.00511331438133968,0.989548645308512,2.90845587419981e-46,8.15802742141246e-14,8.32705515326233e-27,1.68648492163775e-25,3
"20327",0.0146702062755611,0.00643767545100995,0.978892118149273,3.23374168188403e-48,1.23784981141016e-10,1.1797108470411e-30,3.7109711565537e-13,3
"20329",0.0125297886857593,2.74657380313644e-11,6.82854676487933e-35,2.2371878773989e-17,1.4632294818164e-12,1.58173689666172e-13,0.987470211285154,7
"20335",0.052525961760365,2.93344918767127e-06,0.927108195562792,2.0507790225968e-56,0.0203629092276558,6.85708258451682e-39,3.71579530747285e-42,3
"20337",0.000154989157335489,0.000189708441323487,2.95808903896876e-19,0.99955823365929,1.29368868723591e-08,8.95997300058406e-05,7.45607515869499e-06,4
"20339",0.129137559929659,5.20702345656022e-07,3.7026572640273e-17,9.55193028256406e-24,0.870861919367996,7.25531733022808e-63,2.45176073796925e-25,5
"20341",0.0110032302687082,4.95243087010366e-11,4.73328144321471e-07,1.26949999323823e-57,0.988996296353623,2.73113806082357e-26,1.79332623051746e-39,5
"20343",0.817541487664709,1.91129924952475e-06,0.182375303343294,1.02059196162384e-58,8.12976927475112e-05,1.14775277747783e-28,7.32081050539127e-35,1
"20345",0.0070752708299625,0.262622655653868,5.9156898514185e-10,0.644812103135125,6.72274907042423e-06,1.3041814950793e-13,0.0854832470402744,4
"20350",0.999992899677518,7.60613128017374e-07,2.48666698426157e-13,1.35031085673938e-35,6.33970886402303e-06,3.13153699517577e-30,2.41152586976735e-13,1
"20352",0.000540903900636609,7.32900717709283e-11,8.03736358039859e-23,1.11609512021809e-18,1.86696472868672e-10,0.999459095839305,7.15554559018731e-14,6
"20355",0.996753507655536,6.47593925507947e-05,1.0659963830798e-13,1.14735642774071e-12,2.11986740206694e-05,0.00316052708684219,7.18979604806174e-09,1
"20358",0.00792856585490984,1.28904106232897e-09,1.0201307467182e-32,4.51254629642985e-10,1.03631003639896e-13,1.01636668590277e-09,0.992071431388324,7
"20363",0.000705541776011491,0.0419980968243147,0.957296361399365,1.06624293485775e-32,3.08913543767102e-13,1.17798071876027e-22,7.43747474421801e-24,3
"20365",0.159625302688273,0.0174001333223076,0.10692965039864,5.41342522168936e-21,0.716044913590779,7.50891534186405e-33,2.30009596237298e-23,5
"20379",0.0124350518549443,0.421607628685483,1.72541755910327e-12,0.0799007838118299,0.484182247953231,1.33976414077704e-09,0.00187428635302259,5
"20387",0.00613244495230909,0.0215719895579822,0.972248037982568,2.48706869813468e-24,4.75275071404987e-05,2.78919552087778e-28,5.38992165056341e-21,3
"20392",0.000587133458116407,1.20361263537795e-09,4.23408026715221e-05,1.66364907973862e-39,0.999370524535599,4.11832538232746e-68,6.11030447914675e-56,5
"20395",0.0174895484686662,0.843408065628594,8.98100618498554e-06,0.139035027831332,5.51105727743887e-08,3.59774604410433e-07,5.79621800459249e-05,2
"20397",3.47672659098012e-06,2.37451884792778e-23,1.50793893481433e-53,2.72582309414932e-31,2.59456821027014e-11,5.55550403422443e-16,0.999996523247463,7
"20410",0.0199201406863468,0.39403221807696,0.586029766545353,2.79924411287996e-17,1.78716826873866e-05,1.06408011748106e-39,3.00865214737996e-09,3
"20414",0.306796268402682,0.245060340977835,8.21960976543342e-11,0.0525275366952249,3.31543614511737e-08,0.395615263492248,5.5719545223067e-07,6
"20417",0.000121050451053695,9.23178848235934e-27,1.30522060769229e-12,3.63244447468666e-131,0.999878949547641,1.12694114530039e-117,1.37926544019431e-51,5
"20419",0.0030181135562242,0.00273298264986927,0.994248903793904,2.56774909295637e-54,1.00273502110549e-15,6.90061362240189e-25,1.0248157831884e-15,3
"20421",0.171797181590346,0.00689720431535155,1.02190333828821e-10,2.58484300632295e-10,0.794942174489734,0.0263634392438671,2.63778526893363e-14,5
"20423",0.00259567899713231,0.00433312851942425,5.17050905168044e-14,0.00198458257438492,2.85221514886658e-05,0.99105808466734,3.09017782138739e-09,6
"20425",0.268267780017304,0.0386147079770941,2.44045766755676e-13,4.01078790554773e-06,6.71044816435809e-07,0.693112830171484,1.15193703428624e-12,6
"20427",0.00804819270171923,0.976259847795257,0.00133078152458918,0.0142755045713387,6.5238207155158e-09,8.5545829972549e-05,1.21053302465202e-07,2
"20429",0.999836123587795,0.000127288616516983,3.44677064537378e-05,7.86891175194154e-54,2.12008923477623e-06,2.1287096925861e-24,2.59035012090779e-18,1
"20432",0.00903264262334483,1.3821959949813e-05,3.73033181908636e-20,6.26531431146101e-05,9.83654438087861e-12,0.990887080331342,3.8019324118184e-06,6
"20435",0.137335278480215,0.862456221036195,0.000112618274801481,1.0253607992646e-14,9.58822073107028e-05,4.14406304410282e-31,1.46767574298278e-12,2
"20438",0.0144126322438541,0.0557516190681841,0.929835748659449,4.65543838400339e-36,9.26936192658369e-16,9.37802429751364e-16,2.85108982562638e-11,3
"20440",0.0577571867533515,0.00136019010459755,0.940882621611403,2.23791490311591e-50,1.53064596251485e-09,6.43935152975296e-20,2.26345729608976e-15,3
"20443",0.280920074780768,3.64526693394398e-07,6.6118087030607e-17,3.22652415450463e-20,3.40397858366066e-08,0.719079524718802,1.93395021516152e-09,6
"20446",0.515802438045793,0.484195148123055,9.60584017853432e-07,5.40478119170568e-13,1.45205209739112e-06,7.48594791628857e-15,1.19448866473693e-09,1
"20449",0.0152993509814073,0.981813224463568,0.00285899661597028,2.62412389073958e-10,2.84265232973834e-05,6.74400735692241e-19,1.15334462711618e-09,2
"20537",0.118400811975055,0.0107455584920512,0.0560230329285702,2.98634909066427e-27,0.814830596604323,6.73676374147883e-25,4.14689134983396e-26,5
"20540",5.43693588744304e-05,6.14159276486469e-11,0.000164553318461626,5.05494005043967e-52,0.999781077261248,5.8266233483284e-70,2.80061017303492e-45,5
"20543",0.0129601980403641,0.98006821466638,0.00679791170210384,3.71933577804978e-09,5.60124913443689e-05,0.000117655493859256,3.88661228008706e-09,2
"20545",0.000195261295350165,6.48027458380073e-11,8.70157787318191e-07,2.33213055368621e-36,0.99980386848206,3.18398895874088e-50,2.84872667524812e-56,5
"20549",0.0116328863732826,0.98237557752256,0.00153912284098929,0.00349683472743785,0.00067213840987181,0.000283440058149796,6.77085780046947e-11,2
"20551",0.0019685044015081,0.12635743096719,0.871673874395243,4.60360192434801e-15,1.9016220867291e-07,7.37285957981464e-11,1.17722076679188e-13,3
"20554",0.00391087238281141,0.0356299027283605,0.960459110641144,2.28453850194052e-22,1.14242584502653e-07,1.50051063770098e-17,5.09989068670657e-12,3
"20556",0.158660956288516,0.841061956776343,0.000187246983766051,2.27034074255656e-13,8.98399510999082e-05,4.80814297180401e-14,1.27905639859469e-17,2
"20558",0.0029174313449075,0.00231631264418506,0.994766249958526,1.10052693524436e-40,6.052381833076e-09,4.44164082803253e-29,6.84433409412987e-23,3
"20560",0.00205761447451276,0.279845276233135,0.71809688046399,1.67347903349161e-15,1.09719196333752e-12,2.28827213720056e-07,5.00253457170816e-14,3
"20563",0.0106718181530494,2.9315172576441e-06,0.989325239056502,3.64778442094564e-62,1.12731909716354e-08,1.31922704995569e-34,4.43537811742285e-31,3
"20565",0.218057866234913,0.764314424981584,0.0176277087674407,1.21973267712254e-19,4.10877952632348e-12,1.19536639151504e-11,5.08467389279679e-18,2
"20567",0.0259150279854682,0.000152210037185299,2.93486826114406e-17,1.58563055025005e-05,3.7695109855092e-09,0.973217690967681,0.00069921093465155,6
"20571",0.999910408392605,8.57242841941089e-05,3.86703735868526e-06,6.17218269319557e-59,2.8584180717238e-10,7.13825217300763e-49,2.00461606804316e-19,1
"20573",0.00883071405510106,0.751695292118454,0.239469546712831,1.65067792239193e-16,4.44181056279596e-06,5.29843687576153e-09,4.61456093827485e-12,2
"20575",0.0911688136623733,0.00813572652081423,0.900695426647858,4.75090314339105e-50,3.31689545670127e-08,1.26984209359516e-37,3.73091416458337e-18,3
"20577",0.018718201977664,0.981248845366722,2.74330511323879e-05,3.41720092810357e-06,1.66183731667449e-06,7.18164412222363e-16,4.40566236422902e-07,2
"20579",0.00263159040380947,1.09832437111043e-14,2.97713773512496e-38,3.43070342220359e-19,5.71682138422077e-12,0.200389158515212,0.796979251075251,7
"20582",0.00503088319454868,0.000380314031362524,0.994588801806299,2.92417959453374e-53,9.67789601650219e-10,2.05981029743811e-38,4.85351170420918e-29,3
"20585",0.0729221350773954,0.00868316584735766,0.0214130234836898,2.75317227922779e-15,0.896981675591554,8.49272382324837e-42,2.68036517512664e-36,5
"20588",0.0138670757580885,4.41000672525568e-06,5.35610398525635e-10,2.12534255494047e-26,0.986128513699576,3.94426519459572e-27,8.96494542758967e-22,5
"20590",0.000200176842415905,4.73380245148023e-11,3.81641803940809e-33,9.49071740356871e-12,1.02731529077618e-12,0.982652339783633,0.0171474833160954,6
"20592",0.00194344322840248,0.000376304108670503,0.997680252608722,3.75485974539129e-59,5.4204526377634e-11,2.6922972389334e-26,4.06659949237864e-26,3
"20594",0.0296923189191881,7.97193703580129e-05,0.970227568931763,2.40443915337025e-53,3.92778691166943e-07,2.43336968079751e-51,3.16280588848916e-24,3
"20596",0.0444102819797718,0.709472233575554,0.246068405253648,1.54565421288937e-29,9.84576030999767e-14,9.8434898531531e-13,4.90791899437726e-05,2
"20598",0.00239741176188243,0.150185738508776,0.847416841546874,4.87721709997213e-15,8.02659916450188e-09,7.44545570211545e-16,1.55862140731859e-10,3
"20600",0.350379526386174,0.352719813978098,0.000501919829587431,2.84265063042045e-10,0.296398739521875,1.08348916912493e-15,2.31749872108624e-18,2
"20603",0.173412134603268,0.107132004301451,7.28215598848238e-14,0.711239779160777,0.0082160742519113,1.25034953869866e-09,6.43217008193389e-09,4
"20605",0.013937276182871,0.343468026634175,0.642594329406689,4.89745971019462e-36,3.67765626102099e-07,6.30856320313382e-36,1.0638597961699e-11,3
"20607",0.00038442414750018,0.158527592137797,0.841087955659683,6.92175827734054e-27,1.05512102860554e-13,1.47768097301831e-24,2.80549140940004e-08,3
"20609",0.00761692172303072,0.0545223204411369,0.937860751288371,6.06348440322481e-21,6.54719706642731e-09,1.70103900869943e-17,2.64541010242116e-13,3
"20611",0.00068309603527919,0.00337149265908291,5.19577272325463e-21,0.518487954353913,6.88381062797397e-08,3.72285527628839e-13,0.477457388113246,4
"20613",0.0079320319622092,0.858846827826142,0.132614726261956,4.10224652391424e-05,0.000565388434215742,2.22102647052345e-20,3.05023852967796e-09,2
"20615",0.0790819528043286,0.91526189060398,0.00558458466608158,2.64754028463556e-07,7.13071715216891e-05,4.90097240655894e-14,1.11578932854889e-14,2
