"","V1","V2","V3","V4","V5","best$classification"
"19811",0.952139432214866,6.42473275993127e-05,6.72744090864173e-07,0.00243868681044191,0.0453569609030025,1
"19813",0.000107923796426092,2.31882325372679e-06,9.79190031472635e-09,3.86605262882931e-07,0.999889360983157,5
"19815",0.997628779606541,0.00173753238363582,0.00058986384674418,4.05063550006454e-05,3.31780807864166e-06,1
"19817",0.998108617171432,0.00021917743912435,2.15867988030824e-05,0.00163730548402644,1.33131066142963e-05,1
"19819",0.000107058437496252,0.87966902659104,0.12022256763738,1.34517980988377e-06,2.15427458111942e-09,2
"19821",0.914330861116607,0.00211358605738231,1.14058453624331e-06,0.0622820467362222,0.0212723655052525,1
"19823",0.93527860722418,0.000804777497766735,0.0631031547985485,0.000803599616581655,9.8608629224715e-06,1
"19825",0.00538990558034862,0.171664363668596,0.000834811134371953,0.813639620330737,0.0084712992859469,4
"19827",0.354903011195327,0.000542518704041434,0.000133725033711486,0.644419106955916,1.63811100401668e-06,4
"19829",0.0031480565535658,0.985222474135735,0.000110974717724887,0.011510088118862,8.40647411234366e-06,2
"19831",0.000703359593328058,0.898869926860316,0.100422499175654,1.72505929044581e-06,2.48931141156262e-06,2
"19833",5.70471150801251e-06,4.25553658197973e-05,0.999927684027994,1.73783155448845e-05,6.67757913367732e-06,3
"19835",0.914330861116607,0.00211358605738231,1.14058453624331e-06,0.0622820467362222,0.0212723655052525,1
"19837",0.90557530158646,0.0016529920373285,1.98726248601897e-05,0.0927409311701593,1.09025811923686e-05,1
"19839",0.00759259516325655,0.957584635613195,4.10625176727505e-05,0.0321488731036461,0.00263283360222994,2
"19841",2.2809231751333e-05,3.19562801396325e-05,8.74548639444288e-08,0.99980414306868,0.00014100396456513,4
"19843",0.000160852660298522,0.976005939782953,0.0001156546532938,1.13083310928267e-07,0.0237174398201439,2
"19845",0.0975967131593555,7.81051686232938e-06,3.98813280655698e-07,7.03779979626446e-05,0.902324699512539,5
"19847",0.989269643316667,0.00510779992236011,8.71518875460899e-05,3.98530826855369e-05,0.0054955517907413,1
"19849",0.000157707033351549,2.75933807239854e-07,3.61943750477696e-09,9.18082130347469e-07,0.999841095331273,5
"19851",0.999707271297702,7.5945014675505e-05,2.67280092400126e-05,0.000152494320226816,3.75613581554485e-05,1
"19853",0.971140573656029,2.82306930955977e-06,0.000198086740727799,0.00197294080738647,0.0266855757265474,1
"19855",0.986358886908754,1.30162506832671e-05,1.02957163406985e-05,0.0119430581737646,0.00167474295045754,1
"19857",0.942590247618192,0.0111762611673891,3.45148430718228e-06,0.0315424680096709,0.0146875717204401,1
"19859",0.974985608517617,0.00160285391784618,0.00014343205104861,0.0232403912352925,2.77142781958761e-05,1
"19861",0.874996211858514,5.77294417711511e-05,2.27654239547957e-06,0.00016610454804819,0.124777677609271,1
"19863",4.94409905013884e-05,2.74431228644343e-07,4.64120180727733e-09,0.00865137144668358,0.991298908490384,5
"19865",0.00202948569858326,6.41107409812181e-06,9.06789217750293e-08,0.997960482297085,3.53025131223023e-06,4
"19867",0.993355928061943,0.000893044059812931,3.18693022039146e-05,1.06849191539757e-05,0.00570847365688586,1
"19869",0.0090138377882276,5.55425511219365e-07,1.06629762610114e-08,0.00020855144017295,0.990777044683112,5
"19871",0.90721652908212,0.00454694712732784,0.000160432526422638,0.0880704824398092,5.60882432050395e-06,1
"19874",0.151784263825298,2.88971899028157e-05,1.35876191115186e-05,0.848160777428842,1.2473936845243e-05,4
"19876",0.465209020939573,7.26786103863324e-06,6.23894410544375e-07,0.534103869155558,0.00067921814942011,4
"19878",0.294249270017219,0.689557598666662,0.0145679019964721,0.000529208440167945,0.00109602087947834,2
"19880",0.000889910763501416,2.35061561757815e-07,1.93757366021766e-08,0.999083280016449,2.65547827508274e-05,4
"19882",0.767509320880611,4.93377242209137e-05,6.93759845552881e-06,0.0028691938670909,0.229565209929622,1
"19885",0.991827702423584,0.00679052721496563,1.19347040416451e-05,0.00135487396782352,1.49616895857918e-05,1
"19907",0.945413069815892,0.00036386702566877,9.73160883417055e-06,6.12194136540537e-05,0.0541521121359514,1
"19909",0.0163102428424898,0.983348601202393,4.36521606783358e-05,2.61055595878493e-05,0.000271398234850921,2
"19911",0.031081028707823,0.934251972122784,0.0010381492876651,0.0335863215526957,4.25283290321847e-05,2
"19913",2.42053606518336e-05,1.0533690047615e-06,1.31759368582618e-07,0.999972918988042,1.69052293255608e-06,4
"19915",0.39088098404121,3.40938053038889e-05,1.16853878233089e-05,0.609066600254286,6.63651137642353e-06,4
"19917",0.0114371544912134,7.40420998832257e-05,2.05171131453939e-06,0.988479971692186,6.78000540298771e-06,4
"19919",0.788966062554492,0.000524466513251373,6.41925759462415e-05,0.210441021935341,4.25642096891709e-06,1
"19921",0.999388248906523,0.0002854874766125,1.2703357183429e-05,3.49723055846141e-05,0.000278587954096316,1
"19923",0.917204510025186,0.0563770063833778,0.0258838426996229,8.42300840793292e-06,0.000526217883405717,1
"19925",0.0429000438185311,2.22627047023669e-05,3.2634025788434e-06,0.95707209896603,2.331108158061e-06,4
"19927",0.999116361290942,9.15196980768558e-05,1.38154816222485e-05,0.000726577962086422,5.1725567273133e-05,1
"19929",0.000191173801142039,7.10573211695493e-07,7.66762563680911e-09,0.518152691436032,0.481655416521988,4
"19931",0.996410229508651,0.0010188620584834,9.77152943794726e-05,0.00247062643136029,2.56670712529381e-06,1
"19933",0.317178644645261,0.678823901958446,0.00102520960366229,0.00297056661959927,1.67717303153655e-06,2
"19935",0.917044722569125,0.0790796257052451,1.15026579457077e-05,0.00297418524910832,0.000889963818575767,1
"19937",0.999322758690992,0.000362947318586012,0.00024925602410341,5.98640767688418e-05,5.17388954934267e-06,1
"19939",0.996363297982942,0.000943339165858541,0.00012348489096101,0.00255809113342989,1.17868268090343e-05,1
"19941",0.00894562286985933,0.905469432284152,7.43349219679442e-05,0.084982752576157,0.000527857347864022,2
"19943",0.000738725938769605,2.17206005643325e-06,7.88283848984343e-07,0.999257905417733,4.08299592170337e-07,4
"19945",0.12798703024094,0.869714384846545,0.00218806262731546,0.000109847272976291,6.75012222982795e-07,2
"19947",0.0204815788833539,0.123895631123142,0.000205243313161769,0.82774800604985,0.0276695406304919,4
"19949",0.750558078690159,0.226354631745283,0.023056865982873,2.1245642970173e-05,9.17793871475735e-06,1
"19951",0.287023180780127,0.00201183446746439,5.12994557786579e-05,0.710889114427085,2.45708695450896e-05,4
"19953",0.00293647582125495,0.184962595010799,0.812100569054354,2.04178546526034e-07,1.55935046046622e-07,3
"19955",0.00891259889570389,0.949214359559843,0.0418369459084092,5.08122799390951e-06,3.10144080500604e-05,2
"19957",0.0855078740657814,0.00129101135262573,0.00151995535250131,0.911638837181635,4.23220474561931e-05,4
"19960",0.00310893160976983,0.996293738876341,0.000106800606950751,0.000427285595610126,6.32433113282063e-05,2
"19963",0.000575342182583865,0.000579810074935531,0.0685781090931172,0.930113622075979,0.000153116573384171,4
"19965",0.000659825270708259,0.998866047478685,0.00038720447185173,5.58063082266159e-08,8.68669724467127e-05,2
"19968",0.0134421325698507,0.00192432524575774,2.61863616873257e-08,0.786757274316112,0.197876241681917,4
"19971",5.09636442205084e-05,0.00198019985964539,0.00484826941307607,0.993118177111253,2.38997180463856e-06,4
"19973",0.987874526887189,0.00022378131833944,1.68603486324795e-06,0.0118216943066323,7.83114529759905e-05,1
"19975",0.0208623118741088,5.46085100185891e-05,1.05933963902507e-07,0.979032174692849,5.07989890595407e-05,4
"19977",0.00177818677561038,0.000196285326501218,0.000161972628837236,0.997487315736458,0.000376239532592827,4
"19979",5.43892906500125e-06,0.999740297127745,0.000252480597727018,1.7815508891287e-06,1.79457427023219e-09,2
"19981",0.981101093191408,0.0165498973165039,2.54711297117439e-05,0.00126552984805687,0.00105800851431961,1
"19983",0.974978949327173,0.0242359473089667,0.000137353422897219,7.07842436950719e-05,0.00057696569726838,1
"19985",0.120545327582272,6.6781549879472e-06,7.33832379983195e-07,0.8793806326229,6.66278074604498e-05,4
"19987",0.846189214936247,0.0548554593394105,0.000135300083933142,0.0988072348638259,1.27907765835898e-05,1
"19989",7.81087299566725e-05,0.996946598074532,0.00297527412859421,1.52817006082007e-08,3.78521710325542e-09,2
"19993",0.615229324524103,0.348237464999471,0.00124244773264126,0.0352876149061975,3.14783758763795e-06,1
"19995",0.240528097457482,0.74993958860586,0.000381197343676063,0.00913760186106792,1.35147319134075e-05,2
"19997",0.979354926729515,7.64636790118731e-05,6.75454897475739e-06,0.0204720758950826,8.97791474162181e-05,1
"19999",0.878968422699695,1.49365335243453e-05,6.00949481397536e-07,0.118980841514414,0.00203519830288547,1
"20002",0.000472205431861933,0.000313525448966933,2.7628007496253e-06,0.419158888827448,0.580052617490974,5
"20004",0.11927643091135,0.86587010555935,6.9734937682997e-05,0.014183533010851,0.000600195580766113,2
"20006",0.0284482405075164,0.962421708851691,0.00448671888085558,0.00121374396898734,0.00342958779094957,2
"20008",0.0518580977814758,0.927772578507627,0.0194397972265272,0.000486626671420576,0.000442899812949576,2
"20010",0.0504847323649845,0.912847069353348,0.0366583598590685,9.78287028163477e-06,5.55523174842783e-08,2
"20012",0.145519091405749,8.9983200322286e-05,7.19625631943896e-07,0.842710637218944,0.0116795685493523,4
"20015",5.16802131522624e-05,0.999941277222314,5.50026421675052e-06,8.39024902037249e-08,1.4583978267988e-06,2
"20017",0.941473073669043,4.99044227467439e-05,8.81051307477259e-07,0.0540548877759013,0.00442125308100123,1
"20019",1.46997310720131e-06,0.997915557810686,0.00208295884602745,1.27395077667632e-08,6.30671858380165e-10,2
"20022",0.00846342002591299,0.990051312431619,0.00148144122117806,3.77557031741272e-06,5.07509721441982e-08,2
"20024",4.18602843909682e-05,0.563463016520394,0.43649463473561,1.42787203071681e-07,3.45672402950804e-07,2
"20026",4.18602843909682e-05,0.563463016520394,0.43649463473561,1.42787203071681e-07,3.45672402950804e-07,2
"20028",0.705657170612898,1.8991413689131e-05,2.72037385604162e-06,0.293995468526291,0.000325649073265735,1
"20030",0.000184710065035051,0.999617550813761,8.18715283262898e-06,0.000178872543559526,1.06794248117507e-05,2
"20033",0.615618960998698,0.00173660706191903,1.03051955358225e-05,0.382568183614092,6.59431297550533e-05,1
"20035",4.01715540843773e-06,0.996829239512055,0.00316672613644602,1.57266684951424e-08,1.46942199038636e-09,2
"20037",6.06259471555902e-06,0.999623573626826,0.000370324197421331,6.36347432734125e-10,3.8944689675215e-08,2
"20039",7.80908264367943e-07,0.000459150587986912,0.999540067780646,2.38397244576193e-10,4.84705499621808e-10,3
"20041",0.691588330596229,0.253952607142903,0.0530794930922548,0.00122651631776281,0.000153052850850488,1
"20044",0.54500290952081,0.363135109071736,0.0791265799852371,0.0125640059390773,0.000171395483140187,1
"20047",4.87478684343977e-07,0.995054166549404,0.00494520208016342,1.43396250532393e-07,4.9549803039957e-10,2
"20050",0.0219949626673991,0.162081257055098,0.815857287789505,6.64866940067689e-05,5.79399052408569e-09,3
"20052",0.93129047113653,0.019317389882238,0.0015253700593323,0.0478657215599438,1.04736195573981e-06,1
"20054",0.000669618088320345,0.999290346575313,2.45100171196056e-06,1.04239058610324e-05,2.71604287937943e-05,2
"20056",0.00139543068547524,0.000186676966707751,4.25214709786397e-06,0.998412490063753,1.15013696631732e-06,4
"20058",7.061274296858e-05,0.998984154820202,0.000945190221353908,3.76111174390348e-09,3.84543633687885e-08,2
"20060",0.998011086111565,0.00107182078716267,3.24987477462094e-05,0.000857370654527868,2.72236989986621e-05,1
"20062",0.991775124163615,0.00788061835911142,4.66040833660063e-05,0.000264034604279657,3.36187896280771e-05,1
"20064",0.0317545690609992,0.96761676321568,0.000110693716304323,0.000517581900690955,3.92106325272533e-07,2
"20066",1.58310352125736e-05,0.999944337752807,2.04444030149164e-05,1.77784464845892e-05,1.60836248072608e-06,2
"20068",0.998554196147849,0.000100443657369308,4.91722771159691e-06,0.000156452948793115,0.00118399001827677,1
"20070",0.999218449650742,0.00016420544998199,0.000454860507522475,8.65374233371936e-05,7.59469684160062e-05,1
"20072",0.00121662977643224,0.994101028887506,4.52005552284206e-05,7.03903338673574e-08,0.00463707039049949,2
"20074",6.41225600405664e-05,2.46786791413802e-07,2.03194047414796e-08,0.999073111709835,0.000862498623928206,4
"20076",0.0452493595300361,0.0120380089683294,3.87273578745002e-07,0.669460244163967,0.273252000064089,4
"20078",0.0495772165742798,0.947338455859333,0.00280885831974817,0.000273706309898034,1.76293674089441e-06,2
"20080",8.65996633197389e-06,0.999085100477963,0.000906189368793775,4.99623688234545e-08,2.24542794644643e-10,2
"20082",2.70405622865378e-05,0.00873269553875296,0.991240069564168,1.94215913717932e-07,1.18878819144706e-10,3
"20084",0.0141864297883164,0.932697102350485,0.0120942653442795,0.0410215635270547,6.38989864716023e-07,2
"20087",0.0464939246015002,0.952628961280574,0.000823579083190107,1.76362507705477e-06,5.17714096586917e-05,2
"20090",0.000106307912140565,0.9776832796629,0.0222101342147173,2.77628184943995e-07,5.8205683250497e-10,2
"20092",0.14901621341558,0.0281424966181678,0.821981588347683,3.81273241975257e-07,0.000859320345326694,3
"20096",0.557211370955924,0.0109054421543206,0.421194620131855,0.0106747021455586,1.38646123417166e-05,1
"20098",0.631420968176767,0.00050082758443781,2.31027901214512e-05,0.368044815339252,1.02861094223749e-05,1
"20101",0.000188128285023776,0.998330259099933,0.00130486768347427,0.000176738923541732,6.0080278464838e-09,2
"20104",0.560751411075812,0.000249287184771632,0.0796400849946318,0.00289878169439605,0.356460435050389,1
"20106",0.00131254242460569,0.998517163846566,8.36765185229306e-05,8.65997288744151e-05,1.74814306461344e-08,2
"20108",0.946772008464028,0.000832009679887774,3.94092733999108e-06,0.0520408107089944,0.00035123021975,1
"20110",0.530491911930746,0.00932812938116367,0.302592053074677,0.15758716217585,7.43437563537225e-07,1
"20112",0.0272838936514784,0.955525473579653,0.0171384217475573,5.21362042005594e-05,7.48171106116477e-08,2
"20114",0.0580370647384671,0.804328717330982,0.00183011213693869,0.135799652761984,4.45303162813053e-06,2
"20116",0.00679858602855505,0.964464698661352,1.15017802681481e-05,0.0286567789291226,6.84346007022894e-05,2
"20118",0.769309668817134,0.0801246400900071,0.000426152096221149,0.150133839352452,5.69964418630056e-06,1
"20120",0.00879588716529124,0.965297409836337,0.0246579296451524,0.00124876901405525,4.33916418762839e-09,2
"20122",0.00104771338361327,8.46194291792798e-06,6.4374879672269e-08,0.998920795211139,2.2965087450224e-05,4
"20124",4.72653878761381e-05,0.997936376927193,0.00201610792836049,6.2288597789292e-09,2.43527710671198e-07,2
"20126",8.23918353576833e-06,0.0108816220390475,0.989109538647748,3.40507147103616e-07,2.59622521236045e-07,3
"20128",2.8225906242472e-07,0.293782990813211,0.706216717586997,3.65816426669656e-09,5.68256490557958e-09,3
"20141",0.796761747150547,0.000188971582816264,0.0372410556713991,0.165622510058153,0.000185715537085222,1
"20143",2.69098891461428e-05,2.19861450849186e-07,2.20143927840304e-08,0.999954248928256,1.85993067542559e-05,4
"20145",0.0128838176645107,0.982815425463542,0.00428561820166531,1.51346598976428e-05,4.01038401992363e-09,2
"20147",0.00246299317388182,0.997381712720414,0.000143809349769422,1.14462288699581e-05,3.85270644619749e-08,2
"20149",0.000952934267382683,1.20150015710666e-06,1.43330850388662e-07,0.999031843190148,1.38777114622384e-05,4
"20151",0.840834469229278,0.000651064176637945,1.16035155420872e-05,0.158493340052478,9.52302606357589e-06,1
"20153",0.285635184785927,0.00199055857800507,0.0118670507555457,0.700507075554099,1.30326423522773e-07,4
"20155",0.000478661774304203,0.999313815699312,0.000206709284966997,7.15595295502636e-07,9.76461207682776e-08,2
"20157",0.266246944918281,0.000206510245438428,2.0990044311932e-05,0.733519354891457,6.19990051139275e-06,4
"20160",4.07341729614528e-05,4.41462784224526e-07,4.8664962662778e-08,0.999955780871267,2.99482802449411e-06,4
"20162",0.00212614845861728,4.37616630322799e-07,4.57361243762019e-08,0.997859987438623,1.33807500046563e-05,4
"20164",0.0471287452063506,0.000163104059153676,4.23661137879441e-05,0.952659637130171,6.14749053699924e-06,4
"20166",0.000151371923641541,0.998404344538878,9.20581708914184e-06,0.0011682645172082,0.000266813203183554,2
"20168",4.4521278453787e-05,0.00338484049774794,6.63611535668817e-07,0.000810037553469145,0.995759937058794,5
"20170",0.524118135017266,0.000360967052152029,7.66196838547606e-05,0.475440331975957,3.94627076997968e-06,1
"20172",0.00515743834644787,0.993685372880455,0.00115700086361887,1.30345040351488e-07,5.75644379355748e-08,2
"20174",0.408317687104812,1.49264127033646e-05,1.46861514480786e-07,0.399047274555382,0.192619965065588,1
"20176",0.000162895895714039,0.000240740193937834,5.82548807271146e-08,1.0400847899422e-05,0.999585904807568,5
"20178",2.55414280030232e-05,5.32020511495008e-07,1.02237613700582e-07,0.999972234674576,1.58963929537001e-06,4
"20181",0.00018466634834585,0.994722975977904,1.17070919841728e-05,0.0050782757996195,2.37478214608217e-06,2
"20183",0.994923584369335,0.00404440794191327,0.000997770319299875,2.89335580494432e-05,5.30381140181492e-06,1
"20186",0.974455430906578,0.0193382418020825,0.00362796918973621,6.89995088025939e-07,0.00257766810651531,1
"20188",0.000227815329255655,4.56445033104473e-07,1.02513533491366e-07,0.999769776262508,1.84944967015933e-06,4
"20190",7.38591223290302e-05,0.999903696965331,2.16998124018345e-05,6.89290243708095e-07,5.48096942079371e-08,2
"20193",0.000572672839499663,0.0037752648800752,3.94615485881676e-06,0.94432502054693,0.0513230955786367,4
"20195",0.167015689864313,0.00208445918091255,4.00115625629954e-05,0.830853825191214,6.0142009976676e-06,4
"20197",0.00363937629325534,0.995898035640664,0.000462248281382587,2.00544542988542e-07,1.39240155624538e-07,2
"20199",0.045387378342747,7.98592579180387e-06,1.00199517030403e-05,0.954592122130764,2.49364899396758e-06,4
"20205",5.27932409207258e-05,0.000334792838222566,0.999612400846326,1.26708323971835e-08,4.03698065005498e-10,3
"20208",0.968290015251773,0.002834052450021,1.96516891263742e-05,0.0287938319484351,6.2448660644937e-05,1
"20210",0.00688901225188568,1.54326698494147e-06,1.96279630165533e-07,0.993103621536069,5.62666543054067e-06,4
"20212",0.0917106315716525,0.000190037806276701,7.92438192565709e-06,0.908081496628599,9.90961154629568e-06,4
"20216",0.00291606718702669,0.996899243655273,7.03589975182751e-05,0.00011383153646736,4.98623714337439e-07,2
"20219",0.0130988122384649,0.416559043721553,0.570223468702175,0.000118664313602306,1.10242056007747e-08,3
"20223",2.45124010008122e-05,0.99763219239699,0.00031033489431109,2.22208773632226e-09,0.00203295808561094,2
"20226",0.928726937989841,0.062149695963283,0.00649795621572988,0.00262216106824784,3.24876289857066e-06,1
"20230",3.03771420893383e-05,0.999875972445573,9.35156651615155e-05,9.18285733182568e-08,4.29186028635742e-08,2
"20233",0.00292189238099671,4.85741231087618e-06,0.997033043186565,3.90939790842143e-05,1.11304104306032e-06,3
"20235",0.000707914223159038,0.967145500670029,0.0319629482687873,1.2999037632327e-08,0.000183623838987185,2
"20239",0.0219001263137769,0.974088176107857,0.000854291786651874,2.92055602826514e-06,0.00315448523568597,2
"20254",6.02841018351943e-06,0.00929459584436466,0.990699361943715,1.37821653533158e-08,1.95708440093293e-11,3
"20256",0.000139824045720951,0.999592644907743,0.000266972132699213,1.35708086457718e-08,5.45343028050142e-07,2
"20262",0.201401649071719,0.000133800751875246,5.84191836291739e-06,0.798454660482116,4.04777592624179e-06,4
"20270",0.0219705911097697,0.967979919569833,3.26542413104618e-05,0.00667749405729218,0.00333934102179439,2
"20284",0.659565039331132,0.0125846827510128,0.327793191303837,5.6480803686919e-05,6.0581033119062e-07,1
"20287",2.6806439656324e-06,0.999857974299708,0.000139156311332767,1.95210757943535e-09,1.86792886120958e-07,2
"20290",0.00415405024196986,0.00315461058705993,0.992646701161452,4.46370809662219e-05,9.28552577856965e-10,3
"20293",0.0636563986985057,0.934056828722775,0.00225567871305272,2.95332752927286e-05,1.560590373662e-06,2
"20296",0.220981439233551,0.00872576141041811,2.6330362351076e-07,0.75296713277521,0.0173254032771975,4
"20301",1.6994210430714e-06,0.999486870183434,0.000500777550223354,1.05693345414852e-05,8.35107583442169e-08,2
"20304",5.98548438629774e-05,0.0105250853368181,0.989414711200811,3.48247334982432e-07,3.71172787684171e-10,3
"20306",5.54205421648216e-05,0.998041006487342,0.00190351980489297,3.88633051170293e-09,4.92792694921023e-08,2
"20309",0.437319098313178,0.557027735144306,0.00534011363138286,0.000310615386240644,2.43752489203344e-06,2
"20311",0.00694148360278836,0.991454715612612,0.00100405470604462,0.000597259605763137,2.48647279179791e-06,2
"20314",0.944077712928768,0.00385072305530263,0.00010432225219405,0.0519659615472999,1.28021643562665e-06,1
"20318",9.49471043292122e-05,2.65127459477313e-05,2.18101689380858e-07,0.999858848849213,1.94731988203166e-05,4
"20320",0.987060267895575,0.0026949601237887,0.00627525813748258,0.00393537785797084,3.41359851832266e-05,1
"20326",0.875427826588018,0.0053003963877236,0.000240339868272556,0.11902830285354,3.13430244630635e-06,1
"20328",0.996154942434073,0.00138081503912471,0.0024273879522155,2.87127128234199e-05,8.1418617634123e-06,1
"20330",0.0072762024059497,0.963888007377749,0.0288251707603027,4.99560284859881e-06,5.62385315045371e-06,2
"20336",0.050612749153661,0.0201657565814654,0.929218723882064,2.74595388980304e-06,2.44289198629215e-08,3
"20338",0.0026902541636596,0.0270362975362397,0.970101820244649,0.000171617368939364,1.0686512384107e-08,3
"20340",1.19038072592264e-05,0.999556039883498,0.000431909729534463,4.77335051036267e-08,9.88462038106045e-08,2
"20342",0.000310032037055162,0.000761921391219681,0.998672172422083,0.000198993500899697,5.68806487426048e-05,3
"20344",0.00292962469490064,0.996452405432943,0.000616455147158632,1.01334051723761e-06,5.01384480943177e-07,2
"20349",8.38443836860539e-05,0.999760006598353,0.000155873826027501,1.10556942662705e-08,2.64136239310182e-07,2
"20351",0.0682252875245514,0.916491847602728,0.0143525911701111,0.000928680681720469,1.59302088899268e-06,2
"20353",0.00236030024994582,0.921829573984365,0.0758098922095874,1.75348441089486e-07,5.8207660769554e-08,2
"20357",3.4638560024958e-05,0.00181731526218121,0.998148044836401,9.30026906272249e-10,4.11366440726421e-10,3
"20360",0.0012859598683345,0.0255429055810685,0.972322943609308,2.30396627737482e-06,0.000845886975011826,3
"20364",0.0779952478697772,0.917937543146663,0.00404117430630263,2.59639365172272e-05,7.07407397259203e-08,2
"20366",0.0112072963374966,0.00192232633412867,0.986844178134602,2.61808322358902e-05,1.83615366740062e-08,3
"20381",0.00385410154894241,2.80839372980041e-06,4.92489957271189e-07,0.0229734196002002,0.97316917796717,5
"20391",0.193508554562584,0.427171145259993,0.0401306365628943,2.04538309296302e-07,0.33918945907622,2
"20394",0.995909164354658,0.000220002682788848,5.758119449439e-06,0.0016290566161963,0.00223601822690683,1
"20396",0.194992858072626,2.33536313753505e-06,7.69860415428274e-08,0.0249800177799101,0.780024711798285,5
"20409",0.169641703647415,0.562744968009758,0.00104277397616199,0.266558932174518,1.16221921471068e-05,2
"20411",0.000966042692113375,0.906757877209302,0.0922760557197224,6.99002905634966e-09,1.73888329431012e-08,2
"20416",3.80555165937113e-07,0.0647465222538519,0.935253096484836,1.05473946077575e-10,6.00671838621328e-10,3
"20418",0.10424550875059,1.87733188069746e-06,3.75878380433204e-08,0.107029513832274,0.788723062497418,5
"20420",0.0268888228766147,4.97258746891571e-05,0.972698775466523,0.000361410506395633,1.26527577713928e-06,3
"20422",0.00109903623027706,0.99840860592021,0.000432885105620338,5.93867261462751e-05,8.60177462853582e-08,2
"20424",0.000745717206222299,0.959841769856252,0.0394124861537631,1.85490044290248e-08,8.23475755493425e-09,2
"20426",1.91564400914546e-05,1.13359018439078e-05,0.999841283265963,0.000128223136843124,1.25525828421581e-09,3
"20428",0.0978962401911835,0.899445635294402,3.38197689953829e-05,2.48160872685761e-05,0.00259948865815037,2
"20431",0.822889539592767,0.0414211495846716,0.00888011005688643,0.126805972206796,3.22855887985092e-06,1
"20433",1.02473432220121e-05,0.999738148000903,2.11402603179802e-05,2.26816063958809e-08,0.000230441713950976,2
"20436",0.000113584660593049,0.00957867134516575,3.99598220017389e-07,1.36854090015587e-05,0.990293658987019,5
"20439",0.348736479846763,8.52118152007804e-06,1.1524776280387e-07,0.357811910001452,0.293442973722502,4
"20441",0.000231847728978422,0.00152565310642362,0.998242176272915,3.219523625146e-07,9.39320768433791e-10,3
"20444",0.000125663399107073,2.5121085769191e-07,3.04800472993442e-08,0.999868908687652,5.14622233623547e-06,4
"20448",0.615390798274804,0.0166614992842132,0.002034800265087,0.365542973986562,0.000369928189333859,1
"20536",0.343333587013217,0.000316640978563246,1.58301756508086e-06,3.43262827602933e-05,0.656313862707895,5
"20538",0.0980921129855464,0.298094332749269,0.603791266190794,7.59038531105065e-06,1.46976890791719e-05,3
"20541",2.57939506159487e-05,0.952806832324876,0.0471673616239467,1.18604725336196e-08,2.40089327993384e-10,2
"20544",0.762362524253664,0.227751987717106,0.00107821801220245,0.00880201030248579,5.25971454135414e-06,1
"20546",0.00270426628487254,0.991225280783312,0.00607040334385076,3.25016614012247e-08,1.70863029886671e-08,2
"20550",0.555870674112454,0.407717412301123,0.0313611465939294,0.0049812749641029,6.94920283910658e-05,1
"20553",5.60265398271799e-08,0.0474566102338577,0.952542927012096,4.02928823188418e-07,3.79868310000563e-09,3
"20555",0.00295990124696191,1.52331151199432e-05,0.997024067585519,2.39071146563025e-07,5.58981252932785e-07,3
"20557",0.553604594356571,0.198410953088724,0.243858265684138,0.00412570235050795,4.84520059281766e-07,1
"20559",0.000587009366739327,0.999341915994743,6.74758294337563e-05,3.58945259582161e-06,9.35648828879904e-09,2
"20561",0.548858323198434,0.00148613192707378,7.57167256847666e-05,0.449571149145038,8.67900376981655e-06,1
"20564",2.55414280030232e-05,5.32020511495008e-07,1.02237613700582e-07,0.999972234674576,1.58963929537001e-06,4
"20566",0.135204066193494,0.864541006067656,1.50988368943726e-05,0.000168354343088082,7.14745588674069e-05,2
"20569",0.697364126089538,3.83344083815175e-05,7.97932420115843e-07,0.301728792207029,0.000867949362630981,1
"20572",0.0303133872514821,1.04512365427098e-05,5.80223485247371e-08,0.968974202723514,0.00070190076611294,4
"20574",0.000427932408016135,0.997589454587294,0.00197709160832954,5.51974673413852e-06,1.64962652634321e-09,2
"20576",0.000157679769095574,3.02787555308662e-06,2.40229178121817e-07,0.999838033405109,1.01872106366659e-06,4
"20578",0.216437301081649,0.77487691424991,0.000851226760624989,0.00783243503087004,2.12287694532053e-06,2
"20580",0.204585243087082,0.795152252092907,7.67153196803227e-05,0.000160258888830722,2.55306115000316e-05,2
"20583",8.70188112882942e-05,2.30206476562196e-06,1.95535186034372e-07,0.999909431303323,1.05228543728286e-06,4
"20586",0.125876260479877,0.872309876566671,0.00180290437819794,9.34373466292694e-06,1.61484059106454e-06,2
"20589",9.00401162664896e-05,0.99973488451051,0.00017486373693317,2.27060297750186e-09,2.09365687294226e-07,2
"20591",0.810264821291024,0.00539197731266085,0.184274163586194,2.07315253094681e-05,4.83062848119947e-05,1
"20593",6.56295702706236e-07,0.999933306435013,6.59936685261631e-05,2.24739975845436e-08,2.11267601487439e-08,2
"20595",0.00514158310680863,0.994454617755055,0.000307716947297336,9.59848651405895e-05,9.7325698769565e-08,2
"20597",0.00132036345081641,2.83042104298641e-07,5.42398375715352e-09,1.38146001568936e-05,0.998665533482939,5
"20599",3.43470247758689e-05,6.29737316537048e-07,4.96754800049766e-08,0.999962470213844,2.50334858390597e-06,4
"20601",0.999015877056569,0.000409037695920763,6.21915881813795e-05,0.000506902125551525,5.9915337772164e-06,1
"20604",2.10294357565305e-05,0.99991172273143,6.55194514642744e-05,1.72257478815075e-06,5.80656139881929e-09,2
"20606",2.63838431231159e-05,0.999896973984131,7.65894681936299e-05,4.44767501341622e-08,8.22780252076611e-09,2
"20608",0.00114620851563346,0.998836748400614,1.41521258576983e-05,4.86539535982561e-07,2.40441835888693e-06,2
"20610",0.001135523346145,1.71483177680113e-05,1.30328772474433e-06,0.9988444398553,1.58519306238275e-06,4
"20612",0.00270980571242877,0.24370012242758,0.116167623419115,0.00140995111707248,0.636012497323804,5
"20614",0.00525148586510697,2.19611608168442e-06,8.01390710748871e-07,0.994744200805182,1.31582291861194e-06,4
"20616",0.990679183039678,0.00763147581785609,0.000157787116704727,0.00146655734416813,6.49966815929309e-05,1
"20618",0.00180459632729405,0.000377579890826788,0.997789781259623,2.80382403666409e-05,4.2818892857767e-09,3
"20620",0.000978572711512683,0.998859192512562,4.72179137612236e-05,5.25924597694834e-05,6.24244023943705e-05,2
"20622",0.000385832008914711,8.34965744392954e-06,3.05971660147801e-07,0.999604947107746,5.65254234601761e-07,4
"20624",0.000909636988155901,0.97750684062613,0.0215833458294748,1.17968798209716e-07,5.8587441035914e-08,2
"20626",0.0250827432125004,0.755149931022958,2.59373740053052e-06,0.00163695011910877,0.218127781908032,2
"20628",0.453586766467634,0.325678399747906,0.000420978602134748,0.000953099334312783,0.219360755848013,1
"20630",0.125597721386998,0.856000455094783,0.00040689995594279,0.0179881043735116,6.81918876401961e-06,2
"20632",0.00485265185156425,2.57531498156394e-07,1.28510942338858e-08,0.994049493150305,0.00109758461553842,4
"20634",4.51583234055783e-05,0.999901831588227,5.29591303415404e-05,3.37548665718841e-08,1.72031594243394e-08,2
"20637",6.4917078430619e-05,0.0136786726122641,0.986241781863925,1.46284167336158e-05,2.86468121764254e-11,3
"20639",0.220740825591569,2.35799723118494e-05,6.29315622238825e-06,0.779223134837665,6.16644223185521e-06,4
"20644",3.06616795840563e-07,0.454053734929093,0.545932528448806,3.61957906106941e-08,1.33938095144189e-05,3
"20646",0.000334925769347751,0.978423190110111,0.0190725659702693,1.19104954796103e-05,0.00215740765479225,2
"20648",0.979377440231307,0.000223323608192778,6.13766711486095e-05,0.0203357285844342,2.13090491739088e-06,1
"20650",0.000308149008618014,0.773673472709834,0.226018249509846,8.3317307379661e-08,4.54543945377765e-08,2
"20653",0.994121002579879,0.000522556873270194,0.000702387524421862,0.00453596764877078,0.000118085373658031,1
"20658",0.00022518540372992,0.999540777539494,6.7558185364537e-06,4.28589885663782e-08,0.000227238379251465,2
"20661",0.0106093296746347,0.0591449650833723,0.930072809413578,3.27954492131931e-06,0.00016961628349301,3
"20663",0.487858317578178,0.510364868015754,0.00175892026640317,1.34419591220085e-05,4.45218054269892e-06,2
"20665",3.98396043906862e-05,4.21152569923412e-06,1.45378268756449e-08,0.999880626527275,7.5307804808536e-05,4
"20667",0.94638930817059,0.0290952470865434,0.000788141209343231,0.000365447603162119,0.0233618559303611,1
"20669",0.0332868856196049,1.70301739265488e-06,1.71397065653395e-07,0.000469438867093768,0.966241801098843,5
"20671",0.00353838236582639,0.214432550525755,0.781883008753434,0.000146057717205026,6.37779352329936e-10,3
"20673",0.00113362916178488,1.60234682514003e-07,2.55550639079251e-09,6.44267972089141e-05,0.998801781250817,5
"20675",0.78400548307617,0.0091222865226803,1.14355144698744e-05,4.62117493663019e-05,0.206814583137313,1
"20677",0.525388691871797,0.473671026563236,0.000292002313474598,9.840469661612e-06,0.000638438781830764,1
"20679",0.0374319275257234,5.11312118688574e-07,7.90758775897525e-08,0.00164397426184068,0.96092350782444,5
"20681",0.944376707096049,0.000116137942102714,6.69386098209699e-06,4.63540030710889e-05,0.0554541070977951,1
"20683",0.641891929110602,0.353931881154801,9.69450904825984e-05,2.31685811461277e-05,0.00405607606296841,1
"20685",0.016576087857069,1.77134666926221e-05,0.983323684774672,8.04996102249898e-05,2.01429134118863e-06,3
"20687",0.0489040347945903,7.26484142451569e-06,1.92100546715008e-06,0.951083593544754,3.18581376352585e-06,4
"20689",5.78868711764998e-06,0.253530066122977,0.746429863789955,3.22827122971841e-08,3.42491172385926e-05,3
"20691",0.000191726369695267,5.5072715151316e-07,1.06697727055569e-07,0.999806640918737,9.75286689145167e-07,4
"20693",3.182235516865e-05,0.998887295052981,0.00108078881895586,4.58426495925994e-09,8.91886295106523e-08,2
"20695",0.994412407848128,0.000221403745322666,1.7565426499638e-05,0.00532290295756404,2.57200224854893e-05,1
"20697",0.000192015628958889,0.999444447866556,0.000308957178322111,5.45774997516799e-05,1.82641113484171e-09,2
"20699",0.668714367386077,0.31507580468026,8.94173140221729e-06,0.000223276429349137,0.0159776097729116,1
"20701",0.0974176124417285,0.901638135691795,0.000206702189760519,6.56884540740638e-07,0.000736892792175864,2
"20703",0.0299800893099182,1.99674624148254e-05,0.00119780808092064,0.000196899394244804,0.968605235752502,5
"20705",0.0030609378662462,0.99309910140714,0.00383963210804692,2.15601986548433e-07,1.13016580450378e-07,2
"20707",0.995985228250628,0.00373116990625303,0.00025714744108716,2.10844900828812e-05,5.36991194933759e-06,1
"20709",0.0587995545616286,0.0291847682726017,7.1716374129521e-06,0.911614719447841,0.000393786080515206,4
"20713",0.95690167029373,9.64144923843186e-05,0.0122960373268607,0.0304994085753721,0.000206469311653357,1
"20715",1.69677428739013e-05,0.876664225944657,0.0999694561218405,0.0233486193852207,7.30805407541665e-07,2
"20717",0.999639775990843,0.000110081829174356,2.23978014832899e-05,0.000178756907508016,4.89874709917217e-05,1
"20720",0.0136153835108785,0.986062853719599,0.000290889052806781,2.02525698556474e-05,1.06211468595537e-05,2
"20722",0.0222815976108861,0.97765265885469,6.23050321828075e-05,2.44199767373722e-06,9.96504566799616e-07,2
"20724",0.793433413747284,3.84952413267523e-05,5.5085463900484e-06,0.20649246942656,3.01130384388058e-05,1
"20726",3.9392880521688e-05,0.999098165166484,0.000862290773844033,2.7022864764919e-09,1.48476864106663e-07,2
"20728",0.991434867027221,3.16320413394505e-05,3.12744884438036e-06,0.000223675361622165,0.00830669812097268,1
"20730",0.594397973659891,0.000791706987108712,4.91207960133754e-05,0.404754486512804,6.71204418321083e-06,1
"20732",0.355075331518286,0.511022081831712,0.098066053481798,0.000121256392985576,0.0357152767752185,2
"20734",0.727768504720131,0.271082610915059,0.00110551198046682,3.79046249851915e-05,5.46775935886275e-06,1
"20736",0.105663090918639,2.43624958866287e-05,5.68873725600779e-07,0.894279326017907,3.26516938419247e-05,4
"20738",0.0120799322662653,0.586154856583002,0.0700241527195554,0.327095626769826,0.00464543166135073,2
"20740",0.0691562288560192,0.618079642910441,0.31243398984479,3.37160360513836e-08,0.000330104672713699,2
"20742",0.998572949596117,8.74546548214264e-05,0.0011093623270882,0.000208824977513877,2.14084444592523e-05,1
"20744",0.0173443325432234,2.06025660235817e-06,1.306395131446e-08,0.971163378537011,0.0114902155992115,4
"20746",0.94375681387138,0.0560149905391214,7.34844409144191e-05,6.78811948788273e-05,8.68299537056176e-05,1
"20748",0.710970049118155,3.76340093095873e-05,2.13193839787155e-05,0.288956681425913,1.431606264447e-05,1
"20750",0.32006196104821,0.000418478708571948,1.02929286406086e-06,0.67929457073526,0.000223960215094085,4
"20752",0.0372298109308657,0.96204076751597,0.000727572118264072,5.07073931073098e-07,1.34236096874177e-06,2
"20754",0.000462243360035683,3.25282411872323e-07,1.9589671053258e-09,1.25289291661168e-05,0.999524900469419,5
"20756",0.648223647238369,0.0804633804137936,0.000187932619012666,0.271101918496539,2.31212322852138e-05,1
"20758",0.00307170563077677,0.00928293990088195,4.14590783757138e-07,0.00640945063147585,0.981235489246082,5
"20760",0.802637159822295,1.37907807398843e-05,3.7109639477735e-07,0.194142173536119,0.003206504764451,1
"20762",0.00198934178613114,7.14967211393349e-07,1.76535622644848e-08,3.85325740187191e-06,0.998006072335693,5
"20764",0.246225761765493,4.81926953544621e-06,2.55527522660685e-06,0.752721745128681,0.00104511856106459,4
"20766",0.914230114386665,1.95958900160786e-05,3.32995136063143e-06,0.0856690817766632,7.78779952951395e-05,1
"20768",0.176474575579445,0.000472329737874977,1.74683518772108e-05,0.823031625884409,4.0004463941133e-06,4
"20770",0.102988518697059,0.00733135869047396,1.75373385991093e-06,5.50768958002107e-05,0.889623291982807,5
"20772",4.02075170727043e-05,0.999950359302473,8.87917935230369e-06,4.86114350701863e-07,6.78867513053782e-08,2
"20774",1.23116199557005e-06,0.999237106495282,0.000746147850410395,2.36825511493401e-09,1.55121240567247e-05,2
"20776",0.998574668233969,0.000650478068157857,0.000744610517490487,2.10982929275831e-05,9.14488745525688e-06,1
"20778",3.11574881256568e-07,0.303219015523423,0.696780596220152,7.37877637003974e-08,2.89377968135519e-09,3
"20780",2.58174883594945e-05,2.17011746354054e-07,6.93150500491954e-10,1.57528593530233e-05,0.999958211947391,5
"20782",0.00070611572707989,1.27465553044517e-07,4.18035777197469e-09,0.000113647057770156,0.999180105569239,5
"20784",0.00286337588386718,1.94993252653741e-06,2.65557289331901e-08,2.96331521979143e-06,0.997131684312658,5
"20786",0.000255544546381158,1.74939952989387e-06,6.29937653648657e-09,0.97306548078907,0.0266772189656422,4
"20788",0.991953122679221,0.00731915724245961,0.000669554897550153,5.69213965978943e-05,1.24378417129656e-06,1
"20790",0.63617192327285,3.84237162554652e-05,1.60418793822583e-07,0.0917573502736008,0.2720321423185,1
"20792",0.560077274869358,0.0199051495264068,0.00129209039782255,0.418722107211576,3.37799483653351e-06,1
"20794",0.328902813116323,1.4938971197196e-05,7.24856619242214e-08,0.509540581538192,0.161541593888626,4
"20796",0.000603948301978758,0.997117384441433,0.00227862685531535,2.72690920875632e-08,1.31321805800713e-08,2
"20798",2.55414280030232e-05,5.32020511495008e-07,1.02237613700582e-07,0.999972234674576,1.58963929537001e-06,4
"20801",0.000817881560670889,1.34680896375709e-05,8.45991632574678e-07,0.999160584809038,7.21954902116108e-06,4
"20803",0.978324209290797,0.0194016749548426,0.00224966711142954,1.13953350281902e-05,1.30533079032543e-05,1
"20805",0.766990926757602,0.232294674634168,0.000651037844327168,5.28566171710936e-05,1.05041467317995e-05,1
"20807",2.55414280030232e-05,5.32020511495008e-07,1.02237613700582e-07,0.999972234674576,1.58963929537001e-06,4
"20809",0.996494069199368,0.000979183739975691,0.000749164750902151,0.000959950468264716,0.000817631841489552,1
"20811",0.0239752219597085,0.00704739666469466,0.00161916394891357,0.967351982788438,6.2346382451294e-06,4
"20813",0.542462420600584,0.392080852275638,0.00246039131145037,0.0626046365264998,0.000391699285827902,1
"20815",0.000243978696732076,3.89256876172308e-07,7.84784725169067e-09,0.751385117665754,0.248370506532791,4
"20817",0.972664711305838,6.6204484718193e-05,3.15677188287534e-05,0.0272318285067574,5.68798385787548e-06,1
"20819",0.750788792738411,0.244833235448858,0.00436468037133482,1.53481440386382e-06,1.17566269924405e-05,1
"20821",0.000443581329158346,0.397640220266067,0.000219784966827596,0.00306401147929022,0.598632401958657,5
"20823",0.891361776727833,0.0967430090469552,0.00265048599650769,0.00923877226287987,5.95596582479032e-06,1
"20825",0.933740805556871,1.34588079980099e-05,1.2239586041573e-06,0.0658281471823286,0.000416364494198556,1
"20827",0.16651748780762,0.000149233279032879,0.000127227091968032,0.833195835214832,1.02166065469266e-05,4
"20829",0.00142737078904045,0.997445892924651,0.00109939727670743,1.21493178842745e-05,1.51896917167321e-05,2
