"","V1","V2","V3","V4","best$classification"
"19811",7.19980358047889e-05,9.93231713445632e-07,0.99729563089905,0.00263137783343118,3
"19813",0.00395933003480881,2.10988283594252e-05,0.993943631543003,0.00207593959382918,3
"19815",0.00456396021346451,0.00171320608083305,0.993614519272359,0.000108314433343319,3
"19817",0.000595873490584637,6.97754605461761e-05,0.996451885801115,0.00288246524775431,3
"19819",0.861241553225973,0.13866490198773,9.07020788645932e-05,2.84270743281312e-06,1
"19821",0.00226999320822323,2.09095027526493e-06,0.940048896665354,0.0576790191761473,3
"19823",0.00200311575584124,0.105998482010865,0.890387150219946,0.00161125201334749,3
"19825",0.156793817457213,0.00113213154209068,0.0104987347617546,0.831575316238942,4
"19827",0.00157578471858533,0.000425085103624975,0.313658821452834,0.684340308724956,4
"19829",0.981932171525076,0.000225481980654752,0.00362859294325422,0.0142137535510154,1
"19831",0.890986505585298,0.107947885465725,0.0010604035335474,5.20541542913669e-06,1
"19833",9.54321164176631e-05,0.999820029944575,2.41580446723462e-05,6.03798943352618e-05,2
"19835",0.00226999320822323,2.09095027526493e-06,0.940048896665354,0.0576790191761473,3
"19837",0.00427330107828798,6.98210150701906e-05,0.874450189507597,0.121206688399045,3
"19839",0.934522351821865,8.57190452430971e-05,0.0143984869361961,0.0509934421966955,1
"19841",5.56059976032787e-05,2.32292081739083e-07,7.11008548471287e-05,0.999873060855468,4
"19843",0.998722559918499,0.000222731855230378,0.00105385890374653,8.49322524028915e-07,1
"19845",4.27426508390522e-05,2.40064842604507e-06,0.999357836096268,0.000597020604467214,3
"19847",0.00519404023846448,0.000114830761401037,0.994619281066303,7.18479338312342e-05,3
"19849",0.000387014536522253,5.86692416264907e-06,0.996424039010191,0.00318307952912399,3
"19851",0.000178448930463798,6.57209562716874e-05,0.999462605227965,0.000293224885299131,3
"19853",3.85234336332636e-06,0.00016887796485246,0.997748316301609,0.0020789533901757,3
"19855",2.37484768131909e-05,1.74431548420169e-05,0.987186614696879,0.012772193671466,3
"19857",0.0114268463056377,6.20330928063558e-06,0.956745792728479,0.0318211576566031,3
"19859",0.00384653766415618,0.000405553654115574,0.96131966476939,0.0344282439123377,3
"19861",5.79499854929023e-05,2.62743156959335e-06,0.999714364989957,0.000225057592980393,3
"19863",2.85520318028201e-05,5.83975549589419e-07,0.021057961519509,0.978912902473138,4
"19865",1.99090685809674e-05,3.97842269955476e-07,0.00350891963540104,0.996470773453748,4
"19867",0.000941682334288994,4.12499904200686e-05,0.998997097085953,1.9970589338174e-05,3
"19869",2.67446357109144e-05,5.89040458422206e-07,0.987143071824947,0.0128295944988839,3
"19871",0.0121641659501096,0.000541665586104866,0.865169630117144,0.122124538346642,3
"19874",8.43697315745856e-05,4.28987858824586e-05,0.162082382495476,0.837790348987067,4
"19876",1.67596637542609e-05,1.63390003550396e-06,0.527907933468421,0.47207367296779,3
"19878",0.657038186205582,0.0211965319048571,0.320798118911556,0.000967162978005063,1
"19880",7.8822111313249e-07,7.44113642063573e-08,0.00203085529117376,0.997968282076349,4
"19882",5.44156372537885e-05,8.25566687421036e-06,0.996660299968939,0.00327702872693331,3
"19885",0.0148782468737749,4.29103765614625e-05,0.982569687166127,0.00250915558353668,3
"19907",0.000330957240107584,1.10649745901857e-05,0.9995695627879,8.84149974024104e-05,3
"19909",0.972994515745012,8.56017063967273e-05,0.0268521536919553,6.772885663635e-05,1
"19911",0.929533989782966,0.00164439454626262,0.0312385012234088,0.0375831144473621,1
"19913",3.16519608899198e-06,4.52437798165859e-07,6.34758245844038e-05,0.999932906541529,4
"19915",0.000108040830792757,4.01960131442986e-05,0.381150885705348,0.618700877450715,4
"19917",0.000193550278416612,7.07425864427411e-06,0.0154948630054091,0.98430451245753,4
"19919",0.0016082296425784,0.000238916095564676,0.733194572029038,0.264958282232819,3
"19921",0.000473119399059047,2.57674356114781e-05,0.999433166581049,6.79465842801704e-05,3
"19923",0.0648755269531051,0.0337226851599003,0.901380506049893,2.12818371021435e-05,3
"19925",7.24580454974785e-05,1.25588159110095e-05,0.0503462382808128,0.949568744857779,4
"19927",0.000214248742806207,3.54625676719763e-05,0.998524136991334,0.00122615169818808,3
"19929",1.95083589889601e-06,2.60597266487159e-08,0.00155520754023881,0.998442815564136,4
"19931",0.00312365755650492,0.000359118603707249,0.991617380175218,0.00489984366456933,3
"19933",0.802567444615786,0.00199178090986971,0.19176056263624,0.00368021183810386,1
"19935",0.0913054103939749,2.62085202496309e-05,0.904396274524412,0.0042721065613632,3
"19937",0.000979535652403572,0.000681665815847239,0.998194884773447,0.000143913758302215,3
"19939",0.00244219980807421,0.000402401890014858,0.992612476716894,0.00454292158501679,3
"19941",0.878398082906711,0.000137522602542317,0.013901708500029,0.107562685990718,1
"19943",7.95474240493782e-06,3.13124390545986e-06,0.00125607554346119,0.998732838470228,4
"19945",0.920329063950967,0.00377343542672841,0.0757273817839919,0.000170118838312501,1
"19947",0.118030189828364,0.000291093282389517,0.0374124562761641,0.844266260613083,4
"19949",0.328869492896249,0.0443748457918637,0.626702472728369,5.31885835184764e-05,3
"19951",0.0042853625516378,0.000156870219770715,0.276045276825222,0.719512490403369,4
"19953",0.208794277594578,0.788224824588382,0.00298029893083955,5.9888620014594e-07,2
"19955",0.934904221222912,0.0532601348972595,0.0118213219545448,1.43219252833726e-05,1
"19957",0.00261446008794024,0.00282859248822285,0.0949422895756267,0.89961465784821,4
"19960",0.993825383678527,0.000215288113223926,0.00515638297897342,0.00080294522927519,1
"19963",0.000864460068826984,0.0642904945006524,0.00108276784617895,0.933762277584342,4
"19965",0.997571497185624,0.000734100184223234,0.00169411357605069,2.89054101766057e-07,1
"19968",0.002539461059165,7.7439102527215e-08,0.0386988657864207,0.958761595715312,4
"19971",0.00335196450258964,0.00781635817631358,9.91068309580647e-05,0.988732570490139,4
"19973",0.000502178695442772,5.41453013373497e-06,0.983670001468458,0.0158224053059653,3
"19975",0.000133648593407824,4.21166394611107e-07,0.0310541836827243,0.968811746557473,4
"19977",0.000328209131073809,0.000281862909597741,0.00332804538437253,0.996061882574956,4
"19979",0.999485335877704,0.000503394327701828,7.16679340267471e-06,4.10300119152394e-06,1
"19981",0.0210057236391449,4.87732234584415e-05,0.97701715977287,0.00192834336452664,3
"19983",0.0301880898394856,0.000251136118064202,0.969423989263365,0.000136784779084744,3
"19985",1.94399889743774e-05,2.49066009569678e-06,0.153615974457198,0.846362094893731,4
"19987",0.107673528105546,0.000413360767490348,0.762428454838833,0.129484656288131,3
"19989",0.995031418577632,0.00488156373647581,8.69641730791477e-05,5.35128130965826e-08,1
"19993",0.535342803355439,0.00339190612614574,0.418380485024665,0.04288480549375,1
"19995",0.813104707376942,0.000777640578210515,0.175419725568351,0.0106979264764963,1
"19997",0.000183764671009692,1.90993686712316e-05,0.972976877573626,0.0268202583866934,3
"19999",2.76162284899144e-05,1.32035355384669e-06,0.89351464767654,0.106456415741416,3
"20002",0.000643228084407797,7.21200463403013e-06,0.00354013331806127,0.995809426592897,4
"20004",0.841508887147738,0.000128758008794733,0.139388891615072,0.0189734632283954,1
"20006",0.93951275721808,0.00648704549722098,0.0516108128713156,0.00238938441338396,1
"20008",0.903655582788071,0.0276502441972485,0.0677188168050924,0.000975356209587837,1
"20010",0.922031286522877,0.0525546089686638,0.0253978189098545,1.62855986046748e-05,1
"20012",0.000150884364915951,1.75338189118353e-06,0.223594002374653,0.77625335987854,4
"20015",0.999862753917948,1.50971724647544e-05,0.000121795513571355,3.53396016210421e-07,1
"20017",7.72296445165951e-05,1.69263598325082e-06,0.95058319052808,0.0493378871914203,3
"20019",0.996302457478709,0.00369515869763374,2.33677169265756e-06,4.70519646295263e-08,1
"20022",0.991785620919674,0.0025678618892525,0.00563931807465875,7.19911641442571e-06,1
"20024",0.562322812032262,0.437596678571296,7.99759179749852e-05,5.33478466599214e-07,1
"20026",0.562322812032262,0.437596678571296,7.99759179749852e-05,5.33478466599214e-07,1
"20028",4.31802327678257e-05,6.73930888680371e-06,0.72130479854519,0.278645281913155,3
"20030",0.999206866277744,1.99187176884389e-05,0.000378220320177463,0.000394994684389908,1
"20033",0.00361711755215044,3.11632545632779e-05,0.595111591510941,0.401240127682346,3
"20035",0.994575625764181,0.00541818132298924,6.13611671123781e-06,5.67961179259896e-08,1
"20037",0.99925600848335,0.000730099769873754,1.38879002545905e-05,3.84652103602997e-09,1
"20039",0.000816289450804897,0.999181974722523,1.73445203652978e-06,1.37463522762178e-09,2
"20041",0.309331541657849,0.075887499037513,0.612810523629492,0.00197043567514666,3
"20044",0.41556031027351,0.104101623252453,0.464676202889587,0.015661863584449,3
"20047",0.992104019828533,0.00789472521244615,8.15661809363391e-07,4.39297211135186e-07,1
"20050",0.162191613091933,0.829516667035642,0.00821871556929354,7.30043031310351e-05,2
"20052",0.0575213807328307,0.00577300401544665,0.854956565086241,0.0817490501654818,3
"20054",0.99860901176217,6.58482105640177e-06,0.0013553157810526,2.9087635720917e-05,1
"20056",0.00046176806302249,1.41452008007937e-05,0.00214693976429874,0.997377146971878,4
"20058",0.998213448033171,0.00167761568393542,0.000108918817743274,1.74651502238876e-08,1
"20060",0.00232219468112561,9.16019255185341e-05,0.996053124664854,0.00153307872850158,3
"20062",0.015144129008083,0.000140906505411745,0.984165118914777,0.000549845571728365,3
"20064",0.97880203084858,0.000229878219603987,0.0203053034016684,0.00066278753014755,1
"20066",0.999866393558742,4.67761376271319e-05,3.928822609705e-05,4.7542077533731e-05,1
"20068",0.000152692229883543,9.07461266641472e-06,0.99959613931061,0.000242093846839772,3
"20070",0.000344863291418019,0.000862407833975727,0.998614050209577,0.000178678665029563,3
"20072",0.995183642793055,9.56191753089636e-05,0.00472029619328933,4.41838346613456e-07,1
"20074",5.79358046256042e-07,5.43190669269842e-08,0.000224317955406073,0.999775048367481,4
"20076",0.0152523469717253,1.00096990350884e-06,0.116463840378941,0.86828281167943,4
"20078",0.959560506082526,0.00443482371334266,0.0355940826835113,0.000410587520620322,1
"20080",0.998272265940079,0.00171848410733626,9.11052256568406e-06,1.39430019118278e-07,1
"20082",0.0122851891876156,0.987691149151902,2.32060269613264e-05,4.55633521617118e-07,2
"20084",0.936403662840642,0.0168605605508939,0.00931294655121559,0.0374228300572483,1
"20087",0.942300408237848,0.00141642036819697,0.0562778961448244,5.27524913027415e-06,1
"20090",0.965634227536845,0.0342837387766134,8.14134411481987e-05,6.20245393652333e-07,1
"20092",0.0354695124960913,0.734687916834764,0.229841082219702,1.48844944277751e-06,2
"20096",0.0188825765543103,0.533638849631903,0.433035885909031,0.0144426879047564,2
"20098",0.00134911174044163,7.93381526189752e-05,0.591140301832543,0.407431248274396,3
"20101",0.997257792232027,0.00234999444934994,0.000150453523177091,0.000241759795445768,1
"20104",0.000322070915917631,0.0554004082299478,0.939441178304501,0.00483634254963353,3
"20106",0.998744003238203,0.00019392033756171,0.000940567361320581,0.00012150906291448,1
"20108",0.00148672974940357,9.92351119965841e-06,0.938660955157359,0.0598423915820381,3
"20110",0.0189193671185025,0.501482036443396,0.3223776676662,0.157220928771902,2
"20112",0.958231799974213,0.0268669498654406,0.0148239729780044,7.72771823419878e-05,1
"20114",0.838395746745409,0.0028940070872179,0.0406367919618593,0.118073454205514,1
"20116",0.955309071218432,2.68188709999956e-05,0.00881530929704945,0.0358488006135185,1
"20118",0.162907891402087,0.00127400127589791,0.64384581204774,0.191972295274275,3
"20120",0.959136159685624,0.035974820450148,0.00372716238566055,0.00116185747856774,1
"20122",2.23172549458092e-05,2.3406216439196e-07,0.00213415734580358,0.997843291337086,4
"20124",0.996652017620718,0.00325564520657056,9.23060747538459e-05,3.10979575160267e-08,1
"20126",0.0167837786507484,0.983191646304422,2.31965020129148e-05,1.37854281678153e-06,2
"20128",0.304236616248764,0.695762639882658,7.25475399529736e-07,1.83931790961691e-08,2
"20141",0.000401541504252414,0.0459998421920237,0.777746509931431,0.175852106372293,3
"20143",6.46956590130219e-07,7.30409245112123e-08,8.49200275936064e-05,0.999914359974892,4
"20145",0.987022746166047,0.00711754630689139,0.00583849688457789,2.12106424834313e-05,1
"20147",0.997835482918524,0.000295768794084989,0.0018486177811554,2.01305062357826e-05,1
"20149",3.75144120136706e-06,4.99390963364493e-07,0.00198623688600826,0.998009512281827,4
"20151",0.00178964668948872,4.44355320679205e-05,0.801419475699986,0.196746442078458,3
"20153",0.00608547879328962,0.0335697673686337,0.210496814969195,0.749847938868882,4
"20155",0.999024657857247,0.000434564708708488,0.000538936950652141,1.84048339266154e-06,1
"20157",0.000564019718289766,6.81032780757387e-05,0.261304925489144,0.738062951514491,4
"20160",1.40729440906088e-06,1.76669440425763e-07,0.000108659168323635,0.999889756867827,4
"20162",1.51753356680026e-06,1.80287336456044e-07,0.00419637722807464,0.995801924951022,4
"20164",0.000428268611081874,0.000127019385640242,0.0549842655652758,0.944460446438002,4
"20166",0.996933571741957,2.20797121290692e-05,0.000459842720880177,0.00258450582503368,1
"20168",0.566035768694847,0.000193081897770173,0.0525844123454647,0.381186737061918,1
"20170",0.00106305761834315,0.000247636724790472,0.47865688664308,0.520032419013786,4
"20172",0.993878612764548,0.00199662205304344,0.00412441187588198,3.53306526707286e-07,1
"20174",2.26203167265431e-05,2.84303410792612e-07,0.641847117285005,0.358129978094858,3
"20176",0.200571484992697,8.2989317421172e-05,0.770728327378086,0.0286171983117956,3
"20178",1.70467294362634e-06,3.61161432645487e-07,6.83572056682471e-05,0.999929576959956,4
"20181",0.992482445016657,2.83774827598723e-05,0.000290533204594558,0.00719864429598903,1
"20183",0.00931384006511546,0.00246437033861561,0.988146184874781,7.56047214875235e-05,3
"20186",0.0179585681487226,0.00358022340340826,0.978459429910039,1.77853782979726e-06,3
"20188",1.59808302531086e-06,3.95829337184072e-07,0.000493564609564336,0.999504441478073,4
"20190",0.999838754694061,5.29252342941397e-05,0.000106431422586,1.88864905895384e-06,1
"20193",0.0037371492140012,6.64956643114438e-06,0.00162317666495578,0.994633024554612,4
"20195",0.00476763207510777,0.000132823413382184,0.157497452634005,0.837602091877505,4
"20197",0.995837590363307,0.000896745908403857,0.00326509852652597,5.65201763378316e-07,1
"20199",2.77719320218392e-05,3.40076427319303e-05,0.0533954661373638,0.946542754287882,4
"20205",0.000592318388254231,0.999354385814558,5.32560559283749e-05,3.97412592798283e-08,2
"20208",0.00597452548486528,6.21868807003033e-05,0.953426378772517,0.0405369088619173,3
"20210",5.39755911667242e-06,7.85891216233464e-07,0.011052928312457,0.98894088823721,4
"20212",0.000484328623596449,2.68122032575445e-05,0.0983099976142774,0.901178861558869,4
"20216",0.99682792738318,0.000148448203281222,0.0028391079862281,0.0001845164273106,1
"20219",0.413474843950316,0.580558357188976,0.00582633110594286,0.000140467754765267,2
"20223",0.999261278207618,0.000573539679630716,0.000165159300931496,2.28118199112439e-08,1
"20226",0.137962682828409,0.0196142960017563,0.837276697327016,0.0051463238428187,3
"20230",0.999748186104511,0.000201257890067201,5.02356447653531e-05,3.2036065655893e-07,1
"20233",1.34024185772097e-05,0.995403580253563,0.00449208507133428,9.09322565257832e-05,2
"20235",0.956962784858361,0.0410797973723224,0.00195733496640655,8.28029100800842e-08,1
"20239",0.951819656576486,0.00141654649310885,0.0467527778379941,1.10190924104933e-05,1
"20254",0.0127527494466077,0.987241696888454,5.51584685489261e-06,3.78180835942034e-08,2
"20256",0.999250016990187,0.000493652357253433,0.000256268746350549,6.19062092736692e-08,1
"20262",0.000391367315763805,2.15411061577769e-05,0.200468044437501,0.799119047140577,4
"20270",0.947302816803098,7.11253206605229e-05,0.0402757671981664,0.012350290678075,1
"20284",0.0245391028477204,0.507941511117418,0.467400435590775,0.000118950444087256,2
"20287",0.999689516006028,0.00030242132910791,8.05043926322951e-06,1.22256009296644e-08,1
"20290",0.00458778476676831,0.993405077040371,0.00195470629954459,5.24318933164431e-05,2
"20293",0.950041231643689,0.00349299479011786,0.0464129531185075,5.28204476853441e-05,1
"20296",0.0101808381000033,6.53525230406962e-07,0.298084030266471,0.691734478108295,4
"20301",0.998952655768441,0.00101525788482307,3.9885006675717e-06,2.80978460687145e-05,1
"20304",0.0153749287381573,0.984569393970826,5.48554201425727e-05,8.21870874339383e-07,2
"20306",0.996749319821297,0.00315931884211239,9.13427926216145e-05,1.85439690618528e-08,1
"20309",0.705703561529728,0.0104297283574241,0.283360163549237,0.000506546563610497,1
"20311",0.990537730456481,0.00168141295368417,0.00687312780878497,0.000907728781049396,1
"20314",0.012367736387221,0.000452726586358383,0.903151972707993,0.0840275643184274,3
"20318",5.64073909629551e-05,6.44904255626774e-07,0.000237702312315252,0.999705245392466,4
"20320",0.00569225439795185,0.0129779856816448,0.974916723001936,0.00641303691846754,3
"20326",0.0148775098096311,0.000856087849344033,0.813863949123908,0.170402453217117,3
"20328",0.00320791809311065,0.00549246486951717,0.991227327059679,7.22899776934623e-05,3
"20330",0.951183783155365,0.0403906683192321,0.0084130217780795,1.25267473230978e-05,1
"20336",0.0280504369555746,0.944491041601152,0.0274533989563768,5.12248689666118e-06,2
"20338",0.0347271535479889,0.963443533030572,0.00161143312117801,0.000217880300260472,2
"20340",0.999159816316593,0.00081561909458474,2.43668346298324e-05,1.97754192081322e-07,1
"20342",0.00133551553907004,0.997305026547079,0.000836345007994281,0.000523112905857097,2
"20344",0.995756257598841,0.00110501054814153,0.00313599627823808,2.73557477882609e-06,1
"20349",0.999540689255221,0.000302349757228702,0.00015690961544777,5.13721023055209e-08,1
"20351",0.933897460176769,0.0199773074946767,0.0449574219606091,0.00116781036794503,1
"20353",0.897305324136857,0.100733472714953,0.00196073592838506,4.67219805464866e-07,1
"20357",0.0028125258473085,0.997147928822131,3.9541571581896e-05,3.75897830625581e-09,2
"20360",0.0328511430149766,0.963513862298524,0.00362526770679069,9.72697970895245e-06,2
"20364",0.954038745271737,0.00723039913857888,0.0386915254360528,3.93301536314798e-05,1
"20366",0.00322815143097998,0.989333853207899,0.00739694821118363,4.10471499368931e-05,2
"20381",8.89815067172677e-05,1.50518037424302e-05,0.286929907306518,0.712966059383022,4
"20391",0.414564024247976,0.0430121951707671,0.542422615322961,1.16525829579125e-06,3
"20394",0.000323135274944536,1.0864479044588e-05,0.997484101799944,0.00218189844606736,3
"20396",8.41059521895696e-06,3.20880424737295e-07,0.930003720957871,0.0699875475664851,3
"20409",0.637237956544385,0.00190120166189824,0.118659886721205,0.242200955072512,1
"20411",0.887020083317284,0.112117161399832,0.00086273046952642,2.48133574799383e-08,1
"20416",0.0764607892361264,0.923538380770235,8.29341338342904e-07,6.52300769686877e-10,2
"20418",8.57176277453557e-06,2.01597684333503e-07,0.669299361291544,0.330691865347997,3
"20420",0.000115058097000568,0.971545739976973,0.0277541270114247,0.000585074914601364,2
"20422",0.997998725858357,0.00090412504815138,0.000998888906659779,9.82601868316239e-05,1
"20424",0.945953419639366,0.0534170794624223,0.00062944349361798,5.74045940545268e-08,1
"20426",2.65857533236828e-05,0.999757490063193,2.32900895755479e-05,0.00019263409390764,2
"20428",0.849141998733963,6.92496760745779e-05,0.150724237309031,6.45142809316045e-05,1
"20431",0.0967021570390461,0.0262519063603475,0.697354102406582,0.179691834194024,3
"20433",0.999894468687947,4.83518231168152e-05,5.70124745109434e-05,1.67014424805827e-07,1
"20436",0.915375528184473,7.30767591172913e-05,0.0791481652067353,0.00540322984967414,1
"20439",1.43523330102554e-05,2.4288633630138e-07,0.632457148223197,0.367528256557456,3
"20441",0.00236636808373405,0.99745094024946,0.000182000022949434,6.91643856358431e-07,2
"20444",8.51849547707833e-07,1.1646830838758e-07,0.000315408892357909,0.999683622789786,4
"20448",0.0248475258909469,0.00332897990793868,0.591157282173058,0.380666212028056,3
"20536",0.000509951675678584,3.43151711269627e-06,0.999375554347714,0.000111062459495049,3
"20538",0.333583988864337,0.572814874466526,0.0935824809500065,1.86557191300382e-05,2
"20541",0.93547290466858,0.0645036797680215,2.33791327100947e-05,3.64306878160077e-08,1
"20544",0.385873111069101,0.00270605593314709,0.598087244449676,0.0133335885480756,3
"20546",0.988358401057085,0.00950998953661633,0.00213151237844471,9.70278536260094e-08,1
"20550",0.485938662789755,0.050238398787752,0.456967188609884,0.00685574981260867,1
"20553",0.0586328052094767,0.941365609639505,1.69102822666605e-07,1.41604819610258e-06,2
"20555",3.74919517906873e-05,0.995390487821218,0.00457119264616826,8.27580822778687e-07,2
"20557",0.294939289530019,0.407235199750958,0.292714185515713,0.00511132520331028,2
"20559",0.999364525957661,0.000151295819868823,0.000477250326623167,6.9278958475262e-06,1
"20561",0.00376014262691829,0.00023471270671687,0.509168356072372,0.486836788593993,3
"20564",1.70467294362634e-06,3.61161432645487e-07,6.83572056682471e-05,0.999929576959956,4
"20566",0.868326786819974,3.83907350686816e-05,0.131325780823947,0.000309041621010827,1
"20569",7.54075731637153e-05,2.02607765251239e-06,0.725998422838454,0.27392414351073,3
"20572",2.43486407036983e-05,1.87197267294847e-07,0.0531445679898694,0.94683089617216,4
"20574",0.996177073811648,0.00352835096046568,0.000285207966993219,9.36726089273686e-06,1
"20576",9.64913144091693e-06,9.01027778052534e-07,0.000333506269639743,0.999655943571141,4
"20578",0.861448905475527,0.00164390643803708,0.128621674490586,0.00828551359585063,1
"20580",0.825342652815806,0.000162952818361018,0.174208749763739,0.000285644602094302,1
"20583",7.26788347038211e-06,7.22171166821412e-07,0.000196719623228557,0.999795290322134,4
"20586",0.907425960644191,0.00301467738239111,0.0895404647823966,1.88971910208893e-05,1
"20589",0.999479298155019,0.000356104191451971,0.000164585920433667,1.17330948238601e-08,1
"20591",0.00895114911116456,0.234945353783183,0.756055346835507,4.81502701454484e-05,3
"20593",0.999846370910145,0.000151779063893831,1.74912384427515e-06,1.00902116472286e-07,1
"20595",0.995612458682263,0.000593644672971395,0.00365131312726881,0.000142583517497137,1
"20597",6.84617603601056e-05,1.48657846907752e-06,0.994177178009607,0.00575287365156335,3
"20599",1.95797537173288e-06,1.80829166075172e-07,9.18448628514807e-05,0.999906016332611,4
"20601",0.00114070843313013,0.000202301500160241,0.997636712329275,0.00102027773743476,3
"20604",0.999821328980037,0.000147870279978363,2.68189733016876e-05,3.98176668323952e-06,1
"20606",0.999789359038565,0.000173616392309827,3.68739134466451e-05,1.50655678717588e-07,1
"20608",0.998261912102712,3.66313641307817e-05,0.00169989582844031,1.56070471691251e-06,1
"20610",5.03036037662245e-05,4.78843574972741e-06,0.00187085533916584,0.998074052621318,4
"20612",0.665654847416332,0.289759609365303,0.032507619628215,0.0120779235901503,1
"20614",8.10103139708409e-06,3.22867013345651e-06,0.0078633968417158,0.992125273456754,4
"20616",0.0135683059104796,0.000366499791375141,0.983554255010931,0.00251093928721448,3
"20618",0.000687676298841322,0.998013463871171,0.00125593341047143,4.29264195160216e-05,2
"20620",0.997764763404754,0.00010017254018537,0.00199542894035919,0.000139635114701676,1
"20622",2.6468500816372e-05,1.22303763326621e-06,0.000703138680875594,0.999269169780675,4
"20624",0.970191113266323,0.028908188311739,0.000900342169256347,3.56252682073953e-07,1
"20626",0.903743519569847,8.01663491138591e-06,0.0910982602950997,0.0051502035001418,1
"20628",0.27201610762654,0.000571160140600781,0.725651868814884,0.00176086341797589,3
"20630",0.894145697630524,0.000881844146141149,0.0860011386583095,0.0189713195650252,1
"20632",7.23297529495247e-07,4.20996646785907e-08,0.0114018018647856,0.98859743273802,4
"20634",0.999811771352184,0.000124538992861151,6.35692145803604e-05,1.20440374306198e-07,1
"20637",0.0170600251498009,0.982888171344265,3.40802083317679e-05,1.77232976026112e-05,2
"20639",7.52162744583794e-05,2.19695265463722e-05,0.227858669524525,0.77204414467447,4
"20644",0.465448335513683,0.534549553411805,1.86315247404901e-06,2.47922037700311e-07,2
"20646",0.972047826498688,0.0267476448696962,0.00115619106085089,4.83375707650708e-05,1
"20648",0.000784422897730742,0.000236462351676433,0.966443287381716,0.032535827368877,3
"20650",0.747648246816788,0.252018186859031,0.000333297402336931,2.68921844504013e-07,1
"20653",0.00102598315233795,0.00134448246210933,0.991083877416201,0.00654565696935196,3
"20658",0.999187604614133,1.66773198817517e-05,0.000795469299406422,2.48766578891392e-07,1
"20661",0.0825015406239224,0.895432506230996,0.022053883304728,1.20698403539558e-05,2
"20663",0.633734757728796,0.00334924121769796,0.362886424061371,2.95769921348828e-05,1
"20665",9.25356298030175e-06,4.6564887907384e-08,0.000121759601219947,0.999868940270912,4
"20667",0.0255653281117505,0.000941576699829266,0.972909673773355,0.000583421415065031,3
"20669",2.62111493589738e-05,2.59330877318942e-06,0.991272582767384,0.00869861277448373,3
"20671",0.221416769848219,0.777080222052121,0.00136026755230703,0.000142740547353238,2
"20673",4.62097791623637e-05,8.47240173700555e-07,0.973423087406157,0.0265298555745074,3
"20675",0.00690471482621874,1.30589719240958e-05,0.9930012367165,8.09894853575391e-05,3
"20677",0.447678165445103,0.000463804258454556,0.551834943278391,2.30870180524547e-05,3
"20679",7.81303657181106e-06,1.18262295226605e-06,0.975404519832219,0.0245864845082569,3
"20681",0.00011181372731264,7.15924345376793e-06,0.999814021992904,6.70050363295631e-05,3
"20683",0.30445551025219,0.000160048872219848,0.695332958925609,5.14819499815732e-05,3
"20685",4.24915505961492e-05,0.98081818483513,0.0189812251571992,0.000158098457074899,2
"20687",2.51399184111397e-05,7.3155492795086e-06,0.058767272776328,0.941200271755981,4
"20689",0.288069732932535,0.711902049606988,2.79975447174771e-05,2.19915759638403e-07,2
"20691",1.99034942684499e-06,4.27742417401931e-07,0.000409237853557824,0.999588344054598,4
"20693",0.998083096683555,0.00185651995722642,6.03602434559365e-05,2.31157621338817e-08,1
"20695",0.000565528340367783,5.39755711869606e-05,0.991054585855649,0.00832591023279676,3
"20697",0.999145981166802,0.000637106261576604,0.000139518027231463,7.73945443896025e-05,1
"20699",0.248348712064686,1.47717283518248e-05,0.751261040801459,0.000375475405503692,3
"20701",0.857329446410784,0.000374421982886689,0.142293814921026,2.3166853033828e-06,1
"20703",0.000300964355458649,0.0121138176012622,0.982401023506598,0.00518419453668071,3
"20705",0.990813513246896,0.00636424848530005,0.00282161869020259,6.19577601335979e-07,1
"20707",0.00865170363568243,0.000738319297428832,0.990552531152085,5.74459148036257e-05,3
"20709",0.0407362054743196,1.89068097505517e-05,0.076119254035013,0.883125633680917,4
"20713",0.000215162235068332,0.0175866206864242,0.943500874119721,0.0386973429587864,3
"20715",0.849947439562149,0.120836566734802,2.91369347275449e-05,0.0291868567683216,1
"20717",0.000246380869971204,5.42437217389983e-05,0.999361887264512,0.000337488143778005,3
"20720",0.984530937898574,0.000564742451390988,0.0148588959796051,4.54236704294917e-05,1
"20722",0.980715009042166,0.000139407909736716,0.0191399392014836,5.64384661335681e-06,1
"20724",0.000109201852538311,1.78427213809102e-05,0.778268184297164,0.221604771128916,3
"20726",0.998350563060331,0.00157332575301627,7.60968044470548e-05,1.43822060514297e-08,1
"20728",4.07120487556741e-05,4.37579773558662e-06,0.999656389650468,0.000298522503040963,3
"20730",0.00215014434528406,0.000161638212643769,0.552167701266841,0.445520516175231,3
"20732",0.416291363691338,0.0989494848945224,0.484498739886828,0.000260411527311741,3
"20734",0.403152212611325,0.00264854562876973,0.594111533881044,8.77078788617416e-05,3
"20736",6.71742079251548e-05,2.01671878950466e-06,0.128955516923037,0.870975292150248,4
"20738",0.517350913378204,0.0747400762168235,0.0197401891358756,0.388168821269097,1
"20740",0.599407916157382,0.296509840668418,0.104082084029877,1.59144323394677e-07,1
"20742",0.000222235794018368,0.00214663991812529,0.99721347183932,0.000417652448536284,3
"20744",4.48841179673684e-06,3.77637759382006e-08,0.0389672520676009,0.961028221756826,4
"20746",0.0807751430573472,0.000169206976180419,0.918906159582092,0.000149490384380862,3
"20748",0.000114535542929884,6.57411230833713e-05,0.684675632847139,0.315144090486848,3
"20750",0.000840240735763797,3.13924326668474e-06,0.35225939085567,0.646897229165299,4
"20752",0.967505089075503,0.00131946156228865,0.0311741012454681,1.34811673975591e-06,1
"20754",0.000190700080077843,1.41668070744623e-06,0.986450215183344,0.0133576680558706,3
"20756",0.140580770743459,0.000530389421070025,0.552010737028198,0.306878102807272,3
"20758",0.270997108413951,2.40467229055256e-05,0.344400393630947,0.384578451232196,4
"20760",2.48193777761278e-05,8.28690568704084e-07,0.832746504153804,0.167227847777852,3
"20762",0.000113270561306619,3.11609961993527e-06,0.998627857181177,0.00125575615789683,3
"20764",1.14049666998794e-05,5.6650119735232e-06,0.316754796928057,0.683228133093269,4
"20766",5.15992838653471e-05,9.77695564006552e-06,0.905770050783095,0.0941685729773995,3
"20768",0.00126873729869297,5.91701579468604e-05,0.173067013870024,0.825605078673336,4
"20770",0.0265617478299598,1.03968679173638e-05,0.972894150494416,0.000533704807706335,3
"20772",0.999910248136632,2.37601844297761e-05,6.45572278424006e-05,1.43445109578229e-06,1
"20774",0.998630049045207,0.00136293182200051,6.99918852047507e-06,1.99442715122752e-08,1
"20776",0.00157626637479009,0.00179556542077122,0.996572865036388,5.5303168050501e-05,3
"20778",0.306827533540508,0.69317155013731,6.57869085324538e-07,2.58453097267573e-07,2
"20780",0.00129774770864981,5.64734293653738e-06,0.811309884042499,0.187386720905915,3
"20782",5.57617685859263e-05,1.9838582145913e-06,0.931905230134321,0.0680370242388788,3
"20784",0.000215395703786056,3.43766777341331e-06,0.999041844845081,0.000739321783359284,3
"20786",3.1447670181161e-06,1.55879299598043e-08,0.000948838701004465,0.999048000944047,4
"20788",0.0198026039682678,0.00219495967677034,0.97784683305059,0.000155603304372164,3
"20790",5.07584733987309e-05,2.95214656399014e-07,0.909204933251206,0.0907440130607385,3
"20792",0.0453350404055156,0.00398740479556119,0.471369199637333,0.47930835516159,4
"20794",2.34897915210634e-05,1.57639267402844e-07,0.535510356729335,0.464465995839877,3
"20796",0.995386823897927,0.00404820791575704,0.00056488281659222,8.53697234103945e-08,1
"20798",1.70467294362634e-06,3.61161432645487e-07,6.83572056682471e-05,0.999929576959956,4
"20801",3.58267927354784e-05,2.86530302202008e-06,0.00156265443470485,0.998398653469538,4
"20803",0.0359339488346475,0.00484103284781157,0.959193940354677,3.10779628643861e-05,3
"20805",0.339910310477824,0.00149962679856924,0.658472144274197,0.000117918449409631,3
"20807",1.70467294362634e-06,3.61161432645487e-07,6.83572056682471e-05,0.999929576959956,4
"20809",0.00146256686636128,0.00100691510110678,0.996046562878358,0.00148395515417363,3
"20811",0.0128433659841097,0.00335835717239027,0.0264331158554987,0.957365160988001,4
"20813",0.443480092638359,0.0042300609549453,0.475913071211955,0.07637677519474,3
"20815",8.53349284000634e-07,2.02027496643101e-08,0.00137457669478578,0.998624549753181,4
"20817",0.000222633572043077,0.000112875931249409,0.9596955807413,0.0399689097554077,3
"20819",0.332944516724049,0.00829198950690994,0.658758867630782,4.6261382581883e-06,3
"20821",0.968994073336127,0.00096085929403563,0.00633999100918475,0.0237050763606521,1
"20823",0.193619872527085,0.00692591012945439,0.784506833367114,0.0149473839763471,3
"20825",2.97183887437658e-05,3.0873984714124e-06,0.932787439875541,0.0671797543372444,3
"20827",0.000398626718143757,0.000372129148074257,0.171540700839712,0.827688543294069,4
"20829",0.995553147780615,0.00195395898387923,0.00246004866837144,3.2844567134272e-05,1
"20831",0.00014080563151469,2.26288954960308e-05,0.932797292246693,0.0670392732262959,3
"20833",0.000114115133609361,1.68386870906924e-06,0.800536938815663,0.199347262182018,3
"20835",7.37613428930654e-05,8.81657325639276e-05,0.969412849538392,0.030425223386151,3
"20837",0.000325312496786641,0.000127368987818295,0.997315729638085,0.00223158887731017,3
"20839",8.32906789501819e-05,5.0499205692e-06,0.988166737152579,0.011744922247902,3
"20841",0.435519331202504,0.355467392140092,0.208934726962236,7.85496951676753e-05,1
"20843",0.00128259691139791,3.43815468724845e-05,0.998651272499942,3.17490417869999e-05,3
"20845",0.00144719095568949,4.4819955692886e-05,0.449195374688701,0.549312614399916,4
"20847",0.435409740959939,0.00213950483272825,0.562097654818976,0.000353099388356633,3
"20849",0.583483565130345,0.000328670912047777,0.403106020902511,0.0130817430550958,1
"20851",0.701760436388562,0.00644344154700932,0.291740484725419,5.56373390093352e-05,1
"20853",0.453699311217703,0.536510666059397,0.00978649057118696,3.53215171334177e-06,2
"20855",0.99615360247669,0.000700991979255793,0.00288634755314711,0.000259057990906852,1
"20857",0.630673749614732,0.00139352428881403,0.367859969280151,7.27568163029096e-05,1
"20859",0.978726195398437,0.000111776790771908,0.0210461038786563,0.000115923932134744,1
"20861",0.000333271865658293,0.958740949975247,0.0376033986652003,0.00332237949389478,2
"20863",6.2774302897264e-05,5.11690334274881e-05,0.63508349670755,0.364802559956125,3
"20865",0.00117304299487947,1.15153023515129e-06,0.998018103947608,0.000807701527277013,3
"20867",0.998812946496454,0.00118583690962382,1.18450183942258e-06,3.20920826824231e-08,1
"20869",0.000342585204889759,1.46380723390749e-05,0.480286883998394,0.519355892724378,4
"20871",0.997840569076506,0.000706795932279364,0.000126015667945815,0.00132661932326913,1
"20873",0.999059721479821,0.000397039346816042,0.0001029479109514,0.00044029126241177,1
"20875",0.92900259102558,0.0332039801771997,0.0377449809882557,4.84478089649138e-05,1
"20878",2.16293544510243e-06,2.34027625234783e-07,0.0033990317275064,0.996598571309423,4
"20880",0.000207629892263278,3.01698830545888e-06,0.812327393275047,0.187461959844384,3
"20882",0.997765115084381,0.00191058329834851,0.000321358017300211,2.94359997044245e-06,1
"20884",0.000336720622428098,0.000164017199407365,0.994607802946066,0.00489145923209857,3
"20886",0.00206969195992078,7.00731928895893e-06,0.281720476509408,0.716202824211382,4
"20888",1.8469271219786e-06,1.06379856071327e-07,0.112950109237794,0.887047937455228,4
"20890",0.000633587586833748,4.32854235383926e-06,0.784798487020602,0.21456359685021,3
"20892",0.478544431982439,0.0512531948971486,0.470136881957001,6.54911634108426e-05,1
"20897",0.0786011399999185,0.0193362304714368,0.88447432641511,0.017588303113535,3
"20899",0.0879147951745969,0.00144450040863551,0.869778372660985,0.0408623317557826,3
"20901",0.0302558681245866,0.968330967369253,0.0013974717392197,1.56927669409478e-05,2
"20903",0.961549576608808,0.0334992878832657,4.20515897852466e-05,0.00490908391814116,1
"20905",0.90230740487113,0.0188170582125884,0.0429794079000016,0.0358961290162803,1
"20907",0.999042099574338,8.89723633400871e-05,0.000868340026321536,5.88035999752956e-07,1
"20909",0.424372566895482,0.00139270803842575,0.547615982369643,0.0266187426964492,3
"20911",0.0236548124884732,0.976337311500328,7.7333367546003e-06,1.4267444430301e-07,2
"20913",0.0088712550531112,0.000344263353437392,0.984290006745417,0.00649447484803446,3
"20962",0.914823062979496,0.000149787766132248,0.0849686926265093,5.84566278622003e-05,1
"20969",0.96227032161919,0.0215602570834009,0.00314436056584081,0.0130250607315681,1
"20980",0.907250596658636,0.000220868894359361,0.0918499971458689,0.000678537301135946,1
"20982",0.987660041259075,0.000147092314020238,0.0121914464289694,1.41999793508294e-06,1
"20984",0.000562650579479851,0.000644030542931671,0.991487139615676,0.00730617926191259,3
"20994",0.976751838443254,0.0120767070558,0.0105313663363369,0.000640088164608926,1
"21015",1.54742896746058e-05,0.000666794248729839,0.16114245098391,0.838175280477686,4
"21023",0.967088674322774,0.0328189805780509,9.22199589449206e-05,1.2514022993521e-07,1
"21040",0.910512060658358,0.0051340681465451,0.0843409292322848,1.29419628122387e-05,1
"21073",0.535970627604907,0.217216866415292,0.238508628886433,0.00830387709336811,1
"21222",0.000629478733036828,8.4252650002162e-05,0.881134019649654,0.118152248967307,3
"21224",0.0708825713036204,1.41367281354338e-05,0.924868374379775,0.00423491758846972,3
"21228",0.0108159001303715,0.106250427799294,0.263537024570965,0.619396647499369,4
"21232",0.961797975509898,0.0361255806964246,0.00207609017992916,3.53613747743301e-07,1
"21237",0.545621483517229,0.4325876613752,0.0208184515818897,0.000972403525681082,1
"21240",0.000113649450438438,7.79997582972924e-05,0.905166654473146,0.0946416963181187,3
"21245",7.10824313156057e-05,5.32261194449274e-06,0.748326324205491,0.251597270751249,3
"21252",0.857836212756925,0.137198895342222,0.00496478697341857,1.04927434216052e-07,1
"21254",0.829661455089343,0.119113557195456,0.0512119446619415,1.30430532595977e-05,1
"21258",0.0959934469810736,8.73518693551537e-05,0.894772992792041,0.00914620835753036,3
"21264",0.00693308623048143,0.000358800873977399,0.855780215523261,0.13692789737228,3
"21305",0.0160344127857597,7.89461847787825e-06,0.96222548455235,0.0217322080434122,3
"21333",0.892791202367092,0.00142861374222726,0.105779041477202,1.14241347957044e-06,1
"21366",0.0247991586198819,0.00281177093557551,0.972077704654108,0.000311365790434843,3
"21377",2.00637583313201e-05,1.66585094309023e-06,0.0012408286519268,0.998737441738799,4
"21380",0.919477172431185,0.00036269471070813,0.0601350354555395,0.0200250974025675,1
"21387",0.000141651486786671,0.999857708315654,6.39335021792073e-07,8.62537284569686e-10,2
"21390",0.983632208591184,0.0107414857974441,0.00562401501472774,2.29059664372102e-06,1
"21392",0.175854841862339,0.0571474787847926,0.766533699226438,0.000463980126430749,3
"21403",0.895056996777235,0.000222987600420845,0.0756713738556335,0.0290486417667101,1
"21408",0.998691471719647,0.000615691094703081,0.000632202443537883,6.06347421124953e-05,1
"21412",0.0215248146638215,0.97776162800061,0.000433226189466453,0.000280331146102343,2
"21421",0.0025001634409793,4.40976765264221e-05,0.995967134212333,0.00148860467016109,3
"21424",0.0359648531573747,0.964023124003876,1.20123773184024e-05,1.04614307659056e-08,2
"21429",0.991007521947467,0.00579878450748092,0.00316749297963073,2.62005654213608e-05,1
"21431",0.0140146271385155,0.000215917080670578,0.984613817186286,0.00115563859452834,3
"21436",0.00210403019775692,4.72914429103678e-06,0.99701034081088,0.00088089984707214,3
"21439",0.965837132723924,0.000872925493099533,0.0294924951964051,0.00379744658657181,1
"21442",0.0786204118467346,0.00113591401232921,0.736388794641728,0.183854879499208,3
"21444",1.27400096908033e-05,2.50437791923466e-05,0.996032484458498,0.00392973175261902,3
"21446",1.23006651492653e-06,4.44414416902831e-05,0.00590671700354081,0.994047611488254,4
"21448",1.24727997683012e-05,0.994651794754472,0.00523737378766512,9.83586580946791e-05,2
"21450",0.343957083643668,0.0296196730238373,0.588386239620279,0.0380370037122154,3
"21452",0.978669678267133,3.80588751828918e-05,0.0212858039127374,6.45894494685611e-06,1
"21466",0.975625961273942,0.0243209816986233,5.30501399499894e-05,6.88748455730942e-09,1
"21470",0.906123100253547,7.3717565268837e-05,0.093095389505922,0.000707792675261822,1
"21472",0.989235382494221,0.000794404186591521,0.00997012900208542,8.43171023884915e-08,1
