"","V1","V2","V3","V4","V5","V6","V7","best$classification"
"19812",0.000558424952869271,0.000710663252050938,0.172245454674809,0.760535054904183,1.87300219245284e-06,7.55303808496278e-05,0.0658729988330461,4
"19814",9.2540263926459e-06,3.96360651445946e-05,0.0112999015559157,0.985206803876463,0.00233728078003844,2.04753711924177e-06,0.00110507615892583,4
"19816",1.60620546677207e-06,0.112094861770336,0.87735585289605,0.00367692665265156,8.41658542639617e-07,3.93974837433138e-05,0.00683051333320989,3
"19818",2.46112193137429e-05,0.000678318308794686,0.482104738240696,0.508180864573199,0.00847649657562118,2.03319153441324e-05,0.000514639167031386,4
"19820",5.54083931419209e-06,0.992850976066094,0.00711618955563851,1.05419874509627e-08,5.32051844777917e-10,9.61690416396676e-09,2.72728480098704e-05,2
"19822",0.00840595580195117,0.982075910468963,0.004414622423693,3.51569146040898e-07,9.60610822971243e-07,2.64531469284464e-07,0.00510193459395522,2
"19824",2.61096744838346e-05,0.169314267154078,0.829032015652639,0.000163403383532903,0.00132492049272064,0.000132745406599235,6.53823594586925e-06,3
"19826",5.39227028721439e-06,0.00179877883962583,0.0935321309464346,0.723910563307172,4.10168299498982e-05,0.0119246593814074,0.168787458425123,4
"19828",0.000195421465933694,0.45762954235878,0.541849279498009,0.000152913634851434,2.2432362156653e-06,1.73759643401908e-07,0.00017042604656729,3
"19830",0.000332734703019137,2.66963303751937e-06,0.00301919708721458,0.867006088397933,0.000116006412516116,0.00122771048576204,0.128295593280518,4
"19832",0.700395776001854,0.0222317739399664,0.106877934269585,0.131485333791514,1.64244524493615e-06,4.41545553128934e-06,0.039003124096304,1
"19834",0.00297726773845843,0.0999883811957444,0.159583767253464,0.0113308425487838,0.000113153263567119,5.87723709875324e-07,0.726006000276273,7
"19836",3.42372106236429e-05,0.00119417733099468,0.920197418927155,0.0525259884229965,3.84671802341929e-07,0.0229785085755325,0.00306928486089571,3
"19838",2.9301966981583e-05,4.43635262704719e-07,0.00027055741215648,0.998429710167286,0.00030068621496087,3.21764165007523e-06,0.000966082961702803,4
"19840",3.34655672965564e-06,0.0443641217037817,0.167568932551221,0.0191535517588429,4.11441177765035e-06,0.000758507597245789,0.768147425420402,7
"19842",6.89013061192533e-08,8.54234783039575e-08,3.27960441128849e-05,0.0587518017559589,9.19044772493277e-06,0.94040346409666,0.000802593330759116,6
"19844",1.66865854285015e-08,1.20068021616299e-06,2.00514473523455e-06,9.26248216769292e-06,0.999972216753811,1.51251621069848e-05,1.73090377243715e-07,5
"19846",6.06244994077826e-08,2.42939969506007e-08,0.000194059409242479,0.933167875380459,0.0640608389048973,0.00256590593023331,1.12354566714564e-05,4
"19848",2.32624379098342e-07,4.84237904242353e-08,0.00021264922778993,0.976004462246233,0.023624107746648,0.000130474523749259,2.80252074098792e-05,4
"19850",1.60795249642658e-06,2.97869943767947e-06,0.000799110183434978,0.803575452455387,0.195414421522021,3.48725151167991e-05,0.00017155667210719,4
"19852",2.80777063793383e-05,0.00581053007906202,0.963836898477439,0.0280760796736713,0.000103566238492584,2.4462230965214e-06,0.00214240160185927,3
"19854",5.67513261741635e-07,5.73289841772086e-08,0.0001583060015351,0.997537727459435,0.00219359698620067,2.90123453177824e-05,8.07323652656329e-05,4
"19856",5.02946703739358e-06,8.48136830990733e-05,0.000237614374062404,0.0147373226504792,0.984265036846883,0.000148356223623268,0.000521826754815482,5
"19858",5.92067319863671e-05,0.00277924699051474,0.00933387560790647,0.000953954553361611,0.986785572083594,1.49881446805022e-05,7.3155887956786e-05,5
"19860",4.13976163011887e-05,0.019223262452433,0.532200781223702,0.262792446128261,3.4280702439957e-05,2.22401473137506e-05,0.185685591729549,3
"19862",6.08438869418157e-08,1.01281463634453e-08,8.63746720593279e-05,0.988929134235067,0.00238288671192155,0.00857266526007108,2.88681488480763e-05,4
"19864",3.31329433812099e-08,7.52402516870895e-07,2.79897569077153e-05,1.84839184790845e-06,1.12700671628711e-06,0.999967656597785,5.92711282792935e-07,6
"19866",5.23911045078331e-06,0.138419644801842,0.772280186676163,0.000604956905002063,9.84334742455399e-07,0.0198550033822923,0.0688339847895078,3
"19868",0.996271446371444,5.36962070808799e-06,4.03734999840068e-07,4.32580057222391e-05,4.11782036710358e-05,1.8019297549634e-07,0.00363816387047962,1
"19870",1.6197785991532e-06,1.2686687533915e-06,0.0121721034209495,0.98494946805923,0.00186342827417048,0.000936346755740229,7.576504255725e-05,4
"19873",4.15592174436538e-06,0.000440032480584198,0.344711801403912,0.650881630331006,0.000682966344312064,0.00151245217483037,0.00176696134361042,4
"19875",0.000159734152611105,0.774962310346022,0.188588041758798,0.000959101835750034,5.47322047938315e-08,5.67501028090719e-07,0.0353301896735856,2
"19877",1.88480329517758e-05,3.36662310027071e-05,0.105335654764054,0.884081121888433,0.00244903603167888,8.0257852019332e-05,0.00800141519985984,4
"19879",0.000264430632810492,0.00164985972345462,0.913931425439523,0.0748016278107856,0.00140043621067341,3.49301752387819e-05,0.00791729000751405,3
"19881",5.83880208716272e-06,0.000220365187792263,0.0827077426735318,0.887180956770481,0.00124093247846777,0.0226518514009364,0.00599231268670348,4
"19883",5.91763461383472e-07,5.74387248622847e-05,0.0357736715790042,0.655348787390095,6.37869466519107e-05,0.306046888371622,0.00270883522430412,4
"19899",0.000290151786546285,0.00186949206624673,0.0645054410890707,0.0120965931466439,2.69832961375847e-06,0.000123043363565986,0.921112580218313,7
"19908",0.000719604357397653,0.0020898475014632,0.000801834822550205,8.90507960843778e-05,0.000249868250318471,0.019492020613817,0.976557773658369,7
"19910",7.06425916684105e-06,0.000956695836541309,0.953682374478209,0.0449341355141495,4.62497463523589e-05,3.86172393407103e-05,0.000334862926240809,3
"19912",1.99614672463177e-07,2.03673600008184e-07,8.72899030732972e-05,0.493028079405248,0.000487249932144499,0.499727353407511,0.00666962406375079,6
"19914",0.00176777094771421,0.00381260923996218,0.433596169576376,0.160227307055045,0.000627315739644725,4.06784317211287e-05,0.399928149009537,3
"19916",3.40713864402562e-05,0.198803843010983,0.463212194554175,8.27865556495342e-05,0.000388242792291907,0.337044200122619,0.000434661577841735,3
"19918",1.05765266915431e-07,2.11045176891618e-06,0.00838374681751375,0.909133474848861,0.0806126028667915,0.00181093315272983,5.70260970683683e-05,4
"19920",5.51607236025573e-08,3.10445831126572e-07,0.000123325046527452,0.130307956588689,0.869440810409912,2.50031770828261e-05,0.000102539171233506,5
"19922",0.847283881733209,0.000419965857379447,0.0387585822994414,0.113453354377949,6.1157757824863e-06,3.07616867134749e-06,7.50237875673862e-05,1
"19924",6.46472843118783e-06,0.000146302620013516,0.120856711473129,0.835439430424733,0.0344539169489039,0.00016183308818775,0.00893534071660126,4
"19926",0.00336495128677857,0.00674260383909701,0.393122640793456,0.0206864211084111,2.03320469663763e-07,0.00378765187836487,0.572295527773423,7
"19928",1.85793630979841e-09,1.73878697138222e-09,3.88340986955158e-08,4.60055048263164e-07,5.77341631821859e-07,0.999998858681852,6.14906455694887e-08,6
"19930",6.40290971028777e-06,5.04837096669962e-06,0.0174848202747096,0.982180344193915,0.000101619415463595,3.86711207857803e-05,0.000183093714448902,4
"19932",2.48313018759797e-06,1.62454145202964e-07,0.000354460633130186,0.998738792671679,0.000778722519579384,8.2324574656155e-06,0.000117146133812691,4
"19934",0.00154797086719857,0.480017090703342,0.461407368571279,0.0152653245628548,0.000124958553636105,7.34228934606945e-07,0.0416365525127556,2
"19936",0.00034316096580404,0.000334201961361012,0.0486383062546063,0.867210143404632,0.000147268704349097,1.91515739506141e-05,0.0833077671352973,4
"19938",0.00112948416019073,0.762064110582217,0.12531198660718,5.41566190042664e-05,4.59501249248383e-05,8.51917208922422e-06,0.111385792734393,2
"19940",1.93469780530425e-06,0.000262130593419705,0.827930470425793,0.163916094407927,0.000145064110550375,0.00759010060642279,0.000154205158082807,3
"19942",6.85590642435348e-10,4.3240633838147e-08,5.42760162758017e-07,4.38702770528141e-06,1.6719904202802e-07,0.999987952031023,6.90705584251007e-06,6
"19944",7.56563468840831e-06,0.00520680002557712,0.97518916983802,0.0161309038947478,5.31824471240525e-06,0.000189690950559377,0.00327055141169499,3
"19946",2.77883419786974e-05,0.00141167231149743,0.654387723491111,0.324866486919463,0.0135967133877326,7.15707565918933e-05,0.00563804479162451,3
"19948",2.78463478654007e-10,1.8373054964949e-08,2.33576406019756e-06,2.16140207284803e-05,7.20390122139887e-07,0.999975212571208,9.86023625019185e-08,6
"19950",6.04046941366622e-08,1.08503890595277e-08,1.30308038799863e-06,0.00159941748735518,0.99839811534413,3.70539679692356e-07,7.22293364321886e-07,5
"19952",2.78463478654007e-10,1.8373054964949e-08,2.33576406019756e-06,2.16140207284803e-05,7.20390122139887e-07,0.999975212571208,9.86023625019185e-08,6
"19954",1.45624060367553e-06,6.52670831189559e-07,0.00322288117850269,0.99621668441896,0.000432903807924064,3.47762206030775e-05,9.06454625751589e-05,4
"19956",4.04482130454279e-05,3.46708714343651e-07,1.25934964821252e-05,0.233419310409718,0.607887495127495,0.00889155372175538,0.149748252322789,5
"19958",0.999095102396737,3.69008422645858e-06,8.22375078849002e-05,0.000658412130325454,0.000159900642693373,3.00044947550149e-07,3.5719318482712e-07,1
"19962",0.00185536628215531,0.0235296562529828,0.220322397495036,0.501335350597765,0.231426019851259,0.000307012988537333,0.021224196532265,4
"19964",8.74196027556961e-06,0.000228154614157853,0.686594178884221,0.295988926232975,0.00618666815887989,0.0109008468366735,9.24833128167754e-05,3
"19966",2.6588383307142e-05,0.7605318112693,0.203517062971392,2.16927436250568e-05,2.77393482885483e-08,0.00606385491719618,0.0298389619758313,2
"19969",9.97287290529214e-07,7.25809356875803e-06,0.00410824625752554,0.981531522925344,6.91988967749655e-05,0.00741656449461396,0.00686621204488232,4
"19972",1.51034448378037e-06,3.11887891492362e-06,0.0392459155657981,0.749853187254795,0.0673182287891017,0.143450803284029,0.000127235882877808,4
"19974",7.8118104255801e-09,3.89918209853098e-09,1.74493475941268e-05,0.121208027725636,0.844695294043596,0.0340756842929228,3.5328792585326e-06,5
"19976",9.59321399328082e-06,0.000171661822329828,0.299119995839378,0.646272999701914,0.0499984633125049,0.000222177008358978,0.00420510910152083,4
"19978",6.15122663450455e-07,0.0046342323863851,0.977679820477264,0.0172844913939825,7.11179288315556e-05,0.000143614639905419,0.000186108050967652,3
"19980",5.30348368560489e-07,5.16801577926542e-08,0.000112961253271884,0.869604695710453,0.130219485133382,2.4528985290528e-05,3.77468890771108e-05,4
"19982",1.13894702780679e-05,7.31555138840178e-06,0.000276460260553038,0.156249518388881,0.842133604689261,9.62311980519653e-06,0.00131208851983245,5
"19984",2.56189462313131e-08,5.11222410511622e-07,7.85697031898883e-06,0.00021655103918395,0.999771432842989,2.37461352403756e-06,1.2476926269863e-06,5
"19986",7.95508960738963e-05,0.948631332814628,0.0482941355301084,1.45189781258408e-07,1.63522687870937e-09,2.68948767965106e-07,0.00299456498541365,2
"19988",4.55745156464577e-05,0.995427896797309,0.0043987518111941,3.3488038139287e-09,3.42296151289761e-10,3.24754637835419e-09,0.000127769937203754,2
"19992",3.79541465425185e-05,0.993044532798909,0.00369825918770975,1.02112647042983e-07,3.60530795003305e-08,2.19121615055134e-09,0.00321911350989634,2
"19994",2.51598894836748e-05,7.39991028208206e-06,0.0221946843386186,0.976905442611609,2.38406558337918e-05,2.82512523592648e-05,0.000815221341813527,4
"19996",1.18323496503508e-05,0.962536208969628,0.0372276226549657,4.99374798774475e-07,4.77146679849479e-08,3.81072375029726e-09,0.000223785125565522,2
"19998",2.6450788153857e-05,0.00325882658413633,0.0147807940107312,0.0894819819199463,0.00548310555403784,0.398707608689193,0.488261232453802,7
"20000",0.00784533985473099,2.0242712368597e-06,0.000118848123475524,0.723139824824605,0.000241020533387337,0.00230230721064408,0.26635063518192,4
"20003",0.000151371772961402,0.000121372219071565,0.0775398091266469,0.908218831680201,1.47151660414036e-06,0.000594854542849506,0.0133722891416659,4
"20005",7.04170890191939e-08,1.56005179683031e-08,0.000186054557883435,0.976969807742506,0.0215964751247838,0.00121781404195452,2.97625152648355e-05,4
"20007",0.00068626041039244,0.0218968656222664,0.669731216067576,0.0477198421435766,0.000414928954369548,8.35363172516905e-06,0.259542533170094,3
"20009",0.000448011135482387,0.638735030105426,0.359035263668899,0.00012938130890366,0.000342110606426333,0.000367995022768556,0.000942208152093962,2
"20011",5.00300711031489e-06,3.71546681104223e-05,0.179022915329546,0.780646437295448,0.0101146574148951,0.0288890507332646,0.00128478155162574,4
"20013",6.69674360981624e-06,9.49760431765421e-06,0.0030807226380499,0.880880283640217,0.0961900058248649,1.0607778446061e-05,0.0198221857704948,4
"20016",0.00212655078129882,0.911992298253962,0.0830934985234397,1.11540630584789e-06,5.87278487709183e-06,5.4530164706969e-07,0.00278011894846923,2
"20018",0.931842463793929,0.0681175014438502,3.08676919937051e-05,1.06180645218202e-09,6.84876025615764e-10,7.81081238114568e-09,9.15751273245406e-06,1
"20021",0.000152707046852595,0.0949005400640419,0.902897082745625,0.00165882656381209,3.66558137622102e-08,3.7129844944837e-06,0.000387093939360319,3
"20023",0.000446707790205013,0.0533549014939615,0.89618419250973,0.010567990694202,4.46557414911056e-05,9.27513685380572e-06,0.0393922766335561,3
"20025",0.300671334465077,0.678669924608632,0.0203195244658023,1.97583983125591e-06,3.1000553267858e-08,4.7685108115231e-07,0.000336732769023373,2
"20027",1.25833538363694e-06,1.4387918499599e-06,0.00172478654800587,0.66430310241164,1.51654028294425e-05,0.31477581690527,0.0191784316050206,4
"20029",3.04218975682927e-08,2.35637860046149e-07,0.000305382981427975,0.984220853989243,0.00809668262277244,0.00673754336954094,0.000639270977257997,4
"20032",3.756656810009e-06,8.55187054608487e-07,0.00231305834674208,0.992779530137487,9.41535187278152e-06,0.0042767910159033,0.000616593304130459,4
"20034",2.66843332845584e-09,5.92929735069843e-08,2.49079956714634e-05,8.26297100064144e-05,1.47589902706704e-07,0.999891916367422,3.36375590294006e-07,6
"20036",1.79857815604896e-05,0.000504928662528568,0.000258565237889657,0.0198384378592792,0.0120911053345472,0.00013669466586683,0.967152282458328,7
"20038",0.00260241557505738,0.741963450651056,0.0938623081672875,3.43533567971262e-05,1.33865719221743e-09,1.82744709043218e-07,0.161537288166436,2
"20040",0.0100607483852957,0.824623134263877,0.165148661507023,4.75026583268103e-07,3.25846103819749e-06,0.000126508710420951,3.72136457622945e-05,2
"20043",0.000267741198436759,0.909562323641734,0.0830304309905529,0.000532777534242418,2.75241567626233e-07,5.46410345265904e-08,0.00660639675243213,2
"20045",0.000826200854198523,0.995161127348051,0.00399742489027484,5.59017836604125e-09,1.70850668929861e-08,3.00262100723495e-10,1.52239319679494e-05,2
"20048",2.69430843315804e-08,9.00372425092669e-09,1.32404607275399e-07,2.47790482305201e-05,0.999974764948232,1.87576166880134e-07,1.00075954439392e-07,5
"20051",0.0146903132230063,0.133628584519665,0.13035498260292,0.578797386387541,0.0127044922257441,8.03056259495205e-07,0.129823437984864,4
"20053",1.51267899966841e-05,0.0342606099078394,0.963845459528916,0.000936310326508857,6.41134106041974e-05,2.50690698582026e-05,0.000853310966276601,3
"20055",0.0175711301352089,0.0510994542741183,0.0439549593188514,0.00224299844287221,7.39939503486562e-09,9.12668905507218e-06,0.885122323740499,7
"20057",0.999611373149655,4.13522657880465e-08,1.41869685108244e-07,3.83056581649062e-05,0.000337079285681283,1.19929723016079e-05,1.06571224623033e-06,1
"20059",0.000679842396026336,0.0244723379445391,0.97359305076331,0.000634756478549554,5.09664398304994e-06,9.7308502348408e-05,0.000517607271244081,3
"20061",4.83226628207254e-05,0.0103335483807992,0.981139794720283,0.00591256256040971,2.30838345428547e-05,6.14011798707342e-05,0.00248128666127383,3
"20063",7.33788542874754e-05,0.0151170164926131,0.000103094647675749,4.55382012194667e-06,0.984138011199312,0.000421257584820011,0.000142687401169484,5
"20065",0.776971756249546,0.21973192090352,0.00284101924195977,3.66604141421646e-07,2.83579443910627e-11,1.73959355924622e-09,0.000454935232881682,1
"20067",0.00594464912048764,0.904777838524606,0.0878841981264318,3.61465136792379e-05,0.000180791574585621,3.27113486095888e-09,0.00117637286907483,2
"20069",1.07489294954524e-06,1.31572336630794e-07,0.000123193481461553,0.631413292870385,0.368382473664295,9.61319277085199e-06,7.02203258011319e-05,4
"20071",1.48675339144153e-05,0.000286423376022426,0.00278933270041187,0.000857083686057853,1.44864581370872e-05,0.00120003542136494,0.994837770824091,7
"20073",4.41053668637558e-07,1.1199157722057e-05,0.00647544349434323,0.0998390169996991,0.893318611992389,0.00035097480936123,4.31249281677331e-06,5
"20075",0.999353994217723,1.3006910882683e-06,4.02907252533359e-07,5.44048894157365e-05,2.61524268423e-07,1.77067334360862e-08,0.000589618063518708,1
"20077",1.1465350800377e-05,0.225288522931449,0.1220325867462,0.00137922753151227,0.000267658129636628,4.04331746446282e-06,0.651016495992938,7
"20079",0.000452516433794104,0.106589284190804,0.00964800539050683,0.0354545072460065,0.838601987202627,1.72962239195406e-05,0.0092364033123416,5
"20081",0.163923198380528,0.41689629306032,0.36011557082771,0.00165924238076555,5.05676483583295e-06,2.13359131325638e-08,0.0574006172499269,2
"20083",0.00011407056082526,0.000904776557053984,0.000137521503585282,0.00338653017941363,0.857161244850147,0.00134458105724205,0.136951275291733,5
"20085",0.000192591250426326,0.997558913259875,0.00207310994222609,5.74177364052749e-09,5.66823463377530e-11,7.82674572281983e-10,0.000175378966342576,2
"20088",0.0004087588871335,0.881210016526033,0.11516941402103,4.88201172069506e-05,6.45566913517676e-08,2.09922333475238e-08,0.00316290489967169,2
"20091",0.999321787568733,0.000181584935678032,0.000373576273207247,7.68808414157515e-06,7.53538754709489e-07,4.21841781207771e-10,0.000114609177643885,1
"20095",0.000103936911101339,0.00247431775508061,0.160795303033044,0.00327043390006322,0.802847405935807,0.0299827069057559,0.000525895559148326,5
"20097",0.000819467067382911,0.996934498362499,0.00162359233634572,1.11522863725451e-08,7.7936986544975e-11,3.37874754882589e-10,0.000622430665674064,2
"20099",6.25291756288271e-07,0.117767260755721,0.791940842763094,0.000348084769542537,0.00254203996854341,0.0873316882107695,6.94582405733792e-05,3
"20102",0.048678051665854,0.000123033408958302,0.000473635096719591,0.00062057005640085,0.949991705520106,1.59684547095497e-07,0.000112844567414391,5
"20105",0.000156738657984149,0.734091649586938,0.262912997704728,0.00147600271302419,0.000453328497644384,1.89849158943948e-07,0.000909092990522152,2
"20107",4.5598175840498e-05,0.52804083375737,0.406963569741937,5.34413476607507e-05,3.72855049241589e-07,8.70800648444091e-07,0.0648953133214934,2
"20109",4.30114726752633e-06,0.0411467548063265,0.817782570280081,0.00547878310277547,0.135201791632966,0.000377864886117917,7.93414446506714e-06,3
"20111",0.653709496985171,1.38661279255881e-06,0.000358335221280634,0.341614243409989,0.00424733171405174,1.4966341266954e-05,5.42397154478768e-05,1
"20113",1.58050595166909e-05,0.0536798168971473,0.17461618243374,0.000632413932659945,2.18899743641962e-07,0.00451946025019142,0.766536102527001,7
"20115",0.000210121320128861,3.61751913069333e-07,0.00266267064418006,0.993758041031535,0.000193868194691913,0.00315011210549946,2.48249520521587e-05,4
"20117",0.556129923212564,0.0295934067927345,0.0480185895981372,0.000203754995448664,2.62305165191578e-06,0.352306150078499,0.0137455522709652,1
"20119",9.49771468719622e-06,0.78410410905423,0.151671535443187,2.39383489106664e-05,1.24930401961975e-08,0.0267674505123054,0.0374234564336394,2
"20121",0.000115161177908657,0.834296410081959,0.131378517988515,4.1301785774244e-06,9.12393610745457e-09,3.95213432655394e-07,0.0342053762356713,2
"20123",0.998900823845688,0.000486127643344563,4.14536971487175e-05,1.94108643557376e-06,2.47283071992054e-09,1.43944066479503e-09,0.000569649815112049,1
"20125",7.09251064434856e-06,1.18080435987655e-06,0.00111443785821344,0.928789748770845,0.06874257802239,6.03272979608202e-06,0.00133892930375147,4
"20127",2.28979902941709e-05,0.99443362300941,0.00552682682556932,2.03027624935435e-07,2.70431932208335e-07,6.83314963131464e-09,1.61718820202571e-05,2
"20140",0.0044821353373848,0.00140668135794906,0.00259514080532926,0.000585245825102565,1.57340503652147e-08,1.86803461355755e-05,0.990912100594048,7
"20142",1.49165031133255e-07,1.82071599317149e-08,2.45544537931051e-06,0.0050430851178622,0.994946063111788,7.47178437574591e-07,7.48177434154648e-06,5
"20144",0.004316191524257,9.42985371345118e-07,0.000430630003106873,0.963665587025266,0.00477234087353795,3.55157797752908e-05,0.0267787918086861,4
"20146",0.000676439761167355,0.000312299072479256,0.00191900132832606,0.256219425930944,0.324009549742472,2.58133526865823e-05,0.416837470811925,7
"20148",3.88883286138925e-05,0.00030099982402617,0.0161957939224442,0.933708632298771,0.00014129165065472,1.2280355889471e-05,0.0496021136196005,4
"20150",4.38092583604708e-08,8.36780907511309e-09,4.03591649219847e-05,0.684489733247662,0.313544440770008,0.001914655744621,1.0758895719178e-05,4
"20152",7.28028886987616e-05,0.00145554071831475,0.100781621165378,0.845888928986332,0.000109937200747791,7.19654107843015e-05,0.0516192036297441,4
"20154",0.911078302782773,0.0884059864414106,0.000286662311673126,1.47930278903415e-06,3.51945763784623e-06,1.11791412220875e-10,0.000224049591925518,1
"20156",0.00317133068018111,0.0239354927060044,0.428230104117868,0.012996952211292,0.0351986953590223,5.62412233046558e-05,0.496411183702327,7
"20159",2.11325212105445e-06,1.54369193836125e-07,0.000102398015105375,0.50975594994117,0.489940280811233,6.11731120688727e-06,0.000192986299969756,4
"20161",8.38651510785603e-06,2.70787677417952e-05,0.000135770842764788,0.00362083154033812,0.994763006322894,5.78758508466871e-05,0.00138705016030684,5
"20163",0.000933882111695551,0.00253356339812237,0.133039146593571,0.860815469314882,2.67146064020759e-06,0.000745121258937326,0.00193014586215077,4
"20165",4.85700599193676e-06,0.00161376620117432,0.00172004095096162,0.000250830313098478,0.996405939109698,4.51569857299751e-07,4.11484921859935e-06,5
"20167",2.3865218017395e-06,6.9423353210004e-05,0.0212930877932069,0.972258693508814,0.00570514019228423,7.36908300746017e-06,0.000663899547675681,4
"20169",3.46533722092512e-08,7.65004748403784e-09,2.54266047189544e-07,0.000134888858519471,0.999864156105734,2.25745074572418e-07,4.32721205143332e-07,5
"20171",0.96161169674491,0.0381773710179977,3.66118654375884e-05,6.90758008777135e-08,5.37838286265476e-06,6.72839998022024e-11,0.000168872845707489,1
"20173",3.48725781836361e-06,0.0145904825386917,0.0174730295353995,0.000350151331927307,0.222740247708122,0.744823238956626,1.9362671415184e-05,6
"20175",8.75225585228647e-06,9.65237463123934e-06,0.0367046874948118,0.952165066671707,0.00722957230730543,0.000224240511866969,0.00365802838382576,4
"20177",1.79303534606693e-06,0.0671807016819588,0.49199178466519,0.000646857405117281,0.000100287200326265,0.439509696018321,0.000568879993740501,3
"20180",0.00106286150876514,0.878249724569769,0.117739729873703,2.66658640394103e-06,3.01119901599445e-11,3.33458892730294e-06,0.00294168284231909,2
"20182",1.09294931432461e-05,6.59135917419793e-10,4.58121695723531e-08,0.000209315781428974,0.997758579041331,0.00202107106760461,5.81451866000809e-08,5
"20184",4.85134274446952e-07,1.65917329351551e-06,0.000267053471890756,0.0310790015173385,0.968425864973957,3.97591784659582e-06,0.000221959811398847,5
"20187",6.62456544442519e-08,0.000170828170282646,0.00399501451157435,0.000443269754932484,0.000881968412278047,0.991185938444722,0.00332291446055641,6
"20189",7.2970499300296e-07,0.0187743551516667,0.972739370810884,0.00487045365850308,1.40889411219902e-06,0.00346149050367575,0.000152191276165139,3
"20192",0.19044592714025,0.343164367974209,0.444147553014432,0.00132025604723146,2.04868836936308e-06,0.0207564622944192,0.000163384841088547,3
"20194",3.07854549637175e-07,5.99904995655519e-06,3.32014018271558e-05,0.051237168355556,0.683773011239619,0.125594061293753,0.139356250804738,5
"20196",0.0820763534924509,0.899611882246609,0.0172866297796644,5.97346988732542e-06,5.25434304208336e-08,1.55969073090373e-08,0.00101909287105098,2
"20198",0.00290282329557927,0.0181307920490877,0.504252562084601,0.285392826850823,0.000488113669447728,0.000306025391065391,0.188526856659395,3
"20204",4.11437996629644e-06,1.49392535099862e-07,0.000219780426593007,0.662157689877162,0.337584662019372,1.14188530519567e-05,2.2185051319472e-05,4
"20207",0.0298784409739231,0.944155678311063,0.0170423167323947,1.56606150229151e-05,1.61547203854429e-05,1.37141831242642e-09,0.00889174727579311,2
"20209",0.0736999892427871,9.46186180105981e-06,0.00427863984924302,0.817936302461692,2.41384727794773e-06,0.0617418932104574,0.0423312995267412,4
"20211",0.998243113853367,0.000420756972638295,3.36802924189492e-05,5.68807987933781e-06,2.62786470984704e-08,2.50778649714885e-11,0.00129673449797206,1
"20215",4.65398287768938e-05,0.219855326064649,0.00986792805760771,0.000742162664237325,6.65555638934827e-06,1.02153973863434e-06,0.769480366288601,7
"20218",2.10722603202799e-07,2.74798321829502e-08,8.87993964528129e-06,0.0227266380671299,0.977258966185532,1.0494617013248e-06,4.22814355614778e-06,5
"20222",0.0219938784639002,0.937485328384999,0.0205792401895534,0.00132776791298268,3.52136976080761e-05,1.27419361785802e-08,0.0185785586090201,2
"20225",0.000154162405660258,4.72565557251077e-06,0.000148493142609751,0.938436510365252,0.0156239927068324,0.00017825896815251,0.0454538567559205,4
"20229",0.000192416150979606,3.18645501532609e-05,3.14295011038994e-05,0.00123805116900926,4.27981842019049e-06,6.50783189423223e-06,0.99849545097844,7
"20232",0.00370671324060571,0.0289295659739142,0.36583303025403,0.00636454371750073,4.63133439830726e-06,8.46047539490164e-06,0.595153055004156,7
"20234",0.0232155479877586,0.973194591415006,0.00358528207153128,5.51819679552184e-09,1.01453500990995e-10,1.90986279239168e-07,4.38191977425236e-06,2
"20238",0.000745339869690305,0.520898686671614,0.469762937985751,4.82188642969233e-05,8.2585226550934e-06,5.1384284674547e-07,0.0085360442431459,2
"20253",3.06419621364298e-05,0.747707591244718,0.00331968719854621,4.12433301567091e-06,2.84669218056916e-07,2.30816156563766e-07,0.248937439776209,2
"20255",0.000207585105934393,2.46237654161559e-06,0.00180658304606121,0.994299566804417,0.000120494743495436,1.48579378785133e-06,0.003561822129762,4
"20258",2.43312643053118e-05,0.668695256525153,0.331222676100101,1.65175525199531e-05,2.03535628347569e-08,6.34846265052089e-07,4.05633580930704e-05,2
"20269",2.29640422869757e-05,0.0506667126683174,0.928384769505284,0.0055410632268795,0.0153637987897217,9.75023274989819e-06,1.09415347602549e-05,3
"20271",5.42500269463601e-06,0.446758757845025,0.543355029304635,4.92787968698392e-05,8.27785121777414e-08,0.00971814797718819,0.000113278295075268,3
"20285",1.73818155531832e-06,0.000239267663353611,0.00280240123696735,0.0162925717130952,0.000641154381964932,0.970435566239462,0.00958730058360166,6
"20288",0.00022570411678661,0.117705354840691,0.0887793674459665,0.00139072111855728,2.69012486896337e-05,1.61219420343458e-06,0.791870339035105,7
"20291",0.336542984269023,0.272034627914991,0.388036794865119,1.87302508720175e-05,1.67226707587123e-06,2.00916369101249e-07,0.00336498951655004,3
"20295",3.34403157214609e-05,0.0215186621822667,0.920578830752466,0.0110632689163829,0.00366302992944922,0.0431371481126114,5.61979110270352e-06,3
"20298",7.42109957700264e-07,9.01447018494974e-08,0.000185822961531511,0.998081675390817,0.00134783215815494,2.85739007701479e-05,0.000355263334066685,4
"20302",2.50591511531448e-06,1.22319966251643e-05,0.00832300456488509,0.385958828310305,0.603896284066206,0.00174716565521779,5.99794916458822e-05,5
"20305",2.86053459852982e-07,5.38317703066227e-08,0.000203353937804737,0.998759597218464,0.000169334119493565,0.000784934491404713,8.24403476034359e-05,4
"20307",0.00014125524892412,0.896866917094458,0.102379091592838,1.04280885296819e-06,1.23770422741343e-08,5.32774481875858e-09,0.000611675550139716,2
"20310",0.000112312752274236,0.997923465160307,0.00195221672103147,3.36513007056936e-09,1.805104504487e-09,2.3169353940185e-08,1.19770267981191e-05,2
"20313",3.14137070792968e-09,1.01426372514953e-09,2.52214643457533e-07,0.000636730711652138,0.9993546947192,8.20419686813631e-06,1.14002001275375e-07,5
"20315",3.70124019860507e-05,0.606635180166832,0.3837159729319,7.9769464146918e-05,2.50771637141526e-07,9.35431165793724e-06,0.00952245995184027,2
"20319",0.246762063523603,0.741598120008837,0.00217134661019431,1.22155878682072e-05,3.02359080400408e-08,3.16111679108954e-08,0.00945619242242181,2
"20321",5.67797952173337e-06,0.983476525457778,0.014781516214853,2.99998415011318e-06,2.02352684444388e-06,2.03867276287573e-07,0.00173105296957606,2
"20327",2.83490772266055e-06,0.486749834557396,0.513211726386273,3.67109402074766e-06,7.27055153545153e-08,1.44502184046474e-05,1.74101306680641e-05,3
"20329",1.02105639022982e-10,7.28171124248806e-09,1.60014027486955e-06,5.59107715380076e-05,3.16743128525282e-05,0.999907870162991,2.93722852685039e-06,6
"20335",0.0479035662475039,0.931460535833738,0.0204636080805265,6.25475119699481e-07,3.42295123932088e-07,1.43552003074654e-10,0.000171321924436209,2
"20337",2.26568618676367e-06,1.79413625426606e-07,0.000208508463706323,0.866995033371915,0.13270842525421,5.46125570159287e-06,8.01265546550345e-05,4
"20339",0.589290407643847,0.00196369097812947,0.000419825135435376,0.00220632218297399,1.04895163378852e-06,0.000217327934010051,0.405901377173971,1
"20341",0.980310304492784,0.0162364582167191,0.00141866689740882,3.84455684280221e-06,0.000386148553857288,3.06152636844799e-09,0.00164457422086175,1
"20343",0.000933160416205741,0.995141022693075,0.00381657697547571,3.42137159165104e-07,1.62608535679354e-05,9.84339359822388e-09,9.26270811226673e-05,2
"20345",2.15151486891771e-05,5.49513006298489e-05,0.0623236192068746,0.894710269328665,3.22442335956623e-06,0.0258800069736369,0.0170064136181451,4
"20350",0.00378395322240289,0.00703926804312086,0.00116443704804009,0.00125814536301348,0.000976033014562582,0.000184940885030833,0.985593222423829,7
"20352",4.7709337401777e-08,4.76329270140468e-08,1.39278454584169e-06,0.000330173545967607,0.999667976030114,1.89141416782392e-07,1.73155691313998e-07,5
"20355",6.05606000278768e-05,0.000133742050876268,0.00270812403348302,0.0130001936345073,0.98360735253277,6.39910093526892e-05,0.000426036138982577,5
"20358",5.40438019095105e-09,2.41777571243917e-07,1.67043341055475e-05,0.0270206831542847,0.00762504457335315,0.965309009320941,2.83114353637718e-05,6
"20363",1.02297847720194e-05,0.949010337386881,0.0476501258283298,2.59759110043236e-05,2.26673120506966e-06,8.64867208852118e-08,0.00330097787108736,2
"20365",0.616463148739007,0.10926402185118,0.156368914079047,0.00867162200644765,6.97539402126202e-07,1.43722213539742e-07,0.109231452062702,1
"20379",0.000486320380580129,1.19186669749442e-06,0.0111165259782086,0.987253865440069,0.000526121472921594,0.00017896043853385,0.000437014422988752,4
"20387",0.00103658378954974,0.502693506798324,0.495981367145429,8.46606821059585e-05,9.60907125394788e-08,3.14698145126164e-08,0.000203754024064376,2
"20392",0.998447710732971,0.00135092770749913,6.37528714726544e-05,1.53875997242789e-06,1.34159222793846e-09,2.89742976407679e-11,0.000136068557518735,1
"20395",7.60756056799047e-05,0.000434203341710016,0.0360650814457919,0.520800163348825,0.000630445019279121,2.09004478907374e-05,0.441973130790823,4
"20397",5.25707241998497e-10,1.19111558840375e-09,1.12720061330869e-07,2.51010121859659e-05,0.0027744659261792,0.997200237250263,8.13744873772692e-08,6
"20410",0.000182886511263619,0.0940609497686623,0.903894424009834,0.00100953364994913,4.20288731025684e-09,0.000105485093506863,0.00074671676389639,3
"20414",2.34071054769777e-06,1.25732786479543e-05,0.00456804693043647,0.836594977409467,0.158761557444086,4.02178775340619e-05,2.02863492814806e-05,4
"20417",0.320078897869348,0.67977259791419,6.73543964302908e-05,3.80763993060006e-09,1.69355819392372e-09,1.13486992376571e-05,6.97956195960407e-05,2
"20419",2.01216217357851e-07,0.905338234651889,0.0945793794244442,1.35836442607117e-06,3.84285706843314e-07,5.78347034529657e-06,7.46585869715679e-05,2
"20421",0.0160794994595789,5.2232265059086e-05,0.0244921752284607,0.209686133497929,0.748915926329204,3.56166752813261e-06,0.000770471552239817,5
"20423",5.43500008824789e-05,1.35441820895481e-06,0.00229610475728669,0.714174654394469,0.28329929140684,3.64362515698016e-06,0.000170601397156197,4
"20425",0.000109307537068924,2.25195350449949e-05,0.000311396335356757,0.348369612370459,0.618799907001596,1.16911877395556e-06,0.0323860881017008,5
"20427",1.27858510211233e-05,0.00126623869303805,0.279046987850735,0.711601006745742,0.000145215476333302,3.88076025324087e-05,0.00788895778059779,4
"20429",0.00152362642589836,0.81957275875881,0.163663797197177,1.21555687802376e-05,0.000220622836450388,8.10170116640346e-05,0.0149260222012203,2
"20432",9.19566398715215e-08,5.80362303910223e-07,0.00017050537306515,0.293459558242505,0.706019901157167,0.000338395402394732,1.09675059237791e-05,5
"20435",0.00881590864470815,0.0412751569963676,0.85681821495386,0.0231629161625731,2.11971534870523e-06,5.69109417204915e-05,0.0698687725854217,3
"20438",1.35345508748411e-06,0.944867028264409,0.0319218245342277,2.55097799946742e-05,0.000192723494829985,2.07658004651842e-05,0.022970794670986,2
"20440",9.04839197315777e-06,0.592681913700424,0.407262708570681,1.73252427695917e-05,7.83777481772615e-06,6.40179608128278e-06,1.47645232534521e-05,2
"20443",3.39426342708728e-06,5.35601986470996e-06,4.8206630304735e-05,0.000313018111218592,0.99908741391086,1.28512381119566e-06,0.000541325940513693,5
"20446",0.000944185189341518,0.11507508590676,0.539508951020147,0.331445776724138,0.00287191322539432,0.0016667949773691,0.00848729295684931,3
"20449",0.00157202130997456,0.0207063435528055,0.177297994025354,0.00975429863211878,2.91970058906325e-06,2.16579593658912e-05,0.790644764819792,7
"20537",0.338986755108352,0.117747304562724,0.541534807657903,0.00123782625367403,8.06867710057321e-05,4.75804202253547e-07,0.000412143842139651,3
"20540",0.997894040970827,0.00140162974663443,0.000699838060274359,3.56291373899529e-07,5.6353171298095e-10,6.25174227381844e-10,4.13374218426744e-06,1
"20543",0.000181036870463261,0.00156284285278457,0.83335273808814,0.16316638476404,0.000840591571855227,9.00469832974108e-06,0.000887401154386781,3
"20545",0.999598111747243,0.000336435974608809,3.25215687674167e-05,3.77630283987366e-06,6.5623122226432e-08,1.00597931137635e-11,2.90887733587081e-05,1
"20549",0.00319541867463244,0.00101116241051194,0.34846119528556,0.634765314497817,0.0098848809505151,6.23343107709894e-07,0.00268140483785607,4
"20551",0.000715856563658365,0.215363730823014,0.709327656079675,0.00475870461489913,8.09018089256677e-05,9.52326351161992e-08,0.0697530548771927,3
"20554",2.37772210513863e-05,0.061840576545493,0.937749330306428,0.000366018490287497,1.64720123052064e-06,1.11513050684907e-06,1.75351050028813e-05,3
"20556",0.00520213515430166,0.00246140527899041,0.00540075504152246,0.0204189698866982,8.20221790885634e-05,9.09205831766672e-08,0.966434621538816,7
"20558",4.37489182321376e-05,0.898923603834832,0.100842095726996,4.23279047729524e-06,7.03207822788026e-08,8.5251981160603e-09,0.000186239883482176,2
"20560",2.81732181837981e-05,0.448347627046543,0.530605802894665,0.00622463465031822,0.00437572974004042,6.31032213196075e-07,0.010417401418036,3
"20563",3.32535464705622e-05,0.979007193198404,0.0209525645454722,2.28197475781008e-07,1.20027321482798e-07,1.73501381585503e-08,6.62313471747354e-06,2
"20565",0.000347538157952292,0.616412043692533,0.125560512499078,0.0491199621144859,0.0249000943982119,2.87875499589394e-06,0.183656970382744,2
"20567",3.37704671370677e-07,6.12808961110792e-07,0.000253905338639205,0.0940063956720349,0.90528878798528,0.000119533773525155,0.000330426716887939,5
"20571",0.000143412697230382,0.106345728728842,0.000223190827900552,2.97293349780549e-06,8.39888226417874e-07,1.21389994018544e-05,0.893271715924901,7
"20573",0.0013281701047808,0.0673078609932977,0.838037897604761,0.00479445484337095,0.000281273001179326,5.48564193096765e-07,0.0882497948884178,3
"20575",2.63530732982596e-05,0.892880192508939,0.106971864586903,8.71326636353227e-07,4.56206889547562e-08,5.20460523809715e-07,0.000120152423010082,2
"20577",0.000252889771416807,0.00251509934402883,0.0461060465867316,0.136989627091735,1.73424101112263e-05,0.000128648669612276,0.813990346126364,7
"20579",1.87689818857625e-09,1.15827902342838e-08,4.35858075258347e-06,0.000858036616996899,0.875561039379512,0.123573930497302,2.62146574810679e-06,5
"20582",7.4477764875268e-06,0.993916135602364,0.00601943543793405,1.47650702142417e-07,3.09113282219061e-09,7.86023455454767e-09,5.68225811443374e-05,2
"20585",0.927768560655019,0.0301742214839595,0.0126367459111449,0.00363235036461662,3.84789920315344e-07,7.32989922342358e-09,0.0257877294654405,1
"20588",0.938893708370329,0.000516303665400192,0.00378362657637499,0.00176142269138085,7.97597444879387e-05,4.32024314961654e-07,0.0549647469277117,1
"20590",1.19140077531261e-09,2.0442910149372e-09,1.97622723653888e-06,0.0049011824754489,0.993828950734043,0.00126661479149673,1.27253608270594e-06,5
"20592",5.30701711141999e-06,0.990729276247006,0.00915768766245727,6.63868115209492e-08,1.86723002445709e-07,3.3352431612387e-09,0.000107472628368555,2
"20594",4.94182321081173e-05,0.976922924963218,0.0229832953652288,4.9623827425688e-07,6.41702358198355e-10,1.14253997473256e-07,4.3750305470906e-05,2
"20596",5.44390176857719e-07,0.0632470223438434,0.934817887054929,0.000824901961536518,0.000125203349563806,0.000542444618715944,0.000441996281234326,3
"20598",3.35801794601523e-05,0.19030548794237,0.805448851578567,0.00200043586797146,2.06726422967058e-06,1.37085908163517e-06,0.00220820630831927,3
"20600",0.230051618024489,0.00260540443729187,0.0210071591022658,0.0251513632824435,0.000372819260634788,7.70369437120531e-08,0.720811558855931,7
"20603",0.00151809868133346,5.43872725740704e-06,0.00312727438765485,0.980780533985273,0.00185609383472914,1.08873384522155e-05,0.0127016730453,4
"20605",0.000169354299782068,0.506377298218366,0.465948900372607,2.9794925100534e-05,7.85405401933029e-09,4.25329664145065e-06,0.0274703910334493,2
"20607",2.55625187083166e-06,0.601431786435505,0.358510015778936,0.000176671307794344,2.39938583615687e-07,2.81040730666791e-05,0.0398506262142442,2
"20609",2.85045273867725e-05,0.0832560006956447,0.914039413875258,0.00258619293717898,5.53361126423013e-06,3.25095730511076e-06,8.11033959624024e-05,3
"20611",3.55711676197547e-07,8.622987277592e-08,0.00029517854454591,0.992853336879754,6.24725707499667e-05,0.00619513062038483,0.00059343944301668,4
"20613",0.000859520435578436,0.00554720419299535,0.894077110722486,0.0989623473645961,1.00470739451277e-06,1.6212382201008e-05,0.00053660019474856,3
"20615",0.0087978480631342,0.0102151030591649,0.0350000505664772,0.0793840749674165,0.000511189958495251,1.04596659630539e-07,0.866091628788652,7
"20617",6.47336485543335e-08,1.06826746059957e-08,1.41099451697756e-06,0.00206314001090448,0.997933948353943,3.89213182979233e-07,1.03601112951391e-06,5
"20619",1.93688718504101e-06,0.985894616370913,0.0105374683749919,4.1537279596749e-07,7.95485327372272e-07,1.4993939313984e-07,0.00356461756939338,2
