"","V1","V2","V3","V4","V5","V6","V7","V8","V9","V10","best$classification"
"19812",8.26974429564808e-07,8.9304890938976e-10,0.257430828290192,4.31874275505429e-06,0.0676419686586329,0.605520946642429,0.0693751802523605,1.59782757078727e-19,2.59295461520919e-05,6.03182879786085e-29,6
"19814",2.43395545475637e-06,9.71932656699518e-14,5.68175317660781e-05,0.000222907740704686,0.00650986217666126,0.92738859762201,0.0658190194717546,7.70758240850411e-55,3.25692680820538e-07,3.58088703562082e-08,6
"19816",0.00063900806469012,0.392365149800173,0.0596044922327944,0.000861709703505856,0.000219771375054823,5.64737108538891e-11,0.546309810829157,3.03643313779426e-98,5.7938150801528e-08,3.47403351692983e-25,7
"19818",0.000245554641515901,2.53430963813846e-09,0.000170216638940356,0.000592209774351938,2.0081335469413e-05,0.00225487370195608,0.996716071399712,3.4438587786435e-44,9.8996993122238e-07,3.81325901795439e-12,7
"19820",0.00172998137954591,0.99081189007421,0.00059981661736335,0.00340990619436573,1.71033106363716e-08,3.71315366062558e-66,0.00344838863120451,6.47079153727317e-131,2.3905921369697e-37,6.64525722652697e-54,2
"19822",0.0487287978631916,0.000163427678520998,5.56398499439148e-05,0.951051846900652,2.87707476811168e-07,3.7557859508923e-73,2.1440247693176e-13,0,1.13233975070719e-43,3.03452677879665e-43,4
"19824",0.919617577562421,0.00511636486493977,0.0750408448783844,0.000197837316280119,1.94227065682676e-16,1.0515088077721e-35,2.73753779741421e-05,2.75954254094572e-74,1.41066166116207e-18,1.82463957039262e-20,1
"19826",0.00534520835266124,1.74640453450852e-11,0.75366401446455,6.55718665027144e-05,0.0843661484537467,0.0232986002358627,0.00216191754158963,5.22707104365042e-34,0.131098539067623,2.20330473121572e-16,3
"19828",0.000172977370992527,0.721853239793209,5.98676153883199e-05,0.00609573108371754,1.16785502993849e-05,1.48971893508185e-31,0.271806505586393,1.71776592028159e-75,1.49085403021381e-23,4.44057465623668e-32,2
"19830",0.000833378492070072,7.27669979590879e-32,0.000171809868971263,0.000167875462437157,0.976672207847946,0.0201620546319934,0.000641144514763309,2.65044452248723e-130,0.00135152918181838,4.20998532960729e-25,5
"19832",8.43899686866957e-08,1.02143239508613e-07,0.0169193772428068,1.0578325258162e-05,0.983069349057486,1.84593540162944e-11,5.08822781305755e-07,1.89563693863649e-37,5.76806120121679e-31,1.0838716816066e-60,5
"19834",0.00841456970060091,0.000149209982174519,0.0051689339799458,0.0096196363382298,0.152561690649979,2.4832718074827e-13,0.824085959348821,4.34504517654186e-42,5.53265665990266e-22,1.8162355203496e-28,7
"19836",0.00251222171663038,1.65729069313032e-09,0.816454257363224,0.000306435730561364,0.000408476231629996,8.18265287353603e-07,0.149722872153252,5.58181271320678e-36,0.0305949168821244,2.93564347452725e-42,3
"19838",1.4410132459183e-09,2.01551983123442e-27,2.19992788761249e-06,1.32713645170945e-05,0.00329524644513289,0.996115658901346,1.60254675273177e-05,0.000557589368430976,7.0841449741325e-09,1.9681327964977e-17,6
"19840",0.004658058147592,4.90445242331356e-06,0.0724726482568685,0.00133729130434663,0.0129577975295431,2.12831154154185e-11,0.908568985326617,2.11987099575991e-126,3.14961326841215e-07,9.62380765709218e-36,7
"19842",0.000201014246692152,6.56785494973636e-49,1.17861836583163e-07,0.000219635880682114,2.1914978461156e-08,7.0136667852238e-11,1.13446889684311e-16,1.56506679664267e-52,0.999579210025674,1.08346399465024e-28,9
"19844",0.0134094099988219,1.11328128312855e-30,1.10533456658235e-17,1.73780596558813e-08,2.10971360537283e-26,9.87400237311102e-43,5.00295397411192e-21,1.27853211826807e-36,6.1853864482399e-15,0.986590572623112,10
"19846",5.96943002751174e-06,3.49460460154461e-39,8.58010856934156e-07,2.19680615727278e-05,3.63051480385681e-09,0.112864035050537,2.70707383134844e-08,0.870240952447646,0.016842650062479,2.35362356279365e-05,8
"19848",1.12636865447735e-06,2.64666163939182e-34,1.18273842666006e-06,1.85075446060283e-05,3.86384457813226e-06,0.00851659539711099,4.83186100548771e-07,0.986199924367716,0.002907838688788,0.00235047786401887,8
"19850",0.00257074283853353,3.42075867849783e-23,5.85958749958563e-05,0.000456713656210799,0.000421869313528146,0.996461881058681,2.03813132409197e-05,1.93924572323539e-45,8.54631413399909e-09,9.8073984958098e-06,6
"19852",0.00268550288751299,0.000490922523226879,0.0106630583662606,4.24107886929938e-05,0.00148225686670099,2.08951480488739e-05,0.984614939753388,7.48413340771153e-48,1.36661671680323e-08,1.40482024683039e-15,7
"19854",2.45148854145745e-09,1.10410448019383e-34,6.67149203138239e-09,1.54072290840158e-06,5.74638737400755e-06,5.67735556508421e-05,1.34531966859814e-07,0.999812993014554,0.000122405827331156,3.9683723444734e-07,8
"19856",0.988334473070904,1.56018427261249e-25,0.000192872845299193,0.0114055079875181,1.90123509844292e-09,4.68352149845559e-16,7.08684813841018e-15,4.90748432239872e-96,9.61096691685937e-12,6.71441854253102e-05,1
"19858",0.991577746111861,3.88508880839129e-12,0.000135531602490816,0.00569953219194184,1.68014046391134e-12,1.08590006162657e-24,2.10622013551987e-10,4.79184375124194e-69,9.41940041760317e-22,0.00258718987751965,1
"19860",0.000958547433322005,2.29048037841189e-05,0.0114849052080017,2.00343986833473e-05,0.0367969689733539,0.00112355686327905,0.949593073012773,1.09487686413081e-116,9.30680336283245e-09,3.4146985953228e-25,7
"19862",2.39520667876856e-06,4.69401885687731e-43,3.51238463198484e-07,7.09942707743158e-05,1.90550696067344e-07,0.992382341344786,3.89323536380619e-09,2.54843370598821e-06,0.00754117506165988,4.64591938778878e-17,6
"19864",0.797966102672401,4.19126431942736e-39,6.24206713555881e-14,1.2594183159255e-06,2.09839398408942e-30,4.22352104007455e-65,1.06391337247463e-23,8.4935438843284e-203,0.202032637909221,3.95278697801438e-45,1
"19866",0.00903750407421407,3.9234724987683e-06,0.9903443725301,0.000100807888127725,1.29585367393741e-08,1.48586272318602e-23,0.000513047535162011,1.71032432175316e-93,3.3154136079762e-07,9.18311232921056e-43,3
"19868",1.53720919420602e-16,8.79149531184229e-49,2.80680276007123e-38,0.992056875009283,0.00794312499071645,2.31446302065006e-78,2.28891208359418e-36,0,4.322871356446e-48,4.60903612769212e-53,4
"19870",0.000132717719188725,4.83857544621781e-24,3.45722454048205e-05,0.00279949920906457,1.33900702830677e-05,0.457086711214802,0.297683454991674,2.39335455582964e-15,0.24224965454958,3.09484593968584e-17,6
"19873",0.015061168208563,3.98859389322287e-12,0.0111956868003786,0.0015087285774623,1.92139384786316e-05,0.00137278627345369,0.966067715463382,1.30702485848287e-71,0.00477470073429327,3.72702236324248e-23,7
"19875",0.000122101841200133,0.418876359337394,0.0185729712604379,0.000966651616971819,0.035910973238639,1.48920767998057e-17,0.525550942705357,2.8558002211033e-161,2.26340328118114e-22,1.86602654953681e-47,7
"19877",0.00097608728694535,1.75710764226153e-15,0.00447421625415543,2.72149634152126e-05,0.00778235625431592,0.0700379890446794,0.914373183911642,3.09415944328141e-07,0.00232864278034299,8.85575601443557e-11,7
"19879",0.00176129320817206,6.37001088892305e-10,0.0213207373352492,0.00157418431346525,0.000191525587587267,3.4864137543261e-09,0.975151662295048,2.43454703754933e-75,5.9313438912199e-07,2.6741251219549e-12,7
"19881",0.018396502256236,6.50095418715318e-17,0.975615155676914,0.000142450666170144,2.27532970559119e-05,0.00263487529140378,9.20967835818768e-06,5.29179050177543e-41,0.00317905313314761,7.14558894717103e-13,3
"19883",0.00229610299616828,1.31812721474089e-20,0.397403662354248,0.000890930434507784,3.39449775539071e-07,0.0106047844631553,2.96944681087761e-06,1.12094844952319e-25,0.588801210855334,1.76021898584175e-21,9
"19899",0.00325837703462854,1.39185484170956e-13,0.000449720531609539,0.000300601560520446,0.185259019915342,9.55763144586897e-15,0.81073108998608,3.22547286334156e-53,1.19097167114759e-06,2.35551816104149e-32,7
"19908",0.979860934012309,2.64366835165253e-33,2.23447284909297e-14,0.0201390655903541,3.97314432896668e-10,1.40187448002968e-57,4.14228835093744e-17,0,2.31762327386949e-16,8.04523852245171e-45,1
"19910",0.00103109345006874,9.41312312573926e-06,0.0491829200917056,0.000141173770233329,9.381087613341e-05,5.38356195253432e-05,0.949082202859073,3.7097823364583e-25,0.000405550210131063,3.6140262121615e-15,7
"19912",0.00142603747507381,1.11563286391567e-47,1.07956518966122e-05,0.000977668595270398,1.25636303099646e-06,0.000122249793577168,1.32650322306e-13,6.98004896305907e-55,0.997461992121018,6.8355762233003e-18,9
"19914",0.0138539744202349,8.90685509469916e-10,0.771189491236321,5.53789889923259e-06,0.0449039470359322,2.76656526504126e-06,0.170044278290802,3.16123589052236e-121,3.66178358763284e-09,7.65004513385876e-14,3
"19916",0.893031257983593,2.60924524162131e-09,0.10638428213004,0.000584457187384087,7.35869637137637e-20,7.73435611249533e-50,2.4518605409781e-14,4.17241538005964e-152,8.97127456314813e-11,2.12559244039386e-28,1
"19918",0.00143539376497986,3.72246387905849e-22,0.00634703901093455,9.48040759304784e-05,3.08442732390442e-08,0.937312251905748,0.00145766476661372,1.81116771589048e-07,0.0522377527954502,0.00111488171929834,6
"19920",0.000862637249403072,6.6707989138949e-30,1.9801500323692e-08,7.05770427336954e-05,4.06315293961859e-07,0.00853157910696195,1.75374138864519e-05,1.64475236257225e-05,0.000262437082143897,0.990238358464451,10
"19922",7.77094913892801e-16,4.93226551627674e-14,6.44652001443496e-12,0.25331687427842,0.746683122058282,2.42498364188048e-19,3.65680156459355e-09,5.20392018543506e-41,4.59561898988947e-28,1.01145487535165e-61,5
"19924",0.000958163628176002,1.24306201415309e-14,0.014335272342146,0.00325657990608543,0.000540187434980116,0.000577894520902222,0.973837404411217,2.31160752276399e-14,0.00318548870238336,0.00330900905407399,7
"19926",0.000836772948500979,7.32652165114606e-12,0.69007572703319,0.000195667031378985,0.300143859644122,7.08953768425077e-15,0.00872853048278995,3.73890282419877e-252,1.94428526850743e-05,8.10223712422975e-39,3
"19928",0.244326655405942,6.30520898732934e-63,1.15082151333893e-18,1.68743397685385e-05,1.13987757931524e-29,2.35854489049149e-60,2.99954762890382e-45,4.14521560488275e-299,0.75565647025429,2.54493966023533e-38,9
"19930",4.15677335817083e-07,1.25673630545564e-16,0.000284375463433243,2.26611378063475e-05,0.000630451320934246,0.969355500571007,0.0296101194424709,2.80059009489122e-35,9.64763870125115e-05,9.06658870274936e-21,6
"19932",9.13438586518917e-09,3.86710180882865e-27,2.48637002309268e-06,9.16589642907703e-06,0.000563531241084235,0.999362848000607,5.66933578435655e-05,1.1556341200012e-08,5.25443821465709e-06,5.07125399669822e-12,6
"19934",0.00258774213579178,0.0927363813649112,0.562892944421073,0.0110084879663037,0.0271563478888233,3.05026606545323e-12,0.303618096220047,1.91941706766354e-43,8.10095048338258e-22,2.79300237662215e-18,3
"19936",1.62646885792366e-05,2.84226152675522e-12,0.0190425713883195,0.000176125221982569,0.928390718580479,0.0202475576293213,0.0321266025938381,1.46495323391559e-13,1.59894490187711e-07,1.65391046941174e-15,5
"19938",0.106410007389106,6.35433111462505e-05,0.80445660283258,0.0889689717967379,1.44000644964627e-05,8.04458911768483e-43,8.64746059336908e-05,0,1.89334561113219e-20,4.02060556417148e-21,3
"19940",0.00265304865066958,2.25880347061546e-10,0.593434310347712,0.00133488049310813,8.19206209673716e-08,2.96043164881643e-05,0.295332049411221,1.35895189135556e-20,0.107216024634294,6.83228413407142e-15,3
"19942",0.132611630820661,1.26713169674261e-45,2.25973218699152e-08,3.27602931485917e-05,4.65799740051182e-21,2.58463101361287e-36,3.75200910926767e-31,2.87757110515753e-186,0.867355586288869,1.91733576899008e-35,9
"19944",0.00722080552177719,8.08019448743028e-05,0.481388782203018,2.15994311786973e-05,0.000847304457741722,4.56161622307027e-06,0.510153989000611,1.12089726671826e-39,0.000282155824574162,1.33897103835875e-15,7
"19946",0.0187101963596504,9.43726126281586e-09,0.0259837044791608,1.95980983644935e-05,0.000429938286069781,0.00148526826565491,0.953366773227219,2.46994061047278e-20,4.45538847715239e-06,5.64581424624205e-08,7
"19948",0.0122458860383807,8.99656224490856e-44,2.27308176242444e-09,2.10774082659377e-07,1.43513423557761e-26,5.63465885930246e-31,3.51372225940038e-26,7.32957749696232e-65,0.987753900914455,2.1178723709484e-36,9
"19950",5.51652089930827e-05,5.34963527114662e-40,1.87483144122765e-16,2.85447501904197e-05,2.40601595559687e-11,3.82395857659224e-13,1.39391875938651e-11,2.58501820689443e-19,3.19924849500166e-10,0.99991628968251,10
"19952",0.0122458860383807,8.99656224490856e-44,2.27308176242444e-09,2.10774082659377e-07,1.43513423557761e-26,5.63465885930246e-31,3.51372225940038e-26,7.32957749696232e-65,0.987753900914455,2.1178723709484e-36,9
"19954",1.5238688595466e-07,5.73521406552645e-22,2.11104033840574e-05,1.91513375225932e-05,0.000175539325389194,0.994616082063497,0.00474720479217695,6.26125329181816e-23,0.000420759691126799,1.76437131248548e-14,6
"19956",0.903067917279721,1.08637819723498e-56,8.61177532261603e-14,0.0890515599961789,0.00788009466540197,4.27283061844398e-08,2.1533541270294e-18,7.71705154115194e-117,3.74730336056407e-07,1.05999695038482e-08,1
"19958",8.30394751888545e-18,2.95007438124259e-31,1.40045981578506e-29,0.998158166907792,0.00184183309220764,2.05228609175168e-55,1.42606257848289e-28,2.51990027420347e-177,4.09746189881535e-50,9.86258805219279e-56,4
"19962",0.398897060033787,1.43838947211051e-11,0.599696237682712,0.000619649842225713,0.000786390055799493,1.32733591704901e-09,3.22364541887653e-07,2.75214819080328e-46,1.01198614164326e-14,3.38679203221539e-07,3
"19964",0.00406576067278937,1.18546052239393e-12,0.89095559234173,0.0104756612206538,1.70591280574338e-08,5.27071961323038e-07,0.0892831048302563,1.50676729491558e-20,0.00521933661161917,1.90676701691808e-10,3
"19966",0.0524775427563572,0.00026913004521699,0.921099459036132,0.0261519468110386,1.13797092309674e-08,1.20813237090262e-43,1.90994823323373e-06,8.60208812412851e-180,2.33128041250737e-11,8.63818699760134e-47,3
"19969",0.00407870072806191,5.01087171140445e-23,0.0687456819950774,0.000848277542381241,0.00326794585496819,0.890902295963342,0.000940336488491355,1.97772673474583e-30,0.031216761427678,3.05860028592705e-30,6
"19972",0.00257222603015518,1.05851167885968e-32,1.71748848658671e-07,0.000332417888667925,4.05735239934479e-12,5.51453450537203e-09,0.000638041880615943,4.61611292489614e-18,0.996457136886885,4.62354711430941e-11,9
"19974",0.000789162160812324,1.32972899590215e-54,5.57675323447696e-12,1.80422423551961e-05,1.53842509961577e-15,3.64126918673418e-06,2.3108575420838e-13,2.6414606386862e-09,0.977160722898604,0.022028428781772,9
"19976",0.00750481627069556,8.66134043026553e-15,0.000172863309778993,0.000183915425843355,5.08799798432328e-05,0.0019998539739175,0.987853855627023,8.81238624821169e-14,0.00223371400078269,1.01412019320703e-07,7
"19978",0.00415773579580222,0.00389194459921305,0.083853093204722,0.000696298076810224,1.98702385174744e-06,3.77018996374122e-07,0.907358775623459,1.21854279416569e-111,3.97886571447705e-05,4.00394494745653e-16,7
"19980",4.08078040572943e-08,9.56857360275957e-37,2.3253768732089e-10,2.55184438462328e-06,3.64108574753719e-07,0.00352426223611522,1.2794405399862e-07,0.996224717164471,4.23609801086638e-06,0.000243699564047782,8
"19982",0.000860155783736411,2.54665714315924e-26,2.58275653396306e-09,0.0857888209367098,0.0012870012617302,7.98084325838107e-09,1.6772999485154e-05,1.0808095868559e-06,4.18650090961298e-09,0.912046153458651,10
"19984",0.100021074147533,5.98561600370314e-27,9.20758805139713e-09,0.000132281104388818,6.71678995961308e-15,4.62021245203939e-17,9.04130949185891e-12,1.69326435198083e-52,1.35878001173646e-09,0.899846634172662,10
"19986",0.0242489713761561,0.680427109736575,0.282243093772655,0.00342547842504179,1.9275622808067e-05,4.83302863290567e-52,0.00963607106676354,3.97200315976846e-186,9.92356180248092e-26,9.30774728892528e-54,2
"19988",0.00579035063523573,0.981875987332664,0.000143072615898445,0.0108540819119342,8.0593699086066e-07,4.86936472538086e-74,0.00133570156727732,4.31389654367365e-133,9.68095326126385e-43,5.86882205787968e-62,2
"19992",0.00242616368335503,0.988365036333572,0.000994393033135304,0.0011598255879021,9.22192324519597e-05,6.96347912162011e-51,0.00696236212958373,2.2589531627964e-114,4.95356279944418e-39,1.04658343825346e-38,2
"19994",2.85032631638883e-08,2.25451539717332e-16,0.00046999029811417,7.92000553470072e-06,0.00251989517757337,0.97774723843741,0.0190816717749125,4.84478248870443e-10,0.000173255318713655,1.07953932224932e-21,6
"19996",0.0018483519490153,0.705489010634924,0.000208674951936372,0.00302293354948289,8.29985675878356e-06,1.78350676459731e-44,0.289422729057883,8.52750652874231e-109,3.62636275291118e-31,1.03439372051967e-35,2
"19998",0.865518892655519,5.8327103217416e-23,0.134036187761499,0.00044408021974088,3.42415145313712e-07,4.73682036068736e-13,3.00568468785434e-15,5.65136285730317e-151,4.96947619289473e-07,2.46961145426844e-21,1
"20000",1.16361527217913e-06,2.54980950230659e-45,7.57496074273146e-09,0.000556091092455384,0.999442368067921,3.69639593568334e-07,1.4619868798275e-17,5.2752936662934e-247,9.79693668465414e-12,2.71855589226169e-38,5
"20003",1.50154332038883e-06,2.09823660082704e-13,0.256747039086094,2.34006726265447e-05,0.0458073775452252,0.682599943765332,0.0144297432596531,2.66562892472377e-15,0.000390994127536812,8.43495681963013e-36,6
"20005",5.38552199980381e-05,1.29235724308655e-40,6.72689597109886e-08,0.000421921999255244,3.00449577814833e-06,0.00012582391569116,5.25209418891996e-06,0.686791688308533,0.302046132142562,0.0105522545550338,8
"20007",0.00705009406554625,6.66518107043535e-09,4.14542621020326e-05,0.000282596397160915,0.00309292898046743,5.43236034949458e-11,0.989532919574912,3.44515759279094e-35,3.06919898126557e-13,4.40536885437348e-27,7
"20009",0.78963929057636,1.6677870033293e-06,0.206656033340932,0.00370300811420171,3.03916217886641e-12,2.4945876834637e-41,1.78463770450621e-10,3.36438891473793e-221,7.22997364020568e-21,3.30080333219612e-21,1
"20011",0.0167740708935717,5.09817845407864e-24,6.09045364145994e-05,0.00513774464605922,2.18838870935914e-08,3.23467597333558e-08,0.128141558904185,4.43705088474106e-22,0.849885666787132,1.99084968731866e-12,9
"20013",0.000797854244166377,1.73085865811527e-21,0.000132056093134565,0.000337000431434847,0.00861938621222658,0.92668274752585,0.0404131955809347,2.86686048293178e-07,2.6898829729819e-05,0.022990574396475,6
"20016",0.859529246271293,0.0414394459930248,0.001373298752737,0.0976423692315733,5.1927845956454e-08,6.1780126829139e-58,1.55878235260103e-05,3.71836068742236e-248,5.08574318376678e-33,6.17433577170493e-38,1
"20018",2.08782911441686e-08,2.536514147494e-09,2.80864405678013e-24,0.999999111398666,8.65186528458493e-07,4.78550472918105e-140,2.71914013612828e-36,0,1.69236051978587e-89,2.90999310625851e-123,4
"20021",0.000256972937975103,0.509914056180415,0.155897190148985,0.0004943598600786,0.00098548352046242,1.33064229779851e-13,0.332451937351951,1.13749478475939e-113,1.13363392759844e-17,4.29581527503242e-54,2
"20023",0.0148965071744392,0.000386516145890671,0.866650364754861,4.51819873976182e-06,0.00978872598602892,9.63512425099254e-10,0.108273366725758,1.18426660876643e-77,5.02103433796057e-11,5.59700519607575e-13,3
"20025",0.000526921796396553,1.96214973486042e-05,5.06668193833908e-15,0.999426598343928,2.68583451898095e-05,1.07797904836983e-77,1.71316713464967e-11,3.76270992572516e-105,5.02913790558776e-64,4.08247016887817e-109,4
"20027",0.000154558918695166,1.68685573102179e-35,0.000110537539797192,0.000418258121311477,0.000297887867558328,0.000846368660643927,7.98978220479068e-07,8.89063227101911e-26,0.998171589913774,1.93449525691524e-29,9
"20029",0.0108746402800787,1.16351094136693e-32,0.00161042863555603,0.00434406685832195,6.67368794777826e-06,0.931506960578628,1.04811043377666e-05,2.361390756394e-22,0.0516467488551111,1.89776312094689e-14,6
"20032",1.90411980483493e-07,2.23764785296016e-27,0.00292422944081677,0.000245275565726325,0.00126396998778374,0.636329702426725,6.35669604887805e-06,1.53456000832115e-17,0.359230275470919,5.33851147375999e-23,6
"20034",0.00607504316424706,1.19966944327577e-37,6.1926354213466e-07,2.28118467005243e-05,5.27149540731199e-20,6.3407370831241e-27,1.89413435437299e-20,1.05984144031033e-82,0.99390152572551,1.67608887247462e-39,9
"20036",0.879000631828541,3.31115267855137e-20,0.00138880158985233,0.00237912926470955,0.117231435134969,7.98442996356911e-10,1.20646568058306e-09,1.07472323522388e-51,4.17380929914832e-12,1.72845547316732e-10,1
"20038",1.89186769806438e-05,0.495729770507486,0.0402654754867695,0.00154315722801104,0.252570358776911,1.23353628487238e-30,0.209872319323842,4.8132062683876e-100,4.05577038215654e-24,2.80563446871556e-59,2
"20040",0.945745117431669,2.00445615950534e-05,5.9816947203499e-06,0.0542288563120125,2.56452627121217e-15,4.82763809661313e-90,7.55454463405341e-16,0,2.66523609491011e-32,2.51436446229678e-53,1
"20043",6.90352807908432e-05,0.768147971066209,0.00680602746112795,0.0119176556976274,0.0545674959370835,8.27261904371814e-21,0.158491814557162,7.35488473727401e-131,2.51328440216266e-28,1.27019332930513e-38,2
"20045",0.00499339467765508,0.98076450566737,1.56903969364099e-06,0.0142391720749597,4.9179342107583e-07,5.13355132694626e-79,8.66746900984819e-07,3.26823663926294e-141,1.82074286249766e-56,3.82327561644501e-48,2
"20048",0.000301954662594384,9.61490388698268e-42,8.09692452722707e-22,5.94387473606655e-06,2.32273658767928e-18,1.70157527869346e-21,6.6548790029939e-19,1.02408239329812e-20,8.26776664945921e-19,0.99969210146267,10
"20051",0.00457758952345896,3.98389659467012e-06,0.0045572999352472,0.00720690890211397,0.939903244748176,4.49789688334367e-07,0.0437505232047207,1.59385813256017e-109,3.59847793162905e-33,2.07452263197607e-22,5
"20053",0.158491728061682,0.000289604540630469,0.779607624608785,0.000216743190912502,1.15770777202209e-06,1.20139652759676e-16,0.0613931414463157,8.31037772418577e-75,4.43900125810859e-10,2.15504989827647e-15,3
"20055",1.29456187661189e-07,2.21665507328332e-07,0.000498420303420734,0.00927761806670846,0.984702109447745,2.13356555696029e-23,0.005521501060431,3.06857118372824e-72,3.76023339227115e-20,7.21142949410368e-73,5
"20057",5.23239544526659e-21,2.25765587720664e-71,3.17947775907174e-50,0.999999984071912,1.59280884329653e-08,7.56265178775639e-88,4.90479454391784e-62,0,4.36656200797297e-52,3.7893169918306e-63,4
"20059",0.178393302972914,0.000131908439024229,0.813133948933416,0.000731303437669655,0.000156113681826531,1.55367944902186e-24,0.00745342251878781,1.7730335151401e-103,1.6362362486478e-11,2.23371070370241e-26,3
"20061",0.0277059666794061,6.02386103558831e-06,0.0146778012467892,3.92213233764373e-05,6.16207444783613e-05,3.51678365234733e-12,0.957509365870832,5.36703056066633e-57,2.70565895295324e-10,4.5097092920779e-31,7
"20063",0.999944927451373,6.14592799663617e-22,4.74395416917042e-18,5.50725467738387e-05,3.94160427400731e-25,5.15473915548483e-86,5.52889303645411e-33,6.60554348169682e-149,2.68604271821281e-34,1.85343781458953e-12,1
"20065",5.68416623141347e-10,0.057300387804667,1.34035733888416e-10,0.0201939917696849,0.922505619659012,1.2385817047891e-64,6.41833415156225e-11,1.51336602855682e-118,3.74561952078045e-67,9.70211121444634e-119,5
"20067",0.0724179976905975,0.901581894824857,0.00123622524786933,0.0182719661632907,0.00145800217794122,1.25284426511382e-33,0.00503391389544419,2.7872750962569e-80,3.88632443762418e-40,6.18380115629397e-19,2
"20069",4.49099091533604e-08,3.30348147407061e-35,2.37180611312549e-11,2.40055862966259e-06,3.37767516312652e-07,0.000397749339433255,8.43318291455987e-08,0.996894095461927,1.22347177523197e-07,0.00270516525985989,8
"20071",0.987581462735654,3.3276131691e-20,0.00739764654032763,0.00266834066354067,0.00222433406198169,1.62278335859556e-18,0.000128034593512658,4.50486122076235e-161,1.8140498378894e-07,1.2503521738792e-30,1
"20073",0.0803428558244458,8.47879698637975e-19,0.00430545363557703,0.000498400971925256,4.03870913776273e-11,3.806114357454e-05,2.85210030194621e-05,9.65803418959902e-12,8.72176994716416e-05,0.914699489671941,10
"20075",1.28881806479644e-20,8.07297057583553e-40,7.79305946402073e-28,0.104036397546829,0.895963602453171,3.62145683091982e-50,2.41154842012072e-33,0,3.89777995284265e-52,5.0436794688166e-70,5
"20077",0.00595975091502715,0.00521385676311526,0.0194856420474556,0.000455357634951746,0.00467549564156029,1.0171289831501e-15,0.964209896997528,1.17974749609467e-62,1.86361069324822e-13,1.74727671820327e-13,7
"20079",0.96988441414524,1.1711097543921e-11,6.14314224483406e-06,0.0301080943013368,1.33252350516915e-06,1.08460763732387e-19,1.58759530754729e-08,2.31017544830948e-85,4.15775888638574e-33,9.34578491240206e-15,1
"20081",1.43298842777016e-07,0.00400423670636325,7.11360425778282e-07,0.0215493884140058,0.954770622251541,1.26281977040354e-29,0.0196748979688212,1.33641143790033e-59,6.76419121741189e-29,2.33821438345597e-33,5
"20083",0.953584026770805,1.96352627346275e-30,1.50536295015088e-07,0.0464158219024365,5.96309797268918e-10,1.76693410729058e-30,4.77007507486836e-23,2.52577236793565e-281,3.44554463973642e-17,1.94153250754705e-10,1
"20085",0.000330964111719764,0.995245910223239,0.000211594298043058,0.00408896282894909,9.74059463452194e-05,5.4696944550655e-67,2.51625917041848e-05,6.764297129452e-143,5.18231614645516e-50,3.24225526459902e-73,2
"20088",0.000859761993510357,0.793763313563685,0.115931624072893,8.77827444541197e-05,0.00879748977946747,2.16456379479082e-22,0.0805600278459898,1.55833631161736e-79,1.42576800066536e-31,3.26154561720743e-38,2
"20091",1.56511905118025e-12,6.61509817252366e-13,2.44302283959398e-17,0.0330532649901735,0.966946735005874,8.16305042351452e-49,1.72596142737371e-12,0,3.82924885229962e-48,1.44249984071742e-49,5
"20095",0.999964602820805,4.23395060317499e-26,1.38323147359819e-14,3.30812368750292e-05,1.73108090016696e-20,1.03608993880022e-56,1.79410573472488e-07,8.02846881187486e-152,2.13653034111922e-06,1.39203306215696e-12,1
"20097",0.000165294575604409,0.993079467761643,7.29527305928461e-05,0.00347628411382495,0.00316578113091154,1.81768715625895e-64,4.02196874229159e-05,1.05534323960969e-123,1.49161859042404e-55,4.54889958905771e-74,2
"20099",0.994279512438976,3.62297600369601e-06,0.00571000644510854,1.48175307480543e-07,3.36341400882839e-26,8.56275244370409e-42,4.81389973674846e-06,8.50600044432949e-76,1.89606486789323e-06,1.94706628638684e-20,1
"20102",0.000347022819715051,2.95496794788987e-24,1.8745539589402e-21,0.999648427154837,4.55002508805315e-06,7.28993376463182e-37,1.52153747413671e-14,1.38476170494793e-129,7.03848609995269e-42,3.4426331946708e-13,4
"20105",0.0622927040291688,0.149793174427609,2.83582294939839e-05,0.0135155340684978,1.36451461644305e-05,1.7804624562061e-21,0.774356584099066,1.50467715128516e-194,8.12360496458429e-33,1.24764851752705e-28,7
"20107",0.00220241973576084,0.0292216350588616,0.0183251248246895,0.00135222487551099,0.000725464259580867,5.06432965472656e-28,0.948173131245595,1.24342723522874e-73,9.04970606054991e-16,6.5092578410048e-32,7
"20109",0.976159276090038,0.00048210556362567,0.0160145060992745,2.97039829359914e-05,7.06705535337165e-17,1.45251080252548e-21,0.00731319672641556,2.37532026331144e-67,1.65932495136962e-11,1.21152111673079e-06,1
"20111",3.31745088265067e-19,1.23696088229749e-42,4.86216298964344e-26,0.924747061905357,0.0752529380946434,3.83698654201545e-27,1.654071777113e-18,1.62733539126268e-164,6.73325186707758e-25,7.45468234267753e-38,4
"20113",0.0650016632217143,5.04058123648034e-08,0.295100636188586,0.00701292913648086,0.000444436733746046,1.53610549459486e-26,0.632430822857756,6.90425995014368e-80,9.46145590439894e-06,3.46960215965746e-45,7
"20115",5.39615109690479e-06,4.26028213992042e-32,3.02305524663738e-07,0.922944020327607,0.0765031748758884,0.000510259217455951,7.20995037205445e-06,1.03876809660457e-14,2.96371720442826e-05,8.24520129530039e-40,4
"20117",4.95647726076971e-06,4.32266765744058e-29,1.36543346702055e-18,0.999995043516013,6.72551021001299e-12,4.157068648414e-103,1.63732601960013e-22,0,9.03815763425049e-16,1.56946780495012e-75,4
"20119",0.0203707977514864,0.000313921185098393,0.977997663955969,0.00131756706164022,4.20316653647848e-10,8.35750186671594e-42,4.95526077251968e-08,2.88819236550671e-153,7.28811057853814e-11,2.49448134564686e-61,3
"20121",0.00397781727977936,0.277870586569686,0.411635326072344,0.000202370070012515,0.00290267155290276,3.06276860751788e-34,0.303411228455275,1.39551033328103e-137,9.00859992370178e-20,2.79942385204023e-39,3
"20123",1.01211257411327e-11,1.05405823619252e-11,4.00472747216025e-11,3.40694848522537e-05,0.999965930454439,1.86638617237845e-49,9.10144333403352e-22,0,9.89806346199183e-60,2.61471785438215e-77,5
"20125",4.94195171217368e-05,1.3992562483065e-24,2.45528770425046e-06,2.15802223149713e-05,0.00304379294075582,0.99334382055191,0.000289274967749141,0.00324642102881915,3.86429891980381e-08,3.1968406356138e-06,6
"20127",0.00247483160819935,0.995559653205062,5.24203567533429e-06,0.00186148731431392,4.62017275768271e-09,2.8065980789133e-62,9.87812165766392e-05,6.91602707644727e-134,3.05970854834998e-45,2.04191257994791e-35,2
"20140",6.66124003774582e-06,1.96691336145657e-14,2.15561252415271e-05,0.000544766643396944,0.999313668617695,4.99143172807313e-29,0.000113347373060771,2.48756213268116e-199,5.48612548581701e-13,1.22546390624795e-51,5
"20142",0.000267925595469673,2.93249207101531e-38,1.67343507179461e-14,0.000314743714541699,3.19826821826554e-08,4.70728568939463e-06,1.31596806715044e-10,0.000990352560228894,5.80888799096249e-11,0.998422238671686,10
"20144",3.79060604397648e-06,5.89609446720305e-35,1.51525771388995e-08,1.41361849877213e-05,0.995989603959851,0.00399245376409569,3.31646727621187e-10,8.50686220596199e-91,7.97589732709927e-13,5.33380767794483e-17,5
"20146",0.656895970391316,5.50825965039102e-24,1.61383380610825e-09,0.00433410654705455,0.338759091271169,7.62156585949357e-08,1.0741839690511e-05,2.85847233066708e-18,2.7940100229267e-16,1.21212767681663e-08,1
"20148",0.000516648000783893,9.5712659400774e-12,0.0152491501709559,1.09490206834091e-05,0.20909657822109,0.663587105092856,0.111539569292877,7.70603255553172e-95,1.91182460830186e-10,1.01488540651388e-22,6
"20150",8.83667083149948e-07,1.11885630361627e-47,4.31933694528303e-11,2.84786398033215e-06,6.52976709503385e-11,0.00219392380332033,9.61402210405392e-11,0.996120746594721,0.00163584652808635,4.5751338178122e-05,8
"20152",0.000279492003777844,4.65460128536517e-09,0.469807994353125,3.32748138169116e-06,0.0760970090555943,0.441587898525117,0.0122212106744997,7.62379096687221e-19,3.06325123041354e-06,6.72215050610032e-13,3
"20154",7.01138913734631e-08,7.52396647279453e-05,1.32287486534332e-12,0.735221234406828,0.264703455813229,1.01922553931542e-64,2.33901097016677e-17,1.48646193669376e-170,3.86542319648906e-79,3.99030105551184e-47,4
"20156",0.827182543394746,2.12956913191638e-12,6.24273243698773e-06,0.0173535115896822,0.0023468104088447,2.14163961243162e-21,0.153110891768523,1.82343555686617e-92,3.55641117377994e-11,6.80733157654337e-11,1
"20159",9.935446369855e-05,2.45734348637878e-35,2.04814012337107e-10,0.000878095603247108,0.000504051720445907,4.35268373064851e-07,5.16665593336546e-07,3.05592747546216e-05,1.53858107249325e-05,0.998471600988349,10
"20161",0.976133061919767,1.3164935430423e-25,2.87429482906322e-07,0.00437359031118376,2.17095872087104e-07,1.77429386490321e-14,7.54572882186156e-15,3.60647105427448e-69,5.10253282740701e-14,0.0194928432436182,1
"20163",2.06248422210165e-06,5.50617940929035e-09,0.318218581112359,0.263865988932679,0.415097260526921,0.000308140431458705,0.00250796100172779,3.99745361596725e-105,4.45252878197489e-12,2.14498720890366e-51,5
"20165",0.995737735499788,5.58899048541462e-10,1.25161735726931e-11,0.00012509334589504,4.4313567427961e-14,5.14689567262672e-29,1.37625415538124e-05,3.67111317925713e-66,5.54032236156064e-26,0.00412340804130351,1
"20167",3.66987854404902e-05,2.24722166566716e-12,0.000287217222408961,0.000145742317774279,0.000655360088275083,0.8750456724207,0.123828897348505,1.07992523780996e-96,4.06482051577211e-07,5.33259663930922e-09,6
"20169",0.000155162362504059,2.65129948408138e-41,2.18128271580901e-19,2.56888773616327e-05,3.2153688732017e-14,7.92339387154735e-15,7.74897859017566e-16,3.71241138542149e-15,1.52778501269805e-15,0.999819148760088,10
"20171",2.50384125153667e-07,6.44973489097514e-08,2.4264151383872e-23,0.997193562728195,0.00280612239033065,1.33665226087538e-93,1.27523564320714e-22,1.70059079932226e-208,2.34546076568756e-90,1.32283143344853e-52,4
"20173",0.999994470096966,4.63048341595151e-18,3.84509003473682e-06,1.68481237997925e-06,1.16125498253775e-29,2.87547168178356e-50,7.0876424525949e-25,6.30238587256863e-87,6.11243177118159e-13,8.07139569959859e-15,1
"20175",0.000734565059524757,1.64529122533792e-21,7.8789030721004e-06,0.00131558693566486,0.00313251330344531,0.00652204170428914,0.939620998643277,1.44809668477789e-06,0.0486649664379299,9.16112047814535e-10,7
"20177",0.241182664715683,1.7501564459962e-07,0.757941700301865,0.000781473958437534,1.85152282457798e-17,1.18571050860935e-46,2.78442588567775e-06,7.68646319523286e-103,9.12015824841894e-05,2.04382109612193e-19,3
"20180",0.000591249720515142,0.964746063758555,0.0240817649126414,0.00431308606029513,0.00234152784317579,1.65942499097205e-44,0.00392630770481713,4.2166737727465e-113,1.43466786816012e-24,9.94006060125435e-91,2
"20182",0.000670415667013115,1.22647512653013e-81,3.11368982057435e-37,0.999329530363934,1.03048486705886e-19,4.97799887140644e-50,2.21760118253739e-43,0,3.25492441931611e-11,5.39365034891224e-08,4
"20184",0.0028833283887715,2.84391282238771e-24,1.62385469225081e-06,0.000528440061290682,7.69686737870268e-07,0.000228455066526756,5.78759103751251e-05,1.93600092792032e-22,8.9537514068597e-07,0.996298611656465,10
"20187",0.39059575946766,1.97541168951282e-22,0.00393169853422385,0.00180906341038823,1.60029714567934e-14,5.94733897805411e-28,2.53001918776307e-11,1.66978842402205e-96,0.603663478562053,3.58515018930221e-13,9
"20189",0.00850144066588533,0.00653627426778688,0.966592596943091,0.000392030506237694,4.54316338925074e-09,1.06841493868108e-11,0.0179752816054084,2.01368086444843e-111,2.37145774338354e-06,1.90173322506269e-35,3
"20192",0.00624765123694808,4.41609935861974e-10,4.15742629996331e-07,0.993751886495108,4.60837042935381e-08,8.73693691975198e-58,5.30503798905899e-19,1.03119845565399e-96,1.48952141399323e-32,1.62706990447753e-89,4
"20194",0.989373842505159,4.52981404520193e-45,1.24147630073992e-08,0.00716915697826167,8.87888471590169e-09,5.19142672309398e-13,1.74194461894006e-17,1.53889272557056e-73,0.00345435731484515,2.62190756720268e-06,1
"20196",2.16877263205768e-06,0.0924363498281502,4.78139567655711e-08,0.889687228406379,0.0178741674989403,2.70113031070984e-55,3.76799416123008e-08,2.03444037231153e-151,1.07633380217575e-48,1.80655727692788e-67,4
"20198",0.0344289099810663,5.36448445760297e-08,0.200146848362414,0.000218885265725223,0.762295313420616,1.61541384605596e-08,0.00290996486147316,1.71336864656712e-30,8.30970383485634e-09,1.8379309590211e-14,5
"20204",1.45727344711457e-06,1.22526900224851e-31,1.55617954668911e-07,0.000307702422600674,1.04637731406069e-05,0.185183601069178,4.71175721560347e-07,0.814022200312075,2.45706551765235e-08,0.00047392378522725,8
"20207",0.000792774213246671,0.552462431221622,0.00029673619462123,0.254713745571987,0.191521573161436,1.46156752883988e-42,0.000212739637086921,2.86938682465342e-102,2.31961262931653e-46,8.54960737873801e-23,2
"20209",1.96819923352192e-11,1.37600087679176e-39,2.35958411601528e-10,0.10752302798686,0.892476859570585,1.93465135614515e-13,1.21881817865879e-13,3.54152510096835e-249,1.12186599504475e-07,4.08312303725435e-63,5
"20211",3.54637199573559e-13,7.06835269251608e-10,8.29594072087707e-16,0.000355319298052806,0.999644679994677,1.91097976242802e-39,7.97243850106678e-14,8.26498858732127e-176,5.86417499497335e-66,3.03390440565591e-67,5
"20215",0.0384392121597907,0.00647741333861059,0.0512625170663026,0.00440981331750066,0.400909065515215,1.59692483723408e-17,0.498501978602581,3.10409819038854e-128,1.45121818761154e-25,2.64964230321014e-35,7
"20218",8.84992853289678e-07,2.34935552622158e-37,2.85689014864844e-14,4.55636922397599e-06,6.83533031812968e-10,4.04361794774775e-05,7.27703385503646e-10,0.992660937530081,1.43275423082214e-11,0.00729318350277165,8
"20222",2.13699683362853e-06,0.0115786930231754,9.73674578291455e-07,0.187004386192888,0.800922510726202,7.39929382643715e-31,0.000491299386322737,5.91059312057204e-85,1.73801571447085e-45,2.0425434771052e-31,5
"20225",0.00128851041130759,2.09503556982594e-34,1.25303054848731e-10,0.0101125014434444,0.988255050705857,0.000343937064427825,2.4954946118892e-10,8.61425070181413e-22,1.10929720616324e-13,1.05110049804821e-16,5
"20229",0.04105304862907,9.07553850713367e-24,1.03926197369338e-05,1.68779791985173e-05,0.958919679143945,6.81632895338346e-12,1.62123280237351e-09,2.11459873192092e-101,8.25318143725605e-20,6.99823619929643e-39,5
"20232",0.000561852888999102,1.02981408051053e-09,1.10995065154423e-05,0.00647499402101585,0.082264593949782,5.26771481025834e-24,0.910687458517497,3.88893013351252e-80,8.63760070726297e-11,2.78123650205455e-33,7
"20234",5.87802823977739e-05,0.279914454829394,5.23132378685898e-14,0.720026760925182,3.96297312080738e-09,2.10057238208213e-122,5.76185413594556e-16,1.1307278664621e-180,6.65643120895465e-59,5.78334131088876e-113,4
"20238",0.193575465763857,0.00363933430166116,0.000102444753850206,0.0052719306101874,6.60079349861218e-05,5.22092315849976e-34,0.797344816635458,4.47489576087787e-68,9.54987328191074e-25,1.55589837984212e-36,7
"20253",0.0167246489533512,0.863541044921316,0.0993820100253165,0.0086977311187207,0.00779461386553882,9.60603576164092e-37,0.00385995111575728,1.50040792552276e-103,1.86758375403465e-31,3.11975911369564e-38,2
"20255",9.92683549854616e-10,2.47585534930704e-22,1.01890745386108e-06,9.82774710725498e-06,0.00769026698122783,0.990726172935924,0.00156920562465571,3.50479712950185e-06,2.01381784629851e-09,5.15646114168389e-21,6
"20258",0.000313094042671536,0.964708134365035,0.00246116032514565,0.00149269110465175,3.77821105814868e-07,1.05042090414297e-34,0.0310245423413898,5.14709896494242e-176,1.21595903223262e-26,1.19605661068466e-50,2
"20269",0.200626454254969,0.125120168776235,0.00415095385828886,0.00161676168267631,1.08425656752235e-10,3.3868964277521e-17,0.668485661317927,8.48167335939447e-119,2.42516366467995e-18,1.47809648943648e-12,7
"20271",0.15872970485983,0.649444479071078,0.18329426944239,0.00823949712686669,8.57434234833229e-14,2.10061498416533e-45,0.00029204949921361,1.79255051653522e-138,5.36751161376283e-13,6.4157947215281e-59,2
"20285",0.594153487565209,2.65363115414034e-26,0.324075291185795,0.0631610185630542,1.13738203119472e-10,7.23068052042212e-24,3.50094088613867e-15,5.18321973094336e-193,0.0186102025719171,2.83252838122641e-13,1
"20288",0.00626091041134014,5.44232630388814e-07,5.71869623558989e-06,0.00503579838187467,0.0107628670908734,1.03390494042679e-22,0.977934161187046,3.70640685016934e-62,1.73042825192373e-18,1.20946973152206e-31,7
"20291",0.000491979997116449,0.000971074918309779,4.28098349849661e-06,0.969447198119504,0.0284226998170692,1.61575715909119e-53,0.00066276616450251,0,8.74192857903988e-31,3.68204079102606e-44,4
"20295",0.94710699677093,3.75438952604824e-08,0.052221906178396,0.000671029951446529,5.50033175297049e-17,9.84424480538067e-27,2.95549812136238e-08,5.04206037845753e-92,3.51219057825529e-13,1.02567703447354e-31,1
"20298",1.21251104443139e-06,1.35586688450675e-29,2.63392866095029e-05,1.51754561401014e-05,0.00253857814938249,0.99737568999196,2.38803981537802e-05,8.26154164666472e-09,1.91159431776634e-05,1.99048731338618e-12,6
