"","V1","V2","V3","V4","V5","V6","best$classification"
"19812",0.0367613132996591,0.000473918295507288,0.0175207419239895,2.67990412014935e-06,0.94512200228021,0.000119344296513796,5
"19814",0.000773296798808284,9.9343489130598e-06,0.00126036775831068,0.00273368892282674,0.995218059381155,4.652789986577e-06,5
"19816",0.00721431801703701,4.07130076266862e-06,0.978975799214279,1.49531882182286e-06,0.0137306569346128,7.36592144869043e-05,3
"19818",0.000451813786401264,2.98248201730161e-05,0.036139576408149,0.00970107875623319,0.953632530264215,4.51759648286332e-05,5
"19820",0.000122185834675949,4.39244381929367e-05,0.999833590850884,2.348483224899e-09,2.56890276791515e-07,3.9637486453167e-08,3
"19822",0.0268686048263625,0.0559827477726548,0.917136013932347,4.36351758097758e-06,7.0470624684401e-06,1.22288858564505e-06,3
"19824",8.69237640638933e-06,4.21040376908012e-05,0.998059626489017,0.00112645868183741,0.000614733806054921,0.000148384608993542,3
"19826",0.115208611130692,7.73752271768111e-06,0.0277182157160145,5.814432183123e-05,0.842552385290759,0.0144549060179863,5
"19828",0.000143563298082458,0.000249504742920484,0.999104591516512,2.16282666805257e-06,0.000499922675339314,2.54940477618896e-07,3
"19830",0.0863328345675758,0.000252214103628546,0.000151075857431748,0.000167290500285265,0.911235967724738,0.00186061724634092,5
"19832",0.0342160427180106,0.629543555040913,0.11451366799884,2.9246836690167e-06,0.22171477016485,9.03939371852297e-06,2
"19834",0.639110770737115,0.00434279687187632,0.323408831373482,0.000154158122136474,0.0329821756894964,1.26720589378205e-06,1
"19836",0.0118451942782161,0.000184259249008726,0.296759758505552,2.91329015555155e-06,0.563160019888802,0.128047854788266,5
"19838",0.000927449418676468,3.43688074671005e-05,2.7883623479032e-05,0.000581732416761518,0.998418435393257,1.01303403588079e-05,5
"19840",0.701782391270675,7.56616939319451e-06,0.247552659552919,7.14557874071974e-06,0.0495032822393751,0.00114695518889689,1
"19842",0.000763244659189581,9.43825931100893e-08,3.90087193948025e-06,1.62362997512289e-05,0.0458041741230705,0.953412349663456,6
"19844",4.0192616720682e-07,4.15072896804761e-08,7.36723753969807e-06,0.999948793423616,1.90472891632363e-05,2.43486162240041e-05,4
"19846",1.40349531512253e-05,9.11370443093973e-08,6.03482869563307e-06,0.100911073775266,0.893233641407677,0.00583512389816546,5
"19848",3.26698504719736e-05,3.33716519011245e-07,8.92835784423826e-06,0.038856155222724,0.960751181553466,0.000350731298974855,5
"19850",0.000180247573685209,2.26165781326194e-06,0.000132642814918055,0.245288877967599,0.754316133609553,7.98363764315343e-05,5
"19852",0.00752314412996358,0.000152023856820392,0.661561444808492,0.00052520863778382,0.33021763304355,2.05455233899219e-05,3
"19854",8.97892585998476e-05,8.05305764857025e-07,8.34966683027228e-06,0.00417042554754555,0.995642097830037,8.85323912227756e-05,5
"19856",0.000645345207651162,8.78426202547611e-06,0.000475755964828673,0.981965776233899,0.0166782177627494,0.000226120568846042,4
"19858",0.000123875538505574,0.000110711603579665,0.0196411724046481,0.977380935539835,0.00271630268355523,2.70022298768245e-05,4
"19860",0.156111648913992,7.05116147688765e-05,0.257847435414887,5.69228427178838e-05,0.58586527023464,4.82109789945789e-05,5
"19862",3.85596072735383e-05,9.96025372244855e-08,2.84164822701061e-06,0.00505730804428058,0.974270055338238,0.0206311357594436,5
"19864",1.57580573935113e-06,8.22006037594926e-08,1.99186124437887e-05,2.37053341109495e-06,7.33716271136597e-06,0.999968715685091,6
"19866",0.0727662783989854,1.09721731554365e-05,0.905288383570022,1.4616971411894e-06,0.00253325909842501,0.0193996450622714,3
"19868",0.00637873817129138,0.993457480118953,5.67635977098715e-06,8.06743483540826e-05,7.70103218757084e-05,4.20679754387108e-07,2
"19870",5.62814843534472e-05,1.41892429397893e-06,0.000193432903769292,0.00209449253579111,0.996154968193463,0.00149940595832871,5
"19873",0.00134204525240703,4.95445698225731e-06,0.0220588637019702,0.000791743751696635,0.973545803543655,0.00225658929328833,5
"19875",0.0283474216370435,0.00026892767737387,0.9687907790226,8.17879086427115e-08,0.00259188319466411,9.06680409177903e-07,3
"19877",0.00415681651838887,1.31730337647799e-05,0.00240130044152313,0.00210718761421781,0.991211695270248,0.000109827121857114,5
"19879",0.0233261393331349,0.00098187378989439,0.260894102833154,0.00558423827342379,0.708985666175417,0.000227979594976178,5
"19881",0.00429707262515554,6.88051342380139e-06,0.00822570038783988,0.00140200121817163,0.959888433292411,0.0261799119629978,5
"19883",0.0019969191437604,7.74213052303682e-07,0.0026967542069877,8.53178810627326e-05,0.672997286521101,0.322222948034036,5
"19899",0.929557539228357,0.00043480762036079,0.0298296649303321,5.44551324495424e-06,0.0399351837970443,0.000237358910660279,1
"19908",0.982700183379311,0.000814480479658456,0.0030056488383589,0.000246682905772496,0.000205387238106499,0.0130276171587927,1
"19910",0.0016198644539173,4.98152781649661e-05,0.338852769946721,0.000333587710796068,0.658746598790494,0.000397363819905984,5
"19912",0.0062742854208217,2.8961427497023e-07,1.03202498655725e-05,0.000820824397950931,0.373142047440385,0.619752232876702,6
"19914",0.402706927280897,0.00245286798848035,0.111297975458216,0.00103874092694851,0.482408881508213,9.46068372453976e-05,5
"19916",0.000557706004774796,5.32528210851612e-05,0.801464266592504,0.000336862229320812,0.000291620028693591,0.197296292323622,3
"19918",4.88731459043448e-05,1.31843155026579e-07,0.000267116317937152,0.0834083892309581,0.913381088497961,0.00289440096408461,5
"19920",0.00010092733870032,7.75601500508122e-08,1.53463709427059e-05,0.877801129198453,0.122033275342159,4.92441895953284e-05,4
"19922",0.000102282256816982,0.750871379151529,0.0106279901495058,1.36339675649581e-05,0.238374895327569,9.81914701412531e-06,2
"19924",0.00519959728480984,5.92266049451644e-06,0.0062151068957345,0.0282691533472075,0.960081690116204,0.000228529695549769,5
"19926",0.726863188320924,0.00577301218431359,0.172592052559331,5.76549956021735e-07,0.0871607074966261,0.00761046288885014,1
"19928",1.96671087813381e-07,5.09211713038648e-09,4.64024493960565e-08,1.46928336382785e-06,1.13347668001187e-06,0.999997149074302,6
"19930",0.000123288830473385,5.56534295916378e-06,0.000476496060623475,0.000128913025676589,0.999193166828682,7.2569911585569e-05,5
"19932",0.000116370932822625,3.05451923190993e-06,1.89746037238164e-05,0.00140448218637612,0.998432417884524,2.46998733219598e-05,5
"19934",0.0274514868705774,0.00183624289885384,0.942321780389129,0.000117453384572585,0.0282719302186619,1.10623820491319e-06,3
"19936",0.0479463450068968,0.000287587766106585,0.00661343120448768,0.000175966234003507,0.944944621233948,3.20485545569658e-05,5
"19938",0.112982989740445,0.00181418079019555,0.884920171743802,4.83732223749712e-05,0.000224255876327271,1.00286268554848e-05,3
"19940",0.000364573540316938,6.57214146220985e-06,0.0752317473863919,0.00049307265262833,0.894718612354412,0.0291854219247887,5
"19942",1.60796194090293e-05,2.21364629182789e-09,8.0546298453129e-07,4.37576925418386e-07,1.02133752339882e-05,0.999972461751801,6
"19944",0.0133489007116607,5.28640748343514e-05,0.767764967462568,3.56293600655121e-05,0.217436164677963,0.00136147371290812,3
"19946",0.00637772128914304,4.55240666163242e-05,0.0856890489466977,0.0196182215480647,0.888096273814821,0.000173210334656937,5
"19948",2.07872946222024e-07,7.15122084776318e-10,8.35718169359522e-07,1.52574735311102e-06,4.04031079173299e-05,0.999957026838492,6
"19950",1.00260637367888e-06,8.34813600937822e-08,3.59666711951894e-07,0.998263244663815,0.00173445131436741,8.58267372177696e-07,4
"19952",2.07872946222024e-07,7.15122084776318e-10,8.35718169359522e-07,1.52574735311102e-06,4.04031079173299e-05,0.999957026838492,6
"19954",7.18813683233977e-05,1.48515099428487e-06,8.66068746915863e-05,0.000611767057287334,0.999151095182689,7.71643660141844e-05,5
"19956",0.141195984906526,4.10727524156325e-05,5.10661095728401e-06,0.684899550503443,0.16280256785156,0.0110557173750978,4
"19958",9.61238121634197e-07,0.997744404312363,7.40013254697443e-05,0.00037615344615584,0.00180335971900122,1.11995888848e-06,2
"19962",0.017382403545645,0.00202722939649642,0.161103142805139,0.20105613722151,0.618023485282748,0.00040760174846222,5
"19964",0.000149607522544513,1.71218850087541e-05,0.0417244147306178,0.0116827532209771,0.919830771897563,0.026595330743289,5
"19966",0.0265270296840545,4.58436100156277e-05,0.969341299692149,3.38999039229922e-08,7.75130007457375e-05,0.00400828011313121,3
"19969",0.00546485900324606,1.34249110735131e-06,0.000370307666556132,0.000112358873873484,0.982548350349674,0.0115027816155428,5
"19972",9.64135518661584e-05,1.22692293998528e-06,0.000490203552115703,0.0568429806190739,0.793839343673763,0.148729831680242,5
"19974",4.00025372760918e-06,9.58142490570587e-09,5.90233538648112e-07,0.867804484401824,0.0871276708410524,0.0450632446884326,4
"19976",0.00280147762128408,8.72110249581934e-06,0.0110028055043958,0.0419243692663673,0.943940475201518,0.000322151303939213,5
"19978",0.000875980989410017,5.12920481261874e-06,0.767348769317334,0.000437327650946843,0.230190594072628,0.00114219876486783,3
"19980",4.33013869924349e-05,7.11790358689263e-07,6.55526670628131e-06,0.192503093351464,0.807376540991679,6.97972128002463e-05,5
"19982",0.00125208654667864,1.36592105615537e-05,0.00010914184457863,0.851964163380839,0.146641508138406,1.9440878936916e-05,4
"19984",2.09806929975384e-06,5.22937597308337e-08,7.78623987797815e-06,0.999626529232728,0.00035887499020379,4.65917413115734e-06,4
"19986",0.0051975700819455,0.000228579169467465,0.994571730818442,3.37103252011833e-09,1.65919471474843e-06,4.57364398050078e-07,3
"19988",0.000745058443232214,0.000406805700394858,0.998847991822391,1.93863471903416e-09,1.25027854516704e-07,1.70674923661025e-08,3
"19992",0.017045728298826,0.00037575075369392,0.982575612380271,1.97556025406568e-07,2.69701352073183e-06,1.39976634345743e-08,3
"19994",0.000492469966113526,1.95303816497687e-05,0.000602430900572314,3.09997899105187e-05,0.998803128942635,5.14400191190869e-05,5
"19996",0.000431862644433407,4.26131649379546e-05,0.999520320502558,9.61502535832325e-08,5.09728202252174e-06,1.02557948515558e-08,3
"19998",0.475908146169212,4.57567610377972e-05,0.0198640883003839,0.00684333347219495,0.123304365800122,0.37403430949705,1
"20000",0.279952844317645,0.00801432354334955,4.30118796743126e-05,0.0005155671026605,0.706959526237082,0.00451472691958895,5
"20003",0.00776663184130697,0.000126358327191426,0.0047622362072949,2.15625253126294e-06,0.986490840097832,0.000851777273843614,5
"20005",3.42835123583107e-05,9.73908536692909e-08,4.37802805520925e-06,0.0350161263102582,0.962092947435095,0.00285216732337992,5
"20007",0.352723998916606,0.00139096988981153,0.422364620791141,0.000843495986769391,0.222650691161731,2.62232539402728e-05,3
"20009",0.000810694250904189,0.000515770822767109,0.997861500792197,0.000230390906012622,0.000326913308745903,0.000254729919373201,3
"20011",0.000853770509263611,4.17763008089214e-06,0.00347776454800347,0.00885402567089386,0.955124719784318,0.0316855418574401,5
"20013",0.0138276565602291,7.11995274267969e-06,0.000331909251355674,0.0985455710315453,0.887266647822043,2.10953820841545e-05,5
"20016",0.00434876499644564,0.00401576210130967,0.991618254745258,7.26106344816473e-06,9.15315877634245e-06,8.03934762650158e-07,3
"20018",1.62951018942714e-05,0.994833988998181,0.00514970140156831,9.06745115338907e-10,5.51523307155955e-09,8.07637859061402e-09,2
"20021",0.000516900586187341,0.00031582466975741,0.991484269996212,8.37232888531784e-08,0.00767392658514905,8.9944394049369e-06,3
"20023",0.0565763584970546,0.00100370981536649,0.889405419644751,9.47991609989072e-05,0.0528940219486423,2.56909331868499e-05,3
"20025",0.000710656944760004,0.498855648343151,0.500418640932066,6.44672695090549e-08,1.40855506814454e-05,9.03762071376974e-07,3
"20027",0.0146459181587624,1.43936021037421e-06,9.60069316067278e-05,2.57667876949388e-05,0.616495893212611,0.368734975549114,5
"20029",0.000705022529933014,5.64050855497121e-08,2.44124278395155e-05,0.0139718158008308,0.971492220688571,0.0138064721477403,5
"20032",0.000530586861096109,4.3120075115004e-06,9.4905728213164e-05,1.82526142662053e-05,0.991563998010435,0.00778794477847786,5
"20034",5.95608819267104e-07,5.46582402779287e-09,4.10999461542344e-06,3.17232756004042e-07,0.000162494193423303,0.999832477504562,6
"20036",0.958236326384691,3.28519712237886e-05,0.00120780702347598,0.0155903473306239,0.0247332771211483,0.000199390168837086,1
"20038",0.166962331370105,0.00474595227419249,0.828110786374681,2.74668079262066e-09,0.00018058531925609,3.41915084472948e-07,3
"20040",5.47616797558576e-05,0.0119869390155605,0.987858117859229,2.9253798160447e-06,2.89020471538523e-06,9.43658609230699e-05,3
"20043",0.00758281648750675,0.000615544594903326,0.989978856368586,5.02696711055676e-07,0.00182214816509929,1.31687193740126e-07,3
"20045",0.000100377674336008,0.00631440730023021,0.993584933220156,8.40528836858724e-08,1.95838871980066e-07,1.91352188547973e-09,3
"20048",1.93371691771725e-07,4.64484941943617e-08,1.35692369601659e-07,0.999961464364296,3.77546923965687e-05,4.05430751741048e-07,4
"20051",0.0856444582350866,0.0145607853586597,0.262200210807761,0.0116005103140073,0.625992622083747,1.4132007382243e-06,5
"20053",0.00191347220933233,5.19987003832956e-05,0.989700227902598,0.000155252560421738,0.00810096200151886,7.80866257453805e-05,3
"20055",0.838849652961108,0.025048366603733,0.129151650101457,1.7252039039202e-08,0.00693279085437315,1.75222272895325e-05,1
"20057",3.5422707600169e-06,0.999044797082835,3.91968890898428e-07,0.000838312988352174,8.09104453651347e-05,3.20452437969315e-05,2
"20059",0.0015201278219299,0.00214602062933704,0.989072433852972,1.73558311880953e-05,0.00690468839758075,0.000339373466992027,3
"20061",0.00960878250643621,0.000256366961583651,0.909213596280456,0.000118468853763706,0.0804262643691307,0.00037652102863027,3
"20063",0.000376661252794068,0.000198927288520321,0.00725813743401084,0.991672690210374,1.43446494807429e-05,0.00047923916482001,4
"20065",0.000618429485797894,0.917959758679252,0.0814198140740057,5.93560313685323e-11,1.9944160023318e-06,3.28558656024837e-09,2
"20067",0.0015822557345691,0.010110347300172,0.987920543297359,0.000205535327644878,0.000181310910741618,7.42951381924024e-09,3
"20069",7.22416303115664e-05,1.29901368034422e-06,9.96604338983932e-06,0.454681821815878,0.545209865716169,2.48057805719267e-05,5
"20071",0.993601829428261,2.3492905945826e-05,0.00243968812664463,2.2283159128501e-05,0.00244626191503119,0.00146644446498891,1
"20073",5.19044675242439e-06,6.40120648375394e-07,0.000699240597371202,0.865598139192735,0.133085871552532,0.000610918089960926,4
"20075",0.00104352970974703,0.998848755598676,2.93776396482196e-06,7.13282125910534e-07,0.000104008476076866,5.51694091563482e-08,2
"20077",0.54495954688318,2.2181507100671e-05,0.450617678239284,0.000286138092071332,0.00410868907197728,5.76620638732766e-06,1
"20079",0.0112241422989059,0.000871070311017857,0.111284326264888,0.826891207245601,0.0496994190416307,2.98348379569871e-05,4
"20081",0.0455680575803108,0.155747174985262,0.793505360591523,6.0844533343679e-06,0.00517327885363675,4.35359330543508e-08,3
"20083",0.164515001905997,0.000194644926918584,0.00122668340686838,0.828204712271187,0.00436177058934367,0.00149718689968521,4
"20085",0.00137528592928508,0.00235136537782834,0.996273086983254,5.1196359129581e-10,2.54697452154833e-07,6.50021746054639e-09,3
"20088",0.00324346776088096,0.000745025843411413,0.995808610645537,9.60578958078977e-08,0.00020276049606748,3.91962076360483e-08,3
"20091",0.000203144874317396,0.998837880436926,0.000915865009757884,1.51157048779801e-06,4.15966324922769e-05,1.47601806136154e-09,2
"20095",0.000946365669696794,0.000172635702783666,0.0604437744698259,0.882054487244336,0.0131830603699703,0.0431996765433875,4
"20097",0.00530819975639442,0.0103319814799736,0.984359296681328,8.15832757955645e-10,5.17867595614566e-07,3.39887528821282e-09,3
"20099",0.000104739338205308,1.51169639674904e-06,0.912089782387854,0.00258855936486224,0.00139692068671256,0.0838184865259688,3
"20102",0.000189101197615994,0.0479611817843353,0.000758196183636933,0.949509694784251,0.00158145605738524,3.6999277594164e-07,4
"20105",0.000792492855899015,0.000231208545866439,0.995072711637045,0.000390805930082892,0.00351247739508232,3.03636024000451e-07,3
"20107",0.0472425397848254,6.51169937680744e-05,0.952468575434809,3.8335879963294e-07,0.000222366083979849,1.01834381801143e-06,3
"20109",1.66808906701432e-05,1.23858478201468e-05,0.793521457186931,0.182225488416148,0.0233818164730391,0.000842171185391081,3
"20111",8.92448074513632e-05,0.521479615630155,6.44262779875723e-05,0.00893837221640496,0.469376074042874,5.22670251269013e-05,2
"20113",0.736801322853248,2.98882354912995e-05,0.255861054596154,3.65017487691004e-07,0.00241817029949221,0.00488919899812731,1
"20115",2.50449453854762e-05,0.000159513765778163,5.90489211131279e-05,0.000311990749009831,0.993772738738882,0.00567166287983197,5
"20117",0.0199246975116769,0.575390604747508,0.0966985514822083,4.15207598862292e-06,0.000715296650227414,0.307266697532391,2
"20119",0.0371005079638497,1.96177964188516e-05,0.944997184141085,1.75567633429775e-08,8.87824036269334e-05,0.0177938901382562,3
"20121",0.033676166371577,0.000210886629298332,0.966088022227638,1.31056363037236e-08,2.43942537522505e-05,5.17412097966332e-07,3
"20123",0.000824655252788829,0.998655962399693,0.000512518644106062,5.35093301933445e-09,6.85508137751193e-06,3.27110193871982e-09,2
"20125",0.0011121024430476,7.33276930242622e-06,7.79729987421827e-05,0.0812589131388968,0.917529553031711,1.41256182998471e-05,5
"20127",8.29225812964087e-05,0.000190200668704987,0.999722146787547,1.11967319852563e-06,3.57351646895864e-06,3.67727836079218e-08,3
"20140",0.987014386621966,0.00583348725357107,0.00541017878117006,3.60063623814724e-08,0.00171026998929906,3.16413476311413e-05,1
"20142",9.17088553875664e-06,1.89408171848625e-07,5.98527123756655e-07,0.994951904947635,0.00503650012477783,1.63610675262445e-06,4
"20144",0.0241097319668494,0.00330276043816364,4.50864161597484e-05,0.00738775334842638,0.965075802034718,7.88657956830226e-05,5
"20146",0.365239417657039,0.000752261272702926,0.00189731772596369,0.339504309569309,0.292562591306806,4.41024681802588e-05,1
"20148",0.0324860161967272,4.40084442159588e-05,0.00442853547651376,0.000190147514160745,0.962828278866698,2.30135016842187e-05,5
"20150",1.32513732669129e-05,6.20967032879563e-08,1.56922185565862e-06,0.441662918309991,0.554210761214887,0.00411143778329704,5
"20152",0.0316854754784867,7.86896852045606e-05,0.0229245816956287,0.000135499536355665,0.94506419139012,0.000111562214204686,5
"20154",0.000295959598086701,0.983047550161844,0.0166478280670985,4.03004108315938e-06,4.63191077649748e-06,2.21110825085704e-10,2
"20156",0.605666654469257,0.00454596278383611,0.291810311740139,0.0442930178708241,0.0535750728257591,0.000108980310184153,1
"20159",0.000187548537557066,2.35126389990068e-06,9.51116789049386e-06,0.566583774580477,0.433201973379511,1.48410706639711e-05,4
"20161",0.00182669046391537,1.30800185520431e-05,0.000206467935594594,0.992494916096853,0.00537139814371762,8.74473413668949e-05,4
"20163",0.00151317250049633,0.00097543450180528,0.0363861334418546,4.39649352298885e-06,0.959928384242729,0.00119247881959225,5
"20165",7.89258053955753e-06,1.0952724699159e-05,0.00687373547629448,0.992392607927387,0.000713776250573614,1.03504050618722e-06,4
"20167",0.00046697710144822,2.77888381318482e-06,0.00228815757514777,0.0061152940763827,0.99111185730948,1.49350537281119e-05,5
"20169",7.12664263894549e-07,5.38955114773171e-08,1.55712666926719e-07,0.999822715798584,0.000175867364307695,4.94564666596748e-07,4
"20171",0.000256991170724947,0.995644975313854,0.00409219299881819,5.57738176840941e-06,2.63020131442116e-07,1.14702704114816e-10,2
"20173",4.37006458652661e-05,9.23700211581544e-06,0.0722591114085164,0.243461721516559,0.00100270499969356,0.68322352442725,6
"20175",0.0020922468939686,6.31985714662685e-06,0.000779121470933591,0.00636621682928678,0.990444350113601,0.000311744835064026,5
"20177",0.00082538227647358,4.25613720585258e-06,0.587175047338464,0.000134561432617054,0.00235768867629523,0.409503064138944,3
"20180",0.00349485520927473,0.00187518586809144,0.99460944341996,6.22747868973163e-11,1.61751481979936e-05,4.34029220052865e-06,3
"20182",1.13186925256932e-07,9.79271041928976e-06,1.61370179625338e-08,0.997328121953283,0.000178112895137731,0.00248384311721731,4
"20184",0.000233816009232372,6.82820061674712e-07,5.5951659587894e-05,0.959236447056012,0.0404646688698118,8.43358529425377e-06,4
"20187",0.00570088312906354,1.77186853017894e-07,0.00329542328990214,0.00137527426951465,0.00146489151138435,0.988163350613282,6
"20189",0.000435900325519045,3.91829472554885e-06,0.949567133601303,5.68687084899388e-06,0.0380847423326934,0.0119026185749098,3
"20192",0.000180554700813145,0.16160780211231,0.819918535070792,2.32585278871541e-06,0.00275578666387926,0.0155349955994164,3
"20194",0.138096464232012,5.16687196433952e-07,3.98625697209968e-05,0.700927928115173,0.0413101661856316,0.119625062210266,4
"20196",0.00251669202556111,0.233978598152079,0.763452308577149,1.5509806151512e-07,5.21892156267735e-05,5.69315232971084e-08,3
"20198",0.173429002367672,0.00361496074598323,0.241916617665042,0.000720428029676533,0.579789498638671,0.00052949255295467,5
"20204",2.3577319410482e-05,4.50959122469237e-06,1.39615415960094e-05,0.412174442041891,0.587754286518894,2.92229869838473e-05,5
"20207",0.0218748526117109,0.0946010351877725,0.883345124421489,4.02554631334645e-05,0.000138726309484356,6.00640920932434e-09,3
"20209",0.0348537660863395,0.047587043085491,0.000358712333090544,4.72180834455603e-06,0.833695725603769,0.0835000310829649,5
"20211",0.00177936090065112,0.997791536013411,0.000409385411028744,5.39845219979342e-08,1.96636092360583e-05,8.11508911818407e-11,2
"20215",0.823386380618946,0.000115869529131924,0.174362439088413,1.09752451770568e-05,0.00212243132184469,1.90419648721577e-06,1
"20218",4.81787107395273e-06,2.53420503928401e-07,1.27447319206577e-06,0.979318983332647,0.0206722333533415,2.43754924133639e-06,4
"20222",0.0395899519272111,0.0701921135090664,0.883906397469767,9.68295422029462e-05,0.00621464763664509,5.99151076346066e-08,3
"20225",0.0535823201936486,0.00021461836112997,8.58689975856761e-05,0.0290662163549865,0.916622369087298,0.000428607005351396,5
"20229",0.997502931419623,0.000273065145720474,9.98789393953385e-05,7.93945733067506e-06,0.00210509733818093,1.1087699749962e-05,1
"20232",0.670151562426442,0.00577661476506009,0.294750515398585,9.22651697668452e-06,0.0292917939722505,2.02869206862069e-05,1
"20234",3.24395558138712e-05,0.142958893739481,0.857007647517182,6.52322044951698e-10,1.65182087430176e-07,8.53353114344032e-07,3
"20238",0.00721127535661431,0.000843948458589845,0.991731230652342,7.22050071415972e-06,0.000205722698657807,6.02333082030305e-07,3
"20253",0.589519525571869,0.000166483327719814,0.41027658518157,8.67744092552051e-07,3.58633588577181e-05,6.74815891013534e-07,1
"20255",0.00255013967331571,0.000173131593283752,0.000123042887897977,0.000184216033296501,0.996965640507881,3.82930432533425e-06,5
"20258",3.47895004598494e-05,3.44255499100483e-05,0.999873209672338,2.13628713037149e-08,5.68538072930792e-05,7.0010712734791e-07,3
"20269",2.26111790371511e-05,6.27944643991745e-05,0.948884680482879,0.0243324385630966,0.0266680076619724,2.94676486159551e-05,3
"20271",0.000102636433437788,8.05073042926315e-06,0.993607652942972,8.3992454819632e-08,0.000141843019993302,0.00613973288071329,3
"20285",0.0113912012942788,3.44998247922046e-06,0.00260250569482895,0.000956992833038894,0.0239502885581001,0.961095561637274,6
"20288",0.72565487584156,0.000377331452107315,0.26917230018905,3.60931173074266e-05,0.00475654509805658,2.85430191892535e-06,1
"20291",0.00352708750283201,0.297197755371452,0.699166211637066,1.83537722535727e-06,0.000106813243956803,2.96867467651832e-07,3
"20295",1.76456243545412e-05,0.000114394416522804,0.826792492755946,0.00867454765968252,0.058649050538545,0.105751869004949,3
"20298",0.000366656863602605,1.02915394469359e-06,1.11730549432197e-05,0.00254476829687175,0.996994252912283,8.21197183542701e-05,5
"20302",5.95030987658498e-05,3.04178558252101e-06,0.00072765774903295,0.580870482516355,0.41566763461327,0.00267168023699342,4
"20305",9.52241265492949e-05,4.29015825475899e-07,9.3573279738191e-06,0.000373160243232671,0.997519740428641,0.00200208885777832,5
"20307",0.000736025611346331,0.000277314152494225,0.998979155930705,1.80123149813909e-08,7.47666652803279e-06,9.62661178918275e-09,3
"20310",0.000122412057949147,0.00144123977169303,0.998436014071487,1.42592053190438e-08,1.56054064313389e-07,1.63785601658834e-07,3
"20313",1.74990776751562e-07,4.73884067715870e-09,5.00796392666262e-08,0.999348820821817,0.000635478734174655,1.54706347516771e-05,4
"20315",0.00746033060043808,5.53470167421925e-05,0.992192684004496,2.70283293024417e-07,0.000281206672819863,1.01614222108566e-05,3
"20319",0.0225283485363643,0.694265853033229,0.283134168981754,9.76436944702941e-08,7.14314621675956e-05,1.00342790419454e-07,2
"20321",0.00497816155825927,3.2356354554502e-05,0.994952790889838,5.42045098537341e-06,3.0643513690398e-05,6.27232672288701e-07,3
"20327",1.5749612093852e-05,4.16290182074297e-06,0.999952821340996,6.38150684977832e-08,1.54168523237055e-05,1.17854776970539e-05,3
"20329",5.59017414003762e-06,2.65977471684575e-10,4.39089567564291e-07,5.90929790363835e-05,0.000101012891104315,0.999833864600174,6
"20335",0.000461433931775866,0.130926088921742,0.868603702558361,8.31329987938051e-07,7.94265016604013e-06,6.07967114295601e-10,3
"20337",8.4927067113021e-05,2.78892657627098e-06,1.57011345692837e-05,0.183129383708471,0.816751361192269,1.58379710019643e-05,5
"20339",0.433573930684856,0.560110521107758,0.00262435088658285,1.88159372837767e-06,0.00342385512632527,0.000265460600749037,2
"20341",0.00245823778632617,0.981696162677042,0.0154088953813288,0.000418729753812428,1.7968276799754e-05,6.12469054626094e-09,2
"20343",0.000574633945335009,0.00722620131859504,0.992126270126176,6.62372235758047e-05,6.60062077285457e-06,5.67655450155578e-08,3
"20345",0.0105056151374622,1.99495058829635e-05,0.00301140412319421,4.72563608040098e-06,0.956613776029132,0.0298445295682483,5
"20350",0.984005522073823,0.00461561413047695,0.00781972846823481,0.00112640678223243,0.00222636461106957,0.000206363934163198,1
"20352",2.85697870429126e-07,7.90552380249737e-08,9.14053622339338e-07,0.999565458267702,0.000432821238033861,4.41687533295264e-07,4
"20355",0.000548778183853608,8.40872113011296e-05,0.00186873313300373,0.975269108746608,0.0221230284192009,0.00010626430603277,4
"20358",3.61343564113487e-05,1.05819987760124e-08,6.20678105774697e-06,0.0102426149899818,0.0201569140447515,0.969558119245799,6
"20363",0.00510728762322891,3.33728876025105e-05,0.994709747501762,3.88653644020396e-06,0.000145511989971498,1.93460994567211e-07,3
"20365",0.0904416504459428,0.594350970503228,0.293188827758648,1.13157747805571e-06,0.0220170962191262,3.23495577011448e-07,2
"20379",0.000298755226547056,0.000279544176035576,0.000163504757513574,0.000619945847677456,0.998340116967437,0.00029813302478993,5
"20387",0.000156428559216366,0.00112582483413646,0.998444400008436,9.86484311956151e-08,0.000273203792621247,4.41571589892072e-08,3
"20392",0.000193802599829607,0.998802744814123,0.000997667945316686,2.8259321037149e-09,5.78173133034684e-06,8.34679885481534e-11,2
"20395",0.288522225485398,8.24919049636356e-05,0.00782097433711758,0.000790233148129522,0.702746998647423,3.70764769685889e-05,5
"20397",1.98179681650404e-07,1.20633064725174e-09,4.95663821747737e-08,0.00430706865016203,3.62966511586209e-05,0.995656385746285,6
"20410",0.00101922740418332,0.000382175502974902,0.993568369900417,1.06340647102281e-08,0.0048255244291409,0.000204692129219555,3
"20414",2.07804439593649e-05,3.03197391598951e-06,0.000564714274180895,0.17739200144312,0.821931816346104,8.76555187195842e-05,5
"20417",0.000275963706180714,0.943631581762112,0.0560758057352017,4.90429974162905e-09,3.33074672014389e-08,1.66105847387778e-05,2
"20419",9.83541947365869e-05,5.83310297342124e-07,0.999886447476412,4.48663726267262e-07,7.602263143032e-06,6.56409168460409e-06,3
"20421",0.000715784219981507,0.0106321583215271,0.00210772444870893,0.662996844656447,0.323540232855437,7.25549789768548e-06,4
"20423",0.000142414820724392,4.31087474551465e-05,0.000102132655545684,0.278844150672108,0.720859985644848,8.20745931851865e-06,5
"20425",0.0273976232800741,0.000125465497820148,0.00020216135070815,0.650829368912174,0.321442700059823,2.6808994000967e-06,4
"20427",0.00513910213934082,1.45588131443974e-05,0.0341508489726496,0.000173521018094665,0.960456206739074,6.57623176965251e-05,5
"20429",0.0174325354923644,0.00208180222121452,0.980173397642232,0.00018608531242663,5.76656588431531e-05,6.85136729200717e-05,3
"20432",1.23888924738467e-05,1.35787929271889e-07,2.64871884250643e-05,0.767726770777997,0.231618736002418,0.000615481350757206,4
"20435",0.114698816096175,0.0172628662834998,0.747113294005087,6.08988783562907e-06,0.12075017269895,0.000168761028452585,3
"20438",0.0407592936964758,5.63828480083211e-06,0.958761738052908,0.000296610139521492,0.000142653753290932,3.40660730033495e-05,3
"20440",1.32712296869605e-05,1.28807826975148e-05,0.999905975726549,5.8213797596895e-06,5.61996110620613e-05,5.85127024493688e-06,3
"20443",0.00080033135993456,5.37472782824543e-06,5.46003989715043e-05,0.998420520618541,0.000716645619285512,2.52727543936633e-06,4
"20446",0.00692673036342991,0.00121795723828288,0.565919939383779,0.00299710401351929,0.420878964762538,0.0020593042384509,3
"20449",0.782136875002584,0.00247517159047156,0.182508736359192,5.51414618836413e-06,0.0328316537341499,4.20491674142684e-05,1
"20537",0.000500052234338682,0.333407657626114,0.661416485102707,9.88893050904248e-05,0.00457599609029002,9.19641459907386e-07,3
"20540",7.66761463701817e-06,0.996495606567363,0.00349445366170715,1.26390719896606e-09,2.26924791239262e-06,1.64447297458119e-09,2
"20543",0.00172927694176918,0.000453369948367576,0.169700879812274,0.00229768001226308,0.825775956404067,4.28368812593013e-05,5
"20545",4.60650015356124e-05,0.999556389768979,0.000384645550544961,1.28912793030414e-07,1.27707310974942e-05,3.5050359412487e-11,2
"20549",0.00181448537287127,0.00236833401104302,0.0300336890461121,0.00927831250040527,0.956503837402601,1.3416669669146e-06,5
"20551",0.0567454283991837,0.00100705529885955,0.926539978721256,9.43182331322022e-05,0.0156130190853901,2.00262178335188e-07,3
"20554",3.15556928831518e-05,6.26801094084752e-05,0.997491551558551,3.48350765496051e-06,0.00240741642718496,3.31270431704033e-06,3
"20556",0.934721857499842,0.00729460570335031,0.0107680590254057,0.000146141514523869,0.0470690687875017,2.67469376240287e-07,1
"20558",0.000232030380134105,9.42026592929917e-05,0.999649053858699,1.00838572188824e-07,2.45955111513112e-05,1.67521499607475e-08,3
"20560",0.00712116802772654,3.87039292449642e-05,0.977182660302674,0.00311633623334359,0.0125402842029898,8.47304021521981e-07,3
"20563",1.92730272804041e-05,0.00013904195799354,0.999838762505396,2.81122031625855e-07,2.59126204236944e-06,5.01252564182955e-08,3
"20565",0.160394576817452,0.000581755248857508,0.730141364300744,0.0245909169364967,0.0842863437902344,5.04290621580192e-06,3
"20567",0.0003286453877188,4.25782872957388e-07,3.02644429795207e-05,0.900423202592059,0.0990116746235385,0.000205787170831394,4
"20571",0.983296362866828,0.000281892769185941,0.016400343586473,1.09613211892065e-06,8.63248723417644e-06,1.1672158159694e-05,1
"20573",0.118871015979586,0.00260249028371325,0.850345319794401,0.000495111531152546,0.0276844031357102,1.65927543753733e-06,3
"20575",0.00015973788870728,5.7090984739591e-05,0.999776621801284,5.94257562678811e-08,5.79637112867209e-06,6.93528383862761e-07,3
"20577",0.701955284639634,0.000396436546422326,0.0293146961974311,3.19096121333908e-05,0.26805149393397,0.000250179070409235,1
"20579",4.18572703120922e-06,3.22717533047799e-09,6.9946020574742e-07,0.872793559483006,0.00106120712287944,0.126140344979702,4
"20582",0.000251169021604307,6.44863798758648e-05,0.999681654678019,1.48779708506801e-08,2.63562969465231e-06,3.94128351470508e-08,3
"20585",0.0247258243955237,0.915289340448052,0.0516588325077359,6.85223310654456e-07,0.00832529812379118,1.93015866302814e-08,2
"20588",0.0743059096082628,0.915212712158123,0.00436315572992058,0.000147979500805991,0.00596909221158217,1.1507913051263e-06,2
"20590",1.68461469111482e-06,1.81062125405975e-09,1.76082808996659e-07,0.993640396845967,0.00451842395418438,0.0018393166917277,4
"20592",0.000408847707445775,3.73956740023729e-05,0.99955189522598,5.87620583725036e-07,1.2599070307467e-06,1.38649576186712e-08,3
"20594",0.000110887574663127,0.000213958478152538,0.999669708636602,2.00273415639642e-09,5.1246180970983e-06,3.18689750926709e-07,3
"20596",0.000785598256280906,1.80284577901366e-06,0.992904818956817,0.000221876719716998,0.00498412675557063,0.00110177646583537,3
"20598",0.00195342255129359,5.64090987403912e-05,0.991737612401068,2.73935900064355e-06,0.00624743803751889,2.37855237919282e-06,3
"20600",0.688142659206516,0.225841777424826,0.0190262415342591,0.000573835241480554,0.0664152700948584,2.16498059806791e-07,1
"20603",0.00922385819728531,0.00104393633841585,0.000229347341749542,0.00234201275687815,0.987139186099254,2.16592664168845e-05,5
"20605",0.02089931699984,0.000221209374840745,0.978745380653527,9.7095588890545e-09,0.000129525780051282,4.55748218177147e-06,3
"20607",0.0270899172269897,4.32417592514142e-06,0.972367003120554,2.49813111331698e-07,0.000512187440262601,2.6318223157037e-05,3
"20609",0.000122574462345087,6.77190834220992e-05,0.988045024452365,1.06659845850531e-05,0.0117452009515349,8.8150657482346e-06,3
"20611",0.000616704125530517,5.15588523805509e-07,1.32921840305631e-05,0.000135947825461045,0.986277490218099,0.0129560500583547,5
"20613",0.00127618596778632,0.00262416225346149,0.406395332913737,4.56444022197978e-06,0.589609256352674,9.04980721193614e-05,5
"20615",0.762917644020827,0.0117111270722791,0.0508793810465373,0.000781732941716688,0.173709813293149,3.01625491429298e-07,1
"20617",1.3990598139484e-06,8.79000006284328e-08,3.65520546832151e-07,0.997812967332142,0.00218428136393295,8.98823563651908e-07,4
"20619",0.0113314259009622,1.38474764683258e-05,0.988645879501384,2.3417619220171e-06,6.02198362481544e-06,4.83375639142018e-07,3
"20621",0.10033908393519,0.000174264734162356,0.891255449906935,2.15926207884446e-05,0.00818244660287057,2.71622000537654e-05,3
"20623",2.05826656789092e-05,7.97896776701029e-08,0.00129963305527152,0.989373494415712,0.00833279400108829,0.000973416072572023,4
"20625",0.0579824249389315,0.0122942020655803,0.000437808566748396,0.0403306247530623,0.888947985163113,6.95451256455424e-06,5
"20627",0.0493542887717351,0.000284714101020631,0.786630691254448,2.13139461364502e-06,0.163296836212878,0.000431338265304687,3
"20629",0.548390260103143,0.000908940194683254,0.368967273626624,0.000415174732739572,0.0813145964896041,3.75485320637085e-06,1
"20631",0.000560374026101769,6.17918450594669e-05,0.999369762231638,4.44809867175626e-06,3.58969648811665e-06,3.41020404771671e-08,3
"20633",1.07147220043374e-07,2.1701233480562e-09,3.16205812922312e-08,0.999579308475615,0.000331432059014677,8.91185274458024e-05,4
"20636",0.325573868445303,1.14874883327572e-06,0.000279559705547594,0.0212865180608756,0.59301317775801,0.0598457272814301,5
"20638",0.970740104677032,0.00171966955879483,0.00388414240345269,7.81667828665153e-06,0.023592291810612,5.59748718212621e-05,1
"20640",0.0127458526057916,0.0884760014236454,0.897174414159567,6.13422306768754e-09,0.00160323564295306,4.90033820242268e-07,3
"20645",0.00144254551332435,0.00327310067129565,0.995283741395695,1.03626634337924e-09,6.09023135641143e-07,2.36028300732964e-09,3
"20647",2.73480956423962e-07,5.22984770371115e-08,1.41289820367046e-07,0.999960429741492,3.86641088765809e-05,4.39080377354771e-07,4
"20649",0.000655026960752351,0.00989533662153263,0.974961829060126,4.49559959926849e-06,0.0144825979004483,7.13857540831129e-07,3
"20651",0.00168458172955678,0.00194846843305939,0.996352232956985,6.86521074072264e-06,1.85283030451746e-06,5.99883935339399e-06,3
"20656",0.000103466735310834,0.0385838032987527,0.960589710464543,1.28155930570526e-06,0.000721327633031288,4.10309056578841e-07,3
"20660",0.000125452004428715,0.962829640675235,0.0334253699898094,6.89591757901601e-07,0.00327657987255605,0.000342267866212751,2
"20662",0.00106784272795492,5.93024706662503e-07,0.000176517963379786,0.838798984355046,0.0533603885854245,0.106595673343488,4
"20664",0.0031444962070816,1.16502857260706e-05,0.895415796503733,0.088932203363215,0.00678365214092937,0.0057122014993149,3
"20666",0.000245809953014213,0.038334763521434,0.000223332956080171,2.71206355294398e-05,0.961110290044147,5.86828897949344e-05,5
"20668",3.79758151451467e-05,1.76345743649336e-07,3.40354199437403e-05,0.327964959764182,0.671801568197348,0.000161284457637305,5
"20670",0.00189850838018018,0.000187368504398513,0.997232538982569,1.97893714117872e-06,0.000341061748070822,0.000338543447639991,3
"20672",2.74806006123109e-05,8.68619782813311e-06,1.96529644363505e-05,0.318642049533832,0.681290561271757,1.15694315344375e-05,5
"20674",0.332994234538458,4.38792069491711e-05,0.627811194665183,9.11587996312634e-05,0.0389782450193594,8.12877704183417e-05,3
"20676",8.81623200565795e-06,3.51314133219217e-08,2.10347208686599e-07,0.00133433011530168,0.0360531918006356,0.962603416373435,6
"20678",5.13214250400355e-06,4.29065730760633e-09,2.5459861257066e-07,0.0161822903670475,0.0224325906330298,0.961379727968149,6
"20680",0.000155500390316601,1.02688791051358e-05,0.000720924704515479,0.20071531777782,0.798388361560444,9.62668779829756e-06,5
"20682",0.0016851860760727,2.02181234118469e-06,0.00177802267309405,0.000391885828611956,0.834442351858378,0.161700531751502,5
"20684",0.191507804222656,0.00219989085996372,0.697351453570649,9.4503084810611e-06,0.0453851363786206,0.0635462646596291,3
"20686",5.00550335751269e-06,2.86987660397733e-07,2.02222142086839e-06,0.977903192402605,0.0220872587629217,2.23412203482327e-06,4
"20688",5.03920012504707e-07,1.02200201064674e-09,8.98629871751232e-08,0.0236942103566516,0.000877574054035919,0.975427620784311,6
"20690",0.0545260764833409,0.921001471042974,0.0237911350793715,4.15755282332263e-08,0.000680374011197145,9.01807588257297e-07,2
"20692",2.88664389650629e-07,2.20411634342724e-09,7.41713551304098e-08,0.970633214650532,0.00103275483962408,0.0283336654699832,4
"20694",0.000132569081865496,3.57784742840153e-07,6.28337786584587e-06,0.00853833059112557,0.99105373448718,0.000268724677220118,5
"20696",0.0108574734083935,6.48187368831462e-06,0.000281264934696616,0.00427487373479747,0.983625849267622,0.000954056780801885,5
"20698",0.873058718929277,0.000702377275389262,0.115574675712843,0.00216396865937607,0.00849847525847756,1.784164637034e-06,1
"20700",0.0031821988528168,0.000160850167490641,0.993785537547329,0.00228402841807831,0.000480910340213739,0.000106474674071261,3
"20702",0.466969169100965,0.497712393124983,0.0352957070417204,1.48360541651522e-08,2.26683456118327e-05,4.75506645960924e-08,2
"20704",0.0986893525398324,0.0001863251355613,0.763248862604627,2.31545413722099e-05,0.137797522948107,5.4782230499389e-05,3
"20706",0.754408709680198,0.000503629897853271,0.0402259725616815,0.00328221101090784,0.0936220019581083,0.10795747489125,1
"20708",5.43361696523243e-06,1.41805866056176e-08,1.98407671606998e-06,0.000106714286420604,0.0320134897375955,0.967872364101716,6
"20710",0.267072720464061,0.315100291877215,0.388108280457797,8.30333957550548e-07,0.0297175046879614,3.72179007131511e-07,3
