"","V1","V2","V3","V4","best$classification"
"19812",0.962900572786005,0.0357252135040094,1.41454214926888e-05,0.00136006828849271,1
"19814",0.985787542779464,0.00607555473040991,0.00804638459868475,9.05178914415886e-05,1
"19816",0.0336401837319994,0.966330888854256,9.05905512492836e-06,1.98683586194147e-05,2
"19818",0.893739589099127,0.081449090149969,0.0246469062335426,0.00016441451736131,1
"19820",4.24071946842254e-06,0.999861127639107,2.95193721145801e-08,0.000134602122052928,2
"19822",5.74067734045691e-05,0.941646407547536,1.10706604809861e-05,0.0582851150185788,2
"19824",0.00260685338663334,0.993043050033556,0.00422339860948876,0.000126697970321947,2
"19826",0.960612449529307,0.039175389404893,0.000177677565067393,3.44835007329393e-05,1
"19828",0.00147693484085746,0.997922440713312,1.18050481564734e-05,0.000588819397674417,2
"19830",0.997900500828142,0.000636872007133354,0.000466572392076204,0.000996054772648327,1
"19832",0.259296498258137,0.180757239924008,1.24441004450025e-05,0.559933817717411,4
"19834",0.0913133605334906,0.888154455124829,0.000450620791999503,0.0200815635496806,2
"19836",0.756346907245341,0.24327439150234,2.00349512030493e-05,0.000358666301115679,1
"19838",0.997482130891543,0.00023198390564103,0.00203381732880286,0.000252067874013488,1
"19840",0.27046311076779,0.729365150230847,6.68194110225995e-05,0.000104919590340393,2
"19842",0.998855076333491,0.000163008498555393,0.000975348593269397,6.56657468387188e-06,1
"19844",9.62525686308173e-05,4.01609664736102e-05,0.999863121084865,4.6538003110314e-07,3
"19846",0.789500508675919,3.65140950069156e-05,0.210462013782531,9.63446542686793e-07,1
"19848",0.907418148344596,6.82072488587229e-05,0.0925097145414149,3.92986512971295e-06,1
"19850",0.671211055305986,0.000678496145564226,0.328089830619367,2.06179290820579e-05,1
"19852",0.302694903462798,0.695706176407823,0.00110410777612673,0.00049481235325255,2
"19854",0.986347497962736,7.22967442707524e-05,0.0135708093750907,9.39591790229129e-06,1
"19856",0.0385205431126005,0.00220157487707636,0.959215059273061,6.28227372616878e-05,3
"19858",0.00778530412108071,0.0498166431690488,0.941904337330448,0.000493715379422636,3
"19860",0.637307434692191,0.362209858232937,0.000162094497099695,0.0003206125777715,1
"19862",0.982684831077309,1.85476208208614e-05,0.017295591612639,1.02968923131625e-06,1
"19864",0.527253223600005,0.305360682851907,0.165041107142262,0.00234498640582729,1
"19866",0.0158343632018818,0.984099007516174,1.15759604342146e-05,5.5053321509749e-05,2
"19868",0.000281599730693149,3.93507793245893e-05,0.000140929727502947,0.999538119762479,4
"19870",0.990734419482058,0.00077402580207591,0.00848087702037865,1.06776954879469e-05,1
"19873",0.960751201995862,0.0366358989860247,0.00258761805945641,2.52809586573615e-05,1
"19875",0.00707877576110197,0.992170485977232,5.12686693052396e-07,0.000750225574973209,2
"19877",0.986729810027416,0.00797362646629404,0.00520153819331546,9.5025312974693e-05,1
"19879",0.643918774005626,0.34439896495509,0.00913249943321393,0.00254976160607033,1
"19881",0.982624986748456,0.0140030785390767,0.00334482021248896,2.711449997822e-05,1
"19883",0.994064992991364,0.0054596208057302,0.00047115612055833,4.23008234719697e-06,1
"19899",0.596770266873668,0.391439354473116,0.000140860243474462,0.011649518409741,1
"19908",0.129756228157421,0.607660089513927,0.0427565921064824,0.21982709022217,2
"19910",0.627079278296546,0.371678175188469,0.00107373979763084,0.000168806717354447,1
"19912",0.995395765820742,8.33662470693516e-05,0.00451695257346758,3.91535872077164e-06,1
"19914",0.728021319125049,0.260421539030048,0.00221159502346564,0.00934554682143748,1
"19916",0.0033752006188848,0.994302368142785,0.00210841485111964,0.000214016387210983,2
"19918",0.836869338434631,0.000945258294542518,0.162184100443538,1.30282728884103e-06,1
"19920",0.135867276207003,0.000101902300135238,0.864029586873714,1.2346191480043e-06,3
"19922",0.285109243310907,0.0281257101548261,0.000102651262488944,0.686662395271778,4
"19924",0.934579024318239,0.0176819557105092,0.0476933850555072,4.56349157444478e-05,1
"19926",0.460608436261219,0.515336659626397,8.37164792623394e-06,0.0240465324644579,2
"19928",0.515052881313386,0.00780433593038983,0.476108003834089,0.00103477892213533,1
"19930",0.997295191042597,0.00196710237852827,0.00069879263947458,3.89139394000527e-05,1
"19932",0.994542284552819,0.000156808264942602,0.00527010739970475,3.07997825333442e-05,1
"19934",0.0356025072687521,0.960773724741832,0.000201058388371156,0.00342270960104479,2
"19936",0.977980313123631,0.0201271413293916,0.000518192905530524,0.00137435264144683,1
"19938",0.00107009502105099,0.99474118615331,9.65689346411818e-05,0.00409214989099741,2
"19940",0.912588497320031,0.0853935390182249,0.0019947147042345,2.32489575094077e-05,1
"19942",0.93829694710793,0.0261648259232192,0.0353810469042848,0.000157180064566157,1
"19944",0.298984766331976,0.700719376602996,0.000130820402337121,0.000165036662690787,2
"19946",0.825111460936773,0.145051667338891,0.0296136188471695,0.000223252877166356,1
"19948",0.931596137647347,0.00940857983782276,0.0589764054153098,1.88770995199273e-05,1
"19950",0.00334980128498885,4.42024673289267e-06,0.996644469913561,1.30855471702898e-06,3
"19952",0.931596137647347,0.00940857983782276,0.0589764054153098,1.88770995199273e-05,1
"19954",0.996711222301,0.000492014830758165,0.00278266377863642,1.40990896051763e-05,1
"19956",0.34172297175735,5.21171351575416e-05,0.657837631089671,0.00038728001782236,3
"19958",0.00465193485211642,0.000438168140144828,0.0018256390127575,0.993084257994981,4
"19962",0.587768549073233,0.235334052393245,0.172200886335099,0.00469651219842292,1
"19964",0.910639032133273,0.0572705122983766,0.0320311825350331,5.92730333179961e-05,1
"19966",0.000925038503543654,0.998922766640621,4.28489075110591e-07,0.000151766366760427,2
"19969",0.998565729212208,0.00102165008780393,0.000404775019839873,7.84568014828636e-06,1
"19972",0.856796904286144,0.00130033881091406,0.141895271782134,7.48512080781542e-06,1
"19974",0.0803989831723759,2.90601166925093e-06,0.919598020862443,8.99535115216934e-08,3
"19976",0.904767913077483,0.0265585945625211,0.0686113130675952,6.21792924005944e-05,1
"19978",0.29389018472849,0.704579763103802,0.00150671218279401,2.33399849145914e-05,2
"19980",0.684168427065936,5.48977071576968e-05,0.315768464669517,8.21055738864153e-06,1
"19982",0.176915875722209,0.000673182032866468,0.822289857130259,0.000121085114666065,3
"19984",0.00114571053316247,5.83705944221384e-05,0.998795141340979,7.77531436184859e-07,3
"19986",2.21317835813665e-05,0.999378127167315,3.26756306727596e-08,0.000599708373472692,2
"19988",2.24048114599409e-06,0.999031450492798,1.92904193068528e-08,0.000966289735636921,2
"19992",2.2016905754497e-05,0.998946813647155,6.54084307336679e-07,0.00103051536278364,2
"19994",0.997294077592603,0.00241085526515412,0.000181372948794753,0.000113694193448153,1
"19996",3.52901093671029e-05,0.999819783958098,5.40846945718477e-07,0.000144385085589293,2
"19998",0.861337618641288,0.105346067971291,0.032783245586644,0.000533067800777567,1
"20000",0.977741840893389,0.000260360580058865,0.00125040769073775,0.0207473908358139,1
"20003",0.989645181360842,0.00997730635048981,1.34881459449893e-05,0.000364024142723213,1
"20005",0.91277144169106,3.1248051145688e-05,0.0871960687184454,1.24153934927116e-06,1
"20007",0.314049449352356,0.679051427579609,0.00167187602520363,0.00522724704283146,2
"20009",0.00168944466854476,0.996585187176704,0.000663754197759569,0.00106161395699177,2
"20011",0.969716304720196,0.00713158002940627,0.0231306923709266,2.14228794710007e-05,1
"20013",0.879080232892003,0.00190929194575185,0.118933225865436,7.72492968087865e-05,1
"20016",6.8622774147064e-05,0.993082607718007,2.05651549784138e-05,0.00682820435286735,2
"20018",2.69182661021613e-07,0.0187621250566907,1.91677021959871e-08,0.981237586592946,4
"20021",0.0192101581743271,0.980072351218687,9.15662038223232e-07,0.000716574944948135,2
"20023",0.0781616558420749,0.919236727587435,0.000197852019403231,0.00240376455108732,2
"20025",0.000116168843636952,0.574462785768283,5.89223031400685e-07,0.425420456165049,2
"20027",0.999488842078077,0.000346611866948324,0.000154847796004506,9.69825897049736e-06,1
"20029",0.969819127452058,0.00011659697456533,0.0300636195656104,6.56007766261348e-07,1
"20032",0.999536833760767,0.000332818416197787,0.000110333913360988,2.0013909674173e-05,1
"20034",0.982665935471165,0.0122484924626609,0.00505070225717896,3.48698089952196e-05,1
"20036",0.747181718166536,0.0593120470571548,0.190392405019394,0.00311382975691579,1
"20038",0.00095505737691083,0.989680477613929,2.49043965012348e-08,0.0093644401047641,2
"20040",4.26076870091074e-05,0.98519903664227,2.14627450728061e-05,0.0147368929256482,2
"20043",0.00417893702189513,0.994458878776638,2.16670845566152e-06,0.00136001749301113,2
"20045",2.30530937113133e-06,0.990922033445168,4.30615816242295e-07,0.00907523062964417,2
"20048",0.000152808388053285,1.90378224858806e-06,0.999844508388812,7.7944088568289e-07,3
"20051",0.506990995488562,0.447850029870611,0.0123148281615346,0.0328441464792922,1
"20053",0.0195202894002113,0.979850614469293,0.000450373441434167,0.000178722689061199,2
"20055",0.0791243839292286,0.767664496908608,5.52217814901636e-07,0.153210566944348,2
"20057",0.000449960044469846,4.78791150697714e-06,0.00315951295837012,0.996385739085653,4
"20059",0.0201574895436935,0.975573520605998,8.51734948441424e-05,0.00418381635546422,2
"20061",0.130330978746761,0.868540361959031,0.000374928532838066,0.000753730761369685,2
"20063",0.000154684235980052,0.0199985223231854,0.979007830575352,0.000838962865482277,3
"20065",2.37853076695809e-05,0.163771966872569,1.33165137052711e-09,0.83620424648811,4
"20067",0.000434631045765957,0.984324241412539,0.000253774983449804,0.0149873525582454,2
"20069",0.444558763379248,7.73680722065025e-05,0.555350048019121,1.38205294243367e-05,3
"20071",0.606541185793652,0.381624769868216,0.0036091069416844,0.0082249373964472,1
"20073",0.113333425879351,0.0015815622912932,0.885081585743113,3.42608624270314e-06,3
"20075",0.000386841959863504,2.55988973193508e-05,3.03868208482531e-06,0.999584520460732,4
"20077",0.0177523299450185,0.981351879161342,0.000677023315838902,0.000218767577800791,2
"20079",0.0872367672058052,0.235639052372688,0.674034772195985,0.00308940822552143,3
"20081",0.00740276479846994,0.825293392191247,1.37616785006614e-05,0.167290081331783,2
"20083",0.027680736925196,0.00859180724831688,0.962007675986526,0.00171977983996084,3
"20085",3.69727763946223e-06,0.996110513936467,5.41079303483509e-09,0.00388578337510053,2
"20088",0.000705737904784319,0.997735885051434,4.74230223468278e-07,0.00155790281355791,2
"20091",0.000151235937359675,0.00344687424247741,5.57727426269318e-06,0.9963963125459,4
"20095",0.0259009015674736,0.0675585692493066,0.906107693766535,0.0004328354166847,3
"20097",6.01024214055455e-06,0.985274010970174,6.72358738818471e-09,0.0147199720640984,2
"20099",0.00878217846445479,0.97781987618317,0.0133892307369206,8.71461545450651e-06,2
"20102",0.00437033630251468,0.00422458861471668,0.859822130426198,0.131582944656571,3
"20105",0.0061791302741156,0.992458285217315,0.000758843792064405,0.00060374071650533,2
"20107",0.000995060640201239,0.998751521706779,1.70394348362065e-06,0.000251713709535853,2
"20109",0.0371067935416614,0.677544082358496,0.285309485299719,3.96388001232404e-05,2
"20111",0.40437945488424,0.000352393879924788,0.0230724187282311,0.572195732507604,4
"20113",0.0390273115447278,0.960537576689793,7.75968229974535e-06,0.000427352083179109,2
"20115",0.997502622163961,0.000248410025593366,0.00176841686865657,0.000480550941788908,1
"20117",0.00979538387630136,0.241099396560752,6.61465450996801e-05,0.749039073017847,4
"20119",0.00124991638062418,0.998673358591448,2.87276254252979e-07,7.6437751673467e-05,2
"20121",0.000181014307645594,0.999196387725522,8.92766851654114e-08,0.000622508690147213,2
"20123",5.1277563222134e-05,0.00226536775241454,4.43544245175288e-08,0.997683310329939,4
"20125",0.876005837120971,0.00056222305478386,0.123351986350958,7.99534732867736e-05,1
"20127",2.75400880286993e-05,0.999496643688707,5.36106678696694e-06,0.000470455156477476,2
"20140",0.19892395483044,0.392032973303126,7.04432728001221e-06,0.409036027539154,4
"20142",0.00962148481365645,7.9174284489335e-06,0.990367290371992,3.30738590285085e-06,3
"20144",0.974083029930524,0.00031859801003301,0.0124000742101427,0.0131982978492999,1
"20146",0.59523161454974,0.0124626788671106,0.385459812821782,0.00684589376136755,1
"20148",0.985195002121235,0.0139967442526339,0.000537154097783873,0.000271099528347025,1
"20150",0.418317764016922,9.76322494621481e-06,0.581671847192947,6.25565184851116e-07,3
"20152",0.951145911197757,0.0481356949552647,0.000380232873737414,0.000338160973240709,1
"20154",2.67610098731906e-05,0.0444713214929233,1.08697001465986e-05,0.955491047797057,4
"20156",0.154487679683383,0.753950669705295,0.0671292920087034,0.0244323586026194,2
"20159",0.385721784300528,8.06334648195846e-05,0.614171238677695,2.63435569580598e-05,3
"20161",0.0186807175112938,0.00136502049225461,0.979815936488105,0.000138325508346849,3
"20163",0.946032348289652,0.052172013957981,3.08933982690055e-05,0.00176474435409822,1
"20165",0.00188277572105714,0.0184445827218455,0.979606583372796,6.6058184301554e-05,3
"20167",0.974576357100105,0.00905563286961897,0.0163409819082237,2.70281220524589e-05,1
"20169",0.000573066969585371,2.34678185212963e-06,0.999423565312117,1.02093644517992e-06,3
"20171",2.31795476052289e-06,0.0118869086295335,1.17493941990822e-05,0.988099024021507,4
"20173",0.00951728437416401,0.152995518698204,0.837429888529084,5.73083985480638e-05,3
"20175",0.98169803292393,0.00292910838406348,0.0153211474830339,5.17112089727892e-05,1
"20177",0.0234264499535096,0.975071136715438,0.00147040484557768,3.2008485474389e-05,2
"20180",0.000177730722663113,0.996537197404342,1.65087512184858e-09,0.0032850702221191,2
"20182",0.000447656754194033,1.40159706491195e-07,0.999522684226709,2.95188593902208e-05,3
"20184",0.0636379542045625,0.000402007256481497,0.935950204884021,9.83365493501623e-06,3
"20187",0.450027704458755,0.334218482559393,0.215668915301716,8.48976801362092e-05,1
"20189",0.106351138780576,0.893578733710368,5.34206897713493e-05,1.67068192850705e-05,2
"20192",0.0147588015542143,0.850552456588932,2.91901692144555e-05,0.134659551687639,2
"20194",0.152705881586767,0.000301363255983095,0.846983780851146,8.97430610376778e-06,3
"20196",0.000234856398074859,0.821250211733417,8.10584747448596e-07,0.17851412128376,2
"20198",0.661817940639012,0.32794900869762,0.00143113166676199,0.00880191899660563,1
"20204",0.458095541999002,9.93251904463344e-05,0.541770278634533,3.4854176018496e-05,3
"20207",0.000350849887911648,0.896763601224115,5.01968776677611e-05,0.102835352010305,2
"20209",0.95037494497842,0.000932928066826586,2.73161094793835e-05,0.0486648108452735,1
"20211",7.06053963427831e-05,0.00165144435757839,2.04348823739088e-07,0.998277745897255,4
"20215",0.0234863433155649,0.974552238034389,8.8132727661917e-05,0.0018732859223839,2
"20218",0.0257135975524268,1.28768278199366e-05,0.974270204774701,3.32084505274364e-06,3
"20222",0.00849676204544791,0.909811963914044,0.000141731112099284,0.081549542928409,2
"20225",0.959066584228878,0.000479138867889545,0.0392315169557391,0.00122275994749357,1
"20229",0.791249793224273,0.05680572703984,0.00207989184528937,0.149864587890597,1
"20232",0.117012266251507,0.853601320256102,6.1300362855913e-05,0.029325113129535,2
"20234",3.85373759734984e-06,0.886383704405534,1.59643265825393e-08,0.113612425892542,2
"20238",0.000802535921450837,0.996968815067452,2.21186096705395e-05,0.0022065304014267,2
"20253",0.000466191564095213,0.998348015562853,4.59238121246639e-06,0.00118120049183973,2
"20255",0.997366346384474,0.000852734811716436,0.000719585483311733,0.00106133332049714,1
"20258",0.000351681858493414,0.999539770095173,3.01942455909779e-07,0.000108246103877274,2
"20269",0.0375680424352325,0.914831153793522,0.0474171272766887,0.00018367649455667,2
"20271",0.00151360992099738,0.998451983251964,1.89025342440825e-06,3.25165736138358e-05,2
"20285",0.899106888997794,0.065462568302122,0.0352347692004421,0.000195773499641862,1
"20288",0.0293224941060035,0.966735259563428,0.000189403843594863,0.00375284248697404,2
"20291",0.000422521277409309,0.741569587711405,6.7451977730417e-06,0.258001145813413,2
"20295",0.147482108441175,0.812188449902675,0.0400412490392013,0.000288192616948861,2
"20298",0.992395460236429,9.13180161896433e-05,0.00750121598776387,1.20057596173014e-05,1
"20302",0.356123039947604,0.00189115188631848,0.641970910513537,1.48976525406813e-05,3
"20305",0.998243524432426,5.64135127939057e-05,0.00169619005304999,3.8720017304401e-06,1
"20307",4.87522552231582e-05,0.999261979632055,1.19946341588166e-07,0.000689148166380318,2
"20310",3.04894132124281e-06,0.997338149051023,1.60612905710611e-07,0.0026586413947495,2
"20313",0.00133156113678778,5.73023130700439e-07,0.998667785999095,7.9840986653811e-08,3
"20315",0.00138944200461282,0.99842066205926,1.92571143370737e-06,0.000187970224693218,2
"20319",0.000384795685072018,0.411590211106134,4.8267060112952e-07,0.588024510538193,4
"20321",0.000192106338643095,0.999655873048074,1.74176872664831e-05,0.000134602926016308,2
"20327",0.000156585629162412,0.999824104005361,1.0152944534632e-06,1.82950710226363e-05,2
"20329",0.673481091809919,0.00213691978284462,0.324378047755025,3.94065221114312e-06,1
"20335",3.43519211835992e-05,0.878965664459169,2.47555983515875e-06,0.120997508059813,2
"20337",0.707319282254322,0.000133062985665075,0.292517603685721,3.00510742924873e-05,1
"20339",0.0206268912350804,0.0117305879593259,1.18094966486869e-05,0.967630711308945,4
"20341",7.16029994934103e-05,0.0338641443092096,0.00045759651491643,0.965606656176381,4
"20343",4.06382279589176e-05,0.989180106187641,0.000120162958648294,0.010659092625752,2
"20345",0.994695975608825,0.00521649199198016,2.54437363694675e-05,6.20886628252231e-05,1
"20350",0.184799980892706,0.449596968748874,0.0373537661679783,0.328249284190441,2
"20352",0.00103220122760848,9.22500365074995e-06,0.99895746426735,1.10950139091252e-06,3
"20355",0.0465556928476446,0.00719182047055731,0.945784749886558,0.000467736795239709,3
"20358",0.632153862768036,0.000339396657120229,0.36750540738929,1.33318555339314e-06,1
"20363",0.000589456384411701,0.999267606693814,1.18945280696722e-05,0.000131042393704216,2
"20365",0.0325847904151588,0.418333315007277,4.24065568522081e-06,0.549077653921879,4
"20379",0.995549288946007,0.000788457276397576,0.00252805602715461,0.00113419775044048,1
"20387",0.000881246890644592,0.997074515806537,6.82565869654198e-07,0.00204355473694932,2
"20392",3.37204016983394e-05,0.00391988108281674,2.49474768267532e-08,0.996046373568008,4
"20395",0.968586314320904,0.0289006584751691,0.00184728369413671,0.000665743509790596,1
"20397",0.015859928868344,2.1041577743607e-05,0.98411820297968,8.2657423231968e-07,3
"20410",0.0182915505716661,0.980905533890844,1.95403996365693e-07,0.000802720133493199,2
"20414",0.678678064238565,0.00213078696605144,0.319169431503617,2.17172917668864e-05,1
"20417",1.97277347043113e-06,0.134878858372242,1.15272256888239e-07,0.865119053582031,4
"20419",8.27476728909392e-05,0.999909763313102,3.86828610354043e-06,3.62072790350227e-06,2
"20421",0.30867992217505,0.00837182493378098,0.651860629292865,0.0310876235983043,3
"20423",0.606110220670361,0.000654728459277362,0.392917459839755,0.000317591030606628,1
"20425",0.411692811290815,0.00166778914722412,0.585471325020101,0.0011680745418606,3
"20427",0.932628916854399,0.0667105415673065,0.000577599610163037,8.294196813198e-05,1
"20429",0.000408632894979592,0.994496983276374,0.000390447380954018,0.00470393644769271,2
"20432",0.188688330117708,0.000107341239011593,0.811203159231371,1.16941190899939e-06,3
"20435",0.18988369506698,0.780682468027569,2.6016916454438e-05,0.0294078199889964,2
"20438",0.000818338891257514,0.998623459925468,0.000525443793484009,3.27573897902757e-05,2
"20440",0.000344468359237632,0.999570255553906,4.05839736954806e-05,4.46921131609996e-05,2
"20443",0.00327111183345403,0.000525620805407248,0.996116949203191,8.63181579474545e-05,3
"20446",0.447502260791145,0.544993571809628,0.00553741879636325,0.00196674860286375,2
"20449",0.19434166066953,0.787782272182808,4.70068869659101e-05,0.017829060260697,2
"20537",0.00834774135741832,0.719538254240312,0.000243024919568938,0.271870979482701,2
"20540",2.33177364401038e-05,0.0124471161766748,2.50512017721784e-08,0.987529541035683,4
"20543",0.727898493243368,0.265552806296491,0.00519358052348248,0.00135511993665803,1
"20545",5.11062247888891e-05,0.00175866921832482,6.19200652266403e-07,0.998189605356234,4
"20549",0.876655728511168,0.0945235130295206,0.0195282967549737,0.00929246170433793,1
"20551",0.0201131075332104,0.97722720492005,0.000144379790431132,0.00251530775630854,2
"20554",0.00628469413497519,0.993514887089764,2.43238876076556e-05,0.000176094887653632,2
"20556",0.536313477990472,0.266815847635894,0.00189669910535155,0.194973975268282,1
"20558",0.000125113496808006,0.99959651561949,6.53049946829957e-07,0.000277717833755063,2
"20560",0.0175426190784502,0.978842086068475,0.00346427029471544,0.000151024558359136,2
"20563",2.31249971100885e-05,0.999610750144166,2.05090826491974e-06,0.000364073950458338,2
"20565",0.0974707232784254,0.879073858061007,0.0214717176617942,0.00198370099877315,2
"20567",0.128182289062502,0.000180482964449068,0.871631829903875,5.3980691746815e-06,3
"20571",0.00272233622056727,0.965420373159336,0.000102581931840875,0.0317547086882559,2
"20573",0.0377224886701544,0.955397855976501,0.000654502620365653,0.00622515273297906,2
"20575",5.63565052774293e-05,0.999782191550664,5.47400400705293e-07,0.000160904543658118,2
"20577",0.863713423166486,0.133173738786504,0.000195484096372399,0.00291735395063799,1
"20579",0.00319203747015986,3.80574523398359e-06,0.996804115385741,4.13988657944738e-08,3
"20582",2.5065339755157e-05,0.999792628223756,1.28978851673324e-07,0.000182177457637137,2
"20585",0.0133112554678183,0.101908875392357,2.49484550292412e-06,0.884777374294321,4
"20588",0.0101315345920175,0.0111659202482521,0.000223812382584795,0.978478732777146,4
"20590",0.00763618328495524,1.33703862851323e-06,0.992362450612554,2.9063862021031e-08,3
"20592",1.15314957950689e-05,0.999857769006216,2.3318352242338e-06,0.000128367662764555,2
"20594",5.17621217726212e-05,0.999501551627587,3.29231041470105e-08,0.000446653327535834,2
"20596",0.016588083946345,0.982428646473306,0.000972378532360498,1.08910479881593e-05,2
"20598",0.0131832097619652,0.986619637596047,1.24831892135388e-05,0.000184669452774506,2
"20600",0.145176719463563,0.0961159107975598,0.00125772718837161,0.757449642550506,4
"20603",0.988184147424497,0.0013015918141273,0.00538245423270533,0.00513180652867074,1
"20605",0.00079378060555968,0.998550427112398,9.96203031095416e-08,0.000655692661739489,2
"20607",0.00256523490508146,0.997409459009244,1.63372748553575e-06,2.36723581883985e-05,2
"20609",0.0229845025858703,0.976749063489003,6.35204934885196e-05,0.000202913431637806,2
"20611",0.999347383491095,6.38606864199767e-05,0.000584991489305075,3.76433318021552e-06,1
"20613",0.563046393571917,0.432816066085325,2.72779825091349e-05,0.00411026236024873,1
"20615",0.53592452092222,0.364419126791994,0.00290150333537386,0.0967548489504119,1
"20617",0.00414830206347251,4.60531661389483e-06,0.995845666013171,1.42660674316324e-06,3
"20619",5.20691879360189e-05,0.999879950172009,7.09484102672953e-06,6.08857990276218e-05,2
"20621",0.0204749735718272,0.978884413154243,5.88352783402355e-05,0.000581777995589746,2
"20623",0.0154049409630097,0.00296196714795552,0.981632375958805,7.15930230288127e-07,3
"20625",0.899769033611834,0.00273030976734587,0.0496356904789943,0.047864966141826,1
"20627",0.244931285107249,0.754359425690642,1.05470268823309e-05,0.000698742175226693,2
"20629",0.164389649574461,0.830174370484688,0.000916927025808662,0.00451905291504272,2
"20631",2.73227406323752e-05,0.999759734323552,1.30575651329269e-05,0.000199885370682281,2
"20633",0.00077395309060857,3.24106446206796e-07,0.999225688575306,3.42276389585103e-08,3
"20636",0.963981232588574,0.0011776342031048,0.0348283236649023,1.2809543418905e-05,1
"20638",0.770000519755433,0.152598546147012,0.000341887356629266,0.0770590467409258,1
"20640",0.00443062757607691,0.911414571869463,5.70929669114613e-08,0.0841547434614929,2
"20645",6.62582852361983e-06,0.994647906910894,9.2442425942628e-09,0.0053454580163394,2
"20647",0.000161840829693974,2.02976004831109e-06,0.999835227063906,9.02346351835571e-07,3
"20649",0.0219065550861444,0.964809001076025,1.96030841038297e-05,0.0132648407537264,2
"20651",2.36340651422287e-05,0.996482361170191,2.38137612813042e-05,0.00347019100338595,2
"20656",0.0020885926035614,0.958642640485972,8.14143762672925e-06,0.0392606254728401,2
"20660",0.0155173074299716,0.0783019631812982,1.15243906903382e-05,0.90616920499804,4
"20662",0.0913084887821867,0.000537759718573048,0.908149182513508,4.56898573195965e-06,3
"20664",0.0196969178872036,0.859834826167971,0.120422416165273,4.58397795520356e-05,2
"20666",0.936159122299929,0.00105097206422613,0.000176974906051049,0.0626129307297943,1
"20668",0.539959668660702,0.000184207480315697,0.459854077911115,2.04594786745248e-06,1
"20670",0.00216351901591289,0.997388718197004,1.36285944699454e-05,0.0004341341926132,2
"20672",0.539792023849875,0.000148063942965988,0.459991815498391,6.80967087675622e-05,1
"20674",0.0937071227028989,0.905792435109429,0.000248486672239452,0.000251955515432327,2
"20676",0.925663479452462,1.82185067685288e-05,0.0743143251619977,3.97687877165293e-06,1
"20678",0.494269475052161,1.75602028326644e-05,0.505712443166154,5.21578852520821e-07,3
"20680",0.691751206626097,0.00336671384897329,0.30479401565941,8.80638655198566e-05,1
"20682",0.995012869781608,0.00357637950308094,0.00140073396876279,1.00167465488265e-05,1
"20684",0.164714832522668,0.830471953382404,5.59412932819675e-05,0.00475727280164622,2
"20686",0.0268737119621482,1.89629174414622e-05,0.973103652725852,3.67239455865571e-06,3
"20688",0.0463840380672092,8.72154464046245e-06,0.953607051514033,1.88874117319269e-07,3
"20690",0.00248115453160697,0.0479280863807128,2.88836812780543e-07,0.949590470250867,4
"20692",0.00207768478681497,4.44894069323125e-07,0.997921847845115,2.24740008627511e-08,3
"20694",0.97647414004128,5.18398111156129e-05,0.0234692850929415,4.73505466264527e-06,1
"20696",0.989933605007444,0.00112975353176571,0.00889313084080052,4.35106199899591e-05,1
"20698",0.076979577031702,0.902188554443487,0.00896930058844692,0.0118625679363644,2
"20700",0.00208990609581561,0.993508294223114,0.00388220594354044,0.000519593737530373,2
"20702",0.000235576595945359,0.11595022911971,1.19431476468852e-07,0.883814074852868,4
"20704",0.184806629627637,0.81449536880567,7.81038858281894e-05,0.000619897680865242,2
"20706",0.744678056518426,0.227283835939604,0.0220149126477291,0.00602319489424118,1
"20708",0.989478897487298,0.00012904292188541,0.0103904075717436,1.65201907345934e-06,1
"20710",0.0458049168497044,0.546934516563371,3.15757711891965e-06,0.407257409009805,2
"20714",0.0177361168319453,5.78399893408238e-05,0.982205854807523,1.8837119122544e-07,3
"20716",0.0108209696145575,0.988992202397559,1.40839097184112e-06,0.000185419596911851,2
"20719",0.438616917112039,0.560337884649284,0.000524604577637056,0.000520593661039814,2
"20721",1.32861310629808e-05,0.999846609518659,2.8556589720326e-06,0.000137248691306278,2
"20723",0.214406684205393,0.776211796047844,0.00231358154691072,0.00706793819985181,2
"20725",0.996355417400237,0.00315255289301198,0.000226091899252698,0.00026593780749864,1
"20727",0.00861674112140213,8.81840592190044e-06,0.991195612300607,0.000178828172069515,3
"20729",0.999494929083371,7.48162938185732e-05,0.000425256907490603,4.99771532022077e-06,1
"20731",0.998937181509024,0.000826980559332011,3.56206004049692e-05,0.000200217331238899,1
"20733",0.132380116534868,0.862730119046973,2.83111521581584e-05,0.00486145326600101,2
"20735",0.583652027745958,0.396478051318517,1.88359488997147e-05,0.0198510849866256,1
"20737",0.938163592544521,7.16847389163479e-05,0.0617641090563935,6.13660168895433e-07,1
"20739",0.00105007864990705,5.43491908910059e-07,0.998949257933876,1.19924308356009e-07,3
"20741",0.945885909346438,0.0121783029387065,0.04177653349194,0.000159254222915448,1
"20743",0.993253683860521,0.00613928635469356,0.000537913988187788,6.91157965971631e-05,1
"20745",0.000193492335261183,0.999409022838328,5.54216609424283e-06,0.000391942660316178,2
"20747",0.999560141158421,8.40637511286893e-05,0.000350038876842488,5.75621360801122e-06,1
"20749",0.999154685155943,4.14644628128612e-05,0.000797134359919286,6.71602132470955e-06,1
"20751",0.995735337512881,5.77415491300746e-05,0.000874603768771929,0.00333231716921692,1
"20753",0.999449251416134,0.000151365205568027,0.000392304921592333,7.07845670560774e-06,1
"20755",0.92208196442212,0.000534046195514289,0.0773780111547603,5.97822760490331e-06,1
"20757",0.215153745568478,0.208900905396222,0.575905466713674,3.98823216248193e-05,3
"20759",0.000268006894199856,0.999385169112089,0.000304120721394103,4.27032723171042e-05,2
"20761",0.960854659928549,0.0365673133753755,0.00242844002520428,0.000149586670870815,1
"20763",0.900217167109139,0.0892524463058156,0.00909008819366843,0.00144029839137695,1
"20765",0.989687378384768,0.00473366472719688,0.00544590575194725,0.00013305113608794,1
"20767",0.0630427179760892,0.936470823775716,6.77301339612998e-06,0.000479685234798201,2
"20769",0.0611345612456422,0.313189738094271,3.69170407813884e-07,0.625675331489679,4
"20771",0.695258402271615,0.102569292352574,0.202156920834452,1.53845413586002e-05,1
"20773",0.905586954363639,0.0538534957530635,0.0400224480923799,0.000537101790917297,1
"20775",0.997041660334652,0.00253001456968365,0.000142460323807557,0.00028586477185702,1
"20777",0.605833744344641,0.0347771344618693,0.000806811821507641,0.358582309371982,1
"20779",0.998444760086702,0.00140804437888262,4.61890117246827e-05,0.00010100652269096,1
"20781",0.0117138927212641,3.18621866622564e-05,0.0368807871503695,0.951373457941704,4
"20783",0.970929117639763,0.0246997094054561,0.00434660633077697,2.4566624004202e-05,1
"20785",0.181924578655338,0.00137133674653175,0.816671680940916,3.24036572143816e-05,3
"20787",0.976270164607857,0.000374302709511135,0.0233549184776027,6.1420502902897e-07,1
"20789",0.644455894528045,0.354376080445289,2.65756411196528e-05,0.00114144938554679,1
"20791",0.933295194177555,2.20220550436624e-05,0.0666807686606514,2.01510675028797e-06,1
"20793",0.704727737943858,0.294382934217081,1.26698756490431e-05,0.0008766579634126,1
"20795",0.815432730700084,0.000362957904997524,0.184199112347613,5.19904730547892e-06,1
"20797",0.00216475191292329,1.90002012271344e-06,0.99377781167242,0.0040555363945338,3
"20800",0.996056994810559,0.000243181696522545,0.00364199541928346,5.78280736353595e-05,1
"20802",0.98561724514051,0.0117780281257014,0.00249667423652999,0.00010805249725826,1
"20804",0.994354537652231,4.65097225391151e-05,0.005598042643487,9.0998174252719e-07,1
"20806",0.725049489272591,1.78960722479841e-05,0.274931163568144,1.45108701700642e-06,1
"20808",0.0214878300578964,0.978426238286307,5.87877429116738e-07,8.53437783679792e-05,2
"20810",0.555343816384544,0.00142172423200668,0.443200021333041,3.44380504084696e-05,1
"20812",0.97326839671152,0.00810576378173953,0.00773652799134325,0.0108893115153975,1
"20814",0.439640269433252,1.14804803023698e-05,0.5603479211924,3.2889404576383e-07,3
"20816",0.0738988635126106,0.914274692063425,1.40645411898636e-05,0.0118123798827748,2
"20818",0.983459435874529,0.0117567593799992,0.0045550780469779,0.00022872669849317,1
"20820",0.000372850944977882,9.38377023958871e-07,0.999625825948027,3.84729971626021e-07,3
"20822",0.991067970338198,0.00695012806418524,0.00194218754791169,3.97140497044192e-05,1
"20824",0.351943075908539,0.00152061958379478,0.646486183585722,5.01209219449891e-05,3
"20826",0.00747039831205221,6.28733768558328e-06,0.992521569218538,1.74513172403219e-06,3
"20828",0.000152808388053285,1.90378224858806e-06,0.999844508388812,7.7944088568289e-07,3
"20830",0.999115254719383,7.00324218064801e-05,0.000804907802463115,9.80505634682991e-06,1
"20832",0.551539736098169,0.404384286987639,0.0436991386330658,0.000376838281126449,1
"20834",0.0375640223331807,0.960533047507927,3.05137868032076e-06,0.0018998787802124,2
"20836",0.999212554252372,0.000676288658613378,6.97305943426552e-05,4.14264946721662e-05,1
"20838",0.933457108105211,1.84330015618211e-05,0.0665236422860748,8.16607152324743e-07,1
"20840",0.131070972582855,0.868262439870142,0.000186178143726561,0.00048040940327667,2
"20842",0.999192629350301,0.000513284330796302,0.000276387369625313,1.76989492778061e-05,1
"20844",0.96334954357177,0.0337341327122651,0.00290667534674094,9.64836922398265e-06,1
"20846",0.269747974768243,0.014154020061368,0.716020689758269,7.73154121192951e-05,3
"20848",0.824593210688368,0.173246379456739,0.00117059360311628,0.000989816251777116,1
"20850",0.0260642202438184,0.967876155307631,0.00600059001022298,5.9034438328258e-05,2
"20852",0.0135749284314322,0.948770906784654,0.0365651850940013,0.0010889796899128,2
"20854",0.0904182101210434,3.01465888457027e-05,0.909544296880077,7.3464100333262e-06,3
"20856",0.0266889294230798,0.0163161426512403,2.97606365590403e-05,0.956965167289121,4
"20858",0.00103538048312495,0.998020691501467,1.63598373267173e-05,0.000927568178081919,2
"20860",0.987247843746045,0.0125876566411589,5.08329012038122e-05,0.000113666711591872,1
"20862",0.000381844520007633,0.999582393885782,1.29352780273249e-07,3.56322414298533e-05,2
"20864",0.00694310898623009,4.81644725314025e-05,0.992991783473331,1.69430679082495e-05,3
"20866",1.77149300524343e-06,0.998794287036546,5.29783350267789e-08,0.00120388849211373,2
"20868",0.0102065131321021,0.986758775684441,0.000120773320647193,0.00291393786280984,2
"20870",0.96802614122579,0.0267495246150704,0.004047904444167,0.00117642971497288,1
"20872",0.99359829321922,0.000697131180913564,0.00567215215965318,3.24234402127137e-05,1
"20874",0.00133745413950524,7.00211106450594e-07,0.998661812159861,3.34895276407576e-08,3
"20877",0.0135066329778965,0.968176800527463,9.21316107200219e-07,0.0183156451785336,2
"20879",0.000548504382480806,0.996868939197113,4.21829750273654e-08,0.00258251423743059,2
"20881",0.996359565457988,0.000115842798633057,0.00350942331113644,1.51684322423776e-05,1
"20883",0.96820002866892,6.80248387404445e-05,0.031573529400894,0.000158417091445172,1
"20885",0.997800577747978,0.000287374088064691,0.00184188592847207,7.01622354848231e-05,1
"20887",0.586933553605139,0.407912988944219,9.74001660824214e-06,0.00514371743403345,1
"20889",0.99730058164209,0.00165986437732838,0.000205517559115524,0.000834036421466155,1
"20891",0.000268482770402731,0.996291129532498,1.43957551609379e-07,0.00344024373954757,2
"20896",0.288139426773404,0.634073490592659,2.68284143348609e-05,0.0777602542196021,2
"20898",0.993364485702495,0.00645436691381148,0.000100832338444527,8.03150452489447e-05,1
"20900",0.216744261756062,1.80340876816481e-05,0.66820399325385,0.115033710902406,3
"20902",0.0416785712991597,0.128221183697243,1.80950555182813e-07,0.830100064053043,4
"20904",0.00670008489965262,0.0121717862285621,0.98022808221043,0.000900046661355202,3
"20906",0.00904799413610525,0.972253587947018,1.49498841657649e-06,0.0186969229284603,2
"20908",0.679471913957194,0.0275735964651394,0.292824605365623,0.00012988421204306,1
"20910",0.980533228154726,0.0092970685351891,0.0101672877043143,2.41560577003652e-06,1
"20912",0.0505869920287277,4.46855069850124e-05,0.000318530343938762,0.949049792120348,4
"20914",4.07387159699078e-05,0.98965297149459,2.90950612980393e-09,0.0103062868799338,2
"20968",0.0155904733979354,0.000911109771344355,0.982489578746226,0.0010088380844939,3
"20970",0.0267697589208782,0.971286210408754,0.001315695063372,0.00062833560699564,2
"20981",0.017224955465389,0.982573697270126,0.000193317859565976,8.02940491868992e-06,2
"20983",0.00812159753282453,7.26333763613392e-07,0.991877618047385,5.808602636191e-08,3
"20988",0.00225684117198001,0.997469650273521,0.000170920942058997,0.000102587612439795,2
"20995",0.0559593587581803,0.15121315953179,0.00436083464354761,0.788466647066482,4
"21017",0.806810268113632,0.144387871974463,0.0487647219288603,3.71379830444544e-05,1
"21038",0.0057803987139727,0.986903933382073,6.67242647873725e-07,0.00731500066130596,2
"21072",0.02295311441311,0.97149437602346,0.000350483945022607,0.00520202561840789,2
"21075",0.00110832799691316,0.938365718396029,1.69145485605985e-08,0.0605259366925095,2
"21223",0.952842192816608,0.0448554041474609,0.000528834167985864,0.00177356886794553,1
"21225",3.30130828592012e-05,9.45993699306097e-05,8.41045471331684e-08,0.999872303442663,4
"21230",0.00527204194945988,6.77444880923162e-07,0.994727218961824,6.16438354593873e-08,3
"21236",0.993236101454209,0.00412220063506657,0.00260238362062796,3.93142900966838e-05,1
"21238",0.450985612901418,0.0761109505045516,0.000144954181678905,0.472758482412352,4
"21241",0.000562347435363515,0.998057563896908,0.00106258832628167,0.000317500341447164,2
"21246",0.0251099883709269,0.974614940755465,0.000257449267811525,1.76216057969903e-05,2
"21253",0.0456917988648703,2.87900465445812e-05,0.954273856800824,5.55428776147189e-06,3
"21256",0.808896234690678,0.00506024616569011,0.185834324112026,0.000209195031606017,1
"21260",1.21463587707365e-05,0.00440185347522391,1.24907281664856e-06,0.995584751093189,4
"21266",0.0186066776609213,0.98112560697355,1.63758779298807e-05,0.000251339487598161,2
"21332",0.00790558622495909,0.992007688800095,4.64512137637557e-05,4.02737611825677e-05,2
"21334",0.990788686681066,0.00639623189290032,5.59841194673212e-05,0.00275909730656636,1
"21375",0.00015670896995921,0.99939616136853,1.45665637097537e-06,0.000445673005139622,2
"21378",5.77831666477236e-06,0.99748569489813,1.99518963290514e-07,0.00250832726624151,2
"21381",0.000259697814178841,0.98968322149974,1.21797604764975e-05,0.0100449009256047,2
"21389",0.983392135027286,0.000366318905886575,0.0162389166416805,2.62942514647227e-06,1
"21391",0.00772298349364753,0.958946028924162,0.0328691916884209,0.000461795893769907,2
"21402",0.0030415244319457,0.996941470408534,1.25487455316749e-05,4.45641398887164e-06,2
"21404",0.0204246318789817,0.64300633051613,4.18530343490549e-07,0.336568619074545,2
"21409",0.0647738940666122,0.890360094089319,3.52044609180589e-06,0.0448624913979771,2
"21413",0.80495896042705,0.162017887454595,3.25668978802814e-06,0.0330198954285667,1
"21423",0.000520666640679694,0.997105978989192,1.09562920562637e-06,0.00237225874092291,2
"21425",0.224711374281697,0.749653465932358,5.13707462591445e-06,0.0256300227113194,2
"21430",0.0086019516729242,0.00343252562018673,4.13271660582598e-05,0.987924195540831,4
"21432",0.0519024265276172,0.947951048966224,1.79511034689138e-05,0.000128573402689787,2
"21438",0.000863741426424342,0.99792103616491,0.000639470165543172,0.000575752243122297,2
"21440",0.187988548949321,0.809551340902845,8.58380976311761e-05,0.00237427205020308,2
"21443",0.990461313712061,0.000246631878901566,0.00928718514681617,4.86926222155894e-06,1
"21445",0.000670165139139889,0.000496746593359481,4.09392816410196e-06,0.998828994339336,4
"21447",4.90951366443637e-05,0.997124456328344,7.11017409095263e-07,0.00282573751760254,2
"21449",0.000840092985684086,0.99914095417314,1.32440436779591e-05,5.70879749820897e-06,2
"21451",0.000840092985684086,0.99914095417314,1.32440436779591e-05,5.70879749820897e-06,2
"21455",0.000915196168235139,0.999077215188134,1.53263707832953e-06,6.05600655217033e-06,2
"21469",9.91748230998334e-06,0.884096879176299,2.59889879697506e-08,0.115893177352403,2
"21471",0.000622487352986989,0.744398213005546,4.93518621241198e-07,0.254978806122846,2
"21473",0.477627428983248,0.0582913373078214,0.458024276336241,0.0060569573726891,1
"21476",0.862397262970746,0.129210008684015,0.000447757089520373,0.00794497125571837,1
