"","V1","V2","V3","V4","V5","V6","V7","best$classification"
"19812",1.87166521538714e-06,0.765452693987274,0.0669038010430555,0.166341459778476,0.000663351965776476,7.5776414050696e-05,0.000561045146151711,2
"19814",0.00232803497450364,0.985587756361174,0.00112077965071382,0.01091567214618,3.64148411858173e-05,2.03566500706191e-06,9.30636123536909e-06,2
"19816",8.29842435401798e-07,0.00368536422188042,0.00677172140392813,0.885665844485348,0.103835557778827,3.91082320194882e-05,1.57403556167104e-06,4
"19818",0.00852385726858672,0.518847230221892,0.000528470019279382,0.471436552433061,0.0006184714935039,2.04573482476912e-05,2.49612154296054e-05,2
"19820",5.35559143347461e-10,1.08371154983736e-08,2.71151251080644e-05,0.00795643855705539,0.992010947674238,9.79804474174401e-09,5.47747287938771e-06,5
"19822",9.35859422288032e-07,3.466208220647e-07,0.0048778215294492,0.00466981911341426,0.982386488684175,2.60624393013743e-07,0.00806432756832372,5
"19824",0.00128482075637144,0.000161941949031928,6.36693077691064e-06,0.845864337755241,0.152527853890595,0.00012947919940237,2.51995185818157e-05,4
"19826",4.09501865854407e-05,0.724698313798975,0.169873485103552,0.0917598527815181,0.00169107368473768,0.0119309415130007,5.38293163079814e-06,2
"19828",2.23093449355963e-06,0.000155293416932885,0.000170232887040763,0.568662650190062,0.430816126031506,1.73936948620547e-07,0.000193292603016394,4
"19830",0.000115485535629767,0.865468672402491,0.13008702498739,0.00276818939568637,2.51482910275042e-06,0.00122361191419336,0.000334500935506703,2
"19832",1.63796744111445e-06,0.131468928623879,0.0392369114696617,0.107649385766007,0.0214443169321704,4.42760256011227e-06,0.700194391638281,7
"19834",0.000113006409464615,0.0114388274002054,0.727106591123019,0.160236305475356,0.0981380690898504,5.90954970054186e-07,0.00296660954713479,3
"19836",3.9552552010783e-07,0.054922793191799,0.00321379104082635,0.916947435279525,0.00112109045803455,0.0237592182239056,3.52762803894821e-05,4
"19838",0.000301451594454328,0.998422067529446,0.000987032763025236,0.000256074368920858,4.15381248019914e-07,3.21549790478383e-06,2.97428650010547e-05,2
"19840",4.10864062159927e-06,0.0193119348437982,0.769570457931986,0.167567398256571,0.0427814161712383,0.000761364000070608,3.32015571413118e-06,3
"19842",9.23121567065409e-06,0.0588172185506453,0.000815176573067258,3.09298239650723e-05,8.07691576622268e-08,0.940327293675087,6.93924064802314e-08,6
"19844",0.999972267177122,9.28450939772166e-06,1.72359664717707e-07,2.05673129431816e-06,1.15136316892166e-06,1.50511833924348e-05,1.66759597814019e-08,1
"19846",0.0640221333284087,0.933238722624644,1.1473809794617e-05,0.000180873396322542,2.18453152224931e-08,0.00254671357401622,6.14214987938258e-08,2
"19848",0.0236321137211241,0.976009759950022,2.86386740320509e-05,0.000199437372653108,4.38980719166588e-08,0.000129770355733771,2.36028363111266e-07,2
"19850",0.195729646219877,0.803281471993231,0.000174356071695195,0.000775359332530143,2.76017403502398e-06,3.47787715441083e-05,1.62743708775729e-06,2
"19852",0.00010466545363702,0.0288947447938785,0.00220241861124724,0.96336526717978,0.00540191111635943,2.48663303105517e-06,2.85062120669496e-05,4
"19854",0.00219619310584381,0.997543262270659,8.25963039270181e-05,0.000148429645614182,5.24448289008237e-08,2.88901467227548e-05,5.76082404228533e-07,2
"19856",0.984330050202623,0.0146746225003193,0.000519779863890391,0.000240458035958766,8.20497020600885e-05,0.000148007823947023,5.03187120109415e-06,1
"19858",0.986625450806987,0.000961996306662577,7.30931998308095e-05,0.00961631758506742,0.00264889863850012,1.50229314808651e-05,5.92205314712541e-05,1
"19860",3.43244116556496e-05,0.265689468716517,0.188098922948138,0.527934142705131,0.01817928035858,2.23705776619312e-05,4.14902823168602e-05,4
"19862",0.0023857635608267,0.988981262176912,2.95576116462048e-05,7.99277401339629e-05,9.1751944808479e-09,0.00852341802665103,6.17086349556674e-08,2
"19864",1.12753199924051e-06,1.8762545333817e-06,5.95538248298389e-07,2.75351701467191e-05,7.09934790525884e-07,0.999968122610499,3.29597830640397e-08,6
"19866",9.83379745904498e-07,0.000615773234184084,0.0688872681293998,0.777849989797185,0.132621984908623,0.020018817788644,5.18276221769795e-06,4
"19868",4.1156662700831e-05,4.2859192029661e-05,0.00360970285695099,4.05108130985779e-07,5.57977581231541e-06,1.79963684058757e-07,0.996300116440691,7
"19870",0.00184614249700997,0.985885541571128,7.70932926155747e-05,0.0112636335505448,1.12584136949686e-06,0.000924838182926497,1.62506440565659e-06,2
"19873",0.000685636935550082,0.662215398952381,0.00180990487427178,0.333362609334644,0.000402621843796343,0.00151963249418983,4.19556516738102e-06,2
"19875",5.52465505035542e-08,0.000978513561627028,0.0356572042743745,0.200236588604991,0.762967205468638,5.77269626835516e-07,0.000159855574192904,5
"19877",0.0024386945339692,0.890683559357371,0.0081503386905511,0.0985977559445013,3.05918185250785e-05,8.00781582652269e-05,1.89814968171067e-05,2
"19879",0.00144558292983271,0.0786772135259472,0.00831785554282295,0.9096777073905,0.0015706148974899,3.62427081907596e-05,0.000274783005216209,4
"19881",0.00123814658634866,0.889912420381495,0.00604897348362307,0.079962600846112,0.00020319110524441,0.0226288202318411,5.84736533606885e-06,2
"19883",6.36265816605677e-05,0.657848080664036,0.00273930425795737,0.0342467994312876,5.26577002013595e-05,0.305048939882493,5.91482363551799e-07,2
"19899",2.67790161916107e-06,0.0121483762133402,0.923686526413098,0.0619676954416029,0.00178362959249723,0.000122893559586003,0.000288200878256058,3
"19908",0.000251579959527191,9.0292735282833e-05,0.976259803446321,0.000797314636897477,0.00214785512932393,0.0197347372753896,0.000718416817258236,3
"19910",4.7315406503088e-05,0.0468860004115042,0.000349847816276051,0.951786863659997,0.000883014464512652,3.96875298458088e-05,7.27071136160518e-06,4
"19912",0.00048957356720768,0.493002456000388,0.00677228943860028,8.18790648693511e-05,1.93281529552611e-07,0.499653407205494,2.01441910589438e-07,6
"19914",0.000632381881315905,0.163365882288067,0.407929666316477,0.422593687236072,0.00364644126481176,4.12917945818497e-05,0.00179064921867492,4
"19916",0.000383783492124571,8.3356263894223e-05,0.000428433317145132,0.476423878215379,0.186955528579555,0.335691665854272,3.33542776300251e-05,4
"19918",0.0801459677757396,0.910082966256917,5.78377906795262e-05,0.00791684857614166,1.88386387143979e-06,0.00179438946994247,1.06266707948977e-07,2
"19920",0.869439560998412,0.130313366535824,0.000103956886230161,0.00011789714459908,2.87646912891608e-07,2.48750496363249e-05,5.57383851769613e-08,1
"19922",6.06369032233852e-06,0.113398559999772,7.58723042946398e-05,0.0380920494743057,0.000387619919713486,3.05223351057448e-06,0.848036782378082,7
"19924",0.0343149618902314,0.841055018248798,0.00904996122130019,0.115278784212054,0.000133563772939152,0.000161217976056079,6.49267862060952e-06,2
"19926",2.04319629591014e-07,0.0210467563611501,0.580302811637766,0.384969923375742,0.00646284934417429,0.0038383204708103,0.00337913449072818,3
"19928",5.79471038247758e-07,4.62354045491269e-07,6.16807690174816e-08,3.80359528672277e-08,1.67390907606266e-09,0.999998854928074,1.85621158051041e-09,6
"19930",0.000100906084259895,0.983198967409935,0.000186459302173356,0.0164643537214305,4.52333212055769e-06,3.83559747153995e-05,6.434175365287e-06,2
"19932",0.000778896892766522,0.998756719620848,0.00011980745454126,0.000333709032199513,1.48637962654116e-07,8.19986886748815e-06,2.51849281410359e-06,2
"19934",0.000124696227031391,0.0153750128306986,0.0415414805907016,0.478011858283424,0.463407301615788,7.37295605921104e-07,0.00153891315675078,4
"19936",0.000146765340247256,0.867935430078247,0.0842693239534098,0.0469725326273221,0.000312257440928865,1.91207022091928e-05,0.000344569857635335,2
"19938",4.5972850074572e-05,5.4940939164717e-05,0.110340269458602,0.13130567647847,0.757125536168195,8.61251657112696e-06,0.001118991588923,5
"19940",0.000149049542021532,0.171576179964474,0.000161885812117433,0.820056257987025,0.00024029049779493,0.00781433681660272,1.99937996452788e-06,4
"19942",1.67437789113401e-07,4.39604662814742e-06,6.89655669840684e-06,5.32145155021587e-07,4.18062784945109e-08,0.999987965326078,6.81373110460592e-10,6
"19944",5.37193159167507e-06,0.0165737772398134,0.00334819762092488,0.975033974724451,0.00483805885371994,0.000192969197698562,7.65043180041383e-06,4
"19946",0.0137908042610094,0.334041164133716,0.00581803547364025,0.644934506121965,0.00131423847203443,7.28626814746736e-05,2.83888561599959e-05,4
"19948",7.23394494981586e-07,2.18216006615516e-05,9.96863018224245e-08,2.28311055728273e-06,1.7153345135792e-08,0.99997505477589,2.78749282323622e-10,6
"19950",0.998400118136928,0.00159745231099182,7.30047743307986e-07,1.2601400683354e-06,1.01752521270258e-08,3.68103995926039e-07,6.10850204310099e-08,1
"19952",7.23394494981586e-07,2.18216006615516e-05,9.96863018224245e-08,2.28311055728273e-06,1.7153345135792e-08,0.99997505477589,2.78749282323622e-10,6
"19954",0.000430557839943809,0.996425134803525,9.24509428967252e-05,0.00301531785558239,5.85426751445623e-07,3.44854039562105e-05,1.46772734453004e-06,2
"19956",0.60902161964605,0.23138805684799,0.150665035225041,1.18340291417865e-05,3.41981813688809e-07,0.00887230815146256,4.08041185006653e-05,1
"19958",0.000158136568511047,0.000653482310303506,3.5840675283412e-07,8.13693721697993e-05,3.46280605872787e-06,2.96367204222502e-07,0.999102894169,7
"19962",0.230717935788351,0.501011638759652,0.0212324269146515,0.22257378478047,0.0223031396618815,0.000306834522016796,0.00185423957297699,2
"19964",0.00628895249586538,0.305857283360617,9.59368834187978e-05,0.676455133371946,0.000206373268419851,0.0110873635939987,8.95702573387805e-06,4
"19966",2.78896324422042e-08,2.21609956315619e-05,0.0297294902552443,0.214852577641314,0.749208036349688,0.006161389341675,2.63175268146804e-05,5
"19969",6.90672304084413e-05,0.981688797673199,0.00696321039604361,0.00387957604810567,6.74354492451414e-06,0.00739160449774464,1.00060957408469e-06,2
"19972",0.0668345372495187,0.754818888069356,0.000129491483482915,0.0362496044296634,2.76748820016135e-06,0.141963195262276,1.51601750267926e-06,2
"19974",0.844942187890105,0.121252747599766,3.59813564031639e-06,1.62238376515368e-05,3.54350385809188e-09,0.0337852310852139,7.90811855473961e-09,1
"19976",0.05025578952991,0.659047967008212,0.00431778353235861,0.285988019209653,0.000157067757514956,0.000223636002912026,9.73695943942783e-06,2
"19978",7.11357460906319e-05,0.0176215652826904,0.00018911675410584,0.977779770114776,0.00419360798246432,0.000144187797814412,6.16322058811208e-07,4
"19980",0.130373151043994,0.869457004355891,3.8568278472071e-05,0.000106291934442886,4.7296661127351e-08,2.43982296617533e-05,5.38860876363309e-07,2
"19982",0.842404469372356,0.155973763688466,0.00132357760214219,0.000270185793456399,6.93528927538617e-06,9.57929081284401e-06,1.14889634909156e-05,1
"19984",0.999771119016446,0.000216903037875806,1.24985342443505e-06,7.8525573435258e-06,4.83993392282792e-07,2.36581354545529e-06,2.57279719903119e-08,1
"19986",1.63596452431311e-09,1.4850849580309e-07,0.00297023846644749,0.0515844930291697,0.94536647419569,2.73027624679423e-07,7.83711366080426e-05,5
"19988",3.39221091912067e-10,3.39208440457188e-09,0.00012497770769375,0.00480779812921416,0.99502285533766,3.26373233608717e-09,4.43618303942511e-05,5
"19992",3.54156630100322e-08,1.01773199617839e-07,0.00311557927332814,0.00397351886179621,0.992874066757817,2.17896169222532e-09,3.66957392340397e-05,5
"19994",2.3682910198218e-05,0.978241893130099,0.000830011334889068,0.0208443845638956,6.67622760185985e-06,2.80652499422743e-05,2.52865833740586e-05,2
"19996",4.84403853239862e-08,5.17629967906862e-07,0.00022575896923905,0.0410395029997807,0.958722308196337,3.90997436021589e-09,1.18598543153141e-05,5
"19998",0.005489754284464,0.0895363675127874,0.486846827321267,0.0146645482662917,0.00319149816494118,0.400244658478028,2.63459722205352e-05,3
"20000",0.000242025787284754,0.719724437903023,0.269677067316753,0.000112048632734276,1.99511704805433e-06,0.00230957369064341,0.00793285155251374,2
"20003",1.46716733528406e-06,0.911527266014016,0.0135798909680137,0.0740329811458945,0.00011195283065372,0.000594574171939833,0.000151867702147126,2
"20005",0.0215608454022897,0.977029216824239,3.04387918922049e-05,0.000171350896766252,1.40325405412731e-08,0.0012080627126411,7.13396309492326e-08,2
"20007",0.000419342597443003,0.048983083548903,0.265583564614085,0.663226117579849,0.0210842428120418,8.49345578857387e-06,0.000695155391889691,4
"20009",0.000342621019453761,0.000131516640220936,0.000937386260499059,0.380427737801265,0.617344336059375,0.000371695152933685,0.000444707066253244,5
"20011",0.0101044040870257,0.791993014827792,0.00131320144727432,0.167715957029135,3.35231581515491e-05,0.0288348582234517,5.04122716923252e-06,2
"20013",0.0959929061409945,0.880998068059428,0.020064816953967,0.00291798907168759,8.89721898757439e-06,1.05724407502505e-05,6.75011418490281e-06,2
"20016",5.86969116377036e-06,1.13935729213007e-06,0.00275810213605073,0.0877464501609253,0.907385888960629,5.51734301505659e-07,0.00210199795963742,5
"20018",6.92821086224568e-10,1.08479031368793e-09,9.09332468866003e-06,3.47088590611725e-05,0.0723161388682495,7.98873687339186e-09,0.927640049181652,7
"20021",3.58781048564433e-08,0.00165266157617102,0.00038299076463498,0.911007861183215,0.0868037973510709,3.66227870759872e-06,0.00014899096809544,4
"20023",4.44235300696279e-05,0.0106575871873304,0.0394522323446274,0.899141005418587,0.0502510536319883,9.3075263140199e-06,0.000444390361082923,4
"20025",3.10728590802691e-08,2.01177227706632e-06,0.000336703333461657,0.0218622615309134,0.679262938770492,4.82447170130881e-07,0.298535571072827,5
"20027",1.51536885668059e-05,0.664991027686108,0.0194819632018965,0.00160301407261952,1.3393825467414e-06,0.313906237927259,1.26404100312295e-06,2
"20029",0.00810447920552481,0.984250899604937,0.000650051842736749,0.000286614045778992,2.17504633922796e-07,0.0067077070964292,3.06999600218816e-08,2
"20032",9.39516497342872e-06,0.992931928545895,0.000628018416271253,0.00216809577963677,7.8011325230842e-07,0.00425799906536558,3.78291460532017e-06,2
"20034",1.4789586893747e-07,8.3502235583232e-05,3.40924849230348e-07,2.41026837762006e-05,5.46349522686572e-08,0.999891848953952,2.67101780365313e-09,6
"20036",0.0121780907794448,0.0198295180229987,0.967065200140175,0.000260411708812588,0.000510890187290395,0.000137831585726131,1.80575755526753e-05,3
"20038",1.33702101033847e-09,3.48181159314892e-05,0.160716787416533,0.097978093272999,0.738698767976877,1.84685328769872e-07,0.00257134719530912,5
"20040",3.28985839593549e-06,4.9112846876569e-07,3.73606450407957e-05,0.17837690965147,0.811408619454411,0.000129207752938154,0.0100441215092752,5
"20043",2.78934216450593e-07,0.000544888881010269,0.00667477283484605,0.0899294968606196,0.90258152690486,5.57416046156523e-08,0.000268979842843294,5
"20045",1.69989257486677e-08,5.67657138080189e-09,1.49560750680654e-05,0.00443193010787632,0.994742845884772,3.02630176880829e-10,0.000810244954156351,5
"20048",0.999974781097256,2.47656094483119e-05,1.00423790013433e-07,1.30687826308847e-07,8.60479594521794e-09,1.8644233773881e-07,2.7134546235452e-08,1
"20051",0.0126976648922016,0.57869606667246,0.130182126632168,0.133741761163073,0.129980654928492,8.04307191217823e-07,0.0147009214044142,2
"20053",6.35257840730984e-05,0.00094725350712113,0.000852775104479149,0.966412526489312,0.0316839037094331,2.5053778783954e-05,1.49616267978826e-05,4
"20055",7.38853515228861e-09,0.00225923758186865,0.885436964242157,0.044274779572433,0.0505778946991431,9.18171649222704e-06,0.0174419347993709,3
"20057",0.000334477718007053,3.77621747849009e-05,1.06054578809783e-06,1.3879021477111e-07,4.07542537272603e-08,1.18589185070452e-05,0.999614661098444,7
"20059",5.04390579705014e-06,0.000641102344528342,0.000517811577050939,0.975535079264948,0.0225309420294523,9.71881954349113e-05,0.000672832682789169,4
"20061",2.3282789099123e-05,0.00608167047068646,0.00254088321766265,0.981579960808204,0.00966300219386325,6.2378390820821e-05,4.88221296630304e-05,4
"20063",0.983921087885687,4.55798712347905e-06,0.00013984214225092,0.000111303717313211,0.0153291611669755,0.000421524852089185,7.25222485607464e-05,1
"20065",2.84912270529345e-11,3.72970656729584e-07,0.000454811111544031,0.00308062819792628,0.223718120021503,1.76846392948942e-09,0.772746065901415,7
"20067",0.000182436954364812,3.70183172117895e-05,0.00118194832629126,0.0949152366682372,0.897716741033051,3.33154243617044e-09,0.00596661536930112,5
"20069",0.368764703388486,0.631036094715484,7.15717682583097e-05,0.0001168544698444,1.2131429522051e-07,9.56314546848939e-06,1.09119816293529e-06,2
"20071",1.44605377609844e-05,0.000863256330692269,0.994936077250599,0.00268351430163016,0.000282116019897561,0.00120578654275958,1.47890166609497e-05,3
"20073",0.892760776102327,0.100523260842588,4.37447934416189e-06,0.00635138957412122,1.01191707119955e-05,0.000349635200325852,4.4463058192344e-07,1
"20075",2.60759375345053e-07,5.37844303367198e-05,0.000586765140100646,4.00813173433692e-07,1.32814077947557e-06,1.76676475258223e-08,0.999357443048587,7
"20077",0.000268498306422261,0.0013989368243776,0.650745053926229,0.125568798709177,0.222003203981732,4.08738120116008e-06,1.14208708612255e-05,3
"20079",0.839323751751328,0.0353971731025152,0.00917056694750571,0.0101798616459483,0.105460606860458,1.72997424529212e-05,0.000450739949792329,1
"20081",5.05367180690878e-06,0.00168258245728336,0.0576401927576245,0.371177391624166,0.405844599099867,2.14895256050409e-08,0.163650158899726,5
"20083",0.85886510751327,0.00336949625257481,0.135244734957776,0.000140041081915994,0.00091952344247211,0.00134743192221074,0.000113664829779678,1
"20085",5.56113566426815e-11,5.73294527276434e-09,0.000169509285720061,0.00225593907538548,0.997389035735898,7.78704976367291e-10,0.000185509335734768,5
"20088",6.52595430718536e-08,5.00154626066691e-05,0.00318632961673067,0.124444018248544,0.871909991096655,2.14469216610267e-08,0.000409558868998965,5
"20091",7.50318501165863e-07,7.75304954079244e-06,0.000114889103860613,0.000374902662042955,0.000178190627031485,4.23228195269725e-10,0.999323513815795,7
"20095",0.804873236238707,0.00334611977546301,0.000532422301569255,0.158745162373143,0.00231494682057172,0.0300837513341953,0.000104361156350029,1
"20097",7.5984249434758e-11,1.10400662124178e-08,0.000598027850641586,0.00175126011172583,0.996865314422485,3.34015715185987e-10,0.000785386165081392,5
"20099",0.00249557656485434,0.000349619716361728,6.83301219919187e-05,0.803520221843302,0.107576172121681,0.0859894711364755,6.08495333299137e-07,4
"20102",0.949659886298823,0.000624459831762171,0.000113439925047537,0.000473892211864997,0.000119889274356096,1.59830260269191e-07,0.0490082726278862,1
"20105",0.000459193861340305,0.00151615708971543,0.000921836983963233,0.281784867014344,0.715159837082419,1.93113789514642e-07,0.000157914854428726,5
"20107",3.73259186138106e-07,5.46255822406894e-05,0.0649689281419248,0.420216232947297,0.514713709003468,8.8142207810327e-07,4.52496438058253e-05,5
"20109",0.131635745835927,0.00543250026985683,7.78380912554909e-06,0.825957193885446,0.0365942351712288,0.00036835679160122,4.18423681409475e-06,4
"20111",0.00420606794355291,0.338169381538402,5.47822504769936e-05,0.000339990184783679,1.28950263921662e-06,1.47480664884944e-05,0.657213740513657,7
"20113",2.18996528734083e-07,0.000642752733942277,0.768111652066056,0.174379706652487,0.052290257902409,0.00455974201419335,1.56696343832904e-05,3
"20115",0.000192961790334862,0.993968187229142,2.5396629229544e-05,0.00247601267357539,3.2544733769827e-07,0.00312494952168465,0.000212166708695783,2
"20117",2.62912786220477e-06,0.00020716858620948,0.013753910151302,0.0485969272001492,0.0291316365110942,0.354953668976868,0.553354059446515,7
"20119",1.2553129607386e-08,2.44257625966825e-05,0.0372605555457797,0.159657128123305,0.775881931999484,0.027166567991784,9.3780239216311e-06,5
"20121",9.15060139398422e-09,4.22079739474202e-06,0.0341125083418837,0.13868591786396,0.827082831871081,4.01798060550892e-07,0.000114110177018083,5
"20123",2.47996704103214e-09,1.95110655129754e-06,0.000568674680699259,4.3152564249065e-05,0.00049703819635602,1.45729683669731e-09,0.99888917951488,7
"20125",0.0686913715435031,0.928878137140026,0.00136311840330558,0.00105308364368046,1.09195011608907e-06,6.01340349359699e-06,7.18391587541679e-06,2
"20127",2.73245853122247e-07,2.08239324378779e-07,1.61355150610219e-05,0.0062471217870628,0.99371345480273,6.95820453158276e-09,2.27994517641874e-05,5
"20140",1.57101754249715e-08,0.000587684673659321,0.990971150682103,0.00256403757739924,0.00139848039072573,1.8788913339927e-05,0.00445984205259775,3
"20142",0.994959465748009,0.00502970102600737,7.56483107961373e-06,2.35742141753438e-06,1.7155817542213e-08,7.42900670493344e-07,1.50916998568021e-07,1
"20144",0.004788224164758,0.963059904775708,0.0273195740762486,0.000404327011222822,8.99330096215831e-07,3.56079695161595e-05,0.00439146267245035,2
"20146",0.323605709275309,0.255108842043869,0.418402069481497,0.00187259275278142,0.000305999803231581,2.57844754315877e-05,0.000679002167881183,3
"20148",0.000141150815960724,0.933535311274382,0.0501980896282403,0.0157896005302092,0.000284508717723748,1.22801917342088e-05,3.90588417500696e-05,2
"20150",0.313927172499326,0.68412331576889,1.09913760887767e-05,3.75994411831082e-05,7.60415710100149e-09,0.00190086883156448,4.44787909408825e-08,2
"20152",0.000109751123306101,0.847179780287245,0.0520967111640324,0.099105397520249,0.00136334139850658,7.20439289390622e-05,7.29745777223082e-05,2
"20154",3.53349498533677e-06,1.49112419644174e-06,0.00022210943631397,0.000314527062104755,0.0911917783839241,1.1309015126398e-10,0.908266560385385,7
"20156",0.0353482898913869,0.0132552563810507,0.502481424832834,0.422550798347368,0.0231145433311424,5.68508970828377e-05,0.00319283631913518,3
"20159",0.490555950092287,0.509142070133077,0.000196559751773555,9.70381779745201e-05,1.43500493068142e-07,6.09246548193813e-06,2.14587891339474e-06,2
"20161",0.994773437656027,0.0036131638280146,0.00138556978072263,0.00013523605116526,2.63153708660352e-05,5.78677369097905e-05,8.40957629506011e-06,1
"20163",2.66265300077776e-06,0.861595018716923,0.00195222266953029,0.132428374757875,0.00234537203989734,0.000742710808067319,0.000933638354706202,2
"20165",0.996402234012533,0.000253213082056704,4.11762656034327e-06,0.00179980365371372,0.00153532438467193,4.51018421851403e-07,4.85622204195528e-06,1
"20167",0.00567701177750112,0.972945992576664,0.00067227972229897,0.0206316158514822,6.33860179286831e-05,7.31915785426325e-06,2.39489627020725e-06,2
"20169",0.999864385650733,0.000134664178476557,4.35383341343347e-07,2.48142995802367e-07,7.27984017701947e-09,2.244002085659e-07,3.49644049710899e-08,1
"20171",5.41276305802507e-06,6.98743551624625e-08,0.000167364617354115,4.03178502009112e-05,0.0401955743364616,6.82505447831735e-11,0.95959126049032,7
"20173",0.222611380452142,0.000353130080185576,1.92348328883607e-05,0.0183413934831098,0.0138550717073998,0.744816331999861,3.45744441313783e-06,6
"20175",0.00717067971386795,0.954829203015767,0.00371583320074949,0.0340445043256567,8.71172794756678e-06,0.000222281566002877,8.78645000847512e-06,2
"20177",9.90119648722133e-05,0.000650000646753309,0.000561776269923318,0.501136532284726,0.0619261816923957,0.435624742143663,1.75499766659563e-06,4
"20180",3.03333750378344e-11,2.73718501026734e-06,0.00295551207523128,0.125933308561183,0.870048775386966,3.40212150072557e-06,0.00105626463977535,5
"20182",0.997779110073302,0.000208208380098606,5.85455674628031e-08,4.3963279165978e-08,6.29415429504641e-10,0.00200154170125425,1.10367070833468e-05,1
"20184",0.968351454325877,0.0311602794148992,0.000224243303029577,0.000258015156763898,1.55276118236823e-06,3.96545075834601e-06,4.89587489288517e-07,1
"20187",0.000879446527490107,0.00044677623543677,0.00331825121775947,0.00392191263394982,0.000162052171576842,0.991271495491267,6.5722520247333e-08,6
"20189",1.38910943333891e-06,0.00488953089463501,0.000151625209340538,0.974574844299864,0.0169518733420832,0.00343002070056024,7.16444083424924e-07,4
"20192",2.03621432656841e-06,0.00132764598933025,0.000162979274593701,0.463816107124586,0.325723847256807,0.0207445062356464,0.188222877904709,4
"20194",0.68480240362385,0.0508849924601807,0.138988373204214,3.21239373959939e-05,5.93407701176161e-06,0.12528586475808,3.0793926799588e-07,1
"20196",5.23010980890837e-08,6.02559078055609e-06,0.00100635587183663,0.0185425139433974,0.899623961658293,1.56641071168182e-08,0.0808210749704877,5
"20198",0.000487787106974673,0.287115703023348,0.190139200713951,0.50191109247827,0.0171288189144496,0.000307247670109405,0.00291015009289653,4
"20204",0.337752755372,0.662000102389489,2.26228360064384e-05,0.00020884379663459,1.36752370986157e-07,1.13603259517334e-05,4.17852754695849e-06,2
"20207",1.60471903619052e-05,1.57167873272256e-05,0.00874656988263049,0.018250698335586,0.943514669996595,1.37487343708763e-09,0.0294562964326265,5
"20209",2.4102156034627e-06,0.81720493734516,0.0429647423914256,0.0040110208007161,8.95323817564125e-06,0.0616395032911943,0.0741684327177253,2
"20211",2.62812553747422e-08,5.70555655074063e-06,0.0012957257456688,3.46797536537638e-05,0.000430070387986647,2.526947203243e-11,0.998233792249615,7
"20215",6.68182128503057e-06,0.000747686994671029,0.766034495873321,0.0103365878907946,0.22282727095261,1.03226326407796e-06,4.62442040547741e-05,3
"20218",0.977290030178989,0.0226958928176888,4.28899396959004e-06,8.50635453427016e-06,2.55446300071034e-08,1.04263981869443e-06,2.13470369770108e-07,1
"20222",3.52182389461098e-05,0.00133237037070513,0.0184629722932633,0.0221233542600159,0.936187621298272,1.27953366203015e-08,0.0218584507434607,5
"20225",0.015750949493338,0.93750499319602,0.046259794143739,0.000143966453253433,4.59736771534898e-06,0.000179003203915012,0.000156696142019307,2
"20229",4.29054337750046e-06,0.00123503394293083,0.998498339499238,3.07324346625207e-05,3.25095863614764e-05,6.5517968071339e-06,0.000192542196622782,3
"20232",4.63392619596429e-06,0.00647361650272515,0.601329078540374,0.360570175890661,0.0279056982914157,8.52902444265687e-06,0.00370826782418628,3
"20234",1.01132647339903e-10,5.60924417512846e-09,4.31955983751354e-06,0.00398951172507935,0.973251054457005,1.9248146804359e-07,0.0227549160662327,5
"20238",8.25640027471142e-06,4.92781130636775e-05,0.00856325685958027,0.485767990912697,0.50486969579738,5.19061515912328e-07,0.000741002855488031,5
"20253",2.79628937042473e-07,4.07987124408026e-06,0.240382240776965,0.00349793854389519,0.756085620814714,2.29019277780574e-07,2.96113449669506e-05,5
"20255",0.000120270210239579,0.994334777926506,0.00363153579032673,0.00169979530852183,2.29241443699452e-06,1.48130372577998e-06,0.000209847046243378,2
"20258",2.05714221380016e-08,1.70429316915865e-05,4.10794262395813e-05,0.359817215636588,0.640099634373497,6.47043125367013e-07,2.43600174360542e-05,5
"20269",0.0148988561155564,0.00547524276479053,1.07193601918465e-05,0.93465134004624,0.0449320785284739,9.47429354617138e-06,2.22888912014672e-05,4
"20271",8.22971817539553e-08,5.00064945274811e-05,0.000112690055652674,0.571715771035274,0.418393810280461,0.00972231230417545,5.32753272764615e-06,4
"20285",0.000641295613463535,0.0163087495997211,0.00956352176534426,0.00278859788958735,0.000228954382767813,0.970467150075475,1.73067364038814e-06,6
"20288",2.68887639252233e-05,0.00140828506889792,0.79256142916086,0.0897926126730495,0.115984725564262,1.62264319786646e-06,0.000224436125807253,3
"20291",1.6672692731033e-06,1.91187512995262e-05,0.00336682155604064,0.398227482992527,0.263910299285568,2.02668572970339e-07,0.334474407476719,4
"20295",0.00357797029080956,0.0109864201962831,5.54884593038232e-06,0.924067504906976,0.0191357222089692,0.0421942007909171,3.26327601145871e-05,4
"20298",0.00135062867338651,0.998082411023426,0.000363303756885732,0.00017430512078904,8.30858763002623e-08,2.85147902871205e-05,7.53549349439438e-07,2
"20302",0.602969396224057,0.387136124037803,6.06901955519095e-05,0.00808061087118346,1.11212067619373e-05,0.00173953304175605,2.52442288666862e-06,1
"20305",0.000169532649620275,0.998773763784665,8.44037562554487e-05,0.000190155678001459,4.90706222765366e-08,0.000781805187187872,2.89873648057964e-07,2
"20307",1.25435748316738e-08,1.07956044715211e-06,0.000617531074316819,0.111470315712392,0.887769397097115,5.46884530905617e-09,0.000141658543309563,5
"20310",1.78779016129242e-09,3.40241715531407e-09,1.17050792275829e-05,0.00215527516964872,0.997723829167385,2.31868974046955e-08,0.000109162206634048,5
"20313",0.999355787307729,0.000635715269893766,1.1521788986605e-07,2.41687554690386e-07,9.44960561038513e-10,8.13639729687281e-06,3.17467553492754e-09,1
"20315",2.51981951056976e-07,8.17816050714983e-05,0.00956324168117841,0.402291429720745,0.588017001498594,9.47514664756413e-06,3.68183658127707e-05,5
"20319",2.96507445262795e-08,1.19965542232115e-05,0.00914214936048583,0.00232247096763792,0.749434255448052,3.12875855628017e-08,0.239089066731271,5
"20321",2.03042951544074e-06,3.05134389275464e-06,0.00171982836703238,0.0160858086906196,0.982183456893106,2.06272893817826e-07,5.61800294027286e-06,5
"20327",7.23612379828629e-08,3.75145797151603e-06,1.73626250196035e-05,0.544336517472461,0.455624995716006,1.45099238136005e-05,2.79044349024172e-06,4
"20329",3.17795246822837e-05,5.62738955037705e-05,2.96244412107378e-06,1.53214644999441e-06,6.84963449159638e-09,0.99990744503728,1.02328100981403e-10,6
"20335",3.42634441862584e-07,6.3789142439567e-07,0.000170636605216698,0.0222175782891078,0.930045712655472,1.45275089912128e-10,0.0475650917790618,5
"20337",0.132831890315891,0.866880872376011,8.17764833368741e-05,0.000197558963339454,1.65091722719716e-07,5.43585880911491e-06,2.30091088947875e-06,2
"20339",1.05349002282914e-06,0.00220247899004107,0.405618814460469,0.000425114813178796,0.00201687378085202,0.000219504429283585,0.589516160036153,7
"20341",0.000386701117513896,3.8936227634683e-06,0.0016379722525124,0.00148301031243011,0.0164137355461816,3.09212640618149e-09,0.980074684056472,7
"20343",1.61370654126146e-05,3.43382091283312e-07,9.04900739379202e-05,0.00420843464673136,0.994770318072147,9.86039523240698e-09,0.000914266899284599,5
"20345",3.21507452387955e-06,0.897752662798835,0.0172553842263598,0.0590596245269066,5.04771107634119e-05,0.0258570696711817,2.15665914291754e-05,2
"20350",0.000983111609533003,0.00126657132040205,0.985417257017742,0.00119319010790127,0.00715921278967512,0.000186847522415288,0.00379380963233112,3
"20352",0.999668113293315,0.000330052564567006,1.74360140419982e-07,1.37880628195076e-06,4.48756479793567e-08,1.87991307122639e-07,4.8108740652796e-08,1
"20355",0.983577239704287,0.0130373751832696,0.000427531986936032,0.00270607668826874,0.000126882785576064,6.40370558664117e-05,6.0856595795765e-05,1
"20358",0.00767881567730781,0.0270530698333657,2.86171261831911e-05,1.63572350337442e-05,2.28917403765394e-07,0.965222905765959,5.44474639906837e-09,6
"20363",2.29133308789174e-06,2.66095017620881e-05,0.0033160694020512,0.0516947719353151,0.944949945780066,8.81682511418531e-08,1.02238794661846e-05,5
"20365",6.96841991370399e-07,0.00874213931660975,0.109607392160631,0.159447289935277,0.106635977946367,1.44577990006271e-07,0.615566359221134,7
"20379",0.000522393558164572,0.988088477185063,0.000445635854314615,0.0102743331962084,1.07080961567127e-06,0.000177541659849436,0.000490547736783941,2
"20387",9.54964577900778e-08,8.56997996148854e-05,0.00020326017796769,0.523254549303188,0.475431314208558,3.15916575879073e-08,0.00102504942255582,4
"20392",1.34469100317195e-09,1.5505195302461e-06,0.000136283162796229,6.70505322427536e-05,0.00137484673446116,2.92829899808027e-11,0.998420267676996,7
"20395",0.000626460859926505,0.519619876433968,0.444649640319483,0.0345976787568937,0.00040946529163568,2.08293647640962e-05,7.6048973329207e-05,2
"20397",0.00279592998640759,2.52972591419755e-05,8.22689565252212e-08,1.09219223343968e-07,1.13249149039043e-09,0.99717857960387,5.29908915368987e-10,6
"20410",4.12488814784607e-09,0.00100853966673475,0.000739349530618387,0.911352614685842,0.08661659368474,0.000104407158615611,0.000178491148560798,4
"20414",0.158343535699208,0.837126711490839,2.05995624054871e-05,0.00445546362332295,1.1421898612558e-05,3.99093206865512e-05,2.35840492572984e-06,2
"20417",1.63991411452023e-09,3.70802966093374e-09,6.58297450566313e-05,7.37048183993223e-05,0.696750304452146,1.1086912777833e-05,0.303099068723676,5
"20419",3.94062560552199e-07,1.42357008514955e-06,7.6017399372665e-05,0.104990102567655,0.894925877989524,5.98126696155888e-06,2.03143840930955e-07,5
"20421",0.748031176887209,0.211336636870926,0.000784187477959646,0.0235061671562433,4.84965659593888e-05,3.5608996372536e-06,0.0162897741420647,1
"20423",0.28236764594537,0.715231628153936,0.000173874912076102,0.0021669575620331,1.23510767851558e-06,3.61979949167026e-06,5.50385194141611e-05,2
"20425",0.619700220872004,0.347236536708169,0.0326266192737866,0.000303268117294893,2.18847702528502e-05,1.16746195221631e-06,0.000110302796539865,1
"20427",0.000145110228009752,0.717587358524542,0.00802026060159867,0.273030132368435,0.00116542024796369,3.88698672435128e-05,1.28481622070012e-05,2
"20429",0.00022079724827406,1.238785525829e-05,0.0148445957034565,0.171216670501295,0.812113358079221,8.19814874263556e-05,0.00151020912506896,5
"20432",0.706469115143944,0.293017234110915,1.11270137693277e-05,0.000165724256958719,5.33201218109946e-07,0.00033617338283004,9.28903653417461e-08,1
"20435",2.13223151021501e-06,0.023633731301625,0.071248642595236,0.856726832525351,0.0394527289039053,5.76614578279564e-05,0.00887827098454451,4
"20438",0.000193614394055486,2.59065892360786e-05,0.0227627010391646,0.0343558693951992,0.942639545434041,2.10226135200881e-05,1.34053478386154e-06,5
"20440",7.87207730315613e-06,1.77961545725353e-05,1.48126632709948e-05,0.439568757253055,0.560375287840659,6.47162214541406e-06,9.002388993479e-06,5
"20443",0.999085355083919,0.000314574686189957,0.000542909931473938,4.72618214616089e-05,5.20331454126132e-06,1.28509261289107e-06,3.41006980149248e-06,1
"20446",0.00283833328838225,0.328841480566846,0.00839777995739098,0.54961233119854,0.107727858522066,0.00165108971435514,0.000931126752419263,4
"20449",2.91525197349282e-06,0.0098318283352049,0.79254156841464,0.175971613184838,0.0200630696408697,2.1829989383093e-05,0.00156717518309139,3
"20537",7.96269993111736e-05,0.0012405201145685,0.000409718888695785,0.552526716012579,0.110633492954069,4.73609392368398e-07,0.335109451421384,4
"20540",5.63970130831114e-10,3.62136242205189e-07,4.1591100888392e-06,0.000732409344171951,0.00137535406792671,6.31935295128373e-10,0.997887714145665,7
"20543",0.000852343054506338,0.1679758624009,0.000916385872941937,0.828616822541616,0.00144439201124078,9.17071176585887e-06,0.000185023407029435,4
"20545",6.5536116570925e-08,3.7834946619702e-06,2.90560627776641e-05,3.40195554045943e-05,0.000337758116807874,1.01096115232366e-11,0.999595317224122,7
"20549",0.00989939191534017,0.643281582760343,0.00273930573485397,0.339909480812557,0.000933633667684804,6.25840182211184e-07,0.00323597926903862,2
"20551",8.03619486183118e-05,0.00479920049684101,0.0696196289505778,0.719502772273833,0.205287690831232,9.53628080689516e-08,0.000710250136090261,4
"20554",1.5947333315139e-06,0.000362363814838618,1.71523597736092e-05,0.944557491945438,0.0550373378331767,1.08676765541861e-06,2.2972545785748e-05,4
"20556",8.17182845894545e-05,0.020400994874492,0.966562688897966,0.00533777939130377,0.00242288542026069,9.0948615220405e-08,0.00519384218277251,3
"20558",7.18497838665707e-08,4.41167331417104e-06,0.000189897777878629,0.11131280946073,0.888448540461126,8.79181453789517e-09,4.42599853526696e-05,5
"20560",0.00436328353089417,0.00628633402891612,0.0103998311447045,0.551060163996431,0.427861764172501,6.32737560391083e-07,2.79903889927049e-05,4
"20563",1.22927695582682e-07,2.38262614341065e-07,6.73422542989091e-06,0.0238088916077126,0.976150373560368,1.79244035654073e-08,3.36214917758354e-05,5
"20565",0.0250869250748167,0.0497081516305526,0.184667412944164,0.132036255971742,0.608149654713644,2.90490100235496e-06,0.000348694764078796,5
"20567",0.905199478736025,0.094103407109479,0.000334619466880605,0.0002425164082387,5.68973747101832e-07,0.000119068130269115,3.41175360524851e-07,1
"20571",8.49830498336931e-07,3.01648713651623e-06,0.886550768675711,0.000238784076501415,0.113051548559786,1.23639612005006e-05,0.000142668409165954,3
"20573",0.000281853586608045,0.00488916379424133,0.0891227762304018,0.839871354150635,0.064502205852031,5.54648843335285e-07,0.00133209173723962,4
"20575",4.6310486761539e-08,9.05103570124952e-07,0.000121359621041226,0.116483210860681,0.883367554327335,5.34212996490076e-07,2.63895638895411e-05,5
"20577",1.7281251548332e-05,0.13706465270823,0.815145879013352,0.0449691844075755,0.00242220984117172,0.000128843066203793,0.000251949711918758,3
"20579",0.876195640962336,0.000860718531741303,2.6422618642063e-06,4.14606054734184e-06,1.0805120749596e-08,0.122936839490665,1.8877252690115e-09,1
"20582",3.10936189255208e-09,1.50758810868771e-07,5.64289286882772e-05,0.00673803552160555,0.993198006680277,7.98594662283318e-09,7.36701530968898e-06,5
"20585",3.84634849578277e-07,0.00364413291000468,0.0258814112855758,0.0129864449408742,0.0299342545184704,7.37606068265192e-09,0.927553364334164,7
"20588",7.93121759546814e-05,0.00176338971201948,0.054994716616319,0.00370768965291263,0.000503842095394759,4.32227759716921e-07,0.93895061751964,7
"20590",0.993839462405399,0.00490062431777468,1.28827875720263e-06,1.86208994361306e-06,1.88630991815593e-09,0.00125675981871949,1.20309589219914e-09,1
"20592",1.87571848315233e-07,6.79887578414962e-08,0.000106609134230979,0.010134935306734,0.989752946983192,3.38724156081032e-09,5.24962799501857e-06,5
"20594",6.51890231659004e-10,5.13084527056908e-07,4.40648761185382e-05,0.0256495337825257,0.974256353551396,1.17189680735918e-07,4.94168638618085e-05,5
"20596",0.000123187113305726,0.000830113308832098,0.00043804341259298,0.940434348304963,0.0576377136094169,0.000536061374229124,5.3287666007795e-07,4
"20598",2.02538811338308e-06,0.00199085784292606,0.00217492027628656,0.820497021909052,0.17530104395614,1.35294528997798e-06,3.27776821922614e-05,4
"20600",0.000370372443901876,0.0251476236591226,0.721656392066661,0.0204336717191263,0.00254385811999247,7.70252965988391e-08,0.229848004965899,3
"20603",0.00185310817282186,0.980705432211187,0.0129464604026525,0.00294274086575645,5.09358821822096e-06,1.08678621554042e-05,0.0015362968972088,2
"20605",7.8508217925429e-09,3.04323743965955e-05,0.027503333306529,0.481962527958232,0.490331695762946,4.29978970875142e-06,0.000167702957365517,5
"20607",2.41106616133924e-07,0.000180464371889243,0.0399325656689781,0.376130693281069,0.583725004709907,2.84909642724872e-05,2.53989726842218e-06,5
"20609",5.38370661550101e-06,0.00256425713871055,7.97699844309292e-05,0.922582418690083,0.0747373109400998,3.17628446073131e-06,2.76832555992507e-05,4
"20611",6.25340692096709e-05,0.99287940257318,0.000606080635443804,0.00027405014296883,7.92836648576161e-08,0.00617749364515735,3.5965037524292e-07,2
"20613",1.00693638027305e-06,0.100570843577319,0.000547638340696274,0.892899875054518,0.00509914405217063,1.63255958531062e-05,0.000865166443062956,4
"20615",0.000509000889235282,0.0794075821289174,0.866685758833713,0.0346454452603143,0.00996939830801974,1.04623504111073e-07,0.00878270995629597,3
"20617",0.997937124571996,0.00206000401103983,1.04744328238156e-06,1.36178621716878e-06,1.001919290915e-08,3.86688777052728e-07,6.54794942895431e-08,1
"20619",7.91808471818748e-07,4.19995153768657e-07,0.00349405726826754,0.0113840467677367,0.985118637462076,1.50839963325918e-07,1.89585833047779e-06,5
