"","V1","V2","V3","V4","V5","best$classification"
"19812",0.0240806659446233,0.974953269690871,0.000815622696678663,0.000145354500299073,5.08716752793029e-06,2
"19814",0.00262341158388465,0.992371216773305,2.99285952567846e-05,7.38266399148095e-06,0.00496806038356218,2
"19816",0.974892875506994,0.0249408963753542,1.11131371432172e-05,0.000151766136341828,3.34884416717497e-06,1
"19818",0.0520523902741037,0.929565804340084,7.17844525121e-05,7.45267505128454e-05,0.0182354941827877,2
"19820",0.999912177772456,1.55041357728487e-06,8.60128749784311e-05,2.51838152470218e-07,7.10083597126542e-09,1
"19822",0.942554212893126,2.82610677912347e-05,0.0574072895452924,5.08011929112392e-06,5.15637449926716e-06,1
"19824",0.995187446643597,0.00135561495603555,8.42137583865901e-05,0.000499369939007608,0.00287335470297276,1
"19826",0.0374290096143889,0.948166835073288,2.56107021566081e-05,0.0142914838889831,8.70607211836549e-05,2
"19828",0.998467572258757,0.00115725681434067,0.000368714754965974,8.45855178725109e-07,5.61031675773447e-06,1
"19830",0.000364870081266086,0.996767905241863,0.000698850746561488,0.00194263044340484,0.00022574348690445,2
"19832",0.149090869578167,0.312432905469592,0.538451603461719,1.851853407686e-05,6.10295644448789e-06,3
"19834",0.861758448558785,0.122451195610205,0.0154364805319365,6.66679319560019e-06,0.000347208505877962,1
"19836",0.277121362279974,0.600578599054327,0.000337671448888887,0.121955799353574,6.56786323651162e-06,2
"19838",8.50487673435325e-05,0.99870717558265,9.81094890666425e-05,1.35297224856802e-05,0.00109613643845435,2
"19840",0.765834229998633,0.229681846084375,7.27880022404563e-05,0.0043851556443798,2.59802703714362e-05,1
"19842",1.78998783414112e-05,0.0932383053602294,8.3369387889476e-07,0.906692285759797,5.0675307753586e-05,4
"19844",1.74369855391283e-05,3.58866877137518e-05,1.8960470210168e-07,4.65364572742146e-05,0.999899950264771,5
"19846",2.02059561978312e-05,0.789650670804833,5.05634686559107e-07,0.00568289268489736,0.204645724919386,2
"19848",3.11635438341682e-05,0.918490196358978,1.69858404187246e-06,0.000432600513385006,0.0810443409997609,2
"19850",0.000308737953139942,0.664293903365836,8.28977910079415e-06,0.000107876056895416,0.335281192845027,2
"19852",0.636207547467023,0.362642919973215,0.000294414420364489,3.98140344768002e-05,0.000815304104920532,1
"19854",2.97416485341709e-05,0.9907231796365,3.73138034334846e-06,0.000109666723622198,0.00913368061100005,2
"19856",0.0010697569508532,0.0239368422343137,2.90272628514584e-05,0.000392001024040721,0.974572372527941,5
"19858",0.0261582696467871,0.00409169966409821,0.000223230022945182,6.92075268893636e-05,0.96945759313928,5
"19860",0.292998731595628,0.706666251251348,0.000174687441200519,7.75154324880564e-05,8.28142793358646e-05,2
"19862",1.08603645248712e-05,0.969537170672126,6.20062623822881e-07,0.0180836804434727,0.0123676684572527,2
"19864",4.0443351335724e-05,1.9427021831744e-05,3.55601874053942e-07,0.999933848176509,5.92584844926308e-06,4
"19866",0.955521492503082,0.00648614674740839,3.7060657567958e-05,0.0379525185146191,2.78157732317968e-06,1
"19868",1.76519968640491e-05,0.000188222767360475,0.999721189578773,7.66130715480602e-07,7.21695262867097e-05,3
"19870",0.00047928017789103,0.992286044508909,5.66157009313745e-06,0.00178204884058038,0.00544696490252694,2
"19873",0.0304722889952719,0.965154328964471,1.47592891830975e-05,0.00279044601936282,0.0015681767317112,2
"19875",0.993373972776026,0.00612302273121082,0.000500292830474611,2.5339533522844e-06,1.77708935929245e-07,1
"19877",0.00440094488835901,0.992100265951163,4.29286385884855e-05,0.000162480289637178,0.0032933802322524,2
"19879",0.28582085565384,0.705296273665404,0.00164779687427087,0.000347614135655224,0.00688745967082953,2
"19881",0.0126433426137328,0.956739665152497,2.01828291976749e-05,0.0282524686890462,0.0023443407155263,2
"19883",0.00467171853392097,0.731160259733723,2.92018609245434e-06,0.263972966266862,0.000192135279401047,2
"19899",0.378174601269002,0.608233760016884,0.0104132688520805,0.00311834121787135,6.00286441625467e-05,2
"19908",0.178344077734296,0.0205601266156889,0.0834281584233317,0.711525350077728,0.00614228714895564,4
"19910",0.34312022043896,0.655512441652375,0.00010316744555659,0.000603880016282473,0.000660290446825693,2
"19912",3.85970694985608e-05,0.517485105624438,2.01215105187758e-06,0.480962175395613,0.00151210975939858,2
"19914",0.196051252975466,0.7959341790935,0.00626446564994708,0.000231080514996812,0.00151902176609003,2
"19916",0.642141092648802,0.0006385492794761,0.000115350884325027,0.356592778205556,0.000512228981840423,1
"19918",0.000612589900804586,0.835967347166122,6.41282934029775e-07,0.00350361050587074,0.159915811144269,2
"19920",3.93551496168241e-05,0.11068113598084,4.00797634566846e-07,6.08684784164091e-05,0.889218239593492,5
"19922",0.0205595290775101,0.335969479638939,0.643398288404793,2.01175420615019e-05,5.25853366964686e-05,3
"19924",0.0108535594153853,0.951744339661595,2.05350374154452e-05,0.000303378389930652,0.037078187495674,2
"19926",0.561103990981189,0.385337600103424,0.026811500472329,0.0267442846086254,2.62383443225066e-06,1
"19928",1.73318212661434e-07,3.59272486687913e-06,3.47344348232259e-08,0.999992277584662,3.92163782321817e-06,4
"19930",0.00104380444184195,0.998481072973509,1.72817532217196e-05,0.000101678285005854,0.0003561625464218,2
"19932",6.15336886932334e-05,0.996690107889879,1.16852559904613e-05,3.3678473053624e-05,0.0032029946923834,2
"19934",0.954413134443899,0.0430203869054198,0.00240464602736483,2.73376595136588e-06,0.000159098857364992,1
"19936",0.0108011195262837,0.988245986073015,0.000664722053018487,4.1944960577633e-05,0.00024622738710569,2
"19938",0.995878893291624,0.000674685282598521,0.00335899016194277,3.32944675465863e-05,5.41367962877865e-05,1
"19940",0.0914368771789664,0.874595055686016,1.72772426863654e-05,0.0327529962952509,0.00119779359708049,2
"19942",2.55498664237188e-06,3.13067098014303e-05,1.82571769214562e-08,0.999965078204342,1.04184203712665e-06,4
"19944",0.728489963475903,0.269155307938988,0.00011645900428735,0.00217226400976951,6.60055710518854e-05,1
"19946",0.104654311773828,0.869292592876313,0.000115681885199599,0.00029527201639166,0.0256421414482682,2
"19948",2.68690090536767e-06,0.000100520488272987,5.68160634064648e-09,0.999890983741803,5.80318741260213e-06,4
"19950",1.14325884758301e-06,0.00189138266829194,3.46644228180312e-07,1.36613889198239e-06,0.99810576128974,5
"19952",2.68690090536767e-06,0.000100520488272987,5.68160634064648e-09,0.999890983741803,5.80318741260213e-06,4
"19954",0.000234997362978955,0.998051443819631,5.79867064501567e-06,0.000104381866915929,0.0016033782798286,2
"19956",2.74408521253032e-05,0.313404672316516,0.000301894830482068,0.0163855345201062,0.669880457480771,5
"19958",0.000237923716410151,0.00389147224227895,0.994517178577921,3.62059272745118e-06,0.00134980487066204,3
"19962",0.184260306786162,0.614852557154484,0.00326421172326667,0.000659816458198045,0.196963107877889,2
"19964",0.0570372490542888,0.886113645871611,4.49004640732628e-05,0.031189713047791,0.0256144915622359,2
"19966",0.990477128015107,0.000281569042845627,0.000115009786809486,0.00912621907571999,7.40795176101461e-08,1
"19969",0.000758641308761839,0.988834779679413,5.13642427877772e-06,0.0101968530284296,0.000204589559116351,2
"19972",0.00102912100426201,0.753805011483279,5.22402738249936e-06,0.13542748709696,0.109733156388117,2
"19974",1.49434303467427e-06,0.0579096082450811,4.79396809072598e-08,0.0254212908099669,0.916667558662236,5
"19976",0.0172135863885187,0.924976204155326,2.97369639852119e-05,0.000483306987386929,0.0572971655047828,2
"19978",0.731294480315259,0.26601928083353,1.39559652256953e-05,0.00176403010872065,0.000908252777264578,1
"19980",2.15925128403266e-05,0.695498951712255,3.12776495369186e-06,8.33013950877394e-05,0.304393026614863,2
"19982",0.000288348756120468,0.164225345363059,4.99715020532663e-05,2.69933693101043e-05,0.835409341009457,5
"19984",1.97124526953304e-05,0.00052235714142024,2.32521653985805e-07,9.24766712905064e-06,0.999448450217101,5
"19986",0.999549121748442,8.75009336211092e-06,0.000439667461948666,2.45307550680061e-06,7.62074024443685e-09,1
"19988",0.999295709302406,8.42534011628808e-07,0.000703321829631571,1.21608240498749e-07,4.72571037111006e-09,1
"19992",0.999264667272969,1.28395123503115e-05,0.000722126300690846,8.28421318019137e-08,2.84071857772878e-07,1
"19994",0.00125895031346782,0.998541058624376,5.23769951905989e-05,6.83234687624501e-05,7.92905982025917e-05,2
"19996",0.99989376124287,2.10022597951003e-05,8.49614294772871e-05,5.80075775339126e-08,2.17060280272848e-07,1
"19998",0.0478194209224284,0.28650877903413,0.0002341162660849,0.655274162808366,0.0101635209689906,4
"20000",0.000146040996444765,0.974991786586773,0.0191956376580229,0.00498784948736498,0.000678685271394211,2
"20003",0.00732894936382993,0.991515516916986,0.000247917968793519,0.000902719385898764,4.89636449175841e-06,2
"20005",1.60851010984666e-05,0.923261847385037,6.12627549238442e-07,0.00296564850638696,0.073755806379928,2
"20007",0.612111328401692,0.383057490952333,0.00358889380204019,6.39664690804998e-05,0.00117832037485366,1
"20009",0.997154234597874,0.000819709413692822,0.000853209258385772,0.000786286315877591,0.000386560414169961,1
"20011",0.00611973773575098,0.945935497648655,1.48578645750443e-05,0.0318646063284456,0.0160653004225737,2
"20013",0.00080342493047957,0.898367693453015,2.79092279607829e-05,3.09510578937209e-05,0.100770021330651,2
"20016",0.994269163056515,3.5188482816859e-05,0.00568137685391804,3.9693399407444e-06,1.03022668094588e-05,1
"20018",0.0118551666009936,6.59327705581645e-08,0.988144674586679,8.91100893375095e-08,3.76946717373084e-09,3
"20021",0.984452272861471,0.0150310784001902,0.000492168540003191,2.41810420244782e-05,2.99156311014461e-07,1
"20023",0.916114445902899,0.0818738569202093,0.0018151342322104,6.1433211156568e-05,0.000135129733525065,1
"20025",0.542877121794052,5.77384321838072e-05,0.457060994532933,3.97543587977826e-06,1.69804951923043e-07,1
"20027",0.000243607852561846,0.741542402523432,7.13146499650254e-06,0.258155976779815,5.08813791940598e-05,2
"20029",7.31701402408525e-05,0.964580116534172,3.56368110205472e-07,0.0122419838689638,0.0231043730885125,2
"20032",0.000231717181799403,0.992941823745636,1.40464967449002e-05,0.00676403863952462,4.83739362946273e-05,2
"20034",1.13972022613819e-05,0.000365967184857979,3.43416530687987e-08,0.999621249822368,1.35144885951197e-06,4
"20036",0.0452282317572405,0.760782338761878,0.00238053491890904,0.00566563273904856,0.185943261822924,2
"20038",0.991777016340011,0.000673304901646137,0.00754839919632889,1.2733955682598e-06,6.16644590413978e-09,1
"20040",0.984834570887251,1.27309930003674e-05,0.0147019531351546,0.000443384075514291,7.36090907982639e-06,1
"20043",0.995045055207343,0.00405284903639826,0.000900676741926905,4.03103507431263e-07,1.01591082409857e-06,1
"20045",0.992721534715261,1.12387937202816e-06,0.00727713634329758,1.62786219815898e-08,1.88783447290165e-07,1
"20048",4.91388739201807e-07,6.31558945089771e-05,2.20469292681324e-07,8.80600434472153e-07,0.999935251647025,5
"20051",0.300129303695201,0.669860619012726,0.0184047745144336,2.79131831363192e-06,0.0116025114593258,2
"20053",0.984692687894132,0.0146844748733824,0.000117899399645064,0.000220060503639841,0.000284877329201075,1
"20055",0.773229910281939,0.0719812309539044,0.154646197029846,0.000142518272290109,1.43462020872156e-07,1
"20057",1.67004562883344e-06,0.000189302181202407,0.998187005604633,6.20883685269212e-05,0.00155993380000906,3
"20059",0.982175590468105,0.0133330628866413,0.00358045916835913,0.000871645370759857,3.92421061353175e-05,1
"20061",0.882007252590943,0.116464397659373,0.000554409125242223,0.000763790154592958,0.000210150469848086,1
"20063",0.0148147927819121,5.70384225491976e-05,0.000678421553385858,0.00166758508895919,0.982782162153194,5
"20065",0.139357379230495,1.33508913059636e-05,0.860629244710309,2.48942690696527e-08,2.73621122028052e-10,3
"20067",0.987791252208278,0.000454165500638512,0.0114848288024531,3.92815749880677e-08,0.000269714207055664,1
"20069",2.85396918263778e-05,0.438485196260536,4.90448951154008e-06,2.88829370130088e-05,0.561452476621113,5
"20071",0.354103566229883,0.447621233388009,0.00764054713363815,0.188946074780683,0.00168857846778758,2
"20073",0.000824858867252828,0.0801951148767481,1.39167268261592e-06,0.000579977648415368,0.918398656934901,5
"20075",1.14577380949365e-05,0.00029580298258903,0.999691339861421,1.38690128762881e-07,1.26072776629125e-06,3
"20077",0.982399281008693,0.0169340123147505,0.000139797467384297,2.92846492360285e-05,0.00049762455993633,1
"20079",0.157097325351318,0.0738195735819115,0.00168738165073439,6.44998456908899e-05,0.767331219570345,5
"20081",0.841290205721012,0.00999816477911971,0.148702675036929,1.28171400318104e-07,8.82629153929141e-06,1
"20083",0.0054143657608072,0.0172105933521717,0.00124999459831234,0.00500415777633608,0.971120888512373,5
"20085",0.99697114974003,1.59852579590558e-06,0.00302720492255981,4.55049188524579e-08,1.30669568708283e-09,1
"20088",0.998339142876159,0.00058156928136372,0.0010788969344779,1.76820747630975e-07,2.14087251753483e-07,1
"20091",0.00234560743576281,0.000149878733096704,0.997500902849327,8.64156286279964e-09,3.60234025106593e-06,3
"20095",0.0704788927606333,0.0176243295879285,0.000401667644102538,0.052950543489635,0.858544566517701,5
"20097",0.987672376624968,3.05623211403483e-06,0.012324542337821,2.30114829252131e-08,1.79361387065947e-09,1
"20099",0.857382013669702,0.0027405814438646,4.60757063880967e-06,0.134918806254549,0.00495399106124552,1
"20102",0.00163460148424803,0.00284637674456057,0.0682693192869391,1.23569411537956e-06,0.927248466790137,5
"20105",0.992571522009405,0.0064148255322443,0.000370028134778319,9.38744831531173e-07,0.00064268557874068,1
"20107",0.999156505161369,0.000678690206937437,0.000160604829940306,3.56913186366343e-06,6.30669889944922e-07,1
"20109",0.676208045461611,0.0267752142929374,2.38923579967668e-05,0.00149927601868712,0.295493571868767,1
"20111",0.000180569821041245,0.47041608697748,0.511514367048397,6.42538353754789e-05,0.0178247223177057,3
"20113",0.954238945719491,0.0198783759733382,0.000327319666982729,0.0255535921764767,1.76646371103984e-06,1
"20115",0.000158130287192491,0.992210312822196,0.00038444521616986,0.006244392723424,0.00100271895101774,2
"20117",0.11656439147033,0.0017134984942918,0.539905535481349,0.341809661817313,6.91273671709839e-06,3
"20119",0.9623178208884,0.000331326685587268,5.51459896286789e-05,0.0372956658850836,4.05513006833137e-08,1
"20121",0.999455764482408,9.83776905821515e-05,0.00044355210988137,2.28034588808064e-06,2.53712409639634e-08,1
"20123",0.00135556493731231,3.35807505072053e-05,0.998610818951322,2.0238875955803e-08,1.51219829303177e-08,3
"20125",0.000214331865860345,0.892688670770378,2.8704967117387e-05,2.18885189623278e-05,0.107046403877681,2
"20127",0.999673470697024,1.4552895135097e-05,0.000309277299187505,1.90911160624695e-07,2.5081974926272e-06,1
"20140",0.366754197956802,0.171131763465025,0.459966646304388,0.00214533623722641,2.0560365584356e-06,3
"20142",2.1198710295188e-06,0.00602177302386833,9.35575297076738e-07,2.8057302681192e-06,0.993972365799537,5
"20144",0.000126210445766419,0.983861235778471,0.00762117980794045,0.000101037516723354,0.00829033645109862,2
"20146",0.0063332587150427,0.609880353440457,0.00373122934637932,0.000121090662317943,0.379934067835803,2
"20148",0.00725382919686791,0.992327920394189,0.000116460622638468,3.20480800376563e-05,0.00026974170626751,2
"20150",4.72049635304915e-06,0.394580026032168,3.03861841409986e-07,0.00307009658289428,0.602344853026743,5
"20152",0.0316076112293616,0.96785986306688,0.000178700886359025,0.000151195052170941,0.000202629765228571,2
"20154",0.0361742984196426,2.43664116579345e-05,0.963792355552552,1.99800783352488e-09,8.97761813956274e-06,3
"20156",0.734949205801315,0.174303755544198,0.0213443233943738,0.000468204123737968,0.0689345111363746,1
"20159",2.79432297451633e-05,0.372156401047607,9.18090586090072e-06,1.91532289986292e-05,0.627787321587788,5
"20161",0.000595722114994875,0.0108538467527685,6.39522350161911e-05,0.000225077931003209,0.988261400966217,5
"20163",0.0449665321903756,0.952421570641728,0.00138465778433039,0.00121548154891765,1.17578346478102e-05,2
"20165",0.00865894963085697,0.000999831825293571,2.29129269200521e-05,2.4625135932537e-06,0.990315843103336,5
"20167",0.00446194641202165,0.984146974558947,9.37440056556535e-06,2.36573835397608e-05,0.0113580472449265,2
"20169",5.89608136210912e-07,0.000269973425028217,2.78653377593268e-07,1.02696295045925e-06,0.999728131350507,5
"20171",0.00850402010786919,1.59254379498929e-06,0.991485601419231,1.03575466638492e-09,8.78489335012697e-06,3
"20173",0.0553632166829765,0.00125933006446132,1.79340703206658e-05,0.713210735041211,0.23014878414103,4
"20175",0.00163034249315991,0.987947803729558,2.43708337533784e-05,0.000392212046840971,0.0100052708966876,2
"20177",0.517878670664996,0.00423311897398343,1.18974085059555e-05,0.477639277175591,0.000237035776923882,1
"20180",0.997179907902628,7.1558361667164e-05,0.00273224787523374,1.62856301630648e-05,2.30308359306118e-10,1
"20182",5.70596603807829e-08,0.000206043525570678,2.33544104259094e-05,0.00209817698952441,0.997672368014819,5
"20184",0.000146275105827185,0.0470986917739421,3.07972552627958e-06,1.48380624048635e-05,0.9527371153323,5
"20187",0.00425771467872947,0.00250748926075155,9.36527511184073e-07,0.991880911145091,0.00135294838791633,4
"20189",0.920429081056101,0.0602133634544084,1.04100328267969e-05,0.019329586570562,1.75588861014337e-05,1
"20192",0.81116921887283,0.00607533931619221,0.151331199575794,0.031416405873619,7.83636156488876e-06,1
"20194",0.000184626133542821,0.0999979479750336,5.94791616255191e-06,0.178538913271712,0.721272564703549,5
"20196",0.82977565938226,0.000171343584334526,0.170052432740892,2.32887189807255e-07,3.31405324143406e-07,1
"20198",0.285135220393723,0.706180074073192,0.00698077968255706,0.000794016822809267,0.000909909027719098,2
"20204",3.6935351872005e-05,0.440553060623641,1.31341505541664e-05,3.48095674304036e-05,0.559362060306503,5
"20207",0.908685175980072,0.000374677808666176,0.0908962885931901,2.68944271899969e-08,4.38307236441588e-05,1
"20209",0.00073228480149819,0.880912186935945,0.0632226025455291,0.0551240367595757,8.88895745166899e-06,2
"20211",0.0010972115125658,8.04608965304239e-05,0.998822210954386,5.10221254901475e-10,1.16126296660626e-07,3
"20215",0.97542954611479,0.0231254937467098,0.00137129489815172,2.22263461208729e-05,5.14388942272697e-05,1
"20218",3.6170427525556e-06,0.0179464980393867,9.27325386351294e-07,3.21803201593077e-06,0.982045739560459,5
"20222",0.919806381784691,0.0114335893917087,0.0686424912401389,1.61675174237243e-07,0.000117375908287169,1
"20225",0.00022504572175791,0.970419682340451,0.000710911435976286,0.000446297996486282,0.0281980625053285,2
"20229",0.0423760461468146,0.808896066940676,0.144039210499704,0.00348520758703488,0.00120346882577038,2
"20232",0.848335153427869,0.126377544860068,0.025166405635663,9.24780011890594e-05,2.84180752110839e-05,1
"20234",0.879128512611105,1.08327112701854e-06,0.120865827827089,4.57364665409693e-06,2.64402443241786e-09,1
"20238",0.997784075596781,0.000589580030979946,0.00161234608854124,2.45684627231208e-06,1.15414374256372e-05,1
"20253",0.998820215525797,0.000295246454594098,0.000877316347820721,5.25893856037448e-06,1.96273322799395e-06,1
"20255",0.000314177713074905,0.998938774301255,0.000406582603666327,5.43428655941007e-06,0.000335031095444579,2
"20258",0.999745211595217,0.000185732949837798,6.61434387414377e-05,2.82624476374819e-06,8.57714399807658e-08,1
"20269",0.916121741027228,0.0347678481885897,0.000111703240500343,6.86457678714199e-05,0.0489300617758105,1
"20271",0.986312696614201,0.000445269225681284,2.14538858598972e-05,0.0132202565102115,3.23764046326607e-07,1
"20285",0.00522086313978667,0.0425256752726674,1.50971487355091e-05,0.950783168587484,0.00145519585132593,4
"20288",0.966428204943873,0.0306696142762759,0.00277179088799788,2.01789316160594e-05,0.000110210960237189,1
"20291",0.74026805328173,0.000311565260906852,0.25941589812963,1.21883008128432e-06,3.26449765202642e-06,1
"20295",0.748076019639646,0.072879785452482,0.00020095139185761,0.157026878811927,0.0218163647040872,1
"20298",3.73897495799459e-05,0.995010302096217,4.80487339855459e-06,0.000101467298204436,0.00484603598260032,2
"20302",0.00114602604857732,0.303273471987175,7.81573921442782e-06,0.00265435559856314,0.69291833062647,5
"20305",3.05119121372598e-05,0.997032750099247,2.08854562146465e-06,0.00197374441380518,0.000960905029189193,2
"20307",0.999512944431649,3.03386405654101e-05,0.000456615588476605,5.71209704421053e-08,4.42183388541243e-08,1
"20310",0.997896423312109,9.96261349286308e-07,0.00210158286866467,9.58996113274545e-07,3.85617633769845e-08,1
"20313",1.6703017124877e-07,0.000663321413412495,2.4599177323108e-08,1.8453205921163e-05,0.999318033751318,5
"20315",0.999070932648807,0.000782829629590903,0.000120022756698316,2.56633365105114e-05,5.51628393452738e-07,1
"20319",0.379163555245044,0.000277929490850499,0.620557846950825,4.70810049714032e-07,1.97503230767547e-07,3
"20321",0.999793772594076,0.000110246415599761,8.49347532889745e-05,2.65796773732199e-06,8.38826929808104e-06,1
"20327",0.999884804442509,5.7902978278362e-05,1.06308055885868e-05,4.6408905246944e-05,2.52868377391193e-07,1
"20329",1.57629888001985e-06,0.000236073773868036,3.06838853625977e-09,0.999633331100719,0.000129015758144727,4
"20335",0.893499726456471,2.95348140885761e-05,0.106469152011482,4.13110578445052e-09,1.58258685277928e-06,1
"20337",4.87658464185212e-05,0.723526321598739,1.06002321587862e-05,2.15372895777004e-05,0.276392775033106,2
"20339",0.0068836350352092,0.0113792497735044,0.981029870127678,0.000703765052688447,3.48001092054952e-06,3
"20341",0.0259034332402309,6.15704175195049e-05,0.973581730177002,3.43340316105274e-08,0.000453231831216297,3
"20343",0.99099354021302,2.47313799124241e-05,0.00888783991864186,3.32201917719429e-07,9.35562865074726e-05,1
"20345",0.00473707855933174,0.969616237392194,5.2854831487862e-05,0.0255837983371292,1.00308798572058e-05,2
"20350",0.425259221966745,0.162061418561751,0.375666417584167,0.0107587212050397,0.0262542206822975,1
"20352",2.43958742636282e-06,0.00050272323573594,2.84539626750812e-07,7.87821593254754e-07,0.999493764815618,5
"20355",0.00342744961809134,0.0293876481379799,0.000221772375140674,0.000214535830281745,0.966748594038506,5
"20358",2.32404289974528e-05,0.0338428527376044,9.12438269901076e-08,0.943431988908935,0.0227018266806364,4
"20363",0.999481212515211,0.000432774430163475,7.87557696481031e-05,8.09534079520671e-07,6.44775089826679e-06,1
"20365",0.408829828153798,0.0440369079014593,0.54713020811496,8.56575276150005e-07,2.19925450623128e-06,3
"20379",0.000409278338239866,0.99712823708448,0.000680491644882322,0.000373011864669906,0.00140898106772838,2
"20387",0.99785458608121,0.000721364861377205,0.00142353536729993,2.05231817786973e-07,3.08458295066062e-07,1
"20392",0.00270626611734745,3.09732719624324e-05,0.99726274958932,6.77503628310741e-10,1.03438665150488e-08,3
"20395",0.0157754654287557,0.982816997567964,0.00030990368983162,6.66474496913688e-05,0.00103098586375707,2
"20397",2.26401350390393e-07,8.4956720083692e-05,1.14242200762024e-08,0.990784561182967,0.00913024427137911,4
"20410",0.988393330111451,0.0105397049266508,0.000602730301933594,0.000464192494741633,4.21652225940761e-08,1
"20414",0.00110891668335445,0.682423247939067,8.99076416892735e-06,0.000116751887684199,0.316342092725726,2
"20417",0.0908551352346038,3.15427768925726e-07,0.909057263089281,8.72712464320955e-05,1.50019137012845e-08,3
"20419",0.999939656078736,3.05710462720112e-05,1.89183154589464e-06,2.66836873879159e-05,1.19735605831802e-06,1
"20421",0.00359680219377006,0.294940153780125,0.0153212714577846,1.33585418444089e-05,0.686128414026476,5
"20423",0.000250056368006663,0.622202021376289,0.000120399380240807,1.23099680976553e-05,0.377415212907365,2
"20425",0.000612207236991885,0.415663632128037,0.000430854498007682,5.03717578343782e-06,0.58328826896118,5
"20427",0.0442734653311031,0.95528161596722,3.82894822239792e-05,9.66031319782876e-05,0.000310026087474521,2
"20429",0.995137520059454,0.00019460928132368,0.00418236594836401,0.000267158825490509,0.000218345885367481,1
"20432",5.03111063525608e-05,0.154729512566543,4.7649662418531e-07,0.000517182049256007,0.844702517781224,5
"20435",0.782343752728129,0.190429432682331,0.02689573064219,0.000320036692677773,1.1047254673242e-05,1
"20438",0.999123807717081,0.000436786921909712,2.02168138533403e-05,0.000107061242466679,0.000312127304689316,1
"20440",0.999772918428353,0.000163153306845425,2.63036396608262e-05,2.05240323532834e-05,1.71005927877186e-05,1
"20443",0.000198471951207513,0.00187318145998479,3.30584049454928e-05,8.73345604074531e-06,0.997886554727821,5
"20446",0.554034836443765,0.437310319090977,0.00161140600812681,0.00271728805712691,0.00432615040000531,1
"20449",0.780695554770876,0.203030114143872,0.0159365997014673,0.000312960408769719,2.47709750149663e-05,1
"20537",0.717290910754266,0.00867804814403758,0.273822216241499,3.54045818226114e-06,0.000205284402016189,1
"20540",0.00866747454282673,1.38872709772629e-05,0.991318616248572,1.45357301179741e-08,7.40189337970101e-09,3
"20543",0.196002738571435,0.799205124844495,0.000749582229376915,7.77519171805189e-05,0.00396480243751239,2
"20545",0.0011841479325285,5.8373587035939e-05,0.998757053969429,2.91472460258068e-10,4.24219533813344e-07,3
"20549",0.044791918394192,0.937021952978974,0.00369928113090445,2.84203688307858e-06,0.0144840054590466,2
"20551",0.971673423073773,0.0265252648293079,0.00168239347058138,5.89733426910662e-07,0.000118328892910766,1
"20554",0.995151465729536,0.00471955171176797,0.000107238350873995,1.01372784915082e-05,1.16069293307482e-05,1
"20556",0.17343072052433,0.700803808998784,0.124507107010564,5.05812846436946e-06,0.00125330533785746,2
"20558",0.999746974426627,8.45719381984028e-05,0.000168108634001091,8.17528913758568e-08,2.63248282129257e-07,1
"20560",0.975925662636203,0.0202561579164272,8.6936708895451e-05,2.49979418015828e-06,0.00372874294429419,1
"20563",0.99974870974972,1.11974653045267e-05,0.000238982609862138,2.86731456903671e-07,8.23443656343385e-07,1
"20565",0.847835031471671,0.128013820773542,0.00130781936033559,1.04438108036358e-05,0.0228328845836477,1
"20567",7.94421806153518e-05,0.103310799450582,2.20852965950113e-06,0.000262521802843446,0.896345028036299,5
"20571",0.965725958181293,0.00147430742484612,0.0316392785028695,0.00112317416372297,3.72817272688252e-05,1
"20573",0.947612155234708,0.0472051340889346,0.00460253665643483,4.91175085097831e-06,0.000575262269071415,1
"20575",0.999868253775166,2.41387367169513e-05,0.000103983474352654,3.45620764020082e-06,1.67806124535367e-07,1
"20577",0.107066436524377,0.889877197470126,0.0020866089382156,0.000872330985744127,9.7426081537034e-05,2
"20579",2.02713853086519e-06,0.00136583112289422,2.36745747371127e-08,0.112994658521864,0.885637459542137,5
"20582",0.999872741374345,1.20646565807808e-05,0.000114942423438146,2.11161542292343e-07,4.03840940656204e-08,1
"20585",0.0899019889363648,0.0198909586100627,0.890205425779361,7.62447220230714e-08,1.5504294894557e-06,3
"20588",0.00762873248730357,0.0107075666342408,0.981509599744739,2.57849558100029e-06,0.000151522638135866,3
"20590",5.46934406316735e-07,0.00431946945795179,1.19025775278133e-08,0.00160742107616686,0.994072550628897,5
"20592",0.999915252371774,5.91680502562304e-06,7.76497704954204e-05,8.77244521194304e-08,1.09332825252872e-06,1
"20594",0.999672268643618,2.19989621410072e-05,0.000304338124157791,1.38698495176004e-06,7.28513106878968e-09,1
"20596",0.988079232512135,0.00939486734794782,6.07060694027478e-06,0.00208477372356831,0.000435055809409156,1
"20598",0.988120679193461,0.0117536195799678,0.000113057065098339,6.47384253993536e-06,6.17031893260413e-06,1
"20600",0.0751230162457096,0.242551732981102,0.681083967768996,1.29537894986536e-06,0.00123998762524287,3
"20603",0.000528446070856613,0.993800316427001,0.00247819927614395,3.08925289818102e-05,0.00316214569701705,2
"20605",0.999088289039535,0.000432307812756023,0.000465309824598975,1.40709511908273e-05,2.2371919760579e-08,1
"20607",0.998481220525997,0.00143675544610867,1.37727385623791e-05,6.7772049039025e-05,4.7924029301009e-07,1
"20609",0.980240612991788,0.0195846415277671,0.00012319765681912,2.0638965994707e-05,3.09088576312774e-05,1
"20611",4.00745752915307e-05,0.98877753758021,2.43188429318209e-06,0.0108760484650652,0.000303907495139938,2
"20613",0.393372093425971,0.603508084287059,0.002968616713514,0.00013906190835962,1.21436650968748e-05,2
"20615",0.229085688376274,0.714302007046046,0.0544398419446532,1.95278059721301e-06,0.00217050985242912,2
"20617",1.18651271409503e-06,0.00239212002414489,3.77441149601573e-07,1.44118096188833e-06,0.99760487484103,5
"20619",0.999932156854534,2.53164673819816e-05,3.71845874444167e-05,2.19912921288867e-06,3.1429614265584e-06,1
"20621",0.982420501229968,0.0170716720131708,0.000411425334198962,6.52242234080765e-05,3.11771992543441e-05,1
"20623",0.00178530621636906,0.00877917711705583,3.06421171385014e-07,0.0012143640564051,0.988220846188999,5
"20625",0.0010388657603417,0.937543511822423,0.0234189348738773,1.04797367154866e-05,0.0379882078066422,2
"20627",0.77325271110216,0.225509746841649,0.000525093644137556,0.000708218639170504,4.22977288286713e-06,1
"20629",0.780687536898971,0.215411658684332,0.00314889982529645,1.38455081187656e-05,0.000738059083282179,1
"20631",0.999851243154578,1.51193357866995e-05,0.000125966587231832,2.0346741772394e-07,7.46745498563443e-06,1
"20633",1.05909222753526e-07,0.000359188756133872,1.21694875935714e-08,9.52998828501356e-05,0.999545393282306,5
"20636",0.000871125343483568,0.91498459136692,8.92777219565854e-06,0.0598475032251105,0.0242878522922907,2
"20638",0.12618380512218,0.801181362851402,0.0707973919827961,0.00167257785779737,0.000164862185824258,2
"20640",0.918888812227885,0.00382251071707071,0.0772872428048346,1.41781581915371e-06,1.64343901923793e-08,1
"20645",0.995897436592147,3.44205683019837e-06,0.00409910239478127,1.63774531000447e-08,2.57878896635468e-09,1
"20647",5.2645607213932e-07,6.72011039929353e-05,2.58832372541352e-07,9.82542028155731e-07,0.999931031065534,5
"20649",0.965761686920408,0.023880766854363,0.0103444202146058,1.8900051731891e-06,1.12360054500819e-05,1
"20651",0.996964068044753,8.59937245519316e-06,0.0029864159596215,3.05473868412451e-05,1.0369236328951e-05,1
"20656",0.964600933004099,0.00167820196157685,0.0337157815595823,1.30070317463398e-06,3.78277156719564e-06,1
"20660",0.0577013388904009,0.00814020016689657,0.933297947522908,0.00085760117620567,2.91224358886823e-06,3
"20662",0.000388759640739244,0.0640846648677275,3.11230353299759e-06,0.104951723445911,0.830571739742089,5
"20664",0.883167687933388,0.0113993981705543,3.0332674941747e-05,0.00884171797110344,0.0965608632500128,1
"20666",0.000518466652333166,0.955407405861686,0.0439248254093321,7.36073635522598e-05,7.5694713096654e-05,2
"20668",8.46507238762529e-05,0.532131631404009,7.72550418998746e-07,0.000178552253101622,0.467604393068594,2
"20670",0.997860620261625,0.000954385759455458,0.000325707003891049,0.000854837558030767,4.44941699800182e-06,1
"20672",5.32635550973074e-05,0.537070352586415,2.46080346994814e-05,1.52165441980011e-05,0.46283655927959,2
"20674",0.909829246271598,0.0896173760078335,0.000167321137742661,0.000237683527640349,0.000148373055185183,1
"20676",1.19900700322736e-06,0.06119106914595,3.41209036131309e-07,0.934560316306961,0.00424707433104938,4
"20678",1.41320880781021e-06,0.0377188021498779,4.75786654237829e-08,0.918714682413008,0.0435650546496408,4
"20680",0.00146398743097128,0.706143109624958,3.10946579387082e-05,1.58711819892994e-05,0.292345937104142,2
"20682",0.00306004260949344,0.844045904088741,7.64788528879231e-06,0.152112350933726,0.000774054482751027,2
"20684",0.798937662089796,0.0895703486554962,0.00432457342642451,0.107149826924773,1.75889035109113e-05,1
"20686",5.44211157447768e-06,0.018937685397666,1.02071491676782e-06,3.00017286255213e-06,0.98105285160298,5
"20688",4.29444289938341e-07,0.00159705454844194,1.10211639825809e-08,0.946097182354382,0.0523053226317221,4
"20690",0.0359492645176168,0.00187613546566551,0.96217192951049,2.59019135340309e-06,8.03148743436902e-08,3
"20692",2.17132835478722e-07,0.00100334398302403,1.25307395104241e-08,0.0194590521139339,0.979537374239467,5
"20694",2.24454397240288e-05,0.982676236680231,1.99741954703667e-06,0.000322583706881906,0.0169767367536163,2
"20696",0.000646477635952337,0.992632352493582,2.27316214405845e-05,0.000997793899466286,0.00570064434955908,2
"20698",0.884486361853888,0.0965354735394819,0.00951303363562923,2.55587225916582e-05,0.00943957224840873,1
"20700",0.995123937983912,0.00120052981581112,0.000390365089735804,0.000364934211618494,0.00292023289892292,1
"20702",0.0948611830233746,0.000163491663077379,0.904974983334659,3.06571231410018e-07,3.54076576328327e-08,3
"20704",0.803459090521557,0.196013632101738,0.000403877690359743,8.70823893156814e-05,3.63172970294084e-05,1
"20706",0.168880405298343,0.430560928677109,0.00454004217386766,0.386771615859885,0.00924700799079491,2
"20708",8.60893698490695e-06,0.0539309453324023,1.17949009800874e-07,0.945638400305693,0.000421927475910364,4
"20710",0.53628573016314,0.064010690095306,0.399700800307865,1.17247691838167e-06,1.60695677086082e-06,1
"20714",2.22391350488069e-05,0.0111799024562011,5.8055915686443e-08,6.70138360302074e-05,0.988730786516804,5
"20716",0.992496692106753,0.00725201420263493,0.000125115873991905,0.000125726903070259,4.50913550517101e-07,1
"20719",0.112957326976819,0.0437992747788558,9.42237434771651e-05,0.843115793455751,3.33810450971932e-05,4
"20721",0.999908302144304,6.62538645533937e-06,8.36066747026238e-05,1.22993706999687e-07,1.34280083081476e-06,1
"20723",0.141232089123434,0.017786370437128,0.00133896165507589,0.839493168478485,0.000149410305877105,4
"20725",0.00160190798830686,0.998135254430858,0.000121927323149677,3.92208941770519e-05,0.000101689363508418,2
"20727",3.38723068369598e-06,0.00520725219258386,0.000107285638537343,0.000570372312631329,0.994111702625564,5
"20729",5.18155484748101e-05,0.973741341992123,3.62969865937617e-06,0.0259951007519247,0.000208112008817648,2
"20731",0.000457569174620124,0.99918833734892,0.000113801981703794,0.000226908582056311,1.33829126997478e-05,2
"20733",0.868141955311757,0.12757575207394,0.00402790685094845,0.000240996282868242,1.33894804858644e-05,1
"20735",0.335089847304204,0.649837549860242,0.0149526798845162,0.000112280912695036,7.6420383426011e-06,2
"20737",4.60372084756492e-05,0.722469430536899,3.73516785583669e-07,0.236587441393906,0.0408967173439337,2
"20739",1.66662341359457e-07,0.000504281362309978,4.18927243517259e-08,5.42290594584179e-05,0.999441281023166,5
"20741",0.00536731189973023,0.962149466711021,5.34206354522221e-05,7.1069333985605e-06,0.032422693820398,2
"20743",0.0053549457045356,0.975699183971221,5.33737210175616e-05,0.0186324421480663,0.000260054455159594,2
"20745",0.999637165563913,9.27133289901484e-05,0.000262897485333953,5.23202098916909e-06,1.99160077389129e-06,1
"20747",5.89317470051729e-05,0.972723364053196,4.24200771572559e-06,0.0270456074177403,0.000167854774342112,2
"20749",2.58794088221803e-05,0.987548559551224,4.58784444843366e-06,0.0120052839071761,0.000415689288329826,2
"20751",2.27632306921079e-05,0.997397755108885,0.00198551002474302,0.000159858886120808,0.000434112749558596,2
"20753",9.4709045036744e-05,0.995634868693487,4.38706349148498e-06,0.00406847913001993,0.000197556067964267,2
"20755",7.21085584076612e-07,0.000676688737707503,9.310411913654e-09,0.999270645672278,5.19351940182534e-05,4
"20757",0.00443362659721615,0.00192180836136321,7.24305732378297e-07,0.985988927790806,0.00765491294488248,4
"20759",0.999627816114628,0.000129051083548453,2.60644675939981e-05,5.09835387376992e-05,0.000166084795492465,1
"20761",0.0216538700934872,0.976794034590447,6.44470713462484e-05,5.0978812635989e-05,0.00143666943208383,2
"20763",0.0633141823960385,0.929603787019421,0.00082882477992978,0.000192844107877011,0.00606036169673372,2
"20765",0.00198441831543573,0.994752560713652,4.45091998266619e-05,6.22437999776294e-06,0.00321228739108788,2
"20767",0.952763239273227,0.0369608982310856,0.000363017499094274,0.00991113503131377,1.70996527895193e-06,1
"20769",0.259211883729806,0.0332883055103627,0.701988528042711,0.00551121225404567,7.04630739953752e-08,3
"20771",0.0970963821324299,0.700888556210516,9.20873207084943e-06,0.00593800682491092,0.196067846100073,2
"20773",2.5571727504075e-05,0.000169181958112201,2.98873384745286e-07,0.999798544940452,6.40250054709608e-06,4
"20775",0.00154262519379501,0.997517233121427,0.000177887406642022,0.000695809822352862,6.64444557831901e-05,2
"20777",0.0236817403668062,0.654106210275823,0.321487203519817,0.000310222530437536,0.000414623307116424,2
"20779",0.000811551644642222,0.998869714047657,5.45859074992434e-05,0.000246585529003297,1.75628711983746e-05,2
"20781",1.1992942888225e-05,0.00540127491054391,0.968923264340776,0.00580677655759732,0.0198566912481944,3
"20783",0.0196648019765986,0.975123687198123,1.40191477915137e-05,0.0024861589839162,0.00271133269357053,2
"20785",2.38441732810293e-06,0.000141891391872487,6.89149839589612e-08,0.999061794749732,0.00079386052608362,4
"20787",0.000265658662754944,0.966986113772445,3.44087479724201e-07,0.0150545180242111,0.0176933654531088,2
"20789",0.384855317419302,0.606795750871798,0.000999086158329717,0.00733949740320855,1.03481473616718e-05,2
"20791",1.01198185471423e-05,0.944195617354093,9.24222749411709e-07,0.00104814932901945,0.0547451892755905,2
"20793",0.295439602843029,0.702236829445926,0.000695710454370797,0.00162311705876118,4.74019791309165e-06,2
"20795",0.000184568338732895,0.822439294322915,2.30466510611993e-06,0.000685323979191238,0.176688508694055,2
"20797",5.61549320708252e-07,0.00124809100904278,0.00233205892934968,1.08028652372636e-05,0.99640848564705,5
"20800",9.32523742827912e-05,0.997747472426924,2.14135373725138e-05,1.86298058487117e-05,0.00211923185557236,2
"20802",0.0061127009692376,0.992296343900838,4.3374731679147e-05,2.80718140188921e-05,0.00151950858422605,2
"20804",3.12600308509693e-05,0.850865239950115,6.11859808895736e-07,0.145945774831461,0.00315711332776492,2
"20806",8.43960088183354e-06,0.732458038718764,6.81839470583425e-07,0.00148786200826611,0.266044977832617,2
"20808",0.986205882387323,0.0134544722127804,5.3928214826857e-05,0.00028557350355179,1.43681517413057e-07,1
"20810",0.000848826094174743,0.55818605498164,1.84816591066097e-05,0.00180766464871297,0.439138972616366,2
"20812",0.00314451321267928,0.987418666716888,0.00451467226527246,5.58901441662571e-06,0.00491655879074326,2
"20814",2.65139799797701e-06,0.108845125701307,8.36376957409487e-08,0.732027091493867,0.159125047769131,4
"20816",0.127479037368444,0.00361336042768096,0.00182805009609337,0.867079219242578,3.32865203371052e-07,4
"20818",0.00667304124418018,0.990525563841848,0.000107274525241194,0.000142077104058363,0.00255204328467204,2
"20820",2.67252910195782e-07,0.000164460709591265,1.27461309218017e-07,1.14227521274172e-05,0.999823721824062,5
"20822",0.0034077629158217,0.99544231763306,1.46023483592779e-05,2.35906475989677e-05,0.00111172645515954,2
"20824",7.0983222416279e-07,7.2446095791461e-05,3.00474678454739e-08,0.999772324814253,0.000154489210263801,4
"20826",1.66081364842877e-06,0.00457865859161604,4.65716799659663e-07,1.77416006752402e-06,0.995417440717868,5
"20828",4.91388739201807e-07,6.31558945089771e-05,2.20469292681324e-07,8.80600434472153e-07,0.999935251647025,5
"20830",4.39864059997678e-05,0.983267115215635,6.7802333667786e-06,0.0162624101781996,0.000419707966799202,2
"20832",0.329990520592662,0.625106136508337,0.000212651795486499,0.000204474106291335,0.0444862169972234,2
