"","V1","V2","V3","V4","V5","result$classification"
"19811",6.37969960921409e-05,0.958096707956532,0.00246141023008179,0.0393774426817476,6.421355459757e-07,2
"19813",2.3144189810256e-06,0.000113314689829884,3.92209913310531e-07,0.999883969046607,9.63466879101355e-09,4
"19815",0.00173031268774284,0.997644380402911,4.16309799063645e-05,2.78955849573651e-06,0.000580886370944077,2
"19817",0.000220295142805215,0.998067035216608,0.00168025287034469,1.13108050526948e-05,2.11059651893794e-05,2
"19819",0.871424190603036,0.000105647725044253,1.35667959270035e-06,2.11174333339309e-09,0.128468802880584,1
"19821",0.00213497635477611,0.915797201996894,0.0631712776698812,0.0188954037670985,1.14021135018635e-06,2
"19823",0.000793987945500472,0.938491356307635,0.00082283899040348,8.47706514859537e-06,0.0598833396913125,2
"19825",0.171987033713948,0.00544519299084919,0.812861188424582,0.00882874590812113,0.000877838962499,3
"19827",0.00054393656848193,0.347903014579254,0.651421284616816,1.41596024368252e-06,0.000130348275204614,3
"19829",0.985384175944004,0.00306849193706918,0.0114202499954532,8.27764497225417e-06,0.00011880447850123,1
"19831",0.894371306505227,0.000709657545894455,1.74906010628933e-06,2.52281301169867e-06,0.10491476407576,1
"19833",4.14892883060487e-05,6.0039436306203e-06,1.76745624921588e-05,7.23652817104406e-06,0.9999275956774,5
"19835",0.00213497635477611,0.915797201996894,0.0631712776698812,0.0188954037670985,1.14021135018635e-06,2
"19837",0.00169109356713617,0.9028086945441,0.095470868618681,9.485366961296e-06,1.98579031214568e-05,2
"19839",0.957922783785033,0.00751571476440856,0.0318381811881306,0.00267974965856167,4.35706038655873e-05,1
"19841",3.2425998910396e-05,2.29841647997555e-05,0.999797912404219,0.000146586552796726,9.08792738593704e-08,3
"19843",0.974293985041316,0.000166461277058637,1.14255955760614e-07,0.0254136375293715,0.000125801896297689,1
"19845",8.49595357693102e-06,0.110366313792832,7.84587848313206e-05,0.889546316422673,4.15046086753872e-07,4
"19847",0.00502206876051592,0.990016132122498,4.01926902699692e-05,0.00483680358518708,8.48028415292696e-05,2
"19849",2.82192498201108e-07,0.000169728708949795,9.56519490598049e-07,0.999829028993192,3.58586906837714e-09,4
"19851",7.54480269268082e-05,0.999711924242362,0.000155902680772557,3.11927761143559e-05,2.55322738245216e-05,2
"19853",2.72350513561454e-06,0.975362910264876,0.00197519663458103,0.0224828486906986,0.000176320904708538,2
"19855",1.28776853448421e-05,0.98647469720559,0.0120794596205369,0.00142336931306195,9.59617546569202e-06,2
"19857",0.0112842491592251,0.943432783557415,0.0319023602666298,0.0133771333770304,3.47363969962887e-06,2
"19859",0.00161632920190996,0.974440689629085,0.0237769632183696,2.45049144382274e-05,0.000141513036197176,2
"19861",5.73269331001997e-05,0.891021894102358,0.000169059630828499,0.10874955925601,2.16007770272483e-06,2
"19863",2.63831957891426e-07,4.94444679711759e-05,0.00833189486570223,0.991618392450864,4.38350509392821e-09,4
"19865",6.44256694560273e-06,0.00200082527238824,0.997989398073255,3.24373529218482e-06,9.03521188777431e-08,3
"19867",0.000873651736786177,0.994218754732435,1.07795088669599e-05,0.00486621349417229,3.06005277395458e-05,2
"19869",6.00980077956684e-07,0.0100888988196139,0.000229177577381038,0.98968131167329,1.09496366305957e-08,4
"19871",0.00463622014014385,0.904640838115714,0.0905570512868403,4.94670125350921e-06,0.000160943756048439,2
"19874",2.86641610971463e-05,0.149435490391377,0.850511821891273,1.09382909308574e-05,1.30852653217857e-05,3
"19876",7.25735605220848e-06,0.46140202551205,0.53800912909191,0.000580998455264105,5.89584723614248e-07,3
"19878",0.683742583778026,0.299270358316965,0.000538239095043742,0.00105032560498011,0.0153984932049852,1
"19880",2.35787279254479e-07,0.000884649983140448,0.999090682435589,2.44130949825231e-05,1.86990089917351e-08,3
"19882",4.93739468689194e-05,0.792081312857737,0.00294110552121753,0.204921524561557,6.68311262050216e-06,2
"19885",0.00691854541816191,0.991660207119625,0.00139610786711529,1.29857074028887e-05,1.21538876949912e-05,2
"19907",0.000357230561960824,0.952904874360816,6.18218370172233e-05,0.0466667142224025,9.3590178037423e-06,2
"19909",0.983570145695631,0.0161015734735421,2.61651288620289e-05,0.000256530972734343,4.5584729230762e-05,1
"19911",0.934909954233333,0.0305051768297198,0.0334693180149564,4.09193724575835e-05,0.00107463154953276,1
"19913",1.06171971402238e-06,2.41930612252107e-05,0.999972938333493,1.67469477051215e-06,1.3219079770517e-07,3
"19915",3.40535884597814e-05,0.384781005594512,0.615168055653478,5.65196050184911e-06,1.12332030486323e-05,3
"19917",7.42134158162956e-05,0.0112682670764259,0.988649245586181,6.23944899692774e-06,2.03447258030925e-06,3
"19919",0.000529692755462488,0.7843185287143,0.215084433074935,3.7132788035981e-06,6.36321764987598e-05,2
"19921",0.000282613186370814,0.999435827973812,3.55770324744125e-05,0.000233732275617069,1.22495317258997e-05,2
"19923",0.05453070377482,0.919284841822143,8.47898409868331e-06,0.000468697516449801,0.0257072779024887,2
"19925",2.21759532891687e-05,0.0420407171083996,0.957931884590688,2.046781775675e-06,3.17556584701432e-06,3
"19927",9.15958768547755e-05,0.999107869673816,0.000743893312886744,4.33795597009204e-05,1.32615767414124e-05,2
"19929",7.0729885269555e-07,0.0001944846869049,0.512427835382913,0.487376965199553,7.43177649316968e-09,3
"19931",0.00103162391079535,0.996319410679099,0.00254995409046147,2.18998459953889e-06,9.68213350450012e-05,2
"19933",0.685153537371635,0.310764484361982,0.00301745518491835,1.49269271358642e-06,0.0010630303887517,1
"19935",0.0800834680298315,0.916080693771303,0.00302912745427203,0.000794846277797928,1.18644667959198e-05,2
"19937",0.000361131751833496,0.999331891514963,6.14846967203495e-05,4.30491704590989e-06,0.000241187119437258,2
"19939",0.000942340931247071,0.996306022008036,0.00261821382884647,1.0116969745467e-05,0.000123306262125422,2
"19941",0.906665050049537,0.00875875293032955,0.0839777848231884,0.000520929556142636,7.74826408027212e-05,1
"19943",2.17218175903756e-06,0.00072837908996131,0.999268296286478,3.77659422958693e-07,7.74782378465275e-07,3
"19945",0.871594642275983,0.126010767518799,0.000111471611429248,6.11269021275501e-07,0.00228250732476687,1
"19947",0.12453673467539,0.0205341021787352,0.826590635371963,0.0281269590183085,0.000211568755603139,3
"19949",0.223778583825313,0.752442545119113,2.1721036727994e-05,8.15872122182474e-06,0.0237489912976234,2
"19951",0.00200804997024018,0.283298070650352,0.714620170559893,2.2050994644942e-05,5.16578248702607e-05,3
"19953",0.179196628108409,0.00291280672178943,2.05009977028223e-07,1.44155621310079e-07,0.817890216004203,5
"19955",0.946563118724537,0.00909104894041913,5.186152643868e-06,3.12397516157843e-05,0.044309406430784,1
"19957",0.00128192382342157,0.0846002132232004,0.912603125237361,3.9478482451267e-05,0.00147525923356627,3
"19960",0.996315758568764,0.00308013745111133,0.000426904405811655,6.24058653537104e-05,0.000114793708958838,1
"19963",0.000572921719053562,0.000584116351074063,0.931365069079514,0.000158483845500258,0.0673194090048586,3
"19965",0.998811472152243,0.000675375371881467,5.68652528472808e-08,8.81715418505146e-05,0.000424924068772611,1
"19968",0.00196125694691203,0.0135503476624497,0.78948531413182,0.195003054134581,2.7124237493991e-08,3
"19971",0.00197433431702968,5.12207037378638e-05,0.992913366073322,2.536464532439e-06,0.00505854244137832,3
"19973",0.000226846312256699,0.987587015550458,0.0121176422366337,6.68329201398343e-05,1.66298051139129e-06,2
"19975",5.49546633322749e-05,0.0205532212722077,0.979345471551321,4.6246923487901e-05,1.05589650892517e-07,3
"19977",0.000194781408424849,0.00179820186386951,0.997462485765725,0.000381554224393011,0.000162976737587185,3
"19979",0.999710828819626,5.32496211644874e-06,1.77957125752696e-06,1.8378925588132e-09,0.000282064809108064,1
"19981",0.0167026719341342,0.98103890448867,0.0012892045067457,0.000943806456969003,2.54126134805658e-05,2
"19983",0.0240693502010886,0.975210010462542,7.1799472588894e-05,0.000511174541542215,0.000137665322238138,2
"19985",6.64798302993737e-06,0.118932968197319,0.881001586133984,5.80961244922214e-05,7.01561174153714e-07,3
"19987",0.0562411894534193,0.842052798730546,0.101555638608024,1.14912938660513e-05,0.000138881914145091,2
"19989",0.996654804324393,7.78509266853657e-05,1.55695831059794e-08,3.69005403533942e-09,0.00326732548928467,1
"19993",0.352021283325916,0.610583497066712,0.036070664115315,2.85288647210156e-06,0.00132170260558448,2
"19995",0.753661692874343,0.236707631636201,0.0092180555328844,1.23044278437619e-05,0.000400315528727875,1
"19997",7.6836626994088e-05,0.978938192488446,0.0209016448209819,7.68020124865653e-05,6.52405109153676e-06,2
"19999",1.49722324681982e-05,0.877710554693079,0.120528977762042,0.00174492492725233,5.70385158284792e-07,2
"20002",0.000304811882400549,0.000468884490523274,0.405734639107949,0.593488968282721,2.69623640626461e-06,4
"20004",0.868462575297417,0.116757146461923,0.0141501368314244,0.000558461556148914,7.16798530862861e-05,1
"20006",0.961691937416788,0.0288968795510612,0.00122535675408054,0.00345815451320347,0.00472767176486679,1
"20008",0.92553050509199,0.0528742137396504,0.000495308623711491,0.000435839559983725,0.0206641329846644,1
"20010",0.910876247636901,0.0502511175819627,1.00062408064775e-05,5.1156440987975e-08,0.0388625773838891,1
"20012",8.96822027420062e-05,0.145322289519797,0.844015764739057,0.0105715539383487,7.09600055525793e-07,3
"20015",0.999940779650595,5.14871873732142e-05,8.42164332332406e-08,1.46627707713202e-06,6.18266852119896e-06,1
"20017",5.00699809914702e-05,0.941368024032755,0.0547593842932388,0.00382168016629701,8.41526717694209e-07,2
"20019",0.997626249194366,1.47317057766946e-06,1.29069879097807e-08,6.61805796732452e-10,0.00237226406626294,1
"20022",0.990080799084812,0.00833569865855831,3.82638972044866e-06,4.7276287353142e-08,0.00157962859062178,1
"20024",0.543760614590939,4.16417660736158e-05,1.41693736565259e-07,3.53845436660552e-07,0.456197248103814,1
"20026",0.543760614590939,4.16417660736158e-05,1.41693736565259e-07,3.53845436660552e-07,0.456197248103814,1
"20028",1.90275477586881e-05,0.701870714966156,0.297829124375005,0.000278553348687368,2.57976239317194e-06,2
"20030",0.999622743589346,0.000180642806995147,0.000176899921723416,1.08221917898922e-05,8.89149014563799e-06,1
"20033",0.00176018269910903,0.609341074297528,0.388830374841205,5.8079621555517e-05,1.02885406024049e-05,2
"20035",0.996407201468725,4.03119971697562e-06,1.59816308025439e-08,1.51622358686296e-09,0.003588749833704,1
"20037",0.999574626868519,6.14332495507533e-06,6.48050272358373e-10,4.01334961357624e-08,0.000419189024979706,1
"20039",0.000431546954355993,7.78173573245314e-07,2.36346846218083e-10,4.73253369252856e-10,0.99956767416247,5
"20041",0.250612153925475,0.69395405727208,0.00124092384711863,0.000142040731250159,0.0540508242240761,2
"20044",0.360140547995374,0.546033408587273,0.0127126008843425,0.000160130759448202,0.0809533117735621,2
"20047",0.994397143323415,4.86164245378652e-07,1.44353573922451e-07,5.33484508083402e-10,0.00560222562528082,1
"20050",0.154631346844332,0.0211379298110472,6.55555734485459e-05,5.11597915411696e-09,0.824165162655193,5
"20052",0.0196429776872772,0.929487997454972,0.0493127765960098,9.32368667049918e-07,0.00155531589307402,2
"20054",0.999302730245349,0.000657478614668732,1.0358687071365e-05,2.67690374884578e-05,2.66341542262952e-06,1
"20056",0.000187669845198396,0.00137271935985577,0.998434226062899,1.07902963199007e-06,4.30570241442007e-06,3
"20058",0.998887438373474,7.09271023210341e-05,3.83512360320519e-09,3.81036668769736e-08,0.00104159258541489,1
"20060",0.00107810026924796,0.997986521790261,0.000880145205475878,2.30906899587876e-05,3.21420450567717e-05,2
"20062",0.0079024142558993,0.991750975320891,0.000270209986355324,2.90844222166941e-05,4.73160146375764e-05,2
"20064",0.968650859243148,0.0307143958001642,0.000517834774978706,3.56327163759006e-07,0.000116553854544926,1
"20066",0.99994248227812,1.55738875237637e-05,1.76407869473915e-05,1.66708185868741e-06,2.26359655504733e-05,1
"20068",9.90885250554907e-05,0.998737664437426,0.000158295565044272,0.00100025175845684,4.69971401765521e-06,2
"20070",0.000160799717656177,0.999256890421007,8.77821610112325e-05,6.40090046799078e-05,0.000430518695644954,2
"20072",0.994019960552691,0.00124461499819348,7.14438454419356e-08,0.00468618890906806,4.91640962022258e-05,1
"20074",2.48050227235706e-07,6.5146269185872e-05,0.999067334335249,0.000867251314845961,2.00304915286939e-08,3
"20076",0.0122464191684685,0.0456063053147337,0.671962261682657,0.270184614345939,3.99488201834961e-07,3
"20078",0.947916444928278,0.0488802020082983,0.000276237639956413,1.63992758696186e-06,0.0029254754958798,1
"20080",0.998971693979634,8.55080140647672e-06,5.04866036761885e-08,2.24286113476069e-10,0.00101970450806952,1
"20082",0.008298786368751,2.61689915452276e-05,1.91365267542932e-07,1.11443970370715e-10,0.991674853162992,5
"20084",0.932514786924794,0.0138728243903264,0.0410118651099765,6.17551323561841e-07,0.0125999060235799,1
"20087",0.952290306010083,0.0467914015800138,1.79569124856083e-06,4.86571919442474e-05,0.000867839526710272,1
"20090",0.975112609946225,0.000106062993078395,2.82994621935985e-07,5.71956320164105e-10,0.0247810434941179,1
"20092",0.027884410612327,0.155812105318935,3.96151667262826e-07,0.000812230135251719,0.815490857781819,5
"20096",0.0108689988278075,0.564980767487538,0.0109494394070856,1.28000616938499e-05,0.413187994215875,2
"20098",0.000505879442294251,0.624589170801625,0.374873178308927,8.90413763111918e-06,2.28673095227055e-05,2
"20101",0.998211157926494,0.000183620876501795,0.000176747933598409,5.92719934149135e-09,0.00142846733620617,1
"20104",0.000245813236431302,0.584511633562895,0.00297036534984146,0.338109091300755,0.0741630965500768,2
"20106",0.998547579984456,0.00127399840941427,8.66113390945155e-05,1.65340014299095e-08,9.17937330334572e-05,1
"20108",0.000845744638456474,0.94563475088665,0.0532098900292847,0.000305732516922522,3.88192868623464e-06,2
"20110",0.00925702100227778,0.52969447588718,0.160482203235694,6.71920563658181e-07,0.300565627954284,2
"20112",0.954430067263344,0.0270816365828221,5.31800014775706e-05,6.90641232096958e-08,0.0184350470882329,1
"20114",0.806262734311493,0.0563745141822668,0.135476846718115,4.16846704394564e-06,0.00188173632108173,1
"20116",0.965076985978716,0.00659069641852852,0.0282532771568644,6.68422832287604e-05,1.21981626627301e-05,1
"20118",0.0819912317222877,0.763573544089909,0.153992715195713,5.15492074884001e-06,0.00043735407134105,2
"20120",0.963829453389025,0.00857341009892473,0.00126057979980969,4.04561505430694e-09,0.0263365526666257,1
"20122",8.54473000113506e-06,0.00103888875446401,0.998930713898121,2.17886737429296e-05,6.39436707498287e-08,3
"20124",0.997738090223974,4.79006947694951e-05,6.34252191140429e-09,2.49175383519036e-07,0.00221375356335128,1
"20126",0.0103870992038734,8.2228974557506e-06,3.35459335948376e-07,2.67221136968745e-07,0.989604075218198,5
"20128",0.270849941288912,2.7071023773207e-07,3.47229385907342e-09,5.86305132795249e-09,0.729149778665505,5
"20141",0.00018609380588252,0.79768478554469,0.167521306572208,0.000164263641975949,0.0344435504352428,2
"20143",2.21571870589631e-07,2.70507414584016e-05,0.999954342545843,1.83633392685715e-05,2.18015595449177e-08,3
"20145",0.982820217300106,0.0125894200963574,1.53554126797278e-05,3.62990961915764e-09,0.00457500356094776,1
"20147",0.997437207838765,0.0023967482268955,1.14814135266921e-05,3.60213776514617e-08,0.000154526499435493,1
"20149",1.20536946720955e-06,0.000947809107683822,0.99903788229142,1.2963688288614e-05,1.39543140454695e-07,3
"20151",0.000662275360492817,0.836709223610169,0.162608688186274,8.21023727064729e-06,1.16026057936973e-05,2
"20153",0.00197367833867336,0.279458312323689,0.706886750709954,1.13743657431963e-07,0.0116811448840262,3
"20155",0.999295893666554,0.000475160587266674,7.22592951054393e-07,9.56399025618648e-08,0.000228127513325839,1
"20157",0.000206462602555527,0.260877119264378,0.738890623600241,5.34349138868125e-06,2.0451041437053e-05,3
"20160",4.44777839320678e-07,4.06732331845986e-05,0.99995591955309,2.9141233530568e-06,4.83125324973769e-08,3
"20162",4.38186083246591e-07,0.00210423259756184,0.997883183153648,1.21020273312882e-05,4.40353756683675e-08,3
"20164",0.00016204445239049,0.0464182327512571,0.953372515054741,5.50399345482164e-06,4.170374815677e-05,3
"20166",0.998410686656241,0.000149660485409966,0.00115326797501314,0.000276329800830545,1.00550825050976e-05,1
"20168",0.00305016177156832,4.13434521304593e-05,0.00072644207550458,0.996181425740796,6.26960001211133e-07,4
"20170",0.000363218188932901,0.516941505998335,0.482617194126022,3.42847357225774e-06,7.46532131368905e-05,2
"20172",0.993658163480951,0.00510543899118179,1.3276650562508e-07,5.30625254195821e-08,0.00123621169883607,1
"20174",1.51910802961481e-05,0.417378915746103,0.40825364994477,0.174352101173585,1.42055245891237e-07,2
"20176",0.000232556243424279,0.00016310999642125,1.01143629156623e-05,0.999594161525585,5.78716541216739e-08,4
"20178",5.35571821524347e-07,2.55208147549366e-05,0.999972280459989,1.56119572356361e-06,1.01957711511138e-07,3
"20181",0.994811325281514,0.000178872079112725,0.00499465065917914,2.39999412515048e-06,1.27519860690668e-05,1
"20183",0.00403608221241179,0.99495098558805,2.9729901906205e-05,4.49365789950358e-06,0.000978708639732126,2
"20186",0.0187400875556353,0.975528818686056,6.95004611504434e-07,0.00222999168983951,0.0035004070638582,2
"20188",4.57592083071544e-07,0.000226198266098712,0.999771508368118,1.73527823791423e-06,1.00495462332332e-07,3
"20190",0.999902684958348,7.24548074694138e-05,6.90242220149969e-07,5.3487389979287e-08,2.41165045722754e-05,1
"20193",0.00379368916346983,0.00058236503279303,0.941238757208621,0.0543810340945366,4.1545005795089e-06,3
"20195",0.00208344715285866,0.163655764739878,0.834215088791158,5.35136017956565e-06,4.034795592554e-05,3
"20197",0.995884181717532,0.00361461360661407,2.03951078477669e-07,1.30800657734593e-07,0.000500869924117557,1
"20199",7.91908756065489e-06,0.0445616511403459,0.955418674556122,2.18707052981314e-06,9.56814544222334e-06,3
"20205",0.000322910744041764,5.31891157524229e-05,1.28812288512306e-08,3.78333821126473e-10,0.999623886880643,5
"20208",0.00287542222784493,0.967510851013269,0.0295390582143293,5.48055228133856e-05,1.98630217438254e-05,2
"20210",1.5414821137821e-06,0.00677821033381725,0.993215063278565,4.99565371762461e-06,1.89251785987707e-07,3
"20212",0.000189468827859819,0.0898624808327027,0.909931440073911,8.7754088831002e-06,7.83485664375552e-06,3
"20216",0.996975063271076,0.00283554323551273,0.000113641048335486,4.71386478788654e-07,7.528105859658e-05,1
"20219",0.406008510317339,0.0127440870675767,0.000118380881883868,1.01358190695286e-08,0.581129011597381,5
"20223",0.99741751665143,2.56255867589476e-05,2.26913403444417e-09,0.00221062726734763,0.00034622822532952,1
"20226",0.0620413166034174,0.928555184680675,0.00268274828474737,2.89936467851923e-06,0.00671785106648213,2
"20230",0.999865640539659,3.00845174273299e-05,9.24965223029465e-08,4.25255905606017e-08,0.000104139920800784,1
"20233",5.07099688939953e-06,0.00323303891068688,4.30254237122225e-05,1.1041079469716e-06,0.996717760560765,5
"20235",0.964491643710808,0.000737495980039557,1.33871306783678e-08,0.000191147658335209,0.0345796992636861,1
"20239",0.973543969044877,0.0224004871343605,2.97093179741471e-06,0.00314854781030154,0.00090402507866397,1
"20254",0.0086926368681163,5.76770283612042e-06,1.33976928234445e-08,1.81749746085062e-11,0.99130158201318,5
"20256",0.999568657727901,0.000140178341027954,1.3748031117056e-08,5.43775798146369e-07,0.000290606407241715,1
"20262",0.00013407475061467,0.196832002721808,0.803024726784912,3.4982057629387e-06,5.6975369027559e-06,3
"20270",0.968299483753633,0.0217509658012248,0.00666093574810746,0.00325398842113211,3.4626275902495e-05,1
"20284",0.012466032149367,0.663896114102974,5.82736759778429e-05,5.24884354537115e-07,0.323579055187327,2
"20287",0.999837719178713,2.72494882070846e-06,1.98058394191352e-09,1.99175635688923e-07,0.000159354716246667,1
"20290",0.00307920867606396,0.0041104940789824,4.52948213460241e-05,8.30369954071302e-10,0.992765001593238,5
"20293",0.934941028379403,0.062692805843291,2.99117941650027e-05,1.42434373678409e-06,0.00233482963940473,1
"20296",0.00885650933869807,0.219607676256266,0.755345199520299,0.0161903464657747,2.68418962193727e-07,3
"20301",0.999413490464601,1.70326116027001e-06,1.05777974014372e-05,9.14087406519579e-08,0.000574137068096831,1
"20304",0.0101409409920522,5.85904803587983e-05,3.47056401614509e-07,3.50385911100024e-10,0.989800121120802,5
"20306",0.997849688344942,5.58539148400544e-05,3.96571055614652e-09,4.89053154786657e-08,0.00209440486919196,1
"20309",0.559431248776035,0.434640765067371,0.000318152637189698,2.19103246942246e-06,0.00560764248693477,1
"20311",0.991508083160375,0.00683407173202466,0.000598229984058718,2.39064288108278e-06,0.00105722448066066,1
"20314",0.00394387776508723,0.942162284761214,0.0537868507766833,1.11231634325995e-06,0.000105874380672452,2
"20318",2.68194137117025e-05,9.48013664648442e-05,0.999858878677253,1.92783675438745e-05,2.22175026728083e-07,3
"20320",0.00265330352738669,0.987165074070617,0.00399194484091606,2.96333019073636e-05,0.00616004425917353,2
"20326",0.00540664331975297,0.871764555526768,0.122583854178552,2.74677239404385e-06,0.000242200202533157,2
"20328",0.00135839752480673,0.996244871798824,2.93120663989065e-05,6.83716080884699e-06,0.00236058144916119,2
"20330",0.961560455381449,0.00741328687948676,5.10407309654512e-06,5.58474429186904e-06,0.0310155689216762,1
"20336",0.0200438264346492,0.0510128959951924,2.84207933227286e-06,2.17682305090238e-08,0.928940413722596,5
"20338",0.0262293557989218,0.00263580790563792,0.000171112075127384,1.00357428511712e-08,0.97096371418457,5
"20340",0.99950606771653,1.19397302507731e-05,4.82322684393427e-08,1.0322715715211e-07,0.000481841093793052,1
"20342",0.000745340891728971,0.000322983414385836,0.000202169837140521,5.89625173601784e-05,0.998670543339385,5
"20344",0.996437754429786,0.00290071362777053,1.02715305528685e-06,4.70174158630601e-07,0.000660034615229611,1
"20349",0.99974581021903,8.37098196930903e-05,1.11881549681914e-08,2.60374631182714e-07,0.000170208398490777,1
"20351",0.916780297392553,0.0673515571625555,0.000939766651635783,1.49030876269079e-06,0.0149268884844931,1
"20353",0.915272480543024,0.00238305457977784,1.79619976979127e-07,5.5944739494401e-08,0.0823442293124817,1
"20357",0.00172469271131951,3.44104785553804e-05,9.30662967799571e-10,3.81448548373355e-10,0.998240895498014,5
"20360",0.0242745448258341,0.00130826133985648,2.28424982124143e-06,0.00086358185016574,0.973551327734322,5
"20364",0.918648696655533,0.0769984513539262,2.65074878120286e-05,6.35183790470216e-08,0.00432628098434961,1
"20366",0.00193041402416172,0.0114705259896611,2.73477474175335e-05,1.69161602148706e-08,0.986571695322599,5
"20381",2.83326329130904e-06,0.0040283585866666,0.0233829125747709,0.972585421120366,4.74454905007674e-07,4
"20391",0.423517754479533,0.202901891686111,2.10807163309171e-07,0.332684173963874,0.0408959690633181,1
"20394",0.000217860695997782,0.996192508202404,0.00164404289932655,0.00194004092082792,5.54728144391009e-06,2
"20396",2.51498460478011e-06,0.214819573749261,0.0272590625334313,0.757918770446231,7.82864722064724e-08,4
"20409",0.565884958577537,0.165575619392531,0.267453516932751,1.07711686849938e-05,0.00107513392849608,1
"20411",0.900080653309088,0.00097331219906122,7.16925417196191e-09,1.66234577239064e-08,0.0989460106991389,1
"20416",0.0587844138792058,3.6136526226518e-07,9.9737735446322e-11,5.89288001730048e-10,0.941215224066506,5
"20418",2.02528748077269e-06,0.114322467994446,0.116334777014261,0.769340691504627,3.81991858158598e-08,4
"20420",5.16826717586202e-05,0.029078584332009,0.000393181506346185,1.21350693806617e-06,0.970475337982948,5
"20422",0.998377686461137,0.00108437920373997,5.9822968206897e-05,8.34552162579746e-08,0.000478027911700106,1
"20424",0.956447228067592,0.000750620282700019,1.9024820241707e-08,7.92900964196554e-09,0.0428021246958782,1
"20426",1.12331240661213e-05,1.97914894635792e-05,0.000132493166218871,1.24694579690783e-09,0.999836480973306,5
"20428",0.899517715353687,0.0979606622917093,2.50131885174792e-05,0.00246097419844941,3.5634967636983e-05,1
"20431",0.0415895727063749,0.819527820689481,0.129727041038147,2.90003478198977e-06,0.00915266553121529,2
"20433",0.999716455105944,1.04814734574008e-05,2.28373302340156e-08,0.000249363875958564,2.36767073097175e-05,1
"20436",0.00900355283017902,0.000109929030081679,1.28577689412789e-05,0.990873265413313,3.94957485406308e-07,4
"20439",8.73886500037144e-06,0.360822932145223,0.369147776061366,0.27002044100975,1.1191865981538e-07,3
"20441",0.00146571771615263,0.000230360123716104,3.23483596201622e-07,8.78779515283184e-10,0.998303597797756,5
"20444",2.5255703840901e-07,0.000125200178813675,0.999869633138802,4.88424218232829e-06,2.98831640204514e-08,3
"20448",0.0166920926545845,0.61103047658603,0.369933950678598,0.000333213382308797,0.00201026669847922,2
"20536",0.000332607569346142,0.371672646505489,3.68536753714673e-05,0.627956267486578,1.62476321490164e-06,4
"20538",0.296628763214474,0.0991776662918751,7.79380727178214e-06,1.3643166523418e-05,0.604172133519856,5
"20541",0.947747100104174,2.58078024223671e-05,1.20924335489793e-08,2.39448524180322e-10,0.0522270797615222,1
"20544",0.231960426008189,0.757895919913165,0.00902932908528408,4.74084820844993e-06,0.00110958414515358,2
"20546",0.990754096673712,0.00270067848388013,3.3322924647703e-08,1.58744453610457e-08,0.00654517564503774,1
"20550",0.404454813073736,0.557823341538033,0.00505010941854236,6.48544213848209e-05,0.032606881548304,2
"20553",0.0429440392711545,5.2628182410562e-08,3.7311103051645e-07,3.96934399408652e-09,0.957055531020289,5
"20555",1.56193144548809e-05,0.00323847978118505,2.60529361953565e-07,5.37530830126749e-07,0.996745102844168,5
"20557",0.196026563635577,0.548507043164469,0.00419205348574847,4.35589517410508e-07,0.251273904124688,2
"20559",0.999352420809035,0.000570392491699925,3.59715288738817e-06,8.8214941193728e-09,7.35807248836974e-05,1
"20561",0.00150021760232205,0.541932790848006,0.456484480960051,7.64545807873307e-06,7.48651315422211e-05,2
"20564",5.35571821524347e-07,2.55208147549366e-05,0.999972280459989,1.56119572356361e-06,1.01957711511138e-07,3
"20566",0.866436198299682,0.133312398521845,0.000169626691688366,6.56234398018241e-05,1.61530469822118e-05,1
"20569",3.85135403146561e-05,0.693614183198439,0.305600414849827,0.000746119713910189,7.68697509188272e-07,2
"20572",1.04940839382867e-05,0.0300062253536209,0.969356012587014,0.000627211841721051,5.61337060509489e-08,3
"20574",0.99740879795672,0.000419465558122807,5.57216713636349e-06,1.57523645402969e-09,0.00216616274278402,1
"20576",3.0494079514186e-06,0.00015624901044205,0.999839486317509,9.75880639673929e-07,2.39383458012745e-07,3
"20578",0.779205636709731,0.211999488808511,0.00790275365004295,1.93864276997171e-06,0.000890182188945815,1
"20580",0.798500885425581,0.201234105991445,0.000161930347008804,2.2997255161351e-05,8.00809808035633e-05,1
"20583",2.31991291951612e-06,8.64126493215341e-05,0.9999100538152,1.01827511840148e-06,1.95347441148448e-07,3
"20586",0.873645565219233,0.12446745646496,9.52168425045831e-06,1.44663173132941e-06,0.00187600999982461,1
"20589",0.999715154760067,9.06697676231164e-05,2.31013343004658e-09,2.08031617077639e-07,0.000193965130559435,1
"20591",0.00523949159378122,0.816056885728339,2.10833753309473e-05,4.2436042238195e-05,0.178640103260311,2
"20593",0.999923288554112,6.57708519693972e-07,2.25641383554429e-08,2.27615266633145e-08,7.60084117035652e-05,1
"20595",0.994579930812297,0.00499518262897132,9.62708450502746e-05,9.08467133988018e-08,0.000328524866968118,1
"20597",2.99314578319484e-07,0.00145731749102285,1.486980575155e-05,0.998527507903982,5.48466495343135e-09,4
"20599",6.35083158984065e-07,3.42711722689737e-05,0.999962601217003,2.44299140132046e-06,4.95361676310914e-08,3
"20601",0.000409747085882816,0.99900405412087,0.000520155094882284,5.05885324712172e-06,6.09848451175496e-05,2
"20604",0.999904536073713,2.0551319373992e-05,1.72157538654142e-06,5.76173477613692e-09,7.3185269792089e-05,1
"20606",0.999888025519422,2.61192172409215e-05,4.48105500394506e-08,8.19232140346876e-09,8.58022604661633e-05,1
"20608",0.998843949168155,0.00113760960838449,4.90307035561349e-07,2.32280543184722e-06,1.56281109926715e-05,1
"20610",1.7173415918558e-05,0.00112070706537959,0.998859323597057,1.48897728875798e-06,1.3069443561116e-06,3
"20612",0.227871792985211,0.00265440759404506,0.00134160616886534,0.656479215632944,0.111652977618934,4
"20614",2.18808470944672e-06,0.00516792205029677,0.994827937034063,1.17550044359419e-06,7.77330487098986e-07,3
"20616",0.00768478726527508,0.99059797165703,0.00150340108785122,5.65718662747737e-05,0.000157268123568993,2
"20618",0.000377223136067861,0.00185420226957257,2.91718062895179e-05,4.04356089525402e-09,0.997739398744509,5
"20620",0.998863478021664,0.000971084905217224,5.25177071012195e-05,6.2197288196832e-05,5.07220778203725e-05,1
"20622",8.41463058624176e-06,0.000380065143967214,0.999610682104422,5.32549487237465e-07,3.05571537037836e-07,3
"20624",0.975964927450738,0.000910311218762777,1.20544455724327e-07,5.64488177949787e-08,0.023124584337226,1
"20626",0.756433013679668,0.0251138441730418,0.00163114747994166,0.216819233031018,2.7616363308943e-06,1
"20628",0.325465299326681,0.461870923571224,0.000966831282901217,0.211260951346047,0.000435994473147578,2
"20630",0.85789725257266,0.12352526529398,0.0181336375472886,6.31037304172344e-06,0.000437534213029618,1
"20632",2.57697438511466e-07,0.00485248363994731,0.994145036901007,0.0010022095140077,1.22475997775609e-08,3
"20634",0.999895850961792,4.4744046429749e-05,3.40539102117198e-08,1.69826388099364e-08,5.93539552288758e-05,1
"20637",0.0128376466684512,6.14201620439775e-05,1.41479332762771e-05,2.63501694725559e-11,0.987086785209878,5
"20639",2.35029024252861e-05,0.216421122544998,0.783544078827665,5.26524245545681e-06,6.0304824561794e-06,3
"20644",0.426492107990092,3.05569444001528e-07,3.48832765747665e-08,1.51187254037843e-05,0.573492432831784,5
"20646",0.976361190431947,0.000348499907121459,1.21178144524574e-05,0.00238576924347203,0.0208924226030072,1
"20648",0.000226461930708407,0.978726906200965,0.0209846034788472,1.80809301660102e-06,6.02202964625436e-05,2
"20650",0.759195404134238,0.000307913215858808,8.43179651073814e-08,4.46261693220824e-08,0.240496553705769,1
"20653",0.000515150841733902,0.994111649853983,0.00459500232756166,0.000101527313923433,0.000676669662797899,2
"20658",0.999536313038751,0.000226966219233696,4.31728569334634e-08,0.000229250900008631,7.42666914990852e-06,1
"20661",0.0589100350655543,0.0109779125350714,3.38107976597098e-06,0.00016704706434977,0.929941624255258,5
"20663",0.512845412173964,0.485321641022476,1.37728169528261e-05,3.95077582804918e-06,0.00181522321077844,1
"20665",4.27744806731592e-06,4.00357846436579e-05,0.999879571885503,7.6100108921205e-05,1.47728646915983e-08,3
"20667",0.0283686339418405,0.949182371001313,0.000365603626491224,0.0212999592874557,0.000783432142899564,2
"20669",1.84533160650097e-06,0.0373266349010225,0.000518173956081587,0.962153171183176,1.74628113022483e-07,4
"20671",0.206055723191683,0.00337591210298029,0.00014360588167821,5.78432793193049e-10,0.790424758245226,5
"20673",1.69365953517012e-07,0.00124564771573296,6.90590455963282e-05,0.99868512129831,2.57440743766907e-09,4
"20675",0.00919710572700408,0.803575909115295,4.74992010483269e-05,0.187168056594057,1.14293625958241e-05,2
"20677",0.473445220751478,0.525669604825867,1.00094643470612e-05,0.000576210344165123,0.000298954614142909,2
"20679",5.53178821933837e-07,0.0419584875584853,0.00181127386486241,0.956229605245538,8.01522920483038e-08,4
"20681",0.000114126705518778,0.952242303775481,4.68286078947801e-05,0.0475904345064558,6.3064046498761e-06,2
"20683",0.352577626301485,0.643615101126551,2.35150497251144e-05,0.00368339322544584,0.000100364296792984,2
"20685",1.83301480336972e-05,0.0180968464562562,8.77604924100791e-05,1.96233382214416e-06,0.981795100569478,5
"20687",7.22896092231431e-06,0.0478748130254105,0.95211335542393,2.76006367605749e-06,1.84252606116487e-06,3
"20689",0.23902317669641,5.75814357507083e-06,3.14029260706267e-08,3.63292773685413e-05,0.76093470447972,5
"20691",5.52845482354646e-07,0.000189969597731708,0.999808457492812,9.15198804589473e-07,1.0486516917395e-07,3
"20693",0.998777392709324,3.20946179382173e-05,4.66440966288792e-09,9.0366799908124e-08,0.00119041764152829,1
"20695",0.000223128328169942,0.994271613059682,0.0054662763917507,2.17771659916767e-05,1.7205054405655e-05,2
"20697",0.999419165891458,0.000186228216527515,5.4555074524949e-05,1.76981370861779e-09,0.000340049047675961,1
"20699",0.31733850758647,0.667878465971938,0.000226085699048849,0.014547734702259,9.2060402845426e-06,2
"20701",0.900806596549937,0.0982894903452051,6.69617985491052e-07,0.00068532196346659,0.000217921523405327,1
"20703",2.01777236307511e-05,0.032553761827597,0.000207278451323654,0.966044822965345,0.00117395903210369,4
"20705",0.992779790883865,0.00306788126252515,2.20431167196107e-07,1.07079310965594e-07,0.00415200034313151,1
"20707",0.00372822049240441,0.995990300229015,2.16793974075525e-05,4.537068477054e-06,0.000255262812696321,2
"20709",0.0294445814917711,0.057873620359074,0.912305023012657,0.000369341716308405,7.43342018947293e-06,3
"20713",9.41884185524759e-05,0.95758354464985,0.0307503080110495,0.000181891885077785,0.0113900670354707,2
"20715",0.867492331550848,1.68789734424951e-05,0.0231360091890024,8.0185279202843e-07,0.109353978433915,1
"20717",0.000109603395342552,0.999645329632457,0.000182796394975652,4.08127331898631e-05,2.14578440350097e-05,2
"20720",0.986134179669845,0.0135242093925048,2.04465883307756e-05,1.01529325575727e-05,0.000311011416761799,1
"20722",0.978018802185078,0.0219111575963087,2.46900331480265e-06,9.05513991960592e-07,6.66657013070142e-05,1
"20724",3.87562185481893e-05,0.789502049284765,0.210428206516644,2.566984560074e-05,5.31813444179991e-06,2
"20726",0.998999618592229,3.9986451976004e-05,2.75586309898546e-09,1.52097510343537e-07,0.000960240102421205,1
"20728",3.11197307847547e-05,0.992757643722383,0.000225802442689519,0.00698250694372751,2.92716041534438e-06,2
"20730",0.000800001435418051,0.587345659349016,0.411800045446784,5.85767107389545e-06,4.84360977080738e-05,2
"20732",0.499453005426808,0.36401264951535,0.000122694353017179,0.0347828719891913,0.101628778715633,1
"20734",0.272227775338725,0.726582169360234,3.88735036801606e-05,4.82681786745949e-06,0.00114635497949384,2
"20736",2.43903503693978e-05,0.103641677774341,0.896304981991095,2.84012560880775e-05,5.48628106377549e-07,3
"20738",0.58165834927549,0.0122323644864109,0.327944019527838,0.00484799840846124,0.0733172683018004,1
"20740",0.610586459681003,0.0710415943147759,3.47313609982445e-08,0.000310269469137047,0.318061641803723,1
"20742",8.61783862488611e-05,0.998645329317792,0.000213069982124323,1.78522275377262e-05,0.00103757008629689,2
"20744",2.07045454408854e-06,0.0173602491717586,0.972100922131927,0.010536745717131,1.25246396640933e-08,3
"20746",0.0565662239593911,0.943213539856269,6.96141443659296e-05,7.61330686615192e-05,7.44889713120373e-05,2
"20748",3.77913642684763e-05,0.705697040176062,0.294232589608966,1.21700686486535e-05,2.0408782055014e-05,2
"20750",0.000422147225372171,0.315728190410114,0.683649403763855,0.000199245174307787,1.01342635103803e-06,3
"20752",0.962145733622192,0.0370805308601278,5.16981460954208e-07,1.23302066608735e-06,0.000771985515553399,1
"20754",3.37076806945755e-07,0.000498954129263054,1.31515123343826e-05,0.999487555325473,1.95612288483432e-09,4
"20756",0.0818020866819499,0.642139018439344,0.275843994583011,2.12539680899868e-05,0.000193646327604716,2
"20758",0.0090340665308826,0.00302905033818013,0.00619669123756947,0.981739776517487,4.15375880885086e-07,4
"20760",1.38117080972953e-05,0.801005595525229,0.196221356446918,0.00275888343111868,3.52888637903571e-07,2
"20762",7.56729054539103e-07,0.00220519651085087,4.16705458850639e-06,0.997789861764733,1.79407726179434e-08,4
"20764",4.78693426240745e-06,0.244232710908369,0.75484994732874,0.000910181490090584,2.37333853806735e-06,3
"20766",1.96984992211893e-05,0.912489874934705,0.0874214202638992,6.58147977769971e-05,3.19150439713911e-06,2
"20768",0.0004737128980587,0.172516178644256,0.826989437119541,3.52032638299768e-06,1.7151011761852e-05,3
"20770",0.00777490893853154,0.110953161500554,5.9019414759017e-05,0.881211058864904,1.85128125104864e-06,4
"20772",0.999949965008216,3.95127810659499e-05,4.85943921030193e-07,6.73291823323197e-08,9.96893761449704e-06,1
"20774",0.99912639365197,1.27989988174595e-06,2.41195769629559e-09,1.73825325182677e-05,0.000854941503672577,1
"20776",0.000641428200744411,0.998609244007402,2.1567582155157e-05,7.68798466721734e-06,0.000720072225031002,2
"20778",0.279290886787356,2.96537934688262e-07,6.95982174913831e-08,3.00921332535933e-09,0.720708744067279,5
"20780",2.13112250712161e-07,2.65567014202995e-05,1.56136056651863e-05,0.999957615906068,6.7459529643948e-10,4
"20782",1.32038675752857e-07,0.000762134847809582,0.000119324999171789,0.999118403988991,4.12535211663964e-09,4
"20784",2.06181837010795e-06,0.00316495451092606,3.19955008357493e-06,0.996829757040452,2.70801685525489e-08,4
"20786",1.76862202396048e-06,0.000259555629184033,0.973047255315687,0.0266914141928544,6.24025068279099e-09,3
"20788",0.00736452201270552,0.99190482891473,5.88105193950748e-05,1.05402750174543e-06,0.000670784525667553,2
"20790",3.93951339450481e-05,0.656579698339015,0.0947569427522943,0.248623806198348,1.57576397691013e-07,2
"20792",0.0199870936655229,0.553120555988553,0.425564103088277,3.01286795482012e-06,0.00132523438969197,2
"20794",1.51576617060296e-05,0.334902992420886,0.518606159110697,0.146475620460236,7.03464750479392e-08,3
"20796",0.996879583076183,0.000604526089852481,2.7898300816807e-08,1.25443252133909e-08,0.00251585039133907,1
"20798",5.35571821524347e-07,2.55208147549366e-05,0.999972280459989,1.56119572356361e-06,1.01957711511138e-07,3
"20801",1.34939169454597e-05,0.00081475734501328,0.999163992200198,6.90673271704394e-06,8.49805126349993e-07,3
"20803",0.0192582075420455,0.978485864980312,1.16571140133061e-05,1.12022598711013e-05,0.00223306810375819,2
"20805",0.233978480235516,0.765288799088283,5.41859806477847e-05,9.28742983879432e-06,0.000669247265714605,2
"20807",5.35571821524347e-07,2.55208147549366e-05,0.999972280459989,1.56119572356361e-06,1.01957711511138e-07,3
"20809",0.000968528600009952,0.996636642224629,0.000973416374408978,0.000712878704705798,0.000708534096246633,2
"20811",0.0070060616406589,0.0236029444275505,0.967757211324595,5.82006694595139e-06,0.00162796254024957,3
"20813",0.392889823069565,0.54097145516471,0.0632338234048917,0.000370834267211093,0.00253406409362283,2
"20815",3.9088190715869e-07,0.000249825608848018,0.750380294806459,0.249369481079301,7.62348523926734e-09,3
"20817",6.67010389447063e-05,0.971924542069385,0.0279733190838133,4.8144647548933e-06,3.06233431021536e-05,2
"20819",0.243530153737138,0.751993939538672,1.57471093174066e-06,1.02592671177666e-05,0.00446407274613979,2
"20821",0.370999966609658,0.000428697580909382,0.00286608052635151,0.625482602117509,0.000222653165572009,4
"20823",0.0981003102899779,0.889699348827903,0.00948597097175694,5.36967409770632e-06,0.00270900023626467,2
"20825",1.34976443043743e-05,0.93269148618101,0.0669401399909859,0.000353712011987633,1.16417171191152e-06,2
"20827",0.000147391952732884,0.164413937381408,0.83530473357791,9.04188577684556e-06,0.000124895202172322,3
"20829",0.997338100671998,0.00144127534802356,1.22938945112471e-05,1.52233557705318e-05,0.00119310672969627,1
