"","V1","V2","V3","V4","best$classification"
"19811",0.0137902108632882,0.968422287587725,0.0177100697798097,7.74317691772563e-05,2
"19813",1.79513690865261e-08,2.15642396309154e-10,0.999999981832988,9.42880022568145e-20,3
"19815",0.320301174461,0.672518094091417,0.00718073144744085,1.41952080845066e-13,2
"19817",0.0343455690114616,0.964819848994453,0.000829402595638729,5.17939844625741e-06,2
"19819",0.367177620325798,4.80921480127415e-33,0.632822379674202,4.38936638320776e-27,3
"19821",0.150475751125406,0.695298203222382,0.154113039837072,0.000113005815139561,2
"19823",0.00185843702379829,0.000116119805438829,0.998025443170759,4.52739516627889e-15,3
"19825",2.88582358547482e-07,1.6481737656292e-33,0.99999971141752,1.21270230088831e-13,3
"19827",0.0225217053514264,0.148626508469294,0.0118179865872505,0.817033799592029,4
"19829",0.863265305632034,1.44049891325639e-17,0.136734689082739,5.28522626458696e-09,1
"19831",0.0522831778720498,3.39916000670284e-27,0.94771682212795,1.98013769254876e-35,3
"19833",1.05047676445573e-16,1.39215926753403e-63,1,1.84185028343795e-45,3
"19835",0.150475751125406,0.695298203222382,0.154113039837072,0.000113005815139561,2
"19837",0.0401550035239598,0.689284938706485,0.00199240607964673,0.268567651689908,2
"19839",0.127807479116518,1.22197647338417e-18,0.87219205767099,4.63212491893612e-07,3
"19841",4.8421585310693e-10,1.05083499458818e-22,0.601062472420477,0.398937527095307,3
"19843",0.0169283981772599,1.91856270057482e-33,0.98307160182274,3.21602206096571e-39,3
"19845",2.62990268083323e-05,0.377096729104564,0.622876971868627,1.82368978145121e-19,3
"19847",0.458296176771995,0.36492747993705,0.176776343290955,2.88691132645148e-16,1
"19849",1.42432493767119e-09,7.10709777182331e-07,0.999999287865898,8.66173903635707e-18,3
"19851",0.00337407114159832,0.99509236763691,0.0015299051207258,3.65610076579572e-06,2
"19853",2.36940200489619e-07,0.00405873470728854,0.995941028342619,9.89221324135409e-12,3
"19855",0.00121178080431591,0.964522061019436,0.034200455683395,6.57024928531122e-05,2
"19857",0.777041428706683,0.189611379111545,0.0333338354227894,1.33567589823508e-05,1
"19859",0.260174547794598,0.716574704522296,0.0230333125031534,0.000217435179952844,2
"19861",0.000332310206834611,0.986229092029286,0.0134385916693784,6.09450133171657e-09,2
"19863",3.1319297984728e-15,7.99185077812449e-17,0.999993337968698,6.66203129828175e-06,3
"19865",1.80383837819738e-06,0.000155622212191206,0.000963584377690887,0.99887898957174,4
"19867",0.0180288165612346,0.968506650536738,0.013464532902027,5.85471579783166e-18,2
"19869",3.03984308635337e-08,0.000184202688099589,0.999811234330245,4.53258322497521e-06,3
"19871",0.283431288121561,0.701205389259254,0.00344477540380888,0.0119185472153762,2
"19874",0.000341163887289911,0.990759199415519,0.00834055020639347,0.00055908649079769,2
"19876",1.91573782624141e-05,0.999560817459588,0.000379306717567414,4.07184445815238e-05,2
"19878",0.522869535201033,2.09371697472162e-19,0.477130464798967,4.29905307717243e-21,1
"19880",1.07307905898329e-09,4.00867387122869e-07,0.000250447548004374,0.999749150511529,4
"19882",0.000840292002054352,0.133231650109257,0.865928057871731,1.69571492994192e-11,3
"19885",0.416780031836689,0.581789356259412,0.00142926738086579,1.34452303324432e-06,2
"19907",0.00812945021825445,0.822265909784206,0.169604639997537,2.33887276442477e-15,2
"19909",0.993128027304684,5.10954670073401e-11,0.00687197264422081,3.79426817137389e-18,1
"19911",0.975978202760042,8.42389506053725e-14,0.0240215803190016,2.1692087219255e-07,1
"19913",4.78576669277169e-12,8.66151356705404e-14,0.000354866186112036,0.999645133809016,4
"19915",0.000208131413777032,0.00989103969561901,0.000428110409813047,0.989472718480791,4
"19917",0.000481595053909583,4.38184203967433e-06,0.00491011156029205,0.994603911543759,4
"19919",0.05431232902242,0.718612964195889,0.00350991014003524,0.223564796641655,2
"19921",0.00690855822514184,0.992616800859513,0.000474640554784801,3.60560532188324e-10,2
"19923",0.761491222907613,6.19400818926989e-08,0.238508715152305,5.27901715580106e-22,1
"19925",0.000167788388871591,0.000651728204077378,0.000794204111749873,0.998386279295301,4
"19927",0.0314109938011596,0.966785459809034,0.00180354598737128,4.02435194577054e-10,2
"19929",1.5205295546742e-14,2.46151030124647e-10,0.966462161716993,0.0335378380368413,3
"19931",0.793999152710349,0.180864726018143,0.0251361212154366,5.60714760668399e-11,1
"19933",0.995005791326636,1.9304959707868e-05,0.00497490185988267,1.85377333286805e-09,1
"19935",0.974260926795325,0.000421713236399345,0.0253173599523028,1.59728231917784e-11,1
"19937",0.0123131803795174,0.986563473989308,0.00112334562719556,3.97912295207625e-12,2
"19939",0.923363321498602,0.0289874027926988,0.0476492727174055,2.99129352065566e-09,1
"19941",0.804337749876006,1.4075183862385e-18,0.195659304873643,2.94525035132945e-06,1
"19943",2.95348412900486e-07,0.000113563273241071,0.003141070353499,0.996745071024847,4
"19945",0.992030511690979,5.14822078766137e-07,0.00796897308925274,3.97690138943956e-10,1
"19947",0.000438345474980715,6.9681273206158e-17,0.999559610910702,2.0436143170508e-06,3
"19949",0.957952104246517,2.10999544240124e-07,0.0420476847539391,9.52126758961902e-23,1
"19951",0.339562790406123,1.9113413406023e-05,0.129597905789064,0.530820190391406,4
"19953",0.0133288027084408,2.61379236172882e-24,0.986671197291559,1.42695580459295e-37,3
"19955",0.270446777364602,5.98414803351799e-18,0.729553222635398,4.43275575869719e-29,3
"19957",0.0129723271745907,1.1081575014452e-06,0.985858888645601,0.00116767602230677,3
"19960",0.807115552463107,1.31917272850484e-18,0.192884447536891,1.25749854168719e-15,1
"19963",5.20430679650473e-14,1.77648729262912e-37,0.999999999999945,2.64610921264853e-15,3
"19965",0.97127568034891,2.09273737127828e-27,0.0287243196510902,6.6229767940595e-32,1
"19968",1.18024744969718e-05,4.44041370829871e-09,0.998044126587731,0.00194406649735789,3
"19971",3.88330099849873e-10,5.07319297100121e-39,0.999999361817086,6.37794583807081e-07,3
"19973",0.0134256364551154,0.984800876928802,0.000221721980075414,0.00155176463600753,2
"19975",0.000436176772290433,4.33395788890052e-05,0.0144826699500671,0.985037813698754,4
"19977",1.89326379472015e-09,3.6194375769099e-31,0.999999994800276,3.30646059451135e-09,3
"19979",0.972396895511174,3.00365627290627e-35,0.0276031044888259,5.08228847001546e-22,1
"19981",0.986975267514901,0.00871128626067712,0.00431344610340935,1.21012825486118e-10,1
"19983",0.967927613453531,0.0162064181311196,0.0158659684151782,1.70789832103734e-13,1
"19985",0.000177971577152769,0.791528023649819,0.00245592463956206,0.205838080133466,2
"19987",0.908633307894321,0.0138148679696209,0.057456003787355,0.0200958203487033,1
"19989",0.963814167004696,1.10822899699746e-25,0.036185832995304,2.31104488812017e-34,1
"19993",0.968742446820265,8.94593577490978e-09,0.0312571279246356,4.16309163739782e-07,1
"19995",0.994874992342878,2.3095709776906e-08,0.00512496789998873,1.66614228646326e-08,1
"19997",0.0103096339873264,0.988490588975041,0.00117517127091889,2.46057667139841e-05,2
"19999",4.59634363901868e-05,0.00114910260234281,0.00179166333423893,0.997013270627028,4
"20002",1.27602510046584e-13,3.7089192980606e-27,0.999999999708729,2.91143799754569e-10,3
"20004",0.943575531389827,4.77917306848466e-09,0.0564244637468523,8.41480258316404e-11,1
"20006",0.163351588937267,3.26482404284625e-23,0.836648411062733,6.60342678556364e-18,3
"20008",0.366755588862328,1.54366875474188e-22,0.633244411137672,8.68980812187945e-20,3
"20010",0.962436191427697,3.10551151136693e-10,0.0375638082617524,5.35984406521848e-17,1
"20012",0.000402292982561681,3.50576928325994e-06,0.843905440385435,0.15568876086272,3
"20015",0.947455179821794,1.79755448545964e-26,0.0525448201782066,4.15473229276381e-29,1
"20017",0.000640547636968013,0.998118690397649,0.00097407324939324,0.000266688715989655,2
"20019",0.935114853611277,7.38344949580054e-45,0.064885146388723,1.87805368335665e-36,1
"20022",0.985825064926865,4.01118341502282e-10,0.0141749346720158,1.08092207334208e-15,1
"20024",0.00163358243080444,2.94211618003956e-43,0.998366417569196,4.97464507132924e-52,3
"20026",0.00163358243080444,2.94211618003956e-43,0.998366417569196,4.97464507132924e-52,3
"20028",0.000309434052372487,0.973168602989694,0.00164528249360195,0.0248766804643312,2
"20030",0.727545890617492,1.70308211459616e-23,0.272454109382507,7.68312203314577e-16,1
"20033",0.13307201097294,0.0211558229092634,0.00865410979495562,0.837118056322841,4
"20035",0.900343328815913,1.26686123454728e-42,0.0996566711840866,3.09295688650536e-40,1
"20037",0.985684421716935,1.02955388976263e-38,0.0143155782830649,5.46428324505205e-41,1
"20039",3.61344716011436e-09,8.51023942850811e-53,0.999999996386553,2.40226688302088e-74,3
"20041",0.966298859896855,9.43489705937617e-12,0.0337011400937101,8.34786234916577e-17,1
"20044",0.807510624116616,9.43483725201075e-15,0.192489375883346,2.76218374158397e-14,1
"20047",0.599235256585665,7.1840386382006e-52,0.400764743414335,1.52574835516325e-31,1
"20050",0.737082646230558,1.02203169691891e-18,0.262917353769442,1.16931679117427e-17,1
"20052",0.832138002538879,0.00788167178898345,0.0221634342263473,0.137816891445791,1
"20054",0.966773218564543,3.44604516350558e-16,0.0332267814354568,7.54017405455403e-18,1
"20056",8.42884825395555e-05,1.66767976766166e-11,0.0730517469681325,0.926863964532651,4
"20058",0.965409231113447,3.7084850782885e-25,0.0345907688865533,4.8995056814512e-39,1
"20060",0.113570794129386,0.871074763676361,0.0153542810813114,1.61112942072836e-07,2
"20062",0.970998560751428,0.0241223717894586,0.00487889728737256,1.70171740425685e-07,1
"20064",0.997367711647202,2.28418815869174e-08,0.00263094031851818,1.32519239843338e-06,1
"20066",0.705851270229327,1.26824410613389e-35,0.294148729770673,1.06828145806978e-23,1
"20068",0.0151414928499254,0.982271702246375,0.00258680461573732,2.87961794983053e-10,2
"20070",0.279152261192361,0.660042934619426,0.0608048041882069,5.37982051848456e-15,2
"20072",0.659914847727273,2.71962061315158e-22,0.340085152272727,4.5845431225653e-37,1
"20074",2.07393788135009e-14,5.51567583808189e-13,0.00491563156108321,0.995084368438344,4
"20076",0.0124887567414214,5.55087421140843e-06,0.949965172026082,0.0375405203582856,3
"20078",0.995859428512628,3.98346032578659e-11,0.00414057138597269,6.15646231904360e-11,1
"20080",0.98928854159589,5.9086381564047e-35,0.0107114584041101,4.12151172594236e-27,1
"20082",2.65250245099227e-05,6.75115918807122e-35,0.99997347497549,2.39489626147643e-40,3
"20084",0.830639404861589,3.44732955747115e-17,0.169356109629978,4.48550843293509e-06,1
"20087",0.988730548232548,7.84238917224927e-11,0.0112694516890279,4.28856709540069e-22,1
"20090",0.972538291689884,1.87057951397558e-33,0.0274617083101161,4.05696468035307e-28,1
"20092",0.00352818331364827,1.72416501696102e-14,0.996471816686334,1.40324258130651e-47,3
"20096",0.076949572452311,1.13984456978377e-09,0.92305042640783,1.42671630185237e-14,3
"20098",0.0509781084226968,0.441644301523283,0.00709386164780151,0.500283728406219,4
"20101",0.988772635611316,1.11295345987645e-28,0.0112273643857739,2.90998397549542e-12,1
"20104",7.57084842751517e-10,2.71474030886394e-14,0.999999999242888,1.49684020491352e-33,3
"20106",0.992783510358361,1.37825941996954e-17,0.00721648962834833,1.32901790757573e-11,1
"20108",0.0686226958485029,0.928154723229277,0.00311390769818679,0.000108673224033386,2
"20110",0.127488596617931,5.90621428765999e-11,0.872507689798673,3.71352433363896e-06,3
"20112",0.987747420209211,2.20041373599559e-16,0.0122525797907882,1.80265783312668e-16,1
"20114",0.942976911298065,4.02138943409805e-13,0.0569135927893635,0.000109495912169025,1
"20116",0.929503743428546,2.90300841408392e-13,0.0704866587727123,9.59779845142876e-06,1
"20118",0.962838523764422,0.0106168208534433,0.00631542749602733,0.0202292278861071,1
"20120",0.849282403586653,1.00662164927216e-19,0.150717596394451,1.88959904442138e-11,1
"20122",5.73727578016001e-07,1.99533133118392e-07,0.000915179120300514,0.999084047618988,4
"20124",0.949410581027828,7.63338432859585e-31,0.0505894189721716,3.88521272019034e-33,1
"20126",2.79091264002049e-08,7.77860217358111e-50,0.999999972090874,2.57964064316475e-51,3
"20128",8.1626533566148e-05,5.12646970863413e-71,0.999918373466434,2.99352903827444e-58,3
"20141",1.80301886197563e-05,2.36365142224895e-07,0.999981733446238,9.08146870267879e-19,3
"20143",5.96816222369861e-11,1.84896058708982e-24,0.986614180572837,0.0133858193674817,3
"20145",0.98949685758075,2.00026599077825e-10,0.0105031422184681,7.5528877246461e-13,1
"20147",0.998233313984557,3.57025697140003e-12,0.00176668601044548,1.42697388592308e-12,1
"20149",6.01291110986835e-07,5.0111640487671e-05,0.00392473646543864,0.996024550602963,4
"20151",0.0235963833740352,0.711786156156082,0.00127449368445932,0.263342966785423,2
"20153",0.0180172668261276,1.13718521105092e-08,0.357676944632068,0.624305777169953,4
"20155",0.993935505105912,1.90635194313258e-20,0.00606449489408776,1.56426990532211e-20,1
"20157",0.00490376189976107,0.0855081999295597,0.0343139776351612,0.875274060535518,4
"20160",5.98789222096967e-12,2.75629221831939e-12,0.000152684606610941,0.999847315384645,4
"20162",2.85319686967545e-08,0.000406819063484187,0.000345968032068593,0.999247184372479,4
"20164",0.00500404636945587,1.19462775482543e-07,0.0410169502696405,0.953978883898128,4
"20166",0.133604072066781,3.41678585257992e-30,0.866395927933212,6.73424951937885e-15,3
"20168",3.09474661856138e-11,1.01114297799942e-27,0.999999999969053,1.19608016050237e-19,3
"20170",0.00178919601934347,4.37619126607036e-05,0.00261259240539868,0.995554449662597,4
"20172",0.989802260000649,8.94656922671573e-11,0.0101977399098849,6.19097436108169e-23,1
"20174",3.93688194634715e-06,0.987934867687824,0.0114189345703568,0.000642260859872507,2
"20176",2.93002500611113e-07,2.28737811959744e-19,0.999999706997499,1.26681988139042e-19,3
"20178",1.85877652613402e-12,5.80863799914681e-13,0.000315932956890547,0.99968406704067,4
"20181",0.681595530019567,1.78146803578005e-26,0.318404469933633,4.67996315709595e-11,1
"20183",0.118131082308737,0.870692152261365,0.0111767654260092,3.88837958549711e-12,2
"20186",0.505557352992584,0.00554904678565487,0.488893600221762,1.14144789963986e-32,1
"20188",7.21806440033206e-10,1.80711349149752e-11,0.000747985044863399,0.999252014215259,4
"20190",0.995132502380526,3.59024101892323e-26,0.00486749761947401,5.44786769253952e-23,1
"20193",2.14307783970367e-09,4.59050447041598e-28,0.999989696481787,1.03013751351282e-05,3
"20195",0.101773135878135,2.13146163940345e-07,0.0336106040407778,0.864616046934923,4
"20197",0.992308520199546,4.49736846405159e-14,0.00769147980040896,2.98660087385629e-19,1
"20199",2.80364990126243e-05,1.39687596785815e-06,0.00416074152171216,0.995809825103307,4
"20205",2.68471792865729e-06,2.63308628233489e-31,0.999997315282071,2.04231114922582e-47,3
"20208",0.854331730228228,0.019044356899264,0.0907231633377969,0.0359007495347112,1
"20210",4.49548835534175e-07,0.000112043253783354,0.000237157343076438,0.999650349854305,4
"20212",0.00394378756325197,0.0059062411366392,0.0222649269469243,0.967885044353185,4
"20216",0.983301119093311,6.71133557823872e-15,0.01669888090638,3.01991521262058e-13,1
"20219",0.60374644063466,1.12237073223606e-16,0.396253559365339,1.15280647609953e-15,1
"20223",0.0314499538892803,1.566920635025e-43,0.96855004611072,1.40496173638592e-52,3
"20226",0.96207410003921,5.97566940620915e-09,0.037925886668408,7.31671254268574e-09,1
"20230",0.994018237335969,2.67966976049308e-31,0.00598176266403138,3.14626213255496e-29,1
"20233",1.75666447604874e-12,1.29993554368095e-25,0.999999999998243,8.40847742733421e-35,3
"20235",0.0647887148540899,4.40259110639643e-32,0.93521128514591,1.20601045222578e-45,3
"20239",0.571615266532203,1.52336639631204e-13,0.428384733467644,1.30856368836724e-25,1
"20254",8.67896974858693e-05,4.88110968358231e-43,0.999913210302514,1.06291797763144e-42,3
"20256",0.987903401838818,3.22996764270007e-21,0.0120965981611821,9.45482173480957e-32,1
"20262",0.000431864501940456,0.00648170050126171,0.00032299571195876,0.992763439284839,4
"20270",0.116211379380619,1.70467782224184e-19,0.883788620619356,2.51959615034813e-14,3
"20284",0.078564919674354,1.9762449974504e-06,0.921433104080649,1.38554527995033e-18,3
"20287",0.870020316743704,1.10536469039316e-41,0.129979683256296,5.26652619191254e-43,1
"20290",0.00038662971755128,3.42640066382907e-22,0.999613370282449,8.71918100869205e-22,3
"20293",0.990651481158967,5.40726905127249e-08,0.0093484647658,2.54209352831119e-12,1
"20296",0.117191830743829,0.00454352825911102,0.410179593504403,0.468085047492657,4
"20301",0.0971544483610695,9.70691555076297e-59,0.90284555163893,1.11767142363291e-27,3
"20304",2.46998866675237e-05,1.94416419252299e-31,0.999975300113332,1.20624561093713e-40,3
"20306",0.972668951367714,9.0703465408424e-30,0.0273310486322862,3.48456341863249e-36,1
"20309",0.9759219082942,1.46650997405045e-09,0.0240780902391501,1.40380064428238e-13,1
"20311",0.977126569677866,2.15363779604455e-17,0.0228734303146117,7.5221399457838e-12,1
"20314",0.119966690506063,0.36957954360564,0.00322207975427622,0.507231686134021,4
"20318",8.12293437209393e-08,7.91896580720788e-22,0.971997669127741,0.0280022496429156,3
"20320",0.480524014205777,1.21377212886852e-05,0.519463848072821,1.13035270400748e-13,3
"20326",0.522133684696988,0.383808029027186,0.0127541260315043,0.0813041602443214,1
"20328",0.6740705599337,0.000157114008922969,0.325772326057378,6.011258406625e-27,1
"20330",0.872501527655288,6.71847105744291e-22,0.127498472344712,4.35832529536344e-26,1
"20336",0.0151751071019351,5.36393691569436e-10,0.984824892361671,1.24706209465313e-28,3
"20338",0.0157211790428846,3.11775651647203e-22,0.984278820957115,2.43073499256399e-19,3
"20340",0.826374028893827,4.36349068120626e-33,0.173625971106173,5.43961329488315e-34,1
"20342",1.63703012178149e-11,3.71475661577782e-48,0.99999999998363,1.3843183983916e-35,3
"20344",0.985725006150412,8.66528761608555e-17,0.0142749938495882,3.70881898256023e-26,1
"20349",0.99214517056002,1.35896788479346e-23,0.00785482943997995,5.51569495034429e-32,1
"20351",0.954233464119669,1.26168943224398e-10,0.0457665357537678,3.94361199541855e-13,1
"20353",0.964928020943013,1.05180695010038e-28,0.0350719790569874,1.00054610237078e-29,1
"20357",0.000105973645747666,1.66981261956791e-33,0.999894026354252,1.01220248529563e-53,3
"20360",5.3260861661188e-07,3.87756618787817e-39,0.999999467391383,7.10625694885653e-45,3
"20364",0.989987698692162,2.24738260453031e-10,0.0100123010830999,5.28236032091217e-16,1
"20366",5.7689494507407e-05,8.31474157670981e-16,0.999942310505492,2.51514619468528e-33,3
"20381",1.26551240017062e-09,2.64627269552516e-10,0.99999996917746,2.92924001440209e-08,3
"20391",0.0120585781733311,2.73948063465807e-12,0.987941421823929,1.68767534830235e-43,3
"20394",0.337955861715411,0.634768397027361,0.027275721370811,1.98864171748937e-08,2
"20396",3.6081298923743e-06,0.0677917657824619,0.82666446873642,0.105540157351226,3
"20409",0.859613056154979,3.54034366489057e-09,0.140141075363317,0.000245864941360231,1
"20411",0.890194021444741,8.9470574944329e-21,0.109805978555259,1.62392166371831e-36,1
"20416",6.46163300374474e-05,3.37610340127418e-59,0.999935383669962,1.13642732557783e-69,3
"20418",1.16731827445517e-07,0.00446397023935503,0.31861805766303,0.676917855365787,4
"20420",2.75695312794295e-09,1.83035563629915e-17,0.999999997243047,1.39789240000276e-29,3
"20422",0.926247792705024,1.0595936220757e-25,0.0737522072949757,2.29943080952403e-19,1
"20424",0.960638049235046,1.50017822190508e-20,0.039361950764954,4.09328289778468e-34,1
"20426",3.93907859834541e-13,2.57099560243788e-44,0.999999999999606,2.48588002430656e-29,3
"20428",0.994343901683386,6.1992286835864e-09,0.00565609211738549,3.84653246985645e-17,1
"20431",0.657216404418246,3.29156501079947e-10,0.342642861401278,0.000140733851319185,1
"20433",0.170624786740481,6.05653492954586e-45,0.829375213259519,6.21876396961813e-38,3
"20436",3.41867847542733e-05,3.33175541295218e-26,0.999965813215246,1.81826081477142e-21,3
"20439",6.83049738789993e-06,0.969514267661886,0.0304451482931655,3.3753547560989e-05,2
"20441",0.000466901187760157,5.90073615520057e-29,0.99953309881224,4.61662320347664e-33,3
"20444",1.07479598542835e-10,7.66729061562306e-07,0.000784681170303761,0.999214551993155,4
"20448",0.0742508527866999,8.95011260928169e-07,0.925745657925218,2.59427682063942e-06,3
"20536",0.00317405196694231,0.909379839060293,0.0874461089726888,7.60419688145501e-14,2
"20538",0.00884886598338477,3.34264912377341e-14,0.991151134016582,3.51122897398804e-32,3
"20541",0.876565456913659,2.8885133720073e-34,0.123434543086341,7.62995121616463e-34,1
"20544",0.996182961449019,9.0622496739816e-06,0.00380797626132749,3.99793067627512e-11,1
"20546",0.975129151513346,9.24231414811578e-15,0.0248708484866443,5.70558621632911e-29,1
"20550",0.896491734558101,8.22838540683102e-15,0.103508265441878,1.36504301964423e-14,1
"20553",6.2396965410209e-10,4.57153711929631e-94,0.99999999937603,5.24472786154737e-54,3
"20555",1.17575355536874e-09,1.99862183465166e-22,0.999999998824247,9.02338021311285e-45,3
"20557",0.936544532737173,6.06791931446283e-12,0.0634554672559671,7.91915473323313e-13,1
"20559",0.995693879081513,3.52911899838558e-15,0.00430612091847174,1.18509283620504e-14,1
"20561",0.00745099879653659,3.06048743265254e-05,0.00564909850319485,0.986869297825942,4
"20564",1.85877652613402e-12,5.80863799914681e-13,0.000315932956890547,0.99968406704067,4
"20566",0.968325504285185,1.16596271243001e-08,0.0316744840407561,1.4432163441052e-11,1
"20569",9.14008455534057e-05,0.00523483234578004,0.00315013630936581,0.991523630499301,4
"20572",7.88604767565203e-06,2.32264684653356e-08,0.0454472440983828,0.954544846627473,4
"20574",0.995141071706343,5.34209765877005e-21,0.00485892829365691,4.0536660547221e-16,1
"20576",1.17283104733839e-08,1.7831899587442e-12,0.000488255678503759,0.999511732591402,4
"20578",0.998400650910139,4.12452539412425e-06,0.0015945131094879,7.11454979042266e-07,1
"20580",0.994378194220399,5.15020333014976e-06,0.00561665537451183,2.01758738841392e-10,1
"20583",8.92095727435404e-10,5.79846546946061e-11,0.000228390217236549,0.999771608832683,4
"20586",0.982543271607564,2.50388876211657e-07,0.01745647800356,1.53080935563542e-20,1
"20589",0.991309638187352,3.07815850711753e-23,0.00869036181264762,2.93756388518883e-35,1
"20591",0.0407796642760317,9.86089730146823e-09,0.959220325863071,4.00765451653326e-24,3
"20593",0.949843541725888,3.05730790573069e-50,0.0501564582741121,5.35970940744046e-34,1
"20595",0.993047069848199,2.61325600109249e-13,0.00695293015107515,4.64364763944373e-13,1
"20597",1.27059137930421e-08,0.00600805054018429,0.993991936753902,9.29701212489678e-19,3
"20599",1.06530417425188e-11,1.33274545355739e-14,0.000328383773705164,0.999671616215629,4
"20601",0.130024566571683,0.868841476603112,0.00113348312589583,4.73699308568357e-07,2
"20604",0.994120440680053,2.97407662824176e-31,0.00587955931994738,9.58313730442174e-22,1
"20606",0.988956825032763,2.79759281933696e-27,0.0110431749672368,1.64766891226985e-25,1
"20608",0.986585367218091,1.02783936031192e-19,0.0134146327819094,4.31444967353541e-21,1
"20610",3.68896253432383e-06,2.00295661218988e-11,0.00836837599946524,0.991627935017971,4
"20612",2.28359239127312e-11,2.75314865961637e-38,0.999999999977164,1.91836444353107e-40,3
"20614",1.50460237943019e-06,0.000128458504906722,0.000498734420614055,0.9993713024721,4
"20616",0.450893514328326,0.00796175722271665,0.541144358864932,3.69584025711625e-07,3
"20618",7.83851946807037e-05,2.00273622113496e-20,0.999921614805319,1.08918164368164e-24,3
"20620",0.73243610065511,5.62975817023262e-28,0.26756389934489,1.00694394254379e-16,1
"20622",9.25889017385057e-07,1.39578260545942e-11,0.00265013266731534,0.99734894142971,4
"20624",0.743301016942223,2.46536260068763e-22,0.256698983057777,7.34522294724459e-34,1
"20626",0.258131331085123,5.11510804322069e-15,0.741868668914144,7.27855279154763e-13,3
"20628",0.0908236189590694,3.4465293142854e-13,0.909176381040586,4.1355299738596e-22,3
"20630",0.941576361264883,4.76717342493663e-16,0.0584236383492955,3.85821362124824e-10,1
"20632",1.36048795325799e-09,1.43341266554456e-06,0.00137346917502346,0.998625096051823,4
"20634",0.99377509109504,4.63758940185167e-26,0.00622490890496033,1.98586863757416e-25,1
"20637",0.00231701465862499,1.19522936004622e-34,0.997682985341375,1.16774039844585e-23,3
"20639",8.0797782275797e-05,1.52977382768752e-08,0.0104047935053383,0.989514393414648,4
"20644",2.31198172980179e-09,1.07759045181329e-83,0.999999997688018,7.06656308198364e-65,3
"20646",8.28612811563388e-05,1.32465630028867e-43,0.999917138718844,2.22783943116811e-34,3
"20648",0.0158752720919166,0.288872515734266,0.0030164399550234,0.692235772218794,4
"20650",0.111041551050643,3.53327765029894e-32,0.888958448949357,7.94129783955066e-39,3
"20653",0.131271404603904,0.000451216072424269,0.868277379261831,6.18400258558866e-11,3
"20658",0.906506664320045,1.91389210680445e-22,0.0934933356799548,7.17736964389937e-34,1
"20661",5.18887880184211e-06,7.7857291038248e-24,0.999994811121198,2.71873100935413e-46,3
"20663",0.99040717185754,0.00181387692284971,0.00777895121960668,3.44621548684643e-15,1
"20665",3.60619864633251e-11,7.63270545700841e-14,0.000904873733208523,0.999095126230653,4
"20667",0.662418668047514,4.66094087670908e-09,0.33758132729142,1.24562712670768e-13,1
"20669",4.88088654207003e-07,0.0521930462555543,0.947806465655792,3.05125992208612e-17,3
"20671",0.351242060887032,1.28318571590969e-18,0.648757939112967,6.86761865511644e-16,3
"20673",3.83063441031936e-09,0.0169515224014422,0.983048473766038,1.88536713939137e-12,3
"20675",0.121600706793592,0.475211456976943,0.403187836229465,1.22217653635829e-17,2
"20677",0.964695494718169,0.000953270058511715,0.0343512352233197,1.9171591825896e-17,1
"20679",2.61101932284513e-07,0.17108044777346,0.828918243535342,1.04758926627219e-06,3
"20681",0.000453178908568812,0.995737154157235,0.00380966693419621,1.08418742533976e-16,2
"20683",0.922702569031975,4.35386658618146e-06,0.0772930771014383,3.99357420429151e-16,1
"20685",9.65867132096448e-09,1.49800969213339e-17,0.999999990341329,5.38126230175156e-31,3
"20687",6.52292061195715e-05,0.953724028908927,0.000893627769709479,0.0453171141152438,2
"20689",7.45350591338091e-10,7.49633613671249e-64,0.999999999254649,6.47375312094245e-72,3
"20691",2.18117489495062e-09,2.39719035772163e-06,0.000780280836636072,0.999217319791831,4
"20693",0.938887811718573,2.39611070072312e-29,0.0611121882814271,1.638267614537e-36,1
"20695",0.111080884121992,0.664262677660495,0.0268800974653426,0.19777634075217,2
"20697",0.982281503793742,1.57793388709575e-22,0.0177184962056089,6.49183955462287e-13,1
"20699",0.987931923121331,0.000777756111945905,0.0112903207666765,4.65020729988184e-14,1
"20701",0.986286716104066,8.16083836033344e-10,0.0137132830798502,1.98581592771726e-26,1
"20703",1.09889871543071e-11,5.92137102985505e-17,0.999999999989011,5.60849887933343e-26,3
"20705",0.963236376851015,2.27166365963521e-18,0.0367636231489848,7.47240222565629e-25,1
"20707",0.0972643926915926,0.897447304473179,0.00528826454610311,3.82891254641847e-08,2
"20709",0.236423547627422,6.69995658915503e-07,0.760561188197474,0.00301459417944467,3
"20713",0.00111703915294592,0.000270038997488994,0.998612921844227,5.33786403172616e-12,3
"20715",1.53803768221398e-06,2.7479816367276e-71,0.999998461962318,1.54812614104541e-24,3
"20717",0.013079984856087,0.974093874311723,0.0120183254208972,0.00080781541129291,2
"20720",0.991295920948307,2.7013111930716e-15,0.0087040790516884,1.96940164151112e-15,1
"20722",0.987277823845822,8.31739955904634e-10,0.0127221753223437,9.37917403994141e-14,1
"20724",0.000954500453553122,0.997761799254476,0.000217528951414912,0.00106617134055569,2
"20726",0.951406140200921,3.37169715804228e-29,0.048593859799079,1.54182949596971e-34,1
"20728",0.00020683413489626,0.998998616722788,0.000794549138688165,3.6272102926278e-12,2
"20730",0.0245715682446079,0.965257995477328,0.00167356574767667,0.00849687053038713,2
"20732",0.0739663951196354,8.39164050169496e-24,0.926033604880365,2.6939749743414e-30,3
"20734",0.992740694053013,0.000612674501510283,0.00664663143714902,8.32697004621733e-12,1
"20736",4.8885616054361e-05,0.000100376000627578,0.000768443554137805,0.99908229482918,4
"20738",2.65160570016614e-07,8.6365580446656e-41,0.99999973483943,5.48848323066785e-22,3
"20740",0.0300378860362278,2.62186076988682e-14,0.969962113963746,3.61875645671032e-49,3
"20742",0.0203733359443359,0.892017881470967,0.08760878258466,3.68256164004402e-14,2
"20744",5.91901736004284e-08,0.000131489168723529,0.004363922302904,0.995504529338199,4
"20746",0.875919170619746,0.119242377041889,0.00483845228888731,4.94766738913453e-11,1
"20748",0.000870235591018382,0.963021809439595,0.000812135558812159,0.0352958194105747,2
"20750",0.0148973938374833,0.372021250823787,0.00411285923942128,0.608968496099309,4
"20752",0.992840750551596,5.75420646085748e-08,0.00715919190633913,3.27700619744243e-21,1
"20754",2.26117526802495e-08,0.000888086833816435,0.99911189055362,8.1079045287537e-13,3
"20756",0.890044601668446,0.0077697920446903,0.0295953942804595,0.0725902120064044,1
"20758",8.60291260399591e-06,5.1751595651052e-16,0.999991396425451,6.6194441167906e-10,3
"20760",0.000263438651785157,0.977984382073475,0.00105106723959375,0.0207011120351455,2
"20762",5.74421355112626e-08,0.00251062919997416,0.997489313357889,7.81258979509877e-16,3
"20764",9.16101641953408e-05,0.188041495026902,0.0808363735468719,0.73103052126203,4
"20766",0.00114944947912062,0.645718248946141,0.0013619709800292,0.351770330594709,2
"20768",0.00337850505506466,0.00316624608735945,0.000669896448028449,0.992785352409547,4
"20770",0.096934908417765,0.00216632301249941,0.900898768569735,2.45052509290086e-16,3
"20772",0.992822949525581,1.06778955649778e-26,0.00717705047441853,2.60132771713305e-22,1
"20774",0.0274402445526488,1.24686252884038e-58,0.972559755447351,1.1326481734509e-54,3
"20776",0.858210081203586,0.0156614159053446,0.126128502891069,2.5699900507814e-22,1
"20778",9.10840575544225e-05,6.28588788780332e-74,0.999908915942445,4.26949944378551e-48,3
"20780",4.24284339439734e-12,2.27539646065473e-15,0.999999999995008,7.47190684857059e-13,3
"20782",1.18651645368291e-09,0.000216413252680698,0.999783585557013,3.78939409555285e-12,3
"20784",6.68536910110033e-07,0.000641257424870227,0.9993580740382,1.97659550963498e-14,3
"20786",6.48035098280649e-12,2.12554454559271e-11,0.0254749204163691,0.974525079555895,4
"20788",0.112682797085618,0.884546684846654,0.00277051093785332,7.12987491453369e-09,2
"20790",0.000246547527416031,0.970215559083196,0.029435078367512,0.000102815021876055,2
"20792",0.583222396155968,1.73012661083607e-05,0.416595602994796,0.00016469958312769,1
"20794",1.96641598527498e-05,0.988045359911454,0.0116584182477317,0.000276557680961834,2
"20796",0.989985132014258,4.46893915078832e-22,0.0100148679857419,6.10627299323264e-30,1
"20798",1.85877652613402e-12,5.80863799914681e-13,0.000315932956890547,0.99968406704067,4
"20801",2.02920158908099e-06,7.91313656723672e-23,0.999932272300693,6.56984977184086e-05,3
"20803",0.904934818484047,0.0609092919728389,0.0341558895347514,8.36247012916664e-12,1
"20805",0.992013712230138,0.000146126661952045,0.00784016110790994,1.3873482687536e-16,1
"20807",1.85877652613402e-12,5.80863799914681e-13,0.000315932956890547,0.99968406704067,4
"20809",0.0569160361982127,0.0129419762176813,0.930141987584103,2.37684254231757e-15,3
"20811",0.000223493851739424,1.97138014536363e-19,0.999775309687881,1.1964603795968e-06,3
"20813",0.417049053860944,3.77558194400787e-10,0.58293500984726,1.59359142375306e-05,3
"20815",9.83828768947088e-15,7.22264388647132e-16,0.499701272900384,0.500298727099605,4
"20817",0.00226684924775879,0.997455177421299,0.000256157293734799,2.18160372079347e-05,2
"20819",0.971976437006377,0.00388099718938264,0.0241425658042403,2.99679919754673e-18,1
"20821",3.99010310589831e-09,8.20843622985145e-43,0.999999996009897,1.51607500570015e-25,3
"20823",0.990492225945728,0.00192573843879234,0.00758201707998546,1.85354942723677e-08,1
"20825",0.0009071774259687,0.998167621261426,0.00092449923860524,7.0207400043308e-07,2
"20827",0.0295465237925877,1.53020698686304e-06,0.349076841044195,0.62137510495623,4
"20829",0.314890043855792,2.89698993201402e-30,0.685109956144208,1.28645716280814e-25,3
"20831",0.00517830373513976,0.991243761198409,0.00357793015048273,4.91596871010388e-09,2
"20833",1.44672212273373e-12,9.14128720780544e-07,0.999999085866517,3.31524979422706e-12,3
"20835",0.00371006706600957,0.986456017332119,0.00243121458163455,0.00740270102023645,2
"20837",0.0402219351999207,0.937288384898571,0.0107369017564773,0.0117527781450311,2
"20839",0.00123345474956761,0.995382751535884,0.000844535867560164,0.00253925784698869,2
"20841",0.344490755005279,5.00866348152337e-12,0.655509244989712,2.1191271103238e-29,3
"20843",0.128748806301186,0.864915611129031,0.00633558256956876,2.14007594256717e-13,2
"20845",0.258963082195304,0.345260020018383,0.394216006331215,0.00156089145509872,3
"20847",0.991608839124746,1.2549086301027e-05,0.00837861178358501,5.36750887317698e-12,1
"20849",0.984481458759054,7.45528832173014e-07,0.0155177917046896,4.00742466620507e-09,1
"20851",0.976488335490695,6.60003687837303e-08,0.0235115985089333,2.31732377106036e-15,1
"20853",0.908962060471415,3.53983015255415e-22,0.0910379395285846,1.61180377793135e-28,1
"20855",0.895944444023302,1.11707119232082e-23,0.104055555976688,1.02633885335419e-14,1
"20857",0.982403750695436,0.000565413096500832,0.0170308358926653,3.15397616285891e-10,1
"20859",0.99655552426448,1.45317797364986e-10,0.00344447558791254,2.29017407728858e-12,1
"20861",3.47298156582052e-07,2.11585124018952e-15,0.999999652701841,8.12808102109801e-23,3
"20863",9.26933438907213e-05,0.000887168574069046,0.00171513810990168,0.997304999972139,4
"20865",0.00630139561623207,0.960861596758432,0.0328370075686349,5.67007192109235e-11,2
"20867",0.507169021619689,8.65790758867825e-56,0.492830978380311,7.49374758828831e-45,1
"20869",0.00221331487531633,0.000795975545931655,0.00629996980765216,0.9906907397711,4
"20871",0.0300530188612473,6.43247072800567e-50,0.969946981138753,2.16482802322402e-23,3
"20873",0.732130503923241,2.01103130057939e-35,0.267869496076759,1.5669000039994e-16,1
"20875",0.994478625201368,1.56521469346643e-13,0.00552137479847569,6.66457869619769e-18,1
"20878",1.04069090155504e-14,2.78374995809399e-15,0.998345009385081,0.00165499061490569,3
"20880",8.97483114544877e-13,2.48560440712847e-10,0.999999999683078,6.74637637457389e-11,3
"20882",0.944067860798979,6.75156288510299e-28,0.0559321392010212,1.13770823959895e-26,1
"20884",0.0141924213163351,0.945293749066616,0.00435859643876633,0.0361552331782828,2
"20886",0.0044308151733499,0.000649050152817917,0.00195768836169311,0.992962446312139,4
"20888",1.406817371755e-08,0.630231693386971,0.36972965467495,3.8637869906117e-05,2
"20890",0.0086060480841154,0.929532722763845,0.000416355917866879,0.0614448732341727,2
"20892",0.97326196388518,2.08409142405968e-06,0.0267359520233947,1.02442072570919e-15,1
"20897",0.930270483690086,0.000102350290938839,0.0696270973839423,6.863503336998e-08,1
"20899",0.938959765233249,0.0348506453436514,0.0261757674538666,1.3821969232577e-05,1
"20901",1.5143457549993e-10,1.60571290249475e-44,0.999999999848565,3.18805464626926e-53,3
"20903",3.07292237589088e-05,4.6225432197643e-65,0.999969270776241,8.63894464072123e-27,3
"20905",0.000517486340851286,5.75727957047921e-31,0.999482513659149,1.11232283852977e-20,3
"20907",0.881838596030678,9.13243039889116e-21,0.118161403969322,2.23415342338179e-32,1
"20909",0.328643717601165,2.4536340568322e-07,0.671356002740094,3.42953351212363e-08,3
"20911",1.60894696153793e-11,1.0380348618729e-67,0.99999999998391,6.59103135234476e-69,3
"20913",0.757768376073875,0.144258945097294,0.0979655435900904,7.13523874063788e-06,1
"20962",0.997979949579066,1.39515473428505e-06,0.00201865525355548,1.26442749326704e-11,1
"20969",0.838081525196,6.40354775524265e-18,0.16191846045358,1.43504200246239e-08,1
"20980",0.992337775964958,6.81062245808908e-08,0.00766215562326552,3.05552195783672e-10,1
"20982",0.995609220088811,1.12101632480474e-10,0.00439077979908724,2.43303421951274e-21,1
"20984",0.55073018786783,0.0157679805971017,0.433501811160686,2.03743823532447e-08,1
"20994",0.971255806827361,6.52365607852826e-17,0.028744193172507,1.31912989868777e-13,1
"21015",0.00028286850516617,0.218522766380037,0.767789888447388,0.0134044766674086,3
"21023",0.873756728428826,1.96341908221686e-24,0.126243271571174,1.22241595389066e-30,1
"21040",0.124853385935698,8.56828445553087e-14,0.875146614064216,2.39617459979802e-36,3
"21073",0.827458339304344,5.02878925009689e-08,0.172541610407433,3.30645728834437e-13,1
"21222",0.015462781369387,0.966799396425147,0.00221898354017613,0.0155188386652894,2
"21224",0.961484674740093,0.0235955064984369,0.014919736055057,8.27064126985372e-08,1
"21228",0.000195417314718463,4.25190345265718e-24,0.999804582672855,1.24266934887036e-11,3
"21232",0.974368726101764,1.58547616509849e-21,0.0256312738982365,8.45282682826044e-31,1
"21237",0.0407860250242121,1.13482113589792e-35,0.959213974975788,5.62239863611707e-27,3
"21240",0.00118424012661653,0.998419321890389,0.00039553427310637,9.03709887889038e-07,2
"21245",0.000427319772109388,0.977463256227751,0.000364637096398825,0.0217447869037404,2
"21252",0.92360162901266,8.21276189788192e-16,0.0763983709873397,2.47699285777967e-35,1
"21254",0.67466130996696,3.25706477272643e-13,0.325338690032714,2.16279632253782e-23,1
"21258",0.901983405922154,1.81700212459764e-11,0.0980165924925545,1.56712205443278e-09,1
"21264",0.285402760755474,0.456631990927778,0.00967338862160141,0.248291859695147,2
"21305",0.00216707305912185,6.71967726212894e-09,0.997832920218497,2.70419040352275e-12,3
"21333",0.976753525899435,1.45276697541134e-09,0.0232464726477978,4.67925364123765e-27,1
"21366",0.735367282237656,0.186636868659033,0.0779958474077138,1.69559711572004e-09,1
"21377",6.94664117603134e-07,5.60780766162533e-08,0.00124140909461593,0.99875784016319,4
"21380",1.83257897150718e-09,1.71397410212845e-42,0.999999998167421,7.4669797150593e-28,3
"21387",7.89690648468588e-13,6.16922080319982e-65,0.99999999999921,2.48723075753601e-75,3
"21390",0.879163844612184,7.91857184002974e-17,0.120836155387816,1.82105672750902e-30,1
"21392",0.953040266503711,5.29482359612945e-07,0.0469592039017935,1.12136566450797e-10,1
"21403",0.986509212046331,1.20480400032522e-12,0.013490270515625,5.17436838879442e-07,1
"21408",0.961241186572127,4.2437819337157e-23,0.0387588134278725,2.00371654678539e-18,1
"21412",0.000210949485960187,5.59398021349048e-29,0.99978905051404,1.10608687487118e-22,3
"21421",0.938970700919339,0.0513249625798807,0.00970428856184657,4.79389336882527e-08,1
"21424",0.00405174121836395,1.26236925065916e-38,0.995948258781636,4.5518898720737e-42,3
"21429",0.990426485588856,3.68988023608663e-17,0.00957351441112579,1.78965484683837e-14,1
"21431",0.967655031169954,0.000352947902049623,0.0319920186703436,2.25765333318127e-09,1
"21436",2.02688071737997e-05,8.57086983292533e-06,0.999971160322993,6.38353204838077e-18,3
"21439",0.999029877474956,1.49767522150367e-08,0.000969849525891851,2.58022399618055e-07,1
"21442",0.883679015861487,0.000138848882608313,0.114492040163161,0.00169009509274311,1
"21444",0.000378650413849404,0.997194096924542,0.00242725251365542,1.47953540558319e-10,2
"21446",1.65336203218532e-14,2.15938952744717e-17,0.999956384300414,4.36156995698081e-05,3
"21448",1.30767546304521e-13,3.87574457100417e-27,0.999999999999869,1.95006832858533e-40,3
"21450",0.572157157475378,3.79778899475561e-14,0.427842841893888,6.3069656301152e-10,1
"21452",0.931040204629078,2.08089093206637e-14,0.0689597953709013,3.13711496327536e-24,1
"21466",0.843290635677713,3.25726663606901e-29,0.156709364322287,1.16095548451094e-41,1
"21470",0.997340959610488,2.5711000810059e-08,0.00265901467648981,2.02180191952514e-12,1
