"","V1","V2","V3","V4","V5","V6","V7","best$classification"
"19811",0.959971461624699,0.000494986203102713,0.0372504882752892,0.00039113549209743,0.00189171209235411,9.41275825230573e-08,1.22184875024529e-07,1
"19813",1.55360946030503e-05,4.04063689437887e-08,0.9999819109911,1.55103978743219e-06,9.46561262773849e-07,1.41734148058193e-08,7.334629849552e-10,3
"19815",0.955599662355146,7.56565704228354e-06,1.93255105187054e-06,0.0105516082978433,0.0332342577524648,1.4527839185926e-05,0.000590445547265625,1
"19817",0.99273842491748,0.000356656715475048,5.94679727055549e-06,0.00249463991817684,0.00439433918269185,3.294520224863e-07,9.66301688350517e-06,1
"19819",8.15657799633976e-06,2.9377618525886e-07,3.74668207968201e-10,0.232777321754617,4.61163564201198e-05,0.58962211696969,0.177545994190423,6
"19821",0.963739867602244,0.015959920456157,0.0123306478979232,0.00724781746658987,0.000712773774221707,8.79976335029622e-06,1.73039514283849e-07,1
"19823",0.902885356410867,0.000114055764925116,3.21180039267982e-06,0.00346888735901981,0.000877139781966604,3.84369237250303e-06,0.0926475051904564,1
"19825",0.00093030296220206,0.907232699155417,0.00328147567945692,0.011663830903222,0.00413077686161175,0.0726372634622102,0.000123650975880566,2
"19827",0.680515637652973,0.316147682275462,4.36916221906711e-07,0.00317497595108559,7.43563554988821e-05,2.54720872606989e-06,8.43636400328915e-05,1
"19829",0.000418024642641073,0.00583799302817224,2.29216159244809e-06,0.915319253727495,0.000303045688712801,0.0780905287120323,2.88620393539337e-05,4
"19831",3.85194528448173e-05,2.67499919781807e-07,7.37265646752375e-07,0.752877247988385,8.36182714648834e-05,0.127037801813667,0.119961807708072,4
"19833",5.60772314748711e-07,2.0442662207937e-05,3.22961394403391e-06,8.57835927629201e-07,0.00145270223481131,5.3464953413266e-05,0.998468741927381,7
"19835",0.963739867602244,0.015959920456157,0.0123306478979232,0.00724781746658987,0.000712773774221707,8.79976335029622e-06,1.73039514283849e-07,1
"19837",0.962812935492789,0.0204514557893314,2.7517612766318e-06,0.016606632878909,0.000116610436758533,2.63624677529236e-06,6.97739416073329e-06,1
"19839",0.00151966977787045,0.0319920493330412,0.00176379746932469,0.799073700663431,0.00188070603831272,0.163759016653386,1.1060064634271e-05,4
"19841",8.12167653967987e-06,0.999958908771779,2.81122782703706e-05,2.82334355081961e-06,4.83172873723592e-08,1.97990285687054e-06,5.70971613417588e-09,2
"19843",4.03965799922916e-06,2.02606948190576e-08,0.0187301982496376,0.066934550637102,0.0041979647552664,0.910113637474063,1.95889652373233e-05,6
"19845",0.0676428589098484,8.54389351790814e-06,0.932140697862458,1.70003217141335e-05,0.000190824206369935,1.74045575475631e-08,5.74015342808163e-08,3
"19847",0.906458518517607,1.07963437787702e-05,0.00940990190944809,0.0495491543150588,0.0344256062016603,6.56445143997585e-05,8.03781980475348e-05,1
"19849",4.57571392788773e-05,9.39658092617008e-08,0.999953748813088,1.95257633493697e-07,2.03367149100863e-07,1.16838358329069e-09,2.88657675518876e-10,3
"19851",0.998098722063609,1.68377411811806e-05,1.59988097015082e-05,0.000574175775506781,0.00128228431578641,1.02003908816825e-07,1.18792903064425e-05,1
"19853",0.988896146748198,0.000165431675289125,0.0107533938875192,8.48934884019382e-06,0.000118767885171562,1.5992310706772e-09,5.77688557512068e-05,1
"19855",0.997399842969103,0.0016487979186104,0.000631711852531286,0.000120314619463103,0.000196952780286677,4.64546206824432e-09,2.3752145433761e-06,1
"19857",0.790261310530774,0.0173403648219887,0.0167726102713621,0.162085452648798,0.0134860997772118,5.31308199584081e-05,1.03112990648818e-06,1
"19859",0.964811156150823,0.00920177525186914,1.38396658183301e-05,0.0220514281815593,0.00382444377963109,4.41505710545024e-06,9.29419131934169e-05,1
"19861",0.872888220807368,2.07229765743096e-05,0.125958504754101,0.000395319661522151,0.00073651269723502,9.03185276275848e-08,6.28784671275587e-07,1
"19863",2.57564763902279e-05,0.0074531561267886,0.992520605626156,6.42013951974988e-08,4.11670993705078e-07,5.59234948293006e-09,3.05926435686777e-10,3
"19865",0.00228362233803554,0.99770446378166,8.90877117749871e-07,5.91640728976768e-06,5.04086058075865e-06,5.41213008316676e-08,1.1614014807547e-08,2
"19867",0.972025812549766,1.60970181713341e-06,0.00755164698159663,0.00475508048458422,0.0156383396152469,7.81845843965836e-06,1.96922085491282e-05,1
"19869",0.0079422181760644,3.25369040192054e-05,0.992022062040101,1.4433517173975e-06,1.7376052266727e-06,7.94433080150796e-10,1.12843809735812e-09,3
"19871",0.895846932171598,0.0337000757430583,1.98636613841508e-06,0.0689833357576314,0.0013625872116321,1.1528439752854e-05,9.35543101893301e-05,1
"19874",0.28178982637379,0.717539493296383,4.7562389693683e-06,8.37003263723477e-05,0.000577173074564174,1.42931242086708e-07,4.90775867950966e-06,2
"19876",0.85652405658265,0.143199547664004,0.000214007830587517,3.92707028924019e-05,2.30122614164994e-05,4.76966505777299e-09,1.00188784960325e-07,1
"19878",0.000279134953772739,1.88414028620468e-06,4.48792850789689e-06,0.0002827547778619,0.996519852096812,0.00288750042431653,2.43856784428718e-05,5
"19880",0.00187969702860141,0.998110353533407,9.37864976075792e-06,4.39354008914366e-07,1.27546519119671e-07,8.47697920444728e-10,3.04000514911452e-09,2
"19882",0.770677164464533,0.000700839811327768,0.218260815944196,8.37593613230439e-05,0.0102759383794858,2.14986006052218e-07,1.26705312787254e-06,1
"19885",0.890696455373885,0.000399768736020372,9.12265883772671e-06,0.0973692159257669,0.0114897485433063,2.973881382339e-05,5.94994836071912e-06,1
"19907",0.913350913758309,9.96659866011214e-06,0.0687609924821416,0.00112726791505533,0.0167451201359032,2.55158908093613e-06,3.18752084974285e-06,1
"19909",0.000647624788218199,8.39610030957714e-07,3.34461763180965e-05,0.992874870734022,1.57171916716814e-05,0.00642303006125469,4.47143848476906e-06,4
"19911",0.0031391142031865,0.0073554887426164,6.42059813307234e-06,0.971219368300844,0.000225727642284313,0.0178425754043777,0.000211305108558198,4
"19913",1.27029434034823e-05,0.999986802049438,2.34096111115869e-07,2.05039550139772e-07,2.63443781850131e-08,1.73027943798883e-08,1.22243247409021e-08,2
"19915",0.734603069823239,0.265060501151605,1.76029096619127e-06,0.000146605389640769,0.000184389493731636,6.72297354681167e-08,3.60662108142728e-06,1
"19917",0.0114635026948358,0.98835075347199,2.02177749448046e-06,0.000143270556324548,3.93596286515382e-05,6.12259637376161e-07,4.79611066186228e-07,2
"19919",0.887909954634527,0.103976350718581,1.31903774526176e-06,0.00275657133126181,0.00532916734041001,1.69687659910217e-06,2.49400608764212e-05,1
"19921",0.989539030537407,5.1051557914545e-06,0.000227824963307287,0.0026430768423264,0.00757772804206558,8.25669584269197e-07,6.40878951793862e-06,1
"19923",0.00909054698056606,7.79300434401669e-08,1.73581405661986e-05,0.000986927457011504,0.989010438082534,0.000233717487088848,0.000660933922189666,5
"19925",0.0773874186933212,0.922414347533101,7.57494923184126e-07,5.76229787959437e-05,0.000138738388176202,1.32841280153645e-07,9.82070402654118e-07,2
"19927",0.998438850867014,8.31019010746101e-05,1.93977246523816e-05,0.00110634036369058,0.000346951406833777,6.82412839109635e-08,5.28949545116232e-06,1
"19929",0.000186853612599122,0.606333956813434,0.393478711143046,3.41648702155058e-07,1.26667084877433e-07,9.5091009141434e-09,6.06033164612023e-10,2
"19931",0.991011570047931,0.000456025049879047,7.87771569242847e-07,0.00722511023542288,0.00124859721931413,2.97716345902498e-06,5.49325124245191e-05,1
"19933",0.0519969940632741,0.000203709777288334,1.5461867257622e-07,0.942081375563732,0.000195596167572922,0.00527486112671916,0.000247308682740526,4
"19935",0.698774045564172,0.00104527633574165,0.000705856410216743,0.273020660000099,0.0244830250587981,0.00196727159697963,3.86503399242005e-06,1
"19937",0.992545380693064,7.79802876661522e-06,2.389374889369e-06,0.00283607352026542,0.00440981626889329,1.103046394762e-06,0.000197439067726693,1
"19939",0.71650696768812,0.000809619811637045,4.99211733980073e-06,0.00178282572400029,0.280847628901948,7.66149875573038e-06,4.03042581991576e-05,1
"19941",0.0017956391236411,0.0336727418737287,0.000148583719324769,0.912685417791201,1.51117964176293e-05,0.0516649658723661,1.75398233200302e-05,4
"19943",0.000766423849706535,0.999230287026804,7.64027571607787e-08,1.89614092883975e-06,1.1513293931482e-06,1.59664991018102e-08,1.49283911073198e-07,2
"19945",0.0134519561627606,1.04191465060766e-05,9.47425252543505e-08,0.96402534081244,0.00425432375498992,0.0175077478818541,0.000750117498923546,4
"19947",0.00591165275673147,0.731492500415359,0.0171928952187921,0.241264741976817,0.000379302414956628,0.0037053343301078,5.35728872365191e-05,2
"19949",0.022430426655353,5.4929287200738e-07,5.18732118483779e-07,0.0108472258870127,0.961395999770365,0.00355965983560724,0.00176561982667195,5
"19951",0.254826138925427,0.69060973147466,9.12686414148481e-06,0.00175295358160207,0.0527416459701887,4.80962883045406e-05,1.23068956756449e-05,2
"19953",0.000203653373806034,1.65950947984546e-08,3.02017402605858e-08,0.0469113360371417,0.00145025638478842,0.0313312575180581,0.920103449889371,7
"19955",0.000473096237076017,1.52248911441086e-06,1.5645222262921e-05,0.488087446700361,0.318561820937832,0.165566757381157,0.0272937110321963,4
"19957",0.0808670610424048,0.906322951499973,2.01372913692348e-05,0.0111965266315281,0.000267831749646143,7.96689647403637e-06,0.00131752488860445,2
"19960",0.000413299213750887,0.000250258796731189,3.81071465428766e-05,0.798981823193273,0.00699586236594212,0.193287677743064,3.29715406957144e-05,4
"19963",0.000244942142075316,0.954180985745034,3.71959965622519e-05,7.73567363870674e-05,2.77702151628806e-06,8.01254193937514e-05,0.0453766169390313,2
"19965",2.54159422465681e-05,1.29906642994174e-08,6.32178799722933e-05,0.166625354919494,0.157716204795391,0.675448253366082,0.000121540106149932,6
"19968",0.0113432791873777,0.801536376005926,0.184779144337981,0.00223701529910575,4.76412853660365e-05,5.65414373378192e-05,2.44690567916174e-09,2
"19971",5.30751139392497e-06,0.998750841286089,2.29633883570317e-07,5.16576435573454e-05,1.58366896929962e-05,0.000419963951214656,0.000756163284168988,2
"19973",0.995458119360828,0.00219845913056107,2.67909465699789e-05,0.00162504341468719,0.000690972972870389,2.64587109333014e-07,3.49587374426821e-07,1
"19975",0.0277613935297969,0.972015713520966,2.16289580787131e-05,0.000150189028080548,5.07170254654561e-05,3.40573078589829e-07,1.73645333580732e-08,2
"19977",0.000398794828366854,0.998905139353173,8.15331479838361e-05,1.32562373774959e-05,0.000570822319589947,1.1593283731026e-05,1.88608297782958e-05,2
"19979",1.6652156009432e-07,4.49549903956886e-07,2.24025943019047e-10,0.101046219615056,7.78434310474626e-06,0.898857322985209,8.80567611401949e-05,6
"19981",0.576416739518977,0.000244846683634313,0.000730019248651102,0.421308037754836,0.00125351313012496,3.45342347066554e-05,1.23094290690087e-05,1
"19983",0.383771366125674,1.82055927557281e-05,0.000582784369467743,0.208893147795032,0.406464370850257,0.000199072310060594,7.10529567538972e-05,5
"19985",0.279531767643186,0.720261729304349,3.21515828290994e-05,3.59029085606724e-05,0.000138242524918637,1.50379832068071e-08,1.90998172694926e-07,2
"19987",0.610972626073867,0.0267053508776736,3.49298134242525e-06,0.361543632351071,0.000381862977151852,0.000332165440180204,6.08692987143434e-05,1
"19989",3.43908747674397e-06,1.71623867430394e-09,7.41844695300275e-10,0.147979254206084,0.000168418172134582,0.849629617273759,0.00221926880246193,6
"19993",0.152440548607776,0.0119013237285546,5.78689137200527e-07,0.0983839278890596,0.717026612959947,0.02001121132097,0.000235796804555121,5
"19995",0.0953272603282531,0.00425004483613321,5.34004404775573e-06,0.786898555938112,0.0467749806850697,0.0665976167309762,0.000146201437407882,4
"19997",0.995605167757898,0.00359994726226841,2.54845148340724e-05,0.000391209502143695,0.000376525383209729,7.9290387414985e-08,1.58628925855043e-06,1
"19999",0.98022684491763,0.0190191218680077,0.000600835273792705,0.000102142796454222,5.09738018454528e-05,5.26414688440919e-09,7.60781232206408e-08,1
"20002",0.00036700417371605,0.494776472562027,0.504741855947852,6.10385941406416e-05,4.94279278010517e-07,5.25555464143132e-05,5.78896572211791e-07,3
"20004",0.0159265537281201,0.00113245887795471,8.09352859506308e-05,0.97521992565825,1.60826502440741e-05,0.00761513795033811,8.90584914206208e-06,4
"20006",0.00209284390225219,0.000573906500870591,0.00192207919643648,0.421996448155041,0.470812415740534,0.101550841189934,0.00105146531493247,5
"20008",0.00149094684332933,5.52516870683154e-05,4.78315691773473e-05,0.0114658392901229,0.799730173914193,0.185871313379193,0.00133864331691558,5
"20010",0.00441640225102496,1.79815784023624e-06,1.15773370193811e-08,0.380642039613144,0.481437692361576,0.111163482233106,0.0223385738059714,5
"20012",0.227217373139072,0.76122812538937,0.00869749934924722,0.000106729223589725,0.00274919069541274,9.84430657976933e-07,9.77726507562168e-08,2
"20015",1.304320572924e-06,1.41738939269649e-08,4.22104128031655e-07,0.0566103776258021,0.002166117740286,0.941221093799848,6.70235468549845e-07,6
"20017",0.988324499791554,0.00927538054127191,0.00177841060299075,0.000534274517684111,8.72726382802039e-05,2.18141347893064e-08,1.40094083949308e-07,1
"20019",4.42541099431881e-09,6.47212406759657e-10,2.07141102585379e-11,0.00448370297231502,0.000105815674535307,0.995237921295742,0.000172554964069946,6
"20022",0.000518515637942022,4.80656753669839e-07,9.15990218484719e-09,0.939525406675394,0.00600536233931512,0.0532992296349763,0.00065099589571617,4
"20024",9.30437497341875e-07,1.98988762393743e-08,6.57285242363614e-08,0.0241261416978793,0.000319325388099588,0.657916384330143,0.31763713251898,6
"20026",9.30437497341875e-07,1.98988762393743e-08,6.57285242363614e-08,0.0241261416978793,0.000319325388099588,0.657916384330143,0.31763713251898,6
"20028",0.94980781374391,0.0500200772920048,7.11596898436947e-05,8.34165952220686e-05,1.70631894550331e-05,1.12761696860175e-08,4.5821339455688e-07,1
"20030",2.57164069896882e-05,9.1758243944292e-05,4.90708487109553e-06,0.548650323722615,1.12413886481698e-05,0.45121310427478,2.94887815174e-06,4
"20033",0.827134911398614,0.156831500374022,2.49657761516091e-05,0.0157339774978131,0.000266549787935475,4.68698366194543e-06,3.40818180213392e-06,1
"20035",2.04164643837678e-08,8.97605714328419e-10,6.962468531185e-11,0.00718579636353057,0.000237611138982851,0.992216317873005,0.000360253240787308,6
"20037",3.39115261051886e-08,3.15861480534828e-11,4.00690159368863e-09,0.013757856813946,0.000679978353944023,0.985517266603452,4.4860278643871e-05,6
"20039",1.67420634109944e-08,1.95279634333672e-11,5.74355084006447e-11,4.67890219981408e-06,4.17941830473685e-05,0.000576887731431307,0.999376622364295,7
"20041",0.00487628771792129,2.42025568071831e-05,3.72612205937414e-06,0.0136332709473413,0.97995364679451,0.000402374678651032,0.00110649118271001,5
"20044",0.0273737856346574,0.00155408524584833,1.90783047044856e-05,0.0916079672527867,0.867154472926498,0.00360479010314138,0.00868582053236369,5
"20047",1.72536895209003e-09,9.9500740200716e-09,1.36167699422961e-11,0.0054347140172596,4.16593707648515e-06,0.994032942264523,0.000528166092081144,6
"20050",0.00199552895940716,1.35251766146623e-05,6.00108202653113e-10,0.00998118204105727,0.519903715518159,0.0412189671666342,0.426887080538019,5
"20052",0.840700734240081,0.0270195322871352,3.83903765882517e-07,0.103904627256342,0.026864277709317,0.000245861236977147,0.00126458336638182,1
"20054",4.26757369021813e-05,2.32707255255241e-06,1.10562361897767e-05,0.903661939185172,0.000221095724383519,0.0960604703063176,4.35738482367987e-07,4
"20056",0.00144958842483581,0.998460524028587,2.45055949068214e-07,7.72287517055977e-05,1.91656269272602e-06,9.43883471184778e-06,1.05834151805552e-06,2
"20058",2.50506593278416e-06,4.12830304260749e-10,1.12777064386797e-08,0.174068226592517,0.000417939863597837,0.824904090746209,0.000607226041207139,6
"20060",0.994090619728368,0.000129536993253926,1.06286840553172e-05,0.00390641814526579,0.00184440679179902,5.35437347798598e-06,1.30352837799672e-05,1
"20062",0.680870390932255,7.85437641538084e-05,2.2405717493005e-05,0.023724453633942,0.29516010328837,0.000124283961422812,1.98187023634798e-05,1
"20064",0.00272457831482823,4.70747975390474e-05,3.76040986267814e-08,0.982812254277922,0.000203146551831028,0.0141935015634496,1.94068903310539e-05,4
"20066",9.61918098135573e-07,6.01792992494655e-06,4.51697724468307e-07,0.149393332155575,3.99623352896653e-06,0.850590024661041,5.21540410806442e-06,6
"20068",0.985351533848119,2.94952372688261e-05,0.00101917438005342,0.000745204567873539,0.0128526607726656,2.31044645689276e-07,1.70014937370357e-06,1
"20070",0.979314083432249,1.60137239508123e-05,4.93965819238471e-05,0.000827852289285473,0.0194397669989381,7.11003897135024e-07,0.000352175969755388,1
"20072",9.51215321117672e-05,1.64952383893943e-08,0.00692021307829035,0.463233857506556,0.0219599897952695,0.507774068552071,1.67330404632592e-05,6
"20074",3.7745840212005e-05,0.999729185003549,0.000232916364340776,4.90050109336201e-08,1.00084127409691e-07,2.51076810024448e-09,1.19199178973125e-09,2
"20076",0.0259916844213662,0.64946706635643,0.279615843382224,0.044388978164448,0.000373204883136512,0.000163169760362404,5.30320328351615e-08,2
"20078",0.00447503951388355,3.53682156565822e-05,2.67791710386335e-07,0.968565144542489,0.00200805630448581,0.0239816493036907,0.000934474328084128,4
"20080",1.33390742245123e-07,5.98076810337328e-09,1.83403641434268e-11,0.0381686055626667,0.000161279401164634,0.961433605405119,0.000236370241198581,6
"20082",1.08299627902404e-06,1.58804613471808e-08,7.08080477126584e-12,0.000527090955492739,8.17807666813599e-06,0.00195034508077769,0.99751328700324,7
"20084",0.00222168060796537,0.017852013680614,1.0090034808708e-07,0.918608762837449,0.000341439678074996,0.0545368252304806,0.00643917706506792,4
"20087",0.00500374689403815,2.74079487898113e-07,2.75305255300874e-05,0.819576461097876,0.076057141186675,0.0989507012994594,0.000384144916933179,4
"20090",1.62873223419905e-06,3.53651040699303e-08,4.14109767330545e-11,0.0156280613404421,0.0280776620039821,0.951382440442141,0.00491017207468497,6
"20092",0.01335900551621,2.90467977696217e-08,0.0004466683630426,0.0274054979498985,0.215224851832078,0.000593809123803219,0.74297013816817,7
"20096",0.274108088472339,0.00531145496790413,5.88705128721364e-06,0.0344694782823532,0.0732836217476222,0.00017400293668968,0.612647466541805,7
"20098",0.861512206174402,0.135308491132067,2.82764259395971e-06,0.00274323244428333,0.000424633913719145,1.23276654343589e-06,7.37592639004723e-06,1
"20101",2.08134825630019e-05,0.000121471175131464,1.32303367859611e-09,0.285702511052522,0.000515710058124602,0.712837258783787,0.000802234124838148,6
"20104",0.459210313173958,0.000868953552044914,0.430867313416399,0.00145562803436963,0.00229269923425713,1.11253365842079e-06,0.105303980055313,1
"20106",0.000209715538934562,5.75707351074157e-05,5.9560799554882e-09,0.49969768951766,0.0101750170134363,0.489821291141112,3.87100976698209e-05,4
"20108",0.98599849532049,0.0078370354356147,9.97813890335335e-05,0.00603122768282965,3.14868209774039e-05,1.06505536746726e-06,9.08295687325968e-07,1
"20110",0.261023541493019,0.10575312195891,1.64195460855839e-07,0.00555200588498412,0.400983594835296,0.000338475676880664,0.226349095955449,5
"20112",0.00411192694193509,1.64191481597421e-05,1.84452071461795e-08,0.181447743504727,0.43872922394412,0.366226270874408,0.00946839714144283,5
"20114",0.00743210731066099,0.0190436829695769,3.55787642399752e-07,0.965556288258608,1.95827558576277e-05,0.00755542411876405,0.00039255879889037,4
"20116",0.000689145572184027,0.00810735788292038,1.28768978859947e-05,0.965547127422849,5.36489653757207e-05,0.0255884130905713,1.43016821313565e-06,4
"20118",0.362990790541012,0.0377548600117145,1.13980122294542e-06,0.598226544052123,0.000560021546106221,0.000291431242381122,0.000175212805440476,4
"20120",0.00239334862272798,0.000821284356041772,1.06476109184246e-09,0.615738994367589,0.0103432961080189,0.342038942843765,0.0286641326370964,4
"20122",0.00104996447640061,0.998920029803017,7.42757802169277e-06,2.20974990976321e-05,4.31411501213335e-07,3.89465707313193e-08,1.02853911064157e-08,2
"20124",1.3833763438347e-06,1.15252209286265e-09,1.06846403130453e-07,0.309706244268711,0.0014783777881966,0.687334525335101,0.00147936123272335,6
"20126",2.26896609599694e-07,7.63436286172381e-08,5.64963756855098e-08,0.00130096495992476,4.9187597207366e-05,0.00332430203108667,0.995325185675167,7
"20128",9.0020702317009e-10,2.76532553701021e-10,3.18149227679108e-10,0.000863566425000586,6.46381029045978e-05,0.820616563304001,0.178455230673205,6
"20141",0.911851694283077,0.0467826376028326,6.41665677547023e-05,0.00187974081173596,0.000154375222999101,2.55694672765718e-07,0.0392671298169277,1
"20143",1.95554168771658e-05,0.999976742288861,3.62631162887718e-06,5.94392495374876e-08,1.25755397044872e-08,2.22760189718514e-09,1.74024216481094e-09,2
"20145",0.00188414850485936,3.23225880252689e-06,7.93720521575342e-10,0.858125758829753,0.00943940628416276,0.127263181016029,0.00328427231267272,4
"20147",0.000160990486960765,1.65875868031006e-06,6.03942444332818e-09,0.944837662921331,0.000474977986245226,0.0544800159058387,4.46879015195862e-05,4
"20149",0.0011216376588264,0.998871746941719,3.98028908221552e-06,2.01714567978528e-06,5.90366545592522e-07,4.83887036067834e-09,2.27592764677909e-08,2
"20151",0.955741512082025,0.0416199628765004,2.14672989118592e-06,0.00206309041298672,0.000568677302848682,1.87797100823893e-06,2.73262473980827e-06,1
"20153",0.422761221544984,0.559434843044718,3.00847313407054e-08,0.00268352818835621,0.00385591703550299,5.38022974284671e-05,0.0112106578042792,2
"20155",2.79440751017256e-05,3.07589656420414e-07,4.59835563397119e-08,0.475240887690681,0.0725085226576467,0.45212886003726,9.34319660969391e-05,4
"20157",0.616985361243797,0.382223164410231,1.93002292947729e-06,0.0007133578296549,6.56403664088321e-05,1.27885479750935e-06,9.26727218145149e-06,1
"20160",3.15250008597612e-05,0.999967780757775,5.14388843366967e-07,1.51117183699063e-07,1.92494357900174e-08,4.60257686731834e-09,4.88332594099703e-09,2
"20162",0.00517162256175751,0.994822022822136,4.8793830927649e-06,1.11950953332726e-06,3.45068086806601e-07,1.5144812046519e-09,9.14091187795536e-09,2
"20164",0.0571588594971046,0.941719037799032,1.87295109998907e-06,0.000139001187995035,0.000965919217470073,3.09980251534997e-06,1.22095447831055e-05,2
"20166",1.56578310843627e-05,0.000759651577058461,0.000118485991614646,0.122840415474444,7.81613837954273e-05,0.876186200464151,1.42727785196234e-06,6
"20168",5.14695330696932e-06,0.000590094647047045,0.998017307967953,0.000385187990760516,8.0462693849896e-06,0.00099414426149424,7.19100533083943e-08,3
"20170",0.776573230692797,0.219019908150989,1.17265884112886e-06,0.00414584246955428,0.000218703526634812,6.64079028701733e-07,4.04784221554492e-05,1
"20172",0.000272873302684223,8.69682065715653e-09,1.10287329524447e-08,0.943366165502484,0.00194843833254908,0.0538609233319012,0.000551579804827738,4
"20174",0.732398425871889,0.132477490328335,0.134992513281017,9.99902897024774e-05,3.15471730109283e-05,1.34336852919219e-08,1.96223609821701e-08,1
"20176",2.31479807569706e-05,2.39061299718483e-06,0.999895308229938,5.793833562317e-05,9.01768103453208e-06,1.21923594128999e-05,4.80023762092378e-09,3
"20178",1.55817500792047e-05,0.999984032843039,2.29444578957452e-07,1.16075072220809e-07,2.30076946516883e-08,7.25186920150792e-09,9.62766612735332e-09,2
"20181",3.29425072156303e-05,0.00483961503964574,8.9582606524104e-07,0.476327060380368,2.00009747011615e-05,0.518775671728442,3.81354356210979e-06,6
"20183",0.930970384877954,4.93445834340572e-06,3.61096016002608e-06,0.0590685650167845,0.00851788698011366,2.46255842805051e-05,0.00140999212236343,1
"20186",0.68968969641064,1.18343694508291e-07,0.00514502698936591,0.130075075606752,0.167989588727339,0.00062043780296656,0.00648005611924125,1
"20188",0.000278640555522775,0.999720636941243,3.67432630920718e-07,2.1868517398719e-07,1.17789878918712e-07,4.39016528629947e-09,1.42053857257259e-08,2
"20190",4.88089886117682e-06,1.73356329737078e-07,1.56201474660655e-08,0.182380575374068,0.000226959002290177,0.817380749760145,6.64598815771453e-06,6
"20193",0.000103999686547255,0.981876659417468,0.0167734667054649,9.98967879952338e-05,0.000148653874606944,0.000997122810393514,2.00717523911025e-07,2
"20195",0.209752979767328,0.78292653488554,2.09297401606553e-06,0.00271839911962447,0.00453722299323968,4.97564031592872e-05,1.30138570924475e-05,2
"20197",0.00026899433584182,3.40285295250259e-08,5.18421081326169e-08,0.810314619918938,0.0287598121988504,0.160401733390825,0.000254754284907571,4
"20199",0.0960293632023827,0.903868474601027,8.65155569470567e-07,3.35233083681521e-05,6.34160483515146e-05,2.91247468840186e-08,4.32855955387097e-06,2
"20205",2.43035460871265e-06,1.08123466661642e-09,4.09253967930633e-11,1.84976789333403e-05,0.000535096948896299,4.8652613961581e-05,0.99939532128144,7
"20208",0.975509612985736,0.00851269427314611,2.49743138759568e-05,0.0127578567353363,0.00317516944480145,1.34104526699228e-05,6.28179443378569e-06,1
"20210",0.0184813220753826,0.981509572720494,2.0857672229129e-06,5.04500483952105e-06,1.91612866807281e-06,5.99185319105714e-09,5.23115400757766e-08,2
"20212",0.171722690350193,0.82751859822142,3.88503145152441e-06,0.000427883397498008,0.000322041334584034,2.1259817425517e-06,2.77568311062574e-06,2
"20216",0.00029707856900364,2.20708377112982e-05,1.02881443632836e-07,0.93030018930728,0.000137348717458819,0.0692227570188211,2.04526682813606e-05,4
"20219",0.00180013302856609,3.61385750426486e-05,1.91750585398243e-09,0.193850750782324,0.0147748589587036,0.0711011121350919,0.718437004602766,7
"20223",1.22500569075739e-07,9.21991547113811e-11,0.000437444927940597,0.00628617165478738,0.00185363206528182,0.991403665930477,1.89628287445704e-05,6
"20226",0.0242019927527644,9.33586532918743e-05,9.15136304402052e-08,0.00229430326004402,0.972882351947625,0.000322507492981458,0.000205394379663128,5
"20230",1.13973308608641e-06,1.25174367274976e-08,8.37184286944983e-09,0.0846109673130662,7.11741050122225e-05,0.91529010528611,2.65926734456819e-05,6
"20233",0.000785117635074688,5.27898284675456e-06,1.77046273726861e-07,9.53809519459463e-07,8.81951388168028e-05,7.18604283156202e-08,0.99912020552704,7
"20235",2.24303034082576e-05,2.30823234106944e-09,0.000144384997784475,0.170388806016859,0.148556120173572,0.659402633534676,0.021485622665468,6
"20239",0.00154387570244207,7.14145523334615e-07,0.00273640775032403,0.563770875438215,0.273015826440285,0.158614057437677,0.00031824308553385,4
"20254",1.65639568234067e-07,1.33376503800296e-09,1.33838215483183e-12,0.000318734150861109,4.38087816387809e-05,0.00532770138324812,0.99430958870958,7
"20256",4.78903088313914e-06,1.77408049919056e-09,2.22883284338293e-07,0.794118591613529,0.000424866541124627,0.205302221144999,0.000149307012099932,4
"20262",0.462434682263682,0.536328104975854,1.49505713641371e-06,0.00116282008844916,6.9825569007093e-05,4.3314790390283e-07,2.63889796730066e-06,2
"20270",0.012261957060051,0.00459929997568186,0.00302310392980491,0.460774502297139,0.000763009594656335,0.518564350263256,1.37768794107939e-05,6
"20284",0.375748491425866,9.38061121860697e-06,2.02937308552647e-07,0.0148703253450563,0.0543685987280834,0.000489625469228195,0.554513375483239,7
"20287",6.46475346413954e-09,7.34020228139438e-11,1.10836001394906e-08,0.00324543797996376,0.000515783671932039,0.996232712824487,6.04790186102734e-06,6
"20290",0.000775012019210153,8.30291929714386e-06,9.4159345077956e-11,0.000400655442066788,0.00298539958974134,0.000357608639102929,0.995473021296422,7
"20293",0.00185172712793355,6.7460114115264e-07,8.45200169806948e-08,0.994923561587732,0.000145165857029413,0.00276110490712159,0.000317681399025297,4
"20296",0.251098561505004,0.682913452700899,0.0159769858882446,0.0493327204197051,0.000575654369259765,0.000102574003401698,5.11134857204406e-08,2
"20301",3.03597400437803e-09,5.90084024213934e-07,1.1934582013315e-09,0.000411491017067315,6.48059567732788e-05,0.99951636259133,6.74612137333383e-06,6
"20304",2.26204347731524e-06,2.29559121418969e-08,2.24419559439854e-11,0.00184284218543166,3.94368139168881e-06,0.00074069688836029,0.997410232222985,7
"20306",1.64617737148344e-06,3.44334959387367e-10,1.11829398402833e-08,0.098966561775581,0.000263673734631713,0.899767775575647,0.00100033120949363,6
"20309",0.0899460873112309,5.40141327499816e-05,6.48798542270683e-07,0.730611787075935,0.161143810506189,0.0158248595543698,0.00241879262098319,4
"20311",0.00106912616650318,0.000223073847939432,7.52011795411095e-07,0.861100675719267,0.0007760893107995,0.136316850727363,0.000513432216332845,4
"20314",0.9623872618551,0.0140177452943521,3.05348618312989e-07,0.0225235139478614,0.00100889322846998,1.46981677777981e-05,4.75821578201304e-05,1
"20318",6.99066168165413e-05,0.999919466990966,4.20171079480003e-06,4.88839005700405e-06,5.20148500763323e-08,1.45742590051074e-06,2.68506153492019e-08,2
"20320",0.439567145438169,0.00102140599829324,1.02285410346584e-05,0.00127844523755376,0.556066246213303,5.15205573566864e-05,0.00200500801429011,5
"20326",0.933090466830996,0.034116160262023,7.55839197767577e-07,0.03220516052509,0.000443309623492368,2.11244793235498e-05,0.00012302243987757,1
"20328",0.788565948904016,5.70210675434233e-06,5.07663816012512e-06,0.00401470379020275,0.205160566258014,1.87512668894795e-05,0.00222925103596369,1
"20330",6.38667761718811e-05,3.41958664404615e-07,4.33872908509761e-07,0.0230348121460401,0.883998479655257,0.0907148386417871,0.00218722694917111,5
"20336",0.0056400168332903,1.37846197337784e-07,2.62011767376556e-09,0.0184244630247821,0.00140386272153179,0.000252566271333193,0.974278950682748,7
"20338",0.000253443223291687,4.78416090829292e-05,1.38697239985586e-09,0.0137104800906845,0.00250275575388225,0.00139753670250369,0.982087941233583,7
"20340",2.3902148113779e-07,7.94782604406192e-09,2.22662363799748e-08,0.0916983855030373,0.000130986401543353,0.908018211250504,0.00015214760937172,6
"20342",6.0066579498074e-05,0.000212562481917209,3.09892697459597e-05,1.85773728307213e-05,0.0168968685730187,0.00122009573168219,0.981560839991307,7
"20344",0.000451859722718952,1.58177373899151e-07,1.8854106707318e-07,0.757560756473361,0.000381624365619237,0.24112891770126,0.000476495018599452,4
"20349",4.77663453424053e-06,1.45873557307982e-09,1.09716745828243e-07,0.435825183681742,6.59222463419444e-05,0.563998456432185,0.000105549829714978,6
"20351",0.00370459393035532,8.51418400479699e-05,1.54948088524258e-07,0.981934718717562,0.00271261555580222,0.00810197204381829,0.00346080296432542,4
"20353",3.32706975009081e-05,1.30109977888848e-08,5.67572201843986e-09,0.0332441182222744,0.753669300495266,0.198678213909846,0.0143750779883935,5
"20357",1.10173865053763e-06,6.82262081820324e-11,5.00728592240707e-11,5.51204562967273e-05,0.00183451833635817,0.000839519055427392,0.997269740294968,7
"20360",2.81153603457671e-05,4.50495349634629e-07,0.000258861466017905,0.000523540593021676,0.717476810345812,0.00836652149713605,0.273345700242317,5
"20364",0.0116550489885756,5.35775631034653e-06,1.71977075288772e-08,0.466568222724088,0.409801451532438,0.110033561638092,0.00193634016278902,4
"20366",0.00153688278755522,2.30808714781713e-06,1.88941551184502e-09,0.00141072970357207,0.000311368283496884,2.1664624598541e-05,0.996717044624214,7
"20381",0.00299494397526906,0.0128323352483927,0.984163650776899,5.575592296259e-06,3.39452257520142e-06,1.17727502147128e-08,8.81118174796954e-08,3
"20391",0.0100058968948421,1.22573534133959e-08,0.263608484113152,0.151736219846465,0.535335614746134,0.0247453794869552,0.0145683926550989,5
"20394",0.976639933873509,0.000520815129319374,0.00196405449113073,0.00147974276192059,0.0193928372935051,7.0832819651702e-07,1.90812241900802e-06,1
"20396",0.287095518667974,0.00688423364780168,0.705959116851152,9.08137696558354e-06,5.20374292351419e-05,2.53974625698655e-09,9.48712505058116e-09,3
"20409",0.0761120361758349,0.0883638319550334,2.28023370700373e-06,0.815968808654228,0.000120105277722503,0.018971210881984,0.000461726821489645,4
"20411",4.94546900947727e-05,1.00830618956427e-09,6.55685987531966e-09,0.485817386810909,0.0413246776589577,0.339346885639255,0.133461587635618,4
"20416",2.97903130418426e-09,9.79402140945052e-12,7.40973694946895e-11,0.000661638604084448,0.000159349666349022,0.225863265057481,0.773315743609163,7
"20418",0.217253265904985,0.0379709592700141,0.74476008332296,9.04754648755608e-06,6.63679331708026e-06,2.22155454531971e-09,4.94068264855095e-09,3
"20420",0.00843724062376576,5.10490670427422e-05,2.15028503978448e-07,4.21115528010556e-05,0.000375915710288252,2.76725348149533e-07,0.99109319129225,7
"20422",7.81350149912466e-05,2.266377195178e-05,1.69971197156206e-08,0.0574650319551617,0.0341651737247772,0.9081730686995,9.59098364980071e-05,6
"20424",3.30198767264631e-05,3.65635003563738e-09,2.86002214015596e-09,0.353514944863459,0.138316286224241,0.466895038898652,0.0412407036205489,6
"20426",3.54594717869953e-06,5.75463775713973e-05,1.24732905055042e-10,2.72952253820281e-07,2.02613404352074e-05,3.20618380408852e-06,0.999915167074024,7
"20428",0.00495502260981017,2.37982849287487e-06,0.000899490481824161,0.919314441011674,0.0620109246662028,0.012814236706575,3.50469542099777e-06,4
"20431",0.574114008195991,0.0757554563316126,9.28556358302442e-07,0.0214131526066986,0.321781484337538,0.00255598285624142,0.00437898711556038,1
"20433",7.68512151672577e-08,1.76479054373056e-09,4.79008757704082e-05,0.0126972960743232,0.000204445772678439,0.987048956125215,1.32253600750378e-06,6
"20436",8.35439823680434e-06,3.80039496125782e-06,0.996410208256417,0.00255914345633147,2.83082917066987e-05,0.000990149619113887,3.55832323279559e-08,3
"20439",0.647651576439459,0.133232444168446,0.21903940650703,4.32731797676634e-05,3.32742232250832e-05,9.82288806680085e-09,1.56591844852042e-08,1
"20441",1.23324650159137e-05,5.90002989467482e-08,1.29939332493719e-10,0.000205804438940865,0.0103559314143921,0.000172359872602042,0.989253512678811,7
"20444",0.000146051485727453,0.999852610950776,1.13021566576303e-06,1.63738698674371e-07,3.842507450134e-08,1.61639105292919e-09,3.56766679695486e-09,2
"20448",0.814860313188208,0.12445584624268,0.000139210164267068,0.0588741253558511,9.67976956576041e-05,0.000189901339966436,0.00138380601337034,1
"20536",0.152554271997907,4.53656204475572e-06,0.84153756998085,0.00155257942573698,0.00434985958265476,8.72898527695242e-07,3.09552279257753e-07,3
"20538",0.00839215836746069,2.7189722184611e-07,2.19254304617562e-06,0.476808186338384,0.000148681607681552,0.00276239439583386,0.511886114850371,7
"20541",3.13837653705962e-07,1.12179981993427e-09,1.95910189131888e-11,0.0282608445330146,0.0022417237862395,0.949944070228029,0.0195530464736725,6
"20544",0.144431031339122,0.000943568641187759,6.84985807015604e-07,0.852398535545601,0.00118737455946789,0.000736259817019905,0.000302545111794244,4
"20546",0.000256375143268748,4.79081462927623e-09,6.48735642755452e-09,0.606964976530803,0.0176191456572552,0.368278706513799,0.0068807848767034,4
"20550",0.00150385957323785,4.77904932711467e-05,4.98969357118826e-07,0.00200689155860887,0.995498439056753,0.000780551043664009,0.000161969305108081,5
"20553",6.52487428280383e-10,1.41121338666711e-07,3.57334285092205e-10,0.000142012903449788,4.76376293239193e-06,0.476459960142489,0.523393121059968,7
"20555",0.00044570650672366,1.85484184201598e-08,1.11261083627398e-07,2.4167091471464e-06,0.00153096269561441,3.65908026887011e-07,0.998020418370986,7
"20557",0.0104286795382923,0.000150788257847095,9.94102850743774e-09,0.00681404635307506,0.969840519757709,0.00121841690268724,0.0115475392493607,5
"20559",6.40779577089141e-05,1.01671304504249e-06,2.50942591093119e-09,0.712332271270078,0.000452724050095115,0.287114129968229,3.57775314180676e-05,4
"20561",0.72838912539561,0.250972651658856,3.31789356511292e-06,0.0199901728325563,0.000599423490837409,4.05624867113148e-06,4.12524799042481e-05,1
"20564",1.55817500792047e-05,0.999984032843039,2.29444578957452e-07,1.16075072220809e-07,2.30076946516883e-08,7.25186920150792e-09,9.62766612735332e-09,2
"20566",0.0244076481946176,4.34003714288275e-05,3.41172566785224e-05,0.750612554905443,0.166479578228686,0.0584197538556047,2.94718754159103e-06,4
"20569",0.942887378375863,0.0567246604457557,0.000225571903190389,0.000125976503204973,3.62734034404371e-05,3.58260680445129e-08,1.03542477738098e-07,1
"20572",0.109103687465041,0.890335269402302,0.000500008172225441,5.86159737362515e-05,2.35223742344405e-06,5.12805352343865e-08,1.54687364995954e-08,2
"20574",4.49275503910215e-05,2.29141065084698e-06,3.98817528359115e-10,0.33331632325661,0.00343506573322151,0.66168267396866,0.00151871768164887,6
"20576",0.000117606504748708,0.999879595132416,1.84862277263038e-07,2.43339291181315e-06,1.2004965075859e-07,2.47255969128044e-08,3.53323987404683e-08,2
"20578",0.0169551356189617,0.000975294999900981,2.0893776375425e-07,0.967022277846455,0.00991444636679105,0.00501123487143662,0.000121401358690583,4
"20580",0.0291991914665059,1.26605150044141e-05,4.90321323785423e-06,0.956292931169559,0.00116917012238164,0.0133054083103367,1.57352029743159e-05,4
"20583",5.7235270978896e-05,0.999941126521575,1.75772410669408e-07,1.34365206587157e-06,7.21645242048117e-08,2.14083239712065e-08,2.521012099795e-08,2
"20586",0.0121205061612287,4.47594215502377e-07,2.37552351941863e-07,0.970952011187494,0.00121694576410744,0.0150841671225078,0.000625684618094939,4
"20589",2.97880758198781e-06,3.87798436499389e-10,1.09782378928582e-07,0.330395912653696,0.00838024484889508,0.661130800475163,8.9953044486855e-05,6
"20591",0.0965773342348797,1.51948611215945e-06,1.13439560160138e-05,0.00415697091081935,0.824788281774403,2.99191700115171e-05,0.0744346304677587,5
"20593",1.55827919647159e-09,1.34682506124104e-09,9.02770651291313e-10,0.00353535370920951,7.15799601953368e-05,0.996390562800736,2.49972198422956e-06,6
"20595",0.000437151409338283,1.2936669734384e-05,1.29812856674265e-08,0.961390948216969,0.000168377535678486,0.0378957653773753,9.48078096184776e-05,4
"20597",0.000708406891183773,1.6848630290238e-06,0.999288934535854,4.08334111331126e-07,5.64283918674472e-07,6.01105817619285e-10,4.90797376399773e-10,3
"20599",2.66450948615103e-05,0.999972722402138,4.19491269860778e-07,1.85528443103479e-07,1.38857384797815e-08,8.51429780069613e-09,5.08325130022053e-09,2
"20601",0.973512009175141,0.000124881125205231,3.06808625171737e-06,0.00338689689874594,0.0229368955533719,1.31398243278143e-06,3.49351788512686e-05,1
"20604",9.45068063780365e-07,4.22234039119608e-07,9.3092754552657e-10,0.103369566640612,4.77774046082235e-05,0.896563097586031,1.81901357181001e-05,6
"20606",5.96207828570837e-07,6.72461162864889e-09,1.36454558010534e-09,0.0672223055727364,0.000587112197754315,0.932172001755501,1.79761770228871e-05,6
"20608",0.000102821811032013,1.70482208106923e-07,1.64851240783587e-06,0.443958842026823,0.0505520923073692,0.505379682630418,4.74222974189477e-06,6
"20610",0.000857559277393442,0.999124316541043,3.23398218138528e-07,1.05737519882995e-05,6.80996307669839e-06,2.11219133556976e-07,2.05849147413808e-07,2
"20612",0.00046332403922788,0.000806378044502472,0.705500102356445,0.0744376991182081,0.000208892371479588,0.107253607645931,0.111329996424206,3
"20614",0.00883701651559981,0.991149873843245,3.41151539229636e-07,2.95203226763813e-06,9.62720345972766e-06,1.31361188781811e-08,1.76117770174399e-07,2
"20616",0.95962455608083,0.000269442204941127,3.15873934606308e-05,0.0387080487650278,0.00120411559950869,6.41211812112194e-05,9.81287750202915e-05,1
