"","V1","V2","V3","V4","V5","V6","V7","V8","V9","result$classification"
"19812",0.731419413111923,0.223173293642593,0.000477300300852101,0.0446221289760546,3.42541620842762e-05,3.28600408107114e-05,9.73585325464335e-05,0.000142520852204465,8.70380932090612e-07,1
"19814",0.985589445206932,0.0120503652539045,3.88599528455657e-05,0.000606951484850603,5.9960856926941e-06,3.89010450942687e-08,1.53757065802923e-06,1.57454732555183e-06,0.00170523099674576,1
"19816",0.00377648632231101,0.777495082962315,0.211177042827745,0.00588450530854593,4.61954888417429e-06,0.00165285666961002,5.04808202504137e-09,8.87591089345869e-06,5.25401613078812e-07,2
"19818",0.414368720327209,0.578180136060368,0.000924609192643,0.000232879979075106,3.06877489145581e-05,1.66469370574489e-06,2.44899066065811e-06,5.71986860102308e-06,0.00625313313882286,2
"19820",3.97397407654709e-09,0.00196774473627977,0.997645708175085,1.63748991840334e-05,2.59116921109849e-11,0.000164479750427226,2.25854474212208e-10,0.000205688029644181,1.83639610879155e-10,3
"19822",2.96308124021228e-07,0.00271271952715699,0.853515577851508,0.00816644003894136,1.68627390323838e-09,0.00548566678953547,8.38069526299308e-06,0.130109918167478,9.98935718934917e-07,3
"19824",0.000150457598720626,0.51984533278949,0.37153685624381,3.989913298103e-06,6.17914306236917e-06,0.106793040753624,2.81506575739859e-07,7.41636547774546e-05,0.0015896983966423,2
"19826",0.781172497381201,0.0719632262432627,0.00148702173710391,0.133879482296929,0.0045334161646374,0.00693832014314722,1.43224815311866e-06,1.50236919082855e-06,2.31014163744693e-05,1
"19828",8.07631706420938e-05,0.338696903993077,0.659811388088031,8.74922903698485e-05,1.244836119263e-08,7.73520577303396e-06,1.05053706283541e-07,0.00131452846849632,1.07128154291663e-06,3
"19830",0.874353609317511,0.0062623659715103,1.24449442648491e-06,0.11330525488693,0.00236705846223605,8.58571032631537e-06,0.00361406926630375,7.30790511339568e-06,8.05039856431358e-05,1
"19832",0.148684789299122,0.10935778821602,0.0119665831620615,0.0332505814003853,4.69047507131488e-07,0.000165816852786514,0.0288414898140101,0.66773148902228,9.9318582847588e-07,8
"19834",0.00912475647016498,0.177089363185751,0.084067650225642,0.721829865543447,9.6763743892364e-08,5.31296916686794e-06,9.48018512902903e-06,0.00779503284384279,7.84418131124254e-05,4
"19836",0.0342781557853608,0.935373939914905,0.000941362828027331,0.00143698130662145,0.00367464437129728,0.0242732208453876,1.65577559046997e-05,4.99883556829586e-06,1.38356927497908e-07,2
"19838",0.998830185459362,0.00032985300472586,2.19669319237382e-07,0.000564707233516827,1.57884404595019e-05,8.21538756983573e-09,5.88647949042373e-05,1.10451911211556e-06,0.000199268663212832,1
"19840",0.016320077115654,0.147839888454801,0.0506885739373577,0.783733787866702,0.000167597399164782,0.00124208103357181,4.75112156934888e-08,5.8075210935377e-06,2.13916043967155e-06,4
"19842",0.0123682705749261,7.58030010429658e-06,1.00015380357235e-08,0.000150217777935401,0.987389282488714,8.21119425726479e-05,1.28413933057487e-06,1.87883880341679e-10,1.24258699497597e-06,5
"19844",3.995748395791e-06,4.58224604749025e-07,7.34847972779215e-07,6.55599165839028e-08,7.71639899908897e-06,1.06113489313789e-06,1.09076209940944e-08,7.72967864078429e-10,0.999985956404629,9
"19846",0.913554581102569,0.000188771143829708,1.78241006555636e-08,4.88110629897532e-06,0.0277607767503319,8.6252311407642e-07,2.52046642054059e-06,4.10303714362155e-10,0.0584875886730307,1
"19848",0.978574234316972,0.000206665461775273,3.25892559001855e-08,1.24331802742769e-05,0.000990509930501997,1.2052567041073e-07,3.12475560129925e-06,2.63506225873838e-09,0.0202128766048864,1
"19850",0.816365425188479,0.000515924844857849,2.06352969769408e-06,8.08734943492181e-05,8.42682174174959e-05,7.55876700634081e-07,2.14627713911257e-06,7.07273750665151e-08,0.182948471843983,1
"19852",0.0210216885727419,0.970636992904233,0.00721298212272943,0.00103352993891038,4.43031480167861e-07,1.39735873200876e-05,4.2724617109631e-07,1.90370528598562e-05,6.09255435541591e-05,2
"19854",0.997878217302257,0.000179055044437005,3.66082228548532e-08,4.00500910810653e-05,0.000269510941243975,1.54955520006495e-08,4.33269474464605e-06,9.34104689217581e-09,0.00162877248141505,1
"19856",0.011468151189137,7.20675946804886e-05,3.99623080305263e-05,0.000286473501530804,5.67364953274415e-05,0.000119091919999157,1.41164059680101e-06,6.21105702736969e-07,0.987955484244995,9
"19858",0.000577166173458807,0.00294682058667867,0.00182586069847171,3.01407056141843e-05,9.29246004811367e-07,0.000750773690316918,2.73051994808008e-06,1.6452826900994e-05,0.993849125552606,9
"19860",0.264396527824647,0.56645129250441,0.0221979537149342,0.146829705098678,7.39116053703116e-06,4.51130827468612e-05,5.88372617566334e-07,5.11113501244737e-05,2.03168913050083e-05,2
"19862",0.890574382445136,8.92368044562976e-05,5.95039111728563e-09,1.30765578216687e-05,0.10768228566181,8.38356104219336e-07,4.73924035763009e-06,3.00315697384414e-10,0.00163543468360728,1
"19864",1.57664442807875e-06,4.10367545984599e-05,1.11629942770714e-06,7.20691793629895e-07,0.976397422785326,0.0235550652244437,1.77404858851961e-06,1.52284569500587e-09,1.28602854759056e-06,5
"19866",0.000201432060590152,0.294340189900096,0.0731438864874649,0.0286098452890754,0.000344123846228066,0.603355943468053,5.38173045998761e-08,4.27899622135436e-06,2.46134966382336e-07,6
"19868",1.40302513824271e-05,2.11806692031657e-07,6.147147489698e-07,0.00255899158124104,5.76305169478726e-08,2.69966421322561e-09,0.965039941087158,0.0323681420654607,1.80081631360458e-05,7
"19870",0.970004232316929,0.0214466852421949,1.45028538956791e-06,3.89856638577681e-05,0.00699886301718313,1.13300503749642e-06,1.1342241768051e-05,4.32076925184317e-08,0.00149726501994743,1
"19873",0.580595024726351,0.415260538264577,0.000547381764727279,0.000942615675579213,0.00209694064578515,0.000104516782031353,1.13321951718085e-06,8.40599497526724e-07,0.000451008321934665,1
"19875",0.000763145410922178,0.117092256451504,0.849597960593944,0.0304662540871378,2.64306838492104e-08,8.07012542691198e-05,7.35057746518035e-08,0.00199955832242655,2.39433374353192e-08,3
"19877",0.823799304887612,0.169731289185724,3.14842691916289e-05,0.0045040408691244,9.81238234375669e-05,3.98016658418762e-06,1.84206315334096e-05,1.0856817137342e-06,0.00181227048507921,1
"19879",0.0386868865123231,0.956229169966838,0.00120053777395108,0.00309536712271245,9.23813129443649e-06,1.87127145595713e-05,2.29173850162253e-05,3.83629033918982e-05,0.000698807489913419,2
"19881",0.909199661065313,0.0618298384055508,0.000157676396739409,0.00341737441774394,0.0107371655166851,0.0137909532314249,5.21420961731059e-06,6.45835692446399e-07,0.000861470921233335,1
"19883",0.55777786296323,0.029478069938374,4.32293575956898e-05,0.00149442275420263,0.404031098937132,0.00714135361689516,1.20506653939992e-06,4.61367281683224e-08,3.27112293031042e-05,1
"19899",0.00852294220633977,0.100960742683987,0.00144239091009963,0.888888674851981,2.89053918690191e-05,3.55134208690758e-05,5.48818673615482e-05,6.46154432550291e-05,1.33322423780322e-06,4
"19908",3.55094447868058e-05,0.000553707459037705,0.000679080380847411,0.985920337172639,0.00148140385684703,0.0107267545193271,0.000381664551333896,8.33694512343358e-05,0.000138173163946802,4
"19910",0.0302885796823112,0.968373427056134,0.0011274763731283,0.000129242971764493,1.11156810457862e-05,4.44666506470835e-05,4.76965735937836e-07,1.92843054074254e-06,2.32861886923122e-05,2
"19912",0.134435491840268,2.47850516205446e-05,2.77775293083664e-08,0.00153893455472408,0.863858873116449,4.48302548182105e-05,2.92210214482116e-06,6.75465932383361e-10,9.41346269801007e-05,5
"19914",0.143088420871415,0.555162724965305,0.00257142332070499,0.297824564445894,5.87467592660344e-06,0.000253933446691461,0.000187861413592427,0.000458014859056844,0.000447182001412958,2
"19916",2.12469061184249e-07,0.000804599427626794,0.000862485100009761,1.11598333449185e-06,1.67201448515742e-05,0.998313519473062,1.58759158811425e-08,8.7016312329507e-08,1.24450982559522e-06,6
"19918",0.911697859675726,0.00763667558092434,2.17099850425118e-06,2.49478930263034e-05,0.00604727500327767,1.85642280682351e-05,3.8489835534434e-07,3.29892565883758e-09,0.074572118423192,1
"19920",0.112018564784763,8.72133039370524e-05,2.33021718279841e-07,4.97418442071486e-05,0.000108371492669463,6.81836609926802e-08,1.38398849722524e-07,1.29031788613747e-09,0.887735667679876,9
"19922",0.145206436545966,0.0858427619193423,0.000421470604386494,6.1837976513956e-05,3.93039391072718e-06,9.55423424313339e-07,0.550242884349542,0.218214261388591,5.46139832395591e-06,7
"19924",0.800236517029557,0.163241949685958,0.000179643944511322,0.00564034866706878,0.000306061037468056,4.55214825878355e-06,3.30241958741594e-06,6.25765207549064e-07,0.0303869993023833,1
"19926",0.0147023735268136,0.493086516963626,0.00376732549464828,0.469964425750792,0.000267236011196038,0.0164424766482501,0.00104021334527773,0.000729350297038281,8.19623576565641e-08,2
"19928",3.78592399972818e-07,3.12327746453099e-08,1.10335441788002e-09,6.57242070409721e-08,0.992586300974085,0.00741151888193297,1.09843539698333e-06,1.55413274137381e-11,6.05040307204458e-07,5
"19930",0.975132520825036,0.0245893734915174,4.74236277968836e-06,8.8142496550592e-05,0.000112794766281323,4.41424047193925e-07,7.78315244144876e-06,4.0619206016518e-07,6.37952892857776e-05,1
"19932",0.998926017649202,0.0004135647929417,1.02837763536148e-07,5.74492129684345e-05,5.15664602534711e-05,1.22165486706482e-08,9.36081438848147e-06,6.04566406936089e-08,0.000541865559292907,1
"19934",0.0174521372286133,0.364539103074456,0.567189536933368,0.0400790873441092,7.01542237322796e-08,0.000133213007786748,2.26968400073438e-06,0.0104955707545377,0.000109011818904156,3
"19936",0.874944899683486,0.0623418051557812,0.000267419153294791,0.0621809209769504,1.54525517258067e-05,1.95820707429913e-06,0.000107031343431115,4.86158214644514e-05,9.18971067922476e-05,1
"19938",4.47243259799792e-05,0.0887425189028208,0.755957795016395,0.135575127789633,1.17431187579485e-07,0.0149801764589091,4.05440240096616e-06,0.00465396109900548,4.15245736675958e-05,3
"19940",0.117944189958413,0.87524889142772,0.000319212616268276,6.05647591691836e-05,0.00526643633285596,0.00108067661799451,1.09171803112251e-06,2.14285482784165e-07,7.87222840650546e-05,2
"19942",6.23039177439513e-06,6.16689227880469e-07,4.56682608603305e-08,1.29582719795834e-05,0.951779117771704,0.0482007464279925,6.64625158039175e-08,3.32365877344808e-11,2.18283308860596e-07,5
"19944",0.0150481240187148,0.971767910940092,0.00646555393254131,0.00200622663452435,1.79036200933647e-05,0.00468589264353778,3.86891692114215e-07,4.80185030430352e-06,3.19946849951323e-06,2
"19946",0.302779797614126,0.681170877890774,0.00157963000826165,0.0029690772846197,2.39366172804843e-05,0.00014618660374666,3.51148835001821e-06,5.96635519881743e-06,0.0113210161376422,2
"19948",9.5421546281785e-06,9.46175591812409e-07,9.02581170490189e-09,3.9266069852309e-08,0.997578732750533,0.00241041470707417,1.14977132441154e-08,3.30665868029276e-12,3.04419271783521e-07,5
"19950",0.000940127616453414,6.51035910350377e-07,5.29673142389335e-09,2.61287440622242e-07,1.35780745000479e-06,6.44414726311844e-10,1.97726965643247e-07,7.19968287199839e-10,0.999057397864665,9
"19952",9.5421546281785e-06,9.46175591812409e-07,9.02581170490189e-09,3.9266069852309e-08,0.997578732750533,0.00241041470707417,1.14977132441154e-08,3.30665868029276e-12,3.04419271783521e-07,5
"19954",0.995019625868603,0.00444568528576061,5.78286102402319e-07,4.33197952500192e-05,0.000188198999333815,8.51729177940074e-08,4.20718929734457e-06,4.91502197239774e-08,0.000298250252515132,1
"19956",0.204308185007491,1.09688230293615e-05,1.0009459067746e-07,0.142772920679699,0.0223017350186794,1.23639207963065e-05,0.00211292618567511,2.49121945575481e-07,0.628480551148093,9
"19958",0.000113840198398219,2.0727735247938e-05,3.82975379411008e-07,4.34479843423271e-08,3.85710145658126e-08,1.98944003594794e-08,0.991516779926108,0.00831345044965007,3.47168018165008e-05,7
"19962",0.582274697813173,0.121325763470147,0.0180467745333321,0.0143657433627419,4.0453462118607e-05,0.0111696442000509,0.000168029548706876,0.000746234176351004,0.251862659433379,1
"19964",0.24757750229462,0.736777915821581,0.000310766654747851,3.93820575457202e-05,0.00912438662738034,0.00142424766919171,1.48832051579734e-05,5.2824426690146e-07,0.00473038742550795,2
"19966",2.2291490853727e-06,0.0168866166194906,0.112587510561237,0.00469387174456264,9.05452038921866e-06,0.865803662280646,3.16247275130724e-08,1.70214685523522e-05,2.03130997229526e-09,6
"19969",0.971748452468432,0.00444774911379907,4.81044788297754e-06,0.00456195869321618,0.0191402186243255,5.4149829800084e-05,2.20695050199876e-06,6.60798539463218e-08,4.03877921883786e-05,1
"19972",0.368842375408714,0.0395492471677348,2.28908418928233e-06,3.82468218471907e-05,0.554954039690096,5.91823104232548e-05,2.60476447750263e-05,1.06855471804887e-08,0.0365285611866729,5
"19974",0.0640631727267984,9.78656940040087e-06,1.76103719038593e-09,1.03949454570287e-06,0.349711565390161,1.19923905754578e-06,1.0312427800802e-06,1.32622721587813e-11,0.586212203562957,9
"19976",0.546655435323067,0.408744274282109,0.000205471344216313,0.00217081303335892,0.000267591778139885,1.35768965316873e-05,5.24586416548151e-06,7.53328947413106e-07,0.0419368381494641,1
"19978",0.01641054224532,0.972896217215436,0.0100540603386228,0.000104575332477764,4.60557069145668e-05,0.000436332550310488,2.52198214265696e-08,4.74651972623747e-07,5.17167391242446e-05,2
"19980",0.872142907604943,0.000116988281812321,3.59696494509549e-08,1.81839858291254e-05,0.000267888633959411,1.20987083037938e-08,5.26606589974048e-06,6.60103997681258e-09,0.127448710758159,1
"19982",0.132696779895407,0.00021603703323,5.41031783615177e-06,0.000846997517249951,3.64927465723866e-05,2.96870683606352e-08,1.36751955806916e-05,4.8262686046649e-07,0.866184094980195,9
"19984",0.00011903976050603,2.39368755345213e-06,2.80663294778987e-07,4.57964654059459e-07,1.53554470973701e-06,2.34335617818431e-07,1.40916769902844e-08,1.08095567023853e-09,0.999876042871031,9
"19986",8.126458797528e-08,0.029599611162096,0.960331504043543,0.00293994651522975,8.3882152480139e-10,0.00562128891376989,2.34590603350382e-08,0.00150754300318849,7.99703466204534e-10,3
"19988",1.41444498338555e-09,0.00179574085113243,0.996258215871582,0.000107287389120195,6.60950660131298e-12,0.000112468894380905,2.59113321817872e-09,0.00172628283571273,1.45883758244542e-10,3
"19992",6.19119050882868e-08,0.00153423840053925,0.993561214008019,0.00343860813574646,9.26619667412663e-12,4.42096198452309e-05,2.21452250642939e-09,0.00142164407785054,2.16223058754307e-08,3
"19994",0.963850863773751,0.0355939653333516,6.27155323950606e-06,0.000437477062325511,6.60450600039602e-05,3.85097693791091e-07,2.96038134368124e-05,1.64604901575274e-06,1.37422571823006e-05,1
"19996",1.89929790217283e-07,0.0124680027062085,0.987138079049428,0.000115442059116737,3.00101008996489e-11,7.87178074874492e-06,4.63271066082142e-10,0.000270396639528161,1.73418984528241e-08,3
"19998",0.0388490642574766,0.00347230579074407,0.000725341997455163,0.208435460765678,0.026665023204062,0.719839941099104,6.86156926371645e-06,2.48265967826978e-06,0.00200351865653885,6
"20000",0.633623452737779,0.000131860952910537,4.16999269515271e-07,0.235058199558413,0.0031288793742045,1.73749906444881e-05,0.127768890100254,0.00012333792926379,0.000147587357260904,1
"20003",0.888972160316079,0.101865596876554,7.98645203069457e-05,0.00845115597302618,0.000432126205166063,7.96217868672242e-05,9.86070303644164e-05,2.01812031917871e-05,6.86088444715459e-07,1
"20005",0.963694665134895,0.00023695820692298,1.20181556523466e-08,1.43330088839279e-05,0.0170471453858843,1.79933246040942e-07,3.35211173642831e-06,4.33934624942423e-10,0.0190033537663407,1
"20007",0.0293161244641654,0.785175557900515,0.0188882866714682,0.165971675757217,1.99194686379683e-06,8.64266820505466e-06,1.14246201951317e-05,0.000399718578013536,0.00022657739335719,2
"20009",3.42859483233934e-05,0.0509390862714213,0.207815204725273,0.000225883857099657,1.26884335800306e-06,0.740482161229667,1.26164183633587e-06,0.000397140506493566,0.000103706976528421,6
"20011",0.593741699676673,0.295704314501795,4.35378023393919e-05,0.000671821792880459,0.102305464450114,7.86109546087705e-05,2.05883127672221e-05,1.71845615885427e-07,0.00743379066320606,1
"20013",0.890906496034374,0.00366404579062443,7.10627524667606e-06,0.0137272343444969,2.87374630668535e-05,1.26608346191268e-07,4.90662228833466e-06,4.07931520483131e-07,0.0916609389300362,1
"20016",6.57588148540155e-07,0.0598714252961346,0.917410398643129,0.00266425734869824,4.1082647412082e-09,0.00343126478986929,2.13003913326811e-06,0.0166150480321335,4.81415448874751e-06,3
"20018",6.24531069477843e-11,1.62484191982118e-06,0.0032574623166857,1.22873958251624e-06,2.22147862456939e-12,2.9066530024408e-05,0.000213220781519905,0.996497396673805,5.1788447331672e-11,8
"20021",0.00156672542510268,0.854928571999768,0.141889288342315,0.000264728891943074,2.45943812264092e-07,0.000575584049682646,5.28336346008679e-07,0.000774307666198658,1.9344832117041e-08,2
"20023",0.0115753901928189,0.891588427356516,0.0602189643727107,0.0333500526175637,4.03504314800142e-07,0.00261453143255795,7.01367465392283e-06,0.000608898913801366,3.63179350634359e-05,2
"20025",5.07280629089165e-07,0.00678555992473408,0.256285658421187,0.00013850115586571,2.76299666623356e-09,0.000190641090711148,0.000419487869057639,0.736179633602024,7.89279405882795e-09,8
"20027",0.338774277486537,0.00137629880842772,4.91111730344049e-07,0.00849467927940062,0.651211924936869,0.000118348681567905,1.9468855491654e-05,1.2225226877577e-08,4.49861474897247e-06,5
"20029",0.939329944313692,0.000277368149839512,1.60448667167114e-07,0.000364845225438395,0.0539530281459311,3.36236327682175e-06,2.82097185917263e-07,6.03934708153581e-10,0.00607100865203375,1
"20032",0.981974665571471,0.00296838554362563,5.28012126557474e-07,0.000355679816507155,0.0146470896341244,1.15050254604087e-05,3.70382931796153e-05,9.67887779180873e-08,5.01131472754909e-06,1
"20034",5.69793462130094e-05,1.92422362795041e-05,4.46068563443369e-08,1.92354955428707e-07,0.990851106235689,0.00907220144785857,1.51690687279441e-07,4.87901360940409e-11,8.20326703183592e-08,5
"20036",0.0169420543180647,0.000114277463065746,0.000201409925119314,0.972998879337227,3.00614239612097e-05,0.000127905146659326,2.50914511990598e-06,4.16043003855139e-06,0.00957874281074455,4
"20038",2.54684865258506e-05,0.0915248844075723,0.672850897889786,0.200458625527813,3.45738370014377e-09,9.96714904657545e-05,1.54142866254836e-06,0.0350389067173508,5.94439702272827e-10,3
"20040",7.65237624349418e-08,0.0271088081407545,0.237081808056228,7.89593948693187e-06,1.34882975286889e-07,0.727427071061535,3.06900432146285e-05,0.00834274760560651,7.67746437500316e-07,6
"20043",0.000408231523685226,0.0403840478710073,0.949204429430614,0.0050998506729433,2.66003877816372e-09,1.24347769701395e-05,5.06240554615256e-08,0.00489082028415303,1.32156533219916e-07,3
"20045",2.64719413173352e-09,0.00150486232826868,0.971288112259401,1.13141683931146e-05,6.06398957704302e-13,3.15995566412018e-05,4.83789891101073e-08,0.0271640504768941,1.01836121418857e-08,3
"20048",1.08448498036774e-05,4.48402443186465e-08,3.67802756878783e-09,3.42660714557343e-08,2.86326140690673e-07,1.02070256962953e-09,5.94628268361574e-08,3.57058301529644e-10,0.999988725199125,9
"20051",0.653708084263901,0.0874761440055928,0.109771402343988,0.106741379716533,2.30977014923115e-07,8.70600766967213e-06,7.44308793127185e-05,0.0309293736182895,0.0112902481876981,1
"20053",0.000911402528384083,0.933779421301812,0.055639988286557,0.000611762367754967,1.17827046870672e-06,0.0089692569482794,1.8582820665021e-07,2.80969319273788e-05,5.87075366103095e-05,2
"20055",0.00135613235956382,0.0475845742824161,0.0271943900397056,0.894578957542271,9.66931550926798e-07,2.18811625844317e-05,0.000185118784719941,0.0290779764869967,2.41019146026386e-09,4
"20057",1.87271267577037e-07,1.01990082165194e-09,6.07420807843336e-11,6.23712339371305e-09,6.74657137956552e-08,2.09407118582486e-09,0.999954871128396,4.21223379531477e-05,2.74238483181715e-06,7
"20059",0.00050916383499954,0.93881690109928,0.0288345983112054,0.000321814301396718,2.39171687758503e-06,0.0310567444987906,4.44163148753964e-05,0.000410464678068333,3.50524450671014e-06,2
"20061",0.00419359150609283,0.981296804943303,0.0121642315651935,0.00133929439666469,5.24622878937396e-06,0.000958909869136171,1.80933084016947e-06,2.68096945922578e-05,1.3302465388511e-05,2
"20063",1.90768533084147e-06,1.57565986208306e-05,0.00700860930646993,8.54863164783699e-05,1.13015267033814e-05,0.0207236852187956,3.49754765543982e-06,2.92660813811286e-05,0.972120489718564,9
"20065",2.19881614791706e-08,0.000219324358436166,0.0126203210890356,4.6457599213587e-05,1.18429899789598e-12,7.05095113293256e-07,5.26200850271193e-05,0.987060549782665,1.16365656288957e-12,8
"20067",2.5351849212515e-05,0.0452011127544292,0.895842425845372,0.000831185403863049,4.56697780245095e-11,1.73502711117955e-05,1.59718374495481e-06,0.0579257742676954,0.000155202378901535,3
"20069",0.618029752342691,0.000119812256513921,9.31116713618018e-08,3.54190677774039e-05,8.63682173389336e-05,7.59324455875442e-09,5.96506720466966e-06,1.75195405610383e-08,0.381722564824018,1
"20071",0.000503964629449556,0.00289156213354006,0.00013657045506789,0.995661196541992,0.000157269679519375,0.000634126992651855,5.35051335960279e-06,2.13240124355777e-06,7.82665317596591e-06,4
"20073",0.0830104528822689,0.00352044848034023,1.0865545357067e-05,1.49516606027876e-06,0.000415424675630384,4.22611061434981e-05,5.16976960810038e-07,2.16668573968743e-08,0.912998513500381,9
"20075",2.80345873991288e-05,3.17545763608231e-07,1.79485609065224e-07,0.000490692928650351,5.47036579058915e-09,1.52402826433965e-09,0.94039250458698,0.0590881377622288,1.26108975330405e-07,7
"20077",0.00112101755783351,0.0810611635232776,0.255356517361907,0.661935273603276,2.18754504001704e-07,0.000284797782669094,2.22083803493098e-08,4.15515273216251e-05,0.000199437680830858,4
"20079",0.03115191823341,0.00295808286575081,0.0773089233414006,0.00665615157828208,4.04554012413904e-06,0.000200880025798234,2.63758127275914e-06,0.000870273563216422,0.880847087270745,9
"20081",0.00079798321112596,0.298697626558873,0.288794611742917,0.0348920193794101,1.31263531296099e-09,3.36370038439001e-07,0.000207461370647279,0.376607906119503,2.05393484971687e-06,8
"20083",0.00236277360069086,4.39680250265952e-05,0.000298540402552891,0.125501889215585,0.000206081920837348,0.00243475369085885,3.29407571260741e-05,1.72335716335087e-05,0.869101818815689,9
"20085",3.46221412456584e-09,0.000986480119027094,0.983813002147749,0.000197942408886156,1.83796909940281e-12,7.59979634806054e-05,7.71701226921859e-09,0.014926566151058,2.87343703566306e-11,3
"20088",4.15591431533813e-05,0.0630227781588567,0.925516826569191,0.00264774147047394,2.35531676485273e-10,0.000175018194933985,7.86597420022765e-08,0.00859596068834051,3.68797770278799e-08,3
"20091",1.01809661080045e-05,0.00123258598298993,0.000188127138610214,0.000203104252501643,6.9212686545954e-11,1.51424519569162e-08,0.101190983069891,0.897173779029475,1.224348759444e-06,8
"20095",0.00164914492499974,0.173608998674145,0.00329522674816376,0.000303692175864185,0.0204565283925442,0.0013666114044567,0.000133108225258188,6.79686135526843e-06,0.799179892593213,9
"20097",7.29453331350066e-09,0.000872620976777298,0.943827461330107,0.000795947869508046,8.86850640503249e-13,2.43380290779092e-05,4.15321689072702e-08,0.0544795829253122,4.16286054493891e-11,3
"20099",0.000187191195586252,0.419679674650925,0.227325800216422,3.68350109060125e-05,0.0142118335756318,0.336683507753114,2.15339372705764e-08,6.50135662328772e-07,0.00187448592781525,2
"20102",0.000309379500337595,0.000306245310793808,4.97850725411107e-05,5.34438650657195e-05,3.36801657646584e-08,1.91827048347846e-07,0.0120596388537657,0.00344876483806025,0.983772517052222,9
"20105",0.000864917501188193,0.116728771596501,0.880434635553046,0.000468247195463948,2.10372735787621e-08,6.78872547115413e-06,5.03781981175078e-08,0.00122657585948529,0.000269992153372086,3
"20107",3.01521268567892e-05,0.329079364808966,0.616770807706272,0.0536678953006516,2.08953962164395e-08,0.000158752995411635,3.16345896918391e-08,0.000292797871704022,1.76660152033169e-07,3
"20109",0.0065614825169988,0.635623058678134,0.130178833020658,5.25994999848472e-06,0.000131498436012821,0.00763628789147227,1.50982870773539e-07,6.36545668191384e-06,0.219857063067174,2
"20111",0.0180540799001927,3.89967805800482e-05,3.92688476634681e-08,2.06106309148311e-06,5.82883026636651e-06,8.7925515421878e-10,0.981191665822405,0.000472890952911214,0.000234436502449923,7
"20113",0.000370691295728145,0.168496717918044,0.0484021783391788,0.764741410531979,0.00030371683479007,0.0176688136365024,4.99342102732518e-07,1.5881881799263e-05,9.02198757117853e-08,4
"20115",0.971794201313716,0.00436725415165587,2.29950829974528e-07,1.20696123293094e-05,0.0138110903186771,6.90064864600964e-06,0.00986835024158044,2.11306138257524e-06,0.000137790701182938,1
"20117",6.83596052119316e-05,0.0390939588059616,0.0114547319057999,0.00964410028623273,0.0261997820555719,0.171676774382213,0.685165209800136,0.056696095978262,9.87180610540095e-07,7
"20119",1.07229563037974e-06,0.00542134010399563,0.0505751500856408,0.00270144568025827,2.30476748970406e-05,0.941274575471378,4.68574446382725e-09,3.36362431824528e-06,3.78136864983404e-10,6
"20121",2.81550796444594e-06,0.0931775419829876,0.867220610466303,0.0355966720082979,2.29341087979795e-09,0.00257067139469936,5.77626688394206e-08,0.00143162394889982,4.6347679414952e-09,3
"20123",1.27210746456046e-06,2.92992603634413e-05,0.000117839178372088,0.000526182282038272,1.59306530765756e-11,1.12081790974813e-06,0.0193785254650367,0.979945759590481,1.28240350915628e-09,8
"20125",0.934873374316652,0.00122209379156526,7.92729933631006e-07,0.000732144996066332,1.73463968497668e-05,5.27131139033074e-08,1.58000889997014e-05,1.90557158427418e-07,0.0631382044096605,1
"20127",8.41955653255191e-08,0.00120654995748009,0.998231329569529,8.49293190109431e-06,5.38084994526482e-11,2.1956360939336e-05,1.37506657416659e-09,0.000531464324261815,1.21231448060197e-07,3
"20140",0.000316103128128838,0.00270546965803498,0.000529200518894084,0.994672794670535,1.52090853301819e-06,1.56354492019648e-05,0.000515690142888969,0.00124358031655221,5.20723066569121e-09,4
"20142",0.00326643438465409,1.37718278407632e-06,8.42264517104133e-09,3.10092573353959e-06,2.32128458293319e-06,1.62666590847037e-09,6.40445905096428e-07,1.57808147331143e-09,0.996726114148948,9
"20144",0.909447870316254,0.000573908805663538,3.1271167153449e-07,0.0183873012119071,4.73616020371353e-05,4.14550138965948e-07,0.067820992497426,4.09051312440374e-05,0.0036809331736581,1
"20146",0.254050333594031,0.00169415854546016,0.000176152920616331,0.397156253409953,1.80281263618738e-05,4.19931489448698e-06,0.000274347862260401,7.56612669683084e-05,0.346550864959454,4
"20148",0.95185203933963,0.0143142889912913,0.000206810811616428,0.0335169852224722,9.62782270230559e-06,2.41080426518826e-06,3.82112753378209e-06,1.10241311591852e-05,8.29917493300213e-05,1
"20150",0.649189915522834,3.87952123118549e-05,5.76673073102841e-09,4.98328334639861e-06,0.0340235778708242,1.69158960018285e-07,2.98571526758674e-06,2.05491548437628e-10,0.316739567264234,1
"20152",0.886602538926511,0.078841290666291,0.00104927408932802,0.0332706717396112,2.23851522234882e-05,0.000119062220860263,6.90235622217191e-06,2.35951834698196e-05,6.42796654833718e-05,1
"20154",1.41915850690984e-07,1.82596395543929e-05,0.00599034383980901,2.95043168578568e-05,1.99956284492202e-13,6.22751863211115e-08,7.93354928775186e-05,0.993881940217257,4.12302407201617e-07,8
"20156",0.00860086822343843,0.534023978422032,0.0220290914954288,0.403713796753649,7.35081559138672e-06,0.000147875486988501,0.000309302656926253,0.00071193939429901,0.0304557967516469,2
"20159",0.489934747603828,9.64147850959103e-05,9.5454574384227e-08,0.000100536835010754,3.60076347746376e-05,9.76855078399687e-09,1.11119723527393e-05,3.19593046415498e-08,0.509821043986508,9
"20161",0.00248556477344513,4.93124206236813e-05,1.11163081074652e-05,0.000768168451786915,1.06515505987991e-05,7.48107063467181e-05,5.6637390900272e-06,4.37960860043956e-07,0.996594274089141,9
"20163",0.872407424757167,0.122840591233529,0.0022418334525605,0.00120486638230724,0.000596632403471604,0.000161934996849053,0.000192686751371071,0.00035272547662736,1.3045461172444e-06,1
"20165",0.00013344997249846,0.000557723935403354,0.00170026898943868,1.63580448526697e-06,1.32211099281778e-07,9.03731326361796e-07,6.11923002785684e-08,2.71175157265625e-06,0.997603112411876,9
"20167",0.975399512253192,0.0198242045056858,7.62204843870299e-05,0.00034143615484912,1.85190813978278e-05,2.48659152031132e-07,3.22517060782698e-07,4.88046942731071e-07,0.00433904829733267,1
"20169",6.72815934400112e-05,1.01505165461668e-07,3.16892342588185e-09,1.57564197916846e-07,4.38451271269911e-07,8.30777930384296e-10,1.03812050960551e-07,3.8581011992277e-10,0.999931912688363,9
"20171",7.92693728300141e-09,3.63324909954456e-06,0.00361899014042692,3.72756810143609e-05,1.42575266979531e-13,3.04151278776739e-08,0.000221938614225687,0.99611711580769,1.00816533518312e-06,8
"20173",9.04397942756769e-06,0.000173036987948959,0.000561960276341659,3.96378674940635e-07,0.00176127750911719,0.988264415255226,5.28412333717675e-08,3.54630064060167e-08,0.0092297813090239,6
"20175",0.918000778335574,0.07264694676374,1.12372197427639e-05,0.00233208948087069,0.000840618516866452,7.74385282253015e-07,2.76329820320366e-05,2.96462072493367e-07,0.00613962585381963,1
"20177",0.000124460565537146,0.0797238231166697,0.0316045462346313,0.000111763481560782,0.0114529022024918,0.87696290008664,7.85081250499103e-08,2.87433187719826e-07,1.92383711567721e-05,6
"20180",1.78050436928697e-06,0.0921208873069811,0.878636537759718,0.00298384103895245,2.39887827861987e-08,0.011214783093236,1.12051054842113e-06,0.015041025786053,1.13595527174541e-11,3
"20182",8.86310363327592e-05,2.23665490959441e-08,1.55064127533565e-10,2.18753739754494e-08,0.00936270662751813,2.07237620252113e-07,0.00703023698691551,9.24557002558995e-09,0.983518164469056,9
"20184",0.0233488687233963,0.000177372545978707,1.10805521065241e-06,0.000106740300030712,6.23987015095046e-06,8.72622316127083e-08,4.195310672642e-07,1.73895391513743e-08,0.976359146322395,9
"20187",0.000365572372103429,0.00307509205091633,0.000189966028340862,0.00320036637743594,0.173085527566686,0.819240291933553,2.34117947971961e-07,5.4857670176974e-09,0.000842944067249224,6
"20189",0.00537838995478903,0.864443608533876,0.0391765707102316,0.000107842211626639,0.000532289511408138,0.0903589125379066,2.54877094194419e-08,1.37149006378967e-06,9.89562388503474e-07,2
"20192",0.000158228316080204,0.0407550070970863,0.0420748385079738,1.66383388707935e-05,8.71484902574843e-05,0.887461086820211,0.00399784097532212,0.0254490178916769,1.9356252148539e-07,6
"20194",0.0395202536846249,1.65228582518476e-05,2.42073444820098e-06,0.129107077779487,0.190217385868032,0.000580345942665871,2.20884085967383e-06,7.46692214846458e-09,0.640553776824708,9
"20196",1.76001780938978e-06,0.00537238067399828,0.322291057998498,0.000454006597868451,1.69277397453863e-10,6.70106213663109e-06,1.29789195717568e-05,0.671861100475999,1.40848405784008e-08,8
"20198",0.310152280280452,0.509762702172804,0.0169764088889969,0.159367051104956,4.43434469414553e-05,0.00195716879615024,0.000531394776270884,0.000839420967273914,0.000369229566155462,2
"20204",0.649513469494975,0.000200638305647001,9.5675918006252e-08,9.78646302718822e-06,6.64458952428738e-05,2.98687016458824e-08,2.75043231640157e-05,5.99357681591347e-08,0.350181970037556,1
"20207",9.90606043300737e-06,0.00840448206178512,0.699966419907076,0.00770032451391555,1.77461907813544e-11,3.06590043087704e-06,7.82648342806225e-06,0.28389668091952,1.12941356652283e-05,3
"20209",0.141943656719679,0.00168148487120751,6.96769513812069e-07,0.00741332527957549,0.0214333674895573,3.44321644060473e-05,0.827305790492605,0.000187003900048014,2.42313408046113e-07,7
"20211",2.58810419075068e-06,2.35813021805247e-05,9.51883305506876e-05,0.000908255728541667,8.60734746835574e-13,8.08343427342314e-10,0.00448971249284576,0.994480662484125,1.07483617630188e-08,8
"20215",0.000566403287170644,0.00479654078580018,0.160073802663408,0.834176061122492,5.51241416511803e-08,5.92015513906548e-05,3.7730449459822e-08,0.000324184229844904,3.71350530249019e-06,4
"20218",0.0161463120729525,5.6998970005215e-06,1.51800535431522e-08,1.66282356375195e-06,5.68099033632505e-06,1.27460089505889e-09,8.09504508744696e-07,2.70893547190366e-09,0.983839815548048,9
"20222",0.000983354207539308,0.00990001380744922,0.77241145936695,0.0159328411903894,1.14308613791637e-09,6.03914986339247e-07,8.76840796219974e-06,0.20074123416034,2.17238012968607e-05,3
"20225",0.947709950564009,0.000133252368143048,2.15984554118237e-06,0.0380994617568959,0.000466480402623567,6.11513816174614e-07,0.000830545208700158,3.89395549193924e-06,0.0127536443847796,1
"20229",0.000775872648289904,2.16363878315881e-05,7.20462292851962e-06,0.999119113262377,9.59013683927298e-07,2.9311988748689e-06,4.32469555742463e-05,2.69946373353033e-05,2.04127310513054e-06,4
"20232",0.00343460012478308,0.508941780768554,0.0227068887376971,0.462681395461385,1.34678364044814e-06,6.84817708878696e-06,8.17496464853031e-05,0.00214339367085528,1.99662951143277e-06,2
"20234",1.98325299003053e-09,0.00137809800536605,0.710101062969644,3.01574267261441e-06,5.56948564771205e-10,0.00144594271409061,1.57150761422793e-05,0.287056162915069,3.68133995968968e-11,3
"20238",2.60424257077255e-05,0.384650059028548,0.606364969007471,0.00601230466972516,1.12111601651926e-08,0.000140743089237524,1.037626672158e-06,0.00279999255226754,4.84038921123354e-06,3
"20253",3.17068883450643e-06,0.00151820769089159,0.632748283472472,0.364642086024446,2.63593393097933e-09,0.000469918418302313,8.45667157511821e-09,0.00061813771066813,1.84901780894151e-07,3
"20255",0.994345004089584,0.00302210193697553,1.47691726251513e-06,0.00230155122979937,5.59335513085138e-06,7.04841836265703e-09,0.000233730081501476,1.16138562383458e-05,7.89214850896316e-05,1
"20258",8.10448969860168e-06,0.133144954723981,0.866203678855936,1.83938076559692e-05,1.0784246479774e-08,0.000377667887686666,8.67372255778072e-09,0.000247173614656888,7.16241566765731e-09,3
"20269",0.00617240598075488,0.821669153717709,0.151381163715367,6.87390479973856e-06,3.43253388652315e-06,0.000169255680130649,2.90515879641885e-07,4.79315651424208e-05,0.0205494923863301,2
"20271",1.8484073001931e-05,0.181644925126943,0.480211319616061,4.66838622080799e-05,0.000245726040047359,0.337821737423256,3.77242504356687e-08,1.10625222735901e-05,2.36119581537365e-08,3
"20285",0.0238259276700277,0.0025560221244328,0.00026570139603627,0.013885002053466,0.587365092811401,0.371301690498341,8.55712156530119e-06,2.48041358019144e-07,0.000791758283372277,5
"20288",0.000880419136406049,0.0883694344151714,0.117405291482331,0.792791517779094,2.17508192125871e-07,5.54699473582723e-06,7.17664088271891e-07,0.000531486851731285,1.53681682500278e-05,4
"20291",7.23880317397104e-06,0.344743395102814,0.168121078010141,0.00189206009286324,2.51699611626865e-09,6.22252255267195e-05,0.00127892077907752,0.483894314327714,7.65141693023299e-07,8
"20295",0.00794126744418319,0.441944205901749,0.0295300189026123,2.13818839921699e-06,0.00642532271689081,0.511356879987095,5.53095225383759e-06,1.29927154622862e-05,0.00278164319135424,6
"20298",0.998511478156901,0.000199040783513078,5.1046628213698e-08,0.000184714962124373,0.000156405833204788,3.693877866612e-08,4.74710153390284e-06,1.2674897556083e-08,0.000943512502418178,1
"20302",0.366243289862851,0.00545239827422368,1.02131939293937e-05,2.62201675506487e-05,0.00221290983025623,0.000143293429316455,7.4994994662941e-06,8.39452560858744e-08,0.625904091797151,9
"20305",0.993693323179887,0.000224404004820731,3.31938051733629e-08,4.13840206508037e-05,0.00592965221780848,3.89123742226294e-07,5.17741748482979e-06,3.75578188001509e-09,0.000105633086018893,1
"20307",5.42137915461336e-07,0.0512315851320835,0.94573243548372,0.000399279406741134,2.63997513476615e-11,5.59429254650519e-05,1.49874142322185e-08,0.00258019449301281,5.40724787604658e-09,3
"20310",1.18152711948248e-09,0.000669278838911596,0.996008768945893,8.66299987375811e-06,1.1737578310395e-10,8.36555606728112e-05,1.17583515413065e-08,0.00322961984235758,7.55036514569106e-10,3
"20313",0.000347860774918904,1.15374328756475e-07,4.78457222417263e-10,3.87762883345217e-08,4.54491870478603e-05,2.9936870809592e-09,5.51503299356959e-08,1.53627574677599e-11,0.999606477249579,9
"20315",3.78041629853997e-05,0.251098875823513,0.741924640682812,0.0065610120111837,4.77625762806679e-07,0.000189325441543766,4.2041696081459e-08,0.000187725305565017,9.69049380412049e-08,3
"20319",2.55850692264108e-06,0.000229404377097444,0.0864722770074626,0.00276327772762133,5.67468641334971e-11,9.57566699631763e-05,3.83164626400729e-05,0.910398404657615,4.5339307953323e-09,8
"20321",1.47214254975739e-06,0.00429212258720289,0.99422232430883,0.00117023303808697,2.3562771973163e-09,0.000228703476614516,8.63248081752977e-10,8.41423538530716e-05,9.98873337400293e-07,3
"20327",1.57846535152223e-06,0.22704806797922,0.767279078271308,7.83252692826721e-06,2.40542721564603e-07,0.00564429220376628,2.45239422032016e-09,1.88790180305599e-05,2.85402795499085e-08,3
"20329",3.10690107509743e-05,8.12317142277932e-07,3.6668408722723e-09,1.58962249631399e-06,0.997384783348161,0.00256243599428801,1.03319101231998e-08,6.4103325114848e-13,1.92957077691632e-05,5
"20335",1.89300468880965e-07,0.00719865110761107,0.484067405100348,7.28132521591452e-05,7.73018394863767e-13,4.73990638740496e-07,2.95829701410288e-06,0.508657385369497,1.23581489830217e-07,8
"20337",0.869953509635738,0.000215353306813359,1.24335852837207e-07,3.96641219482356e-05,4.32546873062864e-05,6.82561464900211e-09,9.36577774611251e-06,4.46929731551538e-08,0.129738676616007,1
"20339",0.00208508143873577,0.000322627454372581,0.0004905578611858,0.545333514151804,9.8420526060714e-06,0.00631718128956498,0.277062629232734,0.168377886572071,6.79946925137261e-07,4
"20341",2.35550090678697e-06,0.00121919986614406,0.00912083893505136,0.0015943751425714,6.38462766800344e-11,1.14965113423794e-06,0.0109500745186234,0.976699094028938,0.000412912292784213,8
"20343",2.52164349839406e-07,0.00122124679540295,0.980325370668393,8.37089714145085e-05,4.51888048832277e-11,0.000617726724664484,2.29490791883362e-07,0.0177353286266466,1.61365131476602e-05,3
"20345",0.890024434987068,0.0780414870082074,3.72886081754684e-05,0.0112732235709068,0.0185600538365581,0.00199905558962219,6.14856505458178e-05,1.38649333837757e-06,1.58425557795569e-06,1
"20350",0.000688880697707385,0.000646631764434086,0.00307182695261704,0.993493969226125,1.94170684885396e-05,0.00011509608468905,0.000737918872835207,0.000640667887238962,0.000585591445865261,4
"20352",0.000179240947964542,4.98674811120119e-07,2.45331701559124e-08,5.70755934442335e-08,3.44462147639038e-07,2.03263633082738e-09,4.69822799494707e-08,1.19127535437563e-09,0.999819784100122,9
"20355",0.00948416401512404,0.00114165182015702,7.02809047202578e-05,0.00019852962567939,1.00831821088348e-05,0.000238965893976674,3.02365893512891e-05,3.99642466540935e-06,0.988822091544217,9
"20358",0.00769580513295444,2.33880138028912e-06,4.45305043370445e-08,5.4991963157976e-06,0.989504354127424,0.000743937058250345,4.78807603713487e-08,3.21609824896467e-11,0.00204797324024923,5
"20363",1.51456815057014e-05,0.0163644702170076,0.98116603300172,0.00217312104511996,1.38555836988577e-09,0.000106169299948205,1.2180783624334e-09,0.000173914358303535,1.14379275801207e-06,3
