"","V1","V2","V3","V4","V5","V6","V7","V8","V9","V10","result$classification"
"19811",6.59209026581351e-05,0.000932246724842477,0.041567786303635,0.00060676618585645,2.60631136913606e-10,0.956504344142596,1.24624783369919e-05,3.62934914919984e-08,0.00031043348291523,3.22503742358139e-09,6
"19813",3.93435421416865e-08,1.76271633505709e-07,0.999972137502417,2.22858282705702e-05,2.0328519974173e-12,5.27343145685126e-06,2.45815006374321e-08,8.71432689011635e-10,8.58476859419431e-09,5.35829451093196e-08,3
"19815",0.00222222132627933,0.0212678702296735,5.02031623176239e-07,0.00433258489315149,2.11712116596111e-05,0.971060136308164,0.00106841124648122,2.37930964279857e-05,3.3084700180892e-06,1.18652105721857e-09,6
"19817",0.00311179147369155,0.00267019703090551,2.74975566880988e-06,0.000137769307223735,1.14797781248349e-07,0.993776638717509,6.6533129461981e-05,5.26314287379718e-07,0.000233679413518086,5.99522991911355e-11,6
"19819",0.0389034105941687,5.98852395755771e-06,6.10918235329931e-12,0.00495421194892599,0.642762700025249,1.30837711147338e-06,3.90898089910205e-05,0.312169722337574,3.14163058835763e-08,0.00116353696160692,5
"19821",0.00217491203710285,0.000263329025416022,0.0127985112173968,0.00104523528419291,3.02350731010214e-09,0.971851658843541,4.53385342141865e-07,9.46160539762062e-06,0.0118563767394217,5.88386813642827e-08,6
"19823",0.000845126761543008,0.000235068129449509,4.28902076351235e-07,0.000269832421581937,0.000932403478532088,0.393359873123581,0.604321165728576,1.31409180116696e-06,3.4782541172593e-05,4.82168583726385e-09,7
"19825",0.0139613865185404,0.00277565069373619,0.00141073732210622,0.000462390956017006,4.60042043294561e-05,0.000441702785182159,4.0900455615322e-06,0.0216634516042061,0.728253198959688,0.230981386910633,9
"19827",0.00949064245532862,3.40244100346959e-05,1.55871656040914e-07,1.85796048256995e-05,1.9748788112561e-06,0.628884116074408,0.000216164616442869,2.67541805128377e-06,0.361351648796661,1.7873780020883e-08,6
"19829",0.950672721657618,2.78244883313783e-05,1.20218205455631e-07,0.000963663287128816,1.64582576116116e-05,5.60148112073006e-05,1.323388441744e-08,0.0472800215298267,0.000848125684816095,0.000135036831370232,1
"19831",0.33666282000576,2.45327948101929e-05,6.12807862276392e-08,0.404328080143837,0.163093870617883,1.69119000526112e-05,0.00269747025442849,0.0761092797376636,7.05960635602192e-08,0.0170669026687151,4
"19833",6.71761693022811e-07,0.00214914302319809,3.92068985963741e-07,1.04774387286798e-07,0.137165656455604,1.00146894124343e-07,0.858974994858597,1.34340993922573e-06,8.82727340729113e-06,0.00169876622729351,7
"19835",0.00217491203710285,0.000263329025416022,0.0127985112173968,0.00104523528419291,3.02350731010214e-09,0.971851658843541,4.53385342141865e-07,9.46160539762062e-06,0.0118563767394217,5.88386813642827e-08,6
"19837",0.0366017786166888,3.99177238882054e-05,1.21068508788543e-06,0.000189270344718658,1.59292407792829e-07,0.946272919057458,1.25761356515527e-05,5.15326891592225e-06,0.0168770130334924,1.84169126662675e-09,6
"19839",0.20755676036223,0.000352041535875205,0.000200035015181781,0.0735096592558542,2.27179667142696e-06,0.000375561279822816,1.81766460379496e-07,0.0272102127951815,0.00864863046812302,0.682144645724599,10
"19841",4.21961346424267e-06,1.41524813535628e-08,1.29756019116894e-05,8.07031656666851e-09,4.30444320583646e-10,2.61053691587765e-06,7.12065467961975e-10,2.31939805868434e-07,0.999867096520919,0.00011284242167593,9
"19843",0.000362507595493468,0.000453814877679841,0.00125379595616982,0.656547825451715,6.67866479772181e-06,4.69820802451704e-07,5.15303794780272e-08,0.0734450504336812,9.81978159441587e-10,0.267929804687303,4
"19845",5.14541231943315e-07,4.68982303196315e-05,0.965935024860245,7.54904122527565e-05,5.29926490347344e-11,0.0339326373283935,7.03249498597786e-06,2.29703399661211e-09,2.39895235028918e-06,8.30194819450701e-10,3
"19847",0.00531129928193444,0.0150350827171039,0.00441536002035251,0.153344445117981,1.4845339310154e-06,0.821444027240091,0.000391959429866297,5.23847191665003e-05,3.78041922383147e-06,1.76520350047499e-07,6
"19849",2.56036305621044e-09,2.92676035230697e-08,0.999983332548299,2.32606517491558e-06,2.96230606848902e-13,1.42596020124234e-05,2.52509626399304e-08,4.75132219784562e-11,1.9296508382065e-08,5.36126700519435e-09,3
"19851",0.000153198303549746,0.000610383986425981,7.69193744074129e-06,0.000179920443743808,7.72729323348189e-08,0.998831301988843,0.00020891257554075,1.12155823305013e-07,8.4013144605815e-06,2.12401716798684e-11,6
"19853",2.32319107753809e-06,6.42005518351461e-05,0.0141261228945531,6.40904973528469e-06,4.64047826289033e-08,0.907441605934026,0.0782370553934181,3.79989053273185e-10,0.000122236161675539,3.89080812780313e-11,6
"19855",0.000194000279695003,0.000105826579202792,0.000743388754912468,7.44709279475854e-06,5.37877764161427e-09,0.997135470026479,0.000350981128025942,3.58380428157533e-09,0.00146287716658872,9.71983858490385e-12,6
"19857",0.228811864020251,0.00624024481113323,0.0143762441547854,0.0180900772540472,2.10500948859593e-08,0.720544336412478,2.88172270571664e-06,6.67635992317497e-05,0.0118672656915056,3.012837669367e-07,6
"19859",0.0686950861507251,0.00231103066558071,5.69291024329235e-06,0.000649440991172054,1.85138528708118e-06,0.92025476181622,0.000473984381761371,5.51800987184344e-06,0.0076026226355371,1.10536013239204e-08,6
"19861",2.73346741232724e-05,0.000282083823693944,0.139224190097954,0.00198086339007954,1.29865467196218e-09,0.858383680819947,9.20156349432499e-05,3.29722618481346e-08,9.79521453318103e-06,2.07380928279351e-09,6
"19863",8.92351472911547e-09,1.07136605941877e-07,0.996203853388797,2.03805817547099e-08,5.09503761117074e-13,6.20770414644803e-06,1.11364764410659e-08,9.27427891259987e-11,0.00378464887870191,5.14235792370181e-06,3
"19865",1.89073647350768e-05,2.11982034856187e-06,3.76827743214443e-07,7.9519039000326e-09,1.66783785978944e-10,0.00104140023018412,1.01202847420663e-08,1.76958771301688e-08,0.998937154041956,5.78018293841606e-09,9
"19867",0.000183861542888983,0.00679331026710074,0.00436703337046694,0.0291467994221008,2.30609822367482e-07,0.959335699209619,0.000166293738737848,6.23387919049637e-06,5.30932452747004e-07,7.0276207157712e-09,6
"19869",5.35284965018572e-08,2.23960636657697e-07,0.99739571705375,1.79636121786415e-06,4.49410028630889e-13,0.00259376517907841,1.83585714484488e-07,5.01677298948914e-11,8.25997068647097e-06,3.09802105821056e-10,3
"19871",0.322749781006374,0.000522660494194842,6.0407406431919e-07,0.000355539183477301,2.64681361958303e-06,0.65314474178446,0.000104448095181416,2.0185789789108e-05,0.0230993885901591,4.16868015084469e-09,6
"19874",0.000231893925037397,0.000402270212964743,2.04527007227273e-06,5.37524587803801e-07,3.91981879679755e-08,0.196063184798468,3.91072482649938e-05,5.80524949872985e-08,0.803260858597333,5.17258858312935e-09,9
"19876",5.83499358569381e-05,1.02569321125013e-05,0.000239906771408185,8.32821213321221e-07,2.25311246646568e-10,0.829219408622462,6.63206687038263e-06,2.64496065376596e-09,0.170464609885977,9.3828150930661e-11,6
"19878",1.24380725230373e-05,0.998682192725383,5.17465043051378e-07,0.00029290460241003,6.68685087482947e-06,0.000104112852705027,3.72956620912735e-07,0.000882264406476817,4.21777929639493e-07,1.80882900342256e-05,2
"19880",1.13017739850335e-06,3.52387901467e-08,5.85317490580296e-06,7.59654875646751e-10,8.41340164744333e-12,0.000740894073303212,3.31206595983805e-08,1.25585727681886e-10,0.999252052703151,6.18138057574038e-10,9
"19882",9.95019053532617e-06,0.00687451002827999,0.305223369134809,0.00015139958110177,3.07822699677506e-09,0.687188910824829,0.000115156254728061,6.3404895608387e-08,0.000436632013999696,5.48859440875948e-09,6
"19885",0.0886751633818952,0.00538814236071507,3.43314273096075e-06,0.00651159377621252,2.59222710556434e-07,0.899118676553917,3.76846596609843e-06,8.33563792843162e-05,0.000215603994267297,2.72230063987737e-09,6
"19907",5.9758171175912e-05,0.00862171801873144,0.0691034702934244,0.00392794017504053,2.82782003950869e-08,0.918242075852873,3.89092011599023e-05,1.97479229190621e-06,4.12254231691175e-06,2.67478585669694e-09,6
"19909",0.386674045879505,4.15312539411647e-06,1.38804767736451e-05,0.590005154029924,4.01897449604626e-06,0.000699423585828391,1.44529037221924e-07,0.0225664474461533,3.84459847092994e-07,3.23474930409711e-05,4
"19911",0.976636705101141,3.10135566564036e-05,5.98306227781413e-07,0.0121444466246067,3.19127602275901e-05,0.000795626250150909,4.2227895468602e-06,0.0080666507229873,0.00183825249589638,0.000450571392558357,1
"19913",8.10777074055491e-07,8.28947785963268e-09,7.33574061163798e-08,1.41763307212388e-10,2.16525523627331e-10,3.40865459297834e-06,9.04017682846717e-09,1.5457662956986e-09,0.99999547047142,2.17505796671395e-07,9
"19915",0.00043828264326897,0.000113659884685321,9.80554816894226e-07,8.45840981349348e-07,2.93154787181085e-08,0.675306276063711,3.38957800938943e-05,5.74826204030926e-08,0.324105972172546,2.61797919434715e-10,6
"19917",0.000441983052112796,1.85933604968442e-05,6.53734813442681e-07,7.0657149471863e-07,7.0658701557601e-09,0.0059680810164041,1.00902856791093e-06,1.66870104854487e-07,0.993568512529798,2.86770337472831e-07,9
"19919",0.0108680447817283,0.00446920395662061,5.32650405284658e-07,2.60664570085751e-05,5.3274427721524e-07,0.869519548737279,7.99863727463709e-05,2.06867303749201e-06,0.115034011777443,3.84945346394909e-09,6
"19921",0.000349887731316616,0.00356535895145817,0.000119669238865824,0.00305337595793487,5.5234237597448e-08,0.992838570600707,7.01080667579052e-05,9.16036479483188e-07,2.0579798878519e-06,2.02354580098746e-10,6
"19923",3.1041916060192e-05,0.987556458461882,2.73920185841075e-06,0.0064946848942031,5.32317269562548e-05,0.00547522513874237,0.000288773231594833,9.73769172272036e-05,1.83750610775934e-08,4.50136414593853e-07,2
"19925",0.000191434145603756,7.6819450683821e-05,2.83441627533951e-07,1.59133648528981e-07,9.5994919853465e-09,0.0459462616572864,2.97035335251708e-06,5.922448447874e-08,0.95378200023811,2.75571111509623e-09,9
"19927",0.000639856137225009,0.000142363429638765,1.0714223574319e-05,0.000134536705666633,3.32006212274541e-08,0.998920888549267,0.000102955631661187,8.59703619329338e-08,4.8566131485942e-05,2.04983901596648e-11,6
"19929",1.50168495404796e-07,3.11348960083177e-08,0.494767027495146,2.16147273170094e-08,1.14954959696314e-12,5.86890552399573e-05,2.33009914432046e-08,2.69988253943183e-10,0.505166357105447,7.69985391913942e-06,9
"19931",0.00444407284679738,0.000587688787806442,2.26388653278203e-07,0.000550190815143065,1.21448047977693e-06,0.993986214682463,0.000143292810768681,4.25479281757568e-06,0.00028284289817802,1.49689228927034e-09,6
"19933",0.853565349973015,7.88343356144159e-05,3.9461403645107e-08,0.0510133488003561,0.000179112579558161,0.067705288888637,7.78645760914621e-06,0.0273015328482804,0.000146172165903962,2.53448962235252e-06,1
"19935",0.0437587633800511,0.0111225071794138,0.000335174492617568,0.173644267547386,3.12433437329928e-07,0.767309011857749,1.09384981030534e-06,0.00326649692359986,0.000557718505711068,4.65383022362347e-06,6
"19937",0.000821780701791578,0.00230166424944878,7.9218976386295e-07,0.000742704548737231,3.26544378712987e-06,0.995109374688321,0.00101513350043203,1.73010277286228e-06,3.55450492441075e-06,7.00218336391829e-11,6
"19939",0.0014772041902364,0.315336501695838,2.01961575993776e-06,8.75289812087748e-05,1.62239451142186e-06,0.682505544361683,3.66380967254009e-05,1.35995180974203e-05,0.000539340583066698,5.62872663392608e-10,6
"19941",0.75371900269431,3.51153774498197e-06,4.3462235271497e-05,0.0713619140114872,7.48559242599073e-06,0.00115589492334566,7.06239164895371e-07,0.03420147206166,0.0228818937007476,0.116624657003843,1
"19943",1.29191814202313e-05,4.65824150477684e-07,2.32591255749871e-08,8.13945134029581e-10,1.95486213957001e-09,0.000276226350074578,1.77543398717893e-07,3.84232849556621e-09,0.999710178978016,2.25267861125353e-09,9
"19945",0.515803738377539,0.00295142617542507,1.68694049204138e-08,0.406749642860435,0.000693867244210066,0.0177813344431051,3.10657478687649e-05,0.0559399825361476,6.45981850750412e-06,4.24659273569391e-05,1
"19947",0.741390870411777,5.92314376988446e-05,0.00470859515183158,0.000701854343462156,3.78139228696656e-06,0.00123935888412393,3.71561963742234e-06,0.00110946922674245,0.250370426484038,0.000412697048401308,1
"19949",0.000739550528295236,0.963340132029584,6.66884612855226e-08,0.0133772624835285,0.000608655297805461,0.0172736857912765,7.50571889952333e-05,0.0045847704294231,1.63762356859236e-07,6.5580027386721e-07,2
"19951",0.00248985787288748,0.0575336813960319,3.28258588381821e-06,3.47201542515189e-05,5.45649538598376e-07,0.203229439732468,8.52161017257601e-06,2.93769114310103e-05,0.736669209784527,1.36430280838355e-06,9
"19953",0.00559391238166143,0.000646477432156034,2.25561625852018e-09,0.0470259176502224,0.897011959926918,0.000102130783329664,0.0222822557872275,0.0272962754752597,3.64304820812492e-09,4.10646645609932e-05,5
"19955",0.168241525102817,0.230595776616911,1.42373354866994e-06,0.497357779415111,0.018831349187871,0.000201027784334181,0.000916506362497007,0.0756320151232218,3.81516394732155e-07,0.00822221515729373,4
"19957",0.143915498357465,0.000118381398335755,6.16346467665071e-06,3.17462003865089e-05,2.48134372929153e-05,0.0388772563485085,0.00597656298453588,3.06691331134237e-06,0.811045561760056,9.4913543076216e-07,9
"19960",0.70115100122162,0.00195486862726895,6.43985826726756e-06,0.015604230200014,3.59858859555857e-05,0.000136356035514992,4.87806251121723e-08,0.280858674570327,6.32129779031631e-05,0.000189181842503066,1
"19963",0.000108548318469767,1.14904606963404e-06,6.99755770382952e-06,1.1926361945534e-06,0.00210950359112213,6.67830542358622e-05,0.105667208976513,2.77835779520133e-06,0.839449857185571,0.0525859812763247,9
"19965",0.00362443559588746,0.0551364490316096,4.33443252397791e-06,0.685781405571457,0.000145532947586865,6.41305769030455e-06,2.44019483436359e-07,0.248602620665592,1.2760516890631e-09,0.00669856340211765,4
"19968",0.00129477870212822,1.58232683448062e-05,0.240046339427129,0.000164255773742681,8.72894490851262e-11,0.00822576697561462,1.38733015807836e-09,2.46302490756557e-05,0.750118446963837,0.000109957165508783,9
"19971",0.000523103324009176,1.13988378615675e-05,3.97852878854531e-08,2.29512356178577e-08,0.00049266475313827,1.33282460805114e-06,1.24131585038273e-05,7.28378801018046e-05,0.996624271474608,0.00226191501064608,9
"19973",0.00115331564082793,0.000303386466947187,1.59484647582668e-05,0.000100387762011623,3.006612358317e-09,0.99688248916603,2.23535330170488e-06,3.43435131405338e-07,0.00154189051986244,1.84517211521632e-10,6
"19975",0.000376460638291518,2.2136011616552e-05,1.17490934551372e-05,8.25352265191529e-07,2.21697344210596e-10,0.0172739067200541,2.92712888727849e-08,1.58385540270857e-07,0.982314701289881,3.3015910459516e-08,9
"19977",2.57174604014334e-05,0.000549859595540136,2.55146945504447e-05,1.90283755063205e-07,7.59743673179745e-07,0.000144368503112697,1.97675780197825e-05,8.64247084596218e-07,0.998809949656497,0.00042300823736523,9
"19979",0.0393294341396303,1.20522627317803e-06,5.78847108351582e-12,0.000893074653457089,0.00129852362099555,3.16158846803583e-08,1.54438330122426e-09,0.955192088499584,6.50662120351725e-08,0.00328557562779133,8
"19981",0.37107348790071,0.000385146370968172,0.000373156591203171,0.0882458652375688,3.09604227360859e-07,0.539704076197634,3.88021660959537e-05,5.52553552083858e-05,0.000123836754500441,6.38218834094308e-08,6
"19983",0.148141732642811,0.325599483428235,0.000307866046415079,0.112537231870173,4.4335708844283e-06,0.412841149032892,8.11850979291524e-05,0.000478236017769242,8.65010990363524e-06,3.21829868673184e-08,6
"19985",0.000105860773009677,7.62175801654511e-05,2.20151667671052e-05,2.39859344646629e-07,6.38716261069217e-10,0.195952291401918,4.03367202463777e-06,6.10986320844788e-09,0.803839334346431,4.5176062788706e-10,9
"19987",0.535047378326267,9.38629247582131e-05,8.35956419502561e-07,0.00398090123245666,4.54133074289657e-06,0.445334343183956,9.98227379512053e-06,0.000631346152312597,0.0148965280705774,2.80548714314485e-07,1
"19989",0.00555612234100815,2.88405523717842e-05,1.71746370576927e-11,0.043154269202125,0.0151586016328359,8.81390250901913e-07,2.01576164540737e-07,0.935765985516143,1.5794086727586e-10,0.000335097613984782,8
"19993",0.0774211085642998,0.734421292068805,1.10014823782198e-07,0.0017550338949611,0.000164337397804052,0.126123850928199,1.91429962189776e-06,0.0523757046746187,0.0077323581051024,4.29005176442021e-06,2
"19995",0.489852210237459,0.041986275174495,1.82482283195152e-06,0.140471130031277,0.000105069606557308,0.130357610925404,4.87913502949305e-06,0.19314829921208,0.00379684109011784,0.000275859764747768,1
"19997",0.000244118417448143,0.000192764331330439,1.38686149572386e-05,4.04161327142119e-05,7.93271412783019e-09,0.996532205840671,4.08021967823269e-05,5.13117260160648e-08,0.00293576457913886,6.4251739012843e-10,6
"19999",0.00012760614694229,2.16494141933253e-05,0.00070186632828848,4.82279121614342e-06,1.53305986405206e-10,0.980439632768573,6.45479043944648e-06,3.43324780890618e-09,0.0186979641246026,4.91912366252364e-11,6
"20002",1.07454329972814e-05,1.30279343998749e-07,0.417905828412365,1.74383124221049e-05,1.626854614347e-08,0.000164255155869445,1.37500443079159e-06,2.61168112341708e-06,0.437281306064654,0.144616293388249,9
"20004",0.754122722815754,5.02325905521521e-06,4.89776157412593e-05,0.199160508736406,4.01066109949858e-06,0.0227166109226317,8.20515367774469e-07,0.0226857991138958,0.00100443506545952,0.000251091294589391,1
"20006",0.511397085658545,0.34763401619749,0.000555890895370222,0.0677848335347533,0.000384118312114658,0.000946218535487209,4.81080525219914e-05,0.0690880224728331,0.000222257256994138,0.00193944908389063,1
"20008",0.000507719050644111,0.853205583772819,6.47663558763597e-06,0.0357895381733881,0.000667049225770518,0.00079742923817416,3.99694947315516e-05,0.0466341496177057,2.00121142960163e-05,0.0623320726768831,2
"20010",0.158820313461684,0.459554045313913,8.7758846893742e-10,0.0844902302213907,0.0373178892636726,0.00322286185785855,0.000128225447987138,0.256443683553028,6.08557441528133e-07,2.21414454363647e-05,2
"20012",9.4412610158887e-05,0.00197096435050591,0.0104208765779022,2.69713260871231e-06,1.09416765785747e-09,0.17284160585928,3.87937123710188e-07,4.7594651149768e-07,0.814668542403906,3.60878355149533e-08,9
"20015",0.00173334926787031,0.00054983291524319,2.71005402385859e-08,0.0377212256243575,3.76886442138632e-06,3.69434377723193e-07,4.48729163421013e-11,0.958293568215099,1.59002907339522e-09,0.00169785694318847,8
"20017",0.000734508408446374,3.37072356732901e-05,0.0022046955006422,3.16827436927696e-05,3.9017357342635e-10,0.988857839264494,8.01559431133191e-06,1.85066850691802e-08,0.0081295322501572,1.05724743249345e-10,6
"20019",0.000669392993783353,4.07596126296069e-05,4.82726060909173e-13,0.000450042081727131,0.00629989115970135,9.7941373643777e-10,1.8379583416579e-09,0.990208648257673,8.16550836525120e-11,0.00233126299497549,8
"20022",0.685559271261522,0.00310098359351678,8.39209234659545e-10,0.118169348806707,0.00146042422902043,0.000371295886474232,1.99391556307433e-06,0.191325831207863,1.52435638437814e-07,1.06978244857763e-05,1
"20024",0.00225306703446293,5.36251155140408e-05,1.50839961772087e-09,0.00285359970471365,0.834313241895833,1.12338625056404e-07,0.000117286475257855,0.155263055445177,1.49775242502467e-09,0.00514600898426414,5
"20026",0.00225306703446293,5.36251155140408e-05,1.50839961772087e-09,0.00285359970471365,0.834313241895833,1.12338625056404e-07,0.000117286475257855,0.155263055445177,1.49775242502467e-09,0.00514600898426414,5
"20028",8.15617964973986e-05,6.92771308068472e-06,5.89754908099842e-05,3.26554431695878e-06,1.25486755851125e-09,0.945586248743185,2.79939869666582e-05,5.83660619075015e-09,0.0542350193049792,3.2869034144904e-10,6
"20030",0.229536079343694,2.62201602625583e-06,8.6474817849791e-07,0.0495121082083738,1.19021977796714e-05,1.46433308414214e-05,2.37149020263661e-09,0.642557951230843,3.85160988203839e-05,0.078325310453952,8
"20033",0.0433664074832236,0.000113485965281681,1.43793941067342e-05,0.000129965629141629,9.69491181576417e-08,0.796330583038908,5.74922328026217e-06,7.57079521267518e-06,0.160031748347482,1.31742445542328e-08,6
"20035",0.000732483514551232,5.63843456725992e-05,1.32617004019095e-12,0.000280582986768745,0.0081395045798002,3.06457904343461e-09,2.26601344220069e-09,0.990620594280184,7.09983902235485e-11,0.000170444890106462,8
"20037",0.000363510159215776,0.000260196846634734,1.6007581809062e-10,0.0303713599667224,0.000788776711997528,1.02512408948356e-08,2.53169153158397e-09,0.965776255845265,3.30931045477808e-12,0.00243988752384754,8
"20039",1.55289792334894e-07,8.46260568002021e-06,6.50795272710732e-13,3.74647903437838e-07,0.999052284249034,1.11100488065585e-09,0.000883702271603947,5.46748508302504e-05,8.6205020114863e-13,3.44972638072751e-07,5
"20041",0.0185914608238544,0.977592723991752,6.52943683313564e-07,0.000971848406620869,0.000139767687408973,0.0021829579665282,0.000178136420634204,0.000334063421895842,8.22049018509096e-06,1.67847437388345e-07,2
"20044",0.229649872128351,0.748977167935007,4.26686422575643e-06,0.00156555112511285,0.00170930755002219,0.012591021919873,0.00074678412847496,0.0040733953616305,0.00068143300123947,1.19998606397098e-06,2
"20047",0.00258283715847739,1.7748865604869e-06,4.1904991846985e-13,0.000244397896223395,0.0305045134568615,4.77063814054408e-10,1.07263595987503e-08,0.90657562630481,2.34141936850353e-09,0.0600908367518056,8
"20050",0.00283120275413574,0.460938004851248,2.26424523136446e-11,0.000322263468552141,0.499285349548347,0.000719871227108239,0.00124207871988194,0.0346517015973012,3.52883772444662e-06,5.99897305883654e-06,5
"20052",0.213226607617579,0.019436936680574,7.45221251212802e-08,0.00222251295719664,9.90485805318398e-05,0.742540247026316,0.000660097537472063,0.00032585274341552,0.021488022031501,6.00303289180228e-07,6
"20054",0.4933485218799,7.88663941030167e-05,3.03119788488413e-06,0.197709930906352,1.39236948518794e-06,3.21025166954066e-05,7.51679452504333e-10,0.308223535437844,9.08615993270722e-07,0.000601709930062852,1
"20056",0.000114186765130264,6.76063364900976e-07,6.74921294216591e-08,2.31559200498842e-07,7.32474615858033e-08,0.000727264949599036,1.58463762413141e-07,3.2971327647468e-06,0.999149740759374,4.30356721296592e-06,9
"20058",0.00502619009678428,7.47735944245919e-05,3.37146616017036e-10,0.134680737564656,0.00351712583317503,6.50191875852608e-07,7.71494790724532e-08,0.856277199719354,3.34357700417306e-11,0.000423245479668918,8
"20060",0.000838487201116984,0.000759977882242366,4.27993465667819e-06,0.000712395634110387,2.9841071062407e-07,0.997592118460606,1.92182260302008e-05,8.68965132391677e-06,6.45337474724129e-05,8.51730237602134e-10,6
"20062",0.00482569430602743,0.247884710760739,7.62953848550587e-06,0.0120268533873747,1.2062008879918e-06,0.734994655037378,1.15795609901089e-05,0.000207497334099011,4.01365307626525e-05,3.73432554065284e-08,6
"20064",0.886554029287254,7.42334434786722e-05,6.19619799224328e-09,0.0527216642069877,2.45476948243532e-05,0.00257631229797564,1.28581954385043e-07,0.0580103342149714,2.48133808106888e-05,1.39306955453512e-05,1
"20066",0.0395998696899443,5.34724954347401e-07,3.7995154718266e-08,0.00302037657932818,4.19796721991718e-05,2.41701255255872e-07,3.06933890514932e-10,0.944432446458494,1.16670462937893e-06,0.0129033461671069,8
"20068",0.000162189603484371,0.00760930543989486,0.000752139062442267,0.000657440085742271,8.399833909854e-09,0.990761928507544,4.22745571473266e-05,1.98580310895813e-07,1.45156227519484e-05,1.40847910441616e-10,6
"20070",0.000144827785401572,0.0148785435039251,1.94187661324148e-05,0.00109874941642887,2.66077610689965e-06,0.971802457518231,0.0120445553825511,3.89701579349839e-07,8.3952852224852e-06,1.86442117295444e-09,6
"20072",0.00284011983697776,0.0017690407395157,0.000379460085668263,0.880552172979893,5.79375430512611e-06,1.07343881545294e-05,1.77074319275123e-08,0.113602628597895,6.09445154504871e-10,0.000840031300713596,4
"20074",8.46042863061546e-08,3.58274950287211e-08,0.000159774443092196,2.50783853535635e-10,4.78229469561482e-12,1.07977374826781e-05,1.05457281152537e-08,1.07756344078711e-10,0.999829027537462,2.68941130647361e-07,9
"20076",0.0757743048439365,0.000139124418936303,0.317000107146621,0.00269850779961129,1.86009706772518e-09,0.0180718448983027,6.29488677454019e-08,8.29935386368412e-05,0.586034170137918,0.000198882407071678,9
"20078",0.658907947812282,0.00110342933321797,4.22457944656213e-08,0.294412404063197,0.000623884125238217,0.00419764055151265,4.6215293400925e-05,0.0403458858284431,1.94335799012613e-05,0.0003431171670126,1
"20080",0.00421990435663979,2.98732573985933e-05,2.67762586153507e-13,0.00108798845645129,0.00345542728085264,2.14497478841726e-08,2.23218896468238e-09,0.99098019535272,5.048445017213e-10,0.000226587108888291,8
"20082",8.0211853816078e-05,1.03644376012356e-06,6.66421056748889e-14,3.72831793154503e-06,0.998761341746222,9.6739303572557e-08,0.000754405945925715,0.000397964253163795,1.15712626307907e-09,1.21354268467076e-06,5
"20084",0.973077604418057,4.52439459892912e-05,3.44280305604779e-09,0.00349589538449233,0.00159810044249123,0.000388922370417693,4.07095989829691e-05,0.0153611272136732,0.00374883611592641,0.00224355706716708,1
"20087",0.00680608360241508,0.00620029716437464,6.41531087306746e-07,0.97060949730573,2.93751180311875e-05,0.000605981926099687,2.59662338618468e-06,0.0156170738625164,1.10988594423414e-08,0.000128441767500403,4
"20090",0.0021013695274701,0.0120410955744714,7.08537799303799e-13,0.000454095918541446,0.0510773286275833,3.0286838325795e-07,1.17319070167521e-07,0.934253330752119,3.7915468333733e-09,7.23556201057204e-05,8
"20092",0.000662862148717192,0.0379928398412214,2.13440217511929e-05,0.0688349452471917,0.00951367341452468,0.00180563981373847,0.881120537247725,4.70746868496263e-05,1.62569560041418e-09,1.08195258572607e-06,7
"20096",0.0156201757411032,0.0145537559853425,2.24948052876838e-07,0.00069852277300464,0.00414618881345297,0.0369670720702429,0.927227467550693,1.25025124314569e-05,0.000771899667544122,2.18993813195716e-06,7
"20098",0.00890481483206546,0.000234840383842797,1.47004169305016e-06,1.35826670892179e-05,1.87769519328383e-07,0.841708793372079,1.41666626685352e-05,2.05569652717642e-06,0.149120087307565,1.26694989876495e-09,6
"20101",0.240820657667958,0.000166499868560804,5.34833349605179e-11,0.00213485412613201,0.00443821420253626,6.13877376366576e-06,1.49445885509805e-07,0.747123235730737,3.48280692759083e-05,0.00527542206166721,8
"20104",1.55055613100058e-05,2.11856813241428e-05,0.00512922454103617,2.03672317988964e-05,5.08067536276864e-06,0.00439246071310123,0.990407464808906,1.99709598346897e-09,8.68763807353765e-06,2.11519914050531e-08,7
"20106",0.189193672003063,0.00249425898078215,2.340164655537e-10,0.00367219884178562,0.000108991181326208,5.35290601627641e-05,3.38706733014829e-09,0.804406342716267,9.78038542967304e-06,6.12232101000933e-05,8
"20108",0.00304359415995016,8.42852758502017e-06,5.91048231481569e-05,0.00051568936614884,8.95979897420866e-09,0.990521074434424,6.42883291775509e-06,1.01810916945194e-06,0.00584464316510232,9.62175534817811e-09,6
"20110",0.0156071387830557,0.551708372958236,2.36440192548483e-08,7.29961453960171e-05,0.0159922878119131,0.157150785326681,0.171932171559961,0.000163355845369199,0.0873699838024783,2.8841228911382e-06,2
"20112",0.0316990631563324,0.322898485239203,1.14444950133903e-09,0.0153911890270122,0.0223577658512564,0.00212714682790133,1.14927194670259e-05,0.605434077385078,4.78232254239787e-06,7.59963267579165e-05,8
"20114",0.98765413536908,1.5826894045457e-06,2.11385651174113e-08,0.00250319732316233,5.5246183087296e-05,0.00158931101982237,4.13407975700754e-06,0.00393652436918341,0.00420401471759228,5.18331103450093e-05,1
"20116",0.970369606668162,6.85870838003112e-06,1.52960827941973e-06,0.00672945256512925,6.30287488901422e-07,0.000196142416561923,4.37611230534577e-09,0.0196039905531718,0.00228917166969627,0.000802613147017947,1
"20118",0.868602623661959,7.82674243565992e-05,1.08338347876973e-07,0.00193848935484874,6.89842093704082e-06,0.117957271823256,1.92064384594681e-05,0.000229519028384643,0.0111673598378817,2.55671568626907e-07,1
"20120",0.519916912172034,0.00210800901173122,2.59162064917462e-11,0.000671684067822075,0.0464312933759332,0.000463693797798082,5.23041504470803e-06,0.430253671395554,0.000134884621487717,1.46211166786391e-05,1
"20122",0.000133085703853208,1.23436950664792e-07,3.77044736435106e-06,3.20905687151557e-08,1.06594164253866e-10,0.000444137426166417,2.31655136068863e-08,1.01908272747802e-08,0.999418789187488,2.82446739484428e-08,9
"20124",0.0247009165587305,0.000459468116361406,4.82892857094326e-09,0.4986865420588,0.0062875259791452,4.17718932124982e-07,1.35647684936977e-06,0.462128436254255,1.41570850292208e-10,0.00773533186642639,4
"20126",0.00167659430644326,2.19632110127679e-05,3.77004425660465e-09,8.9959362146779e-05,0.97025955649459,4.38497050238787e-08,0.0268404864309897,0.00064721712677012,1.69054504429051e-08,0.000464158542847405,5
"20128",2.8434762888235e-05,7.4069403922145e-06,1.76917732408286e-12,6.00495315062165e-05,0.928731433838898,3.3867745853435e-11,5.11029218229702e-06,0.0450465753407603,8.41260218313777e-12,0.0261209892493229,5
"20141",0.00288022224173999,1.72472273950931e-05,7.82761640509322e-06,4.71234139088403e-06,4.64136556685707e-05,0.141308278223935,0.845534673441892,2.61959321504444e-08,0.0102005981903051,8.6533660899416e-10,7
"20143",1.84790508817445e-07,3.51120883045142e-09,1.81870432177068e-06,6.04988630525929e-11,1.25160062649494e-11,5.31091450650407e-06,4.40638183343672e-09,1.64920418021719e-10,0.999992643442479,3.39926580335834e-08,9
"20145",0.455330425409286,0.00414321516727976,4.76273938499123e-11,0.0292186300466699,0.0090497046884859,0.00112925544101144,3.05699095914965e-06,0.501120513144095,9.27787471708456e-07,4.27127711321221e-06,8
"20147",0.73609891638738,0.000186076990027476,5.99322425960233e-10,0.0622595570354181,0.000138156041674184,0.000111795109666685,6.76027234073564e-08,0.201172755741247,5.96025355574155e-07,3.20784671853438e-05,1
"20149",8.95414422119002e-06,2.00526012474276e-07,1.91322047353534e-06,3.52172263055825e-09,9.85392077692585e-11,0.000417518021854783,1.866672265943e-07,6.89616924764417e-10,0.999571217492576,5.61775634424146e-09,9
"20151",0.00228272695364244,0.000289656361588083,9.40978619360847e-07,3.25850329391138e-05,6.23134950503263e-08,0.959027131161713,4.23781604681348e-06,2.65045811706187e-06,0.0383600065454153,2.37842380010583e-09,6
"20153",0.00947288331657029,0.00344832088358378,5.99192130072107e-09,7.93158498546837e-06,0.000967342956793677,0.334336763751718,0.00500331077277578,5.28460389074616e-05,0.646710405509034,1.89193710204035e-07,9
"20155",0.176579680451354,0.0308061844079736,2.50598846748325e-09,0.0332306447107561,0.000338679463490539,8.51530419783906e-06,2.34080918888905e-08,0.758954586922793,4.80546378251688e-08,8.16347707169364e-05,8
"20157",0.00137117300268081,2.95897556545792e-05,9.37276381523552e-07,3.91695474086521e-06,2.01626291061337e-07,0.569912415987405,1.59790673336339e-05,1.43656767692949e-06,0.428664344927632,4.83420415102538e-09,6
"20160",5.64876656317116e-07,5.47615934077321e-09,1.99896283199778e-07,1.0618178892059e-10,4.95953998176194e-11,8.99112115935232e-06,7.26075253100636e-09,4.56758239358493e-10,0.999990203202975,2.7553478676445e-08,9
"20162",3.11047160180563e-06,1.01595769929876e-07,2.77832563450317e-06,1.81666371943589e-09,2.87468870188858e-11,0.00222470912079211,8.83147411656153e-08,2.95231949329113e-10,0.997769209631291,3.9952713106837e-10,9
"20164",0.000253217047670397,0.000692159699551625,6.39384724367743e-07,9.8738800773064e-07,2.55045770529159e-07,0.0340184998389934,1.79802383866409e-05,1.13101133525884e-06,0.96501496000184,1.70343720254293e-07,9
"20166",0.0286330472879107,1.99498223310966e-05,2.61082343849714e-05,0.012271294417672,3.44570360615732e-06,6.13294584548655e-06,1.17060225218067e-09,0.566279881533215,0.000281380230954434,0.392478758653478,8
"20168",2.69564445647876e-05,1.43943997345659e-06,0.346670035345978,0.000372780575540422,4.98027325478943e-09,1.05243118625985e-06,1.05301749832821e-08,3.72110280112289e-05,0.000156633430269932,0.652733875794027,10
"20170",0.0296976317725501,0.000116824895816393,5.23368989247544e-07,1.64224199769397e-05,6.470927851707e-07,0.714749986293514,0.000217803877492839,8.43443156959411e-07,0.255199314899274,1.93644444883431e-09,6
"20172",0.278319503183591,0.000890091857043407,1.21958417197594e-09,0.409757178187999,0.00192818471066658,0.000236870207960398,1.33287819002985e-06,0.308864348847111,2.34483000479372e-09,2.48656302401574e-06,4
"20174",7.93557800470867e-05,1.07706122944769e-05,0.253711167498274,7.04817230906734e-06,3.17650895529059e-11,0.617271697073022,2.01589112172079e-06,4.998614882605e-09,0.128917938617932,1.32461908826211e-09,6
"20176",1.86301699225417e-06,3.29664767254377e-06,0.998677509420508,0.000714229584098299,2.16996684619355e-10,1.31776153958263e-05,9.36781297798506e-09,1.44343408541963e-06,1.0271678481612e-06,0.000587443528589798,3
"20178",5.21007192531981e-07,7.1664376095585e-09,7.93525705649457e-08,5.79520125776656e-11,1.37432694775743e-10,4.13935051262992e-06,8.61955293167897e-09,7.07433037490744e-10,0.999995201438312,4.21626045300185e-08,9
"20181",0.441180883773651,3.34556382625988e-06,9.2552933927801e-08,0.002635436062616,1.13584293840597e-05,1.0058560254704e-05,9.04662823727259e-10,0.526284249309301,0.00161551127348929,0.0282590635698802,8
"20183",0.0221487898143625,0.00391659276121393,1.03964280168313e-06,0.0204158725825317,5.03017435504346e-05,0.950499916745583,0.00291151839781789,5.39630607357012e-05,2.00402433838204e-06,1.22706497817953e-09,6
"20186",0.0015641814521439,0.0280863762142698,0.000648278001607251,0.739215188187079,8.55910883352592e-05,0.223139682107935,0.00705324169202776,0.00020734967362562,1.01535104237515e-08,1.0142946681322e-07,4
"20188",5.59871134632672e-07,3.87465222721044e-08,1.36079887479451e-07,2.40013004159913e-10,1.05583274107955e-10,9.49613799023189e-05,3.30247952754166e-08,5.35912509710393e-10,0.999904262946253,7.06999654382107e-09,9
"20190",0.0111449453016843,2.77140479652364e-05,5.41209701403841e-10,0.00799931412222808,3.18252679358746e-05,9.36536834290633e-07,1.83859102384945e-10,0.980617406018631,1.57376490504488e-08,0.000177842242003596,8
"20193",1.97846977791881e-05,6.81216412754223e-05,0.00644114454953566,8.4568657997333e-06,1.91381352120416e-08,3.13074029435547e-05,2.16750758953135e-08,5.55488065573635e-05,0.662033746965238,0.33134184825766,9
"20195",0.00428417597434811,0.00341727549043542,6.74841982825008e-07,2.07126325060464e-05,8.76164479487203e-07,0.163157740746832,4.10188146943225e-06,4.22033068070594e-05,0.829071578031136,6.6093000280024e-07,9
"20197",0.128170002377598,0.0143852210495498,4.06141591983409e-09,0.429489490112289,0.000749752734390598,0.000163170007598472,3.91880164368365e-07,0.42700934421742,7.30904722526106e-09,3.26162505263642e-05,4
"20199",0.000175936902187595,3.32262875433298e-05,3.2528009033227e-07,6.4664185439681e-08,2.4680457044306e-08,0.0526193580223904,3.90257441581655e-05,1.03800559379777e-08,0.947132027252461,7.8647066187875e-10,9
"20205",6.66101912977547e-06,0.000549829428417786,2.05165754777445e-12,1.99808764785017e-06,0.966763858754297,8.51121088192212e-07,0.0326523027245781,2.44650508138054e-05,2.7819526529015e-10,3.35337802925774e-08,5
"20208",0.0107834565067454,0.00170102197994328,1.14681949727526e-05,0.000414624023049384,2.70048743472227e-07,0.98046538388855,5.42303521551205e-06,2.3038677220865e-05,0.00659530122529509,1.24202644634663e-08,6
"20210",1.54534454759537e-05,6.4766911491892e-07,1.03649918609783e-06,7.1553177197542e-09,2.57029707298218e-10,0.00900073801924245,2.98341345874154e-07,1.83564866525988e-09,0.990981816432812,3.44826274641502e-10,9
"20212",0.000826971414468558,0.000180700581645623,1.52388250489874e-06,1.83352242921324e-06,7.8310522767266e-08,0.120953811921747,2.62878318689616e-06,1.41292212897053e-06,0.878030998798227,3.98631384111906e-08,9
"20216",0.758957292889315,2.90429693134398e-05,1.19158284731686e-08,0.015147090673992,4.25865516423614e-05,0.000142371697464349,1.49385688990717e-08,0.225656770840264,6.21886376916065e-06,1.85986598426629e-05,1
"20219",0.149398264041795,0.00966716847267728,9.48980367675032e-11,0.0117853892132641,0.757538665686828,0.000894834563888318,0.00970141433777947,0.0606569454079715,1.37188786079379e-05,0.000343599302290993,5
"20223",3.95892800030322e-05,0.000812701410033376,6.16065065606266e-05,0.356429536759133,9.07061198685754e-05,4.38418515618236e-08,2.2983077847387e-08,0.31096765038119,1.14053080977273e-11,0.331598142706876,4
"20226",0.000877794496382648,0.985803595499715,1.0768399478568e-08,0.000122187414893932,3.20372010369262e-05,0.0128000224993639,8.68196180216885e-06,0.000321861677621005,3.37645707077542e-05,4.39100772170833e-08,2
"20230",0.00311900072743522,1.03759308214377e-05,2.93312172103841e-10,0.0123797759751059,0.000211156661778785,2.57200220353146e-07,9.66908603588803e-10,0.983587466397313,1.22872672011283e-09,0.00069196461837822,8
"20233",1.04296142665654e-08,1.7763006647782e-06,6.93004323456957e-10,3.83058678802075e-09,0.000261098168255638,7.15021110834381e-06,0.999729897094064,1.33202499173613e-10,6.28225611920604e-08,3.16938474425157e-10,7
"20235",0.00324786155211716,0.0416643359230622,6.33757235408915e-06,0.803605280208338,0.0185472667875199,3.80176807267161e-06,9.76453476981198e-05,0.121261305745826,1.55462596316848e-10,0.0115661649395488,4
"20239",0.00653301230625926,0.0248638944075068,8.20482451191547e-05,0.954165664901341,1.73008744857476e-05,0.000140059884328075,3.68230107474201e-06,0.0117193814097061,2.65496703923284e-08,0.00247492912050881,4
"20254",2.2345380602695e-05,3.87560048515689e-06,5.82010423968885e-15,1.67668901889865e-06,0.999134660075931,7.19335537648925e-09,0.000126369259227239,0.00071070990920481,4.23466952848247e-11,3.55849821946936e-07,5
"20256",0.0945665540343781,9.21272388522205e-05,1.3446257555254e-08,0.657480161489174,0.000423794837426106,1.6160843111746e-06,1.60697830681951e-07,0.247030482390526,2.16255423370981e-10,0.000405089564989085,4
"20262",0.00514728581642329,3.08598427360056e-05,7.12498788331132e-07,3.2838434467165e-06,4.15754615199414e-08,0.389435191352624,6.83326183063594e-06,4.9595036595762e-07,0.605375294291761,1.56656308633781e-09,9
"20270",0.0291732179651863,0.000234344552633426,0.000926966233419725,0.293270428686207,1.12904039117394e-05,0.00948800514414412,1.37139709995776e-07,0.392884331602743,0.00235236809920604,0.271658910172839,8
"20284",0.00452147058201929,0.0575197931469923,4.15854543707716e-08,0.00659932274755724,0.0904447513314516,0.452694157290292,0.387359726809558,0.000855102305132709,5.52267191923313e-06,1.11529623345196e-07,6
"20287",0.000125633073680987,0.00030898777608901,6.74380735858131e-10,0.00804610997281752,0.000193619563123697,2.41194656671126e-09,2.49177921278415e-10,0.9737900873816,1.13664057013364e-11,0.0175355588858168,8
"20290",0.000612399276030863,0.00368508570162287,9.56020211471178e-12,4.61499499831225e-06,0.969712317633693,0.00050997167258729,0.0248470223130649,0.00062362268703409,4.93153185204266e-06,3.41795562171528e-08,5
"20293",0.865441055909314,4.35921749052961e-05,1.31016998117143e-08,0.123329077045894,0.000201665391660492,0.00146868198014518,9.65161725568678e-06,0.00950516513024085,2.39478554989455e-07,8.58170329604187e-07,1
"20296",0.048543398751494,0.000229583992792523,0.014925097634848,0.00476234242905885,1.40068071439482e-09,0.247188196430262,7.48460478192595e-08,7.78017839953893e-05,0.684240423779665,3.30789511556421e-05,9
