"","V1","V2","V3","V4","best$classification"
"19812",0.962639771053723,0.0359972513684076,1.40128474969868e-05,0.00134896473037234,1
"19814",0.986088423900999,0.00607874827463884,0.00774445355567293,8.83742686896593e-05,1
"19816",0.032765468852189,0.967205206533385,8.96356450528973e-06,2.03610499207128e-05,2
"19818",0.893242076919266,0.0824145147571848,0.0241788743062304,0.000164534017318909,1
"19820",4.18760693029074e-06,0.999850012856778,2.99257489533353e-08,0.000145769610543045,2
"19822",5.73862234955282e-05,0.938553935116158,1.11978920609769e-05,0.0613774807682853,2
"19824",0.00253629467296821,0.993109766637274,0.00422284285568119,0.000131095834076892,2
"19826",0.959586853324811,0.0401982298238891,0.000180466217205532,3.44506340939494e-05,1
"19828",0.00146867047347702,0.997897802061292,1.16964854592347e-05,0.000621830979771652,2
"19830",0.997942083618859,0.000643276513003022,0.000466780645476343,0.000947859222661174,1
"19832",0.261073302498094,0.178930931806649,1.21881566549211e-05,0.559983577538602,4
"19834",0.091861904239669,0.88738182547964,0.000440083875460237,0.0203161864052314,2
"19836",0.749379320881327,0.250235582929601,2.0779771213208e-05,0.000364316417859092,1
"19838",0.997568563925544,0.000230671521666994,0.00196141615667647,0.000239348396112581,1
"19840",0.265391156003758,0.734436597373746,6.69193985159452e-05,0.000105327223979651,2
"19842",0.99878704015697,0.000169754810457382,0.00103680911031999,6.395922252079e-06,1
"19844",9.48136916545418e-05,4.02885932642449e-05,0.999864441757159,4.55957922482543e-07,3
"19846",0.788708989444999,3.74165283261512e-05,0.211252672222829,9.2180384522467e-07,1
"19848",0.908641471439103,6.93117400656027e-05,0.0912854651266715,3.75169415963018e-06,1
"19850",0.677722644301611,0.000689167139278282,0.321568201532878,1.99870262330353e-05,1
"19852",0.299986194091108,0.698439916843414,0.00107624121286272,0.000497647852615054,2
"19854",0.986629246243899,7.29254888326785e-05,0.0132888857001878,8.94256708056415e-06,1
"19856",0.0389284844775905,0.00224215060902863,0.958767075018479,6.22898949014783e-05,3
"19858",0.00786112555456772,0.050715815241436,0.940921270369157,0.000501788834839456,3
"19860",0.634884648998897,0.364635132043941,0.000158951277874183,0.000321267679287692,1
"19862",0.982409786781606,1.90618315245654e-05,0.0175701683778999,9.83008969231167e-07,1
"19864",0.507397905855943,0.31169631377541,0.17857263102192,0.00233314934672717,1
"19866",0.0151710177693322,0.984761697718391,1.17679505006684e-05,5.551656177655e-05,2
"19868",0.00029655936112292,3.99247810182809e-05,0.000145472495816948,0.999518043362042,4
"19870",0.99066559958007,0.000792400602010282,0.00853155917063226,1.04406472870661e-05,1
"19873",0.959782645687915,0.0375823367502223,0.00260964355080873,2.53740110536959e-05,1
"19875",0.00705920281582559,0.992159318379504,5.07313815743714e-07,0.000780971490854614,2
"19877",0.986685068079916,0.00809714646140177,0.00512517641361316,9.26090450686867e-05,1
"19879",0.640754064868098,0.347681028891455,0.00902091259237855,0.00254399364806911,1
"19881",0.982153251112958,0.0144178069954235,0.00340192550107867,2.70163905400534e-05,1
"19883",0.993816923762035,0.00568676178927826,0.000492059925762099,4.25452292414849e-06,1
"19899",0.593498805808068,0.394841161522884,0.000141651740146118,0.011518380928902,1
"19908",0.127993179221584,0.611898558335196,0.0443967149860599,0.21571154745716,2
"19910",0.621425354645045,0.377336715315095,0.00106745430603507,0.000170475733825157,1
"19912",0.995204669207345,8.62373203200828e-05,0.0047053235676435,3.76990469175811e-06,1
"19914",0.726840264951316,0.261781524273149,0.00217070322597327,0.00920750754956183,1
"19916",0.00322089412585531,0.99439300604385,0.00216963032059614,0.000216469509698658,2
"19918",0.836480960518885,0.000972739080322104,0.162545023847478,1.27655331465826e-06,1
"19920",0.13856264752524,0.000105267343255789,0.861330881570105,1.20356139928013e-06,3
"19922",0.286870380364881,0.0278140952185456,0.000101130616122401,0.685214393800452,4
"19924",0.934834246461789,0.0180031114430766,0.0471176662941366,4.49758009975081e-05,1
"19926",0.455397483177021,0.520565076736807,8.5451446604064e-06,0.0240288949415121,2
"19928",0.485800331786246,0.00778670908967126,0.50543479823031,0.000978160893772233,3
"19930",0.997279971737603,0.0019922835438339,0.000689641097272563,3.81036212912196e-05,1
"19932",0.994690470615297,0.000157361329502858,0.00512278815183455,2.93799033658313e-05,1
"19934",0.0357448222554584,0.960533848749472,0.000195907003792678,0.00352542199127732,2
"19936",0.978002046681449,0.02015235401958,0.000505338274821213,0.00134026102415027,1
"19938",0.00105946507569959,0.994635529810856,9.647967282793e-05,0.00420852544061655,2
"19940",0.909467263937726,0.0884582357425366,0.00205081914925629,2.36811704810831e-05,1
"19942",0.933047900643553,0.0275877363343151,0.0392065706358201,0.000157792386311918,1
"19944",0.29293839664294,0.706765290245697,0.000130198989922404,0.000166114121440499,2
"19946",0.823486829933341,0.147183681801033,0.0291078778521614,0.00022161041346447,1
"19948",0.924922061219424,0.00993466440345904,0.0651242000913019,1.90742858152133e-05,1
"19950",0.00345113170440678,4.5586043828114e-06,0.996543029678665,1.28001254543999e-06,3
"19952",0.924922061219424,0.00993466440345904,0.0651242000913019,1.90742858152133e-05,1
"19954",0.996747797340346,0.00049839733894721,0.00274014468750199,1.36606332046923e-05,1
"19956",0.341846366323754,5.24751435478102e-05,0.657742937963176,0.000358220569522259,3
"19958",0.0047952653979868,0.000439713836074268,0.00184219978417269,0.992922820981766,4
"19962",0.589451487688815,0.236873920559087,0.169001700129159,0.00467289162294027,1
"19964",0.908117861068492,0.059095291053967,0.0327270054094083,5.98424681330666e-05,1
"19966",0.000890036275125373,0.998952837688545,4.41273073048885e-07,0.000156684763256956,2
"19969",0.998532714260773,0.00104829539326433,0.000411305410402671,7.68493555958374e-06,1
"19972",0.852440916060246,0.00134449692776479,0.146207252105595,7.33490639489621e-06,1
"19974",0.0784199145980952,2.93425365336947e-06,0.921577067423232,8.37250198163378e-08,3
"19976",0.904865496111203,0.0271006682260243,0.067972593636071,6.12420267014202e-05,1
"19978",0.28725140646865,0.711229260149537,0.00149569494549394,2.36384363196799e-05,2
"19980",0.690076988256958,5.5736451475031e-05,0.309859438635808,7.83665575939654e-06,1
"19982",0.181715963647017,0.000689614119809487,0.817475389852445,0.000119032380729282,3
"19984",0.00115852042629731,5.97546644819673e-05,0.998780955648324,7.69260897061811e-07,3
"19986",2.17691667926742e-05,0.999343526363668,3.31563486050405e-08,0.000634671313190862,2
"19988",2.22596114765908e-06,0.998954649749564,1.96044617105686e-08,0.00104310468482668,2
"19992",2.20564657643567e-05,0.998883294218227,6.51769946068833e-07,0.00109399754606299,2
"19994",0.997275350436227,0.00243472802091154,0.000178798443620027,0.000111123099241301,1
"19996",3.51064737228015e-05,0.999809957076485,5.37232484027442e-07,0.00015439921730844,2
"19998",0.857599734597259,0.108070614327701,0.0338006453368079,0.000529005738232525,1
"20000",0.97900781034684,0.000259699105483708,0.00124738094924704,0.0194851095984293,1
"20003",0.989497208929608,0.010128442245794,1.35520634754588e-05,0.000360796761122722,1
"20005",0.912621628635144,3.19912889792668e-05,0.087345198187672,1.18188820443415e-06,1
"20007",0.312899548729552,0.680250385335501,0.00163802040506105,0.00521204552988643,2
"20009",0.0016527154388346,0.996585123792122,0.000667694292727077,0.00109446647631587,2
"20011",0.968876800835582,0.00737123433391615,0.0237306961467518,2.12686837503164e-05,1
"20013",0.882815650380841,0.00192356045485345,0.115186645480219,7.4143684086921e-05,1
"20016",6.80977668351474e-05,0.992757747128725,2.07122278441051e-05,0.0071534428765962,2
"20018",2.55934043869384e-07,0.0174554473801322,1.86364774697176e-08,0.982544278049346,4
"20021",0.0189563080608923,0.980299284117028,9.10541404283408e-07,0.000743497280675112,2
"20023",0.0774116349170317,0.919973370759817,0.00019389158417699,0.0024211027389747,2
"20025",0.000114419622244837,0.560804849631758,5.89941771944442e-07,0.439080140804225,2
"20027",0.999469726608346,0.00035904672080517,0.000161780509007536,9.44616184170622e-06,1
"20029",0.969488782033178,0.000119924183345046,0.0303906610082909,6.32775186352702e-07,1
"20032",0.999527698669723,0.000340534064724285,0.000112236684531995,1.95305810207196e-05,1
"20034",0.981383355833766,0.0129916144419004,0.00558953723312056,3.54924912130546e-05,1
"20036",0.748938798510054,0.0596579914154846,0.188383849807009,0.0030193602674524,1
"20038",0.000954631220486708,0.989239015698916,2.49774373376444e-08,0.00980632810316041,2
"20040",4.16857111342634e-05,0.984456464203207,2.21674668861982e-05,0.0154796826187728,2
"20043",0.00420369307341193,0.994363792418737,2.13158396529738e-06,0.00143038292388556,2
"20045",2.32160247611867e-06,0.990158689020561,4.33020567698372e-07,0.0098385563563946,2
"20048",0.00015539994529394,1.94089192033641e-06,0.99984189929677,7.59866015893271e-07,3
"20051",0.511976092588724,0.443464076218288,0.0117608130331826,0.0327990181598053,1
"20053",0.0190487130155847,0.98032551846343,0.000444545225675792,0.000181223295309354,2
"20055",0.0790044880470388,0.765198787381671,5.5542302029465e-07,0.15579616914827,2
"20057",0.000475955571019758,4.94134480378445e-06,0.00336587466135898,0.996153228422818,4
"20059",0.019730689230886,0.975946418743698,8.53267467172444e-05,0.00423756527869867,2
"20061",0.127818761902059,0.871053356630159,0.000371768778768011,0.000756112689013393,2
"20063",0.000150570335911195,0.0196742762428454,0.979343855047464,0.00083129837377963,3
"20065",2.2978804505467e-05,0.154474548522926,1.28106125853874e-09,0.845502471391507,4
"20067",0.000440972205402975,0.983580178923228,0.000247593171252802,0.015731255700116,2
"20069",0.45307262981825,7.90278578650583e-05,0.546835017336815,1.33249870696452e-05,3
"20071",0.600813675505497,0.387426812517913,0.00368984554293167,0.00806966643365832,1
"20073",0.11361332476837,0.00162178541957795,0.884761487794531,3.40201752052306e-06,3
"20075",0.000406618776921232,2.58357000610487e-05,3.1049107932878e-06,0.999564440612224,4
"20077",0.0175469626448485,0.981569909866874,0.000662460251236205,0.000220667237041864,2
"20079",0.0891839506634396,0.239121316324544,0.668527616063748,0.00316711694826891,3
"20081",0.00749743479142543,0.819923586794156,1.34414892452488e-05,0.172565536925174,2
"20083",0.0276064166435613,0.0086170471500654,0.962101915948965,0.00167462025740791,3
"20085",3.70656668968417e-06,0.995779492763274,5.48432000963066e-09,0.00421679518571579,2
"20088",0.000707751350309068,0.997649855509693,4.67327237063013e-07,0.00164192581276083,2
"20091",0.000152961165971393,0.00337395891136105,5.43750251595867e-06,0.996467642420152,4
"20095",0.0248668121534777,0.0669360468479636,0.907774833887737,0.000422307110821467,3
"20097",6.064261067683e-06,0.984103123740561,6.78595586796078e-09,0.0158908052124158,2
"20099",0.0083519045167766,0.977996088131095,0.0136431097863834,8.89756574554983e-06,2
"20102",0.00454119236378204,0.00429390021738122,0.859076795108831,0.132088112310006,3
"20105",0.00619141016317701,0.992435960042107,0.000741900617468228,0.000630729177248161,2
"20107",0.000980281660661016,0.99875769599253,1.69290207296159e-06,0.000260329444735939,2
"20109",0.0362582303473681,0.680683217415907,0.283017974276832,4.05779598932194e-05,2
"20111",0.417141056074178,0.000355296996209729,0.0231817495942612,0.559321897335351,4
"20113",0.0377590274237871,0.961804892359282,7.90028222898508e-06,0.000428179934702224,2
"20115",0.997496170546339,0.000251810916455452,0.0017885605394939,0.000463457997712169,1
"20117",0.00949763970134604,0.238911053865278,6.937628875571e-05,0.751521930144621,4
"20119",0.00119700730161312,0.998723910020542,2.97488019466394e-07,7.87851898257064e-05,2
"20121",0.000178641908663195,0.999171015694478,8.94676543940149e-08,0.00065025292920439,2
"20123",5.15841111916785e-05,0.00220494892972017,4.35289510955257e-08,0.997743423430137,4
"20125",0.880207046775167,0.000565370976726938,0.119151464705466,7.61175426409005e-05,1
"20127",2.7519669873979e-05,0.999460319478284,5.36446129626092e-06,0.000506796390546291,2
"20140",0.199222608261528,0.393306540775814,7.15526171184468e-06,0.407463695700946,4
"20142",0.00994020195183495,8.17995452901896e-06,0.990048400898628,3.21719500842224e-06,3
"20144",0.975381719638314,0.000315854682812993,0.0120238356951185,0.0122785899837549,1
"20146",0.603770068680307,0.0125372859709389,0.377095579386305,0.00659706596244867,1
"20148",0.985200085299811,0.0140139980809293,0.00052142010937452,0.000264496509884858,1
"20150",0.417943864884305,9.97340990213547e-06,0.5820455690654,5.92640392733242e-07,3
"20152",0.950763078845336,0.0485290145745732,0.000373262802297237,0.000334643777793361,1
"20154",2.63926253685957e-05,0.0420789990603345,1.02174361515741e-05,0.957884390878145,4
"20156",0.153743442121865,0.755909903139928,0.0662459630649877,0.0241006916732193,2
"20159",0.394994329914567,8.25220159828753e-05,0.6048977909838,2.53570856498971e-05,3
"20161",0.0189162534311525,0.00139137082329323,0.979557136786331,0.000135238959222955,3
"20163",0.945585542917055,0.0526048467079209,3.10442908546685e-05,0.00177856608416937,1
"20165",0.00192190527600451,0.0188611748513238,0.979148582441955,6.83374307166977e-05,3
"20167",0.974995391055897,0.00912577471184523,0.0158522269946837,2.66072375742816e-05,1
"20169",0.000586856160391233,2.40652573334738e-06,0.999409743854708,9.93459167113509e-07,3
"20171",2.29398495172242e-06,0.0112757942547597,1.11820338764792e-05,0.988710729726412,4
"20173",0.00895209169943586,0.150189668528519,0.84080205022561,5.6189546435609e-05,3
"20175",0.981765824893404,0.00298030936132268,0.0152036912081072,5.01745371655025e-05,1
"20177",0.0222761334646068,0.976182177415516,0.00150930314663941,3.23859732382605e-05,2
"20180",0.000175103502050019,0.996346237000862,1.69260821441318e-09,0.00347865780447948,2
"20182",0.00043437959504161,1.37213540651019e-07,0.999538471895534,2.70112958838738e-05,3
"20184",0.0654283030251909,0.000416233570803538,0.934145742842215,9.72056179019157e-06,3
"20187",0.434591524486636,0.340733158440153,0.224592124826364,8.31922468466094e-05,1
"20189",0.102466288552467,0.897462869638667,5.38064866661602e-05,1.70353222002014e-05,2
"20192",0.014473424334806,0.84726418916201,3.00819850650049e-05,0.138232304518119,2
"20194",0.149476074330821,0.000302689414608487,0.850212825000952,8.41125361938533e-06,3
"20196",0.000235771362295687,0.810952906029112,8.06175290782961e-07,0.188810516433301,2
"20198",0.660219741924395,0.329641931207027,0.00141592640832994,0.00872240046024815,1
"20204",0.466508927976539,0.000101294378305639,0.53335609780193,3.36798432254094e-05,3
"20207",0.000357167451757034,0.891877757789171,4.90729188224488e-05,0.107716001840249,2
"20209",0.951972843179772,0.000942467386189405,2.81891582473038e-05,0.0470565002757918,1
"20211",7.19628229343548e-05,0.00160641417148605,1.97094637717931e-07,0.998321425910942,4
"20215",0.02349161268023,0.97451503184314,8.68362158761409e-05,0.00190651926075426,2
"20218",0.0266040934252478,1.33286285706682e-05,0.973379325832799,3.2521133826654e-06,3
"20222",0.00868486820992234,0.906110997993698,0.000138366019290017,0.0850657677770895,2
"20225",0.96002327276234,0.000477307102495721,0.0383504060221792,0.00114901411298457,1
"20229",0.796371659991995,0.0568919086046694,0.00207438052800965,0.144662050875326,1
"20232",0.116510016499837,0.853985347464295,6.0915314754624e-05,0.0294437207211139,2
"20234",3.80923323104988e-06,0.877392856582798,1.65439670470465e-08,0.122603317640004,2
"20238",0.000796838224322892,0.996901217407353,2.19723795585093e-05,0.00227997198876572,2
"20253",0.000464677516665588,0.998305182834056,4.58424600692879e-06,0.00122555540327142,2
"20255",0.997449423542159,0.00084581068575767,0.000692036589496588,0.00101272918258704,1
"20258",0.000345984667825222,0.999538685323944,3.02733582429029e-07,0.000115027274648855,2
"20269",0.0370488499080253,0.91622141255984,0.0465407246493,0.000189012882834536,2
"20271",0.00144962812721674,0.998514540570067,1.94968978295165e-06,3.38816129333352e-05,2
"20285",0.894886586060584,0.067789171219753,0.0371277839270257,0.000196458792637388,1
"20288",0.0292346894894218,0.966782137578983,0.000186896711392733,0.00379627622020198,2
"20291",0.000420030502238554,0.733400463833672,6.70569449787241e-06,0.266172799969591,2
"20295",0.143018359524565,0.816091583044759,0.0405972154029432,0.00029284202773276,2
"20298",0.992564208196905,9.20667494047475e-05,0.0073323370678253,1.13879858648465e-05,1
"20302",0.356258731251357,0.00193334376776565,0.641793286715684,1.46382651934395e-05,3
"20305",0.998237610563806,5.75113043638313e-05,0.00170116628202121,3.71184980845754e-06,1
"20307",4.85962712513825e-05,0.999217588512049,1.19191738190773e-07,0.000733696024961335,2
"20310",3.0304047474871e-06,0.997111572992407,1.65264954725853e-07,0.00288523133789104,2
"20313",0.00133741878025695,5.84138380075337e-07,0.998661920812533,7.62688295169777e-08,3
"20315",0.00136201160744389,0.998440012533841,1.93642679156773e-06,0.000196039431923543,2
"20319",0.000381626461924299,0.398518074269125,4.70164815370878e-07,0.601099829104136,4
"20321",0.000190283037822959,0.99965131161309,1.7351237921029e-05,0.000141054111166411,2
"20327",0.000151492236660127,0.999828131321002,1.02942050023803e-06,1.93470218378726e-05,2
"20329",0.652590390310193,0.00220267278697881,0.345203141155655,3.79574717363563e-06,1
"20335",3.48421017223865e-05,0.871097824663798,2.4351455269074e-06,0.128864898088952,2
"20337",0.71514022144874,0.000134538594922483,0.28469647152318,2.87684331579926e-05,1
"20339",0.0211358259564096,0.0118807420496046,1.21827484049307e-05,0.966971249245581,4
"20341",7.17801348728639e-05,0.0329774623181825,0.000443047581591303,0.966507709965353,4
"20343",4.09596322824271e-05,0.988519878249972,0.000119700473172011,0.0113194616445731,2
"20345",0.994542635577641,0.00536963037510768,2.6153607956398e-05,6.15804392953254e-05,1
"20350",0.185852452678928,0.451869719368536,0.0377993591313651,0.324478468821171,2
"20352",0.00106103921154978,9.49279740021829e-06,0.998928369641802,1.09834924850009e-06,3
"20355",0.0472135940078504,0.007345249312038,0.944977013516194,0.000464143163917597,3
"20358",0.619289591825001,0.000347017719512428,0.380362105475552,1.28497993485075e-06,1
"20363",0.00058611025806481,0.999265038692365,1.17211489476968e-05,0.000137129900622613,2
"20365",0.0326790220700158,0.411091091179615,4.12160544727846e-06,0.556225765144922,4
"20379",0.995608180025923,0.000794728904220958,0.00250802932789199,0.00108906174196377,1
"20387",0.000881510997190664,0.996958194220834,6.73522142264553e-07,0.00215962125983296,2
"20392",3.36920675416798e-05,0.00375110347817866,2.38695900935621e-08,0.996215180584689,4
"20395",0.968531542631577,0.0290230767450465,0.00179927147385988,0.000646109149516673,1
"20397",0.0144880063056124,2.02655114637731e-05,0.98549098428728,7.43895643651168e-07,3
"20410",0.017878149020603,0.981290715410111,1.97426895210393e-07,0.000830938142391334,2
"20414",0.683795304315066,0.00216462665905987,0.314018657438219,2.14115876547038e-05,1
"20417",1.86070597801423e-06,0.126668886315765,1.15443856980446e-07,0.8733291375344,4
"20419",8.00955531107815e-05,0.999912175096695,3.89821769414416e-06,3.83113250035588e-06,2
"20421",0.317398430781711,0.00852118765645331,0.643456360087015,0.0306240214748214,3
"20423",0.61570248097168,0.000663066900948566,0.383327830012708,0.000306622114663047,1
"20425",0.424700789130436,0.00169532277760034,0.57246306889946,0.001140819192504,3
"20427",0.931799944736503,0.0675496367473666,0.000567734820328942,8.26836958011965e-05,1
"20429",0.000401635807654869,0.994394877462681,0.000394438751408252,0.0048090479782552,2
"20432",0.190153464791832,0.000109967302689845,0.809735429599834,1.13830564387371e-06,3
"20435",0.188826399360058,0.781612156314815,2.59466717044838e-05,0.0295354976534228,2
"20438",0.000800286631198222,0.998643296092302,0.00052277488311958,3.36423933798772e-05,2
"20440",0.000336294868062494,0.99957569267067,4.07273916675998e-05,4.72850695997345e-05,2
"20443",0.00333703588096044,0.000537436777641682,0.996040733657572,8.47936838256426e-05,3
"20446",0.44462641850075,0.547875884939399,0.00550166495337914,0.0019960316064722,2
"20449",0.193186534610813,0.788971169080256,4.65011575554965e-05,0.0177957951513758,2
"20537",0.00836151772811291,0.713434181263724,0.000238127612094953,0.277966173396068,2
"20540",2.27895567057169e-05,0.0118569412893191,2.42174619186967e-08,0.988120244936513,4
"20543",0.726029791435546,0.267536474406284,0.00507674095030615,0.0013569932078635,1
"20545",5.16916718413005e-05,0.00169451921487798,5.90368882559416e-07,0.998253198744398,4
"20549",0.878283582189025,0.0939234796771763,0.0186527692004549,0.00914016893334419,1
"20551",0.020177056671703,0.977108005544049,0.000139962166764948,0.00257497561748342,2
"20554",0.00617805051908056,0.993614165691905,2.40588590775223e-05,0.000183724929936804,2
"20556",0.541860865183382,0.264444034486667,0.00183034721906471,0.191864753110886,1
"20558",0.000124730140929634,0.999578420193114,6.47416983268574e-07,0.000296202248972794,2
"20560",0.0174632039089122,0.979032078621197,0.00335001394089884,0.000154703528991915,2
"20563",2.29901452768347e-05,0.999583156812502,2.05908724780004e-06,0.000391793954973218,2
"20565",0.098074892770918,0.879023356350969,0.020886789347551,0.00201496153056184,2
"20567",0.129652493475251,0.000185325320388819,0.870156964698182,5.21650617782475e-06,3
"20571",0.00270889621103129,0.964850146371543,0.000104728251206003,0.0323362291662201,2
"20573",0.0376634551478449,0.955412509291937,0.000637187347592942,0.00628684821262521,2
"20575",5.53389932142748e-05,0.999772789233783,5.5244410122741e-07,0.000171319328901647,2
"20577",0.862694750258069,0.134217883903979,0.000194130273391296,0.00289323556456137,1
"20579",0.00302481859328636,3.7737176228338e-06,0.996971369616041,3.80730497330178e-08,3
"20582",2.49258338143265e-05,0.999778451947761,1.29393658026174e-07,0.000196492824766607,2
"20585",0.0134188606639257,0.0993771705874499,2.39178312937501e-06,0.887201576965495,4
"20588",0.0104518096693742,0.0112849131045201,0.000224686885696426,0.978038590340409,4
"20590",0.00749254621556034,1.35330188893718e-06,0.992506073234879,2.72476719722447e-08,3
"20592",1.14596417462149e-05,0.999848712988451,2.32286972213381e-06,0.000137504500080447,2
"20594",5.12342127731393e-05,0.999466087724986,3.34173385225652e-08,0.000482644644902662,2
"20596",0.0159770292562808,0.983039579993988,0.000972287931654305,1.11028180772025e-05,2
"20598",0.0130232351151041,0.986773768592932,1.22557570705928e-05,0.000190740534893111,2
"20600",0.149334442858707,0.0965083528949938,0.00122851029582897,0.752928693950471,4
"20603",0.988657937699895,0.00129244457531054,0.00520363484686829,0.00484598287792676,1
"20605",0.000779386294197897,0.9985387436067,1.00487238288974e-07,0.000681769611863538,2
"20607",0.00249711571096958,0.997476824925802,1.63170556820044e-06,2.4427657660446e-05,2
"20609",0.022657275130234,0.977069403768153,6.27769934264468e-05,0.000210544108186827,2
"20611",0.999336434817433,6.54901046281142e-05,0.000594457248274228,3.61782966432362e-06,1
"20613",0.560879710366959,0.434911622414661,2.70269324924539e-05,0.00418164028588821,1
"20615",0.540787558202501,0.360775670566165,0.00277625958781129,0.0956605116435226,1
"20617",0.00427847967891437,4.75355977484546e-06,0.995715372476479,1.39428483165037e-06,3
"20619",5.12921365042468e-05,0.999877561982913,7.08574921440056e-06,6.40601313678659e-05,2
"20621",0.0202334914374462,0.979115636219248,5.80823949188353e-05,0.000592789948387075,2
"20623",0.0152290068570817,0.00301224174429153,0.981758039866508,7.1153211859957e-07,3
"20625",0.904713452039423,0.0026882664904697,0.0473859536343918,0.0452123278357154,1
"20627",0.241124093620201,0.758159209229881,1.04889122145206e-05,0.000706208237703948,2
"20629",0.164495163359818,0.830067823622392,0.000891311764334927,0.00454570125345545,2
"20631",2.72396064964244e-05,0.999746713971079,1.29754414290052e-05,0.000213070980995239,2
"20633",0.000765662832878632,3.276339911776e-07,0.999233977209342,3.23237885302667e-08,3
"20636",0.963376195104566,0.00120637150913781,0.0354050861006541,1.23472856419546e-05,1
"20638",0.771729738130107,0.152324890934895,0.000340311290281676,0.075605059644716,1
"20640",0.00444201929581595,0.907710577529687,5.69225440181345e-08,0.087847346251953,2
"20645",6.67921657986539e-06,0.994198378427047,9.30697095205589e-09,0.00579493304940234,2
"20647",0.000164589449791387,2.06910324108333e-06,0.999832462838784,8.7860818345756e-07,3
"20649",0.0220604312349145,0.964092615659778,1.92828877902457e-05,0.0138276702175169,2
"20651",2.32861849211442e-05,0.99630084368364,2.42667594060781e-05,0.00365160337203263,2
"20656",0.00210959993154706,0.956178146170961,8.1284486501685e-06,0.0417041254488418,2
"20660",0.0152476988973459,0.0772699510569525,1.16986459053725e-05,0.907470651399796,4
"20662",0.0882051762469913,0.000539246720538542,0.911251261992446,4.31504002426384e-06,3
"20664",0.0192255548113451,0.860270469240278,0.12045705284964,4.69230987367569e-05,2
"20666",0.938440916890561,0.00104035228434526,0.000173874307956885,0.0603448565171365,1
"20668",0.544689842380146,0.000188583789195396,0.455119588560036,1.98527062237291e-06,1
"20670",0.00212466388816013,0.997406866609434,1.38415620365237e-05,0.000454627940369404,2
"20672",0.549888600168535,0.000150315069643221,0.449895267568117,6.58171937051818e-05,1
"20674",0.0921226385214145,0.907380496430026,0.000244353000151936,0.000252512048407263,2
"20676",0.921434869348415,1.89338355113453e-05,0.0785424118669164,3.78494915676666e-06,1
"20678",0.479671647194631,1.78278654915669e-05,0.520310036585657,4.88354220728672e-07,3
"20680",0.699571617881823,0.00341569578882661,0.296926521512374,8.6164816976172e-05,1
"20682",0.994826035833822,0.00371537182308705,0.00144868196193406,9.91038115664661e-06,1
"20684",0.161170485338831,0.83399221718337,5.70260707929586e-05,0.00478027140700668,2
"20686",0.0277971983627765,1.96387637728598e-05,0.97217955814959,3.60472386042789e-06,3
"20688",0.0432252180738101,8.55667266885512e-06,0.956766054120647,1.71132874121759e-07,3
"20690",0.0024845898519866,0.0473319156555188,2.88556177880619e-07,0.950183205936317,4
"20692",0.00198803166948668,4.41865455851234e-07,0.998011505768268,2.06967894291537e-08,3
"20694",0.976798448316219,5.26052698904277e-05,0.023144461814284,4.48459960697873e-06,1
"20696",0.989974810678566,0.00114446509385944,0.00883862315648724,4.21010710876808e-05,1
"20698",0.0777231871865248,0.901574660388407,0.00875332566015518,0.0119488267649127,2
"20700",0.00204528201859274,0.993557338578019,0.00386914845732697,0.000528230946061144,2
"20702",0.000232921037057348,0.112217625037626,1.17029716827544e-07,0.8875493368956,4
"20704",0.182812890348945,0.816481848578331,7.71420167456106e-05,0.000628119055978346,2
"20706",0.738999551587568,0.232340996038635,0.0227314971222973,0.00592795525149967,1
"20708",0.988770746447306,0.000135374083961754,0.0110922575547855,1.62191394673897e-06,1
"20710",0.0461937453085023,0.542866535850985,3.08836469000961e-06,0.410936630475822,2
"20714",0.0179126820777493,5.95707223493932e-05,0.98202756344746,1.83752441702006e-07,3
"20716",0.0105680301448993,0.989241847624918,1.40177808839008e-06,0.000188720452094764,2
"20719",0.428980569741194,0.56995528483558,0.00054411774766324,0.000520027675563355,2
"20721",1.31635377968599e-05,0.999836874698309,2.84760308624855e-06,0.000147114160808269,2
"20723",0.209595971463329,0.780939327169035,0.00239436767418262,0.00707033369345352,2
"20725",0.996349473054456,0.00316837794855861,0.000221721319161891,0.000260427677823462,1
"20727",0.00860617172980559,8.86274110481047e-06,0.991218524667418,0.000166440861671996,3
"20729",0.999482196741478,7.69029576843459e-05,0.0004360586275664,4.84167327118537e-06,1
"20731",0.998936898397875,0.000833226682473058,3.53743595748132e-05,0.000194500560077261,1
"20733",0.131710716777935,0.863349178338725,2.80583264681932e-05,0.00491204655687212,2
"20735",0.582290189421115,0.397897032184302,1.86394070892455e-05,0.0197941389874939,1
"20737",0.936057108361551,7.42727840763487e-05,0.0638680216757027,5.97178669699347e-07,1
"20739",0.00104839503229682,5.51637884312774e-07,0.998950940191321,1.13138497444498e-07,3
"20741",0.94764744360313,0.012169752924052,0.0400268203780807,0.00015598309473699,1
"20743",0.993049371944691,0.00632852222556094,0.000553323270315345,6.87825594325082e-05,1
"20745",0.000191191601327526,0.999383272675674,5.59314692011441e-06,0.000419942576078009,2
"20747",0.999548884397297,8.64021504472744e-05,0.000359132009070752,5.58144318475985e-06,1
"20749",0.999139434738648,4.24469837514436e-05,0.000811658376188176,6.45990141247835e-06,1
"20751",0.995997399065007,5.7277972125095e-05,0.000854382733850357,0.00309094022901788,1
"20753",0.999442260130958,0.000154654201468557,0.000396234774770521,6.85089280265937e-06,1
"20755",0.915129978962147,0.000561941567288483,0.0843022029030643,5.87656750043588e-06,1
"20757",0.20404091030982,0.208978983812902,0.586941423398514,3.86824787645938e-05,3
"20759",0.000260794779313094,0.999391007293996,0.000304068632923532,4.41292937670059e-05,2
"20761",0.960480783150004,0.0369887976686835,0.00238158945429724,0.000148829727015542,1
"20763",0.900256520047245,0.0893658335559215,0.00893409839943131,0.0014435479974019,1
"20765",0.989901826119038,0.00473023871550163,0.00523838708796583,0.000129548077494492,1
"20767",0.061237073576681,0.938270465132117,6.86686630406058e-06,0.000485594424897776,2
"20769",0.0605721895070142,0.311667758308118,3.76788523618633e-07,0.627759675396344,4
"20771",0.691181805656044,0.105260741204736,0.203541877627216,1.55755120030143e-05,1
"20773",0.89901852208016,0.0565737970709402,0.0438723178270473,0.000535363021852149,1
"20775",0.997019502575005,0.00256181929718497,0.000141763562682021,0.00027691456512765,1
"20777",0.614432046133034,0.0346426312033416,0.000801002533227467,0.350124320130397,1
"20779",0.998432201744832,0.00142315833447187,4.59596985682082e-05,9.86802221281021e-05,1
"20781",0.0125585974250783,3.36567197168041e-05,0.0399876863307839,0.947420059524421,4
"20783",0.970167155254451,0.0254168830743163,0.00439136900625606,2.45926649765932e-05,1
"20785",0.168451876834741,0.0013353251032953,0.830182886743243,2.99113187207071e-05,3
"20787",0.975825880069373,0.000387499029757168,0.0237860184429008,6.02457968857717e-07,1
"20789",0.638235824332268,0.3605799515019,2.7017656639921e-05,0.00115720650919181,1
"20791",0.933762963247008,2.24165295375899e-05,0.0662127115409416,1.90868251264607e-06,1
"20793",0.70181548726044,0.297282205685287,1.27181318508182e-05,0.000889588922422262,1
"20795",0.817182982082431,0.000371092282791122,0.182440936001257,4.98963352133795e-06,1
"20797",0.00220573628631987,1.90290347757426e-06,0.993938115179759,0.00385424563044375,3
"20800",0.996175327147101,0.000243350620129125,0.00352610013815662,5.52220946133313e-05,1
"20802",0.985610915666155,0.0118545716415193,0.00242795003747345,0.00010656265485226,1
"20804",0.994155862038875,4.81852177096727e-05,0.00579507082431143,8.81919103867765e-07,1
"20806",0.726251135713378,1.82578131041604e-05,0.273729230459089,1.37601442917404e-06,1
"20808",0.0208965651929075,0.979015067980537,5.89017023737672e-07,8.77778095323e-05,2
"20810",0.556069628110176,0.0014515708083057,0.442445621708466,3.31793730525798e-05,1
"20812",0.974299440635616,0.00799259661400769,0.00735563410647695,0.0103523286438996,1
"20814",0.427313545308118,1.16483814245687e-05,0.572674498645221,3.07665236419258e-07,3
"20816",0.0715973183425526,0.916578645703572,1.47297922026655e-05,0.0118093061616729,2
"20818",0.983383875884648,0.0118956398369524,0.00449662285408518,0.000223861424314227,1
"20820",0.000375182489464674,9.52872852512192e-07,0.999623498165564,3.6647211840263e-07,3
"20822",0.99107138937084,0.00700265314072407,0.00188705072534451,3.89067630912704e-05,1
"20824",0.330147725847708,0.00150180863941749,0.668303896970164,4.65685427108222e-05,3
"20826",0.00771428893014557,6.49740747039361e-06,0.992277505453301,1.70820908336414e-06,3
"20828",0.00015539994529394,1.94089192033641e-06,0.99984189929677,7.59866015893271e-07,3
"20830",0.999101756482793,7.15517888289854e-05,0.000817324969093183,9.3667592847707e-06,1
"20832",0.548838097091599,0.408141837405025,0.0426454674269104,0.000374598076465643,1
"20834",0.0373468972347932,0.96070680100604,3.01062295306406e-06,0.00194329113621354,2
"20836",0.999201376331366,0.000688170061608313,7.00273524844143e-05,4.04262545414071e-05,1
"20838",0.93026286583424,1.91638644966058e-05,0.0697171913924968,7.78908766261054e-07,1
"20840",0.128568992267488,0.870756136484405,0.000184968461816968,0.000489902786290238,2
"20842",0.999168562918286,0.000528104909068367,0.000286159245713875,1.7172926931727e-05,1
"20844",0.961102631222532,0.0357199952485465,0.00316756882397604,9.80470494585601e-06,1
"20846",0.276838877421919,0.0145467489881632,0.708536566076445,7.78075134724647e-05,3
"20848",0.823364783954933,0.174493481195492,0.00114930771082045,0.000992427138753817,1
"20850",0.0256700349970112,0.968400366444652,0.00586872716425541,6.0871394081242e-05,2
"20852",0.0133806440965362,0.949398498837971,0.0361169866930152,0.00110387037247741,2
"20854",0.0934829737298711,3.11755871572054e-05,0.906478666072367,7.18461060459227e-06,3
"20856",0.0265402728560419,0.0162504306784599,3.0462393666026e-05,0.957178834071832,4
"20858",0.00103190708056427,0.997977588814363,1.6234631810509e-05,0.00097426947326236,2
"20860",0.986709796009223,0.0131211964614034,5.46211931208169e-05,0.000114386336252705,1
"20862",0.000369507694718517,0.999592736887186,1.32329767535234e-07,3.76230883281337e-05,2
"20864",0.00724893684345769,4.99296656403278e-05,0.992684247309788,1.68861811140239e-05,3
"20866",1.74654538067479e-06,0.998686491142142,5.46999650344577e-08,0.0013117076125127,2
"20868",0.0101625156160106,0.9867612671073,0.00011869225567718,0.00295752502101165,2
"20870",0.968112775234648,0.0267974631609402,0.00393369765921562,0.00115606394519624,1
"20872",0.993776026706932,0.000700094848864416,0.00549276656092126,3.11118832820163e-05,1
"20874",0.00131929668682827,7.08277003971028e-07,0.998679963311964,3.17242039182891e-08,3
"20877",0.0135721186597399,0.967522144888849,9.05326973856918e-07,0.0189048311244372,2
"20879",0.000544005688871078,0.996759626258622,4.23157099721615e-08,0.00269632573679664,2
"20881",0.996415535783111,0.000117142764391869,0.00345297516792524,1.43462845719765e-05,1
"20883",0.967387014337444,6.9358204034865e-05,0.0323916420128129,0.000151985445708201,1
"20885",0.99785906064127,0.000287606687576892,0.00178620156364643,6.71311075063662e-05,1
"20887",0.58432761009124,0.410493439703463,9.83209517854683e-06,0.00516911811011857,1
"20889",0.997340008254158,0.00166267530143787,0.000202059872462523,0.000795256571941613,1
"20891",0.00027096768146406,0.996080482027145,1.4205289772725e-07,0.00364840823849328,2
"20896",0.288259862867422,0.632690553031879,2.64270299559428e-05,0.0790231570707432,2
"20898",0.993258253998385,0.0065618658931584,0.000100550312888944,7.93297955677207e-05,1
"20900",0.218374750345292,1.80133822789829e-05,0.674421375445853,0.107185860826577,3
"20902",0.0416045966614667,0.125958362105632,1.78017874737559e-07,0.832436863215027,4
"20904",0.00692928910395488,0.0125214864896956,0.979625652967733,0.000923571438616384,3
"20906",0.00900573603610184,0.971882922724094,1.49963414021097e-06,0.0191098416056643,2
"20908",0.685401298079975,0.0279404722420948,0.286529481595272,0.000128748082658077,1
"20910",0.979480915682837,0.00977739676934059,0.0107392630000111,2.42454781072615e-06,1
"20912",0.0532778759704785,4.69748628081705e-05,0.000350639382510815,0.946324509784202,4
"20914",4.07598617682946e-05,0.988845562768821,2.96498076098492e-09,0.0111136744044301,2
"20968",0.0152421465964005,0.000901061737716662,0.982912131245246,0.000944660420637005,3
"20970",0.0265208907646238,0.971535343008076,0.00129404175947413,0.00064972446782597,2
"20981",0.0165755555202916,0.983221961145596,0.00019428551780562,8.19781630665067e-06,2
"20983",0.00807972319419228,7.38664699265702e-07,0.99191948327047,5.48706384660392e-08,3
"20988",0.00222587419441849,0.997496581484192,0.000169679951431273,0.000107864369958076,2
"20995",0.0568656882223776,0.154342747315922,0.00455389252096002,0.78423767194074,4
"21017",0.804976253962444,0.146814896273458,0.0481712964269714,3.75533371273416e-05,1
"21038",0.00571897573964263,0.986719812511555,6.68930822843572e-07,0.00756054281797979,2
"21072",0.0231403734778156,0.971160181385144,0.000342273346772828,0.00535717179026764,2
"21075",0.00111411090721351,0.935216777701354,1.68885694203949e-08,0.0636690945028633,2
"21223",0.952567886654791,0.0451638264662479,0.00052024264335808,0.00174804423560314,1
"21225",3.32718124028243e-05,9.26162335761482e-05,8.53164974547231e-08,0.999874026637523,4
"21230",0.00525676033828555,6.89346203323372e-07,0.994742491932584,5.8382927065684e-08,3
"21236",0.993275137524371,0.00415290136812389,0.00253340819288898,3.85529146165324e-05,1
"21238",0.45788001220156,0.0770133348607732,0.000148627889221501,0.464958025048445,4
"21241",0.000555764201210055,0.998052479249568,0.00105658868268185,0.000335167866540773,2
"21246",0.0246005883284811,0.975129822837836,0.000251591837569396,1.79969961133865e-05,2
"21253",0.047284463782925,2.98048437255576e-05,0.952680276977628,5.45439572173728e-06,3
"21256",0.813006888802016,0.00511767163769189,0.181671288401823,0.000204151158469417,1
"21260",1.21866956306273e-05,0.00424302277535929,1.2046317877336e-06,0.995743585897222,4
"21266",0.0182586038561835,0.981468088586822,1.62615957939048e-05,0.000257045961200232,2
"21332",0.00779059636822029,0.992122553216182,4.53702824107114e-05,4.14801331869408e-05,2
"21334",0.990908953629445,0.00636620589180762,5.43463249045492e-05,0.00267049415384271,1
"21375",0.000154131049855291,0.999374658828759,1.48585675298432e-06,0.00046972426463298,2
"21378",5.74498522799498e-06,0.99728951720818,2.04410108229355e-07,0.00270453339648304,2
"21381",0.00025907982063931,0.989158060224751,1.21670820497288e-05,0.0105706928725605,2
"21389",0.982928829337992,0.000379256311627202,0.0166893416003171,2.5727500642841e-06,1
"21391",0.00748292358219581,0.959129809825405,0.0329232379404375,0.000464028651961959,2
"21402",0.00291359655550306,0.997069206291039,1.26203612552041e-05,4.57679220269671e-06,2
"21404",0.0205303774376141,0.633745640586283,4.08518497238255e-07,0.345723573457606,2
"21409",0.0643792087386412,0.890523673314425,3.54143320600635e-06,0.045093576513728,2
"21413",0.802577593477038,0.164567777380042,3.36242272869421e-06,0.0328512667201916,1
"21423",0.000505497000527084,0.996993110310325,1.14257116859957e-06,0.00250025011797918,2
"21425",0.221775023084515,0.752081537311874,5.21202745168596e-06,0.0261382275761592,2
"21430",0.00899310419684558,0.00344692038762255,4.06279703133407e-05,0.987519347445218,4
"21432",0.0509618991371274,0.948890331462832,1.764819176137e-05,0.000130121208279628,2
"21438",0.000825549580334311,0.997916555485684,0.000669139551198859,0.000588755382782895,2
"21440",0.184361781582733,0.813167447015003,8.6352267104542e-05,0.00238441913515957,2
"21443",0.990530233339769,0.000251505735387273,0.00921356209346557,4.69883137766819e-06,1
"21445",0.000697000352112408,0.000495645082179163,4.06553706038047e-06,0.998803289028648,4
"21447",4.9268479320118e-05,0.99696779871411,7.0801169243315e-07,0.00298222479487801,2
"21449",0.000812080786130363,0.999168575016583,1.33410182726494e-05,6.00317901446078e-06,2
"21451",0.000812080786130363,0.999168575016583,1.33410182726494e-05,6.00317901446078e-06,2
"21455",0.000888131716154071,0.999103988321466,1.53131578407443e-06,6.34864659562857e-06,2
"21469",9.96545971373811e-06,0.874670824210986,2.61104312185793e-08,0.125319184218869,2
"21471",0.000631099749357221,0.733463276867149,4.82657153298765e-07,0.26590514072634,2
"21473",0.486926963833723,0.0590211787411982,0.448043867616233,0.00600798980884541,1
"21476",0.861345597059573,0.130265153753576,0.000445526826955982,0.00794372235989507,1
