"","V1","V2","V3","best$classification"
"19811",0.00493303721346606,0.814883862542854,0.180183100243679,2
"19813",0.00258565554659551,9.83880921461369e-10,0.997414343469524,3
"19815",0.00318074194014459,0.962808658295413,0.0340105997644422,2
"19817",0.154559147705957,0.834306989607694,0.0111338626863491,2
"19819",9.70607536903286e-31,0.0355883744607706,0.964411625539229,3
"19821",1.43600486756428e-09,0.812393349695028,0.187606648868968,2
"19823",1.35248962855802e-06,0.00294163491835466,0.997057012592017,3
"19825",3.17285156892144e-50,1.08875686735494e-07,0.999999891124313,3
"19827",0.365000316335239,0.558143961037586,0.0768557226271756,2
"19829",5.02750146742171e-19,0.730875024710017,0.269124975289983,2
"19831",4.79181796614e-41,0.00132543865535403,0.998674561344646,3
"19833",5.19408525424184e-37,4.53366155742375e-28,1,3
"19835",1.43600486756428e-09,0.812393349695028,0.187606648868968,2
"19837",0.111323890651886,0.876745441666553,0.0119306676815612,2
"19839",2.35619068064998e-34,0.035000899135647,0.964999100864353,3
"19841",0.000717738111224188,3.93623297834635e-10,0.999282261495152,3
"19843",8.42821169545645e-32,0.000101617362735687,0.999898382637264,3
"19845",0.994083508233385,2.55869577678656e-06,0.00591393307083786,1
"19847",1.04986793055562e-15,0.844778475099241,0.155221524900758,2
"19849",0.992496591897738,2.49589536553102e-12,0.00750340809976619,1
"19851",0.991686652581987,0.00802147223949093,0.000291875178521688,1
"19853",0.99808366131345,4.40124726945042e-09,0.00191633428530255,1
"19855",0.483870634409682,0.204482702061725,0.311646663528593,1
"19857",3.58495720442642e-08,0.930627441896853,0.0693725222535747,2
"19859",2.51001225600537e-09,0.95230352410184,0.0476964733881478,2
"19861",0.997267706929871,0.0010485810332422,0.00168371203688732,1
"19863",0.00011575526528936,4.35785871047362e-16,0.99988424473471,3
"19865",0.999190728345162,5.91602273629092e-05,0.000750111427474507,1
"19867",0.014592855487145,0.874898756274035,0.11050838823882,2
"19869",0.999922008753038,1.86584997488291e-10,7.79910603773519e-05,1
"19871",0.000124134128108375,0.983941622921777,0.0159342429501149,2
"19874",0.201504987289047,0.357861007027716,0.440634005683237,3
"19876",0.999607695445852,0.000254180959904818,0.000138123594243546,1
"19878",5.68792040594524e-30,0.610064097237124,0.389935902762876,2
"19880",0.999824341857325,2.44329940312943e-08,0.000175633709681319,1
"19882",1.22205891962539e-05,0.00825229299395422,0.991735486416849,3
"19885",0.131423334053226,0.858783343664081,0.00979332228269365,2
"19907",0.00539244504536544,0.535182392365588,0.459425162589047,2
"19909",1.627797298926e-18,0.960607084781338,0.0393929152186623,2
"19911",3.32249941100866e-29,0.560786432415567,0.439213567584433,2
"19913",0.998017315358073,3.86669213547841e-11,0.00198268460325967,1
"19915",0.998435667013947,0.00139667519034618,0.000167657795706618,1
"19917",3.97176279139676e-07,0.262380691496985,0.737618911326736,3
"19919",0.0347338571178834,0.936424184992264,0.028841957889853,2
"19921",0.903185053324393,0.0948904777335964,0.00192446894201043,1
"19923",4.7620300330917e-18,0.631100109337154,0.368899890662846,2
"19925",0.934913775219761,0.0446184309105555,0.0204677938696835,1
"19927",0.657036679469311,0.335856841831927,0.00710647869876175,1
"19929",0.987596246066176,1.27299935587461e-16,0.0124037539338235,1
"19931",0.414594108410026,0.572599796094118,0.0128060954958559,2
"19933",9.85139621840427e-10,0.988748325966447,0.0112516730484131,2
"19935",4.60501185667203e-07,0.959802265933425,0.0401972735653892,2
"19937",0.934789468894975,0.0625081370580237,0.00270239404700112,1
"19939",1.20555008704274e-06,0.976551827572807,0.0234469668771059,2
"19941",2.14011467593432e-24,0.0866274012776595,0.913372598722341,3
"19943",0.999513404673996,5.92057777152283e-07,0.000486003268227322,1
"19945",1.8005300897609e-18,0.977697027310258,0.0223029726897421,2
"19947",3.17578560727397e-17,1.37643024693589e-05,0.999986235697531,3
"19949",1.10545306384813e-15,0.923735752838687,0.0762642471613114,2
"19951",6.95044599938339e-09,0.881941582921776,0.118058410127778,2
"19953",3.56470148456066e-26,0.000799992455478594,0.999200007544521,3
"19955",5.34117122203663e-44,0.117692682674793,0.882307317325207,3
"19957",5.63221486948315e-16,0.00232845210833052,0.997671547891669,3
"19960",2.40553236538042e-23,0.590942795682696,0.409057204317304,2
"19963",1.30974862825483e-22,8.29756932598186e-20,1,3
"19965",2.29607348234672e-48,0.551939858602814,0.448060141397186,2
"19968",0.000100781774547789,0.000681029133877164,0.999218189091575,3
"19971",1.02350296225344e-11,4.81003070706703e-14,0.999999999989717,3
"19973",0.868332251866488,0.130337912773035,0.00132983536047704,1
"19975",0.946400611939152,0.0316727180482637,0.0219266700125837,1
"19977",1.99011430881897e-19,3.05173695819822e-09,0.999999996948263,3
"19979",2.47803419040545e-26,0.849521932276565,0.150478067723435,2
"19981",1.27140106719173e-11,0.98440721553673,0.0155927844505557,2
"19983",3.60852288233156e-10,0.984724467929649,0.0152755317094988,2
"19985",0.978706035738165,0.0133606583564948,0.00793330590533999,1
"19987",2.73923694292186e-12,0.978457607155527,0.0215423928417335,2
"19989",2.08629911185138e-25,0.944066051111879,0.0559339488881213,2
"19993",8.39280875590849e-12,0.972029457055456,0.0279705429361515,2
"19995",1.53978685860612e-16,0.960868612743743,0.0391313872562574,2
"19997",0.0219841431325885,0.948476384923512,0.0295394719438991,2
"19999",0.999452066797732,0.000462204695930457,8.572850633795e-05,1
"20002",1.9678475224722e-18,2.19736699284195e-15,0.999999999999998,3
"20004",7.68490063917272e-20,0.8943480644121,0.1056519355879,2
"20006",5.17115424210427e-34,0.0158123278295877,0.984187672170412,3
"20008",9.24892284973641e-37,0.173398863927855,0.826601136072145,3
"20010",4.43636865390741e-22,0.930736788404392,0.0692632115956078,2
"20012",5.68714237774859e-09,0.0221870181051663,0.977812976207691,3
"20015",1.04991983429796e-23,0.946609627237082,0.0533903727629178,2
"20017",0.75985326978388,0.212159087197164,0.0279876430189563,1
"20019",3.31684828012433e-37,0.675287033923684,0.324712966076316,2
"20022",9.98043097297126e-22,0.978245874609783,0.0217541253902168,2
"20024",2.74029532563184e-57,3.46320661649839e-07,0.999999653679338,3
"20026",2.74029532563184e-57,3.46320661649839e-07,0.999999653679338,3
"20028",0.974601316988175,0.0202897981528509,0.00510888485897421,1
"20030",1.94429323869548e-25,0.468989655924104,0.531010344075896,3
"20033",2.68749379174195e-09,0.963517683669321,0.0364823136431855,2
"20035",6.28338699736185e-36,0.583014737465481,0.416985262534519,2
"20037",4.67829131602945e-35,0.892621086972694,0.107378913027306,2
"20039",2.09757096765257e-24,6.25121889771416e-15,0.999999999999994,3
"20041",5.06070581856903e-28,0.765419695128761,0.234580304871239,2
"20044",1.60179581014933e-28,0.172180416901683,0.827819583098317,3
"20047",4.13762012945384e-35,0.0213264418081328,0.978673558191867,3
"20050",1.15392387695622e-16,0.295225722354896,0.704774277645104,3
"20052",1.68206985104834e-10,0.963595456022648,0.0364045438091454,2
"20054",3.44633002122631e-18,0.938089812351297,0.0619101876487034,2
"20056",7.98211035515757e-06,0.00755223513556576,0.992439782754079,3
"20058",4.7474005751656e-29,0.935763649354821,0.0642363506451794,2
"20060",4.07305897079789e-09,0.976869289233762,0.023130706693179,2
"20062",1.60980615923484e-08,0.983191556966297,0.0168084269356416,2
"20064",1.88959665013838e-12,0.985565221909408,0.0144347780887024,2
"20066",1.95157305245839e-27,0.104236155527282,0.895763844472718,3
"20068",0.0180563267684741,0.951016782793561,0.0309268904379651,2
"20070",6.64713642855976e-08,0.777099438729409,0.222900494799227,2
"20072",5.19813201144124e-27,0.252335876050988,0.747664123949012,3
"20074",0.683630981528386,4.17040473541795e-12,0.316369018467444,1
"20076",2.64112038059416e-09,0.00383020237332329,0.996169794985556,3
"20078",7.84707546693293e-32,0.966633787298638,0.0333662127013616,2
"20080",3.28670346021677e-27,0.970865001170479,0.0291349988295207,2
"20082",2.05245103059499e-18,1.52220028688152e-07,0.999999847779971,3
"20084",1.43391691603265e-27,0.532744036897998,0.467255963102002,2
"20087",2.9576770598167e-27,0.965871608946613,0.0341283910533872,2
"20090",8.71757667403898e-27,0.899497207789126,0.100502792210874,2
"20092",1.19010909019311e-29,2.68075726164662e-05,0.999973192427384,3
"20096",1.44132950468225e-34,0.00425307284613306,0.995746927153867,3
"20098",0.000338223194343486,0.963046685067831,0.0366150917378258,2
"20101",2.74479447558109e-31,0.869150620579078,0.130849379420922,2
"20104",2.38871031118122e-18,3.07701962455672e-13,0.999999999999692,3
"20106",3.48141824869264e-15,0.980573207939878,0.0194267920601184,2
"20108",0.009822145816104,0.967118809406724,0.023059044777172,2
"20110",6.31479024869186e-16,0.0515961502259677,0.948403849774032,3
"20112",1.5329069893374e-25,0.954981444734014,0.0450185552659857,2
"20114",1.23470594418451e-16,0.832467763832553,0.167532236167446,2
"20116",6.51768155591702e-15,0.782153665377502,0.217846334622492,2
"20118",1.42572507446932e-09,0.982359563822666,0.0176404347516089,2
"20120",1.51604464460714e-17,0.892699046801491,0.107300953198509,2
"20122",0.492165597878277,0.00179688918268035,0.506037512939043,3
"20124",3.98807382684556e-48,0.603534382637305,0.396465617362695,2
"20126",1.35389032900145e-40,5.11936800058113e-15,0.999999999999995,3
"20128",4.68028401549369e-47,1.69877644064123e-10,0.999999999830122,3
"20141",4.29915997092898e-07,1.15311807644262e-06,0.999998416965926,3
"20143",0.999911770689218,4.08230557222475e-14,8.82293107413301e-05,1
"20145",9.85427547205695e-13,0.974741797460389,0.0252582025386256,2
"20147",1.08881950288214e-21,0.987674947622103,0.0123250523778974,2
"20149",0.00469971422219879,0.000154934516780443,0.995145351261021,3
"20151",0.672748744535745,0.321965789983208,0.00528546548104696,1
"20153",0.890610727976851,0.026461900935431,0.082927371087718,1
"20155",5.65228064407621e-27,0.98510211397039,0.0148978860296102,2
"20157",4.92569439326268e-07,0.804209901281851,0.19578960614871,2
"20160",0.999682985309743,2.67496370392328e-11,0.000317014663507812,1
"20162",0.999882180763575,2.85935734556083e-07,0.000117533300689958,1
"20164",5.52522138589419e-08,0.135694336563279,0.864305608184508,3
"20166",5.31385881323335e-23,0.00230521868544665,0.997694781314553,3
"20168",4.05003074180748e-22,3.69725279977245e-13,0.99999999999963,3
"20170",0.778425416254329,0.202420189198378,0.0191543945472926,1
"20172",7.76885836180538e-16,0.987146189131397,0.0128538108686027,2
"20174",0.975225901242143,0.000424349427797317,0.0243497493300596,1
"20176",5.80942280202141e-25,8.88442971933284e-09,0.99999999111557,3
"20178",0.999863475500395,1.50830972570472e-12,0.000136524498097161,1
"20181",3.27429313519561e-17,0.412571857486603,0.587428142513397,3
"20183",0.000496848394619959,0.958837720231509,0.0406654313738708,2
"20186",0.00118292233162427,0.592855926653247,0.405961151015129,2
"20188",0.993825123410813,1.38986859370253e-07,0.0061747376023279,1
"20190",5.61986101963043e-24,0.98045170515573,0.0195482948442701,2
"20193",2.11966231957041e-19,4.88924390752179e-10,0.999999999511076,3
"20195",1.37256396003059e-09,0.882075623072756,0.11792437555468,2
"20197",6.36496809207e-26,0.980396115617624,0.0196038843823758,2
"20199",0.94344125192508,0.00976334136414181,0.046795406710778,1
"20205",9.38874543647461e-21,2.69268280711509e-09,0.999999997307317,3
"20208",1.39145245368823e-10,0.975815489097548,0.0241845107633064,2
"20210",0.999580000307891,2.20823635882195e-05,0.000397917328520654,1
"20212",3.76141992657395e-05,0.683765451101068,0.316196934699666,2
"20216",1.14916416269221e-22,0.981098760914352,0.018901239085648,2
"20219",4.38800025046227e-28,0.330411775880537,0.669588224119463,3
"20223",2.21356853347781e-30,8.43499034786889e-05,0.999915650096521,3
"20226",6.55909766437138e-14,0.956693117324313,0.0433068826756218,2
"20230",2.46652222713115e-30,0.955981881565138,0.0440181184348622,2
"20233",2.70778990873633e-10,5.12886770023667e-17,0.999999999729221,3
"20235",3.46080522302398e-49,0.000891324847048353,0.999108675152952,3
"20239",7.86058376141332e-37,0.464131405277221,0.535868594722779,3
"20254",1.71860779615226e-20,3.52943066586588e-07,0.999999647056934,3
"20256",2.82685090951403e-33,0.957689775201035,0.0423102247989651,2
"20262",0.991322016002055,0.00816932364291613,0.000508660355029247,1
"20270",1.53352734858716e-20,0.277170847336761,0.722829152663239,3
"20284",2.26949367077542e-13,0.0861486349526721,0.913851365047101,3
"20287",3.936396017969e-35,0.578530711771575,0.421469288228424,2
"20290",2.47917281156171e-13,5.02519028135528e-05,0.999949748096938,3
"20293",2.42495858588484e-18,0.984714061459307,0.015285938540693,2
"20296",0.0007759412698325,0.522189658347311,0.477034400382856,2
"20301",2.35315308160581e-32,0.00253321385224343,0.997466786147757,3
"20304",1.35424406055286e-17,2.37410736587382e-07,0.999999762589263,3
"20306",5.08322911889079e-30,0.869007030081203,0.130992969918797,2
"20309",1.94102760524908e-20,0.975444531143491,0.0245554688565094,2
"20311",1.82263008931576e-34,0.867234317567139,0.132765682432861,2
"20314",0.529164455310481,0.463750587507676,0.00708495718184326,1
"20318",2.76132470702192e-06,4.03199309071635e-07,0.999996835475984,3
"20320",3.54726901570671e-14,0.351145885397769,0.648854114602196,3
"20326",2.18583156280011e-07,0.973353167147536,0.026646614269308,2
"20328",0.00249938655762603,0.810610393135264,0.18689022030711,2
"20330",3.83809480329405e-42,0.682791717729217,0.317208282270783,2
"20336",4.41884500555514e-09,0.0114821161298707,0.988517879451284,3
"20338",7.00244507826065e-39,0.000166867525850162,0.99983313247415,3
"20340",5.32389623246369e-35,0.428160176841043,0.571839823158957,3
"20342",9.40422186532939e-43,9.28886003869251e-18,1,3
"20344",4.32932285665238e-24,0.976351897687324,0.0236481023126756,2
"20349",1.17734825265509e-26,0.965435678661077,0.0345643213389229,2
"20351",8.40577780504139e-20,0.945177028180336,0.0548229718196637,2
"20353",1.40595720910527e-34,0.810524472545483,0.189475527454517,2
"20357",9.68000528514423e-22,2.6448505901294e-07,0.999999735514941,3
"20360",1.92717296338823e-50,6.7098363071732e-12,0.99999999999329,3
"20364",3.11955156100337e-13,0.97560150136865,0.0243984986310382,2
"20366",2.37450764505171e-11,6.24124077536898e-06,0.99999375873548,3
"20381",2.28437726337196e-20,2.15321455494478e-11,0.999999999978468,3
"20391",3.00763598231314e-18,0.000766891200022116,0.999233108799978,3
"20394",1.08958256914314e-09,0.949689515763643,0.0503104831467749,2
"20396",0.994004367642901,6.10188277759081e-06,0.00598953047432147,1
"20409",7.05857987842344e-13,0.910624551389932,0.0893754486093616,2
"20411",2.00269167209931e-30,0.757125149876726,0.242874850123274,2
"20416",2.83908919113853e-33,3.69624361917329e-09,0.999999996303756,3
"20418",0.999612149852905,2.76131923060758e-08,0.00038782253390244,1
"20420",4.28168592622197e-06,8.53572096624344e-12,0.999995718305538,3
"20422",7.35883663705142e-33,0.940158933206163,0.0598410667938375,2
"20424",1.0621271002405e-26,0.930541478407759,0.0694585215922411,2
"20426",5.21012560287958e-07,2.69042068789495e-19,0.99999947898744,3
"20428",1.44701705866028e-24,0.950921907854993,0.049078092145007,2
"20431",2.45132083597606e-14,0.813380425232938,0.186619574767037,2
"20433",1.97573088781075e-33,0.00621784416956233,0.993782155830438,3
"20436",2.19004811275911e-29,7.63254491830305e-09,0.999999992367455,3
"20439",0.984777512076686,0.000154250352614809,0.0150682375706989,1
"20441",4.10756417782927e-21,2.01716716401287e-06,0.999997982832836,3
"20444",0.999975201294001,4.15089332363735e-11,2.47986644903477e-05,1
"20448",2.26798818233213e-24,0.0221149939385576,0.977885006061442,3
"20536",0.60249509500857,0.0811050156077714,0.316399889383658,1
"20538",1.62819690881581e-16,0.00369177573434775,0.996308224265652,3
"20541",3.08325258434515e-31,0.721760066846236,0.278239933153764,2
"20544",2.12608694145472e-16,0.981188185101169,0.0188118148988308,2
"20546",2.67675608890309e-19,0.971052267089507,0.0289477329104936,2
"20550",7.39358295632209e-25,0.841559126798507,0.158440873201493,2
"20553",2.23778400638949e-31,1.28008675208664e-18,1,3
"20555",1.73662631499677e-07,3.88300481254612e-13,0.99999982633698,3
"20557",5.34220943092195e-18,0.79547443747249,0.20452556252751,2
"20559",1.87981333170213e-17,0.987168901047457,0.0128310989525425,2
"20561",0.0388956866867822,0.907890601081977,0.0532137122312404,2
"20564",0.999863475500395,1.50830972570472e-12,0.000136524498097161,1
"20566",1.70847549022378e-10,0.94384102486266,0.0561589749664924,2
"20569",0.809114576312408,0.162140017398573,0.0287454062890186,1
"20572",0.978059709013488,0.00120330901661214,0.0207369819698999,1
"20574",8.37152552092367e-28,0.974137794306572,0.0258622056934282,2
"20576",0.982597856451039,7.61993509785824e-07,0.0174013815554508,1
"20578",3.53868724985088e-15,0.986071609534462,0.0139283904655349,2
"20580",1.05309454910275e-10,0.983621100500011,0.0163788993946793,2
"20583",0.993951052700195,3.48496014645089e-08,0.00604891245020395,1
"20586",2.57386281226748e-16,0.980672494512042,0.0193275054879578,2
"20589",6.56131708206735e-30,0.980865787547779,0.0191342124522209,2
"20591",1.2172412958163e-11,0.0201570677117315,0.979842932276096,3
"20593",1.70610778702097e-36,0.536523810914449,0.463476189085551,2
"20595",4.00364935643688e-20,0.986204194925506,0.0137958050744936,2
"20597",0.999693686568768,1.16766883012652e-11,0.00030631341955483,1
"20599",0.998830927586531,1.07957425951621e-10,0.00116907230551198,1
"20601",0.00222516585335878,0.982508890230718,0.0152659439159231,2
"20604",3.59881644270527e-25,0.967562856087851,0.0324371439121489,2
"20606",1.04770967227678e-28,0.98216812624711,0.0178318737528898,2
"20608",1.5946772103382e-22,0.972471876350111,0.0275281236498889,2
"20610",0.0013344416766771,0.00262064548200437,0.996044912841319,3
"20612",1.8887032314452e-36,1.23509181891924e-17,1,3
"20614",0.998837031426998,5.27505781723768e-05,0.00111021799482998,1
"20616",4.04848496584314e-24,0.932109068523038,0.0678909314769621,2
"20618",1.07012085523858e-24,3.42153702699889e-07,0.999999657846297,3
"20620",3.6766132201162e-29,0.521372419018261,0.478627580981739,2
"20622",0.985119012031143,4.1482117518434e-05,0.0148395058513388,1
"20624",2.03937241876008e-30,0.661423934608334,0.338576065391666,2
"20626",8.32907661327273e-28,0.0653423645979034,0.934657635402097,3
"20628",2.76496900895453e-25,0.142834688896866,0.857165311103134,3
"20630",1.86577900741594e-17,0.962888571426151,0.037111428573849,2
"20632",0.999598433485439,5.75674066603761e-08,0.000401508947154162,1
"20634",5.04036229376775e-27,0.985376076698153,0.0146239233018476,2
"20637",3.71267652729227e-17,3.0507176223478e-05,0.999969492823777,3
"20639",0.999984782602548,1.12964583260874e-05,3.92093912621209e-06,1
"20644",1.13452466039548e-46,1.05226164552106e-18,1,3
"20646",5.39102357100311e-53,1.5486301697818e-07,0.999999845136983,3
"20648",0.991515813738677,0.00828571734534163,0.000198468915981274,1
"20650",4.3969240415006e-30,0.00726268964457303,0.992737310355427,3
"20653",1.21625982741153e-19,0.390543197320769,0.609456802679231,3
"20658",4.18322664382445e-21,0.787944604291972,0.212055395708028,2
"20661",5.51370659245954e-23,7.89284344578305e-09,0.999999992107157,3
"20663",4.90183615512973e-09,0.986522320468817,0.0134776746293469,2
"20665",0.897279943587026,7.4227235867197e-09,0.102720048990251,1
"20667",1.34756446368247e-33,0.479894433323144,0.520105566676856,3
"20669",0.988543737851295,1.74919260954204e-08,0.0114562446567787,1
"20671",4.32128551283968e-15,0.110648833869773,0.889351166130222,3
"20673",0.999366537266408,9.47210790869209e-12,0.000633462724119889,1
"20675",0.00712663595569285,0.655546483751859,0.337326880292448,2
"20677",6.12920229820845e-15,0.9783120203778,0.021687979622194,2
"20679",0.963280934300247,1.12711765180117e-07,0.0367189529879884,1
"20681",0.998761994058777,0.000647962535856443,0.00059004340536703,1
"20683",1.10858056884528e-11,0.955083070455794,0.0449169295331206,2
"20685",1.8778862676976e-12,2.61151101800355e-12,0.999999999995511,3
"20687",0.999866976020251,7.21010419899265e-05,6.09229377590919e-05,1
"20689",4.71353809197342e-38,3.3574310672337e-17,1,3
"20691",0.999975080850792,7.84192560843166e-10,2.4918365015821e-05,1
"20693",6.16618354796647e-33,0.821692313823109,0.178307686176891,2
"20695",0.000718704339747699,0.975498356689275,0.0237829389709772,2
"20697",2.86981441888459e-18,0.974368568164392,0.0256314318356079,2
"20699",1.40195432028872e-07,0.973551662493129,0.0264481973114385,2
"20701",5.08917460946115e-21,0.972483439436071,0.0275165605639294,2
"20703",4.80759831189474e-16,3.82412786765911e-14,0.999999999999961,3
"20705",3.74323036113743e-26,0.959733196792556,0.0402668032074445,2
"20707",0.317560218588201,0.665122600797338,0.0173171806144614,2
"20709",4.31964248019055e-13,0.407798453441715,0.592201546557853,3
"20713",4.27340271881514e-12,0.000241738716832662,0.999758261278894,3
"20715",1.19063411381394e-21,4.35179397672061e-11,0.999999999956482,3
"20717",0.996293505999205,0.0035778628406574,0.000128631160137917,1
"20720",1.94966252409292e-45,0.946030157133332,0.0539698428666682,2
"20722",5.3240723887397e-11,0.973137137023578,0.0268628629231817,2
"20724",0.98543113564993,0.0140438329753584,0.0005250313747121,1
"20726",2.35737264297023e-38,0.884791815937641,0.115208184062359,2
"20728",0.998430878645488,0.00125126136462342,0.000317859989888318,1
"20730",0.191868306166141,0.78138358849096,0.0267481053428984,2
"20732",4.17781827330971e-31,0.00723968859350809,0.992760311406492,3
"20734",6.69219284580086e-11,0.972868329267544,0.0271316706655341,2
"20736",0.997931953736984,0.00166115453324325,0.000406891729772435,1
"20738",3.57021595868022e-64,1.70501909769328e-09,0.999999998294981,3
"20740",6.53644449340204e-12,0.00772046069919403,0.99227953929427,3
"20742",0.39043498623107,0.19686936062327,0.41269565314566,3
"20744",0.998367812563705,1.85056068510748e-06,0.00163033687561,1
"20746",2.03216749265268e-05,0.988673434037452,0.011306244287621,2
"20748",0.991384462633383,0.00764408331811753,0.000971454048499933,1
"20750",0.0243524963462708,0.914655927837417,0.0609915758163123,2
"20752",2.826026709781e-16,0.982738209552294,0.0172617904477056,2
"20754",0.979139369517599,4.58904301766771e-10,0.0208606300234971,1
"20756",4.03790548097939e-09,0.968121440272839,0.0318785556892555,2
"20758",1.63374300796695e-19,9.77800930876556e-06,0.999990221990691,3
"20760",0.994599478865962,0.00461430940699835,0.000786211727040002,1
"20762",0.999108182930026,1.24325762181538e-10,0.000891816945647913,1
"20764",0.843923654376627,0.00307777655515832,0.152998569068215,1
"20766",0.993656803443433,0.00604303386222409,0.000300162694343088,1
"20768",0.175185155950252,0.76877187862161,0.056042965428138,2
"20770",1.40999519229886e-05,0.0651507083647619,0.934835191683315,3
"20772",2.32785966942671e-24,0.976665678525325,0.0233343214746745,2
"20774",5.98397924675393e-42,2.17810314137304e-05,0.999978218968586,3
"20776",0.0584869867191085,0.852188789056907,0.0893242242239851,2
"20778",5.18210104555235e-44,4.52322207776937e-10,0.999999999547678,3
"20780",4.97751962836019e-06,8.28688628228886e-13,0.999995022479543,3
"20782",0.0844599143147338,5.41862335973587e-10,0.915540085143404,3
"20784",0.995088552475717,8.38491009255229e-09,0.00491143913937316,1
"20786",0.237880081695255,1.36367191716289e-10,0.762119918168378,3
"20788",0.156750521287103,0.823674103485542,0.019575375227355,2
"20790",0.188711653683132,0.132463160056918,0.678825186259951,3
"20792",3.80483336998955e-11,0.886957008126065,0.113042991835887,2
"20794",0.970509196513158,0.00123308818077884,0.0282577153060632,1
"20796",1.00158597542895e-23,0.983217622472775,0.0167823775272247,2
"20798",0.999863475500395,1.50830972570472e-12,0.000136524498097161,1
"20801",3.05082061681689e-07,0.000316248055312465,0.999683446862626,3
"20803",7.17623571289795e-09,0.956338582087532,0.0436614107362324,2
"20805",2.60263250588212e-12,0.97812782080437,0.0218721791930276,2
"20807",0.999863475500395,1.50830972570472e-12,0.000136524498097161,1
"20809",9.97109236089142e-12,0.132994138652317,0.867005861337712,3
"20811",1.23448965378145e-27,0.00193027057270978,0.99806972942729,3
"20813",1.01463775731022e-29,0.674533717791528,0.325466282208472,2
"20815",0.998610095290048,2.04276536747291e-17,0.0013899047099523,1
"20817",0.952607506525728,0.0459512424736235,0.00144125100064883,1
"20819",3.11027670631668e-06,0.97072803682616,0.0292688528971337,2
"20821",1.06246250794321e-34,1.60232295183766e-10,0.999999999839768,3
"20823",1.0219662172068e-11,0.983888868310295,0.0161111316794853,2
"20825",0.997225286938371,0.00260906193462255,0.000165651127006837,1
"20827",1.50995014654561e-05,0.327591745399015,0.67239315509952,3
"20829",1.11092203278134e-48,0.374354308880041,0.625645691119959,3
"20831",0.959026293341302,0.0387705049433774,0.00220320171532087,1
"20833",0.998292549836256,8.86401399574671e-16,0.00170745016374342,1
"20835",0.978611578725539,0.0198857226091176,0.0015026986653435,1
"20837",0.832728004695359,0.162647305166219,0.00462469013842242,1
"20839",0.941575095873322,0.0566143523232813,0.00181055180339675,1
"20841",2.07569750011536e-24,0.119110184861254,0.880889815138746,3
"20843",0.0452817684475483,0.932734569761696,0.0219836617907559,2
"20845",1.18159320657521e-09,0.644744422832159,0.355255575986248,2
"20847",6.83796638790497e-28,0.966520798311897,0.0334792016881033,2
"20849",5.18053171641038e-17,0.964981076420654,0.035018923579346,2
"20851",1.76113333083471e-15,0.977421922928792,0.0225780770712059,2
"20853",1.48969067046284e-22,0.607640423340165,0.392359576659835,2
"20855",1.07858237447809e-47,0.469233111613814,0.530766888386186,3
"20857",4.17021943762018e-10,0.96536229028972,0.0346377092932582,2
"20859",4.006653893753e-18,0.987950856792172,0.0120491432078279,2
"20861",2.3117350350911e-12,3.65107575441411e-09,0.999999996346613,3
"20863",0.988627890819757,0.00869878545337578,0.00267332372686682,1
"20865",0.76351464102023,0.143991608626488,0.0924937503532822,1
"20867",2.70353920993594e-39,0.000518412891202664,0.999481587108797,3
"20869",0.0738503845566816,0.827565053682687,0.0985845617606314,2
"20871",5.7178442214854e-28,0.0147743381435878,0.985225661856412,3
"20873",5.26162563223638e-24,0.554685397718332,0.445314602281668,2
"20875",3.24805610292717e-32,0.961913800694293,0.0380861993057066,2
"20878",3.60142224427636e-10,1.96746826382724e-14,0.999999999639838,3
"20880",0.484403184337213,1.31984624015535e-13,0.515596815662655,3
"20882",1.14031801965733e-30,0.853018372192213,0.146981627807787,2
"20884",0.993159004657677,0.00664605919044155,0.000194936151881697,1
"20886",0.963270032349342,0.0354659822186909,0.00126398543196748,1
"20888",0.984283909881571,3.88185922050204e-08,0.0157160512998367,1
"20890",0.912226855178089,0.0862534124933506,0.00151973232856057,1
"20892",3.18848467287293e-16,0.933892510849751,0.0661074891502483,2
"20897",3.08135109658303e-15,0.923891421930868,0.0761085780691287,2
"20899",8.68414332909202e-12,0.979467553189514,0.0205324468018022,2
"20901",4.67537624306029e-50,5.69241089522257e-17,1,3
"20903",2.75281106914215e-30,9.54449029687608e-09,0.99999999045551,3
"20905",4.57643597227589e-65,2.04905050227351e-09,0.99999999795095,3
"20907",3.30338000223001e-25,0.485117953767491,0.514882046232509,3
"20909",2.71690885605411e-28,0.53444381504437,0.465556184955631,2
"20911",1.98150505761366e-44,4.91155060643916e-21,1,3
"20913",1.07220482511255e-11,0.93821675828652,0.061783241702758,2
"20962",7.76272633961802e-15,0.989693387781392,0.0103066122186005,2
"20969",3.92330085753224e-14,0.782725735065197,0.217274264934763,2
"20980",1.2077727689336e-21,0.96579539242776,0.0342046075722402,2
"20982",4.86863589551916e-20,0.987431233025494,0.0125687669745064,2
"20984",8.80104705157147e-19,0.315008181189177,0.684991818810823,3
"20994",9.02573781989147e-21,0.939746107732883,0.0602538922671165,2
"21015",0.0686702408327115,0.000755685051135217,0.930574074116153,3
"21023",1.76984406524072e-25,0.847952532454371,0.152047467545629,2
"21040",1.18502695966726e-23,0.0779683629260716,0.922031637073928,3
"21073",6.51868689634182e-15,0.647139135803802,0.352860864196191,2
"21222",0.0110350685441493,0.953062040764501,0.0359028906913493,2
"21224",2.36824718992538e-05,0.975849096027834,0.0241272215002668,2
"21228",6.8262240208337e-25,8.84063677152099e-06,0.999991159363229,3
"21232",3.35463386777432e-26,0.942746950087525,0.0572530499124752,2
"21237",9.77493335622043e-36,0.00100369878311452,0.998996301216885,3
"21240",0.99715111235462,0.00269620252878705,0.000152685116592632,1
"21245",0.991804788402288,0.00770700147062712,0.00048821012708447,1
"21252",9.45862810434127e-24,0.855850230597015,0.144149769402985,2
"21254",2.4206142202293e-37,0.512533330392266,0.487466669607734,2
"21258",8.09759774778795e-31,0.3980436811801,0.6019563188199,3
"21264",3.1633388618609e-05,0.977535236573745,0.0224331300376361,2
"21305",8.92891588526735e-16,0.115585913697419,0.88441408630258,3
"21333",1.70657161869875e-15,0.970960586708971,0.029039413291027,2
"21366",7.35184823318516e-07,0.962723714429785,0.0372755503853914,2
"21377",0.00761614604390754,0.00177863060131055,0.990605223354782,3
"21380",1.12545461665828e-22,2.05851081227007e-11,0.999999999979415,3
"21387",1.35200910590169e-23,1.02035592179817e-21,1,3
"21390",1.81686557354036e-25,0.932062433608574,0.067937566391426,2
"21392",4.41674071018002e-14,0.949348461745532,0.0506515382544237,2
"21403",3.80513932231823e-28,0.747765483355982,0.252234516644019,2
"21408",4.05159471308086e-23,0.965578594094978,0.0344214059050221,2
"21412",1.53598870645982e-16,3.99683181258652e-06,0.999996003168187,3
"21421",6.42312931369265e-11,0.980690169193387,0.0193098307423818,2
"21424",1.61507232631778e-21,0.000167545796870404,0.999832454203129,3
"21429",6.58341411733427e-17,0.972847424969565,0.0271525750304344,2
"21431",2.73813385704236e-12,0.971475032148557,0.0285249678487049,2
"21436",4.81596935113721e-06,1.24689317041777e-05,0.999982715098945,3
"21439",3.31771860627211e-19,0.98539542573209,0.01460457426791,2
"21442",7.81754984589918e-15,0.919579525159204,0.0804204748407887,2
"21444",0.998013074203212,0.00126074976434837,0.000726176032439247,1
"21446",1.21669052896376e-07,2.25972183075571e-15,0.999999878330945,3
"21448",4.26620004961334e-11,1.6349298035311e-19,0.999999999957338,3
"21450",1.01853901536609e-32,0.549777698727804,0.450222301272196,2
"21452",4.68147732657376e-28,0.86809503898462,0.13190496101538,2
"21466",5.10287549055023e-29,0.66380399806652,0.33619600193348,2
"21470",2.98983347142796e-20,0.967630597683951,0.0323694023160486,2
"21472",2.91495660388355e-23,0.957071134044759,0.0429288659552408,2
"21474",9.80567835707621e-17,0.87914443244309,0.12085556755691,2
"21477",2.19685877728206e-05,4.97300341936873e-08,0.999977981682193,3
"21480",6.17672675062515e-34,4.69291431869905e-09,0.999999995307086,3
"21483",0.982765193905252,0.0166612037659918,0.00057360232875626,1
"21491",2.16854643134397e-05,0.954485374809606,0.0454929397260806,2
"21494",6.1967200169362e-50,1.05243190128923e-20,1,3
"21499",4.79847635172082e-45,0.000106782088737466,0.999893217911263,3
"21501",5.22602759020247e-24,0.00045859680837945,0.999541403191621,3
"21506",8.54060457852393e-23,0.987368109648883,0.0126318903511171,2
"21511",1.55846382365446e-29,0.00019290693293665,0.999807093067063,3
"21513",1.42339398253541e-13,0.0451747122352524,0.954825287764605,3
"21521",8.91232500534083e-14,0.659868776139628,0.340131223860282,2
"21523",2.2286636312113e-09,0.946308731598183,0.0536912661731536,2
"21525",4.69461334966517e-07,0.930634958325449,0.0693645722132159,2
"21531",7.87229662722719e-27,0.976683901730854,0.0233160982691462,2
"21536",9.69017304566372e-15,0.969751961862304,0.0302480381376861,2
"21544",9.63868482763909e-15,0.984608584539231,0.0153914154607591,2
"21547",5.75894559899741e-17,0.92179851167561,0.0782014883243895,2
"21551",8.99952410358595e-19,0.00525513109848832,0.994744868901512,3
"21556",5.69351484412973e-34,0.850093403824823,0.149906596175177,2
"21559",7.08392947677963e-10,2.44148402943552e-11,0.999999999267192,3
"21563",1.24623692683483e-25,0.0657548265999271,0.934245173400073,3
"21565",8.68933496815663e-23,0.989766187149403,0.0102338128505969,2
"21568",9.91369130644901e-38,0.882650705536159,0.117349294463841,2
"21572",1.64713856235775e-36,0.398477042261853,0.601522957738147,3
"21575",4.61432523477995e-41,0.00361416120246103,0.996385838797539,3
"21577",0.00385637059217503,0.982003791276631,0.0141398381311937,2
"21579",2.87409437515411e-09,0.967009714215467,0.0329902829104391,2
"21581",0.999863475500395,1.50830972570472e-12,0.000136524498097161,1
"21584",0.000283859546441759,4.18681774797058e-09,0.999716136266741,3
"21586",0.000370350524980307,0.989843493577674,0.00978615589734555,2
"21588",6.24482914765852e-20,0.509806548274344,0.490193451725656,2
"21590",1.84386128468837e-26,0.870008249523346,0.129991750476654,2
"21594",5.46678550450418e-08,8.53746666611364e-32,0.999999945332145,3
"21596",0.820599645420386,0.174456095803767,0.00494425877584708,1
"21598",4.42599440390656e-38,2.10498740265741e-05,0.999978950125973,3
"21600",0.989921719239095,0.00850970965652277,0.00156857110438221,1
"21602",3.61339131721725e-18,0.961517909804334,0.0384820901956657,2
"21604",3.16600782230458e-15,0.97339810464291,0.0266018953570868,2
"21606",0.995360165053716,0.0014502939947591,0.0031895409515245,1
"21608",1.25469773015949e-17,0.454613351053042,0.545386648946958,3
"21611",4.01593590977795e-28,0.000776181297821181,0.999223818702179,3
"21613",2.10762089450808e-10,0.983983154155976,0.0160168456332616,2
"21615",2.40983852692436e-07,0.946230180763343,0.0537695782528047,2
"21617",0.0593040036855867,0.91502450558837,0.0256714907260431,2
"21619",2.1293843376228e-11,0.984896776883544,0.0151032230951619,2
"21621",0.258046211625439,1.31556308431775e-09,0.741953787058998,3
"21623",0.0312948691987311,0.933289565397199,0.0354155654040699,2
"21625",0.999831809132855,2.82642575772045e-08,0.00016816260288751,1
"21627",4.75617800517998e-10,0.825229687128255,0.174770312396128,2
"21629",0.999496399699957,0.000466893086638166,3.67072134051902e-05,1
"21631",0.999573843712314,8.79254384304047e-05,0.000338230849255361,1
"21633",2.27281393851905e-25,0.153196453973558,0.846803546026442,3
"21635",4.60539960989025e-49,0.0522550587038533,0.947744941296147,3
"21637",5.44353301614253e-26,0.452119383638249,0.547880616361751,3
"21639",1.60233306077819e-27,0.812528989373714,0.187471010626286,2
"21641",7.58558030334077e-16,0.191518759123697,0.808481240876303,3
"21643",7.87588436970013e-27,0.919215290437845,0.0807847095621549,2
"21645",0.996319519956036,0.00356075874724462,0.000119721296719288,1
"21648",6.60942632783285e-10,0.965326871487625,0.0346731278514328,2
"21650",1.73110534662589e-35,3.68694932175775e-19,1,3
"21652",1.64083046692736e-20,0.975064220987788,0.0249357790122122,2
"21654",2.03191597532891e-24,2.568289399218e-11,0.999999999974317,3
"21656",0.101539332079736,0.61275523445358,0.285705433466684,2
"21658",0.999732623831439,1.29735244055735e-11,0.000267376155587732,1
"21660",0.00686104346699417,6.74641746342763e-14,0.993138956532938,3
"21662",1.3018361753068e-06,1.09652439588159e-08,0.999998687198581,3
"21664",0.995449177212725,0.00434065959958224,0.000210163187692392,1
"21666",1.1594447505479e-36,3.34541095742714e-12,0.999999999996655,3
"21668",0.382256606085184,0.591562892317238,0.0261805015975776,2
"21671",1.06970379309924e-21,0.882742668106943,0.117257331893058,2
"21673",9.39150411525967e-06,7.09513158637727e-05,0.999919657180021,3
"21675",5.26980833726056e-15,0.739728510243521,0.260271489756474,2
"21677",4.46470525856401e-24,0.986212779050533,0.0137872209494666,2
"21679",0.0295828252862887,0.000521462936139438,0.969895711777572,3
"21681",1.26075294319673e-11,0.691492870202916,0.308507129784476,2
"21686",4.96296158782234e-26,0.92827451641926,0.07172548358074,2
"21689",2.50683461527305e-25,0.942062337743362,0.0579376622566382,2
"21706",8.68054511525937e-18,0.981731065941854,0.0182689340581457,2
"21708",6.60592204981323e-22,0.971174569369265,0.028825430630735,2
"21711",2.14921250129752e-12,0.986061525627805,0.0139384743700458,2
"21716",9.35123572142759e-45,1.90706893579285e-15,0.999999999999998,3
"21719",8.60659208392856e-06,0.946570036895971,0.0534213565119455,2
"21722",3.9863411756498e-18,0.98792410356062,0.0120758964393801,2
"21725",8.03041522852229e-09,0.978928896253814,0.0210710957157711,2
"21728",2.05729438440392e-30,0.754054373087272,0.245945626912728,2
"21732",1.47157180187245e-23,0.980323196242863,0.0196768037571373,2
"21734",1.37054005031325e-27,0.928209639485747,0.0717903605142533,2
"21737",0.941719722544662,0.0573027824010546,0.000977495054283379,1
"21740",7.66688602426008e-14,5.13675492132124e-12,0.999999999994787,3
"21742",4.20646368754215e-29,2.68196065580069e-17,1,3
"21745",7.59316483932989e-26,0.840931954734099,0.159068045265901,2
"21747",2.41257579004374e-17,0.00237774641180159,0.997622253588198,3
"21749",2.86761504386181e-07,0.805103668651638,0.194896044586858,2
"21751",5.83032691362173e-24,0.966559671839337,0.0334403281606629,2
"21753",2.7306273335931e-16,0.0107398359169803,0.989260164083019,3
"21756",1.15314532371551e-23,0.983158558984012,0.0168414410159881,2
"21759",9.53572560698342e-23,0.766073994247645,0.233926005752355,2
"21761",8.76966153636207e-23,0.953613588146136,0.0463864118538643,2
"21763",1.40044264141631e-13,0.0224538639991916,0.977546136000668,3
"21765",8.84224069287957e-19,2.40019640207955e-08,0.999999975998036,3
"21767",8.59737351802738e-38,0.859577447010165,0.140422552989835,2
"21769",2.94279478994049e-36,0.000119223371837607,0.999880776628163,3
"21771",2.64075861479221e-21,0.978296082192979,0.0217039178070212,2
"21774",0.255123150484317,0.717608889737979,0.0272679597777037,2
"21776",1.48323780832964e-34,0.501180820652307,0.498819179347693,2
"21778",1.18582089607727e-19,0.745340565680087,0.254659434319913,2
"21780",9.0474500424487e-20,3.05418834461493e-29,1,3
"21783",3.08380181188356e-18,0.984217473113872,0.0157825268861286,2
"21785",1.10772467483045e-14,0.84772954279681,0.152270457203178,2
"21788",4.0385794514419e-21,0.976442424498713,0.0235575755012868,2
"21790",4.97111795689768e-33,0.173722441626725,0.826277558373275,3
"21793",4.63895813758688e-31,0.926566775878762,0.0734332241212381,2
"21796",5.13090292861925e-12,0.947650389163791,0.0523496108310781,2
"21798",2.02419189907428e-17,3.61797616526544e-08,0.999999963820238,3
"21801",1.80436031091528e-37,0.386357620641899,0.613642379358101,3
"21803",4.79703375335848e-20,0.970425161965081,0.0295748380349189,2
"21805",2.48783075945575e-40,7.82147475932658e-10,0.999999999217853,3
"21807",2.6634077892102e-20,3.23291110544731e-07,0.99999967670889,3
"21810",1.37650073132179e-20,0.927966791055173,0.0720332089448274,2
"21812",2.47571868080025e-40,4.00737517130621e-08,0.999999959926248,3
"21816",6.1712386187182e-23,0.970587132667295,0.0294128673327048,2
"21819",3.85315717356679e-35,1.54383527505049e-08,0.999999984561647,3
"21821",3.21446462281354e-27,5.08300381404558e-09,0.999999994916996,3
"21823",0.878104078646496,0.0229585714567777,0.0989373498967262,1
"21825",7.53557669083075e-22,0.985703307881983,0.0142966921180167,2
"21827",4.51926412219902e-36,0.000122504534205928,0.999877495465794,3
"21829",2.20875307018291e-23,0.53414200239163,0.46585799760837,2
"21832",7.70356639076321e-15,0.000323684517080911,0.999676315482911,3
"21834",4.31221828585535e-32,0.802714798166414,0.197285201833586,2
"21836",4.31221828585535e-32,0.802714798166414,0.197285201833586,2
"21839",0.17200244478001,0.773621063567669,0.0543764916523212,2
"21841",1.46174091302065e-22,1.37902592724825e-05,0.999986209740728,3
"21843",0.996775802831446,0.0026502044729105,0.000573992695643249,1
"21846",1.48625677096246e-29,0.000144336909807377,0.999855663090193,3
"21848",9.96830131270133e-40,0.00149554352818504,0.998504456471815,3
"21850",3.24319315984715e-09,0.986715451439701,0.0132845453171055,2
"21853",4.44658808499115e-23,6.17096062951547e-12,0.999999999993829,3
"21855",0.999748205190584,4.71165951354602e-09,0.000251790097756161,1
