"","V1","V2","V3","V4","V5","V6","V7","V8","best$classification"
"19811",0.000275942641322577,0.000361515776355584,0.964971331011647,0.0020674440896128,8.9914688159036e-10,1.02290155152853e-07,0.0323028115789752,2.08517127850343e-05,3
"19813",8.31176722807113e-07,2.05891936726543e-08,9.64198683527503e-06,6.88006731218026e-07,7.41129684245773e-12,1.65697377872592e-08,0.999988740380909,6.12824586847373e-08,7
"19815",0.0100149177602433,5.55422113789433e-06,0.942004598570705,0.0463057667772223,3.84561001788791e-05,1.08817768629816e-05,1.10550282601067e-06,0.00161871929082357,3
"19817",0.00222540513280663,0.000273168179922498,0.992425358984873,0.00497700975742177,2.71415643696392e-07,2.2818648471894e-07,3.62861682593477e-06,9.49297260216555e-05,3
"19819",0.143361404556879,1.11715937713134e-07,2.54823165875171e-06,2.76174217112117e-05,0.660275971660002,0.196261673900896,8.37499302605873e-11,7.06724291653372e-05,5
"19821",0.00463569161314286,0.011162465039363,0.973503685156045,0.000645776674796362,9.53607864115197e-09,9.46227811359234e-06,0.0100420780176124,8.316848483267e-07,3
"19823",0.00213728905406891,5.29029033630065e-05,0.420924386855384,0.000622510770256,0.00123430118534777,1.05548576351027e-06,9.31323170887815e-07,0.575026622422645,8
"19825",0.00858573893592088,0.904186366819099,0.000725238904375775,0.0032506482358929,0.000105970200138702,0.0802890160023947,0.0028503509759561,6.6699262216221e-06,2
"19827",0.00304538727076777,0.315113587135138,0.681514337084885,7.87956342099231e-05,4.60028784870894e-06,1.61670788288947e-06,2.51724756698958e-07,0.000241424154511134,3
"19829",0.917727257380342,0.00493859574737134,0.000353594140754624,0.000279036624571438,0.000121935504506505,0.0765778761778756,1.59869275345326e-06,1.05731825267561e-07,1
"19831",0.814570198627187,1.56563692178857e-07,1.86871914241902e-05,8.32036179077125e-05,0.10186000240019,0.0809950459282056,3.38657849361469e-07,0.00247236701354415,1
"19833",7.86003461030443e-07,2.10657538466405e-05,2.43488945589601e-07,0.00119994681593557,0.147843472683067,1.99796697008699e-05,1.69670143175972e-06,0.850912808883611,8
"19835",0.00463569161314286,0.011162465039363,0.973503685156045,0.000645776674796362,9.53607864115197e-09,9.46227811359234e-06,0.0100420780176124,8.316848483267e-07,3
"19837",0.0148931708717818,0.0163717008839472,0.968595788822252,0.000118367931961181,3.89459866980791e-07,1.92010560122825e-06,1.67217396218046e-06,1.69897506277641e-05,3
"19839",0.727920533985438,0.0293106682855975,0.00125862816616402,0.00205542008950476,1.26847422010031e-05,0.237966851451748,0.00147438759342736,8.25685919891154e-07,1
"19841",1.65861109184195e-06,0.999969001846711,5.98748699815375e-06,2.90048533208402e-08,1.94714436439689e-09,1.66252213354623e-06,2.1657074632641e-05,1.5064349156124e-09,2
"19843",0.0294686804821135,6.93473581424221e-09,1.50433748169955e-06,0.00259492753849229,2.1256968608558e-05,0.95766126997869,0.0102520866913977,2.6706848057785e-07,6
"19845",1.06689122838413e-05,5.51540295188965e-06,0.0614319130284746,0.000184169414299498,2.68158322628111e-10,1.92521147835048e-08,0.938348102169088,1.96115526286994e-05,7
"19847",0.0453141700762265,7.49077352801141e-06,0.900620084208885,0.0455723902575085,3.29838272767258e-06,7.33019693900815e-05,0.00770760321497756,0.000701661116756211,3
"19849",9.78965029950136e-08,4.97360053410319e-08,3.03978000729734e-05,1.48205148738471e-07,1.49519466473542e-12,1.29745516718776e-09,0.999969231128427,7.39348927686958e-08,7
"19851",0.000490137928489952,1.1960744422513e-05,0.997632345476243,0.00154514588124695,1.82147778945171e-07,7.41803602867616e-08,1.01345534397194e-05,0.000310019088018729,3
"19853",7.25093915296291e-06,0.000136294796948557,0.916671720030139,0.000127099923549664,9.52733779651976e-08,1.00323972632234e-09,0.00862534452006199,0.0744321935135307,3
"19855",0.000104846571197143,0.00134253286492375,0.997478272278202,0.000196890844144115,1.30049151926916e-08,3.05593284127444e-09,0.00047704544298813,0.000400395937697032,3
"19857",0.140160648937167,0.0135966724062361,0.817014576809306,0.0140938766393533,6.2430431896847e-08,6.29899593263647e-05,0.0150659092130212,5.26360515875574e-06,3
"19859",0.0233795654127966,0.0082903887637306,0.963224145005543,0.00451252117396858,3.91292410833363e-06,3.18980574310248e-06,8.95087913202056e-06,0.000577326034977262,3
"19861",0.00030221157585086,1.43153976870446e-05,0.882824223392669,0.000869507786521709,3.79794366936285e-09,9.89399427847535e-08,0.115837648375678,0.000151990733707111,3
"19863",3.03551715001526e-08,0.00591619233783886,1.69432507462506e-05,2.44140017140227e-07,3.60752474234773e-12,5.47555687350902e-09,0.994066554214197,3.022286540009e-08,7
"19865",3.83602819608109e-06,0.997916209480157,0.00207561072191043,3.698897000672e-06,9.45845248539589e-10,3.79964903152245e-08,5.83467737220091e-07,2.24626630984731e-08,2
"19867",0.00372216110192501,1.01817354920069e-06,0.969937391415642,0.0200002358087046,5.32631957396594e-07,8.43169970384456e-06,0.00602077035369042,0.000309458814827852,3
"19869",7.95925978138452e-07,2.02868464466475e-05,0.00657371777658613,1.3500685294037e-06,3.51174945969751e-12,8.15552554967713e-10,0.993403200196962,6.48366433571545e-07,7
"19871",0.0734177035730746,0.0298587442341291,0.895056300130067,0.00148476894511157,7.00566837274315e-06,7.91357990960749e-06,1.21694458755304e-06,0.000166346924748064,3
"19874",6.53577795837398e-05,0.731794782846609,0.267540425276575,0.000540183267561186,1.40267331810003e-07,8.65419865935822e-08,2.85805657509633e-06,5.61659637783758e-05,2
"19876",2.79024895035891e-05,0.124137053397624,0.875651165371364,2.02232384876439e-05,7.98838315524339e-10,3.40008113081171e-09,0.000155060659307308,8.59064479375986e-06,3
"19878",0.000162740303628795,1.27205900849332e-06,0.000196008464414683,0.996891107048154,2.07017700438151e-05,0.00272437449824397,2.55824218935107e-06,1.23761431673129e-06,4
"19880",2.81735525962426e-07,0.998338833011165,0.00165401833561629,8.70000074957484e-08,5.49655571589347e-11,5.47859639705213e-10,6.71039484636285e-06,6.89200139355941e-08,2
"19882",5.65319672602883e-05,0.000550767439110326,0.778815832314356,0.0107386847433082,1.00925694253051e-08,2.26391244837697e-07,0.209643178642247,0.000194768409903318,3
"19885",0.0847577175500527,0.000280581328435694,0.901819261565363,0.0131027968294376,6.29051143940245e-07,2.6568962951732e-05,5.74715083945567e-06,6.69756177602902e-06,3
"19907",0.00077160602787723,6.35243960458153e-06,0.920304903518194,0.0185187445771521,7.17652621583712e-08,2.76086673348029e-06,0.0603225411816593,7.30196235173436e-05,3
"19909",0.991199419387726,5.08535068944574e-07,0.000544089821824688,1.74631781307519e-05,4.03996220475757e-06,0.00820866227302801,2.56332671806896e-05,1.83574835608689e-07,1
"19911",0.97489880544499,0.0058791813072395,0.00234781677127995,0.000218863027694472,0.000120743011090343,0.016517146981348,4.08313514698318e-06,1.33603212106823e-05,1
"19913",1.22678198162285e-07,0.99999127566602,8.42390230313218e-06,1.50505914348973e-08,1.06237357249125e-09,9.35552355901045e-09,1.35719527887697e-07,1.65654623873512e-08,2
"19915",0.00011802355182177,0.254421075788376,0.745241040969779,0.000176325743441762,8.78371301948858e-08,4.06844247823027e-08,1.05571485086002e-06,4.23497101757032e-05,3
"19917",0.00010883969019273,0.990142831582928,0.00971107614000127,3.38900129013309e-05,2.8905949595419e-08,4.27166588345116e-07,1.22155867882401e-06,1.68494275974265e-06,2
"19919",0.00249386110669442,0.0996213631865602,0.892021644972184,0.00576049166661371,1.31957792272477e-06,1.10707873074854e-06,7.6619973083105e-07,9.94462115635132e-05,3
"19921",0.00215146560102145,3.34795994913719e-06,0.988171349414819,0.00939104027685616,1.35353966640395e-07,7.49090655899933e-07,0.000159706369986615,0.000122205932745668,3
"19923",0.000568687941427461,3.92246306404661e-08,0.00533103644920216,0.993398014453007,7.86707017601615e-05,0.000152681419553702,7.64803321914194e-06,0.000463221777199822,4
"19925",4.29966851381823e-05,0.92748750245483,0.0723430688609412,0.000120832369490437,4.07946173171031e-08,8.25318109501557e-08,4.46164759210109e-07,5.03013841321463e-06,2
"19927",0.000982090789307268,6.02353602115747e-05,0.998403520366341,0.000396414226680669,7.89746617728431e-08,4.84262954375488e-08,1.24798156037946e-05,0.000145132040897993,3
"19929",1.88696706352737e-07,0.579956898164723,0.000144963510793372,8.00009756812213e-08,7.97127683900397e-12,9.65684163598764e-09,0.419897806891798,5.30701901009557e-08,2
"19931",0.00673800478842578,0.000362024765000092,0.991145174049491,0.00154856548592028,2.71126554895917e-06,2.1522241049216e-06,4.43342639819935e-07,0.000200924078868897,3
"19933",0.946558710001588,0.000147841206428743,0.0482221667454791,0.000229765027208761,0.000193300382583215,0.0046398203931148,8.66258041151385e-08,8.30961779394655e-06,1
"19935",0.213030139585959,0.000767091514648177,0.753016300295711,0.0298471158172448,8.33016507477907e-07,0.00277176787236596,0.000564504918581956,2.24697898193047e-06,3
"19937",0.0026994706241705,5.67116913935513e-06,0.990051862559475,0.00577677637288688,6.28383591947032e-06,7.68629323825685e-07,1.41116842297592e-06,0.00145775564066212,3
"19939",0.0013417210912693,0.00062976627254568,0.697842816761829,0.300113624618456,3.7800290854397e-06,5.27595380707633e-06,2.8999054974895e-06,6.01153675104784e-05,3
"19941",0.899689729958591,0.0299726560912078,0.00152760400073759,1.56895653881253e-05,1.50278945381873e-05,0.0686576071393356,0.000120578040432792,1.10730976857217e-06,1
"19943",1.29359812374833e-06,0.999406981450762,0.000590588351281713,7.65188354138134e-07,8.94774265771003e-09,7.78995895051188e-09,4.13502452279056e-08,3.13323531004543e-07,2
"19945",0.967017272124159,7.22060566746001e-06,0.0108944957526196,0.00557014661119134,0.00059695644127864,0.0158846926285066,4.80969466876796e-08,2.91677396304546e-05,1
"19947",0.249891101477065,0.723937470754077,0.00519271299318291,0.000320568254055002,2.02851429297342e-05,0.00374808222524331,0.0168753350651078,1.44440883384098e-05,2
"19949",0.00659509526946106,2.86998253503995e-07,0.0144664632810867,0.975758083393921,0.000766069226046158,0.00230179724400214,2.08416672078901e-07,0.000111996170557902,4
"19951",0.00129438039614614,0.697359132880625,0.247056746673606,0.0542289449683828,1.76470888163053e-06,3.91514332565274e-05,5.68872046562248e-06,1.41902186361748e-05,2
"19953",0.06882430153018,1.43926443483538e-08,0.000164239815696366,0.00240709752685648,0.867765096071044,0.0266197332270503,1.88762769876212e-08,0.034219498560251,5
"19955",0.479333143950055,1.01815100898927e-06,0.000276099513565209,0.36578792639112,0.0218513791265574,0.131317483520471,8.29411431491203e-06,0.00142465523290764,1
"19957",0.0122684733893026,0.918358656564149,0.0624279543484948,0.000243065123309081,5.44101451343609e-05,4.17394320570755e-06,1.20443739124475e-05,0.00663122211249117,2
"19960",0.756572685750637,0.000195218697721116,0.000358027970455832,0.00680934843164123,0.000111015114204675,0.235922230540008,3.12857433202715e-05,1.87752011965485e-07,1
"19963",5.92659872705846e-05,0.916520677738157,0.000114328247346661,1.84141707103308e-06,0.00304623178747707,3.14623217252693e-05,1.76653239241647e-05,0.0802085271770279,2
"19965",0.110208602791156,6.30120973600019e-09,1.37252936299277e-05,0.155560836029818,0.000317181209945497,0.733863403986078,3.52835155404484e-05,9.6087262172804e-07,6
"19968",0.00149820709101767,0.758868944935901,0.0127703822081243,4.0850437734696e-05,4.45026793139613e-10,9.80181218303199e-05,0.226723593227613,3.53275251924338e-09,2
"19971",3.69388727163583e-05,0.998949186364211,2.73280773104701e-06,8.85419128062904e-06,0.000817195359089774,0.000170695383140914,1.10109429211466e-07,1.42869124012025e-05,2
"19973",0.00119511145771958,0.00158653789990124,0.996500705093734,0.000696560562229713,9.32584763548711e-09,2.14267405205195e-07,1.71989991911101e-05,3.66239397147362e-06,3
"19975",0.000109060618751998,0.971192776080693,0.0286370681459484,4.43168350207347e-05,1.18831116528373e-09,3.10721215658731e-07,1.64029225184031e-05,6.34875403406094e-08,2
"19977",8.30178906519055e-06,0.999264664690164,0.00024912867725734,0.000394566157401448,2.137807215234e-06,6.74370835685086e-06,4.80054057231461e-05,2.64517648166583e-05,2
"19979",0.109188572974995,3.49306440581696e-07,1.1622348041187e-07,8.19643111393987e-06,0.00326756532124159,0.887535192669225,1.2398766474832e-10,6.94951609835872e-09,6
"19981",0.436227231855958,0.000174292276071265,0.56144432148465,0.00150141150036667,6.51003776578385e-07,3.49435060881456e-05,0.000557182051591934,5.99663214974541e-05,3
"19983",0.186126429515745,1.17235314911181e-05,0.344698693594418,0.468448561909832,6.76849858400861e-06,0.000186170082227152,0.000407310994154901,0.000114341873548301,4
"19985",2.69541200311691e-05,0.716386121909896,0.283434371895121,0.000123436644630867,2.90561756969633e-09,1.04076042615881e-08,2.2501870642058e-05,6.60024645714244e-06,2
"19987",0.355433870626063,0.0220513834131226,0.621779835303707,0.000414878327222317,1.26972122967408e-05,0.000286303387015319,2.21642308774763e-06,1.88153074853729e-05,3
"19989",0.150805414285162,1.06605773263271e-09,2.34844309668449e-06,0.000214866023740213,0.0284072770283581,0.820569296893397,3.67101171248512e-10,7.95893087138202e-07,6
"19993",0.0730981482646445,0.00976964783057769,0.144205551303742,0.756041916854073,0.000364890615314025,0.0165156622161774,3.12018517128129e-07,3.87089695507361e-06,4
"19995",0.747095415171343,0.00385252646821841,0.10155304198229,0.0621489626962087,0.000157580236957363,0.0851820898648003,3.84057949773054e-06,6.54300068448298e-06,1
"19997",0.000314760414361318,0.00296663523598752,0.996228358225009,0.000417868186350602,2.33204985781515e-08,5.98049632946706e-08,1.63069242017614e-05,5.59878886278357e-05,3
"19999",7.40612283713597e-05,0.0149942525943218,0.984432115958788,4.61217458440704e-05,5.11079019711345e-10,3.96860079688845e-09,0.000444883144932989,8.56084806192177e-06,3
"20002",3.90825972592929e-05,0.479709508873777,0.000280200740810631,3.66844906075493e-07,5.20573858371319e-08,6.16679513536928e-05,0.519907017515347,2.10341916100044e-06,7
"20004",0.972757688559478,0.000882333190908448,0.015887605387798,1.80177531382853e-05,4.8230082264016e-06,0.0103809397161475,6.77506860359144e-05,8.41698267235277e-07,1
"20006",0.405791594237032,0.000471379642887552,0.00160010286125842,0.479697563327666,0.000718973775254829,0.110044524569688,0.00157981689624809,9.60446899646517e-05,4
"20008",0.006907033581426,3.75109209932085e-05,0.00091780246162759,0.814096273417309,0.0011148426634952,0.176831754018211,2.53331734585246e-05,6.94497634791265e-05,4
"20010",0.331371601636783,1.12629641402996e-06,0.00293687272045292,0.554962718027283,0.0364658724226284,0.0740919282702048,4.61933221810708e-09,0.000169876006901317,4
"20012",6.85732637410623e-05,0.739806760709502,0.24969436125801,0.00239016161147159,5.08852670740222e-09,9.8033810577416e-07,0.00803832965873258,8.28071910177747e-07,2
"20015",0.02616562061657,5.36325476477363e-09,6.25026596029176e-07,0.00148444292274528,7.7163757779669e-06,0.972341400858928,1.88664262417598e-07,1.71865557969448e-10,6
"20017",0.000410577129883332,0.00702853874383588,0.991072578629394,8.00379553898926e-05,1.18194799918115e-09,1.77407406731773e-08,0.00139743864661499,1.08099721934374e-05,3
"20019",0.00446494717046363,4.65050343893814e-10,2.73616484785399e-09,0.000118936561599714,0.00977978709615013,0.985636319342518,1.0742370783067e-11,6.61731072337514e-09,6
"20022",0.946573614310748,3.01110145408591e-07,0.000375663368652203,0.00700531220133708,0.00155356799592726,0.0444885150871685,4.38927221338178e-09,3.02153674881917e-06,1
"20024",0.0125600957957065,6.64725336812114e-09,2.43934760033563e-07,0.000156969956635354,0.768057899527515,0.219015773391378,1.6892849708985e-08,0.000208993853902584,5
"20026",0.0125600957957065,6.64725336812114e-09,2.43934760033563e-07,0.000156969956635354,0.768057899527515,0.219015773391378,1.6892849708985e-08,0.000208993853902584,5
"20028",6.36816333272596e-05,0.0433216013830708,0.956515783494491,1.64950343345024e-05,3.94839501301248e-09,8.00980592335238e-09,4.85123031504776e-05,3.39141934250681e-05,3
"20030",0.434201939581443,6.03133697702667e-05,1.8323272837022e-05,9.73836331011704e-06,1.83434176931461e-05,0.565688049984962,3.28757772098955e-06,4.43226360590495e-09,6
"20033",0.0136865398016995,0.135811694743345,0.85020998544826,0.00026298474638143,2.56102213715874e-07,3.62323608698631e-06,1.66695904103102e-05,8.24633160374652e-06,3
"20035",0.00732185887098264,6.48015054246166e-10,1.39184210417116e-08,0.00026740665198248,0.0203463378281072,0.972064368197094,3.89893958352963e-11,1.38464088651686e-08,6
"20037",0.00969202365587133,1.47823055468798e-11,1.69790003345287e-08,0.000664668249509216,0.00090316628883565,0.988740115628299,1.85946886625533e-09,7.32423278629303e-09,6
"20039",2.21734829628418e-06,6.25663028785688e-12,3.63595387336528e-09,1.9531564968101e-05,0.998010271079545,0.000105491320719993,1.08503280139115e-11,0.00186248503341009,5
"20041",0.0119024216101599,1.73372951688314e-05,0.00337093236479205,0.983858123058215,0.00026038095122936,0.000257790755830752,2.01597603742613e-06,0.000330997988566332,4
"20044",0.0896801000985953,0.00131287915442233,0.0216783954252404,0.880160375793549,0.00330157849191575,0.00243896218126826,1.19186479652013e-05,0.00141579020704309,4
"20047",0.00668341567303637,8.87297146831675e-09,1.09979394664139e-09,4.94041952358229e-06,0.0329354474702999,0.960376162179868,7.5955716441982e-12,2.42769113829412e-08,6
"20050",0.00597905672740374,7.317504268705e-06,0.000919173893332357,0.407744731626461,0.569154821546677,0.0143919743989774,1.52669169770009e-10,0.00180292415021082,5
"20052",0.111162602082323,0.0262714668996466,0.826272193902262,0.0350079484053286,0.000206808860546886,0.000178076966845829,2.10363799356607e-07,0.000900692519247536,3
"20054",0.848306577971645,1.57020956359617e-06,3.72570805244718e-05,0.000239498939958994,2.1860872914656e-06,0.151403753662456,9.1544023079205e-06,1.64625217270774e-09,1
"20056",5.34447072633781e-05,0.998723456998035,0.0012140657497247,1.49132631021259e-06,2.57739552180973e-07,6.87120629986385e-06,1.46860139448026e-07,2.65412675498115e-07,2
"20058",0.158027381296691,2.20903089779229e-10,1.57297259120969e-06,0.000486290677687881,0.0062051585497921,0.835279288923454,5.75359598878472e-09,3.01605284373742e-07,6
"20060",0.00296283591872754,8.88162848538515e-05,0.994873701658521,0.00203085204818741,7.2828341976574e-07,4.41705177206613e-06,6.5832412323454e-06,3.20655132865141e-05,3
"20062",0.0171783942207051,5.25701371708265e-05,0.633728040836213,0.348891993423959,2.57670732185187e-06,0.000113378674991717,1.31398002144601e-05,1.99061994243479e-05,3
"20064",0.982441014988926,3.39966562892208e-05,0.00242917434135119,0.000239968946445373,3.52564695443976e-05,0.0148203687662958,2.15886225565679e-08,1.98242525140048e-07,1
"20066",0.110392501255631,3.57625291978322e-06,5.94877565163637e-07,2.94944502859498e-06,9.07240010760003e-05,0.889509377147646,2.75960310270004e-07,1.05982334997552e-09,6
"20068",0.00056560086264916,2.02069560363241e-05,0.983937522954037,0.0146432252499171,2.29386883504692e-08,2.10294584822238e-07,0.000762596060525766,7.06146835614409e-05,3
"20070",0.00079710513549587,1.30999898048764e-05,0.955571241604714,0.0279537089211053,5.2809577498875e-06,5.41607181393397e-07,3.22529184463287e-05,0.0156267688655025,3
"20072",0.29961187009542,7.4307993396889e-09,5.8575579949218e-05,0.020315319290165,3.54940597819643e-05,0.674993441764593,0.00498509147260149,2.00306690403938e-07,6
"20074",2.66665067371911e-08,0.99979317159701,2.6849687377316e-05,5.75821410002263e-08,2.98761366368034e-11,1.72370183271642e-09,0.00017987149068472,2.12227025964589e-08,2
"20076",0.0368832270200253,0.612787267581076,0.0269023519297879,0.000345970491725059,7.16917823409262e-09,0.000248785251594245,0.32283225742186,1.33134752678617e-07,2
"20078",0.972284026213574,2.49715721191394e-05,0.00326809182732956,0.00241971135321219,0.000620431460605215,0.0213352557866808,1.38452169019761e-07,4.73733343103392e-05,1
"20080",0.0401153070094149,4.35383025412015e-09,9.37505520625971e-08,0.000195473614398009,0.0101876792494563,0.949501427985332,9.23570124635306e-12,1.40277808115972e-08,6
"20082",0.000256897794214308,4.98945170872086e-09,2.38481928823429e-07,3.60289157076977e-06,0.998198210890656,0.000307983261180363,1.03917344546825e-12,0.00123306168995933,5
"20084",0.940677425413372,0.0148362237556549,0.00144717637313853,0.000330669719296483,0.00627562354518984,0.0362953229572865,4.71132760516132e-08,0.000137511122785893,1
"20087",0.756953543049338,1.75992628300229e-07,0.00400731846792544,0.108996099810655,0.000275255964796176,0.129718193472618,1.7995736907847e-05,3.14175051314014e-05,1
"20090",0.0159279728703509,2.86718452068017e-08,1.20076326154262e-06,0.0358118626503546,0.140998477423557,0.807259806245712,2.01218267386079e-11,6.51354797269699e-07,6
"20092",0.00700924950349844,4.36748292397927e-09,0.00194476958438035,0.0675182091293684,0.00796662271569334,9.07160918190653e-05,6.15039062026757e-05,0.915408924701555,8
"20096",0.0102083379976172,0.00127427311046001,0.0491671394242442,0.0227732875495254,0.00607200610987048,2.23571396784219e-05,7.44219382993287e-07,0.910481854449221,8
"20098",0.00231031736497463,0.120270660297002,0.876985966622585,0.00041131278740012,4.75484395637e-07,8.00006096825712e-07,1.7019324970996e-06,1.87655050487647e-05,3
"20101",0.321482577086444,0.000114414083224071,1.64181666010037e-05,0.000612760466852826,0.0106979559615871,0.667075394115783,7.26825866728975e-10,4.79392682466526e-07,6
"20104",3.38415720667216e-05,1.58993418408105e-05,0.00687792925466307,5.22748960799722e-05,8.4076564927934e-06,1.27619177144644e-08,0.00695469449871512,0.986056940018224,8
"20106",0.458244137066268,4.55850612729092e-05,0.000184870797066466,0.0114461326690469,0.000490213223375961,0.529589037208705,3.40031575482084e-09,2.05739488651952e-08,6
"20108",0.00483273828747325,0.00591882456337873,0.989136702582986,3.26847896543392e-05,2.55311319947297e-08,9.49199402091077e-07,6.86861096780578e-05,9.38893629575944e-06,3
"20110",0.00555410747392305,0.113741160883146,0.206658840037204,0.458284411656414,0.0276370851200227,0.000165949929784445,7.66672550762974e-08,0.18795836823225,4
"20112",0.150420131821613,1.19513606077462e-05,0.00315822643180388,0.524474373788356,0.0390346001367317,0.28287286695307,8.34515496835137e-09,2.78411626616812e-05,4
"20114",0.973521361768367,0.0149383069355621,0.00558587406992394,1.8232145738068e-05,0.000247184816121442,0.00567395503249015,1.91950573465897e-07,1.4893281224046e-05,1
"20116",0.95966349661739,0.00695301046469968,0.000630887506243036,5.39400267408696e-05,3.18568192506905e-06,0.0326853137232025,1.01459921355395e-05,1.99876630625779e-08,1
"20118",0.63310983669919,0.0318250577340489,0.334136586053021,0.000612865478718525,3.4646656235581e-05,0.00021480323419797,6.4480076550573e-07,6.5559343822763e-05,1
"20120",0.607260149798652,0.000661202105059547,0.00182502764776828,0.0104072317490726,0.170862016231841,0.208960335386684,4.58587207241818e-10,2.40366223351674e-05,1
"20122",1.66608516409858e-05,0.999068717585496,0.000908839529151504,3.13092523956069e-07,5.37434738962972e-10,2.84788742007058e-08,5.39522981533974e-06,4.46950631842059e-08,2
"20124",0.31167442174155,6.61257563986028e-10,7.72561368224667e-07,0.00176476717844953,0.00760334035218909,0.678953259039177,5.65744099674766e-08,3.38189159891253e-06,6
"20126",0.00209173085152504,7.64727229373269e-08,1.30815329118718e-07,5.82792530567317e-05,0.955908832969943,0.00194437122516961,3.64328591451125e-08,0.0399965419793947,5
"20128",0.000254126460034056,5.4732657557537e-11,1.06564676811652e-10,1.80476125974918e-05,0.85722625402078,0.142489950068441,4.02696899156603e-11,1.16216365804582e-05,5
"20141",0.000659679920083744,0.0133356177992321,0.21469712540059,4.5121786156521e-05,8.36291692839053e-05,3.17408254919024e-08,1.14449511220621e-05,0.771167349232706,8
"20143",3.41737333929807e-08,0.999983596185562,1.38871415522143e-05,7.00261949983578e-09,7.41543381820666e-11,1.32527359325468e-09,2.4652480809254e-06,8.84902391099663e-09,2
"20145",0.873702291850251,2.25888161576927e-06,0.00151758635939141,0.0116006429152917,0.0131102682489188,0.10006068294568,3.59481350644261e-10,6.2684393702074e-06,1
"20147",0.94649025470905,1.09582094337939e-06,0.000123057939779897,0.000546813152996821,0.000176922817639935,0.052661733502044,3.12359786225874e-09,1.18933948317581e-07,1
"20149",1.39375305392982e-06,0.999108473116767,0.00088678501142268,4.10515377721881e-07,5.18508137583459e-10,2.92020223516678e-09,2.59788560407275e-06,3.3627906433345e-07,2
"20151",0.00154428145863569,0.0341862103055602,0.963695679509849,0.000564754356857995,1.77494300269733e-07,1.36139385778085e-06,1.24354638404051e-06,6.29193455531179e-06,3
"20153",0.00254914387806449,0.603678068086334,0.382683882061909,0.00408431409445165,0.0017675263255129,2.64472180508774e-05,1.42102337251641e-08,0.00521060412544332,2
"20155",0.444699142847149,2.05416324029345e-07,2.04614152034718e-05,0.0815278285406388,0.000812222679490481,0.472940017316023,2.63197050488549e-08,9.54654658663829e-08,6
"20157",0.000571233597818702,0.359592353646773,0.63975114186036,6.16630919047462e-05,5.63413485715213e-07,8.60739895997965e-07,1.1932817730262e-06,2.09903679893128e-05,3
"20160",9.09186262473642e-08,0.999977101687854,2.2461263653052e-05,1.11943873301459e-08,2.7286432024993e-10,2.58280744280228e-09,3.1800235273409e-07,1.40774552059431e-08,2
"20162",7.49174540579221e-07,0.995315939139309,0.0046795341786706,2.48039649776327e-07,1.75819061966511e-10,9.53079909578942e-10,3.35070691074875e-06,1.77632020358406e-07,2
"20164",0.000100100926774357,0.949306272082018,0.049705397755746,0.00085641935432836,8.7133643953249e-07,2.01764457999246e-06,1.09034430915092e-06,2.7830555804207e-05,2
"20166",0.0618370574213892,0.000398335239145913,8.22721293941363e-06,4.5934785917492e-05,6.14462197182869e-06,0.937634832967956,6.94653745473471e-05,2.37613317693471e-09,6
"20168",0.000226379470969109,0.000421627832515762,3.1227413882499e-06,5.59866941504646e-06,2.24189750489648e-08,0.00138085609542258,0.997962357290141,3.54811728147168e-08,7
"20170",0.00423291693466806,0.215828596411385,0.779465853354537,0.000228783738423147,1.50141566414968e-06,4.04239239603043e-07,7.05374736222684e-07,0.000241238531347304,3
"20172",0.947853836734428,4.7841420433785e-09,0.000199165243648909,0.00237228169060303,0.00154933244064267,0.0480234882772283,5.47640113307939e-09,1.88535290642553e-06,1
"20174",6.77635586330106e-05,0.109148121972913,0.761284096189852,2.64241114758685e-05,1.35649745503403e-10,1.26326502081076e-08,0.129470270821922,3.31057690337015e-06,3
"20176",3.18799734507988e-05,1.43760874034001e-06,1.56155911850434e-05,7.28024011076109e-06,5.0297160697152e-10,1.74276141200008e-05,0.999926341003578,1.74658431082598e-08,7
"20178",6.88760087676271e-08,0.999989205359096,1.05574006961432e-05,1.28305313243379e-08,7.03933733260163e-10,3.77644967591959e-09,1.3487403743209e-07,1.61792464099227e-08,2
"20181",0.395414525154808,0.00379098458372359,2.51713557746993e-05,1.65407866842173e-05,3.54443414548617e-05,0.600716727807719,6.02908628828155e-07,3.06120724854651e-09,6
"20183",0.0645718375025931,3.54866465279783e-06,0.919509861968048,0.0118677138792994,7.8420100973658e-05,1.91088056164609e-05,2.22444835478892e-06,0.00394728463046224,3
"20186",0.122494930594905,7.09219687567682e-08,0.603210715930632,0.239017532208504,0.000331205232435006,0.000623408908923641,0.0037579648710944,0.0305641713315369,3
"20188",1.31265737325939e-07,0.999785712881921,0.000213797232008306,7.50018854269096e-08,5.88922980159929e-10,2.43904868537651e-09,2.17609422870124e-07,6.29810532861289e-08,2
"20190",0.127644838771834,9.28375628482472e-08,3.19705715660836e-06,0.000200844665330732,0.000115605071227506,0.872035412322073,8.0798957583741e-09,1.19491943108025e-09,6
"20193",5.59275227634571e-05,0.983600997624868,7.75309679202662e-05,0.000111080134879471,9.88448138164981e-08,0.00121518544158835,0.0149391166454745,6.28176919144763e-08,2
"20195",0.00209640528048501,0.785215880408307,0.20806405657449,0.00457441533585809,2.76588705378408e-06,3.81944326095469e-05,1.26054295785381e-06,7.02153823789535e-06,2
"20197",0.792723515476726,2.10794288453173e-08,0.000207718928456319,0.0382981275907332,0.00104369767760727,0.167725957621581,2.79543933079022e-08,9.33671074630265e-07,1
"20199",2.68162432565948e-05,0.915204266611706,0.0846584543986926,5.37215194604757e-05,9.3526260203633e-08,1.49254972624414e-08,4.86353444091475e-07,5.61464216823065e-05,2
"20205",2.94747263330978e-05,1.18519844233027e-09,1.88873883342314e-06,0.000883296672185272,0.948673764046047,2.41273098014349e-05,2.16509349704264e-11,0.0503874472999504,5
"20208",0.00999777303509026,0.00660050037522506,0.980068732367285,0.0032974825546854,6.75618433797873e-07,1.05617658386336e-05,1.5553185853145e-05,8.72109758815042e-06,3
"20210",3.56602692290287e-06,0.982626819590197,0.0173661991428624,1.47657999365198e-06,1.39054096392674e-09,3.65422207861233e-09,1.35523123707566e-06,5.78384024174933e-07,2
"20212",0.000327389850254965,0.827355872222536,0.172006698259531,0.000301258965422966,2.85903506575287e-07,1.4793020695649e-06,2.42455199256368e-06,4.5909446861687e-06,2
"20216",0.924366800496537,1.56583342048202e-05,0.00025859295806158,0.000142277497093379,9.24879492692927e-05,0.0751240742145482,6.66975672992205e-08,4.18527178259718e-08,1
"20219",0.201371050962163,2.74301417299117e-05,0.00107761151350459,0.0169615716355891,0.732499964374054,0.0372668877569647,7.04497554891776e-10,0.0107954829114972,5
"20223",0.00275633156197636,3.06981331302105e-11,4.46753037135974e-08,0.00124317455007198,7.26206069890968e-05,0.995706363031766,0.000221424130748678,4.14124458203714e-08,6
"20226",0.00155404464663387,6.60045196060878e-05,0.0186018954936768,0.979469628261308,8.33973674520934e-05,0.000205013501177197,4.11002074855097e-08,1.99751099380538e-05,4
"20230",0.0621881779247152,6.60741771892546e-09,6.97692349900059e-07,6.70968568289046e-05,0.000500141749101596,0.937243870357142,4.18973575854442e-09,4.62270878165816e-09,6
"20233",3.2768600967009e-08,1.63199892893371e-07,1.49142854152159e-05,3.07560765013168e-06,0.000380622689086935,7.33779746874378e-10,2.64651092013584e-09,0.999601188069063,8
"20235",0.157033208443524,1.3255153709158e-09,1.24593424821143e-05,0.177589323444174,0.0395223048815469,0.625331074430364,8.7895983431899e-05,0.000423732148961558,6
"20239",0.46816039328725,4.34763128368163e-07,0.0010542953055298,0.323811467084598,0.000167387071497582,0.20481221356344,0.00194930805602927,4.45008685263813e-05,1
"20254",8.51829632944521e-05,2.27687633891865e-10,1.97547672226717e-08,1.09073879950734e-05,0.999160203434143,0.000499215328535514,1.10078642120719e-13,0.000244470903467249,5
"20256",0.785536180664561,9.37032190215481e-10,2.88804251129236e-06,0.000478265018931175,0.000586087295918838,0.21339602021297,1.24172754582451e-07,4.33655321025786e-07,1
"20262",0.00101069170990481,0.518081448591397,0.4808302743988,6.65267082560889e-05,1.31679308467076e-07,2.89328781827717e-07,9.35464129109047e-07,9.70211942233354e-06,2
"20270",0.284176842744481,0.00303625751797876,0.00980197191138895,0.00069493486704005,2.24213593780798e-05,0.700109913896203,0.0021573993026557,2.58400874503058e-07,6
"20284",0.0197735471536143,9.44655568672146e-06,0.408076829317487,0.0950351017125957,0.0921024457934099,0.000360789113098782,1.2656577180418e-07,0.384641713788336,3
"20287",0.00191608923462828,3.30339358459136e-11,2.97057430609738e-09,0.000425237115652333,0.000173459466320618,0.997485205501873,5.13572995837285e-09,5.42187102924784e-10,6
"20290",0.000559465114130484,9.79031831665703e-06,0.000733330541924644,0.00430124831808994,0.966027786822136,0.00018460678807239,4.97173753651501e-11,0.0281837720476125,5
"20293",0.996370420555395,3.74212138213062e-07,0.0012565159792396,0.000152179764343968,0.000186127023257672,0.00202324667192137,4.04871212357556e-08,1.10953065828565e-05,1
"20296",0.040269614995371,0.649461358402604,0.29295326089422,0.000611167460339634,5.57709624278741e-09,0.000161796689793276,0.0165426488125166,1.47168059472012e-07,2
"20301",0.000277658370757883,4.45917396111589e-07,1.67585469940777e-09,5.31438373667734e-05,0.000379710710129262,0.999289038512703,6.34690729240678e-10,3.41101798378011e-10,6
"20304",0.00193458154471767,1.36185022546772e-08,9.65378145430655e-07,3.27802230870244e-06,0.991879542481017,0.000221709040899945,6.76574254112941e-12,0.00595990990764338,5
"20306",0.0865946848876652,1.8393764667683e-10,9.70895940049297e-07,0.000310483480264459,0.00847612188190523,0.904617010941483,5.51691332179451e-09,7.22211891633024e-07,6
"20309",0.708990386780955,3.92699474003846e-05,0.082439120576567,0.193219986275069,0.00306810637621039,0.0121898462837483,3.56916657669335e-07,5.29268433928011e-05,1
"20311",0.853532346693122,0.00017353770223002,0.000806514007529307,0.000881805515247243,0.000646001718066306,0.143949389401157,4.52115891161516e-07,9.95284675699442e-06,1
"20314",0.0204542258197747,0.011685396165878,0.966700506433823,0.00110688891213097,5.68310479528866e-06,1.00045677582901e-05,1.65542192708409e-07,3.71294536470708e-05,3
"20318",3.00258711724286e-06,0.999937876732798,5.48648330902883e-05,3.45729301162441e-08,5.06313718859895e-09,1.20193146757678e-06,3.00154947275365e-06,1.27299867496107e-08,2
"20320",0.000983520459698491,0.0008457259076673,0.383284612353315,0.610615327841656,0.000145038432600327,3.45402920888038e-05,5.90029651957212e-06,0.00408533441645479,4
"20326",0.0316077596740011,0.0305140198861244,0.937208364980374,0.000504549743558292,1.33787196256573e-05,1.45543960432735e-05,4.295908883155e-07,0.000136943009384819,3
"20328",0.00351549575756976,4.0776209434761e-06,0.723208043962674,0.265812007473194,0.000115860663492948,1.31354154398075e-05,2.8970903993305e-06,0.00732848201628648,3
"20330",0.017516898446596,2.13855503336952e-07,3.61960064775079e-05,0.906837280450345,0.00322740417970923,0.0723526212375059,2.08575664049554e-07,2.91772481987743e-05,4
"20336",0.0588619050754702,2.51080337187436e-07,0.0101538746870806,0.00458466969690376,0.566059285368626,0.000294739283537334,2.83250802596675e-09,0.360045271975536,5
"20338",0.0271423293416784,6.73995792313207e-05,0.000234166745368662,0.00429561561497538,0.887636143422577,0.000870560729016413,8.58793498476714e-10,0.0797537837083597,5
"20340",0.0863187117521798,4.90707260505173e-09,1.44760695446133e-07,0.000135094068774268,0.00269004062799508,0.910855949116559,1.24210841000312e-08,4.23456393761136e-08,6
"20342",1.15710366997462e-05,0.000162331173506049,2.35130643674623e-05,0.0127221647858153,0.0957694808405567,0.000500796929620734,1.28697275582547e-05,0.890797272441876,8
"20344",0.732183688220378,1.00212002955278e-07,0.000363483526912895,0.000489494433843967,0.00179766946340977,0.265163682162315,1.09957035199169e-07,1.77202410225681e-06,1
"20349",0.370880169993992,7.23263866577857e-10,2.8858254271646e-06,7.19658148347184e-05,0.000607161826054904,0.628437625162302,5.83947212760652e-08,1.32259404522817e-07,6
"20351",0.987175300961687,5.5049563357179e-05,0.00249978018012233,0.00242273059149866,0.00303725751554253,0.0047532674510094,7.42636730978627e-08,5.65394731099519e-05,1
"20353",0.0259838902184996,7.33781767294313e-09,1.84552127845625e-05,0.783090372660779,0.0648690034745516,0.126014021716575,2.24577656091443e-09,2.42471332162189e-05,4
"20357",4.54874440773437e-05,3.70110239309666e-11,4.72975514291562e-07,0.00173508386033613,0.990113441642476,0.000295449868030144,1.55236140879097e-11,0.00781006415703212,5
"20360",0.000479256020407861,3.68736329682353e-07,1.50452073898752e-05,0.798842553537496,0.103842874799793,0.00542214095563289,0.000156586479459883,0.0912411742634911,4
"20364",0.405753449696593,3.61539056426963e-06,0.00993691598848345,0.488734362534299,0.00669914036502131,0.0888664227503224,8.27732612721964e-09,6.08499739008317e-06,4
"20366",0.0045164855745362,4.74859056299083e-06,0.00261119044118304,0.000843622820688925,0.393921176235607,1.96488441848799e-05,2.06384473152732e-09,0.598083125429392,8
"20381",4.09046925070023e-06,0.0117112834758338,0.0022860951329194,2.92025133405998e-06,3.45649557425202e-10,1.11392951523036e-08,0.985932379829281,6.32193564365513e-05,7
"20391",0.120353975640024,6.21119295897426e-09,0.0061559526796635,0.631349239963025,0.00150941252831498,0.0261283259129698,0.190867286950326,0.0236358001144847,4
"20394",0.00118523874249462,0.0004121890109777,0.973123547242721,0.0236619878956026,2.68682197676738e-08,7.08957532089522e-07,0.00150484182275183,0.000111459459700506,3
"20396",5.73791993789612e-06,0.00547863340299168,0.284514125145248,4.65027949876189e-05,3.00172355526262e-11,2.57687186629215e-09,0.709947818534847,7.17959509967484e-06,7
"20409",0.827820761335045,0.0818198136597438,0.0716795404677319,0.000138219819345664,0.00032588249993446,0.0181863006341738,1.42280920451742e-06,2.80587748214729e-05,1
"20411",0.41451192183927,4.53600218981431e-10,2.30850730331837e-05,0.0415866203009117,0.358098005830001,0.185484907840606,2.23985887274171e-09,0.000295456422719319,1
"20416",7.52319994850232e-05,6.50733099376e-13,1.35712654341291e-10,1.75837714149783e-05,0.987239779559019,0.0126442260978675,3.21094823853643e-12,2.31784326391012e-05,5
"20418",5.53808769738113e-06,0.0302384766954455,0.211992983613281,5.32032316374623e-06,1.69184015270651e-11,2.18532597304463e-09,0.757754901937381,2.77714078603077e-06,7
"20420",5.65338425429942e-06,5.34597552385864e-06,0.000644738783449988,4.24707616460338e-05,0.00227421280146843,9.86257300295983e-09,1.20518198708454e-08,0.997027556379264,8
"20422",0.0431349553610845,1.68038851298298e-05,6.19999263603532e-05,0.0341034795053077,0.00137941821908749,0.921303300254919,9.37075479318343e-09,3.34773564745975e-08,6
"20424",0.337944003667944,2.01971210650954e-09,1.87656547273454e-05,0.155165042100145,0.194108050921269,0.312711712779277,1.1703494986588e-09,5.24216865769e-05,1
"20426",6.68454629535707e-07,0.000157212835190346,4.75212172324775e-06,4.29762413816822e-05,0.648433869014278,2.14018395613458e-06,1.21251704866901e-10,0.35135838102759,5
"20428",0.890711022791915,1.66384196130759e-06,0.0047314625911039,0.0831723911215432,2.2984795482658e-06,0.0205809893628672,0.000799604974121119,5.66836939837517e-07,1
"20431",0.0177829978013896,0.0724699944815526,0.547457142967368,0.357709744546507,0.00247470071663978,0.00167981930271338,4.90453228014941e-07,0.000425109730601287,3
"20433",0.00513228987901454,5.77341719707942e-10,2.6487390699757e-08,0.000122694322146055,6.33891636840157e-06,0.994717217400454,2.14308756984777e-05,1.5415863731304e-09,6
"20436",0.00153588908788965,2.15957579624123e-06,5.09785978556448e-06,2.12694665899544e-05,1.0692819493122e-08,0.00149159950328468,0.996943956411129,1.74027059606558e-08,7
"20439",2.92111350787629e-05,0.116810151366082,0.670426299819351,3.07710468589211e-05,7.2049219162138e-11,1.01645732417079e-08,0.212696781093702,6.77530230516828e-06,3
"20441",0.000309116073382382,6.21529008451394e-08,8.98852935122451e-06,0.0144296808687108,0.949064616333072,7.77867403287386e-05,6.44610155299747e-11,0.0361097492377931,5
"20444",1.00102073244556e-07,0.999886338531142,0.000112783826178038,2.34502373464966e-08,1.23611061444883e-10,9.29871008026131e-10,7.29593817534279e-07,2.34430701397478e-08,2
"20448",0.0609890524147306,0.12055119541944,0.815706898127436,0.000109622651136237,0.000151107544145725,0.000149311917879471,9.9730522173985e-05,0.00224308140305838,3
"20536",0.00115601492825222,2.8665981092137e-06,0.144254687272134,0.00478421349575677,3.90170624081113e-09,1.10032234194855e-06,0.849777213558539,2.38999231612006e-05,7
"20538",0.707838029443473,2.04436589228604e-07,0.00655046498150808,0.00021617174532659,0.108980724546714,0.001961074114684,1.33678615567114e-06,0.174451993945549,1
"20541",0.0267385347722185,6.80272529978454e-10,1.66239605858986e-07,0.00246592887439982,0.335341322968161,0.635451192707455,7.35778464506855e-12,2.85375052888871e-06,6
