"","V1","V2","V3","V4","best$classification"
"19811",6.7044236172002e-10,2.29891269782776e-22,0.00968020062061629,0.990319798708941,4
"19813",3.57894406961108e-12,3.82103966850384e-26,0.000342283582713258,0.999657716413708,4
"19815",2.82159060510279e-11,2.12025424062779e-24,0.00241620687561663,0.997583793096168,4
"19817",1.89225891989506e-08,3.19805562368312e-20,0.107897023170594,0.892102957906817,4
"19819",0.983243366885234,0.0165060301382882,0.000250602973139697,3.33865912794851e-12,1
"19821",1.66890420637606e-07,1.28720541847989e-18,0.0813416417784544,0.918658191331125,4
"19823",1.1362918778972e-05,6.80771773494773e-15,0.769563030882721,0.230425606198493,3
"19825",0.993019263031853,0.0013829914561339,0.00559774281336398,2.69864888016115e-09,1
"19827",4.23552248588583e-08,7.078506349132e-19,0.0540032168013862,0.945996740843389,4
"19829",0.98958080166297,2.68217439735859e-05,0.0103923654856225,1.11074337602794e-08,1
"19831",0.99751694632746,0.000533366580724973,0.00194968704127237,5.05426076259851e-11,1
"19833",0.98162783202683,0.00769327907875144,0.0106788816838145,7.21060407167528e-09,1
"19835",1.66890420637606e-07,1.28720541847989e-18,0.0813416417784544,0.918658191331125,4
"19837",7.91531544949017e-06,1.02814715322114e-15,0.845336088351521,0.154655996333029,3
"19839",3.44893296299415e-05,2.37231405522321e-15,0.518581358542598,0.481384152127769,3
"19841",3.10218202408088e-06,3.75397075789154e-16,0.1029720015719,0.897024896246076,4
"19843",1.88991470138843e-07,1.66132665538683e-18,0.0422761347917777,0.957723676216752,4
"19845",2.90711913462213e-08,1.06461405508778e-19,0.038448661659891,0.961551309268918,4
"19847",1.39722847777249e-11,4.88908848459745e-25,0.000785686961172252,0.999214313024856,4
"19849",6.37169663356871e-15,6.1685351190631e-30,1.05746555332517e-05,0.99998942534446,4
"19851",1.46986859163356e-12,2.65061889320254e-26,0.000900063600436574,0.999099936398094,4
"19853",1.47973957443176e-08,3.36425139222598e-19,0.1604575321772,0.839542453025405,4
"19855",4.98421143375743e-05,1.39630950760772e-13,0.991179563305931,0.00877059457959184,3
"19857",0.0109954111797147,3.15765191837003e-10,0.98880414620847,0.000200442296050476,3
"19859",1.63583002250046e-09,1.06354861505313e-21,0.0103063769647148,0.989693621399455,4
"19861",1.04046209421105e-12,1.0804197682782e-26,0.000384998312194634,0.999615001686765,4
"19863",5.20706155858059e-14,3.06195898628772e-28,2.07646251009132e-05,0.999979235374847,4
"19865",2.41571321159573e-09,7.79807314118665e-21,0.00626355438722009,0.993736443197067,4
"19867",6.40457531563185e-09,4.06037366062179e-21,0.0422777590125089,0.957722234582916,4
"19869",9.32571136426304e-09,2.02664677105238e-20,0.0191210522371593,0.980878938437129,4
"19871",4.97828384701911e-09,4.60663986196819e-21,0.0292853447307451,0.970714650290971,4
"19874",3.79559275203925e-12,5.28181722484273e-25,0.000559000717731253,0.999440999278473,4
"19876",2.37601860846104e-13,5.47291922597891e-27,0.000151062496307007,0.999848937503455,4
"19878",0.0600684545486279,2.20491611159487e-08,0.939776366950878,0.000155156451333483,3
"19880",2.52313350835266e-15,6.39889582590569e-30,4.81022325667217e-06,0.999995189776741,4
"19882",5.9060000924558e-13,1.08737623476262e-26,0.00018418132581296,0.999815818673596,4
"19885",1.14777507446466e-06,1.46588835079208e-17,0.284020897697987,0.715977954526938,4
"19907",7.61281418577415e-10,2.6250930655649e-22,0.00942747125375276,0.990572527984966,4
"19909",0.688056492771325,7.49150680729341e-07,0.311940673735432,2.08434256269614e-06,1
"19911",1.65665731484911e-05,9.96627614205201e-16,0.438242509686036,0.561740923740815,4
"19913",9.04412653779602e-15,1.1665471969341e-28,5.43028365370218e-06,0.999994569716337,4
"19915",9.24443507553305e-14,1.58265558317014e-27,6.68533906300912e-05,0.999933146609277,4
"19917",6.26253905427023e-12,5.19736310985752e-25,0.000343491431736308,0.999656508562001,4
"19919",1.95378659264218e-09,2.53431975764054e-21,0.0157655699279722,0.984234428118241,4
"19921",5.0841914152029e-08,1.00626483375288e-19,0.178542087340186,0.8214578618179,4
"19923",0.000138826323493672,1.22586610191897e-13,0.951557320463849,0.0483038532125346,3
"19925",2.24747792102974e-07,1.87989354399747e-17,0.190735003537778,0.80926477171443,4
"19927",1.5149758357439e-10,2.996205818736e-23,0.00564150464451053,0.994358495203992,4
"19929",2.61880500577674e-14,1.58259817602624e-28,1.34341864250391e-05,0.999986565813549,4
"19931",4.19602651436335e-12,1.6647929346983e-25,0.000536859123146943,0.999463140872657,4
"19933",0.257521550290892,3.37755172867666e-07,0.742458979259088,1.91326948466862e-05,3
"19935",0.00276514001104251,3.46097243342532e-11,0.99028513099778,0.00694972895656778,3
"19937",2.11974545237491e-14,5.187907410278e-29,4.09824713239032e-05,0.999959017528655,4
"19939",0.0361448608268851,2.78254475209287e-08,0.963754629818132,0.000100481529535503,3
"19941",5.2990278614149e-05,7.31747931509812e-15,0.539507040509506,0.460439969211873,3
"19943",4.87065348841749e-09,3.00824344602122e-20,0.00769623422052371,0.992303760908823,4
"19945",4.55340510148842e-09,3.1682591804296e-21,0.0113712486859945,0.9886287467606,4
"19947",6.80120395465352e-09,4.16070143813417e-21,0.00618455437038593,0.99381543882841,4
"19949",0.000192538963324271,2.22553600529513e-13,0.975162921702245,0.0246445393342086,3
"19951",1.16497023516011e-07,1.65044789650992e-18,0.0665623134444018,0.933437570058575,4
"19953",0.992101673744906,0.00549635872734822,0.00240196747192124,5.58246249827351e-11,1
"19955",1.8557846924236e-10,1.45350673222629e-23,0.00205639222769352,0.997943607586728,4
"19957",1.0986376634635e-06,4.49487586468261e-17,0.217457035173741,0.782541866188595,4
"19960",1.16222433032985e-06,1.23807276382569e-17,0.0977977306900582,0.902201107085611,4
"19963",1.25415590016332e-08,7.60314721041968e-19,0.00636906763311587,0.993630919825325,4
"19965",0.996901634034057,0.000268220388041915,0.00283014550994332,6.79582065566627e-11,1
"19968",1.94996359230182e-09,1.71529158202968e-21,0.00421435066849318,0.995785647381543,4
"19971",1.53503348226484e-08,1.40340850764578e-19,0.00656564277000465,0.993434341879661,4
"19973",6.97595307247268e-10,3.46129914540136e-22,0.00690868294411563,0.993091316358289,4
"19975",4.82377480083726e-09,9.90977749116637e-21,0.0102987190047128,0.989701276171512,4
"19977",1.79648826240523e-14,1.04704298645324e-28,1.06653446015483e-05,0.999989334655381,4
"19979",0.940511464468461,0.0594853395645599,3.19596697584427e-06,2.98455975552119e-15,1
"19981",4.65604515803879e-09,1.53215129907214e-21,0.0213060456878132,0.978693949656142,4
"19983",0.0466539007501129,5.0573344787053e-09,0.953340411488603,5.68270394944549e-06,3
"19985",4.10152036050025e-12,3.75781561820452e-25,0.000466664772637173,0.999533335223261,4
"19987",1.041362209604e-05,6.77446149160439e-16,0.567251898485112,0.432737687892791,3
"19989",0.988028562147069,0.0118041406220019,0.000167297230102098,8.271332756929e-13,1
"19993",0.991801878454059,0.00225985602331759,0.00593826531350238,2.09120728515096e-10,1
"19995",0.275109590491567,5.23011434113534e-07,0.724873594879581,1.62916174177898e-05,3
"19997",1.31432351360498e-09,1.14095973423938e-21,0.0283475248485253,0.971652473837151,4
"19999",5.38844433875173e-13,9.18903990198082e-27,0.000196203597650711,0.99980379640181,4
"20002",0.00500365923960231,1.53053463223077e-10,0.954370785570425,0.0406255550369191,3
"20004",2.50973840798404e-06,3.94685358758056e-17,0.190380112653392,0.8096173776082,4
"20006",0.0186079793120713,2.48699926543198e-10,0.980548756404832,0.000843264034396732,3
"20008",9.41124891469243e-05,4.17532922900832e-14,0.813130345089692,0.186775542421119,3
"20010",0.9925846578718,0.0063639897450901,0.00105135237938023,3.7294679040217e-12,1
"20012",5.820376719837e-09,1.88805519061991e-20,0.0118482250738816,0.988151769105742,4
"20015",7.17084659824315e-06,0.999992829153402,2.92561510570756e-17,1.36233941589372e-33,2
"20017",6.76133832313736e-06,6.42980753816777e-16,0.66262315083262,0.337370087829056,3
"20019",0.994041561622217,0.00573805622889288,0.000220382144401988,4.48812406920751e-12,1
"20022",0.94737117908028,2.36796300839599e-05,0.0526051216678695,1.96217661871269e-08,1
"20024",0.996243473199261,0.00231119994305118,0.00144532668837116,1.69317174661842e-10,1
"20026",0.996243473199261,0.00231119994305118,0.00144532668837116,1.69317174661842e-10,1
"20028",7.49324064843881e-12,8.97360533728877e-25,0.000719536309041502,0.999280463683465,4
"20030",0.988774732445732,0.0111539374063306,7.13301475473681e-05,3.89850995515559e-13,1
"20033",1.38923198710398e-11,1.07427696634299e-24,0.000593150512284056,0.999406849473824,4
"20035",0.991746932809113,0.00811842452729403,0.000134642661292303,2.30070208250746e-12,1
"20037",0.994371786002836,0.000298015379434694,0.00533019750689851,1.11083077499255e-09,1
"20039",0.975926891578587,0.0233197703635753,0.000753338025010543,3.28276580147896e-11,1
"20041",0.991407764354225,0.00723786662056559,0.00135436902311383,2.09591195827982e-12,1
"20044",0.205560376770244,3.6462500285291e-07,0.794410086952737,2.91716520158069e-05,3
"20047",0.254327193337394,0.745672730321703,7.63409031431681e-08,5.34833376507754e-18,2
"20050",0.0286281273780021,0.97137182555211,4.70698876140545e-08,6.1833681033928e-19,2
"20052",3.98878105914766e-08,1.9126160085188e-19,0.0442873277703444,0.955712632341845,4
"20054",0.0861104792352907,0.913889508918697,1.18460121794108e-08,2.33360372701137e-20,2
"20056",3.48482874627971e-12,4.55341774309078e-25,0.000145717588345645,0.99985428240817,4
"20058",0.872790620203718,0.127205389477495,3.99031878655593e-06,3.26977176036214e-16,1
"20060",6.61574629702709e-08,4.03007228092395e-19,0.0983070894836608,0.901692844358876,4
"20062",7.73594447136292e-05,3.68566301756372e-14,0.948000909967752,0.0519217305874976,3
"20064",0.464720202805135,5.36083001091973e-07,0.535273177478744,6.08363311904004e-06,3
"20066",0.998807390055115,8.69765787407916e-05,0.00110563233096195,1.03518173461839e-09,1
"20068",9.75581551810972e-07,1.73526926719807e-17,0.39789912855177,0.602099895866678,4
"20070",1.73474297892453e-06,1.02856734379791e-16,0.708739238479295,0.291259026777726,3
"20072",0.965567054889963,1.36314791824535e-05,0.0344192885705767,2.50602777040858e-08,1
"20074",1.28893709767165e-15,1.6939211500191e-30,2.61409336143367e-06,0.999997385906637,4
"20076",0.000318789845683233,2.89173677322829e-13,0.879151673241522,0.120529536912505,3
"20078",1.82540156639946e-05,7.72956382485602e-16,0.670256467743148,0.329725278241187,3
"20080",0.000337986566380237,0.999662013433522,9.73468181878871e-14,1.11068116296655e-27,2
"20082",1.49532686916051e-05,0.999985046731295,1.34107846748424e-14,3.12322795001547e-28,2
"20084",0.793496763314531,1.63893260288591e-05,0.206485373169758,1.47418968203991e-06,1
"20087",0.278936773537796,1.35025010603728e-07,0.721059356262436,3.73517475756563e-06,3
"20090",0.000350664726109361,0.999649335273327,5.64055939724746e-13,1.86848037278865e-26,2
"20092",0.299537316561415,0.70045913441579,3.54902279552303e-06,2.67924309898421e-17,2
"20096",0.722605337339747,5.01408166444181e-05,0.277343881077072,6.40766535971035e-07,1
"20098",8.65162038966666e-05,1.63913183624545e-13,0.931545736612645,0.0683677471832944,3
"20101",0.540486131071545,1.10730258948327e-06,0.459482394722232,3.0366903633996e-05,1
"20104",0.0145543923077241,0.985445588543553,1.91487227094113e-08,5.2472630018123e-20,2
"20106",0.978646939584913,0.000111874029906349,0.0212411708022213,1.55829595566206e-08,1
"20108",1.84216084340801e-09,1.4157404247387e-21,0.0144536568649273,0.985546341292912,4
"20110",0.971841176280083,0.00974178352323771,0.0184170393328806,8.63799176933315e-10,1
"20112",0.194993021643893,2.54189675163631e-07,0.804940006296928,6.67178695037644e-05,3
"20114",1.89986712053819e-05,2.098902833265e-15,0.413359932308187,0.586621069020605,4
"20116",0.0200327206329333,2.6493949664408e-10,0.977029072122454,0.0029382069796731,3
"20118",0.000113648188354662,5.35415559257105e-14,0.943813033416549,0.0560733183950432,3
"20120",0.000349018445567612,0.999650981552377,2.05538196290760e-12,2.23949886480084e-25,2
"20122",7.01000816242433e-09,2.43146293440633e-20,0.0124784217970109,0.987521571192981,4
"20124",0.25620409004981,7.0820022102716e-08,0.743737596337607,5.82427925610807e-05,3
"20126",0.454075702806047,2.25981658028218e-06,0.545882115845929,3.99215314434628e-05,3
"20128",0.387834817492391,0.612164073251803,1.10925580545987e-06,3.04375926642867e-16,2
"20141",0.000247299474685661,1.29455291454044e-11,0.993504084274608,0.00624861623776036,3
"20143",1.03486216887529e-15,2.70204297521243e-30,2.00749571340931e-06,0.999997992504286,4
"20145",0.695298624100893,5.03159092634179e-06,0.304694613842843,1.73046533830693e-06,1
"20147",0.964065863340505,1.61351920261323e-05,0.0359179898046479,1.16628212470209e-08,1
"20149",2.65955388441816e-09,7.05487164143311e-21,0.00616618245626268,0.993833814884184,4
"20151",6.51536403945161e-06,1.3340672749407e-15,0.679615676023248,0.320377808612711,3
"20153",0.984364658917982,0.00503914708088968,0.0105961922683872,1.73274085388463e-09,1
"20155",0.876406942782478,3.58118746860314e-06,0.123589165197428,3.10832625276212e-07,1
"20157",2.96145381126885e-14,2.16771255707579e-28,1.95317845654773e-05,0.999980468215405,4
"20160",3.65587456363598e-15,2.50675209764211e-29,3.96374831360104e-06,0.999996036251683,4
"20162",3.70232162396497e-14,7.73501184204267e-28,2.77846365164866e-05,0.999972215363446,4
"20164",1.75742599480516e-12,1.47639118506846e-25,0.000187838972379793,0.999812161025863,4
"20166",0.234462782927306,1.09015771573033e-07,0.765207880507441,0.000329227549481431,3
"20168",7.75110826282581e-12,2.85869241487515e-25,0.000198975282523146,0.999801024709726,4
"20170",4.02715344923226e-11,8.44877649380687e-24,0.00162517029719641,0.998374829662532,4
"20172",0.135192392032205,9.70053380761211e-09,0.864770839800297,3.67584669647942e-05,3
"20174",4.8278485748347e-11,7.88987541838592e-24,0.00231525421612227,0.997684745735599,4
"20176",0.117904485666382,2.73331775008139e-08,0.881909135249506,0.000186351750934327,3
"20178",9.04105433360299e-16,2.95619800201186e-30,1.72992565132672e-06,0.999998270074348,4
"20181",0.988018216174058,3.68106636687938e-05,0.0119449379828567,3.51794163103517e-08,1
"20183",1.64182326351174e-06,3.48030935261475e-17,0.521209251997908,0.478789106178829,3
"20186",0.983795731314797,0.000761456491860733,0.0154428116432532,5.50089267223474e-10,1
"20188",1.14135940108258e-11,6.45616809879759e-24,0.000328457343134934,0.999671542645451,4
"20190",0.43647526657548,0.563524458513045,2.74911475055439e-07,7.44998215715729e-18,2
"20193",0.00176019314259931,1.28735889419726e-11,0.902158286710038,0.0960815201344887,3
"20195",7.21124954055734e-08,9.83166962370926e-19,0.0470642237632979,0.952935704124207,4
"20197",0.996354067524811,0.0027609930223497,0.000884939446779107,6.05987572905364e-12,1
"20199",1.00844331736356e-06,1.09098981370803e-16,0.20828287555123,0.791716116005452,4
"20205",0.702898803014678,0.296964754058502,0.000136442926576465,2.43443397348379e-13,1
"20208",9.68561114136978e-05,8.47580563203433e-14,0.963792144471568,0.0361109994169337,3
"20210",8.79723554003424e-15,4.49803754342146e-29,1.0778683207405e-05,0.999989221316784,4
"20212",4.9904654648458e-10,6.32165979714408e-22,0.00380735215432947,0.996192647346624,4
"20216",0.996248365579092,0.00304397795745526,0.00070765644809247,1.53601694462645e-11,1
"20219",0.0482217783481346,0.951778135231102,8.64207631484495e-08,4.07099591885916e-19,2
"20223",0.824376900482118,1.63257060770899e-06,0.175619198587764,2.26835951113261e-06,1
"20226",0.9544311952398,0.0449789143738677,0.000589890385077006,1.25548099721278e-12,1
"20230",0.998140410991079,0.00053638154201317,0.00132320733600264,1.3090504292698e-10,1
"20233",0.0192395824131857,3.87467032411008e-07,0.980572040887833,0.000187989231948313,3
"20235",0.99108294806037,0.0086166510968372,0.000300400841617488,1.17561945488372e-12,1
"20239",0.0418571934362752,1.14195347782118e-09,0.95802902719142,0.000113778230351737,3
"20254",1.71273997444625e-05,0.99998287260024,1.50668468788257e-14,3.47944806489157e-28,2
"20256",0.993296381784263,3.01675367183056e-05,0.00667345022079937,4.5821922148429e-10,1
"20262",1.41120451377078e-08,1.01795673136865e-19,0.045101607206398,0.954898378681557,4
"20270",0.00155102539725725,3.76734707551644e-12,0.944956405655719,0.0534925689432558,3
"20284",0.00277905694473386,4.01603486836046e-10,0.996173348625266,0.00104759402839671,3
"20287",0.938145380780105,0.0618514668265493,3.15239334483185e-06,6.83875527375489e-16,1
"20290",1.0485196549056e-05,0.99998951480343,2.10515151234867e-14,3.99041538525357e-28,2
"20293",0.00095071661861613,3.85902658508901e-13,0.995415325684383,0.00363395769661557,3
"20296",0.000194449518094174,1.18236577289461e-13,0.908160301230991,0.0916452492507963,3
"20301",0.0113755238795014,0.988624476074544,4.59547686906044e-11,2.86144060292359e-22,2
"20304",0.00194489876468198,0.998055101112409,1.22909465759282e-10,1.70305578833305e-22,2
"20306",0.965435372942163,0.0345415707799492,2.30562778778721e-05,9.87645062226712e-15,1
"20309",0.00625757705400658,8.09468382528723e-11,0.992630365522671,0.00111205734237597,3
"20311",0.0182158981977517,6.05813874891223e-10,0.980583119225427,0.00120098197100795,3
"20314",1.03548856114044e-05,1.69280452139859e-15,0.669740476465387,0.330249168649,3
"20318",2.26706654989906e-09,2.01370815452427e-20,0.00242004736268597,0.997579950370247,4
"20320",1.078054934051e-14,3.23744868774544e-29,1.23441129049481e-05,0.999987655887084,4
"20326",2.7784284665006e-08,1.40011005211892e-19,0.0453132137293826,0.954686758486333,4
"20328",7.2075242098926e-14,3.94218260870781e-28,6.16344726768099e-05,0.999938365527251,4
"20330",0.994218728698469,0.000490827336524938,0.00529044385518897,1.09817576440781e-10,1
"20336",0.982140780193964,0.0162409923729631,0.00161822741486601,1.82063488346902e-11,1
"20338",0.0018892023250033,0.998110797448035,2.26961897637583e-10,7.91453428967717e-23,2
"20340",0.997991401138446,0.00199374992334272,1.48489381865728e-05,2.49331713513892e-14,1
"20342",1.45623292420298e-09,5.12400086533069e-21,0.00393173804073248,0.996068260503035,4
"20344",0.446182829666236,1.89563810621981e-07,0.553804961401829,1.20193681249517e-05,3
"20349",0.996413831193981,0.000103335312324521,0.00348283324047902,2.53215146991629e-10,1
"20351",0.0449015801719241,1.92010370133841e-09,0.954831649729729,0.000266768178243073,3
"20353",0.973193206267927,0.0266812975934115,0.000125496138569872,9.17119672849841e-14,1
"20357",0.471690336642893,0.528290676881121,1.89864759789835e-05,7.41344333381591e-15,2
"20360",0.794515144289139,0.205442117853779,4.27378570594652e-05,2.32138696185927e-14,1
"20364",0.658356710111368,3.88585054218477e-06,0.341638146246965,1.25779112481928e-06,1
"20366",0.976449949392278,0.00264123824377537,0.0209088086272942,3.73665213011495e-09,1
"20381",0.575241813801821,1.02094891760863e-05,0.424742220160636,5.75654836652478e-06,1
"20391",0.995572461310978,0.00169599040012897,0.00273154826075954,2.81336576691052e-11,1
"20394",1.28148574923931e-06,2.30280441499601e-17,0.607524678060104,0.392474040454147,3
"20396",1.09284146670946e-13,7.54837080225365e-28,7.17120365483421e-05,0.999928287963342,4
"20409",0.095400058603394,5.62676302133454e-08,0.904337575282846,0.000262309846129677,3
"20411",0.448268617641268,0.551729619678371,1.7626803609648e-06,4.02675658554107e-17,2
"20416",0.00868667390796019,0.991313325684744,4.07296343287201e-10,1.16340902601991e-21,2
"20418",1.85176372765731e-15,1.87479809105558e-30,4.74677178832358e-06,0.99999525322821,4
"20420",0.000333942252996095,6.85016036833029e-12,0.955220082737144,0.0444459750030095,3
"20422",0.992037826010441,0.00024993752956123,0.00771223282671219,3.6332857798099e-09,1
"20424",0.135199478406068,0.864800469530538,5.20633941599769e-08,7.03149849287912e-20,2
"20426",0.947309958976948,0.0429715203701418,0.00971851065693894,9.99597128816542e-09,1
"20428",0.0733151182170258,6.62180942785452e-09,0.926583020329407,0.00010185483175822,3
"20431",0.000613098340284664,3.7912405646752e-12,0.943807848885115,0.0555790527708094,3
"20433",2.00664717252175e-10,3.14863172427874e-23,0.00117309716871059,0.998826902630625,4
"20436",0.959727801890723,2.92838212375498e-05,0.0402428568196617,5.74683771582126e-08,1
"20439",5.67617405207141e-15,9.66677437286492e-30,8.40650199895909e-06,0.999991593497995,4
"20441",0.0822352486063292,0.917764350222315,4.01171355567087e-07,1.18548716214883e-17,2
"20444",6.6396399190841e-15,7.72623557375741e-29,6.82343482137567e-06,0.999993176565172,4
"20448",0.000385825734174262,0.999614174256572,9.25404355048794e-12,1.93488156554466e-24,2
"20536",4.63567504329341e-07,1.35164582927023e-18,0.345807701025829,0.654191835406666,4
"20538",0.989396641578454,0.00104708086432345,0.00955627623768138,1.31954115584596e-09,1
"20541",0.023368857801039,0.97663114096797,1.2309914513716e-09,1.17084313758888e-21,2
"20544",0.000293084721354532,2.48790002819182e-13,0.994114312003816,0.00559260327458092,3
"20546",0.994533349599169,0.00496738766731909,0.000499262731742202,1.76954512178996e-12,1
"20550",0.0665828478409649,3.34257123489018e-08,0.933275334944377,0.000141783788945333,3
"20553",0.000190276875105469,0.999809723124544,3.50575325484716e-13,4.94907127971778e-25,2
"20555",0.0872990872701638,4.88606829135186e-06,0.912681958012152,1.40686493928523e-05,3
"20557",0.574175096051127,0.425794797078575,3.01068702910086e-05,6.58792967085172e-15,1
"20559",0.865153109720091,0.134843351746575,3.53853333306164e-06,1.45651311845985e-16,1
"20561",1.97643527337209e-10,5.72742576394607e-23,0.00439862660691552,0.995601373195441,4
"20564",1.17711912037263e-15,5.83159294907215e-30,1.90299617149944e-06,0.999998097003827,4
"20566",0.985277421181157,0.0145230777356676,0.000199501082935635,2.39970432964895e-13,1
"20569",1.07782615117967e-08,5.89343415713681e-20,0.0470940129418707,0.952905976279868,4
"20572",5.76585832706377e-06,9.59539959784964e-16,0.345341290623298,0.654652943518375,4
"20574",0.887440410324993,1.42145061387981e-05,0.112544902768839,4.72400029022233e-07,1
"20576",1.72384440703389e-14,1.39130308866738e-28,9.97140258813316e-06,0.999990028597395,4
"20578",0.00456642430750173,4.71159813179354e-11,0.992280927575519,0.00315264806986333,3
"20580",0.0222988682845655,9.01027824946492e-10,0.977352915801562,0.000348215012844195,3
"20583",3.84069466814208e-15,1.18653703386487e-29,4.32771721505498e-06,0.999995672282781,4
"20586",1.285954912282e-07,3.40389515788362e-19,0.0633238112554875,0.936676060149021,4
"20589",0.950185679233231,0.0498125212654103,1.79950135845292e-06,1.55364435918969e-17,1
"20591",0.409931778599909,8.77050946360334e-06,0.590058858467951,5.9242267693944e-07,3
"20593",0.99687276522327,7.17261953469753e-05,0.00305550700391968,1.57746342705759e-09,1
"20595",0.998550869416716,0.00030492577979136,0.00114420478554559,1.79471783375052e-11,1
"20597",0.992077639189122,0.00416742681752795,0.00375493381912155,1.74228938481481e-10,1
"20599",8.96765021680154e-15,1.01510327724469e-28,5.64750185659974e-06,0.999994352498135,4
"20601",1.69221735785806e-06,6.79114220681819e-17,0.830277218753283,0.169721089029359,3
"20604",0.0171334212010391,0.982866578701314,9.76468425458105e-11,6.98909571873385e-23,2
"20606",0.129818927737126,0.870181049155239,2.310763527135e-08,7.26873378763509e-20,2
"20608",0.874041046478525,0.125955610445356,3.34307611875845e-06,8.87276262518546e-17,1
"20610",1.19642809027825e-12,7.92455333258254e-26,9.53054956665297e-05,0.999904694503137,4
"20612",4.57575056415661e-11,7.68663033866701e-24,0.000546210539559074,0.999453789414684,4
"20614",2.76369325031827e-14,3.17179928873057e-28,2.00367033189348e-05,0.999979963296654,4
"20616",1.84316458290608e-09,1.27294455218661e-21,0.0109543995506861,0.989045598606149,4
"20618",0.913353645358676,0.000523474972628618,0.0861227973173201,8.23513749133295e-08,1
"20620",0.887428801412761,0.112535127343554,3.60712436530496e-05,3.14302917568513e-14,1
"20622",4.38743877466144e-11,3.20408185513293e-23,0.000632972776114821,0.999367027180011,4
"20624",0.801729477219461,0.198260245480191,1.02773003464053e-05,1.95077233714164e-15,1
"20626",0.969156480447607,2.27391277437142e-05,0.0308207646782816,1.57463677127476e-08,1
"20628",0.95804939122837,2.13946557849063e-05,0.0419292057175332,8.39831177837178e-09,1
"20630",0.964125053549248,0.000130608808063675,0.035744304302465,3.33402231599527e-08,1
"20632",9.55965215656234e-15,4.01912360158699e-29,1.16558181048137e-05,0.999988344181886,4
"20634",0.975294779120799,4.89569658780557e-05,0.0246562432740547,2.06392682306602e-08,1
"20637",3.12634741700707e-08,0.999999968736526,2.09659564025989e-19,3.91341968007809e-35,2
"20639",3.90735325764442e-13,2.24602326619985e-26,0.00020394829424584,0.999796051705363,4
"20644",0.988025104759076,0.0118395758603691,0.000135319376115801,4.43903721790817e-12,1
"20646",0.00184387393170736,9.62384064801661e-13,0.954005824337706,0.0441503017296239,3
"20648",4.1462626980091e-06,7.53953834940043e-16,0.775285144651566,0.224710709085735,3
"20650",0.985267336273098,0.000126029026676638,0.0146066248160095,9.88421565485596e-09,1
"20653",7.86739928461618e-05,1.78686250040395e-13,0.926327739862474,0.0735935861445007,3
"20658",0.997392988192148,0.00203762893857943,0.000569382860646761,8.62565744706379e-12,1
"20661",4.09710736019298e-05,7.37646061350191e-15,0.626192915506148,0.373766113420243,3
"20663",2.41145391328183e-05,8.07659426008482e-16,0.837755023718147,0.16222086174272,3
"20665",9.20851488259707e-07,4.71419924237887e-17,0.082047580851262,0.91795149829725,4
"20667",0.000265989282685842,3.68975008584563e-13,0.984584099230569,0.0151499114863759,3
"20669",5.4327193081173e-08,3.12973651990684e-19,0.0439763607213822,0.956023584951425,4
"20671",0.86044751651529,0.139456274483131,9.62090013431871e-05,2.36314753208635e-13,1
"20673",5.80240557397148e-14,1.80338753902897e-28,5.93727986098195e-05,0.999940627201332,4
"20675",3.40595332264187e-05,2.38764461243424e-15,0.928688681634385,0.0712772588323859,3
"20677",0.00528850309038281,2.53557623437977e-11,0.994190904594938,0.000520592289323712,3
"20679",1.16155801199621e-10,2.56693772752266e-23,0.00333272021999368,0.99666727966385,4
"20681",2.82896868450515e-12,2.86803322381541e-26,0.00108085858590267,0.998919141411268,4
"20683",1.88835811762315e-07,7.59409075737182e-19,0.0744332369001832,0.925566574264005,4
"20685",0.00743605554004077,2.58828053808538e-08,0.992316211906559,0.000247706670594651,3
"20687",4.85099726671589e-15,1.44826731163345e-29,8.48438234701423e-06,0.999991515617648,4
"20689",0.977027241481345,0.0229302051285363,4.25533896501239e-05,4.68739340013011e-13,1
"20691",5.17807090411866e-16,4.3878323795671e-31,1.69686897540202e-06,0.999998303131024,4
"20693",0.99870088194991,0.000303380393024929,0.000995737635665321,2.13995631994804e-11,1
"20695",5.24843163426892e-12,2.82946256768061e-25,0.000692318653592213,0.999307681341159,4
"20697",0.988767625405435,0.011021773164262,0.000210601427964812,2.33847886577038e-12,1
"20699",0.747309943222993,2.53754646540376e-06,0.252687253397298,2.65833243440713e-07,1
"20701",0.0153167685516409,1.62030039067979e-10,0.984336588445052,0.000346642841277499,3
"20703",8.7785082380979e-05,1.11637273283544e-13,0.7731911648286,0.226721050088908,3
"20705",0.0495279339214646,5.15459192148245e-09,0.95015294731109,0.000319113612853243,3
"20707",5.6770525781365e-08,1.29853707316341e-19,0.137916979205196,0.862082964024278,4
"20709",1.8436873277342e-08,5.17779151511039e-20,0.0130876249852888,0.986912356577838,4
"20713",0.0340646915529076,7.83274219757243e-08,0.965881249746254,5.39803734164577e-05,3
"20715",0.984845636262027,0.000220362034987061,0.0149337834529169,2.18250069032122e-07,1
"20717",1.80569849127255e-11,9.64523740571977e-25,0.00460369248582893,0.995396307496114,4
"20720",0.989774061203025,0.0100120922102903,0.000213846586415676,2.68730428299388e-13,1
"20722",0.586079678893412,1.12010873429792e-06,0.413916791785901,2.40921195209052e-06,1
"20724",1.81535545867652e-12,8.67011382107194e-26,0.000374408373145916,0.999625591625039,4
"20726",0.999163003200376,0.000591990045756739,0.00024500675340533,4.61967284296914e-13,1
"20728",4.55818610552876e-13,3.63945812113187e-27,0.000385302464297205,0.999614697535247,4
"20730",3.40441079769666e-08,1.78529122447643e-19,0.115014394503053,0.884985571452839,4
"20732",0.000116138907010453,3.52100482942041e-14,0.906149788674866,0.0937340724180884,3
"20734",0.000280987453442651,2.76669411869133e-13,0.982530340021119,0.0171886725251616,3
"20736",4.70634537702018e-13,1.1274721976061e-26,0.000103542918989247,0.99989645708054,4
"20738",1.00461963788346e-15,7.83165787674593e-31,2.09404155300707e-06,0.999997905958446,4
"20740",0.00369484425967041,4.18871037527686e-11,0.991018578033527,0.0052865776649151,3
"20742",5.08648941580496e-05,9.63833208652133e-14,0.96749190802568,0.0324572270800658,3
"20744",4.18210689043813e-08,3.66133534742649e-19,0.047735003041289,0.952264955137642,4
"20746",6.57672431900256e-06,1.20725668090987e-16,0.669600068044871,0.33039335523081,3
"20748",1.45629963935209e-12,1.0565185318184e-25,0.000386066472138244,0.999613933526405,4
"20750",1.73590693427106e-06,4.80807871531701e-17,0.364278653219345,0.63571961087372,4
"20752",0.968727073160686,4.09344931258969e-05,0.0312319896922149,2.65397359761508e-09,1
"20754",2.26532662993029e-12,2.74418721428739e-26,0.000348648699582874,0.999651351298152,4
"20756",2.59243053336786e-05,2.33456968668446e-15,0.723995691132026,0.275978384562638,3
"20758",1.09462195502894e-09,4.54967024190567e-22,0.00361555354208035,0.996384445363298,4
"20760",1.05142547521639e-11,9.09012601484972e-25,0.00100525731371291,0.998994742675773,4
"20762",1.33768537816383e-14,1.57760537469315e-29,2.38799686051706e-05,0.999976120031381,4
"20764",1.85546710853016e-09,4.04668329021013e-21,0.00986105850778964,0.990138939636743,4
"20766",7.58700221571624e-13,2.61942922726569e-26,0.000299052088573072,0.999700947910668,4
"20768",7.76406709102223e-14,5.24484092270323e-28,3.48063923389796e-05,0.999965193607583,4
"20770",1.548010733446e-06,1.33411823243949e-17,0.244472524209455,0.755525927779811,4
"20772",0.904096438871047,0.095899578561309,3.98256764341906e-06,6.82898018145896e-16,1
"20774",0.410816958180238,2.85997783381869e-07,0.589077598249469,0.000105157572508785,3
"20776",6.34115909215153e-16,3.22011294853936e-31,2.34242315557421e-06,0.999997657576844,4
"20778",0.988444882275255,0.0113501837164677,0.000204933997049497,1.12284063284237e-11,1
"20780",3.0773406802408e-11,2.16587332307871e-24,0.000720350888918071,0.999279649080308,4
"20782",8.96421235882593e-10,4.27528074935415e-22,0.00700585092323655,0.992994148180342,4
"20784",4.00559967643546e-15,3.58812718007008e-30,7.70201355229747e-06,0.999992297986444,4
"20786",4.51993390667453e-14,3.01769606911373e-28,1.67903863456657e-05,0.999983209613609,4
"20788",1.18702140724272e-06,1.67769654459694e-17,0.680727197596499,0.319271615382093,3
"20790",4.0648146593235e-09,3.85796657986465e-21,0.0239787013419226,0.976021294593263,4
"20792",0.00344253116778183,1.69952789400131e-10,0.988429185818359,0.00812828284390666,3
"20794",2.5169336223925e-10,9.66199096512085e-23,0.00394761819363565,0.996052381554671,4
"20796",0.998509062521735,0.000561705321676462,0.000929232148253497,8.33466181724836e-12,1
"20798",4.09651958741037e-16,3.85099035930245e-31,1.29955891090414e-06,0.999998700441089,4
"20801",1.84785418620312e-13,3.17700072295198e-27,3.71578970515326e-05,0.999962842102764,4
"20803",6.10896913374089e-07,3.02672777497801e-18,0.601151074950361,0.398848314152725,3
"20805",6.47175723171209e-05,1.30774691151717e-14,0.874568008928487,0.125367273499182,3
"20807",5.33355022878261e-16,7.59672023927306e-31,1.42957342511926e-06,0.999998570426574,4
"20809",3.7306133745471e-06,2.37082833628113e-16,0.351373363439417,0.648622905947209,4
"20811",9.17518509104232e-12,1.65714218960429e-24,0.000240406552781499,0.999759593438043,4
"20813",0.00685507548694736,2.16916793283748e-10,0.992668036233982,0.000476888062153552,3
"20815",1.57295972181935e-15,2.68479097359638e-30,2.99199621606048e-06,0.999997008003782,4
"20817",3.93307588146477e-14,2.36958079059151e-28,4.25840605147914e-05,0.999957415939446,4
"20819",0.14773509573339,1.10777628506142e-07,0.852259450743855,5.34274512567975e-06,3
"20821",6.23377606233156e-06,2.88181831167493e-16,0.163647925351473,0.836345840872465,4
"20823",5.54975445842284e-05,9.61739482799771e-15,0.927441630128927,0.0725028723264792,3
"20825",4.51669431921312e-13,8.16101082013223e-27,0.000201570012826812,0.999798429986722,4
"20827",5.87160523996223e-06,1.69167832998502e-15,0.378897149351532,0.621096979043227,4
"20829",0.935668927038142,3.06014440100673e-05,0.0643003540482514,1.17469596597457e-07,1
"20831",1.17933678178088e-07,2.07306716081526e-18,0.10805091470419,0.891948967362131,4
"20833",8.13858643151477e-15,1.19467202045997e-29,1.26820078733336e-05,0.999987317992119,4
"20835",5.91934741944711e-10,6.19445425735925e-22,0.0126403507647042,0.987359648643361,4
"20837",3.21685243781226e-12,1.33267691745948e-25,0.000785692373787265,0.999214307622996,4
"20839",3.96079436663027e-08,2.06604237739295e-19,0.110210255688146,0.88978970470391,4
"20841",4.78596819297076e-06,1.44785404007896e-16,0.364295940055241,0.635699273976566,4
"20843",5.0228928416105e-06,1.84927899235273e-16,0.769894908952067,0.230100068155091,3
"20845",4.78058802486559e-08,1.91052137053293e-19,0.0642301337370215,0.935769818457098,4
"20847",0.00219113723547204,8.31719943565643e-12,0.99693000790093,0.000878854855281149,3
"20849",1.20389270012153e-06,1.42477639501519e-17,0.174080960748503,0.825917835358796,4
"20851",3.14337058025586e-07,1.94421299779232e-18,0.102327459356526,0.897672226306416,4
"20853",0.992595372582239,0.00279776125771077,0.00460686594350575,2.16544755022903e-10,1
"20855",0.99734800371433,3.68950158679598e-05,0.00261510120145274,6.83491148990937e-11,1
"20857",0.0801545814131637,2.01932628201045e-08,0.91980794174399,3.74566495834465e-05,3
"20859",0.823146922132656,3.19137723094736e-06,0.176849410566137,4.75923977000277e-07,1
"20861",0.96443514306142,0.0226768577107871,0.0128879985194306,7.08362606913045e-10,1
"20863",3.05387910032156e-09,1.93959814231412e-20,0.0233590835833308,0.97664091336279,4
"20865",3.39013491456956e-10,6.45918924820056e-23,0.00377525346848352,0.996224746192503,4
"20867",0.564017603196548,0.435981947183257,4.4962019485156e-07,5.89429994008469e-17,1
"20869",1.37983248033629e-10,3.67174396204387e-23,0.00291326646800651,0.99708673339401,4
"20871",0.804430633382594,0.195564972482994,4.39413440436028e-06,7.58759229465555e-15,1
"20873",0.951122054897606,0.0488659719310096,1.19731713629945e-05,2.12077552625254e-14,1
"20875",0.489945443462675,7.55541531552461e-07,0.510053065460142,7.35535651606236e-07,3
"20878",1.10907374308393e-10,6.27369057028404e-23,0.000916770175356863,0.999083229713736,4
"20880",2.99635424738139e-14,7.55490681532613e-29,2.20239275247363e-05,0.999977976072445,4
"20882",0.000314542538329949,2.06707878615183e-13,0.79545997674592,0.204225480715543,3
"20884",7.96223346407015e-15,1.74677738952545e-29,1.65688896386837e-05,0.999983431110353,4
"20886",3.99931508022172e-07,7.48702487266605e-18,0.10557141018986,0.894428189878632,4
"20888",2.94711939780943e-09,9.26881493772794e-21,0.0125657728151316,0.987434224237749,4
"20890",5.79138612914779e-05,4.76258916721338e-14,0.976998036901883,0.0229440492367776,3
"20892",0.101978472821139,7.65025042353272e-08,0.898012559882585,8.89079377147262e-06,3
"20897",0.787759625959265,7.81800616627708e-05,0.212162051150124,1.42828948358177e-07,1
"20899",0.258230359863319,9.22674014202261e-07,0.741755871429632,1.28460330347198e-05,3
"20901",0.185178343529615,0.814821168562599,4.87907786251676e-07,2.62750920653875e-17,2
"20903",0.99311613908716,0.000501202304004363,0.00638262766877508,3.09400607585796e-08,1
"20905",0.00046367401675466,9.2151633641046e-13,0.861287508475242,0.138248817507082,3
"20907",0.999397976967792,0.000268461790634734,0.000333561239992555,1.58049678706292e-12,1
"20909",0.000185739581024197,6.34424113138692e-14,0.950364675308971,0.049449585109941,3
"20911",0.0196671282147507,0.980332867440193,4.34505627569612e-09,4.86688545898979e-20,2
"20913",0.000152625265781828,1.47977482957777e-13,0.924181588141228,0.0756657865928426,3
"20962",0.503074371415109,5.09757025216432e-07,0.496922084967227,3.03386063895696e-06,1
"20969",0.991820105111688,0.00745112778331451,0.00072876706116746,4.38298193787171e-11,1
"20980",0.960718223178473,0.0392331071335354,4.86696879891709e-05,2.07411403405183e-15,1
"20982",0.999021704006842,0.000247403724847682,0.000730892267377167,9.33089376500629e-13,1
"20984",0.0174224129634943,5.9734374996168e-09,0.98247450110417,0.000103079958897755,3
"20994",0.068324501485899,0.931675395098634,1.03415466856762e-07,1.81655061311936e-18,2
"21015",7.47110878808328e-06,1.26122226120964e-14,0.673132741364136,0.326859787527063,3
"21023",0.611752917495535,0.388245843761917,1.23874254872792e-06,4.07511395631362e-17,1
"21040",9.69852266279255e-06,0.999990301477336,1.45485689955899e-15,1.43407008413658e-30,2
"21073",0.956134664212531,0.000357173004573104,0.0435081520434833,1.07394123902695e-08,1
"21222",1.00532004691074e-05,1.82201315050071e-15,0.705542311071019,0.29444763572851,3
"21224",0.800374219508478,2.14355535629287e-05,0.199603974154114,3.70783845220821e-07,1
"21228",0.409347624707355,2.18072526310306e-05,0.590620675635539,9.89240447500106e-06,3
"21232",0.998056496619795,0.00118931967079873,0.000754183706360275,3.0453544632698e-12,1
"21237",6.25743823084547e-05,1.80703778186652e-14,0.644806466047849,0.355130959569824,3
"21240",6.30236757568235e-08,1.23436702515157e-18,0.142336863662453,0.857663073313871,4
"21245",2.61896282771462e-07,5.74650179317375e-18,0.141177599386401,0.858822138717317,4
"21252",0.0244421931937083,1.15149428011874e-09,0.975188231325798,0.000369574328999127,3
"21254",0.929269443058296,0.0706291518326359,0.000101405109032534,3.60376332521705e-14,1
"21258",0.767298071664516,7.19905097066756e-06,0.232694614159701,1.15124812279146e-07,1
"21264",2.87463707435469e-06,2.41595846184776e-16,0.575958247625926,0.424038877736999,3
"21305",0.000352181093096319,4.32910257484268e-13,0.925189437011751,0.0744583818947198,3
"21333",0.996488809480194,0.00298175635513926,0.000529434164257857,4.09403940553743e-13,1
"21366",2.89137518934572e-05,7.58725318443329e-15,0.771624334226146,0.228346752021953,3
"21377",4.0698888062968e-08,5.3646374513381e-19,0.0247525113667146,0.975247447934397,4
"21380",0.0455625857219,4.02747652745638e-09,0.952791234410867,0.00164617583975672,3
"21387",0.278524889863512,1.35830896786868e-06,0.721319136406743,0.000154615420777562,3
"21390",0.58684562718264,1.55657648024772e-06,0.413143661921679,9.15431920085963e-06,1
"21392",0.0453981189650159,1.47611611809709e-08,0.954590620626555,1.12456472676159e-05,3
"21403",1.52934624748527e-06,1.28284498900977e-17,0.173266622544221,0.826731848109531,4
"21408",0.99687790434093,0.00205417156456303,0.00106792402040305,7.4104399197127e-11,1
"21412",0.00688148467783179,0.993118507683609,7.63855939336559e-09,3.44353360696251e-19,2
"21421",0.0669734340540582,8.74529178194749e-08,0.933018095977937,8.38251508684903e-06,3
"21424",2.63176928312025e-05,0.999973682307147,2.15147516925677e-14,2.33990251600702e-28,2
"21429",0.0515408661370515,0.94845911248499,2.13779589631292e-08,6.45457483388812e-20,2
"21431",0.0218063070625334,4.18169603788372e-09,0.978134250786849,5.94379689214245e-05,3
"21436",3.54930744633589e-08,3.64485720997952e-20,0.0501172223448985,0.949882742162027,4
"21439",0.988943171936676,0.0107757275947356,0.000281100468101551,4.87224784974248e-13,1
"21442",0.000672037187234269,1.8410735738824e-12,0.979523631704814,0.019804331106111,3
"21444",2.8636341306055e-12,1.89321894786663e-25,0.000858585867438917,0.999141414129697,4
"21446",0.584628004224579,4.98989870751242e-05,0.415311552117556,1.05446707893656e-05,1
"21448",8.19866892044601e-06,2.98437263197534e-14,0.492013448736023,0.507978352595027,4
"21450",0.000125244249955455,9.14600911082169e-14,0.902138193475119,0.0977365622748344,3
