"","V1","V2","V3","V4","V5","V6","V7","V8","V9","best$classification"
"19812",0.000153107738709906,0.000570952363281349,0.247931281835367,0.0428639535218519,8.58681259503698e-05,0.708329214136996,8.73648596135929e-07,4.30737809022211e-05,2.16748483452862e-05,6
"19814",1.88850618847843e-06,4.67176831044057e-05,0.012846585702661,0.000563962722306169,1.14816316454244e-06,0.984835533502077,0.00169801975293394,6.11280842827103e-06,3.11591363554229e-08,6
"19816",8.43909241743869e-06,0.242742465683122,0.745472601990372,0.00665955144587805,4.16230437514441e-09,0.00364376044142705,5.37127728325409e-07,6.27451761331659e-06,0.00146636553913863,3
"19818",6.55051182361321e-06,0.00115829618815406,0.59633220611407,0.000220823550123268,1.82853314746465e-06,0.396047521255767,0.00620028824579941,3.10220986080836e-05,1.46350250686924e-06,3
"19820",0.000169328814636871,0.998145131558712,0.00142900793046551,2.0292897587926e-05,1.66853814761781e-10,3.75711654086635e-09,1.81589014388175e-10,3.62633872254066e-11,0.000236234656775539,2
"19822",0.139580330117821,0.838937207281147,0.00233620004657393,0.0108550485190007,6.58887603559071e-06,3.19732702096952e-07,1.07911586689475e-06,2.51141745653313e-09,0.00828322379943479,2
"19824",7.46257837418396e-05,0.413418296010098,0.424596427980081,4.55859419008785e-06,2.00626546094652e-07,0.000140576189476347,0.00156441375045315,7.11754507098294e-06,0.160193783520343,3
"19826",1.59665333867702e-06,0.00162582076744488,0.0795171126146468,0.137627555757365,1.34431714813597e-06,0.770682819684835,2.35554510276463e-05,0.00582620557835012,0.00469398917584367,6
"19828",0.00115189103452487,0.737686961422496,0.260988118459362,9.06196196869526e-05,7.22670641610843e-08,7.25552373002407e-05,1.00489814089265e-06,1.37957209706368e-08,8.76326570425573e-06,2
"19830",9.37009426723093e-06,1.43238807803578e-06,0.00841397589414892,0.102868453370066,0.00361131851170974,0.882281323575006,8.42189293272997e-05,0.00272496794301868,4.9392943780953e-06,6
"19832",0.689802449548765,0.0128470943199567,0.101117766171606,0.0319756947218438,0.0212910898713774,0.142806991556524,9.47277022356044e-07,5.85282785161174e-07,0.000157381250119859,1
"19834",0.00838207307971692,0.0843391169788477,0.170406329944523,0.727944261533896,6.4359931741252e-06,0.00884064818868973,7.62350498683197e-05,1.14903955579628e-07,4.78432732868366e-06,4
"19836",4.48951317692981e-06,0.00107328819866873,0.949277192723157,0.00131570147662113,1.58692129934724e-05,0.0289039054475876,1.29203177776914e-07,0.00434221966184155,0.0150672045627753,3
"19838",1.38472036390534e-06,2.55597690357436e-07,0.000382567433045782,0.000492771805223753,4.80909664317307e-05,0.998861682421196,0.000197327687419681,1.59139215810727e-05,5.44704791768521e-09,6
"19840",5.38975923626207e-06,0.0500009478485966,0.14719331142893,0.786702602840055,4.04852861687671e-08,0.0150390489031659,2.07371178149802e-06,0.000206873243854372,0.0008497117790944,4
"19842",1.8953289976212e-10,1.01147524674551e-08,8.96872485753752e-06,0.000128481689324299,1.52583304949325e-06,0.011073962668823,1.19399792012842e-06,0.988748609804879,3.72469768613239e-05,8
"19844",9.74309531336245e-10,7.15919924332513e-07,4.1616409541874e-07,6.82212106294141e-08,8.45568306231079e-09,4.06488514065079e-06,0.999986679077058,6.66310404943159e-06,1.38319852864746e-06,7
"19846",5.43225152120925e-10,2.18758018286122e-08,0.000232038919613326,4.41636115350303e-06,2.37554651813614e-06,0.913961319281566,0.0599652002807297,0.0258340395339085,5.87657483876442e-07,6
"19848",3.48411587326632e-09,3.92309625073287e-08,0.000245970731465915,1.10979139336867e-05,2.68691942046172e-06,0.978479521792041,0.0203241401580333,0.000936455176288665,8.45937384964882e-08,6
"19850",9.18459028794546e-08,2.26162980703975e-06,0.000548643421873093,7.4932018001874e-05,1.56446918925541e-06,0.820181912351625,0.179108644029299,8.12814749161198e-05,6.68759386127994e-07,6
"19852",2.0931929361297e-05,0.00861271880023918,0.970209113937128,0.00103652624468997,3.06513819560744e-07,0.0200462293675967,6.03429998805572e-05,5.19032672491171e-07,1.33111746119449e-05,3
"19854",1.19849051024644e-08,4.42760040745431e-08,0.000214275654755805,3.50890614941362e-05,3.76805682964099e-06,0.997851456461493,0.00163696632360566,0.000258378055051432,1.01258611347489e-08,6
"19856",8.01789437031722e-07,3.84414452053453e-05,7.03454389944511e-05,0.000305703545544594,1.02849707022993e-06,0.0119715164963081,0.987423242887228,5.9424325982563e-05,0.000129495574230035,7
"19858",2.10389866887136e-05,0.00186115841498737,0.00265284670652319,3.36021613805841e-05,1.7912624174524e-06,0.000590568038184348,0.993720024846776,1.00305787331385e-06,0.00111796652516933,7
"19860",5.32108251207014e-05,0.0242990061146747,0.576888772829239,0.145187844079441,4.43980434327893e-07,0.253506221999302,1.99618117588553e-05,8.99273631559797e-06,3.55456237126521e-05,3
"19862",3.84161392833118e-10,7.396617893881e-09,0.000115747431238104,1.16777849333946e-05,5.03998977167034e-06,0.89381745716438,0.00170695524197449,0.104342620501692,4.94105231212655e-07,6
"19864",1.43634493366785e-09,1.21053605464869e-06,4.35109421295934e-05,7.13429347281288e-07,2.42346900727561e-06,1.41344164568068e-06,1.32041931186197e-06,0.983321303830244,0.0166281024959147,8
"19866",4.45383084110478e-06,0.0841555667013886,0.334688635428673,0.0358097632362507,5.70420525617944e-08,0.000208299648038908,2.7986333791967e-07,0.000535765242377557,0.544597179007039,9
"19868",0.0433157810687427,6.35823640236782e-07,2.29048247545928e-07,0.00256212828745408,0.954085238238419,1.613520092186e-05,1.97887143054735e-05,6.0898655562159e-08,2.71961345979521e-09,5
"19870",5.35171301813792e-08,1.95843835674376e-06,0.0266422220359895,3.59684824147298e-05,1.10208610573972e-05,0.964684511658473,0.00158151697269987,0.007041960492977,7.87540901346448e-07,6
"19873",9.07588845916685e-07,0.000656260201728285,0.452356856555516,0.000896254111347649,9.58098485033663e-07,0.543298611407479,0.000449165151119884,0.00226270870206955,7.82781834093764e-05,6
"19875",0.0017492856319103,0.867214434032726,0.0978996141045179,0.0323427740547715,5.31250846593047e-08,0.000715579507841796,2.29199550279127e-08,3.4701841187285e-08,7.82019213514891e-05,2
"19877",1.34058764203608e-06,3.78649010458929e-05,0.199811528479757,0.00411847093859365,1.49543601368608e-05,0.794096946472884,0.00181043367442184,0.000105637452431721,2.8231330871379e-06,6
"19879",4.15727473520316e-05,0.00134221690760446,0.960899089706712,0.00280321851645952,1.66578590501568e-05,0.0342233422062478,0.00064988065021644,9.58438555508332e-06,1.44370208023367e-05,3
"19881",7.53496922120018e-07,0.000180547591561847,0.0703961263906699,0.00355885353422029,4.71573531780393e-06,0.90141152921933,0.000885988419233595,0.0132442885399221,0.0103171970728228,6
"19883",4.62691165269501e-08,4.85225705242428e-05,0.0328467932958464,0.00142349356901099,1.22426938810779e-06,0.507843631379334,3.21079094080512e-05,0.453718212914456,0.00408596782291536,6
"19899",7.07219346538667e-05,0.00161849484528551,0.117193035293881,0.872580308386733,5.35487859535199e-05,0.00842249761404194,1.39035363077737e-06,3.61327912956611e-05,2.38699945248334e-05,4
"19908",9.06768827682749e-05,0.000583100630276622,0.000599983943621221,0.988117029602729,0.000378539879469572,3.40994422636983e-05,0.000139402604350385,0.00168986040479616,0.00836730660972583,4
"19910",1.99896842018852e-06,0.00137586932137215,0.971118745638302,0.000123179300221293,3.70535085607292e-07,0.0273086339064546,2.24176421544467e-05,1.23531962465425e-05,3.64314917436488e-05,3
"19912",7.54404500766266e-10,2.83211723244732e-08,3.06525556043705e-05,0.00135506437221003,3.23557363013758e-06,0.126385013575801,9.27687980563221e-05,0.872111889987934,2.13460611872841e-05,8
"19914",0.000523689055510856,0.00264843941506772,0.582562698857962,0.280746627526552,0.000134825751982022,0.132758912085014,0.000422754045164361,6.92230944044759e-06,0.000195130953306801,3
"19916",7.0187572938088e-08,0.00071379474846395,0.000593241443400171,1.07129002840086e-06,1.19413655357696e-08,1.62376200683928e-07,1.02968220266168e-06,1.74842236391375e-05,0.998673134107127,9
"19918",4.22226656988301e-09,2.67034267328463e-06,0.00893392005216879,2.42037109248301e-05,3.31049380604564e-07,0.908230461166787,0.076645309428671,0.00614866827633358,1.44317507944038e-05,6
"19920",1.7602799436301e-09,2.53178850090671e-07,9.82697308442403e-05,4.60092589698514e-05,1.05376967992266e-07,0.113747767110274,0.8860085546256,9.89826846057463e-05,5.62736075318448e-08,7
"19922",0.25294740518877,0.000599458380338506,0.0890315489593723,6.0602106751246e-05,0.5053168613329,0.152032852459745,5.85990555161271e-06,4.41839601574882e-06,9.93270555192568e-07,5
"19924",7.59058446555341e-07,0.000213455810868887,0.182367205190294,0.00535689091803116,2.67790045080194e-06,0.781248990674408,0.0304907286907413,0.000315949624512976,3.34213224629121e-06,6
"19926",0.000700322917919403,0.00402569270383677,0.52111416424342,0.44954984421361,0.00101758804216139,0.0132085200695821,7.91208878888119e-08,0.000348031869458356,0.0100357568191247,3
"19928",1.59276775607436e-11,1.09003672789594e-09,3.4700757991632e-08,6.40936195606894e-08,1.57329911929694e-06,3.51394884260612e-07,6.19707200393007e-07,0.995038588547501,0.00495876715095286,8
"19930",4.86709247837989e-07,6.28889029134015e-06,0.0288714069233565,8.20719468945849e-05,6.89501927564215e-06,0.970844465982513,6.59839553449733e-05,0.000122079598194523,3.2097488103787e-07,6
"19932",7.67177060201647e-08,1.25784431544916e-07,0.000484936334445288,5.04933085368917e-05,7.8719480191144e-06,0.998862899940786,0.00054281285226504,5.07747835681778e-05,8.33024143295577e-09,6
"19934",0.0111425259619487,0.602943185447436,0.323585642669416,0.0446063870970242,1.49829335331595e-06,0.0174659891461949,0.000107904188740366,8.98625872153521e-08,0.000146777333299618,2
"19936",5.64862937232172e-05,0.000312442071511038,0.068418568361149,0.0582186498832397,8.9577931792356e-05,0.872793077962076,9.22196117949139e-05,1.75702357957895e-05,1.40764891770736e-06,6
"19938",0.00494865782635122,0.736832305742453,0.0799695708837552,0.161062727868624,3.07156581271813e-06,4.47704048809311e-05,4.21225880947707e-05,1.60778574855071e-07,0.017096612341454,2
"19940",2.11126219910995e-07,0.000386252570352257,0.891430537402517,5.5787459767042e-05,9.5598373394212e-07,0.101794460116096,7.44032088662977e-05,0.00551014287488556,0.000747249257562119,3
"19942",2.96203016968437e-11,3.95187693202307e-08,6.29844733766432e-07,1.1900529512631e-05,8.16888541099043e-08,5.25613318379056e-06,2.01992082819229e-07,0.974131266156885,0.025850624106358,8
"19944",4.85566232092046e-06,0.00738615282156474,0.972917285927679,0.00205395384885231,3.13585121526922e-07,0.0137957159120104,3.1184837276085e-06,2.28178528228271e-05,0.00381578590590099,3
"19946",6.97345038913663e-06,0.00175994611900779,0.700675400934991,0.00283815345811975,2.45157360250737e-06,0.283690476245913,0.0108696718089024,2.61091813498819e-05,0.000130817227724145,3
"19948",3.14591630125689e-12,9.55811866533636e-09,1.02350394395179e-06,3.7699547809454e-08,1.50061767340273e-08,8.52585096937008e-06,3.04228210183667e-07,0.998488810288892,0.00150127386099575,8
"19950",1.04113223792081e-09,5.68898369966574e-09,6.97699547682045e-07,2.41056261415702e-07,1.44502977395396e-07,0.000975384516116106,0.999022392575726,1.13227115167338e-06,6.48103406808438e-10,7
"19952",3.14591630125689e-12,9.55811866533636e-09,1.02350394395179e-06,3.7699547809454e-08,1.50061767340273e-08,8.52585096937008e-06,3.04228210183667e-07,0.998488810288892,0.00150127386099575,8
"19954",6.09932435647281e-08,7.54809218121401e-07,0.00532108936221491,3.93838698319148e-05,3.73693528613951e-06,0.994135284280437,0.000306980656570239,0.000192649908002815,5.91851957083378e-08,6
"19956",3.5291604717469e-07,9.20229907139952e-08,1.38580584800729e-05,0.127697416481556,0.00195398649169103,0.212193062928212,0.636390437019092,0.0217425175569635,8.27652496666862e-06,7
"19958",0.0124475979551323,5.68156688227334e-07,2.33695221881711e-05,4.76772762967293e-08,0.987347085018096,0.000139216730260407,4.20399485948801e-05,4.33874488574552e-08,3.16043152148892e-08,5
"19962",0.000912036196661167,0.0185586220728953,0.115172289605226,0.0152146236779596,0.000114432014975488,0.589473514710263,0.247648331844426,4.73106107043462e-05,0.0128588392668886,6
"19964",5.7380892448682e-07,0.000390999273244356,0.758436908082415,3.74461191774976e-05,1.32298969002102e-05,0.226031857387572,0.00463181398058001,0.00932203887589997,0.00113513257528644,3
"19966",1.62242979107234e-05,0.124684674251569,0.0170025728828064,0.00625017496550639,3.48006264561736e-08,2.31408131677012e-06,2.28918432315405e-09,1.50087556833289e-05,0.852028993675396,9
"19969",7.61595276139866e-08,5.59872696442488e-06,0.00552476147656254,0.0044006979144653,2.20627315606627e-06,0.967805871485026,4.21453941966472e-05,0.0221860942569944,3.2548313107443e-05,6
"19972",1.3496657902183e-08,3.07191282785831e-06,0.0507435499143679,3.62356988529446e-05,2.8162709645578e-05,0.366292048779725,0.0395148466075697,0.543340208485922,4.18623944312148e-05,8
"19974",1.85596939708564e-11,2.10997134103118e-09,1.26594488209708e-05,9.63414282828415e-07,1.08698827070296e-06,0.0660609352653224,0.625523327171323,0.308400177064367,8.48519082200325e-07,7
"19976",8.98659129916644e-07,0.000237221488395861,0.447367907633619,0.00196697555477914,3.97476961342283e-06,0.509484694600412,0.0406612033970056,0.000266478721824339,1.06451752215544e-05,6
"19978",4.92954468661887e-07,0.0126509508595035,0.9709987369691,0.000110776179170117,2.10752759668217e-08,0.01572316622367,5.29280879468785e-05,5.44716162446781e-05,0.000408456034620348,3
"19980",8.90257245151711e-09,4.20695077168511e-08,0.000135690957345776,1.58036248519364e-05,4.23817506908001e-06,0.873271820008899,0.126334712126846,0.000237675251088269,8.88381960978751e-09,6
"19982",6.32996835285143e-07,5.82910467002476e-06,0.000226619783272588,0.000779722554877586,1.05321295110299e-05,0.136708690677969,0.86223522220906,3.27248907527928e-05,2.56530517547245e-08,7
"19984",1.47096257174762e-09,2.84037840983938e-07,2.36146820216032e-06,4.69941947382831e-07,1.00504964461248e-08,0.000122803821090667,0.99987237989308,1.41687587319457e-06,2.72440506869522e-07,7
"19986",0.00136713259689913,0.962837558855916,0.0253574740651449,0.00362352897344285,1.86911194130418e-08,7.82847162633614e-08,8.17508711735215e-10,1.28299231812963e-09,0.00681420643225966,2
"19988",0.00152292495458863,0.996783386642323,0.00138883879061939,0.000135700576474557,1.96515833028333e-09,1.39237847977144e-09,1.49812216627933e-10,9.70444890217875e-12,0.0001691455189411,2
"19992",0.00147263133154419,0.992568889170213,0.00130797591506223,0.00458129153116731,1.58843150319457e-09,6.72587838977402e-08,2.34427194806235e-08,1.42647851286372e-11,6.91197478134523e-05,2
"19994",1.94859983131101e-06,8.28700043725733e-06,0.0423030776566699,0.000404315235823934,2.68797174320214e-05,0.957167388304267,1.41946173498046e-05,7.36480555876358e-05,2.60812600882497e-07,6
"19996",0.000236699594748432,0.990306547365105,0.00931348324992973,0.00013255934746344,3.0165375378678e-10,1.77153515595165e-07,1.66328690799629e-08,3.82023954814862e-11,1.0516316512467e-05,2
"19998",3.26659547480963e-06,0.000775094745494728,0.00438950639246556,0.261873725892544,7.21203683706891e-06,0.044713299759726,0.00234966007079794,0.03945188680786,0.6464363476988,9
"20000",0.000159182010252042,4.28971483714185e-07,0.000167540033556297,0.214069626951119,0.127122778091831,0.654762345381875,0.000151781703292282,0.00355580180992379,1.05150466668634e-05,6
"20003",2.20309178822199e-05,9.96678724431476e-05,0.119111016970501,0.00819253423314419,9.5855483376158e-05,0.871883569745272,7.07609756136882e-07,0.00054398831261263,5.06288550123641e-05,6
"20005",5.77177328592071e-10,1.49280483354585e-08,0.000302820207739905,1.26353322212029e-05,3.2280849125039e-06,0.964219647979504,0.0196052821248039,0.0158562562351482,1.14530444180399e-07,6
"20007",0.000431283548849952,0.020078474943187,0.795645545548198,0.156301971733647,8.2337245131728e-06,0.0273069184782617,0.000218224446045808,2.20362213652694e-06,7.14395516046825e-06,3
"20009",0.000325678904955754,0.16550522430933,0.0341304917653017,0.000216515016308133,7.45218403422146e-07,2.63579590604068e-05,8.19122425914943e-05,1.33697393135902e-06,0.799711737610118,9
"20011",1.93780458246469e-07,5.3579452423303e-05,0.345734136655778,0.000604728899777438,1.97024125261224e-05,0.546581657107198,0.00744492546813341,0.0995102227443148,5.08534793910343e-05,6
"20013",5.38205698149022e-07,7.68717711792282e-06,0.00420791807152053,0.0125295682331614,3.62903392880082e-06,0.892732338524453,0.0904895154853207,2.87132563930333e-05,9.20124062452428e-08,6
"20016",0.0173980209506626,0.922240887715949,0.0522067136491937,0.00322853172186644,1.54789095956322e-06,6.53091814443975e-07,4.95997106061908e-06,5.55067072855628e-09,0.00491867945782232,2
"20018",0.996508500260563,0.00325030132705005,1.27450888643495e-06,1.56246884472873e-06,0.000182142616409541,6.70046409496182e-11,5.59074349635392e-11,3.16798479575553e-12,5.62186921663296e-05,1
"20021",0.000755065173477265,0.181702267204206,0.815041985107852,0.00030360663314817,4.46088075307635e-07,0.00156769164466493,2.05254976629978e-08,3.49084247627844e-07,0.000628568538830619,3
"20023",0.000682584191352787,0.0667066985244749,0.881923570625281,0.0365040763094852,5.17775359137674e-06,0.0114844286025521,3.66624215743327e-05,5.46910678413035e-07,0.00265625466100946,3
"20025",0.709914381771531,0.283584970700048,0.00568846618012298,0.00015808866539752,0.000356946329711842,5.1605631499197e-07,8.33724062821112e-09,3.62204743549517e-09,0.000296618337586336,1
"20027",1.26580882129034e-08,5.34418261007843e-07,0.00168862486753473,0.00726533883766544,2.22169768517578e-05,0.307132905992828,4.395447164322e-06,0.683832799407155,5.31713944512421e-05,8
"20029",7.50317946288603e-10,1.8273058814784e-07,0.000346199081665501,0.00033979455181663,2.72682391412986e-07,0.938624588061276,0.00624418616171167,0.0544427679234389,2.00805679331862e-06,6
"20032",1.1196675622578e-07,6.76845369814049e-07,0.00372806539618855,0.000333910022805657,4.04287327532432e-05,0.979190842358536,5.27316752485059e-06,0.0166940946628295,6.596847235899e-06,6
"20034",4.3638536176713e-11,4.73509083339519e-08,2.01747634826148e-05,1.73726842575096e-07,1.89797963936931e-07,4.79146520119112e-05,7.79806738737712e-08,0.994764843332348,0.00516657835212994,8
"20036",4.97246379564447e-06,0.000168767052590973,0.000116715204303134,0.9731676326194,1.87398005115149e-06,0.0171335919514118,0.00926721057186154,3.41169155966865e-05,0.000105119240988646,4
"20038",0.0304426595955179,0.674373363543758,0.0792509058846099,0.215819577373881,1.20771463129266e-06,2.3739130784203e-05,5.75811159303237e-10,4.8698249744317e-09,8.85413111806323e-05,2
"20040",0.00559081564482401,0.171151667677599,0.0152486715336481,6.59416808422402e-06,1.76093604425758e-05,5.01586515141051e-08,5.39258312685508e-07,1.22867788054396e-07,0.80798392933065,9
"20043",0.0043453270910613,0.95827283521803,0.0314957731370739,0.00548577783763054,3.31986942430718e-08,0.000386378220474259,1.24798717347287e-07,3.33952323405423e-09,1.37471587948803e-05,2
"20045",0.0257238145383878,0.973121900223498,0.00108046229106352,1.41289468562362e-05,3.1505947597961e-08,2.63023807007818e-09,1.02042063049241e-08,8.24872860960995e-13,5.9649658978266e-05,2
"20048",5.11707794188835e-10,3.69721830573389e-09,4.53025796864094e-08,3.28279118092853e-08,4.33759148978106e-08,1.12726100071989e-05,0.999988366297754,2.34184196889105e-07,1.19270992684767e-09,7
"20051",0.0351539148554671,0.110543269579135,0.0776268924710695,0.106874448777882,4.48563275469532e-05,0.658934367789304,0.0108120803541915,2.57666460057368e-07,9.91217894324943e-06,6
"20053",3.11126717698207e-05,0.064158091441041,0.923820553070379,0.000701471488771461,1.40599254576475e-07,0.000896815217320531,6.07957139497949e-05,1.56749983949481e-06,0.010329452297674,3
"20055",0.0267347904422735,0.029059312983828,0.0470841707467132,0.89563394322689,0.000173265816861038,0.00129802064833998,2.41277606048971e-09,1.27100577207761e-06,1.52227165466364e-05,4
"20057",5.5858714718259e-05,6.46047420521839e-11,1.04236622000273e-09,5.61823412138523e-09,0.99994107683001,1.94844419584579e-07,2.79976568939237e-06,6.08172726190594e-08,2.30268521703864e-09,5
"20059",0.000444867488723484,0.0350840976660704,0.927828647435741,0.000358671576476326,3.8473709903973e-05,0.000500881165800802,3.66665482125205e-06,3.21937809663604e-06,0.0357374749243658,3
"20061",2.80692196952972e-05,0.0139587646504848,0.979818424578604,0.00135149575534066,1.42625036635692e-06,0.00390590816063673,1.31760908686005e-05,6.33728837782481e-06,0.000916398005626094,3
"20063",3.35002759237457e-05,0.00578620127093903,1.25198036545893e-05,9.81687794517369e-05,2.5724670648021e-06,1.94255344546289e-06,0.959459795071498,1.1461838411445e-05,0.0345938379396112,7
"20065",0.984640106126905,0.0150599350746808,0.000194667704372415,5.74648648091189e-05,4.67526700405118e-05,2.42175084021901e-08,1.30637600092513e-12,1.86265398930193e-12,1.04933851440452e-06,1
"20067",0.0632701941509484,0.900171998575816,0.0354055271552814,0.000946700737708517,8.98665166564866e-07,2.53290812606862e-05,0.00015081846483979,5.59238451001475e-11,2.85331130547966e-05,2
"20069",2.38404626305735e-08,1.06405665235314e-07,0.000135092122515364,3.09927434277976e-05,4.58845729030192e-06,0.623133489378729,0.376619936996042,7.57641350122081e-05,5.92085458906492e-09,6
"20071",2.38878757125228e-06,0.000130001844072022,0.00341236054835682,0.995346900806131,5.14135429087118e-06,0.000487558591784849,7.97597288423788e-06,0.000195716689052652,0.00041195540585649,4
"20073",2.76353335251575e-08,1.2754377554093e-05,0.0035972368792347,1.49284169067062e-06,3.90956530666398e-07,0.082268046751677,0.913673522232118,0.000401952788428916,4.45755374328349e-05,7
"20075",0.0775699693039417,1.98931839084842e-07,3.49561431540354e-07,0.000493287350131591,0.921903915291421,3.21330197225805e-05,1.38706575083149e-07,6.35920975523771e-09,1.47572777017573e-09,5
"20077",4.24391830715341e-05,0.230958478384525,0.0731559300294349,0.694331724380726,1.47013743856352e-08,0.00105555846290741,0.000188386618066913,2.65594317119667e-07,0.0002672026455771,4
"20079",0.00103131694195278,0.0735188744033064,0.00255551239277879,0.00746365529285132,1.67981121387169e-06,0.0330364966035402,0.882109228253208,4.41882944115131e-06,0.000278817471707245,7
"20081",0.382422610232352,0.322276788342458,0.259432211103429,0.0349460795985258,0.000144978932327467,0.000774969308387242,2.00398798024651e-06,1.52671595171584e-09,3.56967824470788e-07,1
"20083",2.16791262546209e-05,0.000246847193087754,4.32571993996789e-05,0.134226662457341,2.53597875980679e-05,0.00245061989959378,0.860351305748959,0.000224660663110416,0.00240960792465537,7
"20085",0.0132800425996044,0.985584149449124,0.000763770665344007,0.000256585521491881,5.73996642103053e-09,3.50363133445193e-09,2.98035387553585e-11,2.86965218859352e-12,0.000115442488165081,2
"20088",0.00804977269850681,0.938320566057028,0.0503478733439931,0.00302300993484488,5.06757588293716e-08,3.99341804437298e-05,3.55453042557476e-08,3.29667173679678e-10,0.000218757234453466,2
"20091",0.93384815884632,0.000185657688576432,0.0010098861302724,0.000172628121679519,0.0647736256501346,8.95574710939588e-06,1.07174969306716e-06,6.71062612136317e-11,1.59991091281239e-08,1
"20095",7.59907416045208e-06,0.0036845047746344,0.173601365613069,0.000293468011969015,0.000121418279076663,0.00153054611750098,0.800974230682799,0.0184613296717879,0.00132553777500259,7
"20097",0.0503047446480708,0.947947356292719,0.000690078265325474,0.00102044829507674,3.08258336928035e-08,7.56855986788198e-09,4.36564041929451e-11,1.38917787527362e-12,3.73340593684602e-05,2
"20099",6.03539715441175e-07,0.252003038030234,0.373606507505791,4.13282207141461e-05,1.97083578061996e-08,0.000170791845100385,0.00189093168302824,0.0153850090374917,0.356901770429568,3
"20102",0.00486145150067941,5.18172178428077e-05,0.000293912216432342,5.20421299563241e-05,0.00790250839465153,0.000322700378645134,0.986515254029957,3.1467277363022e-08,2.82664558390242e-07,7
"20105",0.00118031395071427,0.906504513680097,0.0907499607431274,0.000491675315904189,3.03293147641444e-08,0.000811095861268558,0.000253703002959446,2.26241568288786e-08,8.68449245724639e-06,2
"20107",0.000278313365621774,0.639170845830979,0.301121028902058,0.0592477036014109,2.399503011805e-08,2.84923184516873e-05,1.75765010738323e-07,2.78229934112484e-08,0.000153388398444902,2
"20109",7.30988035962587e-06,0.16364777771419,0.583067987751747,6.24022420566184e-06,1.16797347917822e-07,0.0067513771773467,0.235140600853633,0.000146471035150633,0.0112321185660196,3
"20111",0.000657382963464112,5.44338885482948e-08,4.56537503076505e-05,1.8823552606063e-06,0.979135850732131,0.0198959461841672,0.000257704056417619,5.5246965576501e-06,8.27805868036607e-10,5
"20113",1.40608178939073e-05,0.0472903968545827,0.169892113924199,0.770510529095309,4.84507202589462e-07,0.000330783356365747,8.79511826011774e-08,0.000387583969528078,0.0115739595237369,4
"20115",2.62377308752323e-06,3.10295978622554e-07,0.00539258314946628,1.07763656021804e-05,0.0103241669512874,0.969991150475541,0.00014505681453752,0.0141282760412117,5.05613328790492e-06,6
"20117",0.0463230992315919,0.0110957557689878,0.0337681619137167,0.00866092586157241,0.754087414872479,5.60690039010158e-05,8.95740695071871e-07,0.0264401604124767,0.119567517194579,5
"20119",3.25378594901648e-06,0.0574500315962284,0.00582544330038069,0.00376786789665588,5.58788222424108e-09,1.15782385190964e-06,4.48584785960333e-10,4.03087733092898e-05,0.932911930787158,9
"20121",0.00133693425110737,0.871468910240829,0.0824581318670563,0.0419776059045427,4.46748164761908e-08,2.71294238857532e-06,4.66376314480278e-09,3.45341632070465e-09,0.00275565200208048,2
"20123",0.985868606997964,0.000107394112979826,2.39878452562398e-05,0.000504120171928028,0.0134934672895049,1.18919597187489e-06,1.16604892279026e-09,1.95865016496394e-11,1.23320075957418e-06,1
"20125",2.57278509013448e-07,8.90298977167708e-07,0.00139542376384105,0.000647613307173267,1.17020097234248e-05,0.935952702420803,0.0619746033967036,1.67668189819473e-05,4.07052876886323e-08,6
"20127",0.000472060835680574,0.998643675335313,0.000837818702242696,1.02596997702304e-05,9.15522025906654e-10,8.20321222017687e-08,1.18521068925078e-07,6.663743512854e-11,3.59838916430956e-05,2
"20140",0.00128464632307593,0.000559138339676365,0.00297689710023408,0.994315098328387,0.000535289603051726,0.000316450833998632,5.41212953875731e-09,2.02263234838072e-06,1.04514270985952e-05,4
"20142",2.31435004282594e-09,8.86248804896383e-09,1.52448020502242e-06,2.8286107986824e-06,4.71097195716512e-07,0.00340364476727548,0.996589517550494,2.00077211653247e-06,1.54507601941442e-09,7
"20144",5.6137656719409e-05,3.40201647544652e-07,0.00069123972696524,0.0157422323941615,0.0571987587569722,0.922611295240558,0.00365109149357274,4.86106182817067e-05,2.93911122254582e-07,6
"20146",0.000102272455880121,0.000170532834827707,0.00186343674795356,0.380221820220228,0.000199330430387438,0.267725575719606,0.349694087614958,1.89962544939779e-05,3.94772166551716e-06,4
"20148",1.27060736486366e-05,0.000226873977111102,0.0154617558527663,0.0319853495826868,2.93707560754442e-06,0.952214882510599,8.24891183277525e-05,1.1164385709798e-05,1.84142354281159e-06,6
"20150",2.77486407719023e-10,6.79343429783646e-09,4.75151415552848e-05,4.37165226023324e-06,2.77419080975981e-06,0.649206322325067,0.321179577356088,0.0295593177828768,1.14480422686781e-07,6
"20152",2.66465708531532e-05,0.00117526803579233,0.0831932038513383,0.0334023705237484,5.46823615686492e-06,0.882011933154316,6.41174807846634e-05,2.7807725559663e-05,9.31844214505388e-05,6
"20154",0.994678989185283,0.00523437938765662,1.24004118268099e-05,3.02647283586212e-05,4.3360806909582e-05,1.35349203855588e-07,3.68448975107142e-07,2.20101572463173e-13,1.01681566438159e-07,1
"20156",0.000847289229585453,0.0225209691431578,0.547935627989718,0.390135106710551,0.000229914995484856,0.00826723949782062,0.0299158602698805,7.93480122000394e-06,0.00014005736258108,3
"20159",4.46613153284606e-08,1.05651954781716e-07,0.000109678270469824,8.79432121256641e-05,8.31022705122208e-06,0.497589549892434,0.502172193030704,3.21672259591961e-05,7.82798595741109e-09,7
"20161",6.01929455870019e-07,1.0366820869711e-05,5.06709092974073e-05,0.000790047698178372,4.08734368612741e-06,0.00259404026567638,0.996455309839685,1.11650361392145e-05,8.37101570118401e-05,7
"20163",0.000356143744141275,0.00285883501837661,0.125577851134311,0.00120386889075599,0.00018554469372979,0.86896830910827,1.35047757542941e-06,0.000717166768514359,0.000130930164325463,6
"20165",3.28566089870918e-06,0.00180493895655704,0.000469133871658497,1.75909722676104e-06,3.90622363384674e-08,0.000136735966671737,0.99758254456467,1.23404683737987e-07,1.43941539740672e-06,7
"20167",5.83068720968532e-07,9.15441486100299e-05,0.0210418664829666,0.000326800138683805,2.4028415085518e-07,0.974172151771187,0.00434746022136218,1.91462840711039e-05,2.07600246956227e-07,6
"20169",5.62931427428743e-10,3.21905631967556e-09,1.06569438760916e-07,1.48014479233032e-07,7.56147730335611e-08,7.01689203239192e-05,0.999929131294438,3.64904612673936e-07,8.99946812476623e-10,7
"20171",0.996892413399205,0.0029444853950708,2.42489758138226e-06,3.68491435683863e-05,0.000122878530758963,7.4369411989647e-09,8.89174285696334e-07,1.45592847845119e-13,5.20224432817311e-08,1
"20173",2.75226030969637e-08,0.000403954966295782,0.000109655418030386,3.35518274825582e-07,3.3890542796162e-08,6.40034929844847e-06,0.00679707020954191,0.00140209544574283,0.99128042667967,9
"20175",3.71556682148784e-07,1.4071698303925e-05,0.0883915735026678,0.00209819988843711,2.46619284602866e-05,0.902323893343098,0.00630197571863624,0.000844721387687541,5.30976026727319e-07,6
"20177",2.84778043675445e-07,0.0380300351387932,0.0795324511679919,0.000135885909634164,8.8710317100449e-08,0.000124804947610939,2.12076613995953e-05,0.0147494960767688,0.867405745609441,9
"20180",0.0116496431426643,0.899345670751237,0.0748141125078226,0.00326731069521742,9.69352920069287e-07,1.58158020608168e-06,1.09055647461049e-11,3.47625238167182e-08,0.0109206771965035,2
"20182",1.27637103653682e-08,1.60613373278845e-10,2.42743038592865e-08,1.8969420757292e-08,0.00710922767392909,8.8674451150295e-05,0.985830604283954,0.00697124293406158,1.94488856249317e-07,7
"20184",2.4165189170709e-08,1.18904025688159e-06,0.000193599469337661,0.000102323969603291,3.02201585385878e-07,0.0239320783178714,0.975764478311309,5.92503956557779e-06,7.9485281700228e-08,7
"20187",6.98142271349734e-09,0.000219919078449138,0.00399266431803449,0.00397380610176288,2.93758286378164e-07,0.000409222546563241,0.00101969388638096,0.236653031175676,0.753731362153425,9
"20189",1.31867879621656e-06,0.048771954469246,0.860407254457279,0.000123960538018194,2.40524776726564e-08,0.00519202824624867,1.0428074722172e-06,0.000716793470022335,0.0847856232804397,3
"20192",0.0188360254147465,0.0381314448770182,0.0278733067014231,1.4515210421727e-05,0.00304625323295782,0.00012033136910323,1.56630611548499e-07,8.83259923298051e-05,0.911889640571388,9
"20194",9.41678108305073e-09,2.09346046094145e-06,1.92486682635567e-05,0.125182156279313,2.06206391709454e-06,0.0399832953154444,0.642938713928345,0.191480875576084,0.000391545291390288,7
"20196",0.646258312856892,0.348818430048204,0.00436718176537303,0.000535497938565214,9.6829195286671e-06,1.79073461940382e-06,1.44946741610393e-08,2.25898313249644e-10,9.0890162446062e-06,1
"20198",0.00093800597167906,0.0186695153742689,0.514093553275566,0.15851190600537,0.000432808127785063,0.305202329299569,0.000366617643261851,5.36908421814676e-05,0.00173157346031854,3
"20204",8.23800319832546e-08,1.12027533287114e-07,0.000223120754648053,8.68670707536951e-06,2.09025333826017e-05,0.654259383834698,0.34542810264809,5.95841634419195e-05,2.49510987735437e-08,6
"20207",0.300916885993828,0.683793887893639,0.0065488989292057,0.00870996232940228,4.75398828971724e-06,1.00596862521225e-05,1.10267310210284e-05,2.21052176458037e-11,4.52442625764699e-06,2
"20209",0.000172215296170519,7.06143568222458e-07,0.00173144630968799,0.00543525074548423,0.857327423066649,0.115241987885743,2.09024075972154e-07,0.020075393132634,1.53683959861687e-05,5
"20211",0.996414205921543,8.47288317002692e-05,1.86043762363126e-05,0.000786581717203629,0.00269352092547993,2.34804317624945e-06,9.32978048326564e-09,9.02404057674187e-13,8.53977262149141e-10,1
"20215",0.000306678012785052,0.135558555409424,0.00409164600366103,0.859452710785183,2.49295508447842e-08,0.000532359075719338,3.43848261868184e-06,6.76593410997908e-08,5.45196417169355e-05,4
"20218",3.88540794804506e-09,1.68765380103539e-08,6.28012131093875e-06,1.50650692907851e-06,5.97557547565626e-07,0.0166837111327645,0.983303044014025,4.83872925942948e-06,1.17621729276643e-09,7
"20222",0.199878535901237,0.774519872031486,0.00767835514853416,0.0169039867258552,5.56177902590253e-06,0.000991959106462891,2.09565711520245e-05,1.30913652836933e-09,7.71427109995159e-07,2
"20225",4.86540165944249e-06,2.15565203207947e-06,0.000147586051583511,0.0328640506157636,0.00069839551853734,0.953412461260001,0.0124194720421682,0.000450576729549064,4.36728706189983e-07,6
"20229",3.31475074403457e-05,6.59470212126008e-06,2.53909022746684e-05,0.999075178965906,3.8118831578112e-05,0.000816111462216184,2.11045326712132e-06,1.22210908414847e-06,2.1250661124497e-06,4
"20232",0.0021984576154717,0.0250985322508263,0.525322232821283,0.444056388269214,6.93228580677761e-05,0.00324633868313723,1.98633182817763e-06,1.58200120003573e-06,5.1591689723393e-06,3
"20234",0.23253621098061,0.76413590585141,0.000991592914560088,3.62740499332785e-06,1.41850760225992e-05,1.90318011650306e-09,3.76001208103005e-11,7.48788017484533e-10,0.00231847508283574,2
"20238",0.00286268390319876,0.645138841395897,0.34524208166638,0.00655142585546377,7.43979849584792e-07,2.50959886880818e-05,4.86248061223159e-06,1.39890127291791e-08,0.000174250740897305,2
"20253",0.000606984703082594,0.555155577958031,0.00131700398881191,0.442382114863812,6.17509023067745e-09,3.24069343671268e-06,1.87529830101901e-07,3.81516491790282e-09,0.000534880272740668,2
"20255",1.442719778224e-05,1.78523737759288e-06,0.00353512976854658,0.00200965590660132,0.000191672755072249,0.994162504032777,7.90331959795087e-05,5.78716305979967e-06,4.74280339490368e-09,6
"20258",0.000190425129027079,0.904707636826873,0.0946462081465796,1.90877940938619e-05,6.07884127710229e-09,6.87345948847285e-06,6.43585630745293e-09,1.27470119558411e-08,0.000429743382228069,2
"20269",5.63280250775101e-05,0.203663207876356,0.766845580837639,8.19603561800643e-06,2.21628011868807e-07,0.00658582363301089,0.0225800725710274,3.95298463338689e-06,0.00025661640862609,3
"20271",8.53381688372471e-06,0.524909535733434,0.147449723156268,5.10931880427663e-05,3.67814657259065e-08,1.61367540623918e-05,2.29414175355658e-08,0.000301011529931119,0.327263906098495,2
"20285",2.65257763348973e-07,0.000272069322089868,0.00274883015683729,0.0148775149376253,9.38116730902611e-06,0.0235010679631103,0.000816062081560929,0.698721850936445,0.259052958177259,8
"20288",0.000540120137410024,0.116198014609161,0.0846518765636913,0.797744758027215,5.35578438934057e-07,0.000844533241912703,1.50842333518984e-05,2.54059329280658e-07,4.8235494903297e-06,4
"20291",0.501352084341893,0.189101257085464,0.306466845464202,0.00202224314459805,0.000974073908728614,6.9305387169395e-06,7.66965895875401e-07,3.1219486036166e-09,7.57954285535904e-05,1
"20295",1.20299631071464e-05,0.0324203157160894,0.361752458482264,2.126030705788e-06,4.35203136441968e-06,0.00684696234104642,0.00256926965974928,0.00648613118617975,0.589906354589494,9
"20298",1.63234176461021e-08,5.96926968598059e-08,0.000239908831173445,0.00016233785602332,4.07376949855755e-06,0.99849468805551,0.000942959793781877,0.000155932009115114,2.36687829860646e-08,6
"20302",1.07611401810636e-07,1.18469941844371e-05,0.00580011861406638,2.59132352418622e-05,6.0654866216519e-06,0.364443352099587,0.627365346772544,0.00221681449566558,0.000130434690686808,7
"20305",4.61005063855617e-09,4.11267077777015e-08,0.000279835608657642,3.70065773722018e-05,5.18106843202912e-06,0.993509807523269,0.000108895985253525,0.00605899116474275,2.36335514977763e-07,6
"20307",0.00228824015491853,0.958051303685475,0.0391379484569863,0.000450733516005989,9.82941651491624e-09,4.99139513147797e-07,5.12693671028804e-09,3.55200915698047e-11,7.12600552278185e-05,2
"20310",0.00269328054744969,0.996676342903721,0.000485637666642011,1.05462429382732e-05,9.27658609147072e-09,1.13731575812393e-09,7.64690122434629e-10,1.51499964876212e-10,0.000134181309157219,2
"20313",2.17979374635941e-11,5.07394000400836e-10,1.27269610322319e-07,3.53378883918414e-08,4.48647394489987e-08,0.000353328419677367,0.999609979140852,3.64816983984622e-05,2.73964180620873e-09,7
"20315",0.000158346943125252,0.781218165628364,0.211487168452791,0.00693371999906222,3.44614456646408e-08,3.39467365938948e-05,9.31572483137428e-08,5.75154904666285e-07,0.000167949466464866,2
"20319",0.913288831170076,0.0830375321669632,0.000185348346419926,0.00331879416686489,2.75856685066077e-05,2.70113753223835e-06,4.62185653357596e-09,8.36149625579199e-11,0.00013920263816601,1
"20321",8.40786683579101e-05,0.994490462539262,0.00361616202799385,0.00146704929582489,6.26208059828795e-10,1.53478141291491e-06,1.05242398014704e-06,3.22105072466011e-09,0.000339656415909885,2
"20327",1.48497532547132e-05,0.822134653981617,0.171416831522571,8.49284400663293e-06,1.91239376142299e-09,1.34536598114412e-06,2.66745440395692e-08,2.86134351868146e-07,0.00642351181128061,2
"20329",6.8176693637892e-13,3.59400130155365e-09,9.442468112541e-07,1.50335434440102e-06,1.26663893787378e-08,2.8234561328284e-05,1.91593952718684e-05,0.998465846134059,0.00148429604711237,8
"20335",0.497913223473783,0.496694899739931,0.00530801407283296,8.10031418192205e-05,1.77129916422695e-06,1.83656298637962e-07,1.19276177934221e-07,9.39630398770315e-13,7.85339053246815e-07,1
"20337",6.01430710209961e-08,1.43816149145136e-07,0.000242200608561458,3.45398281194621e-05,7.09506286106809e-06,0.872226197476577,0.127451056898126,3.87008700977676e-05,5.29643703278722e-09,6
"20339",0.187076921326662,0.000449641518518533,0.000330072529849587,0.553386844587708,0.250889833339839,0.00212652945924294,6.84087900302914e-07,1.31148684305923e-05,0.00572635828184898,4
"20341",0.984159908350414,0.00739224662084175,0.000857186975109433,0.00138744362764856,0.00586234617868867,1.99314704311725e-06,0.000337405952931189,5.87407926583866e-11,1.46908858292446e-06,1
"20343",0.0196554106134476,0.977981148510535,0.000949007012011757,0.00011160907480455,1.49496647704947e-07,2.75348402608411e-07,1.70930266211171e-05,6.28194946902302e-11,0.00128530685471037,2
"20345",1.51562648219357e-06,4.57942055893119e-05,0.0952754404837204,0.011038123714275,6.62541518782416e-05,0.868813052230647,1.65271695685165e-06,0.0235815802414808,0.00117658662897009,6
"20350",0.000718469396285969,0.00283311369058933,0.000634237541881682,0.993738685297709,0.000659873621186185,0.000701763759983902,0.000588774473743268,2.15692200412601e-05,0.000103512998579562,4
"20352",1.67918474955543e-09,2.59168145209372e-08,4.97891221717625e-07,5.52144672400055e-08,3.27578674378239e-08,0.000186887237621474,0.999812204888799,2.9199890682312e-07,2.41511699368139e-09,7
"20355",5.37985144406321e-06,7.21280286431769e-05,0.00113673869841733,0.000206602930607168,2.15380585931418e-05,0.00976825279283217,0.98849585264653,1.07163415204084e-05,0.000282790651413037,7
"20358",3.66023011688519e-11,4.52872463478027e-08,2.62568563089761e-06,5.42988145152305e-06,5.14823268554378e-08,0.00754869689059391,0.00207962006789908,0.989855362680469,0.000508167987780189,8
"20363",0.000172131917217294,0.983373943398133,0.0136800948295694,0.00261221049990783,8.12597256653951e-10,1.53136414508522e-05,1.16133854798215e-06,1.87631847458505e-09,0.000145141686258046,2
