"","V1","V2","V3","V4","V5","V6","V7","V8","best$classification"
"19812",0.225091926145049,0.000481319124185611,0.000223487448615856,8.71817761276243e-05,9.45870908212511e-05,0.0464941200572007,1.14145386999114e-06,0.72752623690413,8
"19814",0.0113218607459319,2.77507044288543e-05,3.41499554541809e-06,2.87871066989176e-06,1.18249632580259e-06,0.000604514442776317,0.00170775797892772,0.986330639925394,8
"19816",0.806126018841654,0.182102563958131,1.27565861613715e-05,4.62274235853102e-05,6.07857665475048e-09,0.00795186498547274,6.18337142935016e-07,0.00375994378927604,1
"19818",0.516525676815946,0.000762426441915407,1.22024917981913e-05,2.70638271275624e-05,2.11882674120583e-06,0.000294719064621724,0.00675803023318495,0.475617762298665,1
"19820",0.00313954223495547,0.996596215624914,0.000229290486162572,3.22689695993579e-09,3.7726642405164e-10,3.4941791307968e-05,2.68065051415607e-10,5.99043123866179e-09,2
"19822",0.00407628285189672,0.868658560632625,0.114723023312436,1.30035247224033e-07,9.47637067819288e-06,0.0125311411346593,1.02006422512996e-06,3.65598232832924e-07,2
"19824",0.532985512867856,0.465382700253868,7.56201613181514e-05,0.000102780976934645,2.69591240459146e-07,6.79514756572239e-06,0.00130658678791475,0.000139734213302683,1
"19826",0.0894680722969343,0.00210395895694811,2.59357643611711e-06,0.015880198762082,1.81026757428192e-06,0.148326917928555,2.89579459008067e-05,0.744187490265569,8
"19828",0.441712371583191,0.555697713385342,0.0022770488530872,1.38720245995227e-07,1.41427252731253e-07,0.000178594109380283,1.65075656865628e-06,0.000132341164932719,2
"19830",0.00585178605775637,1.53406771911442e-06,1.25385872427626e-05,0.00166113186941137,0.00313821987470921,0.0877488599556857,9.39936267221866e-05,0.901491935960753,8
"19832",0.127269846665101,0.0114605662631695,0.668750028609812,3.4824547254718e-06,0.0229237235508477,0.0353336673218904,1.11487529788168e-06,0.134257570259156,3
"19834",0.183637752882612,0.0463832183321836,0.0122737300142551,4.49122277720154e-07,8.20129224526686e-06,0.746989093288266,8.08892865096668e-05,0.0106266657816501,6
"19836",0.938062422560672,0.00167054946820304,6.80481682043752e-06,0.0218381618443039,2.1909339217428e-05,0.00189468588023185,2.07994706727492e-07,0.036505258095845,1
"19838",0.000331796695602576,2.06182509263125e-07,2.2672242819744e-06,4.68039070083756e-06,4.41978507811008e-05,0.000492833918911251,0.000215802441466114,0.998908215295747,8
"19840",0.156710439922063,0.0428523477420982,9.20020648548289e-06,0.000792859383515385,5.9795077816656e-08,0.782524751433651,2.59454740812099e-06,0.0171077469697002,6
"19842",1.97272374073056e-05,5.6754910013729e-08,7.11864423767383e-10,0.970723519536413,3.96918664205995e-06,0.000303655352873073,3.93404094231285e-06,0.0289451371789472,4
"19844",8.1292997162055e-07,1.49869531558198e-06,1.89221601467995e-09,1.07602348973704e-05,1.41705363060683e-08,1.1456696520226e-07,0.999980502849007,6.29466109072937e-06,7
"19846",0.000197294997285196,3.16622800456833e-08,1.0055689686407e-09,0.00515217027137355,2.34044672633435e-06,5.2631309520726e-06,0.0611348749008164,0.933508023584998,8
"19848",0.000217176267310588,4.65027858780725e-08,6.43469988232659e-09,0.000228694896303105,2.6549957230821e-06,1.29003672471353e-05,0.0205902289901605,0.97894829154577,8
"19850",0.000651865144660334,2.63004593597376e-06,1.69893106706964e-07,4.78701019090804e-05,1.86013284945497e-06,9.31510870030047e-05,0.173071323252613,0.826131130341922,8
"19852",0.968490615933155,0.00601146512543247,3.60074076752198e-05,2.13224324822508e-06,4.17314887714554e-07,0.00140765621399232,6.91913317876128e-05,0.0239825144298215,1
"19854",0.000176547701725693,4.23153292568708e-08,2.19155141329826e-08,5.10465987563178e-05,3.52432582195635e-06,3.71860745297139e-05,0.00173312956460416,0.997998501503719,8
"19856",0.000136819552162594,7.39433298769552e-05,1.39516930847242e-06,0.000141596836361768,1.64093616425674e-06,0.000451460410364227,0.98509869401606,0.0140944497497018,7
"19858",0.00536705324484404,0.0032742184528728,3.3641474825568e-05,9.27193643606655e-06,3.18314084825063e-06,6.23079491118417e-05,0.990450064923723,0.00080025887733866,7
"19860",0.569632568687891,0.015881010616667,8.84436668896958e-05,2.45800995988516e-05,5.74981159151589e-07,0.152265323667993,2.26426521102907e-05,0.262084855627691,1
"19862",9.85570283741732e-05,1.21007972280906e-08,7.4148664848353e-10,0.018512399007409,5.11177607643741e-06,1.36304658069481e-05,0.00207894268034844,0.979291346199701,8
"19864",2.28636592730405e-05,1.93631095678559e-06,9.18699102742591e-10,0.999971079684172,1.55868876231001e-06,4.83838184033533e-07,9.62534362807474e-07,1.11436559039657e-06,4
"19866",0.685771692775798,0.219713691880176,1.07614283091469e-05,0.0155196951723012,1.67122957563662e-07,0.0785292026358761,6.47456220532682e-07,0.000454141528362042,1
"19868",3.5013990757889e-07,7.62408175549726e-07,0.0476758842909119,6.98217964534532e-08,0.949722930903376,0.0025487791745925,2.54874855587003e-05,2.57357756812705e-05,5
"19870",0.0167348497033449,1.67805790433185e-06,8.55235062577942e-08,0.0018099938735109,9.51961746047545e-06,3.811245797522e-05,0.00162751078775859,0.979778249978539,8
"19873",0.384021205321473,0.000604379118095909,1.58683790059089e-06,0.00232544412296459,1.15353819254887e-06,0.00110953022224093,0.000525319419303365,0.611411381419829,8
"19875",0.186714646955903,0.758072793175068,0.00334118820240445,5.379806905363e-07,1.12131663219501e-07,0.0507866395124627,3.97853461767671e-08,0.00108404225646154,2
"19877",0.146739619515456,3.0133467908819e-05,2.26972571098088e-06,9.84808450159056e-05,1.53653093328775e-05,0.00446925755716806,0.0018835553744355,0.846761318204972,8
"19879",0.942567389554073,0.00120975875902018,7.86665162334958e-05,2.6032755875037e-05,2.27948760109214e-05,0.00422132141188555,0.000851708677828045,0.0510223274490732,1
"19881",0.0788179878381643,0.000300039848942155,1.15828320412355e-06,0.0316103657944748,6.13583108489312e-06,0.0045940019864816,0.00100976299478214,0.883660547422866,8
"19883",0.0296043137255742,7.61414395011673e-05,7.2184831609553e-08,0.461311707928595,1.43582499660587e-06,0.00163633091584769,3.99180763925569e-05,0.507330079904262,8
"19899",0.106549490631887,0.0014004506875336,0.000117293824773039,0.000112362926126794,6.75259930479161e-05,0.880136371639087,1.95587517641177e-06,0.0116145484223681,6
"19908",0.000757972293756197,0.00111154861754049,0.000115631650292252,0.00932783774971802,0.000540395311533753,0.987918176484923,0.000174626712305818,5.38111799309107e-05,6
"19910",0.962393513908571,0.0012825213324626,3.76814677314315e-06,3.94096962540694e-05,5.26838980943365e-07,0.000193601256495069,3.01730365862272e-05,0.0360564857838768,1
"19912",6.78812261172116e-05,1.3802184984063e-07,3.10513168256632e-09,0.668737585763411,8.44676358397158e-06,0.00316873942298637,0.00028033759711948,0.3277368680998,4
"19914",0.549000807086351,0.00233524473771035,0.000722496514346726,3.07213131174834e-05,0.000157618445865584,0.30528213266751,0.000438970512542592,0.142032008722557,1
"19916",0.266066694083749,0.547703480127566,2.09550370528602e-05,0.18534948773138,5.77249638862635e-06,0.000477509410726403,0.000320989291132799,5.51118220046543e-05,2
"19918",0.00796636218369043,3.32637208206036e-06,7.8088045874346e-09,0.00320832043751078,3.70711273244102e-07,3.09297557237066e-05,0.0751525608956768,0.913638121835238,8
"19920",0.000109333986390814,2.94185885970165e-07,3.98191836158875e-09,3.69110512161799e-05,1.31727336879006e-07,5.72387185658108e-05,0.865501919420979,0.134294166927707,7
"19922",0.0897427457266994,0.00047030985702505,0.275739013754157,5.37804381113264e-06,0.452733535582294,7.98373429935134e-05,7.81301145918862e-06,0.181221366681561,5
"19924",0.139108340049395,0.000150888923441653,1.36440796274561e-06,0.000218957904109438,2.76345984107562e-06,0.00568485812828321,0.0291040474003278,0.825728779726639,8
"19926",0.492281024955138,0.00503036803072746,0.000845875427205542,0.00263379187855422,0.00120625138710586,0.48267383607804,1.11979412599792e-07,0.0153287402638164,1
"19928",2.70415682819807e-08,3.6363888707299e-09,1.11468263510724e-11,0.999997928281444,1.19110207017418e-06,4.86685029867147e-08,5.14114540066099e-07,2.87144338851599e-07,4
"19930",0.022072318537048,5.02583966019487e-06,8.00077290930785e-07,6.25781217527178e-05,6.70406466626477e-06,9.33079519393562e-05,7.4930182583006e-05,0.97768433522506,8
"19932",0.00040741154992515,1.09545331329074e-07,1.35496696684695e-07,1.32760617677406e-05,7.40035576136922e-06,5.43673785162742e-05,0.00058694785202683,0.998930351759975,8
"19934",0.477924135374292,0.427784566035263,0.016145666705776,7.49974071701963e-07,2.23048596798162e-06,0.058709688901402,0.000117310531676098,0.0193156519915504,1
"19936",0.0606300056731824,0.000217111353219822,8.9012646590171e-05,2.10220354242269e-05,9.18407664209663e-05,0.0565977554162451,0.00010255728610151,0.882250694822816,8
"19938",0.110312335258195,0.704588716246748,0.00533821928753699,4.46832331573551e-06,4.35751713960656e-06,0.179662813446912,3.96103580637991e-05,4.9479562089048e-05,2
"19940",0.852517243326983,0.000514127337521529,4.03211810366832e-07,0.0106132652221135,1.33210662266575e-06,9.1623232836698e-05,0.000106659534388168,0.136155346027724,1
"19942",3.44081792914568e-07,7.33330146801339e-08,1.65419010308734e-11,0.999990899689517,4.84725398838555e-08,5.78073216607728e-06,1.18979594019181e-07,2.73469483295337e-06,4
"19944",0.975131107245605,0.00776229018237615,6.95647393159742e-06,0.000178981498995923,4.23631680872178e-07,0.00265612361920168,3.62046158252189e-06,0.0142604968866266,1
"19946",0.680153316960153,0.00159087603993205,1.15073716673523e-05,7.16918642226611e-05,3.0972830208621e-06,0.00362968709487332,0.0108118422370397,0.303727981149091,1
"19948",1.08229872504017e-06,3.35214899843999e-08,4.17760181672002e-12,0.999988396793825,1.83422761353146e-08,4.68990985955512e-08,3.99401099149352e-07,1.00227393083876e-05,4
"19950",9.49192241784784e-07,7.67112863133897e-09,2.30470555866005e-09,3.98154653930051e-07,1.86297592364313e-07,3.50673563831299e-07,0.998620788252032,0.00137731745408184,7
"19952",1.08229872504017e-06,3.35214899843999e-08,4.17760181672002e-12,0.999988396793825,1.83422761353146e-08,4.68990985955512e-08,3.99401099149352e-07,1.00227393083876e-05,4
"19954",0.00395934857433877,6.18088141091882e-07,1.05935629829547e-07,6.01904604532194e-05,3.49375699040137e-06,4.32225715297687e-05,0.000332939084987339,0.995600081527929,8
"19956",1.55741229033591e-05,1.76254841061481e-07,5.56392893960291e-07,0.0101451328586055,0.00209638159196065,0.112819016543687,0.633405128276921,0.241518033958187,7
"19958",3.44455583689917e-05,8.15936944738754e-07,0.0128589181878255,7.45578182012803e-08,0.986845619706254,7.79063678181027e-08,5.52127939710719e-05,0.000204835352449502,5
"19962",0.176148674142736,0.0245520969912938,0.0011938424586791,0.000276872649377695,0.00015486606523666,0.0200259981574536,0.224820372939223,0.552827276596,8
"19964",0.706854818208237,0.000509682507572605,9.70798213262421e-07,0.0150828206378586,1.60010060890652e-05,5.75832203311387e-05,0.00553528006887055,0.271942843552828,1
"19966",0.104076810729132,0.860429506941812,7.54341035134501e-05,0.0026382370405268,2.46405682876612e-07,0.0327683258396175,1.27681428508907e-08,1.14261715731093e-05,2
"19969",0.00482705397673043,7.03673659668939e-06,1.27322578105416e-07,0.0132961265919103,2.46317313555066e-06,0.00454555272200741,5.13148075549045e-05,0.977270324669487,8
"19972",0.0488285483025804,5.62422604735273e-06,3.35070243718691e-08,0.246364873763851,3.94095248370805e-05,6.29178933422704e-05,0.0625720543304666,0.642126538451851,8
"19974",1.48994901831837e-05,5.49524050577259e-09,4.77914847836306e-11,0.0604885522476868,1.48484122924177e-06,1.53641823780044e-06,0.837593927702838,0.101899593756793,7
"19976",0.358688645126439,0.000196046288556841,1.66683469046065e-06,0.000267630381445267,4.56382123317884e-06,0.00237256787004087,0.0415979180818249,0.596870961595769,8
"19978",0.970522404564734,0.011163831542856,8.59511151388539e-07,0.000195595310429571,2.95705630346965e-08,0.000156810166193057,6.14276111438191e-05,0.0178990417229288,1
"19980",0.000116298210352431,4.07598325895906e-08,1.64873292777808e-08,4.11592078463935e-05,3.95112263700106e-06,1.71602718260314e-05,0.118136963347406,0.88168441059277,8
"19982",0.000255384808960562,5.03866623391373e-06,1.25256696608675e-06,1.19892154797486e-05,1.16706824751927e-05,0.000858442981130457,0.834778432953336,0.164077788125418,7
"19984",4.2027275061657e-06,5.10406888107914e-07,3.13377496590777e-09,2.04210169928539e-06,1.64566839886465e-08,7.89223143590535e-07,0.999817484998199,0.000174950952105065,7
"19986",0.0389870682861884,0.954767860177085,0.00147515195536617,1.08988267132325e-07,3.33677171292369e-08,0.00476967149222356,1.03088430200627e-09,1.04702268662401e-07,2
"19988",0.00302435282050142,0.9947857702934,0.00196565965916448,1.1481064211238e-09,4.42933414464082e-09,0.000224209003703807,2.26146364810951e-10,2.41964395644939e-09,2
"19992",0.00331338862139036,0.986779182744629,0.00238176193958633,1.17092673243075e-09,3.97579259025349e-09,0.00752551285514665,3.4024092868346e-08,1.1466843499113e-07,2
"19994",0.0310111097796756,6.22756225243149e-06,3.08720362330384e-06,4.26462486428803e-05,2.51906199833671e-05,0.000434719983987976,1.66821022657356e-05,0.968460336499569,8
"19996",0.024206208380665,0.97495814821146,0.000533516163157516,1.92312434403619e-09,8.81055617692609e-10,0.000301701572106282,3.15601347731673e-08,3.91308296468301e-07,2
"19998",0.0113093846538954,0.00323994239339029,7.73589084188106e-06,0.379360797782213,1.90228312076447e-05,0.521754510835835,0.0044734975589926,0.0798351080536236,6
"20000",0.000171731865483235,6.91934913387303e-07,0.00019367976085924,0.00248882740298858,0.119195629397422,0.19066325349202,0.000182002723279063,0.687104183423034,8
"20003",0.104362688773098,0.00010289375766606,3.16633673076534e-05,0.000817873657294089,0.000102681646556013,0.00911130620753624,9.51849608845443e-07,0.885469940740933,8
"20005",0.000220383610868336,1.78700733768814e-08,1.06145184611937e-09,0.00244784337028847,2.92857380114399e-06,1.34048838822207e-05,0.0197747450039822,0.977540675625652,8
"20007",0.766769641710792,0.0129617088228825,0.000759483324064378,6.25654927571075e-06,1.09919162057531e-05,0.181678997728654,0.000262561035919134,0.0375503589122076,1
"20009",0.174586432635785,0.822969873400459,0.000978652579589802,0.000161464498580472,3.56220007415792e-06,0.00097981581409469,0.000236480076182055,8.37187952351412e-05,2
"20011",0.242171535590448,5.65136746328609e-05,3.52905353900063e-07,0.0479378199019976,2.09553803979081e-05,0.000737433247793719,0.0088527689549881,0.700222620344388,8
"20013",0.00354561347410055,5.55538722317568e-06,9.80157408682549e-07,1.34415354845e-05,3.67534637759223e-06,0.0119727104440427,0.0807988890877747,0.903659134567588,8
"20016",0.0777299389053445,0.899609475011965,0.0182360835502299,2.41423851907558e-07,2.47331051918588e-06,0.00441566868370867,5.20749805268135e-06,9.11616328233493e-07,2
"20018",4.89702490262169e-06,0.00796377011723654,0.991595983431804,4.42748924381715e-10,0.000431798682048475,3.55002917274599e-06,1.14565912257153e-10,1.57520527450298e-10,3
"20021",0.867311584673461,0.129922120517457,0.000848980022847717,3.44151784747151e-06,5.60546003962954e-07,0.000376581252244812,2.40582055077627e-08,0.00153670741193253,1
"20023",0.898297220968174,0.0523532118724709,0.000759218620162861,6.47099850750877e-06,6.05712749867426e-06,0.0385182031861286,3.272248221079e-05,0.0100268947448473,1
"20025",0.010133312712681,0.304866645303877,0.684215780778016,1.09011606273996e-07,0.000551908350799071,0.000231418818809472,1.22054467413737e-08,8.12818764338174e-07,3
"20027",0.00198238668345144,1.27851178686747e-06,3.18393179675382e-08,0.470755459624656,3.49410213228654e-05,0.0105136423765493,9.24298123871167e-06,0.516703016961677,8
"20029",0.000306515739769365,2.48851542837135e-07,1.49794124390854e-09,0.0136534942218372,3.01348925195782e-07,0.000363183325432537,0.00686211582649217,0.978814139188059,8
"20032",0.00302400007518456,8.7630300120188e-07,1.74320650652264e-07,0.00792226449596215,3.94786750862265e-05,0.000362280807067105,6.90594439106189e-06,0.988644019378657,8
"20034",1.42776897317204e-05,1.11411135382317e-07,4.04809211739302e-11,0.99994472516801,1.63186304012941e-07,1.60196266964654e-07,7.93356298528472e-08,4.04829724411716e-05,4
"20036",0.000192295099542872,0.00024653864054954,8.30510428965507e-06,0.000106500299867884,2.85849751170722e-06,0.971063239351962,0.0095400210722253,0.0188402419340507,6
"20038",0.125103597183441,0.542556974589924,0.0443761042539911,1.29924847236334e-07,2.16182122551061e-06,0.287924566459683,9.65558330285269e-10,3.64648013296353e-05,2
"20040",0.0738696197164346,0.913120792386702,0.0128666549902268,2.94309362711223e-05,7.99222929024517e-05,3.16361825089655e-05,1.74658176454494e-06,1.96913189209889e-07,2
"20043",0.0791843285391384,0.899705129953247,0.00963333980102556,5.61881649563035e-08,8.25016170399773e-08,0.010793224959599,2.36950723203866e-07,0.00068360110648526,2
"20045",0.00270839068143483,0.966432460510929,0.0308324797288151,1.01384432641222e-10,6.85679866447311e-08,2.65821167993778e-05,1.37877777631116e-08,4.50487274551058e-09,2
"20048",7.52127188180622e-08,6.31861760602703e-09,1.08132425659914e-09,1.45342599884902e-07,6.29008560409714e-08,5.19749535361234e-08,0.999981660871452,1.79962974776987e-05,7
"20051",0.110426376757195,0.0694017221684012,0.0494592172621734,7.24755190310036e-07,5.6637590043922e-05,0.118262104070293,0.0101720770431802,0.642221140353523,8
"20053",0.939526649567157,0.058609600239107,3.64018532630645e-05,2.03699808096696e-05,1.83831583575015e-07,0.00087459832746524,5.49923616598008e-05,0.00087720383895469,1
"20055",0.0514630117004022,0.0210068574128981,0.0346048733510181,6.2509152006631e-06,0.000214479630275503,0.890991259669879,3.73670751800556e-09,0.00171326358361923,6
"20057",1.82045106239432e-09,1.87017328233431e-10,5.32279581231085e-05,7.82886540257837e-08,0.999942416626568,8.36656575229994e-09,3.93777783226822e-06,3.28974788803165e-07,5
"20059",0.959043665201375,0.0394423083059405,0.000439690655088916,5.88189817742755e-05,4.60319308992665e-05,0.000456402387326542,3.77540862364764e-06,0.000509307128972148,1
"20061",0.980317700486951,0.0131879147630216,4.02516199883162e-05,4.60137649268209e-05,1.94378834031009e-06,0.00176857213150244,1.53300884670249e-05,0.00462227335680272,1
"20063",3.6879598660792e-05,0.0161470025732688,4.62105801885217e-05,0.000170998224871522,5.2942524913054e-06,0.000164490083624195,0.983426093060949,3.031625946145e-06,7
"20065",0.000402573056805439,0.0143939907938385,0.985037197822596,9.19399525243338e-11,7.75352470005883e-05,8.8662948702575e-05,2.34772769433578e-12,4.00367690014784e-08,3
"20067",0.0828222011087526,0.811929298344273,0.103177907683102,1.91538249484974e-09,1.90220569553785e-06,0.0018348330085958,0.000192091915623967,4.17638185745828e-05,2
"20069",0.000123900553195601,9.68729437931394e-08,4.54367129372441e-08,1.49539766399127e-05,4.44370307485448e-06,3.40142873131283e-05,0.346613089028395,0.653209456141725,8
"20071",0.00358204379287516,0.000185561990840786,3.77277995670029e-06,0.000879606364013967,7.31104655793469e-06,0.994649843148617,1.03260353824518e-05,0.000681534841756239,6
"20073",0.00457135219833319,1.95241099216413e-05,5.07486713956093e-08,0.000462929886532439,5.26634514963902e-07,2.44656438724307e-06,0.901252254362006,0.0936909154956334,7
"20075",5.41608246756474e-07,2.45279705058418e-07,0.0805976615480035,1.03710410089807e-08,0.918817089505444,0.000536862162535431,1.9969028674966e-07,4.7389834737453e-05,5
"20077",0.0948918227315576,0.169823416642589,6.95783619310748e-05,2.61145757195504e-06,2.35807041514179e-08,0.733820547939128,0.000186771214877028,0.00120522807164152,6
"20079",0.00551542922042989,0.0845272101017293,0.00167194402024692,1.62676229276332e-05,2.84715885602524e-06,0.0105699177562719,0.859085124927304,0.0386112591922345,7
"20081",0.298265125370579,0.143525825123101,0.516456343322709,8.9938523917481e-09,0.00017601711084351,0.040521996851864,2.42889268206184e-06,0.00105225433436848,3
"20083",8.59505840093124e-05,0.000523455000492529,3.22862674148243e-05,0.000914595927787501,4.00685390135889e-05,0.158199349284297,0.837201790463963,0.00300250393302259,7
"20085",0.00183019310832334,0.981871572570249,0.0158777857388224,3.68264112736616e-10,1.27939081365264e-08,0.000420429715199938,4.6027321649129e-11,5.65920539450189e-09,2
"20088",0.106381630200078,0.876248941681578,0.0121938571022373,1.46361784738802e-08,1.05907688779705e-07,0.00512033540912692,5.16885952079619e-08,5.50633745169143e-05,2
"20091",0.00119727577002098,0.00012941814313114,0.932105866840621,3.94337453432176e-10,0.0663363285983085,0.000216383098781662,1.27573249031424e-06,1.34514223086466e-05,3
"20095",0.153241409446652,0.00427853992580412,1.13850911447269e-05,0.0257905420908543,0.000140032228095651,0.000379956877552385,0.813818546970564,0.00233958736933334,7
"20097",0.00177406875216432,0.931829678317313,0.0647078710326745,1.72877887170275e-10,7.12291448450362e-08,0.00168829734010434,7.22338528644787e-11,1.30834871383525e-08,2
"20099",0.502636229061337,0.402014576101846,1.02715307183542e-06,0.092617342948242,3.52806972843873e-08,7.23949326377564e-05,0.00239429485672567,0.000264099665441915,1
"20102",0.000454643063555531,5.98185466021493e-05,0.00667021725118429,8.26968630561466e-08,0.00999569885318164,7.8179819674734e-05,0.982234064152679,0.000507295616259896,7
"20105",0.20231157867936,0.791866237473082,0.00282735431600471,1.8041000331158e-07,7.16122044036853e-08,0.00104861015228315,0.000405212833219317,0.00154075452384317,2
"20107",0.417286018332066,0.498844064220719,0.000493515483528002,5.53779813882404e-07,4.54838424770181e-08,0.0833299572157559,2.54400420489193e-07,4.55910838543944e-05,2
"20109",0.654873776883093,0.152112141390116,9.35130026864736e-06,0.000538562086694192,1.45313730688083e-07,8.91929527030009e-06,0.185854634018663,0.00660246971216504,1
"20111",5.56750221567923e-05,6.87799399743409e-08,0.00103135236471047,1.77373398941449e-06,0.964913504805654,2.90390406697892e-06,0.000407828011594325,0.0335868933778882,5
"20113",0.169347215156391,0.0512460122656382,2.04081785784716e-05,0.00312911477574349,7.07419788193761e-07,0.775824439794946,1.2091875533683e-07,0.000431981490160218,6
"20115",0.00401803765183175,4.11334935038608e-07,3.23708432205725e-06,0.00526269819343091,0.00842189917346092,1.2213033176556e-05,0.000169422362261543,0.982112081166581,8
"20117",0.0343385598644629,0.0187157599554481,0.0391203191117045,0.136151746254919,0.761912275990488,0.0096777393654367,1.25767022469325e-06,8.23417873160977e-05,5
"20119",0.0727444695003402,0.875402999524196,3.12809594201752e-05,0.0123383766669395,8.40903620827611e-08,0.0394709948907454,5.32775939767304e-09,1.17890402370306e-05,2
"20121",0.127258266040468,0.815827721195272,0.00173134760464572,2.02773091247145e-07,8.17838203761971e-08,0.0551787501269116,6.21674898911113e-09,3.62425904187279e-06,2
"20123",5.29212012243855e-05,0.000158408571702487,0.978651512847054,5.88937368587187e-10,0.020377228906244,0.000758106645336995,1.87015749223187e-09,1.81936934305804e-06,3
"20125",0.00124533396761757,7.55131388244171e-07,4.5888380426097e-07,7.50186746154193e-06,1.16763182707656e-05,0.00067850194886762,0.0574644123245112,0.940591359558079,8
"20127",0.00224797567789626,0.99697130780116,0.00076039675214174,2.84123391709959e-09,2.16164518939175e-09,2.00069558473908e-05,1.70117049440705e-07,1.37693026298418e-07,2
"20140",0.0034760499524722,0.000587730508340726,0.00180306254403867,1.13286423083732e-05,0.000696597779113733,0.992966310327539,8.822595900548e-09,0.000458911423591693,6
"20142",2.01764681048187e-06,1.19474220369148e-08,5.08244456415405e-09,7.97006997873285e-07,6.0129436322355e-07,3.80992222674233e-06,0.995371070353479,0.00462168674625618,7
"20144",0.000625286056262305,3.80238464325673e-07,7.45234194632465e-05,3.27934797983172e-05,0.0496954951349472,0.0145678014628189,0.00373937356742517,0.93126434664082,8
"20146",0.00230265910144542,0.000167474789224595,0.000165413707958568,2.50955602427736e-05,0.000242283175102829,0.368032385949773,0.329313933571147,0.299750754145106,6
"20148",0.0166588689082775,0.000182202821270784,2.17444886819073e-05,1.45721789883703e-05,3.56764497258349e-06,0.0333973357332101,9.39061126089942e-05,0.94962780211199,8
"20150",4.03601969005159e-05,9.63794793571138e-09,5.29607405660146e-10,0.00384743423358959,2.65250535235658e-06,4.92747997606045e-06,0.314097101764909,0.682007513651717,8
"20152",0.0976669185927676,0.00116618484491939,4.29474990177638e-05,7.94613416948377e-05,7.07031427175029e-06,0.0390523058126416,7.48342205606162e-05,0.861910277374126,8
"20154",3.04852338518572e-05,0.00453759853936081,0.995319846468978,5.76293686189049e-12,6.64956455141512e-05,4.49654899309639e-05,4.18863287085155e-07,1.89753314125595e-07,3
"20156",0.524449859763062,0.0177560518459289,0.00125459090703918,3.3959331655179e-05,0.000280359942062989,0.415955880234245,0.029368688990903,0.010900608985104,1
"20159",0.00010726500438863,1.02444672463188e-07,8.55276526865055e-08,8.52221214505703e-06,8.4451620392789e-06,9.6766922055106e-05,0.465566583828343,0.534212228898704,8
"20161",9.42422048954204e-05,2.14357571907584e-05,1.04588868039859e-06,4.12010290965908e-05,6.64233444630586e-06,0.00111973432278665,0.995412127256991,0.00330357120591235,7
"20163",0.133770090488398,0.00272879449586945,0.00047051274051846,0.00105863899362748,0.000202552735692203,0.00141268871924213,1.80647158791911e-06,0.860354915355064,8
"20165",0.000876077120070566,0.00189092207787128,6.35953196713174e-06,3.39019798280074e-07,6.68650065211936e-08,3.12102592950421e-06,0.997015876166294,0.000207238193062843,7
"20167",0.0195370306607816,6.12988182250728e-05,1.09059413870287e-06,1.09113048196729e-05,2.67621372891037e-07,0.000374587635086259,0.00433670423381089,0.975678109131765,8
"20169",1.64796371597275e-07,5.12478839639985e-09,1.2273074996841e-09,1.93449017339083e-07,1.0587595857881e-07,2.21179807326436e-07,0.999892889474609,0.000106418872140349,7
"20171",6.11439514063248e-06,0.0027501682280893,0.996995812286623,4.11917744268146e-12,0.00019394000658199,5.29294419803014e-05,1.02340255130787e-06,1.22349145287251e-08,3
"20173",0.00876180490869092,0.0537559963906514,1.36886147237722e-06,0.661670901068315,2.4021021708219e-06,2.32585217088408e-05,0.275476339461113,0.000307928685877725,4
"20175",0.05413899359426,9.65236151235757e-06,6.15196170528055e-07,0.000325944684084776,2.15568094918738e-05,0.00197752393093074,0.0060810115062898,0.93744470191726,8
"20177",0.337178631714485,0.227471443770729,1.33899675072976e-06,0.43408323503466,4.60371067724523e-07,0.000653025296848386,8.79870584757205e-05,0.000523877756983235,4
"20180",0.10276826355646,0.882122798853022,0.0110934063270708,1.67894025655516e-06,1.47125291948228e-06,0.00401046403878856,1.60087104420246e-11,1.9170154742092e-06,2
"20182",3.03580770362206e-08,4.7165686554719e-10,1.61946348119191e-08,0.00162773751885704,0.00662020072252506,2.46741534638465e-08,0.991626123755035,0.000125866305060767,7
"20184",0.000239366781937192,1.3536323555489e-06,5.33892794083622e-08,4.50070030946976e-06,4.05447283944835e-07,0.000138380189081831,0.968691078516187,0.0309248613435662,7
"20187",0.00359526342984151,0.000431430769108958,8.02110649700885e-09,0.99111088551155,3.43334528600268e-07,0.00359298458050957,0.000883014046073988,0.000386070307280767,4
"20189",0.930435105420571,0.0590118015223243,1.7766355214883e-06,0.00514314103552926,3.42577666579344e-08,0.000171038913084273,1.24476587859716e-06,0.00523585744932445,1
"20192",0.31077311374566,0.543633082960976,0.104162446570755,0.0123167193623818,0.0280227095632785,0.000153078779326693,1.43671926542639e-06,0.000937412298357176,2
"20194",2.661999156275e-05,4.74566865989025e-06,1.79002409003731e-08,0.151424351250234,2.93589068251592e-06,0.125100894284393,0.675062901233604,0.0483775337806224,7
"20196",0.00793669657228007,0.267970834392722,0.723279836626985,4.43738854660203e-09,1.51335079083874e-05,0.000794791769615272,2.01000043332437e-08,2.68259309724407e-06,3
"20198",0.535965339812939,0.0171140500853642,0.00116535951515336,0.000251617490627333,0.000480240595979324,0.16053388952832,0.000369043652598899,0.284120459319018,1
"20204",0.000218085604199393,1.18003841644051e-07,1.44327130444141e-07,1.67821337139479e-05,2.03815016161236e-05,1.05613427342879e-05,0.322201571073707,0.677532356013057,8
"20207",0.0147072802072407,0.526007280938167,0.445412546618202,6.41809487321827e-10,8.90840175912284e-06,0.0138340176388221,1.40534926757387e-05,1.59120613242966e-05,2
"20209",0.00161746605153853,1.23522359615587e-06,0.000223797667858756,0.0160505132598305,0.820429016634147,0.00610492436599739,3.64855191942015e-07,0.15557268194184,5
"20211",2.81065313418124e-05,5.44428298792115e-05,0.995991053948752,6.70852672155432e-12,0.00305794513748974,0.0008652248215586,1.15553606338741e-08,3.21516890977485e-06,3
"20215",0.00657827953791122,0.105913156775576,0.000477613452617215,6.26486493270925e-07,4.21606120180417e-08,0.886412053932229,3.90182840166978e-06,0.000614325826159693,6
"20218",7.55482417856717e-06,1.98010053241493e-08,8.48588192047063e-09,1.34441977426847e-06,7.11093085351305e-07,2.04922105451817e-06,0.978341811907202,0.0216465002478181,7
"20222",0.0185792766303426,0.568934491986132,0.382914728232725,1.06575014921221e-08,1.09756295997277e-05,0.0278724996006502,3.23892658104948e-05,0.00165562799723832,2
"20225",0.000157571594329488,2.34323403530494e-06,7.56898708538578e-06,0.000202966627627439,0.000694528928721743,0.0286210962159659,0.0126808607024732,0.957633063709762,8
"20229",3.78989656584881e-05,9.68558445659936e-06,5.29232356357825e-05,4.45989120238245e-06,5.65162453663092e-05,0.998720636433693,2.92774411231591e-06,0.00111495189987582,6
"20232",0.488840169729184,0.0159653498633272,0.00359778145717276,5.72467722648612e-06,8.85154802849207e-05,0.486609813783643,2.7729826523691e-06,0.00488987202650909,1
"20234",0.00175672158526265,0.832890054909313,0.16532780342038,4.9259845192337e-08,2.02835149917508e-05,5.08462267544226e-06,5.0226562467365e-11,2.63730480823604e-09,2
"20238",0.476256427358553,0.509911757915571,0.004309804659143,2.7422523950509e-07,1.27981703324111e-06,0.00947476689201809,6.21187360389544e-06,3.94772588380674e-05,2
"20253",0.00250892574788032,0.511621069704671,0.00082572056327613,1.26803126695352e-07,1.17627732468687e-08,0.485039929527798,2.1523459132652e-07,4.00065588302094e-06,2
"20255",0.00262672317898622,1.1074495965877e-06,2.204442342777e-05,1.98713775839771e-06,0.000162590079904855,0.0018671259231028,8.45499928748572e-05,0.995233871814349,8
"20258",0.163593731365397,0.83607423863657,0.000287722423141925,3.27469911040828e-07,1.17273368754917e-08,3.40337210150247e-05,9.82355773101311e-09,9.92483307107172e-06,2
"20269",0.835738967279947,0.138206211890034,7.55300999123098e-05,1.30973500142934e-05,2.6789890226093e-07,1.16021647693647e-05,0.019176259379017,0.0067780639374044,1
"20271",0.212371316435807,0.782502174080571,1.13949999447459e-05,0.00501277672786435,6.3881513944646e-08,8.02146516252285e-05,3.47500633910795e-08,2.20244726105592e-05,2
"20285",0.00178020103945975,0.000319906988164006,1.86080972466763e-07,0.976483672253464,6.24709975985432e-06,0.00850568207225601,0.000474395560739368,0.0124297089051847,4
"20288",0.0955642014976753,0.0685781217099224,0.000938862256716718,1.14017954832673e-06,7.86915048478405e-07,0.833696559479475,1.8345367806231e-05,0.00120198259380757,6
"20291",0.349836764235165,0.137822055264345,0.508423234313868,6.17681417961277e-08,0.00120426782379953,0.00270248906097765,9.09360344106018e-07,1.02181733588596e-05,3
"20295",0.821133135698492,0.0970408891030947,2.47442376443774e-05,0.0642050368172198,1.03997738266462e-05,6.16372721417348e-06,0.0047466898942121,0.0128329407482966,1
"20298",0.000209575724630453,6.10871149621576e-08,3.02181846105288e-08,4.52568097577731e-05,4.03911408930369e-06,0.000170479410674888,0.00102256721654455,0.998547990419003,8
"20302",0.0067499101150971,1.83873140627429e-05,1.80813646690625e-07,0.00236548150039946,7.30768881367105e-06,3.71686487095058e-05,0.608487977705098,0.382333586214173,7
"20305",0.000235048119713836,5.23436113179973e-08,8.13462294363198e-09,0.0015225909807446,5.087018912036e-06,4.00738687784508e-05,0.000130586345057156,0.99806655318856,8
"20307",0.0845706912062405,0.910655644580826,0.00388928569622106,2.56582791453184e-09,2.33151514162873e-08,0.00088345001743694,8.53491476856414e-09,8.94083381738391e-07,2
"20310",0.00102684243413456,0.995808811807617,0.00314723666549456,8.12070790811009e-09,1.87231782944193e-08,1.70791341953468e-05,1.11363399837364e-09,2.0010384916306e-09,2
"20313",1.64652339039471e-07,9.18375857998548e-10,4.76514818063121e-11,9.51500487908195e-06,5.67612244674068e-08,5.10085109762334e-08,0.999494364331044,0.000495847275975112,7
"20315",0.313388847667697,0.675322651028669,0.00030435059445837,6.70212357314521e-06,6.6683132968767e-08,0.0109169581797408,1.56997184850363e-07,6.02667255440775e-05,2
"20319",0.000476252552680811,0.100518335794047,0.894320483963658,4.09637144974976e-09,4.80551988607822e-05,0.00463350179847764,6.26201085840384e-09,3.36033389353533e-06,3
"20321",0.00779791526697199,0.989824594630457,0.000139266071461483,1.01308637904532e-07,1.41527840001341e-09,0.00223448182180976,1.35329983521122e-06,2.28618554869241e-06,2
"20327",0.22470985609254,0.775249563503879,1.90049144463505e-05,6.59827754343811e-06,3.18290785819953e-09,1.31684673938946e-05,3.35636763574238e-08,1.771997612785e-06,2
"20329",9.13771505168669e-07,1.22311503930841e-08,9.6153117543863e-13,0.999945703050391,1.49836880449029e-08,1.59077627518294e-06,2.10803502598753e-05,3.06848357685154e-05,4
"20335",0.0109068160037519,0.339980517997021,0.648966632946593,3.49404324670556e-11,3.24342087771982e-06,0.000142304927527373,1.62448911842949e-07,3.2222037655584e-07,3
"20337",0.000214603122944918,1.22374729664327e-07,1.09377253393541e-07,8.26598990194137e-06,6.66531181981693e-06,3.74163599093066e-05,0.117414364428797,0.882318453034644,8
"20339",0.000532494425027246,0.000852298327252755,0.158022195762403,0.000135206960454935,0.299538770508601,0.53868215872748,8.49146315890014e-07,0.00223602614246579,6
"20341",0.00135879950091111,0.00612158177943013,0.983112514168597,9.24125309073268e-10,0.00731044721996809,0.00176441980303402,0.000329324809484113,2.91179445049594e-06,3
"20343",0.00212641793063859,0.979004818963314,0.0186952710068862,3.91853444250173e-09,2.52925039874255e-07,0.000157780138638352,1.51456470745602e-05,3.09469873723077e-07,2
"20345",0.0821308616353,6.40175690306857e-05,2.18632260083049e-06,0.0379740873225471,7.27332923022199e-05,0.0120743051249644,2.22069096942464e-06,0.867679588042286,8
"20350",0.000959146033969194,0.00353497557846027,0.00104749927171565,9.5007855066247e-05,0.000910158010389201,0.991767966981442,0.000708586902629407,0.000976659366328205,6
"20352",8.15626199766601e-07,3.81583941616773e-08,3.63834528045436e-09,1.78681946527122e-07,4.75691879762379e-08,8.98704854743788e-08,0.999727684617849,0.000271141837591694,7
"20355",0.00195317068212379,0.000132662297147941,8.70374310867801e-06,4.74286049198124e-05,3.27488017294629e-05,0.00032483753265063,0.985513982456812,0.0119864658815077,7
"20358",6.02504539028563e-06,2.38025815205234e-07,1.06210635651957e-10,0.982097808177251,1.17701397415475e-07,1.15486683964133e-05,0.00409842214899355,0.0137858401265462,4
"20363",0.031137156175909,0.9640008932395,0.000329926597727509,5.5203780316194e-08,1.9854842166321e-09,0.00450632774958813,1.66339112015641e-06,2.39756568904929e-05,2
"20365",0.105281934589075,0.0244252704298259,0.804539907585268,5.32031479259494e-08,0.00171989970120683,0.0596706736367848,2.43260348276368e-07,0.00436201759434321,3
"20379",0.0186041880429913,1.05267897077029e-06,9.54371217935314e-06,0.000239615285627919,0.00730331558905871,0.000219547640344874,0.000437963977251163,0.973184773073576,8
"20387",0.420820595926182,0.564906765486953,0.0139562478675677,1.99023165405045e-08,5.27476686887707e-07,0.00023666483149084,6.7919411428614e-08,7.91105893917789e-05,2
"20392",2.7647957865986e-05,0.000134032392647209,0.998859257179237,4.42151181182375e-12,0.000923604108008253,5.49682964779848e-05,3.27784201283926e-10,4.89733558088203e-07,3
"20395",0.0494011286937555,0.000296543088422193,2.9040630927209e-05,2.35225775800588e-05,1.49413037829409e-05,0.357904683810612,0.0005026232411504,0.59182751665377,8
"20397",5.49914091631106e-08,1.83019433663833e-09,2.06780919563529e-12,0.99781527047153,2.36907509386648e-07,3.92562964026939e-08,0.00217157441013975,1.28221308535177e-05,4
"20410",0.857499539159519,0.14017095964071,0.000621013006050148,9.34631851673713e-05,1.97005614328172e-06,0.00076181997677712,2.55511797531476e-09,0.000851232420514433,1
"20414",0.00369906944706798,1.4649502033029e-05,4.23644581758813e-07,6.43674587224116e-05,1.31009070456144e-06,1.06451246757816e-05,0.145067986099879,0.851141548632335,8
"20417",1.88831095332427e-05,0.272771946493946,0.726103283779925,1.74976411799186e-06,0.00102942604523429,7.47088819599017e-05,6.5758798929238e-10,1.26769592643952e-09,3
"20419",0.0258909263062863,0.974050278119883,2.78666843543691e-06,2.02445666592888e-06,4.5432562459663e-11,5.33069502484547e-05,1.43897022423122e-07,5.33556025771502e-07,2
"20421",0.0326053010917307,3.52543309011095e-05,0.000991106061204137,2.94276495236782e-06,0.0164051103202043,0.000438523905771463,0.746648741212382,0.202873020312853,7
"20423",0.00285110256811784,1.00151484270162e-06,2.54791883849439e-06,4.6374359419896e-06,0.000128641133864506,8.19715986209548e-05,0.266875839095623,0.73005425873415,8
"20425",0.000327968943286432,9.2236919091562e-06,2.56598889591874e-05,1.3411389075947e-06,2.67459083491339e-05,0.0235813148146549,0.588384680048819,0.387643065565114,7
"20427",0.285105934737719,0.00128958767760621,9.57932402627785e-06,4.85641774590114e-05,8.33380186640471e-07,0.0051944330804423,0.000100167959007469,0.708250899663553,8
"20429",0.115992904109127,0.862774166686841,0.00325989777840369,2.89329831602202e-05,1.22617664515908e-05,0.0177556748842246,0.000168016834615992,8.14495717604538e-06,2
"20432",0.000122851663934847,7.44786546485958e-07,5.88813841555364e-09,0.000558007967560445,3.7145986773086e-07,5.87996319882279e-06,0.702215450719986,0.297096687550768,7
"20435",0.901868231737607,0.0285130959406361,0.00604804958378158,3.50404752557922e-05,0.000337269660332779,0.04675071436999,1.12585730404349e-06,0.0164464723750931,1
"20438",0.013105912790937,0.959931846355907,1.2716121813346e-05,9.31623279594936e-06,1.34220156279424e-09,0.0268029755433033,0.000120275888559061,1.69557244830011e-05,2
"20440",0.156976648156004,0.842938216717943,5.76350558630381e-05,3.0987031056258e-06,8.82060930524595e-09,1.12486706535601e-05,4.11500096508833e-06,9.02887485650038e-06,2
"20443",4.17522981215532e-05,3.35472852816963e-06,4.02122167261873e-07,8.6185486179314e-07,1.71429301493826e-06,0.000384398792653855,0.999308570884285,0.000258945026366864,7
"20446",0.428059384113306,0.164314540770593,0.00159686568031966,0.00202999935195951,3.91127139236598e-05,0.00995664299177003,0.00276893954255605,0.391234514835572,1
"20449",0.196613328646963,0.0123551866275193,0.00171863131713415,1.35231053241832e-05,4.06864148187549e-05,0.780819005195131,1.81152845559285e-06,0.00843782716465417,6
"20537",0.473216031394977,0.090671340028957,0.431925072164028,2.2035372410133e-07,0.00280468004970454,0.000344230292321154,5.89875006218703e-05,0.000979438215666757,1
"20540",0.000803094686914094,0.000702140786753441,0.987379262753788,2.22637478938713e-10,0.0111113687965297,3.87670724008558e-06,3.65852160383778e-10,2.55680284751684e-07,3
"20543",0.851675887806742,0.00160224234529789,8.84760059511783e-05,8.41609512136783e-06,1.13858382180447e-05,0.000549006916805283,0.000610511315455547,0.145454073676409,1
"20545",2.3142246714586e-05,5.92636964035175e-05,0.996943100764013,2.77683814950161e-12,0.00295351438567782,1.87219034251394e-05,3.17993579978632e-08,2.22520163141882e-06,3
