"","V1","V2","V3","V4","result$classification"
"19811",7.85965609038639e-05,0.997698162160645,0.00222242915298849,8.12125462843538e-07,2
"19813",0.00454788126870908,0.99314709849932,0.00228365393534275,2.13662966281932e-05,2
"19815",0.00490725032966811,0.993619599728515,7.81935140663415e-05,0.00139495642775063,2
"19817",0.000623029003311716,0.997214775105328,0.00210913215185955,5.30637395010851e-05,2
"19819",0.863318740691493,9.32253689639478e-05,2.48133559304231e-06,0.136585552603951,1
"19821",0.00235552302438338,0.948363074045273,0.0492797224926717,1.68043767157266e-06,2
"19823",0.00207981402658832,0.905619463678624,0.0011794284057936,0.0911212938889948,2
"19825",0.145751309099085,0.0103110916756434,0.842953131300088,0.000984467925183437,3
"19827",0.00180631299811569,0.385989197263062,0.611818316456278,0.000386173282543359,3
"19829",0.982443994473432,0.00378956326283925,0.0135695414498255,0.000196900813903017,1
"19831",0.892569700461413,0.00102535081860172,4.65161485099615e-06,0.106400297105135,1
"19833",9.33895340268366e-05,2.39754604851913e-05,6.04395312855704e-05,0.999822195474202,4
"19835",0.00235552302438338,0.948363074045273,0.0492797224926717,1.68043767157266e-06,2
"19837",0.00431782274319963,0.903303492949108,0.0923246939766421,5.39903310503312e-05,2
"19839",0.933314816913333,0.0145295240775612,0.0520796731930542,7.59858160518992e-05,1
"19841",4.84413006085311e-05,7.05141980302666e-05,0.999880858138694,1.86362667421922e-07,3
"19843",0.998854260489383,0.000927410333442467,8.69291205118059e-07,0.000217459885969989,1
"19845",4.83336974459596e-05,0.999401169205195,0.00054832875801212,2.1683393470153e-06,2
"19847",0.00583015037794,0.994008157791955,6.01472696262803e-05,0.000101544560478895,2
"19849",0.000438278044293646,0.996180708037322,0.00337521645776031,5.79746062398299e-06,2
"19851",0.000191608875854,0.999541672461788,0.000214165854503041,5.25528078549617e-05,2
"19853",4.12080309704624e-06,0.998203176468933,0.00164797925927983,0.000144723468689863,2
"19855",2.48319188022104e-05,0.990103132043165,0.00985837230696496,1.36637310676422e-05,2
"19857",0.0120912107383967,0.96011135777704,0.0277924356703132,4.99581424991033e-06,2
"19859",0.00392165943771726,0.969438113007869,0.0263265346832677,0.000313692871146324,2
"19861",6.50783353536504e-05,0.999741748519039,0.000190890223637479,2.28292196980786e-06,2
"19863",2.56080654374293e-05,0.0188242948590027,0.981149630733473,4.66342086968332e-07,3
"19865",2.17374482645023e-05,0.0042220953322844,0.995755824766078,3.42453372897246e-07,3
"19867",0.00107184078295734,0.998875248805728,1.63347292432952e-05,3.65756820707624e-05,2
"19869",2.92502777434201e-05,0.987714471711457,0.0122557534757952,5.24535003949725e-07,2
"19871",0.0123478163342061,0.893762446892529,0.0934701089330348,0.000419627840230273,2
"19874",9.94404039104323e-05,0.201944207147193,0.797917899638665,3.84528102315104e-05,3
"19876",1.8369791913905e-05,0.591050971208568,0.408929312471487,1.34652803078098e-06,2
"19878",0.674821432406137,0.306506033028458,0.000843804958323668,0.0178287296070816,1
"19880",8.4543952906961e-07,0.0024007857156761,0.997598304487333,6.43574622714782e-08,3
"19882",5.9460617412943e-05,0.997076283889541,0.00285724444516415,7.01104788141214e-06,2
"19885",0.0155993806149648,0.982467429202114,0.00190007932509218,3.3110857828415e-05,2
"19907",0.000374202353916294,0.999541308012828,7.48079155576472e-05,9.68171769769996e-06,2
"19909",0.974518891895316,0.0253472329419269,5.83552219029327e-05,7.55199408541615e-05,1
"19911",0.931773948267459,0.0321959670150272,0.0345724173826521,0.00145766733486205,1
"19913",3.01471056093013e-06,6.99661673340617e-05,0.999926640943945,3.78178160468275e-07,3
"19915",0.000123340650904605,0.457843415821483,0.541998773395823,3.44701317891202e-05,3
"19917",0.000216445476519364,0.0187435211916944,0.981033741740619,6.29159116671922e-06,3
"19919",0.00168402138101484,0.788661598619487,0.209469216961835,0.00018516303766351,2
"19921",0.000525949132024167,0.999400377584355,5.23142022930425e-05,2.13590813273426e-05,2
"19923",0.0731301810545735,0.896490918181425,1.77337613835816e-05,0.0303611670026178,2
"19925",8.63471065450282e-05,0.0646292926571645,0.93527290922614,1.14510101508394e-05,3
"19927",0.00022618095249078,0.998846225723839,0.000899743253675512,2.78500699948466e-05,2
"19929",1.73954761185489e-06,0.00145335635519175,0.998544883453285,2.06439114039898e-08,3
"19931",0.00318244438030021,0.993025021727163,0.00351559408440316,0.000276939808133147,2
"19933",0.801739326712562,0.193749384957011,0.00285526916338264,0.00165601916704466,1
"19935",0.0958499083765693,0.900557845249478,0.00357071994322515,2.15264307278317e-05,2
"19937",0.00104912894169537,0.998296779373083,0.0001026829267642,0.000551408758457737,2
"19939",0.0025433853222449,0.993757576146206,0.00339438135759353,0.000304657173955637,2
"19941",0.877485442925771,0.0145355993367668,0.107851882517253,0.000127075220208772,1
"19943",8.69530123225966e-06,0.00155122307101944,0.998437304368165,2.77725958342164e-06,3
"19945",0.923035500495304,0.0737044849666984,0.000131177084315118,0.00312883745368266,1
"19947",0.1157010114333,0.0379144575453639,0.846130368154955,0.000254162866380797,3
"19949",0.349519133950726,0.612997243831451,4.10201603710423e-05,0.0374426020574517,2
"19951",0.00481379003062065,0.322122094622888,0.672929803202524,0.000134312143967422,3
"19953",0.217603035667753,0.00293734243546851,4.90523908408719e-07,0.77945913137287,4
"19955",0.941878999942437,0.0109752432070268,1.23878999065978e-05,0.0471333689506297,1
"19957",0.00296108843476398,0.113909307620084,0.880466687873248,0.0026629160719045,3
"19960",0.993999122393236,0.00505973482795184,0.000753675577609707,0.000187467201202818,1
"19963",0.00081444453824682,0.00115060395248668,0.936371846863043,0.0616631046462232,3
"19965",0.997853267423338,0.00149480700481453,2.58393744768454e-07,0.000651667178102662,1
"19968",0.00246733295429079,0.038414120377486,0.959118483900047,6.27681758623963e-08,3
"19971",0.00302775361510937,0.000103856792554198,0.990051196650934,0.00681719294140184,3
"19973",0.000517914669669825,0.987484470695893,0.0119935310734226,4.08356101452053e-06,2
"19975",0.000149739625650687,0.0369229664224834,0.962926931600615,3.62351250813851e-07,3
"19977",0.000319793590040897,0.00350034014387397,0.995939923454328,0.000239942811757203,3
"19979",0.999502366193236,7.46945829856052e-06,3.98608754271802e-06,0.000486178260922977,1
"19981",0.0224567500416455,0.975927999193795,0.00157469924856567,4.05515159938096e-05,2
"19983",0.0336501791868415,0.966026253131801,0.000112344779317885,0.000211222902039792,2
"19985",2.28497796991091e-05,0.188432371249435,0.811542592268837,2.18670202872429e-06,3
"19987",0.10830447764309,0.788726137914378,0.102637532326482,0.000331852116050401,2
"19989",0.995305483907932,8.36976462718193e-05,4.49040621665034e-08,0.00461077354173411,1
"19993",0.53707417083667,0.426128629512313,0.0341699567735927,0.00262724287742386,1
"19995",0.814851838008833,0.175635783396282,0.00887630321615769,0.000636075378727499,1
"19997",0.000188029299332999,0.979520088890416,0.0202773254055803,1.45564046703167e-05,2
"19999",2.86569838859685e-05,0.914808663711074,0.0851616634226392,1.01588240029183e-06,2
"20002",0.000553068606118363,0.00323772415414618,0.99620309769647,6.10954326561584e-06,3
"20004",0.842591353584934,0.14042453807727,0.0168705619394224,0.000113546398373411,1
"20006",0.943145358541483,0.0489764973626679,0.00223679082838327,0.00564135326746603,1
"20008",0.909611631522436,0.0651120903072569,0.000881857496880581,0.0243944206734263,1
"20010",0.931843379559587,0.0245279534577281,1.23844635304323e-05,0.0436162825191545,1
"20012",0.000165359244224355,0.248364537699675,0.751468626553534,1.47650256771539e-06,3
"20015",0.999872698898866,0.000113463620422739,3.31153692603898e-07,1.35063270189428e-05,1
"20017",8.03588719611541e-05,0.96014420294436,0.0397741193098333,1.3188738451584e-06,2
"20019",0.996385845605868,2.30880436804655e-06,4.47842866675342e-08,0.00361180080547737,1
"20022",0.992435717434016,0.00540772478109382,5.64825646678642e-06,0.00215090952842303,1
"20024",0.555033262836573,7.68545848855744e-05,4.92845474911989e-07,0.444889389733067,1
"20026",0.555033262836573,7.68545848855744e-05,4.92845474911989e-07,0.444889389733067,1
"20028",4.53730744086055e-05,0.773065981934743,0.226883236950612,5.40804023604938e-06,2
"20030",0.999194103520439,0.000386986986483321,0.000400209970022434,1.86995230552247e-05,1
"20033",0.00386647427488682,0.655474457592732,0.340633580529085,2.54876032964407e-05,2
"20035",0.994763358627431,6.02251474504983e-06,5.25108657084449e-08,0.00523056634695809,1
"20037",0.999293017767956,1.27148414759696e-05,3.49642733320017e-09,0.000694263894140819,1
"20039",0.000790260220269899,1.61861728466528e-06,1.1334389153881e-09,0.999208120029007,4
"20041",0.328131890524595,0.606798532323444,0.00164708268184104,0.0634224944701195,2
"20044",0.431103887378006,0.46793919567411,0.0133155133779902,0.0876414035698937,2
"20047",0.991869805793777,8.46357234287688e-07,4.47063562127652e-07,0.00812890078542613,1
"20050",0.185714826100201,0.00947269137201952,6.38644424948471e-05,0.804748618085285,4
"20052",0.0577452863810063,0.876078533669454,0.0617124294125398,0.00446375053700032,2
"20054",0.998674500102945,0.00129266993243556,2.7110524453331e-05,5.71944016603784e-06,1
"20056",0.00048431708978468,0.0025543947600639,0.996948429593022,1.28585571297754e-05,3
"20058",0.998327393349374,0.000101153928389459,1.48380523492694e-08,0.00157143788418468,1
"20060",0.00241943269566776,0.996365338687103,0.00114219492275995,7.30336944692917e-05,2
"20062",0.0162782812813101,0.983183198444964,0.000426493846775509,0.000112026426950346,2
"20064",0.978875897732961,0.0203928875714149,0.000540111659192535,0.000191103036431255,1
"20066",0.99986434716157,4.0390973355305e-05,4.95329219541229e-05,4.57289431203714e-05,1
"20068",0.000169051886042048,0.999632220970505,0.000191335339601661,7.39180385157251e-06,2
"20070",0.000375158197870125,0.998773491920061,0.000134542778415645,0.000716807103653212,2
"20072",0.995811809203194,0.00410187893673987,4.02876224783541e-07,8.59089838406807e-05,1
"20074",5.36085367126281e-07,0.000228625910605746,0.999770794568662,4.34353648502756e-08,3
"20076",0.0152775897250849,0.116486691043837,0.868234892706213,8.26524865035337e-07,3
"20078",0.960894573999409,0.034976514245672,0.000335769686682673,0.00379314206823638,1
"20080",0.998383611155839,9.09480601850057e-06,1.24325529724998e-07,0.00160716971261257,1
"20082",0.0124326356728206,2.42702518055467e-05,3.80356204367978e-07,0.987542713719169,4
"20084",0.940828793765813,0.0100014223983467,0.0339965623138737,0.0151732215219666,1
"20087",0.94787687993388,0.0509140918937393,4.24744001594849e-06,0.00120478073236526,1
"20090",0.96908320380047,8.08080609919235e-05,5.27782271324427e-07,0.0308354603562673,1
"20092",0.0404605532126966,0.226320673605709,1.26945151630252e-06,0.733217503730078,4
"20096",0.0208706839586895,0.475100564382371,0.0123836280571309,0.491645123601808,4
"20098",0.00145115977865769,0.661973583277948,0.336510886726588,6.43702168070217e-05,2
"20101",0.997483257948335,0.000159209275539528,0.000223841103364586,0.00213369167276087,1
"20104",0.000346611209850063,0.943070698639931,0.00427585849903327,0.052306831651186,2
"20106",0.998776845376867,0.000955969764232582,0.000105001703500521,0.000162183155399519,1
"20108",0.00150952847804569,0.951366231058276,0.0471163887873475,7.85167633047608e-06,2
"20110",0.0214115746679444,0.380811575532213,0.138965580917393,0.45881126888245,4
"20112",0.962819135148439,0.0146773381565392,6.11367287383185e-05,0.022442389966283,1
"20114",0.847895189651467,0.0438876527669793,0.105630221089876,0.0025869364916775,1
"20116",0.956155368329264,0.00913756059465734,0.0346838450021071,2.32260739718613e-05,1
"20118",0.166127566846644,0.678638387294692,0.154203405867605,0.00103063999105935,2
"20120",0.963968922928554,0.00397088317708748,0.000961344328167939,0.0310988495661906,1
"20122",2.33165552328843e-05,0.00244573803413465,0.997530745954713,1.99455919140768e-07,3
"20124",0.996848227082714,8.4493956346714e-05,2.75621137058413e-08,0.00306725139882545,1
"20126",0.0161821383522595,2.20459486780213e-05,1.26797855103499e-06,0.983794547720511,4
"20128",0.286009272850849,6.70434747611274e-07,1.7461167204411e-08,0.713990039253236,4
"20141",0.000414119078154742,0.819462820241225,0.140438987157999,0.0396840735226214,2
"20143",6.11827800297725e-07,9.14763158945722e-05,0.999907851778482,6.00778234373536e-08,3
"20145",0.988227140031149,0.00580732579448597,1.62010338902529e-05,0.00594933314047479,1
"20147",0.997913549765571,0.00181927713530006,1.66090542556437e-05,0.000250564044873723,1
"20149",3.99441299134437e-06,0.00232404619879521,0.997671527073405,4.3231480875434e-07,3
"20151",0.00183495825190508,0.845352450148558,0.152778390460204,3.42011393334725e-05,2
"20153",0.0071800106529992,0.271771127788769,0.689127469304378,0.0319213922538532,3
"20155",0.99912309901519,0.000508965350953898,1.57702602010479e-06,0.000366358607836343,1
"20157",0.000650392930839048,0.322875243677982,0.676412597344235,6.17660469440013e-05,3
"20160",1.37215458428513e-06,0.000121610138109792,0.999876869339973,1.48367332578419e-07,3
"20162",1.68331010360203e-06,0.00511530782522346,0.994882849816108,1.59048564991757e-07,3
"20164",0.000494186101730685,0.0681152474914094,0.931273895362022,0.00011667104483753,3
"20166",0.996688757147755,0.000470315518297409,0.00281983419111284,2.10931428345847e-05,1
"20168",0.527016666208061,0.0479137857016371,0.424893454107693,0.000176093982608329,1
"20170",0.00117845391689386,0.556764946196057,0.441846728990759,0.000209870896290558,2
"20172",0.994471851317776,0.00382722109952343,2.68384541848708e-07,0.00170065919815818,1
"20174",2.41507363381101e-05,0.674934264414223,0.325041351009215,2.33840222868853e-07,2
"20176",0.21480852150388,0.753336606753125,0.031774294473096,8.0577269899186e-05,2
"20178",1.64203840263876e-06,7.61797009204146e-05,0.999921875357732,3.02902945008559e-07,3
"20181",0.992184548701632,0.00031134715327022,0.00747782236618596,2.62817789115749e-05,1
"20183",0.0100594032447097,0.9878175704331,5.51725793330138e-05,0.00206785374285713,2
"20186",0.0209353023347292,0.975639959350173,1.46863652459726e-06,0.00342326967857287,2
"20188",1.66232845927846e-06,0.000583233345114085,0.999414760935733,3.43390693261831e-07,3
"20190",0.999845909024391,0.000104574286392596,1.71464810197899e-06,4.78020411147812e-05,1
"20193",0.00321147513907604,0.00148479552396334,0.995298460431309,5.26890565188628e-06,3
"20195",0.00548916785720142,0.192909966724623,0.801482214770853,0.000118650647322378,3
"20197",0.996239112436031,0.00301268131468872,4.43694454155283e-07,0.000747762554826406,1
"20199",3.34680377749733e-05,0.0694272419117909,0.930507675912802,3.16141376319484e-05,3
"20205",0.000640365808917504,5.58906595557517e-05,3.28000381064164e-08,0.999303710731489,4
"20208",0.00606533640519957,0.962579225632692,0.0313079162885749,4.75216735336831e-05,2
"20210",6.22941002798749e-06,0.0139658483844745,0.986027212425922,7.0977957584459e-07,3
"20212",0.000565896587751159,0.123038149172424,0.876371684334948,2.42699048763645e-05,3
"20216",0.996857115219165,0.00285331032787618,0.000160690860588956,0.000128883592369907,1
"20219",0.442590488422359,0.0063446899374557,0.000119783504127429,0.550945038136058,4
"20223",0.999284594651146,0.000143446507529349,2.29764166890758e-08,0.000571935864907984,1
"20226",0.142359234456307,0.838333896956734,0.0039725180280542,0.0153343505589054,2
"20230",0.999761708134794,4.88861995239628e-05,2.91722692230929e-07,0.000189113942989862,1
"20233",1.45860840529657e-05,0.00488171925047518,7.74724053913313e-05,0.995026222260081,4
"20235",0.959853103253843,0.00171016236824318,7.32223452046031e-08,0.0384366611555684,1
"20239",0.957198732970167,0.0415562590501463,9.69409772398687e-06,0.00123531388196226,1
"20254",0.0128857497993087,5.64370383141867e-06,3.14697875606543e-08,0.987108575027072,4
"20256",0.999316041394957,0.000233598217394092,5.34472928110816e-08,0.000450306940356234,1
"20262",0.000462011021484753,0.252313701703283,0.747204881171569,1.94061036624631e-05,3
"20270",0.947467643909784,0.0405196620442528,0.0119483887553798,6.43052905828125e-05,1
"20284",0.0273751858083703,0.501929497206003,9.18020605237313e-05,0.470603514925103,2
"20287",0.999701960765011,7.45148335632975e-06,1.19019469114191e-08,0.000290575849685165,1
"20290",0.00520516558339945,0.0023031431704234,4.48106223869383e-05,0.99244688062379,4
"20293",0.952477575760172,0.0445164264066289,4.09148606650106e-05,0.0029650829725342,1
"20296",0.0107867672134052,0.317777657442614,0.671435027450215,5.478937662702e-07,3
"20301",0.998952012202031,4.1730087307165e-06,3.11224012923171e-05,0.00101269238794554,1
"20304",0.0156652235426453,5.72041463969909e-05,6.82938846140262e-07,0.984276889372112,4
"20306",0.996889410686918,8.50541836251384e-05,1.59633017367289e-08,0.00302551916615476,1
"20309",0.714420021100902,0.276867720007315,0.000382296915399899,0.00832996197638357,1
"20311",0.990757475595888,0.00692479176378467,0.000811623244600109,0.00150610939572708,1
"20314",0.0123369788950249,0.925647820200434,0.0616724037928626,0.000342797111678221,2
"20318",5.287207132725e-05,0.00025450550493106,0.999692072375018,5.50048723416189e-07,3
"20320",0.00591014629610413,0.978606930492912,0.00497289796492389,0.0105100252460599,2
"20326",0.0150428817808826,0.854023949825114,0.130258589031428,0.00067457936257476,2
"20328",0.00349424013106349,0.991870772235428,5.3308301323074e-05,0.00458167933218586,2
"20330",0.957230165511634,0.00783787516124198,1.07549394725482e-05,0.0349212043876516,1
"20336",0.0321699644423712,0.0303266380601881,4.09393362229283e-06,0.937499303563818,4
"20338",0.0388298019531601,0.00185682477685273,0.000198716256037738,0.959114657013949,4
"20340",0.999194305609305,2.34723131873674e-05,1.87351224777871e-07,0.000782034726283266,1
"20342",0.0013450399408648,0.000847820128987203,0.000514955034097249,0.997292184896051,4
"20344",0.996002706207864,0.00300470558004658,2.2436570135119e-06,0.000990344555076216,1
"20349",0.999568464009908,0.000145876678497592,4.48567641744772e-08,0.000285614454830064,1
"20351",0.937317070423056,0.0448596417737054,0.000947345333759298,0.0168759424694793,1
"20353",0.910687050326261,0.00184258874570202,3.76011373444025e-07,0.0874699849166636,1
"20357",0.00297049375200293,3.93414879783275e-05,3.04400686171924e-09,0.996990161716012,4
"20360",0.0350641539396002,0.00353774567520674,9.57761735411774e-06,0.961388522767839,4
"20364",0.956769568701397,0.0374310629961038,2.93706495992616e-05,0.00576999765290033,1
"20366",0.00366200809514313,0.00841686051083801,3.43102643356611e-05,0.987886821129683,4
"20381",9.05292565195658e-05,0.284780382681667,0.715115831255719,1.32568060949537e-05,3
"20391",0.459395253982572,0.497992468671076,1.05430177523767e-06,0.0426112230445764,2
"20394",0.000349905142249219,0.99786156765102,0.00177979403515496,8.73317157541602e-06,2
"20396",8.95529765854285e-06,0.936868943307671,0.0631218370464142,2.64348255762866e-07,2
"20409",0.652237886426892,0.129807603659583,0.216262652266904,0.00169185764662055,1
"20411",0.897955844665432,0.000795236644805304,1.92761701459538e-08,0.101248899413592,1
"20416",0.0724920803565442,7.48449302536798e-07,5.6286843215659e-10,0.927507170631285,4
"20418",9.1032352529192e-06,0.691501155086258,0.308489572400529,1.692779597731e-07,2
"20420",0.000131061397838767,0.0317032153232392,0.000501751039166135,0.967663972239756,4
"20422",0.99812384108553,0.00100848618907648,8.75980629371147e-05,0.00078007466245632,1
"20424",0.952426314649431,0.000583543366866428,4.5118703947994e-08,0.0469900968649988,1
"20426",2.725023354674e-05,2.63159785692534e-05,0.000175435289265677,0.999770998498618,4
"20428",0.863246383686711,0.136642236686892,5.47663337342152e-05,5.66132926628616e-05,1
"20431",0.0984752150867446,0.737058469180393,0.143455332072632,0.0210109836602305,2
"20433",0.999900296818769,5.17946339889666e-05,1.74712186215973e-07,4.77338350556068e-05,1
"20436",0.921172258054389,0.0728356841491244,0.00592283050381651,6.92272926702083e-05,1
"20439",1.53115377131418e-05,0.662372300045954,0.33761218750578,2.00910553042903e-07,2
"20441",0.0026738554505792,0.000201646740765776,6.04975772886812e-07,0.997123892832882,4
"20444",8.65911016908714e-07,0.0003628986443722,0.999636136496684,9.8947927041676e-08,3
"20448",0.0258263631914064,0.641859400195251,0.329346505179065,0.00296773143427727,2
"20536",0.000590826337712183,0.999304111874752,0.000101956317330619,3.10547020515936e-06,2
"20538",0.351276644316796,0.0930682037910582,1.49770999341349e-05,0.555640174792212,4
"20541",0.93902029224332,2.27935058813349e-05,3.09660050578464e-08,0.0609568832847939,1
"20544",0.388160943134018,0.599364491653357,0.0102948500771951,0.00217971513542997,2
"20546",0.989748781103345,0.00197498147790876,7.35834654438495e-08,0.00827616383528094,1
"20550",0.501281696096557,0.452055473632462,0.00574836908661695,0.0409144611843639,1
"20553",0.0513355236874483,1.58653231504971e-07,1.38665474631831e-06,0.948662931004574,4
"20555",4.17790217308151e-05,0.00475968390113726,6.74420096979455e-07,0.995197862657035,4
"20557",0.324590882500787,0.320686300434551,0.00423071955203376,0.350492097512628,4
"20559",0.999389043335322,0.000474188391387566,5.85118942442444e-06,0.000130917083866056,1
"20561",0.00411338973081181,0.5798473929735,0.41584244973436,0.000196767561328977,2
"20564",1.64203840263876e-06,7.61797009204146e-05,0.999921875357732,3.02902945008559e-07,3
"20566",0.875475923913658,0.124240171847064,0.000253693252008293,3.02109872699134e-05,1
"20569",7.91578237624267e-05,0.773220936381146,0.226698295947206,1.60984788481125e-06,2
"20572",2.71919879308397e-05,0.0626801158563039,0.93729252549386,1.66661905565264e-07,3
"20574",0.99660299157597,0.000288704885411036,7.9041706636411e-06,0.00310039936795519,1
"20576",9.86269835864599e-06,0.000388226894161522,0.999601134904645,7.75502835025926e-07,3
"20578",0.86321025149993,0.128825360905208,0.0066562355190471,0.00130815207581486,1
"20580",0.831921259229986,0.167715777888585,0.000227763133272655,0.000135199748155665,1
"20583",7.28121333603541e-06,0.000225592950411735,0.999766510000375,6.15835876803775e-07,3
"20586",0.912352530015887,0.0850842833031397,1.42037688368503e-05,0.00254898291213695,1
"20589",0.999535761033909,0.000147197350594263,9.96189961276987e-09,0.000317031653597179,1
"20591",0.0101815912965986,0.778883310819235,3.8323443130625e-05,0.210896774441036,2
"20593",0.999850613063877,1.70448425172401e-06,1.03698213678094e-07,0.000147578753657872,1
"20595",0.995688824799142,0.0036855497334209,0.000118632608709971,0.000506992858726713,1
"20597",7.6256813952882e-05,0.994172656638854,0.00574969830561856,1.38824157486707e-06,2
"20599",1.89332054309015e-06,0.000102478847095973,0.999895475679971,1.5215239021319e-07,3
"20601",0.00120692653014068,0.997892159166153,0.000744390733803748,0.00015652356990248,2
"20604",0.999831626761276,2.73651454899828e-05,3.72885889258467e-06,0.000137279234341718,1
"20606",0.999806271112701,3.54628366329607e-05,1.35169388373029e-07,0.000158130881277296,1
"20608",0.998400682951629,0.00156744195225365,1.33989876134888e-06,3.05351973564042e-05,1
"20610",5.39728457925976e-05,0.0022429596284743,0.997698897863951,4.1696617824251e-06,3
"20612",0.655503890507277,0.031378292354462,0.012829779184063,0.300288037954198,1
"20614",9.33919140192167e-06,0.00998923098596642,0.989998516470095,2.91335253696381e-06,3
"20616",0.0140091264474366,0.983766200141104,0.00192297911246698,0.000301694298992524,2
"20618",0.000772266866057795,0.0014361179388086,3.73108717591976e-05,0.997754304323374,4
"20620",0.997810678022323,0.00196069305486583,0.000135028172946636,9.36007498641473e-05,1
"20622",2.78416096772452e-05,0.000841599967021083,0.999129484386202,1.07403710010751e-06,3
"20624",0.972586696419611,0.000858086470714493,2.87734169647878e-07,0.0265549293755044,1
"20626",0.908824573125641,0.0860793581692336,0.00508915287092187,6.91583420341051e-06,1
"20628",0.292359166878655,0.705511727952719,0.00163174671436588,0.000497358454260025,2
"20630",0.895597948832295,0.0875737543203686,0.016123362207569,0.000704934639767248,1
"20632",7.85984331019218e-07,0.0131518400029442,0.986847337853722,3.61590028018339e-08,3
"20634",0.999828007782517,6.03830860202733e-05,1.06182079953197e-07,0.000111502949382688,1
"20637",0.0181753833917165,3.91054411658908e-05,1.59312736438718e-05,0.981769579893474,4
"20639",8.89687429655442e-05,0.286407832474205,0.713483481602865,1.97171799645279e-05,3
"20644",0.432029146594516,1.67495158081476e-06,2.65188081319041e-07,0.567968913265822,4
"20646",0.973311422758099,0.0010869054289361,5.01652599558772e-05,0.0255515065530087,1
"20648",0.000786137439719679,0.975922528974055,0.023114933763999,0.000176399822226708,2
"20650",0.754794676703319,0.000324492483828212,2.28726926876905e-07,0.244880602085926,1
"20653",0.00106336664545052,0.992765667453427,0.00507752706818557,0.00109343883293675,2
"20658",0.999275184195637,0.000709472550028213,2.30506165205189e-07,1.51127481699111e-05,1
"20661",0.0858261937538828,0.0213290341913374,1.03907076271134e-05,0.892834381347153,4
"20663",0.652915750328605,0.34431424823903,2.18242767401091e-05,0.00274817715562498,1
"20665",8.46375250709718e-06,0.000125272323184288,0.999866226469019,3.74552891904235e-08,3
"20667",0.0283918338721137,0.970262310306008,0.00052157446174296,0.000824281360135379,2
"20669",2.86237532202903e-05,0.991912057959631,0.0080570009173134,2.31736983484903e-06,2
"20671",0.243601641129493,0.00156672304129089,0.000124895557918363,0.754706740271298,4
"20673",5.04447249301886e-05,0.97342006793653,0.0265287145868343,7.72751705277024e-07,2
"20675",0.00778668742312446,0.992129336808635,7.18750931543756e-05,1.21006750863083e-05,2
"20677",0.475956241184691,0.523622742990848,1.86117026063809e-05,0.000402404121854278,2
"20679",8.46726178709458e-06,0.97726071590462,0.0227297961739895,1.02065960309811e-06,2
"20681",0.000127034391297979,0.999810705636111,5.59536580919999e-05,6.30631449943595e-06,2
"20683",0.328933082766172,0.670884919244751,4.34088937711943e-05,0.000138589095305889,2
"20685",4.91099870833891e-05,0.0214823930287315,0.000137905377333461,0.978330591606852,4
"20687",3.03521231243994e-05,0.0766601607321128,0.923302719971435,6.76717332810342e-06,3
"20689",0.267987392296314,2.47498618160694e-05,2.09204183729076e-07,0.731987648637686,4
"20691",2.0795736930112e-06,0.000487266534835066,0.999510282848126,3.71043346094687e-07,3
"20693",0.998146109546539,5.62851573504781e-05,2.05751581852406e-08,0.00179758472095244,1
"20695",0.000578852696983558,0.993277723817483,0.00610215343169279,4.12700538411082e-05,2
"20697",0.999215830090105,0.000146720633284602,6.95570757677553e-05,0.000567892200843018,1
"20699",0.266936023793892,0.732725990302282,0.000325259287646005,1.27266161807632e-05,2
"20701",0.873617436185545,0.126067671506763,1.84591016828773e-06,0.000313046397523988,1
"20703",0.000327398652112632,0.9828558320342,0.00501764488968529,0.0117991244240015,2
"20705",0.991748779188748,0.0026469792010717,4.9660435171378e-07,0.00560374500582836,1
"20707",0.00940801788885699,0.989941683459529,4.21171340455146e-05,0.000608181517568239,2
"20709",0.0436475349908418,0.0857916784734312,0.870544262992371,1.65235433553933e-05,3
"20713",0.000220991662040115,0.955493914184495,0.0299528373791851,0.0143322567742799,2
"20715",0.842900309717531,3.26459961582633e-05,0.0333166716124838,0.123750372673827,1
"20717",0.000264073203179067,0.999444143935155,0.000248169758594357,4.3613103071599e-05,2
"20720",0.985479745276255,0.0140117509349354,3.81037660866532e-05,0.000470400022722917,1
"20722",0.982008252320815,0.0178730479094975,4.40783805347602e-06,0.000114291931634531,1
"20724",0.000113966274264059,0.826428419093093,0.173443920573155,1.36940594880835e-05,2
"20726",0.998481828087383,6.89462227736719e-05,1.26958570121965e-08,0.00144921299398691,1
"20728",4.48443344944379e-05,0.999713703879481,0.000237791484799348,3.66030122539818e-06,2
"20730",0.00233625310004284,0.624793127228314,0.372737127264801,0.000133492406841725,2
"20732",0.448376422863344,0.463749614561503,0.000238945641497577,0.087635016933655,2
"20734",0.422123688384184,0.575643356535245,6.64318964237024e-05,0.00216652318414653,2
"20736",7.8834420332201e-05,0.160595532595811,0.83932380962952,1.82335433708102e-06,3
"20738",0.505708342559241,0.0205241680852471,0.402381003584848,0.0713864857706639,1
"20740",0.623978384732845,0.0935408047826593,1.25049436712382e-07,0.282480685435059,1
"20742",0.00023503398838711,0.997689329479559,0.000300010337711972,0.00177562619434221,2
"20744",4.85863871645905e-06,0.0437836313896384,0.956211477506642,3.24650025259845e-08,3
"20746",0.0870592653118709,0.912680613508648,0.000116940331864003,0.000143180847616545,2
"20748",0.000121006003262932,0.750175914517779,0.2496504442379,5.26352410581176e-05,2
"20750",0.000936417343386718,0.403394323926819,0.59566659666699,2.66206280420603e-06,3
"20752",0.97075829006979,0.0281701105055376,1.01430166980667e-06,0.00107058512300289,1
"20754",0.000212073457230204,0.985941512980377,0.0138450872309851,1.32633140781381e-06,2
"20756",0.146936412145019,0.591051920889029,0.261581274896796,0.000430392069156266,2
"20758",0.267392548275743,0.327817178822865,0.404768995788909,2.12771124823842e-05,3
"20760",2.59590731877951e-05,0.862700904984243,0.137272493004529,6.42938039908748e-07,2
"20762",0.00012851970430345,0.99861864488095,0.00124986063024313,2.9747845028533e-06,2
"20764",1.29335956680388e-05,0.371052777731331,0.628929266402924,5.02227007702604e-06,3
"20766",5.27099248224058e-05,0.928724319813725,0.0712156086426565,7.36161879615134e-06,2
"20768",0.00149259111081845,0.216544804685351,0.781908903775383,5.37004284477776e-05,3
"20770",0.0296392364106126,0.969838830941947,0.000512020487814952,9.91215962546876e-06,2
"20772",0.999914573736204,6.28869149417114e-05,1.33301773243967e-06,2.12063311219369e-05,1
"20774",0.998601780606355,6.38827660390161e-06,2.113373802136e-08,0.00139180998330321,1
"20776",0.00172207508377378,0.996753368638023,4.04244917264438e-05,0.0014841317864763,2
"20778",0.291137614161365,6.36509018632301e-07,2.56172669787686e-07,0.708861493156947,4
"20780",0.00137366668949062,0.792783245558139,0.205837871689038,5.21606333278455e-06,2
"20782",6.03153870738074e-05,0.931007667201959,0.0689302168984703,1.80051249735184e-06,2
"20784",0.00024593531060773,0.999013894089229,0.000736864646795057,3.30595336814379e-06,2
"20786",2.90561326868094e-06,0.000939538270015815,0.999057543624509,1.24922063161701e-08,3
"20788",0.0210565233392112,0.977055468305617,0.000111399392435213,0.00177660896273687,2
"20790",5.3568649682747e-05,0.919997279813913,0.0799489142894305,2.37246974048143e-07,2
"20792",0.048933665650591,0.535802531433631,0.41192465361282,0.00333914930295876,2
"20794",2.53159144552553e-05,0.568151117441299,0.431823437304946,1.29339298949058e-07,2
"20796",0.996008495900886,0.000523477211271219,6.77479143177707e-08,0.00346795913992878,1
"20798",1.64203840263876e-06,7.61797009204146e-05,0.999921875357732,3.02902945008559e-07,3
"20801",3.68152314062778e-05,0.00177356654109505,0.998187187927548,2.43029995043459e-06,3
"20803",0.0396204461345154,0.956201149749944,2.35564745173806e-05,0.00415484764102315,2
"20805",0.357445530644203,0.641222260539648,9.0031267969863e-05,0.0012421775481797,2
"20807",1.64203840263876e-06,7.61797009204146e-05,0.999921875357732,3.02902945008559e-07,3
"20809",0.00153588763607427,0.996432356504508,0.00115872234822022,0.00087303351119707,2
"20811",0.013903510391054,0.031828679229929,0.951005891157571,0.00326191922144638,3
"20813",0.448990417666357,0.480859242109454,0.0666048324212506,0.00354550780293896,2
"20815",7.77745463834994e-07,0.00132371303165384,0.998675493007379,1.62155028967233e-08,3
"20817",0.000224286738287192,0.970893476568691,0.0287983194692872,8.39172237348873e-05,2
"20819",0.359490860566975,0.633383141165866,3.46434249611475e-06,0.00712253392466218,2
"20821",0.964786620121159,0.00619999164615509,0.0280662595043447,0.000947128728341023,1
"20823",0.196756264487719,0.786291602957737,0.0114679370852899,0.00548419546925384,2
"20825",3.05658808110377e-05,0.948201179498237,0.0517659184690883,2.33615186362511e-06,2
"20827",0.000463433098206777,0.209802742962706,0.789403966252024,0.00032985768706345,3
"20829",0.995819418226703,0.00236108937868972,3.05790044690708e-05,0.00178891339013857,1
"20831",0.000142516631828292,0.949962916307959,0.0498774352439681,1.71318162446636e-05,2
"20833",0.000120586591002868,0.789364930205567,0.210512932433552,1.55076987787298e-06,2
"20835",7.48782112895239e-05,0.977889390292474,0.0219696621900682,6.60693061681889e-05,2
"20837",0.000337712343363253,0.997968890124249,0.00159611660503563,9.72809273521049e-05,2
"20839",8.59852784262157e-05,0.991034521278893,0.00887560940513429,3.88403754672756e-06,2
"20841",0.467788352425,0.207151695529101,6.51542482908463e-05,0.324994797797608,1
"20843",0.00145130223461854,0.998494337256669,2.53098307229426e-05,2.90506779894242e-05,2
"20845",0.0015839234917684,0.495157901742532,0.503220812902256,3.73618634435855e-05,3
"20847",0.454044350753686,0.543882870815954,0.000282381749864667,0.00179039668049483,2
"20849",0.58768163306724,0.401051743582274,0.0109878173885652,0.000278805961920709,1
"20851",0.714978409519335,0.279691942538848,4.13709282781669e-05,0.00528827701353912,1
"20853",0.49614167332706,0.0101264969600617,2.94034185310608e-06,0.493728889371025,1
"20855",0.996315206631629,0.00282899355221526,0.000238989600959082,0.000616810215196835,1
"20857",0.647539616421507,0.351275488344921,5.50060908086348e-05,0.00112988914276419,1
"20859",0.979455048383438,0.0203602532451146,9.39045096233801e-05,9.07938618239398e-05,1
"20861",0.000376940658212008,0.0438255882613138,0.0028651346962834,0.952932336384191,4
"20863",6.70881242710629e-05,0.704576034267564,0.295315303878329,4.15737298361936e-05,2
"20865",0.00129540119260848,0.997984538024443,0.000719046300465354,1.01448248283153e-06,2
"20867",0.998751638833479,1.14694489529171e-06,3.36148941251795e-08,0.00124718060673141,1
"20869",0.000378369395569406,0.542636914243553,0.456972700020271,1.20163406063454e-05,2
"20871",0.997796386616382,0.00013130450325168,0.00141969182650995,0.000652617053856824,1
"20873",0.999095486510929,0.000106724812247201,0.000443765859968977,0.000354022816855235,1
"20875",0.937300513052897,0.0356461915477305,3.83539706320731e-05,0.0270149414287401,1
"20878",2.01675475655427e-06,0.00337139402713751,0.99662639081956,1.98398546495752e-07,3
"20880",0.000220539633762185,0.797219447898324,0.202557225508777,2.78695913723342e-06,2
"20882",0.997877679170623,0.000317597764567117,2.61220241272402e-06,0.00180211086239754,1
"20884",0.000344116659533296,0.996078643452149,0.0034526318783822,0.000124608009935308,2
"20886",0.00234816760019193,0.336295798353635,0.661349922748309,6.11129786453858e-06,3
"20888",1.99407760091223e-06,0.123526506715362,0.87647140686327,9.23437665477766e-08,3
"20890",0.000660515778911797,0.825610233280974,0.173725894503133,3.35643698057265e-06,2
"20892",0.501606898513887,0.456209220014742,4.95639934831831e-05,0.042134317477888,1
"20897",0.0803067699361431,0.890953263473051,0.0136605897117925,0.0150793768790128,2
"20899",0.0884192488931762,0.879299000690077,0.0311585057096568,0.00112324470708965,2
"20901",0.0299424050811787,0.0013161919903739,1.45882144782109e-05,0.968726814713969,4
"20903",0.960734653608964,4.59480940661945e-05,0.00549755682957677,0.0337218414673924,1
"20905",0.902054911749065,0.0429144108119147,0.0366858463108561,0.0183448311281642,1
"20907",0.99912616226407,0.000789479888048964,5.4664444529944e-07,8.38112034357618e-05,1
"20909",0.435334889958259,0.53976171063283,0.0237471656536431,0.0011562337552684,2
"20911",0.0211923744821171,6.63479370697516e-06,1.32444821678688e-07,0.978800858279354,4
"20913",0.00919396664179093,0.985508679752189,0.00502864641970762,0.000268707186312117,2
"20962",0.920146066250911,0.0796867069928996,4.59495978179429e-05,0.000121277158371232,1
"20969",0.966067501870198,0.0034523675187667,0.011413615047089,0.0190665155639461,1
"20980",0.91097666327983,0.0882808105321304,0.0005620687140416,0.000180457473998468,1
"20982",0.988918951207612,0.0109567781024619,1.14974879006374e-06,0.000123120941136301,1
"20984",0.000593829941255194,0.9930553322553,0.00582070110944471,0.000530136694000402,2
"20994",0.978368660463977,0.0107230501978648,0.000537780414206242,0.0103705089239517,1
"21015",1.84780188613917e-05,0.204619420722634,0.794738120128356,0.000623981130149088,3
"21023",0.969582462410632,9.01445716336652e-05,1.02764844416107e-07,0.0303272902528894,1
"21040",0.918042058828163,0.0771932096430815,1.09115902757266e-05,0.00475381993847968,1
"21073",0.549102692560431,0.251157956960136,0.00653891689916618,0.193200433580267,1
"21222",0.000642979400750517,0.90907463102875,0.0902186153165756,6.37742539236835e-05,2
"21224",0.0741404261227764,0.922337616170101,0.00351029549418701,1.16622129352077e-05,2
"21228",0.0117633561030092,0.291089667155422,0.602929870476581,0.0942171062649878,3
"21232",0.967338881085177,0.00192636347312027,2.80282091748881e-07,0.0307344751596111,1
"21237",0.581416486223343,0.0213187415987878,0.000945480053178887,0.396319292124691,1
"21240",0.00011511321272066,0.930466145192635,0.0693603935522686,5.83480423756794e-05,2
"21245",7.46665732060419e-05,0.797859239117577,0.202061929817484,4.16449173362247e-06,2
"21252",0.875245557975032,0.00459759964300699,7.99681716055073e-08,0.12015676241379,1
"21254",0.844654960191094,0.0482928062164808,1.04819253607391e-05,0.107041751667064,1
"21258",0.103237193735979,0.888228206273213,0.00846045966511794,7.41403256905263e-05,2
"21264",0.00701293966727534,0.888667960346959,0.10404493555803,0.000274164427736265,2
"21305",0.0170725419482591,0.962412861590902,0.0205079048500029,6.69161083541377e-06,2
"21333",0.904836918292663,0.0939819805678536,8.78209860803974e-07,0.00118022292962291,1
"21366",0.0259941336724885,0.971490339047151,0.000225854414800533,0.00228967286556018,2
"21377",2.11914626005441e-05,0.00147184150791011,0.998505498767509,1.46826198029053e-06,3
"21380",0.920477516383867,0.05591226878815,0.0232650558058013,0.000345159022181624,1
"21387",0.000132255809633908,5.6954937318184e-07,7.24182954993248e-10,0.99986717391681,4
"21390",0.985325408548558,0.00529977757325994,1.82356314129619e-06,0.00937299031504043,1
"21392",0.186844186773118,0.76660628672931,0.000350407612052121,0.0461991188855198,2
"21403",0.896551403568841,0.0766563793047572,0.0265948900700964,0.000197327056305672,1
"21408",0.998757703784906,0.000645387237101281,5.38226868035256e-05,0.000543086291188906,1
"21412",0.0226874755742125,0.000492982495923092,0.000252375054647527,0.976567166875217,4
"21421",0.00268620276449758,0.996100833892033,0.00117826264773159,3.47006957379443e-05,2
"21424",0.0376596791149672,1.23258335089853e-05,8.70300230037873e-09,0.962327986348522,4
"21429",0.99191988549609,0.00315952861197356,2.08416817682998e-05,0.00489974421016871,1
"21431",0.0152034266701995,0.983677312959281,0.000946595022039946,0.00017266534847942,2
"21436",0.00243149263167252,0.996643594958784,0.000920381789015323,4.53062052790858e-06,2
"21439",0.965946854472481,0.0301977754429467,0.00312665095140343,0.000728719133168933,1
"21442",0.080809301354061,0.766332468134624,0.151953806069,0.000904424442314987,2
"21444",1.33187213899752e-05,0.997056824746033,0.00291019862126761,1.9657911309733e-05,2
"21446",1.24330777022122e-06,0.00642877764462993,0.993530130245606,3.98488019934805e-05,3
"21448",1.37613743195838e-05,0.00568090012681147,8.73186071522589e-05,0.994218019891717,4
"21450",0.349824845237169,0.594510535951475,0.0316736923911127,0.0239909264202433,2
"21452",0.981072816268556,0.0188894647514697,5.66494016259005e-06,3.20540398120881e-05,1
"21466",0.976881730246088,4.93732401835761e-05,5.72648981888393e-09,0.0230688907872385,1
"21470",0.910397218158553,0.0889316914682714,0.000608275988857586,6.28143843176313e-05,1
"21472",0.990771556581151,0.00855000184485736,6.85875293817887e-08,0.00067837298646223,1
