"","V1","V2","V3","V4","V5","V6","result$classification"
"19812",0.0355601908548127,0.947561731880072,0.0163157962022186,0.000460527367988099,2.98872125074212e-06,9.87649736580859e-05,2
"19814",0.000848880223949426,0.994738883195498,0.00127075496440151,1.02564733447979e-05,0.00312766849294965,3.5566498565307e-06,2
"19816",0.0087108765272112,0.0142720374869915,0.976938395085536,4.07929680101119e-06,1.67634864333669e-06,7.29352548164079e-05,3
"19818",0.000529366058825085,0.951108711348951,0.0373530475183899,3.06752732013898e-05,0.0109413983024354,3.68014981975356e-05,2
"19820",0.000171523497983993,2.59077712292873e-07,0.999785130588234,4.30338689849287e-05,2.41905970581283e-09,5.05480248851667e-08,3
"19822",0.0345132919889361,7.20741409471236e-06,0.909001591985701,0.0564717946862822,4.45772183877119e-06,1.65620314708726e-06,3
"19824",1.03406340411555e-05,0.000577739267244586,0.9981192930083,4.02675462009569e-05,0.00109819842332328,0.000154161120890113,3
"19826",0.10467315742494,0.857042101522346,0.0254483943818548,7.4622465421657e-06,6.2967397971923e-05,0.0127659170263455,2
"19828",0.00019586322368595,0.000479505800089461,0.999080391460031,0.000241725545906285,2.27074585238894e-06,2.432244347425e-07,3
"19830",0.0712377431463234,0.926634631255174,0.000136873304704496,0.000247021807988512,0.000183537244044253,0.00156019324176581,2
"19832",0.0353559728034896,0.222720571412077,0.110604470071773,0.631307360018875,3.23195390261239e-06,8.39373988291603e-06,4
"19834",0.687503280132842,0.0293932895714625,0.279047495787284,0.00390442645960722,0.000150389447981725,1.11860082234991e-06,1
"19836",0.0111524822659824,0.58631843628205,0.28301881996249,0.000178485469757752,3.21120748260536e-06,0.119328564812237,2
"19838",0.000873082246468753,0.99839839165889,2.68108477056878e-05,3.4838014541812e-05,0.00065946170733919,7.41552505500163e-06,2
"19840",0.722007609793798,0.0503939174374828,0.226478213055046,7.24605820421017e-06,7.68182054231551e-06,0.00110533183492783,1
"19842",0.000675500812114697,0.0582571324546252,4.18819869946207e-06,1.08185949215201e-07,2.10157617087958e-05,0.941042054586903,6
"19844",4.37728600842053e-07,1.89036667084045e-05,7.61997168195818e-06,4.29083844350973e-08,0.999948380156793,2.46155678318353e-05,5
"19846",1.21005651743599e-05,0.886531755595303,5.85075393104381e-06,9.08178497843556e-08,0.10923548448087,0.00421471778687136,2
"19848",2.95348782537726e-05,0.9567383899749,8.76515657315894e-06,3.38662379596002e-07,0.0429673298019574,0.000255641525935925,2
"19850",0.000173545692623675,0.735222399628256,0.000130626238262987,2.29956474071309e-06,0.264408858945733,6.22699303836572e-05,2
"19852",0.0087954307194994,0.32633908756549,0.664114721492299,0.000153306770025323,0.000578600438978087,1.88530137081852e-05,3
"19854",8.20619348715855e-05,0.995161966235195,8.10645063444899e-06,8.14396470216732e-07,0.00468408433412557,6.29666487034683e-05,2
"19856",0.000635116935373572,0.0160190337348599,0.000455686592991246,8.69988903092309e-06,0.982674050089663,0.000207412758080941,5
"19858",0.000140909663495279,0.00260793430285759,0.0200369298393828,0.000112811709973545,0.977072964932674,2.8449551616728e-05,5
"19860",0.168900869759094,0.585104567666865,0.245819212119307,6.96406921826505e-05,6.29989785059081e-05,4.27107840464736e-05,2
"19862",3.09728975791448e-05,0.97981612666403,2.67103567688248e-06,9.75464090373267e-08,0.00551179964554754,0.0146383322107576,2
"19864",1.27797253356984e-06,7.36938042570789e-06,1.774597046653e-05,7.35683015687205e-08,2.25238254569375e-06,0.999971280725727,6
"19866",0.0787484068124609,0.00279345845414659,0.895093522253316,1.11292377015563e-05,1.62310249936136e-06,0.0233518601398752,3
"19868",0.00617286432358992,7.70832876188302e-05,5.27396812452155e-06,0.99366127764464,8.30819812968012e-05,4.18794730133518e-07,4
"19870",5.33283214952508e-05,0.996319119423431,0.000189503309867943,1.41019721341625e-06,0.00232741054990265,0.00110922819808964,2
"19873",0.00136751366204228,0.974423133674682,0.021489600215347,4.88297816486821e-06,0.00087098509030234,0.00184388437946164,2
"19875",0.0355966341627402,0.00268794890112364,0.961442495472206,0.000271894830901387,9.20526521859576e-08,9.34580376453258e-07,3
"19877",0.00411825839641972,0.991088449500379,0.00234169370854463,1.32993817683312e-05,0.00234646029240965,9.18387204787654e-05,2
"19879",0.0260816379220798,0.70686505821414,0.259727552211179,0.000990236022961527,0.00612604499790875,0.000209470631731039,2
"19881",0.00389498971046364,0.964188512022803,0.00776083329873304,6.70556286237038e-06,0.00149985141484369,0.0226491079902938,2
"19883",0.00182048894049812,0.720825180144891,0.0026107381239823,7.71918489732991e-07,9.65057558478203e-05,0.274646315116292,2
"19899",0.929678248975809,0.0416930394270209,0.0279516056515006,0.000432057042818339,6.03795080200244e-06,0.00023901095204985,1
"19908",0.978014631388822,0.000236074309433227,0.00297480490976853,0.00087012197689001,0.000272371603148026,0.0176319958119387,1
"19910",0.00179709812199175,0.657640541054752,0.339794219788518,4.97308149926453e-05,0.000368991051971441,0.00034941916777458,2
"19912",0.00533981215455462,0.436409072385248,1.0376733684504e-05,3.12967510924557e-07,0.000992315588984039,0.557248110170018,6
"19914",0.41047673121395,0.48004396489458,0.105816532772158,0.00244811815700978,0.00112282981960585,9.18231426958314e-05,2
"19916",0.000546588636470692,0.000287874412241323,0.758019264367969,4.99399660115302e-05,0.000320169482908006,0.240776163134399,3
"19918",4.66057793636681e-05,0.906774928512944,0.000264473388455887,1.32391268453687e-07,0.0906650588222106,0.00224880110575742,2
"19920",9.25137822921209e-05,0.11279828973965,1.42501683278194e-05,7.47014272572803e-08,0.887057958585363,3.69130229399105e-05,5
"19922",0.000110127957879875,0.235701109280526,0.0106970023920566,0.753468728040595,1.5173276430532e-05,7.8590525120109e-06,4
"19924",0.00551476915861517,0.956933702371486,0.00613813827541328,5.98544206680814e-06,0.0312177312940514,0.000189673458367375,2
"19926",0.720536052000089,0.0966477141879117,0.168574981736054,0.00592911283834196,6.67246206798314e-07,0.00831147199139646,1
"19928",1.35059851130289e-07,1.15399145308665e-06,4.02889748987997e-08,4.58529583001605e-09,1.37873724639764e-06,0.999997287337179,6
"19930",0.000121090018109661,0.99920488471685,0.000468290658554936,5.57810747872208e-06,0.000145991665123727,5.41648338824478e-05,2
"19932",0.000109545634254462,0.998259051968384,1.85654304396581e-05,3.10717288236394e-06,0.00159195216487705,1.77776291622425e-05,2
"19934",0.0344885556849408,0.027882327715038,0.93565165594262,0.00184901709460878,0.00012736867105491,1.07489173712171e-06,3
"19936",0.0479891532746552,0.945185984175235,0.00631419787632883,0.000287531212496824,0.000196298904208226,2.68345570756757e-05,2
"19938",0.135924014106601,0.000226945854173735,0.86197370862076,0.00181291705361501,4.99543716388667e-05,1.24599932110907e-05,3
"19940",0.000370165510541683,0.90042259937063,0.0741268224414142,6.42105094789674e-06,0.000538173172974944,0.0245358184534911,2
"19942",1.13801111066625e-05,1.05119111875072e-05,6.86902998347015e-07,1.98998483349293e-09,4.22130556666744e-07,0.999976996954166,6
"19944",0.0143091739997737,0.223760597033773,0.760495366594027,5.29980443311664e-05,3.94635581263334e-05,0.0013424007699689,3
"19946",0.00687307751981721,0.885228588109642,0.086169293443136,4.65964075158571e-05,0.0215237915876493,0.000158652932239619,2
"19948",1.76184697664531e-07,4.63232222945858e-05,8.40740057921915e-07,7.31187441349093e-10,1.691114162413e-06,0.9999509680076,6
"19950",9.67852621028264e-07,0.00160201011354868,3.46683928036655e-07,8.25923781039694e-08,0.99839592371326,6.69044264338099e-07,5
"19952",1.76184697664531e-07,4.63232222945858e-05,8.40740057921915e-07,7.31187441349093e-10,1.691114162413e-06,0.9999509680076,6
"19954",6.91364629180791e-05,0.999095819525059,8.5136294531324e-05,1.49634970995513e-06,0.000692304194668602,5.61071731132563e-05,2
"19956",0.109204621697971,0.166022919897826,4.6353468178279e-06,4.12823344059638e-05,0.714594073986129,0.0101324667368511,5
"19958",9.62866740954972e-07,0.0017152322824497,7.41884324494988e-05,0.997822549884704,0.000386093105038265,9.73428617733156e-07,4
"19962",0.0182068513096433,0.607662863472302,0.160113643183019,0.00206563998673663,0.211556023584034,0.000394978464264233,2
"19964",0.000153390377702512,0.922315030439847,0.0421410514249569,1.70542585545486e-05,0.0126537947799984,0.0227196787189411,2
"19966",0.0300484408054936,8.66576469027834e-05,0.964539158049321,4.64671829343084e-05,3.72738514430371e-08,0.00527923904149641,3
"19969",0.00464207274172773,0.985997772430164,0.00033555641893549,1.28117437263695e-06,0.000121757047364213,0.00890156018743586,2
"19972",8.99343089224886e-05,0.816047664134996,0.000489173454963611,1.23426512300101e-06,0.0624197579081366,0.120952235927858,2
"19974",3.18709813708525e-06,0.0844570061493594,5.51342934356202e-07,9.22582092816659e-09,0.882248209060442,0.0332910371233065,5
"19976",0.00293361492144077,0.939731570059954,0.0109750899673546,8.86632831053946e-06,0.0460736744826943,0.000277184240245352,2
"19978",0.000993408949179438,0.228964931854243,0.768536493309643,5.06041590970312e-06,0.000474125757469831,0.00102597971355437,3
"19980",4.0253127560334e-05,0.789412578947335,6.42220705449063e-06,7.22038413337941e-07,0.210489980034153,5.00436454843985e-05,2
"19982",0.00122331157386846,0.135643843797495,0.000101697374854509,1.32050764201999e-05,0.863003008722826,1.49334545359722e-05,5
"19984",2.18052101849819e-06,0.000342558834323159,7.75134485513001e-06,5.28185911532791e-08,0.999643210329811,4.2461514014891e-06,5
"19986",0.00675302996885222,1.75489549768251e-06,0.993013932459601,0.000230650773683742,3.60639303872226e-09,6.28295971868388e-07,3
"19988",0.00104260493053722,1.27794836223975e-07,0.998552838813315,0.000404402964140243,2.00546560000581e-09,2.3491705178686e-08,3
"19992",0.0234381630805004,2.73377721430801e-06,0.976178876394558,0.000380001992632683,2.06335096944063e-07,1.84199978634936e-08,3
"19994",0.000477244388480758,0.998847583772886,0.000581892050150169,1.94049638456461e-05,3.51247582687518e-05,3.87500663689816e-05,2
"19996",0.000617877304742987,5.00384277052646e-06,0.999335037438657,4.19695096526666e-05,1.00101054781886e-07,1.18031217294366e-08,3
"19998",0.432346323253837,0.133242711328718,0.0190139665611361,4.67128394803345e-05,0.00739623768782335,0.407954048329005,1
"20000",0.228005037638017,0.759050429253547,4.02143276694733e-05,0.00825710766771985,0.00058343600259698,0.00406377511044952,2
"20003",0.00704679922065782,0.987767777328985,0.00438243780461435,0.000120995629337519,2.38054118196566e-06,0.000679609475222902,2
"20005",2.93669259599911e-05,0.959573872143825,4.21270004673763e-06,9.71265349136859e-08,0.0383431535611793,0.00204929754245422,2
"20007",0.387709812358592,0.214383676428617,0.395644856288703,0.00134663771834486,0.000890832040401809,2.41851653420347e-05,3
"20009",0.000936789564693713,0.000327029691492808,0.99768401553972,0.000512252119897048,0.000232357542891911,0.000307555541304987,3
"20011",0.000822968678220623,0.960526597427191,0.00336955743664111,4.09785355858139e-06,0.00962046706821923,0.0256563115361693,2
"20013",0.0138708078304479,0.877252362425,0.000321166262144491,7.26595498064723e-06,0.108531248294932,1.7149232495215e-05,2
"20016",0.00564911552372329,9.18953628652402e-06,0.990308987701605,0.00402425205195002,7.40031022411501e-06,1.05487621065027e-06,3
"20018",2.00224358259987e-05,5.63281479069118e-09,0.00511921448782695,0.994860745084241,9.04017014883956e-10,1.14552740758041e-08,4
"20021",0.000616544299222138,0.00777148292529199,0.991290724363488,0.000312477232408989,9.26663258249149e-08,8.67851326252737e-06,3
"20023",0.0637788926197747,0.0534655982456269,0.881605974281802,0.00101914561962424,0.000103233379199352,2.71558539721794e-05,3
"20025",0.000870420082210232,1.43116662683989e-05,0.501052705288744,0.498061395701719,6.71192575406044e-08,1.1001418002582e-06,3
"20027",0.0119690604667893,0.675740870155008,9.0197192030764e-05,1.44183355821764e-06,2.96278919159881e-05,0.312168802460698,2
"20029",0.000600927426795012,0.973995660884613,2.27029050849499e-05,5.50622059628286e-08,0.0151172096995714,0.0102634440217302,2
"20032",0.000440147341373784,0.993729331975451,8.67333946618538e-05,4.10667789885341e-06,1.99724570593471e-05,0.0057197081535554,2
"20034",5.05662097153736e-07,0.000187175317804691,4.14843195666585e-06,5.60153100420122e-09,3.58364250809208e-07,0.99980780662236,6
"20036",0.954498358740597,0.0267031577139793,0.00118499994623894,3.51342581403748e-05,0.0173619446989737,0.000216404642070906,1
"20038",0.205187117002151,0.000186716307899848,0.789950370928919,0.00467540543597958,3.01195314933025e-09,3.87313098108959e-07,3
"20040",6.43795248189284e-05,2.88563379968742e-06,0.988114023333608,0.0116879761301844,2.84976863253539e-06,0.000127885608956371,3
"20043",0.0100297809602314,0.00182867717474823,0.987522714774977,0.000618143143127554,5.53113468331497e-07,1.30833447008242e-07,3
"20045",0.000143043647016118,1.87894029247881e-07,0.993671594593199,0.00618508846770472,8.29002821959917e-08,2.49776813954959e-09,3
"20048",1.97645432145379e-07,3.61021789144721e-05,1.36059844640971e-07,4.75520707964106e-08,0.999963153686017,3.62877721333982e-07,5
"20051",0.101116499722641,0.610466021447422,0.260814331030396,0.0149430023472352,0.0126588807674185,1.2646848873378e-06,2
"20053",0.00221625029463033,0.00806615360815467,0.989418386330221,5.1869990967376e-05,0.000163969364833042,8.33704111937174e-05,3
"20055",0.857130242956499,0.00682224895129821,0.112988705236715,0.0230423262075985,1.81361486997617e-08,1.64585117406251e-05,1
"20057",3.00652142859493e-06,8.01752302845568e-05,3.76479514180692e-07,0.999049021423602,0.000836505972344986,3.09143728254713e-05,4
"20059",0.00165215912973112,0.00697417609703562,0.988840555360302,0.00213877979521008,1.83418050804102e-05,0.000375987812640577,3
"20061",0.0105860354027856,0.0816121689789027,0.907032414539906,0.000257810105505403,0.000129001475102651,0.000382569497797752,3
"20063",0.000436933235125495,1.50087915842257e-05,0.00764553467241791,0.000212188268626181,0.991047919100953,0.000642415931293317,5
"20065",0.000781018509286325,2.04563412347081e-06,0.0804819315136375,0.918735000348257,6.40215397686901e-11,3.93067450340199e-09,4
"20067",0.00214771008500519,0.000169429776706894,0.987411547906752,0.0100641059636802,0.000207198063145751,8.20470961177410e-09,3
"20069",6.77704375606249e-05,0.517361915225101,9.5754227848339e-06,1.29249075037356e-06,0.482541702054563,1.77443692399227e-05,2
"20071",0.992965658306113,0.00279867001714476,0.00240965840603756,2.5134010610528e-05,2.57561318685609e-05,0.00177512312822528,1
"20073",5.12807313788951e-06,0.124307830875846,0.000687222740918022,6.24308210223541e-07,0.87451103295168,0.000488161050208034,5
"20075",0.000992467521744104,0.00010448999433986,2.73445248988124e-06,0.998899499114471,7.5679074232264e-07,5.21262123101395e-08,4
"20077",0.595568698126678,0.00381289091849255,0.400311452688634,2.0538949769175e-05,0.000280554287334691,5.8650290919275e-06,1
"20079",0.0128749747135106,0.0469653262607055,0.108154054450432,0.000862854174714817,0.831115012399542,2.77780010957271e-05,5
"20081",0.0592693291876173,0.00503252630318164,0.780552353469802,0.155139173456987,6.57482221230287e-06,4.27602002775345e-08,3
"20083",0.158604713387274,0.00441424114593158,0.00115825365432616,0.00019679506152349,0.833981038551947,0.0016449581989972,5
"20085",0.00192652155150211,2.62214487161473e-07,0.995718302967787,0.00235490398251334,5.39539837327546e-10,8.7441708777302e-09,3
"20088",0.0042305806625972,0.000203275241763408,0.994816057232171,0.00074993946730856,1.03825180678548e-07,4.35709794720749e-08,3
"20091",0.000237436548092254,3.9909092834991e-05,0.000895883999454756,0.998825196020857,1.57282032907716e-06,1.51843253546422e-09,4
"20095",0.00101718194715885,0.0129473796173303,0.0597668449002959,0.000168794276214604,0.883008242249547,0.0430915570094535,5
"20097",0.00736930675414067,5.3388423937271e-07,0.982194144779246,0.0104360091414076,8.66288812596231e-10,4.57467708267202e-09,3
"20099",0.000121689464880578,0.00139794710773499,0.908889389556156,1.45089352636822e-06,0.00260600123016517,0.0869835217475368,3
"20102",0.000209507995683244,0.00148542489749899,0.000761108154828053,0.0490751858698563,0.948468403808655,3.69273478095783e-07,5
"20105",0.00107098056807287,0.00332503733914759,0.994969595750423,0.000227350890681416,0.00040675220243323,2.83249241940853e-07,3
"20107",0.060549865666023,0.000229272499065035,0.939153884867783,6.53825707616475e-05,4.17901745093852e-07,1.17649462247241e-06,3
"20109",1.98457721645832e-05,0.021665240144938,0.797956995371268,1.1878756856838e-05,0.179582925204784,0.00076311474998822,3
"20111",8.5657381575792e-05,0.461370893665521,6.39492570612248e-05,0.52869414204083,0.00974590200534275,3.94556496700703e-05,4
"20113",0.754337706483086,0.0025801667685114,0.237540968114959,2.9056359251984e-05,3.95193743439987e-07,0.0055117070804481,1
"20115",2.10871414104851e-05,0.99517704161456,5.68681769279264e-05,0.000157128950782751,0.000341641237355867,0.00424623287896275,2
"20117",0.0192285870116401,0.00074647868053735,0.0901146028840256,0.544331934210223,4.21487057764976e-06,0.345574182342997,4
"20119",0.0411150962429892,0.000100853902762957,0.935345970881116,1.98649178543341e-05,1.94557810243145e-08,0.0234181945994965,3
"20121",0.042502492584725,2.57341966878213e-05,0.957257153144569,0.000213939264624508,1.42960162774303e-08,6.6651337774134e-07,3
"20123",0.000873535088689464,6.853198459628e-06,0.000487105537511655,0.998632496828532,5.60395469911875e-09,3.74285224919326e-09,4
"20125",0.00108086596845981,0.90863338490307,7.69443052735277e-05,7.58229899034951e-06,0.0901900079072393,1.1214616966956e-05,2
"20127",0.000117045145469747,3.42611289151773e-06,0.99969350634448,0.000184861297389605,1.11929341460696e-06,4.18063541261298e-08,3
"20140",0.98710705134011,0.00186156024649995,0.00508859220924791,0.00590804403387841,4.07815786676187e-08,3.47113886853922e-05,1
"20142",8.47835350696546e-06,0.00465643942623921,5.658632540226e-07,1.8657165277191e-07,0.995333038720899,1.29106444836123e-06,5
"20144",0.0204826427230876,0.967950826974122,4.25452509794823e-05,0.00336642528618598,0.00809060825110365,6.69515145207589e-05,2
"20146",0.351927066067395,0.287725137679327,0.00179264685542592,0.000764146180113656,0.35774977198632,4.12312314180786e-05,5
"20148",0.0322867179064461,0.96322310406965,0.00421470268892132,4.41089164768993e-05,0.000212393279329429,1.89731391766169e-05,2
"20150",1.10281350775866e-05,0.534615023938363,1.47849733870215e-06,6.0518632185527e-08,0.462496324111412,0.00287608479917607,2
"20152",0.0315363193946695,0.94626068855322,0.0218786992478425,7.8282883808916e-05,0.000149656429060777,9.6353491398085e-05,2
"20154",0.000385902406815296,4.3669414685095e-06,0.0164379432431547,0.983167753675775,4.03348332063388e-06,2.49465388211582e-10,4
"20156",0.631198848350225,0.0505332106336721,0.269675323180025,0.00436319533842325,0.0441177506047277,0.000111671892926675,1
"20159",0.000171565104123036,0.407098548968475,8.99902172444977e-06,2.32652897623244e-06,0.592707644123195,1.09162535065747e-05,5
"20161",0.00172679367616105,0.00522319748218383,0.000198099782995536,1.3202014007616e-05,0.992750037029686,8.86700149655501e-05,5
"20163",0.00149224957446906,0.961840326593851,0.034778559664751,0.000943876831086771,4.85656391805931e-06,0.000940130771923803,2
"20165",9.99977877495598e-06,0.000668412964732796,0.00711438264163446,1.1078692939966e-05,0.992195148478363,9.77443554264139e-07,5
"20167",0.000514471488377468,0.990211931146427,0.00231738681226122,2.86208779833782e-06,0.00694179008479975,1.1558380336385e-05,2
"20169",6.99275565447094e-07,0.00016620026070531,1.52770640232511e-07,5.45114918574736e-08,0.999832468622304,4.24559292879063e-07,5
"20171",0.000331001966194537,2.48254282170005e-07,0.00401141777485878,0.995651897833767,5.4340298748337e-06,1.41022477498707e-10,4
"20173",4.03774403769593e-05,0.000926162567920265,0.0665148491640163,8.35881792737162e-06,0.216799231729083,0.715711020280676,6
"20175",0.00204640129456091,0.989876525990229,0.00075857223858809,6.34829211301265e-06,0.00706252607097614,0.000249626113533003,2
"20177",0.000854148950150701,0.00238462860269485,0.562633654804376,4.01292106852645e-06,0.000135181737856441,0.433988372983853,3
"20180",0.00427218634549217,1.76175936240351e-05,0.993815143915405,0.00188962536292176,6.9662948518359e-11,5.42671289379874e-06,3
"20182",9.38381053759046e-08,0.000178860386855154,1.59591151978133e-08,9.95475698764047e-06,0.997604966782438,0.00220610827649879,5
"20184",0.000227929752980928,0.0372635335008169,5.25244744208893e-05,6.63250346544938e-07,0.962448535317942,6.81370349259663e-06,5
"20187",0.00438836360520173,0.00135529128004815,0.00272096981477985,1.52089850173125e-07,0.0012299885607724,0.990305234649348,6
"20189",0.000478055452499636,0.0394369863604976,0.948575624733365,3.85478489375551e-06,6.21725354727287e-06,0.011499261415197,3
"20192",0.000184801566168502,0.00284656181739796,0.820384307038742,0.159385881863433,2.42305496806255e-06,0.0171960246592912,3
"20194",0.114499505289336,0.0429427182587981,3.65421052743852e-05,5.16408712394617e-07,0.726453758028524,0.116066959909356,5
"20196",0.00342881584231727,5.22109744813454e-05,0.763170011059016,0.233348734389944,1.64811272315227e-07,6.29229683708501e-08,3
"20198",0.175419629109298,0.58527240169721,0.234376349059171,0.00363327294586527,0.00078169803783906,0.000516649150616822,2
"20204",2.22436332102924e-05,0.56042991867724,1.36680903950362e-05,4.53381179303353e-06,0.439508378754135,2.12570332262217e-05,2
"20207",0.0297307022378073,0.000133029209101273,0.875152031059063,0.0949428643070616,4.13663626392117e-05,6.82432757872689e-09,3
"20209",0.0272031797363378,0.858367258981816,0.000321009978827614,0.0452750447761242,5.12836463353072e-06,0.0688283781622612,2
"20211",0.00205286021701306,1.9006523705433e-05,0.000389057924672369,0.997539018357309,5.68937686042181e-08,8.3531272921987e-11,4
"20215",0.850994755524361,0.00192295477550149,0.146966810163565,0.000103151311920859,1.05032910678242e-05,1.82493358393172e-06,1
"20218",4.51094744980445e-06,0.0188067947644882,1.20182599826589e-06,2.46023383071548e-07,0.981185467210721,1.77922795997587e-06,5
"20222",0.0523362958981944,0.00598959866799454,0.871448755290905,0.0701225660327504,0.000102726589087159,5.75210685563751e-08,3
"20225",0.0464334620065937,0.921430207350377,8.02908142628279e-05,0.00021650296969882,0.0314836221578546,0.000355914701212629,2
"20229",0.997113971711515,0.00245643523923262,0.000100674787003505,0.000306317277382743,9.58201185772809e-06,1.30189730083162e-05,1
"20232",0.704597153148221,0.0277894441956453,0.262246717986181,0.00533830825797097,9.45917420548389e-06,1.89172377759009e-05,1
"20234",4.22684064029442e-05,1.68729854435145e-07,0.860706140649083,0.13925030116503,6.61410804962804e-10,1.12038821905009e-06,3
"20238",0.00918189115781097,0.000205205684876005,0.989757826027571,0.000846771396849054,7.60702524305609e-06,6.98707649830037e-07,3
"20253",0.648432464941279,3.32509712805706e-05,0.35138297524234,0.000149724143156988,8.20164097085994e-07,7.64537845627935e-07,1
"20255",0.00250028878796656,0.996991857583533,0.000118809473814683,0.000175691732984698,0.000210479270553471,2.87315114745879e-06,2
"20258",4.53223819930843e-05,5.61302510296291e-05,0.999864472600068,3.3323148552243e-05,2.24829475605966e-08,7.29135409130856e-07,3
"20269",2.80907088540406e-05,0.0243337158803398,0.951263287969013,6.00701626020762e-05,0.0242892905084444,2.55447707466822e-05,3
"20271",0.000118764328859698,0.000149367097426719,0.992925417477997,7.81820168323007e-06,8.91245032048376e-08,0.00679854376952977,3
"20285",0.0100734325252289,0.0253385622511336,0.00244765819756976,3.38141015035953e-06,0.00100705030092997,0.961129915314987,6
"20288",0.767608555464186,0.0042482656426822,0.227773254322013,0.000332773029486716,3.45215591610832e-05,2.62998247138877e-06,1
"20291",0.00449251686392237,0.000105911868930722,0.698769396491312,0.296629907104831,1.92001859617728e-06,3.47652407553519e-07,3
"20295",1.86574392100619e-05,0.0572897984497461,0.833860476186589,0.00011074911350255,0.00878063932437502,0.0999396794865772,3
"20298",0.000326706051957538,0.996756373909982,1.06895574019128e-05,1.03716147105191e-06,0.00284483134957478,6.03619696128552e-05,2
"20302",5.64945437284276e-05,0.398218549961489,0.000709380702855756,2.99242958789803e-06,0.598840394568542,0.00217218779379692,5
"20305",7.91709270373705e-05,0.998079137834206,8.75937909455175e-06,4.19428209288735e-07,0.000411339748021744,0.00142117268343111,2
"20307",0.00100991543803098,7.42660226019909e-06,0.998707276143935,0.000275351347461748,1.89901519382824e-08,1.14781602273294e-08,3
"20310",0.000170557190551384,1.56930075809226e-07,0.998422147831101,0.00140691157234472,1.4375868662844e-08,2.12100058676666e-07,3
"20313",1.58999055160297e-07,0.00060224949205213,4.84169630292458e-08,4.69871845488424e-09,0.999385302942978,1.22354502334514e-05,5
"20315",0.00970730886621224,0.000292491694558987,0.989933801328865,5.50878204175034e-05,2.96167690465647e-07,1.10141222558149e-05,3
"20319",0.0269065989036983,7.22726221289758e-05,0.275274231372825,0.697746675205924,1.02716515088182e-07,1.19178908898125e-07,4
"20321",0.00654360775086648,3.08963687719112e-05,0.993386602378749,3.24974328536542e-05,5.64212608184411e-06,7.53942676623269e-07,3
"20327",2.02111212313271e-05,1.53568169225862e-05,0.999947359893469,3.99553325147671e-06,6.57781069529534e-08,1.30108570184091e-05,3
"20329",4.29959462267104e-06,0.000109834270105908,4.12754447642464e-07,2.61547447212293e-10,6.17427969124956e-05,0.999823710322364,6
"20335",0.000662607911980132,7.5030360166475e-06,0.869954606964234,0.129374437403657,8.43989116187899e-07,6.94995647153192e-10,3
"20337",8.24993555087664e-05,0.798135364996753,1.55475694900015e-05,2.85873687819114e-06,0.201752163195792,1.15661455776905e-05,2
"20339",0.399719465407877,0.00381275811712089,0.00255255608339812,0.593595188605422,2.1148331481758e-06,0.000317916953033703,4
"20341",0.00299622388191916,1.69190688854649e-05,0.0150665064540024,0.981508556639325,0.000411786717241836,7.23862560863274e-09,4
"20343",0.000763669789103786,6.29943517614086e-06,0.991993789531554,0.00717148945847984,6.46804515015576e-05,7.13341848388426e-08,3
"20345",0.00875903232083769,0.964021013468986,0.00271206827795122,1.8794494915122e-05,5.10716657574968e-06,0.0244839842707343,2
"20350",0.984278279135773,0.00229787982213485,0.00736818355158529,0.00464803383156617,0.00117501636218817,0.000232607296752602,1
"20352",2.94114591846019e-07,0.000403252492279033,9.07583335900084e-07,7.94784602722203e-08,0.999595101995795,3.64335537405831e-07,5
"20355",0.000543709913876738,0.0211142998583536,0.00182415198760715,8.41918849740703e-05,0.976330415316811,0.000103231038377398,5
"20358",3.38947579309204e-05,0.0244855241158535,6.82258549136877e-06,1.21001007594375e-08,0.012497897283743,0.962975849156881,6
"20363",0.0067507923228638,0.00014541343835383,0.99306589971435,3.35598119914208e-05,4.11678392160075e-06,2.17928519775864e-07,3
"20365",0.107768381892341,0.0217727331328423,0.282470755237532,0.587986584396775,1.24137351686333e-06,3.03966993063908e-07,4
"20379",0.000272262037857735,0.998366251121542,0.000159116556043544,0.00028021155518119,0.000689225696029057,0.000232933033346205,2
"20387",0.000202964365195339,0.00026460315827702,0.998426007312319,0.00110627507968218,1.04335607503002e-07,4.57489191855612e-08,3
"20392",0.000230371202411321,5.64738920394011e-06,0.000966402838524527,0.99879757548635,2.99568235762881e-09,8.78276025300069e-11,4
"20395",0.285482300870409,0.706122725842603,0.00740437815628244,8.303251597961e-05,0.000874516601184385,3.30460135412061e-05,2
"20397",1.62149052880897e-07,4.03803386547724e-05,4.97611944973996e-08,1.24577554619257e-09,0.00456296345955604,0.995396443045766,6
"20410",0.00115765574417334,0.00510108354002949,0.993150599856347,0.000380373972244892,1.19583135793916e-08,0.000210274928891801,3
"20414",2.19117905984415e-05,0.804814881001197,0.000577359809264993,3.10657610116601e-06,0.194516803766281,6.59370565577495e-05,2
"20417",0.000323454121480343,3.5743757272819e-08,0.0556923773090924,0.943959446570406,4.92420390497933e-09,2.46813310603573e-05,4
"20419",0.0001307416448718,7.64967619588908e-06,0.999852960264763,5.67950924453071e-07,4.61598056262834e-07,7.61886518866259e-06,3
"20421",0.000728689338728726,0.301902108263916,0.00207165479625638,0.0106707678267587,0.684620545342251,6.23443208902426e-06,5
"20423",0.000143699764803715,0.695825912998793,0.000102134997880713,4.42020818854759e-05,0.303877752414336,6.29774230110727e-06,2
"20425",0.0272149516183808,0.299923844110192,0.000187049615796597,0.000123319971709514,0.672548714259772,2.12042414917097e-06,5
"20427",0.00541188548351227,0.960864303711813,0.0334599428509446,1.46006948186192e-05,0.000194246345060624,5.50209138506473e-05,2
"20429",0.0202382101273689,5.90443853170044e-05,0.977308090295263,0.00211193580228473,0.000188639559372956,9.40798303936905e-05,3
"20432",1.1238098030291e-05,0.217407537547896,2.52001199021091e-05,1.31634742041844e-07,0.782104601147645,0.000451291451784559,5
"20435",0.12296796919923,0.125137246858803,0.734258980434181,0.0174577613167648,6.80025348314301e-06,0.000171241937539039,3
"20438",0.0501525466218024,0.000146026033922097,0.949346996228066,5.69469352033015e-06,0.000306236406669193,4.25000160203391e-05,3
"20440",1.75278939347655e-05,5.38417800202331e-05,0.999904459557178,1.2282154693295e-05,5.84699637236837e-06,6.04161780094742e-06,3
"20443",0.000824008341170436,0.000686481438500838,5.26832984452262e-05,5.42222169648053e-06,0.998428892492992,2.51220719535047e-06,5
"20446",0.00753020638138562,0.42291467689473,0.563188707751998,0.00122129970426564,0.00321671791253881,0.00192839135508148,3
"20449",0.794217615094391,0.033247683320086,0.170044892310906,0.00243933842822097,5.93233575986644e-06,4.4538510636447e-05,1
"20537",0.000587379275137443,0.00436006633179304,0.663102057094169,0.331847831780628,0.000101702848049184,9.62670223389206e-07,3
"20540",9.14455458023483e-06,2.24502622131961e-06,0.00350100328550592,0.996487603965958,1.33078940535386e-09,1.83694501756698e-09,4
"20543",0.00195889962651699,0.821459732281937,0.173522699893859,0.000464672851458642,0.00255580140918795,3.8193937040437e-05,2
"20545",5.48801232092013e-05,1.20655410368808e-05,0.000375313243774496,0.999557607277147,1.33779913097609e-07,3.49194601104706e-11,4
"20549",0.00215588440270873,0.953333907952477,0.0314130121077776,0.00250457978565841,0.0105914668935543,1.14885782393021e-06,2
"20551",0.0722475457324765,0.0151759851299593,0.911467176639582,0.00100748401716092,0.000101610492954468,1.97987867203189e-07,3
"20554",3.98146924138834e-05,0.00229955355974029,0.997593594357998,6.03101645755081e-05,3.64132346753003e-06,3.08590180469417e-06,3
"20556",0.941814296655417,0.0421998723895678,0.0092011610800022,0.00663942166081655,0.000145024824135691,2.2339006079368e-07,1
"20558",0.000325073570650119,2.39205115120416e-05,0.99955864853614,9.22337679510607e-05,1.05655658768328e-07,1.79580877935738e-08,3
"20560",0.00915465799303952,0.0120379743617268,0.975495827184278,3.87615293150811e-05,0.00327194497054574,8.33961094350385e-07,3
"20563",2.66164665375353e-05,2.47153411652138e-06,0.999836650913253,0.000133924457413772,2.79695647408334e-07,5.6933031247558e-08,3
"20565",0.194731867239232,0.0797802292026785,0.699500903527319,0.000569130018075814,0.0254132865853249,4.58342736993544e-06,3
"20567",0.000294146043892362,0.0928216059441927,2.8130325203242e-05,4.12022126294999e-07,0.906690225964511,0.000165479700074548,5
"20571",0.985989292008769,8.23233400400107e-06,0.0137358002607532,0.000252288242258649,1.0281832767974e-06,1.33589709381143e-05,1
"20573",0.141912483786242,0.0269175856666572,0.828046453887598,0.00259607363933563,0.000525700546333713,1.70247383372592e-06,3
"20575",0.000213046443715879,5.8301773724962e-06,0.999724233512758,5.6002383267556e-05,6.17143315348156e-08,8.25768555076038e-07,3
"20577",0.696132144246685,0.275832274739237,0.0273710858610961,0.000393747590193912,3.53450169141811e-05,0.000235402545873646,1
"20579",3.45620422642236e-06,0.00108416167107139,6.7583678959747e-07,3.22407886568255e-09,0.88035446575433,0.118557237309503,5
"20582",0.000349037921775668,2.63793237379742e-06,0.999584700934299,6.35610648762564e-05,1.55017513586731e-08,4.66449240477999e-08,3
"20585",0.0284397438189898,0.00812507844255203,0.0496219754390103,0.913812439344095,7.44676963582352e-07,1.82783898418447e-08,4
"20588",0.0760771639247374,0.00585472125168845,0.00413386617474323,0.913778032582879,0.000155036016731715,1.1800492207027e-06,4
"20590",1.41125902615565e-06,0.00435176288355729,1.6565300099944e-07,1.7610803514469e-09,0.994189615628931,0.00145704281440441,5
"20592",0.000585599489745819,1.23055190437525e-06,0.999375688047253,3.687027685826e-05,5.94495679779192e-07,1.7138558607419e-08,3
"20594",0.000150546946548248,5.20832517687668e-06,0.99963482695547,0.000209054129869172,2.12078256178784e-09,3.61522152851324e-07,3
"20596",0.000952789366912005,0.00500178979706491,0.992716689288836,1.76226611098098e-06,0.000234153907713,0.00109281537336369,3
"20598",0.00242653664462134,0.00621970399378434,0.991292319159294,5.61142381663246e-05,2.98014189294766e-06,2.34582224088357e-06,3
"20600",0.706038088416686,0.0611068237727543,0.0170530099389101,0.215218428939114,0.000583451310386872,1.97622149030329e-07,1
"20603",0.00853042849811797,0.987554805609927,0.000221254680857341,0.00106764303487945,0.00260792691911871,1.79412570995179e-05,2
"20605",0.0261485812612595,0.000137810146998207,0.973485527912754,0.000222714732700576,1.08168466581295e-08,5.35512944103534e-06,3
"20607",0.0335324359654483,0.000543178645188024,0.965889957854433,4.35774060715731e-06,2.76836765844167e-07,2.97929575575258e-05,3
"20609",0.000154024671624596,0.0113396055746388,0.988421606494445,6.5602964898795e-05,1.13587755013146e-05,7.80151889121838e-06,3
"20611",0.000485532080009906,0.989891808195292,1.20254498234895e-05,4.93283726877758e-07,0.000147796910825276,0.00946234408032202,2
"20613",0.00140349452585979,0.591273955826839,0.404632449638859,0.00260739931010904,5.11814278286741e-06,7.75825555502837e-05,2
"20615",0.791833532071784,0.152959747332876,0.0438034860935357,0.0106321941061356,0.000770794084212525,2.46311456050289e-07,1
"20617",1.33877050494412e-06,0.00201542899707204,3.50888782685906e-07,8.68418347246815e-08,0.997982095646127,6.98855678819291e-07,5
"20619",0.0152896934292079,6.16025322753229e-06,0.984687142836221,1.39431209520581e-05,2.43466933375512e-06,6.25691057843491e-07,3
"20621",0.11656232457478,0.0083792867977005,0.874829880399568,0.000175632250456717,2.3372780524786e-05,2.95031969704726e-05,3
"20623",2.13393489690868e-05,0.00800157918041794,0.00128583166974698,7.87478044587494e-08,0.989810645783815,0.00088052526924669,5
"20625",0.056342349559833,0.886013507242029,0.000425955467856107,0.0127756772864896,0.0444365080760878,6.00236770472106e-06,2
"20627",0.0532261430152599,0.171101326036907,0.774953054055926,0.000287172216151262,2.41118924982894e-06,0.000429893486505747,3
"20629",0.594200658703047,0.074709604325798,0.329824469975306,0.000844370861285632,0.000417498736871596,3.39739769163931e-06,1
"20631",0.000778410610492192,3.49368494040245e-06,0.999152335190948,6.12476643074509e-05,4.47107533636031e-06,4.17739753963183e-08,3
"20633",9.52932576514342e-08,0.000319855466907934,3.07237187405746e-08,2.16043481501227e-09,0.99960731228166,7.27040740207658e-05,5
"20636",0.288352417040837,0.634097771467585,0.000263750620871808,1.16972609734285e-06,0.0237109748286157,0.0535739163159924,2
"20638",0.968894018994948,0.025531909415904,0.00372127419977461,0.00178651563617657,8.92429129782299e-06,5.73574618988415e-05,1
"20640",0.0157525739960492,0.00166184706886832,0.89344308962629,0.0891419658819454,6.91189307292413e-09,5.1651495400724e-07,3
"20645",0.00204160689380717,6.18459668008489e-07,0.994681130094049,0.00327664042759916,1.09462213757075e-09,3.03025433862199e-09,3
"20647",2.77885460118267e-07,3.70357408033641e-05,1.41392830764735e-07,5.35801329333165e-08,0.999962094983427,3.96417345311267e-07,5
"20649",0.000810686603341472,0.0140154862745022,0.975394033137947,0.00977431398616781,4.82121232373921e-06,6.58785717318207e-07,3
"20651",0.00212795812960058,1.88165896431439e-06,0.995907631085962,0.00194721686335547,6.84299633483742e-06,8.46926578231541e-06,3
"20656",0.000133253431397836,0.000693005557424676,0.961574212544194,0.0375978022274765,1.33261814372679e-06,3.93621363962314e-07,3
"20660",0.000132624152567885,0.00339019799304522,0.033674200463949,0.96245816478066,7.50815610323218e-07,0.00034406179416769,4
"20662",0.000950314708870872,0.0527928938636259,0.000165525912844473,5.74464240541005e-07,0.851573696594132,0.0945169944562863,5
"20664",0.0037352272758484,0.00675880811480652,0.893484756802248,1.15298620547209e-05,0.0901202150202174,0.00588946292482525,3
"20666",0.000227207672337182,0.96117680151733,0.000216386616270366,0.038305134908895,3.04504061984171e-05,4.40188789686453e-05,2
"20668",3.64095393768723e-05,0.647926632984039,3.32146040225332e-05,1.76023111754819e-07,0.351886767740024,0.000116799109425784,2
"20670",0.00225148557474428,0.000357645581062483,0.996815432063067,0.000187617937819711,2.10334158405746e-06,0.000385715501722423,3
"20672",2.68355583196546e-05,0.654677137249682,1.95134814527074e-05,8.84930042743671e-06,0.345259274162801,8.39024731740187e-06,2
"20674",0.365102083750141,0.0391145802554311,0.595558697387908,4.32438834550426e-05,9.75649011596138e-05,8.38298219049757e-05,3
"20676",7.85008850505681e-06,0.0465736597248519,2.42046414626161e-07,4.24046793194367e-08,0.00175892726082481,0.951659278474724,6
"20678",4.87408183988155e-06,0.0290227952313324,2.98389323057276e-07,5.23505088347993e-09,0.021256311639409,0.949715715423045,6
"20680",0.000166863293489662,0.777769267665693,0.000733864484081381,1.06086299221175e-05,0.221311839531413,7.5563954012227e-06,2
"20682",0.00141566872974592,0.855876476082635,0.0016767177629103,1.97600410791282e-06,0.000423844380182569,0.140605317040418,2
"20684",0.189593137335939,0.0497687168397752,0.685243958130773,0.00225029485755049,1.04991287702783e-05,0.0731333937071921,3
"20686",4.74869360786885e-06,0.0200512358091092,1.91168920230604e-06,2.78408301773453e-07,0.979940190138456,1.63526132332313e-06,5
"20688",4.3375698389258e-07,0.00103438670712692,9.6950765521281e-08,1.13840865715431e-09,0.0274145500090391,0.971550531437676,6
"20690",0.0583524733692736,0.000698709304970311,0.0226797135159294,0.918268078372204,4.53273669917844e-08,9.80110255225376e-07,4
"20692",2.37885548948203e-07,0.00103160426469417,7.15494205176812e-08,2.17979669410977e-09,0.975264449601655,0.0237036345188849,5
"20694",0.000115915521831537,0.990194342603917,6.04170624314221e-06,3.60361539309187e-07,0.0094869168220501,0.000196422984418818,2
"20696",0.0100556387440079,0.984255916792874,0.000262440758868311,6.37975916180301e-06,0.00467693088302785,0.000742693062059928,2
"20698",0.89133316811635,0.00751688946858055,0.0984873435669866,0.000633172538063118,0.0020277466378967,1.67967212325076e-06,1
"20700",0.00367390542969397,0.000477216531628368,0.993259899035621,0.00016130409141001,0.00229660141848436,0.000131073493162598,3
"20702",0.509761683242432,2.16688193636065e-05,0.0307478495708074,0.459468730830542,1.47279560830681e-08,5.28088997757225e-08,1
"20704",0.116531524778021,0.139512519291918,0.743695723406534,0.000184481279146952,2.58009862824648e-05,4.99502580979995e-05,3
"20706",0.733827693253707,0.102391129494911,0.0395564363335776,0.000522269782036218,0.00365275020550766,0.120049720930261,1
"20708",5.19151247956438e-06,0.0417587808084324,2.31476229314853e-06,1.70716661927152e-08,0.000142898121896271,0.958090797723232,6
"20710",0.297770029941159,0.0290044542937565,0.365200080404787,0.308024176442876,8.97028916612541e-07,3.61888503912711e-07,3
"20714",2.74563041321824e-05,0.00890276958101447,7.71887985178198e-06,8.43773269306362e-09,0.991024833861713,3.72129355559682e-05,5
