"","V1","V2","V3","best$classification"
"19811",0.992378436351712,0.00745618013977563,0.000165383508512105,1
"19813",0.987062174405527,0.0073338783310051,0.00560394726346807,1
"19815",0.990038950780868,0.000211625774573922,0.00974942344455843,1
"19817",0.993709402637174,0.00492913391185133,0.0013614634509743,1
"19819",0.00022524952566044,3.83879572664468e-06,0.999770911678613,3
"19821",0.879254377167769,0.1178748879949,0.00287073483733073,1
"19823",0.990213162235076,0.00191408242048395,0.00787275534444019,1
"19825",0.0176597530095957,0.796977329385935,0.185362917604469,2
"19827",0.396583628563009,0.599411726644221,0.00400464479276946,2
"19829",0.00968430503785443,0.0282731636465162,0.962042531315629,3
"19831",0.00224701044287079,9.07059063308127e-06,0.997743918966496,3
"19833",0.0756422127640732,0.0549937575267994,0.869364029709128,3
"19835",0.879254377167769,0.1178748879949,0.00287073483733073,1
"19837",0.853121612264188,0.140473104972235,0.00640528276357699,1
"19839",0.035190419543223,0.115617367033809,0.849192213422968,3
"19841",0.000163221201447461,0.999720399894829,0.000116378903723813,2
"19843",0.00324648689739877,5.89498181224004e-06,0.996747618120789,3
"19845",0.997660443088401,0.00221723140378989,0.000122325507808864,1
"19847",0.991568759378622,0.000213585002357068,0.00821765561902101,1
"19849",0.987822644139033,0.0113999423425901,0.000777413518377383,1
"19851",0.998820803324564,0.000660479047655093,0.000518717627781356,1
"19853",0.996031230429687,0.00394351609806441,2.52534722487755e-05,1
"19855",0.977556949773819,0.0223559855618655,8.70646643156068e-05,1
"19857",0.926478486178267,0.0623472348608047,0.0111742789609289,1
"19859",0.953049442672863,0.0400197354259909,0.00693082190114652,1
"19861",0.99903945342489,0.000807147521002952,0.000153399054106687,1
"19863",0.017685482372668,0.982268947406409,4.55702209230792e-05,2
"19865",0.00586475115430611,0.994080012702928,5.52361427653962e-05,2
"19867",0.99796592382192,7.46070144154751e-05,0.00195946916366443,1
"19869",0.960559056202,0.0393699989777766,7.09448202231505e-05,1
"19871",0.861041414157708,0.120993916906678,0.0179646689356142,1
"19874",0.210201826730387,0.789496782747747,0.000301390521865611,2
"19876",0.4631259177484,0.536828898399331,4.51838522687009e-05,2
"19878",0.319204599729214,0.00137370185920922,0.679421698411576,3
"19880",0.00322874724527199,0.996768193900832,3.05885389621813e-06,2
"19882",0.991408841078209,0.00842184247476608,0.000169316447024473,1
"19885",0.977661784184747,0.00486120164011738,0.0174770141751354,1
"19907",0.998894721325602,0.000335773497445046,0.000769505176953258,1
"19909",0.066373405998403,0.000343755509298746,0.933282838492298,3
"19911",0.0590485663158325,0.0534202515376178,0.88753118214655,3
"19913",0.000194616451296515,0.999789959667661,1.54238810419397e-05,2
"19915",0.418065140677222,0.581599523013694,0.000335336309083702,2
"19917",0.0260249661979158,0.973479701686537,0.000495332115547027,2
"19919",0.751543891837402,0.245029315099502,0.00342679306309549,1
"19921",0.998747169942271,0.000206564640541472,0.00104626541718799,1
"19923",0.88726536056611,4.56264117899617e-05,0.112689013022101,1
"19925",0.0755771784603319,0.924177962932531,0.000244858607137434,2
"19927",0.996936116407328,0.00250788053500574,0.00055600305766621,1
"19929",0.00174179890215204,0.998254239406668,3.96169118042097e-06,2
"19931",0.987056464592124,0.00690648759500836,0.00603704781286707,1
"19933",0.259361558103416,0.00583072495761361,0.73480771693897,3
"19935",0.914746027747025,0.00966746238406136,0.0755865098689134,1
"19937",0.997153315232782,0.000288245427269859,0.00255843933994842,1
"19939",0.987663682371879,0.00691397224560445,0.00542234538251699,1
"19941",0.0317912312485685,0.198107675939383,0.770101092812048,3
"19943",0.00308378409867308,0.996874686443682,4.15294576452669e-05,2
"19945",0.117148823040738,0.000330407236266308,0.882520769722996,3
"19947",0.0488335800465407,0.845855688070971,0.105310731882488,2
"19949",0.592632959934594,8.7605153105566e-05,0.4072794349123,1
"19951",0.321396071620033,0.670673600090896,0.00793032828907101,2
"19953",0.0140761138944172,2.7485726945833e-06,0.985921137532888,3
"19955",0.0190452988641707,2.59668355497543e-05,0.980928734300279,3
"19957",0.16752060712242,0.824137069299721,0.00834232357785843,2
"19960",0.0133783033243739,0.00239000968581678,0.984231686989809,3
"19963",0.00479650265362228,0.987327898204239,0.00787559914213894,2
"19965",0.00439237521623904,1.55346065166558e-06,0.995606071323109,3
"19968",0.0272956379775769,0.971421525915554,0.00128283610686953,2
"19971",0.00050206239599088,0.980436387776544,0.0190615498274651,2
"19973",0.970232640890878,0.0288321843147636,0.000935174794358152,1
"19975",0.0356441344081517,0.964142244284808,0.000213621307040406,2
"19977",0.00802169098033884,0.990569594726611,0.00140871429305034,2
"19979",3.30432507550338e-05,1.09154779753908e-05,0.999956041271269,3
"19981",0.973839615210616,0.00420003399899271,0.0219603507903915,1
"19983",0.963510612328671,0.000347752820834664,0.0361416348504947,1
"19985",0.165134556466167,0.83480798143882,5.74620950136223e-05,2
"19987",0.757865295668098,0.138587368247929,0.103547336083973,1
"19989",0.000252897089629324,1.71313817949286e-07,0.999746931596553,3
"19993",0.437267237440395,0.044384529070631,0.518348233488974,3
"19995",0.250013058046974,0.0176978362920489,0.732289105660976,3
"19997",0.959405977201171,0.0401338861365206,0.000460136662308501,1
"19999",0.831957964850638,0.167969426307146,7.26088422165647e-05,1
"20002",0.00473466698693977,0.994301280027992,0.000964052985068393,2
"20004",0.240624037575256,0.0446550118859697,0.714720950538774,3
"20006",0.0790599107878143,0.00412336927319174,0.916816719938994,3
"20008",0.0835481568329082,0.00132131224167849,0.915130530925413,3
"20010",0.0355339343683653,2.42016782667725e-05,0.964441863953368,3
"20012",0.181216556742054,0.818535100750835,0.000248342507110671,2
"20015",0.000558336329965419,2.87533095653967e-06,0.999438788339078,3
"20017",0.910098819654759,0.089727254154084,0.000173926191157266,1
"20019",9.70236973521854e-06,1.29713238316511e-07,0.999990167917027,3
"20022",0.0121862481882568,1.86085099139744e-05,0.987795143301829,3
"20024",0.000247834847202409,1.10608721938308e-06,0.999751059065578,3
"20026",0.000247834847202409,1.10608721938308e-06,0.999751059065578,3
"20028",0.672015514210477,0.327864997240083,0.000119488549439875,1
"20030",0.00160702272523056,0.00164439163474649,0.996748585640023,3
"20033",0.565223807696541,0.429798191040837,0.00497800126262239,1
"20035",2.17495968111168e-05,1.54045755428854e-07,0.999978096357434,3
"20037",5.62507805487099e-05,2.22582251304398e-08,0.999943726961226,3
"20039",0.00134871121551203,5.85382642959491e-07,0.998650703401845,3
"20041",0.607649692175843,0.00228199995087328,0.390068307873284,1
"20044",0.469192277708377,0.0146815800584849,0.516126142233138,3
"20047",3.62036907268579e-06,8.26150248712736e-07,0.999995553480679,3
"20050",0.0378800241953017,0.00020134709230641,0.961918628712392,3
"20052",0.851402687899931,0.0682195418625351,0.0803777702375337,1
"20054",0.00571551004614638,0.000209965469496524,0.994074524484357,3
"20056",0.00480326821745798,0.993945243314561,0.00125148846798142,2
"20058",0.000342086558645253,8.0885809722053e-08,0.999657832555545,3
"20060",0.99258342499276,0.00301123150481788,0.00440534350242198,1
"20062",0.977986402286041,0.00118459796767861,0.0208289997462801,1
"20064",0.0469688779384823,0.00175607904274863,0.951275043018769,3
"20066",0.000185085481115516,0.000192022626299348,0.999622891892585,3
"20068",0.99892038949396,0.000698266790686374,0.000381343715353429,1
"20070",0.998541725852708,0.000349640324237679,0.00110863382305459,1
"20072",0.0130108325141362,3.82338428202734e-06,0.986985344101582,3
"20074",0.000432420087342341,0.999565280792053,2.29912060484712e-06,2
"20076",0.0872671365032155,0.905101807028985,0.00763105646779936,2
"20078",0.0617875595857785,0.000737192825566566,0.937475247588655,3
"20080",3.58226108723642e-05,4.02150131077721e-07,0.999963775238997,3
"20082",0.00165569001321564,1.31455913296877e-05,0.998331164395455,3
"20084",0.0168888754548572,0.031598368639642,0.951512755905501,3
"20087",0.0972344932595675,1.96110548729018e-05,0.90274589568556,3
"20090",0.000192470748750337,1.00588235373833e-06,0.999806523368896,3
"20092",0.75952920105061,9.20198729736096e-06,0.240461596962092,1
"20096",0.890125023444182,0.0192776624063444,0.0905973141494733,1
"20098",0.59471683592973,0.402634693318942,0.00264847075132794,1
"20101",0.000451285542835976,0.000363809990977231,0.999184904466187,3
"20104",0.992084400265109,0.00638275387041017,0.00153284586448053,1
"20106",0.00284611081895578,0.000320970583079253,0.996832918597965,3
"20108",0.904246532148655,0.0934893714199287,0.00226409643141579,1
"20110",0.729118062704429,0.165629395722743,0.105252541572829,1
"20112",0.0213081800451736,0.000106333256905621,0.978585486697921,3
"20114",0.0691038184189358,0.126311132783505,0.804585048797559,3
"20116",0.0254434195726397,0.0952145836203395,0.879341996807021,3
"20118",0.664421060484474,0.177033533520941,0.158545405994584,1
"20120",0.00626306220461017,0.00103109441059557,0.992705843384794,3
"20122",0.00357523720043495,0.996373149439391,5.16133601746666e-05,2
"20124",0.000296744655818177,1.30181044299829e-07,0.999703125163138,3
"20126",0.00140159716794693,3.61666568079993e-05,0.998562236175245,3
"20128",5.60091494422224e-06,6.25405154491293e-08,0.99999433654454,3
"20141",0.86365510983271,0.134502446459282,0.00184244370800788,1
"20143",0.000207415117973295,0.99978961137739,2.97350463690656e-06,2
"20145",0.0109988937515748,3.82178345737591e-05,0.988962888413851,3
"20147",0.00545408146255296,6.57199018615762e-05,0.994480198635585,3
"20149",0.00373194903521361,0.99625340738631,1.46435784766044e-05,2
"20151",0.776838288856024,0.220001002154629,0.00316070898934719,1
"20153",0.373180940345547,0.601347175417374,0.0254718842370791,2
"20155",0.00165830073249395,6.92346153436227e-06,0.998334775805972,3
"20157",0.302889508937949,0.695712438471712,0.00139805259033884,2
"20160",0.000286477635133691,0.999706872733725,6.64963114109017e-06,2
"20162",0.006529049855778,0.993465036315225,5.91382899711819e-06,2
"20164",0.0891532346346511,0.909431544756793,0.00141522060855553,2
"20166",0.00182308602602519,0.00956605224054408,0.988610861733431,3
"20168",0.065080524819681,0.56469508895576,0.370224386224559,2
"20170",0.538268273128207,0.459228346569841,0.00250338030195172,1
"20172",0.00927068283208379,1.34316447437962e-06,0.990727974003442,3
"20174",0.488507979228189,0.511448640872782,4.33798990295916e-05,2
"20176",0.768884419821535,0.0732448000094761,0.157870780168989,1
"20178",0.000204706384626343,0.999786213041489,9.08057388445893e-06,2
"20181",0.00119713006901804,0.0193235469111882,0.979479323019794,3
"20183",0.982723670049328,0.000150495796249089,0.0171258341544227,1
"20186",0.969190702171307,6.20038445567665e-06,0.0308030974442377,1
"20188",0.00114828411954864,0.998843496090991,8.21978946001019e-06,2
"20190",0.000444641137666724,9.65410373553856e-06,0.999545704758598,3
"20193",0.00251205693281958,0.993042679341655,0.00444526372552512,2
"20195",0.20165223513232,0.789412198282488,0.00893556658519227,2
"20197",0.00792090667861613,2.3156089097258e-06,0.992076777712474,3
"20199",0.0875077552967311,0.912359196373011,0.000133048330257373,2
"20205",0.0382744572809946,1.62882499492555e-05,0.961709254469056,3
"20208",0.932150292554059,0.0589042139869754,0.00894549345896589,1
"20210",0.0167649459867901,0.983214651992733,2.04020204767787e-05,2
"20212",0.126199993448902,0.872641087716721,0.00115891883437713,2
"20216",0.00824517035126919,0.000585404675339354,0.991169424973391,3
"20219",0.0154179402570026,0.000198048060792634,0.984384011682205,3
"20223",0.000525062107772976,1.7104659668558e-07,0.99947476684563,3
"20226",0.800592255752852,0.00550301636223358,0.193904727884915,1
"20230",0.000199489540545372,1.54067665410032e-06,0.9997989697828,3
"20233",0.970355485027163,0.00993680015823642,0.0197077148146007,1
"20235",0.00362653635546702,2.75880384047838e-07,0.996373187764149,3
"20239",0.0834247253758594,4.20244052341399e-05,0.916533250218906,3
"20254",0.000436197863293084,1.24940115764407e-06,0.999562552735549,3
"20256",0.00089509428564538,3.55877620554839e-07,0.999104549836734,3
"20262",0.236118810117518,0.762991366534435,0.00088982334804599,2
"20270",0.083045446267294,0.0355922817867514,0.881362271945955,3
"20284",0.884007941997072,0.000251272854687372,0.115740785148241,1
"20287",3.61769707839801e-05,7.23420783528834e-08,0.999963750687138,3
"20290",0.159863607976864,0.00197901290955761,0.838157379113578,3
"20293",0.0799169530090708,0.000127255598833145,0.919955791392096,3
"20296",0.222772466155226,0.771406913888984,0.00582061995579003,2
"20301",1.66623595798864e-05,5.54848048321087e-05,0.999927852835588,3
"20304",0.00315713601667621,2.05337316378994e-05,0.996822330251686,3
"20306",0.000276937873650262,7.80574724748004e-08,0.999722984068877,3
"20309",0.310104937457624,0.000766614346626192,0.68912844819575,3
"20311",0.0154261686566532,0.00171710573661054,0.982856725606736,3
"20314",0.893961791881993,0.0871708725935952,0.0188673355244123,1
"20318",0.000538141424375113,0.999321066434563,0.000140792141061915,2
"20320",0.977689492995624,0.00754139619151489,0.0147691108128605,1
"20326",0.816540666526678,0.160447087121894,0.0230122463514278,1
"20328",0.991529926836552,0.000138639674467572,0.00833143348898002,1
"20330",0.0134431182168101,2.1810703296655e-05,0.986535071079893,3
"20336",0.347011173994717,5.92497340148011e-05,0.652929576271268,3
"20338",0.0340310089825779,0.00182607375619717,0.964142917261225,3
"20340",9.50231468936516e-05,7.74578741972567e-07,0.999904202274364,3
"20342",0.190271413154931,0.0484551287197175,0.761273458125352,3
"20344",0.00734546562252396,9.78889949256368e-06,0.992644745477984,3
"20349",0.000576628786017381,3.1398907319431e-07,0.999423057224909,3
"20351",0.065532187311914,0.00150457842045324,0.932963234267633,3
"20353",0.0033513879293825,8.90837303448096e-07,0.996647721233314,3
"20357",0.00848640778412644,5.87524698100045e-07,0.991513004691176,3
"20360",0.0659632874707976,0.000154930401357995,0.933881782127844,3
"20364",0.0559666259045793,7.34273715599013e-05,0.943959946723861,3
"20366",0.479914089573252,0.00157011749177573,0.518515792934973,3
"20381",0.240249157498788,0.759570130120301,0.000180712380910756,2
"20391",0.537862683876387,3.94764992014698e-06,0.462133368473693,1
"20394",0.994458176103723,0.0048527605922984,0.000689063303978457,1
"20396",0.84830475295228,0.151670755129742,2.44919179785385e-05,1
"20409",0.164993392815104,0.242219629239478,0.592786977945418,3
"20411",0.0017145166404444,6.33925418757403e-08,0.998285419967014,3
"20416",1.85490617188605e-05,8.41431301249689e-09,0.999981442523968,3
"20418",0.495990654823536,0.503990577180772,1.8767995692649e-05,2
"20420",0.967137770726301,0.011461850055512,0.0214003792181872,1
"20422",0.00246088971242871,0.000207375385790593,0.997331734901781,3
"20424",0.00129465269353029,1.36853381629093e-07,0.998705210453088,3
"20426",0.140685628674321,0.235631007059899,0.62368336426578,3
"20428",0.274414694093731,0.000315407740063995,0.725269898166205,3
"20431",0.703766768702958,0.137375732639791,0.158857498657251,1
"20433",0.000261949833611868,1.38892479966452e-06,0.999736661241588,3
"20436",0.157571866025725,0.0238166218673857,0.818611512106889,3
"20439",0.484046311275336,0.515924429082576,2.92596420880333e-05,2
"20441",0.0388458604589477,7.42092544835726e-05,0.961079930286569,3
"20444",0.000694611468095448,0.999301438058376,3.95047352834057e-06,2
"20448",0.608968885289461,0.3510231018854,0.0400080128251396,1
"20536",0.998621121859511,0.000469341994074175,0.000909536146415189,1
"20538",0.191916376089755,4.7235807878439e-05,0.808036388102366,3
"20541",6.41732491341464e-05,7.04687213455402e-08,0.999935756282145,3
"20544",0.638255536691689,0.0158346453296346,0.345909817978676,1
"20546",0.00429593595591887,3.02224560484354e-07,0.995703761819521,3
"20550",0.444151601845236,0.00682609578477725,0.549022302369986,3
"20553",5.36882246382214e-06,9.81157109672955e-06,0.99998481960644,3
"20555",0.954860047046777,0.000147762584319796,0.0449921903689035,1
"20557",0.394141916823011,0.00515311968888819,0.600704963488101,3
"20559",0.00164984874623343,2.56139083747612e-05,0.998324537345392,3
"20561",0.549031684614802,0.444269167010492,0.0066991483747063,1
"20564",0.000204706384626343,0.999786213041489,9.08057388445893e-06,2
"20566",0.240614771316982,0.00123842483603996,0.758146803846978,3
"20569",0.640047086574246,0.359787471375076,0.000165442050677942,1
"20572",0.049904421629101,0.950052585217243,4.29931536559697e-05,2
"20574",0.000762421212287967,1.82403910055755e-05,0.999219338396707,3
"20576",0.00086111917611908,0.99909966439898,3.92164249012397e-05,2
"20578",0.193604201804932,0.012353930474488,0.79404186772058,3
"20580",0.284737003703132,0.000908412207805953,0.714354584089061,3
"20583",0.000537237419608025,0.99943194836845,3.08142119417408e-05,2
"20586",0.133707279621744,5.02574356596795e-05,0.866242462942596,3
"20589",0.000582808987786714,7.9103764385154e-08,0.999417111908449,3
"20591",0.966413380981584,9.50191454153332e-05,0.0334915998730002,1
"20593",9.95354531720231e-06,4.83873328173779e-07,0.999989562581355,3
"20595",0.00916896457250348,0.000353974394544231,0.990477061032952,3
"20597",0.980251532298939,0.0195802580668156,0.000168209634245633,1
"20599",0.000246091037358729,0.999745139287134,8.76967550755102e-06,2
"20601",0.995675050815262,0.00177772167089275,0.00254722751384544,1
"20604",0.000117319993178602,1.41105074479867e-05,0.999868569499373,3
"20606",0.000157700327827567,7.31171652019059e-07,0.99984156850052,3
"20608",0.0056106226674578,1.02842679613595e-05,0.994379093064581,3
"20610",0.00407997828675062,0.995737980938196,0.000182040775053032,2
"20612",0.0495809478525951,0.0148734658569795,0.935545586290425,3
"20614",0.0145735033482161,0.985388084317828,3.8412333955941e-05,2
"20616",0.975112934762778,0.00442106274819894,0.020466002489023,1
"20618",0.396192465461772,0.00551282992220548,0.598294704616023,3
"20620",0.00625415104875344,0.000547582038241701,0.993198266913005,3
"20622",0.00167973103887397,0.998229510283205,9.07586779208533e-05,2
"20624",0.00186506544947681,8.51844501565863e-07,0.998134082706022,3
"20626",0.202314541549192,0.0256641742054947,0.772021284245313,3
"20628",0.748950133339328,0.00422402096124043,0.246825845699431,1
"20630",0.125563458745719,0.0282271980179325,0.846209343236348,3
"20632",0.0125387355163407,0.987459057402515,2.20708114408015e-06,2
"20634",0.000262108632173376,6.60717281781524e-07,0.999737230650545,3
"20637",0.00172677428780962,0.000245729202779592,0.998027496509411,3
"20639",0.266089726936039,0.733671516389295,0.000238756674665837,2
"20644",9.49578164670935e-06,6.13108682994324e-07,0.99998989110967,3
"20646",0.0022351806009533,8.67907643561328e-05,0.997678028634691,3
"20648",0.960312455803748,0.0377852159688002,0.00190232822745126,1
"20650",0.000730247571472712,5.14649249756765e-07,0.999269237779277,3
"20653",0.988141537380306,0.0089400736772705,0.00291838894242362,1
"20658",0.00310500630936548,2.67031206818955e-06,0.996892323378566,3
"20661",0.162621165339905,9.61858715238411e-05,0.837282648788571,3
"20663",0.428335181557608,7.0680415555192e-05,0.571594138026836,3
"20665",0.000254827433058214,0.999723896932626,2.12756343161867e-05,2
"20667",0.961307475660079,0.00125850447196322,0.0374340198679574,1
"20669",0.97597355302598,0.0239482267232678,7.82202507523585e-05,1
"20671",0.00658347777368469,0.000279797281732421,0.993136724944583,3
"20673",0.923442933386511,0.076445391329912,0.000111675283576588,1
"20675",0.990925944982657,0.00033454201153743,0.00873951300580572,1
"20677",0.631965852900522,7.79401371046416e-05,0.367956206962373,1
"20679",0.940183416656379,0.0597897237138541,2.6859629766945e-05,1
"20681",0.999460033355898,0.000253811758982571,0.000286154885119151,1
"20683",0.745967525800174,0.000181219979446134,0.253851254220379,1
"20685",0.981374115305464,0.00482429405047362,0.013801590644062,1
"20687",0.0827174130759375,0.91718844970869,9.41372153726021e-05,2
"20689",0.000159242362615325,9.13730509279094e-07,0.999839843906875,3
"20691",0.000993311879135185,0.998996678024442,1.00100964232536e-05,2
"20693",0.000204624508815441,1.03219650855783e-07,0.999795272271534,3
"20695",0.984940690944588,0.0137437434694684,0.00131556558594356,1
"20697",0.000462844798240499,0.000154945774677426,0.999382209427082,3
"20699",0.831638388104495,0.00136794387552329,0.166993668019982,1
"20701",0.226210533301608,1.24144138580645e-05,0.773777052284533,3
"20703",0.990110935270075,0.00850234095580136,0.00138672377412312,1
"20705",0.00563225816101042,1.74258079833663e-06,0.994365999258191,3
"20707",0.98493567222668,0.000130125314184629,0.0149342024591351,1
"20709",0.0808336826559296,0.886743002550197,0.0324233147938733,2
"20713",0.965142209375612,0.0338850533715846,0.000972737252803554,1
"20715",7.42589093870207e-05,0.01609407407982,0.983831667010793,3
"20717",0.998573494305601,0.000769885385565323,0.000656620308833992,1
"20720",0.0325014858744643,0.000149380545011606,0.967349133580524,3
"20722",0.0443910547141519,2.71305307255829e-05,0.955581814755122,3
"20724",0.752169721777671,0.247538704462798,0.000291573759531234,1
"20726",0.000255121315142247,6.93998950633473e-08,0.999744809284963,3
"20728",0.998943073197065,0.000934937377122894,0.000121989425811866,1
"20730",0.582509508486798,0.413391882963091,0.00409860855011116,1
"20732",0.463096390715668,0.000425645740076616,0.536477963544255,3
"20734",0.621818339395904,0.000179112617841032,0.378002547986255,1
"20736",0.13794798584176,0.861903069278051,0.000148944880189701,2
"20738",0.0285265727749138,0.280088433251245,0.691384993973841,3
"20740",0.139978170316616,5.35679317654045e-07,0.860021294004067,3
"20742",0.998491557534841,0.000681157369535328,0.000827285095623967,1
"20744",0.0330401677697003,0.966951728419959,8.10381034021879e-06,2
"20746",0.923288715479925,0.000381377858263566,0.0763299066618112,1
"20748",0.689668131934266,0.309981387018904,0.000350481046829643,1
"20750",0.32403731279887,0.674867081026279,0.00109560617485144,2
"20752",0.0586266550219598,5.33471007966321e-06,0.94136801026796,3
"20754",0.957430933432729,0.0421993829919229,0.000369683575348269,1
"20756",0.576407116532781,0.291805489484343,0.131787393982876,1
"20758",0.305152207443088,0.554699693135948,0.140148099420963,2
"20760",0.748526227573206,0.251412057658069,6.1714768725851e-05,1
"20762",0.994924620471253,0.00480196092641764,0.000273418602329255,1
"20764",0.308358922315959,0.691603656483849,3.74212001914614e-05,2
"20766",0.873631204393581,0.126214345906247,0.000154449700172221,1
"20768",0.221778259713918,0.775601426595909,0.00262031369017324,2
"20770",0.973487754346025,0.00203345584453495,0.0244787898094399,1
"20772",0.00030527177157661,8.3988196085701e-06,0.999686329408815,3
"20774",2.73109150603049e-05,1.00312441815492e-07,0.999972588772498,3
"20776",0.995759530647196,0.000114471980988866,0.00412599737181548,1
"20778",5.07904221916696e-06,6.26599092673022e-07,0.999994294358688,3
"20780",0.634517915641263,0.363810489174387,0.00167159518435007,1
"20782",0.843665674974597,0.156203669942809,0.000130655082594016,1
"20784",0.996602943103994,0.00293867830036496,0.000458378595640787,1
"20786",0.00117634224793342,0.998817809052927,5.84869913962129e-06,2
"20788",0.967822526876143,0.00028573942337154,0.0318917337004853,1
"20790",0.815317447911684,0.18458140843655,0.000101143651765972,1
"20792",0.524671101217591,0.398959710150171,0.0763691886322385,1
"20794",0.387854639575475,0.612105864139075,3.94962854493655e-05,2
"20796",0.00134776599399578,2.89766438818052e-07,0.998651944239565,3
"20798",0.000204706384626343,0.999786213041489,9.08057388445893e-06,2
"20801",0.00335300165352586,0.996519975431286,0.000127022915187706,2
"20803",0.945959127377366,6.69119430533844e-05,0.0539739606795809,1
"20805",0.694505325378642,0.000249597709442292,0.305245076911915,1
"20807",0.000204706384626343,0.999786213041489,9.08057388445893e-06,2
"20809",0.994029258648428,0.00251881915309955,0.00345192219847281,1
"20811",0.0546658722294474,0.908533616485863,0.0368005112846892,2
"20813",0.507406539899309,0.0781455911236195,0.414447868977071,1
"20815",0.00157159828081064,0.998426380705736,2.02101345363321e-06,2
"20817",0.951709398674735,0.0476411785642427,0.00064942276102244,1
"20819",0.652641214337613,1.19281833772244e-05,0.347346857479009,1
"20821",0.0127396458320673,0.0458292317894259,0.941431122378507,3
"20823",0.775381193136924,0.0157271627960564,0.20889164406702,1
"20825",0.89609138171948,0.103821483858427,8.71344220928148e-05,1
"20827",0.239101848834607,0.759422257926512,0.00147589323888096,2
"20829",0.00548335383596622,8.33763030971901e-05,0.994433269860937,3
"20831",0.908881329917713,0.0907367695694628,0.000381900512823941,1
"20833",0.617216275743278,0.382584835741075,0.00019888851564745,1
"20835",0.96157664045182,0.0381694722714933,0.000253887276686853,1
"20837",0.995341559900965,0.00374615676555311,0.000912283333481626,1
"20839",0.977372303551432,0.0224087796956291,0.000218916752939329,1
"20841",0.288373828207002,0.000135465186430901,0.711490706606568,3
"20843",0.997410042432006,0.000108220885279827,0.00248173668271447,1
"20845",0.445761760077917,0.551806957356694,0.00243128256538913,2
"20847",0.617912189350084,0.000687141026164168,0.381400669623752,1
"20849",0.51461882996452,0.0238556336924454,0.461525536343034,1
"20851",0.324622731921694,0.000115765286196312,0.67526150279211,3
"20853",0.0200386277466617,6.99660606655909e-06,0.979954375647272,3
"20855",0.00757890272032653,0.000674408902146185,0.991746688377527,3
"20857",0.442366360985487,0.000173083046082477,0.557460555968431,3
"20859",0.0493098704659986,0.00043634347246167,0.95025378606154,3
"20861",0.926157060689106,0.0381673518435679,0.0356755874673263,1
"20863",0.641897795910342,0.357889354523127,0.000212849566531529,1
"20865",0.995274735488793,0.00307582642317385,0.0016494380880327,1
"20867",5.94039255620159e-06,1.33911154508412e-07,0.999993925696289,3
"20869",0.467549438660224,0.531762052314432,0.000688509025344059,2
"20871",0.000378285075668023,0.00223660209494292,0.997385112829389,3
"20873",0.000352731316102983,0.000875068312203179,0.998772200371694,3
"20875",0.0532381322110086,7.64444021392856e-05,0.946685423386852,3
"20878",0.00412166618344408,0.99587198490986,6.34890669589113e-06,2
"20880",0.642148133356318,0.357504314215536,0.000347552428146,1
"20882",0.000873910701504185,8.14441561538585e-06,0.99911794488288,3
"20884",0.991794931309138,0.00726054886566785,0.000944519825194709,1
"20886",0.278098504657474,0.719239217369397,0.00266227797312875,2
"20888",0.0848592878671585,0.91513640814211,4.30399073112368e-06,2
"20890",0.72431753402967,0.274694023752435,0.00098844221789511,1
"20892",0.460830461741383,9.80404064483823e-05,0.539071497852168,3
"20897",0.861021297220664,0.0164445593617608,0.122534143417575,1
"20899",0.855166197093121,0.0442132426998778,0.100620560207001,1
"20901",0.033012841867003,0.000276627034006929,0.96671053109899,3
"20903",0.000100683367511001,0.00381366946872892,0.99608564716376,3
"20905",0.0596953611872669,0.0445944234086706,0.895710215404062,3
"20907",0.00312911132237161,4.41434961972589e-06,0.996866474328009,3
"20909",0.595636626448772,0.0360196772107207,0.368343696340508,1
"20911",0.000374292689583413,3.75244220323697e-06,0.999621954868213,3
"20913",0.975519926355251,0.00988350142623199,0.0145965722185168,1
"20962",0.164532686912822,0.000237951967010749,0.835229361120168,3
"20969",0.0056431591669821,0.0101551294496037,0.984201711383414,3
"20980",0.171627786768598,0.00192206345423439,0.826450149777167,3
"20982",0.0314280452773898,8.80830836149297e-06,0.968563146414249,3
"20984",0.988482557375814,0.0100478279987358,0.00146961462545019,1
"20994",0.016799410903798,0.000801331187691593,0.98239925790851,3
"21015",0.253835559972911,0.746046987170779,0.000117452856309494,2
"21023",0.000235122155592895,2.57958666457864e-07,0.999764619885741,3
"21040",0.123562709081837,4.28625913168172e-05,0.876394428326846,3
"21073",0.288907754095677,0.00720747665563953,0.703884769248684,3
"21222",0.868819084408162,0.129766804315312,0.00141411127652541,1
"21224",0.931880372862856,0.0101504389977353,0.0579691881394086,1
"21228",0.409577316815212,0.547372281479175,0.0430504017056127,2
"21232",0.00366446245463733,7.75702465057363e-07,0.996334761842898,3
"21237",0.0337928304989144,0.00116333931102029,0.965043830190065,3
"21240",0.893845197516345,0.105793243789031,0.000361558694624063,1
"21245",0.695889525371343,0.303935816262943,0.000174658365713582,1
"21252",0.00803659348316361,2.36494376600226e-07,0.99196317002246,3
"21254",0.0716787706340138,2.28553877920682e-05,0.928298373978194,3
"21258",0.893827594438094,0.0195633247281696,0.0866090808337367,1
"21264",0.849726744432587,0.138574157074423,0.0116990984929907,1
"21305",0.927698067470003,0.0545103731465837,0.017791559383413,1
"21333",0.15683079284313,4.93799909094707e-06,0.843164269157779,3
"21366",0.958380955599892,0.000550602136128277,0.0410684422639798,1
"21377",0.00282476396518322,0.997101831611476,7.34044233404759e-05,2
"21380",0.0978603137033924,0.0555485193173518,0.846591166979256,3
"21387",0.00231794508174704,1.57150439046228e-06,0.997680483413863,3
"21390",0.0101626593896531,5.81662541209288e-06,0.989831523984935,3
"21392",0.752851361145156,0.000584831314052457,0.246563807540792,1
"21403",0.143680936866186,0.0618614677609685,0.794457595372846,3
"21408",0.00168744567805269,0.000142430281949362,0.998170124039998,3
"21412",0.0136006695017893,0.00297359818045532,0.983425732317755,3
"21421",0.992446377619898,0.00318391200629381,0.00436971037380807,1
"21424",0.000379666098342181,1.77207565245969e-07,0.999620156694093,3
"21429",0.0062347567200546,4.71220403102837e-05,0.993718121239635,3
"21431",0.977279002985842,0.00228106674421242,0.0204399302699455,1
"21436",0.993352068786129,0.00360442219856208,0.00304350901530898,1
"21439",0.0579127401819021,0.00684774654726483,0.935239513270833,3
"21442",0.732341145547588,0.178718995909895,0.0889398585425174,1
"21444",0.992747320482245,0.00719714628561986,5.55332321351073e-05,1
"21446",0.0111898035491398,0.988798976082822,1.12203680380424e-05,2
"21448",0.972309001002581,0.0103541860882283,0.0173368129091904,1
"21450",0.557980817077111,0.0343086333433259,0.407710549579563,1
"21452",0.0560517024335064,4.80157173439662e-05,0.94390028184915,3
"21466",0.000147121256765908,2.16376629785626e-08,0.999852857105571,3
"21470",0.19444292276346,0.00268468321033818,0.802872394026202,3
"21472",0.0216376987932601,5.29436142648688e-07,0.978361771770597,3
"21474",0.033512356434998,0.000944413204529835,0.965543230360472,3
"21477",0.992576470667132,0.00729539315467961,0.000128136178188906,1
"21480",3.08620450270393e-05,4.45893827348479e-09,0.999969133496035,3
"21483",0.889324450466956,0.110264766382151,0.000410783150892285,1
"21491",0.52561616941824,0.473398086100107,0.000985744481653798,1
"21494",0.00016368063598083,3.57490129058568e-05,0.999800570351113,3
"21499",0.00118351883702314,1.17918310261069e-05,0.998804689331951,3
"21501",0.0126679151895947,7.05892960255806e-07,0.987331378917445,3
"21506",0.0509978064537363,1.412581740403e-05,0.94898806772886,3
"21511",0.0976573766810956,0.000309849852593246,0.902032773466311,3
"21513",0.930553775657055,2.35036925304727e-05,0.0694227206504141,1
"21521",0.904897970466747,0.000745918996540436,0.0943561105367123,1
"21523",0.947796159521358,5.11063016825341e-05,0.0521527341769597,1
"21525",0.995285749947781,0.00122231849672588,0.00349193155549366,1
"21531",0.000403021666854857,5.38930531392678e-06,0.999591589027831,3
"21536",0.157640345210008,0.00102559714270806,0.841334057647284,3
"21544",0.0901787869811918,0.00735152838916401,0.902469684629644,3
"21547",0.00486451233828657,0.000190634883844211,0.994944852777869,3
"21551",0.0705030991655926,0.00477405289432011,0.924722847940087,3
"21556",0.0135621727053381,1.78731632265446e-05,0.986419954131435,3
"21559",0.957578449055806,3.98390927501236e-05,0.0423817118514441,1
"21563",0.00344961112311729,5.75437792823592e-06,0.996544634498954,3
"21565",0.000517956312246353,1.54076572523329e-06,0.999480502922029,3
"21568",0.00380918798688718,8.94166590322398e-06,0.99618187034721,3
"21572",6.36415972490702e-06,7.22720744047381e-08,0.999993563568201,3
"21575",0.0403439000944582,0.000902593201723328,0.958753506703819,3
"21577",0.847751017729452,0.131437340606953,0.0208116416635949,1
"21579",0.711253864284074,0.000496182447657716,0.288249953268269,1
"21581",0.000204706384626343,0.999786213041489,9.08057388445893e-06,2
"21584",0.822656023457275,0.177001211926122,0.000342764616603318,1
"21586",0.964661012617915,0.00730656978032784,0.0280324176017575,1
"21588",0.757053206835186,0.15535007758906,0.0875967155757542,1
"21590",0.00540288512878195,6.51960190768972e-06,0.99459059526931,3
"21594",0.902255599482571,0.0926403840015576,0.00510401651587128,1
"21596",0.583356575061781,0.415925625645885,0.000717799292333635,1
"21598",0.00185742395807464,1.83010290243615e-05,0.998124275012901,3
"21600",0.999502866220681,0.000152466301699632,0.000344667477619541,1
"21602",0.134718508218207,2.86870274699108e-05,0.865252804754323,3
"21604",0.683803322863937,0.0257649483575941,0.290431728778469,1
"21606",0.0125316889053502,0.987245312613962,0.000222998480687699,2
"21608",0.710309309654625,0.00568881793804488,0.28400187240733,1
"21611",0.981925368507324,0.000682723369790489,0.0173919081228857,1
"21613",0.369980554064788,4.1015218899439e-05,0.629978430716312,3
"21615",0.877746696128636,0.0785322986859396,0.0437210051854244,1
"21617",0.352172971339746,0.638996164947882,0.00883086371237171,2
"21619",0.979025302330043,0.000404383041031538,0.0205703146289254,1
"21621",0.800206866840181,0.196149909990964,0.00364322316885487,1
"21623",0.922556352337157,0.0764265667384169,0.00101708092442642,1
"21625",0.00156383722656548,0.998429016230418,7.14654301640822e-06,2
"21627",0.659414785137015,0.00512450039599934,0.335460714466986,1
"21629",0.998749433320151,0.00107812326609041,0.000172443413759128,1
"21631",0.0267192146062222,0.973085435420172,0.000195349973606134,2
"21633",0.000748874243264654,0.0041362184798077,0.995114907276928,3
"21635",0.00244387749037833,7.44771457587079e-06,0.997548674795046,3
"21637",0.204777870034903,0.263445100332512,0.531777029632586,3
"21639",0.00618791619195006,0.00104891130646007,0.99276317250159,3
"21641",0.993806401324399,0.00526944857991495,0.000924150095685787,1
"21643",0.721189184603781,0.0247872955865632,0.254023519809656,1
"21645",0.950569809639634,0.0487256244600675,0.000704565900298014,1
"21648",0.624055971327087,0.000261713968344081,0.375682314704569,1
"21650",0.00334531390575345,2.68546946788345e-05,0.996627831399568,3
"21652",0.333071653091465,1.10842038562413e-05,0.666917262704679,3
"21654",0.00584934268580854,7.62495421676471e-06,0.994143032359975,3
"21656",0.773083147302068,0.226699280692884,0.000217572005047934,1
"21658",0.00143987766286413,0.998558981259933,1.14107720263951e-06,2
"21660",0.0214306165484374,0.978496352066843,7.30313847194332e-05,2
"21662",0.973685501920617,0.01765239789746,0.00866210018192248,1
"21664",0.871237970038555,0.128566258839205,0.000195771122239948,1
"21666",0.00355556183664319,0.657670998186762,0.338773439976594,2
"21668",0.99303476913546,0.00680753616142989,0.000157694703109648,1
"21671",0.742694379078681,0.000242613029254305,0.257063007892065,1
"21673",0.517941293179227,0.481894459939027,0.000164246881746197,1
"21675",0.989888404776704,0.00402458726524764,0.00608700795804844,1
"21677",0.000322789999584738,1.48445218062383e-06,0.999675725548235,3
"21679",0.991280889386976,0.00123900682789641,0.00748010378512813,1
"21681",0.991416454590348,0.00753716605355299,0.00104637935609932,1
"21686",0.000341386106470163,9.11050662148634e-05,0.999567508827315,3
"21689",0.000607325218320812,4.96020058061776e-05,0.999343072775873,3
"21706",0.397480581490738,0.00263391899378299,0.599885499515479,3
"21708",0.00267107500732759,1.46057683818068e-06,0.997327464415834,3
"21711",0.973173629270991,0.00768805646465416,0.0191383142643548,1
"21716",3.54622375719678e-05,2.96183977848974e-07,0.99996424157845,3
"21719",0.906839205568942,1.82358462010199e-05,0.0931425585848566,1
"21722",0.315925954368381,0.00433894060799756,0.679735105023621,3
"21725",0.336985689267686,0.000100383829936381,0.662913926902377,3
"21728",0.0430814658442547,5.95839126584046e-05,0.956858950243087,3
"21732",0.00398433922652588,0.000250230553030908,0.995765430220443,3
"21734",0.00338367919594745,2.58391391424476e-06,0.996613736890138,3
"21737",0.997733688253525,0.00073613786175507,0.00153017388471965,1
"21740",0.823487466572576,0.135957359588531,0.0405551738388933,1
"21742",0.000168779997199096,3.59342587016389e-06,0.999827626576931,3
"21745",0.342663210333956,0.0229118916139806,0.634424898052064,3
"21747",0.0184907407138501,6.51167550083303e-06,0.981502747610649,3
"21749",0.232096106830142,0.763644613274152,0.00425927989570577,2
"21751",0.00165812104534219,0.000100813676924957,0.998241065277733,3
"21753",0.00211976104280535,4.40813635310605e-05,0.997836157593664,3
"21756",0.00018679124021016,1.39057527204437e-05,0.999799303007069,3
"21759",0.642495030478548,0.309563530839114,0.0479414386823388,1
"21761",0.113051697284633,0.00141155114701677,0.88553675156835,3
"21763",0.996663485732499,0.00131558984637652,0.00202092442112477,1
"21765",0.133825505270748,3.41960881319591e-05,0.86614029864112,3
"21767",0.00266997528701595,1.6039660662508e-05,0.997313985052322,3
"21769",0.000172548082130376,2.25737884680389e-07,0.999827226179985,3
"21771",0.00180174540610669,3.68656248880946e-05,0.998161388969005,3
"21774",0.64240284076149,0.356531012824756,0.00106614641375475,1
"21776",0.045371363604069,3.79650126771705e-06,0.954624839894663,3
"21778",0.0438035901516156,0.00172492081615708,0.954471489032227,3
"21780",0.538956685395757,0.43761691356689,0.0234264010373526,1
"21783",0.208198753089753,0.00830772814512758,0.78349351876512,3
"21785",0.764679682030891,4.40618318183719e-05,0.235276256137291,1
"21788",0.000935270729355183,1.06838233501631e-07,0.999064622432411,3
"21790",1.74257180300522e-05,4.14080335483771e-08,0.999982532873936,3
"21793",0.0162604515754024,0.000191429619637497,0.98354811880496,3
"21796",0.961925930662891,0.00161682546415408,0.0364572438729546,1
"21798",0.0185218529557061,0.000311775037205556,0.981166372007088,3
"21801",2.44132556061279e-05,4.92960186247663e-08,0.999975537448375,3
"21803",0.259590681730666,0.00533873821861389,0.73507058005072,3
"21805",4.05665118702346e-06,7.90740253385679e-07,0.99999515260856,3
"21807",0.834460686363353,0.017082119224208,0.148457194412439,1
"21810",0.059809242062496,5.6923136845191e-06,0.940185065623819,3
"21812",0.000324286653267256,2.93983822312376e-05,0.999646314964502,3
"21816",0.0131238775178111,2.88435608257819e-06,0.986873238126106,3
"21819",2.37076625278306e-05,0.000465943991125889,0.999510348346346,3
"21821",0.576923545050469,0.407265513969427,0.0158109409801047,1
"21823",0.254668505977869,0.745220315249307,0.000111178772823555,2
"21825",0.0140153032534172,9.26111112525573e-05,0.98589208563533,3
"21827",0.00197530188782501,0.000456600132730416,0.997568097979445,3
"21829",0.0118015934586385,9.97333825364371e-05,0.988098673158825,3
"21832",0.00266710134717843,0.779043646717234,0.218289251935587,2
"21834",0.16029739382765,6.65092548420869e-05,0.839636096917508,3
"21836",0.16029739382765,6.65092548420869e-05,0.839636096917508,3
"21839",0.820622566188373,0.103616967589069,0.075760466222558,1
"21841",0.00708628038673203,0.766874760832879,0.226038958780389,2
"21843",0.590748984728195,0.408608975225185,0.000642040046619747,1
"21846",5.21870460869883e-05,0.000373171784242126,0.999574641169671,3
"21848",0.00419484027815762,0.00102723730410436,0.994777922417738,3
"21850",0.172465627568556,0.000854692015011765,0.826679680416433,3
"21853",0.042932304659237,0.952697578499012,0.00437011684175055,2
"21855",0.000848245024932079,0.999141841266228,9.9137088395358e-06,2
