"","V1","V2","V3","V4","V5","result$classification"
"19812",0.974802183199206,0.000778432776305105,5.04932154123577e-06,0.024256582555329,0.000157752147618049,1
"19814",0.992476106702144,2.86660432082443e-05,0.00489712103277595,0.00259013353689107,7.97268498097804e-06,1
"19816",0.0256247670814383,9.72952914748611e-06,3.40752105583876e-06,0.974190813231202,0.000171282637156727,4
"19818",0.931175186469295,6.68329634489821e-05,0.017938803480793,0.0507386784681873,8.04986182761595e-05,1
"19820",1.55226271954516e-06,7.00921760227649e-05,7.04262765399065e-09,0.999928079652511,2.68866118922611e-07,4
"19822",2.77013990587797e-05,0.050289402810582,5.03944798811381e-06,0.949672717578966,5.13876340536384e-06,4
"19824",0.00140769202383241,7.72821534115315e-05,0.00294128616950242,0.995023349756716,0.000550389896537087,4
"19826",0.947667175267561,2.43353477508408e-05,8.71255496697519e-05,0.0368401250739564,0.0153812387610625,1
"19828",0.00116787509147251,0.000313303267752468,5.55603127400031e-06,0.99851234389646,9.21713040767567e-07,4
"19830",0.996643313621302,0.000738281937767039,0.000226144177465003,0.000371128357384984,0.00202113190608101,1
"19832",0.316013910770821,0.52745038283075,6.11821313777665e-06,0.156509495338942,2.00928463486882e-05,2
"19834",0.121418524340683,0.0139166296482169,0.00034063995917702,0.86431716136884,7.04468308354895e-06,4
"19836",0.597601903626614,0.000316854068158298,6.51594665390564e-06,0.271782903655421,0.130291822703153,1
"19838",0.998710977966777,0.000100846518663386,0.00108782042036415,8.5972097622911e-05,1.43829965728649e-05,1
"19840",0.232022003973412,6.60079254023248e-05,2.624989528523e-05,0.763135048336879,0.00475068986902144,4
"19842",0.0909894438112634,8.62788933983362e-07,5.02311662725928e-05,1.74289198109407e-05,0.908942033313719,5
"19844",3.59423671190336e-05,1.90750050350794e-07,0.999900377558828,1.69916992042733e-05,4.64976247980387e-05,3
"19846",0.790038813802004,5.31515858745962e-07,0.203990311675531,1.96487668304375e-05,0.00595069423977598,1
"19848",0.918967553080873,1.7683563333166e-06,0.080543359927418,3.05379453281527e-05,0.000456780690047174,1
"19850",0.666223716528561,8.42792150137985e-06,0.333350111577785,0.000303211901554262,0.000114532070598224,1
"19852",0.368358535885173,0.000269936257484955,0.000813853836825598,0.630513723970309,4.39500502072151e-05,4
"19854",0.990778423800995,3.85670470530031e-06,0.0090720579405651,2.9451071462111e-05,0.000116210482272448,1
"19856",0.0239741650375455,2.90817336387679e-05,0.974533539156994,0.00105687091914688,0.000406343152674851,3
"19858",0.00413705922913312,0.000216871298192965,0.969725190112186,0.0258483384670433,7.2540893444404e-05,3
"19860",0.709281619643584,0.000159127978501271,8.23084703210233e-05,0.29039217630575,8.47676018436974e-05,1
"19862",0.968745692942495,6.59062577948389e-07,0.0123699408400385,1.06533500532016e-05,0.0188730538048355,1
"19864",1.96815394581787e-05,3.65638417688697e-07,6.09385914483763e-06,4.05066736553729e-05,0.999933352289324,5
"19866",0.00660601550247975,3.37580498695234e-05,2.84015774468974e-06,0.9523584791278,0.0409989071621063,4
"19868",0.00017146276973396,0.999744158662569,6.61495473503182e-05,1.7551091129911e-05,6.77929216929654e-07,2
"19870",0.992239580038944,5.6671093590086e-06,0.00539743661644302,0.00046843919593862,0.00188887703931554,1
"19873",0.965812377287545,1.39021451686318e-05,0.00155425018068392,0.0296126395338171,0.0030068308527858,1
"19875",0.0060986780075171,0.00042633590648823,1.75320728963453e-07,0.993472055320575,2.7554446906717e-06,4
"19877",0.992206678318457,4.21682954489312e-05,0.00325761358481326,0.00432006023148243,0.000173479569798723,1
"19879",0.708478462763087,0.00155689921592548,0.00682073875991268,0.282772055939663,0.00037184332141154,1
"19881",0.955076055461634,1.96383120583971e-05,0.00233536004722265,0.012323384237291,0.0302455619417945,1
"19883",0.718290197063104,2.78420960585101e-06,0.000189229176966921,0.00448001600778131,0.277037773542542,1
"19899",0.605865972422843,0.00994970331932407,5.97520946456461e-05,0.380875337845067,0.00324923431811952,1
"19908",0.0206752600069402,0.0856803108951056,0.00627033422816791,0.183805935986495,0.703568158883292,5
"19910",0.662364846043549,9.52051335072499e-05,0.000656845480310069,0.336220325162761,0.000662778179872925,1
"19912",0.509971553897551,2.10546881936645e-06,0.00150943690266797,3.78577855941646e-05,0.488479045945367,1
"19914",0.796194243438196,0.006038331372625,0.00150659083154149,0.196014751274503,0.000246083083134689,1
"19916",0.000643852445867673,0.000108244292821116,0.00051786464500371,0.628624481056948,0.37010555755936,4
"19918",0.836912561387735,6.3713092927693e-07,0.158762570093604,0.0005883709762807,0.00373586041145082,1
"19920",0.111348518910798,4.11104744190584e-07,0.888548754008626,3.84415486626826e-05,6.38744271695486e-05,3
"19922",0.337405620368319,0.641089257152176,5.20144669309179e-05,0.0214317635323507,2.13444802232753e-05,2
"19924",0.95238315450434,1.9687873394385e-05,0.0366926842155604,0.0105812421132901,0.000323231293414761,1
"19926",0.381727940010741,0.0255302113448733,2.60349007618702e-06,0.564768147818683,0.0279710973356261,4
"19928",3.70208002271393e-06,3.92464037008441e-08,4.14169130776082e-06,1.78524913301113e-07,0.999991938457352,5
"19930",0.99849233595749,1.69337308516253e-05,0.000351926653579387,0.00102906300489755,0.000109740653182036,1
"19932",0.996716785582959,1.19602925210027e-05,0.00317414862491321,6.1216728937705e-05,3.5888770669437e-05,1
"19934",0.0430683600562029,0.00212084506669355,0.000157012648463586,0.954650805903763,2.97632487671336e-06,4
"19936",0.988213869752811,0.000646430159373229,0.000244176983176207,0.0108506901689863,4.48329356530278e-05,1
"19938",0.000672637596423163,0.00300373074486168,5.37303128137868e-05,0.996235178521735,3.47228241665511e-05,4
"19940",0.875310740211924,1.61470515218899e-05,0.00118678911683764,0.088176113294816,0.0353102103249005,1
"19942",3.13627996905362e-05,1.90855023937997e-08,1.06932388992782e-06,2.53799692574095e-06,0.999965010793991,5
"19944",0.274404933297239,0.000107786491519109,6.66544338446669e-05,0.72301242723844,0.00240819853895765,4
"19946",0.872271605994534,0.000109871951453245,0.0253797631767689,0.101920402433083,0.000318356444161068,1
"19948",9.94640281445315e-05,5.78197957220891e-09,5.83632162678868e-06,2.59584265060169e-06,0.999892098025598,5
"19950",0.00190659583619475,3.67151684892017e-07,0.998090500555921,1.1338500598838e-06,1.40260613920921e-06,3
"19952",9.94640281445315e-05,5.78197957220891e-09,5.83632162678868e-06,2.59584265060169e-06,0.999892098025598,5
"19954",0.998064789967653,5.78960503200385e-06,0.00158627040799595,0.000231259806117868,0.000111890213200907,1
"19956",0.310851045239776,0.00033878517238074,0.672626575942973,2.76755057997038e-05,0.0161559181390705,3
"19958",0.00361871795782053,0.994904632759043,0.00124072025818491,0.000232536677244412,3.39234770704963e-06,2
"19962",0.617265758184967,0.00317292691747412,0.196026296747904,0.182831491888761,0.000703526260894292,1
"19964",0.886403302764367,4.29752529136551e-05,0.0253436258899434,0.0550221587868699,0.0331879373059061,1
"19966",0.000282913139915435,0.000101448399446235,7.4831115608156e-08,0.989939995628075,0.00967556800144786,4
"19969",0.988178507921832,5.11359115655834e-06,0.000204732410466137,0.000749285586152735,0.0108623604903922,1
"19972",0.750535588882567,5.29082424338225e-06,0.108776550429397,0.000991534153436459,0.139691035710356,1
"19974",0.0577404669568429,5.1859157599356e-08,0.916523346719245,1.44255446235496e-06,0.0257346919102924,3
"19976",0.926100534119316,2.87576802127072e-05,0.056652132801715,0.0167046016805021,0.000513973718254305,1
"19978",0.274446191656945,1.27749489950733e-05,0.000924205842956257,0.722637877977658,0.00197894957344524,4
"19980",0.697251759365633,3.27690332588887e-06,0.302636116677288,2.130119525812e-05,8.75458584953871e-05,1
"19982",0.165189644108466,5.10370708276866e-05,0.834442712994944,0.000288594358573022,2.80114671888451e-05,3
"19984",0.000525587070196664,2.35208541058204e-07,0.999445396734102,1.92644696205532e-05,9.5165175398831e-06,3
"19986",8.70263806821959e-06,0.00037092587587667,7.54086883771326e-09,0.999617779135239,2.58480994669774e-06,4
"19988",8.32769585384597e-07,0.000577196437922633,4.63398495033583e-09,0.999421839683135,1.26475371822683e-07,4
"19992",1.27342192017047e-05,0.000604098208703101,2.79474969345594e-07,0.999382801092876,8.70042498064957e-08,4
"19994",0.998543906823753,5.14087279833453e-05,7.84222009300076e-05,0.00125256024461201,7.37020027220797e-05,1
"19996",2.11603989991844e-05,7.00379162212573e-05,2.15438862475435e-07,0.999908523387411,6.2858505660882e-08,4
"19998",0.279347150463197,0.000226950345268123,0.010010844469194,0.0462080397816991,0.664207014940642,5
"20000",0.972896160648172,0.0211836124040543,0.000683355655177334,0.000152228676850274,0.00508464261574656,1
"20003",0.991422023163422,0.000240880058308343,4.87244685980636e-06,0.00735609551714753,0.000976128814262065,1
"20005",0.923385615597121,6.4591571965513e-07,0.0734975152687848,1.57004180001936e-05,0.00310052280037384,1
"20007",0.384113109981985,0.0033299179329578,0.00116805970914014,0.611320764759735,6.81476161823927e-05,4
"20009",0.000832626849961483,0.00078292225317045,0.000390337581589625,0.99715339277051,0.000840720544768596,4
"20011",0.944707323835961,1.45839383547033e-05,0.0159433514664257,0.00594171444776607,0.0333930263114925,1
"20013",0.899141440611559,2.79422278506161e-05,0.100003293525118,0.000794613320056572,3.27103154160514e-05,1
"20016",3.50035345010022e-05,0.00499305051539938,1.01599709970805e-05,0.994957687096243,4.09888285941061e-06,4
"20018",6.98299644352013e-08,0.986523545375876,3.99090823880149e-09,0.0134762863625002,9.4440750845425e-08,2
"20021",0.0151482583734617,0.000430637270085753,2.97284649413305e-07,0.984394047375318,2.67596964851931e-05,4
"20023",0.0826608318124537,0.00167340035871994,0.000134912196006626,0.915463946394894,6.69092379253092e-05,4
"20025",5.86962543455952e-05,0.425803005131317,1.7144441055764e-07,0.574133970057541,4.15711238639e-06,4
"20027",0.733533899306356,7.29414692333819e-06,5.08009726500499e-05,0.000240359467864204,0.266167646106206,1
"20029",0.963930245213247,3.64080827943289e-07,0.023119835881559,7.13120170126276e-05,0.0128782428073538,1
"20032",0.992506776694491,1.4277371476848e-05,4.83318684296514e-05,0.000231011164820345,0.00719960290078218,1
"20034",0.000358220793171655,3.43560284926615e-08,1.34082488750209e-06,1.09297932864396e-05,0.999629474232626,5
"20036",0.759476757242595,0.002383806397276,0.186860295217852,0.0454406778117626,0.00583846333051392,1
"20038",0.000656469739768812,0.00636295197107048,5.97563368780879e-09,0.992979239943937,1.33236959013218e-06,4
"20040",1.27011164048391e-05,0.0133638277553008,7.30685954426859e-06,0.986163782679032,0.000452381589717653,4
"20043",0.00403037803890998,0.000759833680186565,9.96967399171173e-07,0.995208353166019,4.38147485211069e-07,4
"20045",1.10773376449077e-06,0.00606022844961912,1.83435960489183e-07,0.993938463553247,1.68274086706135e-08,4
"20048",6.34667427708629e-05,2.33469376371798e-07,0.999934930213518,4.87097296435816e-07,8.82477038412132e-07,3
"20051",0.66903038796112,0.0171450860747828,0.0114273519297276,0.302394175076499,2.99895787057976e-06,1
"20053",0.0151328534081367,0.000108452843524469,0.000289896146866464,0.984224800713443,0.000243996888029882,4
"20055",0.0705906168094605,0.139596163018786,1.40547208244817e-07,0.789665095551067,0.000147984073478649,4
"20057",0.000160093154825137,0.998461326287685,0.00132684300340245,1.52495893638583e-06,5.02125951503647e-05,2
"20059",0.0134869991336584,0.0033543267060402,3.93008353532623e-05,0.982184846577907,0.00093452674704158,4
"20061",0.118689215215728,0.000518393342724,0.000211775783234114,0.879747592430424,0.000833023227889811,4
"20063",5.67625858147914e-05,0.000664457697967243,0.982946324275696,0.0146989872411909,0.00163346819933141,3
"20065",1.44617002672486e-05,0.839227388517508,2.93882913943666e-10,0.160758121199554,2.82887879241317e-08,2
"20067",0.000452953775658599,0.0100435461779814,0.000263902316657117,0.989239556053633,4.16760701226209e-08,4
"20069",0.440756972502227,5.12396842424935e-06,0.559179278112134,2.82804528830193e-05,3.03449643307293e-05,3
"20071",0.444544663981886,0.00749942151788591,0.00169132959026159,0.354119470994789,0.192145113915177,1
"20073",0.0810626331755867,1.38517569049339e-06,0.917518189976908,0.000799031295400471,0.000618760376414276,3
"20075",0.000271721845255346,0.999715450731258,1.16121008919864e-06,1.15392823859772e-05,1.2693101143852e-07,2
"20077",0.0172020808899488,0.000125785210220604,0.000502379602087951,0.982138060472082,3.16938256610196e-05,4
"20079",0.0743271694298354,0.00159061945038276,0.766694727139816,0.157319226520002,6.82574599638029e-05,3
"20081",0.00991890346524531,0.132001883894443,8.60885962996068e-06,0.858070468647572,1.35133109833405e-07,4
"20083",0.0170653408983522,0.00126757465841555,0.97126195288958,0.00541433369010878,0.00499079786354375,3
"20085",1.56128940386407e-06,0.00245916938237146,1.26607458806236e-09,0.997539220841431,4.72207187190311e-08,4
"20088",0.000579172837856256,0.000914697800523423,2.10293175447354e-07,0.998505726843381,1.92225063942033e-07,4
"20091",0.00015118254861869,0.997338032384011,3.58224079293715e-06,0.00250719392675934,8.89981794126575e-09,2
"20095",0.0177254340648493,0.00039349029437626,0.859186505819159,0.0692336879109889,0.0534608819106261,3
"20097",2.96546907099784e-06,0.0100897764702872,1.72662308296236e-09,0.98990723269624,2.36377787327781e-08,4
"20099",0.00283754952241014,4.19668513884787e-06,0.00510602578676513,0.846226076876941,0.145826151128745,4
"20102",0.00287130076213624,0.0714958537582406,0.923946492278755,0.00168510471504658,1.2484858219453e-06,3
"20105",0.00650386562376872,0.000321129254449876,0.000639792572588901,0.992534185652744,1.02689644875516e-06,4
"20107",0.000683432435615519,0.000138241556790537,6.29227802748498e-07,0.99917385145239,3.84532740130609e-06,4
"20109",0.0278154397178092,2.21208294526061e-05,0.301998983740891,0.668505311601114,0.00165814411073282,4
"20111",0.448664090397679,0.534243255981673,0.0168499399934258,0.000180599964852944,6.21136623703511e-05,2
"20113",0.0199186109316758,0.00029826309432024,1.77910870817012e-06,0.952937811191679,0.026843535673617,4
"20115",0.991918070328163,0.000409503156479303,0.000997654493908578,0.000158891607948384,0.00651588041350102,1
"20117",0.00171406000135475,0.537860462518501,6.97763017377105e-06,0.121570640908068,0.338847858941902,2
"20119",0.000332852305556304,4.85789025963037e-05,4.1076589386882e-08,0.960084087860279,0.0395344398549792,4
"20121",9.80121394979152e-05,0.000378391575149906,2.51235229053193e-08,0.999521140657823,2.43050400584953e-06,4
"20123",3.36909711203052e-05,0.998502180262631,1.51120382620659e-08,0.00146409274690721,2.0907303119373e-08,2
"20125",0.893633835446585,2.94954356780136e-05,0.106101357366886,0.000212201804701607,2.31099461488249e-05,1
"20127",1.45947873973777e-05,0.000257545111680362,2.48234642539808e-06,0.999725174271229,2.03483267529886e-07,4
"20140",0.170264348318018,0.446311827358309,2.05621501804305e-06,0.381215572876825,0.00220619523183007,2
"20142",0.00605924560923419,9.99178793971257e-07,0.993934772785847,2.10581592961929e-06,2.87661019535434e-06,3
"20144",0.983137328898132,0.00836123341163298,0.00826794755532581,0.000129616163015319,0.000103873971893308,1
"20146",0.610294943189743,0.00383696763186561,0.379348344370598,0.00639504379580541,0.000124701011988161,1
"20148",0.992345301092204,0.000112205901044575,0.000267762072594917,0.00724011644870955,3.46144854471935e-05,1
"20150",0.395031180352062,3.25506761943828e-07,0.601785619481855,4.60841730808167e-06,0.00317826624201286,3
"20152",0.96808456029031,0.000169772708219528,0.000201173848119257,0.0313802916672568,0.000164201486094698,1
"20154",2.60575672902297e-05,0.959123984219304,9.47433013012551e-06,0.0408404816741644,2.20911110282205e-09,2
"20156",0.174944260449395,0.0206496025011759,0.0686500273527102,0.735272391218608,0.000483718478110466,4
"20159",0.374110420307715,9.68922459233697e-06,0.625832056897344,2.77865183579371e-05,2.00470519914484e-05,3
"20161",0.0108551342386776,6.60791445953621e-05,0.988259822134151,0.000589748675696466,0.000229215806880113,3
"20163",0.952103653602333,0.0013131515191452,1.16736878992981e-05,0.0452582861535504,0.00131323503707194,1
"20165",0.00101563802947545,2.16188187573838e-05,0.990396526060365,0.00856362608347232,2.59100792999198e-06,3
"20167",0.984408440292361,8.87876701639426e-06,0.0111992911843233,0.00435775823312208,2.56315231775472e-05,1
"20169",0.000271369131248084,2.96862657928338e-07,0.99972671294399,5.84659701920599e-07,1.03640240213828e-06,3
"20171",1.66945447987955e-06,0.990507571764081,9.12184421914217e-06,0.00948163584653463,1.09068585895839e-09,2
"20173",0.00124582703455736,1.70710647903252e-05,0.22846434702766,0.0527442638671532,0.717528491005839,5
"20175",0.988048587849168,2.42789556907636e-05,0.00991275321936412,0.00160100266711487,0.000413377308661948,1
"20177",0.0042221276513397,1.07077252294143e-05,0.000236773059263381,0.498664304371615,0.496866087192553,4
"20180",7.01307343047933e-05,0.0023041931155004,2.24967957759762e-10,0.997608598970867,1.70769543598864e-05,4
"20182",0.000204427414361687,2.7316108596381e-05,0.997781263670575,5.76369020601452e-08,0.00198693516956493,3
"20184",0.0475059185280377,3.12899541225135e-06,0.952331233305323,0.00014415350562634,1.55656656011241e-05,3
"20187",0.00247177993645974,9.12123735981353e-07,0.00134922938754535,0.00406106858713671,0.992117009965122,5
"20189",0.0622303094235464,9.45112708560339e-06,1.8014518265672e-05,0.915964807672495,0.0217774172586076,4
"20192",0.00602443619084865,0.143595702640797,7.75749933504224e-06,0.817992825133439,0.0323792785355809,4
"20194",0.0988423790735094,6.23252318687939e-06,0.723821633842022,0.0001809057861284,0.177148848775153,3
"20196",0.000169536161922667,0.147090162843291,3.24072104937266e-07,0.852739733424772,2.43497909660501e-07,4
"20198",0.706323661806558,0.00671999646240439,0.000904403467599235,0.285209377419804,0.000842560843634406,1
"20204",0.443217341377977,1.38075546824325e-05,0.55669547800711,3.66800457423047e-05,3.66930144882492e-05,3
"20207",0.000369967868525126,0.0793856160504233,4.26444725502967e-05,0.920201743629867,2.79786341334241e-08,4
"20209",0.875287421149443,0.0678541846884419,8.89409695044509e-06,0.000761465893068104,0.0560880341720969,1
"20211",8.19258510442901e-05,0.998713755595528,1.17021807021243e-07,0.00120420099574108,5.35880188021516e-10,2
"20215",0.0229781038163218,0.00121474530519516,5.09946194077906e-05,0.975732612541837,2.35437172386961e-05,4
"20218",0.0181118097462828,9.79728575236255e-07,0.981880271953608,3.59199309233654e-06,3.3465784416698e-06,3
"20222",0.0112507640849021,0.0598252588980895,0.000113896857926704,0.928809910526086,1.69632995867101e-07,4
"20225",0.970294163658758,0.000758524908361797,0.0282597174100522,0.000228918888513898,0.000458675134314051,1
"20229",0.804032058331883,0.147460815003301,0.00120713636844974,0.0437509545619152,0.00354903573445057,1
"20232",0.125058377580039,0.0230375075959561,2.79086331651983e-05,0.851779981158446,9.62250323937831e-05,4
"20234",1.06239896007362e-06,0.103558211932077,2.58049811029586e-09,0.896436112923659,4.61016480600886e-06,4
"20238",0.000591865464129797,0.00142604428345724,1.14408541616043e-05,0.99796804939327,2.6000049816408e-06,4
"20253",0.00029206156909609,0.000755291111804708,1.94184964339453e-06,0.998945216923953,5.4885455031011e-06,4
"20255",0.998932143645281,0.000411686574291222,0.00033159780350092,0.000318784649585094,5.78732734176018e-06,1
"20258",0.000188315655692292,5.57581545804766e-05,8.57241092312739e-08,0.999752725921579,3.11454403889469e-06,4
"20269",0.0360470230090925,0.000101963555173976,0.0496834273142223,0.914091157830397,7.64282911146769e-05,4
"20271",0.000454835564169027,1.88749755178024e-05,3.30100855285609e-07,0.985203171506071,0.0143227878533869,4
"20285",0.0413026867704832,1.45409933231809e-05,0.0014292680199455,0.00500660753421246,0.952246896682036,5
"20288",0.0305297485427321,0.00247895020604139,0.000108969268632474,0.966861171884389,2.11600982052825e-05,4
"20291",0.000312650771723715,0.237138757787042,3.23062668938171e-06,0.762544090479451,1.2703350944252e-06,4
"20295",0.0742703921331684,0.000190061837922079,0.0220309981676583,0.734344478362556,0.169164069498695,4
"20298",0.995029944908768,4.97871860423591e-06,0.00482038816613802,3.70948030940717e-05,0.000107593403395336,1
"20302",0.304930292812829,7.88322242416584e-06,0.691137951262926,0.00111611281157613,0.00280775989024496,3
"20305",0.996919060435042,2.17183351222439e-06,0.000959182250205068,3.01868475337279e-05,0.00208939863370667,1
"20307",3.03138331280834e-05,0.000380620406445249,4.352738301917e-08,0.999588960687852,6.15451919231828e-08,4
"20310",9.81120871928946e-07,0.00174018542960119,3.77188828429685e-08,0.99825781717115,9.78559493844688e-07,4
"20313",0.000665016108887486,2.64571456222244e-08,0.999316172441916,1.63435167372233e-07,1.86215568832196e-05,3
"20315",0.000788154191211874,0.000102445278659062,5.50910922588558e-07,0.999081285721759,2.75638974478264e-05,4
"20319",0.000287555738038262,0.587113197281968,2.03474725943594e-07,0.412598530168806,5.13336461741638e-07,2
"20321",0.000111520296071836,7.30199288243414e-05,8.42204638429368e-06,0.999804186428874,2.85129984549465e-06,4
"20327",5.95370896348376e-05,9.08613287732716e-06,2.57058524836922e-07,0.999879961070074,5.11586488889313e-05,4
"20329",0.000235557350114304,3.2328034270759e-09,0.000131143041923862,1.52692345085587e-06,0.999631769451708,5
"20335",2.92224158863159e-05,0.091106861257726,1.53580186358117e-06,0.908862376216291,4.30823336087319e-09,4
"20337",0.725630381375,1.09992694190254e-05,0.274287564761564,4.83393343150518e-05,2.27152597020137e-05,1
"20339",0.0108430299664624,0.98150090016546,3.35006362691674e-06,0.00697023818820488,0.000682481616245831,2
"20341",6.31693319693517e-05,0.971717193195134,0.000459570525208042,0.0277600314626716,3.54850162922164e-08,2
"20343",2.45760213718454e-05,0.00774865134124059,9.19291245957216e-05,0.992134498332431,3.45180360463292e-07,4
"20345",0.967885587921181,5.21501004538717e-05,1.00217920017056e-05,0.00470350814911554,0.0273487320372476,1
"20350",0.15992169158398,0.371491254197111,0.0260805325671362,0.431857097595541,0.0106494240562317,4
"20352",0.000507408650944808,2.95334522218068e-07,0.999489072238665,2.41284951003567e-06,8.10926358108196e-07,3
"20355",0.0295763337004518,0.00022540677615246,0.966577313788434,0.00339790720703904,0.000223038527922188,3
"20358",0.03305044886741,9.3015068168942e-08,0.0224499925675885,2.21082371255868e-05,0.944477357312808,5
"20363",0.000438374101636912,6.73889268424763e-05,6.45873450467761e-06,0.999486893831971,8.84405044919487e-07,4
"20365",0.0452360818412024,0.517216602182734,2.23077349099887e-06,0.437544146346979,9.38855594218938e-07,2
"20379",0.997091093247402,0.000710556198750825,0.00139644315494767,0.000411378059058754,0.000390529339840668,1
"20387",0.000722180567034372,0.00121574020996727,3.0307727053744e-07,0.998061551493287,2.24652440519341e-07,4
"20392",3.22885549766824e-05,0.996931892265663,1.06601667295528e-08,0.00303580778478567,7.34408232460789e-10,2
"20395",0.982862856242613,0.00030165504078368,0.00102474188463447,0.0157397512374513,7.09955945173861e-05,1
"20397",8.7108943859121e-05,1.28752747871503e-08,0.00953360925526165,2.27390423771762e-07,0.990379041535181,5
"20410",0.0105735876671386,0.000530903744245326,4.19702688324277e-08,0.988387637096953,0.000507829521394294,4
"20414",0.685352579828752,8.86683024294125e-06,0.313429716903004,0.00108392010972813,0.000124916328273481,1
"20417",3.31832404001405e-07,0.897940851696613,1.59373437228859e-08,0.101967757160657,9.1043372982212e-05,2
"20419",3.16173415498248e-05,1.59967428154182e-06,1.22797466418263e-06,0.999935959332043,2.95956774611647e-05,4
"20421",0.297961762063224,0.0160155017659664,0.682359881375375,0.00364891132565302,1.39434697822547e-05,3
"20423",0.625543680682099,0.000124778492492965,0.37406935632885,0.000249247870671485,1.2936625886862e-05,1
"20425",0.417418131442436,0.000439697250734224,0.581517260652663,0.000619652875664606,5.25777850240639e-06,3
"20427",0.956161209927396,3.56393170409283e-05,0.000306607993050801,0.043391033832338,0.000105508930174074,1
"20429",0.000195431053688055,0.00387222913550257,0.000218653255996511,0.995438464470299,0.000275222084514168,4
"20432",0.155480062129042,4.89220895234074e-07,0.843927108505272,4.90055068903557e-05,0.000543334637901314,3
"20435",0.189201825783133,0.0251084167310564,1.08908971703675e-05,0.785341168604946,0.000337697983693405,4
"20438",0.000447948136524134,1.79818440181423e-05,0.0003194056473457,0.999098921497323,0.00011574287478887,4
"20440",0.000167784077547406,2.26326691996905e-05,1.7331695657983e-05,0.999769660134144,2.25914234507133e-05,4
"20443",0.0018815110251204,3.39725566388495e-05,0.997877953275057,0.000197752717200374,8.81042598311407e-06,3
"20446",0.439930257787643,0.00150230529912672,0.00432000849327929,0.551301708448037,0.00294571997191372,4
"20449",0.201635994186375,0.014872542379596,2.45063309535038e-05,0.783134803749915,0.000332153353160269,4
"20537",0.0087457496612533,0.258174419296271,0.000203289249145589,0.732872758601005,3.78319232493923e-06,4
"20540",1.45223588110738e-05,0.990364127956314,7.63754078565064e-09,0.00962132633404081,1.57132930096524e-08,2
"20543",0.802418752145149,0.000702581491313108,0.00391089714990841,0.192883132343366,8.4636870263588e-05,1
"20545",5.97548371297741e-05,0.998641622211679,4.27806246720035e-07,0.00129819483566269,3.09281838124317e-10,2
"20549",0.937648035402829,0.00353819967908981,0.0141977654820491,0.0446129436809767,3.05575505516028e-06,1
"20551",0.0266484582644844,0.00148448970504504,0.000116875229064392,0.971749536060448,6.40740958021276e-07,4
"20554",0.00483690231692523,9.3818777747015e-05,1.16668330508067e-05,0.99504627661732,1.1335454956675e-05,4
"20556",0.700785661905812,0.119273084231876,0.00124333364046103,0.178692604420049,5.31580180240012e-06,1
"20558",8.5081122887753e-05,0.000139540687795086,2.60403922575715e-07,0.999775028878541,8.89068532204149e-08,4
"20560",0.0207962491927659,7.74076770359672e-05,0.0037653873807775,0.975358174119528,2.78162989248457e-06,4
"20563",1.12779808724018e-05,0.000200254235857779,8.172689883672e-07,0.999787343286758,3.07227523020314e-07,4
"20565",0.128751273584966,0.00117837207974178,0.0227103193686218,0.847348878061775,1.11569048955868e-05,4
"20567",0.103710926412557,2.29542815386672e-06,0.89593722004826,7.78594453223481e-05,0.000271698665705816,3
"20571",0.00143320436641614,0.0284923215916019,3.66266212728676e-05,0.968934356717651,0.00110349070305827,4
"20573",0.0474549972480346,0.00419785186240177,0.000569706650442065,0.947772169689516,5.27454960521558e-06,4
"20575",2.43748581589216e-05,8.770391021367e-05,1.67655726733648e-07,0.999884019324011,3.734251889357e-06,4
"20577",0.889140811465533,0.00198747758813653,9.71847516336983e-05,0.107840688040944,0.000933838153752581,1
"20579",0.0013556671269846,2.54366860133413e-08,0.887427218437951,1.94066245539014e-06,0.111215148335923,3
"20582",1.20732897741112e-05,9.41201477687497e-05,3.99938241039235e-08,0.999893538662087,2.27906546374482e-07,4
"20585",0.0208406624089268,0.880158982556272,1.60378440072173e-06,0.098998665981842,8.52685581183151e-08,2
"20588",0.0104491513278724,0.981588220726036,0.00014692923096844,0.00781314055901054,2.55815611267516e-06,2
"20590",0.00430929954935414,1.27564193047379e-08,0.994071479480236,5.27368790912481e-07,0.00161868084519962,3
"20592",5.97366365196669e-06,6.44533999167814e-05,1.08989653634774e-06,0.999928388772216,9.42676791196708e-08,4
"20594",2.18718914620162e-05,0.000249318745490825,7.17354795593408e-09,0.999727315512585,1.48667691413191e-06,4
"20596",0.00979224554556367,5.47058047700352e-06,0.000449010821539927,0.98743995750004,0.00231331555237948,4
"20598",0.0119643791066433,9.88191147314017e-05,6.18821107298225e-06,0.987923395796829,7.21777072380702e-06,4
"20600",0.243996467347598,0.676416685596131,0.00123382196793146,0.0783516641754541,1.36091288465343e-06,2
"20603",0.993690654812814,0.00260161868805801,0.00313870198703267,0.000536779619285094,3.22448928098736e-05,1
"20605",0.000430893421877567,0.00039869561802942,2.21516888229055e-08,0.999155431319311,1.49574890930408e-05,4
"20607",0.001464142163983,1.18713909470014e-05,4.85989291757844e-07,0.998448920422908,7.45800328705634e-05,4
"20609",0.0200134239833636,0.000108078666447063,3.10244972237605e-05,0.97982451531939,2.29575335757158e-05,4
"20611",0.988178699933069,2.53694239194286e-06,0.000304552884906455,3.97508766275755e-05,0.0114744593630052,1
"20613",0.604462533947263,0.00272398662078075,1.19809724699187e-05,0.392648891235441,0.000152607224045889,1
"20615",0.713107129975842,0.0511948301511867,0.00214115602297347,0.233554807724635,2.07612536291455e-06,1
"20617",0.00241093422782262,4.00467273523116e-07,0.997586008107692,1.17690965516045e-06,1.48028755682364e-06,3
"20619",2.56382855538934e-05,3.15346581304778e-05,3.16497259136743e-06,0.999937302240364,2.35984336007703e-06,4
"20621",0.0172141739110527,0.000368286927707586,3.12436137460039e-05,0.982315550702109,7.07448453843545e-05,4
"20623",0.00882794211437912,2.95439817670816e-07,0.988186865314766,0.00171283956865741,0.00127205756238,3
"20625",0.936602169616209,0.0246043113565825,0.0377155977909839,0.00106706539904356,1.08558371808813e-05,1
"20627",0.227301073027994,0.000478964515523519,4.23068974467223e-06,0.771436513323989,0.000779218442748079,4
"20629",0.215493928810497,0.00285781656977043,0.000730629488444733,0.78090275639933,1.48687319574916e-05,4
"20631",1.52654663660486e-05,0.000106259328253648,7.45434697618492e-06,0.999870802390676,2.18467727916319e-07,4
"20633",0.000358938285043778,1.3156619858422e-08,0.999545864359107,1.03069655318341e-07,9.50811295740791e-05,3
"20636",0.913062524287762,9.09797043414762e-06,0.0244621428769554,0.000861803410120391,0.0616044314547284,1
"20638",0.798573420680087,0.0696725449536848,0.000165032499452332,0.129850582253516,0.00173841961325988,1
"20640",0.00374514605577679,0.0670263481227934,1.59157582361343e-08,0.929226990241225,1.49966444640336e-06,4
"20645",3.36000753029053e-06,0.00332841587989964,2.49142094573967e-09,0.996668204573488,1.70476616289348e-08,4
"20647",6.74987624565752e-05,2.74555956902117e-07,0.999930721420921,5.22001533440568e-07,9.83259131624042e-07,3
"20649",0.0237551361049073,0.00909196449339841,1.09856179731584e-05,0.967139868644005,2.04513971646295e-06,4
"20651",8.57765261476646e-06,0.00263812908138537,1.03038913866957e-05,0.997311595615563,3.13937590497604e-05,4
"20656",0.00165438711665756,0.0291366083325903,3.67353903957459e-06,0.969203959316921,1.3716947913562e-06,4
"20660",0.00817675567801774,0.930796378776107,2.90267815011498e-06,0.0601410408320994,0.000882922035625977,2
"20662",0.0639005197318771,3.20868093436715e-06,0.830230862700904,0.000376750752116571,0.105488658134168,3
"20664",0.0117210505860703,2.76771455372623e-05,0.0990535559589491,0.879642335212524,0.00955538109691968,4
"20666",0.953320811802643,0.0459902839474579,7.48909717524359e-05,0.000536820583556263,7.71926945906955e-05,1
"20668",0.534480909385449,7.84922370495612e-07,0.465246600861598,8.24807643608473e-05,0.000189224066221984,1
"20670",0.000957808962789457,0.000285686587400701,4.4624300869656e-06,0.997836467855773,0.000915574163950223,4
"20672",0.540082927179322,2.56876311444362e-05,0.459822257607997,5.30526835838988e-05,1.60748979526406e-05,1
"20674",0.0911211334479366,0.00015293264292821,0.000149853033852792,0.908316018466426,0.000260062408856069,4
"20676",0.0607938546664016,3.79525917094994e-07,0.0042683524441731,1.17603449460295e-06,0.934936237329014,5
"20678",0.0373778251436036,5.15031443401818e-08,0.0436743289287665,1.36698491679218e-06,0.918946427439569,5
"20680",0.709517487738183,3.08608311825174e-05,0.288996749707484,0.00143796804993035,1.69336732201313e-05,1
"20682",0.836242443160652,7.60843896748721e-06,0.000767591087758625,0.00295483996591021,0.160027517346711,1
"20684",0.0888822987588533,0.00406820581745445,1.75300110884873e-05,0.794527926776864,0.112504038635739,4
"20686",0.0191326075126818,1.0729992643196e-06,0.980857791690326,5.40036242988928e-06,3.127435297751e-06,3
"20688",0.00160801818001173,1.22319831181342e-08,0.0534072978982616,4.19699366621875e-07,0.944984251990377,5
"20690",0.00191573930004575,0.959290386095056,8.16005974631217e-08,0.0387910718956446,2.72110865607351e-06,2
"20692",0.00099610062433119,1.36532935942934e-08,0.979877959433406,2.09240145760209e-07,0.0191257170488231,3
"20694",0.982746227091423,2.09433120851485e-06,0.0168900226336262,2.21026450761902e-05,0.00033955329866582,1
"20696",0.992594045762023,2.28149821157145e-05,0.00568841176554983,0.000642919671076788,0.00105180781923412,1
"20698",0.0958676397753344,0.0087260485545934,0.00934029293722175,0.886039262523388,2.67562094627039e-05,4
"20700",0.00123013923006233,0.000364338036783419,0.00297093299586441,0.995044183005908,0.000390406731382102,4
"20702",0.000172873184296978,0.892825008807213,3.74023184232733e-08,0.107001747152131,3.33454041361748e-07,2
"20704",0.197433814692122,0.000360450937880845,3.61826100462411e-05,0.802075020643437,9.45311165139052e-05,4
"20706",0.427964515640829,0.00452555937460199,0.00923003724586576,0.167402505351846,0.390877382386857,1
"20708",0.0523939419867056,1.21240548166035e-07,0.000413728460120106,8.18246074205353e-06,0.947184025851884,5
"20710",0.0645546946174353,0.37589240856438,1.60032586312744e-06,0.559550037154622,1.25933770013393e-06,4
"20714",0.0112294878563048,5.88911043297887e-08,0.988679377149655,2.15250407520932e-05,6.95510621840857e-05,3
"20716",0.00734049674210239,0.00011120594458799,4.53939805762753e-07,0.992410113874921,0.000137729498582717,4
"20719",0.0422592631707558,8.68895641696115e-05,3.26440435899595e-05,0.108387325210257,0.849233878011228,5
"20721",6.72880221722947e-06,7.01516749082997e-05,1.34176779675695e-06,0.999921644486981,1.33268097034519e-07,4
"20723",0.0173561031575183,0.00126188753039219,0.000148105140265457,0.139344273988862,0.841889630182962,5
"20725",0.998139169096621,0.000119464405167363,0.000100401906583343,0.00159856767377702,4.23969178508326e-05,1
"20727",0.00518364101645448,0.000121843315113811,0.9941355345662,3.40426968272625e-06,0.00055557683254909,3
"20729",0.972364765501352,3.77556476355069e-06,0.00020820602755897,5.13584669458414e-05,0.02737189443938,1
"20731",0.999166887925811,0.00011441748111236,1.33180129899598e-05,0.000461927140884038,0.000243449439202912,1
"20733",0.127109270371724,0.00368888882307963,1.32835403536548e-05,0.868930046297512,0.000258510967330894,4
"20735",0.648147033803801,0.0140616170639144,7.54519006342371e-06,0.337663553384177,0.000120250558044473,1
"20737",0.7151372069523,3.84981132475961e-07,0.0405550207976026,4.42525792039287e-05,0.244263134689762,1
"20739",0.000503266207641034,4.56711821886957e-08,0.999442647410002,1.6298641368022e-07,5.38777247611268e-05,3
"20741",0.962698783664977,5.10576272977699e-05,0.0319541809954844,0.00528829770274664,7.68000949396627e-06,1
"20743",0.974715976996866,5.25672305628241e-05,0.000258175809171511,0.00526694240001455,0.0197063375633847,1
"20745",9.37136642219775e-05,0.00022357872011363,1.98332222195697e-06,0.999675068725194,5.65556824852734e-06,4
"20747",0.971284068178563,4.40694026269966e-06,0.000167935150741578,5.84539699185857e-05,0.0284851357605142,1
"20749",0.986936504456189,4.83182131186343e-06,0.000415780906420133,2.5736945480992e-05,0.0126171458705981,1
"20751",0.997183150120454,0.00219326099117993,0.00043487878668507,2.35593911307901e-05,0.00016515071055067,1
"20753",0.995376259440258,4.50624771978603e-06,0.00019732824118617,9.38628551220698e-05,0.00432804321571332,1
"20755",0.000672911030540581,9.92570847732785e-09,5.24439675101663e-05,7.0135195654655e-07,0.999273933724284,5
"20757",0.00187963792255422,6.97476826769007e-07,0.00755219378158808,0.00416418109634236,0.986403289722688,5
"20759",0.000132939037595526,2.31365021977083e-05,0.00016966044382016,0.999619172833002,5.50911833842536e-05,4
"20761",0.977284553501427,6.07134660276128e-05,0.00141302956228172,0.021186335889317,5.53675809465051e-05,1
"20763",0.930151679461804,0.000781753313197464,0.00598615014027785,0.0628733969183347,0.000207020166385931,1
"20765",0.994818213087858,4.2925547428317e-05,0.00316617461633182,0.00196597265534949,6.7140930326913e-06,1
"20767",0.0370508399309422,0.000325841518649425,1.71553548170791e-06,0.952049406675303,0.0105721963396233,4
"20769",0.0332947646506771,0.689383348493416,7.08978834410973e-08,0.271551058289219,0.00577075766880485,2
"20771",0.705874657040647,8.59326430747243e-06,0.194532484750269,0.0931922670526124,0.00639199789216423,1
"20773",0.000169936510790919,3.12564866390109e-07,6.56164746604671e-06,2.54932668986546e-05,0.999797696009978,5
"20775",0.997464766806559,0.00018007223077407,6.62484105073368e-05,0.00154645822827723,0.000742454323882149,1
"20777",0.649411678438086,0.325202560991734,0.000413311495948085,0.0246554546686444,0.000316994405586866,1
"20779",0.998848877921439,5.39586204222179e-05,1.74670310904988e-05,0.000814492075937964,0.000265204351110275,1
"20781",0.00452429949702907,0.973914538250495,0.0168986840071856,1.07742438654062e-05,0.00465170400142485,2
"20783",0.97559341101937,1.33260195169786e-05,0.00268025213580501,0.0190460940449229,0.00266691678038501,1
"20785",0.00014472915316851,7.47633788633692e-08,0.000825368291682256,2.40436616837366e-06,0.999027423425602,5
"20787",0.966187030257511,3.43928541711163e-07,0.0175857180231528,0.000255650713527478,0.0159712570772667,1
"20789",0.609113133491402,0.00093457496172509,1.02925894444435e-05,0.381985626257298,0.00795637270013073,1
"20791",0.944324543661951,9.79123367084122e-07,0.0545664491056662,9.94138166011172e-06,0.00109808672735559,1
"20793",0.702128941830941,0.000638468539335366,4.71926338811806e-06,0.295459407136444,0.00176846322989141,1
"20795",0.823437910984848,2.36827542947606e-06,0.175658047846467,0.000179547319415566,0.000722125573839394,1
"20797",0.00125170666732297,0.0027050719270733,0.996032100812973,5.82224997171856e-07,1.05383676332779e-05,3
"20800",0.997766998018332,2.1793486722891e-05,0.00209828683775961,9.30248823998564e-05,1.98967747861321e-05,1
"20802",0.992419244385253,4.14148753658406e-05,0.00149752134141229,0.0060112620907146,3.05573072540718e-05,1
"20804",0.845255196785407,6.37236625668582e-07,0.00314772981786887,3.04417705716763e-05,0.151565994389527,1
"20806",0.733072497462812,7.25743082538198e-07,0.265367947417803,8.26696380983179e-06,0.00155056241249249,1
"20808",0.0136804622147481,4.72354695693089e-05,1.44812962514554e-07,0.985954786743902,0.000317370758817777,4
"20810",0.559359138846442,1.89200689082803e-05,0.437917889299519,0.000833107530276776,0.00187094425485402,1
"20812",0.987341599637214,0.00457927987632968,0.00487643223580513,0.00319678569165643,5.90255899487196e-06,1
"20814",0.107588938827819,9.01704969217501e-08,0.158572443148645,2.54841690184888e-06,0.733835979436138,5
"20816",0.0035361080036744,0.00171878201620422,3.32187588719571e-07,0.127688117831826,0.867056659960706,5
"20818",0.99062268119065,0.000104385405251399,0.00252400662868598,0.00659829120578666,0.000150635569625743,1
"20820",0.000164076324395783,1.3765958542248e-07,0.999824237001616,2.6339045906096e-07,1.12856239437985e-05,3
"20822",0.995513439514496,1.39684485746935e-05,0.0010981192027262,0.0033488498153445,2.56230188586724e-05,1
"20824",7.4104595163834e-05,3.30903935397257e-08,0.00016181978319238,7.2173777333471e-07,0.999763320793477,5
"20826",0.00461821532446681,4.92966746138207e-07,0.995377812380302,1.64780422712304e-06,1.83152425832738e-06,3
"20828",6.34667427708629e-05,2.33469376371798e-07,0.999934930213518,4.87097296435816e-07,8.82477038412132e-07,3
"20830",0.982529213048436,7.14118713365979e-06,0.000422251144648649,4.40398243358778e-05,0.0169973547954461,1
"20832",0.631289436906202,0.000200068306743504,0.0443602745014266,0.323928444620761,0.000221775664866992,1
