"","V1","V2","V3","V4","V5","best$classification"
"19812",9.63235056109655e-16,0.000563782795454067,0.00259658750110392,0.961715639033832,0.035123990669609,4
"19814",0.00594149055542059,0.000345535856797616,2.13060841960601e-05,0.106731972650672,0.886959694852913,5
"19816",2.4673482308144e-17,0.0269618176010045,6.00587440810638e-08,0.973038122047768,2.92483891447284e-10,4
"19818",0.000169170886893368,0.00576803145251472,2.45980005417259e-06,0.972421133758439,0.0216392041020989,4
"19820",4.91456858732986e-44,0.0271885153543362,1.07535644889901e-05,0.972800731081175,1.4202746384286e-47,4
"19822",6.32351789115739e-38,0.986637675500593,0.00965364970402988,0.00370867479537726,3.89177609126068e-53,2
"19824",1.44129877935511e-13,0.903119772930399,6.34024647405188e-09,0.09688022072921,1.32059781085685e-23,2
"19826",7.01903099950914e-11,0.115931494507382,5.30247536681682e-06,0.69408070495472,0.18998249799234,4
"19828",3.02035257959441e-22,0.00317182591069508,6.76300865337813e-05,0.996760544002771,9.05901322703153e-23,4
"19830",2.03918043629219e-10,0.0785322791107187,0.0384626973151007,0.528120422985775,0.354884600384487,4
"19832",2.24179698079361e-33,0.000127048797676776,0.696677412800044,0.303195538066914,3.3536563577198e-10,3
"19834",5.21552275114998e-19,0.0353041416858077,0.000135744327107446,0.964560113986957,1.28248426443846e-13,4
"19836",2.66101393900672e-24,0.0258092484899249,8.37189858982229e-05,0.974106129678272,9.02845905050729e-07,4
"19838",1.5656517926745e-07,8.31103748908549e-06,0.000176190064286087,0.00585824113436438,0.993957101198681,5
"19840",6.93045771564688e-25,0.0406089042366753,1.20380413450379e-07,0.95939097438883,9.94081587470941e-10,4
"19842",2.01950544242436e-12,0.18322724983245,9.0714596945469e-07,1.3673447418929e-06,0.816770475674819,5
"19844",0.848243612961236,0.15175638665606,3.77061833738435e-10,5.64224356907005e-12,1.47317041092502e-19,1
"19846",0.078870516549745,0.00178212468628984,4.7893324056401e-08,7.94942496671265e-05,0.919267816620974,5
"19848",0.984108641039403,0.000353489220514622,6.35044956013097e-07,0.000289287260862939,0.0152479474342635,1
"19850",0.00126058147118949,0.0117795587212954,2.87344480092929e-06,0.00432559558688364,0.982631390775831,5
"19852",1.56265072948026e-08,0.0106402910938288,8.99170078114408e-06,0.989304104297876,4.65972810071118e-05,4
"19854",0.993033322537199,0.000133041729708165,7.63813869714075e-06,0.00078549446229522,0.00604050313209989,1
"19856",0.00444003464060091,0.995547341680098,1.91767793945721e-07,1.24318336578431e-05,7.78499924130159e-11,2
"19858",5.15313082051821e-05,0.999894423177107,6.47728387775886e-07,5.33977863004449e-05,5.30825313455276e-19,2
"19860",4.30218986898766e-14,0.0139303245381817,1.01361920065246e-05,0.985098522268292,0.000961017001477105,4
"19862",4.62911723308909e-09,0.000719022736708638,2.01412965606758e-07,4.11633263130405e-05,0.999239607894896,5
"19864",3.77773084345761e-29,0.999999990027864,9.97195908159722e-09,1.76727824380571e-13,4.91327224353187e-24,2
"19866",1.58273418184134e-26,0.583938399249419,2.38167946508621e-09,0.416061598368901,2.77008259171037e-16,2
"19868",2.70786571588076e-39,6.56643873877133e-08,0.999999934335606,6.5955477872959e-15,2.53528629633921e-38,3
"19870",6.91697655652966e-06,0.00174524214580963,1.46023449432123e-06,0.0302711508273968,0.967975229815743,5
"19873",3.36661010561222e-08,0.0833807262005574,7.32665059922299e-08,0.876867386165597,0.0397517807012388,4
"19875",4.44509653056335e-29,0.00805854867874002,0.000168217208606209,0.991773234112613,4.07849578989548e-14,4
"19877",1.14186022773511e-05,0.0083924620902721,4.29300491602206e-05,0.879125036928505,0.112428152329785,4
"19879",9.10387026781723e-07,0.0224819430686388,5.76658721051723e-05,0.977459329067096,1.51605133717073e-07,4
"19881",5.53855914086103e-08,0.465025263436771,5.55781438328538e-07,0.53312337592826,0.00185074946793944,4
"19883",6.06605433853577e-10,0.186728822910122,2.25893434316366e-08,0.041923678990869,0.77134747490306,5
"19899",7.66309678919804e-23,0.0519096927735593,0.00512160777695184,0.942968697298007,2.15148170166455e-09,4
"19908",1.07603876215766e-28,0.999998735502714,1.26366323851978e-06,8.34047846727257e-10,8.52818895234793e-27,2
"19910",6.06166549500932e-07,0.00723357229850997,3.12031435658456e-06,0.992094518557814,0.000668182662769582,4
"19912",4.40817162812906e-09,0.0784001675314796,1.0177935503174e-07,1.12249703933387e-05,0.9215885013106,5
"19914",1.14137962969149e-09,0.0501820293525946,0.0004180215298547,0.949399630556856,3.17419315394942e-07,4
"19916",3.49687220593699e-24,0.999994341412007,2.38437067939831e-09,5.65620362269026e-06,5.31376547099088e-31,2
"19918",0.145531510069833,0.0178846497333651,3.6787079729502e-09,0.0236197688327209,0.812964067685373,5
"19920",0.9919517151244,0.00256371765836504,5.34050502144274e-09,8.95250674366978e-05,0.00539503680929347,1
"19922",2.65031143161643e-29,2.11394731124371e-09,0.999703338039664,0.000296659830659853,1.57287946560982e-11,3
"19924",0.0172898611127412,0.0208296772482991,7.30955071954159e-06,0.948107561400037,0.0137655906882032,4
"19926",1.16418528366652e-27,0.0226849399601675,0.0283173136438587,0.94899774637232,2.36542422322851e-11,4
"19928",2.73259050607091e-27,0.999999905597075,9.44029252574816e-08,1.4846153076264e-20,4.20449875936032e-20,2
"19930",3.49449085358377e-08,6.36681857943655e-05,1.4309565182215e-05,0.0494751105421493,0.950446876761965,5
"19932",5.58476587231622e-05,1.03722818679797e-05,1.29968799655364e-05,0.00256959407306445,0.997351189106379,5
"19934",4.70270924824444e-14,0.0204367203327425,7.16297223270893e-05,0.979491649944651,2.32380261445861e-13,4
"19936",1.96932199832786e-12,0.00519062630713566,0.0263045634649684,0.959714469563201,0.00879034066272555,4
"19938",1.48178843177875e-19,0.796253272190454,0.000283683524653149,0.203463044284893,1.57627847319401e-29,2
"19940",2.30388254755924e-06,0.0458507500096908,2.99724332899549e-07,0.949325506370698,0.00482114001273075,4
"19942",2.05668890116757e-26,0.999999998764926,1.23209230859472e-09,2.52317394220794e-12,4.58866348397115e-13,2
"19944",2.1883981246743e-10,0.0391892085809003,2.74256968515876e-06,0.960803740983969,4.30764660548452e-06,4
"19946",0.000121143260041052,0.0555691451667386,1.4734959438261e-06,0.942330734483186,0.00197750359409087,4
"19948",8.28781390686751e-20,0.99999998559312,5.03375740935287e-11,7.22487164202496e-12,1.43493172310679e-08,2
"19950",0.998488041755823,0.00151186131809684,7.06770878989376e-08,9.09880025486011e-09,1.71501921074305e-08,1
"19952",8.28781390686751e-20,0.99999998559312,5.03375740935287e-11,7.22487164202496e-12,1.43493172310679e-08,2
"19954",1.20694295857965e-05,3.41249011310292e-05,3.26942080917643e-06,0.0111188456573789,0.988831690591095,5
"19956",2.1468634535646e-07,0.999091412952033,0.000612246452146629,7.99056131233510e-09,0.000296117918913156,2
"19958",4.44762697100267e-32,1.64950510703548e-10,0.999999999834896,1.53109091757507e-13,1.51859719680642e-28,3
"19962",8.0804103054851e-06,0.925300945413528,0.00015140533375724,0.0745395345396712,3.4302738246767e-08,2
"19964",2.372979184042e-07,0.0862724163644489,3.53631774746871e-05,0.913678597898482,1.33852616759155e-05,4
"19966",1.3447367559797e-41,0.765183081840496,4.08695299729946e-06,0.234812831206507,1.07986502034547e-33,2
"19969",6.57609664948742e-15,0.0920257061013266,8.60428474977506e-07,0.265484036336583,0.642489397133609,5
"19972",0.0499807969356322,0.810160194587902,8.04629125483851e-07,0.0081152703467295,0.131742933500611,2
"19974",0.94973395001317,0.0185279220343919,5.50280954534334e-10,2.90582452760047e-09,0.0317381244963323,1
"19976",0.00560019913069485,0.05600119374462,1.30397325916518e-06,0.88474295884365,0.0536543443077764,4
"19978",5.61818123934915e-11,0.0138564863123588,8.74386992698659e-08,0.986141485377899,1.94081486093847e-06,4
"19980",0.937350072907573,0.000156303785245169,9.26122350428359e-07,0.00011792471794725,0.0623747724668836,1
"19982",0.723312817460738,0.251737144916168,0.00480656150063805,0.0188041138429646,0.00133936227949062,1
"19984",0.973898212837841,0.0261017281815121,6.67253028498232e-10,5.82462952041161e-08,6.70989899261042e-11,1
"19986",8.69253526804204e-38,0.187490789339245,2.5693151115747e-05,0.812483517509639,2.72605772598555e-36,4
"19988",3.00424729356836e-48,0.123531102725319,0.000326635904742963,0.876142261369939,1.41385142004027e-51,4
"19992",3.34902888781966e-30,0.108437540392688,3.31100355800277e-05,0.891529349571732,5.30569156384954e-35,4
"19994",3.3367791078464e-09,2.94255008548044e-05,0.000153584765769187,0.0803150377634131,0.919501948633184,5
"19996",1.11577466582521e-26,0.0119257534665023,2.64678205836275e-06,0.988071599751439,5.34704325836397e-31,4
"19998",3.28597901510765e-16,0.999812697037287,5.55336828343022e-09,0.000187297307894528,1.01449537242187e-10,2
"20000",1.0058624665871e-20,0.00771584123547527,0.991546077293668,0.000295402801144203,0.000442678669712573,3
"20003",2.1047580921085e-19,0.000891152397586146,0.00141986723699063,0.981359743588662,0.0163292367767613,4
"20005",0.999008352918681,0.000805800660469138,1.13870402592563e-07,2.75598673632727e-05,0.000158172683084408,1
"20007",3.12461740389349e-15,0.0376569044343909,2.42994790015772e-05,0.962318791350681,4.73592334383754e-09,4
"20009",3.81424603414295e-19,0.994037307443648,5.70404319232819e-07,0.00596212215203307,1.26012027282953e-31,2
"20011",0.00783336428790007,0.747062819123205,9.98779552273779e-07,0.205940846877659,0.0391619709316836,2
"20013",0.18794284776209,0.0131626367489996,1.20757640373819e-05,0.161232086226607,0.637650353498265,5
"20016",1.88947287626876e-27,0.973788472357795,2.17038557050182e-05,0.0261898237864998,3.32092157006856e-41,2
"20018",1.35546061271222e-81,1.40628495970122e-05,0.999985937139145,1.12582076463822e-11,1.01331402630615e-80,3
"20021",1.13612185280861e-29,0.00358470094320258,0.000114831901861789,0.996300467154358,5.77621519503608e-13,4
"20023",1.51155025721156e-10,0.108150186562174,0.000222769799691074,0.891627041582271,1.90470883193779e-09,4
"20025",1.48418515867506e-65,0.0306622154000984,0.968884086219067,0.000453698380835062,3.87195029722985e-48,3
"20027",2.42071817159915e-15,0.0178221459463244,8.89557986211326e-06,0.00370400661254039,0.978464951861271,5
"20029",1.91068530833368e-09,0.16182624767921,1.53261307964183e-08,0.00921485572456911,0.828958879359405,5
"20032",1.19744863535099e-10,6.30889170541395e-05,1.39321844522658e-05,0.00287943430322195,0.997043544475527,5
"20034",9.70358871018831e-20,0.999996645515668,4.25247155653829e-08,1.14414373253836e-08,3.30051817895055e-06,2
"20036",7.86815848304235e-10,0.995126855149838,2.21453192723061e-05,0.00485039027909431,6.08464979693728e-07,2
"20038",1.12982539928993e-41,0.00384737852894508,0.00587060875750664,0.990282012713548,3.52274382010248e-25,4
"20040",3.06077422946983e-37,0.999465394084154,0.000522331791118363,1.227412472744e-05,1.63173100041517e-52,2
"20043",8.62477672560658e-24,0.00476419135542645,0.000219644048015658,0.995016164596557,5.77262992478618e-16,4
"20045",3.74698560929474e-37,0.426352757908776,0.0205106497392286,0.553136592351996,1.17173978684009e-52,4
"20048",0.989696401496704,0.0103035837818017,1.47103111609489e-08,1.22799169598661e-12,9.95508535292936e-12,1
"20051",1.14909345848771e-14,0.0220872445436872,0.00366913988571758,0.974243490414933,1.25155650375963e-07,4
"20053",4.58404109193431e-09,0.418667388042799,1.0669598848265e-07,0.581332500676358,8.13425670029205e-13,4
"20055",7.86456183059375e-50,0.00106325100624249,0.149040964719185,0.849895784274573,1.84653874129116e-21,4
"20057",7.89147763527834e-45,2.30920696630124e-11,0.999999999976908,2.50023481051943e-27,8.30283575859397e-44,3
"20059",6.67360863487187e-18,0.482783095662299,0.00528162884534912,0.51193527549235,2.45163827045034e-15,4
"20061",4.56761985248874e-18,0.0878514266053571,8.73478963588122e-06,0.912139837753947,8.51059764045004e-10,4
"20063",1.21828942178352e-12,0.999999976148819,2.38499567369048e-08,5.58271311971431e-15,1.98442870383662e-43,2
"20065",1.26262091018895e-76,4.30132620509152e-06,0.99715895168745,0.00283674698634472,1.34534355620467e-47,3
"20067",1.46383536371287e-13,0.305897891430233,0.00256099477753815,0.691541113792082,7.59778604368769e-25,4
"20069",0.988215690378941,0.00011694769632158,9.77791866602265e-07,5.75722233031775e-05,0.0116088119095681,1
"20071",5.98861082597238e-24,0.979465281492829,8.64514514168022e-06,0.0205260733619584,7.06818304381911e-14,2
"20073",0.89930753876235,0.0982249414786667,1.31161295227685e-08,0.00213526401441015,0.000332242628443102,1
"20075",3.79000149752138e-49,1.603123162737e-10,0.999999999826706,1.29816514088959e-11,4.02761998970576e-31,3
"20077",1.1106279417164e-12,0.0606991730232008,2.12542005944772e-07,0.939300614432113,1.56930342338544e-12,4
"20079",2.74791631305327e-10,0.990693605026489,8.23518383885245e-07,0.00930557118032952,5.80132680042604e-15,2
"20081",7.68038607272531e-23,0.000634106163789706,0.354331701341891,0.645034192494319,3.9317928591139e-19,4
"20083",2.41714445514847e-09,0.999999135973986,8.43751714569842e-07,1.78571548222181e-08,1.03084047707066e-18,2
"20085",1.09488163601146e-52,0.0321421846228423,0.00158522881028444,0.966272586566873,4.53611057774449e-49,4
"20088",1.31759363510519e-27,0.016915443613367,0.000219113000904109,0.982865443385729,1.80009065730923e-21,4
"20091",8.13215974315861e-33,2.07861865709879e-07,0.999997355409353,2.43672878077197e-06,4.27154360511223e-32,3
"20095",2.1937806373245e-08,0.999999473242119,7.90870721055163e-08,4.25733002813056e-07,6.69498739473036e-22,2
"20097",9.89251684328407e-56,0.0381033083094168,0.0235067400661156,0.938389951624468,9.44322178130458e-49,4
"20099",8.29723143432865e-14,0.997351124490185,9.12137870334789e-14,0.00264887550964108,6.51241461203041e-22,2
"20102",2.74759420366367e-08,0.347883414573061,0.652116510215971,4.77350257431941e-08,3.46161563933767e-21,3
"20105",4.51717772141084e-19,0.0258188922404005,4.44998651099704e-07,0.974180662760949,2.19876987439698e-19,4
"20107",1.150136602492e-23,0.0283711624363724,3.6623682046496e-06,0.971625175195423,5.03665248359871e-21,4
"20109",0.000105228654889513,0.717022847102187,8.37521844824888e-10,0.282871923405136,2.65720941379902e-13,2
"20111",9.23394105108168e-20,2.47630894746011e-10,0.999999998971206,7.80933519700995e-10,2.29312625618285e-13,3
"20113",1.42168732336514e-30,0.250473473286367,2.74220659863394e-06,0.749523784507031,3.16755093417026e-15,4
"20115",6.76535584974732e-15,0.00455563688032454,0.543412331566994,0.0105312373917653,0.44150079416091,3
"20117",4.73138323582573e-52,0.0015331016088984,0.998466898094818,2.96283682366994e-10,5.79091361611708e-43,3
"20119",9.2981767197449e-43,0.877306535245902,4.38860766149963e-08,0.122693420868022,2.96662846510866e-27,2
"20121",7.94433093846734e-30,0.0700482993554576,7.03772312297383e-05,0.929881323413313,2.04760698308027e-25,4
"20123",3.79014731265472e-55,9.25481100037097e-07,0.999995418369698,3.65614920214872e-06,3.15874043149736e-37,3
"20125",0.000147575528190705,0.000576696795090844,2.22338425299138e-05,0.00352092531643934,0.995732568517749,5
"20127",1.34769335901328e-31,0.0541972144240283,5.32925199396389e-05,0.945749493056032,7.69447421858025e-43,4
"20140",1.88803842846882e-37,0.0169552345935085,0.505697988302054,0.477346777104436,7.01619959552278e-16,3
"20142",0.998005292574505,0.00156301464896947,4.41546119792153e-07,5.76343509867371e-08,0.000431193596055045,1
"20144",1.65439404910488e-11,0.00578518312935766,0.957112554335771,0.00179880363219254,0.0353034588861353,3
"20146",4.14076602969766e-05,0.996033493555676,0.00198219980984407,0.0019150103941481,2.78885800345033e-05,2
"20148",3.27012409068381e-13,0.00888471344141761,0.00023099664443568,0.773063072143462,0.217821217770358,4
"20150",0.498589352362182,0.00275206729637802,4.06019782350761e-08,3.4543368878236e-06,0.498655085402574,5
"20152",5.43521980607926e-09,0.0138211945603972,0.000169718609861222,0.888358318090675,0.097650763303847,4
"20154",1.63030640551381e-36,8.89920237076423e-05,0.999881306905248,2.97010710438241e-05,3.99460597368538e-45,3
"20156",2.10785227571259e-08,0.92593800823946,0.00100481430557763,0.0730571563739741,2.46564223757359e-12,2
"20159",0.996653634804726,0.00328040172527285,2.41104078222842e-05,4.16690747412817e-05,1.83987437951303e-07,1
"20161",0.00155958365392365,0.998433707030771,6.23272526518462e-06,4.75237323934379e-07,1.35271630695391e-09,2
"20163",9.1352607401259e-28,0.00159650158699275,0.0400326062446269,0.958317575356127,5.33168122528279e-05,4
"20165",0.0134906057401737,0.984942650801087,2.62608727169448e-07,0.00156648085001236,8.17458013057819e-17,2
"20167",0.000544704905034304,0.00113081039809009,6.69996333732494e-07,0.144207146480086,0.854116668220456,5
"20169",0.998108079574094,0.00189187735822064,2.15105429058932e-08,2.87891431160616e-11,2.1528353466649e-08,1
"20171",2.56868531400926e-40,0.000604806680191836,0.999395179312757,1.40070507368838e-08,6.21591374595394e-57,3
"20173",3.34421201107735e-14,0.999999999839351,5.78322326540664e-12,1.54832131602927e-10,1.1025954566677e-27,2
"20175",0.000772211634575604,0.0170932915578189,0.000137701590727862,0.612026933107599,0.369969862109279,4
"20177",2.55700326443993e-17,0.979725712432143,5.52646068158022e-08,0.0202742323032506,4.74706170164096e-20,2
"20180",3.14399252825318e-55,0.0194207386256105,0.00647098944045038,0.974108271933939,1.76294610920601e-29,4
"20182",2.7915186826607e-06,0.790405449805727,0.209591758675591,2.6441691540549e-23,1.09504140140778e-18,2
"20184",0.993904129015641,0.0051351240970703,1.28196656024863e-07,0.000296892252125118,0.000663726438507992,1
"20187",1.65703835408604e-11,0.999996460826449,9.11419753975416e-10,3.53820677291535e-06,3.87878626911201e-11,2
"20189",5.0319959693379e-22,0.0936344530557621,5.16517152307194e-09,0.90636554174389,3.51758480710353e-11,4
"20192",3.67570652762538e-50,0.213857256538751,0.786079639530486,6.31039307632538e-05,2.3775617053249e-30,3
"20194",6.64913063448417e-06,0.999984793665791,2.07400222987647e-09,3.7729286659294e-08,8.51740028524271e-06,2
"20196",1.18715429639781e-42,0.00472712079081425,0.689316027703955,0.305956851505231,3.66236358503178e-38,3
"20198",6.58769008073017e-12,0.355331970374309,0.0365249885844692,0.608099235338125,4.38056965096483e-05,4
"20204",0.11665740506817,0.000553257658816201,3.36155303833334e-05,0.000408897112214371,0.882346824630416,5
"20207",2.01411165740708e-22,0.10635306076316,0.301227575909821,0.592419363327019,1.95148295489456e-32,4
"20209",1.31948291021485e-39,3.21658960008386e-06,0.999956111507432,4.06713136282879e-05,5.89339882907978e-10,3
"20211",7.05850248397023e-42,3.19961079759515e-07,0.999938223637454,6.14564014665422e-05,2.54054741150566e-28,3
"20215",1.00564480453272e-27,0.0482847516230871,4.15679800724748e-06,0.951711091578906,9.55736649806294e-17,4
"20218",0.988673480157132,0.000554159372623683,2.60238579800977e-07,1.22037860745916e-06,0.0107708798530573,1
"20222",3.28825834434766e-24,0.00248352481170613,0.0637673817367252,0.933749093451569,1.58103566932203e-22,4
"20225",3.04384655917881e-11,0.579835195872798,0.323779987238805,0.00241501583357809,0.0939698010243802,2
"20229",1.35706525832427e-28,0.933478675500885,0.0325787207280998,0.0339426033894964,3.81518332320432e-10,2
"20232",1.73005504756255e-19,0.0254300628038234,0.00751349706704409,0.967056440126818,2.31432595963989e-12,4
"20234",6.28226094506949e-77,0.00325887209620882,0.996504404752805,0.00023672315098585,1.62114161887091e-69,3
"20238",6.03037954625056e-23,0.24413775590265,5.35219800636962e-05,0.755808722117286,4.71385901095961e-23,4
"20253",1.26008627001725e-35,0.163305687721557,9.23514564740007e-06,0.836685077132795,2.30670529250496e-31,4
"20255",1.15423343395752e-08,1.02795163863222e-05,0.00198766915770403,0.0444128408139253,0.95358919896965,5
"20258",2.49574192442432e-35,0.00679836925927059,2.62705860499101e-05,0.99317536015468,4.76374903844962e-27,4
"20269",6.45543510316871e-10,0.0589121259873021,3.45085142673253e-07,0.941087528281996,1.53228336274559e-14,4
"20271",1.56674641167938e-42,0.557533483888543,1.89895807303907e-06,0.442464617153384,9.79330086934365e-30,2
"20285",5.32863931584458e-14,0.99990984628507,3.86735924615924e-07,8.97669689608575e-05,9.9914330625196e-12,2
"20288",5.72047844790336e-23,0.0467847416547999,3.19727048777282e-05,0.953183285640322,9.87190546042195e-17,4
"20291",6.91231424509305e-31,0.012237951372507,0.921443828444846,0.0663182201826464,5.94109853327283e-36,3
"20295",3.05620256011891e-18,0.994572563861456,5.00263726855759e-08,0.00542738611217131,3.52052609505915e-16,2
"20298",1.02133445642971e-07,0.000152910381809047,1.08499553671355e-05,0.00456278612237425,0.995273351407004,5
"20302",0.827867765982222,0.166681131628025,1.6277689297337e-06,0.00497816047681194,0.000471314144010494,1
"20305",1.74778190465366e-12,0.000442617146206377,7.54469500710867e-06,0.00257799613660994,0.996971842020429,5
"20307",1.633551287545e-30,0.0251263259148393,0.000445728257579749,0.974427945827581,6.64939959632613e-32,4
"20310",4.6953554823757e-53,0.834641116848897,0.000787180727017344,0.164571702424086,3.34750180795213e-57,2
"20313",0.96653378276668,0.033466210757144,6.24949356272966e-09,5.00010102816699e-11,1.76680608008983e-10,1
"20315",7.05324015241316e-31,0.0153124612314705,1.03723803953064e-05,0.984677166388134,6.06236975602367e-27,4
"20319",1.78131656108052e-51,0.00726630746053393,0.940564198504109,0.0521694940353567,7.78098474674543e-37,3
"20321",3.21907542120825e-30,0.186198333869826,3.10328551143588e-07,0.813801355801623,4.51683918609211e-30,4
"20327",4.75998538879315e-30,0.0383096561256891,7.34478179366936e-08,0.961690270426493,5.09547289686692e-29,4
"20329",2.9626233911364e-08,0.99999727694518,3.49543832531127e-11,3.03345955138739e-11,2.69336329720568e-06,2
"20335",2.46998435342731e-31,0.0236511616740618,0.356075676956358,0.62027316136958,4.38547123279658e-39,4
"20337",0.999772856815318,7.80464716255368e-05,2.65495763732341e-06,6.93060243604952e-05,7.71357310587117e-05,1
"20339",9.93971279267518e-49,0.00679611625982601,0.993202336757408,1.54698276632847e-06,4.06548661087672e-21,3
"20341",5.14836064393343e-23,0.00507943719669184,0.994919902905499,6.59897808909738e-07,5.28846994193202e-41,3
"20343",6.83542568437382e-24,0.9840997445854,0.00048717693135938,0.0154130784832404,2.76976767960035e-42,2
"20345",6.84376207282369e-21,0.0225313566970162,0.000402980802386551,0.974373794046427,0.00269186845417075,4
"20350",1.01718979819037e-20,0.952924767625513,0.0470511544976962,2.40778767905421e-05,2.33104684351514e-23,2
"20352",0.998539319483667,0.00146063096024756,5.54261899474533e-09,2.56438138105544e-09,4.14490850666395e-08,1
"20355",0.0134827358663894,0.986357613925346,9.32694100551343e-05,6.63807222708006e-05,7.59385717128612e-11,2
"20358",1.66213672665664e-07,0.997690679677622,2.38049698299007e-11,3.7212992258582e-09,0.00230915036360126,2
"20363",7.61577166842735e-27,0.0420007582946517,1.75024655545448e-07,0.957999066680693,1.01313579896068e-23,4
"20365",5.8756435993674e-32,1.63606753717451e-05,0.803586877671022,0.196396761653606,2.12923283804888e-19,3
"20379",2.97871059325452e-06,0.000727761982046667,0.73485715474219,0.19109640654239,0.0733156980227797,3
"20387",1.11220084233862e-23,0.00547553492983305,0.0015228766461832,0.993001588423984,1.55077678536768e-19,4
"20392",1.64467838596737e-54,6.50569710544215e-08,0.999945419449217,5.45154938123798e-05,5.44886162739029e-34,3
"20395",9.02368277832492e-06,0.039155210284463,0.000823786321665161,0.700652820352814,0.25935915935828,4
"20397",5.75019596882689e-06,0.999994249797558,6.30723002508897e-12,1.07418296587694e-20,1.66216020311206e-13,2
"20410",3.36534308074503e-37,0.00776409454855014,0.000161637909874728,0.992074267541571,4.17589042566334e-15,4
"20414",0.00799462698921226,0.0392885438231768,4.95011451156528e-06,0.0865388557793367,0.866173023293763,5
"20417",8.93005375660268e-96,0.00357014606934145,0.996429853929655,1.00387365273402e-12,1.41622592616684e-90,3
"20419",7.51290635415013e-30,0.0797905884372666,7.77283337327816e-11,0.920209411485005,2.51847418945961e-34,4
"20421",0.00145806662942402,0.0625072607330351,0.923845796624567,0.0121784083805286,1.04676324457444e-05,3
"20423",0.0697453583622699,0.00118191316842188,0.00182185669275597,0.00771723311028106,0.919533638666271,5
"20425",0.21503710832332,0.350534420048766,0.00666113090872097,0.17771883027631,0.250048510442883,2
"20427",4.16539265409941e-17,0.0189449018147754,3.04508941004543e-05,0.980708508670612,0.000316138620512467,4
"20429",1.28759354016027e-25,0.99980735235614,1.19844908097622e-06,0.000191449194778577,1.55128188834872e-35,2
"20432",0.048313590136251,0.129691439329218,2.03034309642707e-07,0.000294783080768738,0.821699984419453,5
"20435",3.89913541995013e-25,0.113470688278026,0.0261393629549332,0.860389935898482,1.2868558911612e-08,4
"20438",9.71983619891533e-15,0.398941829248159,3.96986417686997e-09,0.601058166781967,1.55286267311845e-22,4
"20440",2.871684121152e-21,0.0599481048423035,2.56227595007819e-07,0.940051638930101,6.85954852249138e-31,4
"20443",0.37534128319508,0.624652741177813,4.83973042372023e-06,1.13589324205746e-06,3.4417623577274e-12,2
"20446",6.39921211514081e-13,0.353091182280108,3.15128521129745e-05,0.646877304801271,6.58679982627508e-11,4
"20449",3.90574544411577e-21,0.0708208951298913,0.00124053696911851,0.92793856789639,4.60024845702552e-12,4
"20537",2.44206529368322e-22,0.0268563022162735,0.71765643415618,0.255487263627547,5.72574574054822e-23,3
"20540",1.94961361796966e-57,3.54772202173736e-08,0.999996064366929,3.9001558503814e-06,4.30472079771415e-42,3
"20543",4.04644205731191e-11,0.0128299411003665,0.000247142331814835,0.986922870720734,4.58066204847129e-08,4
"20545",1.36046406100964e-39,2.06994339819064e-08,0.999995149118646,4.83018192022439e-06,1.91938903678079e-31,3
"20549",0.00417105054769031,0.00171431462260978,0.00669007024189859,0.964245591557817,0.0231789730299842,4
"20551",7.39536106368068e-10,0.0186930153751964,0.000335274076970848,0.980971709727334,8.09622536145581e-11,4
"20554",2.03812946560543e-15,0.00418076412774406,1.45948459042812e-05,0.995804641026342,7.6315985708093e-15,4
"20556",6.15570562743209e-16,0.0049040965551666,0.0939177183222017,0.901178183579494,1.54313678475602e-09,4
"20558",4.19912173968229e-26,0.00558483746813173,6.48109490896358e-05,0.994350351582779,1.03425639535918e-26,4
"20560",2.03996752940258e-07,0.0488273954068861,5.06674125482814e-08,0.951172349823305,1.05643182991989e-10,4
"20563",3.0774860828468e-32,0.0549512372094819,0.000103756545070245,0.944945006245448,9.63817808256032e-40,4
"20565",2.84322708543076e-11,0.0628163202436563,2.49879146587759e-05,0.937158691812791,4.62193945578304e-13,4
"20567",0.883309453397233,0.059716085724636,7.16780951972694e-06,0.000356631220602447,0.0566106618480089,1
"20571",1.79722609508423e-39,0.991895425718427,0.000344329014557668,0.00776024526701509,3.54606940264921e-35,2
"20573",5.30468183110781e-10,0.0589217244767781,0.000166833805807564,0.940911441181634,5.31177753323408e-12,4
"20575",8.83741013999515e-32,0.229575369486907,1.1522844031095e-07,0.770424515284653,1.1146599112853e-33,4
"20577",6.53584369504161e-18,0.0301549127177679,0.000140338763381769,0.969704657361433,9.11574172057364e-08,4
"20579",0.880402227903754,0.119597725237921,2.0958979562021e-12,5.04729942059767e-14,4.68561778343508e-08,1
"20582",1.01655011270913e-39,0.0166515858350131,6.52347184185348e-06,0.983341890693145,8.27073943316151e-40,4
"20585",2.17173631247094e-35,1.64962887010725e-05,0.886410782682788,0.113572721028509,1.83209029701947e-15,3
"20588",3.95607289026612e-23,0.000112836401065384,0.999832845179101,5.43184198331018e-05,2.34527277312974e-21,3
"20590",0.991295193613143,0.00759806605645703,1.6536449525867e-11,2.02803229230048e-10,0.00110674011106017,1
"20592",7.93852896309668e-26,0.0531361295554675,4.78017143273936e-07,0.946863392427389,9.46192323657202e-39,4
"20594",1.35417039634196e-45,0.0113104538993586,7.19532983600672e-05,0.988617592802281,1.03080469128761e-38,4
"20596",1.08550490876411e-12,0.0674569584724242,1.90338417480925e-09,0.932543039623092,1.36630476001481e-14,4
"20598",5.46201910746746e-14,0.014900070943588,4.62058705553758e-05,0.985053723122648,6.3154323571665e-11,4
"20600",5.09852933754829e-12,0.00648208122525225,0.73531476439334,0.258203151609663,2.76664638084044e-09,3
"20603",1.01207221473686e-05,0.0151308386592437,0.409220042118606,0.0688143881208586,0.506824610379144,5
"20605",4.36076333257768e-35,0.0141951807282345,0.000329387573033975,0.985475431698732,5.12219182594329e-24,4
"20607",2.34454353780984e-22,0.0204898573770091,2.09210247235555e-07,0.979509933412744,4.82244755563994e-17,4
"20609",3.28599241495101e-18,0.00263651970042456,2.31195162179555e-05,0.997340360783104,2.53896281802625e-13,4
"20611",1.10275820925658e-05,0.000935234556441519,1.99226186129277e-06,0.000815344621161124,0.998236400978443,5
"20613",2.81855934365559e-20,0.000368073495247755,0.00200125130716679,0.997621252985791,9.4222117944185e-06,4
"20615",8.4169882737643e-09,0.00720979077202173,0.0144055487419375,0.978381800996085,2.85107296739087e-06,4
"20617",0.984528486102943,0.0154705815917076,8.65465766427902e-07,6.38989904468399e-08,2.94059217545238e-09,1
"20619",8.38393951735328e-24,0.101269037428049,1.97283984935283e-08,0.898730942843553,1.95821097406134e-33,4
"20621",2.63639011245294e-14,0.137306790934426,5.13696539661865e-05,0.86264183941067,9.1138409607695e-13,4
"20623",0.524644541860089,0.475026703702438,2.90333341163093e-10,0.000328584874138251,1.69273000811136e-07,1
"20625",1.75462512037808e-08,0.00663260274013598,0.983945419584687,0.00599594426746497,0.00342601586146055,3
"20627",7.49277617423589e-18,0.0165322204752256,7.01755058883172e-05,0.983397400997171,2.030217148107e-07,4
"20629",1.91280765808327e-10,0.0204467523546465,0.000362395323965532,0.979190851183168,9.46939535357493e-10,4
"20631",1.59350812177545e-27,0.21290014159721,2.63566427735734e-07,0.787099594836363,5.50848159440584e-38,4
"20633",0.995162851247936,0.00483714855420001,6.2130483708894e-11,7.66244122337271e-14,1.35656716958243e-10,1
"20636",5.73996527184027e-06,0.972333202441301,5.00004477031298e-06,0.0232889549675922,0.00436710258106457,2
"20638",2.365874285574e-31,0.503244816177105,0.0146825407571338,0.482072637706455,5.35930556192671e-09,2
"20640",8.85927039852076e-40,0.000129073764739254,0.351209597589533,0.648661328645727,9.08357256375752e-22,4
"20645",3.10692893448974e-48,0.0149057963217361,0.00255038024233503,0.982543823435929,5.44561970991122e-43,4
"20647",0.977042407546423,0.0229575428613545,4.95897290232915e-08,2.48981145053259e-12,3.16490251722055e-15,1
"20649",5.1591740351301e-21,0.00150111280305533,0.0396581613792086,0.958840725817687,4.88351524635609e-14,4
"20651",8.93598118013633e-34,0.999715504876918,7.78184060364564e-07,0.000283716939021522,1.32010202002768e-52,2
"20656",7.34620909183686e-37,0.00236369693206945,0.455297747728442,0.542338555339489,6.23959870952525e-29,4
"20660",4.63115883771836e-48,7.05676736945437e-07,0.999996377657899,2.916665364538e-06,7.59527371085081e-28,3
"20662",0.0363355150939234,0.963664193126591,1.58515809283827e-10,2.30641390483116e-07,6.09795786715237e-08,2
"20664",1.22051416545408e-12,0.991237142795342,3.38270060928608e-11,0.00876285716961041,1.62773207141832e-22,2
"20666",1.39259171247287e-27,5.13405361255124e-08,0.998827697607625,0.00113105093727921,4.12001145590536e-05,3
"20668",0.000530897546041354,0.000903804968204408,8.71301994764782e-09,0.000614086633964238,0.99795120213877,5
"20670",7.06434768887923e-41,0.919725302155716,5.61884610596684e-08,0.080274641655823,9.48098801768249e-30,2
"20672",0.306155045592722,0.000304191207767385,5.50406042197853e-05,0.000593865150385703,0.692891857444905,5
"20674",5.9329726464146e-15,0.0718814591627426,5.54555244145163e-08,0.928118483617949,1.76377767462087e-09,4
"20676",5.21100400875548e-05,0.73638884504756,2.98049022691334e-05,6.57532559935224e-09,0.263529233434758,2
"20678",0.000677707347065951,0.638873789152731,8.06034107135036e-10,1.62879375370428e-10,0.36044850253129,2
"20680",0.0117653792308105,0.00222156792351172,9.48755984982062e-06,0.0451566314347921,0.940846933851036,5
"20682",1.85892983985559e-10,0.539274360871223,9.55106766491057e-06,0.352399501127896,0.108316586747323,2
"20684",3.42274904462258e-32,0.95801407958603,5.53112802419657e-06,0.0419803892859369,8.88198906632804e-15,2
"20686",0.998865270466189,0.000218244711179308,8.271414101655e-08,1.08002453387843e-06,0.00091532208395655,1
"20688",0.00494144285404825,0.995033672675989,1.24436991361069e-10,7.51434321788178e-15,2.4884345517968e-05,2
"20690",1.84757565849084e-49,0.000207729398272201,0.995249431167805,0.00454283943392257,6.85024109492347e-25,3
"20692",0.984729943083038,0.0152700504748535,2.77216401133773e-12,2.04049803585408e-16,6.43933632231204e-09,1
"20694",6.2999099208043e-07,0.000278447084121225,3.05962572809425e-06,0.00154917381454821,0.99816868948461,5
"20696",2.70733089475225e-06,0.109471513989198,1.5224850500372e-06,0.0815369459675944,0.808987310227263,5
"20698",7.07779520830204e-14,0.494743143801102,0.000166826905166852,0.505090029293095,5.65701994020735e-13,4
"20700",2.87859441964662e-12,0.996835950489894,7.69969792871554e-08,0.00316397251024774,3.21950286351368e-23,2
"20702",7.44415210138867e-54,0.000658105952733986,0.985567055997583,0.0137748380496832,1.02443420924632e-39,3
"20704",1.14075031407764e-15,0.00620916148636176,6.11841083308409e-05,0.993729645697188,8.70811796641007e-09,4
"20706",2.60566113309271e-13,0.999669587056827,2.11230402901568e-06,0.000328300618924392,1.99584640397143e-11,2
"20708",4.48788964974097e-08,0.0893709137095517,3.31975922840553e-08,3.27593593889735e-07,0.910628680620366,5
"20710",1.79380406834287e-33,0.00131442745051534,0.499695504794543,0.49899006775492,2.09704966431392e-14,3
"20714",0.96403891552777,0.0359247488514748,2.21829886877226e-10,1.93545734430399e-05,1.69808254822155e-05,1
"20716",3.35908355499404e-25,0.0555537033770742,5.3547426019341e-06,0.944440941880306,1.73830038936926e-14,4
"20719",6.68269937234961e-22,0.989882304137136,1.69610495670433e-07,0.0101175262445106,7.85770760027492e-12,2
"20721",1.32611193251246e-28,0.110285414700326,1.99918059045692e-06,0.889712586119084,7.58110888258963e-41,4
"20723",1.03847462544315e-30,0.999993447812169,3.91792813953639e-08,6.5130085498184e-06,4.02234746960577e-21,2
"20725",5.44159943560406e-09,1.00929407322475e-05,0.000211638113555492,0.0345869051231975,0.965191358380915,5
"20727",0.00013669733640838,0.992749903156822,0.00711339815904906,1.23467083440732e-12,1.34648636467358e-09,2
"20729",6.32844308449312e-12,8.15184390114411e-05,1.68498498104752e-06,0.000146846394825762,0.999769950174853,5
"20731",4.48483379549383e-11,4.6928824468562e-06,0.000218348922481834,0.00411033186803629,0.995666626282187,5
"20733",4.50037484572892e-27,0.174229283450382,0.000646885224517899,0.825123830101455,1.22364472009152e-09,4
"20735",1.72950073401026e-19,0.00186607365947659,0.00851957826213674,0.989598032094431,1.63159839560695e-05,4
"20737",3.32096390589479e-05,0.00478689954215099,1.6968684997217e-09,2.6668640040721e-06,0.995177222257917,5
"20739",0.996543330391441,0.00345629132403846,1.25158107573188e-09,3.64020640684777e-13,3.77032575881688e-07,1
"20741",0.000503105128833379,0.00209441290373273,2.26038952084593e-05,0.228465674071716,0.76891420400051,5
"20743",1.34041411846828e-07,0.0410721940157278,0.000322966446517573,0.438306153530656,0.520298551965687,5
"20745",8.60611677794955e-33,0.0265365342977854,0.000163663573247053,0.973299802128968,7.99879974553737e-35,4
"20747",9.46730340239861e-06,0.00120492729576598,2.87114540876266e-05,0.000337603546287539,0.998419290400456,5
"20749",0.000598929271572402,0.00176240500380716,0.000205202984062223,0.000543365650349148,0.996890097090209,5
"20751",3.98139956438076e-21,0.001301400783938,0.919820362959741,0.0050391098222887,0.0738391264340322,3
"20753",9.98323253685449e-16,0.00166341336668447,4.20246625103965e-05,0.0175055905045917,0.980788971466212,5
"20755",3.58083089829153e-12,0.999303416759653,3.27226637427145e-09,5.55718610119237e-11,0.000696579908928336,2
"20757",7.85601139865912e-10,0.999999853511557,1.45607021621901e-11,1.45688225520828e-07,5.57626711783583e-14,2
"20759",3.48575816028754e-15,0.60988202442111,3.73189248451894e-10,0.390117975205697,1.68154838801031e-27,2
"20761",2.92832773031417e-06,0.00123293653011969,2.98773725200275e-05,0.742528464158848,0.256205793610782,4
"20763",1.14576902546521e-11,0.119888770742136,0.00387060360562377,0.876225508511753,1.51171290290988e-05,4
"20765",0.004870260797343,0.000137816812329626,6.05134914592461e-05,0.0791955259958052,0.915735882903063,5
"20767",3.0169069360304e-27,0.137476590678728,4.88596445300956e-06,0.862518523356817,1.81127192001111e-15,4
"20769",6.97852675086509e-60,0.011185556993717,0.955320386643375,0.0334940563629084,1.39611242991742e-20,3
"20771",0.00674635651405293,0.0717418171612889,2.79553973135241e-08,0.91928569167425,0.00222610669501114,4
"20773",2.58609330221061e-20,0.999999969826582,2.910236786812e-08,1.07095615143327e-09,9.39273280365367e-14,2
"20775",3.37936108318949e-15,0.0125266797112021,0.00660549098729697,0.890730701668731,0.0901371276327667,4
"20777",2.05214234444185e-35,0.0695772579301303,0.919241660212836,0.011181081846542,1.04914742506058e-11,3
"20779",1.31912521857655e-14,4.9506030014175e-05,9.80294366382585e-05,0.0510186115581466,0.948833852975188,5
"20781",1.17157333512194e-33,1.26050004419574e-05,0.999987394999558,9.74773770752774e-23,5.33134115175629e-30,3
"20783",0.0047173842801784,0.0206652479629216,5.28864138522085e-06,0.918382099563914,0.0562299795516002,4
"20785",3.70535256808548e-13,0.999999993867369,6.13225939639108e-09,1.07295467731143e-15,2.62053079460973e-16,2
"20787",0.000676655970793142,0.00197622698765689,2.22277922995287e-09,0.00284705239421525,0.994500062424556,5
"20789",1.22371168791669e-20,0.00380106029077371,0.000139477739152944,0.996056818767356,2.6432027169383e-06,4
"20791",0.000193493226328684,0.000199599265355881,3.32840504371e-07,0.000100047849810878,0.999506526818,5
"20793",3.11328164719616e-21,0.01167242672666,0.000609904120083253,0.987153472855453,0.000564196297803644,4
"20795",0.982263770511761,0.00810534555225578,5.99158502246289e-07,0.00488701634881543,0.00474326842866577,1
"20797",8.71877328920409e-10,4.04821533138285e-05,0.999959516974809,2.37253636382008e-18,1.90179360360546e-19,3
"20800",0.99355067557022,0.000107572895300428,0.00025528418942306,0.00360647005808809,0.00247999728696832,1
"20802",0.0170749408494235,0.000839339900465305,5.25446390507043e-05,0.179489042907283,0.802544131703777,5
"20804",4.28037521918113e-10,0.00110720416996645,3.32139453192591e-08,1.63979685600702e-05,0.998876364219491,5
"20806",0.91135855826294,0.000908571968823209,1.88551349446849e-07,2.3708454828723e-05,0.0877089727620583,1
"20808",3.73919891113912e-27,0.0135943616728268,5.68939227290282e-06,0.986399948926226,8.67393602144107e-12,4
"20810",0.000306624588591232,0.934384503247054,1.02911635130416e-06,0.0383946873103912,0.0269131557376119,2
"20812",3.42309288699117e-06,0.0113550774058168,0.0416305353671078,0.172839330835119,0.774171633299069,5
"20814",5.43875921449619e-06,0.186518420841791,2.66263079648448e-09,1.42358579135663e-09,0.813476136312778,5
"20816",1.28100887311162e-56,0.999567799919778,0.000119667091078966,0.000312532989143439,4.02612313544198e-30,2
"20818",6.08810193395158e-05,0.00682734111234969,0.00123197820030915,0.967593687700713,0.0242861119672891,4
"20820",0.957539956832962,0.0424600367707719,6.39552116389359e-09,2.65826230403787e-13,4.78729893775665e-13,1
"20822",1.15031885759281e-05,0.000304524479024581,3.48585566497671e-06,0.0690415152481225,0.930638971228612,5
"20824",4.72169026389769e-14,0.999999999343316,6.56626982307657e-10,8.29902112654137e-17,9.44067012097088e-15,2
"20826",0.999764999812152,0.000207870372385691,2.61520792233411e-08,2.44266431117714e-08,2.70792367402779e-05,1
"20828",0.989696401496704,0.0103035837818017,1.47103111609489e-08,1.22799169598661e-12,9.95508535292936e-12,1
"20830",1.20405085911702e-09,0.00187727076884452,1.36964201250403e-06,0.000372161910804169,0.997749196474288,5
