"","V1","V2","V3","V4","best$classification"
"19811",0.969281452505746,0.0144511250268227,0.0162122321087059,5.51903587252993e-05,1
"19813",3.78616910279053e-10,2.72585568710968e-08,0.999999972362826,4.24008993927694e-20,3
"19815",0.635513758392147,0.356880420226247,0.00760582138144507,1.60316912163911e-13,1
"19817",0.961401603334906,0.0378361794681256,0.000757298236905965,4.91896006236256e-06,1
"19819",2.70424804134613e-33,0.323070920754056,0.676929079245944,2.42311925793281e-27,3
"19821",0.72238190434957,0.140475510724564,0.137062131551609,8.04533742571105e-05,1
"19823",9.15225796496216e-05,0.00204894877210059,0.997859528648244,5.64347794657651e-15,3
"19825",2.78351941714358e-33,2.8774632226502e-07,0.999999712253644,3.37941164104339e-14,3
"19827",0.134659039608007,0.0225636924593705,0.0121131935217939,0.830664074410829,4
"19829",2.1741266771457e-17,0.852227253805457,0.14777274133388,4.86066290732738e-09,2
"19831",3.01594422963014e-27,0.0453209551428056,0.954679044857194,3.27393496069356e-35,3
"19833",1.911645300763e-63,1.3289999551253e-16,1,1.16762929782964e-45,3
"19835",0.72238190434957,0.140475510724564,0.137062131551609,8.04533742571105e-05,1
"19837",0.663391595239233,0.043046684656197,0.00209216717475798,0.291469552929812,1
"19839",1.26348172790039e-18,0.0973678327953886,0.902631985651734,1.81552877675374e-07,3
"19841",2.45659330022577e-22,4.44120470285196e-10,0.691100085227686,0.308899914328194,3
"19843",2.68964159801131e-33,0.0167797608520661,0.983220239147934,3.65903149077112e-40,3
"19845",0.377585767058468,4.42583652323989e-05,0.6223699745763,1.73454677199275e-19,3
"19847",0.31562151553802,0.543466026928171,0.140912457533809,3.27349855253006e-16,2
"19849",1.18120902600247e-06,2.35480671495683e-09,0.999998816436167,5.52385093097542e-18,3
"19851",0.99476646232571,0.00383001048876953,0.00139988255738578,3.64462813440461e-06,1
"19853",0.00452736753245461,4.24725845126674e-07,0.995472207731154,1.05462962163779e-11,3
"19855",0.966153890641816,0.00157196170544821,0.0322158393222932,5.83083304420685e-05,1
"19857",0.199796243813649,0.766492293417259,0.0337004086011145,1.10541679773157e-05,2
"19859",0.696389104870468,0.281983283827574,0.0213961781444592,0.000231433157498485,1
"19861",0.988025279044265,0.000394542496595914,0.0115801738841353,4.57500418152217e-09,1
"19863",1.89968202888001e-16,4.15727034017829e-15,0.999996108233624,3.8917663715415e-06,3
"19865",0.000202428484705312,1.83027088599118e-06,0.000982851226414605,0.998812890017994,4
"19867",0.96192672828015,0.0249412676639781,0.0131320040558722,7.13185349632707e-18,1
"19869",0.000279728508227059,4.89485479358638e-08,0.999717034138182,3.18840504348272e-06,3
"19871",0.699847934058169,0.284290573643027,0.00354427497269182,0.0123172173261124,1
"19874",0.991735618691408,0.000377649147733097,0.00746023702000264,0.000426495140856609,1
"19876",0.999577800884739,2.26530710276224e-05,0.000370502303920328,2.90437403132265e-05,1
"19878",2.3501724461353e-19,0.597129138446104,0.402870861553895,1.64125025093987e-21,2
"19880",4.8034196128666e-07,1.10210119736603e-09,0.000250258534011335,0.999749260021926,4
"19882",0.142589513342492,0.00126768611134531,0.856142800532654,1.35082051095394e-11,3
"19885",0.580211337394857,0.418389152618616,0.00139822544855026,1.28453797716831e-06,1
"19907",0.83901860346522,0.0113701008197114,0.149611295715067,2.1002786093132e-15,1
"19909",6.01762973493929e-11,0.992359719313053,0.00764028062677121,3.52528874222858e-18,2
"19911",8.94614533708282e-14,0.969071685111613,0.0309281336702709,1.81218026655074e-07,2
"19913",1.41100967857382e-13,3.92388590619278e-12,0.000340933180030808,0.999659066815904,4
"19915",0.00994553360168008,0.000227285458031307,0.000417751118710615,0.989409429821578,4
"19917",4.78827627607475e-06,0.000457565698219259,0.00549935484041638,0.994038291185088,4
"19919",0.72085576653338,0.0580805043428289,0.00344324713358747,0.217620481990204,1
"19921",0.991720514520319,0.00783017917777564,0.00044930595877902,3.43126846706938e-10,1
"19923",4.95165044575491e-08,0.805971743178047,0.194028207305449,2.88695317653568e-22,2
"19925",0.000710228601257871,0.000174325953331196,0.000808511614906035,0.998306933830505,4
"19927",0.962971274888983,0.0352696852131743,0.00175903955692363,3.40919255094849e-10,1
"19929",5.33001651597134e-10,1.56932779065681e-14,0.967998364756606,0.0320016347103772,3
"19931",0.168383568068898,0.807398535140585,0.0242178967372404,5.32761025482411e-11,2
"19933",1.84209918237469e-05,0.994508359455157,0.00547321726502551,2.28799409154875e-09,2
"19935",0.000357184490356974,0.971556908660305,0.0280859068340563,1.52821032485544e-11,2
"19937",0.984471522007845,0.0144013145721016,0.00112716341518825,4.86503281241081e-12,1
"19939",0.0246903148119506,0.938506043288786,0.0368036397930713,2.10619197034335e-09,2
"19941",1.52133471036425e-18,0.734039548430683,0.265958957493566,1.49407575092892e-06,2
"19943",0.000155663810171726,3.20062535145168e-07,0.00326934267097715,0.996574673456316,4
"19945",4.1878088721914e-07,0.990577243416339,0.00942233741190168,3.90872748220632e-10,2
"19947",1.04157564509004e-16,0.00038099607872221,0.999617400674124,1.6032471541105e-06,3
"19949",1.46747075225831e-07,0.965305872657264,0.0346939805956607,1.15943623126935e-22,2
"19951",2.4600656652383e-05,0.35982294944272,0.144014592901861,0.496137856998767,4
"19953",1.43508830791786e-24,0.0120777199195102,0.98792228008049,1.41199525501123e-37,3
"19955",5.387405843318e-18,0.283130310504474,0.716869689495526,5.16690835421062e-29,3
"19957",1.03777905355982e-06,0.0124864813479808,0.986256955624523,0.00125552524844293,3
"19960",2.18345713092633e-18,0.797276921557923,0.202723078442076,9.69928327105774e-16,2
"19963",2.27581278848289e-37,4.44732868011228e-14,0.999999999999953,2.80600169756248e-15,3
"19965",2.39462171070295e-27,0.969064587973376,0.0309354120266237,1.30213205492536e-32,2
"19968",6.85678827776666e-09,1.09722483339903e-05,0.998651983765505,0.00133703712937311,3
"19971",1.08349055067905e-38,3.42014417759901e-10,0.9999994507375,5.4892048540908e-07,3
"19973",0.984565002234628,0.0138585226162549,0.000219741913771729,0.00135673323534576,1
"19975",4.6221373916768e-05,0.000421762430185261,0.0141647896484111,0.985367226547487,4
"19977",4.60867417462555e-31,2.31504734639537e-09,0.999999996575947,1.10900580487446e-09,3
"19979",2.90452531075335e-35,0.968965133506189,0.0310348664938115,1.98346002394352e-22,2
"19981",0.00947589167952153,0.985950887856301,0.00457322034566378,1.18513918825331e-10,2
"19983",0.0145809730536881,0.972097559652223,0.0133214672939336,1.55345444545072e-13,2
"19985",0.822795036835477,0.000197158513234924,0.00233219884983089,0.174675605801457,1
"19987",0.0113294360086438,0.914576917991267,0.0549360151422409,0.0191576308578484,2
"19989",8.42932541965519e-26,0.960137835617803,0.0398621643821973,2.39431313312471e-34,2
"19993",9.80865505985260e-09,0.972379265182914,0.0276203583589387,3.66649492120804e-07,2
"19995",2.24417048841383e-08,0.993654921781383,0.00634504020399383,1.55729186252706e-08,2
"19997",0.987243618632036,0.0115381527073643,0.00119719899922401,2.10296613760784e-05,1
"19999",0.00113841617643746,5.21215856128109e-05,0.00166225988631634,0.997147202351633,4
"20002",6.45909086122663e-27,1.22219499453349e-13,0.999999999894469,1.05408607883396e-10,3
"20004",5.10052377666194e-09,0.937166979775151,0.0628330150357386,8.85868881517668e-11,2
"20006",3.78692450175938e-23,0.166303880407052,0.833696119592948,2.16808784291577e-18,3
"20008",1.48229669788787e-22,0.331076416705349,0.668923583294651,3.51532172471872e-20,3
"20010",2.24202864674665e-10,0.965197991313364,0.0348020084624332,5.18182321349939e-17,2
"20012",6.04878030437531e-06,0.000506362289957739,0.85770793882365,0.141779650106088,3
"20015",2.37173357484326e-26,0.945093214247227,0.0549067857527734,2.09025175010655e-29,2
"20017",0.998119112852671,0.000722417251046522,0.000928062109315375,0.000230407786967351,1
"20019",6.2411728270029e-45,0.932040263175223,0.0679597368247772,4.57733948425464e-37,2
"20022",3.22254838521391e-10,0.986245708617184,0.0137542910605603,1.10659058394372e-15,2
"20024",2.5179844004807e-43,0.00178022697042845,0.998219773029572,6.19857943307629e-52,3
"20026",2.5179844004807e-43,0.00178022697042845,0.998219773029572,6.19857943307629e-52,3
"20028",0.974951322612335,0.000350252154848725,0.00165236298965189,0.0230460622431643,1
"20030",1.79847840994111e-23,0.704978190184391,0.295021809815609,2.79119493226403e-16,2
"20033",0.0217209372143968,0.138402860633917,0.00940059456094852,0.830475607590738,4
"20035",1.3563039215252e-42,0.901052452246613,0.0989475477533874,1.65093274451551e-40,2
"20037",9.66300992962596e-39,0.984198008390604,0.0158019916093956,8.59261151460261e-42,2
"20039",6.10969954823746e-53,4.0620522482129e-09,0.999999995937948,9.42984742140541e-74,3
"20041",8.50668578582795e-12,0.968725776119883,0.0312742238716105,5.96473412190941e-17,2
"20044",1.07401613845803e-14,0.812656047700988,0.187343952298981,2.0529330595376e-14,2
"20047",6.28242186376489e-52,0.551550900202336,0.448449099797664,3.65793133367139e-32,2
"20050",7.77618739432839e-19,0.736699424697164,0.263300575302836,1.01511013569505e-17,2
"20052",0.00706989542604097,0.834350922551207,0.0244278201158104,0.134151361906942,2
"20054",5.37511321120396e-16,0.964574981254101,0.0354250187458983,6.95724359625898e-18,2
"20056",2.16240649228324e-11,8.25301756804684e-05,0.0848240475306902,0.915093422272005,4
"20058",2.99222329633854e-25,0.965469765674291,0.0345302343257086,4.69032700021326e-39,2
"20060",0.850302506344944,0.134963717317647,0.0147335848026957,1.9153471305121e-07,1
"20062",0.0235673960641419,0.971609869209405,0.00482260207267569,1.32653777734086e-07,2
"20064",1.88302171349242e-08,0.996931561877144,0.00306742318733754,9.96105301508376e-07,2
"20066",1.95099065508937e-35,0.674415250255986,0.325584749744014,3.24921764025984e-24,2
"20068",0.978061804995348,0.0195190730363775,0.00241912169501369,2.73261124614439e-10,1
"20070",0.600043897193595,0.334920355060667,0.0650357477457328,5.17108659657519e-15,1
"20072",4.12604024506549e-22,0.675586265963191,0.324413734036809,2.14391301934044e-37,2
"20074",1.07097508227916e-12,2.24929215721813e-14,0.00509984723862571,0.994900152760281,4
"20076",7.83912362043052e-06,0.0102074435011701,0.960785071966788,0.0289996454084219,3
"20078",3.24543888585706e-11,0.994617694870223,0.00538230504391006,5.34125521542949e-11,2
"20080",4.42344847613724e-35,0.988287105374186,0.0117128946258137,1.0990722290446e-27,2
"20082",4.30692596558423e-35,2.43113737774061e-05,0.999975688626223,5.23769557532221e-40,3
"20084",2.52351484990435e-17,0.791913572394063,0.208083352909272,3.07469666487944e-06,2
"20087",6.09019593890647e-11,0.986693441156437,0.0133065587826614,3.53831956514374e-22,2
"20090",1.60071863486892e-33,0.972428762431246,0.0275712375687538,1.848092385585e-28,2
"20092",1.19403741049537e-14,0.00375767106639309,0.996242328933595,2.19897963975839e-47,3
"20096",8.52219748573656e-10,0.0706790606315314,0.929320938516235,1.42967049392166e-14,3
"20098",0.463851825823328,0.0555091619318416,0.00724999874908797,0.473389013495742,4
"20101",9.71895595319881e-29,0.986229474411103,0.0137705255877012,1.19537711428263e-12,2
"20104",2.89170331425108e-14,1.11530152876818e-09,0.99999999888467,2.09368587043563e-33,3
"20106",1.42230235769173e-17,0.992484848590307,0.00751515140169979,7.99334650315752e-12,2
"20108",0.925543106957837,0.0709451293995376,0.00340646529251204,0.000105298350113716,1
"20110",5.06367733784287e-11,0.129523311636805,0.870473477340111,3.21097244689967e-06,3
"20112",2.07897451115961e-16,0.987109868650848,0.0128901313491517,1.42104260935775e-16,2
"20114",2.91711032475032e-13,0.929424278708231,0.0705029054259797,7.28158654975858e-05,2
"20116",3.46048079778823e-13,0.916881240886485,0.0831116401793281,7.11893384080574e-06,2
"20118",0.0101742182042019,0.961107291375336,0.00711655548473922,0.0216019349357223,2
"20120",6.19762349184378e-20,0.857958189429029,0.142041810561546,9.42495373822503e-12,2
"20122",2.18105292231777e-07,5.2447584363568e-07,0.000941163711004351,0.99905809370786,4
"20124",5.54717728743414e-31,0.939946029453803,0.0600539705461971,8.67433099410125e-34,2
"20126",8.57391997312476e-50,2.45568800002491e-08,0.99999997544312,4.79085818901223e-51,3
"20128",4.36198597179104e-71,6.76037513215087e-05,0.999932396248678,8.65432340722464e-59,3
"20141",2.71886628077946e-07,2.08461614632591e-05,0.999978881951909,1.08269478725982e-18,3
"20143",2.3849408231407e-24,5.35033368779581e-11,0.991205040565518,0.00879495938097826,3
"20145",1.57633732251447e-10,0.9889715021354,0.0110284977062004,7.66237227688835e-13,2
"20147",3.43147597337839e-12,0.997966686514096,0.00203331348111606,1.35711048565674e-12,2
"20149",7.19837039425866e-05,6.25123876984335e-07,0.00463859042762276,0.995288800744558,4
"20151",0.71829122839866,0.0243206708994126,0.00127969802545828,0.25610840267647,1
"20153",9.87762635143731e-09,0.0199199848169941,0.37453478162755,0.60554522367783,4
"20155",1.93922847103326e-20,0.99398526042964,0.00601473957036033,8.44153101979112e-21,2
"20157",0.0809213722372741,0.00551989658230761,0.0328922014025298,0.880666529777888,4
"20160",4.22562084393855e-12,5.30784476549667e-12,0.000152466632166833,0.9998475333583,4
"20162",0.000497846635155195,3.14455613078488e-08,0.000363705189200342,0.999138416730083,4
"20164",1.57398339872272e-07,0.00534310462928063,0.0482129946360548,0.946443743336325,4
"20166",6.54719335759702e-30,0.101149580025479,0.898850419974519,2.1526075729899e-15,3
"20168",2.65341273366019e-27,3.17746746469472e-11,0.999999999968225,7.89502376835231e-20,3
"20170",3.30170635625604e-05,0.00172868824650165,0.00253127249218601,0.99570702219775,4
"20172",7.71669568222374e-11,0.989506065719903,0.0104939342029296,7.43632176097934e-23,2
"20174",0.989521335004115,4.40831754395368e-06,0.0100061068970016,0.000468149781339139,1
"20176",4.59324114304035e-19,3.23261456705692e-07,0.999999676738543,4.28842376434861e-20,3
"20178",9.64939702244541e-13,1.62124968529639e-12,0.000305230137829979,0.999694769859584,4
"20181",1.92797598005224e-26,0.634639025117247,0.365360974869327,1.34259397858812e-11,2
"20183",0.855662084307027,0.132800796281546,0.0115371194060006,5.42645995873452e-12,1
"20186",0.00411728073229323,0.559979742053927,0.43590297721378,1.89899568964746e-32,2
"20188",2.34234969473902e-11,7.4623081696882e-10,0.000777298650240336,0.999222700580105,4
"20190",4.26525437226703e-26,0.99468726679144,0.00531273320855964,2.21469302649594e-23,2
"20193",1.36027543762619e-27,1.63654587994785e-09,0.999994628050379,5.37031307529895e-06,3
"20195",2.64480796009271e-07,0.105294533532031,0.0375061243791181,0.857199077608054,4
"20197",3.78589805337747e-14,0.991788220226528,0.0082117797734346,1.63508966049599e-19,2
"20199",1.26549010496919e-06,2.99272113626655e-05,0.00393882648760564,0.996029980810927,4
"20205",1.76648526656434e-31,2.86930119765881e-06,0.999997130698802,4.3575233500026e-47,3
"20208",0.0182476912164142,0.868465660409585,0.0827255044162584,0.0305611439577423,2
"20210",0.000122809195287315,4.81481980249217e-07,0.000238409601003481,0.999638299721729,4
"20212",0.00696240315203121,0.00458113817581577,0.0234495812511064,0.965006877421047,4
"20216",5.93718210986189e-15,0.983182166601689,0.0168178333981286,1.76845577148653e-13,2
"20219",7.04301111744451e-17,0.557701215292729,0.442298784707269,1.16262226408249e-15,2
"20223",2.49014159704737e-43,0.0325223374371589,0.967477662562841,1.08464809848999e-53,3
"20226",5.6638969148247e-09,0.969582607058073,0.0304173821606301,5.1173996394693e-09,2
"20230",3.04030030527466e-31,0.993250907288865,0.00674909271113477,1.17494637946432e-29,2
"20233",9.41071135009271e-26,2.40275989498664e-12,0.999999999997597,1.31728387788623e-34,3
"20235",4.01737163725207e-32,0.0674968659514999,0.9325031340485,3.37770473703458e-46,3
"20239",1.27625579439632e-13,0.60793674502613,0.392063254973743,6.36015521455925e-26,2
"20254",2.50429274069049e-43,7.92772745758483e-05,0.999920722725424,9.21612154583862e-43,3
"20256",3.41612073073006e-21,0.986529226392134,0.0134707736078661,9.1248761524446e-32,2
"20262",0.00583126631669962,0.000435383892113151,0.000312042522130396,0.993421307269057,4
"20270",1.72573823061889e-19,0.10445192534976,0.895548074650234,6.73285727954146e-15,3
"20284",1.5235712353699e-06,0.0929061083950453,0.907092368033719,2.10170888923989e-18,3
"20287",1.28679747883703e-41,0.873421152614643,0.126578847385357,1.24740165552329e-43,2
"20290",2.38788521000406e-22,0.000454858947299884,0.9995451410527,1.03455665500544e-21,3
"20293",4.27624857023404e-08,0.989390402561094,0.0106095546741846,2.23512457643248e-12,2
"20296",0.00527880286097882,0.111279406720554,0.463285666745447,0.420156123673021,3
"20301",1.6713906550052e-58,0.0811892525935064,0.918810747406494,1.01473665243108e-28,3
"20304",1.48516299565665e-31,2.20435440791003e-05,0.999977956455921,3.6510157783203e-40,3
"20306",6.76774528862364e-30,0.967107812993017,0.0328921870069833,1.1783186445359e-36,2
"20309",1.46730230320877e-09,0.978450799866368,0.0215491986662005,1.28973224306585e-13,2
"20311",1.85789593728341e-17,0.97090464511952,0.0290953548755861,4.89404009571578e-12,2
"20314",0.343805665659029,0.123311202076585,0.00328148450066855,0.529601647763717,4
"20318",1.0729928960821e-21,6.37898549943066e-08,0.986010912996237,0.0139890232139077,3
"20320",9.45007964169982e-06,0.523438823955977,0.476551725964289,9.27428915414136e-14,2
"20326",0.368894445223733,0.536355898203687,0.0139910018636684,0.0807586547089115,2
"20328",9.37975583583477e-05,0.708854136804325,0.291052065637317,6.25713829979309e-27,2
"20330",5.05831966960988e-22,0.880610772394754,0.119389227605246,1.86164083731228e-26,2
"20336",4.06457583393097e-10,0.0155069124301514,0.984493087163391,3.24722368971848e-28,3
"20338",2.12962322064835e-22,0.0135645200035136,0.986435479996486,2.59717789748065e-19,3
"20340",4.57362850956399e-33,0.83080410800814,0.16919589199186,3.19987714823959e-34,2
"20342",4.26589517000062e-48,1.78929077901579e-11,0.999999999982107,7.0034595536784e-36,3
"20344",8.66835022075733e-17,0.983707011799796,0.0162929882002036,4.80719632735923e-26,2
"20349",1.18485246048006e-23,0.990735909354994,0.00926409064500615,3.18010665411991e-32,2
"20351",1.30645763512979e-10,0.95423690553053,0.0457630943382964,5.27574688951363e-13,2
"20353",8.95372332653049e-29,0.965172439882365,0.034827560117635,3.11421043787465e-30,2
"20357",9.16367053138146e-34,0.000116168611419546,0.999883831388581,1.80427607995561e-53,3
"20360",3.99093854997604e-39,7.25976821654803e-07,0.999999274023178,3.03427250929358e-45,3
"20364",2.14115355412066e-10,0.990694993010788,0.00930500677509605,5.69242041499402e-16,2
"20366",8.36739186801028e-16,6.33446299269714e-05,0.999936655370072,8.75825602754399e-33,3
"20381",3.63504482759701e-10,1.40725320392404e-09,0.999999975935981,2.22932610317937e-08,3
"20391",2.51171813868089e-12,0.0168309127326923,0.983169087264796,1.21648165643192e-43,3
"20394",0.588297612174282,0.38400842678395,0.0276939459108682,1.51308994668875e-08,1
"20396",0.0893488747402421,5.53867980024175e-06,0.817079255665416,0.0935663309145422,3
"20409",2.94993574384247e-09,0.838945205138121,0.160841303642063,0.000213488269880233,2
"20411",6.71143517409088e-21,0.877962688769759,0.122037311230241,1.75078399428728e-36,2
"20416",2.43934483328013e-59,5.86790020084576e-05,0.999941320997991,1.38064000319832e-69,3
"20418",0.00628714286364912,1.71400077533772e-07,0.338204888839531,0.655507796896742,4
"20420",1.55341455566601e-17,3.81339578412292e-09,0.999999996186604,2.8075460419078e-29,3
"20422",1.05755306247612e-25,0.934600712079673,0.0653992879203265,8.98559922116807e-20,2
"20424",1.19666761860486e-20,0.959143076478603,0.0408569235213972,5.21792580955104e-34,2
"20426",2.06413806949384e-44,4.93676829304243e-13,0.999999999999506,2.98831391001166e-29,3
"20428",6.60741675643704e-09,0.993893923271105,0.00610607012147794,2.54241110663799e-17,2
"20431",3.30481228083618e-10,0.695444494588524,0.304446452032337,0.00010905304865827,2
"20433",7.73157562953291e-45,0.145543942150982,0.854456057849017,1.40307489110122e-39,3
"20436",8.10605337583848e-26,3.12310262764225e-05,0.999968768973723,4.08046788070186e-22,3
"20439",0.970979358948935,7.91162037460138e-06,0.0289879490086004,2.47804220904518e-05,1
"20441",3.9820347480299e-29,0.000508948382763082,0.999491051617237,5.52586809221893e-33,3
"20444",1.18620212694718e-06,1.09572937357149e-10,0.000824077904155161,0.999174735784145,4
"20448",8.40387514475117e-07,0.0716968642939664,0.928300018425968,2.27689255081244e-06,3
"20536",0.921528107872071,0.00403309398364853,0.0744387981442236,5.64487278244344e-14,1
"20538",2.40548070699961e-14,0.00825364854850959,0.991746351451466,6.07741128466168e-32,3
"20541",1.66639634114503e-34,0.868789998653986,0.131210001346015,2.79653784566908e-34,2
"20544",9.96522587421605e-06,0.995443630203656,0.00454640452648858,4.39813537641466e-11,2
"20546",6.752801691841e-15,0.974955386857345,0.0250446131426479,6.19907931036774e-29,2
"20550",7.90185872696885e-15,0.912404407983739,0.087595592016245,8.31753610401058e-15,2
"20553",3.40376920198935e-94,5.02202278776516e-10,0.999999999497798,3.20556546800013e-55,3
"20555",1.37606092860826e-22,1.776160124533e-09,0.99999999822384,1.69223291947117e-44,3
"20557",5.81357520689158e-12,0.94475890137711,0.0552410986163764,7.00355799263611e-13,2
"20559",3.18912127627289e-15,0.99525358930517,0.00474641069481683,9.92581948144678e-15,2
"20561",2.35109852690507e-05,0.00732163263566745,0.00551193288303703,0.987142923496027,4
"20564",9.64939702244541e-13,1.62124968529639e-12,0.000305230137829979,0.999694769859584,4
"20566",1.24424170409436e-08,0.970562696040289,0.0294372915076199,9.67388355880203e-12,2
"20569",0.00546057481823321,0.00010704317481836,0.00305767182934035,0.991374710177608,4
"20572",2.87701067258837e-08,8.64689950291209e-06,0.0524556418231972,0.947535682507193,4
"20574",4.86606248948292e-21,0.99440757430589,0.00559242569410967,3.14574192149155e-16,2
"20576",2.15469537818023e-12,1.09086023216889e-08,0.000515022158892909,0.99948496693035,4
"20578",4.45243638514266e-06,0.998198017782212,0.00179678388279597,7.45898606567062e-07,2
"20580",4.59942432943042e-06,0.993593209043069,0.00640219135070787,1.81894231021966e-10,2
"20583",8.21384687917045e-11,7.84182236939146e-10,0.00022898589752914,0.99977101323615,4
"20586",2.17825324340358e-07,0.983213019171395,0.0167867630032806,2.57402248817727e-20,2
"20589",3.08319498783006e-23,0.990930356270636,0.00906964372936432,1.96533039412015e-35,2
"20591",9.44683125462571e-09,0.0572269472130768,0.942773043340092,5.08892530153022e-24,3
"20593",3.95288220446743e-50,0.943929527622847,0.0560704723771526,4.60285428266145e-35,2
"20595",2.83360446517442e-13,0.992677221488766,0.00732277851046111,4.896970139869e-13,2
"20597",0.00762622832743832,2.18170924241925e-08,0.992373749855469,9.33024863968894e-19,3
"20599",2.04107827212794e-14,9.94933155784313e-12,0.000347774972350078,0.99965222501768,4
"20601",0.857211937070361,0.141648177574387,0.00113944160141544,4.43753835973976e-07,1
"20604",3.42308007485307e-31,0.993432933983099,0.00656706601690116,3.70982995810868e-22,2
"20606",2.31548143778524e-27,0.987971432995526,0.0120285670044738,5.36681529159401e-26,2
"20608",1.15443037825322e-19,0.987013286177819,0.0129867138221812,1.40449781068346e-21,2
"20610",2.49833931943723e-11,3.87745132583364e-06,0.00849354783137676,0.991502574692314,4
"20612",4.45235001362954e-38,2.52309794273802e-11,0.999999999974769,2.45776609116707e-40,3
"20614",0.000155335061970951,1.65052572685873e-06,0.000516401602233183,0.999326612810069,4
"20616",0.00652704413726062,0.522444198877292,0.471028429166242,3.2781920540399e-07,2
"20618",1.25222046891911e-20,7.37372405085472e-05,0.999926262759491,1.51272324956129e-24,3
"20620",5.14778993100921e-28,0.6501419128885,0.3498580871115,1.23182879467126e-17,2
"20622",1.49924558225065e-11,9.32790469021517e-07,0.00301166312312279,0.996987404071416,4
"20624",2.45379947147087e-22,0.726797345767646,0.273202654232354,1.06429083836131e-33,2
"20626",8.02049898563976e-15,0.225774370008848,0.774225629990828,3.16447011806882e-13,3
"20628",5.6149200473824e-13,0.110348861354836,0.889651138644602,3.34208230150198e-22,3
"20630",6.29008407347486e-16,0.946586564092856,0.0534134356532817,2.53861382883311e-10,2
"20632",1.71699575728029e-06,1.52249439769756e-09,0.00134455917126417,0.998653722310484,4
"20634",4.28082866290764e-26,0.993133325924673,0.00686667407532709,6.80854121389972e-26,2
"20637",7.80159910963602e-35,0.00229877935962719,0.997701220640373,1.09641916563232e-23,3
"20639",1.30808809708713e-08,8.20277296990381e-05,0.00971846674569133,0.990199492443729,4
"20644",1.590873907516e-83,2.02634676471944e-09,0.999999997973653,9.73850518096949e-66,3
"20646",1.91027834451019e-43,9.34690001937826e-05,0.999906530999806,4.08808724608831e-35,3
"20648",0.268351534683749,0.0166732077859374,0.00287630044986737,0.712098957080446,4
"20650",1.98967038906215e-32,0.108426865029873,0.891573134970127,3.82403120709848e-39,3
"20653",0.00040695087408658,0.167015368105293,0.832577680955296,6.532417584208e-11,3
"20658",2.83779555307782e-22,0.908478688337492,0.0915213116625082,3.75261022872905e-34,2
"20661",7.97493091832768e-24,5.44409551490719e-06,0.999994555904485,7.39416657103783e-46,3
"20663",0.00175420115952567,0.990405777800823,0.0078400210396463,4.73492185258127e-15,2
"20665",1.36102163365558e-13,2.9323330811416e-11,0.00096759353357388,0.999032406436967,4
"20667",4.91432121769987e-09,0.673940344793478,0.32605965029215,5.05417374322954e-14,2
"20669",0.0605158513014612,7.86304089761714e-07,0.939483362394449,3.07585094181638e-17,3
"20671",9.42322190922738e-19,0.337015194028523,0.662984805971476,8.8991158626779e-16,3
"20673",0.0235576907540628,6.29566556588858e-09,0.976442302948567,1.70499831070577e-12,3
"20675",0.472639416176284,0.145102376554842,0.382258207268874,1.25064118950693e-17,1
"20677",0.000812876295900662,0.969042113608008,0.0301450100960911,1.81133904624045e-17,2
"20679",0.205337807087763,4.20892671835885e-07,0.79466087968236,8.92337205978055e-07,3
"20681",0.995752672780059,0.000625731677648571,0.00362159554229257,1.13100035446394e-16,1
"20683",4.11230345317999e-06,0.931806392842886,0.0681894948536609,2.28469576955331e-16,2
"20685",1.16853805626199e-17,1.38493695809061e-08,0.99999998615063,8.41992450855689e-31,3
"20687",0.963310679897514,6.79092859670137e-05,0.000839724891541602,0.0357816859249779,1
"20689",1.34708336955989e-63,6.98827471310879e-10,0.999999999301173,1.05412671240664e-71,3
"20691",3.50421514331197e-06,2.22449444877484e-09,0.000819969258293513,0.999176524302069,4
"20693",1.7693428642228e-29,0.929016664089151,0.0709833359108489,7.42886849984489e-37,2
"20695",0.668049560374998,0.119849430539214,0.0260456412088593,0.186055367876929,1
"20697",1.32110105137468e-22,0.98113409126862,0.0188659087310433,3.36409819897602e-13,2
"20699",0.00086745102118885,0.987534885741711,0.011597663237056,4.41813637206967e-14,2
"20701",8.24082878124128e-10,0.986323906210189,0.0136760929657277,1.54488071283923e-26,2
"20703",8.64685653327644e-17,2.31609006019827e-11,0.999999999976839,3.39874526218544e-26,3
"20705",1.55112741437703e-18,0.961387743782738,0.038612256217262,3.28838564433227e-25,2
"20707",0.890316048741134,0.10439671970764,0.00528719128646189,4.02647643587781e-08,1
"20709",1.07226038220775e-06,0.224331998892136,0.772906012290017,0.00276091655746535,3
"20713",0.000265268779095445,0.00147710276466919,0.998257628450215,6.02054160416432e-12,3
"20715",3.54511282340771e-71,1.22835398371991e-06,0.999998771646016,1.40438288317805e-25,3
"20717",0.973924089782721,0.0141144236005046,0.0112027371482997,0.000758749468474977,1
"20720",2.73135711217677e-15,0.990263669758612,0.00973633024138394,1.10489698868815e-15,2
"20722",7.11001110295598e-10,0.986585628227877,0.0134143710610776,4.45558745027495e-14,2
"20724",0.997877661131897,0.00105602412115644,0.000209939647922566,0.000856375099023571,1
"20726",2.5219943111945e-29,0.948211821033596,0.0517881789664042,3.48591342896783e-35,2
"20728",0.998961431826383,0.000277401184763521,0.000761166985342891,3.51053679323758e-12,1
"20730",0.966650369832736,0.0241609357472547,0.00159995835924095,0.00758873606076829,1
"20732",1.22524559185081e-23,0.115207227749427,0.884792772250573,1.15225763031698e-30,3
"20734",0.000517834138294887,0.992411825277104,0.00707034057664409,7.95678699306313e-12,2
"20736",9.17430891463186e-05,4.86295915777167e-05,0.000759888247193941,0.999099739072082,4
"20738",9.6177204119368e-41,3.38771300706974e-07,0.999999661228699,7.84052506365517e-23,3
"20740",1.99836018826726e-14,0.031165902669452,0.968834097330528,6.63097285670731e-49,3
"20742",0.882423711297781,0.0247310595568907,0.0928452291452839,4.44169230534812e-14,1
"20744",0.00015073871416536,6.4330054440537e-08,0.00447394549291636,0.995375251462864,4
"20746",0.114924760464984,0.880023329043828,0.00505191043451613,5.66719031449581e-11,2
"20748",0.965279294483314,0.000975472470160955,0.000829202932681262,0.0329160301138434,1
"20750",0.373091681209951,0.0150085782675354,0.00425913774464354,0.60764060277787,4
"20752",5.19465678186709e-08,0.992722707539084,0.00727724051434865,3.85439314657959e-21,2
"20754",0.00133144017260408,3.54392464299035e-08,0.998668524387495,6.54929198750644e-13,3
"20756",0.00740668252752513,0.888054712086504,0.0293071824283534,0.0752314229576175,2
"20758",7.43048902004986e-16,7.28003001879057e-06,0.999992719728592,2.41388733829241e-10,3
"20760",0.981503863480069,0.000292238180772223,0.00100528035672515,0.0171986179824339,1
"20762",0.0036440181099611,1.00570975339825e-07,0.996355881319063,6.09647735007827e-16,3
"20764",0.186782704498066,0.000112246716876302,0.0846577174283462,0.728447331356711,4
"20766",0.665948490778807,0.00131968597865505,0.00129931652730611,0.331432506715232,1
"20768",0.00276716980871933,0.00321838624010929,0.000670781279942449,0.993343662671229,4
"20770",0.00242211257730255,0.101700612765076,0.895877274657622,1.98496479715605e-16,3
"20772",1.40003325963423e-26,0.992071112384371,0.00792888761562934,1.15972472329261e-22,2
"20774",2.5998255696602e-58,0.027137389346305,0.972862610653695,1.54535687201692e-55,3
"20776",0.0117532374115377,0.883922875226173,0.104323887362289,2.90284000539164e-22,2
"20778",4.75226009522801e-74,7.50211732042482e-05,0.999924978826796,5.51213248335067e-49,3
"20780",5.5702123664021e-15,6.54118598237321e-12,0.999999999993121,3.32071798755768e-13,3
"20782",0.00030480172657958,1.8615151962823e-09,0.999695196408775,3.13019089224982e-12,3
"20784",0.000926768354763007,1.03484368765256e-06,0.999072196801537,1.23607677394391e-14,3
"20786",4.33070708848808e-11,6.45466345558857e-12,0.0285053150783202,0.971494684871918,4
"20788",0.876043015760359,0.121077470510934,0.00287950505984392,8.66886357647473e-09,1
"20790",0.972209306938898,0.00027799633823615,0.0274390846765643,7.3612046301264e-05,1
"20792",2.01028914363545e-05,0.632647263367975,0.36717078462886,0.000161849111728261,2
"20794",0.988870400610975,2.08065939801273e-05,0.0109280019190637,0.000180790875981417,1
"20796",4.12721543245818e-22,0.99038333169677,0.00961666830322998,4.06448091067518e-30,2
"20798",9.64939702244541e-13,1.62124968529639e-12,0.000305230137829979,0.999694769859584,4
"20801",1.13634367990112e-22,1.93797057868043e-06,0.999961310145384,3.67518840372848e-05,3
"20803",0.0541021155478652,0.910584458704682,0.0353134257397622,7.69052015668235e-12,2
"20805",0.000125452681810144,0.991939872860162,0.00793467445802804,1.95958081141573e-16,2
"20807",9.64939702244541e-13,1.62124968529639e-12,0.000305230137829979,0.999694769859584,4
"20809",0.0131869931444734,0.0713181831525023,0.91549482370302,3.77614009686426e-15,3
"20811",1.71683571030446e-19,0.000226988446161508,0.999772414399246,5.9715459200504e-07,3
"20813",3.19608430648123e-10,0.377927774471783,0.622063310764013,8.91444459572322e-06,3
"20815",1.69756270199971e-15,1.22571623157393e-14,0.57548986655916,0.424510133440826,3
"20817",0.997138565246442,0.00259741706451324,0.00024461564294141,1.94020461035293e-05,1
"20819",0.00327805207657521,0.972790542966063,0.0239314049573617,3.05689266098429e-18,2
"20821",2.11425873450789e-42,3.96790909631354e-09,0.999999996032091,2.09735031979817e-26,3
"20823",0.00211999086523298,0.990118802930456,0.00776118393283214,2.22714785817507e-08,2
"20825",0.99796384929984,0.00112554956605138,0.000910094461489058,5.06672619653828e-07,1
"20827",2.12390964176481e-06,0.0361902404015146,0.360686534559462,0.603121101129382,4
"20829",2.63696291496259e-30,0.313218870677689,0.686781129322312,2.13338543390612e-26,3
"20831",0.990311360288685,0.00611639811996674,0.00357223838399594,3.20735179235671e-09,1
"20833",1.64781939239795e-06,2.32328267657664e-12,0.999998352175459,2.82503405272467e-12,3
"20835",0.986266201164015,0.00433227898407889,0.0023289018550537,0.00707261799685252,1
"20837",0.933954381174085,0.0447973135030361,0.00975719896994838,0.0114911063529302,1
"20839",0.995319884661354,0.00143906676507638,0.000803396305845085,0.00243765226772502,1
"20841",4.9869791540204e-12,0.36078602964644,0.639213970348573,4.06510066867279e-29,3
"20843",0.840596486649274,0.153402680969002,0.00600083238152898,1.95116319652249e-13,1
"20845",0.360197812719829,0.263127254766583,0.375409665789663,0.0012652667239244,3
"20847",1.13968939806033e-05,0.990317903691564,0.00967069940965819,4.79736615400329e-12,2
"20849",7.71223929653378e-07,0.98185558664306,0.0181436376968805,4.43612949164374e-09,2
"20851",6.00017300305082e-08,0.97745649666931,0.0225434433289583,1.90287572549013e-15,2
"20853",2.6888523052457e-22,0.919800472382427,0.0801995276175729,1.15760640978096e-28,2
"20855",9.86653033164961e-24,0.883088217426446,0.11691178257355,3.93485044692259e-15,2
"20857",0.00048146317720449,0.982295187074956,0.0172233494833121,2.64527825258629e-10,2
"20859",1.61508007925712e-10,0.996483148697002,0.00351685113961851,1.87185083028578e-12,2
"20861",1.73483408642646e-15,4.11353958308183e-07,0.99999958864604,1.47967417404029e-22,3
"20863",0.000893378282404464,0.000103759446773842,0.00166280158853156,0.99734006068229,4
"20865",0.962877725792189,0.00685130001075156,0.0302709741500656,4.6994182464588e-11,1
"20867",1.30633448470065e-55,0.465387754665683,0.534612245334317,1.38056393509488e-45,3
"20869",0.000703342919880713,0.00232095460461227,0.00566121599178565,0.991314486483721,4
"20871",1.31372628107886e-49,0.029385532790281,0.970614467209719,2.30612150337457e-24,3
"20873",3.15103123587392e-35,0.725316420850915,0.274683579149085,5.04010684532957e-17,2
"20875",1.31617744826922e-13,0.994228259502225,0.00577174049764309,4.7738512270392e-18,2
"20878",4.9238877073577e-15,1.29033468884636e-14,0.998850432874674,0.00114956712530824,3
"20880",4.84562011067786e-10,1.507089125163e-12,0.999999999474311,3.96198526169542e-11,3
"20882",5.5536435326915e-28,0.936731007298164,0.0632689927018363,5.03785973529419e-27,2
"20884",0.942454668795181,0.0157801402632744,0.00419507337228381,0.0375701175692608,1
"20886",0.000562579402312912,0.00433699603993983,0.00200002161088353,0.993100402946864,4
"20888",0.668029736053126,1.68502532981107e-08,0.331941449847671,2.87972489495374e-05,1
"20890",0.932900502720643,0.00882089226068188,0.000425439452993048,0.0578531655656817,1
"20892",1.66516295573616e-06,0.975505549521217,0.0244927853158264,8.89887701807838e-16,2
"20897",8.70297784377723e-05,0.943769477025579,0.0561434329774481,6.02185349186327e-08,2
"20899",0.0339970325338552,0.941386743173147,0.0246010302876518,1.51940053463385e-05,2
"20901",1.95573638422324e-44,1.56896810032465e-10,0.999999999843103,4.32435264772341e-53,3
"20903",1.14844351069904e-64,2.80592199709916e-05,0.999971940780029,1.5195563166778e-27,3
"20905",1.0037194086148e-30,0.000439228324240443,0.99956077167576,6.19307730370973e-21,3
"20907",1.15077065770351e-20,0.876909916339471,0.123090083660529,1.97290007203764e-32,2
"20909",2.32532857847943e-07,0.353011232430016,0.646988511290469,2.37466575786586e-08,3
"20911",8.86523005474331e-68,1.72549088112078e-11,0.999999999982745,2.5148564223472e-69,3
"20913",0.122599282542478,0.803376761779905,0.0740174898619337,6.46581568355876e-06,2
"20962",1.42103521211377e-06,0.997830488680112,0.00216809027428406,1.03914522769651e-11,2
"20969",5.4344984472692e-18,0.836962020840488,0.163037967059886,1.20996256224043e-08,2
"20980",6.01186446925234e-08,0.991186662387544,0.00881327723470614,2.59105573543738e-10,2
"20982",1.17384314278339e-10,0.995475489824084,0.00452451005853143,2.02499746871316e-21,2
"20984",0.0141573300200059,0.564631348685969,0.42121130320917,1.80848548074697e-08,2
"20994",6.09761394980841e-17,0.96638658932859,0.0336134106712887,1.21177359350498e-13,2
"21015",0.22950798927515,0.000366116656348895,0.757682614620831,0.0124432794476701,3
"21023",1.60208674702996e-24,0.866605952703912,0.133394047296088,1.65671475578528e-30,2
"21040",9.93827077785408e-14,0.13978435969458,0.86021564030532,4.65881674545338e-36,3
"21073",4.64140882933501e-08,0.805796419108126,0.194203534477249,5.36665040907979e-13,2
"21222",0.965425630430487,0.017369941391824,0.00212695270177139,0.0150774754759176,1
"21224",0.0228505465153378,0.960963113776085,0.0161862583671321,8.13414456337028e-08,2
"21228",7.54515190446518e-24,0.000270616087472649,0.99972938390475,7.77754026510042e-12,3
"21232",1.26986647047059e-21,0.978253545455556,0.0217464545444441,6.23069962606162e-31,2
"21237",1.74557343501657e-35,0.0559234398956802,0.94407656010432,2.07303183150174e-27,3
"21240",0.998237959583597,0.00138043774880302,0.000380947104550597,6.55563050049504e-07,1
"21245",0.979787573400598,0.000477641863354589,0.000356857976884342,0.0193779267591633,1
"21252",5.61552225034918e-16,0.928900738236482,0.0710992617635178,3.81463492407012e-35,2
"21254",2.22431024824885e-13,0.647279878453434,0.352720121546344,1.88037400366671e-23,2
"21258",2.6557932425377e-11,0.897709623391783,0.102290375833663,7.47995957191992e-10,2
"21264",0.454226215692182,0.297710841555156,0.00995740765883339,0.238105535093829,1
"21305",1.12154063587081e-08,0.00310931839200883,0.99689067039051,2.07491593025718e-12,3
"21333",1.25160904335819e-09,0.978596419095893,0.0214035796524979,4.2028100836264e-27,2
"21366",0.160172377412369,0.771707059375697,0.0681205613401667,1.87176733980552e-09,2
"21377",6.30130445643416e-08,6.1537126516091e-07,0.00130435686382521,0.998694964751865,4
"21380",7.0978884970669e-42,2.02929566873805e-09,0.999999997970704,5.84450470302262e-29,3
"21387",3.46368458588829e-65,9.04299546878949e-13,0.999999999999096,1.75559241742626e-75,3
"21390",8.57232495569717e-17,0.888764189730042,0.111235810269958,3.04125697449253e-30,2
"21392",4.47894704278483e-07,0.958400116464435,0.0415994355430181,9.78425443478739e-11,2
"21403",1.21259159190415e-12,0.981544298022968,0.018455331196276,3.70779542744346e-07,2
"21408",4.95667420206768e-23,0.959776681960192,0.0402233180398081,1.54920334140855e-18,2
"21412",4.40591673784781e-29,0.000202767547428078,0.999797232452572,1.60570500136035e-22,3
"21421",0.0465993705327222,0.944217907058519,0.00918269123539248,3.1173366436795e-08,2
"21424",5.72149049089877e-39,0.00387118230568721,0.996128817694313,2.6184558342332e-42,3
"21429",3.07634026375445e-17,0.989747590093641,0.0102524099063479,1.0441724136652e-14,2
"21431",0.000318689635714175,0.973797875442767,0.0258834334366982,1.4848208875507e-09,2
"21436",1.31971212815894e-05,2.96020668368154e-05,0.999957200811882,3.72785187513595e-18,3
"21439",1.55700656303675e-08,0.998841107487616,0.00115861308643927,2.63855878556828e-07,2
"21442",0.000130305539182045,0.891576434918624,0.106745395268382,0.0015478642738125,2
"21444",0.997091731767142,0.000522264763783753,0.00238600333994723,1.29126980019097e-10,1
"21446",4.18186038322374e-17,2.48477751008062e-14,0.999959061696954,4.09383030213485e-05,3
"21448",3.35129772057604e-27,2.38697425222002e-13,0.999999999999761,3.16257875181887e-40,3
"21450",4.11219736592855e-14,0.61612894803836,0.383871051574032,3.87566381045497e-10,2
"21452",2.48357415806124e-14,0.929375471861121,0.0706245281388539,2.04113582836939e-24,2
"21466",2.68299969541171e-29,0.831198709669192,0.168801290330808,1.12224681087735e-41,2
