"","V1","V2","V3","V4","V5","best$classification"
"19812",0.97475443246577,0.0242846995083107,0.000834972505683954,0.000120584261845595,5.31125838956215e-06,1
"19814",0.992032785012472,0.00272910545813331,3.15252622106559e-05,5.60033092097668e-06,0.00520098393626269,1
"19816",0.0245933345212545,0.97525239350218,1.16502675202582e-05,0.000139190004983305,3.43170406183181e-06,2
"19818",0.926902381849526,0.0539510284354127,7.5498954838627e-05,5.97544619704188e-05,0.0190113362982519,1
"19820",1.52272712711953e-06,0.999905905913628,9.22613251451444e-05,3.02794191333703e-07,7.23990813110434e-09,2
"19822",2.77799651987872e-05,0.940040841518707,0.0599197919335409,6.38361523599048e-06,5.20296731713592e-06,2
"19824",0.00133575789505759,0.995179035176098,8.68740362494866e-05,0.000515831499346775,0.00288250139324819,2
"19826",0.950487976349063,0.0371138916735944,2.57103506808352e-05,0.0122833679156372,8.90537110251571e-05,1
"19828",0.00111468769379073,0.998489414228835,0.000389415018014511,7.97812934898273e-07,5.68524642425212e-06,2
"19830",0.997105093099588,0.000362602443386188,0.000679513264987232,0.00162094414794617,0.000231847044092175,1
"19832",0.304879475845522,0.147843067053507,0.547254519874432,1.66994329853393e-05,6.23779355252928e-06,3
"19834",0.11748908460188,0.866064380129342,0.0160883935673608,6.23347491616798e-06,0.000351908226501662,2
"19836",0.612755524877545,0.275560114167151,0.000338004769046958,0.11133951099222,6.84519403653177e-06,1
"19838",0.998665727105178,8.67376065609127e-05,9.93888307562325e-05,9.9850702977677e-06,0.00113816138720722,1
"19840",0.229350271512147,0.7664460731328,7.51872330114823e-05,0.00410168815747698,2.67799645639289e-05,2
"19842",0.114927540115627,2.06186370607436e-05,9.32308323194745e-07,0.88498939439546,6.15145435283523e-05,4
"19844",3.62447766764734e-05,1.77385541477852e-05,1.90744499960601e-07,4.58158769098014e-05,0.999900010047766,5
"19846",0.789910821208883,2.00728232910819e-05,4.87685984564718e-07,0.00410126616353444,0.205967352118307,1
"19848",0.917241307388241,3.13958705034714e-05,1.6744032514513e-06,0.000313214602456511,0.0824124077355473,1
"19850",0.659084627892908,0.000314448724454493,8.38369954562432e-06,8.33728301544902e-05,0.340509166852937,1
"19852",0.352551309215968,0.64627234740619,0.000307051896110223,3.49655813883949e-05,0.000834325900343214,2
"19854",0.990513850540468,3.00701777141677e-05,3.71196018281622e-06,7.81960447871737e-05,0.0093741712768481,1
"19856",0.0238361908572563,0.00107910177915862,2.9297838799544e-05,0.000356526342119759,0.974698883182666,5
"19858",0.00402703397093633,0.0266344225131978,0.000229432900940675,7.02599764849553e-05,0.96903885063844,5
"19860",0.700289921436392,0.299372682208316,0.000184133424689959,6.7106755111736e-05,8.61561754902186e-05,1
"19862",0.97459709148049,1.06625922017199e-05,5.89283291387862e-07,0.012913719968999,0.0124779366750185,1
"19864",1.93075086220917e-05,3.68882325807085e-05,3.15609655128964e-07,0.99993779646166,5.69218748249159e-06,4
"19866",0.00660066514879003,0.952244801799046,3.79092714328736e-05,0.0411137500375576,2.87374317367991e-06,2
"19868",0.000191335790009459,1.7906072850858e-05,0.999715096780913,7.99642474635743e-07,7.48617137519066e-05,3
"19870",0.992602974627949,0.000480636789659398,5.59838172307396e-06,0.00132343408038243,0.00558735612028599,1
"19873",0.965362341021022,0.0307526720601706,1.50360873166061e-05,0.00225256748841004,0.0016173833430808,1
"19875",0.005967779480451,0.993499036145807,0.000530579092805406,2.42299992819233e-06,1.82281007923392e-07,2
"19877",0.991869241887505,0.00452612689888439,4.39397591660323e-05,0.00013396372246259,0.00342672773198234,1
"19879",0.698334053792295,0.292530758477296,0.00170214509325164,0.000311414479399575,0.00712162815775804,1
"19881",0.961177056522542,0.0125663284460121,2.00733476422769e-05,0.0238515577301957,0.00238498395360759,1
"19883",0.773286060397922,0.00476640669878072,2.97417095125962e-06,0.221740373493215,0.00020418523913065,1
"19899",0.606477082709899,0.379902373472396,0.0105399344127986,0.00301838483999565,6.22245649115312e-05,1
"19908",0.018483387715811,0.155761385744566,0.0720789512013428,0.748156754391293,0.00551952094698753,4
"19910",0.650057138546862,0.348636588819593,0.000106653641884822,0.000517136056647053,0.000682482935012444,1
"19912",0.579451352936167,4.11436647971808e-05,2.08433380632141e-06,0.418827222907072,0.00167819615815757,1
"19914",0.790757606951076,0.200968771596506,0.00648007141939641,0.000218453646595969,0.00157509638642595,1
"19916",0.000612372204468368,0.596146209533706,0.000108144071430967,0.402647171933666,0.000486102256728199,2
"19918",0.83461732150368,0.0006165606689651,6.37906710818396e-07,0.00266902776886277,0.162096452151781,1
"19920",0.108822463708394,3.98054605593874e-05,3.99293403951354e-07,4.71835834821234e-05,0.89109014795416,5
"19922",0.331585743398457,0.0205187520875306,0.64782474726949,1.64880672428201e-05,5.42691772798139e-05,3
"19924",0.950222412782826,0.0111649062627604,2.11623306437402e-05,0.000248073430349471,0.0383434451934208,1
"19926",0.389605586588217,0.556812918284237,0.0268035256446027,0.0267752425649022,2.72691804044624e-06,2
"19928",3.62964364237259e-06,1.57270559885928e-07,3.00557293266839e-08,0.999992430823772,3.75220629597719e-06,4
"19930",0.998476875144109,0.00105970562575672,1.754075300753e-05,7.60046845200053e-05,0.000369873792606246,1
"19932",0.996590716488288,6.26358185289317e-05,1.17662863853615e-05,2.43087614199308e-05,0.00331057264537798,1
"19934",0.0412390902934303,0.956070463817239,0.00252770819370277,2.50304054171542e-06,0.000160234655086505,2
"19936",0.987938918457946,0.0110813634752108,0.000687244297795668,3.51090317827631e-05,0.000257364737264865,1
"19938",0.000659650148125381,0.995768913575544,0.00347850017113129,3.84011845249682e-05,5.45349206742811e-05,2
"19940",0.880047215822951,0.0915109164254416,1.73754444263097e-05,0.0271920542597121,0.00123243804746876,1
"19942",3.21851800695309e-05,2.38569688904402e-06,1.65614629483209e-08,0.999964386060676,1.02650090248282e-06,4
"19944",0.267098479396671,0.730705939384848,0.000119377263871172,0.00200846484129505,6.77391133148318e-05,2
"19946",0.86501223927882,0.108084182274562,0.000120566046879854,0.000260337263576481,0.0265226751361617,1
"19948",0.000114656803099714,2.79773523633253e-06,5.75092470562504e-09,0.999876172650342,6.36706039763403e-06,4
"19950",0.00186392584125482,1.16410499688199e-06,3.45161046639907e-07,1.10486556370069e-06,0.998133460027138,5
"19952",0.000114656803099714,2.79773523633253e-06,5.75092470562504e-09,0.999876172650342,6.36706039763403e-06,4
"19954",0.998021379413105,0.000238510044514856,5.84126911737206e-06,7.60313346780666e-05,0.00165823793858425,1
"19956",0.314268678398501,2.71895160854458e-05,0.00028695704175707,0.0146465136265549,0.670770661417102,5
"19958",0.00392279968924704,0.00024182330615796,0.994435856674415,3.37817301107096e-06,0.00139614215716876,3
"19962",0.608703750365772,0.187488086454741,0.00336393211655868,0.000614548297025372,0.199829682765903,1
"19964",0.890246444162625,0.0572804178154355,4.49123096366359e-05,0.0262331556036339,0.0261950701086692,1
"19966",0.00029058424323863,0.988732528502645,0.000119095928027197,0.0108577141993693,7.71267194050757e-08,2
"19969",0.991139656092678,0.000747214443324515,5.03623068125551e-06,0.00789950839044664,0.000208584842869926,1
"19972",0.775212086734437,0.00104295741917235,5.15118413791391e-06,0.110018473521707,0.113721331140545,1
"19974",0.0589410374963637,1.48615096925759e-06,4.55829023465422e-08,0.0195257591341766,0.921531671635588,5
"19976",0.922564961574775,0.0177387251634279,3.05787207290253e-05,0.000406932595017213,0.0592588019460509,1
"19978",0.26258876598975,0.734938899847264,1.43855815515623e-05,0.0015309794802775,0.000926969101156557,2
"19980",0.69063914175949,2.1893823704989e-05,3.1049179490641e-06,6.01260886908983e-05,0.309275733410165,1
"19982",0.16067878894332,0.000291579822473809,5.0119975323856e-05,2.16652493667937e-05,0.838957846009515,5
"19984",0.000519623266551571,2.01248033003199e-05,2.35152917278744e-07,8.36296417271746e-06,0.999451653813058,5
"19986",8.64697136828778e-06,0.999524015802706,0.000464280117402797,3.04929444358126e-06,7.81407944901358e-09,2
"19988",8.23766172218698e-07,0.999248314290187,0.000750701850962274,1.55278005522192e-07,4.81467297135696e-09,2
"19992",1.23201539173934e-05,0.999217283346072,0.000770012199630606,9.8929977657374e-08,2.85370402460042e-07,2
"19994",0.998535296080152,0.00127705380827723,5.31452952024203e-05,5.18699848336591e-05,8.26348315342217e-05,1
"19996",2.01002599355123e-05,0.999888677982646,9.0940235562221e-05,6.28860004564402e-08,2.18635855547455e-07,2
"19998",0.29134522378641,0.0472929805306641,0.00023141575836235,0.650843810883273,0.0102865690412908,4
"20000",0.976592689311804,0.00014304292171621,0.018316649882985,0.00425865107231672,0.000688966811177609,1
"20003",0.99174310755036,0.00727782196858402,0.000247833564167373,0.000726172113245977,5.06480364275016e-06,1
"20005",0.923198051552123,1.60303410068184e-05,5.91952359545146e-07,0.00213282467207272,0.0746525014824377,1
"20007",0.373300926428905,0.621705504240388,0.00372532019491495,5.88612141342833e-05,0.00120938792165797,2
"20009",0.000816460407223775,0.997019543648999,0.000879198847658675,0.000894995384345714,0.000389801711773375,2
"20011",0.951589393129262,0.0061293941720486,1.46907735978337e-05,0.0257887708965286,0.0164777510285628,1
"20013",0.894927141793205,0.000832520195648423,2.87886375143865e-05,2.48869874160196e-05,0.104186662386217,1
"20016",3.42253446108117e-05,0.994035409571902,0.00591515161095747,4.84212576990682e-06,1.03713467599921e-05,2
"20018",6.40781232613306e-08,0.0114134612658045,0.988586351627298,1.19288820322707e-07,3.73995412620166e-09,3
"20021",0.0148186627959823,0.984642933497904,0.000515683618346452,2.24113402871486e-05,3.08747480272002e-07,2
"20023",0.0794530641828371,0.918479578153024,0.00187046461088955,6.00711388526357e-05,0.000136821914396768,2
"20025",5.63878822742807e-05,0.533409776162243,0.466529023630079,4.64036878538042e-06,1.719566183789e-07,2
"20027",0.784221879284199,0.000246235864320556,7.04977500136855e-06,0.215470798038008,5.40370384708124e-05,1
"20029",0.967514417879439,7.24879021260811e-05,3.46890813615448e-07,0.00905610908797822,0.023356638239643,1
"20032",0.99466384386237,0.000226384123746174,1.35487164059922e-05,0.005046936271938,4.9287025539936e-05,1
"20034",0.000417790450728998,1.19213174931126e-05,3.49787778000705e-08,0.999568755949536,1.49730346394091e-06,4
"20036",0.758240404671762,0.0456188226415583,0.00241277190915564,0.00550375656593975,0.188224244211584,1
"20038",0.000660821009522217,0.991366281535855,0.00797152605192237,1.36502543569785e-06,6.37726512460657e-09,2
"20040",1.28637746341643e-05,0.984317132968057,0.0150780766047294,0.000584416677598718,7.50997498057864e-06,2
"20043",0.00390390357928582,0.995133734308648,0.000960952404272699,3.77373757621444e-07,1.03233403550659e-06,2
"20045",1.07784947818892e-06,0.992250890196384,0.00774782222301921,2.03761927765089e-08,1.89354925118961e-07,2
"20048",6.29067884143356e-05,5.02531251723169e-07,2.20218138704642e-07,7.9243246051418e-07,0.999935578029735,5
"20051",0.657333187200517,0.310914688971055,0.0197616849719733,2.44831823909971e-06,0.0119879905382163,1
"20053",0.014315256455646,0.985056526828034,0.000121346891172561,0.000219562359747828,0.000287307465399391,2
"20055",0.0716825612846755,0.769036145501477,0.159142314675468,0.000138829023948793,1.49514430902035e-07,2
"20057",0.00020474442203565,1.74841786683437e-06,0.998049492533664,6.69999479561305e-05,0.00167701467847727,3
"20059",0.013223513651545,0.98217660155637,0.00363961418811507,0.000920192474042306,4.00781299271872e-05,2
"20061",0.114348614026126,0.884139288282664,0.000566431380627341,0.000731309298340578,0.000214357012241435,2
"20063",5.78436958390928e-05,0.0149842929219569,0.000690336906354703,0.00205045013138685,0.982217076344463,5
"20065",1.25894106421338e-05,0.133182331981337,0.866805050696327,2.76398663929077e-08,2.71827443572875e-10,3
"20067",0.000424584640569692,0.98722884622571,0.012080388608036,4.12981424377153e-08,0.000266139227542079,2
"20069",0.432175508347944,2.89610410969026e-05,4.88725827635288e-06,2.12007251812563e-05,0.567769442627502,5
"20071",0.44531302817327,0.348653108009068,0.00749934029237736,0.196825056643943,0.00170946688134214,1
"20073",0.0793360425616637,0.000830681424418503,1.39199691318289e-06,0.00047095728361613,0.919360926733388,5
"20075",0.000298953088291948,1.15492216301236e-05,0.999688049196992,1.3658369170231e-07,1.31190939376208e-06,3
"20077",0.0162639247664062,0.983062984905114,0.00014541122748652,2.95769035417268e-05,0.00049810219745128,2
"20079",0.0720696283837928,0.158881681327191,0.001761761809945,5.93928152184604e-05,0.767227535663853,5
"20081",0.00941820934777257,0.83628360765988,0.15428918034285,1.21816719033101e-07,8.88083277801895e-06,2
"20083",0.0172576247565427,0.00542915887776523,0.00124894996103066,0.00523623539272337,0.970828031011938,5
"20085",1.5627873398623e-06,0.996746893460791,0.00325148583862571,5.65770188865709e-08,1.33622475364242e-09,2
"20088",0.000558974593389348,0.998292847302938,0.00114777923733028,1.81988387815076e-07,2.16877954788554e-07,2
"20091",0.000141882689942949,0.0023174815698135,0.997537025091918,8.81184609604761e-09,3.60183647943131e-06,3
"20095",0.017519850915336,0.0700255657991106,0.000394365069020271,0.0525995822225197,0.859460635994013,5
"20097",2.96732779643958e-06,0.986797695464087,0.0131993068823286,2.84956506592451e-08,1.83013724508311e-09,2
"20099",0.00278169022122638,0.854609826164987,4.69845706340754e-06,0.137574013857083,0.00502977129963947,2
"20102",0.00275686021069135,0.00166234498270143,0.0688279161691752,1.23467993199319e-06,0.9267516439575,5
"20105",0.00609521589680935,0.992871152600952,0.000391071596037742,8.51766368604647e-07,0.000641708139832686,2
"20107",0.000657387639860854,0.999169705086125,0.000168485472117605,3.78047880679137e-06,6.41323090099492e-07,2
"20109",0.0262271470577834,0.677617133692319,2.45560606536986e-05,0.00136814808739769,0.294763015101847,2
"20111",0.475237096796888,0.000183294018605995,0.50599668144422,5.15854110342047e-05,0.0185313423292516,3
"20113",0.0201968232779269,0.952128860768656,0.000334001367615933,0.0273384783372458,1.83624855539196e-06,2
"20115",0.99370223497116,0.000155243926871499,0.000367096528403711,0.0047547155237598,0.00102070904980539,1
"20117",0.00171968717090598,0.110189753810905,0.507399438587594,0.380684206584486,6.91384610911917e-06,3
"20119",0.000343711602460501,0.955596451389287,5.68727056177016e-05,0.0440029220461776,4.225645739058e-08,2
"20121",9.63306136719409e-05,0.999433859377349,0.000467139335652008,2.64472919742399e-06,2.59441293395202e-08,2
"20123",3.24013248886503e-05,0.00132705774958741,0.998640503373659,2.23398088713432e-08,1.52120564017083e-08,3
"20125",0.889271991564748,0.000221614302787011,2.93020589130689e-05,1.71750109268616e-05,0.110459917062625,1
"20127",1.40705862915634e-05,0.999652561368096,0.000330638708340389,2.10978687138187e-07,2.51835858501597e-06,2
"20140",0.171525659955535,0.364238741151439,0.462018598688455,0.00221486626466173,2.13393990908529e-06,3
"20142",0.00592169954108768,2.15559330067711e-06,9.28083775072334e-07,2.29040689746838e-06,0.994072926374939,5
"20144",0.983728758746229,0.00012813005054659,0.00751725223695445,8.56869876483424e-05,0.00854017197862162,1
"20146",0.602380978468031,0.00648326205586996,0.0038025602019707,0.000111010236883642,0.387222189037245,1
"20148",0.992122554739354,0.0074483362713379,0.000121474989481398,2.61438629530159e-05,0.000281490136873479,1
"20150",0.394109261956288,4.68854276070428e-06,2.91458286944066e-07,0.00220885799615359,0.60367690004651,5
"20152",0.967275631723526,0.0322008710820035,0.00018524761726647,0.000128029406694815,0.000210220170508853,1
"20154",2.21607335749342e-05,0.03461162232598,0.965357642039311,2.12241979229379e-09,8.57277871381624e-06,3
"20156",0.168683315315278,0.739907320817425,0.0215741201952166,0.000479159266904653,0.069356084405175,2
"20159",0.365871923296197,2.84002778774071e-05,9.14553006717328e-06,1.44972338968333e-05,0.634076033661961,5
"20161",0.0107753859632655,0.000603685851335006,6.40175698288033e-05,0.000221684014106998,0.988335226601464,5
"20163",0.953082485571159,0.0445360824371911,0.00139830446672343,0.000970990042495069,1.21374824311579e-05,1
"20165",0.000975089841877228,0.00886281494953488,2.39492577629192e-05,2.30963877060705e-06,0.990135836312054,5
"20167",0.983516201657114,0.00462620587885832,9.8570682565963e-06,1.80212010399215e-05,0.0118297141947316,1
"20169",0.000267671206589697,6.02366560505021e-07,2.776392704349e-07,8.94284441249735e-07,0.999730554503138,5
"20171",1.4630797600134e-06,0.00820189271309738,0.991788212373274,1.21233829000275e-09,8.43062153025773e-06,3
"20173",0.00120447187352255,0.0512215927654053,1.66052898987209e-05,0.732919584149226,0.214637745921947,4
"20175",0.98763688111433,0.0016654384795107,2.45965970770298e-05,0.000313438764534629,0.0103596450445478,1
"20177",0.00426037221837428,0.503032756149731,1.17351698184911e-05,0.492457716980895,0.000237419481181899,2
"20180",7.24085659532353e-05,0.997027546382392,0.00288118261376274,1.88621961210943e-05,2.41770969131662e-10,2
"20182",0.00021206696573357,5.65226125902254e-08,2.17404827109852e-05,0.00191523511006805,0.997850900918875,5
"20184",0.0460093270314578,0.000148672879450513,3.09864399082914e-06,1.22799283130282e-05,0.953826621516788,5
"20187",0.00238935919865042,0.00389518986796168,8.438286900903e-07,0.992446068962039,0.00126853814265866,4
"20189",0.061079149458841,0.921032382565067,1.07478533556446e-05,0.0178595620449368,1.8158077799431e-05,2
"20192",0.00626715283850864,0.806309940653727,0.152950403314091,0.03446436756403,8.13562964393068e-06,2
"20194",0.102562875538996,0.000185003024009705,5.81501411515878e-06,0.167204163761757,0.730042142661122,5
"20196",0.000165379982322789,0.821520559642819,0.178313478164819,2.46738986283469e-07,3.35471052533691e-07,2
"20198",0.702378695897571,0.288789578056302,0.00714505300727875,0.000749809386804412,0.000936863652043324,1
"20204",0.434626940703878,3.74336296234988e-05,1.30547429311193e-05,2.57852494764161e-05,0.565296785674091,5
"20207",0.000351061527893128,0.90429265559316,0.0953128640866532,2.88920185776975e-08,4.33899002749363e-05,2
"20209",0.892966702642261,0.000708060206346225,0.0594955222708191,0.0468205896929809,9.12518759299461e-06,1
"20211",7.47129437470481e-05,0.00106697760005251,0.998858194294827,5.08519758813326e-10,1.14652853565299e-07,3
"20215",0.0224539931965615,0.976032867847283,0.00143884449802345,2.2234216454229e-05,5.20602416777059e-05,2
"20218",0.0175906731178284,3.66842034455983e-06,9.21207952871239e-07,2.47377724899002e-06,0.982402263476625,5
"20222",0.010822985049223,0.916725020275521,0.0723344039525315,1.50554102791486e-07,0.000117440168621472,2
"20225",0.969906854178128,0.000226704026015594,0.000703565658605295,0.000369368914778535,0.0287935072224725,1
"20229",0.808594331237191,0.0424485353785673,0.144228984033202,0.00349355530825892,0.00123459404278028,1
"20232",0.123466655978185,0.850624573029335,0.0257902245482758,8.93255713989248e-05,2.92208728053061e-05,2
"20234",1.09381511330678e-06,0.873554726127638,0.126438245941958,5.93137986915854e-06,2.73542129386536e-09,2
"20238",0.000566195406253795,0.997743124554413,0.00167638427330795,2.66278060817365e-06,1.16329854174456e-05,2
"20253",0.000288262514641139,0.998776903978104,0.000926789721797021,6.05775712311702e-06,1.98602833445803e-06,2
"20255",0.998904353352504,0.000323129413426875,0.000417086640901146,4.12808884593649e-06,0.000351302504321362,1
"20258",0.000182654278877766,0.999744210561931,7.01778456523125e-05,2.86942652928429e-06,8.78870093913229e-08,2
"20269",0.0334937997165266,0.917538148855121,0.000115641660504263,6.04293730444565e-05,0.0487919803948035,2
"20271",0.000460115948419685,0.985307110248755,2.22616746324362e-05,0.0142101744950062,3.37633187112504e-07,2
"20285",0.0454603176566956,0.00532279142133777,1.52784660168201e-05,0.947668840612174,0.00153277184377619,4
"20288",0.0295642663305649,0.967429695079149,0.00287452896609888,1.98371094909769e-05,0.000111672514696847,2
"20291",0.000299209542901543,0.7344595273666,0.265236605960987,1.3647355664039e-06,3.29239394555582e-06,2
"20295",0.0744794632573381,0.752842218962286,0.000204862588143469,0.15009741499922,0.0223760401930124,2
"20298",0.994903287393302,3.78544568452107e-05,4.78697981001657e-06,7.44833423720651e-05,0.00497958782767031,1
"20302",0.301384271006108,0.0011492457842443,7.74292742929333e-06,0.00216514909472556,0.695293591187493,5
"20305",0.997577012801302,3.01250447139412e-05,2.02107185570656e-06,0.0014138307507378,0.000977010331390362,1
"20307",2.91083383509747e-05,0.999484897996641,0.000485885344905312,6.35709511680619e-08,4.47491516522353e-08,2
"20310",9.87996546304334e-07,0.997762555872761,0.00223521410769566,1.20257295296118e-06,3.94500442279972e-08,2
"20313",0.000664954885018881,1.69014386470067e-07,2.40488764784286e-08,1.50411272367771e-05,0.999319810924481,5
"20315",0.000772994070025032,0.999074232007907,0.000126010449653117,2.61969020043482e-05,5.66570410007231e-07,2
"20319",0.000264511524119158,0.366972967327043,0.632761809234391,5.16439114148545e-07,1.95475332752733e-07,3
"20321",0.000106835938825559,0.99979186321043,8.99308210103434e-05,2.94316101989666e-06,8.42686871446048e-06,2
"20327",5.77288793589146e-05,0.999880907144988,1.11835123667537e-05,4.9921098875847e-05,2.59364410945692e-07,2
"20329",0.000259321500841062,1.60430520398202e-06,3.00231629751554e-09,0.999602640206783,0.000136430984855205,4
"20335",2.76521532033135e-05,0.887764897363927,0.112205871424251,4.55882187812127e-09,1.57449979712895e-06,2
"20337",0.717501214396193,4.98956260556052e-05,1.06807271940625e-05,1.57932078783223e-05,0.282422416042679,1
"20339",0.0116442823802835,0.00687883845710885,0.980697302748452,0.000775960951736029,3.61546241962364e-06,3
"20341",5.74034460437308e-05,0.0254571848043731,0.974043652194646,3.91191969078816e-08,0.000441720435740504,3
"20343",2.37371554908436e-05,0.990514764774886,0.00936833103942725,3.9665816016226e-07,9.27703720364329e-05,2
"20345",0.974243867563279,0.00463661089629849,5.15116763887754e-05,0.021057740280434,1.02695835995439e-05,1
"20350",0.161361988042031,0.424652963760304,0.375734041730356,0.0116406792850256,0.0266103271822841,2
"20352",0.00049654338871916,2.49389078401175e-06,2.86867314997709e-07,6.63723697605837e-07,0.999500012129484,5
"20355",0.0290039189551687,0.00347045059198728,0.000222960419752962,0.000205041134952804,0.967097628898138,5
"20358",0.0414120895049679,2.68846666105773e-05,1.02992896922876e-07,0.931553414385522,0.0270075084500023,4
"20363",0.000415326390565798,0.999493678482765,8.36852654297433e-05,8.38712110351726e-07,6.4711491288106e-06,2
"20365",0.041770807556722,0.401044570445941,0.55718162862885,7.80136918557068e-07,2.21323156881085e-06,3
"20379",0.997169919402935,0.000411991845645183,0.000668861102115116,0.000295064109505584,0.0014541635397996,1
"20387",0.000693449805454997,0.997799748211038,0.00150628427311198,2.04767350311083e-07,3.12943044617619e-07,2
"20392",2.87938866344972e-05,0.00260935735622485,0.997361837868641,6.84599163941319e-10,1.02039005663577e-08,3
"20395",0.982261629033155,0.0162817935012181,0.000322154942384062,5.82945963462935e-05,0.00107612792689669,1
"20397",9.4951353491297e-05,2.33585522685761e-07,1.12019929489424e-08,0.99019195160873,0.00971285225026316,4
"20410",0.0106595498568916,0.988259221884257,0.000627783099302855,0.000453401050315661,4.41092326405387e-08,2
"20414",0.676627400261489,0.0011292045249273,9.16627201015538e-06,8.71734890525046e-05,0.322147055452521,1
"20417",3.1969095214206e-07,0.0878483324978683,0.912029114574949,0.000122218083200937,1.5153029227012e-08,3
"20419",3.02680723873961e-05,0.999937280366977,2.00766371772334e-06,2.92284759821286e-05,1.21542093585308e-06,2
"20421",0.286803699791287,0.00366926394067657,0.0153973709930602,1.16946160595844e-05,0.694117970658916,5
"20423",0.613334576322648,0.000257055639566698,0.000121757186724519,9.53692233184862e-06,0.386277073928728,1
"20425",0.406696117735767,0.000627737584867281,0.000441521561325889,4.10824815450371e-06,0.592230514869886,5
"20427",0.954106961416488,0.0454502778018628,4.0101755699446e-05,7.9311599049e-05,0.000323347426900682,1
"20429",0.000191869032724906,0.994972459727162,0.00428027970784284,0.000335817353579321,0.000219574178690538,2
"20432",0.15366212240519,5.04542708043178e-05,4.70994682738723e-07,0.00039154217030022,0.845895410159022,5
"20435",0.188137989028949,0.784045798907373,0.0274958873741826,0.000308911915263095,1.14127742325932e-05,2
"20438",0.000427525354856696,0.999118749185636,2.11456478845806e-05,0.000120681856991352,0.000311897954631066,2
"20440",0.000160484812913345,0.999773499322953,2.766639736337e-05,2.1044593275437e-05,1.73048734945585e-05,2
"20443",0.00183536034487914,0.000202405404107117,3.32504841192055e-05,8.54846946186908e-06,0.997920435297433,5
"20446",0.436059854526595,0.555429849973611,0.00166007144165904,0.00244741527302624,0.00440280878510917,2
"20449",0.200113137826836,0.783201816282691,0.0163442391290501,0.000315394416644109,2.54123447790773e-05,2
"20537",0.00829285331621181,0.712232803377094,0.27926560773398,3.59542814026844e-06,0.000205140144573543,2
"20540",1.32676614942744e-05,0.0084429829231396,0.991543726186521,1.5799689456538e-08,7.42915583385789e-09,3
"20543",0.79302578097302,0.202007753888577,0.00078483283211264,6.72477413670919e-05,0.004114384564924,1
"20545",5.39479725374221e-05,0.0011494497761768,0.998796186170473,2.8422312612231e-10,4.15796589868508e-07,3
"20549",0.933518524933258,0.0472570925942316,0.00395509883794506,2.38864096596136e-06,0.0152668949935989,1
"20551",0.0250257299090094,0.973095243572345,0.00175991140980866,5.49551019072559e-07,0.00011856555781807,2
"20554",0.0045890807447075,0.995277560321196,0.00011220041783255,9.3701174296873e-06,1.17883988340171e-05,2
"20556",0.688791150369788,0.178750222180732,0.13115050462331,4.63683183656924e-06,0.00130348599433352,1
"20558",8.1036654593452e-05,0.999739185378981,0.000179427788668796,8.41070237215682e-08,2.66070733540409e-07,2
"20560",0.0191351919524749,0.977076709312044,9.12545786231043e-05,2.30308791752309e-06,0.00369454106894033,2
"20563",1.08642323467179e-05,0.99973354587701,0.000254439832379463,3.19829430834908e-07,8.30228833143319e-07,2
"20565",0.122502614005567,0.853251204168564,0.00137213233063707,9.35950000454735e-06,0.0228646899952269,2
"20567",0.101958032155383,8.00756030679905e-05,2.17647562423027e-06,0.000216424815574594,0.897743290950351,5
"20571",0.00148019572077228,0.964493260579808,0.0326432030383288,0.00134519133417062,3.81493269207069e-05,2
"20573",0.0448340339582747,0.949832859927275,0.0047513034461063,4.76279851353535e-06,0.000577039869830162,2
"20575",2.37656168707108e-05,0.999861940866955,0.000110232654879339,3.88978208282708e-06,1.71079211926862e-07,2
"20577",0.889090611680485,0.107880176282731,0.00213995521933722,0.000788503731857119,0.000100753085590424,1
"20579",0.00141990485826966,2.03236433382353e-06,2.2647457320706e-08,0.104913686546376,0.893664353583563,5
"20582",1.1778220387915e-05,0.9998642499109,0.000123695337307171,2.35510997508603e-07,4.10204075752376e-08,2
"20585",0.018442866630223,0.0869341412871489,0.894621394011185,6.86592208342383e-08,1.52941222272101e-06,3
"20588",0.0104410093922711,0.00766108506740199,0.981740997865099,2.63675488648193e-06,0.000154270920341747,3
"20590",0.00437058737948376,5.476882077346e-07,1.14453095847458e-08,0.00130654836765965,0.994322305119339,5
"20592",5.67061129623831e-06,0.99991010187619,8.30329799091412e-05,1.01414314083708e-07,1.09311829021345e-06,2
"20594",2.1875977170652e-05,0.999650575627611,0.000326026797655406,1.51408500402947e-06,7.51255918551707e-09,2
"20596",0.0093066128983269,0.988253098149418,6.2644307315343e-06,0.00199199816319635,0.000442026358326772,2
"20598",0.0113774709026478,0.988491572345984,0.000118662365884741,6.03432883472264e-06,6.26005664864082e-06,2
"20600",0.230851106840925,0.075464829303871,0.692431370918343,1.21303494364304e-06,0.00125147990191677,3
"20603",0.993634559212162,0.000542682448288875,0.00250474914089124,2.56375231585998e-05,0.00329237167549908,1
"20605",0.000427723124625454,0.999070078235312,0.000486906920681555,1.526858825641e-05,2.31311248660188e-08,2
"20607",0.00142134573397971,0.998493867671253,1.44792676676445e-05,6.98163798643974e-05,4.90947235184222e-07,2
"20609",0.0190705933684636,0.980750891963281,0.000128886530167401,1.81577169844158e-05,3.1470421102893e-05,2
"20611",0.991626710593972,3.91701439818448e-05,2.32494617855388e-06,0.00802368238820599,0.000308111927661517,1
"20613",0.599953777125846,0.396836682807936,0.0030792782671155,0.000117628526751967,1.26332723498405e-05,1
"20615",0.701549160035093,0.238017259600179,0.0581690946043708,1.75945454838969e-06,0.00226272630580827,1
"20617",0.00235583179748712,1.20802039491858e-06,3.75597492390312e-07,1.16306472453101e-06,0.997641421519901,5
"20619",2.45933581382065e-05,0.999930219334085,3.94603552077856e-05,2.5724888689241e-06,3.15446369971522e-06,2
"20621",0.0167025272412606,0.982772148196921,0.000428238587333127,6.54857629767576e-05,3.16002115085629e-05,2
"20623",0.00876584848512108,0.00180315911761604,3.1018078644366e-07,0.00108751265241422,0.988343169564062,5
"20625",0.935538182023041,0.00107411221841733,0.0239885950579382,9.00751702581909e-06,0.0393901031835777,1
"20627",0.224240364457161,0.774555874417529,0.000541453004156409,0.000657939929817144,4.36819133559153e-06,2
"20629",0.207869979867778,0.78808156553043,0.0032869456316011,1.28400694167381e-05,0.000748668900773416,2
"20631",1.45031649106469e-05,0.999843324271164,0.000134500644431592,2.32624804274328e-07,7.4392946898575e-06,2
"20633",0.000363485267277606,1.0676138717038e-07,1.17929992088956e-08,7.95025585526921e-05,0.999556893619783,5
"20636",0.923980104477282,0.000865601585178875,8.74703489271153e-06,0.0504865750147503,0.0246589718878958,1
"20638",0.800043817385714,0.126288706704363,0.0719103488726589,0.00158707357325179,0.000170053464011803,1
"20640",0.00374077032561089,0.915501442183363,0.0807563534455823,1.4170614147297e-06,1.69840294361489e-08,2
"20645",3.3331012239521e-06,0.995586948894795,0.00440969582071486,1.9555101822821e-08,2.62816410080079e-09,2
"20647",6.69402214585079e-05,5.38372484602211e-07,2.5838559606181e-07,8.90090858618694e-07,0.999931372929602,5
"20649",0.023090125367597,0.966042513559767,0.0108542213094815,1.71676576785628e-06,1.14229973862366e-05,2
"20651",8.51908997828482e-06,0.996832655674199,0.00310836462718424,3.99989802564066e-05,1.04616283825878e-05,2
"20656",0.00163777831960346,0.962801715097385,0.0355553954539693,1.2580080465967e-06,3.85312099624062e-06,2
"20660",0.00830388897453716,0.0577673756160725,0.93305398141465,0.000871698643221503,3.05535151844223e-06,3
"20662",0.064983299908655,0.000389295868976357,3.02086559962022e-06,0.0939732986221639,0.840651084734605,5
"20664",0.0113844715277021,0.883130186635519,3.14713415181117e-05,0.00873365793188898,0.0967202125633723,2
"20666",0.955911433658588,0.000518086165091913,0.0434350687008083,5.69050063841895e-05,7.85064691275912e-05,1
"20668",0.526769835868954,8.56703440045268e-05,7.7145625266042e-07,0.000130403000178975,0.47301331933061,1
"20670",0.000968625682229693,0.997770169868748,0.000342908333502475,0.000913722407899254,4.57370762038776e-06,2
"20672",0.529880000123494,5.42705125600526e-05,2.47066907243068e-05,1.11793180188343e-05,0.470029843355202,1
"20674",0.0873728863404247,0.912073301668014,0.000173100579623236,0.000230113118022628,0.000150598293915538,2
"20676",0.0773963767060942,1.42554836884261e-06,3.83630065961523e-07,0.917346479589864,0.0052553345256075,4
"20678",0.0481420364791483,1.70158812650973e-06,5.46736398633274e-08,0.897762516150084,0.054093691109001,4
"20680",0.697788699625064,0.00151513203159288,3.20874850136249e-05,1.23619319891156e-05,0.300651718926341,1
"20682",0.865838783707583,0.00306059040976746,7.53791608279214e-06,0.13029390914306,0.000799178823506701,1
"20684",0.0913124002090187,0.792119750591468,0.00436660828147061,0.112183109653784,1.81312642586605e-05,2
"20686",0.0185248989022884,5.52220923268004e-06,1.01548937264775e-06,2.31189698795814e-06,0.981466251502118,5
"20688",0.00189380645099155,4.76954019021488e-07,1.1610268472018e-08,0.938523759546396,0.0595819454383247,4
"20690",0.00182858473448867,0.0354713152509125,0.962697288731319,2.72897952450269e-06,8.23037553888653e-08,3
"20692",0.00103590777830613,2.16271132465623e-07,1.18874864035542e-08,0.0165436127349444,0.98242025132813,5
"20694",0.982376447112298,2.26395548877939e-05,1.96564451078997e-06,0.000235514200591273,0.0173634334877126,1
"20696",0.992705867011762,0.000649741925043036,2.2737103352242e-05,0.000776396114637393,0.00584525784520551,1
"20698",0.0929091844017783,0.887704812837381,0.00991967809763618,2.52504394288943e-05,0.00944107422377577,2
"20700",0.00117389178844843,0.995095521682544,0.000400034792876004,0.000416788894185596,0.00291376284194622,2
"20702",0.000155340556758042,0.0917304180437757,0.908113864253759,3.41846031969329e-07,3.5299675360293e-08,3
"20704",0.191867858324969,0.807597997787118,0.000420118935452562,7.66793379997689e-05,3.7345614460836e-05,2
"20706",0.42971825651502,0.166547123953163,0.00441337819972257,0.389953049536468,0.00936819179562624,1
"20708",0.0692394949214818,1.03610754021842e-05,1.36917103958494e-07,0.930218787117396,0.00053121996861565,4
"20710",0.0608853246952768,0.531183798391852,0.407928131361251,1.11536331408088e-06,1.63018830625898e-06,2
"20714",0.0110659053194222,2.25397033333397e-05,5.80033066049723e-08,5.52193625848902e-05,0.988856277611353,5
"20716",0.00716629227426418,0.992573027230318,0.000130053761397084,0.000130163599428661,4.63134591868798e-07,2
"20719",0.0432202108071245,0.106654904239953,8.98196697666932e-05,0.85000227128503,3.2793998125023e-05,4
"20721",6.35605577563173e-06,0.999903178875838,8.89810110326185e-05,1.40254392571967e-07,1.34380296169689e-06,2
"20723",0.0170539334404068,0.12899113563479,0.00123934118363567,0.852573854800688,0.000141734940480019,4
"20725",0.998111407608721,0.00162849511222014,0.000124423614370199,2.95762760460994e-05,0.000106097388642219,1
"20727",0.005213640216332,3.39292115449735e-06,0.000102095506504005,0.000542104163334493,0.994138767192675,5
"20729",0.980784478114728,5.04378004430402e-05,3.45294223937349e-06,0.0189503469963503,0.000211284146239079,1
"20731",0.999247355636095,0.000455213605955158,0.000112923969844802,0.00017067339031708,1.38333977876035e-05,1
"20733",0.126135947080205,0.869441386246247,0.00417495255965897,0.000233975668844325,1.37384450451903e-05,2
"20735",0.644644027575895,0.339828769484503,0.0154167011241812,0.000102510922237485,7.9908931835399e-06,1
"20737",0.77370102678064,4.75427097679469e-05,3.74919845164241e-07,0.182778493830565,0.0434725617591821,1
"20739",0.000507973468467893,1.68535849421228e-07,4.06937616823317e-08,4.6962488377901e-05,0.999444854813543,5
"20741",0.960530712525196,0.00560582532568399,5.66741509845899e-05,5.53953444459079e-06,0.0338012484636912,1
"20743",0.979529693161059,0.00530275257231602,5.22812618286635e-05,0.0148478815480927,0.000267391456703846,1
"20745",9.15015698345011e-05,0.999622929875228,0.000278136152212742,5.40418630080633e-06,2.02821642394848e-06,2
"20747",0.979992287546929,5.73445994074545e-05,4.03638519857106e-06,0.0197758410564321,0.000170490412032367,1
"20749",0.990933806138438,2.5207233374553e-05,4.35372117212442e-06,0.00861562815622261,0.000421004750793392,1
"20751",0.997479838949038,2.27059265770421e-05,0.00192529725077544,0.000126375437618052,0.000445782435991575,1
"20753",0.996715688179524,9.29718033178172e-05,4.24127117011179e-06,0.00298620358843272,0.000200895157555311,1
"20755",0.000806538774797778,7.91653349265462e-07,9.77565753202748e-09,0.999132837206118,5.98225900773773e-05,4
"20757",0.00185139288400029,0.00409976583314149,6.61905033538893e-07,0.986842126737579,0.00720605264024573,4
"20759",0.000125713045976634,0.999622979298896,2.71142938473446e-05,5.79393885010027e-05,0.0001662539727791,2
"20761",0.976022854908359,0.0223662265761166,6.7355625972709e-05,4.05437476112148e-05,0.00150301914194006,1
"20763",0.928231279802446,0.0644828189236648,0.000863013358189226,0.000154295975717332,0.00626859193998202,1
"20765",0.994520143886321,0.0020626560121756,4.67332208753929e-05,4.71557578340576e-06,0.00336575130484429,1
"20767",0.0375144254537272,0.952185173956718,0.000373416426843593,0.00992520282649023,1.78133622083285e-06,2
"20769",0.0339942971632078,0.255945960478706,0.704107919737923,0.00595174908562173,7.35345410681311e-08,3
"20771",0.697099469776384,0.0982845132816239,9.38886226033398e-06,0.00483863588818645,0.199767992191545,1
"20773",0.000166922169160923,2.33661879450712e-05,2.6432333984002e-07,0.999803309646056,6.13767349868403e-06,4
"20775",0.997636904999434,0.00154304576800734,0.000176596274219168,0.000574992254151814,6.84607041870304e-05,1
"20777",0.650905221010378,0.0237018718375975,0.32468093513829,0.000285330614469963,0.000426641399264502,1
"20779",0.998931596106584,0.000810134713382028,5.45727724303871e-05,0.000185507328639499,1.81890789645313e-05,1
"20781",0.00588261901793812,1.25794417258694e-05,0.96618749778164,0.00656298170936667,0.0213543220493294,3
"20783",0.975283566148066,0.0199015197779104,1.41880967227725e-05,0.0020013684044733,0.002799357572828,1
"20785",0.00015481524374102,2.4001704301103e-06,6.67621426492152e-08,0.999012145179547,0.000830572644139821,4
"20787",0.970682043601833,0.00026416384419455,3.36457641167637e-07,0.0110836043452382,0.0179698517510927,1
"20789",0.608665808983139,0.383815820288685,0.00100942131522584,0.00649820891655819,1.0740496391946e-05,1
"20791",0.943756361915056,1.01094066019554e-05,8.97278007803172e-07,0.000746039901961315,0.0554865914983729,1
"20793",0.703635817220529,0.294251243031153,0.000714634868832239,0.00139339855825246,4.90632123316739e-06,1
"20795",0.819392706330288,0.000187345573456631,2.29010259175129e-06,0.000536106454962374,0.179881551538701,1
"20797",0.00124420817159838,5.62612504489184e-07,0.00222759320168009,9.52626171465743e-06,0.996518109752502,5
"20800",0.997671513274844,9.52728567912129e-05,2.17101510401426e-05,1.35558043142997e-05,0.00219794791301054,1
"20802",0.99205048552911,0.006298980037723,4.52419941192363e-05,2.18407963618721e-05,0.00158345164268612,1
"20804",0.887076997984169,3.13357654244289e-05,5.95729074205321e-07,0.109608153571562,0.00328291694977063,1
"20806",0.730807579716475,8.41990172225325e-06,6.59460912656945e-07,0.00106310990724072,0.268120231013649,1
"20808",0.0134482513956265,0.986224337400984,5.62686881596273e-05,0.000270993276307294,1.49238922622344e-07,2
"20810",0.55268797863674,0.000856795777095678,1.82769314374299e-05,0.00149986015100174,0.444937088503725,1
"20812",0.986851967575864,0.00327924115064661,0.00471587553597256,4.82586233570826e-06,0.00514808987518094,1
"20814",0.133909017800854,3.10375411954355e-06,9.34054714972157e-08,0.674762346473839,0.191325438565717,4
"20816",0.0033131727352921,0.10958201549522,0.00159014891818956,0.885514359897909,3.02953389072104e-07,4
"20818",0.990264295825568,0.00684950111835862,0.000109932661004607,0.000115037588291722,0.00266123280677721,1
"20820",0.000165144289367096,2.71699953915315e-07,1.25359131337856e-07,1.04124915610724e-05,0.999824046159987,5
"20822",0.995289210868146,0.00351702981066664,1.52444012406779e-05,1.82769417982985e-05,0.00116023797814855,1
"20824",7.79755440385615e-05,6.99792530600449e-07,2.84501575045833e-08,0.999762320835904,0.000158975377369291,4
"20826",0.00450145869733594,1.68865071367502e-06,4.63298009495236e-07,1.40274702939143e-06,0.995494986606911,5
"20828",6.29067884143356e-05,5.02531251723169e-07,2.20218138704642e-07,7.9243246051418e-07,0.999935578029735,5
"20830",0.987167553793599,4.2933011848998e-05,6.47419225690178e-06,0.0123579605918997,0.000425078410395649,1
"20832",0.615016747365551,0.339042726396646,0.000222133965491896,0.000187127110887385,0.0455312651614235,1
