"","V1","V2","V3","best$classification"
"19812",0.297279160547659,0.00921571179570722,0.693505127656634,3
"19814",0.0123962820720623,0.000179989173682665,0.987423728754255,3
"19816",0.986923173788348,3.68592413130545e-05,0.0130399669703393,1
"19818",0.0934768652595673,0.000224143609529941,0.906298991130903,3
"19820",0.999743324975789,0.000248455722022789,8.21930218850867e-06,1
"19822",0.933533010611684,0.0662694572273208,0.000197532160995293,1
"19824",0.984541744120262,0.000234518598924753,0.0152237372808135,1
"19826",0.180398815706129,0.00019612604537798,0.819405058248493,3
"19828",0.997210753474338,0.000850679378500187,0.0019385671471622,1
"19830",0.00433968661036989,0.00411432069875944,0.991545992690871,3
"19832",0.32089243726793,0.608153699547668,0.0709538631844024,2
"19834",0.91443806249338,0.0216185606514199,0.0639433768552004,1
"19836",0.717726499571782,0.00115996838348978,0.281113532044728,1
"19838",0.000995401054158288,0.000690279466475771,0.998314319479366,3
"19840",0.907047662708929,0.000199813171559022,0.0927525241195124,1
"19842",0.00091912163001148,3.17028542693859e-05,0.999049175515719,3
"19844",0.0111363146852139,0.00018204422984507,0.988681641084941,3
"19846",5.28767135010782e-05,1.3008372902972e-06,0.999945822449209,3
"19848",0.0001095599057356,5.45178272034708e-06,0.999884988311544,3
"19850",0.000746544942968182,2.27267052952625e-05,0.999230728351737,3
"19852",0.786285759729178,0.000735427196533324,0.212978813074288,1
"19854",0.000192331767595298,1.93758817005357e-05,0.999788292350704,3
"19856",0.0102365099319433,0.000345159321889933,0.989418330746167,3
"19858",0.32908734181,0.00442774108996286,0.666484917100037,3
"19860",0.690503384281921,0.000770954791636721,0.308725660926442,1
"19862",5.1730249631222e-05,2.37094217214832e-06,0.999945898808197,3
"19864",0.242957980546086,0.00214981908468405,0.75489220036923,3
"19866",0.992271095154543,9.66858014154416e-05,0.00763221904404097,1
"19868",0.000121053249641537,0.998577618387153,0.00130132836320503,2
"19870",0.00188838700104527,2.41872062159395e-05,0.998087425792739,3
"19873",0.0835987759058216,7.33812307912025e-05,0.916327842863387,3
"19875",0.996933279880424,0.00102333430753524,0.00204338581204071,1
"19877",0.019604514643693,0.000225305582556556,0.98017017977375,3
"19879",0.413768936730953,0.00324875657515252,0.582982306693895,3
"19881",0.0346592915427682,7.99312693759738e-05,0.965260777187856,3
"19883",0.0251900406166103,2.37431058100162e-05,0.97478621627758,3
"19899",0.739336463766326,0.0197076105477441,0.24095592568593,1
"19908",0.585602618325673,0.192146021457578,0.222251360216749,1
"19910",0.563414265174,0.000333557412300999,0.436252177413699,1
"19912",0.000325705747155265,1.32692346039134e-05,0.999661025018241,3
"19914",0.441774592291888,0.0148189178800978,0.543406489828014,3
"19916",0.986584441596314,0.00037914898440145,0.0130364094192846,1
"19918",0.00105439434906873,1.80762523032194e-06,0.998943798025701,3
"19920",0.000284847460204744,3.86212205387732e-06,0.999711290417741,3
"19922",0.06547026830925,0.77124637406308,0.16328335762767,2
"19924",0.0216387166727382,6.46540786723468e-05,0.97829662924859,3
"19926",0.880016632679294,0.0339481633064812,0.0860352040142243,1
"19928",0.00858160954755175,0.0010494870104912,0.990368903441957,3
"19930",0.00884247405941185,0.000153652149468244,0.99100387379112,3
"19932",0.00050922716876942,7.39104567399002e-05,0.999416862374491,3
"19934",0.964960803007496,0.00430927026202038,0.0307299267304838,1
"19936",0.083274456471248,0.00463396354742947,0.912091579981322,3
"19938",0.99214038184335,0.0054909271350168,0.00236869102163362,1
"19940",0.178638285238207,6.50205841986838e-05,0.821296694177594,3
"19942",0.0360751283835254,0.000253401132605958,0.963671470483869,3
"19944",0.874114018016481,0.000289582685776024,0.125596399297743,1
"19946",0.156597028776004,0.00030509135273955,0.843097879871256,3
"19948",0.0112677149987597,2.81776232546857e-05,0.988704107377986,3
"19950",0.000162840723937414,4.40349935964402e-05,0.999793124282466,3
"19952",0.0112677149987597,2.81776232546857e-05,0.988704107377986,3
"19954",0.00169832135023149,4.18226510891337e-05,0.99825985599868,3
"19956",0.000114773254006632,0.000551162626619257,0.999334064119374,3
"19958",0.00115009366506113,0.978198393667438,0.0206515126675009,2
"19962",0.176848551895748,0.00396011613004939,0.819191331974202,3
"19964",0.0642347269274819,8.19633727134406e-05,0.935683309699805,3
"19966",0.99926140543353,0.000248768846206427,0.000489825720263768,1
"19969",0.00599696625568973,4.55630915549822e-05,0.993957470652755,3
"19972",0.00153723496485456,9.33484159581354e-06,0.99845343019355,3
"19974",1.49834671323141e-05,4.58980934144343e-07,0.999984557551934,3
"19976",0.0286975224695117,7.97271747401659e-05,0.971222750355748,3
"19978",0.763743990774254,4.3527972308332e-05,0.236212481253437,1
"19980",7.66127163423828e-05,9.38800855392175e-06,0.999913999275104,3
"19982",0.00142830389399492,0.000227534906979095,0.998344161199026,3
"19984",0.00333652696474739,5.76186639345458e-05,0.996605854371318,3
"19986",0.999051436931328,0.000927002430431503,2.15606382405295e-05,1
"19988",0.998475172482872,0.0015203310973869,4.49641974149548e-06,1
"19992",0.998291303372519,0.00165709052260105,5.16061048804031e-05,1
"19994",0.0161127077649107,0.000600984656065524,0.983286307579024,3
"19996",0.999668239860646,0.000259660457921046,7.20996814328741e-05,1
"19998",0.125538646116742,0.00079363315301969,0.873667720730238,3
"20000",0.00143877363219802,0.0522565189430815,0.94630470742472,3
"20003",0.114950264318301,0.00337048636736262,0.881679249314336,3
"20005",5.536137982272e-05,1.92011943980104e-06,0.999942718500737,3
"20007",0.771732093907459,0.00650066411012993,0.221767241982411,1
"20009",0.992201804860166,0.00165611649324416,0.00614207864659011,1
"20011",0.0113616387131243,3.76092816826976e-05,0.988600752005193,3
"20013",0.00241226066548206,9.18768727903376e-05,0.997495862461728,3
"20016",0.990493798008421,0.00923516508436677,0.000271036907212797,1
"20018",0.0289029023262391,0.97109589761727,1.20005649090361e-06,2
"20021",0.994252286922008,0.000933300967457264,0.00481441211053479,1
"20023",0.948461896599218,0.0030312730652047,0.0485068303355771,1
"20025",0.620396524922354,0.37945481389038,0.000148661187265371,1
"20027",0.00314182189866156,7.35263687329343e-05,0.996784651732605,3
"20029",0.000242063226855083,1.45485270914294e-06,0.999756481920436,3
"20032",0.00309147068238973,0.000142541255747508,0.996765988061863,3
"20034",0.0277217909867097,8.94705182740334e-05,0.972188738495016,3
"20036",0.0552609797251427,0.00307951972443105,0.941659500550426,3
"20038",0.989749169096256,0.0100371347684313,0.000213696135312901,1
"20040",0.981163590253277,0.0186230528611314,0.000213356885591434,1
"20043",0.995885462377681,0.00184096393733313,0.00227357368498539,1
"20045",0.987631681903657,0.0123569627065651,1.13553897774592e-05,1
"20048",0.000542481342250532,0.000216850946371785,0.999240667711378,3
"20051",0.457454927100894,0.0327941093118039,0.509750963587302,3
"20053",0.973687659281405,0.000289137030877622,0.0260232036877174,1
"20055",0.861565422421548,0.129441983572693,0.00899259400575864,1
"20057",1.77209167667348e-05,0.995396217018902,0.00458606206433135,2
"20059",0.979015264975486,0.00489096009049866,0.0160937749340153,1
"20061",0.914586019607074,0.00104343824575249,0.0843705421471738,1
"20063",0.69847067844991,0.041339398099487,0.260189923450603,1
"20065",0.233023176605015,0.766965769295026,1.10540999589866e-05,2
"20067",0.979250520266588,0.0188024383883879,0.00194704134502403,1
"20069",0.000118390122684533,1.75686259308753e-05,0.999864041251385,3
"20071",0.549896730555153,0.0121613436536522,0.437941925791195,1
"20073",0.00355621725582531,1.0244680193096e-05,0.996433538063982,3
"20075",8.93069356284982e-05,0.999306672550591,0.000604020513780572,2
"20077",0.974277465328952,0.000366045810286946,0.0253564888607615,1
"20079",0.317685780792533,0.00552105949653865,0.676793159710928,3
"20081",0.852067863967905,0.143006081690285,0.00492605434180956,1
"20083",0.0481168443731448,0.0101168502007541,0.941766305426101,3
"20085",0.994678989660723,0.00531668785022235,4.32248905497043e-06,1
"20088",0.997413902428808,0.00212810133995082,0.000457996231241019,1
"20091",0.00755338485484272,0.992053734407378,0.00039288073777907,2
"20095",0.247302444861237,0.00199446087185167,0.750703094266911,3
"20097",0.982280705561624,0.0177132168206262,6.07761775017058e-06,1
"20099",0.956103640244685,1.94977065944136e-05,0.0438768620487203,1
"20102",0.0304124873340988,0.616521048324405,0.353066464341496,2
"20105",0.98325690300526,0.000940985115307344,0.0158021118794324,1
"20107",0.998855605409247,0.000393131067081202,0.000751263523671942,1
"20109",0.709515679915368,8.13712700222929e-05,0.29040294881461,1
"20111",0.000764484762039936,0.431418625237496,0.567816890000465,3
"20113",0.987931292037133,0.000608203138342126,0.0114605048245245,1
"20115",0.00106884877408705,0.00121180526151726,0.997719345964396,3
"20117",0.326840622056242,0.663300804151733,0.00985857379202513,2
"20119",0.99933173918954,0.000133695976580762,0.000534564833879075,1
"20121",0.998978328110396,0.000913417456069719,0.00010825443353443,1
"20123",0.00510644729030044,0.994844308800676,4.92439090240599e-05,2
"20125",0.000760734832310752,8.94244209262648e-05,0.999149840746763,3
"20127",0.999059427446815,0.000816106903496604,0.000124465649688382,1
"20140",0.571458002013883,0.391111749796163,0.0374302481899546,1
"20142",0.000147650360131582,5.36264382788369e-05,0.999798723201589,3
"20144",0.000904665373810476,0.0180322586273542,0.981063075998835,3
"20146",0.0129169566932966,0.00591834431265718,0.981164698994046,3
"20148",0.0580356889648117,0.00107027164273363,0.940894039392455,3
"20150",1.79740811289955e-05,1.02376665874148e-06,0.999981002152212,3
"20152",0.176138713517386,0.00128081995083467,0.82258046653178,3
"20154",0.0639327699509463,0.935924766901486,0.000142463147568294,2
"20156",0.677011921978855,0.0229659515395461,0.300022126481599,1
"20159",0.000134842400930936,3.52564435133563e-05,0.999829901155556,3
"20161",0.0112686766620082,0.00121941144262952,0.987511911895362,3
"20163",0.301804182950153,0.00865676019978157,0.689539056850066,3
"20165",0.308416433463963,0.00167181408500862,0.689911752451029,3
"20167",0.0142918697653263,4.90108217645322e-05,0.985659119412909,3
"20169",0.000287437095601907,0.000116900798777844,0.99959566210562,3
"20171",0.0183748339011417,0.981597239203021,2.79268958375498e-05,2
"20173",0.542580549101267,0.000376382742802741,0.457043068155931,1
"20175",0.00583223369888575,9.55242041739415e-05,0.99407224209694,3
"20177",0.958257270753844,5.94601088423113e-05,0.0416832691373142,1
"20180",0.99610754392929,0.0038564956844496,3.5960386260637e-05,1
"20182",2.67444320836515e-05,0.00295783997482919,0.997015415593087,3
"20184",0.00164264470120636,4.36227894216674e-05,0.998313732509372,3
"20187",0.268069860523057,0.00011130440045177,0.731818835076491,3
"20189",0.951192983982586,3.22352610542812e-05,0.0487747807563595,1
"20192",0.868015318523742,0.121586619335808,0.0103980621404497,1
"20194",0.000828304109178661,2.7631335128352e-05,0.999144064555693,3
"20196",0.83422447018128,0.165523133231211,0.000252396587509302,1
"20198",0.523851766305502,0.0134242898558475,0.46272394383865,1
"20204",0.000145245125346167,3.98321142372156e-05,0.999814922760417,3
"20207",0.893428280595789,0.105565248394129,0.00100647101008198,1
"20209",0.0107726491371452,0.232748651618054,0.756478699244801,3
"20211",0.00381432844104611,0.99609223729004,9.34342689135265e-05,2
"20215",0.980106093403318,0.00262040976940473,0.0172734968272778,1
"20218",0.000119106197471796,2.68687529666875e-05,0.999854025049561,3
"20222",0.908217226619321,0.080691620395585,0.011091152985094,1
"20225",0.000911365906523334,0.00151958766070066,0.997569046432776,3
"20229",0.135913860636739,0.244140677607125,0.619945461756136,3
"20232",0.92820884727816,0.0290688423841736,0.0427223103376668,1
"20234",0.887575651015829,0.112418192463623,6.15652054805066e-06,1
"20238",0.995632041596244,0.00299832274656231,0.00136963565719328,1
"20253",0.997575984142119,0.00182617679537797,0.000597839062503136,1
"20255",0.00448809122891035,0.00343859169276515,0.992073317078325,3
"20258",0.999535335801761,0.000180895317064527,0.000283768881174698,1
"20269",0.842345640893541,0.00028471484700799,0.157369644259451,1
"20271",0.998760006743453,5.96861401428463e-05,0.00118030711640444,1
"20285",0.0783575354804783,0.000289234024630524,0.921353230494891,3
"20288",0.97172217175057,0.00464130085817148,0.0236365273912587,1
"20291",0.774010326155656,0.225369154604771,0.000620519239573241,1
"20295",0.680024041089638,0.00037905282648624,0.319596906083876,1
"20298",0.000288874425348635,2.93905674825016e-05,0.999681735007169,3
"20302",0.00234325557254221,2.10339823669465e-05,0.997635710445091,3
"20305",0.000273515721117253,1.48382372337882e-05,0.999711646041649,3
"20307",0.998914541732638,0.00103013408847125,5.53241788908913e-05,1
"20310",0.996029698611268,0.00395981193595556,1.04894527762204e-05,1
"20313",4.46469191683431e-05,6.10081996290767e-06,0.999949252260869,3
"20315",0.998684129119946,0.000293990749399185,0.0010218801306547,1
"20319",0.467200268124861,0.532495699339583,0.000304032535556316,2
"20321",0.999180965388528,0.000258605868887585,0.000560428742584228,1
"20327",0.999726884145338,3.69343513309935e-05,0.000236181503331271,1
"20329",0.00239683837373157,5.72086806934622e-06,0.997597440758199,3
"20335",0.877764195755849,0.122134629605979,0.000101174638172938,1
"20337",0.000173521990767644,3.12462940052016e-05,0.999795231715227,3
"20339",0.0231012234919641,0.966325298994644,0.0105734775133917,2
"20341",0.0507383747154581,0.948556544031138,0.000705081253403451,2
"20343",0.984511144165112,0.015134167068061,0.000354688766827046,1
"20345",0.0571934989191177,0.000606581526272,0.94219991955461,3
"20350",0.444147727164707,0.266079180206922,0.28977309262837,1
"20352",0.000648157986393379,8.14446252908885e-05,0.999270397388316,3
"20355",0.0274257848368902,0.00189749187027298,0.970676723292837,3
"20358",0.000403078710325995,1.9555654652234e-06,0.999594965724209,3
"20363",0.998718037634322,0.000241523582568052,0.00104043878311002,1
"20365",0.529485363811866,0.460209344918469,0.0103052912696655,1
"20379",0.00295272430110903,0.00251306236702087,0.99453421333187,3
"20387",0.996770820355279,0.00262044395092675,0.000608735693793955,1
"20392",0.00842627731673715,0.991539703454713,3.40192285502099e-05,2
"20395",0.0843204063403992,0.00183456500474845,0.913845028654852,3
"20397",0.000265502485893923,1.12290253352497e-05,0.999723268488771,3
"20410",0.9960656526128,0.00101019613274862,0.00292415125445144,1
"20414",0.00198879859267873,2.21320346368196e-05,0.997989069372684,3
"20417",0.165850067817823,0.834143124074547,6.80810763057508e-06,2
"20419",0.999761083664498,9.17962685196877e-06,0.000229736708649764,1
"20421",0.0109443658829809,0.0269374601560703,0.962118173960949,3
"20423",0.000780365773475895,0.000282212221612603,0.998937422004912,3
"20425",0.00222523839254204,0.00124246612198163,0.996532295485476,3
"20427",0.198725921759608,0.000295759037495709,0.800978319202897,3
"20429",0.991395417279851,0.00668949542278355,0.0019150872973658,1
"20432",0.000228576556696636,2.81263565143839e-06,0.999768610807652,3
"20435",0.916532712667402,0.0310351230892319,0.0524321642433658,1
"20438",0.996347021143433,7.28830680037016e-05,0.00358009578856373,1
"20440",0.99877573250421,8.71556881580751e-05,0.00113711180763171,1
"20443",0.0147145102483957,0.00247412481160371,0.982811364940001,3
"20446",0.579237392149318,0.00258748434641769,0.418175123504265,1
"20449",0.920901137004164,0.0203603508685684,0.0587385121272674,1
"20537",0.74891083361451,0.238450552872115,0.0126386135133753,1
"20540",0.0247325934804782,0.975239304977211,2.81015423110532e-05,2
"20543",0.358853115361771,0.00199848840931726,0.639148396228911,3
"20545",0.00395148492442197,0.995938328255929,0.000110186819648665,2
"20549",0.118826251442196,0.00992454390997907,0.871249204647825,3
"20551",0.978369735010804,0.00316587843085261,0.0184643865583434,1
"20554",0.993546164569426,0.000271692316604051,0.00618214311396968,1
"20556",0.406918340418157,0.217391536188562,0.37569012339328,1
"20558",0.999376804409538,0.000448788904630832,0.000174406685830786,1
"20560",0.955143388251461,0.000262019796416742,0.0445945919521222,1
"20563",0.999288395850849,0.00062614958565482,8.54545634960289e-05,1
"20565",0.798524268650879,0.00251550974806312,0.198960221601058,1
"20567",0.000521831823157082,1.60163265934513e-05,0.999462151850249,3
"20571",0.959508266693778,0.0364625589292332,0.00402917437698854,1
"20573",0.952832709234516,0.00723103821036208,0.0399362525551224,1
"20575",0.999617427756641,0.000285478235396805,9.70940079625539e-05,1
"20577",0.431366531810316,0.00899536300918256,0.559638105180501,3
"20579",0.000153210936863236,2.04502518930469e-06,0.999844744037948,3
"20582",0.999633529799061,0.000326465569174018,4.00046317651581e-05,1
"20585",0.162061489072814,0.832264778299047,0.00567373262813921,2
"20588",0.022693616248542,0.961585193351327,0.0157211904001313,2
"20590",3.26395843371116e-05,7.80838326585693e-07,0.999966579577336,3
"20592",0.999694095913896,0.000252717901730501,5.31861843738595e-05,1
"20594",0.999266699593108,0.000690236350921598,4.30640559702238e-05,1
"20596",0.969239112134358,2.2089963805599e-05,0.0307387979018367,1
"20598",0.99192243243204,0.000283961947359777,0.00779360562059978,1
"20600",0.151215419885761,0.716095331935509,0.13268924817873,2
"20603",0.00392160569249344,0.00902219400352751,0.987056200303979,3
"20605",0.998825290965795,0.000883787125163363,0.000290921909041326,1
"20607",0.998505586636428,4.48435650218878e-05,0.00144956979855014,1
"20609",0.980983339113391,0.000305353502091122,0.0187113073845179,1
"20611",0.000432894095456937,2.02138701139681e-05,0.999546892034429,3
"20613",0.809961241563778,0.0073916701149061,0.182647088321316,1
"20615",0.492446004344574,0.106544084995345,0.401009910660081,1
"20617",0.000148424856722741,4.16105204659989e-05,0.999809964622811,3
"20619",0.999691471649704,0.000127396618633487,0.000181131731662276,1
"20621",0.984385990360113,0.000849477081228383,0.0147645325586588,1
"20623",0.0214740741115005,9.20846675635979e-06,0.978516717421743,3
"20625",0.00427219007299346,0.0414712661214186,0.954256543805588,3
"20627",0.945291383850884,0.00106502126958541,0.0536435948795306,1
"20629",0.875630426719115,0.00552766220524679,0.118841911075638,1
"20631",0.999454342929591,0.000392614149666012,0.000153042920742675,1
"20633",3.74452420888829e-05,4.02145396476581e-06,0.999958533303946,3
"20636",0.00214341023370552,2.46491573698182e-05,0.997831940608925,3
"20638",0.387363572475019,0.150237914641612,0.462398512883369,3
"20640",0.92845381618854,0.0707849879616906,0.000761195849769587,1
"20645",0.992940244937935,0.00705235728248907,7.39777957545517e-06,1
"20647",0.000559014246065086,0.000241069868953976,0.999199915884981,3
"20649",0.973389797916429,0.0140683671958591,0.0125418348877121,1
"20651",0.994563265871436,0.0052901189420955,0.000146615186468638,1
"20656",0.957417369293455,0.0403507279239687,0.00223190278257609,1
"20660",0.137767919303389,0.851891449573461,0.0103406311231507,2
"20662",0.00182074255262213,1.79643730179554e-05,0.99816129307436,3
"20664",0.858820912593213,9.82738581976908e-05,0.141080813548589,1
"20666",0.00682278591788921,0.173696839000732,0.819480375081378,3
"20668",0.000233864204651959,2.75070453438539e-06,0.999763385090814,3
"20670",0.996717621522543,0.000718469364652386,0.00256390911280504,1
"20672",0.000195680584440448,6.88596106545803e-05,0.999735459804905,3
"20674",0.941854217087978,0.000399919277648219,0.0577458636343732,1
"20676",3.77248168610801e-05,6.18022762500352e-06,0.999956094955514,3
"20678",2.98734314963839e-05,8.58756555238522e-07,0.999969267811948,3
"20680",0.00328593864461801,8.45522432285805e-05,0.996629509112153,3
"20682",0.0131653913459579,4.0249627299489e-05,0.986794359026743,3
"20684",0.935805223637535,0.00620626939716101,0.0579885069653042,1
"20686",0.000165157304166412,2.85856584922051e-05,0.999806257037341,3
"20688",5.92518129513276e-05,1.37876802124928e-06,0.999939369419027,3
"20690",0.0883039512414524,0.910684091296674,0.001011957461873,2
"20692",2.68656488384106e-05,1.43470975225954e-06,0.999971699641409,3
"20694",0.000125443436493395,9.16969209570931e-06,0.999865386871411,3
"20696",0.00283866119882006,9.94629109507305e-05,0.997061875890229,3
"20698",0.857584931319651,0.0140435543052204,0.128371514375129,1
"20700",0.987865974119451,0.000881980451202978,0.0112520454293454,1
"20702",0.171650478609541,0.828200059273576,0.000149462116883726,2
"20704",0.926667954056804,0.000893201938264959,0.0724388440049314,1
"20706",0.279662536135925,0.00736415985890137,0.712973304005173,3
"20708",0.000354573516476697,4.33028022267061e-06,0.999641096203301,3
"20710",0.654841377154695,0.334211964158852,0.0109466586864527,1
"20714",0.000592361315797587,2.5873081796337e-06,0.999405051376023,3
"20716",0.996402505127997,0.000281538528550577,0.00331595634345218,1
"20719",0.769691406195242,0.000975659234778926,0.229332934569979,1
"20721",0.999673267376573,0.000262933699506669,6.37989239204267e-05,1
"20723",0.817584839675929,0.00908315551087464,0.173332004813196,1
"20725",0.0187821718550012,0.00120960734170558,0.980008220803293,3
"20727",0.00020247374787744,0.00254820847503264,0.99724931777709,3
"20729",0.000529921011018344,2.72029853833044e-05,0.999442876003598,3
"20731",0.00979033700279626,0.00159959525739188,0.988610067739812,3
"20733",0.951335020148216,0.00612740444777435,0.04253757540401,1
"20735",0.810985039487336,0.0331191805596956,0.155895779952968,1
"20737",0.000121558907105912,1.05607986311841e-06,0.999877385013031,3
"20739",5.21012703439217e-05,1.10437844341446e-05,0.999936854945222,3
"20741",0.0147995040016517,0.000202055432064912,0.984998440566283,3
"20743",0.027905541440908,0.00028481804108123,0.971809640518011,3
"20745",0.998909890529551,0.000629634872454074,0.000460474597995161,1
"20747",0.000623876095225681,3.26873789775053e-05,0.999343436525797,3
"20749",0.000258919528660265,2.99077037153074e-05,0.999711172767625,3
"20751",0.000393606848312531,0.0100546761759388,0.989551716975749,3
"20753",0.00102092152279049,3.85209902983612e-05,0.998940557486911,3
"20755",0.000806289858513803,9.23738435072661e-06,0.999184472757135,3
"20757",0.210471349360664,7.09434769198975e-05,0.789457707162416,3
"20759",0.998412934919877,9.05369655807082e-05,0.0014965281145426,1
"20761",0.0844512230515439,0.000365731201891342,0.915183045746565,3
"20763",0.122981523062641,0.00204499596281989,0.874973480974539,3
"20765",0.0111337948783306,0.000283577505224931,0.988582627616444,3
"20767",0.983384684612618,0.000669566160542583,0.0159457492268391,1
"20769",0.437870679247904,0.554307786871938,0.00782153388015737,2
"20771",0.0724206703921576,1.68482332451736e-05,0.927562481374597,3
"20773",0.0718667104579487,0.000782225778158639,0.927351063763893,3
"20775",0.0193139111058309,0.00164420651379403,0.979041882380375,3
"20777",0.0819670587398975,0.501666038413279,0.416366902846823,2
"20779",0.0147010619232677,0.000800451654817523,0.984498486421915,3
"20781",9.61960597018154e-05,0.936895527895223,0.0630082760450753,2
"20783",0.0525457670373399,6.17248837558378e-05,0.947392508078904,3
"20785",0.00278466810751768,7.11007089061279e-05,0.997144231183576,3
"20787",0.000712594060390193,1.34202207016515e-06,0.99928606391754,3
"20789",0.782131062860044,0.00259434216781198,0.215274594972144,1
"20791",4.27147524347802e-05,3.18249336886458e-06,0.999954102754196,3
"20793",0.771834764302664,0.00249619002118389,0.225669045676152,1
"20795",0.000468195271213806,6.71898301360814e-06,0.999525085745773,3
"20797",9.96511620469461e-05,0.0883463669900686,0.911553981847884,3
"20800",0.000847148444227277,0.000146163782363387,0.999006687773409,3
"20802",0.0306197613188013,0.000280389282352262,0.969099849398846,3
"20804",0.000162205850881335,2.842592417757e-06,0.999834951556701,3
"20806",2.75148586201815e-05,1.89609429039403e-06,0.999970589047089,3
"20808",0.995449589336268,0.000131355997058212,0.00441905466667371,1
"20810",0.00173566789780808,4.20775669957426e-05,0.998222254535196,3
"20812",0.0186193721038498,0.0170404989557009,0.964340128940449,3
"20814",2.06857434030972e-05,5.68071740094887e-07,0.999978746184857,3
"20816",0.966706720192894,0.0134386392296581,0.0198546405774483,1
"20818",0.028543830109616,0.000504972676965179,0.970951197213419,3
"20820",0.000170616967268655,6.7277675857122e-05,0.999762105356874,3
"20822",0.020921131683728,0.000124205124718156,0.978954663191554,3
"20824",0.0022555997671853,7.80062879441758e-05,0.997666393944871,3
"20826",0.000134945223708057,3.3634497287628e-05,0.999831420279004,3
"20828",0.000542481342250532,0.000216850946371785,0.999240667711378,3
"20830",0.000450328749073032,4.77375374373069e-05,0.99950193371349,3
"20832",0.359534124283589,0.000464391337801105,0.64000148437861,3
"20834",0.988326052903802,0.00236214466876578,0.00931180242743263,1
"20836",0.00666607073211019,0.000310547997794908,0.993023381270095,3
"20838",3.78920488574703e-05,1.47187019206825e-06,0.999960636080951,3
"20840",0.922415742577819,0.000680713419037192,0.0769035440031441,1
"20842",0.0037900547731256,0.000112309139037636,0.996097636087837,3
"20844",0.0798458195331976,3.20414784039117e-05,0.920122138988399,3
"20846",0.0171103225207464,0.000118308376535861,0.982771369102718,3
"20848",0.344861620167144,0.00201085190746498,0.653127527925391,3
"20850",0.928055723323799,0.000107340484436524,0.0718369361917649,1
"20852",0.931218156950302,0.00161841948932083,0.0671634235603771,1
"20854",0.000119074984838033,2.46953287710953e-05,0.999856229686391,3
"20856",0.0346267451757764,0.945491108541439,0.0198821462827846,2
"20858",0.996924897250669,0.00137618620487605,0.00169891654445458,1
"20860",0.102914851713766,0.000889535439629549,0.896195612846604,3
"20862",0.999711242933462,6.59712010729019e-05,0.000222785865464764,1
"20864",0.000923296872858645,0.000291820383477151,0.998784882743664,3
"20866",0.998105308368203,0.0018892767870784,5.41484471871861e-06,1
"20868",0.985861783317675,0.00373125068383451,0.0104069659984907,1
"20870",0.0594713496510493,0.00222997365174901,0.938298676697202,3
"20872",0.00199766494536518,8.07756844058087e-05,0.997921559370229,3
"20874",5.26809574302516e-05,2.71789158601192e-06,0.999944601150984,3
"20877",0.978284915943815,0.0183316607172734,0.00338342333891146,1
"20879",0.996695667764666,0.00312796118020799,0.000176371055125569,1
"20881",0.000467540577935227,4.71023699285647e-05,0.999485357052136,3
"20883",0.000144857521457584,0.000206025426453828,0.999649117052088,3
"20885",0.00119882767927628,0.000209544303701754,0.998591628017022,3
"20887",0.853262562793302,0.0105329899311625,0.136204447275536,1
"20889",0.0126376879748272,0.00438437149245607,0.982977940532717,3
"20891",0.995466236125222,0.00436393699304477,0.000169826881733185,1
"20896",0.840163426953693,0.079653858150899,0.0801827148954082,1
"20898",0.045050400817962,0.000506005583527266,0.954443593598511,3
"20900",4.96926511560875e-05,0.103409655378502,0.896540651970342,3
"20902",0.222405276791745,0.7715328537009,0.00606186950735546,2
"20904",0.125092143118228,0.0100425839697908,0.864865272911981,3
"20906",0.977147743604954,0.020031831006971,0.00282042538807457,1
"20908",0.0228664993955691,0.000130881072093365,0.977002619532338,3
"20910",0.0175786305735928,6.52961103530104e-06,0.982414839815372,3
"20912",0.000160008643306682,0.947105530162369,0.0527344611943245,2
"20914",0.988389858094256,0.011593387698703,1.67542070407153e-05,1
"20968",0.00994443026802138,0.00995811767149004,0.980097452060489,3
"20970",0.952734454682434,0.000892039120265373,0.0463735061973006,1
"20981",0.979031575208191,1.74031174850387e-05,0.0209510216743239,1
"20983",1.74971458093669e-05,1.36003123031286e-06,0.99998114282296,3
"20988",0.994154283879039,0.000181070606044478,0.00566464551491705,1
"20995",0.196604456031898,0.719854709763269,0.0835408342048328,2
"21017",0.12502058917671,4.8203473029866e-05,0.87493120735026,3
"21038",0.990654686925484,0.00754627981960092,0.00179903325491515,1
"21072",0.966755264960973,0.00666964695821435,0.0265750880808127,1
"21075",0.946442690691854,0.0533352351048537,0.00022207420329174,1
"21223",0.159320029839732,0.00525908409311365,0.835420886067154,3
"21225",0.000303381336873064,0.99964543924174,5.11794213867644e-05,2
"21230",2.16171632676288e-05,1.91627044771585e-06,0.999976466566285,3
"21236",0.01183218194306,0.000111650231710402,0.98805616782523,3
"21238",0.169020733166138,0.641403943187748,0.189575323646114,2
"21241",0.995398785397186,0.000557575711499774,0.00404363889131393,1
"21246",0.972744440477866,3.50151338843724e-05,0.0272205443882499,1
"21253",0.000173712470688341,2.9626619760326e-05,0.999796660909551,3
"21256",0.00512678740019444,0.000194012534335508,0.99467920006547,3
"21260",0.00874683058165238,0.991205721920636,4.74474977118673e-05,2
"21266",0.989772328751574,0.000374364443173228,0.00985330680525266,1
"21332",0.991756332452447,7.55252126410568e-05,0.00816814233491206,1
"21334",0.055486077862463,0.0159361738069193,0.928577748330618,3
"21375",0.99902077600547,0.000737954101097054,0.000241269893433199,1
"21378",0.99630891936836,0.0036744576702046,1.66229614352734e-05,1
"21381",0.987659885419096,0.0117479795679493,0.000592135012955304,1
"21389",0.000807291797540326,5.67767241589532e-06,0.999187030530044,3
"21391",0.953576760111029,0.000745196343057141,0.0456780435459142,1
"21402",0.996902127418408,9.97124515568503e-06,0.00308790133643646,1
"21404",0.726474533816695,0.269642582295481,0.00388288388782305,1
"21409",0.944257521491006,0.0436178396666341,0.0121246388423599,1
"21413",0.688490942928546,0.100831068607149,0.210677988464305,1
"21423",0.996364773553596,0.00313593539532812,0.000499291051075935,1
"21425",0.931934829142936,0.0277064520443782,0.0403587188126858,1
"21430",0.007818321041709,0.982795538409633,0.00938614054865772,2
"21432",0.980427165310331,0.000202615021393415,0.0193702196682757,1
"21438",0.995224640149955,0.000934455795287892,0.00384090405475745,1
"21440",0.925927918136131,0.00296759950746165,0.0711044823564075,1
"21443",0.000652870213356511,1.16615675377355e-05,0.999335468219106,3
"21445",0.00135900445851525,0.997684926647304,0.000956068894181223,2
"21447",0.995826655031938,0.00408797208152654,8.53728865358798e-05,1
"21449",0.998517681785142,1.31009156403899e-05,0.00146921729921778,1
"21451",0.998517681785142,1.31009156403899e-05,0.00146921729921778,1
"21455",0.999171364242403,1.33010644894512e-05,0.000815334693107785,1
"21469",0.885803698060911,0.114182987199171,1.33147399178635e-05,1
"21471",0.768497695315395,0.231110014430203,0.000392290254401894,1
"21473",0.0496409155333297,0.00487037446925984,0.945488709997411,3
"21476",0.353637441083587,0.0175490824839106,0.628813476432502,3
"21478",0.0543133797194654,0.00676018957519668,0.938926430705338,3
"21481",0.00140667609793642,7.6720856732336e-05,0.998516603045331,3
"21490",0.993001159008183,0.00406882921847851,0.00293001177333876,1
"21493",0.976971409297984,0.0230130219586092,1.55687434067309e-05,1
"21495",0.748494728286623,0.00750873413523582,0.243996537578141,1
"21500",0.985557601787204,0.0012096801211753,0.0132327180916207,1
"21504",0.864774606230422,0.00165135878926048,0.133574034980317,1
"21507",0.983285292651417,0.0166324694973165,8.22378512667031e-05,1
"21512",0.995802856617448,0.00218486505026362,0.00201227833228798,1
"21519",0.032918145744981,0.000173211437518998,0.9669086428175,3
"21522",0.00327605691692031,0.884010007567481,0.112713935515598,2
"21524",0.995994654203816,0.000190262779055897,0.00381508301712795,1
"21528",0.998358833007723,0.00148590790906538,0.000155259083211745,1
"21532",0.844230779550354,0.0897386090303284,0.066030611419318,1
"21543",0.117747386674009,0.0272171267934247,0.855035486532567,3
"21546",0.877478441521491,0.0419023192161404,0.0806192392623683,1
"21550",0.996186261111443,0.00369265442379134,0.000121084464765312,1
"21554",0.99955972005057,7.81894793280339e-05,0.000362090470102285,1
"21557",0.00838932749696936,0.050635618100392,0.940975054402639,3
"21560",0.982770355572799,0.0171839340287961,4.57103984051499e-05,1
"21564",0.473553790809668,0.000128715402264751,0.526317493788067,3
"21566",0.999175675423421,0.000599220706468359,0.000225103870110375,1
"21569",0.889397909648256,0.0182963344363132,0.0923057559154312,1
"21574",0.00288091094884899,0.00162401638588182,0.995495072665269,3
"21576",0.0137586087877268,6.12522297619898e-05,0.986180138982511,3
"21578",0.000274183825548582,2.88317700851259e-05,0.999696984404366,3
"21580",0.0174434093886542,9.46119660539209e-05,0.982461978645292,3
"21583",0.9986879655343,0.00125469314200429,5.73413236956408e-05,1
"21585",0.000449909891875774,4.00938326957827e-06,0.999546080724855,3
"21587",0.00249293138593758,0.000549221040265151,0.996957847573797,3
"21589",0.00262410773418948,0.00283369741252839,0.994542194853282,3
"21593",0.0021499371918309,0.429449502422651,0.568400560385518,3
"21595",0.000639332822277578,0.0343989502326606,0.964961716945062,3
"21597",0.188272048226212,0.000167137724281645,0.811560814049507,3
"21599",2.12472887137032e-05,5.54856169977247e-07,0.999978197855116,3
"21601",0.604639212701841,0.0802328173470817,0.315127969951078,1
"21603",6.16547747748278e-05,1.15515406661177e-06,0.999937190071158,3
"21605",0.000276193242631675,3.41111496361374e-05,0.999689695607732,3
"21607",0.0854863686820581,0.0423555246058327,0.872158106712109,3
"21610",0.23688174095424,0.00499788272726749,0.758120376318493,3
"21612",0.000473022764042676,1.89001139199331e-05,0.999508077122037,3
"21614",0.537891195628252,0.0236484790510846,0.438460325320664,1
"21616",0.0725514490285286,0.0102459828535157,0.917202568117956,3
"21618",0.792245713459537,0.205177163587669,0.00257712295279443,1
"21620",0.000483923705450849,1.31341063702305e-05,0.999502942188179,3
"21622",0.980016484416944,0.0194792423066005,0.00050427327645543,1
"21624",0.0122259629613455,0.00340337918985798,0.984370657848797,3
"21626",0.312908084951948,2.85811023513198e-05,0.6870633339457,3
"21628",0.8586174980206,0.0135706454312944,0.127811856548106,1
"21630",0.0423210296542842,0.000356604900276879,0.957322365445439,3
"21632",0.83696015137424,0.00342395542072818,0.159615893205032,1
"21634",0.955827719936955,0.000893970217886112,0.0432783098451587,1
"21636",0.00262469331293206,0.000934060393256854,0.996441246293811,3
"21638",8.66127005500248e-05,6.44898730689151e-05,0.999848897426381,3
"21640",0.289191269176221,0.00565299114305111,0.705155739680728,3
"21642",0.00583481181453205,0.000193094190781703,0.993972093994686,3
"21644",4.97198820167495e-05,0.0748158799899608,0.925134400128023,3
"21647",0.000275829305605753,4.73684245081214e-05,0.999676802269886,3
"21649",0.00557736985744387,0.000339743018709721,0.994082887123846,3
"21651",0.0189622951799682,0.00360290028020126,0.977434804539831,3
"21653",0.00143412931416733,0.573801545478548,0.424764325207284,2
"21655",5.00810997470913e-05,7.53972396808059e-06,0.999942379176285,3
"21657",0.00442479689537084,0.000281643355831698,0.995293559748798,3
"21659",0.00172198433071388,9.69512618947611e-05,0.998181064407391,3
"21661",0.00260078105649061,0.000507827848343243,0.996891391095166,3
"21663",0.00131997537991882,6.29823710878064e-05,0.998617042248993,3
"21665",0.000593904267815359,0.00109705999810724,0.998309035734077,3
"21667",0.912725752547633,0.000349975311680576,0.0869242721406865,1
"21670",0.750738982666398,0.00528666427684082,0.243974353056761,1
"21672",0.0405525123237814,0.00269468244184472,0.956752805234374,3
"21674",0.99908414094003,0.000516458659746428,0.000399400400224097,1
"21676",0.987190656609801,6.57357751703856e-05,0.0127436076150288,1
"21678",0.0050463254103676,0.962443656658426,0.032510017931206,2
"21680",0.00129607756611724,0.00197661145944945,0.996727310974433,3
"21685",0.972585766741747,0.00586162297849405,0.0215526102797589,1
"21687",0.0593444775405284,0.656416158236823,0.284239364222649,2
"21690",0.00125616606738516,0.000219937189141082,0.998523896743474,3
"21707",0.99934531955107,0.000514452214168513,0.000140228234761603,1
"21710",0.0680947453484989,0.930249746239211,0.0016555084122904,2
"21713",0.996274911203633,0.00121652823933105,0.00250856055703587,1
"21718",0.165840624038914,0.808680522991358,0.0254788529697287,2
"21721",0.00213005322577153,0.862487595302594,0.135382351471634,2
"21723",0.980030694889969,0.0199360226775177,3.32824325130283e-05,1
"21726",0.999870618960822,5.09681991132974e-05,7.84128400644028e-05,1
"21729",0.000508594028548596,0.00398877901211205,0.995502626959339,3
"21733",0.000183491587937841,6.07994972294492e-05,0.999755708914833,3
"21735",0.140708434922455,0.805627999826538,0.0536635652510075,2
"21739",0.98471011901459,0.000569124122722717,0.0147207568626875,1
"21741",0.995183070473761,0.00063172224531094,0.00418520728092773,1
"21744",0.968805318727835,0.000407174034716792,0.0307875072374484,1
"21746",0.997253545352781,0.00272004954719456,2.6405100024551e-05,1
"21748",0.990910376730381,0.00808367099788443,0.00100595227173505,1
"21750",0.00196554650427224,1.65003769245777e-05,0.998017953118803,3
"21752",0.981548362052232,0.00244959686837217,0.0160020410793957,1
"21755",0.691278763600834,0.00121663279891791,0.307504603600248,1
"21757",0.109696309948222,0.0114612944037233,0.878842395648054,3
"21760",0.196604456031898,0.719854709763269,0.0835408342048328,2
"21762",0.999209774180445,0.000752900300507134,3.73255190481967e-05,1
"21764",0.000339035341178366,2.28221090453695e-05,0.999638142549776,3
"21766",0.997855837480395,0.00206382594098647,8.03365786180793e-05,1
"21768",0.426077628234455,0.0050070502124639,0.568915321553081,3
"21770",0.543618442643947,0.0013269966391506,0.455054560716903,1
"21773",0.963889502841748,0.0360975367331138,1.29604251380661e-05,1
"21775",0.0668931831184196,0.000503463765859471,0.932603353115721,3
"21777",0.000518674838820956,7.48580021993448e-05,0.99940646715898,3
"21779",0.52041644768376,0.0376523661612318,0.441931186155008,1
"21781",0.942347631014933,0.000506745893491495,0.0571456230915753,1
"21784",0.996585993903194,0.00165526102934699,0.0017587450674589,1
"21786",0.239901952475522,0.000198648347643682,0.759899399176834,3
"21789",0.873072836360238,0.00581822471587049,0.121108938923891,1
"21791",0.99452438996754,0.00422212061101861,0.00125348942144189,1
"21794",0.0622936236733623,0.0037485737303982,0.93395780259624,3
"21797",0.0265268410858594,0.941096830190008,0.0323763287241328,2
"21800",0.132343157177814,0.867586159469347,7.0683352839666e-05,2
"21802",0.92651679092485,0.0343058526953556,0.0391773563797947,1
"21804",3.74362355260887e-05,0.997302790416202,0.00265977334827133,2
"21806",0.00962046509184842,0.877775313375491,0.112604221532661,2
"21808",0.0348629318671363,0.5666110336438,0.398526034489063,2
"21811",0.204992954714238,0.781611656632468,0.013395388653294,2
"21815",0.995975964013208,0.000500874558193381,0.00352316142859909,1
"21817",0.00962062867596233,0.972594218463399,0.0177851528606383,2
"21820",0.922406019915694,0.0728603535841635,0.00473362650014237,1
"21822",0.0233189965898058,0.000636894981334842,0.976044108428859,3
"21824",0.0299874804437705,3.36865689133815e-05,0.969978832987316,3
"21826",0.999241494761173,0.000578981744705993,0.00017952349412118,1
"21828",0.49000700139069,0.000113933844676842,0.509879064764634,3
"21830",0.0139203580150671,6.11946719485661e-05,0.986018447312984,3
"21833",0.139440806445337,6.5146243251433e-05,0.860494047311412,3
"21835",0.139440806445337,6.5146243251433e-05,0.860494047311412,3
"21838",0.828724240105181,0.169956670616318,0.00131908927850059,1
"21840",0.99092096250048,0.00903437944588542,4.4658053634966e-05,1
"21842",0.673130579774565,0.323827860934749,0.00304155929068565,1
"21844",0.161202010322215,0.000103215001082005,0.838694774676703,3
"21847",0.964091456577488,0.00167596812648968,0.0342325752960221,1
"21849",0.213381747287628,0.00124595148553533,0.785372301226836,3
"21852",0.804680577780828,0.101889356344144,0.093430065875028,1
