"","V1","V2","V3","V4","V5","V6","V7","V8","best$classification"
"19811",0.000400895512695931,0.00134444801668625,0.000458109649216323,1.80753743377326e-05,1.86960307769467e-07,6.21647834155058e-10,0.0272867748498577,0.97049150901525,8
"19813",2.20570126758619e-08,4.6492537006864e-07,1.17166342192641e-06,5.20742958465514e-08,2.19164048935122e-08,6.98385280148893e-12,0.999987759644529,1.05077119821744e-05,7
"19815",6.6942439795073e-06,0.0311250352331769,0.0142351693312405,0.00175487030278748,2.10039251963965e-05,2.56536033532869e-05,9.1840900185113e-07,0.952830654951264,8
"19817",0.000339546006436087,0.00344697019086867,0.00412260193903792,0.000102488524678699,5.04527086665335e-07,1.89053306570659e-07,3.22841905006177e-06,0.991984471339535,8
"19819",1.19857094270659e-07,1.84857771809733e-05,0.0848822126643411,9.70341273907803e-05,0.266845395382363,0.648154490226669,8.48106536109119e-11,2.26188015077811e-06,6
"19821",0.012773189552841,0.000436644976781946,0.00562556822080751,8.45343470969206e-07,1.89695240876318e-05,7.32101795657316e-09,0.00899000652557153,0.972154768535421,8
"19823",6.00730650416804e-05,0.000414207700040117,0.00276789205706912,0.598050341450141,2.05548013036324e-06,0.000802642938064727,7.96918924284033e-07,0.397901990390588,4
"19825",0.904747296460843,0.00345229053421631,0.00749968037995428,6.9358261497166e-06,0.0801841192134926,0.000125240012238171,0.00328459378440419,0.000699843788701562,1
"19827",0.366208957952001,5.71844521096973e-05,0.0037668050018704,0.000271143824194682,3.63715596200765e-06,3.41648081825669e-06,2.36754733109361e-07,0.629688618378311,8
"19829",0.00589674139044613,0.000213794537503376,0.860522977474494,1.49008254123818e-07,0.132888948073001,0.000138224367155784,1.86028581707954e-06,0.00033730486332802,3
"19831",1.92494345770398e-07,5.25955905349644e-05,0.748332563811332,0.0034990806013805,0.131247483687776,0.116848422054053,4.02679327901819e-07,1.92590812500473e-05,3
"19833",2.11222712902989e-05,0.00212905744586814,1.02817214284703e-06,0.825229109867349,1.33224862296205e-05,0.17260392957586,2.17267606444826e-06,2.57505196565421e-07,4
"19835",0.012773189552841,0.000436644976781946,0.00562556822080751,8.45343470969206e-07,1.89695240876318e-05,7.32101795657316e-09,0.00899000652557153,0.972154768535421,8
"19837",0.0209626202881575,7.57185453561254e-05,0.0214915436189265,2.06487496528649e-05,5.08792510383737e-06,3.01919734277454e-07,1.60952366448696e-06,0.957442469429404,8
"19839",0.0316517544323178,0.00157976491845043,0.619648682012291,9.66315233528129e-07,0.34419526986307,1.43084328537714e-05,0.00168377912648726,0.00122547489929558,3
"19841",0.999965055376324,3.21726109607925e-08,1.30656599346734e-06,1.5747639149159e-09,2.23188499083539e-06,2.161390158327e-09,2.57227379661616e-05,5.64752596026446e-06,1
"19843",7.91154944738057e-09,0.00205313698642932,0.0245159631265195,3.14559702114128e-07,0.961324934109401,2.83712521331412e-05,0.0120755101762921,1.76187797257941e-06,5
"19845",6.90894130080078e-06,0.000142793835441275,1.95349710747285e-05,1.84012514936145e-05,3.47955581190251e-08,2.23972549612519e-10,0.924931866089324,0.0748804598918349,7
"19847",8.51647557562004e-06,0.0259856627116645,0.0632291958078995,0.000687524236744395,0.000128227784779062,2.3993904949789e-06,0.0065369936092717,0.90342147998357,8
"19849",5.50080746214003e-08,1.06173978580481e-07,1.36667962310506e-07,6.29212277432812e-08,1.9138593990027e-09,1.34981572737293e-12,0.999964909207549,3.47281059988498e-05,7
"19851",1.42916927507559e-05,0.000970581585402052,0.000800005179145427,0.000310255740464239,1.57747901231828e-07,1.15850587196849e-07,8.28344834176879e-06,0.997896308755407,8
"19853",0.000152309643788384,9.14045199866944e-05,1.34908352916528e-05,0.0624003294637806,1.81860188882585e-09,6.09752314557457e-08,0.00733180632657233,0.930010596416747,8
"19855",0.0016222773359041,0.000138012201242387,0.000219501140329284,0.000387847965562371,6.77238428830977e-09,8.92708304634627e-09,0.000430498365393121,0.997201847292101,8
"19857",0.0149752330064195,0.00839543826383773,0.216792511856214,5.1504905494235e-06,0.000114804439787904,4.89966860760395e-08,0.0134731212292942,0.746243691717211,8
"19859",0.0102644532192118,0.00314796661237349,0.0409612269023678,0.000653533329735285,7.09353712343124e-06,3.02921442513255e-06,8.70065761904909e-06,0.944953996527144,8
"19861",1.59943968544732e-05,0.000509047072343599,0.000471041546248799,0.000131864103782279,1.85840194426449e-07,2.54463939355688e-09,0.0953322320382119,0.903539632457725,8
"19863",0.00515348671054897,2.32430395414618e-07,3.38580692955198e-08,2.15452837577112e-08,5.60523919376837e-09,3.28296398270877e-12,0.994830508062614,1.57117845660298e-05,7
"19865",0.998197306846631,3.46783079991382e-06,4.49336879451817e-06,2.12089714896128e-08,5.93491457139143e-08,7.54034004884177e-10,5.54472738508234e-07,0.00179409616888506,1
"19867",1.12858054799449e-06,0.0115100213653506,0.0048697978591107,0.000284414014538571,1.42946558822278e-05,3.50302272466795e-07,0.00469423298995502,0.978625760232342,8
"19869",2.41833800681655e-05,9.96968497025635e-07,1.34643192562133e-06,5.83100130357812e-07,1.53679768672443e-09,2.96009959437029e-12,0.992389187788055,0.00758370079156658,7
"19871",0.0370938376638802,0.000983842669917901,0.119077728619123,0.000198081035715216,1.86759503923118e-05,5.45443338886217e-06,1.17287708610202e-06,0.842621206750496,8
"19874",0.761801013510585,0.000478567806249374,9.38868802410304e-05,5.2109640786057e-05,1.4665241066852e-07,9.8214403798491e-08,2.56624192221902e-06,0.237571611053402,1
"19876",0.143863669197726,1.52412425277714e-05,4.57045880001613e-05,8.27660985633923e-06,7.63498622208233e-09,5.63507069061383e-10,0.000141822466801995,0.855925277696595,8
"19878",1.13403572415968e-06,0.997618754059297,0.000147337642136456,1.04920202737477e-06,0.00203484762333611,1.63768029053283e-05,2.08676006098971e-06,0.000178413874512993,2
"19880",0.998549173577005,7.7030307309103e-08,3.56854719099909e-07,6.13664640431414e-08,9.38205328684857e-10,4.25844331220469e-11,6.43650794057762e-06,0.00144389368277393,1
"19882",0.000594523506921348,0.00860178096615005,9.32912780011184e-05,0.000160226735096185,3.27866214594004e-07,7.25747948478262e-09,0.179577196636614,0.810972645753524,8
"19885",0.000340042847200144,0.00787464859190602,0.126189659750305,7.54216680992364e-06,5.76752835664193e-05,4.57716930241315e-07,4.99316985619219e-06,0.865524980473426,8
"19907",6.95003794356691e-06,0.0120559039717071,0.00107554335029148,6.42430428652842e-05,4.35965498712045e-06,4.83004193541247e-08,0.0477586649522103,0.939034286689576,8
"19909",6.96109823897336e-07,9.34458542218779e-06,0.979962942160668,2.73579340126736e-07,0.0193915359469521,4.41354291713863e-06,2.89069386148125e-05,0.000601887136261646,3
"19911",0.00660705487797204,0.000136930939031163,0.962598239453955,1.64103428260291e-05,0.0283847945317915,0.000122257579487545,4.34473103076182e-06,0.00212996754390571,3
"19913",0.99999209707577,1.69861509819408e-08,1.26192407707166e-07,1.64899242708831e-08,1.33187450817155e-08,1.03479438795683e-09,1.53396589204448e-07,7.57550561876937e-06,1
"19915",0.293865301980524,0.000146565673043261,0.000181693800816002,4.35534695303052e-05,8.54346000747824e-08,6.21063073510888e-08,9.69311419074597e-07,0.705761768223759,8
"19917",0.991550407839358,2.83328619436625e-05,0.000130572567400106,1.60178222969521e-06,6.9035151600403e-07,2.27132779339104e-08,1.15852562308639e-06,0.00828721335865101,1
"19919",0.120287717199976,0.00487920566829662,0.0041781263179062,0.000110063019437511,2.28365969209566e-06,9.99305811574018e-07,7.37688153493183e-07,0.870540867140727,8
"19921",3.90533435866368e-06,0.00557799935917005,0.00337672835845186,0.000118414705530651,1.45382726066493e-06,8.79069270224919e-08,0.000127646217582451,0.990793764290719,8
"19923",4.81596456617713e-08,0.99203003745897,0.00081263273867928,0.000504435516534227,0.000193427141074388,6.75768303605311e-05,7.44214952744927e-06,0.00638440000520818,2
"19925",0.938274080665143,0.000103645435421614,5.69487273443805e-05,4.65258742884627e-06,1.36155744618515e-07,2.87917535468534e-08,3.93700645978343e-07,0.0615601139365177,1
"19927",7.44231229679896e-05,0.000242749917298428,0.00168663502094501,0.000152717125376474,1.15888136815522e-07,5.23758900937299e-08,1.07125965275455e-05,0.997832593952858,8
"19929",0.54780237395728,7.65180815606854e-08,2.13088973828126e-07,4.25160568082274e-08,1.24870065696239e-08,7.64755309227433e-12,0.452059334799065,0.00013794662588843,1
"19931",0.000447826336768393,0.00101699627876193,0.00950573412623968,0.00022915887379487,4.98115554205643e-06,1.90922867043908e-06,3.94763534537493e-07,0.988792999236688,8
"19933",0.000204283949498685,0.000145617488458408,0.935648897404464,1.26656994084981e-05,0.0119805671227889,0.000182121367609867,9.21053742284156e-08,0.051825754862398,3
"19935",0.000875496607301162,0.0185923990912622,0.225819685342462,2.41750200207043e-06,0.00496567307945678,6.66532470466227e-07,0.000495390393854848,0.74924827145119,8
"19937",6.88639058966486e-06,0.00365648113238183,0.00415665202378952,0.00154936156741211,1.60694005876847e-06,4.06557580039186e-06,1.16199260011198e-06,0.990623784377368,8
"19939",0.000755054495419187,0.278933554704167,0.00226456958673183,6.37302015259117e-05,8.76388407987898e-06,2.75496965061823e-06,2.59183076845489e-06,0.717968980327657,8
"19941",0.0403886361638404,1.17397591116664e-05,0.807682014555567,1.67628793161702e-06,0.149989613169461,1.99281998314095e-05,0.000163021521999198,0.00174337034225762,3
"19943",0.999498256632815,7.534120371359e-07,1.5921501981254e-06,3.01318921208978e-07,1.21415637748865e-08,7.16254460338046e-09,4.06788707020228e-08,0.000499036503048905,1
"19945",8.9755959853326e-06,0.00348628829129298,0.953770830614694,3.91819533347883e-05,0.031138547436074,0.000532089179481787,4.74732551225761e-08,0.0110240394558819,3
"19947",0.703895765082677,0.0002178392266229,0.269287668814991,1.44826309395354e-05,0.0051449659566933,1.959911342072e-05,0.017200386479592,0.00421929269506381,1
"19949",3.76801203484358e-07,0.969992097606565,0.00828063881617154,0.000142287058298962,0.00341573930999884,0.00068853886808695,2.09980070518435e-07,0.0174801115596044,2
"19951",0.718287256659652,0.053520063105083,0.0015986566880108,1.36344437382476e-05,5.46884503861606e-05,1.35571530699708e-06,5.18178202013535e-06,0.226519163155803,1
"19953",1.77020043354328e-08,0.00177752124552327,0.0647582892353547,0.0455057409387222,0.0376068701086179,0.85017487818127,1.97006979008434e-08,0.00017666288780919,6
"19955",1.09789932508923e-06,0.281243160612653,0.547054607611937,0.00159977171222897,0.14832083855101,0.0215049880850241,8.54055349680217e-06,0.000266994974324365,3
"19957",0.925733960411861,0.000169671763212309,0.0177165520078722,0.006443560961921,7.00078508217022e-06,4.20330432205257e-05,1.14987082883001e-05,0.0498757223185424,1
"19960",0.000203821888631851,0.00471739685795912,0.700297152804557,2.16226140187922e-07,0.294322577521013,0.00011234927222037,3.0867408924788e-05,0.000315618020553053,3
"19963",0.913720501811695,2.09176854267786e-06,5.14190591503343e-05,0.0828411256325275,3.82285529240436e-05,0.00321674648366243,2.15793522936839e-05,0.000108307339204719,1
"19965",7.11111486249666e-09,0.128548268873101,0.10124797563594,1.14298962913208e-06,0.769802876525208,0.000347793308802049,3.69825375573345e-05,1.49530186472176e-05,5
"19968",0.762243008627009,3.02035356903763e-05,0.00141510273642697,3.33322284215583e-09,0.000147808656835624,4.21111712860033e-10,0.224282652136335,0.0118812205533685,1
"19971",0.998796696715551,1.27586268492996e-05,3.32342445365739e-05,1.62691452419786e-05,0.000175549639550393,0.000962864906936419,1.40135231493398e-07,2.48658610294226e-06,1
"19973",0.00193145656488566,0.000466723024546293,0.00190497140669682,3.8722558202227e-06,4.89659864133058e-07,6.60882083277132e-09,1.51981912011364e-05,0.995677282288165,8
"19975",0.975300612877055,3.46996270710277e-05,0.000133533420820569,5.8876602831139e-08,5.22285891495936e-07,9.08672259554415e-10,1.48942328725644e-05,0.0245156777710139,1
"19977",0.999113747188124,0.000542426926216127,9.87785145231738e-06,2.52500019258911e-05,7.17318545238972e-06,2.19040071756398e-06,5.58313341183648e-05,0.000243503111993114,1
"19979",3.10115561672229e-07,4.81452207439111e-06,0.0495401461305273,8.32545507786173e-09,0.947317442956399,0.00313719224467609,1.12383427888739e-10,8.55929228909807e-08,5
"19981",0.00017632637441774,0.000629771052973601,0.550882954836087,5.58471691404833e-05,6.82311880718572e-05,4.1892999827576e-07,0.000424202157799762,0.447762248291511,3
"19983",1.4449831826773e-05,0.308884878281528,0.335829747715545,0.00012534696020016,0.000328139626705356,5.43325827559084e-06,0.000374579262905892,0.354437425063013,8
"19985",0.748857725780665,0.000100933194003068,4.28242954749338e-05,5.88555252461394e-06,1.8710876506952e-08,2.0110877434918e-09,1.98952234430163e-05,0.250972715231925,1
"19987",0.0264148565517542,0.000241608531695637,0.396832956077647,2.3056136442644e-05,0.000672500577806335,1.02138351723088e-05,2.08987973053476e-06,0.575802718409752,8
"19989",9.88201186279533e-10,0.000112934403226247,0.0715074841992779,9.17865589772241e-07,0.904914799715231,0.0234619818582041,2.96690919100651e-10,1.88067357855547e-06,5
"19993",0.0112280848011084,0.74486149521401,0.0763403289062021,4.64098366740911e-06,0.0243470338438165,0.000309760551243805,2.96309850637058e-07,0.142908359390102,2
"19995",0.00450652633033063,0.0472974525855061,0.706039070842993,8.01615782918061e-06,0.140097439077783,0.000144247381216943,3.75515619001074e-06,0.101903492468151,3
"19997",0.00352055975948245,0.000295831791468731,0.000496603517467405,5.67275457819179e-05,1.3240267718761e-07,1.61411236434687e-08,1.45639355403753e-05,0.995615564906458,8
"19999",0.0179064600631855,3.20005601686686e-05,0.000134613934419157,8.34297318124236e-06,9.26174700658762e-09,3.61942576577057e-10,0.000406012694349957,0.981512560151006,8
"20002",0.43770376421396,3.12838701135386e-07,2.61118605643423e-05,1.85811083354524e-06,7.40182321345986e-05,5.3557414064355e-08,0.561931357590622,0.000262523595770353,7
"20004",0.00125511230389532,1.11055471564409e-05,0.953146832443845,1.28934390854104e-06,0.0271034513699616,5.56129981036324e-06,8.2081350668776e-05,0.0183945663407544,3
"20006",0.000472966330203006,0.381069242581711,0.504120947426538,9.56911047731959e-05,0.11051581298025,0.000714598252629116,0.00156994492823085,0.00144079639566529,3
"20008",3.69756608024407e-05,0.835767505658521,0.00556933799685587,6.84501091413085e-05,0.156556365039286,0.00104875331574668,2.42484799129917e-05,0.000928363739734165,2
"20010",1.42510641932136e-06,0.474365149307629,0.376768196670858,0.000232609398196442,0.110752864544427,0.0347322592731666,4.77670576569582e-09,0.00314749092259794,2
"20012",0.754913443353733,0.0022928652572362,9.18487071566137e-05,7.23762502448843e-07,1.3996734871181e-06,3.89888681621224e-09,0.00724575962896509,0.235453955718033,1
"20015",5.43770035668181e-09,0.00104496973495786,0.0157686662946029,2.02830080790813e-10,0.983177460521532,8.12725268960638e-06,1.7846725988348e-07,5.92088426754119e-07,5
"20017",0.00852562025954705,5.17276248260954e-05,0.000763794422737426,1.0803829175969e-05,4.17947888357666e-08,8.66335981719691e-10,0.00128872077442249,0.989359290428166,8
"20019",5.37643897179573e-10,0.000114061213632974,0.00283294069943428,1.00038333605232e-08,0.984037339621388,0.0130156450525159,1.28775620460396e-11,2.85867447534771e-09,5
"20022",3.52389051700596e-07,0.00425292962296741,0.92205771435315,3.99650426273433e-06,0.071917476954087,0.00141644392733287,4.21275800358792e-09,0.000351082036390276,3
"20024",6.41423128016528e-09,0.00011370112983148,0.00803586616447377,0.000240977247223173,0.197780610521658,0.793828607704239,1.69058308189003e-08,2.13912512970992e-07,6
"20026",6.41423128016528e-09,0.00011370112983148,0.00803586616447377,0.000240977247223173,0.197780610521658,0.793828607704239,1.69058308189003e-08,2.13912512970992e-07,6
"20028",0.051144410448919,1.18130316680967e-05,9.69568391171731e-05,3.39673658531987e-05,1.89487973839994e-08,2.78400070761483e-09,4.46012644856223e-05,0.948668229317159,8
"20030",5.78384467265504e-05,5.28144611972242e-06,0.22490016425361,5.19305621335586e-09,0.774999944399663,1.85453752650731e-05,3.16682557356036e-06,1.50540599855698e-05,5
"20033",0.164642125022485,0.000185205468997547,0.0189815381682758,9.50239952847013e-06,8.6296727247898e-06,1.99309092545494e-07,1.60335746585229e-05,0.816156766384237,8
"20035",7.32580553588743e-10,0.000244689120848009,0.00466098279882375,2.01983159649985e-08,0.970134730364458,0.0249595627038169,4.36084864371143e-11,1.40375485244486e-08,5
"20037",1.67117327841092e-11,0.000536729788707563,0.0061850265992144,1.00238515012211e-08,0.99220301057753,0.00107520290810834,1.99746128978098e-09,1.80884147444106e-08,5
"20039",6.57527121379353e-12,2.1289440431276e-05,1.79013201922254e-06,0.00219847219174621,8.54502286585121e-05,0.997692994326765,1.13396996608099e-11,3.66246462092663e-09,6
"20041",2.09695718301072e-05,0.973026007484567,0.0224785475523987,0.000375242868028067,0.000334052498208222,0.000242664846870324,2.10613912162415e-06,0.00352040903897615,2
"20044",0.00148065210457327,0.828673318572155,0.14152550550623,0.00155527480700946,0.00308559673606318,0.00295525062390539,1.18878915496215e-05,0.0207125137585143,2
"20047",9.32293303265514e-09,4.32402331621898e-06,0.00348822305659926,3.51233176683316e-08,0.953875774436025,0.0426316330075666,8.9856372676633e-12,1.02125697283422e-09,5
"20050",8.43954888717192e-06,0.466976018859605,0.0059685908663031,0.00226432896524025,0.0166953808509076,0.507144534176013,1.51959993207466e-10,0.000942706581083338,6
"20052",0.0312822626080132,0.0269937177187561,0.149708231642754,0.00105932542460404,0.00035195923857087,0.000160940965675297,2.01054300326393e-07,0.790443361347326,8
"20054",1.90529295335361e-06,0.000148945645202424,0.744830372521081,2.27956362218395e-09,0.254968344707065,2.51111526722187e-06,1.01078636742421e-05,3.78105751931541e-05,3
"20056",0.998880217353125,1.33221698540708e-06,4.23731195565401e-05,2.76309567793958e-07,1.05262956588079e-05,2.24931436809113e-07,1.45365359443072e-07,0.00106490440831011,1
"20058",2.11764509635471e-10,0.000257074553230782,0.0844610388193132,3.48750724777587e-07,0.909849651630066,0.00543055375986161,4.83028550517281e-09,1.32744475349404e-06,5
"20060",0.000105382024654014,0.00129935494540004,0.0037399981119439,3.42120748869463e-05,9.04432501220886e-06,5.03539386865027e-07,5.50739369584107e-06,0.99480599758502,8
"20062",6.59999763766051e-05,0.280214288397028,0.0251092650866893,2.2577568679216e-05,0.000206087668462647,2.00906475027915e-06,1.20472811382626e-05,0.694367724956875,8
"20064",4.64826090306272e-05,0.000155991503799545,0.962492559016849,3.08609748382721e-07,0.0346673388259937,3.66504208423799e-05,2.40341625288458e-08,0.0026006449795743,3
"20066",3.06154885217313e-06,1.60381364402527e-06,0.0472500992437712,1.16445975835203e-09,0.952657041742036,8.7509400530467e-05,2.4443921324213e-07,4.38647493045951e-07,5
"20068",2.31840976083004e-05,0.00955334924922261,0.00100454173069069,6.47715841480072e-05,3.78781104687411e-07,1.52510032112556e-08,0.000622758323577758,0.988731000982645,8
"20070",1.49566970262923e-05,0.0197438457326215,0.00128243018654873,0.0147755398941213,9.46963191655257e-07,3.41745105952129e-06,2.67238849001897e-05,0.964152139190531,8
"20072",7.75581829243337e-09,0.0127039671063214,0.236707964614993,2.17145566854436e-07,0.745852496232928,3.50338137930914e-05,0.0046420829893091,5.82303412704395e-05,5
"20074",0.999767641211343,6.85412324033335e-08,3.31794569622187e-08,1.89351566803682e-08,2.28946523676466e-09,2.95847281103366e-11,0.000206329681242748,2.59061325179968e-05,1
"20076",0.615524081819107,0.000229053629252085,0.0428281964529705,1.25504732504153e-07,0.000385045574371242,6.60374376410605e-09,0.317340859157486,0.0236926312583376,1
"20078",2.98039077990928e-05,0.0015207838791911,0.95625953442832,6.13212678908951e-05,0.0383440453274062,0.000583046309712904,1.40935419223512e-07,0.00320132394426001,3
"20080",4.24573187334439e-09,0.000134666222663922,0.0210950400325184,1.78806525093576e-08,0.968783714551345,0.00998647882866632,8.53879313499547e-12,7.82298829757675e-08,5
"20082",5.86903579858338e-09,3.28944755023749e-06,0.000201952620018839,0.00175951557424944,0.000415747312036124,0.997619251930163,1.1537475161481e-12,2.37245792893205e-07,6
"20084",0.0180180594123367,0.000255480116418202,0.906578028277889,0.000193932739508346,0.0666959492457553,0.00685040397591373,5.60220144287244e-08,0.00140809021016394,3
"20087",2.06051143950697e-07,0.0695332923103914,0.735298670498182,3.72497002295932e-05,0.190625197587959,0.000254510874722903,1.72427850666725e-05,0.00423363019230395,3
"20090",3.20413042964386e-08,0.037130042542822,0.0118316125806915,8.9337804783382e-07,0.800618509057527,0.150417714034525,2.09986280128234e-11,1.19634408298212e-06,5
"20092",5.01862101327143e-09,0.0484120241329715,0.0109294624283594,0.931923870464058,0.000115574597535238,0.00651001180688107,5.79121330892644e-05,0.00205113941848413,4
"20096",0.00137261628582921,0.018146226594102,0.0156322970316208,0.915372595945529,3.27735943011102e-05,0.00466099500071828,7.0883163106294e-07,0.0447817867162688,4
"20098",0.146394114285659,0.000324120063451011,0.00338474930601022,2.14284897669311e-05,1.83183367890355e-06,3.56599325845084e-07,1.61824798739563e-06,0.849871781174121,8
"20101",0.00011061428742514,0.000448574980197568,0.193946948344798,5.86140206994131e-07,0.795295638482061,0.0101844363355261,6.97929370586455e-10,1.32007318557636e-05,5
"20104",1.95321437302437e-05,4.3950218069018e-05,6.982887094437e-05,0.984508957073892,2.22994443640535e-08,7.24752218124638e-06,0.00767884880884791,0.00767161306289121,4
"20106",4.62550811203173e-05,0.00816479371497955,0.322799330536422,2.50161091684691e-08,0.668391671662263,0.000442583356394366,3.07404875714956e-09,0.000155337558662877,5
"20108",0.00722185789436603,1.93065134230295e-05,0.00614288215911268,1.04118313259457e-05,2.43745551227179e-06,1.90792183671895e-08,6.32598063108728e-05,0.986539825260731,8
"20110",0.118610988504819,0.477487082890003,0.00758803799879514,0.188684655431663,0.000209008863591732,0.0210802327723729,7.16777626285226e-08,0.186339921860992,2
"20112",1.33251342344205e-05,0.482368444360022,0.12398054421229,3.46557201819529e-05,0.356460749579998,0.0340362054033815,7.81238222173687e-09,0.00310606777750986,2
"20114",0.0194723648230582,1.20633783954011e-05,0.96119537088038,2.21690355682347e-05,0.0134256659229333,0.000265452286307693,2.26591523754749e-07,0.0056066870818334,3
"20116",0.00889220076598152,3.84860695068669e-05,0.922296440193418,2.93749589265024e-08,0.0681059863825484,3.83080825427203e-06,1.25192748535664e-05,0.000650507130478147,3
"20118",0.0341918835025352,0.000331161797782934,0.693361148946111,7.29715067296868e-05,0.000455114113972034,2.50714359558485e-05,5.5964312519292e-07,0.271562089053788,3
"20120",0.000763425577905409,0.00870210849855682,0.507769597840387,3.36384235156185e-05,0.318967068433844,0.162088920265284,4.68381250542563e-10,0.00167524049212534,3
"20122",0.999215285189987,2.44378709831775e-07,2.03868264980408e-05,4.25669207462366e-08,4.91637486718044e-08,4.48733441939653e-10,5.34095290806576e-06,0.00075865047249416,1
"20124",6.99490426601374e-10,0.00110836356403834,0.231103339517483,4.17309144648879e-06,0.759901393072428,0.00788194809357568,5.64631121149301e-08,7.25498425353742e-07,5
"20126",7.10763283435946e-08,4.58811000490464e-05,0.00196065513554263,0.0413851990089449,0.00165938590225469,0.954948662428055,3.76651568911465e-08,1.07683668854501e-07,6
"20128",4.58559303193908e-11,1.54510869826039e-05,0.000128995588133106,1.23830208045866e-05,0.0859520460363112,0.913891124096549,3.95149495926902e-11,8.58490654605685e-11,6
"20141",0.0154303461679519,3.23416164392472e-05,0.00122454938216741,0.785657043492002,6.44814344712462e-08,6.13841660417466e-05,1.11291953217081e-05,0.197583141498642,4
"20143",0.999984502747022,7.7473942420041e-09,3.83078880688138e-08,8.35320995854865e-09,1.92017819323137e-09,7.0889887666443e-11,2.75105914758626e-06,1.26897942699389e-05,1
"20145",2.84991981832915e-06,0.00833663832777806,0.801724557535491,9.20713416614118e-06,0.17610158893658,0.0123016321894724,3.60932804596543e-10,0.00152352559576123,3
"20147",1.4351389532095e-06,0.000364223518089087,0.896706186167828,1.83131912783991e-07,0.102611811341094,0.00018867422888559,3.44880932438689e-09,0.000127483024427911,3
"20149",0.999230320309751,3.70372204959451e-07,1.88021672082681e-06,3.05494351923408e-07,4.70383951431409e-09,4.20802704389358e-10,2.57586718532598e-06,0.000764542615143852,1
"20151",0.0413609947355037,0.000434544092211358,0.00204912586582295,7.07710233473562e-06,3.04663242838281e-06,1.31182351704864e-07,1.14668500508226e-06,0.956143933704342,8
"20153",0.647494025140506,0.00380334622921253,0.00283809749941101,0.00562631992339852,4.35216399369062e-05,0.00128510282707271,1.30103327476811e-08,0.338909573730129,1
"20155",2.17848558700479e-07,0.0596433252704649,0.407513516913981,1.15834637402991e-07,0.532029768366103,0.000794588369676844,2.51724679226914e-08,1.8442224109964e-05,5
"20157",0.40622527616223,4.70677302949745e-05,0.000666705403213987,2.24781684918592e-05,1.80306301558526e-06,4.12026228308714e-07,1.08772453617583e-06,0.59303516972199,8
"20160",0.99997951059607,1.18943823431425e-08,9.84616029516614e-08,1.36144600861316e-08,3.88212990192576e-09,2.51733357683095e-10,3.45914339331791e-07,2.00153852818432e-05,1
"20162",0.995975389774273,2.11366327343467e-07,9.54571029532067e-07,1.58848743545525e-07,1.67284893888474e-09,1.30365775779913e-10,3.11151695058937e-06,0.00402017211946096,1
"20164",0.954900961125795,0.000831188164636279,0.000119173219004118,2.60734075421993e-05,2.85474123863019e-06,6.6423433437046e-07,9.99050440022946e-07,0.044118086057009,1
"20166",0.000359739761398565,3.12139286239376e-05,0.0323950427889975,2.50448992644722e-09,0.967132931942962,6.58728100600528e-06,6.75991509373422e-05,6.88264158511428e-06,5
"20168",0.000344725052968255,4.06443349533475e-06,0.000150613607520359,2.86905315820634e-08,0.00120353211892487,2.34785940097723e-08,0.998294351716117,2.66090184836833e-06,7
"20170",0.261852730952043,0.000167669020709935,0.00688747689025572,0.000273639975609437,9.53422732408772e-07,1.13349637419807e-06,6.85207828439883e-07,0.730815711034447,8
"20172",6.15955517884205e-09,0.00138845115906873,0.909608146656075,2.74925695038479e-06,0.0873180251136939,0.00147703303779066,5.4340636332349e-09,0.000205583182802311,3
"20174",0.12339578076629,1.88701147322093e-05,0.000111362016290602,3.01270203813037e-06,2.63221773387735e-08,1.02066035859997e-10,0.120691401813375,0.755779546163031,8
"20176",1.41301198802685e-06,5.40367957591048e-06,2.82829185420506e-05,1.54708930336433e-08,2.03978360008808e-05,4.92482248857319e-10,0.999928483464646,1.60031258713448e-05,7
"20178",0.999990292868533,1.45466524053287e-08,7.3938334060336e-08,1.58907267021177e-08,5.40081947071626e-09,6.69867671934356e-10,1.50193314804655e-07,9.44649175150555e-06,1
"20181",0.00355354181408681,1.02336220373777e-05,0.213134461473532,3.58610642602873e-09,0.783245177711947,3.6259072491517e-05,5.90413010061271e-07,1.97323067885804e-05,5
"20183",4.30324118061441e-06,0.00656518302994379,0.0942009677228312,0.00436395999538453,3.98495996708565e-05,5.32980188616522e-05,1.85000844041794e-06,0.894770588383687,8
"20186",8.55925948762383e-08,0.139839107861981,0.166990226259887,0.0319937611348752,0.00103797646160099,0.000247646354118544,0.00322270943778711,0.656668486897155,8
"20188",0.999809038710935,7.77469454292113e-08,1.45291636649837e-07,5.9344268126605e-08,3.75987786150352e-09,4.95318006231805e-10,2.2171473916298e-07,0.000190452936279724,1
"20190",8.35617480949971e-08,0.000111907960097221,0.0620465929979974,1.32617710814395e-09,0.937738812715643,0.000100112432056798,6.55799504264852e-09,2.48244828506321e-06,5
"20193",0.980332316493156,0.000145590945176906,4.42371393036598e-05,6.26117476503528e-08,0.00124819791189942,1.18747736932194e-07,0.018148166359522,8.13097914569454e-05,1
"20195",0.80932184087416,0.00410467514798965,0.00222432939767079,7.08101441608223e-06,6.00342048115812e-05,2.06389453109647e-06,1.12733273252375e-06,0.184278848133688,1
"20197",2.49062080667133e-08,0.0253030993719651,0.72358412251995,1.23456563902914e-06,0.249937517419284,0.000967027774661404,2.6758824180886e-08,0.000206946683468953,3
"20199",0.928823762626553,4.50882681257404e-05,3.92483807842147e-05,5.12647058863297e-05,2.56399515083289e-08,6.42378244125264e-08,4.32199564937011e-07,0.0710401139413094,1
"20205",1.50893002909378e-09,0.00108531276749448,3.6910246798428e-05,0.0680613927722318,2.9273137558972e-05,0.93078494964839,2.47619174701574e-11,2.15989383456233e-06,6
"20208",0.00797093151563102,0.00244937420496503,0.0132359661533721,9.89057490431105e-06,2.28035282961279e-05,5.05661411859008e-07,1.43121436855797e-05,0.976296216217734,8
"20210",0.985327610679008,1.22363051541722e-06,4.49280263081506e-06,5.25903755705971e-07,6.51729140753182e-09,9.83135743985243e-10,1.21203502495853e-06,0.0146649274486382,1
"20212",0.849555835700404,0.000256381762332044,0.000365486153769096,4.50036597436363e-06,2.54629532344896e-06,2.04437612686323e-07,2.1505385073982e-06,0.149812894746077,1
"20216",2.07557946512328e-05,9.5518405572604e-05,0.848946530969185,6.5385976330699e-08,0.150561102528484,0.000105141767248827,7.64763391620171e-08,0.000270808672541941,3
"20219",3.31419700604538e-05,0.0146797159900556,0.201495230152406,0.014704685106695,0.0559094624610798,0.712089534235949,7.63400626454477e-10,0.0010882293203534,6
"20223",3.91080613845538e-11,0.00125067268844019,0.00212647108640091,5.71914601896378e-08,0.996224447111649,0.00010860014511929,0.00028969109216134,6.06456614328263e-08,5
"20226",7.2515698594918e-05,0.979385729294469,0.00202583218087348,2.10286285443525e-05,0.000255633088220278,6.43479037796889e-05,3.64819146666209e-08,0.0181748767236032,2
"20230",5.92449380670294e-09,3.75012141977211e-05,0.0272571027262299,5.18486425728383e-09,0.972267714479207,0.000437114147968777,3.43323977797503e-09,5.52889798600311e-07,5
"20233",1.8501171265057e-07,3.51411764758556e-06,5.07009847720694e-08,0.999673505247703,9.40222200020088e-10,0.000306905532013021,2.7725222921094e-09,1.58356771940602e-05,4
"20235",1.52490291140079e-09,0.149628875330793,0.15575191201759,0.000513070994505597,0.650298560641809,0.0436973633003449,9.6367913821738e-05,1.38482762328917e-05,5
"20239",4.90986718948443e-07,0.228453890273141,0.51957785140417,4.92600521193446e-05,0.248611316277429,0.000172862270277952,0.00201080913096606,0.00112351960517766,3
"20254",2.54496506514255e-10,1.03957789924467e-05,6.68975670683851e-05,0.000331449415745429,0.000537277813644516,0.999053960117623,1.1661071943812e-13,1.90523132142961e-08,6
"20256",1.12372356030128e-09,0.00027807925787379,0.682372312515032,6.01457468825204e-07,0.316705079896433,0.000640873223246328,1.32124206865256e-07,2.92040201564346e-06,3
"20262",0.575742626697592,4.7606132314573e-05,0.0013549793566894,1.01403733774358e-05,6.24387226123457e-07,9.37692508813744e-08,8.42198981789737e-07,0.422843087084568,1
"20270",0.00261430583746964,0.000394234805626057,0.130754162741467,2.44130640451995e-07,0.856545153198741,1.80615307013879e-05,0.00174716844849849,0.00792666930685684,5
"20284",1.09984042491995e-05,0.0717448474764954,0.0228785924261685,0.430285244076367,0.000575118312214866,0.0656790106143441,1.09672230859546e-07,0.40882607901793,4
"20287",4.07588172966896e-11,0.000437049985150336,0.00131148163429162,8.15959427442425e-10,0.998001386311045,0.00025007112896845,6.49610466099483e-09,3.58772217938603e-09,5
"20290",1.32998628270146e-05,0.00537177104309202,0.000703081055723529,0.0410957291348655,0.000281841064446711,0.951688206813399,5.75283857396137e-11,0.000846070968117371,6
"20293",4.33881871858908e-07,7.18160310336268e-05,0.994616431784929,1.40539988850024e-05,0.00402919102637973,0.000153492370003924,3.67261504670457e-08,0.00111454418074643,3
"20296",0.676065180332241,0.000381176901892027,0.0442840080290843,1.42751089381392e-07,0.000288624340418071,4.68967816928083e-09,0.0153332810558513,0.263647581899745,1
"20301",5.71743570543004e-07,8.34138414088227e-05,0.000179511969069353,5.67460402937835e-10,0.999069618234765,0.000666880535437266,9.82881328113257e-10,2.12540666784433e-09,5
"20304",1.64587685313326e-08,2.57919890082128e-06,0.00181509477907753,0.00855852329600315,0.000336627602824201,0.989286221303175,7.55534323834447e-12,9.37353694849312e-07,6
"20306",1.75454467119304e-10,0.000172410335397356,0.0434683582095904,8.27355244209257e-07,0.948845542709272,0.00751201872846114,4.67682383351197e-09,8.3780975636433e-07,5
"20309",4.50716380244025e-05,0.137142007984253,0.76346358447048,6.41203382326488e-05,0.0201982929685966,0.0023700314366617,3.14384292857024e-07,0.0767165767794585,3
"20311",0.000209102029019442,0.000614445373040664,0.757964635220732,1.34303406022683e-05,0.239670839355007,0.000707204824915677,5.05727652624377e-07,0.000819837129030538,3
"20314",0.0147890859145799,0.000795477605611792,0.0274265496720176,4.59602440276812e-05,2.42373305745907e-05,4.32134414705028e-06,1.57040040920269e-07,0.956914210849001,8
"20318",0.999941996370212,3.35552935204883e-08,2.29617190322407e-06,1.3077066674355e-08,1.75215382644097e-06,5.07316923665723e-09,3.28771498926027e-06,5.06158835403732e-05,1
"20320",0.000944495503784089,0.604167356148444,0.00145972222718584,0.0040086229216471,4.53744654473285e-05,0.000108516488388508,5.24389936451466e-06,0.389260668345738,2
"20326",0.038211079232193,0.000359278691469591,0.0402846730767269,0.000169457685536028,3.56498244083726e-05,1.03413213179032e-05,4.16050537680559e-07,0.92092910411781,8
"20328",5.0225715929741e-06,0.209930238032141,0.00562947627365248,0.00784657640917188,2.21304962831926e-05,8.22766479024839e-05,2.51204823128716e-06,0.776481767521025,8
"20330",2.40252658210087e-07,0.905663774553489,0.0205005826873538,3.38128942710643e-05,0.07033980314786,0.00342339836045241,2.21875605966361e-07,3.81662283090895e-05,2
"20336",3.13476528329544e-07,0.00313295858122207,0.073759027263692,0.464101852034662,0.000526446656980211,0.448359803738594,2.69204650500483e-09,0.010119595556275,4
"20338",7.99902523563735e-05,0.00416053270725334,0.0350284307924655,0.104410975647721,0.00125782821077272,0.854836386704052,9.69428093946873e-10,0.000225854715951711,6
"20340",4.76711122411680e-09,8.56694476544841e-05,0.0491874453651803,5.1476199440715e-08,0.947945155718909,0.00278153730009023,1.2054231181908e-08,1.23870623795118e-07,5
"20342",0.000167138014638458,0.0200600504316462,1.2408452480928e-05,0.872985511060082,0.000381905711551903,0.106351176665079,1.55387743239098e-05,2.62708901975538e-05,4
"20344",1.25874387684255e-07,0.000310278150986564,0.516799011334621,2.58402124151041e-06,0.480708203718468,0.00179136636985632,1.1279256787484e-07,0.000388317737870646,3
"20349",7.23526415730315e-10,3.4637418252849e-05,0.198965760366449,1.57820097082816e-07,0.800440784840552,0.000556090536298049,5.10535210497471e-08,2.51724130332421e-06,5
"20351",5.34038309194315e-05,0.00126843117774133,0.987634924472647,6.03703573434366e-05,0.00686185482491171,0.00227393308024757,6.11608740817884e-08,0.00184702109531549,3
"20353",8.45207330535834e-09,0.780275479197648,0.0268970388136599,3.06737870505319e-05,0.129102379205554,0.0636752306149614,2.25555660845638e-09,1.91876734956445e-05,2
"20357",4.5104787145278e-11,0.00191389952304932,4.83916149730502e-05,0.0101988282315428,0.000305695302568278,0.987532650968547,1.67348663294207e-11,5.34297479484861e-07,6
"20360",3.05596845687157e-07,0.835715862877478,0.000484289100706146,0.0723800615512839,0.00324976916010684,0.0880154196649552,0.000141257937431551,1.30341111921927e-05,2
"20364",4.58454837969708e-06,0.416694023069096,0.425145050470453,8.46082054005646e-06,0.141595269481814,0.006061751501114,8.10752617698879e-09,0.0104908520010773,3
"20366",5.35894284082381e-06,0.000632436387593958,0.00600185405494273,0.68977240788866,2.99089644846152e-05,0.301218928395167,1.92401959409983e-09,0.00233910344229055,4
"20381",0.0114066565152115,2.26101174980676e-06,5.89155577157465e-06,4.92110736761934e-05,1.5703484071056e-08,2.91221758253226e-10,0.986358966502428,0.00217699734645765,7
"20391",8.64071462366982e-09,0.517928877311381,0.180725523364395,0.0292199691575276,0.0374730030763158,0.00170444926257384,0.224454827352673,0.00849334183441943,2
"20394",0.000465659532897845,0.0165964298832937,0.00203973133957581,0.000102159800085851,1.24562682593654e-06,1.90526903080619e-08,0.00130710378220853,0.979487650982422,8
"20396",0.00633210334062687,3.65986330884865e-05,1.03742174902305e-05,6.25614820170758e-06,4.91976534200761e-09,2.33376157193706e-11,0.683863965969952,0.309750696747537,7
"20409",0.113165202007371,0.0001073051666515,0.760014006568093,4.34955942934511e-05,0.045585583303202,0.000357509838312656,1.74775908157596e-06,0.0807251497629955,3
"20411",5.34057653468253e-10,0.0290712048827486,0.395434647973519,0.000394178570727621,0.237323405730711,0.337753497831196,2.18972255439267e-09,2.30622873168013e-05,3
"20416",5.92568560937146e-13,1.45507747785876e-05,4.44392037846437e-05,2.61115042033883e-05,0.0086003673015936,0.991314531096024,3.07665861948816e-12,1.15946264368769e-10,6
"20418",0.0346911539208462,4.06269903900241e-06,9.23436298581373e-06,2.45950220525885e-06,4.38331833674358e-09,1.3440698389659e-11,0.739990390557809,0.225302694560356,7
"20420",5.90853676439544e-06,3.82906210663392e-05,9.71633212449702e-06,0.997673368102917,1.39814204148358e-08,0.00167372566450398,1.14569649249577e-08,0.000598965304238183,4
"20422",1.67824378569913e-05,0.0297719958124904,0.0285531255033819,3.93277407140261e-08,0.940281606565811,0.00132099391498447,8.72338966359162e-09,5.54477143447574e-05,5
"20424",2.31460428351496e-09,0.116509762745998,0.33528245866527,6.82504296319256e-05,0.361606397402787,0.186514873451541,1.13953234094918e-09,1.82538506363497e-05,5
"20426",0.000164397786215844,6.61022361635179e-05,7.04774196410255e-07,0.385882915762515,2.0575641166291e-06,0.613879177490454,1.37280714188795e-10,4.6442490581823e-06,6
"20428",1.64015640132208e-06,0.0436267159955873,0.924827817683843,5.46717926318751e-07,0.0268293573614459,1.8208969560966e-06,0.000653208607313149,0.00405889258052642,3
"20431",0.0801078712251498,0.369696911700625,0.0189481146753734,0.000475990904159344,0.00247892071271373,0.00192063225846004,4.55148388769513e-07,0.52637110337513,8
"20433",6.49221966194253e-10,0.000101752640004974,0.00320893267791381,1.9692291659685e-09,0.996655009319648,8.70783662402275e-06,2.55644078445871e-05,3.0499513097697e-08,5
"20436",2.0272010790018e-06,1.39194905928007e-05,0.00127107660868396,1.57227464651632e-08,0.00155764001966967,1.12683025973514e-08,0.997150515370959,4.79431796664698e-06,7
"20439",0.128238904737972,2.24687158034178e-05,4.55854706971321e-05,5.86474978217143e-06,2.00614417347541e-08,5.39165814192529e-11,0.198186860635321,0.673500295575066,8
"20441",7.68931705942323e-08,0.0175539037345909,0.000469787365588194,0.0471867258247057,9.07622778815069e-05,0.934689199733396,7.33331577805173e-11,9.54409733356955e-06,6
"20444",0.999899594053627,2.35052677254541e-08,1.17311917114932e-07,2.18877895632349e-08,1.46722139108243e-09,1.05798610827486e-10,7.53582279979536e-07,9.94880860986999e-05,1
"20448",0.141633639476918,7.66845924655198e-05,0.0606977231379843,0.00263727250321429,0.000327349330711074,0.000122898532866734,9.83219480906629e-05,0.79440611047775,8
"20536",3.61842477152805e-06,0.00321832625401087,0.00218182732266828,2.36856638583231e-05,2.03290164854264e-06,3.29835774977786e-09,0.826033904500808,0.168536601633877,7
"20538",2.35045720571951e-07,0.000106806731098397,0.692896063911985,0.210407063030756,0.00365675060252192,0.0868656992347993,1.22889102179909e-06,0.00606615255209742,3
"20541",7.23410213295049e-10,0.00198356599791037,0.0177711457718411,3.79953287995441e-06,0.635077464749411,0.345163868271427,7.35443128371225e-12,1.54945765806794e-07,5
