"","V1","V2","V3","V4","best$classification"
"19811",0.997422191021213,1.02841237420913e-06,7.13624578847532e-05,0.00250541810852834,1
"19813",0.993921049500643,2.17893966708232e-05,0.00399604911487293,0.00206111198781317,1
"19815",0.993573970890643,0.0017635455681363,0.00456138340205908,0.000101100139161724,1
"19817",0.996648739360587,7.15349913402123e-05,0.000587836096069525,0.00269188955200359,1
"19819",9.12551341804399e-05,0.135332958583073,0.86457303059328,2.75568946674424e-06,3
"19821",0.942906969198941,2.11132228411369e-06,0.00222451894649268,0.0548664005322822,1
"19823",0.887927920380349,0.108563497061013,0.0019955400970324,0.00151304246160613,1
"19825",0.0105489655264925,0.0011075167415755,0.154754450026002,0.83358906770593,4
"19827",0.327538907778125,0.000441871641952328,0.00159334599818121,0.670425874581742,4
"19829",0.00372999143720731,0.000222839971797953,0.981964149116125,0.0140830194748698,3
"19831",0.00105607986297269,0.106225478643357,0.892713394733545,5.04676012502124e-06,3
"19833",2.38921616932548e-05,0.999818464007712,9.65350068079341e-05,6.11088237866039e-05,2
"19835",0.942906969198941,2.11132228411369e-06,0.00222451894649268,0.0548664005322822,1
"19837",0.881848639329078,7.04569886317464e-05,0.00418204064165281,0.113898863040637,1
"19839",0.014702753834803,8.50075705288298e-05,0.934130155440818,0.05108208315385,3
"19841",7.16607334680625e-05,2.24902845400771e-07,5.38477215826692e-05,0.999874266642104,4
"19843",0.00103484704672855,0.000218025193558441,0.998746291741996,8.36017717350611e-07,3
"19845",0.999377576359815,2.51118022223205e-06,4.29074042581289e-05,0.000577005055704811,1
"19847",0.994595507487166,0.00011861758673973,0.00521757715577812,6.82977703163346e-05,1
"19849",0.996458348138694,6.0835771595989e-06,0.000389523742982434,0.00314604454116385,1
"19851",0.999480690912426,6.81006527978289e-05,0.000177475811072037,0.000273732623704789,1
"19853",0.997833305770935,0.000177672942635715,3.85966854258945e-06,0.00198516161788687,1
"19855",0.987903238503364,1.80456169099253e-05,2.34351153091509e-05,0.0120552807644174,1
"19857",0.95842703501562,6.26649175036473e-06,0.0112204650293223,0.0303462334633075,1
"19859",0.963340327154058,0.000411567574942851,0.00378364929472542,0.0324644559762739,1
"19861",0.999725012647872,2.74296638549116e-06,5.79625522442039e-05,0.000214281833497776,1
"19863",0.0208780647654283,5.83222900476741e-07,2.79021813288297e-05,0.979093449830342,4
"19865",0.00365259935390232,4.07568791735274e-07,1.99058331498475e-05,0.996327087244156,4
"19867",0.998989324971599,4.2951359174105e-05,0.000948814217245325,1.89094519820717e-05,1
"19869",0.987506472630869,6.10662223331904e-07,2.65917878722379e-05,0.0124663249190355,1
"19871",0.872345386972461,0.00054679111545605,0.0119417546547232,0.11516606725736,1
"19874",0.169040501098084,4.50053763600985e-05,8.55519098303519e-05,0.830828941615725,4
"19876",0.542249976087557,1.70434187539357e-06,1.67101413795261e-05,0.457731609429188,1
"19878",0.318445798734149,0.0212939132956311,0.659320540191294,0.000939747778926453,3
"19880",0.00210672332174826,7.65670477673153e-08,7.85229992223276e-07,0.997892414881212,4
"19882",0.996779748348099,8.59234785110413e-06,5.43706969347945e-05,0.0031572886071148,1
"19885",0.982993051672177,4.34042846864423e-05,0.0146231690794345,0.00234037496370246,1
"19907",0.999571761837943,1.15169766753713e-05,0.000332510487386665,8.42106979952384e-05,1
"19909",0.0271598498487684,8.53612450840559e-05,0.972689511993315,6.52769128326659e-05,3
"19911",0.0319712511080471,0.00164056868849806,0.929374206635435,0.0370139735680203,3
"19913",6.46643525833674e-05,4.47485985735266e-07,3.09371596271261e-06,0.999931794445468,4
"19915",0.395893668111148,4.20569471342702e-05,0.000108853288172905,0.603955421653545,4
"19917",0.0161389033451156,7.28046754771761e-06,0.000194599539777304,0.98365921664756,4
"19919",0.745068128008604,0.000244467404110847,0.00159300051314738,0.253094404074137,1
"19921",0.999436741086305,2.67509801339956e-05,0.000472785128031779,6.37228055296667e-05,1
"19923",0.899028747058751,0.0348714897850314,0.0660793197404122,2.04434158051867e-05,1
"19925",0.0528538670912918,1.31489619387499e-05,7.35337463135651e-05,0.947059450200456,4
"19927",0.998608893645859,3.65086080716675e-05,0.000211633895213634,0.00114296385085547,1
"19929",0.00155538420634419,2.59368315702994e-08,1.89709467280715e-06,0.998442692762151,4
"19931",0.991996589016201,0.000364795889384452,0.00307428816248386,0.00456432693193064,1
"19933",0.195231373559235,0.00199450075332355,0.799271123776912,0.00350300191052995,3
"19935",0.905865970339446,2.63454937537783e-05,0.0900584152781897,0.00404926888861073,1
"19937",0.998184868748057,0.000704144663305868,0.000976966693596126,0.000134019895040615,1
"19939",0.992887814467313,0.00041137226599485,0.00242089366668685,0.00427991960000553,1
"19941",0.0143124510423394,0.000136464072603794,0.878159044199108,0.107392040685949,3
"19943",0.0013050266314839,3.19999272795529e-06,7.94693362908856e-06,0.998683826442159,4
"19945",0.0764057289044351,0.00377990911553313,0.919652517120162,0.000161844859869358,3
"19947",0.0381703518993114,0.00029006509463563,0.117389694716093,0.84414988828996,4
"19949",0.623940134091607,0.0450657498134969,0.330943729939978,5.03861549178153e-05,1
"19951",0.285050801826975,0.000161631274123477,0.00431706395524986,0.710470502943652,4
"19953",0.00295534706377348,0.786537588776443,0.210506492414906,5.71744878362492e-07,2
"19955",0.011678775562752,0.0528577989693371,0.935449592472159,1.38329957517889e-05,3
"19957",0.0984765167649843,0.00292135199643611,0.00264414149201821,0.895957989746561,4
"19960",0.00522746708905261,0.000213043116950337,0.993769650243875,0.000789839550121799,3
"19963",0.00108501366157861,0.0631930723150436,0.000852452333336998,0.934869461690041,4
"19965",0.00166616244190137,0.0007222656500964,0.997611292712309,2.7919569346504e-07,3
"19968",0.0396050864792851,7.77982838734378e-08,0.00251328119813037,0.957881554524301,4
"19971",9.92424145092029e-05,0.00751365566031318,0.00327153013920029,0.989115571785977,4
"19973",0.984698983547599,5.51052807903007e-06,0.000491603350954709,0.0148039025733676,1
"19975",0.0324417282109838,4.35569012408158e-07,0.000134424965719087,0.967423411254285,4
"19977",0.00334331514400909,0.000280175747063706,0.000323697455128072,0.996052811653799,4
"19979",7.27013334927955e-06,0.000485254509501364,0.999503434020903,4.04133624632672e-06,3
"19981",0.977426773415418,4.94117073369816e-05,0.0207089691210353,0.00181484575620964,1
"19983",0.969409908836083,0.000257618630635656,0.0302029111372675,0.000129561396013355,1
"19985",0.160400292496196,2.62392512358279e-06,1.96703659407228e-05,0.839577413212739,4
"19987",0.771155095880427,0.000413523752084999,0.105784098408839,0.122647281958649,1
"19989",8.64751490229933e-05,0.0047490320268942,0.995164441720731,5.11033516555581e-08,3
"19993",0.423363703729133,0.00339530025293008,0.532104621331237,0.0411363746866993,3
"19995",0.178166162832896,0.000778691950026688,0.810726259352546,0.0103288858645306,3
"19997",0.974571926450216,1.953738021721e-05,0.000180509739254527,0.0252280264303119,1
"19999",0.899027673753841,1.35787797296218e-06,2.71014523764685e-05,0.10094386691581,1
"20002",0.00352569302735777,7.04116133146461e-06,0.000626692789729942,0.995840573021581,4
"20004",0.142487377803192,0.000128716385847866,0.838925603215318,0.0184583025956421,3
"20006",0.0516125660500529,0.00646967701177706,0.939567646431112,0.00235011050705831,3
"20008",0.0672756234813848,0.0274959172817184,0.904275547299702,0.000952911937194386,3
"20010",0.0253167158543052,0.0523903883428136,0.922277462168026,1.5433634855262e-05,3
"20012",0.230031758169229,1.81422462499611e-06,0.000151332191996041,0.76981509541415,4
"20015",0.000121695427392036,1.47160215545065e-05,0.9998632440778,3.44473253316082e-07,3
"20017",0.953266391469315,1.73406407392124e-06,7.56907873962151e-05,0.0466561836792152,1
"20019",2.32216190028156e-06,0.00354163910610808,0.996455992769478,4.59625136363756e-08,3
"20022",0.00566563589696998,0.00255036418476261,0.991777143021215,6.8568970519219e-06,3
"20024",7.97257691819434e-05,0.42986247582837,0.570057272592726,5.25809722264519e-07,3
"20026",7.97257691819434e-05,0.42986247582837,0.570057272592726,5.25809722264519e-07,3
"20028",0.733256745608642,6.95779890614668e-06,4.27055299693305e-05,0.266693591062483,1
"20030",0.000386627724175795,1.94809616106703e-05,0.999201333528109,0.000392557786104297,3
"20033",0.610153643528006,3.18273649932558e-05,0.00358960807067811,0.386224921036322,1
"20035",6.09390722394706e-06,0.0052094184183633,0.994784432492156,5.51822567821949e-08,3
"20037",1.36629487082125e-05,0.000704937194511472,0.999281396146419,3.71036147630336e-09,3
"20039",1.72132929540465e-06,0.99916043192319,0.000837845397429874,1.35008460122161e-09,2
"20041",0.611315115184074,0.0769492709296234,0.309841013831889,0.00189460005441399,1
"20044",0.465439291435623,0.104797030268712,0.414644688414767,0.0151189898808986,1
"20047",8.17461024846764e-07,0.0075298792824731,0.992468868327718,4.34928784320846e-07,3
"20050",0.00822542860567448,0.828704393467071,0.163000244115771,6.99338114838944e-05,2
"20052",0.860212388445141,0.00580821011805485,0.0566855159177128,0.0772938855190918,1
"20054",0.00137485003310878,6.49705582829277e-06,0.998590187761084,2.8465149978354e-05,3
"20056",0.00222700283295739,1.42384359315071e-05,0.000460730534838099,0.997298028196273,4
"20058",0.00010772936317288,0.00163361680159767,0.998258637159465,1.66757644297714e-08,3
"20060",0.9961786723446,9.33759559263471e-05,0.00229487183248736,0.00143307986698605,1
"20062",0.984282700766066,0.000143752867397453,0.015055984279736,0.000517562086800325,1
"20064",0.0207623335020386,0.000229372377798151,0.978370304422147,0.000637989698016556,3
"20066",3.99946189351981e-05,4.52847648315275e-05,0.999867391007774,4.73296084590217e-05,3
"20068",0.999609746299695,9.44173998296914e-06,0.00015235585279572,0.000228456107526407,1
"20070",0.998586478389118,0.000898610821505189,0.000346240754854353,0.000168670034522921,1
"20072",0.00465584744278464,9.43643715927798e-05,0.995249361235671,4.26949951243231e-07,3
"20074",0.000225925532029215,5.40168157355285e-08,5.64104696926565e-07,0.999773456346458,4
"20076",0.119189367254745,1.0099499330509e-06,0.0151477702044392,0.865661852590882,4
"20078",0.0359723077559297,0.00442986406570308,0.959202865357803,0.000394962820564521,3
"20080",9.1275673401307e-06,0.00165920365313942,0.99833153374285,1.3503667093047e-07,3
"20082",2.35145967381154e-05,0.987425432683229,0.0125506065926856,4.46127347326865e-07,2
"20084",0.00954452413864575,0.0167354905889906,0.936865456757113,0.0368545285152503,3
"20087",0.0558777101538303,0.00141657715658909,0.942700687165457,5.02552412393019e-06,3
"20090",8.10385682340048e-05,0.0333522806455618,0.966566082963222,5.9782298222868e-07,3
"20092",0.222326846415446,0.742290508476922,0.0353812492270217,1.39588061039204e-06,2
"20096",0.42928259466015,0.538289993001541,0.0186876976772415,0.0137397146610681,2
"20098",0.606823157339707,8.14745202461947e-05,0.00134266419311678,0.39175270394693,1
"20101",0.000153366463647137,0.00229362827045853,0.997315183384863,0.000237821881031104,3
"20104",0.937317038727147,0.0576486959825264,0.000324880064752334,0.00470938522557413,1
"20106",0.000958194210882584,0.000190974750385777,0.998732675684725,0.000118155354006191,3
"20108",0.942243169041509,1.00252878075369e-05,0.00145274384418399,0.0562940618264993,1
"20110",0.323487062481107,0.50660787674812,0.01880186806992,0.151103192700853,2
"20112",0.0148634310594758,0.0266536658283037,0.958409025001657,7.38781105629791e-05,3
"20114",0.0419667586329436,0.0028936212592357,0.839242532082061,0.11589708802576,3
"20116",0.00910112114469351,2.66279136033461e-05,0.955258224990599,0.0356140259511039,3
"20118",0.65489350911231,0.00127964076767241,0.16083477751724,0.182992072602778,1
"20120",0.00379504167490066,0.0355410545259402,0.959540442240131,0.00112346155902774,3
"20122",0.00221190424936318,2.38060475255896e-07,2.21805811873293e-05,0.997765677108974,4
"20124",9.10562237371744e-05,0.00317295422645393,0.996735959603003,2.99468059251376e-08,3
"20126",2.33194680340865e-05,0.982814972561713,0.0171603258547455,1.38211550749756e-06,2
"20128",7.3277459332709e-07,0.685513588441319,0.314485660093133,1.86909540788074e-08,2
"20141",0.783613690172154,0.0473307502632416,0.000399458259478361,0.168656101305126,1
"20143",8.63465831294872e-05,7.26037886810092e-08,6.31530928069013e-07,0.999912949282154,4
"20145",0.00589449070080478,0.00706262101095075,0.987022736245432,2.01520428123141e-05,3
"20147",0.00187586857734005,0.000292673733871462,0.997812094518129,1.93631706596604e-05,3
"20149",0.00205361995543124,5.11114846349714e-07,3.7333153542839e-06,0.997942135614368,4
"20151",0.811796212208335,4.51250754895163e-05,0.00176101978370419,0.186397642932471,1
"20153",0.21962249854727,0.0348042218496024,0.00619385107600464,0.739379428527123,4
"20155",0.000539393402169781,0.000427386490439094,0.999031442902055,1.77720533658093e-06,3
"20157",0.273309413801771,7.09589814855204e-05,0.000570907669613737,0.726048719547129,4
"20160",0.000111174713365587,1.76292166322377e-07,1.38022570559262e-06,0.999887268768763,4
"20162",0.00437573368785556,1.86761322209623e-07,1.52030079331074e-06,0.995622559250029,4
"20164",0.0572225909374792,0.00013156751508228,0.000433364233874495,0.942212477313564,4
"20166",0.000469257536475032,2.15659382030641e-05,0.996905180692426,0.00260399583289582,3
"20168",0.0524900570797432,0.000189436639311668,0.560763393411387,0.386557112869558,3
"20170",0.494735548374211,0.000256411136958649,0.00106541469061498,0.503942625798216,4
"20172",0.00411633534524766,0.00198007824646129,0.993903253412458,3.32995833284365e-07,3
"20174",0.652126640940936,2.94088636909056e-07,2.2397233098755e-05,0.347850667737328,1
"20176",0.770660191410718,8.35351497591874e-05,0.200706589211795,0.0285496842277279,1
"20178",6.97425663909125e-05,3.58567149976616e-07,1.66851235829721e-06,0.999928230354101,4
"20181",0.000299856817295203,2.77351205470903e-05,0.992450366277404,0.00722204178475403,3
"20183",0.988092981829136,0.00253246031218793,0.00930408407790876,7.04737807671815e-05,1
"20186",0.977955699228198,0.00373290445427023,0.0183097064296249,1.68988790671095e-06,1
"20188",0.000509131400967629,4.01345976890958e-07,1.58371475309188e-06,0.999488883538302,4
"20190",0.000107489161756127,5.1594955725732e-05,0.999839079589607,1.83629291142469e-06,3
"20193",0.00161317583014975,6.42554483306894e-06,0.00362857696388818,0.994751821661129,4
"20195",0.164391213652719,0.000137164005311368,0.00482685444167116,0.830644767900298,4
"20197",0.00325570123309733,0.000888061478260912,0.995855700796432,5.36492209340992e-07,3
"20199",0.0560314830680535,3.57774872664193e-05,2.82314433063659e-05,0.943904508001374,4
"20205",5.24159705145654e-05,0.999350402613723,0.00059714348651746,3.79292446439734e-08,2
"20208",0.955941000046081,6.26692719163985e-05,0.00585650513728827,0.0381398255447139,1
"20210",0.011594833501037,8.19675687112008e-07,5.44549965074435e-06,0.988398901323625,4
"20212",0.103036215525986,2.7891665264751e-05,0.000491181958582853,0.896444710850166,4
"20216",0.00289618518805224,0.000146815745664607,0.996777869389919,0.000179129676364478,3
"20219",0.00586687778818656,0.57861935996451,0.415378413679425,0.000135348567878048,2
"20223",0.000160665604866851,0.000556097351500807,0.999283214750361,2.22932716029953e-08,3
"20226",0.837700459673229,0.0198452814004845,0.137556019129244,0.00489823979704265,1
"20230",5.03841644625186e-05,0.000195314434992068,0.999753990788765,3.10611780388045e-07,3
"20233",0.00433567856645355,0.995565586572512,1.31486615106396e-05,8.5586199524412e-05,2
"20235",0.00190352988023911,0.0403643863726026,0.957732004166985,7.95801735563252e-08,3
"20239",0.0461638290118841,0.00141331842367707,0.952412204784858,1.06477795809145e-05,3
"20254",5.57925252592488e-06,0.986906067315017,0.0130883163094212,3.71230356512808e-08,2
"20256",0.000254464625374955,0.000483935866168275,0.999261540115516,5.93929405311111e-08,3
"20262",0.210786264744213,2.25543234475843e-05,0.000396916760514708,0.788794264171825,4
"20270",0.0409884954937892,7.0500183594287e-05,0.946748111578775,0.0121928927438411,3
"20284",0.461661061004069,0.51380793541523,0.0244202128512228,0.000110790729478852,2
"20287",7.92971124524101e-06,0.000290823948515899,0.99970123440312,1.19371189203454e-08,3
"20290",0.00195123701516897,0.993408594644653,0.00459023085750626,4.99374826718287e-05,2
"20293",0.0468225838786529,0.00349770192043236,0.949629545309951,5.0168890964115e-05,3
"20296",0.306882210857935,6.65545545536491e-07,0.0101409281106284,0.682976195485891,4
"20301",4.01203288005751e-06,0.000970623349115013,0.998997043734199,2.83208838056947e-05,3
"20304",5.54385626301112e-05,0.984310430846031,0.0156333308818771,7.99709462071529e-07,2
"20306",9.0235623942503e-05,0.00307246793833318,0.99683727869733,1.77403944993837e-08,3
"20309",0.284911353383153,0.0104728153284893,0.704136481628271,0.000479349660086072,3
"20311",0.0069742632697993,0.00166674357534963,0.990472325645874,0.000886667508977403,3
"20314",0.908749422468376,0.00045518393905026,0.0121116537221077,0.0786837398704663,1
"20318",0.00024250160462189,6.3536766991747e-07,5.52618941708358e-05,0.999701601133537,4
"20320",0.97490244960092,0.0132930383844794,0.00568649256354124,0.00611801945105975,1
"20326",0.823483140926194,0.000863147977238655,0.0146371657382233,0.161016545358344,1
"20328",0.991012084863154,0.00569189430829145,0.00322803443658311,6.79863919716182e-05,1
"20330",0.00830210431855188,0.0400119111454295,0.951673882872464,1.21016635547659e-05,3
"20336",0.0270266546716054,0.945104997620117,0.0278635942646146,4.7534436629519e-06,2
"20338",0.00162221484792866,0.963278440107086,0.0348879754614059,0.000211369583578974,2
"20340",2.42775389171294e-05,0.000788962630565942,0.99918656696033,1.92870187250854e-07,3
"20342",0.000826425684321953,0.997306208858581,0.00134451591510527,0.000522849541991757,2
"20344",0.00314622166573219,0.00109053500994813,0.995760631871252,2.61145306718414e-06,3
"20349",0.000156145453782164,0.000295179994806985,0.999548625255514,4.9295896713701e-08,3
"20351",0.0455053370978253,0.0199654952875506,0.933406602372157,0.00112256524246693,3
"20353",0.00193211697340642,0.0993740197331077,0.898693418223928,4.45069558180326e-07,3
"20357",3.88873176332041e-05,0.997107567060595,0.00285354202622946,3.59554219464803e-09,2
"20360",0.00354525243083425,0.963295092631844,0.0331500733502921,9.58158702976659e-06,2
"20364",0.0388529589680057,0.00721619063551129,0.953893623965152,3.72264313313359e-05,3
"20366",0.00730539505615821,0.989454399585069,0.00320165006407197,3.85552947009183e-05,2
"20381",0.288890152317829,1.54571144193428e-05,8.85419239784274e-05,0.711005848643773,4
"20391",0.533948788640089,0.0440276084653626,0.422022477811318,1.12508322967907e-06,1
"20394",0.997594326247786,1.12221678235849e-05,0.000320922611387283,0.00207352897300347,1
"20396",0.932320822620894,3.32475084848245e-07,8.31390725732097e-06,0.0676705309967638,1
"20409",0.122506073599768,0.00190699319821858,0.638187511499092,0.237399421702922,3
"20411",0.000848383674266141,0.110488244612496,0.888663348311554,2.34016837868217e-08,3
"20416",8.35410978763002e-07,0.92052164660787,0.0794775173276932,6.53457632476354e-10,2
"20418",0.677223062618494,2.08981050243015e-07,8.49177964877465e-06,0.322768236620807,1
"20420",0.0269791634198152,0.972361545211934,0.00011262478015976,0.000546666588091535,2
"20422",0.00100832833877699,0.000886949579000363,0.998008876414604,9.5845667619023e-05,3
"20424",0.000620392676353344,0.0525518690415953,0.946827683914612,5.43674393028969e-08,3
"20426",2.33249570798581e-05,0.999759599223351,2.6737073094037e-05,0.000190338746474947,2
"20428",0.150902829078213,6.9644780557766e-05,0.848965473078496,6.20530627324683e-05,3
"20431",0.704979761879429,0.0264310996133145,0.09615108264535,0.172438055861906,1
"20433",5.63024171859382e-05,4.68099441936582e-05,0.999896722662194,1.64976426086756e-07,3
"20436",0.0791829653308505,7.26605008980419e-05,0.915326059200364,0.00541831496788768,3
"20439",0.64173441282183,2.5173445698587e-07,1.42252559107674e-05,0.358251110187802,1
"20441",0.000179966744690602,0.99743974299899,0.0023796274843497,6.62771969362369e-07,2
"20444",0.000324629440376413,1.17740037403266e-07,8.4083851845593e-07,0.999674411981068,4
"20448",0.603335355525502,0.00337199764561,0.0247483455035391,0.368544301325349,1
"20536",0.999376948016457,3.57546840795406e-06,0.000512675197622102,0.000106801317512382,1
"20538",0.0928111435711326,0.573821280625999,0.33334998142649,1.75943763781844e-05,2
"20541",2.31513874494478e-05,0.0625690087687911,0.937407804852822,3.49909371312605e-08,3
"20544",0.603383824184838,0.00271299795703977,0.381288552597293,0.0126146252608296,1
"20546",0.00211159793002432,0.00938805071717597,0.988500260081892,9.12709077280211e-08,3
"20550",0.456733711139667,0.0506271454293983,0.486013898509118,0.00662524492181713,3
"20553",1.75581538567501e-07,0.938444341151042,0.0615539885243462,1.49474307363744e-06,2
"20555",0.00436299593159127,0.995599374109103,3.68629826520949e-05,7.66976653385534e-07,2
"20557",0.292572587359902,0.408723504361867,0.293839214404244,0.0048646938739879,2
"20559",0.000484077915360161,0.000148739574931493,0.99936050264256,6.67986714817814e-06,3
"20561",0.524788903334247,0.000241426271214849,0.00375738370131209,0.471212286693226,1
"20564",6.97425663909125e-05,3.58567149976616e-07,1.66851235829721e-06,0.999928230354101,4
"20566",0.13257846499607,3.84794804068641e-05,0.867086425355347,0.000296630168176635,3
"20569",0.737704873238716,2.08308055362041e-06,7.44464522381482e-05,0.262218597228493,1
"20572",0.0555356174393229,1.94972964891689e-07,2.45120417746819e-05,0.944439675545937,4
"20574",0.000287992998978193,0.00345578404411859,0.996247180478041,9.04247886279505e-06,3
"20576",0.000344172617221725,9.0642155988327e-07,9.5427511221958e-06,0.999645378210096,4
"20578",0.131039320031256,0.00165035962811533,0.859336904369261,0.00797341597136689,3
"20580",0.176125128409304,0.000163449041385974,0.823439242991959,0.000272179557351307,3
"20583",0.000202345980818875,7.22897418606435e-07,7.16340131058566e-06,0.999789767720452,4
"20586",0.0898866620069158,0.00301988432611799,0.907075642647993,1.78110189734798e-05,3
"20589",0.000162467979852576,0.000348251459427887,0.999489269347413,1.1213307129618e-08,3
"20591",0.7488275879575,0.242111555005495,0.00901538227432117,4.5474762684152e-05,1
"20593",1.74412757582839e-06,0.000145301973312394,0.99985285406628,9.98328315294886e-08,3
"20595",0.00372232461239668,0.000587848577923538,0.995552337120444,0.000137489689235418,3
"20597",0.994298901896018,1.54339428154778e-06,6.84791980584518e-05,0.00563107551164179,1
"20599",9.39617130680685e-05,1.79905797410782e-07,1.91878195789474e-06,0.999903939599177,4
"20601",0.997707183060045,0.000207973322298315,0.0011309221160412,0.000953921501614935,1
"20604",2.71961293622432e-05,0.000143317181111795,0.999825588875381,3.89781414522651e-06,3
"20606",3.68734410983771e-05,0.000168635272623783,0.999794345349306,1.45936972247975e-07,3
"20608",0.00170151526202619,3.61356115221338e-05,0.998260845101537,1.50402491496294e-06,3
"20610",0.00193909114159319,4.86137661852596e-06,5.01972364997784e-05,0.998005850245289,4
"20612",0.0324013962573979,0.286980411822031,0.668479060358149,0.0121391315624226,3
"20614",0.00821752812325135,3.35384141469386e-06,8.16482517120887e-06,0.991770953210163,4
"20616",0.98387024134774,0.000370884356906684,0.0134035517185537,0.00235532257679965,1
"20618",0.0012393044676305,0.99803614362213,0.000683665913808044,4.08859964316372e-05,2
"20620",0.0020166466337078,9.85155816170121e-05,0.997747375475208,0.000137462309467181,3
"20622",0.000730538513237482,1.23705501952785e-06,2.63197608149653e-05,0.999241904670928,4
"20624",0.000895699365907908,0.0284130015066618,0.970690960433217,3.3869421293361e-07,3
"20626",0.0921425863488083,7.99508660887461e-06,0.902755593406552,0.00509382515803105,3
"20628",0.725569744436047,0.000577922022139609,0.272144389830065,0.00170794371174781,1
"20630",0.0875119514186571,0.000879446137075994,0.893159817513627,0.0184487849306399,3
"20632",0.0118087648611718,4.37579437548796e-08,7.22942396910664e-07,0.988190468438488,4
"20634",6.35106929868396e-05,0.000121215185934565,0.999815157840007,1.16281071500719e-07,3
"20637",3.47936490489008e-05,0.982535349646062,0.017412323783997,1.75329208917565e-05,2
"20639",0.23883162538507,2.31176119995858e-05,7.62750737766838e-05,0.761068981929153,4
"20644",1.86180485196339e-06,0.522126950617671,0.477870932097845,2.55479632488579e-07,2
"20646",0.00113842855430115,0.0261266756436557,0.972686805709427,4.80900926162269e-05,3
"20648",0.968652654193023,0.000240381273765883,0.000768866617364871,0.030338097915846,1
"20650",0.000330675327739478,0.247239932057598,0.752429133838066,2.58776596751466e-07,3
"20653",0.991365944512144,0.00138181182055212,0.00102209801970274,0.00623014564760103,1
"20658",0.000790662553967446,1.63687516431323e-05,0.999192727585031,2.41109359002791e-07,3
"20661",0.0217125617187142,0.895764726302131,0.0825111703419011,1.15416372540839e-05,2
"20663",0.36352079597522,0.0033835933268236,0.633067887367377,2.77233305798809e-05,3
"20665",0.000123636642549153,4.58417596274446e-08,9.0053639637043e-06,0.999867312151728,4
"20667",0.972683929796845,0.000968468957835909,0.0257821792588824,0.000565421986436594,1
"20669",0.991553676573396,2.69398545688416e-06,2.60831433702989e-05,0.00841754629777718,1
"20671",0.00138144132039176,0.775184780540595,0.223295521333338,0.000138256805674873,2
"20673",0.973957512663881,8.76462133035209e-07,4.60012586559521e-05,0.0259956096153299,1
"20675",0.992996092365628,1.34073084969983e-05,0.00691334745935514,7.71528665200642e-05,1
"20677",0.551414639472643,0.000469970589900409,0.448093565782837,2.18241546198442e-05,1
"20679",0.976122170234976,1.2320304498951e-06,7.76577662742102e-06,0.0238688319579461,1
"20681",0.999816752567569,7.48473610974652e-06,0.000112183800636995,6.35788956840616e-05,1
"20683",0.694739867620764,0.000162165776548827,0.305048974656004,4.89919466837142e-05,1
"20685",0.0182721299446284,0.981538656928065,4.15597209923192e-05,0.000147653406314224,2
"20687",0.0619320397562978,7.70628675210866e-06,2.55681257067877e-05,0.938034685831243,4
"20689",2.80248535148647e-05,0.704397149258439,0.295574604159563,2.21728483338463e-07,2
"20691",0.000423124050650258,4.33673981896469e-07,1.97327149373593e-06,0.999574469003874,4
"20693",5.96566916082279e-05,0.0018027400371049,0.998137581031565,2.22397213767631e-08,3
"20695",0.991615353217357,5.50139956622202e-05,0.000555765263628485,0.0077738675233526,1
"20697",0.000142307397702569,0.000621916048130788,0.99916011258502,7.56639691461494e-05,3
"20699",0.753204516457226,1.48909235814717e-05,0.246423982155366,0.000356610463827055,1
"20701",0.141174756337989,0.000376259679206232,0.858446788671592,2.19531121263545e-06,3
"20703",0.981867173128549,0.0126654379572885,0.000306927709616078,0.00516046120454676,1
"20705",0.0027978361697293,0.00627559020840917,0.990925984403176,5.89218685375654e-07,3
"20707",0.990542597423373,0.000758874880342329,0.00864496573257591,5.35619637089291e-05,1
"20709",0.0792321853471062,1.91878813357448e-05,0.0409314405543171,0.879817186217241,4
"20713",0.944610029178272,0.018175365897848,0.000214288911351416,0.0370003160125291,1
"20715",2.97361151228252e-05,0.116637727958381,0.853394864013451,0.0299376719130454,3
"20717",0.999384237611329,5.60790996781903e-05,0.000244709970065879,0.000314973318926944,1
"20720",0.0149341498362844,0.000561999163028298,0.984460079919232,4.37710814551314e-05,3
"20722",0.0192368868942663,0.000138973323093714,0.980618779991337,5.35979130259301e-06,3
"20724",0.78908372530979,1.83618520405095e-05,0.000107773121588375,0.210790139716581,1
"20726",7.48299878759479e-05,0.00153115871591211,0.998393997458884,1.38373282250615e-08,3
"20728",0.999673267305947,4.5600259263714e-06,4.05639170574723e-05,0.000281608751069348,1
"20730",0.568157738500284,0.000166282955172706,0.00214426736831244,0.42953171117623,1
"20732",0.478716232544115,0.100340086115475,0.420689410321465,0.000254271018944981,1
"20734",0.594303414914069,0.00268126313853685,0.402932729525528,8.25924218656191e-05,1
"20736",0.13557434047082,2.1172069867344e-06,6.80597505578307e-05,0.864355482571636,4
"20738",0.0198655040165089,0.073452344855053,0.516452933817536,0.390229217310902,3
"20740",0.101512708963469,0.297164189809123,0.601322951976799,1.49250608315502e-07,3
"20742",0.997159885585907,0.00222743170404754,0.000221789382917589,0.000390893327128465,1
"20744",0.0404112281493409,3.9287293106014e-08,4.49308531098078e-06,0.959584239478055,4
"20746",0.919514994875266,0.000171577743381921,0.0801735837272425,0.00013984365410952,1
"20748",0.698529972365177,6.78934054619109e-05,0.000113655416136711,0.301288478813224,1
"20750",0.36519792011358,3.24933177541883e-06,0.000841641751418505,0.633957188803226,4
"20752",0.0310370616213274,0.00132007839182864,0.967641589040927,1.27094591740327e-06,3
"20754",0.986667175685108,1.46409745096088e-06,0.000190428129363072,0.0131409320880784,1
"20756",0.563711350213018,0.000535468157514168,0.13954858557882,0.296204596050649,1
"20758",0.346483882228291,2.3974417294613e-05,0.268942174959714,0.384549968394701,4
"20760",0.840456977887564,8.53822217156897e-07,2.44136992214572e-05,0.159517754590997,1
"20762",0.998655051635651,3.24632615704265e-06,0.000113870993775084,0.00122783104441678,1
"20764",0.328339388785929,5.95926288258047e-06,1.14793000574601e-05,0.671643172651131,4
"20766",0.911148328697226,1.00332180592877e-05,5.06621011518786e-05,0.088790975983563,1
"20768",0.181884286002453,6.17353248402018e-05,0.00128675715012225,0.816767221522585,4
"20770",0.972991890989678,1.05770908008256e-05,0.0264838444663331,0.000513687453187636,1
"20772",6.51140150143336e-05,2.31275380444581e-05,0.99991035757158,1.40087536152419e-06,3
"20774",6.83667752737381e-06,0.00130506317361633,0.998688080445701,1.97031551147807e-08,3
"20776",0.996500925562483,0.00186373257945643,0.00158350614893289,5.183570912765e-05,1
"20778",6.69411752258643e-07,0.682787895884076,0.317211169331029,2.65373143151728e-07,2
"20780",0.811158222443745,5.76189804919563e-06,0.00129438002280111,0.187541635635405,1
"20782",0.932938029712612,2.05045250953211e-06,5.5510678841648e-05,0.0670044091560366,1
"20784",0.999057465817099,3.57835490617822e-06,0.000216713784789704,0.000722242043204909,1
"20786",0.000960948422125599,1.55642585106367e-08,3.07162025974692e-06,0.999035964393356,4
"20788",0.977912614703828,0.00224104111587887,0.0197017597883572,0.000144584391935679,1
"20790",0.912840976048786,3.03021305914538e-07,4.99180019927216e-05,0.0871088029279149,1
"20792",0.484418877260253,0.00405982670369988,0.0454642485396018,0.466057047496445,1
"20794",0.545814607025511,1.63472016903213e-07,2.33262922548049e-05,0.454161903210217,1
"20796",0.00055952758496406,0.00397467803730458,0.995465713367455,8.10102767284965e-08,3
"20798",6.97425663909125e-05,3.58567149976616e-07,1.66851235829721e-06,0.999928230354101,4
"20801",0.00160005811954376,2.8868809056072e-06,3.54967250264594e-05,0.998361558274524,4
"20803",0.958894190728062,0.0049788595204113,0.0360977881397063,2.9161611820199e-05,1
"20805",0.659414059443494,0.001518352449982,0.338956742030928,0.000110846075595912,1
"20807",6.97425663909125e-05,3.58567149976616e-07,1.66851235829721e-06,0.999928230354101,4
"20809",0.996113085689716,0.00103279409491557,0.00145373376943255,0.00140038644593619,1
"20811",0.0273603621181286,0.00339801578846665,0.0129454914561026,0.956296130637302,4
"20813",0.480225629075589,0.00424323720476649,0.441310772063057,0.0742203616565871,1
"20815",0.00138141326455502,2.0216833939457e-08,8.32147062731856e-07,0.998617734371548,4
"20817",0.962217200348707,0.000115369688579811,0.000218697190399035,0.0374487327723141,1
"20819",0.656495979672568,0.00845276428732576,0.335046923061175,4.33297893170221e-06,1
"20821",0.00632543238016476,0.000939868015013012,0.968546404083447,0.0241882955213755,3
"20823",0.787766871956244,0.00696247264962199,0.191160683894959,0.0141099714991754,1
"20825",0.936586820258207,3.17340780255216e-06,2.91534436122741e-05,0.0633808528903781,1
"20827",0.177614648952852,0.000387380672778707,0.000403845976056008,0.821594124398313,4
"20829",0.0024505234892472,0.00192060632950823,0.995596750235968,3.21199452761004e-05,3
"20831",0.936918588730381,2.31023665160283e-05,0.000138005929684682,0.0629203029734179,1
"20833",0.801753910636796,1.73034920709568e-06,0.000113545097250288,0.198130813916747,1
"20835",0.971331576205814,9.05845455833294e-05,7.25101964200488e-05,0.0285053290521824,1
"20837",0.997466046316801,0.000130854240783669,0.000321533010085292,0.00208156643232964,1
"20839",0.988909569547814,5.17534667652933e-06,8.17528037283515e-05,0.0110035023017808,1
"20841",0.206835002572399,0.357741108864234,0.435349285381748,7.46031816184573e-05,3
"20843",0.998645868260472,3.57184398445471e-05,0.0012884550207832,2.99582789003462e-05,1
"20845",0.460169642210216,4.62133593500306e-05,0.00144694456230888,0.538337199868125,4
"20847",0.563235143970906,0.00216245259289757,0.434267163435469,0.000335240000728012,1
"20849",0.408480366511589,0.000329027666396013,0.578644061301734,0.0125465445202802,3
"20851",0.29211472066993,0.00647653099591553,0.701356416281556,5.23320525987604e-05,3
"20853",0.00967740940215592,0.534394437557375,0.455924790407777,3.36263269198224e-06,2
"20855",0.00291925583363473,0.000692561836190463,0.996134203171972,0.000253979158202634,3
"20857",0.368695371872786,0.00140504135434013,0.629830995089452,6.8591683421704e-05,3
"20859",0.021375498488356,0.000111483684802337,0.978401832642126,0.00011118518471585,3
"20861",0.036882026258074,0.95966906362994,0.000326723793061936,0.00312218631892424,2
"20863",0.649228943434149,5.30641440670367e-05,6.25003505210369e-05,0.350655492071263,1
"20865",0.998065782475446,1.17967717843169e-06,0.00116371854174612,0.000769319305629372,1
"20867",1.17429395088685e-06,0.00113141732545495,0.998867376676082,3.17045124949624e-08,3
"20869",0.494256755843492,1.51665842713573e-05,0.000342424666881277,0.505385652905355,4
"20871",0.000127357100432102,0.000684986504466504,0.997851454334321,0.00133620206077994,3
"20873",0.000104512710106708,0.000386167697150706,0.999069931651593,0.000439387941149174,3
"20875",0.0375901733292981,0.0331914027229964,0.92917211481031,4.63091373953359e-05,3
"20878",0.00342028658754841,2.35032288675035e-07,2.12174632251499e-06,0.99657735663384,4
"20880",0.81253935347476,3.10046042308148e-06,0.000207052924262282,0.187250493140555,1
"20882",0.00032210613415969,0.0018654864299473,0.997809559039645,2.8483962480374e-06,3
"20884",0.994947494601113,0.000167959824201856,0.000331658295264524,0.00455288727942034,1
"20886",0.294571985831061,7.25495542866293e-06,0.00208382099879162,0.703336938214719,4
"20888",0.116157914484971,1.11237256736089e-07,1.84862430510521e-06,0.883840125653468,4
"20890",0.795464931743882,4.4138251330012e-06,0.000622462604616523,0.203908191826369,1
"20892",0.468073398889603,0.0518715056114961,0.4799932187478,6.18767511011927e-05,3
"20897",0.885491231867747,0.0195560640326324,0.0781772165613041,0.0167754875383165,1
"20899",0.873654461864681,0.00144845135940058,0.0864096259712174,0.0384874608047006,1
"20901",0.00138642528962525,0.96799199967413,0.0306060676474883,1.55073887564666e-05,2
"20903",4.25801634073217e-05,0.032255906518995,0.962716145367098,0.00498536795049943,3
"20905",0.0432665278770818,0.0186362570724463,0.902318246865096,0.0357789681853762,3
"20907",0.000865039000418155,8.74226610146823e-05,0.999046967822459,5.70516108595255e-07,3
"20909",0.550215684097568,0.0014004999662188,0.422497167970419,0.0258866479657945,1
"20911",7.75133257915058e-06,0.975561132893061,0.024430970303157,1.45471202901021e-07,2
"20913",0.984741698827907,0.000349491179685536,0.00877506190277466,0.00613374808963246,1
"20962",0.0858062168548147,0.000150354324588775,0.913987808396513,5.56204240836262e-05,3
"20969",0.00322861507811329,0.0212754067137228,0.962751687619371,0.0127442905887924,3
"20980",0.0929117193768041,0.000221490394829945,0.906213004330361,0.00065378589800511,3
"20982",0.0121774943334703,0.000146564747601634,0.987674587996688,1.35292224026749e-06,3
"20984",0.991826508278018,0.000664160860790311,0.000558848308143685,0.00695048255304804,1
"20994",0.0106286757887727,0.0119534026166093,0.976798429532772,0.00061949206184649,3
"21015",0.16748529574086,0.00070449129261503,1.57395439861194e-05,0.831794473422539,4
"21023",9.18475528812313e-05,0.0320040159514226,0.967904017006565,1.19489130804815e-07,3
"21040",0.0838263503532724,0.00512915711909207,0.91103212549729,1.23670303457029e-05,3
"21073",0.241149734019857,0.217599566617814,0.533356963941271,0.00789373542105817,3
"21222",0.887564776586194,8.59395851754679e-05,0.000619132917040828,0.111730150911589,1
"21224",0.926270503539213,1.41834474943741e-05,0.0697182769149601,0.00399703609833226,1
"21228",0.265372026376105,0.108132635626849,0.0108708597033881,0.615624478293659,4
"21232",0.00204720997987146,0.0356259313992772,0.962326522640439,3.35980412147046e-07,3
"21237",0.0206241727317763,0.430147360042759,0.548269849372006,0.000958617853459327,3
"21240",0.910778383534013,7.99341148130678e-05,0.000111719322137,0.0890299630290369,1
"21245",0.760117723701427,5.48239368504953e-06,7.01252385626118e-05,0.239806668666325,1
"21252",0.00487488039248012,0.135959313505643,0.859165707415552,9.86863257750476e-08,3
"21254",0.050746033296736,0.11908022402607,0.830161329149398,1.24135277956503e-05,3
"21258",0.895641162427209,8.83381971650584e-05,0.0954192976809383,0.00885120169468741,1
"21264",0.863470998311331,0.000362532786062106,0.00681810494770891,0.129348363954898,1
"21305",0.963007967876871,7.97558455346853e-06,0.0159039649345217,0.0210800916040531,1
"21333",0.104597080301857,0.00143246353676586,0.893969378848243,1.07731313441645e-06,3
"21366",0.972180500808659,0.00285961500842849,0.0246695111861304,0.000290372996782403,1
"21377",0.00128545346512378,1.69103883011215e-06,1.99624720795332e-05,0.998692893023966,4
"21380",0.0596833571033444,0.000358161834994201,0.919629469111998,0.020329011949663,3
"21387",6.30118258965372e-07,0.999854024792254,0.000145344235165853,8.54320656833627e-10,2
"21390",0.00560559330504341,0.0106356183881891,0.983756611208811,2.17709795643687e-06,3
"21392",0.765736674364331,0.0580630283675315,0.175762778327369,0.000437518940769206,1
"21403",0.0774906484193248,0.000222783009141919,0.893799984628889,0.0284865839426444,3
"21408",0.000640258963646787,0.000602635696922516,0.998698084176642,5.9021162788559e-05,3
"21412",0.000440647765771916,0.977440955663854,0.0218420636770679,0.000276332893306143,2
"21421",0.996063497343402,4.52046207757952e-05,0.00248319971673746,0.00140809831908419,1
"21424",1.2075673870153e-05,0.963120261429338,0.0368676527163817,1.01804098322778e-08,2
"21429",0.00319348354982921,0.0057320941591187,0.991049357268742,2.50650223101556e-05,3
"21431",0.984678863055237,0.000221135367570652,0.0139976342330516,0.00110236734414124,1
"21436",0.997009624708605,4.89220816092962e-06,0.00211939256045407,0.000866090522780221,1
"21439",0.030225780802209,0.000871629741660818,0.965233570481792,0.00366901897433809,3
"21442",0.745008547902802,0.00114354779578895,0.0777098869128436,0.176138017388566,1
"21444",0.996270208431406,2.60192483242436e-05,1.26081743816254e-05,0.00369116414588806,1
"21446",0.005942884910494,4.51890136296748e-05,1.21920757238487e-06,0.994010706868304,4
"21448",0.00503711357754116,0.994857527636919,1.22570831017292e-05,9.31017024378819e-05,2
"21450",0.5908235995239,0.0297317765437826,0.342736862924033,0.0367077610082843,1
"21452",0.0212188484714575,3.79100931613245e-05,0.978737004547929,6.23688745246993e-06,3
"21466",5.22896186028779e-05,0.0236560002464033,0.976291703579665,6.55532911320614e-09,3
"21470",0.0944253250120387,7.39172493057084e-05,0.90481677127815,0.000683986460505271,3
"21472",0.00977496742344598,0.000788521499288856,0.989436431013706,8.00635590265919e-08,3
