"","V1","V2","V3","V4","V5","best$classification"
"19811",6.20624599364048e-07,0.94936756001055,6.48839214558602e-05,0.00270892833994333,0.0478580071034513,2
"19813",9.35229970011474e-09,0.000107722604372416,2.35465128622619e-06,4.04528030092359e-07,0.999889508864012,5
"19815",0.000546883339557712,0.997817323746567,0.00158863363092622,4.38650788290555e-05,3.29420412002067e-06,2
"19817",2.00205520269638e-05,0.997957744078594,0.000209108261093426,0.00179935250560039,1.37746026856324e-05,2
"19819",0.147698502348787,0.000117805742428216,0.85218229579437,1.39400934942362e-06,2.10506624236888e-09,3
"19821",1.19267219228449e-06,0.906058712861873,0.00222769568736546,0.068934831277103,0.0227775675014658,2
"19823",0.0526271630454778,0.945772123539987,0.000723796286296232,0.000866904350866595,1.00127773719037e-05,2
"19825",0.000982632891021594,0.00553843371420743,0.175461002137701,0.809433420029369,0.008584511227701,4
"19827",0.000120896547152825,0.336432300837807,0.00050921636332625,0.662935921728934,1.66452277998583e-06,4
"19829",0.000138444013596704,0.00314286330157117,0.985345182859607,0.0113653735984225,8.13622680251234e-06,3
"19831",0.114627250172142,0.000779207462465619,0.884589314307231,1.80015734459843e-06,2.4279008176887e-06,3
"19833",0.999928397186243,6.79339948627334e-06,3.94963025687742e-05,1.82594314510581e-05,7.0536802508956e-06,1
"19835",1.19267219228449e-06,0.906058712861873,0.00222769568736546,0.068934831277103,0.0227775675014658,2
"19837",1.95045752719485e-05,0.896794489793331,0.00166040156239996,0.101514076262702,1.15278062952396e-05,2
"19839",4.89882969556921e-05,0.00745201999719299,0.959152316413497,0.0308630530999604,0.00248362219239381,3
"19841",9.9221180458009e-08,2.25366838719736e-05,3.39009731826356e-05,0.999793972572242,0.000149490549523193,4
"19843",0.0001452689085521,0.000168988123475601,0.977816111208928,1.12057849243385e-07,0.0218695197011949,3
"19845",3.38808475029801e-07,0.0931779751601149,7.5045661731211e-06,7.46331589902405e-05,0.906739548306247,5
"19847",8.29064806517017e-05,0.989573068598185,0.00488586401282308,4.28574330594172e-05,0.00541530347528061,2
"19849",3.22505782924418e-09,0.000152233135080947,2.75002200758361e-07,9.5516887959347e-07,0.999846533468781,5
"19851",2.3675666629752e-05,0.999694831568252,7.21919016705734e-05,0.000170321084370401,3.8979779077294e-05,2
"19853",0.000150633407972369,0.969171306253311,2.6500050360916e-06,0.00219592528216875,0.0284794850515113,2
"19855",8.77996021492761e-06,0.984829129630646,1.26895062255297e-05,0.0133469412522277,0.00180245965068549,2
"19857",3.6122924420433e-06,0.939616913590867,0.0114549612198112,0.0338117437328708,0.0151127691640085,2
"19859",0.000134841658510882,0.973488089511619,0.00153107468598716,0.0248176835068728,2.83106370102409e-05,2
"19861",2.01292629343902e-06,0.869989945035097,5.72637543694748e-05,0.000184983330961381,0.129765794953279,2
"19863",4.28133127236971e-09,4.64445843728444e-05,2.71533854043493e-07,0.00839068489514084,0.991562594705301,5
"19865",8.91222816835865e-08,0.00190488087617051,6.24075688937346e-06,0.998085156301771,3.63294288779075e-06,4
"19867",2.96735396913458e-05,0.993364914844499,0.000857816319768502,1.17780361816298e-05,0.00573581725985992,2
"19869",8.86691935810733e-09,0.00830577417982069,5.38562671451592e-07,0.000214962376585048,0.991478716014004,5
"19871",0.000156101435376621,0.901376225821609,0.0044079004292507,0.0940539881552657,5.78415849786301e-06,2
"19874",1.19625969397837e-05,0.14274344203873,2.6502916274375e-05,0.85720550447914,1.2587968915716e-05,4
"19876",5.33511131393849e-07,0.434524618741626,7.03331673420366e-06,0.564755525343967,0.000712289086541685,4
"19878",0.0172736602218876,0.31767562049448,0.663402896010849,0.000559540426826472,0.00108828284595679,3
"19880",1.72588386877513e-08,0.000818962060188318,2.28367429196384e-07,0.99915315793585,2.76343776939104e-05,4
"19882",6.15039334600268e-06,0.757741691425362,4.79890823733532e-05,0.00311718320699087,0.239086985891928,2
"19885",1.2328946175684e-05,0.991798520264655,0.00669625189714716,0.001477638444773,1.52604472488042e-05,2
"19907",9.14778342084607e-06,0.943917853504397,0.000355949450441855,6.78923562809452e-05,0.0556491569054594,2
"19909",4.9959899355331e-05,0.0159949563606923,0.983672344328029,2.64861824294785e-05,0.000256253229494006,3
"19911",0.00116819438243333,0.0313037824264774,0.933770190507365,0.0337161238951926,4.17087885314716e-05,3
"19913",1.33244566467e-07,2.37344451811927e-05,1.06192158210559e-06,0.999973272702663,1.79768600709432e-06,4
"19915",1.02302392819426e-05,0.367779068084775,3.17751831903181e-05,0.632172102482566,6.82401018672672e-06,4
"19917",1.98372577485933e-06,0.0109313775512356,7.13426772587619e-05,0.988988414972849,6.88107288182469e-06,4
"19919",6.07540852723401e-05,0.776794082780442,0.000496588773557455,0.222644188335077,4.38602565116456e-06,2
"19921",1.17144744473313e-05,0.999391577970211,0.000273835785897142,3.88124082298648e-05,0.000284059361213946,2
"19923",0.0250312791801297,0.925410655384628,0.0490613776303745,8.6079091545156e-06,0.000488079895713979,2
"19925",2.96271740879755e-06,0.0400720865521675,2.06768464412847e-05,0.959901917108012,2.35677597033201e-06,4
"19927",1.24107490875723e-05,0.999030368564876,8.88261041308501e-05,0.000814006507851433,5.43880740537909e-05,2
"19929",7.09177036302448e-09,0.000177790458061424,7.19655747977091e-07,0.505835439441172,0.493986043353248,4
"19931",9.23723680471018e-05,0.996222194879388,0.00097793294634653,0.00270485417476466,2.64563145403117e-06,2
"19933",0.00114398143074102,0.31889436903783,0.676800804596885,0.00315916380493153,1.68112961284528e-06,3
"19935",1.2736441889706e-05,0.914983118882939,0.0808979591131914,0.0032038985042808,0.000902287057698466,2
"19937",0.000222807521617049,0.999370324591573,0.000335750823353795,6.58713332913364e-05,5.24573016471396e-06,2
"19939",0.000120650024963231,0.996243160308306,0.000875211737699005,0.00274900462145761,1.19733075737623e-05,2
"19941",8.40672675936158e-05,0.00852014576101127,0.909498889870898,0.0813963495314819,0.000500547569015084,3
"19943",7.42172933483634e-07,0.000705209570699005,2.07174875555279e-06,0.999291552712157,4.23795455377338e-07,4
"19945",0.00252353352965597,0.134913052201221,0.862444778321867,0.000117965293781007,6.70653475270312e-07,3
"19947",0.000226692441847919,0.0204265032961426,0.125855771275939,0.825666973683303,0.027824059302768,4
"19949",0.0243519869338336,0.771293351662169,0.204323632875926,2.22721568094771e-05,8.75637126211855e-06,2
"19951",5.16495297663826e-05,0.278024194353076,0.0018929160373565,0.720006616290165,2.46237896366133e-05,4
"19953",0.830791091047331,0.00311602019250675,0.166092532180124,2.09550663879491e-07,1.47029374782557e-07,1
"19955",0.050335197939205,0.0102312619509956,0.939397160126754,5.47019568322688e-06,3.09097873624866e-05,3
"19957",0.001372870109004,0.0839441526499407,0.00120059021270375,0.913439920903608,4.246612474314e-05,4
"19960",0.00013410724248361,0.00316422003219944,0.996212456879605,0.000428197924995756,6.10179207156815e-05,3
"19963",0.0648612566393622,0.000603722376473161,0.000560589123384068,0.9338140895541,0.000160342306680228,4
"19965",0.000509525772680898,0.000729288950318805,0.998677907044973,5.85242402611058e-08,8.3219707787091e-05,3
"19968",2.89848582064686e-08,0.0125637648334539,0.00202902230238474,0.785675812036906,0.199731371842397,4
"19971",0.00555484390456007,5.4544745247528e-05,0.00196131617774461,0.992426775769052,2.51940339544362e-06,4
"19973",1.64355648227829e-06,0.986469920705964,0.000226086868475042,0.0132187391700957,8.36096989832326e-05,2
"19975",1.04244700406511e-07,0.019404128741712,5.3384742761308e-05,0.980491018150671,5.13641201556281e-05,4
"19977",0.00016572768122476,0.0018229100515747,0.000189939574606244,0.997433488819931,0.000387933872663442,4
"19979",0.00035319730395545,5.76669151573732e-06,0.999639271989923,1.76231373374147e-06,1.70087205539863e-09,3
"19981",2.54504835781821e-05,0.980981181670722,0.0165554691996601,0.00136768782038598,0.00107021082565368,2
"19983",0.000137776940230595,0.97647078942118,0.0227571630503223,7.47018316417921e-05,0.00055956875662568,2
"19985",6.33954409906724e-07,0.111058533757946,6.21907638492472e-06,0.888867082307797,6.75309034622579e-05,4
"19987",0.000142066967364413,0.839153280928228,0.0551734080850974,0.10551810338709,1.31406322200004e-05,2
"19989",0.00396353023449951,8.67585922665877e-05,0.995949691232774,1.62643824477017e-08,3.67607797300481e-09,3
"19993",0.00145551209822643,0.625719291681472,0.335792122572504,0.0370299130472489,3.16060054967146e-06,2
"19995",0.000444819212415657,0.243018044473678,0.747004864762514,0.00951883539566568,1.34361557263122e-05,3
"19997",6.19147425934143e-06,0.977143856908446,7.54454920887274e-05,0.0226790588500777,9.54472751279386e-05,2
"19999",5.3970697330304e-07,0.865093320127859,1.51511913922595e-05,0.132675403129769,0.00221558584400624,2
"20002",2.80896065088533e-06,0.000454815987670569,0.000323840930973825,0.410729870375415,0.58848866374529,5
"20004",7.62572805086455e-05,0.113316835869021,0.871818145910492,0.0142109483620212,0.000577812577957022,3
"20006",0.00530718432321586,0.030667231252878,0.959357785079886,0.00125643539971048,0.0034113639443096,3
"20008",0.0234025748601473,0.0567850819231107,0.918854337905503,0.000513995805238792,0.000444009506000467,3
"20010",0.0448969764498635,0.0572278403676012,0.897864260385716,1.08662516467183e-05,5.65451721221834e-08,3
"20012",6.88615650618021e-07,0.135240419123382,8.65389206694768e-05,0.852817486624003,0.0118548667162944,4
"20015",7.76833899952051e-06,5.33911063467078e-05,0.999937413960038,8.33973277391369e-08,1.34319728832154e-06,3
"20017",8.1012987498078e-07,0.93467134426992,5.11380229911238e-05,0.0604781054810869,0.00479860209612724,2
"20019",0.00307582592369135,1.68140643510448e-06,0.996922478987193,1.3076590530422e-08,6.0608987736567e-10,3
"20022",0.00185078843192633,0.00924840286284729,0.988896685441315,4.07296868802861e-06,5.02952229546773e-08,3
"20024",0.494778349546936,4.42673299744204e-05,0.505176933035116,1.37563807298661e-07,3.12524165859124e-07,3
"20026",0.494778349546936,4.42673299744204e-05,0.505176933035116,1.37563807298661e-07,3.12524165859124e-07,3
"20028",2.37174333012863e-06,0.680143836967938,1.87453110929242e-05,0.319487140026216,0.000347905951421962,2
"20030",1.04135570305646e-05,0.000177982794751951,0.99963230089345,0.000169513877716095,9.78887705143701e-06,3
"20033",1.01542830790053e-05,0.593586705240655,0.00171597429121242,0.404618886535096,6.82796499570403e-05,2
"20035",0.0046214838828462,4.58090956568224e-06,0.995373917391204,1.63878234869272e-08,1.42856091784873e-09,3
"20037",0.000532707046200269,6.82741237523296e-06,0.999460428088775,6.60863448337126e-10,3.67917857120783e-08,3
"20039",0.999619901377656,8.45491678639523e-07,0.000379252454036766,2.33668776816633e-10,4.42959805183714e-10,1
"20041",0.0545758855796743,0.715656761008599,0.22837076694853,0.00124977242242943,0.000146814040766977,2
"20044",0.0835187563516564,0.566839676048012,0.336517221839172,0.0129546968731069,0.000169648888052702,2
"20047",0.00714340793533483,5.49985897582341e-07,0.992855898362441,1.43241542813887e-07,4.74784296556469e-10,3
"20050",0.842344430612879,0.02214573564834,0.135445118256632,6.47101783142825e-05,5.30383491981336e-09,1
"20052",0.00151617082504919,0.930396870191912,0.018105355246924,0.0499805555810242,1.04815509108071e-06,2
"20054",3.15586461190619e-06,0.000657290901037251,0.999304413464409,1.01791157055416e-05,2.49606542362107e-05,3
"20056",4.39964419841182e-06,0.00133937191312203,0.000185012602074305,0.998470032137568,1.18370303739644e-06,4
"20058",0.00126666687093086,7.82171624392116e-05,0.998655075174392,3.9823967970448e-09,3.68098412628424e-08,3
"20060",3.15879428434808e-05,0.997935490179189,0.0010520217308623,0.000952562019891244,2.8338127213972e-05,2
"20062",4.79398158994611e-05,0.992141457217085,0.00749373170910698,0.000283437995005016,3.34332629035032e-05,2
"20064",0.0001324558008518,0.0319064812374764,0.967425945880876,0.000534735415126936,3.81665668953602e-07,3
"20066",2.74213488688405e-05,1.563457131946e-05,0.999938555297298,1.69052496941953e-05,1.48353281927396e-06,3
"20068",4.49107662593918e-06,0.998504909122657,9.69233162357315e-05,0.000173315479466676,0.0012203610050149,2
"20070",0.000388396183503209,0.999293204876349,0.000148912532826104,9.34740341916748e-05,7.60123731297947e-05,2
"20072",5.74129165691386e-05,0.00126875420647072,0.994334071483591,7.22239507760098e-08,0.00433968916941802,3
"20074",1.9538871582022e-08,6.20342821127202e-05,2.49702782662442e-07,0.999022594545543,0.000915101930689649,4
"20076",4.22863657142723e-07,0.0432997183732901,0.012521228890621,0.670311670283021,0.273866959589411,4
"20078",0.00323426772748448,0.0523709142757707,0.944104123935794,0.000288946846528003,1.74721442325669e-06,3
"20080",0.00130441732920706,9.66062916452067e-06,0.99868587003924,5.17853469449977e-08,2.17040987637962e-10,3
"20082",0.992627419931952,2.79081173014154e-05,0.00734448411286559,1.87729231461218e-07,1.08649709594631e-10,1
"20084",0.0139594938831585,0.0148882986554751,0.929233161797037,0.0419184055017404,6.40162588825196e-07,3
"20087",0.000972943361825511,0.0498162417514431,0.949158541940484,1.89045122903274e-06,5.03824950185345e-05,3
"20090",0.0314665374512133,0.000123915709930224,0.968409246621712,2.99631806718851e-07,5.85337808920547e-10,3
"20092",0.800107372652043,0.172207391344946,0.0267995654204779,4.34100449939949e-07,0.000885236482082783,1
"20096",0.384076525909116,0.594565521517794,0.0100088488824155,0.011334975439194,1.41282514804454e-05,2
"20098",2.20218533026e-05,0.609302062903423,0.000482562962694978,0.390182662966505,1.06893140743019e-05,2
"20101",0.00174142670343193,0.000201260328665122,0.997878095255686,0.000179211810408598,5.90180873965393e-09,3
"20104",0.0618410546561622,0.573556694030185,0.000225947367966261,0.00305576806020548,0.361320535885481,2
"20106",0.000113429770976151,0.00137004785410972,0.998427698121574,8.88072228381566e-05,1.70305018169496e-08,3
"20108",3.85095031783496e-06,0.940781846218031,0.000863835613491858,0.057973381552634,0.000377085665525829,2
"20110",0.283491785193613,0.54636430371733,0.00828856494447446,0.161854599581077,7.46563505892326e-07,2
"20112",0.0218906976477951,0.0303913082818478,0.94766060061444,5.73167545811331e-05,7.67013357879689e-08,3
"20114",0.00201877195132038,0.0576665014363212,0.802834746293778,0.13747556133865,4.41897992987155e-06,3
"20116",1.38727510396915e-05,0.00649760718038477,0.965840055456128,0.027583928354147,6.45362583005281e-05,3
"20118",0.000441361830844152,0.763271784655103,0.078763007189585,0.157518075436902,5.77088756605434e-06,2
"20120",0.0311057270346816,0.00958987142264787,0.957967448405053,0.00133694868610998,4.45150715771644e-09,3
"20122",6.28797222374608e-08,0.000991511908341542,8.4443496973288e-06,0.998976257892881,2.37229693576482e-05,4
"20124",0.0026648105451116,5.35455718215964e-05,0.997281404018481,6.54081654878302e-09,2.33323769350279e-07,3
"20126",0.990538519579182,8.81972006330997e-06,0.00945209637671414,3.25195419872083e-07,2.39128620219963e-07,1
"20128",0.768735499690728,2.76226424176971e-07,0.231264216515837,3.05989350549598e-09,4.50711720856567e-09,1
"20141",0.0293331416298889,0.795426889779237,0.000172052435045426,0.174875004866896,0.00019291128893269,2
"20143",2.14040529827485e-08,2.5896612436663e-05,2.22169626347573e-07,0.99995403057874,1.98292351440921e-05,4
"20145",0.0053979969811959,0.0140826886916957,0.980502780925191,1.65293468122807e-05,4.05510506511642e-09,3
"20147",0.00018292701575873,0.00257631896979315,0.997228831661653,1.18850485420989e-05,3.73042531929401e-08,3
"20149",1.31228093316781e-07,0.000901975524935005,1.16734786670488e-06,0.999082305572294,1.44203268109739e-05,4
"20151",1.14513709215533e-05,0.826915914420794,0.000645133736113324,0.172417436353192,1.00641189794161e-05,2
"20153",0.0109425670945744,0.277580042011964,0.00178182098699673,0.709695439174607,1.30731856912301e-07,4
"20155",0.000283827620908586,0.000526856723450667,0.999188470686618,7.50104402073905e-07,9.48646207257517e-08,3
"20157",1.91305850448367e-05,0.247728044970858,0.000194681119236383,0.752051838611094,6.30471376723123e-06,4
"20160",4.75628751406059e-08,3.92096804661706e-05,4.42271442390555e-07,0.999957122873069,3.17761214699755e-06,4
"20162",4.03584915556847e-08,0.00194944371071011,4.19801107095948e-07,0.998036264747246,1.38313824457621e-05,4
"20164",3.98988953542707e-05,0.0450323496655032,0.000151957999409227,0.954769578222245,6.21521748820493e-06,4
"20166",1.17924208630939e-05,0.000144857656823669,0.998511558647726,0.00108643950173908,0.000245351772848007,3
"20168",7.91541624648242e-07,4.5887526157432e-05,0.00363056162505767,0.000808319071605373,0.995514440235555,5
"20170",6.91511760857948e-05,0.504199293923413,0.000340102608580245,0.495387408489051,4.04380286924375e-06,2
"20172",0.00144662029821007,0.00563377505920369,0.992919405565187,1.42398788285483e-07,5.66786110952454e-08,3
"20174",1.28612020280606e-07,0.379576990846187,1.48487427944316e-05,0.41946950805103,0.200938523747968,4
"20176",6.47448064345257e-08,0.000165036319653766,0.000252768341378901,1.0757639725058e-05,0.999571372954436,5
"20178",1.01411346282356e-07,2.48642232198628e-05,5.32398179686674e-07,0.999972809864359,1.69210289498929e-06,4
"20181",1.51443200055219e-05,0.000177438848583186,0.995036139527169,0.00476906680489181,2.21049935034898e-06,3
"20183",0.000915232996276753,0.995315783852937,0.00373243369268032,3.13022138584629e-05,5.24724424807749e-06,2
"20186",0.00332184313136526,0.976657444148805,0.0175713178722037,7.33441160829326e-07,0.00244866140646563,2
"20188",9.60159613913813e-08,0.000215710797964828,4.44916027741385e-07,0.999781809203411,1.93906663450033e-06,4
"20190",2.99132027036312e-05,7.575313973683e-05,0.999893591385879,6.90780538956727e-07,5.14911414842928e-08,3
"20193",4.70908094050015e-06,0.000581536406603722,0.00398398132863382,0.942332367809131,0.0530974053746911,4
"20195",4.03954181903991e-05,0.159313954039965,0.00196765463370209,0.838671968059464,6.02784867954219e-06,4
"20197",0.000601433316783394,0.00399874124737384,0.995399472120546,2.16944922325556e-07,1.36370374318775e-07,3
"20199",8.57814031380576e-06,0.0424535783296862,7.28161644369676e-06,0.957528037115062,2.52479849443439e-06,4
"20205",0.999648323368835,6.00652223479493e-05,0.00029159746034448,1.35469221461047e-08,4.01549983742518e-10,1
"20208",2.01574989158507e-05,0.965645033542383,0.00281819115662179,0.0314513271349225,6.52906671565734e-05,2
"20210",1.73500364905967e-07,0.00630665897640654,1.45701328907856e-06,0.993685947577634,5.76293230600928e-06,4
"20212",7.55581670233537e-06,0.0857207019788572,0.000178304793595238,0.914083471507312,9.96590353289125e-06,4
"20216",8.78466286793112e-05,0.00293060518250132,0.996865766141526,0.000115303138199956,4.78909092938083e-07,3
"20219",0.609271687291041,0.0138367935798352,0.376771285526925,0.000120223054141299,1.0548057392274e-08,1
"20223",0.0004161147035572,2.67565385781377e-05,0.997672114955559,2.25048526839075e-09,0.00188501155182079,3
"20226",0.00678598917647212,0.934800061986922,0.0557196530701669,0.00269115817511431,3.13759132459691e-06,2
"20230",0.000128761302323095,3.18965210850339e-05,0.999839208638363,9.3062673690189e-08,4.04755548417049e-08,3
"20233",0.995906593712819,0.00403316667873964,5.36996441969997e-06,5.33954029490572e-05,1.47424107290645e-06,1
"20235",0.0401813215845751,0.000825081048084968,0.958813584535783,1.4066666333317e-08,0.000179998764890628,3
"20239",0.00101411523400322,0.023692998057517,0.972249699438447,3.06889334508904e-06,0.00304011837668796,3
"20254",0.99254189565068,6.090841645461e-06,0.00745200071708525,1.2773545889948e-08,1.70429442575938e-11,1
"20256",0.00034550715754439,0.000152266834067153,0.999501695984237,1.41217105632025e-08,5.15902441050093e-07,3
"20262",5.32742078448555e-06,0.186920857822009,0.00012595921388233,0.81294376226862,4.09327470334993e-06,4
"20270",3.86185444731913e-05,0.0208762914138101,0.969397366432252,0.00653388683891453,0.00315383677054964,3
"20284",0.302699660158114,0.685977491655634,0.0112612164644451,6.10277721411856e-05,6.03949665343089e-07,2
"20287",0.00020593172051264,2.9840110336947e-06,0.999790908084595,1.97728744937942e-09,1.74206571523914e-07,3
"20290",0.992656377984055,0.00448819128868847,0.00280792140224762,4.75083813861765e-05,9.43623227274494e-10,1
"20293",0.00255754338902606,0.0669787440434424,0.930430431948877,3.17335563901973e-05,1.54706226431623e-06,3
"20296",2.80398685201803e-07,0.208524441597011,0.00900759081784353,0.765068358795721,0.0173993283907392,4
"20301",0.000743625382346372,1.84008487490691e-06,0.999244236018694,1.02191599362482e-05,7.93541480795528e-08,3
"20304",0.990741461030042,6.35313761802535e-05,0.00919465848554036,3.48756801717851e-07,3.51435834995084e-10,1
"20306",0.00252517286656119,6.15649707601696e-05,0.997413210742313,4.10836069507483e-09,4.73120044942018e-08,3
"20309",0.00612165441860813,0.457249487672498,0.536291121033772,0.000335296838231749,2.44003688938682e-06,3
"20311",0.00118699253473731,0.00717629676381562,0.991026788286073,0.000607501589563834,2.42082581063494e-06,3
"20314",0.000104455199375857,0.939750499625761,0.00376294666649856,0.0563807649866676,1.33352169675632e-06,2
"20318",2.316098382335e-07,9.18209690765824e-05,2.74681131354628e-05,0.999860013623268,2.04656846822148e-05,4
"20320",0.00583005076926395,0.987599226562221,0.00242161836026184,0.00411508492963843,3.40193786147125e-05,2
"20326",0.000236654549668979,0.866852852685716,0.00516526808573477,0.12774197222062,3.25245826093619e-06,2
"20328",0.00218669645756736,0.996544501189139,0.0012300765744868,3.07224695152908e-05,8.00330929187163e-06,2
"20330",0.0364971998630745,0.00842409878172143,0.955067638045373,5.40834388231653e-06,5.65496594855965e-06,3
"20336",0.924363283886778,0.0567318910628829,0.0189016963961897,3.10332459207364e-06,2.53295570315419e-08,1
"20338",0.973179929545183,0.00286141843565652,0.0237862679601207,0.000172373732549708,1.03264904988403e-08,1
"20340",0.000597328202410559,1.30340135213838e-05,0.999389495843846,4.8496611016884e-08,9.34436108630522e-08,3
"20342",0.998661040848537,0.000355576512972804,0.00071532288079929,0.000208877488554039,5.91822691365739e-05,1
"20344",0.000763270477588086,0.00307071385387321,0.996164458099559,1.07080781804973e-06,4.86761161823828e-07,3
"20349",0.000201887116303195,8.87710589501402e-05,0.999709083122427,1.13679142405669e-08,2.47334405524114e-07,3
"20351",0.0165958183115252,0.0733283115252363,0.909077570388725,0.000996681319167322,1.61845534626183e-06,3
"20353",0.0991737488551019,0.00276862188441336,0.898057377029735,1.93536871530986e-07,5.86938781332966e-08,3
"20357",0.998442352869119,3.77469023912417e-05,0.00151989890224224,9.44097786813557e-10,3.82149293887329e-10,1
"20360",0.975921526189308,0.00138219605140712,0.0219159667837928,2.24316112172922e-06,0.000778067814370365,1
"20364",0.00510142104951971,0.0853727647503498,0.909496984612492,2.87574939721095e-05,7.20936662247598e-08,3
"20366",0.985021314788896,0.0130881243270267,0.00186007868996918,3.04619762053166e-05,2.02179024574236e-08,1
"20381",4.13115966258677e-07,0.00365512347671138,2.70977964560149e-06,0.0228116804258046,0.973530073201872,5
"20391",0.0420499489191018,0.212749646704176,0.414298668039155,2.2291684842879e-07,0.330901513420718,3
"20394",5.34234832770184e-06,0.995718909864355,0.000213733141821332,0.00176963644522411,0.0022923782002717,2
"20396",6.37649330733963e-08,0.180141707513393,2.25539856820671e-06,0.025925955704076,0.79393001761903,5
"20409",0.00114496015674179,0.166504954133222,0.561023558441873,0.271314976372844,1.15508953198502e-05,3
"20411",0.11572030990356,0.00112876760287534,0.883150897488795,7.7390266356781e-09,1.72657431989696e-08,3
"20416",0.951391525235378,3.67047160297496e-07,0.0486081071626036,8.86389660063221e-11,4.66218815068302e-10,1
"20418",3.0804076721889e-08,0.0936146944753487,1.81272823867289e-06,0.108691445723769,0.797692016268567,5
"20420",0.964386018145685,0.0350826533336987,5.33810275165154e-05,0.000476334038356639,1.61345474315087e-06,1
"20422",0.00059382740938971,0.00117464839844884,0.998169942616015,6.14968572314611e-05,8.47189147477383e-08,3
"20424",0.0516687077708322,0.000880075939188813,0.947451187432671,2.05940135320916e-08,8.2632944385342e-09,3
"20426",0.99982326028443,2.28293697209508e-05,1.07461050523044e-05,0.000143162829414393,1.41138240880465e-09,1
"20428",4.0041161989159e-05,0.100091829763521,0.897355835089733,2.57790512656811e-05,0.00248651493349114,3
"20431",0.00925155321330761,0.821421895562332,0.0381789825062675,0.131144337585525,3.23113256736151e-06,2
"20433",2.87337483696564e-05,1.06854118830976e-05,0.999752423963637,2.19886084996778e-08,0.000208134887502165,3
"20436",4.86274446858142e-07,0.000118473079133041,0.0103468139752884,1.41061904248136e-05,0.989520120480707,5
"20439",9.8833679266419e-08,0.323681743899695,8.42878551036286e-06,0.372879052363402,0.303430676117713,4
"20441",0.998444054219429,0.000255985767863206,0.00129962785732009,3.31246508002667e-07,9.08880230704483e-10,1
"20444",2.8591928635502e-08,0.000118730468819606,2.47880864908372e-07,0.999875569680623,5.42337776381807e-06,4
"20448",0.00194674756696255,0.599163782996424,0.0162340780289682,0.382275723865281,0.000379667542364017,2
"20536",1.47695747488883e-06,0.340503366898223,0.00031204628210553,3.71314909430071e-05,0.659145978371254,5
"20538",0.604914978920115,0.106862800196065,0.288199004549752,8.35760204163001e-06,1.48587320263933e-05,1
"20541",0.0647905993865457,3.02718209697299e-05,0.935179115856695,1.26995140707174e-08,2.36275248005614e-10,3
"20544",0.00112933460286107,0.76731476138504,0.222277656840849,0.00927300682324632,5.24034800437119e-06,2
"20546",0.00777998633820436,0.0030519089240885,0.989168051592619,3.61043532923964e-08,1.70407348575223e-08,3
"20550",0.0346848106458236,0.582886684041205,0.377220543431749,0.00513977654668166,6.81853345411235e-05,2
"20553",0.964231218208394,5.15120285014396e-08,0.0357684132061487,3.14131312977754e-07,2.94211564796316e-09,1
"20555",0.99601022021617,0.00397283694718143,1.5932144930133e-05,3.17261061634576e-07,6.93430656182151e-07,1
"20557",0.254890792230117,0.567266680895292,0.173642462748173,0.00419959666227956,4.67464138796977e-07,2
"20559",8.92397655500832e-05,0.000610335626133423,0.999296731012452,3.68463787355737e-06,8.95799121470858e-09,3
"20561",7.14921775844003e-05,0.530694442186149,0.00141814772294412,0.4678070537363,8.8641770229242e-06,2
"20564",1.01411346282356e-07,2.48642232198628e-05,5.32398179686674e-07,0.999972809864359,1.69210289498929e-06,4
"20566",1.87861135038939e-05,0.135984511384938,0.863752065786224,0.00017554180757436,6.90949077602336e-05,3
"20569",7.34456077026203e-07,0.669987109623257,3.85354873151866e-05,0.329043873224616,0.000929747208734476,2
"20572",5.20661113580972e-08,0.0272806287170711,1.02245041381738e-05,0.971996104947572,0.000712989765107804,4
"20574",0.0026620063380341,0.000470455110862255,0.996861710125089,5.82678887526524e-06,1.63713975705303e-09,3
"20576",2.36956332478928e-07,0.000152099790141485,2.99509881997215e-06,0.999843600063023,1.06809168299036e-06,4
"20578",0.000987859046825946,0.223476210273019,0.767299628593229,0.00823417706156987,2.1250253565623e-06,3
"20580",8.80221850810104e-05,0.20378555431337,0.795933429110169,0.000168213248721276,2.47811426583772e-05,3
"20583",1.94638556848076e-07,8.43601643206441e-05,2.2907807560615e-06,0.999912046240768,1.10817559857945e-06,4
"20586",0.00206261894515283,0.131586742869116,0.86633887500036,1.01637834148187e-05,1.59940195624814e-06,3
"20589",0.000239786549744883,9.99616116348255e-05,0.9996600505195,2.3949076809835e-09,1.98924212856817e-07,3
"20591",0.163564086276153,0.831761815113326,0.00460580496346383,2.17401076978276e-05,4.65535393597714e-05,2
"20593",9.95836588225145e-05,7.17037952867338e-07,0.999899657676702,2.20469945275531e-08,1.95795279854777e-08,3
"20595",0.000384126411278067,0.00531408147293641,0.994201899855632,9.97969316388486e-05,9.53285147991826e-08,3
"20597",4.6164438271837e-09,0.00123947477912138,2.7701569355539e-07,1.43027525708496e-05,0.99874594083617,5
"20599",4.92577392812746e-08,3.30638181021125e-05,6.3465679116753e-07,0.999963594938391,2.65732897630229e-06,4
"20601",5.75764526041964e-05,0.99900227141433,0.000382597502171036,0.00055146272602665,6.09190486814422e-06,2
"20604",9.17933809170822e-05,2.18542598275595e-05,0.999884631709059,1.71515384638899e-06,5.4963503765817e-09,3
"20606",0.000108142534222182,2.84566726773328e-05,0.999863347722287,4.53214474774316e-08,7.74936645359127e-09,3
"20608",1.92698346128478e-05,0.00119984897531612,0.998778103658395,5.01699180476842e-07,2.27583249529793e-06,3
"20610",1.30674739208738e-06,0.00109275229907979,1.65385052009035e-05,0.998887765744785,1.63670354193407e-06,4
"20612",0.122404531189949,0.00289913775560102,0.243093519349043,0.00142615406820543,0.630176657637201,5
"20614",7.21841107616562e-07,0.00491004414676505,2.05353898993224e-06,0.99508583053558,1.34993755707163e-06,4
"20616",0.000156204776327654,0.990647621915185,0.00752150228254622,0.00160781373211174,6.68572938296872e-05,2
"20618",0.99744543646881,0.00216060338494936,0.000361765398821242,3.21900293228861e-05,4.71809573506275e-09,1
"20620",5.78658343589309e-05,0.000970186300097095,0.998862444580833,5.14095927342422e-05,5.80936919764232e-05,3
"20622",3.03392763555191e-07,0.000368650722515427,8.24544114409288e-06,0.999622212832792,5.8761078498847e-07,4
"20624",0.0269314973828139,0.00102223367125404,0.972046082042618,1.28594743360866e-07,5.83085712604029e-08,3
"20626",3.13812442904304e-06,0.0241930992355702,0.768665434386004,0.00161075214005801,0.205527576113939,3
"20628",0.000466378748023386,0.463287406167087,0.319345488600397,0.000995563992456741,0.215905162492037,2
"20630",0.000515184094018701,0.129059752308745,0.851593690422288,0.0188245117366331,6.86143831577934e-06,3
"20632",1.10157163623051e-08,0.00440133379686566,2.48929831495701e-07,0.994467292544494,0.00113111371309281,4
"20634",7.49065920273718e-05,4.85657780907712e-05,0.999876476790069,3.46209535865681e-08,1.62188597262095e-08,3
"20637",0.988981486297784,6.39668174941001e-05,0.0109412183386144,1.33285208149428e-05,2.52925429818081e-11,1
"20639",5.44715976870789e-06,0.204112267180581,2.18412670787933e-05,0.795854170506608,6.27388596339964e-06,4
"20644",0.618416271175694,3.12548516103577e-07,0.381572319713349,3.09787578669501e-08,1.10655836827339e-05,1
"20646",0.024719716986521,0.000380977803369224,0.97277818741949,1.21914815865125e-05,0.00210892630903338,3
"20648",5.66433832095561e-05,0.977320041440043,0.000214979197459746,0.0224060850469658,2.25093232165253e-06,2
"20650",0.272551403577726,0.000340422476595861,0.727108043840511,8.66742337406088e-08,4.34309330513119e-08,3
"20653",0.000634925355211246,0.993893605156894,0.000487087108383928,0.00486354624885852,0.000120836130652333,2
"20658",8.86096987740895e-06,0.000228899681240702,0.999554132123414,4.28636487817657e-08,0.000208064361818752,3
"20661",0.929927751906712,0.0120527646970638,0.0578404904347745,3.63349819224583e-06,0.000175359463257694,1
"20663",0.00191091909738763,0.505119421422136,0.492950774972745,1.45255751345331e-05,4.35893259711861e-06,2
"20665",1.53529077913621e-08,3.87115141459558e-05,4.41419684114212e-06,0.999877201794211,7.96571418938089e-05,4
"20667",0.000785487913909122,0.949619173375951,0.0268486503780794,0.000375288737683737,0.022371399594377,2
"20669",1.37545890646266e-07,0.0309521247124103,1.62839590501969e-06,0.000486013157945615,0.968560096187848,5
"20671",0.812865278001393,0.00358563696238879,0.183407885753425,0.000141198693882433,5.88910076885535e-10,1
"20673",2.15338189218956e-09,0.00104789943388288,1.56652396857719e-07,6.59027084173585e-05,0.998886039051921,5
"20675",1.14196034113052e-05,0.781162090279583,0.00928378000574799,5.08597319747673e-05,0.209491850379282,2
"20677",0.000315134456604016,0.533430033879908,0.465625782432448,1.05254959121324e-05,0.000618523735128428,2
"20679",6.2364286030723e-08,0.034615571397398,4.83738143429365e-07,0.00168890656592216,0.96369497593425,5
"20681",5.92531684123404e-06,0.942613596025956,0.000113830392103272,5.16964546257258e-05,0.0572149518104734,2
"20683",0.000108729263860996,0.6474521773097,0.348481095107484,2.47072829756586e-05,0.0039332910359792,2
"20685",0.977662621441443,0.0222092000109628,1.88360133255506e-05,0.000106777001969986,2.56553229880989e-06,1
"20687",1.66625663480323e-06,0.044872900708906,6.70665287171252e-06,0.955115500977212,3.22540437524861e-06,4
"20689",0.783817310368193,5.86340303789095e-06,0.216147471948357,2.91896332210463e-08,2.93250907793195e-05,1
"20691",1.00651349862166e-07,0.000181890881374973,5.3706002594832e-07,0.999816448064182,1.02334306691668e-06,4
"20693",0.00143319330152565,3.51723708125979e-05,0.998531545047216,4.768158598011e-09,8.45122868959617e-08,3
"20695",1.65823487889383e-05,0.993798658492439,0.000217201787273095,0.00594027939490311,2.7277976596008e-05,2
"20697",0.000420325312971669,0.000202374978186322,0.999321909006368,5.53889270519923e-05,1.7754223311204e-09,3
"20699",9.93538383387172e-06,0.661204058609771,0.322803409714049,0.000237982807636123,0.0157446134847097,2
"20701",0.000244588201481433,0.102341401379781,0.896699788431813,7.08158556499646e-07,0.000713513828368272,3
"20703",0.000992101890959651,0.0302373105216645,1.8220526458602e-05,0.000204073288942854,0.968548293771974,5
"20705",0.0049225121986571,0.00340820422530435,0.991668937350729,2.34508999827454e-07,1.11716309053e-07,3
"20707",0.000245010620890211,0.996261015467816,0.00346577478362244,2.28890222805626e-05,5.31010539056559e-06,2
"20709",7.97244752079767e-06,0.0558962519982272,0.0292134673054957,0.914487674862305,0.000394633386451689,4
"20713",0.00976451595338149,0.957964019794825,8.56220746603714e-05,0.0319761420780703,0.000209700099062602,2
"20715",0.129958394894712,1.80851870610824e-05,0.847862724898539,0.0221600820282696,7.1299141825174e-07,3
"20717",2.00326170625664e-05,0.999623455173738,0.000105686732413021,0.000199898452003331,5.09270247830944e-05,2
"20720",0.00036178250752459,0.0144484789149707,0.985158098285666,2.12789125174681e-05,1.03613793216105e-05,3
"20722",7.78738009934381e-05,0.0230373904527526,0.976881182060976,2.59120608101474e-06,9.6247919705151e-07,3
"20724",4.97725459170512e-06,0.775468461212367,3.74168287106307e-05,0.224457105253509,3.20394508213579e-05,2
"20726",0.0011899126327275,4.49370909691986e-05,0.998765005653479,2.84597510862327e-09,1.4177684932687e-07,3
"20728",2.75222906313564e-06,0.990922106854382,3.13081695017815e-05,0.000253096402908338,0.00879073634414494,2
"20730",4.60328653178629e-05,0.574486895717762,0.000757238572075678,0.424702924681521,6.90816332322157e-06,2
"20732",0.109533405983303,0.384013972339651,0.471607030487571,0.00012633587625261,0.0347192553132235,3
"20734",0.00119470379891821,0.742059968944606,0.256699792988735,4.0243821879623e-05,5.29044586122189e-06,2
"20736",5.03875507325142e-07,0.0962075420630379,2.31769970018238e-05,0.903735767345137,3.30097193156156e-05,4
"20738",0.0803100639353609,0.0125482696407049,0.577123890598296,0.325379027109384,0.0046387487162535,3
"20740",0.329899215353105,0.0767057723928258,0.593070103106686,3.73974305877404e-08,0.000324871749952614,3
"20742",0.000909382304935872,0.998759243925615,8.00607787848939e-05,0.000229356034321423,2.19569563427785e-05,2
"20744",1.13978952455957e-08,0.0156332730203766,2.02736715145468e-06,0.972643579988413,0.0117211082261641,4
"20746",7.55476255889853e-05,0.944626394468771,0.0551384520928653,7.35641379694101e-05,8.60416748048826e-05,2
"20748",1.86190686927798e-05,0.688634091183274,3.60675845309794e-05,0.31129607816729,1.51439962122807e-05,2
"20750",9.7849339197879e-07,0.300988499943353,0.000411129118266301,0.698372003185264,0.000227389259724202,4
"20752",0.000891248678965695,0.040655521949682,0.958451349921783,5.56114368805009e-07,1.32333519993647e-06,3
"20754",1.72950644844146e-09,0.000438179815568449,3.23435758239563e-07,1.29044917691284e-05,0.999548590527398,5
"20756",0.000199452192381053,0.641591486281937,0.0785153165079911,0.279670611966306,2.3133051385039e-05,2
"20758",4.73496496932458e-07,0.00307704070364626,0.00990813695894463,0.00649851177130251,0.98051583706961,5
"20760",3.34103724907885e-07,0.782419868385184,1.39506158173364e-05,0.214100110696349,0.00346573619892409,2
"20762",1.52116378688193e-08,0.00189916901843947,6.9990355234417e-07,4.03861850778399e-06,0.998096077247862,5
"20764",2.04156707066103e-06,0.226342226279847,4.53094090384629e-06,0.772578953074159,0.00107224813801977,4
"20766",3.001861917203e-06,0.904366969444817,1.94001805723833e-05,0.0955261287403828,8.44997723106495e-05,2
"20768",1.62408030742637e-05,0.16614225969431,0.00044553791446846,0.833391938693914,4.02289423368572e-06,4
"20770",1.78504651390291e-06,0.101606805929801,0.00760598000057011,5.90563874638618e-05,0.890726372635651,5
"20772",1.26006545503177e-05,4.14400369660321e-05,0.999945413745232,4.82380018439788e-07,6.3183233517078e-08,3
"20774",0.00108703844710649,1.38834415205755e-06,0.998897049480798,2.37532644639283e-09,1.45213526174174e-05,3
"20776",0.000662071675971521,0.998721322472938,0.0005848259764949,2.27619212838454e-05,9.0179533111569e-06,2
"20778",0.76309995215629,3.01569361387935e-07,0.236899683582619,6.0402116564213e-08,2.28961282443513e-09,1
"20780",6.64955159657679e-10,2.4759030925189e-05,2.18226544538821e-07,1.589287155212e-05,0.999959129206023,5
"20782",3.50469830397905e-09,0.000659409084410733,1.24065053287757e-07,0.000115497511177889,0.99922496583466,5
"20784",2.33840713540636e-08,0.00276386960463084,1.92738032399108e-06,3.1257866619778e-06,0.997231053844312,5
"20786",6.13804834046583e-09,0.000240785084426128,1.8137724583862e-06,0.97179302949225,0.0279643655128175,4
"20788",0.000643677636278357,0.992510620990828,0.00678289333564645,6.15745170955046e-05,1.23352015211377e-06,2
"20790",1.47332905588117e-07,0.613131848492875,3.92110739437353e-05,0.0993199330890972,0.287508860011178,2
"20792",0.0013488355650919,0.548876436566555,0.0185875452021737,0.431183775956324,3.40670985546709e-06,2
"20794",6.43808585399308e-08,0.304575826406609,1.47993569734945e-05,0.528668294625647,0.166741015229911,4
"20796",0.00313594690830324,0.000690107176653094,0.996173902892335,2.9955376224095e-08,1.30673321284078e-08,3
"20798",1.01411346282356e-07,2.48642232198628e-05,5.32398179686674e-07,0.999972809864359,1.69210289498929e-06,4
"20801",8.56834836156003e-07,0.000798498483196616,1.3187880955964e-05,0.999179968968068,7.48783294309498e-06,4
"20803",0.00212921039378103,0.980221890055039,0.0176242472051075,1.20809437384354e-05,1.25714023339071e-05,2
"20805",0.000687412403158685,0.776717985067833,0.222528193581722,5.62072707220402e-05,1.02016765640512e-05,2
"20807",1.01411346282356e-07,2.48642232198628e-05,5.32398179686674e-07,0.999972809864359,1.69210289498929e-06,4
"20809",0.000648750910562181,0.996524959074386,0.000940785802690066,0.0010471649142706,0.000838339298091281,2
"20811",0.00163756128104412,0.0233525506090782,0.00676115675009314,0.968242441801277,6.28955850732524e-06,4
"20813",0.00265784167022182,0.551247065531055,0.38158192895322,0.0641272886025904,0.000385875242913765,2
"20815",7.15520228722004e-09,0.000226529713569343,3.94423957964957e-07,0.74158140558786,0.25819166311941,4
"20817",2.85877832551297e-05,0.969859971141602,6.35586653972864e-05,0.0300418451993269,6.03721041895251e-06,2
"20819",0.00454563598046287,0.76844660616568,0.226994864934271,1.64470901738548e-06,1.12482105691131e-05,2
"20821",0.000281038497879657,0.000467205046477705,0.411778156234348,0.00301025282105627,0.584463347400238,5
"20823",0.00268852053552414,0.896442293521644,0.0912125340453853,0.00965075157847853,5.90031896829463e-06,2
"20825",1.09721568689111e-06,0.925730484618874,1.35044879720974e-05,0.0738015064808126,0.000453407196654404,2
"20827",0.000118624640414479,0.160216357269844,0.000135207108949047,0.839519517662105,1.0293318687388e-05,4
"20829",0.00140283909971232,0.00153003056036596,0.997039958455177,1.24659102837034e-05,1.47059744613423e-05,3
