"","V1","V2","V3","V4","V5","result$classification"
"19811",6.44752867457057e-05,0.948475397191224,0.00241147615490577,0.0490480084255146,6.4294161033764e-07,2
"19813",2.22269796098356e-06,9.97627164691113e-05,3.85879464359387e-07,0.999897619452559,9.25354689384435e-09,4
"19815",0.00169251238266211,0.997703333737606,3.6801762072202e-05,3.80264909132546e-06,0.000563549468567999,2
"19817",0.000212509199504231,0.998249732223165,0.0015031732516545,1.4438738243224e-05,2.01465874332595e-05,2
"19819",0.871336623357445,0.000113364630839266,1.26215162701218e-06,2.38910826511549e-09,0.12854874747098,1
"19821",0.0021184573482316,0.914814974858572,0.0611766474425368,0.0218888029081516,1.11744250775864e-06,2
"19823",0.000766266597871683,0.940758701900402,0.000733360659527226,1.06003443337894e-05,0.0577310704978649,2
"19825",0.167037843198398,0.00546720817159959,0.818548197861819,0.00809747310591723,0.000849277662266163,3
"19827",0.000542597692916478,0.377545896591068,0.621780907512509,1.68600308972199e-06,0.000128912200416835,3
"19829",0.985411528633963,0.00329067347260268,0.0111715766742711,8.5727839747768e-06,0.000117648435188469,1
"19831",0.893877900339302,0.000731461338147458,1.65691115707982e-06,2.77733577318908e-06,0.10538620407562,1
"19833",4.11251630865242e-05,6.08920558310634e-06,1.79230767896851e-05,6.98723848651171e-06,0.999927875316054,5
"19835",0.0021184573482316,0.914814974858572,0.0611766474425368,0.0218888029081516,1.11744250775864e-06,2
"19837",0.00160517045318447,0.912783266408936,0.0855817856836065,1.11166272579201e-05,1.86608270149782e-05,2
"19839",0.957422590875929,0.00777383381317279,0.0321036281051427,0.00265682287535024,4.31243304052634e-05,1
"19841",3.02362515116459e-05,2.27313456909992e-05,0.999827987138511,0.000118961342361977,8.39219246317934e-08,3
"19843",0.973414225072346,0.000156895685441322,1.1312701221907e-07,0.0263030152014555,0.000125750913745488,1
"19845",7.33622827364343e-06,0.0894283207610668,6.67941303384501e-05,0.91049719191086,3.56969461003257e-07,4
"19847",0.00513242874417535,0.988412800446207,3.83732654921164e-05,0.00633023562445968,8.61619196659186e-05,2
"19849",2.68307351260129e-07,0.000147886938380708,9.32907967661521e-07,0.999850908440012,3.40628821038409e-09,4
"19851",7.46305501760861e-05,0.999716302783398,0.000142050974828598,4.19554692548464e-05,2.50602223421806e-05,2
"19853",2.7601644900909e-06,0.969618580053105,0.00193548902505645,0.0282644386292625,0.000178732128086464,2
"19855",1.26878812544363e-05,0.986811873572674,0.0114237200117177,0.00174232626865631,9.3922656972853e-06,2
"19857",0.0111222370404963,0.942872805133417,0.0305729294319673,0.0154286402261911,3.38816792797385e-06,2
"19859",0.00153681443929902,0.976975126637036,0.0213258076237434,2.88986014241261e-05,0.000133352698497264,2
"19861",5.78568152234722e-05,0.862385335753987,0.000163694210160862,0.137390946280323,2.16694030583351e-06,2
"19863",2.94221219776396e-07,5.33677843968978e-05,0.0101265261486057,0.989819806984828,4.86094984055361e-09,4
"19865",6.35848592260891e-06,0.00213154728295781,0.997858639706869,3.36656010377434e-06,8.79641470306068e-08,3
"19867",0.000905511516452979,0.992366276003622,1.03745952467341e-05,0.00668631990606771,3.15179786103682e-05,2
"19869",5.47221177482051e-07,0.00867406591292842,0.000211687370520729,0.991113689569516,9.92585786552365e-09,4
"19871",0.00436279762275313,0.915201641054676,0.0802797117597424,5.74908827306434e-06,0.000150100474555007,2
"19874",2.88916087253081e-05,0.161358534129437,0.838586756785569,1.27858579600984e-05,1.30316183089538e-05,3
"19876",7.19828853165174e-06,0.47504984559596,0.524265066688993,0.000677310840236457,5.78586279309003e-07,3
"19878",0.684218305252551,0.298757444781717,0.000513506343541038,0.00126244169493695,0.0152483019272533,1
"19880",2.28399599766197e-07,0.000911805720011329,0.999063866398135,2.4081554844407e-05,1.79274096345774e-08,3
"19882",4.8615598135055e-05,0.753067575260633,0.00283977640805356,0.24403749224695,6.54048622808962e-06,2
"19885",0.00666878637595569,0.992059092361702,0.00124415729664729,1.63905355513823e-05,1.15734301439907e-05,2
"19907",0.000367645533771174,0.938078187273222,6.02810230287011e-05,0.0614843244331438,9.56173683462564e-06,2
"19909",0.983386907118104,0.0162504857174704,2.48081953274188e-05,0.000292436400619741,4.53625684782627e-05,1
"19911",0.933844136020282,0.0323963043559452,0.0326460915834687,4.40011951321931e-05,0.00106946684517248,1
"19913",1.00642815624774e-06,2.49681177293214e-05,0.999972429308327,1.47191255511284e-06,1.2423323229004e-07,3
"19915",3.38664512262423e-05,0.410393785885728,0.589554504084372,6.79825796223889e-06,1.10453207112591e-05,3
"19917",7.40535118091705e-05,0.0121542351391906,0.987763001998478,6.70267275730933e-06,2.00667776497302e-06,3
"19919",0.000505453327827991,0.804573050156135,0.194857146634465,4.3840520354293e-06,5.99658295374505e-05,2
"19921",0.000285470787707303,0.999348491184014,3.31511970574443e-05,0.00032061360382504,1.22732273965767e-05,2
"19923",0.0555347946770781,0.917825106328407,7.94893944782326e-06,0.000632684227081718,0.0259994658279852,2
"19925",2.24551335473043e-05,0.0460797298112946,0.953892266168815,2.37208055398031e-06,3.17680578869203e-06,3
"19927",8.96374764966764e-05,0.999164941222902,0.000676367185741516,5.61831472714988e-05,1.28709675885951e-05,2
"19929",7.134281809628e-07,0.000195534558369487,0.565595843528168,0.43420790103584,7.44944154229909e-09,3
"19931",0.000983145430604808,0.996682392791919,0.00224032118428945,2.75611739485581e-06,9.13844757920338e-05,2
"19933",0.671830002826425,0.324399397892567,0.00273499289357996,1.80178020652517e-06,0.00103380460722168,1
"19935",0.0793206107561889,0.916852780150372,0.00284264117639104,0.000972350446840483,1.16174702079482e-05,2
"19937",0.000353778236886292,0.999351044336197,5.46533443913784e-05,5.85805289411084e-06,0.000234666029630806,2
"19939",0.000909841939157288,0.996611053677314,0.0023487131593811,1.28907741278495e-05,0.000117500450019241,2
"19941",0.906031955391324,0.00919236655384805,0.0841791378423631,0.000519508578869726,7.70316335957054e-05,1
"19943",2.14336460958593e-06,0.000789247837250103,0.999207465516553,3.86681799618472e-07,7.56599788250328e-07,3
"19945",0.866003594290201,0.131644112735586,0.000101498799496167,7.66833276498504e-07,0.00225002734144046,1
"19947",0.1220897329774,0.0209689685467039,0.830212322632742,0.0265224660016554,0.00020650984149823,3
"19949",0.221812939060652,0.754836679128638,1.95104363126087e-05,1.08880172326259e-05,0.0233199833571645,2
"19951",0.00200733285172598,0.301786137886849,0.69612994962006,2.5692873813028e-05,5.08867675515782e-05,3
"19953",0.178339409351121,0.00296455123419558,1.86822028344785e-07,1.78900393278283e-07,0.818695673692262,5
"19955",0.946544695806279,0.00923116758952969,4.89877155065244e-06,3.62075660583049e-05,0.0441830302665826,1
"19957",0.00128759284743044,0.0919491543306316,0.905244107806403,4.29368138567514e-05,0.00147620820167806,3
"19960",0.996222979940655,0.00318034492549866,0.000415503261184631,6.71861317996201e-05,0.000113985740862035,1
"19963",0.000549312130741411,0.000598581702225762,0.933910910379953,0.000138763644644452,0.0648024321424355,3
"19965",0.998816013747684,0.000659728716559725,5.39505943932519e-08,0.000101834686120431,0.000422368899041177,1
"19968",0.00190948956103975,0.0132989271675338,0.799706716831888,0.185084840362236,2.60773028882187e-08,3
"19971",0.00189112814952654,5.40576593154194e-05,0.993226239624659,2.16951777819675e-06,0.00482640504872022,3
"19973",0.000219842739607233,0.988599114953886,0.0110967705785816,8.26798662793566e-05,1.59186164548425e-06,2
"19975",5.47632261440512e-05,0.0217803129351459,0.978114842635444,4.99774989255786e-05,1.03704340856228e-07,3
"19977",0.000187410877152808,0.00182489301254722,0.997478844667857,0.000353284454693366,0.000155566987749183,3
"19979",0.999712026795958,5.731412454357e-06,1.69919484350156e-06,1.92214508185494e-09,0.000280540674599265,1
"19981",0.0164218228846923,0.981211945259866,0.00119458299521584,0.00114684548618519,2.48033740406934e-05,2
"19983",0.0240646380346661,0.975066756533497,6.65514257187699e-05,0.000665543101847672,0.000136510904270967,2
"19985",6.66803363367292e-06,0.126220722888302,0.873704909493142,6.70043768625404e-05,6.95208059744212e-07,3
"19987",0.053454339600959,0.855330481685038,0.0910712946091162,1.31137115448586e-05,0.000130770393342327,2
"19989",0.996661362968962,8.05574648295121e-05,1.42112527644824e-08,4.41928941100866e-09,0.003258060935666,1
"19993",0.339036068029009,0.627186066724462,0.0325218677089074,3.38111822105339e-06,0.00125261641940032,2
"19995",0.745240436749271,0.245726029565554,0.00862735309643396,1.45936298429239e-05,0.000391586958897505,1
"19997",7.43679703594751e-05,0.980600236453582,0.0192255073205401,9.36421579218216e-05,6.24609759679445e-06,2
"19999",1.47041233041254e-05,0.882697602115025,0.115223731139951,0.00206340815319229,5.54468527536968e-07,2
"20002",0.000320270353062724,0.000492032671349052,0.4600020086445,0.539182863155666,2.82517542211994e-06,4
"20004",0.865393788358944,0.120285276115399,0.0136349813203205,0.000614905162074677,7.10490432613157e-05,1
"20006",0.961112636606992,0.0292214969648247,0.00120317848615636,0.00375297558360298,0.00470971235842352,1
"20008",0.925337205479599,0.0531751569872732,0.000478655685403028,0.000498694269202734,0.0205102875785218,1
"20010",0.908783695871654,0.052728767168244,9.01805757340212e-06,6.64624980827028e-08,0.0384784524400304,1
"20012",8.87217852828392e-05,0.146811090400855,0.841623917906425,0.0114755775559228,6.92351514421198e-07,3
"20015",0.999940634798273,5.15221028918819e-05,8.01263584577387e-08,1.64071253545152e-06,6.12225994158134e-06,1
"20017",4.93115722235683e-05,0.943036500878859,0.0523838058470255,0.00452956022515975,8.21476732284167e-07,2
"20019",0.997633407047897,1.54369697771186e-06,1.21453408046697e-08,7.23825329035231e-10,0.00236503638595887,1
"20022",0.989657415255651,0.00877097722061478,3.48467991916221e-06,5.90945653164782e-08,0.00156806374925002,1
"20024",0.542290956866577,4.24688026842235e-05,1.34314372487123e-07,3.79387369267018e-07,0.457666060628997,1
"20026",0.542290956866577,4.24688026842235e-05,1.34314372487123e-07,3.79387369267018e-07,0.457666060628997,1
"20028",1.8650669414272e-05,0.715838047796563,0.283814370756181,0.000326426123917501,2.50465392450772e-06,2
"20030",0.999618267365314,0.000187927308092113,0.00017412651374598,1.08551537496003e-05,8.82365909846054e-06,1
"20033",0.00171825961708525,0.632790438624744,0.365414535794467,6.68462824804977e-05,9.91968122380258e-06,2
"20035",0.996418363139078,4.20256448387859e-06,1.49367484766711e-08,1.6916552947959e-09,0.00357741766803479,1
"20037",0.999576247032852,6.14767195881865e-06,6.04101000359557e-10,4.60891100983826e-08,0.000417558601977983,1
"20039",0.00042747120981958,7.8576587628458e-07,2.17950243208579e-10,5.42455169967549e-10,0.999571742263899,5
"20041",0.245591470596335,0.700460248441274,0.00114436042300485,0.000172230371613074,0.0526316901677723,2
"20044",0.352028114234622,0.557255512444942,0.0118446668051789,0.000185908086520824,0.0786857984287371,2
"20047",0.994403452207442,5.20564003419419e-07,1.38816631056979e-07,5.41832559536994e-10,0.0055958878700908,1
"20050",0.155193716040304,0.0227667076942611,6.00337804668072e-05,6.57464857154335e-09,0.82197953591032,5
"20052",0.0183247096211158,0.937289886885201,0.0429490778547919,1.09179652116615e-06,0.00143523384237043,2
"20054",0.999288375707514,0.000669937253778672,9.97313900853549e-06,2.90760750550703e-05,2.63782464372574e-06,1
"20056",0.00018579148171013,0.00147920505337847,0.998329684836447,1.09514669960718e-06,4.22348176466448e-06,3
"20058",0.998889700454863,7.17827270115228e-05,3.51442573463497e-09,4.53379425445902e-08,0.00103846796575712,1
"20060",0.0010556650375545,0.998085560805006,0.00079774413981587,2.9842725466089e-05,3.11872921575755e-05,2
"20062",0.00777220905748494,0.991898503475237,0.000245203887622177,3.81589962906938e-05,4.59245833653814e-05,2
"20064",0.966715285397374,0.0326880753230935,0.000481043298539021,4.26251858572079e-07,0.000115169729135436,1
"20066",0.999942264174981,1.62153172769202e-05,1.73744909908511e-05,1.63954982897706e-06,2.25064669226572e-05,1
"20068",0.000100337916699491,0.998403967808269,0.000150282599281119,0.00134069345826096,4.71821748975096e-06,2
"20070",0.000160118530804312,0.999246866677773,8.08259544095424e-05,8.60176015377704e-05,0.000426171235475852,2
"20072",0.993490951025764,0.00118602608068055,6.83586861096262e-08,0.0052740865160905,4.88680187787096e-05,1
"20074",2.30167885844493e-07,6.29883266463853e-05,0.999207277431334,0.000729485645468495,1.84286647258376e-08,3
"20076",0.0120111454563914,0.0454158072483782,0.678934997176818,0.263637662423219,3.87695193426401e-07,3
"20078",0.945499571947253,0.0513386578016895,0.000257637389636549,1.96395035024499e-06,0.00290216891107063,1
"20080",0.998976957628372,9.08972795171347e-06,4.67634306901041e-08,2.57006959198353e-10,0.00101390562323861,1
"20082",0.00826353696628712,2.80568016115302e-05,1.75878729097809e-07,1.29106883382206e-10,0.991708230224265,5
"20084",0.932621728654726,0.0152121862183881,0.0396227309767167,6.67510196681621e-07,0.0125426866399727,1
"20087",0.95250117577555,0.0465734108325394,1.66366395192637e-06,6.08660834836732e-05,0.000862883644475117,1
"20090",0.975273768424344,0.000112668719632388,2.60092825870498e-07,6.86099358616396e-10,0.0246133020770987,1
"20092",0.0278789982042022,0.151460586825406,3.6638526657738e-07,0.00104390708008668,0.819616141505038,5
"20096",0.0105288365756223,0.579418274587041,0.0100462872148778,1.507231045239e-05,0.399991529312006,2
"20098",0.000491848195897493,0.651418575057597,0.348057140753356,1.04813062181137e-05,2.19546869312828e-05,2
"20101",0.998213691843685,0.000200765973086777,0.000168783726601218,6.4325003670959e-09,0.00141675202412633,1
"20104",0.000237652042648502,0.556322063738975,0.00282694657749414,0.368535811257597,0.0720775263832858,2
"20106",0.99845945672832,0.00136877968847283,8.11408178434651e-05,1.92473589899311e-08,9.06035180047679e-05,1
"20108",0.000820583707857794,0.949369824522045,0.0494467834020192,0.000359077847994516,3.73052008362893e-06,2
"20110",0.00893591279074309,0.55577761038414,0.146811241173793,7.91753267432231e-07,0.288474443898057,2
"20112",0.953162427155513,0.0285801286270966,4.86878250381161e-05,8.66892551979127e-08,0.0182086697030971,1
"20114",0.806105723304387,0.0613359022052128,0.130681406940977,4.55327128903631e-06,0.00187241427813383,1
"20116",0.965046859625441,0.00699732225815,0.0278751151405699,6.86361759545034e-05,1.20667998850552e-05,1
"20118",0.0777024971432012,0.784093143274786,0.137788030033564,5.83279590098926e-06,0.000410496752547777,2
"20120",0.96327841508427,0.00945214472721251,0.00116695265877984,4.78080152012359e-09,0.0261024827489357,1
"20122",8.3146796094824e-06,0.00108647469161211,0.998883927983738,2.12210640318079e-05,6.1581008339364e-08,3
"20124",0.997739943699569,4.83630342389917e-05,5.92742073790177e-09,2.85961526214431e-07,0.00221140137724476,1
"20126",0.0102716990678447,8.42375757981876e-06,3.23508506453274e-07,2.73744061634567e-07,0.989719279922007,5
"20128",0.269408336013289,2.77778001786528e-07,3.32850740051107e-09,5.98393932631308e-09,0.730591376896263,5
"20141",0.000179067842086757,0.810678017800295,0.1557329493342,0.000185588416843923,0.0332243766065743,2
"20143",2.07854265994784e-07,2.71312892100328e-05,0.999956812254675,1.58283181207727e-05,2.0283728519385e-08,3
"20145",0.981945001980642,0.0135076782958268,1.38531061310595e-05,4.64350923676348e-09,0.00453346197389109,1
"20147",0.997289261198508,0.00254694033852002,1.06220275227226e-05,4.31179904789797e-08,0.000153133317458649,1
"20149",1.1699608784949e-06,0.000987679602817718,0.998998216611269,1.27995916986458e-05,1.3423333600127e-07,3
"20151",0.000634187665377053,0.851600768496994,0.147744332283542,9.74895968489085e-06,1.0962594402364e-05,2
"20153",0.00198701294313403,0.311209967840841,0.675144938667641,1.37795908096846e-07,0.011657942752476,3
"20155",0.99927966058689,0.000493561619893132,6.73169723984557e-07,1.13113197317447e-07,0.000225991510295827,1
"20157",0.000207888425963765,0.282108930053808,0.717656462864238,6.33901183602271e-06,2.03796441533691e-05,3
"20160",4.22623059163492e-07,4.18500596286946e-05,0.999955071199234,2.61061777452881e-06,4.55003034819247e-08,3
"20162",4.29484396658827e-07,0.00220488579547914,0.997782209113486,1.24329042669138e-05,4.27023711793892e-08,3
"20164",0.00016331908382049,0.0502929909867293,0.949495828411842,6.25978428547064e-06,4.16017333230396e-05,3
"20166",0.998401042687075,0.000153303373854028,0.0011705347987321,0.000265131084227119,9.98805611226981e-06,1
"20168",0.00351753945824348,4.61583503160951e-05,0.000896239867762182,0.995539341792408,7.20531270502409e-07,4
"20170",0.000355318388370176,0.548341071833195,0.451227212066534,4.0405696970592e-06,7.23571422036015e-05,2
"20172",0.993507104569858,0.00526319682231071,1.19234255541907e-07,6.84278789155155e-08,0.00122951094569707,1
"20174",1.48564999512419e-05,0.408811743782747,0.402044611849198,0.189128650280434,1.37587669434192e-07,2
"20176",0.000237587045672411,0.000156527572274219,1.0680498819433e-05,0.999595146119458,5.87637760814808e-08,4
"20178",5.08170726527894e-07,2.63444591059327e-05,0.999971668159518,1.38328570236792e-06,9.59249471284985e-08,3
"20181",0.994822361255388,0.000191597519548314,0.00497105730252366,2.34900264687125e-06,1.26349198933036e-05,1
"20183",0.0039526107026417,0.995060674070338,2.62919259354356e-05,6.07693999379068e-06,0.000954346361090832,2
"20186",0.0195030580083882,0.973715254591045,6.59692181760189e-07,0.0031413916554168,0.00363963605296767,2
"20188",4.42785686533783e-07,0.000236850144850526,0.999760935443331,1.67534601980769e-06,9.62801120919845e-08,3
"20190",0.99990022069329,7.51652299604736e-05,6.50163568148459e-07,6.03315124438115e-08,2.39035816689851e-05,1
"20193",0.00357403861125934,0.000559382432977064,0.950371000200013,0.0454917051580664,3.87359768379505e-06,3
"20195",0.00210716645832924,0.178529555833765,0.819316812505419,6.25537720645161e-06,4.02098252803514e-05,3
"20197",0.995790205304072,0.00371322545340395,1.85295852671587e-07,1.65360980892216e-07,0.000496218585690405,1
"20199",8.01634677856846e-06,0.0489278224715657,0.951052042893163,2.52747488848979e-06,9.59081360405706e-06,3
"20205",0.00032173006889986,5.54090427660278e-05,1.17279440004818e-08,4.70586134405367e-10,0.999622848689804,5
"20208",0.00275876581746148,0.970380361839832,0.0267771151028661,6.49670444965704e-05,1.87901953436415e-05,2
"20210",1.53510665091132e-06,0.00726355825140626,0.992729313266362,5.40706751593052e-06,1.86308065303662e-07,3
"20212",0.000191944768810704,0.0979178667936447,0.901872271865618,1.00923830761194e-05,7.82418885045313e-06,3
"20216",0.996820492302742,0.00299713967724066,0.000107145817090659,5.35726366355975e-07,7.46864765601113e-05,1
"20219",0.406084193345876,0.0137921383300561,0.00010925338804085,1.23752570123385e-08,0.58001440256077,5
"20223",0.997298910263457,2.4018362278953e-05,2.21167768378559e-09,0.00233117000330425,0.000345899159282106,1
"20226",0.0594334797051593,0.931833422356413,0.00237606561503116,3.61148751084491e-06,0.00635342083588542,2
"20230",0.999865453158985,3.09415038618428e-05,8.68605659837233e-08,4.7805920702844e-08,0.00010347067066655,1
"20233",5.03035183635468e-06,0.00330913901239553,4.09215447120628e-05,1.29991080044251e-06,0.996643609180256,5
"20235",0.964503696876584,0.000715386119972784,1.26303080146927e-08,0.000219341210892368,0.0345615631622426,1
"20239",0.973604236671246,0.0218392705248647,2.83436084336986e-06,0.003653335112392,0.000900323330653596,1
"20254",0.00864534293963323,6.13958998685599e-06,1.22279526646501e-08,2.14890757755936e-11,0.991348505220938,5
"20256",0.999567960681673,0.000141526723581232,1.27804942459508e-08,6.33373703751408e-07,0.000289866440548193,1
"20262",0.000135532130772381,0.215378242209307,0.784476375283854,4.15799729730375e-06,5.69237876891283e-06,3
"20270",0.967992897511063,0.0220062831131483,0.00656744247114748,0.00339912616922674,3.42507354144854e-05,1
"20284",0.0121800778054537,0.672136788059276,5.13320998172901e-05,6.97416229207312e-07,0.315631104619224,2
"20287",0.999838619899916,2.71564298510086e-06,1.88350888688694e-09,2.1616368063369e-07,0.0001584464099096,1
"20290",0.00307904524966185,0.00444957170511088,4.15072166728693e-05,1.04714414294079e-09,0.99242987478141,5
"20293",0.9322937172619,0.0653579175014028,2.73539002660308e-05,1.76403137501272e-06,0.00231924730505582,1
"20296",0.00877284526173213,0.223379943836095,0.750614071850059,0.0172328765605209,2.62491593601268e-07,3
"20301",0.999417697221672,1.79105280225682e-06,1.05461562440429e-05,8.79191838349314e-08,0.000569877650098247,1
"20304",0.0100732967692445,6.26573900224869e-05,3.18430807618424e-07,4.05940326591528e-10,0.989863727003985,5
"20306",0.997852586070996,5.63786958351784e-05,3.65611306150538e-09,5.78434087845344e-08,0.00209097373364745,1
"20309",0.547721136126663,0.446564205053908,0.000284170404715694,2.75017914029774e-06,0.00542773823557383,1
"20311",0.991174669960125,0.00719707897457973,0.000572948044193539,2.6781865017606e-06,0.00105262483459974,1
"20314",0.00369205514569575,0.949291305808981,0.0469173874294004,1.31921861123143e-06,9.7932397311269e-05,2
"20318",2.55332428330595e-05,9.64085142153455e-05,0.999860782247608,1.7066115368714e-05,2.09879975091877e-07,3
"20320",0.00258124943849959,0.987779860188017,0.00364974509799371,3.72187480205872e-05,0.00595192652746851,2
"20326",0.00509763762322368,0.885959422776425,0.1087138094564,3.18971244889999e-06,0.000225940431502759,2
"20328",0.00134370725522744,0.996298883389041,2.63232114054219e-05,9.44589254075619e-06,0.00232164025178558,2
"20330",0.961582825670665,0.00753781213038344,4.80265598752029e-06,6.67075663473295e-06,0.0308678887863295,1
"20336",0.0199453872837544,0.0533691101035274,2.5286606911957e-06,2.89981437955455e-08,0.926682944953883,5
"20338",0.0262287945274273,0.00287966940156465,0.000160624295186444,1.17073436343685e-08,0.970730900068478,5
"20340",0.999507720675547,1.22630733040591e-05,4.57216439069602e-08,1.11034272810076e-07,0.000479859495231778,1
"20342",0.000741148825502241,0.000325879844975835,0.000202659309788506,6.04399111602837e-05,0.998669872108573,5
"20344",0.996366864706666,0.00297562425192377,9.46422054269839e-07,5.67052680346505e-07,0.000655997566675531,1
"20349",0.999745638836245,8.42619661084972e-05,1.03945584176747e-08,3.02360543078247e-07,0.000169786442544615,1
"20351",0.912727907782749,0.071603432456124,0.000872579303325809,1.76030802462109e-06,0.0147943201497768,1
"20353",0.915658734326789,0.00245423885406548,1.63780067418302e-07,7.08473173841596e-08,0.0818867921917604,1
"20357",0.00171473658899393,3.50669152603026e-05,8.37712094164969e-10,4.84076196740216e-10,0.998250195173958,5
"20360",0.0242403096340905,0.00128546900161362,2.22995658295861e-06,0.000937252989574192,0.973534738418139,5
"20364",0.914926739398066,0.0807913697791483,2.38063990742487e-05,8.305603622715e-08,0.00425800136767543,1
"20366",0.0019208108383283,0.0121890234143196,2.49679120438866e-05,2.1184017370279e-08,0.985865176651291,5
"20381",2.87877363690194e-06,0.00401065711403658,0.0250010753832944,0.970984907746645,4.80982387102475e-07,4
"20391",0.399920393027044,0.17800741055153,1.87515690760243e-07,0.383356616827684,0.0387153920780516,1
"20394",0.00021799477784591,0.995750233630248,0.00156959450192062,0.00245668090174492,5.49618824101665e-06,2
"20396",2.31536470037799e-06,0.192314662341977,0.0253326778358696,0.782350272979488,7.14779650184359e-08,4
"20409",0.564187950495728,0.178083644792208,0.256653594331411,1.19037071520447e-05,0.00106290667350097,1
"20411",0.900146378013684,0.000997561443135397,6.43162994285867e-09,2.13692109803352e-08,0.0988560327423392,1
"20416",0.0583360584261031,3.66801384681283e-07,9.22730664178816e-11,6.5247923626322e-10,0.94166357402776,5
"20418",1.90493174692963e-06,0.105482624166644,0.111858882746088,0.782656552498253,3.56572683351568e-08,4
"20420",5.12933373942088e-05,0.0302976174422573,0.000368840390332361,1.46714300054454e-06,0.969280781687015,5
"20422",0.998326884837289,0.00114401116657833,5.64726391052347e-05,9.55573084519358e-08,0.000472535799718892,1
"20424",0.956536441528018,0.000775853689112417,1.71446553594951e-08,1.01206003339255e-08,0.042687677517614,1
"20426",1.11742852170002e-05,2.14032581015847e-05,0.000128773938832724,1.33281648000433e-09,0.999838647185032,5
"20428",0.899960421069894,0.0970347751534711,2.37082701715748e-05,0.00294578498748005,3.53105189830368e-05,1
"20431",0.0395014942279922,0.835908615062497,0.116011489101462,3.35953753435941e-06,0.00857504207051389,2
"20433",0.999711880141881,1.01090895124583e-05,2.25028100689816e-08,0.000254397445003602,2.35908207927852e-05,1
"20436",0.00946913550753895,0.000109564329067297,1.40287493906642e-05,0.990406857296956,4.14117047348404e-07,4
"20439",8.4780602158743e-06,0.348594915224413,0.362744849255421,0.288651649933838,1.07526111848441e-07,3
"20441",0.00146345650699162,0.000244617283261087,2.97138722866403e-07,1.08282779684005e-09,0.998291627988197,5
"20444",2.41942700313098e-07,0.000129197022481778,0.999865973818867,4.5588616917886e-06,2.83542587030694e-08,3
"20448",0.0163370203319395,0.630360827243339,0.350976914067623,0.000368634548881882,0.00195660380821639,2
"20536",0.000297949572566615,0.314298175640281,3.19075508904091e-05,0.685370519843004,1.44739325772436e-06,4
"20538",0.29507979093093,0.100881670250849,7.11447692045014e-06,1.67573187725791e-05,0.604014667022529,5
"20541",0.947839675125021,2.71942498984217e-05,1.1038427966215e-08,2.86592762214823e-10,0.0521331193000602,1
"20544",0.220988124959435,0.769948118423058,0.0080095509026798,5.58659439226169e-06,0.00104861912043448,2
"20546",0.990711433993803,0.0027712848792588,2.97685877916446e-08,2.07570801268042e-08,0.00651723060127049,1
"20550",0.396717001759408,0.566827091442627,0.00468742526372377,7.7765889845742e-05,0.0316907156443958,2
"20553",0.0425891083529395,5.54074946023473e-08,3.70126355346601e-07,3.63158975668218e-09,0.957410462481621,5
"20555",1.54933492799332e-05,0.00322591464249569,2.40106826234791e-07,6.84793220949653e-07,0.996757667108177,5
"20557",0.189074740788907,0.567390687465444,0.00372508738475467,5.36484234535427e-07,0.239808947876659,2
"20559",0.999318327087714,0.000605458917018133,3.3286105681769e-06,1.04542460908411e-08,7.28749304534179e-05,1
"20561",0.00146478679988556,0.571965668713389,0.426488236555233,8.89741628707633e-06,7.24105152052727e-05,2
"20564",5.08170726527894e-07,2.63444591059327e-05,0.999971668159518,1.38328570236792e-06,9.59249471284985e-08,3
"20566",0.864452466149115,0.13529327505651,0.000158278681151466,8.01172384476236e-05,1.58628747756977e-05,1
"20569",3.7941826621571e-05,0.705705056880646,0.293384879232592,0.000871373754832693,7.48305307457812e-07,2
"20572",1.03678126616653e-05,0.0308486111295148,0.968473686535691,0.000667279637561698,5.4884571148242e-08,3
"20574",0.997395332196591,0.000451857081274093,5.15245808025918e-06,1.8666792217939e-09,0.0021476563973748,1
"20576",2.95496175133282e-06,0.000165850151273298,0.999830038025994,9.26961075099741e-07,2.29899906042621e-07,3
"20578",0.767641072365217,0.224196446503326,0.00729178987216464,2.3077568792651e-06,0.000868383502412186,1
"20580",0.794535620956851,0.205207707540112,0.000149436169523276,2.83322305401807e-05,7.8903102973397e-05,1
"20583",2.23450561073352e-06,9.11323458303986e-05,0.999905501049916,9.45577408464239e-07,1.86521233881292e-07,3
"20586",0.87051342304187,0.12761715850665,8.5837121606098e-06,1.86219291896329e-06,0.00185897254640026,1
"20589",0.999716132191217,9.06830616225025e-05,2.1277777059226e-09,2.50153181514572e-07,0.00019293246620141,1
"20591",0.00520199737149198,0.817835678034317,1.91241762541313e-05,5.63867329180569e-05,0.176886813685019,2
"20593",0.99992374579051,6.76595920765899e-07,2.18140377861289e-08,2.3481242581541e-08,7.55323182888564e-05,1
"20595",0.994234951271492,0.00535011652399152,8.95087030378039e-05,1.0617625660397e-07,0.000325317325221673,1
"20597",2.76848159838343e-07,0.00125307594602015,1.40153463954207e-05,0.998732626799971,5.05945321226387e-09,4
"20599",6.03416206651939e-07,3.5285597835117e-05,0.999961887859974,2.1764709675292e-06,4.66550165736045e-08,3
"20601",0.000396901853072319,0.999074266239252,0.000463662683165704,6.65677268817135e-06,5.85124518219746e-05,2
"20604",0.999903947319444,2.18151864934699e-05,1.63157557277304e-06,6.28624092982678e-09,7.25996322486184e-05,1
"20606",0.999887776325397,2.70080397881775e-05,4.17922210381986e-08,9.43424480589068e-09,8.5164408349206e-05,1
"20608",0.998832305783201,0.00114904882103855,4.57981988160854e-07,2.7578079344334e-06,1.54296058379135e-05,1
"20610",1.69506627609039e-05,0.00120795733139584,0.99877230953929,1.50857774451362e-06,1.27388880863154e-06,3
"20612",0.23969880894973,0.00274887310948941,0.00144990639820403,0.6379133524487,0.118189059093876,4
"20614",2.18393074656665e-06,0.0055962806518128,0.994399485005193,1.28341431563046e-06,7.66997932220116e-07,3
"20616",0.00750465086766782,0.990908011992427,0.00136446474398944,7.03389667588507e-05,0.000152533429157117,2
"20618",0.000375944720471884,0.0019855259048788,2.71812310813657e-05,4.92628477190932e-09,0.997611343217283,5
"20620",0.998846436272699,0.000986003267849091,5.12705044729836e-05,6.58922262729323e-05,5.03977287061485e-05,1
"20622",8.2550356379392e-06,0.000409751908947564,0.999581170310181,5.25888534082425e-07,2.96856699555201e-07,3
"20624",0.975977728504109,0.000943973318337924,1.09919306558081e-07,6.82205089560699e-08,0.0230781200377375,1
"20626",0.750189196216763,0.0244633297040916,0.0016175309748917,0.223727237190997,2.70591325637466e-06,1
"20628",0.318530522376739,0.444207855825901,0.000917555694166125,0.23592089084742,0.000423175255774044,2
"20630",0.852575690126765,0.129887504630409,0.017101672573466,7.36220541964973e-06,0.000427770463939539,1
"20632",2.4920252777662e-07,0.00486684621557676,0.994131957362121,0.00100093549965049,1.17201244781342e-08,3
"20634",0.999895152883575,4.59808382270986e-05,3.16387388026719e-08,1.98279474023416e-08,5.8814811511946e-05,1
"20637",0.0128416064362075,6.80384955010586e-05,1.31993680817708e-05,3.05233815656812e-11,0.987077155669686,5
"20639",2.36854731320737e-05,0.234517251859284,0.765446755365005,6.29738125012815e-06,6.00992132927415e-06,3
"20644",0.424347140295435,3.03057376117706e-07,3.50698740437447e-08,1.37500906797915e-05,0.575638771486635,5
"20646",0.976448763182299,0.00034559198976413,1.20935387924963e-05,0.00238372830436605,0.0208098229847785,1
"20648",0.00021346636424606,0.981301284603319,0.018426825215143,2.21339088902208e-06,5.62104264031083e-05,2
"20650",0.759326972790685,0.000317577731952238,7.76013502730086e-08,5.23681636301068e-08,0.240355319507849,1
"20653",0.000506241345141384,0.994433303244042,0.00427150940363516,0.000127672663417072,0.000661273343764488,2
"20658",0.999517728817529,0.00022017956104628,4.12226527640071e-08,0.000254671799146833,7.37859962513371e-06,1
"20661",0.0583547123061219,0.0109212511030679,3.16902844339439e-06,0.000190574840127191,0.93053029272224,5
"20663",0.505968321693396,0.492234864518601,1.22380562141789e-05,5.190814756079e-06,0.00177938491703309,1
"20665",4.00747692727456e-06,3.98942507491015e-05,0.999891690697132,6.43938635751342e-05,1.37116168023442e-08,3
"20667",0.028786049980837,0.943572972518427,0.000354901425577311,0.0264988521120517,0.000787223963106663,2
"20669",1.66279194952639e-06,0.0320802627562977,0.000469416562177913,0.96744850080286,1.57086714966733e-07,4
"20671",0.206271604570664,0.00374234411247116,0.000132224199230609,6.99810691411129e-10,0.789853826417824,5
"20673",1.60060268663026e-07,0.00110358623722286,6.71581097951225e-05,0.998829093168315,2.42439838041269e-09,4
"20675",0.00915230595847059,0.762092234118456,4.49177483641835e-05,0.22869922973472,1.13124399899595e-05,2
"20677",0.476012456752315,0.522936518738827,9.25636760774024e-06,0.000742696082536414,0.000299072058713935,2
"20679",5.01537282565281e-07,0.036463685538521,0.00166363325284039,0.961872107299526,7.23718304893916e-08,4
"20681",0.000117141910754292,0.937231421702255,4.55352027876766e-05,0.0625994576415744,6.44354262870814e-06,2
"20683",0.3573159240971,0.637864238961823,2.21606512833949e-05,0.00469709180061356,0.000100584489179549,2
"20685",1.82445884420608e-05,0.0186576565216058,8.27767724465859e-05,2.38986581587376e-06,0.98123893225169,5
"20687",7.32466106162341e-06,0.0524178303574032,0.947569792189336,3.20728107559148e-06,1.84551112348624e-06,3
"20689",0.237250398555254,5.67220958755196e-06,3.06027968488389e-08,3.55281354321153e-05,0.762708370496929,5
"20691",5.36099772887341e-07,0.0002007694326458,0.999797708459843,8.85320485303291e-07,1.00687253422638e-07,3
"20693",0.998778660494708,3.23589609794174e-05,4.34053852320009e-09,1.03779924728461e-07,0.00118887242384921,1
"20695",0.000215369894108375,0.994808274992649,0.00493270815935656,2.7222603479986e-05,1.64243504062127e-05,2
"20697",0.99940888911376,0.000203053074550652,5.13571651379622e-05,1.97923850954692e-09,0.000336698667313308,1
"20699",0.319055932738818,0.663019861967489,0.000214995918359883,0.0177000376210208,9.17175431223025e-06,2
"20701",0.902827990328317,0.0960856947327326,6.1881597560113e-07,0.000869046271281508,0.00021664985169384,1
"20703",1.8473003349341e-05,0.0281151524704508,0.000191013493245192,0.970599589409879,0.00107577162307528,4
"20705",0.992742032622041,0.00313019296863075,2.00915956961025e-07,1.3460380139245e-07,0.0041274388895703,1
"20707",0.00366924606334711,0.996056112911779,1.92386115381944e-05,6.22781432282449e-06,0.000249174599012874,2
"20709",0.0295049148889455,0.0614618274397906,0.908633945168903,0.000391958347927632,7.35415443329988e-06,3
"20713",9.06113481697394e-05,0.960411648843033,0.028348621684299,0.00021236726703216,0.0109367508574663,2
"20715",0.867199563133014,1.84380509981747e-05,0.0236997453773214,7.15313143524876e-07,0.109081538125523,1
"20717",0.000108431371687572,0.999649089516977,0.000166888291513286,5.45240730555458e-05,2.10667467665558e-05,2
"20720",0.985753123500408,0.0139080136596313,1.91857892587675e-05,1.19825838284783e-05,0.000307694466873388,1
"20722",0.977556400749688,0.0223742727338249,2.25143951839629e-06,1.15316462188273e-06,6.59219123464797e-05,1
"20724",3.74339521346479e-05,0.805082105514319,0.194844697095602,3.06841539407174e-05,5.07928400396398e-06,2
"20726",0.999003342546799,4.01146154600099e-05,2.56319728750486e-09,1.77425111064436e-07,0.000956362849432485,1
"20728",3.17863599695168e-05,0.990537466443502,0.000218392944064493,0.00920938350922336,2.97074324115767e-06,2
"20730",0.000777935375043089,0.616886487807079,0.382282079846753,6.86417839808649e-06,4.66327927270266e-05,2
"20732",0.501293999889424,0.355972598538473,0.000118154339022534,0.0413904745759369,0.101224772657143,1
"20734",0.267847425590833,0.730994369232301,3.46855967288679e-05,6.38898767936568e-06,0.00111713059245803,2
"20736",2.45758895868782e-05,0.111203829872397,0.888738408985786,3.26388171873226e-05,5.46435042514315e-07,3
"20738",0.578174529124324,0.0125544904767055,0.332021957007473,0.00462037028095616,0.0726286531105408,1
"20740",0.611252526632035,0.0686877192083468,3.15925268800063e-08,0.000399068304727257,0.319660654262364,1
"20742",8.44023253483238e-05,0.99868619273118,0.000192262350707223,2.35009107013353e-05,0.00101364168206278,2
"20744",2.00853075136977e-06,0.0172546911691212,0.972164764022903,0.0105785242487439,1.20284811136539e-08,3
"20746",0.0559193822751046,0.943845977248072,6.30727214762127e-05,9.85092887820558e-05,7.30584665652341e-05,2
"20748",3.65953738343256e-05,0.727052067260226,0.272877295507752,1.4468581000694e-05,1.95732771866758e-05,2
"20750",0.000420369556434959,0.332131062422712,0.667220602897858,0.000226967824213018,9.97298782140859e-07,3
"20752",0.961543209640579,0.0376891304469149,4.66667416564587e-07,1.61259908506876e-06,0.000765580646004256,1
"20754",3.21114414784007e-07,0.000442831756416508,1.2893849343797e-05,0.999543951421663,1.85816208565216e-09,4
"20756",0.0788759111587921,0.666843965721781,0.254071696317485,2.39088823892758e-05,0.000184517919552451,2
"20758",0.00940796741514189,0.00307825607198053,0.0067154643647972,0.98079788285424,4.2929383989466e-07,4
"20760",1.36170005209848e-05,0.807200195410476,0.189547461913917,0.0032383817133679,3.43961717491011e-07,2
"20762",6.83913300282415e-07,0.00184069898248736,3.79584589886776e-06,0.998154805073728,1.61845857920842e-08,4
"20764",4.76300793808086e-06,0.253577658450691,0.74539078355511,0.00102444940537726,2.34558088425715e-06,3
"20766",1.90445093332548e-05,0.919022729419381,0.0808756423585863,7.95321707570721e-05,3.05154194251402e-06,2
"20768",0.000479123151592081,0.189943477902615,0.809556102265737,4.1294120545803e-06,1.71672680011287e-05,3
"20770",0.00698235079929196,0.0946830897630139,5.17671875642373e-05,0.898281136755173,1.65549495678641e-06,4
"20772",0.999948742088553,4.08592415231891e-05,4.60648920053658e-07,7.50205909985196e-08,9.86300041256659e-06,1
"20774",0.999127572649081,1.24200501431588e-06,2.36546051419597e-09,1.76140645289578e-05,0.00085356891591479,1
"20776",0.000634152626046318,0.998628908723987,1.93137891612104e-05,1.05891765121373e-05,0.000707035684293362,2
"20778",0.278198194566806,3.11306462001975e-07,6.76419299774283e-08,2.98225827844497e-09,0.721801423502544,5
"20780",2.21015700831584e-07,2.56886003917744e-05,1.71421271192827e-05,0.999956947561156,6.95632483940944e-10,4
"20782",1.28255246273618e-07,0.000699562577642891,0.00012023396869525,0.999180071205516,3.99289987519803e-09,4
"20784",1.84974151262014e-06,0.00262189346780303,2.87958046577997e-06,0.997373352969077,2.42411411406514e-08,4
"20786",1.64842949748399e-06,0.000247291586375046,0.977209404558993,0.0225416496583037,5.76683047312274e-09,3
"20788",0.0071208883046805,0.992182946637929,5.11353575055607e-05,1.41641711439302e-06,0.000643613282770369,2
"20790",3.83294046202348e-05,0.63336461291015,0.0919506129879106,0.274646293091077,1.51606242516918e-07,2
"20792",0.0195236521710731,0.584523453915794,0.394672474580833,3.52058055406752e-06,0.0012768987517459,2
"20794",1.48247541495108e-05,0.328209522096708,0.513292839694948,0.158482745432694,6.80215006246962e-08,3
"20796",0.996881051332314,0.00062185940825035,2.5221269630261e-08,1.58911921778989e-08,0.00249704814697429,1
"20798",5.08170726527894e-07,2.63444591059327e-05,0.999971668159518,1.38328570236792e-06,9.59249471284985e-08,3
"20801",1.31176829398279e-05,0.000849781496609547,0.999129490009022,6.79366804214827e-06,8.17143386341021e-07,3
"20803",0.0190596688599384,0.978715164105511,1.04273924829572e-05,1.53259669383961e-05,0.00219941367512931,2
"20805",0.229820510793077,0.769466365125361,4.84223889477458e-05,1.21190476044209e-05,0.000652582645009454,2
"20807",5.08170726527894e-07,2.63444591059327e-05,0.999971668159518,1.38328570236792e-06,9.59249471284985e-08,3
"20809",0.000957685667186085,0.996561499609751,0.000905837728372639,0.000874987771271435,0.00069998922341852,2
"20811",0.00706839342696842,0.0256533827161864,0.96563943662889,6.24274089665928e-06,0.00163254448705839,3
"20813",0.384438777143092,0.552912805873823,0.0597807749613991,0.000412976405774198,0.00245466561591217,2
"20815",3.75435941164348e-07,0.0002404576685822,0.785288853575489,0.214470306040936,7.27905131480078e-09,3
"20817",6.34142730179267e-05,0.974931145885048,0.0249707333743994,5.9050169197457e-06,2.88014506151316e-05,2
"20819",0.243444966779175,0.752106202050377,1.40566050824835e-06,1.42415755955924e-05,0.00443318393434377,2
"20821",0.395739991124032,0.000445149382425771,0.00321935064114722,0.600359238487526,0.000236270364868669,4
"20823",0.0926503489541755,0.896470743702797,0.00833267053952951,6.33225729881979e-06,0.00253990454619906,2
"20825",1.31625881369813e-05,0.936690682660516,0.0628689455484155,0.000426086000059659,1.12320287212891e-06,2
"20827",0.000148471771885564,0.177045165923918,0.822671490242971,1.06510708060305e-05,0.000124220990418896,3
"20829",0.997330010425168,0.00145360046283195,1.1826650783242e-05,1.70172496797034e-05,0.00118754521153683,1
