"","V1","V2","V3","V4","V5","V6","V7","V8","best$classification"
"19811",3.19572714362488e-05,1.31666719170352e-15,0.0425083722947321,2.96080163672286e-30,0.364936639203508,1.72194335987584e-11,0.00519724162163732,0.587325789591466,8
"19813",0.000917596692266241,1.80440314328038e-91,7.79295248528263e-12,6.87349338552015e-42,1.8706856273645e-26,1.00605441936182e-29,0.000474464166893894,0.998607939133047,8
"19815",0.000192194024573384,4.15344386002288e-40,0.113616363768817,9.63194354084123e-13,0.882300834955137,0.00371312491224013,0.000177482337237833,1.0313975159541e-12,5
"19817",1.19225735659461e-06,2.39335767251128e-15,0.0171709485612914,4.04748643870578e-19,0.982566342241231,5.35692469496301e-05,0.000207230099245549,7.17593923001159e-07,5
"19819",0.113006603898799,2.04503972068008e-153,1.02902772016564e-05,0.315642618823698,2.45579730858163e-43,0.569228404172241,0.00211208282806124,8.95244825529033e-61,6
"19821",0.00329121300673625,1.15252116780881e-07,0.134893109005982,1.19116206562225e-18,1.89738452446251e-06,1.44510215025307e-14,0.0998430033519365,0.761970661998689,8
"19823",0.101222346115769,3.22840816266477e-95,1.37554158745965e-05,1.03888105462833e-23,0.000108216996642336,0.898654454817723,1.22665399144075e-06,4.46155494977525e-27,6
"19825",0.783348294560126,1.39651934404752e-48,3.20676348832369e-14,4.94781836899015e-21,3.77413573136926e-62,9.57088278231712e-24,0.216651705439842,3.22409810260775e-18,1
"19827",0.00157446056471715,1.9985358635814e-08,0.00404727599964915,2.9967695278962e-18,0.991759466795012,0.000124505375511467,0.00249427127972766,2.41188812562564e-14,5
"19829",5.99841947477776e-05,6.52045495580605e-22,0.247613244863405,0.00958935410540286,8.64821859428163e-36,3.43423579652535e-10,0.742737416493021,1.09682808069832e-17,7
"19831",0.479920825959859,1.27945686047645e-157,9.21117689856037e-06,0.025570780781589,1.62144356920875e-38,0.389426305364641,0.105072876717012,9.63326804440989e-38,1
"19833",0.999999744817803,8.8378902718201e-199,2.44933422956977e-35,1.50966769492546e-54,1.08267115269497e-103,2.49462434454896e-07,5.71976268547786e-09,1.9088631156998e-54,1
"19835",0.00329121300673625,1.15252116780881e-07,0.134893109005982,1.19116206562225e-18,1.89738452446251e-06,1.44510215025307e-14,0.0998430033519365,0.761970661998689,8
"19837",3.84199072633289e-05,1.5575847781796e-11,0.0120150574515532,2.66602539997207e-14,0.987597306249493,1.56005575782634e-06,0.000347643041268071,1.32790620791932e-08,5
"19839",4.43560542311482e-07,8.7722919823623e-18,0.020236377082464,6.01384226502376e-08,6.12518449492772e-26,3.17105835399016e-17,0.979763076796975,4.24215955146154e-08,7
"19841",0.172412582952944,0.121087962538808,3.05659781856007e-16,9.15905404191102e-30,5.24848327432553e-50,5.50509309029796e-30,0.70649945153154,2.97670762937783e-09,7
"19843",0.0112033291060812,2.21878596475773e-160,1.05655006294168e-07,1.43320037643123e-06,5.1634310681017e-70,2.62838257852465e-22,0.988795132037664,8.72063115826534e-13,7
"19845",0.00111500539405657,1.82787307133859e-39,1.4363229968898e-06,6.74511295498129e-43,3.26780527647038e-12,2.97337400465798e-18,3.45805281188778e-05,0.99884897775156,8
"19847",0.0137538306854307,3.7623052873326e-62,0.968801313229587,5.29738033499783e-14,0.000118842601946068,1.16060107941887e-07,0.0171955971825039,0.000130300240371264,3
"19849",0.000728246778231772,7.34279465160408e-75,2.59531344395517e-13,7.72641619259378e-50,6.6999910789375e-24,1.45580579672712e-30,7.42450448982312e-06,0.999264328717019,8
"19851",0.000885158003324,6.35414209722573e-44,0.0801142988836146,1.36575694302006e-22,0.918626124618817,0.000281295612635625,9.27308933438393e-05,3.91988265211638e-07,5
"19853",0.948533931383658,2.43078021254407e-84,7.2769643403077e-07,1.89354328325524e-56,0.0503743071153922,0.00106444705638703,7.299633058412e-07,2.58567848225529e-05,1
"19855",0.000559676533712227,6.69290622941448e-24,0.00154665868372512,3.01132896585536e-38,0.996367091145781,6.89251849981601e-06,0.000536193020672004,0.000983488097609937,5
"19857",5.24697299570487e-07,1.63513850252799e-07,0.615386279824549,8.32002058848546e-15,0.000697169630139209,2.61635232453379e-11,0.07379880631862,0.31011705598937,3
"19859",1.19012069269406e-05,1.0581465721225e-14,0.0970572725704176,4.24114431492347e-16,0.881574982006943,0.000390386004220954,0.020965400692386,5.75190944470491e-08,5
"19861",0.00505745818300168,2.62646290127963e-47,0.0479640295084133,1.10142291581698e-31,0.499152474841443,1.6968384474528e-10,0.00177711713927593,0.446048920158182,5
"19863",0.000207077469023521,7.88440839054297e-16,1.16653704415988e-22,4.10565465348909e-63,4.89574253702576e-42,1.68841036694299e-42,0.000648305800001613,0.999144616730974,8
"19865",0.00119130576904195,0.592812691479646,1.84674584565045e-05,2.54484785602028e-26,6.12993161695662e-11,5.12988859245252e-14,0.405972624225293,4.91100621230705e-06,2
"19867",0.0173678152176108,1.86652355666198e-65,0.975112265387288,3.08206314348069e-18,0.00609828691091729,1.19950827717442e-07,0.000652762807873951,0.000768749725482361,3
"19869",0.00704388714779998,1.64299198243939e-45,8.98147090057597e-09,3.04870483286179e-52,2.15065297492719e-06,1.08859300814868e-23,0.000253898562402462,0.992700054655352,8
"19871",4.02039199229333e-06,2.11617404400632e-10,0.0619755257690439,8.67787712279289e-14,0.934282313528397,0.000218578412717886,0.00351955990269539,1.78344984146342e-09,5
"19874",2.6183638405465e-05,0.991710383170689,6.23218175206298e-05,1.91215676996143e-29,5.83082222042447e-06,1.04975872600518e-07,0.00819517521413092,3.61160990394937e-10,2
"19876",6.79905167331141e-05,0.988023949910827,3.89295163098229e-05,6.49725068006564e-36,0.0107973625625583,3.32865380781391e-11,0.000231094254103344,0.000840673206182226,2
"19878",0.00110354130398596,6.27431896814992e-63,0.284693671831465,1.6398338518826e-09,4.2251713016282e-36,7.90519997968314e-09,0.714202777319515,2.51343162712007e-18,7
"19880",9.28412339104401e-06,0.999890316146218,5.70331035448254e-12,6.33010997611793e-45,6.52497786953815e-09,3.32608732114459e-19,9.62430756635898e-05,4.15012404581412e-06,2
"19882",0.0131947264391459,7.64882908088192e-29,0.00046458840803597,4.60254849561456e-41,1.35828975096309e-08,4.23712157539186e-13,0.00578117956389705,0.9805594920056,8
"19885",5.58167706795172e-07,1.02957098706059e-10,0.0740231928414341,8.99641857394294e-09,0.925276014696638,1.00198882002617e-05,0.000666781194270413,2.34241123744022e-05,5
"19907",0.0602009382374848,9.61022672994495e-52,0.422955924424285,1.73314620378855e-25,9.33253016815416e-06,2.50432710491511e-10,0.00691424497161548,0.509919559586014,8
"19909",0.000415551109134552,2.37883468320082e-66,0.671311861326995,0.302363598588479,1.56040078946186e-18,9.92597457823719e-10,0.025908987934005,4.87887402051733e-11,3
"19911",0.000223040226345306,6.51011861918904e-34,0.0607772815750582,3.96366002525264e-06,1.79955908746671e-16,1.1425515365063e-07,0.938995600283394,2.32936472260157e-14,7
"19913",5.04301340404737e-05,0.999639435215322,2.17002941519173e-17,5.43228618131667e-39,6.42792657524682e-36,1.98165049320318e-21,0.000310134650628114,9.45555245724818e-15,2
"19915",1.69699876255953e-05,0.000117605332357823,0.00014127570534188,3.85914463535595e-29,0.999549683460235,3.26128659200718e-07,0.000174137094420669,2.29135985365249e-09,5
"19917",2.83092836389923e-06,0.967551095442094,9.80608370253013e-05,6.97434752990947e-24,0.00028423560346193,2.09811101283832e-10,0.0320637094017197,6.7577524500559e-08,2
"19919",3.93758028266547e-07,0.00177110085441408,0.0077050618396999,2.44843471117255e-19,0.98911330027683,3.26978914843705e-05,0.00137744384934461,1.53019875482133e-09,5
"19921",6.0739453887347e-05,3.93165243627859e-42,0.0781484674778029,4.57187995634212e-19,0.921502373481527,3.63007761798928e-06,0.000115861600077619,0.000168927909086665,5
"19923",0.000365918155486542,1.05559173560817e-95,0.945031259794671,2.25806149057738e-13,2.20434068800772e-14,0.000188130153471288,0.0544146918961226,3.7427188324168e-16,3
"19925",1.41589225350614e-05,0.975744771593691,8.56042210975135e-05,1.67409999913623e-27,0.020309165456334,9.38268263135247e-09,0.00384628460156446,5.82209545693001e-09,2
"19927",2.13151082917903e-05,2.54119558175463e-19,0.00883046621848126,1.79056166527729e-21,0.991085999586765,2.99218276592493e-05,2.82940354392365e-05,4.00322336305661e-06,5
"19929",0.0173247845179923,0.0557716854948918,3.16308078087679e-21,2.49562166647813e-58,3.23593381500186e-42,4.14819393626353e-39,0.00972118166373621,0.91718234832338,8
"19931",0.000255458479539203,1.35926640812166e-10,0.0838587081202408,1.18232262543303e-12,0.914402615321207,0.000545302632161648,0.000937915292708273,1.70340154878402e-11,5
"19933",0.0021695228539113,7.89629045817268e-33,0.954461471939362,0.0405166484654133,9.08144989783971e-07,0.000301965634875888,0.00254948296144795,1.78015281543294e-19,3
"19935",0.0016509393516203,7.1418500692276e-17,0.875419821359144,1.22940863156349e-06,1.32509749288562e-08,2.31418630990026e-10,0.122729982175032,0.000198014223178568,3
"19937",0.000127786188821994,3.42963121384108e-48,0.0127718727984352,2.04895083987017e-17,0.986637743311221,0.000456944141558375,5.65355122395052e-06,8.73949225226623e-12,5
"19939",3.80917374653201e-05,1.77929206389039e-12,0.980348645102811,6.94626855612479e-18,3.71121538157758e-06,0.000549896625491039,0.0190596497072793,5.60979246826324e-09,3
"19941",0.0013908939617967,1.84529815767001e-30,0.000970499553017693,3.56020675680787e-07,4.18380666129595e-21,3.0038199039713e-15,0.997638250463775,7.32067618500525e-13,7
"19943",1.04984430907169e-05,0.999550116272038,1.0636151484108e-10,5.21988931918983e-34,2.42258268592453e-18,5.49708412809739e-13,0.000439385177948014,1.22573286737055e-14,2
"19945",3.67576306143264e-05,1.6478670966744e-45,0.946675500027358,0.0356300029116409,3.769803868391e-06,0.00429456839467657,0.0133594012318422,1.89916288636278e-20,3
"19947",0.000447700340690637,1.78665496997804e-25,6.10483611565086e-08,4.20972048880839e-20,1.73401382977714e-35,2.41221398846988e-18,0.999552216496688,2.21142600311788e-08,7
"19949",0.00123642882125644,1.88270978949116e-63,0.990340356344552,2.06070428652832e-06,3.00370069858323e-16,0.000932656026805387,0.00748849810309922,1.06454682960488e-22,3
"19951",3.30327396593536e-05,0.0109778368436249,0.555819678899666,9.31467172892439e-18,0.000177856444503185,1.11364519624029e-06,0.432990351873832,1.29553518856508e-07,3
"19953",0.0363658338815801,1.37611864434313e-227,1.39420241554247e-07,1.13079555647805e-06,2.90724769311522e-34,0.963631156678319,1.73922430277658e-06,1.47530997150635e-48,6
"19955",1.32686954399288e-06,1.0939581133596e-84,0.0110910999315954,1.72539159084343e-05,3.36586582854434e-32,8.09877511190663e-05,0.988809331531833,2.50485258497518e-22,7
"19957",0.00173544286135317,1.15426256667802e-20,4.39098239716591e-05,1.94093450064054e-24,1.67347011399058e-06,0.00154857095371662,0.99667040289037,4.74459898834325e-13,7
"19960",7.82489289849668e-05,4.87759218176098e-46,0.0176297027603104,1.01458671803274e-05,2.58777976901967e-43,2.82945920828662e-13,0.982281902443195,4.61282780371662e-14,7
"19963",0.999998627718436,5.6362832476398e-68,6.96155593789502e-29,3.45107025077074e-44,3.16391353151417e-55,4.6274848297183e-10,1.3718188157876e-06,3.86900909395977e-41,1
"19965",9.13968996104057e-07,1.43219445235237e-109,0.419467330593275,0.000713638149462579,9.02338718214513e-47,8.07332708891806e-10,0.579818116480934,3.08293212531111e-16,7
"19968",0.00748369878845281,5.47446771487747e-07,8.66507097564786e-08,9.86187212411537e-20,2.11828886391084e-21,7.46931185936936e-34,0.797160867005534,0.195354800108532,7
"19971",0.851031196313442,1.16929944786676e-22,4.85078232174629e-20,1.07796026799098e-27,4.77921218059717e-83,2.0745621923658e-12,0.148968803684484,3.45653289767509e-36,1
"19973",1.37962947337412e-06,5.20810002830182e-06,0.00816687357991882,5.17035554536989e-19,0.991302787239476,3.71883716087463e-08,0.000132411219648547,0.000391303043082862,5
"19975",5.64259191905732e-06,0.96744238385529,0.000136935875190666,8.39908024899587e-23,0.01400435000413,5.46194671199405e-15,0.0176302459813852,0.000780441692079342,2
"19977",0.00463743368345493,3.71169264293024e-24,8.27174029024467e-14,1.95274165882781e-38,1.45777808793953e-28,1.05198566128372e-16,0.995362566316459,3.10540212185495e-15,7
"19979",0.000362071877842443,1.00304412610788e-86,0.00047551290506047,0.991566188354492,9.04628913924374e-59,1.59813055275635e-07,0.00759606704955013,1.50540707524011e-45,4
"19981",1.93050447425413e-06,3.82378626713218e-20,0.951957887553292,3.9404463273121e-10,0.0390788625894551,9.32321361297071e-06,0.00778968946699855,0.00116230627812206,3
"19983",5.94164007214733e-07,4.05849876970915e-41,0.987994635516566,3.41705248901576e-12,0.000224902249035229,1.19578350131741e-05,0.011714952087194,5.29581447680748e-05,3
"19985",3.24008006684388e-06,0.983355613843307,2.8966024569945e-05,2.06319466976421e-34,0.0150872665875819,1.09261618560584e-10,0.00148044812733211,4.44652278812438e-05,2
"19987",0.0102633692307088,1.69569365142552e-20,0.901744364018449,1.53576380853558e-06,0.0443148977144674,1.68045972454574e-05,0.0436590286528029,2.25182050818919e-11,3
"19989",0.0082753573740671,7.00323137932488e-145,0.00174698451057952,0.988592134398959,3.48480169394778e-46,0.000957377651403948,0.000428146064990358,8.88730119284767e-49,4
"19993",2.60074740157211e-05,1.75900253282102e-15,0.990752779273713,1.32292784610631e-05,2.93752180508003e-16,3.35919292130483e-05,0.00917439204459575,9.19064341122253e-19,3
"19995",0.00046512643518291,1.55326727889003e-20,0.877444547125355,0.00044822964090567,5.80467791332164e-14,3.15009271913344e-07,0.121641781788867,3.59325741874863e-13,3
"19997",1.11884490436332e-05,1.00009496624435e-05,0.0124384408250919,1.27661277920467e-23,0.986891669318958,1.56189267323949e-06,0.000639958999920148,7.17956465096694e-06,5
"19999",0.000183517780266609,2.20064785620668e-10,0.00107462982713385,6.22862455352654e-35,0.990692901146625,6.63860472738336e-10,0.00184339212521583,0.00620555823683344,5
"20002",0.999199228897184,6.91724742126776e-38,8.31760851760853e-24,4.219618958515e-40,3.62395189703653e-56,4.21308614652113e-36,0.000800763753176527,7.34963924524459e-09,1
"20004",0.120293454735185,2.92227800833819e-37,0.412308390161097,0.0132132405964783,4.03892878499471e-15,7.5138533459997e-11,0.454184914207886,2.24211749008619e-10,7
"20006",2.71123927245268e-05,1.71357396795062e-78,0.00167383167729634,9.06796578078267e-15,3.22777718584085e-33,2.2529153262986e-11,0.998299055902346,5.09517394877435e-12,7
"20008",0.00145080354467917,1.04355481043957e-61,0.00546196396099029,4.84501795266965e-10,1.08017192395721e-39,5.16441469197132e-09,0.993087226845414,2.71312917809329e-22,7
"20010",0.00018600441667659,5.88225526617211e-75,0.747173365977464,0.199074609132364,6.98766158018488e-14,0.0296238245924728,0.0239421958809527,1.19884983389064e-30,3
"20012",0.00226849257208565,0.00104722350855476,0.000228323315610459,1.42410301974796e-34,8.14365356037702e-13,2.0641701893875e-17,0.883509977474814,0.112945983128121,7
"20015",1.66525304135123e-05,1.16424451765233e-76,0.00243020738943362,0.985904251038827,6.56153276301747e-63,1.6331839588269e-15,0.011648889041324,1.29147506598368e-21,4
"20017",2.1767569276122e-05,2.25657619704795e-07,0.00180955334891344,5.50839366921859e-30,0.963448291919997,1.57299653217608e-10,0.000680770111474793,0.034039391235419,5
"20019",0.00218414053997836,4.91220842263587e-151,2.38259712599876e-05,0.990173685605096,2.42632077445599e-80,4.04952052603116e-06,0.00761429836314004,1.03752092802824e-55,4
"20022",1.82519237883593e-05,1.11114886652988e-68,0.585244834905568,0.40108012170185,1.58618335424645e-13,0.00225295065544411,0.0114038408131904,1.57869504370215e-24,3
"20024",0.999856421051754,4.31820685413676e-249,1.518973944558e-13,1.53401288935181e-06,1.55506282723639e-90,0.000140779370474443,1.26556473026383e-06,5.10236019853025e-61,1
"20026",0.999856421051754,4.31820685413676e-249,1.518973944558e-13,1.53401288935181e-06,1.55506282723639e-90,0.000140779370474443,1.26556473026383e-06,5.10236019853025e-61,1
"20028",0.000140109304612926,2.90720737286501e-05,0.000259742213346249,3.36427031166271e-32,0.999407964827696,8.94657476127468e-09,0.000139640105222628,2.34625288186631e-05,5
"20030",0.0103950097264775,1.53836108380024e-53,0.000370120210314081,0.872140845158736,5.99710432615914e-44,2.47614096961116e-17,0.117094024904473,2.94093123074338e-21,4
"20033",0.000118989749734669,0.0024653755793441,0.374035105612218,6.14922520301705e-16,0.586770660457519,1.3734076290179e-06,0.0365986056726747,9.88952088042366e-06,5
"20035",0.0679004543240205,2.73617734964575e-154,0.000125854507299293,0.911696452145934,2.07709955251265e-88,6.11387301753741e-05,0.0202161002925704,7.80440373387002e-55,4
"20037",0.000106418038702831,6.00530805330895e-167,0.00132279790988829,0.975215120908462,1.51753174359998e-67,4.42983199185839e-08,0.0233556188446268,1.74678827708763e-38,4
"20039",0.0129673719279579,0,3.0737537078161e-23,1.96816225872564e-16,4.35510947901766e-111,0.987032628072001,4.08151149776753e-14,6.42577218246253e-88,6
"20041",1.30360806243526e-07,1.68498810131509e-52,0.917502967256559,9.76756234786827e-16,3.7898145248505e-17,0.00372211906629824,0.078774783316237,9.84293999381748e-14,3
"20044",8.22751724690109e-05,5.98975097689417e-49,0.145551712301825,2.59763906263174e-17,3.41315329231977e-24,0.00112552984502112,0.853240482680682,2.96538782247046e-15,7
"20047",0.00669275377054102,3.45622182784376e-137,1.42807906097513e-07,0.963434453177261,5.27174862105724e-86,9.69621473026786e-06,0.0298629540295612,3.66671567515539e-62,4
"20050",0.00641821965376439,3.39675623166233e-86,0.00930648347558745,1.27879944886759e-05,5.85646672005757e-26,0.97941543879112,0.00484707008503924,9.20785282639062e-49,6
"20052",5.40151877375769e-06,6.46385658598721e-13,0.304270690677635,3.98308024496908e-10,0.660672358707222,0.0139638467285939,0.0210877019688154,5.22448583437678e-15,5
"20054",1.04157098412143e-06,3.07898847717475e-39,0.271584767556969,0.684763539867143,9.63688653697802e-37,1.81782925676258e-14,0.0436506509787226,2.61632006288994e-11,4
"20056",0.442756265624691,0.000736632173565175,9.06659572368687e-07,4.99651765669367e-19,1.05133098523077e-17,3.43136539146406e-12,0.55650619553874,5.41640300279391e-16,7
"20058",0.00507952165101575,1.37066551416948e-154,0.00184317414948545,0.992007644575545,1.55485319857528e-50,6.10312717619659e-06,0.00106355649677739,1.8634567902156e-40,4
"20060",0.0194336374985494,2.18667058987446e-32,0.794208056662926,2.41932926451361e-14,0.185766493932883,1.30749545523122e-05,0.000578715951429683,2.09996355901981e-08,3
"20062",3.37476937070215e-06,1.95600194523361e-20,0.976013950274386,5.81426837821367e-10,0.0192840729868737,6.59754450075274e-05,0.00463066334621302,1.9625967218918e-06,3
"20064",1.48364953065135e-05,7.92672677980323e-33,0.695066096187031,0.300163548852577,2.27275078866092e-07,1.28383380100413e-05,0.00474245285199568,1.84147134837568e-17,3
"20066",0.00983285915366261,2.0409644911803e-81,3.60352458431831e-06,0.949289848711167,8.74045952420955e-74,2.63715908548589e-17,0.0408736886105861,2.47741692385159e-30,4
"20068",7.41249274218571e-05,2.26185798853508e-28,0.153504010853411,4.82678890927744e-24,0.831064702210852,2.17552453075401e-07,0.00106234886223996,0.014294595593622,5
"20070",0.00106300410257627,1.61934945504551e-41,0.181675816789626,4.22080216474831e-23,0.801653615928323,0.0137281054438214,0.00187945608748339,1.64816973543817e-09,5
"20072",0.000169121993338576,3.37261582983773e-107,0.0175085321652902,0.00289197805355265,2.25572673928512e-58,2.95578868843223e-16,0.979430367662253,1.2556524506769e-10,7
"20074",9.43686534836841e-05,0.999239037249382,3.51169016588204e-20,2.29698941081414e-54,3.66069049412182e-35,4.97623654863109e-30,0.000655351864725721,1.12422324083694e-05,2
"20076",9.34701372597711e-07,1.39240242891687e-05,0.000120659331604334,7.12115610013937e-19,7.23347447498185e-18,3.36008125481777e-25,0.180241118352476,0.819623363590258,8
"20078",1.76076660464828e-05,2.93001755500519e-47,0.942230369395504,0.00126987014064661,3.00222798399993e-10,0.0018646888262501,0.0546174636713302,5.1900265383893e-20,3
"20080",0.000206365828351529,2.65919847086867e-119,0.00457601371515213,0.991975804671862,4.55404443397686e-52,0.000138286868953394,0.00310352891568077,3.78395287878623e-50,4
"20082",0.0120194184490596,2.21968558539932e-202,1.3144443692673e-14,3.85641795278971e-07,2.49775665409647e-57,0.987980194762611,1.14652056691664e-09,5.46392993701187e-83,6
"20084",0.000441394895208972,1.6146890369416e-37,0.0250213764527544,8.30316371355754e-05,3.22309350633032e-14,0.000992571397447721,0.973461625617421,2.08539707224029e-27,7
"20087",2.43678805320775e-05,2.93469932292065e-72,0.935880970727244,0.00796500749549539,7.79352143454301e-16,5.34813157493445e-06,0.0561243057651264,2.63870332865446e-14,3
"20090",0.000171860388928388,3.59372744256131e-111,0.00619471511963767,0.982459016074719,1.50021917361782e-55,0.00787664918629583,0.00329775923041908,1.00445331829622e-52,4
"20092",0.102249402047732,9.75937851609222e-180,6.81810268494398e-06,4.13341154244761e-19,1.33222163313268e-22,0.897334742400006,0.000409037449576991,7.35006093322081e-22,6
"20096",0.000898900505600294,1.12631814707545e-63,6.65742187780784e-05,2.49437664628462e-21,4.31823924311948e-09,0.974908997147682,0.0241255238097005,4.84675535350252e-25,6
"20098",0.000282883595396941,0.0309070134608483,0.123215227347986,1.56119139123691e-18,0.829955196551671,4.20661585397565e-05,0.0155975461600635,6.67254941680199e-08,5
"20101",0.000117334293011082,2.12380520053693e-46,0.454538754783678,0.275522720686598,1.26105346190852e-32,0.00014691278253197,0.269674277454181,4.96572964217603e-36,3
"20104",0.999025778738012,1.465720374382e-115,4.87709685668762e-15,1.61228735355525e-51,1.72484270953106e-21,0.000972934788411582,1.28647355878212e-06,1.30938091662361e-14,1
"20106",9.58661590436518e-07,5.59626422475525e-35,0.12015485430315,0.878941742686512,1.40640200690781e-26,4.16697674272858e-07,0.000902027651073655,9.92250618573098e-26,4
"20108",0.000496329114591205,3.97255797291398e-07,0.0853177199236421,1.64566264594503e-16,0.912570851952754,2.04958437636518e-08,0.0015392903554072,7.53909019644144e-05,5
"20110",0.00996957268983273,1.31641286746459e-39,0.00329583791309158,1.30818404132563e-19,9.78130489330159e-08,0.758971373658529,0.227763117925498,7.23617664692733e-28,6
"20112",0.000112534978976467,2.20661416291016e-51,0.941790483535333,0.0181960618195525,1.15932060930095e-26,0.0220243985291507,0.0178765211369869,3.30705780462418e-33,3
"20114",0.00832438265893999,3.62681050295159e-38,0.179786792667301,0.000358407750093961,7.28842692643214e-09,4.47902049749626e-05,0.811485619430263,4.16285594630243e-20,7
"20116",8.08747568704796e-06,9.50801872769803e-15,0.612146567399956,0.0770040335021428,7.97212021545112e-20,1.97860764516865e-13,0.310841311166882,4.55124785057613e-10,3
"20118",9.31656035804123e-06,6.68196970968477e-10,0.697567612692502,7.83964114072038e-07,0.282041604246152,0.00102243939448331,0.0193582424690161,5.17738070689476e-12,3
"20120",0.128479650318285,1.35799973933228e-67,0.559931843621779,0.137375621567515,3.46767575227723e-21,0.10374757283,0.0704653116624205,7.38301245534792e-43,3
"20122",1.46233948113903e-06,0.997404908548057,6.15306494210109e-09,1.06468177058035e-29,4.12572305105059e-09,6.40759287759463e-18,0.0025887194560866,4.89937758681949e-06,2
"20124",0.000120996473277296,2.0458365130271e-158,0.0844612692296123,0.103905225626452,6.17802315412833e-42,0.000322330950236009,0.811190177720423,3.05169037162086e-31,7
"20126",0.945357971397706,1.60392962693841e-232,2.36644905792252e-20,2.58899362087448e-19,7.98055671787056e-84,0.0546401524134324,1.87618886172048e-06,8.2723291891153e-55,1
"20128",0.997097834666603,8.58431746526195e-269,4.05605731039058e-17,6.09525913603239e-05,2.34614355098082e-122,0.00236673081771614,0.000474481924320553,1.68658169975869e-75,1
"20141",0.179701679299348,1.82490356716827e-54,1.29059151618139e-09,5.39146573971299e-39,1.38290676527679e-09,0.820291782361648,6.53566550515543e-06,2.48414880598449e-18,6
"20143",0.295826196954925,0.0112813997543739,1.27085052686922e-15,2.52294348735871e-47,1.27096517315281e-15,1.61456496835253e-22,0.692884759803494,7.64348720536675e-06,7
"20145",0.000233623693374293,1.33192989642462e-62,0.241839116323998,0.743297273228963,1.85589312801185e-13,0.0125501678559631,0.0020798188975163,1.35477253806076e-32,4
"20147",3.05151247786591e-07,2.79535100565879e-40,0.746194159340312,0.250944021466389,3.57777193840062e-16,0.000161953304031675,0.00269956073801869,1.42874755366281e-21,3
"20149",3.05517946108525e-05,0.992919485197222,1.19076918432666e-09,3.41514901467595e-39,2.1075869951056e-12,4.3166169451951e-15,0.00704905126521466,9.10550071134037e-07,2
"20151",2.41045344893406e-05,0.000592633461724112,0.0113987885947464,2.59823758580746e-17,0.987630361680792,2.71248954536933e-07,0.000353827203532729,1.32757608841733e-08,5
"20153",0.345914588502056,3.0071064059826e-24,0.0124497702803675,5.37030116371363e-18,0.0400227621847333,0.481562940660277,0.120049938372566,3.02464342607432e-27,6
"20155",8.37517091596863e-09,7.69146962109424e-64,0.891497016135029,0.104120112732291,1.08999776296058e-33,6.93525254671539e-06,0.00437592750496258,3.71485961769377e-22,3
"20157",0.387429353575467,1.31274754271703e-06,0.0616574503059276,5.99771905640027e-20,0.508315718913897,1.21575295479482e-05,0.0425840066544252,2.73192749726272e-10,5
"20160",1.22275770198621e-05,0.999924557662921,6.56109996430785e-17,5.07273710167139e-42,7.76504008328826e-28,4.32695559905697e-22,6.32147538384771e-05,6.22047031796387e-12,2
"20162",7.13921799414346e-06,0.999902352086679,2.12759841396944e-10,3.23985876062884e-41,2.02117784710699e-08,1.64093333400924e-16,8.99353599674934e-05,5.52910820791549e-07,2
"20164",0.0143710140374259,0.00260748234799803,0.00220049374302057,1.2289758084533e-25,2.93221553466175e-06,5.07194578049245e-07,0.980817570040879,4.20563748386402e-10,7
"20166",0.00413432141063316,1.79719371290021e-45,1.57140709742855e-07,0.000104807609347155,1.97446762168479e-66,9.67730639580693e-26,0.995760713839306,4.45680280761783e-15,7
"20168",0.103925464245489,3.71123300940476e-40,7.84153158824806e-19,1.30354937255604e-23,1.28035521776852e-85,8.55199035141046e-42,0.896057713337688,1.68224168231706e-05,7
"20170",0.000262600352748571,9.74244962932806e-14,0.0101693850380385,2.02033262658536e-21,0.967027841606056,0.000488259335617049,0.0220519134244587,2.42983604576199e-10,5
"20172",0.000104616743256105,2.75915522977682e-102,0.175141009762695,0.820926774686672,7.47619941751503e-17,0.00248437382892171,0.00134322497845461,4.64919282289307e-26,4
"20174",0.00032326340090174,0.0241932119245978,5.36067107358689e-06,1.1291650989058e-40,7.63588338268596e-05,3.611233235907e-18,0.00277694756077127,0.972624857608829,8
"20176",0.00065443127556028,5.72833179809033e-51,1.18995716911786e-09,4.92740787595648e-28,1.02386268971509e-48,3.15746194101743e-34,0.968549532109299,0.0307960354251833,7
"20178",2.72605822389619e-05,0.999909770859626,2.70034661273945e-18,4.86060217217024e-42,1.8141421514119e-36,8.81234643591723e-22,6.29685581223973e-05,1.21514226466047e-14,2
"20181",0.00325917829549295,1.42174096188817e-34,0.000518033484790525,0.648062146173636,1.57113852966149e-40,6.7728163821185e-17,0.348160642046081,1.30780328172313e-21,4
"20183",0.00481711191318886,5.189507509221e-73,0.456818583592404,5.57340781314209e-11,0.512629760030833,0.0253923493906128,0.000342195013107459,4.1195822761176e-12,5
"20186",0.15519853716898,1.13162277167993e-121,0.842938520145032,8.10673909702317e-12,2.13004707567699e-07,0.00119598679357352,0.000666732317658836,1.05619413582267e-08,3
"20188",0.000154525625804743,0.999336528769135,7.38489052142461e-13,2.40387868062533e-40,1.12170372223313e-13,3.77490443004762e-17,0.000508945564492302,3.97176787524365e-11,2
"20190",8.27339495813953e-05,2.46534660511863e-78,0.00550488097222547,0.99174472490935,4.08507024920276e-48,5.21812240350593e-11,0.00266766011666199,3.51898038055277e-29,4
"20193",0.00203620011552055,1.24272854367806e-11,7.23000355276636e-15,5.62781296848055e-31,4.27759180810691e-67,6.49581253003967e-35,0.997963780950171,1.89218739011487e-08,7
"20195",0.000454316474349104,0.0338076133235555,0.548344530260427,2.17049568779995e-16,0.000970369415600624,2.32792734847511e-06,0.416420842359757,2.38962073452964e-10,3
"20197",2.1686304183386e-07,1.90201216375428e-77,0.594252605305474,0.401627122523862,3.46057225742715e-19,0.000828119559813964,0.00329193574780891,1.02201885483661e-22,3
"20199",0.000269862466654975,1.57601244722475e-06,2.1238581479263e-05,1.32646687073998e-33,0.984787525732773,1.89722741114574e-06,0.0149178995942591,3.84974975358219e-10,5
"20205",0.0411745381613992,7.53286953688469e-212,1.04626623041768e-13,7.19992236181962e-16,3.87968910808557e-53,0.958825428719721,3.31187742417234e-08,2.87447038395582e-70,6
"20208",0.000100115333884452,3.2895597950339e-09,0.974572156888639,4.6743068366793e-14,0.0108682998367349,8.09642637314967e-06,0.0144512104746552,1.1775010630062e-07,3
"20210",9.99928399059258e-06,0.999731051125345,4.02045409598473e-08,2.49416295382417e-36,7.07124207818439e-05,4.25224729140615e-13,0.00018814448837173,5.24765442189876e-08,2
"20212",0.000216172825881472,0.947417187703179,0.00580516395793311,1.26863444470303e-21,3.11329640160225e-06,6.42862121490462e-08,0.0465582972682079,6.62185073881368e-10,2
"20216",0.00220824358495265,1.04759442343313e-58,0.370975535703172,0.571988267598182,3.08970015264322e-22,4.92435967131913e-08,0.0548279038700972,1.44508325086747e-21,4
"20219",0.00439129150137945,2.68692877152772e-87,0.00295941515299925,0.000693644407055334,1.2977241054681e-17,0.959936148556733,0.0320195003818325,1.51994050140433e-45,6
"20223",0.0173408358583097,1.2199598318062e-204,5.08325216406858e-08,0.000127634154418823,2.53855427610857e-96,1.79750899675763e-20,0.98253147915475,3.35057383008805e-23,7
"20226",1.2275688156034e-05,2.2056976343569e-33,0.986778613856214,3.53374593048055e-10,1.10098609400184e-09,0.00139753925019813,0.011811569751071,1.26336333707756e-18,3
"20230",0.000999302933623054,3.81669949931266e-107,0.0044934329109417,0.987608961915071,5.80010007330384e-57,3.14424464132665e-09,0.00689829909611937,4.94978097815603e-36,4
"20233",0.0427550027644784,2.71859408134428e-200,8.79552054900494e-23,3.65842170055184e-52,3.27346171326513e-29,0.957244997235315,2.06318309950351e-13,3.32493726413944e-51,6
"20235",0.000126713650098675,4.14918299015923e-185,0.000145337600798312,1.47025359480551e-06,1.42036844663902e-59,5.29211421007929e-07,0.999725949284087,2.66376749875045e-27,7
"20239",3.9815128689851e-05,2.82796781251024e-91,0.0852080244700114,0.000180017064864051,1.54808871858681e-26,6.14407064542264e-11,0.914572142947579,3.27414906335483e-10,7
"20254",0.0214852619217285,1.08533237693224e-252,1.666398101624e-13,1.43701701841532e-06,4.41341499904204e-62,0.978513282544556,1.85165304594997e-08,4.30591508738094e-84,6
"20256",8.66992407687897e-06,2.13863446454543e-111,0.323660203075836,0.595330948644204,6.14997626597324e-36,2.97408527469083e-05,0.0809704375031361,9.54680959779073e-23,4
"20262",1.361387630679e-05,0.00237812630356183,0.000388383865258409,9.81371566267781e-22,0.996722403529181,5.51835468796468e-08,0.000497414443570341,2.79857440554676e-09,5
"20270",0.611238758384583,4.01430908393633e-47,0.00191516606744646,2.00482491118032e-06,1.39213706748012e-33,8.57002122724275e-20,0.38684407072306,1.42945496749515e-16,1
"20284",0.182985789413643,2.60843242256534e-130,0.00868385808810935,2.67411782137301e-13,6.77670781736308e-09,0.808327404580274,2.94114099880603e-06,6.31993150886082e-35,6
"20287",0.000102957410961104,3.42979267213117e-140,3.58803239002621e-05,0.975043835373887,6.24265319465369e-93,4.82752279419265e-13,0.0248173268907691,2.54463020152068e-38,4
"20290",0.0275783197840264,4.93834937829948e-149,2.48187348563852e-08,1.85026755449683e-15,2.22744396806892e-29,0.972421574675757,8.07214794897942e-08,8.6330227788498e-61,6
"20293",0.000116098992201006,4.32506039382864e-82,0.936888813402861,0.037904847323837,9.19023202303444e-08,0.0135959816673175,0.0114941667114631,2.96342581880559e-19,3
"20296",4.04244242489693e-05,0.00021549373846483,0.0099455200609791,4.25398430473309e-13,9.32359842602717e-05,3.15585817658553e-19,0.204432423153231,0.78527290263839,8
"20301",0.0132749195288548,4.54538749783241e-82,5.11803978428955e-08,0.229524063704755,4.75916322305924e-106,3.55239146187977e-15,0.757200965585988,1.98400138771527e-45,7
"20304",0.00802251328325204,8.04112503666877e-208,3.35120851498936e-14,3.27919636186256e-08,1.68267145513704e-48,0.991977452756337,1.16841385957118e-09,1.75342628020674e-72,6
"20306",0.0144724139797452,3.13092939524858e-174,0.00479845431657002,0.965319768570327,4.58374349464559e-47,9.68339864109748e-05,0.0153125291469467,1.72038399035441e-41,4
"20309",2.1294499616139e-05,1.01874197965745e-43,0.985815817786499,0.000122481913572203,8.14826022760909e-16,0.0100735424825669,0.00396686331774493,2.40573996396645e-21,3
"20311",0.00178237003477162,2.33150204542695e-53,0.16761692477803,0.00564533694500532,1.85552120369082e-20,4.90499905633927e-06,0.824950463243136,3.90831504944008e-21,7
"20314",1.50940985666689e-05,4.01861149803304e-11,0.0170798491908988,4.4557364847709e-12,0.982647059528853,5.30112154443601e-05,0.00020498592121656,3.79210812419359e-13,5
"20318",0.699380273520349,9.79861196513227e-08,2.67268031608353e-13,2.56950613042694e-28,2.76962201890946e-26,1.32544647242021e-22,0.30061962847318,2.00842486673226e-11,1
"20320",0.195582781075726,1.81231652539187e-34,0.533216144132392,2.10652935015054e-21,7.38524824947472e-12,0.0163983151384557,0.254802759645673,3.6727729516931e-13,3
"20326",0.000190277227912476,4.38776406682639e-09,0.130666895388076,2.11294236140845e-12,0.865255229959821,0.000782151817090305,0.00310544121702331,1.99625907825573e-13,5
"20328",0.0946329361698778,8.38054817200045e-43,0.860284280449343,5.21872789538478e-16,2.7156438034516e-06,0.0377912300722403,0.00728883766374476,9.89483788469647e-13,3
"20330",4.35171706412613e-05,3.4580988735154e-94,0.378333174375604,0.000631485611867943,1.24375614528647e-34,0.000153157511638157,0.620838665330249,7.91499263031005e-24,7
"20336",0.071362115545555,2.0944426539204e-165,4.11511748886987e-05,1.64212712934604e-08,9.85312586767909e-13,0.92859611035251,6.06504789503651e-07,6.8141924709941e-44,6
"20338",0.000579317963142247,3.60574738526294e-92,2.64810702568597e-07,2.26507882697177e-12,2.01673821982367e-26,0.99346792951886,0.00595248770503064,7.01340327544507e-48,6
"20340",0.0013056464548499,2.2498641564897e-121,0.000272230535067492,0.953301832132682,4.66999334308167e-69,1.03044227986101e-08,0.0451202805729782,8.01852984325231e-39,4
"20342",0.999994408802053,1.55174801332153e-157,9.80373104755145e-24,6.4531505458192e-41,1.09485497771927e-71,2.9214692342623e-06,2.66972871270251e-06,2.23241403057252e-47,1
"20344",0.0136687337016266,2.48369097708361e-80,0.437358767783906,0.537523163468905,4.84558122227665e-30,5.81661001208281e-05,0.0113911689454421,1.46708911860876e-28,4
"20349",0.00132584168386341,1.84206928961408e-136,0.0158575754077368,0.974696268216714,8.49959608090116e-40,2.80357378091536e-07,0.00812003433430799,2.55279622690751e-30,4
"20351",0.000261388971558019,1.60364722750532e-61,0.867861137190139,6.05224236419109e-06,8.41544541718003e-16,0.00909177958366425,0.122779642012274,1.58755475711862e-22,3
"20353",8.04559577737849e-05,4.28616642791928e-131,0.556351205375217,0.0171019301073607,1.64141541427674e-38,0.269927552631251,0.156538855928397,2.23724013815901e-36,3
"20357",0.0225375518656592,3.6452458355813e-286,7.71384107361638e-12,5.33705046706992e-11,1.6059886868471e-57,0.977462446501396,1.5718601135364e-09,1.46985677965076e-71,6
"20360",0.00561307636687927,2.66505453712643e-166,3.50645217456999e-12,5.58983028431192e-25,2.19060081652875e-72,2.1664384448441e-06,0.994384757191169,2.0538361085555e-32,7
"20364",7.96089832531965e-05,4.38629717434594e-49,0.854604312942435,0.131565627750767,3.47877116879456e-18,0.0106856834640884,0.00306476685945678,2.43159506377024e-26,3
"20366",0.0468446277579465,6.18428432400819e-143,1.69217553190223e-09,5.98062711525442e-19,7.9503919537944e-25,0.953155341539604,2.90102740348508e-08,3.00215507990284e-47,6
"20381",0.0331366797663967,6.91746595905084e-22,1.70354730077224e-12,2.0839840052557e-55,5.44772171430176e-16,6.3934513281799e-21,0.158709523866725,0.808153796365174,8
"20391",0.869475887615738,6.79835916066016e-203,0.00329683327147317,3.55039438091047e-12,2.8492352710845e-29,7.93703655465265e-08,0.127227199558373,1.8049910755063e-10,1
"20394",6.34928205264686e-06,6.27711946125632e-12,0.641173797547576,4.27726558047835e-22,0.279345481542345,4.423996269437e-07,0.0317804969081762,0.0476934323139457,3
"20396",0.000753510033730207,1.76641723992732e-15,1.07778607682544e-06,1.48554561088621e-50,0.0166872417546198,1.59352449971545e-19,0.00210200175823114,0.98045616866734,8
"20409",0.0901633566822477,3.7687833686114e-22,0.467726851413668,0.000174386410662244,3.84423845094811e-09,6.56945957131171e-06,0.441928832189612,1.37623108263532e-20,3
"20411",0.000407739992105243,3.81878391137037e-164,0.015916490235721,0.324149045540167,1.04773978170251e-32,0.649576546975808,0.00995017725619888,5.6077316987327e-40,6
"20416",0.370731091162687,0,3.90127004905671e-16,0.000360302013757441,8.55022204116362e-114,0.628907954048913,6.52774642510962e-07,1.19339723005363e-82,6
"20418",0.00125448832653662,2.18231098016589e-12,1.14118748262608e-08,9.61323020018832e-53,0.00452447063747935,2.28597462782226e-22,0.000535782515614939,0.993685247106312,8
"20420",0.0242272340490098,4.58475913092782e-163,4.13686530898497e-16,7.30575686718136e-44,2.8082380785408e-23,0.975772765927617,2.33726177892821e-11,5.25664179291707e-40,6
"20422",0.0399756181030032,8.5937865210384e-61,0.109269209792002,0.768746139203439,9.15411634750166e-46,7.33679354243666e-08,0.0820089595336209,1.52434226273343e-33,4
"20424",0.000157769773995384,8.40169386139663e-133,0.249085286162432,0.302173625878738,5.94118607501134e-35,0.402187091236009,0.0463962269488253,5.68779298210462e-37,6
"20426",0.0386537658388755,1.33453088652239e-168,1.04330169379305e-27,1.6527893783486e-39,6.65768256127293e-66,0.96134623415878,2.34489959044622e-12,1.60309266105623e-77,6
"20428",1.16295069123681e-09,4.54695888270201e-38,0.994668856299615,0.000110660748360241,2.81927067979015e-16,2.82980687605882e-10,0.0050326369492124,0.000187844556880974,3
"20431",0.00180371789749528,6.2242899780837e-20,0.899585853647143,8.31551127936304e-13,1.29223778889136e-11,0.00992814813396956,0.0886822803076388,1.89539414309613e-23,3
"20433",0.000642791351492161,1.41599834901958e-152,1.77091833721164e-06,0.000161514585463278,1.10291061251033e-72,1.05278657466978e-22,0.999193923144707,8.08493257458859e-22,7
"20436",0.000302983447324028,1.6705611062813e-68,1.1514115516957e-09,3.8369922073688e-20,5.57290515604657e-57,1.79890683876284e-34,0.971064301046937,0.028632714354328,7
"20439",0.000680773271186493,0.0873570924499381,1.11658903292153e-05,7.69496338415107e-42,0.000122981919463336,3.23806150402204e-18,0.0144851915906586,0.897342794878424,8
"20441",0.00960935649432085,1.05505960516218e-178,7.24751839827647e-09,2.48685794510896e-16,2.51283357034668e-40,0.990261330841489,0.000129305416671887,1.28180420369598e-57,6
"20444",7.71776968781486e-05,0.999518980797332,1.88724126881445e-14,9.27035922774997e-43,7.67372305738607e-24,4.75197864501019e-20,0.00040383982788786,1.67788273621334e-09,2
"20448",0.983283188749807,1.20503506448287e-28,0.00184366731187493,2.82642732358437e-18,6.01545995086807e-10,2.09485025108341e-05,0.0148521948342608,5.6784769474614e-16,1
"20536",9.35909382557591e-05,1.69638661100504e-52,0.00710170593440392,2.02808677859252e-27,2.54340949524614e-05,9.38011241698918e-15,0.00373065286268104,0.989048616169697,8
"20538",0.0449346102471015,2.5849613111685e-191,1.56554828272904e-06,3.40289435726599e-07,2.54475643752813e-18,0.955063087471626,3.96443554097856e-07,3.95716116665697e-36,6
