"","V1","V2","V3","V4","V5","V6","V7","best$classification"
"19811",0.931903025883608,7.82566297359627e-09,7.60217565403148e-05,0.0662244681941944,0.00175874387601767,1.95175422085453e-08,3.77129464339987e-05,1
"19813",3.96279852699971e-05,5.71477252926517e-11,9.93778051160326e-07,0.999958951900432,1.20768776046323e-07,7.07722065406737e-08,2.34738116295187e-07,4
"19815",0.996053278666372,8.26959898475217e-05,0.00277515009181555,2.26486254697162e-06,2.43392014060499e-05,3.44696581447301e-08,0.00106223671835366,1
"19817",0.998121884207524,1.37449511870998e-06,0.000404995184451943,1.15578615320816e-05,0.00133084759489505,2.20403057140772e-09,0.000129338452447088,1
"19819",3.2235054596281e-05,0.505215122379676,0.488167019795387,2.81573904181567e-10,4.72016915189056e-07,0.00645756869674172,0.00012758177510977,2
"19821",0.905344556003069,1.04542725383955e-07,0.00283568955842938,0.0327751398118798,0.0590412017533477,6.23095079371177e-07,2.68523546949297e-06,1
"19823",0.525558450987709,0.00258912878405808,0.000663419240293514,3.84470753602557e-06,0.000391580046512424,5.44874309289263e-08,0.470793521746461,1
"19825",0.00241224491423878,0.000231489277396287,0.0451103923962448,0.00320073624983427,0.566585712482136,0.38243948038273,1.99442974206099e-05,5
"19827",0.295369870582852,1.26023317482454e-05,0.000585454506332714,9.83778191322511e-07,0.703771505094965,1.0426227222281e-07,0.000259479443638405,5
"19829",0.00147181624146212,0.00028930765950991,0.986950118587907,3.2766529809697e-06,0.00875401204234898,0.00253109593195461,3.72883835951469e-07,3
"19831",0.000285279303840533,0.0814983805281278,0.903350436091099,6.68868533250097e-07,7.91922913042829e-07,0.0103528924391982,0.00451155084628881,3
"19833",3.1833269809843e-06,0.104910920291226,7.85254500444233e-06,1.68224188098503e-06,1.40915004157095e-05,0.00479248845911081,0.890269781635381,7
"19835",0.905344556003069,1.04542725383955e-07,0.00283568955842938,0.0327751398118798,0.0590412017533477,6.23095079371177e-07,2.68523546949297e-06,1
"19837",0.892920947831274,2.56879858418513e-06,0.0034156655439109,1.03610390712041e-05,0.103608549240345,3.29629920033965e-08,4.18745838229924e-05,1
"19839",0.00477777305110375,2.51076716719305e-05,0.675337237453884,0.00142274732105881,0.0276910681238216,0.290744227239342,1.83913911813482e-06,3
"19841",9.70524594771114e-06,1.30144554640176e-08,6.52701877332757e-06,6.43264409452976e-05,0.999828578981433,9.08405940857997e-05,8.70435923356154e-09,5
"19843",4.71675810401141e-05,4.96931324712029e-05,0.333051611312659,0.00807223735508202,2.4482806263425e-08,0.658778130516123,1.13561981815798e-06,6
"19845",0.04828330206709,1.54521278542862e-09,4.11665013339502e-06,0.95166186699226,2.3913513543201e-05,5.58924893644854e-09,2.67936425119307e-05,4
"19847",0.984686225353636,5.9145936016277e-06,0.00884069279216295,0.00594745745826594,2.39153246958087e-05,6.7847651407358e-07,0.000495116001123521,1
"19849",5.67727661145868e-05,1.13792485469556e-11,9.1968313516527e-08,0.999942651408498,2.72149550291013e-07,6.58665076778582e-09,2.05109493746577e-07,4
"19851",0.999332930233499,1.00548210059262e-06,0.000126656109487538,3.66665766096783e-05,0.000101500166345876,8.13426323197725e-10,0.000401240618530678,1
"19853",0.843683485479988,7.28532371300041e-07,2.69633386485108e-06,0.0347188284205049,0.00143279001041209,6.34738038756176e-10,0.120161470588121,1
"19855",0.98471156508416,1.42542300423707e-07,2.23961179642988e-05,0.00236995388635351,0.0118991256148789,3.1896698515329e-10,0.000996816435375925,1
"19857",0.923578696948352,2.97543293680251e-07,0.0234435504258215,0.0209288342969652,0.0320366030357301,1.83170641465018e-06,1.01860434229518e-05,1
"19859",0.972182985255512,1.20249174679779e-05,0.0030122566280918,2.20542325341401e-05,0.0240824940643119,8.89829338129719e-08,0.000688095919147852,1
"19861",0.807260080985448,2.36418847169314e-08,7.37663430431167e-05,0.192355160730881,9.94040199801785e-05,9.63509309959666e-09,0.000211554643669744,1
"19863",2.60287754751549e-05,2.96794658189173e-11,5.75994414365293e-08,0.993143251670303,0.00682865584845512,1.89321835144487e-06,1.1285829478696e-07,4
"19865",0.00122110412030592,5.94001384034825e-09,2.65059590917892e-06,1.81229048902734e-06,0.998774321729894,5.0292880680556e-08,5.50305077673122e-08,5
"19867",0.99156035870292,1.57221028287333e-06,0.00130732859533613,0.00686303618671231,5.50572996561162e-06,7.13413340154983e-08,0.000262127233448753,1
"19869",0.00345169134452395,2.33737424353956e-11,2.19635256327265e-07,0.996475326043073,7.16928499827228e-05,8.67045064984984e-10,1.06923674499549e-06,4
"19871",0.884465477589302,2.59627951947759e-05,0.0105090582376228,4.67791291898438e-06,0.104723447465166,9.75026078218947e-08,0.000271278497187899,1
"19874",0.125511242885222,5.27238446556356e-07,1.82242006994401e-05,7.07268389329071e-06,0.874401588187905,3.78247114019356e-08,6.13069791230986e-05,5
"19876",0.424216722444531,9.41488405812967e-09,7.38857645173348e-06,0.000799357219009285,0.574954890155932,1.12623299954908e-09,2.16310629590164e-05,5
"19878",0.394912060567299,0.0139709126957023,0.430395054411239,0.00067210210426717,0.000407784575546175,0.15913169442302,0.000510391222925767,3
"19880",0.000475640055771375,3.05884363255417e-10,8.7895585156642e-08,1.69305918758779e-05,0.999507211709563,2.0334621055673e-09,1.27407858726085e-07,5
"19882",0.684733636152484,6.80037416546325e-08,3.66311416090167e-05,0.313099234503632,0.00183845053079239,7.60618830927185e-08,0.000291903605857814,1
"19885",0.983225558277989,2.47207852193336e-06,0.0156669076606368,1.35675611604371e-05,0.00108205579909326,6.72092875518004e-08,9.3714133114522e-06,1
"19907",0.920810978297029,3.63687893661848e-07,0.000443428779031662,0.0786174003487135,3.40087690731892e-05,5.25234102177809e-08,9.37675948494347e-05,1
"19909",0.00448048175525614,2.02453371335463e-05,0.995296758544429,0.000101508979965946,7.21122724125346e-06,9.27473536701529e-05,1.04680230415051e-06,3
"19911",0.0147959350654446,0.000434753570129577,0.957680661506878,1.77990857650044e-05,0.0238049016478825,0.00320582521542603,6.01239084744149e-05,3
"19913",9.98706023159727e-06,6.74296443116909e-09,2.18113126297553e-07,5.89859020623165e-07,0.999988654857138,4.7590620488107e-07,6.74613146353606e-08,5
"19915",0.347726902860777,5.0643344961358e-07,3.1724949824834e-05,4.76033217590165e-06,0.652172262936327,4.92776456604155e-09,6.38375596808421e-05,5
"19917",0.00732066370707696,1.13329154183556e-07,3.85610757092087e-05,3.21311445305078e-06,0.992633971702343,6.82053490141973e-07,2.79501777346366e-06,5
"19919",0.773917149251829,5.9659552172816e-06,0.000633967568498588,2.73212912442517e-06,0.22529960091461,6.71865906710231e-08,0.000140516994130413,1
"19921",0.999043493390106,5.65519419348956e-07,0.000500880730987843,0.000307817644715134,2.05587486558132e-05,4.77060778486835e-09,0.00012667919550751,1
"19923",0.936468719911941,0.00542814074469854,0.0440394569588054,0.00028361076565407,3.94023594807883e-06,0.000257035229171851,0.0135190961537809,1
"19925",0.031459816926391,1.58840380704931e-07,1.31794439296012e-05,1.22749806806778e-06,0.96851932267215,2.88348884827892e-08,6.26578419149118e-06,5
"19927",0.998927255695375,5.49493539776863e-07,0.000186288132479507,5.71402660176337e-05,0.000580255252775961,6.491423812092e-10,0.000248510510670152,1
"19929",9.89443029700904e-05,5.44567082716818e-11,1.70684993011055e-07,0.49088540110788,0.509013387706565,1.93192213310926e-06,1.64221001869161e-07,5
"19931",0.996062319552634,1.07190108298241e-05,0.00167605190615422,1.83689033139208e-06,0.00199794484148145,2.57824346878873e-08,0.000251102016134027,1
"19933",0.158146410510371,0.000838988669861029,0.83947264044741,6.27998569358194e-07,0.00148773873754162,2.62105337441515e-05,2.73831025030334e-05,3
"19935",0.884411844093071,2.96014766839431e-06,0.112548379270388,0.00088744585256208,0.00211654463896769,2.94799255340089e-05,3.34607180898846e-06,1
"19937",0.997984945306731,1.97032403523784e-05,0.000656912787805582,4.17131693687599e-06,3.84982620746253e-05,2.98371464746263e-09,0.0012957661023848,1
"19939",0.997002986188534,1.95499780364259e-05,0.00102498654263498,7.82894633919529e-06,0.00185883226040613,6.71465350763277e-08,8.57489375145964e-05,1
"19941",0.00520013889696959,4.35189822341646e-05,0.873799465129189,0.00032893167868813,0.0797858079842247,0.0408379287006896,4.20862800520066e-06,3
"19943",0.000377874268871994,4.18377492802825e-08,7.81235812363846e-07,1.54492921001461e-07,0.999620453022539,1.93470318166634e-08,6.75795074903927e-07,5
"19945",0.0676390328036243,0.00161043505096019,0.930456221849011,1.96346020032051e-07,4.64481983675016e-05,0.000184512402777334,6.31533492401952e-05,3
"19947",0.0104083159324866,4.96189556720143e-05,0.117158796600243,0.0202907381307179,0.850382605484164,0.00166775702711938,4.21678695966734e-05,5
"19949",0.770124448906321,0.0181481003511881,0.210130140514251,4.11340349770899e-06,1.08272791110951e-05,0.000246269474923079,0.00133610007070809,1
"19951",0.274097171499829,7.76745320444783e-06,0.00121664849389229,1.35653059799777e-05,0.724628136294452,1.5251140346776e-05,2.14598122951608e-05,5
"19953",0.00181844925517414,0.760163366695831,0.194915993967975,5.18166908734557e-08,9.60452927551712e-08,0.000679861519979109,0.0424221806990566,2
"19955",0.00602171038257464,0.0313278667129784,0.933848339932671,1.07731280406099e-05,2.80819765120096e-06,0.0261411924713009,0.00264730917478286,3
"19957",0.0486101906688003,7.62618968941418e-05,0.00118962751189153,1.97398125546785e-05,0.944005118430697,1.69575903692525e-06,0.00609736592012567,5
"19960",0.00150377335540625,0.000187689096116124,0.994932963900962,3.03977855504744e-05,0.000253355161527955,0.00309137103823786,4.49662199194037e-07,3
"19963",0.000239043139676573,0.00361071660270029,0.000109817066287441,4.13238060842817e-05,0.876067834077396,0.00778661231191753,0.112144652995938,5
"19965",0.000476731145501,0.000872749828882583,0.924608906636577,4.48481929796448e-05,2.5852629388203e-08,0.0739935101695272,3.22817390335408e-06,3
"19968",0.00913973878275809,2.58346033430617e-09,0.00116564677023302,0.233099385266143,0.756503192019719,9.20233870571061e-05,1.11906296049513e-08,5
"19971",1.91312069821687e-05,0.00272435346327462,0.000373224668222282,4.83509279229457e-07,0.987046816048008,0.00975981831677274,7.61727874608796e-05,5
"19973",0.989243769322902,9.42190228230942e-08,0.000362549868106115,8.41773400450335e-05,0.0103003915530367,5.46284412281929e-09,9.01223404275844e-06,1
"19975",0.0146809765095426,6.31314968672396e-09,3.46653713564785e-05,3.41641434158462e-05,0.985249927750882,1.3872093225614e-07,1.21190720758949e-07,5
"19977",0.00109289467774557,1.18405112656452e-05,4.19376581974017e-05,0.000134647968628745,0.997770381272646,0.000848374055943294,9.9923855572731e-05,5
"19979",2.84518339135201e-06,0.00578653131608581,0.953977616619543,4.615359106647e-10,1.25486581553648e-06,0.0402317137027904,3.78508377449868e-08,3
"19981",0.945156209105008,2.80735045223904e-06,0.0522084557885254,0.00136707855190355,0.00114877811045144,3.52342466656878e-07,0.000116318751192801,1
"19983",0.943287741361533,2.26299383039817e-05,0.0559097968847519,0.000564791044624907,4.70381275689987e-05,7.86764815589966e-07,0.000167215878400957,1
"19985",0.0956038457027219,1.45322500550855e-08,4.79971792185313e-06,5.08460622957272e-05,0.904332241049474,3.72822684243126e-09,8.24920710924853e-06,5
"19987",0.783321441603626,5.07275711101007e-05,0.111570302303235,9.99904200818804e-06,0.105000544430065,3.23413559496117e-06,4.37509143606826e-05,1
"19989",4.21225394275526e-05,0.030429823632156,0.964339956368131,9.28278961759023e-10,6.12854233501412e-09,0.0051863444593776,1.74594408593674e-06,3
"19993",0.639970546389366,0.00241223167270195,0.325912294458573,1.53485803523953e-06,0.0312683586344322,0.000421681300911279,1.3352685980424e-05,1
"19995",0.199594037297139,0.000354114517496313,0.791730820080893,7.42372488885406e-06,0.00683190129800138,0.00147197567758642,9.72740399490883e-06,3
"19997",0.981601166598928,2.01267144709812e-07,9.39591955962562e-05,8.20935951511402e-05,0.0181108954775872,7.59130338446176e-09,0.00011167627428941,1
"19999",0.87213456871314,8.80298276064465e-09,2.11073145404263e-05,0.00286316939883914,0.124949648565447,9.09433645589719e-10,3.14962956173495e-05,1
"20002",0.000298506878508282,1.46068133961933e-07,8.64859776311759e-05,0.530720073189891,0.4618580874696,0.00703144476106925,5.25565516652942e-06,4
"20004",0.0531669025395185,2.52243953073706e-05,0.938526427055159,0.000331201173684896,0.0075374891146801,0.000408416686406267,4.33903524431676e-06,3
"20006",0.0188894657249503,0.00201160015807132,0.949444332934603,0.00205498790302954,0.000881262024417251,0.026398795249614,0.000319556005314473,3
"20008",0.0288089153947905,0.0081172505791254,0.236860146266861,0.000114090432856327,0.000184268510225302,0.725521955780319,0.000393373035822432,6
"20010",0.0345865768338267,0.0680643379771193,0.896406184536486,1.35285792402999e-08,4.48624034718507e-06,0.000642150839475392,0.000296250044165692,3
"20012",0.127386798768851,3.64664878485862e-08,5.29505947104564e-05,0.012822007939774,0.859736122661386,4.79522067420096e-07,1.604046724015e-06,5
"20015",3.72601317763058e-05,5.8095815569958e-05,0.947267395374406,7.22351062197617e-07,4.37269350757491e-08,0.0526364804898496,2.1104008481639e-09,3
"20017",0.935663807978597,1.64751877091561e-08,9.08016437760945e-05,0.00707796527812623,0.0571299584942315,1.8759566160722e-09,3.74482541249165e-05,1
"20019",8.11378960471149e-07,0.0599937755896319,0.668945251117737,1.24457192383079e-10,6.53212851509703e-09,0.271060016641934,1.38615150978801e-07,3
"20022",0.00333328168873934,0.00242138005855099,0.994110497599137,1.0224626313294e-08,1.21737540345333e-06,0.000127821758676262,5.79129486639948e-06,3
"20024",9.97450084508185e-06,0.771688623997215,0.18174299704655,4.03119174677517e-08,3.40954304644236e-08,0.0458748248867164,0.000683505161324944,2
"20026",9.97450084508185e-06,0.771688623997215,0.18174299704655,4.03119174677517e-08,3.40954304644236e-08,0.0458748248867164,0.000683505161324944,2
"20028",0.683699777367687,4.94752895518755e-08,2.10922846135855e-05,0.000359491905291195,0.31582249129572,3.21690474553756e-09,9.70944544936699e-05,1
"20030",0.000102099599447288,3.38036638232874e-05,0.959595791745282,5.14109467532612e-06,0.000130843526406348,0.0401323041049746,1.62653912150103e-08,3
"20033",0.556000633316067,1.42457108950873e-06,0.00274778119870259,6.24104621808349e-05,0.441171442303584,1.241987289931e-07,1.61839496468334e-05,1
"20035",2.43068442712e-06,0.107787255115112,0.825818499677718,3.64179870758397e-10,8.57660252960602e-09,0.0663915792110341,2.26370925967946e-07,3
"20037",3.90649398239154e-06,0.00585455376634138,0.878460093039558,1.26659110778902e-08,2.72772341878915e-10,0.115681324500303,1.09261132400251e-07,3
"20039",1.81927321748198e-07,0.995622883672237,8.79651807193242e-05,4.03785855914757e-11,4.59573936303956e-11,4.2496268626165e-05,0.00424647286476004,2
"20041",0.629525485352316,0.0178371607469789,0.336805758078409,8.61256331235403e-05,0.000955485330431727,0.0003059832504,0.0144840016083414,1
"20044",0.465083006951196,0.038698359199963,0.472112051885949,0.00010478321224163,0.0115722906938254,0.000469630330582109,0.0119598777262424,3
"20047",1.29678074991329e-07,0.0762493827509685,0.330193038396417,4.87435598542076e-11,5.03734057596243e-08,0.593557156414473,2.42337916724033e-07,6
"20050",0.00857010098052826,0.941206332638056,0.0470456278838367,6.0269397005784e-10,1.95696296762093e-05,0.000605740551919903,0.00255262771328869,2
"20052",0.924126804529395,0.000415206213772305,0.0266507491661513,5.39005915223107e-07,0.0480019151174209,4.71948647700646e-06,0.000800066480868594,1
"20054",0.000251900649973298,5.11808888089448e-06,0.998364197989619,1.08107438119428e-05,4.12726106758199e-06,0.00136383964916798,5.61747933807574e-09,3
"20056",0.000812933000317685,7.9305428905244e-07,6.82992515418105e-05,4.77732534599785e-07,0.999106583046567,1.03901380505277e-05,5.23776699356735e-07,5
"20058",3.61578467394067e-05,0.0073448857713764,0.987508100353079,1.04220876772113e-08,1.30602060951542e-09,0.0051101080544031,7.36246294131281e-07,3
"20060",0.997739596715627,3.75337323127302e-06,0.00158475501492328,2.44865100535306e-05,0.000596094080298119,3.14646393407611e-08,5.12828412272201e-05,1
"20062",0.989946011690913,9.60122056336089e-06,0.00983704362656899,2.39241292026379e-05,0.000160170110895318,8.84290521374581e-07,2.23649313358786e-05,1
"20064",0.0128554523240169,0.00013300971818817,0.986689775679803,1.09079861196989e-07,0.00021480013688318,0.000106133588478492,7.19472769576921e-07,3
"20066",8.21573130847645e-06,0.000246683970906763,0.937605943724745,7.44898472009623e-07,1.32431156159744e-05,0.0621251608068506,7.75210147691168e-09,3
"20068",0.998280526225271,1.23921953750478e-07,0.000148958864226273,0.0013848984698123,9.79409437232766e-05,3.66136756053381e-09,8.75479136461372e-05,1
"20070",0.98991783460883,1.32550704868491e-05,0.000193317077014696,5.79603665483747e-05,5.29170755868826e-05,2.0478390414746e-08,0.00976469532314324,1
"20072",0.000673102402880966,6.99527472504584e-05,0.984057439221165,0.0031129607684874,2.5826737085878e-08,0.0120860432845368,4.7574894255806e-07,3
"20074",3.04656257882732e-05,2.82294762753094e-10,4.75462300018937e-08,0.000490073906011253,0.999478967508049,3.49611478557008e-07,9.55201485753918e-08,5
"20076",0.0285254505989535,3.22023020974665e-08,0.0110280270513626,0.306971525132566,0.653323303980698,0.00015130176005917,3.59274058331473e-07,5
"20078",0.0253844588105829,0.00161288681596794,0.971784691967265,5.46521680786886e-07,0.000133918109987955,0.000963886670224494,0.000119611104290757,3
"20080",5.25077991115135e-06,0.0261486746534546,0.951766222325673,5.16077112738482e-11,2.81299085418544e-08,0.0220797326482822,9.14111633174032e-08,3
"20082",4.41816859423756e-06,0.995618370661138,0.00185727850203349,6.47846084769518e-12,3.55066767324208e-08,3.72805030302105e-05,0.00248261665204917,2
"20084",0.00854103760594403,0.0123002604606688,0.929128908245621,2.03761869783411e-07,0.0387778563163958,0.0108784149952489,0.000373318614251816,3
"20087",0.0295263139399834,0.000460554523576571,0.967586015525065,2.23144592733234e-05,6.62804790601465e-07,0.00236133388538439,4.28048619269615e-05,3
"20090",6.4138002294845e-05,0.376057178297637,0.597925665989251,1.02432555620136e-10,1.323522859923e-07,0.0259497295079506,3.15574814795417e-06,3
"20092",0.0217286074887303,0.0121852816592881,0.00687459129185279,9.8152475245323e-05,3.41007049880519e-08,1.04200250862237e-05,0.959102912959092,7
"20096",0.157121749507172,0.00945006238531237,0.00375402856764656,2.00959514244257e-06,0.00322327548505774,1.18670145218221e-05,0.826437007445147,7
"20098",0.585273650916265,2.93202011800119e-06,0.000668981434314827,8.24648316384083e-06,0.414009879312604,2.91501789083943e-08,3.62806833553208e-05,1
"20101",0.000129315941069705,0.0130684382962394,0.948434957440221,1.76781856188695e-09,0.000163794602319507,0.0382024346902563,1.05726207614993e-06,3
"20104",0.0131893338508264,1.82886760489641e-05,7.68014355384083e-06,0.0108562560943682,7.49161281893487e-05,3.83982967324606e-08,0.975853486708717,7
"20106",0.000853270555617947,0.0007200239513225,0.996069194536479,5.41919372746576e-09,5.63828642932111e-05,0.00230108443729829,3.82357951802893e-08,3
"20108",0.945053077492586,2.4177979344028e-07,0.00144049549976744,0.000430755507841096,0.0530477146937809,6.39174542625274e-08,2.76511087767948e-05,1
"20110",0.551340113186643,0.0584345729839702,0.00686717356285735,2.79830813886611e-07,0.176002592813811,7.82565632154304e-05,0.207277011058689,1
"20112",0.0257964623349698,0.0882874736914842,0.881639252628736,2.59889724599608e-08,3.57879511347112e-05,0.00418922428599877,5.17731187040323e-05,3
"20114",0.0264309153887265,0.00107900367605376,0.871489275192581,1.62270939159734e-06,0.100326693843197,0.000595556947128025,7.69322429218045e-05,3
"20116",0.00316412817183193,1.41485408404209e-05,0.972634495908046,3.11070723540173e-05,0.0209008254555529,0.00325518266701852,1.12184356729633e-07,3
"20118",0.663967477843723,0.000157510511247734,0.167764370484552,3.80313093738816e-06,0.167926106732109,5.38657251833166e-06,0.000175344724912521,1
"20120",0.00509565014340248,0.140538819327929,0.852668931592516,9.42558157761569e-10,0.0008368232187922,0.000832779251889586,2.69955229130013e-05,3
"20122",0.000512953136550661,2.50251629001046e-09,4.31385293524974e-06,1.26837375273217e-05,0.999469886715819,5.49956307977448e-08,1.05059020366593e-07,5
"20124",2.23635609885555e-05,0.00698447920677858,0.969902116045254,6.74076346329888e-08,2.35850606297154e-09,0.0230844348693268,6.5365515113488e-06,3
"20126",4.87622096959503e-06,0.879974636362289,0.0101220640601265,9.284111478027e-08,2.98795278343003e-07,0.00421818233817135,0.10567984938205,2
"20128",1.34815657744034e-08,0.722592641174357,0.0133209596274204,1.01967703817136e-10,1.96306837655619e-10,0.264042126210885,4.42592074966271e-05,2
"20141",0.169678931990857,0.000184592505402287,7.44912015070336e-05,4.05419363515464e-05,0.0524712164538785,8.54180017001344e-09,0.777550217370203,7
"20143",1.12624538012403e-05,5.51243058103667e-10,4.64657211235572e-08,8.6704256492401e-06,0.999979909897343,7.48610655351308e-08,3.53451766158541e-08,5
"20145",0.00623316922693169,0.0141012813765379,0.979535785389967,8.29400826657313e-10,6.04469283487573e-06,0.000116322237937077,7.39624639081365e-06,3
"20147",0.000930658237312686,0.000347954693702773,0.998484859867803,8.69257281613158e-09,4.24875409623224e-06,0.00023197320167102,2.96552841292216e-07,3
"20149",0.000482897707148569,2.69531653961164e-09,4.71303525238126e-07,7.35209829756457e-06,0.999508558562348,1.74401902116695e-08,7.00193173807304e-07,5
"20151",0.839389999889839,1.46145694163024e-06,0.00078774914279924,7.6066424700829e-06,0.159798273603062,5.98839202833846e-08,1.48493809680014e-05,1
"20153",0.243765072950835,0.00292911340461614,0.00136974908250565,4.77212040229036e-08,0.747931960973452,2.54678640204757e-06,0.00400150908098453,5
"20155",0.000249710837414198,0.00104099657675944,0.996352901743535,2.68826564462679e-08,3.14318069434536e-07,0.00235587052462483,1.79116940523238e-07,3
"20157",0.226638515155184,2.07126199851178e-06,0.000186849127023939,4.28328117072239e-06,0.773140864446877,4.92923064176375e-08,2.7367435438983e-05,5
"20160",1.73499413226305e-05,1.73495448572835e-09,1.0338881165029e-07,1.23127238463138e-06,0.999981194098878,7.08620787815219e-08,4.87015703264008e-08,5
"20162",0.00120075531017512,8.51897233347583e-10,1.87124201227267e-07,8.35137745832679e-06,0.998790430044744,1.63682555675675e-09,2.73654698864454e-07,5
"20164",0.0361813489760512,3.18621999786205e-06,7.858431751856e-05,3.09398408738985e-06,0.963693722893887,1.72682505910832e-06,3.833678339868e-05,5
"20166",6.69687073195737e-05,2.04713957903051e-05,0.492783936583039,0.000125074243147393,0.000726324031030938,0.506277210579515,1.44601584386723e-08,6
"20168",2.64422473705705e-05,1.00359200089996e-07,0.00128599546292066,0.891585495486694,0.000682508539576707,0.106419242933481,2.14970757147158e-07,4
"20170",0.448285408995997,5.3949920949363e-06,0.000525176288751467,2.73412154760424e-06,0.550864769653477,1.98359160723329e-08,0.000316496112216051,5
"20172",0.00163834696080595,0.00207401269135365,0.996250969811001,1.12700947086573e-08,2.89935194850418e-08,3.35151559900243e-05,3.11511723541979e-06,3
"20174",0.31958649912879,1.42110591284038e-09,1.41518990628055e-05,0.30439970382774,0.375991579128875,6.1308813330054e-09,8.05846354437493e-06,5
"20176",8.54295463939243e-05,3.4911848382724e-09,0.00010008946203597,0.999647604962241,5.18301565562696e-06,0.000161611478924069,7.80435645047607e-08,4
"20178",1.05177818951904e-05,4.57974261482408e-09,1.12639434827292e-07,5.81271342551972e-07,0.999988580665537,1.39532053172639e-07,6.35299947964782e-08,5
"20181",0.000110644577779227,7.03531696744659e-05,0.938576174775385,1.12906425578183e-06,0.0051015633845771,0.0561401227364605,1.22918679589119e-08,3
"20183",0.987093355916913,0.000134104852041724,0.0100334008902839,4.38707889117479e-06,1.91079247336681e-05,2.7775956530275e-08,0.00271561556118012,1
"20186",0.946234909123696,0.000359996554469581,0.0359732556732884,0.00261883226051449,3.22656890172684e-07,1.95906582499753e-06,0.0148107246653167,1
"20188",0.000116767870577053,3.333565101263e-09,1.20254085131627e-07,8.01027772318442e-07,0.999882127751806,2.64442939379869e-08,1.53317900825741e-07,5
"20190",4.18156880132456e-05,0.000283395859825154,0.99345567046674,2.03025677174379e-08,3.56932691749348e-07,0.00621873559396661,5.15619571568685e-09,3
"20193",0.000291417474563115,6.27131819198846e-07,0.000592858271293573,0.0247828906650282,0.772108443995267,0.202223444755456,3.17706572445023e-07,5
"20195",0.143517304061801,9.64153302124625e-06,0.00136571746679061,3.19070880505381e-06,0.8550890773698,5.95656861001005e-06,9.11229117244716e-06,5
"20197",0.00169737429875781,0.00127255593168096,0.996686794216047,3.48365685371491e-08,6.26268327737491e-08,0.00034196821665087,1.20987346243155e-06,3
"20199",0.031063331283756,2.88100149696986e-07,4.8780532118171e-06,1.2485447947674e-06,0.968874377916412,6.35146301848855e-09,5.58697502125282e-05,5
"20205",3.13210151529035e-05,0.942118337533348,0.000189728528498089,7.69688227234427e-11,6.14720542542131e-09,3.24646300873566e-06,0.0576573602358177,2
"20208",0.968854913423976,4.08108399296586e-06,0.00406017969190792,5.44305063029528e-05,0.0270095579270376,2.11397772680793e-07,1.66259690098443e-05,1
"20210",0.00420159651580625,5.70881546752242e-09,7.79656377889473e-07,3.36096972202297e-06,0.995793520971262,2.12169519563111e-09,7.34056321665926e-07,5
"20212",0.0718036870294892,9.92350670219244e-07,0.000121192842307783,5.62076837947663e-06,0.928062864383837,2.59699312869298e-07,5.38292600386843e-06,5
"20216",0.00107588113313784,0.000173243475518765,0.998475676154516,1.45316160922502e-07,4.79190047262489e-05,0.000227019465752148,1.15450187858147e-07,3
"20219",0.00777276014170515,0.659867557594843,0.318228830594537,2.16174501174847e-09,6.87876859484494e-05,0.00234408248826152,0.0117179793329602,2
"20223",4.40443688996633e-06,0.000279441333790037,0.166804412375553,0.000329951963256215,2.46959306878507e-10,0.832581471996802,3.17646748774466e-07,6
"20226",0.94331574317654,0.00379595967191724,0.0506145442944369,1.35001734187887e-06,0.00180408868834238,7.04701473313907e-05,0.000397844004090724,1
"20230",1.82635979051124e-05,0.0014874187573463,0.981117107944519,1.60051964248809e-08,4.79095552076617e-08,0.0173771188151468,2.69703308755249e-08,3
"20233",6.3581062233786e-05,0.00068157938239257,6.5647082237022e-08,1.24469072327153e-08,8.77454360525748e-07,5.99269395377323e-09,0.99925387801433,7
"20235",0.000454207848200614,0.0504302052453904,0.858515226816797,7.79916780908585e-05,5.47734500980386e-09,0.0897067819665804,0.000815580967595968,3
"20239",0.0154513147860634,0.000340129971423291,0.954779156586915,0.00172883943173702,1.34051192339982e-06,0.0276060424213869,9.31762905508003e-05,3
"20254",6.446667876333e-07,0.998143642155334,0.00125741361208317,6.56694916090492e-13,1.49214828671801e-09,3.98587803381555e-05,0.000558439292652397,2
"20256",4.60422235070889e-05,0.00057554964022428,0.99801889801244,1.34222040351278e-07,3.67391768210144e-09,0.0013585604415633,8.11786307812956e-07,3
"20262",0.15541913336477,4.44228892414021e-07,0.000140990411447599,2.68471677655439e-06,0.844425591244601,1.30188958344292e-08,1.11430146162821e-05,5
"20270",0.0218851792545968,5.80754512190566e-05,0.845579011099413,0.00302574241258362,0.00645818101666571,0.122993184238393,6.26527129144859e-07,3
"20284",0.678819094698966,0.0957672967711725,0.0154307188381732,2.9019462818912e-07,3.71131050538073e-05,2.73750056228305e-06,0.209942748891444,1
"20287",1.1941616576396e-06,0.00185217806411023,0.45107833516751,4.05164975811942e-08,6.13362474124128e-10,0.547068236496654,1.49802081540288e-08,6
"20290",0.00260169831166909,0.96930649978847,0.0018640627411169,1.93599803110639e-10,2.67599451019428e-05,4.43708874330086e-06,0.0261965419312996,2
"20293",0.017081238934895,0.000966399775795749,0.981870087530489,3.42036170694891e-07,7.58175515405439e-06,1.42857268751465e-05,6.00642406209108e-05,3
"20296",0.186364892227453,2.38829426367943e-08,0.00961159343495645,0.020008814066974,0.783985026451345,2.93661364081847e-05,2.83799921421987e-07,5
"20301",3.03850259063352e-08,0.000343056211128279,0.00944346665432182,5.82790830210425e-10,2.3372200705536e-07,0.990213211536228,9.08497789082425e-10,6
"20304",1.57911690858171e-05,0.981716557519467,0.00573620043893279,4.22388842572063e-11,1.15408556459151e-07,1.39354279320301e-05,0.0125173999937874,2
"20306",3.2413657306288e-05,0.0140257478079539,0.96659876381723,1.56129139027935e-08,1.55828186064102e-09,0.0193407218130786,2.33573323513068e-06,3
"20309",0.285223170120711,0.00806738096593365,0.706432517763894,9.46521766591478e-07,0.000162497972978583,2.49543048386907e-05,8.85323498776822e-05,3
"20311",0.00412801257321923,0.000965043537509122,0.983862509228534,9.61444869042428e-07,0.000396320984589,0.0106273760382377,1.97761930417086e-05,3
"20314",0.940160433480739,2.70484662629658e-05,0.00648328577282485,8.91161091278816e-07,0.0532628833742461,1.16375450027886e-07,6.5341369385999e-05,1
"20318",4.62078280668141e-05,2.27905457998231e-08,6.6251114449335e-06,9.236969493698e-06,0.999919374312807,1.84902899355264e-05,4.26977061068208e-08,5
"20320",0.987728816638282,0.000680489780392349,0.0020943916472056,2.07902938890814e-05,0.00287029778151256,3.34966740432875e-06,0.00660186419131371,1
"20326",0.857485072264206,5.60923524959565e-05,0.00871261084616705,2.27386848374085e-06,0.13351671508459,3.60894187339929e-07,0.000226874689869565,1
"20328",0.992906982688082,0.00025285893141832,0.00180491302064545,5.50406127800302e-06,1.62049163161036e-05,6.94216177514928e-08,0.00501346696064222,1
"20330",0.0068485749084774,0.0441616199780391,0.868858196003665,2.23622642387406e-06,3.26917556818019e-06,0.0796564138458555,0.00046968986197128,3
"20336",0.0456756147661854,0.586602863118754,0.0410048769494339,1.07412009991024e-08,1.96407002742262e-06,1.36356019005883e-06,0.326713306794208,2
"20338",0.00186236798079669,0.873679087421423,0.0278585680646184,2.81327466813124e-09,0.000159096839062907,0.000166615493130177,0.0962742613876938,2
"20340",6.44949635066177e-06,0.00512032379240543,0.943083104568691,2.91410388730987e-08,2.48611259970112e-08,0.0517898472803736,2.20860014525166e-07,3
"20342",0.000201840595956087,0.0856711269261379,0.000130481953403482,1.53324033744368e-05,0.000137373443282249,0.0710126795974862,0.84283116508036,7
"20344",0.00144463600336431,0.00186847334703889,0.995880799566221,1.68436309959318e-07,3.8624360036548e-07,0.000803341807341888,2.19459612354214e-06,3
"20349",3.6108305397737e-05,0.000632349146622446,0.995025199399817,8.25212522998458e-08,3.59872584096377e-09,0.00430599334969327,2.63678491610249e-07,3
"20351",0.0228178563039813,0.0101865917443879,0.966347457762638,3.75961800413644e-07,0.000376790062555801,4.17638202756255e-05,0.000229164344360798,3
"20353",0.00143852584644011,0.314104766128142,0.679129987559358,1.32996450640916e-08,6.91226527487264e-08,0.00518791168936516,0.000138726354397394,3
"20357",1.40419041123561e-05,0.987849319644117,0.000703707101514585,5.32111766133591e-11,2.4470844508637e-10,1.90916949232215e-05,0.0114138393574135,2
"20360",0.0013253535337214,0.41145489243077,0.0139039524290605,0.000416256674022878,1.90642119923465e-06,0.161885769607368,0.411011868903858,2
"20364",0.050673552488129,0.0138237487689892,0.935368758965505,2.02979149806711e-08,1.15204202624864e-05,0.00011281139927067,9.58765992829574e-06,3
"20366",0.00922071026658594,0.402514984783159,0.00312123617345024,7.8317264670063e-09,2.35073546688951e-05,3.39844586296395e-07,0.585119213745824,7
"20381",0.00213907012312751,1.47169424903945e-09,1.13080432273228e-06,0.979876276742941,0.0178802333037523,6.84116677740504e-07,0.000102603437484647,4
"20391",0.154561991119783,0.0052287167729741,0.484336751067935,0.284564670774093,8.05767078482048e-08,0.00541256287141661,0.0658952268170903,3
"20394",0.996192671685339,1.21915204124803e-07,0.000258642883212304,0.00226817201855544,0.00115873080008377,7.18856402285051e-08,0.000121588811965332,1
"20396",0.112262486823927,2.20176490436414e-10,1.17823398187605e-06,0.874033185690569,0.0136925854313863,3.15967456266423e-09,1.05604402857289e-05,4
"20409",0.126280869212235,0.000832787124546377,0.609139422511307,5.84292980499169e-06,0.26198982390678,0.00168878261852326,6.24716968026346e-05,3
"20411",0.000358502549584697,0.228415418150527,0.770449803690083,2.92665336792167e-09,1.72337705051679e-09,0.000488946595828259,0.000287324363946113,3
"20416",2.06756115842196e-08,0.991871898776424,0.00412389449548412,1.14043177894438e-11,5.00909437139161e-12,0.00391378754217984,9.03984938867923e-05,2
"20418",0.0515830110061185,1.07658747468926e-10,8.76006932092519e-07,0.887640376452987,0.0607718447987916,2.54614733814166e-09,3.88908136423829e-06,4
"20420",0.00157523309060107,0.00364973416490121,3.76143453175936e-06,4.80047304972642e-08,2.51456130945639e-05,2.62775600867669e-09,0.994746075064385,7
"20422",0.00114856030473174,0.00588443988643618,0.959263164686969,3.75236779830523e-08,5.375874052944e-05,0.0336498434025993,1.95455056622618e-07,3
"20424",0.000323067224544198,0.141134819900779,0.85770255357551,1.47269553739633e-09,5.48527344095026e-09,0.000778827138845802,6.0725202352481e-05,3
"20426",2.2999204073391e-05,0.613023827872307,5.58773316173343e-06,4.76424642020015e-10,0.000232533591100329,1.94514860137737e-05,0.386695599636919,2
"20428",0.0455309729120913,1.13161250831239e-05,0.952730067595984,0.00130923010567836,8.51524506185297e-06,0.000407906767191757,1.9912489100119e-06,3
"20431",0.839836532321811,0.00716337354498942,0.0306728428934293,1.4440956190978e-06,0.12169377442273,8.58665974464276e-05,0.000546166123974232,1
"20433",1.40990774394476e-06,1.82414927070645e-05,0.136119284435103,2.68269261055698e-05,2.377360191325e-09,0.863834225337729,9.5232516612227e-09,6
"20436",5.3721473241158e-05,6.06231339199646e-08,0.00552997640866896,0.987548734671908,7.35109678980238e-06,0.00686004711984579,1.08606412866362e-07,4
"20439",0.276432294713863,6.39176291984558e-10,6.02998397663143e-06,0.409024432567257,0.314524411909399,1.92880361566886e-08,1.28108982911215e-05,4
"20441",0.000138028534995763,0.954792089933737,0.00107539460467307,1.81795651847887e-10,1.83841791513662e-07,6.31697533734943e-06,0.0439879859276693,2
"20444",5.83063470191647e-05,7.69789425594144e-10,6.96966384348138e-08,2.47032957240431e-06,0.999939077412857,1.12673403860926e-08,6.41767832907849e-08,5
"20448",0.542188021714678,0.000400967086856023,0.0212385118025653,0.000337655839825148,0.432768149507782,1.55233933284137e-05,0.00305117065496456,1
"20536",0.215628602110966,1.99388225786275e-08,0.000329224047226293,0.783991203112419,1.39242913897345e-05,6.67927043468682e-08,3.69597064725259e-05,4
"20538",0.048631857078958,0.175514947449408,0.460118058307102,5.93470568115898e-06,3.41826109229077e-06,3.73950320972936e-05,0.315688389165661,3
"20541",1.01864783819384e-05,0.463594202619355,0.518271801073168,2.85457806139083e-11,3.66504675610675e-09,0.0181140840713939,9.72206410869275e-06,3
"20544",0.562824722050825,0.00037596650980433,0.429592090126257,2.86056715041302e-06,0.00686366033662623,1.45727732564651e-05,0.000326127636080341,1
"20546",0.00123234048178392,0.0207064293801054,0.977846944861465,3.76266683518227e-09,8.94754259505111e-09,0.000204067678142591,1.02048882937228e-05,3
"20550",0.587830245261666,0.021369495350589,0.381966595812183,3.65832575098379e-05,0.00420106204447585,0.00286326400953689,0.00173275426403982,1
"20553",1.84615160039775e-09,0.676349636567771,0.00101223275313819,4.52998056481731e-11,2.30037165441311e-08,0.322600186583181,3.7919200742055e-05,2
"20555",0.000225922667112372,0.00457275134321076,9.12136338822544e-07,2.19416964742913e-08,1.29029030765965e-08,1.03000101638264e-08,0.995200368708728,7
"20557",0.503829034931667,0.306303823067699,0.179642942598746,1.62056275274639e-07,0.00321648324671774,0.000162901153921402,0.00684465294497307,1
"20559",0.000278414714004143,0.000394359265960531,0.998471089847279,2.35072887641691e-09,1.56284934919069e-06,0.000854527600138718,4.3372539426105e-08,3
"20561",0.466902231150579,8.61560886408192e-06,0.00253732141047197,6.53162714979336e-06,0.53040360918481,6.27336370611283e-08,0.00014162828448813,5
"20564",1.05177818951904e-05,4.57974261482408e-09,1.12639434827292e-07,5.81271342551972e-07,0.999988580665537,1.39532053172639e-07,6.35299947964782e-08,5
"20566",0.0952034732475579,2.17746909629788e-05,0.904225916759399,3.70179135905585e-05,8.12743877720559e-05,0.000430415033563034,1.27967154491094e-07,3
"20569",0.684074707186551,2.52499764357274e-08,4.19604683766458e-05,0.00106214306732888,0.314811541582092,5.73883359802473e-09,9.61670684135264e-06,1
"20572",0.0214748528336729,1.26630899182317e-09,6.91111411818393e-06,0.000703469715310489,0.977814299886837,2.11085790526596e-08,4.44075173464681e-07,5
"20574",0.000270599164589231,0.0197910783361183,0.975298985582241,4.10169120890055e-10,3.38060970368856e-06,0.00463476896015468,1.18693702355396e-06,3
"20576",6.78264848131273e-05,1.38077107496866e-08,1.05780641086927e-06,3.97954528159746e-07,0.999930499188113,6.17899957059677e-08,1.42968428557821e-07,5
"20578",0.099206462005507,0.000547462466487406,0.896107138255249,6.69144886228591e-07,0.00406673733564805,5.32142099605092e-05,1.83165822615357e-05,3
"20580",0.111688604049983,4.79291953359e-05,0.888053706854037,1.12973246260404e-05,6.50160017790268e-05,0.000130975494590868,2.47107964893634e-06,3
"20583",3.6207632570924e-05,1.12010564697051e-08,7.19295650132685e-07,3.97495606232031e-07,0.999962471716241,8.84594330498467e-08,1.04199442721854e-07,5
"20586",0.0505007714369395,0.00138127175604893,0.948064346328101,4.60623918589512e-07,2.64341254386101e-06,2.12808286723386e-05,2.92256137759756e-05,3
"20589",4.05209318596096e-05,0.000883864055016947,0.996184475134171,5.93492679513214e-08,6.7259689389884e-10,0.0028909139481563,1.65908931627082e-07,3
"20591",0.642680250593893,0.0237777739688465,0.00667217980790406,2.50038817854423e-05,1.10262087042958e-05,4.09220615959981e-07,0.326833356318251,1
"20593",1.87029786686477e-07,0.000889482544700359,0.312109447818758,2.86671319184258e-09,6.29973865805885e-09,0.687000871124601,2.31570164077612e-09,6
"20595",0.00191068256585218,0.000867742313207826,0.997044516302178,2.32642154521897e-08,4.01770362613972e-05,0.000136203624009846,6.54894274949298e-07,3
"20597",0.000476541874680735,1.27464501756941e-11,1.01710049632896e-07,0.999518638077633,4.26646360095037e-06,1.20201252679442e-09,4.50659276644259e-07,4
"20599",1.46172616214486e-05,2.21231675839631e-09,1.45253854036459e-07,1.01791445700052e-06,0.999984065090727,1.18949469686768e-07,3.33175545090198e-08,5
"20601",0.998714025389759,4.28003105360141e-06,0.000665527316764234,4.59519712127198e-06,0.000361787477571096,7.36459145236495e-09,0.000249777223139334,1
"20604",1.23133105641136e-05,0.00143876605873112,0.982379079273148,1.88009529121761e-09,1.12362621198565e-06,0.0161687069292457,8.92200346205288e-09,3
"20606",1.76050447198943e-05,0.00106729996714136,0.966951318050974,2.51766918857181e-09,2.29454908948195e-08,0.0319637301167029,2.13573019521439e-08,3
"20608",0.000714035964714522,7.18441461079473e-05,0.996198384900048,9.82908071008492e-07,2.07484914048019e-07,0.00301452898849737,1.56076464745701e-08,3
"20610",0.000598891543465901,1.53388160773094e-07,6.44994108939114e-06,6.26936230743465e-07,0.999393310204164,2.06274269784129e-07,3.61712619142966e-07,5
"20612",0.00074206834367063,0.0100730618713101,0.0621478361290034,0.187669161268117,0.000545221462190296,0.689483662156603,0.0493389887691053,6
"20614",0.00330673512005303,2.8979092740742e-08,9.11292626577793e-07,6.27054754925383e-07,0.996690023780065,9.03468916683627e-09,1.6647387183378e-06,5
"20616",0.984571914650366,3.10317111775038e-05,0.0140373051865114,6.12847724382243e-05,0.00114735009588233,2.75310401648657e-07,0.000150838273222873,1
