"","V1","V2","V3","V4","V5","best$classification"
"19811",0.00256726815028777,0.952965686622234,6.22348384856554e-05,0.0444041542562771,6.56132715118044e-07,2
"19813",4.00201385125924e-07,0.000106080714927351,2.19116404146716e-06,0.999891318515146,9.40449954239906e-09,4
"19815",4.08657598198408e-05,0.99772421905255,0.00165875723296052,3.28913452552207e-06,0.00057286882014419,2
"19817",0.0016653038859163,0.998090225141625,0.000210607745658935,1.29191200481363e-05,2.09441067517871e-05,2
"19819",1.30997049846937e-06,0.00011257833055753,0.87529872459264,2.29298108858168e-09,0.124587384813323,3
"19821",0.0645817903993912,0.912960976815277,0.00207119665789855,0.020384904511007,1.1316164262522e-06,2
"19823",0.000814216949466208,0.937977974188288,0.000769429349405983,9.59829787614919e-06,0.060428781214964,2
"19825",0.813860965006096,0.00552825159120328,0.171168176996736,0.00858587620293197,0.000856730203033308,1
"19827",0.645253483400663,0.354086560623767,0.000528182249309224,1.52811731793165e-06,0.000130245608942874,1
"19829",0.0113457989165784,0.00326076084104199,0.98526964869376,8.56413466783036e-06,0.000115227413952141,3
"19831",1.72599765086465e-06,0.000746132595143936,0.895723233550068,2.72146005020605e-06,0.103526186397087,3
"19833",1.74693601870183e-05,6.00371486101487e-06,4.14617081065532e-05,7.13780751604794e-06,0.999927927409329,5
"19835",0.0645817903993912,0.912960976815277,0.00207119665789855,0.020384904511007,1.1316164262522e-06,2
"19837",0.0936664226829051,0.904692920385909,0.00161087842724063,1.03154284734126e-05,1.94630754716039e-05,2
"19839",0.0321979744280771,0.00787956197640266,0.957150809827398,0.00272906681936469,4.25869487580286e-05,3
"19841",0.999812606538651,2.28762080974152e-05,3.1698788938516e-05,0.000132730504898415,8.79594147920512e-08,1
"19843",1.15621215306095e-07,0.000169175054254744,0.972967745400043,0.0267413103976452,0.000121653526841594,3
"19845",7.60407892923881e-05,0.098385324410022,7.62011160868203e-06,0.901530623598361,3.91090716412175e-07,4
"19847",4.08093970445189e-05,0.989411467768308,0.00488890439628712,0.00557387572541883,8.49427129408924e-05,2
"19849",9.81154197629797e-07,0.000157325491500644,2.66615919897367e-07,0.99984142321303,3.52535154490848e-09,4
"19851",0.000157722496361519,0.999706674821645,7.30798756789957e-05,3.66566021167236e-05,2.58662041983207e-05,2
"19853",0.0021061458013569,0.971992415871158,2.71969745079601e-06,0.0257100794704839,0.00018863915955082,2
"19855",0.0124906059257722,0.985890754638507,1.25639503714949e-05,0.001596175434189,9.90005116060688e-06,2
"19857",0.0320030973008124,0.942815033918551,0.0108047425698865,0.0143737263296468,3.39988110359072e-06,2
"19859",0.023276349691343,0.975019146262562,0.00153867706889344,2.68363253367944e-05,0.000138990651864276,2
"19861",0.0001764909759304,0.876206153669782,5.58180153228233e-05,0.123559325876275,2.21146268968408e-06,2
"19863",0.00932139057902822,5.085653787945e-05,2.75670049753635e-07,0.990627472517532,4.69551031118007e-09,4
"19865",0.997975993051312,0.00201439786185291,6.25991707053934e-06,3.2600012090252e-06,8.91685553841947e-08,1
"19867",1.11284024441854e-05,0.99334143460603,0.000858162442067073,0.00575817016301546,3.11043864433147e-05,2
"19869",0.000231051245425169,0.0092510452590091,5.56455188431241e-07,0.990517336369532,1.06708458025372e-08,4
"19871",0.0876588693604554,0.907788678167118,0.00439068976289699,5.35353059248397e-06,0.00015640917893659,2
"19874",0.849732982663482,0.150214504958984,2.77848173811625e-05,1.162809870415e-05,1.30994614490335e-05,1
"19876",0.54569590881791,0.453679115159912,6.9575305807991e-06,0.000617425184235653,5.93307361162558e-07,1
"19878",0.000535276080446329,0.305009249060443,0.678260137759329,0.00118104517905518,0.0150142919207268,3
"19880",0.999112458786962,0.000863644824044785,2.25242374311056e-07,2.36526832217005e-05,1.84633974956072e-08,1
"19882",0.00304725857878346,0.770662742124706,4.7928067577724e-05,0.226235284284152,6.78694478015299e-06,2
"19885",0.00136066594153808,0.992063491610163,0.00654945449143543,1.4647781152205e-05,1.17401757113747e-05,2
"19907",6.44530620849103e-05,0.945479438365849,0.000351371292096649,0.0540952024394451,9.53484052373539e-06,2
"19909",2.66041970784872e-05,0.0169089320577574,0.982736237596543,0.000283168697488288,4.50574511321864e-05,3
"19911",0.033513339435955,0.0322416946505722,0.933137411446232,4.32861549197402e-05,0.00106426831232061,3
"19913",0.999972950163678,2.43102407106523e-05,1.03968613472859e-06,1.56931792638976e-06,1.30591550226806e-07,1
"19915",0.613832559880432,0.386117205850023,3.28631324760279e-05,6.11769633912759e-06,1.12534407295937e-05,1
"19917",0.988438598222221,0.0114806240054336,7.23511500551635e-05,6.40521705125204e-06,2.02140523904653e-06,1
"19919",0.21051476902493,0.788912350683538,0.000506277626350205,4.05507738987884e-06,6.25475877922713e-05,2
"19921",3.61814922205358e-05,0.999400957891635,0.000274115426266621,0.000276390149426103,1.23550404519799e-05,2
"19923",8.4112802351325e-06,0.920883145074875,0.053233491586176,0.000550590846013616,0.0253243612127004,2
"19925",0.957368497028395,0.0426045915779998,2.15733331172171e-05,2.16330043957379e-06,3.17476004802901e-06,1
"19927",0.000750297024786981,0.999098143314859,8.82666764785153e-05,4.99207267799074e-05,1.33722570955984e-05,2
"19929",0.543269219080398,0.00019162319202594,7.02054639015678e-07,0.456538448095313,7.57762411809702e-09,1
"19931",0.00249319558675417,0.996425855951931,0.000983296614829119,2.48285226426656e-06,9.51689942218832e-05,2
"19933",0.00296594567862304,0.323874321352514,0.672119057832317,1.67005196481722e-06,0.00103900508458069,3
"19935",0.00300853960779481,0.919042123398575,0.0770552242706497,0.000882613203257889,1.14995197226627e-05,2
"19937",6.10557026926555e-05,0.99934503624045,0.0003476756648964,5.08173656151311e-06,0.00024115065539968,2
"19939",0.00257617584121469,0.996386410617516,0.000904922621572953,1.15500772677582e-05,0.000120940842428872,2
"19941",0.0847758993656322,0.00917837586566071,0.905441339420165,0.000528157569860559,7.62277786812224e-05,3
"19943",0.999256948295311,0.000739771597959354,2.12815640000382e-06,3.7791818605431e-07,7.74032144032498e-07,1
"19945",0.000110120110587054,0.133257559382298,0.864384251862732,7.06712836136721e-07,0.00224736193154743,3
"19947",0.829378273040386,0.0208805909681573,0.122160693707367,0.0273736586156981,0.000206783668391496,1
"19949",2.10928428613006e-05,0.759771045871355,0.217220031384628,9.56712808429237e-06,0.022978262773071,2
"19951",0.709632269683656,0.288336538980485,0.00195659939797871,2.3715264931924e-05,5.08766729485267e-05,1
"19953",2.02410081114021e-07,0.00304355782990069,0.180107503945651,1.66321112747755e-07,0.816848569493254,5
"19955",5.14980956047862e-06,0.00954911679918473,0.946752449559916,3.49191341123657e-05,0.0436583646972259,3
"19957",0.910483620624867,0.0867367403928854,0.00125488938922369,4.08164718201009e-05,0.00148393312120418,1
"19960",0.000427107463293793,0.00323752867502152,0.996157498112179,6.63211310181226e-05,0.000111544618487874,3
"19963",0.930982431199671,0.000589029156891478,0.00057045172948123,0.000149321878356524,0.0677087660355997,1
"19965",5.68726040368634e-08,0.000703493769584829,0.998786783867884,9.87269097195848e-05,0.000410938580206972,3
"19968",0.796714744995686,0.0132766344244125,0.00188384857894157,0.188124745900754,2.61002063068689e-08,1
"19971",0.992905222469758,5.36998163217408e-05,0.00200769138860626,2.40454415329291e-06,0.00503098178116064,1
"19973",0.0121525826193512,0.987553170462151,0.000217587184553862,7.50073597957266e-05,1.65237414814126e-06,2
"19975",0.979275656535309,0.0206239519139511,5.29944058794356e-05,4.72934003243808e-05,1.03744536248239e-07,1
"19977",0.997469638379114,0.00180657083143897,0.000191995368755104,0.000370616371932387,0.000161179048759817,1
"19979",1.70861592705915e-06,5.68816862469469e-06,0.999726459994878,1.90852433355179e-09,0.000266141312046061,3
"19981",0.00127876480977451,0.981745538667119,0.0159097934904967,0.00104103520205089,2.48678305590911e-05,2
"19983",7.09562554567995e-05,0.976169226773658,0.0230405425755031,0.000584992240140871,0.000134282155240685,2
"19985",0.882215038211011,0.117717018550956,6.36743493680819e-06,6.08766756682223e-05,6.99127427544503e-07,1
"19987",0.0983189109732433,0.847945602956741,0.0535892625172432,1.23148108012205e-05,0.000133908741971613,2
"19989",1.50611796166817e-08,8.23047867286859e-05,0.996787121191464,4.15888776989309e-09,0.00313055480174034,3
"19993",0.0347551715881253,0.623493430903966,0.340489084605636,3.14196372485449e-06,0.00125917093854772,2
"19995",0.00913544751465966,0.246669537086581,0.743790594728706,1.36903286966761e-05,0.000390730341356577,3
"19997",0.0210702021571333,0.978763268152087,7.40918381439416e-05,8.58759618313604e-05,6.56189080424032e-06,2
"19999",0.124087470344011,0.873987203862827,1.45095291078231e-05,0.00191023485447086,5.81409583136037e-07,2
"20002",0.43346569940767,0.000477122902204106,0.000312600517200471,0.565741801132426,2.77604049939732e-06,4
"20004",0.0143310842656332,0.121505155722088,0.863494613965512,0.000598155155701569,7.09908910659268e-05,3
"20006",0.00123446752661366,0.0300174088555735,0.960380877806725,0.00370363751197142,0.0046636082991167,3
"20008",0.000494099528344938,0.0543859633601224,0.924400590021912,0.000479286564163293,0.020240060525458,3
"20010",9.76984570720586e-06,0.0533241199589847,0.908568101313717,6.04399330112576e-08,0.0380979484416583,3
"20012",0.84769879783672,0.141434699729052,8.57283214247749e-05,0.0107800805943488,6.93518454028393e-07,1
"20015",8.31932378981694e-08,5.40384973191251e-05,0.999938414285552,1.60484726037892e-06,5.85917663046214e-06,3
"20017",0.0563913570786035,0.939366710041335,4.85335013488168e-05,0.00419254355118714,8.55827525514405e-07,2
"20019",1.22690031157937e-08,1.56013059211453e-06,0.997776311274307,7.07307437398628e-10,0.00222211561879075,3
"20022",3.76072351846261e-06,0.00892736948788658,0.989523142706987,5.48574247716782e-08,0.00154567222418334,3
"20024",1.39173193294764e-07,4.37016220318635e-05,0.552567589228211,3.79231976138269e-07,0.447388190744588,3
"20026",1.39173193294764e-07,4.37016220318635e-05,0.552567589228211,3.79231976138269e-07,0.447388190744588,3
"20028",0.302756943792051,0.696920945451513,1.83723565648388e-05,0.000301124620607266,2.61377926384127e-06,2
"20030",0.00017576891991468,0.000189974138771309,0.999614677082169,1.10466875776767e-05,8.53317156709441e-06,3
"20033",0.385199773358726,0.61304147329756,0.00168678193609649,6.18783334290554e-05,1.0093074189136e-05,2
"20035",1.52474316181427e-08,4.25141270077257e-06,0.99662424394736,1.63556604015587e-09,0.00337148775694168,3
"20037",6.29130096502288e-10,6.45134521671543e-06,0.999597461893537,4.44984611548778e-08,0.000396041633654985,3
"20039",2.32226134485171e-10,8.09578414852728e-07,0.000441346961034797,5.27048654596654e-10,0.999557842701276,5
"20041",0.00120795470723347,0.703950315826931,0.242204406369769,0.000158276934042946,0.0524790461620234,2
"20044",0.012450988308532,0.557465765786967,0.350928882628984,0.000174578501936381,0.0789797847735807,2
"20047",1.36739708532703e-07,5.16194506922048e-07,0.994754827019096,5.44120043131346e-10,0.00524451950256868,3
"20050",6.43158163833872e-05,0.0225630353841099,0.156742928970913,6.00386616359035e-09,0.820629713824728,5
"20052",0.0469387789196747,0.93301430001961,0.0185546142722396,1.01596960208225e-06,0.00149129081887386,2
"20054",1.0406117595088e-05,0.000696247886791667,0.999261937179138,2.88363631170178e-05,2.57245335842799e-06,3
"20056",0.998402355924172,0.001406584220335,0.000185708735865402,1.08277158910718e-06,4.26834803873731e-06,1
"20058",3.7380910927267e-09,7.46355363750099e-05,0.998927299288872,4.30258567738417e-08,0.000998018410805495,3
"20060",0.000878432109512157,0.99802135360022,0.00104174002787581,2.65378702427499e-05,3.19363921498078e-05,2
"20062",0.000265398671077193,0.992097021200491,0.00755812894371224,3.35255980121549e-05,4.59255867079985e-05,2
"20064",0.00051452369950464,0.0328553951355348,0.966515320811455,4.01500502598685e-07,0.000114358853002619,3
"20066",1.73371290964795e-05,1.63342439544718e-05,0.999943203212478,1.67432839460282e-06,2.14510860767369e-05,3
"20068",0.00016267004670367,0.998564475691087,9.65520538809379e-05,0.00117152261430238,4.77959402631429e-06,2
"20070",8.86252584295865e-05,0.999242894731737,0.000156244781874788,7.52444570455973e-05,0.000436990770912808,2
"20072",7.2590128136736e-08,0.00128127255732304,0.993496436162467,0.0051745179347535,4.77007553287976e-05,3
"20074",0.999148535784489,6.26876396336893e-05,2.37115771031829e-07,0.000788519907975366,1.95521312907659e-08,1
"20076",0.677787211517279,0.0453436759053983,0.0117761617224018,0.265092564178653,3.86676267868633e-07,1
"20078",0.000274426276912685,0.0518957992751649,0.944934036006649,1.85158170750198e-06,0.002893886859566,3
"20080",4.82043121737679e-08,9.13965500486324e-06,0.999028906476838,2.45888278950938e-10,0.000961905417956519,3
"20082",1.86975728276341e-07,2.79286510886845e-05,0.00846678789654281,1.23922702278073e-10,0.991505096352718,5
"20084",0.04037541548533,0.0148105997698703,0.93239204490666,6.5258273447945e-07,0.0124212872554051,3
"20087",1.80559191205259e-06,0.0489524330944126,0.95013190246622,5.68023181672575e-05,0.000857056529287871,3
"20090",2.70197916852585e-07,0.000112806721769561,0.976334113584063,6.42630666308132e-10,0.0235528088536202,3
"20092",3.94085795188062e-07,0.155685751561847,0.0272146360764372,0.000937284022364892,0.816161934253556,5
"20096",0.0106308452535152,0.569222767476689,0.0104714766604784,1.39626470143366e-05,0.409660947962303,2
"20098",0.370638926424193,0.628842877855669,0.000486016597530918,9.61969849626771e-06,2.25594241108009e-05,2
"20101",0.000170873778832881,0.000196953968371732,0.998265011469857,6.27544225450018e-09,0.00136715450749604,3
"20104",0.00301282432571505,0.566005794067379,0.00023726927256208,0.355124305994077,0.0756198063402659,2
"20106",8.45450009013674e-05,0.00136659120755855,0.998460851385528,1.83124210288082e-08,8.79940935905476e-05,3
"20108",0.0535313868489066,0.945317911252095,0.000813647875542222,0.000333190375075368,3.86364838145628e-06,2
"20110",0.155062450285226,0.539181400143018,0.00899526654415889,7.35096360287888e-07,0.296760147931237,2
"20112",5.19526552122692e-05,0.0286414030449503,0.953398032308511,7.96005570524263e-08,0.0179085323907693,3
"20114",0.134755798532758,0.0597866520088903,0.803589046814493,4.41419388244444e-06,0.00186408844997711,3
"20116",0.0284018091014948,0.00700053279447255,0.964516623785772,6.91353751669931e-05,1.18989430942741e-05,3
"20118",0.148067662702427,0.773649137584272,0.0778573637862487,5.49168392974995e-06,0.000420344243121875,2
"20120",0.00121792757801672,0.00916715637895608,0.964051522671895,4.47543966718008e-09,0.0255633888956926,3
"20122",0.998929527817854,0.00104092867945453,8.25048251795772e-06,2.12300372035103e-05,6.29829697623212e-08,1
"20124",6.21815615528159e-09,5.06164421525653e-05,0.997816359690529,2.7684765273794e-07,0.00213274080150992,3
"20126",3.31844119549893e-07,8.60535522421225e-06,0.0105241631608386,2.78721038961943e-07,0.989466620918779,5
"20128",3.43025935023877e-09,2.92397422271673e-07,0.281799517648887,6.25123545432374e-09,0.718200180272196,5
"20141",0.167799903162131,0.796596455409011,0.000180559240579634,0.000175514514432665,0.0352475676738453,2
"20143",0.999956313796258,2.65464637387599e-05,2.13968168461033e-07,1.69043518324028e-05,2.14200020055745e-08,1
"20145",1.49587504840638e-05,0.0134996003753757,0.982023510427936,4.23465328456296e-09,0.00446192621155072,3
"20147",1.13091929402094e-05,0.00257999899339951,0.997258404071668,4.07354804163832e-08,0.000150247006511862,3
"20149",0.999044999969087,0.000941026295138716,1.16069480974636e-06,1.2674682723293e-05,1.38358240887837e-07,1
"20151",0.160478489495901,0.838866383392273,0.000634736478277612,8.98795289059124e-06,1.14026806583473e-05,2
"20153",0.696821504065796,0.289504247643138,0.0019499686350638,1.24714798322443e-07,0.0117241549412042,1
"20155",7.08275053288155e-07,0.000507716756955408,0.999272343441952,1.07835238508642e-07,0.000219123690801075,3
"20157",0.736718548615466,0.263054671422699,0.000200651376041447,5.72281124088417e-06,2.04057745526678e-05,1
"20160",0.999956296324954,4.04857153820219e-05,4.32354194248533e-07,2.73791124090652e-06,4.76942285383638e-08,1
"20162",0.997919559610661,0.00206802634627745,4.1970719254381e-07,1.19507036575217e-05,4.36322118205215e-08,1
"20164",0.952633587819708,0.0471602635349721,0.000158719972383992,5.8023212207326e-06,4.16263517152442e-05,1
"20166",0.00115375398322409,0.00015541450607474,0.998406868143256,0.000274336592661766,9.62677478378705e-06,3
"20168",0.000797034769296742,4.38559246334547e-05,0.00322894394550596,0.995929512359735,6.53000828740383e-07,4
"20170",0.476268201976329,0.52330457027923,0.000349274261740815,3.69860869057772e-06,7.42548740093643e-05,2
"20172",1.30950737490292e-07,0.0054415377217252,0.993348897873967,6.27404960090602e-08,0.00120937071307468,3
"20174",0.417966709245208,0.402849912530433,1.44719857491886e-05,0.179168764384045,1.41854563859622e-07,1
"20176",1.05161239693164e-05,0.000160247186556325,0.000228668619571997,0.99960051110683,5.69630720119857e-08,4
"20178",0.999972372380177,2.55391905972436e-05,5.23365855907009e-07,1.46425385835866e-06,1.00809511621858e-07,1
"20181",0.0049291671971792,0.000189371385454486,0.994866864006364,2.40177541211981e-06,1.21956355901728e-05,3
"20183",2.91400923078687e-05,0.995137785842397,0.00386161816405849,5.26645848266291e-06,0.000966189442754164,2
"20186",7.04266638207476e-07,0.975476943356378,0.0183390687629672,0.00266370779718759,0.00351957581682921,2
"20188",0.999772668705505,0.000225103915358468,4.44573641141371e-07,1.68308134447824e-06,9.97241513100595e-08,1
"20190",6.7584315891746e-07,7.67571437944761e-05,0.999899587909104,5.83134417262016e-08,2.29207905006934e-05,3
"20193",0.945340037086,0.00057681447776676,0.00371643740240713,0.0503627147163029,3.9963175228052e-06,1
"20195",0.829987987553013,0.167925989936772,0.00204045644151225,5.73433185368792e-06,3.98317368496553e-05,1
"20197",2.01363825023102e-07,0.00385538134895064,0.995657500658183,1.53374081734623e-07,0.000486763254959587,3
"20199",0.955008404369037,0.0449719689799461,7.69166539127383e-06,2.30170072012128e-06,9.63328490571884e-06,1
"20205",1.2551550821745e-08,5.52228327518693e-05,0.000324210048873157,4.32631383513911e-10,0.999620554134193,5
"20208",0.0291361047443759,0.968033384125161,0.00275110467898004,6.00419245287809e-05,1.9364526953826e-05,2
"20210",0.993258041162469,0.0067352246737458,1.48442611898527e-06,5.06154722611631e-06,1.88190439844504e-07,1
"20212",0.908655578023772,0.0911427987541132,0.000184607383898898,9.24947411120407e-06,7.76636410480738e-06,1
"20216",0.000112512805319234,0.00301714057203008,0.996796699295637,5.15515635348818e-07,7.31318113784079e-05,3
"20219",0.000115671797713817,0.0136337400858593,0.408478822753833,1.15390574715338e-08,0.577771753823536,5
"20223",2.2704629309253e-09,2.60037026999829e-05,0.997295214887616,0.00234831622339891,0.000330462915822443,3
"20226",0.00256549180246842,0.931679564455454,0.0593322747702374,3.26976339471902e-06,0.00641939920844569,2
"20230",9.02686038720094e-08,3.17176166052187e-05,0.999869297083657,4.6245138386121e-08,9.88487859954165e-05,3
"20233",4.16101050048984e-05,0.0031173268248473,4.85774043885634e-06,1.16584348005977e-06,0.996835039486229,5
"20235",1.33438914609489e-08,0.000762438209750172,0.965315029229932,0.000213022403440462,0.0337094968129858,3
"20239",3.00790184963204e-06,0.0232017515467148,0.97236245370456,0.00354059193604086,0.000892194910835113,3
"20254",1.30962401082018e-08,6.21125745717364e-06,0.00893492335793544,2.06289746516475e-11,0.991058852267738,5
"20256",1.35941394886952e-08,0.00014868410617091,0.999569340877319,6.10408576415899e-07,0.000281351013793809,3
"20262",0.800167676962133,0.199693090133911,0.000129813474280756,3.74150234472813e-06,5.67792733149758e-06,1
"20270",0.0067447154127355,0.0223833903380583,0.967446196706254,0.00339196329342061,3.37342495322767e-05,3
"20284",5.65585189513517e-05,0.667370115923249,0.0121025883793721,6.12554172127357e-07,0.320470124624255,2
"20287",1.92172751246164e-09,2.84441800615449e-06,0.999847624780534,2.13948272734761e-07,0.00014931493145932,3
"20290",4.40421587479952e-05,0.00428534049924047,0.00308318727033398,9.45386956064026e-10,0.99258742912629,5
"20293",2.9808329473364e-05,0.0666239731111989,0.931027278744909,1.63901405668923e-06,0.00231730080036177,3
"20296",0.756384941644959,0.218622532695264,0.0084800561025517,0.01651220944969,2.60107534850237e-07,1
"20301",1.0141283444001e-05,1.77996097926698e-06,0.999454291371067,9.03649585189721e-08,0.00053369701955085,3
"20304",3.38357458265039e-07,6.21955052264396e-05,0.0102516975192549,3.87409328155587e-10,0.989685768230651,5
"20306",3.86950504484396e-09,5.86279290540498e-05,0.997932265845509,5.49510727469164e-08,0.00200904740485864,3
"20309",0.000309601115343604,0.448900548770816,0.54536972494371,2.50017971197601e-06,0.00541762499041861,3
"20311",0.000593626832446769,0.00723287523928457,0.991132495552497,2.59567078677007e-06,0.00103840670498457,3
"20314",0.0519003676950554,0.944256971190312,0.0037390177230771,1.21953661818607e-06,0.000102423854936813,2
"20318",0.999860699115971,9.4716536882019e-05,2.62539964399842e-05,1.81128428363308e-05,2.17507871123264e-07,1
"20320",0.00394682149191034,0.987329132530291,0.00257596480688977,3.364648760724e-05,0.00611443468330166,2
"20326",0.118849602665536,0.875766193375329,0.00514579821083192,2.97156566035368e-06,0.000235434182642324,2
"20328",2.90138878425935e-05,0.99629715711351,0.00131371851216074,8.13223756183825e-06,0.00235197824892495,2
"20330",5.03151740580828e-06,0.00777147510805245,0.961917807659856,6.33253480870943e-06,0.0302993531798775,3
"20336",2.76408910155886e-06,0.0526714864065028,0.0197365942067219,2.55403882641329e-08,0.927589129757285,5
"20338",0.000167311450159571,0.0028046055849752,0.0263093127093421,1.10604627832638e-08,0.97071875919506,5
"20340",4.6858436516459e-08,1.25863135754337e-05,0.999529973671864,1.09920967773313e-07,0.000457283235156655,3
"20342",0.000200565049061902,0.000322717393174328,0.000743469744962375,6.01523654615643e-05,0.99867309544734,5
"20344",1.01762554126551e-06,0.00305627261177515,0.996299640697376,5.32801140651211e-07,0.000642536264166848,3
"20349",1.1032959896387e-08,8.81248533512574e-05,0.999747638781502,2.90492997296206e-07,0.000163934839189195,3
"20351",0.000928237114661388,0.0714566147939895,0.912870418562726,1.66046971032721e-06,0.0147430690589128,3
"20353",1.75179917389717e-07,0.00252240882373814,0.917574821168552,6.53596154609459e-08,0.0799025294681767,3
"20357",9.1042396270148e-10,3.59326298301855e-05,0.00174733712419528,4.4722935296816e-10,0.998216728888321,5
"20360",2.29878000573204e-06,0.0013378451475838,0.0244892931952747,0.000931800566490006,0.973238762310646,5
"20364",2.59465818262937e-05,0.0815432697173851,0.914221800866281,7.49935797880503e-08,0.00420890784092759,3
"20366",2.65146424402608e-05,0.0117399844698538,0.00189534421486073,1.89789949983992e-08,0.98633813769385,5
"20381",0.0247699609782054,0.00397560147051902,2.79910873355736e-06,0.971251148161779,4.90280763057332e-07,4
"20391",2.05839950701142e-07,0.194303429496814,0.401404301334093,0.365181954035797,0.0391101092933456,3
"20394",0.00167730087553252,0.995899418484095,0.000211182160871023,0.00220650349073881,5.59498876240456e-06,2
"20396",0.0275725540784503,0.200698681157497,2.34842664482131e-06,0.771726339193187,7.71442205512034e-08,4
"20409",0.265266669243138,0.173145769448026,0.560517996365559,1.14266220721116e-05,0.0010581383212042,3
"20411",6.99882306249476e-09,0.00103463699371932,0.902292876797362,1.96381771796249e-08,0.096672459571919,3
"20416",9.89099243983722e-11,3.91352292530228e-07,0.0614228684542446,6.62062627313725e-10,0.93857673943249,5
"20418",0.119067553187603,0.107908176745673,1.91197690244114e-06,0.773022320077093,3.80127287320713e-08,4
"20420",0.00038074309639076,0.0285012719877317,4.96226808148837e-05,1.30361010114138e-06,0.971067058624962,5
"20422",5.82020801191344e-05,0.00114383158121799,0.998341686235766,9.13578782403735e-08,0.000456188745018353,3
"20424",1.84734452310133e-08,0.000799484965144977,0.957657656969067,9.31652023039304e-09,0.0415428302758221,3
"20426",0.000128259741263395,2.00417782807286e-05,1.11883889010372e-05,1.27739556245118e-09,0.999840508814159,5
"20428",2.54980120014031e-05,0.102446212858839,0.894689040351372,0.0028041075469442,3.51412308432013e-05,3
"20431",0.124834550608148,0.826297346740949,0.0400605312140039,3.14679798351312e-06,0.00880442463891467,2
"20433",2.27711109223862e-08,1.07882675271244e-05,0.999706746683976,0.000259950384622379,2.24918927635679e-05,3
"20436",1.34244580159458e-05,0.000110950773350934,0.00899400191253274,0.990881233280834,3.89575266762631e-07,4
"20439",0.377548722417194,0.346189472930151,8.2998806940647e-06,0.2762533930394,1.11732560875992e-07,1
"20441",3.15372567305801e-07,0.000242319363850484,0.00147362269991937,1.00202860164361e-09,0.998283741561634,5
"20444",0.999871372038268,0.000123704220340672,2.43883512136956e-07,4.65033065675782e-06,2.95272220691465e-08,1
"20448",0.367786897136631,0.613682953993485,0.0161933539480674,0.000348557781272784,0.00198823714054376,2
"20536",3.58071184586691e-05,0.341116456034539,0.000301892428342358,0.658544311531253,1.53288740707646e-06,4
"20538",7.72203998253535e-06,0.102101309905286,0.293116173406943,1.54374030070626e-05,0.604759357244782,5
"20541",1.15312816600023e-08,2.75045239531958e-05,0.950121018588848,2.69873890028615e-10,0.0498514650860434,3
"20544",0.00867972778266055,0.769596103031737,0.220652864367869,5.18349315109332e-06,0.00106612132458196,2
"20546",3.25787527792381e-08,0.00286057613488195,0.990770597467902,1.88724097391226e-08,0.0063687749460537,3
"20550",0.00492295485281736,0.568872539803192,0.394549810488527,7.21723669536082e-05,0.0315825224885102,2
"20553",3.7169820853069e-07,5.71099050391609e-08,0.0453229169108077,3.99329359755509e-09,0.954676650287785,5
"20555",2.52911049867461e-07,0.00314464252846619,1.50642390639392e-05,6.01199086474925e-07,0.996839439122334,5
"20557",0.00401530033024597,0.562981610009169,0.190442757910126,4.9101634799908e-07,0.242559840734111,2
"20559",3.5176272614456e-06,0.000612146727257097,0.999313531531711,9.90176056188378e-09,7.07942120103882e-05,3
"20561",0.449199820848165,0.549277054954755,0.00144103931876787,8.20179275020009e-06,7.38830855620704e-05,2
"20564",0.999972372380177,2.55391905972436e-05,5.23365855907009e-07,1.46425385835866e-06,1.00809511621858e-07,1
"20566",0.000170309295911679,0.139637151547856,0.860101792508211,7.50369445082605e-05,1.57097035133864e-05,3
"20569",0.311269232222089,0.687888940245935,3.72195432274105e-05,0.00080383484552934,7.73143219620585e-07,2
"20572",0.970198754115539,0.0291638172709787,9.96628134329386e-06,0.000627407189114717,5.51430239115355e-08,1
"20574",5.38463329837035e-06,0.000450192373057269,0.997465809984721,1.75852257108944e-09,0.00207861125040036,3
"20576",0.999837411484984,0.000158422576532638,2.9835699820093e-06,9.44853270571628e-07,2.37515230801126e-07,1
"20578",0.00777970707801919,0.223988044653641,0.767359503618697,2.16485272272629e-06,0.00087057979692024,3
"20580",0.000162098623445612,0.210052125048027,0.789680855741922,2.62920518377059e-05,7.86285347678408e-05,3
"20583",0.99990906276768,8.74959442088638e-05,2.27109004785267e-06,9.76585031026603e-07,1.93613031799311e-07,1
"20586",9.45344577559949e-06,0.130519978474286,0.867618277636091,1.69579028844211e-06,0.00185059465355939,3
"20589",2.27295366151255e-09,9.59224054265938e-05,0.999717831921563,2.37882833697189e-07,0.000186005517222973,3
"20591",2.07710114411666e-05,0.817036134399171,0.00508319186096335,4.9419942592663e-05,0.177810482785832,2
"20593",2.17291201827684e-08,6.94176785807653e-07,0.999928478856527,2.36554890047369e-08,7.0781582077918e-05,3
"20595",9.49098554359143e-05,0.00535509411597988,0.99423011349613,1.00860407096372e-07,0.000319781672046608,3
"20597",1.50962514540909e-05,0.00133832568453781,2.79115150360507e-07,0.998646293586962,5.36189527388746e-09,4
"20599",0.999962870235757,3.4170739183346e-05,6.18711478923596e-07,2.29144997468128e-06,4.88636058238665e-08,1
"20601",0.000512976819928975,0.9990291594666,0.000391642936163921,5.86612339777626e-06,6.03546539094444e-05,2
"20604",1.66670386127818e-06,2.18785664925829e-05,0.999907272099382,6.13578164068638e-09,6.91764944825777e-05,3
"20606",4.34651069608664e-08,2.77577258978093e-05,0.999890840185413,9.0765046571363e-09,8.13495470774126e-05,3
"20608",4.87584732057339e-07,0.00120331023377153,0.998778562933223,2.63371413505598e-06,1.50055341387153e-05,3
"20610",0.998837050989213,0.00114329885596574,1.68680033987556e-05,1.48730148724321e-06,1.29484993546712e-06,1
"20612",0.00138878820035721,0.00271483919446941,0.232320037176829,0.650328592815275,0.11324774261307,4
"20614",0.994800739086049,0.00519515222517575,2.12680494300407e-06,1.20522342364707e-06,7.76660408379542e-07,1
"20616",0.00149066814848721,0.990870420962413,0.00742008054750504,6.36273129743735e-05,0.000155203028620115,2
"20618",2.81944438021924e-05,0.00190024630075544,0.000371115805746766,4.47469980910914e-09,0.997700438974996,5
"20620",5.26076220933926e-05,0.00101347545043401,0.998819014247473,6.57041822685588e-05,4.9198497731583e-05,3
"20622",0.999602997288765,0.000387921570455108,8.25260213041996e-06,5.25012236452178e-07,3.03526413682971e-07,1
"20624",1.1801118005429e-07,0.000964698191766077,0.976508249352065,6.4008937712157e-08,0.0225268704360509,3
"20626",0.00166553278816749,0.025621296780989,0.747160594242985,0.225549901837451,2.67435040778653e-06,3
"20628",0.000964463796525079,0.459223209832672,0.313888212139774,0.225503493088287,0.000420621142741892,2
"20630",0.0179052651605366,0.129242957325208,0.852422125166633,6.95496288541936e-06,0.000422697384737223,3
"20632",0.994393777580688,0.00463574967375182,2.427660615695e-07,0.000970217950658453,1.20288401401442e-08,1
"20634",3.31717926797011e-08,4.75270138190171e-05,0.99989610534207,1.89845124465907e-08,5.63154878063392e-05,3
"20637",1.37966229912378e-05,6.65133602813593e-05,0.0131999902805535,2.93366280562402e-11,0.986719699706837,5
"20639",0.782770941191395,0.217194689988241,2.26912457562787e-05,5.6358937774185e-06,6.04168083030472e-06,1
"20644",3.47147480138376e-08,3.20484609465632e-07,0.439799161520934,1.50267457731535e-05,0.560185456533935,5
"20646",1.20318538864815e-05,0.000357947364578945,0.977052650899867,0.00244438534741432,0.020132984534253,3
"20648",0.0206049309398698,0.979117360403127,0.000216076935017654,2.02381035021051e-06,5.96079116356259e-05,2
"20650",8.22412814722405e-08,0.000324271014975016,0.765455254553403,4.99395431896609e-08,0.234220342250797,3
"20653",0.00462864967760061,0.994068557747828,0.000503549361736432,0.000115631550977347,0.000683611661857432,2
"20658",4.35139833924683e-08,0.000235835311136237,0.999505951638481,0.00025102544156903,7.14409483056864e-06,3
"20661",3.35658498765639e-06,0.0111240232269086,0.0580496474224001,0.00018122638836144,0.930641746377342,5
"20663",1.34812773923294e-05,0.500462594758094,0.497750023951196,4.62472941407113e-06,0.00176927528390385,2
"20665",0.999886292430621,3.96587519071921e-05,4.13809170222053e-06,6.98963402377576e-05,1.43855318114651e-08,1
"20667",0.000367755478610055,0.947359640017935,0.0275880206962833,0.0239127611087252,0.000771822698446407,2
"20669",0.000518280930558554,0.0342371339587005,1.70057829731032e-06,0.965242714162058,1.70370385599795e-07,4
"20671",0.000139932940878823,0.00365756317045352,0.208866850519601,6.55435778589924e-10,0.787335652713631,5
"20673",7.1189322194618e-05,0.0011603497231308,1.6015113085119e-07,0.998768298249353,2.55419038054362e-09,4
"20675",4.82498916081205e-05,0.783315697816179,0.00884060071657798,0.207784184528343,1.12670472920758e-05,2
"20677",1.00193723338175e-05,0.536383360994785,0.462645139560313,0.000667501975170704,0.000293978097397159,2
"20679",0.00182127259012927,0.0385906434690526,5.11393926731373e-07,0.959587493878497,7.86683945577475e-08,4
"20681",4.89836026671748e-05,0.944710688547899,0.000111815116394298,0.0551220256921293,6.48704091063427e-06,2
"20683",2.36273222892054e-05,0.651025147049292,0.344630672627905,0.00422267881283794,9.78741876758364e-05,2
"20685",8.50808378754711e-05,0.0176608644093978,1.75987037484008e-05,2.12274322750998e-06,0.982234333305751,5
"20687",0.951914621061169,0.0480736421563921,6.99253408831768e-06,2.89952062197984e-06,1.84472772864469e-06,1
"20689",3.15585278751486e-08,6.00962522652212e-06,0.24520862603913,3.74355788567419e-05,0.754747897198259,5
"20691",0.999808160599215,0.000190308515967416,5.37959524674031e-07,8.88773487747248e-07,1.04151804736892e-07,1
"20693",4.55278561568007e-09,3.36965595763016e-05,0.998825361014157,1.00108645026009e-07,0.00114083776483607,3
"20695",0.00546406336020044,0.994279459231647,0.000214714799259304,2.46158326283417e-05,1.71467762650167e-05,2
"20697",5.261837217747e-05,0.000199840634372999,0.999423366427155,1.90766915451088e-09,0.000324172658625799,3
"20699",0.000228205811538584,0.675733811794562,0.307825939469317,0.0162030555610311,8.9873635508975e-06,2
"20701",6.80121940003852e-07,0.10215303715962,0.896826098478405,0.000805245032157492,0.000214939207877283,3
"20703",0.000204360346343934,0.0297021205225062,1.88837300044479e-05,0.96893304354472,0.00114159185642497,4
"20705",2.16054021699568e-07,0.00322576448296003,0.992743823769292,1.24549852653784e-07,0.00403007114387356,3
"20707",2.12668620888196e-05,0.996155197485868,0.00356755486251513,5.35804282508317e-06,0.000250622746702622,2
"20709",0.911683423749002,0.0591549177082548,0.0287774578239086,0.000376972545829139,7.22817300536342e-06,1
"20713",0.0308599046121997,0.957209403544742,9.1429373252393e-05,0.000199480708595303,0.0116397817612107,2
"20715",0.0223310683161339,1.76848570430255e-05,0.873498447564974,7.54928260642099e-07,0.104152044333589,3
"20717",0.000184886328084732,0.999639597338362,0.000106066732211937,4.77482769574458e-05,2.17013243838424e-05,2
"20720",2.04507911555195e-05,0.0143562952590696,0.985307537892188,1.14442102105271e-05,0.000304271847376509,3
"20722",2.46204870546102e-06,0.0232094107669653,0.976721962818013,1.06424179501196e-06,6.51001245215163e-05,3
"20724",0.210882362648229,0.789046858301817,3.72638660463778e-05,2.81823624127164e-05,5.33282149477247e-06,2
"20726",2.69168790825705e-09,4.21644540736753e-05,0.999039585247173,1.70832961327592e-07,0.000918076774104215,3
"20728",0.000236760820924652,0.991609062805187,3.0605060423464e-05,0.00812053928351143,3.03202995349203e-06,2
"20730",0.405491233963594,0.593687131938142,0.000767475540388035,6.31086057218131e-06,4.78476973028755e-05,2
"20732",0.000122869359074627,0.367183981469903,0.494288218245509,0.0388475380762897,0.0995573928492234,3
"20734",3.76904462630905e-05,0.73708630283419,0.261766084251479,5.62713356261686e-06,0.00110429533450458,2
"20736",0.89671175505728,0.103234633881695,2.34142547320992e-05,2.96514430926137e-05,5.45363200796514e-07,1
"20738",0.326879060050694,0.0124248020608333,0.584102832710871,0.00477827641436262,0.0718150287632385,3
"20740",3.49396933876349e-08,0.0726824908624147,0.6087144630334,0.000365567254575063,0.318237443909917,3
"20742",0.000214621476414832,0.998621183077854,8.35926597787719e-05,2.07782165728806e-05,0.00105982456937963,2
"20744",0.973231697007366,0.0165496839203035,1.94193502989195e-06,0.0102166648953713,1.22419291964161e-08,1
"20746",6.8353823037073e-05,0.945813152667866,0.0539593339430289,8.68471644641129e-05,7.23124016039925e-05,2
"20748",0.294307156030587,0.705622635152326,3.63985303043486e-05,1.32768730468332e-05,2.0533413736003e-05,2
"20750",0.682722700099124,0.316662245293367,0.000404524253185657,0.000209530182642921,1.00017168021909e-06,1
"20752",5.15102965017039e-07,0.0393810448337789,0.959857183750415,1.47545418133636e-06,0.000759780858659623,3
"20754",1.35318276195367e-05,0.000466718651451965,3.18874714949309e-07,0.999519428714782,1.93143124808158e-09,4
"20756",0.267464278012741,0.654075912086032,0.0782506787307148,2.25750855499669e-05,0.000186556084961637,2
"20758",0.00645236173755574,0.00306088616102603,0.00899055751978066,0.981495782204542,4.12377095112347e-07,4
"20760",0.201939654047126,0.795049327312408,1.33644844390939e-05,0.00299729562217154,3.58533855222283e-07,2
"20762",4.15831060060688e-06,0.00199679030957517,6.95431201713579e-07,0.99799833868823,1.72603924635469e-08,4
"20764",0.760707399683871,0.238346526219125,4.55864345768387e-06,0.000939128253304644,2.38720024230536e-06,1
"20766",0.0886644703141654,0.911240128429329,1.90505519378735e-05,7.31196388426521e-05,3.23106572534443e-06,2
"20768",0.822815776058442,0.176703436015273,0.000459943853557904,3.75334126604688e-06,1.70907314608029e-05,1
"20770",5.71822378710145e-05,0.102703475202384,0.00709263991581681,0.890144976710329,1.72593359943008e-06,4
"20772",4.75610641900796e-07,4.19388375040776e-05,0.999948082381668,7.31352362171948e-08,9.43003494986824e-06,3
"20774",2.35787407482857e-09,1.31171975440727e-06,0.999179542071937,1.79336631925697e-05,0.000801210187241748,3
"20776",2.13879031464752e-05,0.998631952214655,0.000618646521964274,9.13405867284983e-06,0.000718879301561548,2
"20778",6.84949898785955e-08,3.22272164937833e-07,0.291103831328115,3.15069942108891e-09,0.708895774754031,5
"20780",1.67752840644814e-05,2.59744505009778e-05,2.12182663919329e-07,0.99995703739496,6.87810806428678e-10,4
"20782",0.000124661675807802,0.000722977922906778,1.26726610604872e-07,0.999152229518545,4.15612953281923e-09,4
"20784",3.16654983263846e-06,0.00285863830257203,1.88280582682949e-06,0.99713628650985,2.58319183755917e-08,4
"20786",0.975623871597329,0.000247360173613664,1.67349246193573e-06,0.0241270887013678,6.03522729334132e-09,1
"20788",5.69299113260954e-05,0.992287012626158,0.00700219651763526,1.2302793627188e-06,0.000652630665517525,2
"20790",0.0976722489118383,0.640148334023292,3.77965573840688e-05,0.262141462465793,1.58041692940918e-07,2
"20792",0.415212357696656,0.564062443596341,0.0194329040472067,3.25863518782356e-06,0.0012890360246083,2
"20794",0.527867019030851,0.322287063430886,1.43661947291246e-05,0.149831481653811,6.968972346037e-08,1
"20796",2.71487185940995e-08,0.000641835709167963,0.996941842459247,1.46528177291141e-08,0.00241628003004866,3
"20798",0.999972372380177,2.55391905972436e-05,5.23365855907009e-07,1.46425385835866e-06,1.00809511621858e-07,1
"20801",0.999158098815365,0.000820998673118718,1.32194794565744e-05,6.84298949812142e-06,8.40042561380496e-07,1
"20803",1.13856704445614e-05,0.979374411432549,0.018415451339857,1.31745232300301e-05,0.00218557703391964,2
"20805",5.26275741434357e-05,0.775088371851451,0.22420169525531,1.07220963123217e-05,0.00064658322278335,2
"20807",0.999972372380177,2.55391905972436e-05,5.23365855907009e-07,1.46425385835866e-06,1.00809511621858e-07,1
"20809",0.000986430026781072,0.996552000200345,0.000942670613610943,0.000798187340168558,0.000720711819094832,2
"20811",0.967084081767492,0.0242817720935239,0.00700201810742682,6.01776952802098e-06,0.00162611026202939,1
"20813",0.0622382645520494,0.552493519723967,0.382405713775697,0.000396410758802417,0.00246609118948398,2
"20815",0.772094901305077,0.000238638911597199,3.76338569508449e-07,0.227666075879755,7.56500107816957e-09,1
"20817",0.0277918675684997,0.972108035808037,6.40672660090908e-05,5.40727904636219e-06,3.06220784075506e-05,2
"20819",1.53806747168478e-06,0.760452977235432,0.23519690014415,1.22411182900541e-05,0.00433634343465647,2
"20821",0.00297056128029769,0.000440287887805011,0.380100643512864,0.616268624969548,0.000219882349485289,4
"20823",0.00905651335457896,0.895616571571014,0.0927263208959572,5.85704388891073e-06,0.00259473713456153,2
"20825",0.0685734591129233,0.931019700051973,1.30838885388227e-05,0.000392570838239657,1.18610832512521e-06,2
"20827",0.833285000186957,0.166436437769619,0.000144227225070101,9.72560957810564e-06,0.000124609208775699,1
"20829",1.21540824313341e-05,0.00149343023742747,0.99732414484338,1.65542878647903e-05,0.00115371654889629,3
