"","V1","V2","V3","V4","V5","V6","V7","result$classification"
"19812",0.0587266239076733,0.175161934765453,0.000536537959026757,0.000575919863456527,0.764935231874929,2.43304039474679e-06,6.13185890665109e-05,5
"19814",0.00121446116377647,0.0129738480298541,9.99902371700542e-06,3.62548242932549e-05,0.982584536476033,0.00317933654494921,1.56393737666339e-06,5
"19816",0.0064540567078267,0.888303321645158,1.60136196915268e-06,0.101538333384606,0.00366149598649744,1.01677480803084e-06,4.01741391351606e-05,2
"19818",0.000516384514925358,0.505830564740555,2.53862755927215e-05,0.000612190370647464,0.482386640981182,0.010612346203183,1.6486913915098e-05,2
"19820",2.82619483266245e-05,0.00734087117146489,5.5702873289478e-06,0.992625271952257,9.90971164026153e-09,5.51829824272489e-10,1.41790815524484e-08,4
"19822",0.00569430223017393,0.00495308963661315,0.00870098202778317,0.980649907183783,3.33237911923538e-07,9.72006994507052e-07,4.1367674039634e-07,4
"19824",6.7516384881876e-06,0.810425657010212,2.82631912299311e-05,0.187748951647244,0.000163047743902241,0.00145221903802935,0.000175109730893539,2
"19826",0.148757655365128,0.0918489800621685,5.15034611037473e-06,0.00153119496678703,0.747352992234112,4.99084044440646e-05,0.0104541186212501,5
"19828",0.000179222625467044,0.563910572361997,0.000198917533103489,0.435567881005615,0.000140646051582147,2.57787256574947e-06,1.82549668774658e-07,2
"19830",0.111146736728372,0.00318923988033707,0.000315374768060753,2.08981906335523e-06,0.884229066973513,0.000143805086510542,0.000973686744143485,5
"19832",0.0384411683989409,0.112073036656377,0.699989543572137,0.019502491068076,0.129987494709071,2.06229430442548e-06,4.20330109416219e-06,3
"19834",0.729696984083905,0.17791225757711,0.00284062405808398,0.0797286865092242,0.00969631195984587,0.000124578947124947,5.56864705632275e-07,1
"19836",0.00263159118270966,0.910518321300622,3.51919720827728e-05,0.00112931002411852,0.0618562916658478,5.17939728985647e-07,0.0238287759148903,2
"19838",0.000982278246623609,0.00029897476841367,2.98286280301586e-05,3.74369673057442e-07,0.99828513450878,0.000401195646462962,2.21383201629115e-06,5
"19840",0.750471186911082,0.188541125533943,3.41709481409445e-06,0.0398632422450268,0.0203323711444161,5.13540475103433e-06,0.000783521665967219,1
"19842",0.000831447466863963,3.91567582362269e-05,8.13190614427632e-08,9.36508210946519e-08,0.0862839102773164,1.40871330757589e-05,0.912831223394625,7
"19844",2.03364501989557e-07,2.14488427284663e-06,1.80293906553667e-08,1.326549541417e-06,8.88184444929594e-06,0.99997077704683,1.66482810133852e-05,6
"19846",1.00972817312266e-05,0.000181962878022136,5.83047416846416e-08,2.10914058228898e-08,0.922084386655951,0.0760119390949168,0.00171153469323101,5
"19848",2.69649420048127e-05,0.000213939727163547,2.33296887233679e-07,4.25883004948057e-08,0.970115730308501,0.029553314854403,8.97742827399811e-05,5
"19850",0.000177932727856341,0.000833522270276124,1.6515819303948e-06,2.71427177935077e-06,0.764064503900166,0.234892853521601,2.68217263901597e-05,5
"19852",0.00198211556739341,0.967801688479294,2.73187131594586e-05,0.00491775974615756,0.0251479509393242,0.000120907760865003,2.25879380651143e-06,2
"19854",7.85098615460216e-05,0.000164517978424977,5.68062926009908e-07,4.90520580436281e-08,0.99689798569473,0.00283922995899619,1.91393913185846e-05,5
"19856",0.000543295242335709,0.000235645017822298,4.89524646751137e-06,7.78325745458408e-05,0.0130664596942042,0.985935981865359,0.000135890359265854,6
"19858",7.907131301865e-05,0.00948301221200362,6.13231977209377e-05,0.00279046587849303,0.00084273287247845,0.986725831927038,1.75625992476078e-05,6
"19860",0.175254827305923,0.561600232188713,4.02456995811513e-05,0.0158806168911124,0.2471628854347,4.1794898655022e-05,1.93975813161557e-05,2
"19862",2.40278826659394e-05,7.81699945621108e-05,5.56561520618763e-08,8.29855630922986e-09,0.991714961410509,0.00282686785411743,0.00535590890343721,5
"19864",4.29305539143516e-07,2.21431232598833e-05,2.80010322129359e-08,6.79067084728199e-07,1.93113779650863e-06,1.04461994377555e-06,0.999973744745344,7
"19866",0.0603812010129613,0.783825160776316,5.21914663314702e-06,0.129707978514224,0.000657788160935759,1.12929715262278e-06,0.0254215230917768,2
"19868",0.00421044464837207,4.91339422733065e-07,0.99569800907489,4.80930601879065e-06,4.15550853670094e-05,4.45129701138072e-05,1.77575816145062e-07,3
"19870",6.68623544405685e-05,0.0117724922924436,1.57186746421381e-06,1.08456012457504e-06,0.985174360619293,0.00233085244272322,0.00065277586351036,5
"19873",0.00159936783955119,0.34235148563886,4.11928742708093e-06,0.000387304953733523,0.653578463466141,0.000847701447455015,0.00123155736683264,5
"19875",0.0384443944243464,0.217727493688451,0.000170928192610186,0.742667661168137,0.000988814380499804,7.04504579219343e-08,6.37695497996908e-07,4
"19877",0.00755542993261196,0.113541660498961,1.92229849472253e-05,2.88181166468067e-05,0.875646443828889,0.00314036921229618,6.80554256471463e-05,5
"19879",0.0071617109873394,0.922034791109664,0.000253528520523973,0.00136110840904139,0.0675561503324918,0.00160110665857697,3.16039823622529e-05,2
"19881",0.00518414525182507,0.0769729541835926,5.58528048204004e-06,0.000191276989450226,0.896655953676917,0.00145871999064512,0.0195313646270878,5
"19883",0.00227092473709085,0.0331392709683053,5.65566437490745e-07,5.05429798478586e-05,0.719142335164637,7.88656379365957e-05,0.245317494945745,5
"19899",0.907143610194075,0.0775801527552157,0.000303869488676491,0.0016598763611336,0.0131750038363434,3.52696850487513e-06,0.000133960396050599,1
"19908",0.969211936645543,0.000952062990274239,0.000734410074464709,0.00197409192279027,9.65060155519417e-05,0.000264708340474421,0.0267662840109019,1
"19910",0.000307564384249036,0.95412207131394,7.16835883876097e-06,0.000863359776250114,0.0446058638708078,5.81496920343795e-05,3.58226038800294e-05,2
"19912",0.00621290111208983,9.30510663316853e-05,2.04028782570766e-07,1.87086308441152e-07,0.591991066450518,0.00063584492067979,0.401066745335289,5
"19914",0.375279901052703,0.468345578785546,0.00174433841452639,0.00315286354853026,0.150696093474129,0.000740398988962711,4.0825735602072e-05,2
"19916",0.000336467338248438,0.368128257499141,2.97973760787748e-05,0.184542004196922,7.64465809236035e-05,0.000339732748862351,0.446547294259825,7
"19918",5.27057925121183e-05,0.00805215192257776,1.05165610379673e-07,1.89421722633449e-06,0.893906101545402,0.0966135338809452,0.00137350747572676,5
"19920",9.49720992654154e-05,0.000117452739998046,4.99810361462546e-08,2.47335874291089e-07,0.107772194995419,0.891997990434366,1.7092414041722e-05,6
"19922",7.38503320392102e-05,0.0387994149372549,0.848060059523147,0.000380739566516051,0.112675628791857,7.8538267974084e-06,2.453022387978e-06,3
"19924",0.0089815146009728,0.131825092935595,6.67177166814418e-06,0.000129669010027348,0.815869098929164,0.0430520663657106,0.000135886386862911,5
"19926",0.526640280076967,0.435023584664745,0.00350521227835418,0.00618858911471006,0.0242025640630695,2.71801966036961e-07,0.00443949800018818,1
"19928",4.54501277622895e-08,3.0906899709853e-08,1.59373915084134e-09,1.61770514339646e-09,5.09289263818045e-07,5.37230174734972e-07,0.99999887391209,7
"19930",0.000167883196062107,0.0174604089428692,6.34226610887856e-06,4.30815423158121e-06,0.982199921047341,0.000133476908189543,2.76594851977757e-05,5
"19932",0.000115725354403147,0.00037464438699741,2.51740545980613e-06,1.39591518811719e-07,0.998471258675842,0.00103014284800058,5.57173777791481e-06,5
"19934",0.0451405159544925,0.504905884982238,0.00158805422290148,0.434288698784053,0.0139298695489371,0.000146227204793796,7.49302584045371e-07,2
"19936",0.0830306777892083,0.0539609023508016,0.000347993727344309,0.000285043108833201,0.862167188665666,0.000192094314425178,1.61000437214306e-05,5
"19938",0.119600842836496,0.142190538165782,0.00118114204185454,0.736913101701312,5.24076603537535e-05,4.96532286661538e-05,1.23143655350958e-05,4
"19940",0.00013960953040119,0.812110945557173,2.01526539046871e-06,0.000251916574623089,0.180339954572169,0.000189899267190045,0.00696565923305325,2
"19942",5.18575859446077e-06,4.5527868104517e-07,5.9612207008156e-10,3.88160300120591e-08,4.91286315001691e-06,1.65220910768847e-07,0.999989241466512,7
"19944",0.0029565635013608,0.975403062804216,7.67713705512479e-06,0.0047598669796649,0.0166643465252842,6.61726409179071e-06,0.000201865788327076,2
"19946",0.00536186540520434,0.673778023782141,2.80515328819871e-05,0.00124388883814954,0.303436381070723,0.0160844910999415,6.72982709581819e-05,2
"19948",8.42305230530909e-08,2.12658089524446e-06,2.80674336308995e-10,1.95276712646623e-08,2.76293887193361e-05,8.45346749926438e-07,0.999969294644767,7
"19950",7.38800224031873e-07,1.29885236482499e-06,5.73409387797364e-08,9.32437457381758e-09,0.00131790678294534,0.998679717701067,2.71198085254533e-07,6
"19952",8.42305230530909e-08,2.12658089524446e-06,2.80674336308995e-10,1.95276712646623e-08,2.76293887193361e-05,8.45346749926438e-07,0.999969294644767,7
"19954",8.48506062657463e-05,0.00326597468271298,1.45170474228311e-06,5.58628056527733e-07,0.996055846697177,0.000567387196481882,2.39304845638593e-05,5
"19956",0.140080207175789,1.34075224484477e-05,3.7521448763428e-05,2.79626888087875e-07,0.220369413298278,0.632152551504707,0.00734661942312639,6
"19958",3.66715978197208e-07,8.09865288440681e-05,0.999116095168629,3.54935073481661e-06,0.00061988488693791,0.000178845138528383,2.72210347832415e-07,3
"19962",0.0220227750499024,0.225956741355821,0.00190419387412057,0.0222064219139044,0.468251032699363,0.259342506478575,0.000316328628313246,5
"19964",8.6379194651184e-05,0.666169610434779,9.13055484572982e-06,0.000224434629973634,0.315584538286,0.00779032079538153,0.010135586104369,2
"19966",0.027541690737736,0.206024797945093,2.6852414121713e-05,0.757540161210276,2.43384750617364e-05,3.14012250891879e-08,0.00884212781648735,4
"19969",0.00570571475024262,0.00388168805165291,9.10563284185983e-07,5.77367979112363e-06,0.985073298986268,8.29499732876731e-05,0.00524966399547366,5
"19972",0.000109136463014023,0.03709940926084,1.46648727348602e-06,2.7895774230006e-06,0.771636661666632,0.0794756590055986,0.111674877539219,5
"19974",2.9400043105457e-06,1.51383839131821e-05,6.93694953962644e-09,3.25070009501353e-09,0.112439382405494,0.865187214045922,0.0223553149727114,6
"19976",0.00401860558666817,0.316537088298787,9.76541169270782e-06,0.000150996752698567,0.61845943064298,0.0606300981811738,0.000194015125999059,5
"19978",0.000177558461668464,0.977493412257178,6.39163115204136e-07,0.00446774296093082,0.0176303442242157,8.8574557912676e-05,0.000141728374978822,2
"19980",3.83891927984456e-05,0.000118878163361253,5.39148833865953e-07,4.55212992835511e-08,0.838561207823139,0.161264275691972,1.66644585956912e-05,5
"19982",0.00131416969037868,0.000278897269778281,1.04657214219814e-05,5.91412325171369e-06,0.128466495285715,0.869917280045727,6.77786372720357e-06,6
"19984",1.35134696610722e-06,8.0356921364613e-06,2.59240349935206e-08,4.91960825732775e-07,0.000190305849539139,0.999797567458293,2.22176820490014e-06,6
"19986",0.00305691485410453,0.0541129778241167,8.36369191245515e-05,0.942745881343348,1.48722164579021e-07,1.82845627405114e-09,4.38508685808166e-07,4
"19988",0.000135644374094684,0.00484342934078979,4.67845424252178e-05,0.994974132926499,3.17919172587582e-09,3.56136376327297e-10,5.28086304484907e-09,4
"19992",0.0037530454748807,0.00445201352316939,4.07671785478742e-05,0.991754035356665,9.60153534925421e-08,3.90437501349099e-08,3.40763342476303e-09,4
"19994",0.000736893794814228,0.0223870958542576,2.45932775832742e-05,6.12528098881032e-06,0.976793443288457,3.15287671268232e-05,2.03197367724536e-05,5
"19996",0.000250917375972721,0.0420713667685587,1.25372064169262e-05,0.957664655441626,4.64830248712241e-07,5.32268167988403e-08,5.15036030890247e-09,4
"19998",0.450113098307659,0.0149221322908148,2.58816540360619e-05,0.00296743589283566,0.0938268682099858,0.00598753029901036,0.432157053345658,1
"20000",0.244211438347963,0.000126851499556789,0.00742504150964674,1.62203627792856e-06,0.746109613437561,0.000288614685048435,0.00183681848394633,5
"20003",0.0110814282541215,0.0732408035797583,0.000139527934653072,9.63088394484315e-05,0.914989335706398,1.85795473113569e-06,0.000450737730889273,5
"20005",2.66728005489716e-05,0.000180646442243087,6.79412746091851e-08,1.32468599058341e-08,0.972686131017646,0.0263025023977576,0.000803966153669514,5
"20007",0.237689435892485,0.703188202620345,0.000636969441062282,0.0170975439771436,0.0409251859021718,0.000455120017008395,7.54214978422204e-06,2
"20009",0.000929400622902146,0.347132446251305,0.00045526887789784,0.650489754220117,0.000125163863452759,0.000350086174883731,0.000517879989441679,4
"20011",0.00111478364043273,0.174590224452376,4.84533381493131e-06,3.21943210933333e-05,0.78928952571631,0.0121294116136455,0.0228390149223274,5
"20013",0.0214567486755515,0.00365077524492501,7.09587018242889e-06,8.31125519486927e-06,0.852896460034731,0.121971952133655,8.65678576033203e-06,5
"20016",0.0029524015850178,0.0929750128199976,0.00222194954623569,0.901842687342843,1.04733468699109e-06,6.05279835552787e-06,8.48572863184455e-07,4
"20018",9.83057911689872e-06,3.23343354804197e-05,0.929762642959679,0.0701951777135932,1.01564869001704e-09,6.57790022427621e-10,1.27386917093665e-08,3
"20021",0.000370169191105577,0.907739454861652,0.000156748342832941,0.0900244743756218,0.00170518515751224,4.65599576029597e-08,3.92151131817262e-06,2
"20023",0.0367671156340885,0.907044272536631,0.000435675069767239,0.045995791127256,0.00969645112356675,5.04801558926122e-05,1.02143527974076e-05,2
"20025",0.000343993011836827,0.0213996391290061,0.303335161455815,0.674918594822757,1.92548638941293e-06,3.32526817197367e-08,6.52841514539397e-07,4
"20027",0.0156329295794771,0.00168091379881901,1.17431485584789e-06,1.18762248724979e-06,0.744521597396382,1.90762964793635e-05,0.2381431209915,5
"20029",0.000570576287308577,0.000297569214207429,2.88078275186787e-08,1.9641908581509e-07,0.984937293207899,0.00962812159546092,0.00456621446821122,5
"20032",0.00048652835212392,0.00204679028478427,3.32089676303607e-06,6.65272996586753e-07,0.994657886075647,1.14151562501913e-05,0.00279339396143462,5
"20034",2.7500789530867e-07,2.23256155528762e-05,2.66236889493366e-09,6.11475376891701e-08,0.000105981404009023,1.79229092501076e-07,0.999871174933544,7
"20036",0.968907474815702,0.00028076266745278,1.69603656041002e-05,0.000417388331583498,0.0178412322666097,0.0124045599486451,0.000131621604402788,1
"20038",0.17585366980569,0.115087235532299,0.00281678185678612,0.706205257637956,3.68125401187749e-05,1.73044404260079e-09,2.40896706132877e-07,4
"20040",3.37623271199339e-05,0.15020084763708,0.00972056932167195,0.839838063397869,4.50405526393711e-07,3.03979007551586e-06,0.000203267120657324,4
"20043",0.00769773293247338,0.0968159703934176,0.000291296827325035,0.894665857094452,0.000528734636994816,3.47895129913826e-07,6.02202072145364e-08,4
"20045",1.67240532381558e-05,0.00424370682709521,0.000838345125663366,0.99490120196879,4.84083020015656e-09,1.67140827989058e-08,4.70299894600374e-10,4
"20048",1.13936876860439e-07,1.43056607999644e-07,2.77965503678642e-08,8.79065478567966e-09,2.18654740482201e-05,0.999977670616813,1.7032844921913e-07,6
"20051",0.154268486957507,0.154248570941371,0.0158465547772698,0.124724846937094,0.535271876975974,0.0156389106766286,7.52734155535479e-07,5
"20053",0.000802604433982021,0.966024224071386,1.53671216682791e-05,0.032159863637931,0.000895833888063453,7.20980327092029e-05,3.00088142600956e-05,2
"20055",0.884435347999591,0.0511331992043922,0.017704374417903,0.044322824334263,0.00239481733457232,9.56380354878415e-09,9.42714547497301e-06,1
"20057",1.1130432958456e-06,1.46831988097086e-07,0.999591762066569,4.07056531648054e-08,3.9051096966955e-05,0.000355889072474562,1.19971830520056e-05,3
"20059",0.000481529799540555,0.973815405826777,0.00070659840869186,0.0242048117352189,0.000658362970927562,6.01663616018295e-06,0.000127274622683766,2
"20061",0.00223130857011641,0.9826182424707,4.79229111753239e-05,0.00927350967539023,0.00573587961917233,2.69003150708289e-05,6.62364383749382e-05,2
"20063",0.000186137843824539,0.000122263506424497,8.59567432764104e-05,0.018891683080597,4.75650613280638e-06,0.980019997449073,0.000689204870672147,6
"20065",0.000478723683045766,0.00313533051714924,0.787913463081526,0.208472118914774,3.61459694486458e-07,3.28548893889293e-11,2.31095499613054e-09,3
"20067",0.00139664036953936,0.101219254435966,0.00639409683171287,0.89076355370495,3.12419526172069e-05,0.000195208402150511,4.303063558903e-09,4
"20069",7.08897563225206e-05,0.000127280434264242,1.05499215567179e-06,1.11659869091276e-07,0.56998725469544,0.429806968445101,6.44001684695906e-06,5
"20071",0.993760398232075,0.0034593746035808,1.58930866817322e-05,0.000264739681784348,0.000971078360319473,1.78466060288916e-05,0.00151066942952948,1
"20073",3.86999777958684e-06,0.00558255305643219,4.07938664512621e-07,9.84516189674438e-06,0.0854681538808944,0.908663394878616,0.000271775085716181,6
"20075",0.000654107278706242,4.74516190105206e-07,0.999290086125545,1.14170566007774e-06,5.38682967375816e-05,3.05529079231794e-07,1.65480817715971e-08,3
"20077",0.666783938780478,0.137076714982596,1.13400213667823e-05,0.194607074686556,0.00122895132336482,0.000287353844361794,4.62636127639054e-06,1
"20079",0.0105381522493359,0.0101426692152958,0.000452341488344313,0.100152112616619,0.0301970114327187,0.848501334553882,1.63784438044892e-05,6
"20081",0.0619344023038148,0.412282205146588,0.164306074629123,0.360007159445525,0.00146423217245406,5.90441387710039e-06,2.18886175205716e-08,2
"20083",0.149845269975384,0.00015247031283563,0.000114179743368926,0.000845854293513486,0.00317598275922778,0.844355846831491,0.00151039608417945,6
"20085",0.000192286339076557,0.00232915534793182,0.000200676033905936,0.997277875431729,5.55222866234534e-09,6.15257508969373e-11,1.23360259363633e-09,4
"20088",0.00351107852587666,0.130546028556729,0.000441260370174618,0.865453722855758,4.78042317053418e-05,7.83463847548827e-08,2.7113371119575e-08,4
"20091",0.000122038544220116,0.000423957157134841,0.999287787337756,0.000158606739000831,6.77656722142969e-06,8.33190273278967e-07,4.64393350706882e-10,3
"20095",0.000493861133634283,0.158569544582581,0.000101349586929022,0.00235713996263716,0.00307887196316567,0.803766686344463,0.0316325464265893,6
"20097",0.00070598251121262,0.00190781233026293,0.000868988033945813,0.996517205666107,1.08360966616229e-08,8.67094231101378e-11,5.35666196105042e-10,4
"20099",6.73827531742953e-05,0.76438727536517,6.50063759014451e-07,0.127132326021412,0.000367632788756011,0.0027421393737515,0.105302593633977,2
"20102",0.000126754178200509,0.000526263249026044,0.0497310111012731,0.000114826362265097,0.000519255013267729,0.948981721109025,1.6898694212204e-07,6
"20105",0.00103608562394955,0.288562188822623,0.000164165203461937,0.708412000392027,0.00131358861251257,0.000511778054568517,1.93290858412111e-07,4
"20107",0.0651805296983561,0.459750668832441,4.62775418346607e-05,0.47496993546214,5.10690810508885e-05,4.2633973366755e-07,1.09304444365473e-06,4
"20109",8.41842066914221e-06,0.799406094988778,4.62504777137667e-06,0.0445825831796918,0.00530042599632174,0.150287527334956,0.000410325031812337,2
"20111",5.61245128116373e-05,0.000376831479518988,0.657474498741995,1.25061625092982e-06,0.336824443994692,0.00525603450854839,1.08161461831194e-05,3
"20113",0.738619865419764,0.203463591022144,1.67147951213294e-05,0.0513331818708788,0.000736254507768508,2.76502056394059e-07,0.005830115882267,1
"20115",2.012103853222e-05,0.00235106703159487,0.000192502899752573,3.00881026995999e-07,0.995048671874867,0.0002330197224548,0.0021543165517712,5
"20117",0.0116329482616069,0.0447815398156493,0.506298695293434,0.0271131372516839,0.000216329703003195,2.68956075362995e-06,0.409954660113869,3
"20119",0.0336217859298001,0.151866182813675,9.48529233119133e-06,0.776403648482403,2.73799853576795e-05,1.41056506829459e-08,0.0380715033907825,4
"20121",0.035697766637689,0.152784774012919,0.000123093774250733,0.811389487203096,4.26896851815813e-06,1.08296466550649e-08,5.98573880570793e-07,4
"20123",0.000596831065602085,4.61582822830394e-05,0.998918508087484,0.000436640492627457,1.85749582817489e-06,2.78143001495869e-09,1.79474498608495e-09,3
"20125",0.00142881032014191,0.00127660568805267,7.55007708329043e-06,1.05568798737617e-06,0.908782663696538,0.08849850664864,4.80788155703238e-06,5
"20127",1.78506372841241e-05,0.00562250367406116,2.28680077277107e-05,0.994336322456059,1.76649716844343e-07,2.6981870913604e-07,8.75644263027415e-09,4
"20140",0.990333133713628,0.00314243148081517,0.00460863056671067,0.00124324181039571,0.000651149128485422,2.02760308556492e-08,2.13930239341206e-05,1
"20142",7.45618170513136e-06,2.46232828974604e-06,1.39385243052765e-07,1.50939162693601e-08,0.00413267573618723,0.995856702354834,5.48919824741363e-07,6
"20144",0.0265870476560627,0.000485109098244087,0.00437073442683663,7.96794557340163e-07,0.962535610402275,0.0059909416782793,2.97599437443644e-05,5
"20146",0.427909299099964,0.00214998349529682,0.000654474782041634,0.000257295739060282,0.222857955087213,0.346147995715288,2.29960811366131e-05,1
"20148",0.050465738682696,0.018100131771544,3.99428470930712e-05,0.000259992107463985,0.930939298692889,0.000184799373291276,1.00965250226873e-05,5
"20150",9.64123701235778e-06,3.75800043747608e-05,4.08711232989863e-08,7.03737614116444e-09,0.645984273419266,0.35275636407095,0.00121209335989759,5
"20152",0.0500645051339447,0.105612774052838,7.32349356233453e-05,0.00126377717305739,0.842782725852555,0.000139812381741303,6.31704702409982e-05,5
"20154",0.000267280112953032,0.000319640668739656,0.916401711040071,0.0830066337543786,1.21926926425031e-06,3.51501677292837e-06,1.37820513720276e-10,3
"20156",0.469513816286709,0.460476762413982,0.00301105425158566,0.0197670074889179,0.0111372181039078,0.0360329670837686,6.11743711300314e-05,1
"20159",0.000191593017694948,0.000105611661706777,2.0347684357565e-06,1.27266397146257e-07,0.446313560570588,0.553382868880209,4.20383496779711e-06,6
"20161",0.00143930967010228,0.000142643100857119,8.35025660436161e-06,2.49437017219245e-05,0.00324288854282382,0.995080862221942,6.10025059481357e-05,6
"20163",0.00171451752129504,0.122993041839796,0.000879740842981751,0.00219148140126426,0.87165674303692,3.34907612409371e-06,0.000561126281618284,5
"20165",4.7977002703592e-06,0.00180384581033811,5.06046827163457e-06,0.00164054945398674,0.000211802259661853,0.99633348658079,4.5772668154747e-07,6
"20167",0.000717006016704485,0.0237449466213192,2.56789254533388e-06,6.43757504574357e-05,0.967869333118376,0.00759603759617658,5.73300442139702e-06,5
"20169",4.71264672868967e-07,2.69143050040581e-07,3.45767080182633e-08,7.03802378275808e-09,0.000115807245863171,0.999883219922987,1.90808695220408e-07,6
"20171",0.000203714497086303,4.2202600067977e-05,0.96350793200384,0.0362410560552313,5.61033377593604e-08,5.03864867770186e-06,9.17590824697736e-11,3
"20173",1.52633138118931e-05,0.0127722300829726,2.89069632753297e-06,0.0133588482495685,0.000293428602755011,0.174931087076353,0.798626251978211,7
"20175",0.00346872268732443,0.0395408725459529,8.85699029346749e-06,8.3003640725893e-06,0.947600258501026,0.0091951294929464,0.000177859418383839,5
"20177",0.000483352180616804,0.428278848713621,1.68253246618956e-06,0.0654215472656026,0.000662998593809834,0.000102993218315219,0.505048577495568,7
"20180",0.00284330094807663,0.125836171219584,0.00110357350695916,0.870209242625682,2.96766103623274e-06,3.70761276186896e-11,4.74400158572029e-06,4
"20182",5.87247125996545e-08,4.4829978430817e-08,1.08333509429024e-05,6.61970033610834e-10,0.000210586141318286,0.998025190551137,0.00175328573994092,6
"20184",0.000213473085552663,0.000262836154888597,4.46649514777992e-07,1.33601191528846e-06,0.0251156283628405,0.974403247275072,3.03246021577873e-06,6
"20187",0.00231654134827422,0.0031427695823965,5.23902749534546e-08,0.000133551549874086,0.000389256120231137,0.00074584169640713,0.993271987312542,7
"20189",0.000145153847716231,0.970592203660252,7.90550666608957e-07,0.0197298803680252,0.00564205436916548,1.84695092776346e-06,0.00388807025324691,2
"20192",0.000151294542079938,0.408683499791382,0.194569191110963,0.368604540793047,0.00147264802851163,2.34775177368595e-06,0.0265164779822432,2
"20194",0.134560475789719,3.52197413499947e-05,2.93518347598442e-07,5.21810770891145e-06,0.0505237202297039,0.700983201177645,0.113891871435526,6
"20196",0.00117979919108829,0.0198831666205754,0.0872358511119113,0.891695299063557,5.80371645055085e-06,6.08418464879071e-08,1.94545704708901e-08,4
"20198",0.179736198356802,0.522675806697736,0.00287621691476981,0.0160047890189387,0.277817328710578,0.000579412888366402,0.000310247412809558,2
"20204",2.22147664846707e-05,0.000221184664567519,4.07101264270638e-06,1.29669550855137e-07,0.603951068286603,0.395793439162168,7.89243798236239e-06,5
"20207",0.0111639359296504,0.0210435282039104,0.0327368894772152,0.935023405301946,1.41140104898014e-05,1.81252290048106e-05,1.84778335443309e-09,4
"20209",0.0329230637220918,0.00391232779803391,0.0639660528134852,7.28785413772816e-06,0.85364670842272,2.86485784361224e-06,0.0455416945316873,5
"20211",0.00145824254342132,4.04392036420235e-05,0.998138778527128,0.000357514599063717,4.99539813670783e-06,2.97017917057046e-08,2.68165757253256e-11,3
"20215",0.801384637831246,0.0111240819537302,4.5190888912516e-05,0.186769712655146,0.000668078472857682,7.20878704064208e-06,1.08941106754104e-06,1
"20218",4.07063015684953e-06,8.4773828944019e-06,1.91411733880962e-07,2.2100539829715e-08,0.0181923435672288,0.981794202829273,6.92078172924563e-07,6
"20222",0.0238155351311199,0.0253449963664253,0.0241329605577439,0.92542245044952,0.00124139612727735,4.26477835344376e-05,1.35843794764011e-08,4
"20225",0.0470560314215107,0.000167394274684456,0.00015502958143433,4.10355845265223e-06,0.933511347879264,0.0189641458106613,0.000141947473992066,5
"20229",0.99850088332372,3.75772587198573e-05,0.000188993506409664,2.61630686162076e-05,0.00123474386134157,4.92456648864471e-06,6.71441470442648e-06,1
"20232",0.560199621635888,0.406744282376171,0.00355927587215331,0.0235119491082501,0.00597103394741324,5.41052658538144e-06,8.42653353798307e-06,1
"20234",4.17775088758028e-06,0.00333879722452969,0.0219053086038502,0.9747514323525,5.25611593800312e-09,9.87101075223461e-11,2.7871340681705e-07,4
"20238",0.00856084111533674,0.513660297622933,0.000750364176312027,0.476975281278751,4.36660924276496e-05,8.89124517859201e-06,6.58469061296458e-07,2
"20253",0.282140687326735,0.00403598729591338,3.22050568196922e-05,0.713786459456171,4.02022214102925e-06,3.13116964501696e-07,3.27525255579396e-07,4
"20255",0.00363208624816494,0.0020573997586794,0.000213482813975243,2.06468369180038e-06,0.993929635899889,0.000164261427240757,1.0691683586956e-06,5
"20258",4.06179674584074e-05,0.329241357964346,2.49318154539488e-05,0.670675978660466,1.6330241890725e-05,2.37086560616596e-08,7.59641728780228e-07,4
"20269",1.17252177888635e-05,0.925125009111023,2.43385078271359e-05,0.0522402799826089,0.00513475630225197,0.0174540050588315,9.88581966901041e-06,2
"20271",0.000104415820240151,0.512796681928981,5.52922564818332e-06,0.474744600214659,5.54668784003179e-05,9.59454014615865e-08,0.0122932099866699,2
"20285",0.00854350272694456,0.00264068150032002,1.65847325955616e-06,0.000222808245859853,0.0175932199016407,0.000701336348659498,0.970296792803316,7
"20288",0.799194173264271,0.101871600008866,0.000218584877463103,0.0974426611952272,0.00124167585059015,2.96381867358903e-05,1.66661684709585e-06,1
"20291",0.00333953139515472,0.416098952391229,0.334150634307885,0.24639182153558,1.70042138305258e-05,1.794273370239e-06,2.61882949937504e-07,2
"20295",5.80187610587154e-06,0.904903982233215,3.8139051984308e-05,0.0256803390290979,0.0128057764163167,0.00454364506406347,0.0520223163292169,2
"20298",0.000342626424812209,0.000195459750291663,7.4082079190087e-07,7.6064622724227e-08,0.997700190852168,0.0017411991423368,1.97069449765108e-05,5
"20302",5.43672708045682e-05,0.00744695570658465,2.35465876340371e-06,1.07322119405697e-05,0.347879667203898,0.643226610772826,0.0013793121751828,6
"20305",7.00986454850394e-05,0.00018935289106299,2.64602173131391e-07,4.36813957571553e-08,0.999034091252117,0.000208776102406016,0.000497372825359732,5
"20307",0.000663765306695825,0.115170490097145,0.000150353820674952,0.884014370971062,9.97923218216446e-07,1.42670473565251e-08,7.61415660914279e-09,4
"20310",1.23445448109551e-05,0.00198614149128206,0.000109685208797351,0.997891790323947,3.08103607011742e-09,1.74442681015328e-09,3.36056993544149e-08,4
"20313",1.13287068923654e-07,2.45242580406546e-07,3.00442802503636e-09,9.08909572247771e-10,0.00055972063638056,0.999433795574042,6.1213465904946e-06,6
"20315",0.00964748889548661,0.41728037959634,3.76737896838163e-05,0.572943310168477,7.9968743517621e-05,2.93104476494447e-07,1.08857020190299e-05,4
"20319",0.0107952091739227,0.00246270895920055,0.258291782045016,0.728438274057323,1.1949283157303e-05,3.41792227834995e-08,4.23021580120741e-08,4
"20321",0.00191193054514545,0.0164821357608183,5.91964600607339e-06,0.981594792612813,2.80037167498136e-06,2.1446633744223e-06,2.76400167200036e-07,4
"20327",1.67004704245213e-05,0.498200716409493,2.89716749053856e-06,0.501757063251329,3.72120555218852e-06,8.11577197781912e-08,1.88203379913476e-05,4
"20329",2.41474639211669e-06,1.46563620857402e-06,9.7883048573635e-11,7.03763315455831e-09,6.53612658941329e-05,3.42875384052188e-05,0.999896463677584,7
"20335",0.000204384723915681,0.0240256757759888,0.0513937606270608,0.924375250870609,5.53107641305538e-07,3.74697990340293e-07,1.96794230206427e-10,4
"20337",8.52260247438931e-05,0.000228355474132745,2.36040731358332e-06,1.60164661997913e-07,0.832309265625729,0.167370784393732,3.84790968693812e-06,5
"20339",0.402529768769611,0.000467818770661556,0.59256913240518,0.00179399803609771,0.00237765533832035,1.21992452330712e-06,0.000260406755605479,3
"20341",0.00185113516653367,0.00162004860359846,0.981342820848585,0.0148082938605218,3.16161158975552e-06,0.000374535863180634,4.04599057155896e-09,3
"20343",0.000103700079675354,0.0039533948208981,0.000939502168022645,0.994987815782849,2.87930602486904e-07,1.52849102657159e-05,1.43076869494518e-08,4
"20345",0.0130242358611014,0.0553238565408888,1.9062907572388e-05,4.30234939276378e-05,0.911630102288439,3.87298085504537e-06,0.0199558459272162,5
"20350",0.986773742690376,0.00127496494109037,0.00355682216694716,0.00605229000207561,0.00115614948479218,0.000982762027681743,0.000203268687036923,1
"20352",1.87627845439345e-07,1.41110246497785e-06,4.72245097495468e-08,4.41157696939674e-08,0.000277420330188835,0.999720736617189,1.52982032657541e-07,6
"20355",0.000423305592232236,0.002649809550663,5.89884856271533e-05,0.000121775683961448,0.0113116304975551,0.985369906273012,6.45839169491628e-05,6
"20358",3.08600895587148e-05,1.85399223842545e-05,6.31768483335418e-09,2.80420941870834e-07,0.0359024577599612,0.0102277677547473,0.953820087734722,7
"20363",0.00372829695268632,0.0545711402233934,1.09593777113905e-05,0.941662305828937,2.46135457183935e-05,2.57297201925404e-06,1.11099534337697e-07,4
"20365",0.113868383577335,0.174455462005419,0.610857786944655,0.092729355250004,0.00808802235122144,8.52148537641504e-07,1.37722827527715e-07,3
"20379",0.000388608442133305,0.0110504832812371,0.000472530416353819,1.0005827165959e-06,0.987284419008687,0.000668063676680324,0.000134894592191307,5
"20387",0.00021087785965313,0.514012116742601,0.0010764268389828,0.48462042293986,8.00039775169205e-05,1.13915298992987e-07,3.77260872242652e-08,2
"20392",0.000149339889613785,7.27388227731968e-05,0.998581579209009,0.00119495211558749,1.38840399754499e-06,1.5268320502365e-09,3.21868160386617e-11,3
"20395",0.445530920206692,0.0416215681223422,7.78951720703016e-05,0.000368175011925721,0.511581820027089,0.000800682001559211,1.8939458322352e-05,5
"20397",7.57841232260934e-08,1.08304125550584e-07,5.38279599742669e-10,1.28628590225687e-09,3.0158785780475e-05,0.00298827757539428,0.996981377726011,7
"20410",0.000692988000093146,0.905357204064496,0.000190348165841149,0.0925016436717949,0.00113702840557835,5.50340091479215e-09,0.00012078218879553,2
"20414",2.12439769742571e-05,0.00465698268127069,2.43275806809097e-06,1.18902823397881e-05,0.800974356940164,0.194303392625599,2.97007355840597e-05,5
"20417",6.92167561375593e-05,6.39521307966563e-05,0.299774000666222,0.700074781483442,3.75336226930813e-09,1.51895857876747e-09,1.80436910807774e-05,4
"20419",7.39341130217882e-05,0.0931284806688281,2.01115582333169e-07,0.906788137455355,1.29564822433776e-06,3.98669392971336e-07,7.55232959547147e-06,4
"20421",0.000733907052381049,0.0243552741489446,0.0151801556158993,4.29076963572884e-05,0.171866033283615,0.787818729059293,2.99314350954317e-06,6
"20423",0.000176025510547782,0.00247454829389929,5.54660571431864e-05,1.18363934508412e-06,0.653775534244632,0.343514513864788,2.72838964434968e-06,5
"20425",0.0348557698554977,0.000348921009067846,0.000105282617020269,1.80686888295764e-05,0.290700887622746,0.673970205490089,8.64716749994823e-07,6
"20427",0.00756922902095253,0.290590115729014,1.29407299675406e-05,0.00110788485213087,0.700500647498306,0.000186441055574152,3.2741114055821e-05,5
"20429",0.0148156685577045,0.173874669078924,0.00155167313517291,0.809399117625329,1.1522136299732e-05,0.000217764800373296,0.000129584666196516,4
"20432",1.01752645126077e-05,0.000154173803381321,8.48539285202793e-08,4.98120763538952e-07,0.257338082563025,0.742268374260847,0.000228611133542597,6
"20435",0.062060740426778,0.872181498961405,0.00842905681513176,0.0348998242035433,0.0223688767302897,2.49728585735585e-06,5.75055769947748e-05,2
"20438",0.024793360510852,0.0349761857496394,1.39990232360924e-06,0.939978304984285,2.40897873050088e-05,0.000197567152226917,2.90919133674096e-05,4
"20440",1.50087995216793e-05,0.392496556436593,9.18568606489275e-06,0.607446784190894,1.63907654287245e-05,8.39197166878707e-06,7.6821498286891e-06,4
"20443",0.000588424156055776,5.5048321599054e-05,3.42891008828841e-06,4.82460609575167e-06,0.000269912692619747,0.999077035382002,1.32593153970205e-06,6
"20446",0.00873212928606283,0.537411625277781,0.000977155585268221,0.112905668217603,0.334892586857198,0.00341412702326867,0.00166670775281876,2
"20449",0.770548529208276,0.199666809970539,0.00161290791694186,0.0181851791690561,0.00995751913526031,3.59839577201868e-06,2.54562041544823e-05,1
"20537",0.000414366288125096,0.543796189306532,0.34350588807212,0.111077260274825,0.00111675636603473,8.89733386631125e-05,5.66353700574501e-07,2
"20540",4.16156927127878e-06,0.000728834225125146,0.997948784355366,0.00131788080230393,3.37633252218733e-07,6.35653226487612e-10,7.79027872766006e-10,3
"20543",0.000852489690474969,0.842867164761907,0.000183785711669245,0.00139206499052709,0.153666554155485,0.00102964901517276,8.29167476471203e-06,2
"20545",3.2957749340543e-05,3.65527028568798e-05,0.999628803101928,0.000298381422700518,3.2324880592255e-06,7.25245480189386e-08,1.05667645504155e-11,3
"20549",0.00286778752041444,0.391074380291051,0.00339330540604779,0.000907163197532797,0.589126414499411,0.0126304073171157,5.41768427302952e-07,5
"20551",0.0693187151698093,0.750987770046832,0.000681414579791601,0.174997745773409,0.00392623111539892,8.80296004974996e-05,9.37142621106611e-08,2
"20554",1.77094195387544e-05,0.93780226473505,2.49676545760845e-05,0.0617913575798473,0.000360482817154798,2.00242014006618e-06,1.21537369320851e-06,2
"20556",0.970284400140612,0.00606926708553488,0.00478263273313529,0.00184090584609584,0.0169324774090595,9.02411670457798e-05,7.56185169049799e-08,1
"20558",0.00020555624436393,0.110957183495243,4.60467142779338e-05,0.888787157904496,3.96411148153789e-06,8.09249473719016e-08,1.06051902690181e-08,4
"20560",0.0112282159153776,0.569993932963182,2.86244063791614e-05,0.408654231931347,0.00533120667187536,0.00476312863428073,6.59477558513439e-07,2
"20563",6.92314040881231e-06,0.0205604890132187,3.29203566087211e-05,0.979399323441881,2.0089993951176e-07,1.20537591581254e-07,2.26103518020158e-08,4
"20565",0.214168374839915,0.145692103600422,0.000359048186712831,0.568339186030858,0.0434592446314266,0.0279792901280007,2.7525826650645e-06,4
"20567",0.000300912279602864,0.000241845654380359,3.06208263131938e-07,4.94530631200149e-07,0.0795022911279528,0.919864399075941,8.97511232286199e-05,6
"20571",0.907711599991309,0.000251508748455886,0.000133505255280668,0.0918847433073518,2.74915138406017e-06,8.11196143099831e-07,1.50823500753235e-05,1
"20573",0.0818072816799811,0.859771294864437,0.0012285678121776,0.0529936631749829,0.00390563301409061,0.000293002424865532,5.57029465190649e-07,2
"20575",0.000121455045780238,0.110534977951291,2.70214119685283e-05,0.889314933632604,8.45047935531799e-07,4.93326259349541e-08,7.17577793935515e-07,4
"20577",0.80312921634772,0.0519332361268196,0.000257725959377486,0.0021642683002643,0.142368955299309,2.20955788153127e-05,0.000124502387694387,1
"20579",2.38780414770882e-06,4.13436738365928e-06,1.83314076411924e-09,1.1201652463796e-08,0.000878793798081439,0.882997610212739,0.116117060782855,6
"20582",6.15326094118226e-05,0.00629636248663819,7.59797434153557e-06,0.993634354778241,1.3829063813328e-07,3.31780397562007e-09,1.05429254585194e-08,4
"20585",0.0276327410838282,0.014294069080516,0.92899592905827,0.0257696734444553,0.0033071160581207,4.64169029878379e-07,7.10578014330885e-09,3
"20588",0.0567252381913602,0.00435633286120026,0.936747325908787,0.00044251325775255,0.00163730260886775,9.08170513221313e-05,4.70120710026672e-07,3
"20590",1.14641737082898e-06,1.82593765799541e-06,1.099267708019e-09,1.77027139559408e-09,0.00447446657492285,0.994590892858634,0.000931665341875109,6
"20592",0.000120309445919842,0.0100525855363673,5.49902875438525e-06,0.989821351259763,5.91397351320856e-08,1.90753613823284e-07,4.83584659728852e-09,4
"20594",4.50647331900753e-05,0.0232437428911169,4.99849785794281e-05,0.97666057051939,4.91000104252847e-07,7.1810888491194e-10,1.45159511045371e-07,4
"20596",0.000425161372379967,0.936373546788186,5.51199259391366e-07,0.0616539492777172,0.000818026433193259,0.000141430042973767,0.000587334886290404,2
"20598",0.00219273816623184,0.820848897386676,3.38266317499514e-05,0.175029992927764,0.00189064210138,2.45167592062094e-06,1.45111027814851e-06,2
"20600",0.731444304573132,0.0241763253565422,0.220666752788051,0.0020217303396477,0.0212734127038974,0.0004174016543552,7.25843745446333e-08,1
"20603",0.0128140746922601,0.00357169497776364,0.0015705908508407,4.68808933142784e-06,0.979615110223464,0.002414822685911,9.0184804290905e-06,5
"20605",0.0263923255263112,0.508107161353081,0.000170734418163493,0.46529394621595,3.04070045592227e-05,9.31314628141961e-09,5.41616878847524e-06,2
"20607",0.0398318584077112,0.389651972142706,2.62745948115353e-06,0.570297451317203,0.000181338462102734,2.84297160217841e-07,3.44679136356974e-05,4
"20609",8.19061271725112e-05,0.916829894423591,2.92587138032509e-05,0.0805427681451778,0.00250629189100641,6.72158547584497e-06,3.15911377338575e-06,2
"20611",0.000473508671429139,0.000267552809019441,3.16346636267462e-07,6.68600026466119e-08,0.995199385764072,7.47468143676743e-05,0.00398442273447277,5
"20613",0.000505704104357458,0.891347747945177,0.000878977560724486,0.00508665176547991,0.102164911235226,1.33316207715918e-06,1.46742269587881e-05,2
"20615",0.87965300877554,0.0389270198472661,0.0082123658993734,0.00773899013459016,0.0649029214450132,0.000565607009632617,8.68885848881615e-08,1
"20617",1.05283960107054e-06,1.40545703904073e-06,6.11715951845801e-08,9.0941321319096e-09,0.0016943829243349,0.998302805421773,2.83091524397906e-07,6
"20619",0.00396895265992193,0.0120034404698783,2.03454089634764e-06,0.984024124228314,3.92133984972147e-07,8.32306150604415e-07,2.23660853804013e-07,4
