"","V1","V2","V3","V4","V5","V6","best$classification"
"19811",0.0337697277315189,0.00203366416554004,0.00122579762999386,1.36601046836161e-07,0.962943558082548,2.71157893526673e-05,5
"19813",0.999951607878526,1.94191699901928e-06,1.29070080017171e-07,1.89014266784073e-09,4.5484545055018e-05,8.3469919722557e-07,1
"19815",1.7883735740148e-06,0.0201277616300301,1.97869218541358e-05,0.00032794357964267,0.978378113371409,0.00114460612348976,5
"19817",6.41894818372926e-06,0.00358617249284933,0.000810387440956303,6.64873785698005e-06,0.99548886763059,0.000101504749563388,5
"19819",6.15120223789634e-10,3.5881722404554e-05,4.57131512576709e-07,0.176725899939062,3.43805264286274e-05,0.823203380065472,6
"19821",0.0116968685930044,0.000721341554625235,0.0283376606605498,2.28854234257419e-07,0.958242074203395,0.00100182613419185,5
"19823",3.97779446440257e-06,0.000869299303402133,0.000291488875165044,0.0448368350133864,0.95362542735772,0.0003729716558619,5
"19825",0.00587918535822563,0.00676970277615114,0.874540702014752,0.000325549355506351,0.00218499593441599,0.110299864560949,3
"19827",6.69541692820275e-07,7.80425365065916e-05,0.432677022663544,6.42523174845044e-05,0.56686084468727,0.000319168253502314,5
"19829",4.4822056710595e-06,0.000385614647480044,0.00814632330654276,6.7334923867367e-05,0.00180290687102894,0.98959333804541,6
"19831",1.16314583543474e-06,8.63776428538334e-05,5.69700037449702e-07,0.144554863911493,0.000239872793261421,0.855117152806519,6
"19833",5.64315018342968e-06,0.00288965040818202,2.29078544350507e-05,0.997062235749598,1.34619145167036e-06,1.82166461500394e-05,4
"19835",0.0116968685930044,0.000721341554625235,0.0283376606605498,2.28854234257419e-07,0.958242074203395,0.00100182613419185,5
"19837",3.40021457316426e-06,0.000103206181595369,0.0339500900593838,5.57973008985461e-06,0.965210602136748,0.000727121677609795,5
"19839",0.00197940577594868,0.00163783201529574,0.0276115838541826,2.18008842498775e-05,0.00402099398722651,0.964728383483097,6
"19841",7.75123528927983e-05,1.54721823245605e-07,0.999891152120185,2.32323545047605e-08,1.62450726479506e-05,1.49125000961192e-05,3
"19843",0.0236260646945181,0.00520694391563273,5.46055088338886e-08,7.05038661915868e-05,3.26707695499908e-05,0.971063762148599,6
"19845",0.90890639072723,0.000312726115460561,3.13751653056884e-05,8.73329141314324e-08,0.0907462906774995,3.1299815906084e-06,1
"19847",0.00551398265786206,0.018195387774955,2.19235480018492e-05,5.0268426296747e-05,0.971915671246075,0.00430276634680976,5
"19849",0.999906815930816,4.45404772671918e-07,3.11845631635588e-07,6.80919334485782e-10,9.23333711212173e-05,9.2766739030205e-08,1
"19851",1.72940647802619e-05,0.00117066007994635,5.45957465818726e-05,8.34698142594069e-06,0.998717587883285,3.15152439804197e-05,5
"19853",0.0144558916801423,0.00024039203698742,0.000651396329917684,4.94654293283451e-05,0.984602165420352,6.8910327184289e-07,5
"19855",0.00076969874883961,0.000284881532637204,0.00441165878325888,2.0005713076327e-06,0.994528178810385,3.58155357194676e-06,5
"19857",0.0120459845507187,0.00933263871068246,0.0216476583975237,9.84845033486317e-07,0.949248965963827,0.00772376753221487,5
"19859",1.41312413169317e-05,0.00285602306381844,0.0136204707952803,5.80805047540576e-05,0.982577974022558,0.000873320372272205,5
"19861",0.0986799479589526,0.000756221900382409,6.28131812994683e-05,5.95032056625199e-07,0.90047526489452,2.51570327890218e-05,5
"19863",0.992889674127692,8.6919522956586e-07,0.00708205676697621,7.01219487751884e-10,2.7318122186229e-05,8.10866961312397e-08,1
"19865",1.62325854498832e-06,8.04523579233149e-06,0.997961635803145,1.85907481606587e-08,0.00202609190880487,2.58520296487302e-06,3
"19867",0.00497268196658639,0.0101404458737624,4.69339099168476e-06,1.42067733666678e-05,0.9842696657026,0.000598306292692454,5
"19869",0.990165279785956,3.41455406633907e-06,9.33954370052164e-05,1.97891165954003e-09,0.00973770559488855,2.02649171978294e-07,1
"19871",2.1931986521909e-06,0.0010262230157392,0.0450233249055215,5.9550137572016e-05,0.9514617587999,0.00242694994261525,5
"19874",6.44304187337997e-06,0.00063232302157778,0.819839270318928,4.02032796724284e-06,0.179505617250237,1.23260394166945e-05,3
"19876",0.000333199528038758,3.92278197540735e-05,0.300367805310257,1.20995110537041e-07,0.699257149342152,2.49700468772005e-06,5
"19878",7.00105050293417e-06,0.995434951577004,4.60749246914816e-06,4.9646639775619e-05,0.000672845910000715,0.00383094733024806,2
"19880",1.55228171518596e-05,2.49473315817937e-07,0.998624350820632,4.3411237732385e-09,0.00135978042129619,9.21264806896452e-08,3
"19882",0.220292176754266,0.0142088778215035,0.0019177789764617,1.58737785004383e-06,0.763558528746578,2.10503233409377e-05,5
"19885",7.78839301803477e-06,0.00648493743210746,0.000698441640124285,4.26925749149194e-06,0.988174143399597,0.00463041987766167,5
"19907",0.0509124585287762,0.0146985445547645,3.02277804404873e-05,3.06984214448924e-06,0.934151572875041,0.000204126418832794,5
"19909",0.000142680525506325,5.21593675397907e-05,7.39175846307836e-06,2.76471903899704e-05,0.0102525534089009,0.9895175677492,6
"19911",2.34843905112871e-05,0.000553189311135425,0.0219750078585704,0.000736032536163525,0.0230434284664447,0.953668857437175,6
"19913",7.09920601645822e-07,8.27613842391464e-08,0.999979956041154,3.19302064597252e-08,1.88529476534804e-05,3.66399000042777e-07,3
"19915",2.88480559276515e-06,0.000241577556322626,0.44271515545815,3.30023594845478e-06,0.557022817299632,1.42646443545208e-05,5
"19917",3.38360420157319e-06,5.23145760572451e-05,0.988128934317301,6.16546927882684e-07,0.0117779098480648,3.68411074475066e-05,3
"19919",1.91631239547518e-06,0.00520697943378734,0.161626007007436,2.07271572483828e-05,0.832890444976052,0.000253925113081816,5
"19921",0.000178596514399492,0.00522829915893054,1.45727621023805e-05,4.38628110945594e-06,0.994418377582664,0.000155767700794011,5
"19923",2.45031341035066e-05,0.974986585144382,3.34142979878727e-07,0.000865911195900039,0.0219270270096372,0.00219563937299695,2
"19925",1.09599665634284e-06,0.000155154265052868,0.948049390262921,8.94140026561909e-07,0.0517835684499942,9.89688534867027e-06,3
"19927",2.04413433951455e-05,0.00032154932599133,0.000227816992593492,3.66093836590637e-06,0.999392654044134,3.38773555201008e-05,5
"19929",0.481272453127931,3.05290442408962e-07,0.518542997310092,1.43048574352772e-09,0.000183976267408465,2.66573640368316e-07,3
"19931",9.46206523496523e-07,0.000966017287302615,0.00101012477354458,3.77622992605643e-05,0.997473108898536,0.000512040534832823,5
"19933",6.52264057917237e-07,0.000448033438871165,0.00121280195216183,0.000772956850775492,0.321108189231272,0.676457366262861,6
"19935",0.000621120888359756,0.0156368423626063,0.00184169955860009,4.56434528520137e-06,0.909751991940537,0.0721437809046114,5
"19937",2.38943883387882e-06,0.00320608403033955,2.29541663996767e-05,0.000110976619961922,0.996471223447755,0.000186372296709531,5
"19939",6.31433573896509e-06,0.246789610396248,0.00187873330047655,3.62820335022659e-05,0.750836555358784,0.000452504575250699,5
"19941",0.000291561503260792,2.29302308173964e-05,0.0488492449076323,4.72952536212738e-05,0.00705024610677332,0.943738721997895,6
"19943",1.68481027875945e-07,2.20537092622503e-06,0.999261939429054,2.0667568990794e-07,0.000734676732409221,8.03310892249219e-07,3
"19945",3.00544162118259e-07,0.00648809113005522,5.20378438991683e-05,0.00182891030417546,0.0828069125405591,0.908823747637149,6
"19947",0.0271789742219192,0.00066865537842002,0.841733919811857,0.000112780913697347,0.0183581666142483,0.111947503059858,3
"19949",9.20924268821247e-07,0.909699327665778,2.33212287305908e-06,0.00251092333513132,0.057968249368272,0.0298182465836772,2
"19951",1.20022932227839e-05,0.0471491469805398,0.741337579891244,1.32829113531032e-05,0.210526770105177,0.00096121781846278,3
"19953",5.09218590551039e-08,0.00143921289998515,5.41270206887562e-08,0.876869425713835,0.000859408324193173,0.120831848013107,4
"19955",1.90254674767509e-05,0.242327912188195,2.85931271065679e-06,0.0321760097886427,0.00204404376461193,0.723430149478363,6
"19957",2.80097379282929e-05,0.000322697088481838,0.892543742597266,0.000975174872298285,0.105288161828349,0.000842213875677119,3
"19960",4.26716270489461e-05,0.00566774238884827,0.000301736576882276,5.55627199321988e-05,0.00136747343627459,0.992564813251014,6
"19963",9.15246385754834e-05,7.50806270690851e-06,0.934297861916805,0.0648444905575138,0.000445328024189343,0.00031328680020939,3
"19965",6.17356122419795e-05,0.107863564333835,2.79959853237553e-08,0.000224793463540895,0.000127753798817593,0.891722124795579,6
"19968",0.198232444079258,6.2215195171242e-05,0.785708581574563,6.2361188240177e-09,0.0145653925251515,0.00143136038973828,3
"19971",8.77319984907532e-07,5.26296983944685e-05,0.997096731030854,0.0020888072490057,1.66883604025011e-05,0.000744266341358185,3
"19973",3.19290095945024e-05,0.000674907729609898,0.00497009317250948,3.46320129159236e-07,0.994232899866684,8.98239014732947e-05,5
"19975",2.95027257221225e-05,5.9856899898464e-05,0.975754578813228,2.4156990109651e-08,0.0241279834895795,2.80539145815319e-05,3
"19977",0.000176581738052752,0.00120553062635415,0.997924492077929,3.80321653083228e-05,0.000598948634045624,5.64147583102347e-05,3
"19979",5.37771926567885e-10,8.51098218898581e-06,7.34746892186504e-07,0.000226379724881405,1.27014430475951e-06,0.999763103863961,6
"19981",0.000629514999694441,0.000931590902969695,0.000490737098383852,1.03913747718962e-05,0.986557587476163,0.0113801781480173,5
"19983",0.000492029857615065,0.269356705458323,4.37805780141115e-05,6.13329214933717e-05,0.711106134677631,0.018940016506923,5
"19985",3.91745696339346e-05,0.000160542144547814,0.830039165012423,1.69352227910875e-07,0.169758185294312,2.76362685554724e-06,3
"19987",4.99234685238267e-06,0.000340105391962135,0.0453585822262553,6.26754449564725e-05,0.915517753054054,0.0387158915359199,5
"19989",1.18215734318605e-09,0.00011776660983597,4.31852565447494e-09,0.00328539772189931,1.86094634680157e-05,0.996578220704114,6
"19993",9.32561101154483e-07,0.585643152430221,0.0202236673308157,0.000326049261693846,0.23292579699524,0.160880401420928,2
"19995",7.48948154784931e-06,0.03648024100368,0.00700499376103985,0.000212141083866814,0.186323348759977,0.769971785909888,6
"19997",3.6338734354096e-05,0.0004527711256973,0.00894531115518564,1.58419099952277e-06,0.990536334275768,2.7660517995394e-05,5
"19999",0.000851759218596059,8.0468015475289e-05,0.0466871294048482,9.08726251668349e-08,0.952376362206535,4.19028192042601e-06,5
"20002",0.604277626877227,9.20260287789162e-07,0.395063228388286,1.29632376213692e-06,0.00044784329853494,0.000209084851903097,1
"20004",0.000306038343116666,4.53068757758783e-05,0.00560381096188916,4.17643932953206e-05,0.115920799927017,0.878082279498906,6
"20006",0.00214322878965311,0.439869935333821,0.000769433475556167,0.00158479902006455,0.00700227887558514,0.54863032450532,6
"20008",7.58898143574336e-05,0.815321665875965,0.000110823625480856,0.00270280319097064,0.00396140629755894,0.177827411195667,2
"20010",1.89296527642804e-08,0.325259284245746,4.51261406699183e-06,0.0240258223373379,0.0139416077885124,0.636768754084684,6
"20012",0.00861667402976386,0.0031900403391718,0.838835062380332,1.26142826597193e-07,0.149320486044372,3.76110635331705e-05,3
"20015",7.49569313984321e-07,0.00215673781268074,3.87861140047821e-08,2.65889417495658e-06,9.95944773599813e-06,0.99782985548998,6
"20017",0.0019822207423988,0.000110934607698831,0.0197892546867584,1.43023053821452e-07,0.978101924408854,1.55225312365651e-05,5
"20019",2.26303813850052e-10,0.00048403588260169,6.2326175512662e-09,0.00209510352673631,1.9094516443589e-07,0.997420663186576,6
"20022",2.0834264926791e-08,0.00605388062901326,1.65933249188289e-06,0.00119635057610826,0.00325162159613419,0.989496467031987,6
"20024",1.45946603699374e-07,0.000440456164035667,5.23059834412015e-08,0.568660383871485,7.23082387957784e-06,0.430891730888013,4
"20026",1.45946603699374e-07,0.000440456164035667,5.23059834412015e-08,0.568660383871485,7.23082387957784e-06,0.430891730888013,4
"20028",0.000121392235275587,2.90784442833767e-05,0.120866989633317,5.44461384477127e-07,0.878976157713713,5.8375120264922e-06,5
"20030",4.68494968604887e-06,6.89908125534538e-06,7.49105968510945e-05,4.85414200347698e-06,7.11052204651501e-05,0.999837546009739,6
"20033",2.88164347923758e-05,0.000250009451818533,0.211021680932607,3.07430412231212e-06,0.787789809736058,0.000906609140602567,5
"20035",5.59812503343424e-10,0.000857972471639054,7.4778753083641e-09,0.00315554228355919,6.15447210112372e-07,0.995985861759904,6
"20037",1.73579364887072e-08,0.00150051902930712,2.36010279251703e-10,0.000307582745594205,8.13996470262841e-07,0.998191066634682,6
"20039",1.22093166622646e-10,5.87795094028683e-05,6.03367098509528e-11,0.999781529026981,8.08740367145573e-08,0.000159610407149265,4
"20041",5.36932701006166e-06,0.976972736273807,5.38790599456326e-05,0.00125311899927364,0.0137539780879025,0.00796091825206148,2
"20044",2.58269275327223e-05,0.87183119305889,0.00258000272000729,0.00898901813102313,0.0626474973918731,0.0539264617706739,2
"20047",1.58633540452944e-10,2.17625311528899e-05,6.88718459376602e-08,0.00605607374919685,7.37584298875464e-08,0.993922020930741,6
"20050",1.32656695441171e-09,0.482614527122553,3.17190019696326e-05,0.442554970164566,0.00478240483707297,0.0700163775472718,2
"20052",4.85132850066193e-07,0.0184977722192351,0.0369687708095197,0.000867403726842248,0.929703984764628,0.0139615833469251,5
"20054",1.46179236814536e-05,0.000196322784686818,4.32853283194964e-06,1.13594834813379e-06,0.000238190068601001,0.999545404741851,6
"20056",5.26737063226629e-07,3.09464130894116e-06,0.99825845169022,1.81664098253463e-06,0.00161772415473934,0.000118386135685422,3
"20058",1.47202499903658e-08,0.000266508912785192,1.05069839428301e-09,0.000929667326472686,1.44459755118038e-05,0.998789362014282,6
"20060",1.19952001279339e-05,0.00151950426141221,0.000343386157793751,1.1127012594298e-05,0.997549940911158,0.000564046456913637,5
"20062",2.16336089856707e-05,0.18606233385828,0.000178317885214826,1.80224479752662e-05,0.808101473063769,0.00561821913577545,5
"20064",1.46053497613683e-07,0.000387219519795028,0.000221087416320042,7.0054938439232e-05,0.0209105524126737,0.978410939659274,6
"20066",6.73737082976291e-07,3.966968695043e-06,7.2755001094364e-06,1.35146656029985e-05,4.8752155372373e-06,0.999969693912972,6
"20068",0.000884886791848249,0.0107847898596244,8.27247657180453e-05,1.39113773748761e-06,0.988195903284205,5.03041608664181e-05,5
"20070",4.94708118734909e-05,0.0162765294965121,4.63967034495685e-05,0.000217994661458939,0.983323219569502,8.63887572042813e-05,5
"20072",0.00406191248303969,0.0116830465405363,2.85845646491319e-08,2.49065010597515e-05,0.000333470117959853,0.98389663577284,6
"20074",0.000505935806918968,3.16267006302664e-07,0.999448790375064,3.23460141356631e-09,4.48863030569162e-05,6.80133527547148e-08,3
"20076",0.288437726007956,0.000464332141499434,0.654940863077644,1.10965253299888e-07,0.0465896571574714,0.00956731065017554,3
"20078",8.18456208417011e-07,0.00323520976923452,0.000138718409373013,0.00231832137787655,0.0294372996136452,0.964869632373662,6
"20080",6.68778381883935e-11,0.000228579728122935,2.08244668598643e-08,0.00083977069770949,1.60175526708641e-06,0.998930026927556,6
"20082",1.93105391255576e-11,1.13456863620336e-05,4.20723738284495e-08,0.996546088745675,4.92339463916096e-06,0.00343760008163937,4
"20084",2.80005478373214e-07,0.000503393776506504,0.0297343309501887,0.0118206337596493,0.00960514868993095,0.948336212818246,6
"20087",3.15130212509801e-05,0.0520418820527627,7.7033405069338e-07,0.000554152128027864,0.018152980543203,0.929218701920705,6
"20090",2.18604589644868e-10,0.0566494432249038,1.85173731871497e-07,0.0207950612344719,2.04296111109129e-05,0.922534880537177,6
"20092",0.000587702157552528,0.261917461594918,1.37196291431221e-07,0.66914739322033,0.052910669444445,0.0154366363864625,4
"20096",9.446803385101e-06,0.0821423310643969,0.00988108050046441,0.41325402498842,0.486860869899673,0.00785224674366093,5
"20098",4.05951093735092e-06,0.000464209408406322,0.216765954894434,6.70664931903567e-06,0.782530832051184,0.000228237485720041,5
"20101",2.08412959603508e-09,0.000361602449036168,0.000115062369932391,0.00109310709067127,6.67892104184152e-05,0.998363436795812,6
"20104",0.373287836033231,0.0031349768432808,0.0016807539001958,0.0573730731554758,0.564406879924766,0.000116480143050424,5
"20106",6.72564786370362e-09,0.0048686109662592,5.69706274643686e-05,4.70734666242204e-05,0.000477804117276009,0.994549534096728,6
"20108",0.000114375645852684,3.1559575055912e-05,0.0151318852043052,8.93000822041398e-07,0.984399277632702,0.000322008941262667,5
"20110",2.88639391118164e-07,0.399970009568218,0.144559930977827,0.156539414822717,0.294731759197893,0.00419859679395404,2
"20112",2.63371170742816e-08,0.276019708103523,2.98314986107267e-05,0.0105107346418866,0.00898676112680842,0.704452938292054,6
"20114",1.96748406093803e-06,6.54738466767333e-05,0.0779825794175564,0.00158717659093474,0.061007770876057,0.859355031784714,6
"20116",3.65921110535629e-05,0.000103872449463398,0.0176907266147578,5.87791905403885e-06,0.00443264235558702,0.977730288550084,6
"20118",2.33466710640637e-06,0.000698968477614864,0.0805943072416963,0.00022992368768693,0.858182060092631,0.0602924058332646,5
"20120",1.56712655169718e-09,0.0061730801392514,0.000895894494256432,0.0239860730299832,0.00461689647073338,0.964328054298649,6
"20122",1.36730154844506e-05,8.09089713638005e-07,0.998665323255988,1.7815310103751e-08,0.0013158756848826,4.30113862094331e-06,3
"20124",1.17726118421193e-07,0.000922737366009834,2.20595940238086e-09,0.00200527297794308,8.91097624252524e-06,0.997062958747727,6
"20126",9.73959374441438e-08,7.10907429036701e-05,1.2235112854071e-07,0.994926050741936,1.3248237237217e-06,0.00500131394437104,4
"20128",1.73869930318536e-09,0.000208409556783432,1.27888571465787e-09,0.824305116439567,2.23349874065028e-08,0.175486448651077,4
"20141",8.13495018095856e-05,0.000209740423711827,0.0745633340937532,0.0186500793591363,0.906428587170002,6.69094515872361e-05,5
"20143",9.33431891289091e-06,4.0866686838197e-08,0.99996620467912,4.47193255127279e-09,2.43441999685829e-05,7.14633791615242e-08,3
"20145",1.34488487523873e-09,0.00624513280402049,7.10072754052278e-06,0.00366638013560527,0.00596997598209539,0.984111409005853,6
"20147",1.37856423885454e-08,0.000498066552904827,4.67197007364634e-06,9.82164636717946e-05,0.00102172996565665,0.998377301262051,6
"20149",7.397860804479e-06,1.18721588792626e-06,0.998879683176123,3.37864208467882e-08,0.00111123451667782,4.63444085923169e-07,3
"20151",3.37280205801854e-06,0.000628574665071642,0.0818292688240939,2.97685676576147e-06,0.917250211641043,0.00028559521096805,5
"20153",5.10477966653499e-08,0.00372042904909134,0.661024731585618,0.0073456564286528,0.326746863805178,0.00116226808366329,3
"20155",4.88725768230183e-08,0.0372738188397255,4.29815001062173e-07,0.000123019481995284,0.000110122916215816,0.962492560074485,6
"20157",2.92376776724603e-06,7.48785589427522e-05,0.549071076998929,8.48351433163609e-06,0.450722908105811,0.00011972905421897,3
"20160",1.36909108843275e-06,5.64056167163884e-08,0.999959408042739,1.12997941704919e-08,3.89987727643036e-05,1.56387996849953e-07,3
"20162",7.63754200138967e-06,5.8995299052943e-07,0.996528149401415,1.12012615391114e-08,0.00346342983069379,1.82071638402187e-07,3
"20164",2.80406028856734e-06,0.00110686373758284,0.955316308142475,1.23286381088753e-05,0.0434893430694383,7.23523521066138e-05,3
"20166",0.000160274904786466,8.40995851019955e-05,0.000761527001504381,4.37543991966383e-06,5.79919988061082e-05,0.998931731069881,6
"20168",0.997416285035661,1.19313797923143e-05,0.000545645265186385,2.19123280824426e-07,1.42166424569053e-05,0.00201170255362282,1
"20170",1.61770954108798e-06,0.000222026073273367,0.298290220173541,2.83496908584989e-05,0.701281533619984,0.000176252732801823,5
"20172",2.22374482632773e-08,0.00186244253623357,3.92244036621558e-08,0.000981643462732824,0.0019054592485145,0.995250393290667,6
"20174",0.145349347875154,5.06330843258712e-05,0.236905297859549,2.63327961917915e-08,0.617688924512331,5.77033584236542e-06,5
"20176",0.999790744450069,1.48922209547019e-05,4.86067269564345e-06,1.49967897998032e-08,6.59758326132857e-05,0.00012351182687758,1
"20178",6.7191727274917e-07,7.21902595699272e-08,0.999978074553211,2.35143421026181e-08,2.09814143134237e-05,1.76410600914409e-07,3
"20181",1.00512991757231e-06,1.36039638134587e-05,0.00302729821685749,6.47076849386672e-06,8.11895411866564e-05,0.996870432379731,6
"20183",2.73994212660944e-06,0.0043761640603315,1.11312639734485e-05,0.000619983646637377,0.992181173463545,0.00280880762338626,5
"20186",0.00277489296508393,0.0804538270220513,3.24352639984336e-07,0.00330084486715266,0.894031723422711,0.019438387370361,5
"20188",8.25990097902302e-07,2.64647882581918e-07,0.999754720765338,2.43497075862415e-08,0.000244001595620273,1.62651353480587e-07,3
"20190",2.00794370167084e-08,0.000146437748618256,2.6974395475417e-07,1.28730966836311e-05,2.01841074776389e-05,0.999820215223829,6
"20193",0.0329581460463203,0.000343353326900657,0.964830805655985,8.52088558332079e-07,0.000216423693445604,0.00165041918879026,3
"20195",2.85515622003395e-06,0.00414266676127891,0.82423967330482,1.34905544972992e-05,0.170400747416855,0.00120056680632884,3
"20197",6.25590203497046e-08,0.0165158867126126,8.24708102262965e-08,0.000331217504072555,0.00112435439142288,0.982028396362062,6
"20199",1.24109478765618e-06,7.56986797396845e-05,0.938415812641809,3.23939386329036e-06,0.0615005965354534,3.41165434706802e-06,3
"20205",1.16337898126935e-10,0.000907925136093713,4.58983450758959e-09,0.998950500673375,1.07676865898902e-05,0.000130801797768772,4
"20208",2.84522408637954e-05,0.00271765802920964,0.0152525432675568,5.97407217912658e-06,0.980515247825391,0.00148012456479978,5
"20210",3.06565700179502e-06,2.74403580216607e-06,0.988422260262341,5.39470872575187e-08,0.0115711821681981,6.93929569757891e-07,3
"20212",5.16217847100521e-06,0.000330992367904293,0.879503839674535,2.68809034095032e-06,0.120053974774149,0.000103342914600156,3
"20216",1.98964534888272e-07,0.000143456488435805,4.78785470894188e-05,4.38254076458915e-05,0.00143278169667329,0.998331858895621,6
"20219",3.77554652626494e-09,0.0126287396730101,6.70700109636321e-05,0.645311926157135,0.00536319502760762,0.336629065355738,4
"20223",0.00184510102392427,0.00707932804346494,9.63118789966097e-10,0.000228511741912153,3.64038717508045e-06,0.990843417840405,6
"20226",1.71361777619598e-07,0.951020429740632,0.000244897007220302,0.000272966227353446,0.0446415697385698,0.00381996592444708,2
"20230",1.52560679697798e-08,6.71772616140202e-05,3.06566556148512e-08,6.96621563792075e-05,7.45624511459121e-06,0.999855658424169,6
"20233",5.95723929816285e-07,0.000297793731152377,2.41261272513319e-05,0.997764278640048,0.00191142288625356,1.78289136516463e-06,4
"20235",0.000146196198638722,0.117423232748609,5.91673525648276e-09,0.0306913780248809,0.000132261726047536,0.851606925385088,6
"20239",0.00247518301707348,0.183436742232037,1.46394131631592e-06,0.000470764393016961,0.00570866758059874,0.807907178835957,6
"20254",3.43644428942135e-12,5.35578097791579e-05,3.46549280682641e-09,0.995979075904665,8.54097204303113e-07,0.00396650871942257,4
"20256",2.52168015080346e-07,0.000280234782712819,3.98203350423408e-09,0.000222310538568931,3.2619745072719e-05,0.999464578783597,6
"20262",2.02110812496023e-06,7.14534554491998e-05,0.651791129752051,2.17279807251938e-06,0.348054696743133,7.85261431693413e-05,3
"20270",0.00209584910154067,0.000403740190939456,0.00377061292831877,1.79543308824999e-05,0.0144125361003487,0.97929930734797,6
"20284",3.20640168841274e-07,0.0493631605070395,3.18782025542259e-05,0.363391828271914,0.577372344823352,0.0098404675549712,5
"20287",9.79338900912566e-08,0.0024490187865738,9.23054511691962e-10,0.000104361993874886,3.09030343884362e-07,0.997446211332263,6
"20290",2.9497700302528e-10,0.00475490903003477,2.65577578535125e-05,0.991489820424457,0.0019814788658625,0.00174723362681561,4
"20293",6.87582694527491e-07,0.000673370787081016,1.00789994458311e-05,0.00198670491488984,0.0424511294546485,0.95487802826124,6
"20296",0.0150318359748657,0.000508028689028606,0.690682915363873,7.87748336697046e-08,0.286411164447385,0.00736597675001443,3
"20301",4.13045582821554e-08,0.00118355980930098,1.0036069928873e-05,0.000379828118169028,2.7350006907739e-07,0.998426261197974,6
"20304",6.39295949443025e-11,6.23117478113613e-06,6.8438308335237e-08,0.995730457800613,1.27842965449057e-05,0.00425045822582341,4
"20306",1.85912114456456e-08,0.000224645514369168,1.08942692382188e-09,0.00195787716606795,1.18099977144968e-05,0.99780564764121,6
"20309",1.31297818168147e-06,0.179425228583302,0.000191878881445146,0.00373567313583799,0.302502556048293,0.514143350372941,6
"20311",1.12799644150056e-06,0.000644370095317668,0.00032100086895549,0.000750600929204212,0.0034700554921844,0.994812844617897,6
"20314",4.12648399994777e-07,0.000826951001185877,0.0240052287027124,3.71029123827186e-05,0.973165055060898,0.00196524967442059,5
"20318",1.0362856986404e-05,1.28520905178855e-07,0.999875815443566,7.4765172248028e-08,9.87887666652229e-05,1.48296467049356e-05,3
"20320",1.34446379102664e-05,0.530488821187473,0.00220421092149962,0.00168697479342673,0.464678656535661,0.000927891924030262,2
"20326",9.98870809289596e-07,0.000381593881979981,0.0527257443264731,9.27509822525703e-05,0.944118670827962,0.00268024111052289,5
"20328",5.05581353540666e-06,0.142726260508682,1.65647683322366e-05,0.00132733502291554,0.855059241360597,0.000865542525938492,5
"20330",7.53739530025416e-07,0.834015623431223,8.35358252815038e-07,0.003929290555044,0.000312310460596679,0.161741186455354,2
"20336",7.42129797361616e-09,0.00218705417041097,7.90290057728268e-07,0.961708057511114,0.0246432170242855,0.0114608735828341,4
"20338",3.67730762133788e-09,0.00367463827202158,0.000101181080368353,0.979555802185886,0.00101953673941881,0.0156488380449981,4
"20340",4.35076916944112e-08,0.000137940296616075,1.86754080014132e-08,0.000400929055998698,2.17713912707745e-06,0.999458891325159,6
"20342",4.67633238571795e-05,0.0241018277468599,0.000249755470474147,0.975090900320286,9.95567602973231e-05,0.000411196378225309,4
"20344",1.90741994459945e-07,0.000210602027670382,3.01034764009612e-07,0.000520623230945849,0.00128203263007809,0.997986250334547,6
"20349",9.88504835097757e-08,3.30556765120508e-05,2.60589518282471e-09,0.0001319687075018,2.08302509845288e-05,0.999814043908623,6
"20351",8.64473035473216e-07,0.00878425711139988,0.000565686949188688,0.0129638996102874,0.0455604845374848,0.932124807318604,6
"20353",1.08753687693199e-08,0.687107895858036,4.16635644302621e-08,0.0230835790411447,0.000184511578346838,0.289623960983539,2
"20357",1.16685522595962e-10,0.00230285801113481,2.88522119728559e-10,0.996894928061349,5.17033008054729e-06,0.000797043192227566,4
"20360",0.0002751674328836,0.718298447864422,7.15862702253596e-07,0.276471274965469,8.05126781148146e-05,0.00487388119640766,2
"20364",2.54113995830311e-08,0.262208985601502,1.28872394816978e-05,0.00223513676700808,0.0295323353217151,0.706010629658894,6
"20366",6.24105394550438e-09,0.000662614929844311,1.04965907710252e-05,0.992244092356323,0.00612168744493203,0.000961102437075653,4
"20381",0.98032231415853,6.31603852953171e-06,0.0162296714735724,1.24671652423206e-07,0.00344052783412114,1.04582359485097e-06,1
"20391",0.233804020607126,0.496143518727511,5.07952806381325e-08,0.0190621789323804,0.0399024210775528,0.211087809860149,2
"20394",0.00178007377235787,0.0163242496423543,0.00110873268891305,1.70629534818028e-06,0.980666299176835,0.000118938424191374,5
"20396",0.734734279573755,8.93280039853088e-05,0.0154723839051813,1.37010454093685e-08,0.249703149039608,8.45776423994925e-07,1
"20409",5.57475827441908e-06,0.000171516261401003,0.174030110853857,0.000894855151772664,0.203840479341946,0.621057463632749,6
"20411",7.5470043533256e-09,0.0229147655781665,2.54622734112176e-09,0.111505818637447,0.000233603271192766,0.865345802419962,6
"20416",1.37934958408702e-10,0.00016318352782643,2.33125004321251e-11,0.970507921141941,2.46228312466231e-08,0.0293288705461539,4
"20418",0.7587222885736,1.1890283365816e-05,0.0699954377781256,7.12111159675215e-09,0.171269630106387,7.46137410401293e-07,1
"20420",7.34900980325287e-07,0.0012030358889703,0.000240733541786008,0.974538195837258,0.0239942900933072,2.30097376976506e-05,4
"20422",3.94498138696827e-08,0.0354134833397231,4.72062263111748e-05,0.000258434531606065,0.000325066233819641,0.963955770218726,6
"20424",3.54737828095769e-09,0.0762958124708611,8.25968769159971e-09,0.03901002218343,0.000155475089102138,0.884538678449541,6
"20426",4.39809040755711e-10,5.31054032498103e-05,0.000106750626775008,0.99982882542559,7.24816843805999e-06,4.06993613805631e-06,4
"20428",0.00208510145452182,0.109536185445577,1.3187562030511e-05,1.44611283013002e-05,0.0441306437789683,0.844220420630601,6
"20431",1.40053387259925e-06,0.276438143989602,0.111448692471077,0.00411197871928366,0.583912897947582,0.0240868863385821,5
"20433",0.000161171795890499,0.00053562494836669,9.77666954884978e-09,1.29780949748115e-05,1.60366092240775e-06,0.999288611723176,6
"20436",0.99370561162988,4.34206625106793e-05,6.46964242404451e-06,1.2141706003134e-07,3.75411758433222e-05,0.00620683547228173,1
"20439",0.241369945641603,5.37168554026338e-05,0.237201096761589,2.2078312175394e-08,0.521371818610806,3.40005228776693e-06,5
"20441",3.58842728884894e-10,0.0161080205346377,1.90894104145525e-07,0.983093342868427,5.57266300516798e-05,0.000742718713936434,4
"20444",2.5256379863979e-06,9.6822240209335e-08,0.999854594070587,6.73666846789908e-09,0.000142687618195553,8.91143225223737e-08,3
"20448",0.000160149735218374,9.98371160132369e-05,0.166134046027149,0.00110870998513146,0.822510687774598,0.00998656936188899,5
"20536",0.717802320444857,0.00510193577684687,1.5854112724093e-05,4.33496582232436e-07,0.276907699966515,0.000171756202473834,1
"20538",5.77480835782644e-06,0.000285079928635892,1.6907351977223e-06,0.729334047368867,0.0566798234189277,0.213693583740014,4
"20541",8.16979160801491e-11,0.00356465241798653,5.39091272986469e-09,0.0597926711959293,4.31553804468408e-06,0.936638355375429,6
"20544",2.46322230734578e-06,0.00246325037517097,0.00459342524794399,0.000736279010058115,0.783724574873119,0.208480007271401,5
"20546",6.56425095207005e-09,0.00782733834716772,1.08362000377451e-08,0.00578478364292036,0.000811515685196477,0.985576344924265,6
"20550",8.1617203404338e-07,0.991484597893371,9.66279992250664e-05,0.000231131696405773,0.00356348712994066,0.00462333910902401,2
"20553",9.35265802722891e-10,8.19119494910019e-06,1.6026558695126e-07,0.978798950697853,4.59214110270292e-09,0.0211926923142043,4
"20555",3.21566991144877e-07,0.00403361477917435,1.23062146322833e-07,0.994565734878878,0.00139402457202527,6.18114078476276e-06,4
"20557",1.92820705525611e-08,0.955894863700889,0.000330318140750211,0.0119077838116267,0.0214417704743695,0.010425244590294,2
"20559",2.97896125744428e-09,0.000227309114174009,1.39409957374642e-06,4.48460758523498e-05,0.000201186184107079,0.999525261547332,6
"20561",3.96864481314429e-06,0.000527933800277522,0.299565586403173,2.87097716155633e-05,0.699045735089039,0.000828066291082349,5
"20564",6.7191727274917e-07,7.21902595699272e-08,0.999978074553211,2.35143421026181e-08,2.09814143134237e-05,1.76410600914409e-07,3
"20566",4.33589556783711e-05,0.122562465876498,0.000102183276295526,5.94392766150822e-06,0.067295250784951,0.809990797178916,6
"20569",0.000360354982133295,5.90462639179982e-05,0.134568454437105,1.44024186096607e-07,0.864999134949749,1.28653429080179e-05,5
"20572",0.000551584107577127,2.90368761758541e-06,0.931341734323504,1.78915167037872e-08,0.06809711666168,6.64332810465391e-06,3
"20574",5.45794787641933e-10,0.00188875590465356,2.93729322949998e-06,0.00168923872850739,0.00013770687924915,0.996281360648566,6
"20576",4.62302346960308e-07,2.87627637587492e-07,0.999838419706439,6.68398735137197e-08,0.000159499063678744,1.26446002449857e-06,3
"20578",1.15418966625408e-06,0.029449797066035,0.00589584888679375,0.000534327166585686,0.167718140907454,0.796400731783466,6
"20580",1.27578853991073e-05,0.00174344412877228,6.49059800614783e-05,4.75126777513663e-05,0.155041691443637,0.843089687884379,6
"20583",4.67916580065572e-07,1.88458692017023e-07,0.999916353575747,5.23394471734856e-08,8.20195837733851e-05,9.18125760080505e-07,3
"20586",7.15849178420171e-07,0.00193531705478352,3.10291804699409e-06,0.00156211904530118,0.082837890045952,0.913660855086738,6
"20589",1.03003321287176e-07,0.00421433732522463,7.99391480645506e-10,0.000126218551090145,1.6391794043411e-05,0.995642948526929,6
"20591",1.33278925897716e-05,0.775930420812359,4.95115902632699e-06,0.046761372328684,0.176149977800964,0.00113995000637616,2
"20593",9.33882088775429e-09,0.000374869750723905,1.21394556956207e-08,4.69558915053803e-05,7.93381653185336e-08,0.999578073541329,6
"20595",3.55509937497908e-08,0.00022984249389131,4.02052025241879e-05,0.000230948882122557,0.0027665372900998,0.996732430580368,6
"20597",0.998911996757833,1.1899430554227e-06,5.34729078006953e-06,9.82631664009624e-10,0.00108136843026464,9.65954343646632e-08,1
"20599",1.14401259292847e-06,4.07401150329157e-08,0.999964932003888,1.22976347261112e-08,3.3633202472819e-05,2.37743296284947e-07,3
"20601",3.20816316451202e-06,0.0167105747767217,0.000291419572805887,2.28698196082307e-05,0.982749068030631,0.00022285963706814,5
"20604",1.8579575398162e-09,4.43989048560945e-05,7.28339333597048e-07,4.57803892168027e-05,5.50920927949217e-06,0.999903581299357,6
"20606",2.97434010066137e-09,0.000549261488086464,1.80983451265225e-08,5.3578608603089e-05,4.83974181707429e-06,0.999392299088808,6
"20608",1.31328119379781e-06,0.0219003428569772,2.45810439767192e-07,6.77731377199204e-06,0.000301560417236733,0.977789760320381,6
"20610",6.80579597208143e-07,1.24141077133161e-05,0.999021662136951,3.29805724739152e-07,0.000958189371753002,6.72399826048481e-06,3
"20612",0.660367748873936,0.000257306346236278,0.000844388835000577,0.136426227585492,0.00123801361747617,0.200866314741859,1
"20614",5.80475982052214e-07,1.42117290098499e-05,0.994008732736766,1.9053091905365e-07,0.00597547570960624,8.08817716498764e-07,3
"20616",3.01013070780129e-05,0.000839610375248331,0.000556160386739259,7.14193443876172e-05,0.993745018306694,0.0047576902798531,5
"20618",1.53316670339128e-09,0.00185015411712088,1.70881636306292e-05,0.997196144302873,0.000761772685405072,0.000174839197803777,4
"20620",3.11367422423131e-05,9.81801694267819e-05,2.27017689547875e-05,2.99809349313665e-05,0.000389843534106951,0.999428156850338,6
"20622",2.60558638144907e-07,3.69416043233379e-07,0.999532268952659,1.00925009520143e-07,0.000462796023481052,4.20412416877463e-06,3
"20624",2.31573137382851e-08,0.000436129233153159,3.63047577013352e-08,0.0269628459995577,0.000317954634468504,0.972283010670749,6
"20626",0.216006297144374,0.00717527005866611,0.00114200308078517,9.83901047192375e-07,0.0141699629468396,0.761505482868288,6
"20628",0.148358020583639,0.540689511728589,0.000430918952724602,0.000103511935915773,0.156123746563874,0.154294290235257,2
"20630",2.80913223580101e-06,0.364511637856245,0.0136167214387335,0.000136282715158234,0.0527999912741534,0.568932557583474,6
"20632",0.000816985843276664,1.17514477446891e-06,0.99115038656533,2.58240347123819e-09,0.00803134907477593,1.00789439020702e-07,3
"20634",6.5395647325666e-09,0.000998344551960223,1.35737879490638e-08,3.52161850909034e-05,8.78237668569626e-06,0.99895763677291,6
"20637",6.6352392200072e-12,0.00106236541532199,8.52976664438373e-06,0.991705765857732,1.49731298308892e-05,0.00720836582383581,4
"20639",2.9859917845754e-06,7.86359149580587e-05,0.625556200989791,2.01663987292264e-06,0.374348982487406,1.11779761872073e-05,3
"20644",8.05543470331738e-06,0.000538931679004456,1.91435625587193e-08,0.684266323131408,2.60913469084991e-08,0.315186644519974,4
"20646",0.00172973739898848,0.320948071530337,9.46309664547788e-06,0.0119100874539519,4.8054770190904e-05,0.665354585749886,6
"20648",6.74972028010892e-07,0.000518243078254621,0.00829290287302091,1.72935148333166e-05,0.991086840417542,8.40451443206466e-05,5
"20650",1.75231963959059e-08,0.00147422320267594,2.98315793048419e-08,0.317447844611212,7.4451673364536e-05,0.681003433157972,6
"20653",7.56656213415235e-05,0.0419759165103255,0.0033695156000684,0.000286424403257632,0.954012049141947,0.000280428723060245,5
"20658",0.000149753760831214,0.00069410068453091,1.43788253540267e-08,3.53178257541865e-06,5.60373171389776e-05,0.999096562076098,6
"20661",8.56940871624452e-05,0.000389365581116345,8.57673713389196e-07,0.961307668689581,0.00423921828484074,0.033977195683586,4
"20663",2.68350251329504e-06,0.0190861975700301,5.92977232714264e-06,0.00154043063248039,0.397586644922368,0.581778113600281,6
"20665",4.21998841808703e-05,7.53788265168599e-08,0.999921330594365,3.33709849342233e-09,3.45528553266712e-05,1.83795020256092e-06,3
"20667",0.0045018701819687,0.892949784205558,6.11534889837468e-05,6.25711422438656e-05,0.0986532683249174,0.00377135265632825,2
"20669",0.95935656854899,6.66274085420752e-06,0.000200902535947763,4.04887009087239e-08,0.0404351711511541,6.54534353633293e-07,1
"20671",1.8643165467381e-10,0.00566228020335607,8.35707299109666e-05,0.838146209667488,0.00135186454310333,0.15475607466971,4
"20673",0.998942840180364,6.18860520078785e-07,2.77691033833842e-05,4.3058885450262e-10,0.00102871798920747,5.34359358492832e-08,1
"20675",0.184168906298142,0.00109195599391963,1.62323340390832e-05,4.97232018431238e-06,0.807785814057269,0.00693211899644571,5
"20677",0.000525262469378752,0.0166677310380004,4.28285490160673e-06,0.000217755862104109,0.424093555927711,0.558491411847904,6
"20679",0.956826017271683,1.67816579493278e-05,0.000852312466593829,1.51561457321421e-08,0.0423047045608007,1.68886827838882e-07,1
"20681",0.0438672843709867,0.00117659547990444,1.62498499557919e-05,2.00687507239519e-06,0.954883368587335,5.44948367459501e-05,5
"20683",0.00377983129369863,0.129408962664475,1.30654083806283e-05,5.84250484502753e-05,0.477446559712154,0.389293155872841,5
"20685",1.38215514777311e-06,0.00984629399459442,6.74249690130688e-05,0.978558872797626,0.011518330457335,7.69562628378591e-06,4
"20687",1.66102140541464e-06,2.67971683275658e-05,0.916553496031838,6.16057032092923e-07,0.0834139243662428,3.50535515491711e-06,3
"20689",1.54490305329512e-05,5.87765861547776e-05,8.52490794832782e-09,0.85711964670165,7.59594861999859e-07,0.142805359561893,4
"20691",4.31740920761457e-07,2.03656974438313e-07,0.999785115622445,2.63768039547603e-08,0.000214018904576433,2.03698279732927e-07,3
"20693",3.48847620030244e-08,0.000121656729723126,1.30299408268913e-09,0.0011095883554755,6.07313744523112e-06,0.9987626455896,6
"20695",9.38160041928198e-06,0.000597070477259121,0.00198845996735863,4.49783459604105e-06,0.997316026039423,8.45640809441861e-05,5
"20697",5.61860777880382e-10,0.000234127371593277,3.02590556479404e-05,0.00023362096654586,6.35037497082374e-05,0.999438488294644,6
"20699",0.013458559499186,0.00394799753541538,9.81886300853164e-05,4.23769086050248e-06,0.650569794052705,0.331921222591748,5
"20701",0.00054046292392313,0.0854280701986476,2.55539717800744e-07,0.000117947255494884,0.0432547471405924,0.870658516941624,6
"20703",0.977305549017569,0.00656875679641808,0.000126436967374844,0.000454641550347306,0.0155378517485436,6.76391974693769e-06,1
"20705",4.83174919361097e-08,0.0172739358325421,9.1448591713746e-08,0.00334528235392238,0.000875972451445794,0.978504669596006,6
"20707",3.08436984779173e-06,0.0155800455805354,9.77281121391173e-06,0.000147261620472881,0.981475289889015,0.00278454572891485,5
"20709",0.00028109078436145,0.000624017831755283,0.901332696941128,2.86344136837285e-06,0.0722531167543852,0.0255062142470019,3
