"","V1","V2","V3","V4","best$classification"
"19811",0.0163155779883215,0.0150476067528969,0.968613669009951,2.31462488304204e-05,3
"19813",0.999999979067357,2.05725549723496e-08,3.60087991922602e-10,3.68605672292257e-20,1
"19815",0.00726542574069278,0.354358871146612,0.638375703112694,1.51180437865382e-15,3
"19817",0.000810277859515187,0.0363160719997295,0.962872753000461,8.9714029414336e-07,3
"19819",0.646759075044911,0.353240924955089,8.61602732260032e-32,5.7765572013935e-28,1
"19821",0.101435259462138,0.120306900606748,0.778241401837891,1.64380932228525e-05,3
"19823",0.997956731495873,0.00189039964206028,0.000152868862067122,3.18235824154956e-17,1
"19825",0.999999702263408,2.97735711855312e-07,1.22723869881857e-31,8.80440237741495e-13,1
"19827",0.014329204097608,0.0302540207956824,0.348301987161481,0.607114787945228,4
"19829",0.140169848956201,0.85983014746404,9.51725953564783e-17,3.57975956194374e-09,2
"19831",0.953888257785636,0.0461117422143643,2.77872686914494e-27,3.32755870116013e-38,1
"19833",1,1.04547991255513e-16,2.60288158548241e-62,3.12624804730022e-46,1
"19835",0.101435259462138,0.120306900606748,0.778241401837891,1.64380932228525e-05,3
"19837",0.0015535237179443,0.0341235679700297,0.858626679512618,0.105696228799408,3
"19839",0.876567948091103,0.123431309900496,1.02923531588688e-17,7.42008400594617e-07,1
"19841",0.339501640084315,2.95456431755332e-10,7.09178224867712e-21,0.660498359620229,4
"19843",0.983382588663859,0.0166174113361414,1.32930461246852e-32,4.81132017747553e-39,1
"19845",0.607464322027335,3.22220201543903e-05,0.392503455952511,4.45156413158322e-22,1
"19847",0.189893738499502,0.472387722536193,0.337718538964305,1.51349715816255e-18,2
"19849",0.999998921512955,1.60771521362575e-09,1.07687932996564e-06,6.35848968372807e-19,1
"19851",0.00138145340041606,0.00332961990659411,0.995288628746619,2.97946371298659e-07,3
"19853",0.99512132683759,2.9516363125672e-07,0.0048783779985193,2.58964058233275e-13,1
"19855",0.0303012537430935,0.00126874443533774,0.968420555100309,9.44672125956048e-06,3
"19857",0.0282090514880711,0.774301187490168,0.197484878988302,4.88203345918373e-06,2
"19859",0.0216687939385583,0.243815500728985,0.734460386702388,5.53186300693454e-05,3
"19861",0.0134010903353345,0.00036491219874703,0.986233997023891,4.42027920985708e-10,3
"19863",0.999983951480387,3.66064930705199e-15,8.79639386598203e-16,1.60485196082232e-05,1
"19865",0.000895776006206758,2.02084665331715e-06,0.000425060037863998,0.998677143109276,4
"19867",0.0152258368010587,0.021134787573396,0.963639375625545,1.42888456787637e-20,3
"19869",0.999624395702337,3.74749494013928e-08,0.000371784608508751,3.78221420487768e-06,1
"19871",0.00285573203794446,0.256766154554428,0.735505298000117,0.00487281540751058,3
"19874",0.00910057870812039,0.000410513429887006,0.990033137441766,0.000455770420225905,3
"19876",0.000386696181765427,2.36311610082904e-05,0.999571321142036,1.83515151905713e-05,3
"19878",0.44822887264876,0.55177112735124,1.01588345667883e-18,2.05428768493774e-21,2
"19880",0.000226824017332386,1.21288528999761e-09,2.0549063448847e-06,0.999771119863438,4
"19882",0.843959347864816,0.00110902564578451,0.154931626488477,9.22087049203651e-13,1
"19885",0.00131089135093588,0.428019665136014,0.570669211755816,2.31757235155337e-07,3
"19907",0.156417387700533,0.00881085632917876,0.834771755970289,1.70270523337148e-17,3
"19909",0.00678726211028053,0.993212737821831,6.7889020917863e-11,1.18899703182104e-19,2
"19911",0.0215692238566079,0.978430624739037,2.87193113345603e-13,1.51404067902402e-07,2
"19913",0.000327253902485426,5.01944543311881e-12,5.4135480569e-13,0.999672746091954,4
"19915",0.000463653432503255,0.000265658779827052,0.0229707738352105,0.976299913952459,4
"19917",0.00484331774913162,0.000539466344557922,1.63282402820957e-05,0.994600887666028,4
"19919",0.00281957457835633,0.0472982325000663,0.798827683422876,0.151054509498702,3
"19921",0.000467741153698483,0.00761254901544114,0.991919709816706,1.41548397416723e-11,3
"19923",0.225795580023208,0.774204337671983,8.23048096189278e-08,1.38093255426335e-23,2
"19925",0.000735894412182987,0.00018632589991118,0.00160847172874447,0.997469307959161,4
"19927",0.00182625366320369,0.0353841842100555,0.962789562111717,1.50240103164236e-11,3
"19929",0.978658639718244,1.81888405896035e-14,8.30774634660187e-10,0.0213413594509635,1
"19931",0.025088569818381,0.841449018024831,0.133462412154316,2.47142543958827e-12,2
"19933",0.00467461741445239,0.995301927732794,2.34547620481496e-05,9.07053374819291e-11,2
"19935",0.0213182067717187,0.978273059713933,0.000408733513404529,9.43728424005517e-13,2
"19937",0.00115870229412999,0.0137229862632573,0.985118311442563,4.99541078729903e-14,3
"19939",0.0406525619972246,0.931430826686624,0.0279166109733568,3.42794379016567e-10,2
"19941",0.188475168406541,0.811518375111485,2.10110820366596e-17,6.45648197367653e-06,2
"19943",0.00309092796100473,3.27933882201129e-07,0.00022483428211451,0.996683909822999,4
"19945",0.00781252824782388,0.992186745165477,7.26546177445246e-07,4.05215929958695e-11,2
"19947",0.999566549625981,0.000430875855454922,5.09279131442962e-16,2.57451856385039e-06,1
"19949",0.0407571260111997,0.95924267242615,2.01562650645725e-07,2.84415666165338e-25,2
"19951",0.122667583382363,0.388094688387383,6.54274848141792e-05,0.48917230074544,4
"19953",0.985831216723227,0.0141687832767725,5.25945130393394e-24,5.35971561609948e-40,1
"19955",0.737253696472226,0.262746303527774,4.73662195701204e-18,4.21722689413929e-31,1
"19957",0.98689171708684,0.0125036164952958,2.381284352181e-06,0.000602285133511739,1
"19960",0.177792440211108,0.822207559788891,6.41302556856167e-18,5.64612178655082e-16,2
"19963",0.99999999999995,4.9044226034435e-14,4.35572457996258e-36,1.02347763341988e-15,1
"19965",0.0273692532538942,0.972630746746106,1.04812860553488e-26,2.95731141674631e-32,2
"19968",0.996688179983321,1.32744789468283e-05,3.84982438953711e-08,0.0032985070394884,1
"19971",0.999998887970084,3.55480036147634e-10,5.27842190887213e-37,1.11167443620558e-06,1
"19973",0.000190174769599186,0.0134299421422301,0.985784142976807,0.000595740111363345,3
"19975",0.0151231992570896,0.00052831385362396,0.000201589365780558,0.984146897523506,4
"19977",0.999999978187676,2.0618710432558e-09,9.2642922474948e-29,1.97504525877362e-08,1
"19979",0.0301611898762554,0.969838810123745,1.52056372323373e-33,7.31672169623972e-22,2
"19981",0.00398377368419603,0.98886085731719,0.00715536899154875,7.06504141048047e-12,2
"19983",0.0139954547189211,0.971238389630751,0.0147661556503192,8.46105510434659e-15,2
"19985",0.00192636011636874,0.000164966820938728,0.829149566920563,0.16875910614213,3
"19987",0.0578463355774637,0.903322271378577,0.0302875373295545,0.00854385571440443,2
"19989",0.0393496721384736,0.960650327861526,3.09853238766508e-25,8.97807604248718e-37,2
"19993",0.0279701038283938,0.972029683503579,3.41979313749319e-08,1.78470095654021e-07,2
"19995",0.00418881964463226,0.995811135844231,4.03569029437448e-08,4.15423352773774e-09,2
"19997",0.00121563275291149,0.0115376876992239,0.987239118122404,7.5614254603477e-06,3
"19999",0.00182272735097415,5.60546326791468e-05,0.00197121916283343,0.996149998853513,4
"20002",0.999999998611997,1.12457458405712e-13,2.31567141855093e-25,1.38789020015216e-09,1
"20004",0.0558982709893255,0.944101721346307,7.65714360090897e-09,7.22400980544933e-12,2
"20006",0.816124795302898,0.183875204697102,2.01623358248162e-22,2.54528775486633e-17,1
"20008",0.613103625615157,0.386896374384843,7.10389235415366e-22,2.33599364248287e-20,1
"20010",0.0381126136968261,0.961887385708655,5.94518917486928e-10,3.23490705263347e-18,2
"20012",0.834892326993415,0.000537569588594372,1.62049719538402e-05,0.164553898446037,1
"20015",0.0504268317281754,0.949573168271825,9.66055633966446e-26,4.36382100497872e-30,2
"20017",0.000865096868808078,0.000676358024938419,0.998385583980895,7.29611253581423e-05,3
"20019",0.0700783482911694,0.92992165170883,3.69148999581565e-43,2.12938025760126e-36,2
"20022",0.014378312046486,0.985621687288784,6.64730494422966e-10,7.51558693411885e-17,2
"20024",0.998744746651137,0.00125525334886324,1.44689734480112e-42,6.16589598325464e-55,1
"20026",0.998744746651137,0.00125525334886324,1.44689734480112e-42,6.16589598325464e-55,1
"20028",0.0013431766275859,0.000286535148670992,0.9889501671414,0.00942012108234331,3
"20030",0.307749012584976,0.692250987415023,3.22487931365226e-22,1.21868248829871e-15,2
"20033",0.00983105933637844,0.173180721062181,0.061883131066286,0.755105088535154,4
"20035",0.105852456313454,0.894147543686546,2.81031169001867e-41,3.74780625723819e-41,2
"20037",0.014394628832907,0.985605371167093,2.14402785255719e-37,3.50923979683662e-41,2
"20039",0.999999996626084,3.37391642508922e-09,1.62029693021895e-52,6.12843832387338e-80,1
"20041",0.0298402157006271,0.970159784288241,1.11315362063413e-11,2.14022067500148e-17,2
"20044",0.172580549655433,0.827419450344538,1.8999781304402e-14,1.07125502153563e-14,2
"20047",0.43427738597749,0.56572261402251,9.06567792639808e-50,3.50073068471973e-31,2
"20050",0.246318502485515,0.753681497514485,5.68937022624831e-18,1.47663288297044e-18,2
"20052",0.0218615805313767,0.871929898216536,0.0160497401048317,0.0901587811472556,2
"20054",0.0324903482872786,0.967509651712721,5.526321691861e-16,6.86160646966895e-19,2
"20056",0.0646986972928772,8.77737162043109e-05,1.96475754789472e-10,0.935213528794443,4
"20058",0.0390300874989115,0.960969912501088,7.47820668203457e-25,9.76395484964347e-42,2
"20060",0.0140202529088565,0.10933052721726,0.876649213119984,6.75389939209523e-09,3
"20062",0.00426974503249639,0.966057766080597,0.0296724580289472,3.08579598376863e-08,2
"20064",0.00244750490715309,0.997551742214859,8.41667913170919e-08,6.6871119649296e-07,2
"20066",0.316848723325427,0.683151276674573,1.11354591533472e-33,3.23400032154369e-23,2
"20068",0.00247008729734245,0.0168198666968108,0.980710045991098,1.47484251222922e-11,3
"20070",0.0608914618307789,0.308272458241459,0.630836079927762,6.58230457793283e-17,3
"20072",0.332273254132952,0.667726745867048,5.39796761836552e-22,4.91889983438354e-39,2
"20074",0.00428485393186431,2.12581077489464e-14,3.9431783717255e-12,0.995715146064171,4
"20076",0.947985183428071,0.014146328505425,1.47101949146761e-05,0.037853777871589,1
"20078",0.003850963679583,0.996149036242701,6.50171410582829e-11,1.26990051973679e-11,2
"20080",0.0107044607937436,0.989295539206256,3.07973626880657e-33,6.40338712760545e-27,2
"20082",0.999976634890221,2.33651097785319e-05,2.18054144088846e-34,1.28904170807389e-43,1
"20084",0.169277149885026,0.830718102691309,3.39648108665901e-16,4.74742366470833e-06,2
"20087",0.0108980543853312,0.989101945538341,7.63275767229322e-11,6.98802023237666e-24,2
"20090",0.0262705107227866,0.973729489277213,4.39924331126789e-32,1.86597069351177e-28,2
"20092",0.996036625223931,0.00396337477606049,8.22072479531191e-15,5.04201267115313e-52,1
"20096",0.920289933633254,0.0797100649588243,1.40792033159839e-09,1.59190486221917e-15,1
"20098",0.00583027191615483,0.0479977676399086,0.673581941135213,0.272590019308723,3
"20101",0.0106937344509421,0.989306265542798,6.95951939339667e-27,6.25982131305329e-12,2
"20104",0.999999999188966,8.11011979872768e-10,2.20784946344396e-14,6.27697175606627e-37,1
"20106",0.00660045748251029,0.993399542504332,1.79038265271303e-16,1.31577181517046e-11,2
"20108",0.00317801253378933,0.0773266895507776,0.919473239257018,2.20586584147266e-05,3
"20110",0.859461144000007,0.14053667443522,2.12827851319574e-10,2.18135194493109e-06,1
"20112",0.0111643412845966,0.988835658715403,9.62810430226513e-16,1.90112237927028e-17,2
"20114",0.0533918589170928,0.946454533018666,4.64527263856748e-12,0.000153608059596068,2
"20116",0.0710767465770944,0.92891194807395,1.94828618030161e-12,1.13053470069473e-05,2
"20118",0.00605782295137691,0.968988423583979,0.0151198873440169,0.00983386612062766,2
"20120",0.156453058826501,0.843546941134178,4.72515118141797e-18,3.93209071639839e-11,2
"20122",0.000840431396904903,5.83254244682775e-07,9.79917971414533e-07,0.999158005430879,4
"20124",0.0513095411915095,0.94869045880849,4.65720906149666e-30,1.70342659381988e-33,2
"20126",0.999999975683133,2.43168669261795e-08,1.26021678901952e-49,7.02252019512904e-54,1
"20128",0.999929463957808,7.05360421916465e-05,1.84450725282505e-69,5.13200206095064e-59,1
"20141",0.999980322994246,1.94722910729654e-05,2.04714681495377e-07,9.81101449219075e-21,1
"20143",0.960334396330705,7.38589574569584e-11,6.12167031310006e-22,0.0396656035954365,1
"20145",0.00991214582584294,0.990087853602598,5.7147667227327e-10,8.26320551428852e-14,2
"20147",0.00163061226945196,0.998369387724342,6.01415512266203e-12,1.91532279223967e-13,2
"20149",0.00303857520653087,5.63594155253121e-07,9.00155317636622e-05,0.99687084566755,4
"20151",0.000915382492852869,0.0194202314083108,0.862430901402193,0.117233484696643,3
"20153",0.353533731953805,0.019687473626527,1.32664195000558e-07,0.626778661755473,4
"20155",0.00563504464496007,0.99436495535504,8.12458546627171e-20,7.6476897369475e-21,2
"20157",0.0494175126652915,0.00770138610396144,0.29852740766427,0.644353693566477,4
"20160",0.000136224243585766,6.29845680026495e-12,2.09799912063269e-11,0.999863775729136,4
"20162",0.000338484086002886,3.42890379412096e-08,0.00114098665255246,0.998520494972407,4
"20164",0.0378060922236293,0.00599710624825805,5.20249693732028e-07,0.956196281278419,4
"20166",0.857174809504529,0.14282519049545,1.57642789826767e-28,2.06615088971706e-14,1
"20168",0.999999999973827,2.61725201227595e-11,3.91077371478312e-27,2.78465580001604e-20,1
"20170",0.00255125873330581,0.00194713853157846,0.000145231070604863,0.995356371664511,4
"20172",0.00990051498066281,0.990099484905388,1.13949002102658e-10,5.04617323956504e-25,2
"20174",0.00923362942543376,3.93752813616444e-06,0.990610656960892,0.000151776085538581,3
"20176",0.999999714034381,2.85965618834774e-07,1.07518242719162e-18,5.85537555148374e-20,1
"20178",0.000305284152285463,2.08279656678905e-12,3.60187713831178e-12,0.99969471584203,4
"20181",0.327484061719075,0.672515937908957,2.48530895262373e-24,3.71968045381964e-10,2
"20183",0.0109957307741411,0.124811376127845,0.864192893097962,5.2380364257182e-14,3
"20186",0.471859271963288,0.524233316310929,0.00390741172578288,3.64582092979558e-37,2
"20188",0.000617227740611429,7.1715414727013e-10,2.27922249319139e-10,0.999382771314312,4
"20190",0.0046050176329415,0.995394982367059,7.70841357017427e-25,3.6463595630757e-23,2
"20193",0.999977469883965,2.37243175504731e-09,2.34409138243974e-26,2.2527743603226e-05,1
"20195",0.0330425248302764,0.120338447453817,1.85458559548925e-06,0.846617173130311,4
"20197",0.00734157180052444,0.992658428199342,1.33096064296446e-13,4.08067028849618e-20,2
"20199",0.00408194909306207,3.15022509258047e-05,6.18211870511922e-06,0.995880366537307,4
"20205",0.999997302186925,2.69781307494059e-06,3.64781746701426e-31,2.34593406352529e-51,1
"20208",0.0832835125479946,0.858214428697167,0.042369631901716,0.0161324268531219,2
"20210",0.000227796622536515,5.25512380639349e-07,0.000397343734749405,0.999374334130333,4
"20212",0.0278862851709344,0.00559502583317127,0.019564928145601,0.946953760850293,4
"20216",0.0167693830143008,0.98323061698542,5.70084305495696e-14,2.21896402356758e-13,2
"20219",0.390981081422304,0.609018918577695,3.09466469601115e-16,1.12856973896512e-16,2
"20223",0.971378236082276,0.0286217639177242,2.83398878405787e-42,1.09671904776237e-52,1
"20226",0.0341161469018669,0.965883832913508,1.63276099933872e-08,3.85701477383346e-09,2
"20230",0.00599573611272324,0.994004263887277,6.20652935841677e-30,9.17647709100283e-30,2
"20233",0.999999999998076,1.92443000844265e-12,2.98265794553468e-25,2.32399294837163e-37,1
"20235",0.93641821629625,0.06358178370375,1.13121079010388e-31,2.96015408360772e-47,1
"20239",0.437849035090726,0.562150964909073,2.01045467083766e-13,8.05351439215186e-27,2
"20254",0.999916897063025,8.31029369751036e-05,7.46339337613007e-42,2.37039750358921e-44,1
"20256",0.0120199601505653,0.987980039849435,2.92849213549633e-21,6.79396778307204e-34,2
"20262",0.000339539309251191,0.00051129058280264,0.0176771545936337,0.981472015514312,4
"20270",0.89973863643504,0.100261363564899,5.7014404447354e-18,6.04282055537936e-14,1
"20284",0.923098152214494,0.0768988529945039,2.99479100180144e-06,7.25300394948263e-21,1
"20287",0.13990104350691,0.86009895649309,1.7172285936761e-40,1.0696755692191e-43,2
"20290",0.999604242880856,0.000395757119143473,3.1252761518857e-21,5.23546751064969e-23,1
"20293",0.00886108441644835,0.991138814800677,1.00782541213685e-07,3.33107511759284e-13,2
"20296",0.409340387110171,0.133005264157736,0.0108081989582279,0.446846149773866,4
"20301",0.907810114437283,0.0921898855627171,1.89705587851418e-55,3.81659534337051e-26,1
"20304",0.999978002708869,2.19972911311843e-05,2.73437827279473e-31,3.22835305861469e-44,1
"20306",0.0287382674171582,0.971261732582842,7.6135385570683e-29,2.38148571102326e-37,2
"20309",0.0226983741095564,0.977301622530971,3.35946202474739e-09,1.02382671952813e-14,2
"20311",0.0210789682727354,0.978921031723468,8.19077788181925e-17,3.79693961847017e-12,2
"20314",0.0027861004306782,0.112261803114598,0.646540790226709,0.238411306228015,3
"20318",0.890163756019603,8.65658534618432e-08,1.34012988663617e-19,0.109836157414544,1
"20320",0.45254712232787,0.547439947031326,1.29306407956464e-05,7.70083217439753e-15,2
"20326",0.0101284486915072,0.453694303803236,0.508949855528486,0.0272273919767707,3
"20328",0.281324648128475,0.718531887148027,0.000143464723497429,3.5919217144253e-30,2
"20330",0.11918017934502,0.88081982065498,1.80352011838436e-21,1.11466324065286e-26,2
"20336",0.984988767719166,0.0150112317953662,4.8546765149447e-10,3.89371267685108e-32,1
"20338",0.985277001798556,0.0147229982014435,7.37707960157503e-22,1.96483982018013e-20,1
"20340",0.197673693484103,0.802326306515897,2.509402423291e-32,2.8133849596828e-35,2
"20342",0.999999999982045,1.79550834924382e-11,4.96564037526741e-47,2.86721720026359e-36,1
"20344",0.0142091367493605,0.98579086325064,9.45838417268647e-17,7.9145251871149e-29,2
"20349",0.00829532536574793,0.991704674634252,3.81865523380304e-23,1.10412788252041e-33,2
"20351",0.0466628680052164,0.953337131763455,2.31292452824972e-10,3.67187976111829e-14,2
"20353",0.0315357418381752,0.968464258161825,9.99692567791566e-28,6.11642126390291e-30,2
"20357",0.999892521885754,0.000107478114245541,3.65576430307432e-33,2.1726477253292e-57,1
"20360",0.99999944198141,5.58018589619772e-07,1.39584265724415e-38,2.34455650013659e-46,1
"20364",0.00920771725024011,0.990792282257965,4.9179449549063e-10,2.7298926816179e-17,2
"20366",0.999943032758405,5.6967241594696e-05,5.7152255570609e-16,3.17484360188843e-37,1
"20381",0.999999983454138,1.39203197658911e-09,5.57045755846185e-10,1.45967842006004e-08,1
"20391",0.98776883955709,0.0122311604408818,2.02844446600869e-12,1.10015431947786e-46,1
"20394",0.0244924831232708,0.340833084381924,0.634674428700503,3.79430186186775e-09,3
"20396",0.820691626253774,4.36988526592497e-06,0.107714729200792,0.0715892746601686,1
"20409",0.144873133222625,0.855000654383175,1.66844776170716e-08,0.000126195709721749,2
"20411",0.104646175805366,0.895353824194634,1.06377805323286e-20,4.17615987700739e-39,2
"20416",0.999942437634511,5.75623654886327e-05,1.46964871555232e-58,4.5130276794783e-73,1
"20418",0.329977425194382,1.54077015933371e-07,0.0106175418200929,0.659404878908509,4
"20420",0.999999997080025,2.91997531738986e-09,2.42851700326339e-17,1.99918449630466e-32,1
"20422",0.0748050641271817,0.925194935872818,3.3904001523495e-24,3.57392306850313e-19,2
"20424",0.0365831607230723,0.963416839276928,1.80621725520806e-20,2.11546272400225e-36,2
"20426",0.999999999999608,3.92422778419629e-13,1.01294029786466e-42,1.82165256111334e-30,1
"20428",0.00506880268035149,0.994931190565747,6.75390099083869e-09,3.76654605933216e-18,2
"20431",0.321098678756072,0.678797603394146,3.46221876132487e-09,0.000103714387563949,2
"20433",0.843996013678524,0.156003986321476,8.22198898644272e-43,6.25149342676007e-36,1
"20436",0.999965887351653,3.41126483469066e-05,3.06958582112707e-25,6.44597988772951e-21,1
"20439",0.0292228711209364,7.70903794232791e-06,0.970759358168667,1.00616724537441e-05,3
"20441",0.99954405142829,0.000455948571709709,2.12376634239076e-28,1.10330773054452e-34,1
"20444",0.000788039995395742,1.30267511104247e-10,2.2104280775196e-06,0.999209749446259,4
"20448",0.919524273024219,0.0804724692651872,2.85409323884194e-06,4.03617355240313e-07,1
"20536",0.092795563185975,0.00391717521318701,0.903287261600835,3.13259249587958e-15,3
"20538",0.991715373932779,0.00828462606719035,3.05850733444313e-14,1.3325168798171e-35,1
"20541",0.127409133584016,0.872590866415984,4.72130863587001e-33,1.9196079369313e-34,2
"20544",0.00345666073169138,0.996537881023332,5.45824059148194e-06,4.38520459437001e-12,2
"20546",0.0246174149476899,0.975382585052293,1.68874398071016e-14,3.04340338364108e-31,2
"20550",0.0886173738209002,0.911382626179071,2.04967390948748e-14,7.95982237312065e-15,2
"20553",0.999999999528196,4.71803966964209e-10,4.9393367102205e-90,5.94952303836409e-52,1
"20555",0.999999998650114,1.34988615922337e-09,2.29020734821404e-22,1.87186634035393e-48,1
"20557",0.0582524884483564,0.941747511538612,1.28878668096895e-11,1.43442100425642e-13,2
"20559",0.00411539089171752,0.99588460910827,1.08779840097764e-14,1.6746711581199e-15,2
"20561",0.00503388912616296,0.00742852600822767,9.84936892118603e-05,0.987439091176397,4
"20564",0.000305284152285463,2.08279656678905e-12,3.60187713831178e-12,0.99969471584203,4
"20566",0.0301150538018642,0.969884912830694,3.33628266206169e-08,4.61551960477053e-12,2
"20569",0.00358563614474061,0.000120997950159605,0.0151557620437526,0.981137603861347,4
"20572",0.0251396637225039,5.55154365944398e-06,1.1859839030946e-07,0.974854666135446,4
"20574",0.00447899854938974,0.99552100145061,2.96883511277364e-20,7.97366167563413e-17,2
"20576",0.000404316530929893,1.0986853419702e-08,2.25260981532471e-11,0.99959567245969,4
"20578",0.00142119293098539,0.998572715787596,5.81257912269674e-06,2.78702295653771e-07,2
"20580",0.00569333719263742,0.994298844570144,7.81821939358389e-06,1.78253187809778e-11,2
"20583",0.000209801992146311,9.14720034678241e-10,3.26563095981876e-10,0.999790196766571,4
"20586",0.0183373061730698,0.981662478998054,2.14828875929857e-07,3.10833512536816e-23,2
"20589",0.00819336215992543,0.991806637840075,4.94919048799706e-23,3.57801005060683e-37,2
"20591",0.954164494432392,0.0458354952914137,1.02761944064535e-08,2.30819640803813e-26,1
"20593",0.0520703795453298,0.94792962045467,7.21286414823955e-48,1.06369373922628e-32,2
"20595",0.00684700646650347,0.993152993532904,5.48581158894605e-13,4.35438389291953e-14,2
"20597",0.994063576292649,1.52737356658958e-08,0.00593640843361555,3.25606647254439e-21,1
"20599",0.000249600353738088,9.49590382270133e-12,2.09710112576079e-13,0.999750399636556,4
"20601",0.00103192163734449,0.136031361841965,0.862936635381359,8.11393315940516e-08,3
"20604",0.00571441432725564,0.994285585672744,1.43307925725791e-29,1.24825735525277e-21,2
"20606",0.0111958012353268,0.988804198764673,3.153235144051e-26,7.88370516225021e-26,2
"20608",0.0126300827415994,0.987369917258401,9.29232737679212e-19,3.80333188095594e-21,2
"20610",0.00691644088136605,3.45596771340092e-06,2.48967022973269e-10,0.993080102901953,4
"20612",0.99999999998249,1.75100426671688e-11,6.24420494995677e-38,4.02354796077225e-43,1
"20614",0.000453964247202795,1.67586526956608e-06,0.000346260673239586,0.999198099214288,4
"20616",0.550893463880871,0.433530680196475,0.0155758110071272,4.49155270734808e-08,1
"20618",0.999918908363095,8.10916369046181e-05,3.53756064172059e-20,2.25612689579897e-26,1
"20620",0.279171799580625,0.720828200419373,3.95409973493704e-26,1.14826400574499e-15,2
"20622",0.00205713828476457,8.12613322090323e-07,2.38117876165491e-10,0.997942048863795,4
"20624",0.262125612251157,0.737874387748843,2.69504969008114e-22,6.63648887277656e-37,2
"20626",0.736485276998798,0.263514723000806,2.17223058691545e-14,3.74255691501464e-13,1
"20628",0.897383878753137,0.10261612124645,4.12361518002386e-13,1.14553572669841e-23,1
"20630",0.0517518091542331,0.948248190445349,7.98997919895545e-15,4.00410095109765e-10,2
"20632",0.00117533697836888,1.47423416341637e-09,5.61178208337128e-06,0.998819049765314,4
"20634",0.00616540032721793,0.993834599672782,4.97369116031175e-25,7.04299599316231e-26,2
"20637",0.997809982419856,0.00219001758014369,3.35566699783718e-33,2.23910651117089e-24,1
"20639",0.00743372690023696,7.04566706925478e-05,8.46501893581098e-08,0.992495731778881,4
"20644",0.999999998229945,1.77005473044503e-09,1.00574000669029e-81,8.14964169649135e-65,1
"20646",0.99992224356395,7.77564360496101e-05,2.51061089691274e-42,2.92469967230536e-34,1
"20648",0.00340040593844763,0.0199440922922869,0.547438869500413,0.429216632268853,3
"20650",0.903368945893348,0.0966310541066524,4.35064287433277e-31,1.43409777437011e-40,1
"20653",0.844423525503243,0.155052894426952,0.000523580066086297,3.71863546493566e-12,1
"20658",0.0938817185265843,0.906118281473416,4.84371046279433e-22,1.62156890288636e-35,2
"20661",0.999994969619886,5.03038011410796e-06,5.17708826069638e-24,2.04147947607216e-50,1
"20663",0.0073962577093281,0.991026111309739,0.00157763098093281,3.72791192290706e-17,2
"20665",0.000729693194307814,3.27190478059866e-11,6.18136372307884e-13,0.999270306772355,4
"20667",0.313386218456392,0.686613773669557,7.87401783221083e-09,3.37376647880331e-14,2
"20669",0.946798141222227,5.94539472678231e-07,0.0532012642383004,1.09871825503999e-19,1
"20671",0.653889419864073,0.346110580135926,5.79442175459719e-18,7.9794015986872e-17,1
"20673",0.979571317060417,4.63452096439024e-09,0.02042867830501,5.19766002516895e-14,1
"20675",0.42711110925611,0.127294111995209,0.445594778748681,3.53564410016418e-20,3
"20677",0.0340284782520919,0.964994050559317,0.000977471188591604,2.85552730359333e-19,2
"20679",0.793972868829977,3.07120724865005e-07,0.206026664849965,1.59199332700745e-07,1
"20681",0.0039960346822995,0.00053847141700955,0.995465493900691,4.44471579484306e-19,3
"20683",0.0793679981330753,0.920623490068263,8.51179866182036e-06,2.31768169873858e-17,2
"20685",0.99999998955288,1.04471201589397e-08,1.98408579584442e-17,1.09840648390219e-33,1
"20687",0.000745487812906632,6.34887627585789e-05,0.963624402433152,0.0355666209911828,3
"20689",0.999999999397869,6.02130653469092e-10,1.27737289840748e-63,3.81845038383102e-76,1
"20691",0.000753415974133685,2.49951160984421e-09,6.18474219247072e-06,0.999240396784162,4
"20693",0.0685916979319963,0.931408302068004,9.44179462614248e-29,4.03666159044261e-38,2
"20695",0.017874195330388,0.0833989220408891,0.847535287588214,0.0511915950405087,3
"20697",0.017933212992223,0.98206678700706,4.07834174722989e-21,7.1743102250022e-13,2
"20699",0.0102975352935186,0.988995825563473,0.000706639143007701,9.99807635291434e-16,2
"20701",0.012748357481611,0.987251641745443,7.72945507504012e-10,7.0940959934403e-29,2
"20703",0.999999999987545,1.24546817209782e-11,1.90317244184813e-16,1.81382984472472e-27,1
"20705",0.0392583871793304,0.96074161282067,1.14309648509081e-17,7.9935305016882e-26,2
"20707",0.00445375829216803,0.0862558520600903,0.909290387545257,2.1024841527278e-09,3
"20709",0.732356172246722,0.265979594136619,2.2981248177001e-06,0.00166193549184149,1
"20713",0.998507628473301,0.0011626616172743,0.000329709909111837,3.12308430559824e-13,1
"20715",0.999998663180684,1.33681931636205e-06,1.12441949960954e-66,4.01152854229619e-22,1
"20717",0.00948040491112172,0.0113117700168184,0.979086955180648,0.000120869891411533,3
"20720",0.00845369675346616,0.991546303246527,6.3902595668624e-15,4.45653996552579e-16,2
"20722",0.0123826278057627,0.987617368436907,3.75728876294248e-09,4.19165985236841e-14,2
"20724",0.000199828776552835,0.00103155615522591,0.998114526814762,0.000654088253459238,3
"20726",0.0497641264531427,0.950235873546857,1.91591895410802e-28,4.02451158849233e-35,2
"20728",0.000798791403972057,0.000236856075601325,0.998964352520374,5.2562396504442e-14,3
"20730",0.00145782111263906,0.0235783102258377,0.970685059261007,0.00427880940051609,3
"20732",0.91048127783935,0.0895187221606498,2.70721246847997e-23,6.012973203435e-31,1
"20734",0.00624227281773413,0.993032992743956,0.000724734437808359,5.01356327414475e-13,2
"20736",0.000693586252708499,5.11626285609933e-05,0.000333688522265931,0.998921562596464,4
"20738",0.999999791502881,2.08497119052166e-07,3.71519498548337e-38,8.47910060335208e-21,1
"20740",0.970669226616142,0.029330773383844,1.37812480128661e-14,2.06631462560249e-54,1
"20742",0.092744024769386,0.0236684864202127,0.883587488810401,2.53404802539089e-16,3
"20744",0.00390727000985802,6.35632346608852e-08,0.000367784427667056,0.99572488199924,4
"20746",0.00479952344287315,0.890233691359426,0.104966785196682,1.01857334828512e-12,2
"20748",0.000624931593256763,0.00076617245635919,0.983651307078404,0.0149575888719804,3
"20750",0.00369307086876306,0.0147326082521115,0.479410976364894,0.502163344514232,4
"20752",0.00666141111026442,0.993338539627497,4.9262238816193e-08,3.16515359379194e-23,2
"20754",0.998865521233593,2.68148093674094e-08,0.00113445195153821,6.00474169168771e-14,1
"20756",0.0299347191017254,0.905757403385309,0.0131480084989603,0.0511598690140056,2
"20758",0.999992015674454,7.98322579542792e-06,2.62125707688563e-15,1.09974783897795e-09,1
"20760",0.000905844805977364,0.000268708837039041,0.987901131874264,0.0109243144827199,3
"20762",0.996921749196876,6.72266414751404e-08,0.00307818357648223,2.6610007142781e-17,1
"20764",0.0963640271179307,0.000124451018225658,0.392419912000133,0.511091609863711,4
"20766",0.00123045929211088,0.00122735841372445,0.810778090250916,0.186764092043249,3
"20768",0.000682287973628672,0.00380687196045339,0.00792757284254803,0.98758326722337,4
"20770",0.902244550565994,0.0957612980188444,0.00199415141516122,2.72308162054221e-18,1
"20772",0.00674078631928914,0.993259213680711,1.41532208917836e-25,1.30488840330249e-22,2
"20774",0.97437404234718,0.0256259576528204,4.35399487834392e-57,5.60078942705986e-55,1
"20776",0.118317208050338,0.867856117829072,0.01382667412059,1.8982223479935e-25,2
"20778",0.999922542400702,7.74575992978781e-05,1.82121012254191e-71,2.67483354729483e-47,1
"20780",0.99999999999368,5.03498394091559e-12,1.41795920106157e-14,1.27023949220423e-12,1
"20782",0.999736953644174,1.39096257894819e-09,0.000263044964676156,1.87247843006397e-13,1
"20784",0.999161673579543,7.44643097343062e-07,0.000837581777357283,2.10616287036777e-15,1
"20786",0.0194270950919862,5.87025020069341e-12,1.36840480000232e-10,0.980572904765303,4
"20788",0.00237835375059891,0.105635593137138,0.891986052837435,2.74828539939154e-10,3
"20790",0.0269824080151735,0.000260885842608429,0.972729468463719,2.72376784992268e-05,3
"20792",0.388243794181372,0.61166845106536,3.83565245932404e-05,4.93982286746389e-05,2
"20794",0.00983161702809589,2.09081251373611e-05,0.99001915844984,0.000128316396926929,3
"20796",0.00925559405188548,0.990744405948115,1.87497908488547e-21,3.20529059014962e-31,2
"20798",0.000305284152285463,2.08279656678905e-12,3.60187713831178e-12,0.99969471584203,4
"20801",0.999892103102116,2.60894044280927e-06,7.55635016267841e-21,0.000105287957441584,1
"20803",0.0297592635795842,0.910431424310045,0.0598093121099477,4.23233294593867e-13,2
"20805",0.00726803080159613,0.992607296264133,0.00012467293427098,1.3253633459159e-18,2
"20807",0.000305284152285463,2.08279656678905e-12,3.60187713831178e-12,0.99969471584203,4
"20809",0.934233164238103,0.0540119700379562,0.0117548657239407,6.29702569220362e-18,1
"20811",0.999781419878024,0.000216102739401855,8.88160562502792e-18,2.47738257399396e-06,1
"20813",0.586455856991364,0.413532428743927,1.51085453433932e-09,1.17127538548541e-05,1
"20815",0.226105260559602,5.66318742112814e-15,8.28154322649348e-15,0.773894739440384,4
"20817",0.000261534749356229,0.0025412869881161,0.997191028926551,6.14933597708198e-06,3
"20819",0.0231526482453643,0.972553872603778,0.00429347915085823,2.25084438253227e-20,2
"20821",0.999999996504709,3.49529060141205e-09,5.94233951690295e-41,1.12322545161776e-24,1
"20823",0.00714406779632451,0.991000078240576,0.00185585125381995,2.70927990656955e-09,2
"20825",0.00095869585709647,0.00108613811802104,0.997954976682387,1.89342495184837e-07,3
"20827",0.340884153491033,0.0363921425876684,5.61294013164682e-06,0.622718090981167,4
"20829",0.689372643687375,0.310627356312625,5.0785232595072e-29,3.09931806188513e-25,1
"20831",0.00432807668491169,0.00748108817555891,0.988190834409757,7.29772750054656e-10,3
"20833",0.999998380643777,1.75412566427761e-12,1.61935420768934e-06,2.61007065637187e-13,1
"20835",0.00204795253520885,0.00356602561036892,0.992090629797731,0.00229539205669172,3
"20837",0.00774734163050691,0.0317787280200206,0.958249647347821,0.00222428300165176,3
"20839",0.000721264228476755,0.00115376128458519,0.997602748680567,0.000522225806371147,3
"20841",0.63778755003521,0.362212449960803,3.98689896156763e-12,4.16580825379023e-32,1
"20843",0.00603733881226241,0.136908871054104,0.85705379013363,3.74252163569845e-15,3
"20845",0.347650416500587,0.261661905727526,0.389598451318512,0.00108922645337552,3
"20847",0.00821181829062262,0.99177658469136,1.15970175703048e-05,4.47387249197297e-13,2
"20849",0.0159622012531628,0.984037135591759,6.62794788659362e-07,3.60290177377972e-10,2
"20851",0.0227355407641677,0.977264260817704,1.98418128296991e-07,1.02207751115085e-16,2
"20853",0.0833323682233714,0.916667631776629,1.45613112659678e-21,8.38032960703691e-30,2
"20855",0.107429800923733,0.892570199076248,1.33551160871022e-22,1.95736865578551e-14,2
"20857",0.0173459675703801,0.981795778546913,0.000858253852001263,3.07053830860997e-11,2
"20859",0.00318235826647881,0.996817641308541,4.2452771869591e-10,4.52596268252869e-13,2
"20861",0.999999628976586,3.71023410671308e-07,3.353991649024e-15,7.63657897396942e-25,1
"20863",0.00201398193457502,0.00012741424280674,0.00244922648021952,0.995409377342399,4
"20865",0.0316145726586425,0.00644485792361233,0.961940569416313,1.43267377061782e-12,3
"20867",0.518307481341166,0.481692518658834,5.13915129657749e-54,1.02712144213193e-44,1
"20869",0.00625652338554636,0.00244852527735525,0.00181937952911097,0.989475571807987,4
"20871",0.969034538185639,0.0309654618143615,1.29034292829002e-46,1.18749203738799e-21,1
"20873",0.266009465203167,0.733990534796833,2.52445238290548e-33,9.84239512800178e-16,2
"20875",0.00500583959310544,0.994994160406654,2.40217442178277e-13,1.54300178977087e-18,2
"20878",0.997037348408179,1.16393410015654e-14,4.73042232924881e-14,0.00296265159176235,1
"20880",0.999999999177157,1.06951083556663e-12,7.66779937353274e-10,5.49936575673593e-11,1
"20882",0.0562712032224344,0.943728796777565,9.2395249381326e-27,2.50489914579185e-27,2
"20884",0.00316069687238451,0.0114062068045491,0.977609844476927,0.00782325184613925,3
"20886",0.00181799297149667,0.00459463902676216,0.00239528420837753,0.991192083793364,4
"20888",0.334411286758593,1.61605925401186e-08,0.665581075568435,7.62151237904573e-06,3
"20890",0.00034873896523951,0.00821400929170469,0.952999087684964,0.0384381640580921,3
"20892",0.0259287629872001,0.974068384512767,2.85250003263796e-06,4.18652539844494e-17,2
"20897",0.0663058025387773,0.933543970794383,0.000150209635211791,1.70316274032207e-08,2
"20899",0.0232236050193154,0.934670868773498,0.0421029254130225,2.60079416385398e-06,2
"20901",0.999999999867629,1.32371111097528e-10,1.73025944268874e-44,1.034136643288e-56,1
"20903",0.999971425169257,2.85748307432468e-05,2.75342682727467e-61,4.68022117315811e-25,1
"20905",0.999487792736659,0.00051220726334103,4.00229356250502e-30,2.410104053351e-21,1
"20907",0.129558423087842,0.870441576912158,8.89538507396692e-21,1.26705823368369e-34,2
"20909",0.679887530675635,0.320112016035101,4.36283681065077e-07,1.70055829858551e-08,1
"20911",0.999999999987196,1.28042603852951e-11,2.34559695247045e-66,2.56430616075518e-70,1
"20913",0.0947868848584426,0.729682748149019,0.175529359934085,1.0070584536735e-06,2
"20962",0.00182611464346959,0.99817149208149,2.39327305601799e-06,1.98405087867971e-12,2
"20969",0.169506775508488,0.830493213933062,1.30041301583647e-16,1.05584501257517e-08,2
"20980",0.00699110106571292,0.99300880414261,9.47211816217541e-08,7.04955793060899e-11,2
"20982",0.00412238396900715,0.995877615908111,1.22882017535145e-10,7.29335579071217e-23,2
"20984",0.403676244658139,0.579745673149003,0.016578078279492,3.91336559395674e-09,2
"20994",0.0254508618417366,0.974549138158243,2.55531921931378e-16,2.00050921969624e-14,2
"21015",0.694073012824425,0.000287888845769609,0.300106920626059,0.00553217770374721,1
"21023",0.132359179381093,0.867640820618907,4.06434583939105e-24,6.76273959785334e-33,2
"21040",0.875870572628763,0.124129427371172,6.52566508954777e-14,2.9833631633563e-40,1
"21073",0.167742349465926,0.83225760623927,4.429479697015e-08,6.82921471527283e-15,2
"21222",0.00191810535806928,0.0140427414798165,0.976704467313648,0.00733468584846594,3
"21224",0.0133480883541323,0.959313014436924,0.0273388897620889,7.44685490421669e-09,2
"21228",0.999754674026025,0.000245325958055316,3.97120321338585e-23,1.59193350425629e-11,1
"21232",0.02458667139876,0.97541332860124,4.85884183714249e-21,3.81915920909162e-32,2
"21237",0.953733528661412,0.0462664713385881,1.8513470636367e-34,8.85014394544001e-27,1
"21240",0.000430983918211496,0.001489915913788,0.998078817807671,2.82360329211544e-07,3
"21245",0.000304587433194033,0.000417090816992377,0.98879447861719,0.0104838431326238,3
"21252",0.0750887134233285,0.924911286576671,8.55764782795402e-16,2.41000357658952e-38,2
"21254",0.331234892026543,0.668765107973065,3.92199713152139e-13,4.71678948152862e-25,2
"21258",0.0804386944977921,0.919561303448752,5.49580374832014e-11,1.99849842677442e-09,2
"21264",0.0077407438826707,0.249266503052777,0.63180602336427,0.111186729700282,3
"21305",0.997516764809108,0.00248321177601831,2.34143446657554e-08,5.2862208554599e-13,1
"21333",0.0226642466671217,0.97733575186099,1.47188878588998e-09,1.12054547080173e-29,2
"21366",0.0711314069096361,0.67030852523204,0.258560067815424,4.28998248746312e-11,2
"21377",0.00113203386047547,7.08543277611317e-07,2.38002043749433e-07,0.998867019594203,4
"21380",0.999999998121479,1.87852133458607e-09,2.07465584475208e-40,3.4589837812088e-26,1
"21387",0.999999999999275,7.25180341964116e-13,9.14424793044229e-64,2.46780560091079e-78,1
"21390",0.120044269355783,0.879955730644216,1.118528262812e-16,3.78353465298719e-33,2
"21392",0.0438914664067955,0.956107666112526,8.67452653641148e-07,2.80247939644733e-11,2
"21403",0.0131984665111935,0.986801150359801,5.20715268584515e-12,3.83123797913483e-07,2
"21408",0.0379240451564315,0.962075954843569,4.43090015327456e-22,2.91467972439395e-19,2
"21412",0.999785249470175,0.000214750529824736,4.04755245958824e-28,2.1616970020222e-24,1
"21421",0.00822461371076557,0.936759547808729,0.055015828647129,9.83337596401844e-09,2
"21424",0.996171818623167,0.00382818137683334,2.28583820000527e-37,2.64991829566177e-43,1
"21429",0.00847006622766625,0.991529933772323,3.85039644407616e-16,1.06952410185656e-14,2
"21431",0.0279846232384343,0.971601835088626,0.000413541006720964,6.6621874040622e-10,2
"21436",0.999965416615584,2.37242965756879e-05,1.0859087840149e-05,3.90004460499255e-19,1
"21439",0.000864898225313815,0.999135011484298,2.6474597365509e-08,6.38157910911381e-08,2
"21442",0.11356030531945,0.885317070539267,0.000242111891845132,0.000880512249438047,2
"21444",0.00240282317460428,0.000428901811759222,0.997168275009064,4.57293965451958e-12,3
"21446",0.999972845263727,2.18998721439587e-14,2.35866361634012e-16,2.71547362510784e-05,1
"21448",0.999999999999847,1.52811254475126e-13,6.60508609275532e-27,6.30432892915799e-44,1
"21450",0.40794049514599,0.592059504568216,2.28877635844095e-13,2.85565078270876e-10,2
"21452",0.0659243344416517,0.934075665558328,2.03160889866207e-14,6.81128570342551e-26,2
"21466",0.161124042636304,0.838875957363696,7.12811660813327e-29,3.76204711055624e-44,2
