"","V1","V2","V3","V4","V5","V6","V7","V8","V9","best$classification"
"19811",0.00043420711498858,0.0017090947672788,3.50698211340596e-07,0.000471546871635952,4.87607101610028e-09,0.950450395376941,4.57139501916057e-10,1.59741735457273e-05,0.0469184256641875,6
"19813",1.21942644258918e-08,3.96951731267899e-07,7.79179529365421e-09,9.00515481226898e-07,2.4847833102279e-08,5.9503482874974e-06,2.79995617721489e-12,3.94622127404588e-08,0.999992667885595,9
"19815",5.54376829713452e-06,0.0263130030667492,0.000131238242979718,0.00827967530886231,3.56457556677871e-09,0.963962102121893,2.60631404105084e-05,0.00128137143218753,9.99354045295306e-07,6
"19817",0.000367425073449103,0.00334483092420106,2.37120512540396e-06,0.00447567520308713,4.1524375561593e-10,0.99172788626501,1.96360045261438e-07,7.74371028310422e-05,4.17745100770432e-06,6
"19819",5.9263040645374e-08,8.97659578468999e-06,0.275568773060992,0.0505565781068232,0.00532034141201077,2.05137193321641e-06,0.668471771435504,7.1448725088281e-05,2.88228924630949e-11,7
"19821",0.0144897669945956,0.000393153365421577,3.56466972160341e-05,0.00510430019754773,2.26886255537358e-07,0.966126392823446,5.46890366849661e-09,6.29959637435228e-07,0.0138498776069756,6
"19823",5.33257459797477e-05,0.000338377627628935,6.19736635343936e-06,0.00198347820916123,1.24072897989372e-08,0.413701686124176,0.000955718899881201,0.582960452725429,7.50894100395653e-07,8
"19825",0.466609756823446,0.00211578877793836,0.00919062493141818,0.00517754104837904,0.515276260305326,0.000354336178029352,5.22613444440077e-05,3.50164944544902e-06,0.00121992894157338,5
"19827",0.390908262566342,4.42501549515118e-05,4.77726187200323e-06,0.00401927862122086,1.65691030577615e-07,0.604820630973348,3.12700396853395e-06,0.000199297285946445,2.10441320504725e-07,6
"19829",0.00362740586463636,0.000100925009896455,0.0837074302653312,0.906083632221939,0.00616356360174026,0.000222522730916647,9.36552112399316e-05,7.24877907546695e-08,7.92606509650027e-07,4
"19831",9.1689570206732e-08,3.29961660431535e-05,0.0890643104867068,0.770521168312682,0.0294884483741247,1.64756454202324e-05,0.107713128635859,0.00316321970143565,1.60988158001364e-07,4
"19833",1.15584399217188e-05,0.002141857026635,1.62906763556691e-06,6.5387420919267e-07,0.000583937503584084,1.52440950878427e-07,0.146216202671025,0.851043336276517,6.72699522079323e-07,8
"19835",0.0144897669945956,0.000393153365421577,3.56466972160341e-05,0.00510430019754773,2.26886255537358e-07,0.966126392823446,5.46890366849661e-09,6.29959637435228e-07,0.0138498776069756,6
"19837",0.0226352438246187,5.75658282200339e-05,1.29150283804008e-05,0.0266521383432261,2.57732881484803e-08,0.950625276611077,2.80974549880745e-07,1.47346959586957e-05,1.81892068145457e-06,6
"19839",0.00650014082968026,0.000413007647245422,0.0230770312395615,0.217615080957669,0.751837194934859,0.000300639283418915,2.56416962370371e-06,2.02089207627716e-07,0.000254138848733801,5
"19841",0.99948842353573,2.61250612121861e-08,1.8804568964177e-07,1.40743088230062e-06,0.000491160661862372,4.21036844533106e-06,1.22230959456771e-09,1.12209896141738e-09,1.45814879208975e-05,1
"19843",4.84275582140823e-09,0.00243617873150942,0.569967059142155,0.0212098927792309,0.396629114209148,1.89063064737304e-06,2.19329920416579e-05,3.5181208542297e-07,0.00973357486042598,3
"19845",3.68379096631729e-06,9.44756764897993e-05,3.02872159543843e-08,8.71906461243952e-06,7.50094081656315e-10,0.0370549397877455,8.27855379354346e-11,9.90181961566774e-06,0.962828248740475,9
"19847",6.89614927852601e-06,0.0269185577986872,0.000417536345014828,0.0530943879853767,3.88420206668878e-07,0.910974425399741,2.0759863795712e-06,0.000589506357924434,0.00799622555739144,6
"19849",2.99413998284516e-08,8.20986229002293e-08,6.27031803630442e-10,7.73391444570469e-08,2.48327977364958e-09,1.84873207373227e-05,4.79679520498652e-13,4.35298439708993e-08,0.99998127665946,9
"19851",1.38575426482662e-05,0.000890972525369395,8.44281271208902e-07,0.000603010485602116,8.0373390648158e-11,0.99823470486761,1.11106390422531e-07,0.000244776971201092,1.17221395340305e-05,6
"19853",0.000174889250461048,0.000106609855209603,4.02475067896819e-09,1.25374559805498e-05,5.81825936994339e-11,0.913407070487712,5.91510471006411e-08,0.0730616579772086,0.0132371717394472,6
"19855",0.00213536351431821,0.000150431972370007,2.11649168793218e-08,0.000312406489700452,5.22892772490791e-11,0.996267338553592,9.31559874930672e-09,0.0003729183284915,0.000761510608723047,6
"19857",0.0144021908118889,0.0078247342941826,0.00018778677229697,0.333139184274754,1.5403857589815e-06,0.627722343029042,3.56376873497195e-08,3.61610010765196e-06,0.0167185686942817,6
"19859",0.0107730661697002,0.00307125514365599,1.63661315330765e-05,0.0594831434336093,8.31205322154166e-08,0.926122250271939,3.11710048914909e-06,0.000521917549420261,8.80107912134286e-06,6
"19861",1.46783430466306e-05,0.000552914646340363,4.24097758644797e-07,0.000377556187287436,2.36541633544661e-09,0.841737889231789,1.82037517494822e-09,0.000117411857081974,0.157199121450905,6
"19863",0.00542033344770033,3.34789671962051e-07,4.99952912750918e-10,4.16151520682122e-08,4.14119962384393e-06,1.18422639669307e-05,1.67117572514423e-12,2.18085818643421e-08,0.994563284373679,9
"19865",0.998774841441961,2.6646548614242e-06,2.17727368126031e-08,4.40911990103863e-06,4.96371726254096e-08,0.00121761263913987,4.44262974336477e-10,1.1455459684251e-08,3.88834504873131e-07,1
"19867",9.13541705115183e-07,0.0111829278883019,6.45985458682857e-05,0.0027759057626369,1.03857165267212e-08,0.978947529909782,2.86703812269876e-07,0.000233760026110254,0.00679406723606684,6
"19869",1.38183516073133e-05,6.35671438893647e-07,6.82201812473647e-10,7.47754947352924e-07,4.09654977084391e-10,0.00355714580805746,9.78413285925416e-13,3.14274767201418e-07,0.996427337046347,9
"19871",0.0384925533034595,0.000763663842055903,4.78127665566163e-05,0.178724569192048,7.6483761666438e-08,0.781823301194752,5.49957623556684e-06,0.000141353174997105,1.17046613331556e-06,6
"19874",0.809184788974694,0.000451266774191211,1.19611101039927e-07,9.06567354669085e-05,2.53446833150106e-08,0.190236865151509,7.57074791659398e-08,3.4119639901253e-05,2.08206097348288e-06,1
"19876",0.191375617148236,1.53978798972321e-05,1.05468121827961e-08,5.51977115834492e-05,5.4520747173539e-10,0.808335658737661,4.55979575086557e-10,6.65430769414222e-06,0.000211462666929842,6
"19878",6.46699334841562e-07,0.997581351362895,0.00220605866286701,5.03194480647516e-05,1.57609997971157e-05,0.000133505996521706,1.06197497952667e-05,5.93026676200151e-07,1.1440540483036e-06,2
"19880",0.999099657103765,5.65439162907825e-08,2.32309900119319e-10,3.76054973670675e-07,4.2280588469055e-09,0.000894903268132802,2.24012973405974e-11,3.59293369057663e-08,4.96661710527942e-06,1
"19882",0.000586267202485904,0.0101830950528727,5.24300448485338e-07,6.83006595129456e-05,6.48333770731044e-09,0.692590504602444,4.93949238526397e-09,0.000137054348396942,0.296434242411009,6
"19885",0.000327604113378636,0.00662352271436887,0.000271951915333924,0.133936536162447,2.3088072028762e-08,0.85882893489805,4.27712589443776e-07,5.01573516251613e-06,5.98366059743604e-06,6
"19907",6.40060433513334e-06,0.0122093614809511,1.75507224934963e-05,0.000638412834807889,4.05647366878186e-09,0.905537553397606,3.82621766144226e-08,5.285530178292e-05,0.0815378233393728,6
"19909",4.21268506733908e-07,5.02493877494246e-06,0.0324629679960613,0.966859383419309,0.0001205633376488,0.000526094663817573,3.24794141053872e-06,1.86046580104179e-07,2.21103878915399e-05,4
"19911",0.00316444018472041,6.33369730989315e-05,0.0111390247780141,0.979855090665127,0.00450529843072908,0.00120016721112504,6.27767413512438e-05,8.09303575478373e-06,1.77198007947016e-06,4
"19913",0.999993323554868,1.36641237777187e-08,1.38826136733956e-09,1.49815371727455e-07,1.30839436525365e-06,5.10917872412438e-06,6.15459948980936e-10,1.11232981242546e-08,8.22655279241709e-08,1
"19915",0.354269762963573,0.000131775086752724,1.34884577717267e-07,0.00018828622022623,2.0958119106184e-09,0.645378076416164,5.51156518426107e-08,3.08525278808198e-05,1.05468936213725e-06,6
"19917",0.993310414747028,2.61802554422937e-05,2.55887729262581e-07,0.000162028611894792,1.3747005836575e-06,0.00649786618933237,1.54395418033805e-08,1.06193291076528e-06,8.02235536561627e-07,1
"19919",0.140085491140321,0.00491939858116649,4.59802813243486e-06,0.00500900670198705,2.90702947156447e-08,0.849899964401698,1.00058389356077e-06,7.97816607457428e-05,7.298317609899e-07,6
"19921",3.55076247980068e-06,0.00540904592316484,8.06418267576627e-06,0.00248166988257537,5.39280259089318e-10,0.991812149276388,7.83687124025122e-08,9.31934893931625e-05,0.000192247575329935,6
"19923",2.75756866268988e-08,0.993499866931561,0.000511938408555098,0.000285055073059811,2.27078919611886e-07,0.0053022948659623,5.2811781706534e-05,0.000342504382029269,5.27390251993609e-06,2
"19925",0.953940182709239,8.6214687423262e-05,9.59061166059638e-08,5.55746493332488e-05,1.97030737941305e-08,0.0459148318146468,2.01365974289485e-08,2.75347461696789e-06,3.06918953156492e-07,1
"19927",7.79515272928342e-05,0.000214769137061939,5.46740977594515e-07,0.00164910723965081,1.10137727116686e-10,0.997920006991121,5.13379505774478e-08,0.000122022993059206,1.55439227481259e-05,6
"19929",0.580591072525998,8.7706749790183e-08,9.17791059535232e-10,2.84398193182212e-07,1.14056671493259e-05,9.61444157613887e-05,3.57982938215481e-12,3.77019690272765e-08,0.419300966662808,1
"19931",0.000413494786987858,0.000836685104434288,1.71574877273437e-05,0.00770380709104315,8.416487954705e-09,0.990863940832461,1.79910944136376e-06,0.00016270466914586,4.02502270823272e-07,6
"19933",0.000187116583623356,9.86368611733055e-05,0.0388979944522256,0.897152381922677,2.28331085519632e-05,0.0634280068116214,0.000203013203397857,9.93304826191091e-06,8.4008467843073e-08,4
"19935",0.000785097244673715,0.0171628335404975,0.0117745783320326,0.178700827987747,1.58983012457521e-05,0.79095172799675,5.04801420614133e-07,1.72309566201019e-06,0.000606808699971413,6
"19937",6.0838257763096e-06,0.00303438156028594,1.05839919627347e-05,0.00279446746099681,2.97385099266286e-10,0.992968326258343,4.18881536096231e-06,0.00118054307330933,1.42471657990793e-06,6
"19939",0.000815322720704795,0.287026267697417,4.311623719837e-05,0.00163930253530796,2.86915497374795e-09,0.710426065019243,2.90046363170615e-06,4.39511136606973e-05,3.07134368136947e-06,6
"19941",0.0172631282029439,4.7538968132903e-06,0.025026780368386,0.62998268235084,0.326742794049887,0.00091395024026132,7.56517704080007e-06,7.54176856872198e-07,5.75915369709071e-05,4
"19943",0.99966591952714,5.56020859962556e-07,3.80613758845084e-09,1.75992702089702e-06,2.29312802555557e-08,0.000331531399394976,4.80229175805082e-09,1.77099109019028e-07,2.44867654600043e-08,1
"19945",7.23367318978654e-06,0.00309046163840112,0.0870458795041772,0.895330581180869,0.000118036046365655,0.0137769484703406,0.000597826918385061,3.29957364839046e-05,3.68317881145538e-08,4
"19947",0.521123770717856,0.000133597383684443,0.00158055005257542,0.457576834991822,0.00671728821852921,0.00257794814598482,1.23027956025278e-05,9.31433610306193e-06,0.0102683933578431,1
"19949",2.70295566985429e-07,0.961646606734012,0.0154354942020979,0.00335275390825814,1.01441926441084e-06,0.0187515616644961,0.00070978417203878,0.000102349597417145,1.65006848388476e-07,2
"19951",0.741936016389179,0.0568661976777592,4.85222772809431e-05,0.00130611857743428,4.20611224562123e-06,0.199824976778468,1.05112437154222e-06,8.75313663627758e-06,4.15792662472107e-06,1
"19953",8.46063047794825e-09,0.00108186911293211,0.0748935462389744,0.0326041971322848,9.81223857775257e-05,0.000157461513347227,0.852298948918734,0.0388658359913192,1.02460001472294e-08,7
"19955",6.31797995283774e-07,0.285659284727026,0.150951070311993,0.53158518193121,0.00946217148712921,0.000238528242797685,0.020733066311604,0.00136593843631202,4.12675393384805e-06,4
"19957",0.917776916032397,0.000147888097032417,4.00387925245402e-06,0.0364174540068484,7.41213119780108e-06,0.0401052927800064,4.0035814887031e-05,0.00549306777297797,7.92948540051348e-06,1
"19960",0.00012580683682322,0.00272491552410163,0.298222825212772,0.696278728609117,0.00232984287150311,0.000221021999252909,7.84640780556919e-05,1.20134413009696e-07,1.82747339613662e-05,4
"19963",0.834826601838397,2.1270039643761e-06,3.03058081825082e-06,6.05955461085216e-05,0.0578508041801578,9.72769145953179e-05,0.00288231411385605,0.104267276020856,9.97380124609115e-06,1
"19965",3.13210694887203e-09,0.0979235998644076,0.848025462129254,0.0480805924154904,0.00571179126122572,1.12297849839618e-05,0.00022810002108763,7.16147394689558e-07,1.85052440492682e-05,3
"19968",0.760906480302384,2.76070793189065e-05,4.36559320884631e-05,0.00168219055177891,0.000459240845284574,0.00950432204938404,2.14035568585988e-10,2.22065976412963e-09,0.227376500805066,1
"19971",0.987664603755511,1.09521509703654e-05,2.26561219356966e-05,4.18997747653867e-05,0.0113051209803032,1.99209202875267e-06,0.000938485638151089,1.42340757081452e-05,5.54106260947626e-08,1
"19973",0.00217951862526248,0.00044103921035892,1.56669179676849e-06,0.00196625613906267,1.17736440299467e-09,0.995387008295081,5.71635806717663e-09,2.79209230337542e-06,2.18120524119166e-05,6
"19975",0.981829286028731,2.94400270775673e-05,2.61548817267882e-07,0.000152335796249716,2.34199499487877e-07,0.0179763268803022,5.40788415151635e-10,3.3256639438762e-08,1.20817218945696e-05,1
"19977",0.998376151644124,0.000702652685238868,1.00200193983284e-06,1.07679676105573e-05,0.000660922001517179,0.000195638494790454,1.64925755765125e-06,2.17039199756211e-05,2.95120272460029e-05,1
"19979",2.24278512022585e-07,3.29621482558971e-06,0.884287652811202,0.0521280550407968,0.0597929003254434,1.02560051817613e-07,0.0037877617389321,6.98047993443205e-09,4.97565408581684e-11,3
"19981",0.000126301219698915,0.000417842934333713,0.00015305933849787,0.656458171415616,2.33806773025392e-07,0.3423978558301,2.95190913187056e-07,3.54499714054819e-05,0.000410790292661327,4
"19983",1.21929935976191e-05,0.299857632697704,0.00160919604706282,0.369454912827987,1.11477366803578e-07,0.32851798709121,5.20409807845795e-06,9.35437255375324e-05,0.000449219041455409,4
"19985",0.814153961952053,9.19525201197393e-05,1.51038242489216e-08,4.75716204194685e-05,2.69964336969075e-09,0.18568334159811,1.36127187809881e-09,3.68894528651498e-06,1.94641992709783e-05,1
"19987",0.0230723135447649,0.000157227445885497,0.00126287821299766,0.440668609028641,4.99917026508418e-06,0.534808873604856,8.63045035670853e-06,1.47343133276607e-05,1.734228905451e-06,6
"19989",2.51391005047562e-10,3.35541179945321e-05,0.969637203761887,0.017249929954293,0.000897594033271246,1.02243304982713e-06,0.0121803557991181,3.39582058750983e-07,6.69365486512884e-11,3
"19993",0.0117010263854318,0.705629915707148,0.071515905062349,0.0503151335851287,3.06828661135842e-05,0.160466813533968,0.00033725981848036,3.01726944126048e-06,2.45771939167877e-07,2
"19995",0.00405648558526418,0.0427183984048287,0.250821350442776,0.586773622498837,0.000975778157160961,0.114514278460525,0.000130827199247354,5.91251829086131e-06,3.34673306891616e-06,4
"19997",0.00387613492156057,0.000307007597141356,2.74723028170076e-07,0.000482866526319864,2.29058183210787e-09,0.995271025697374,1.39079291708097e-08,4.45754853453553e-05,1.8098850719676e-05,6
"19999",0.0239637951713462,3.49188014273172e-05,1.79514432788771e-08,0.000187284839184764,2.85982086672219e-10,0.975123423377811,3.1189553668346e-10,7.14679598992207e-06,0.000683412464920152,6
"20002",0.430067882934649,3.50448187526796e-07,5.26708395358919e-06,2.77517446086367e-05,0.145400440713304,0.000244647368320724,3.11630353423912e-08,2.04678644567541e-06,0.424251581757495,1
"20004",0.000851042593281949,6.18190995399018e-06,0.0244419947043398,0.957294628165323,0.00133931576518202,0.0160004816928693,3.60422589722082e-06,8.48428021126144e-07,6.19025151319086e-05,4
"20006",0.000292860493904217,0.322864396311686,0.0795117792484272,0.589390016717646,0.00541124982709502,0.000984887583094434,0.000513149782546413,6.61772074459537e-05,0.000965482828154732,4
"20008",2.15263360179505e-05,0.884747349139732,0.0883089366973401,0.00222464140607828,0.0231317713565882,0.000803834542414131,0.000700511395489896,4.87801456639574e-05,1.26489806751335e-05,2
"20010",8.76068690618119e-07,0.382220446668863,0.35081290587776,0.226671802312026,6.84699005972298e-05,0.00308856362166813,0.0369834138487994,0.00015351919477605,2.5068189798822e-09,2
"20012",0.816452064198363,0.00210385782094824,1.08584653878105e-06,7.17928465001341e-05,1.20103617376309e-07,0.173219669309611,2.38348703042583e-09,4.4070255152714e-07,0.00815096678838252,1
"20015",2.30466439477187e-09,0.000591790586109567,0.989587348694943,0.00647878191088434,0.00333699495166741,4.30313179462933e-07,4.57368831855202e-06,9.58074131482085e-11,7.74544262799681e-08,3
"20017",0.0111011018951845,5.4619223612689e-05,9.42080735938465e-08,0.00120661238802178,7.2040376050311e-10,0.985337494003641,7.66013771602018e-10,9.52393210989044e-06,0.00229055286293934,6
"20019",2.74748805614214e-10,7.99170546870777e-05,0.969457654726583,0.00170727936403056,0.015065534460965,2.85817824996545e-09,0.0136896038883751,7.36805882384546e-09,4.37317724048054e-12,3
"20022",2.09043984073826e-07,0.00281997557377918,0.202901671603332,0.792488587557573,5.98016271169004e-05,0.000330153393777164,0.00139705824326066,2.54068514710221e-06,2.27203020782705e-09,4
"20024",3.01550207782442e-09,7.36226482250172e-05,0.151408257358477,0.00522233247932043,0.0155291270084533,1.86906262436416e-07,0.827551234960351,0.000215229698007574,5.92540132079206e-09,7
"20026",3.01550207782442e-09,7.36226482250172e-05,0.151408257358477,0.00522233247932043,0.0155291270084533,1.86906262436416e-07,0.827551234960351,0.000215229698007574,5.92540132079206e-09,7
"20028",0.0631206120466805,1.16615692609705e-05,2.63724394036902e-08,0.000107020649520037,1.55541568534286e-09,0.936671757229177,2.30015081825285e-09,2.821727077861e-05,6.07010065769436e-05,6
"20030",4.0210750989455e-05,3.54205020805506e-06,0.389462558966562,0.240138634349293,0.370323926767537,1.52199684200867e-05,1.42115572039681e-05,3.78901510603439e-09,1.69180077221273e-06,3
"20033",0.191428835629728,0.000147000732525641,1.59135281429497e-05,0.0237668343352441,1.25416630656857e-07,0.784616396479357,1.79806037565922e-07,6.70843458046394e-06,1.80056377531026e-05,6
"20035",2.50558522345901e-10,9.86530049376403e-05,0.978955918582616,0.00163707104517758,0.00162554584531588,8.85320039144432e-09,0.0176827932670067,9.1402779172881e-09,1.09093568257016e-11,3
"20037",5.21503292105702e-12,0.000260648327488805,0.994752774884981,0.0018995066835833,0.00243389694188049,1.20214780253857e-08,0.000653155615997371,4.92233151047141e-09,5.97044029632366e-10,3
"20039",2.38073169088037e-12,1.07420101548259e-05,9.08332500691074e-05,4.90689913788279e-07,6.17935490206517e-07,2.40177599692189e-09,0.998245966624257,0.00165134708283428,3.1237747806087e-12,7
"20041",1.5985866096245e-05,0.972539628244934,0.000785011467149063,0.0233203440613517,6.48872628518021e-07,0.00282049620586673,0.000244060712206706,0.000272240906401728,1.58366336503141e-06,2
"20044",0.0013874509836861,0.796099712193122,0.00720411633577483,0.171898057036256,8.67034517367683e-06,0.018677508483299,0.00343929662757221,0.00127468906418671,1.04989309287662e-05,2
"20047",6.40816378352877e-09,3.63647434783002e-06,0.582853173929182,0.00344825831275191,0.354666690357982,1.31683051566622e-09,0.059028196303912,3.68935041667323e-08,3.32584287958797e-12,3
"20050",5.58056886686845e-06,0.366779683553295,0.0408012045354294,0.00241567929521044,1.71477168738084e-05,0.000899513205318454,0.58754694331657,0.00153424773691373,7.15213788925161e-11,7
"20052",0.0295639747784862,0.0243506810953702,0.000693910283866322,0.151965698158779,3.51705044502831e-06,0.792501085497185,0.000163161761373035,0.000757817593185387,1.53781309019535e-07,6
"20054",1.09211438241192e-06,8.62180871583461e-05,0.273675436248817,0.723387446561718,0.0028124970313266,2.9786928418214e-05,1.65514731155112e-06,1.26769978141917e-09,5.86661316809413e-06,4
"20056",0.998994932556935,1.02768970701923e-06,3.13844910715825e-06,3.770525421823e-05,3.08143713873089e-05,0.000931938637372371,1.56801497254526e-07,1.9130969234547e-07,9.493008300945e-08,1
"20058",5.04916905603803e-11,7.99934123721843e-05,0.975230277427407,0.0212468660798807,0.000840920734285559,6.77495001210991e-07,0.00260113780608687,1.25873317327996e-07,1.12115757783424e-09,3
"20060",9.60033377687281e-05,0.00104007260661931,3.87892667156785e-05,0.0023830449468711,4.77600225306454e-09,0.996411064534169,4.36468525660027e-07,2.37643556499649e-05,6.81970767821474e-06,6
"20062",5.86664285705128e-05,0.278838000434918,0.000886705390389034,0.0157290596027787,8.97011493998556e-08,0.704456997061626,1.78224459630507e-06,1.51765601883139e-05,1.35225757839304e-05,6
"20064",3.38026763378609e-05,9.75987098664631e-05,0.069537743853565,0.927546299306213,0.000122422434238997,0.00262949933604847,3.24225207259768e-05,1.95109071481387e-07,1.6053932441628e-08,4
"20066",2.73420347279126e-06,1.21195273960448e-06,0.778003502586057,0.0580345267985437,0.163858495792805,5.67798539415372e-07,9.87943043740485e-05,1.11682210996906e-09,1.65446646655713e-07,3
"20068",2.37082532919534e-05,0.0109869039039248,1.66916020639793e-06,0.000898993719423091,3.87187623135555e-10,0.98700482142016,1.35319049798254e-08,5.37951608767733e-05,0.0010300944630238,6
"20070",1.32250377894641e-05,0.0215964467884159,3.32875254938645e-06,0.000864715694716067,2.4297282802256e-09,0.964499076995203,3.28902053094885e-06,0.0129881737029691,3.17415780973819e-05,6
"20072",3.05492259009163e-09,0.00697900132383875,0.887878777594157,0.100203361902923,0.00230773523430141,3.69639752912308e-05,1.83033026748539e-05,1.15100584144419e-07,0.00257573851130679,3
"20074",0.999848483457048,6.70928786395404e-08,1.80756860562949e-10,3.9057846111277e-08,7.42339402847838e-07,1.60315859453834e-05,1.45840332509227e-11,1.33677529239726e-08,0.000134622903785799,1
"20076",0.592818696328034,0.000211007279503826,0.000138506837398962,0.0754506410045064,0.000748177279167577,0.0181575265912948,3.79757915082023e-09,8.949410436974e-08,0.312475351388411,1
"20078",1.97481399250767e-05,0.00116930849276059,0.0511513677473123,0.943131208539944,0.000796005819739419,0.0031680622229234,0.000517813137885472,4.63996652894398e-05,8.62342205690528e-08,4
"20080",1.50460274856783e-09,5.36146750372518e-05,0.982965785412522,0.00810645273190698,0.00198751750861691,5.20761179778837e-08,0.00688656832150019,7.76755863928745e-09,2.13712346094563e-12,3
"20082",2.41530838814269e-09,1.35962614782733e-06,0.000416995679333885,7.9102871967373e-05,5.2622156963203e-06,1.66496381958249e-07,0.99834831227372,0.00114879842115095,2.93080184096955e-13,7
"20084",0.00996350616921333,0.000139004069530792,0.0257331114064001,0.928008649751589,0.0302965810611965,0.00098508289378107,0.00476127825712643,0.000112767213842137,1.91773203520696e-08,4
"20087",1.3090403111193e-07,0.0692550133878968,0.41323212392058,0.5115876329634,0.000969935410291414,0.00468646016515187,0.000223727549642662,3.13263697309823e-05,1.3649329275634e-05,4
"20090",9.75649520279222e-09,0.0140075701649567,0.892028503735628,0.00286595190016937,0.000398349659358336,6.23291751521506e-07,0.0906986852631287,3.06224114485797e-07,4.39789932857791e-12,3
"20092",2.72240142811132e-09,0.0449900851870944,0.000275904495782768,0.00730768845891098,5.09098392406796e-07,0.00169800674951035,0.00639898023092603,0.939284702746618,4.41203103638678e-05,8
"20096",0.00114172980080491,0.0197202348463935,3.58199751997936e-05,0.0190951168494756,4.56390264622335e-06,0.0416881765317207,0.0051919976292144,0.913121882191504,4.78273041223704e-07,8
"20098",0.176062624799113,0.000263121287633151,4.09848036248062e-06,0.00367117943487938,1.31308271942122e-08,0.819981963067499,3.45303284502008e-07,1.48718800351331e-05,1.78261636537654e-06,6
"20101",9.08793523744014e-05,0.000355448119833463,0.727030958539229,0.202316903875207,0.0581615547838456,1.54701298880204e-05,0.0120283086064751,4.762535006048e-07,3.3964698005719e-10,3
"20104",1.33580510291292e-05,3.81444925830148e-05,1.43541874326107e-08,6.93858302202275e-05,1.79395748680687e-08,0.00503882001987882,5.61679006999779e-06,0.988776030062913,0.00605861245954321,8
"20106",2.26756645399451e-05,0.00376520895314246,0.828273328714757,0.166634460344597,0.000919137752251509,0.000103427267138652,0.00028175055472101,9.62808904764791e-09,1.12076316209149e-09,3
"20108",0.00746432880133529,1.56915733235397e-05,4.30483508841497e-06,0.00636754582832973,5.27517750985842e-08,0.986060226101017,1.48523975206607e-08,7.91174252371287e-06,7.99235142101658e-05,6
"20110",0.112181821852221,0.521827955454076,0.000251359696784197,0.00675349727285601,1.00218470246298e-05,0.177161772324556,0.0239870215556912,0.157826504204403,4.57923877796114e-08,2
"20112",6.41833378399985e-06,0.25552052915265,0.680162003054704,0.0371582019603972,0.000181991083111475,0.00222200175256771,0.0247335759554925,1.52756764751147e-05,3.03081872181613e-09,3
"20114",0.0109475860503845,5.152781606845e-06,0.00732638383993486,0.976458648498043,0.00136688172374032,0.00371870966650429,0.000164941253821923,1.15983317632676e-05,9.78542010302774e-08,4
"20116",0.00488616375236202,1.77648571391229e-05,0.0271533066709587,0.954426708032618,0.0131109488097525,0.000397913582463707,1.97080308857551e-06,1.31311406335268e-08,5.21036047689253e-06,4
"20118",0.0251742637085675,0.000185089495371785,0.000623428274355586,0.768183028041585,5.25420174148743e-06,0.205769555862842,1.89255606486438e-05,4.01050500488171e-05,3.49804838334389e-07,4
"20120",0.00045910643989542,0.00424201314234845,0.530580196829401,0.31046059101294,0.000552673310605073,0.00132792594167028,0.152360593885865,1.68992609973917e-05,1.76277050671327e-10,3
"20122",0.999451254527304,1.87337190018545e-07,1.25563214565545e-08,3.21885626760033e-05,2.64922607179689e-07,0.000512296821981303,2.67888539580268e-10,2.65149947359782e-08,3.76848903707282e-06,1
"20124",2.95895592469527e-10,0.000729315251784735,0.829262578170933,0.152881294784902,0.01055689910624,6.08607339946484e-07,0.00656623858445592,3.04258992391724e-06,2.26085248851362e-08,3
"20126",3.29709842065945e-08,2.90698603758057e-05,0.000668214963342695,0.00199570320350292,0.00101605605721148,7.16235213064198e-08,0.956168681141402,0.0401221576904269,1.24892324882665e-08,7
"20128",1.85204792864129e-11,1.01311309689328e-05,0.0338517906991198,6.88952991063882e-05,0.0297929038674286,6.96157847747301e-11,0.936264943693017,1.13352122323346e-05,9.99095210388865e-12,7
"20141",0.0159081282358124,2.69084195286467e-05,8.59147854709793e-08,0.00197972672168553,6.43588373772107e-09,0.168204584322523,6.86124904158053e-05,0.813800841564381,1.11058949847361e-05,8
"20143",0.999990195587957,6.10339544040273e-09,1.91580747561903e-10,4.48421083022376e-08,1.93660432241294e-07,7.85985351287691e-06,3.73519566328358e-11,5.47321592508822e-09,1.69425044506722e-06,1
"20145",1.55472370159312e-06,0.00427455727468856,0.543551964701635,0.439720997588202,3.96987348249741e-05,0.00129975957446048,0.011106721840666,4.74539242810536e-06,1.69393788281898e-10,3
"20147",8.76076406588053e-07,0.000215703158261061,0.202608240449802,0.796671624381287,0.000218177904995154,0.000117854593220204,0.000167412127631127,1.09465449194161e-07,1.84294739730896e-09,4
"20149",0.999502100151664,3.02329103109439e-07,1.07730042303723e-09,2.51035312785068e-06,3.30141045535162e-08,0.000492997865906953,2.45528711653319e-10,1.96660313727711e-07,1.85830295087283e-06,1
"20151",0.0463105328221664,0.000366855390798029,6.84776946143462e-06,0.00175948542587784,1.79558198895981e-08,0.95155014742572,1.14841025230903e-07,4.72930084386805e-06,1.26906828699018e-06,6
"20153",0.663392858406682,0.00308114314391073,5.79706448950649e-05,0.00218237851412073,1.28787968307534e-06,0.325853432793559,0.00137217286568716,0.0040587470223191,8.72914344372883e-09,1
"20155",8.66201008868477e-08,0.0295495029951151,0.744393070573682,0.225144108780288,0.000406624991092634,1.08061564146156e-05,0.000495744516707339,4.66929382332386e-08,8.67366154515129e-09,3
"20157",0.447890054599279,3.5560747793383e-05,2.49110015156872e-06,0.000585823283539385,5.06960664165094e-08,0.55146939804516,3.47309165375366e-07,1.52186073749559e-05,1.05561146945215e-06,6
"20160",0.999986560985161,9.05251817364808e-09,4.81120680455102e-10,1.13791626854172e-07,1.86901770084706e-07,1.29155602118811e-05,1.41930944085116e-10,8.72873640632003e-09,2.04356923475319e-07,1
"20162",0.997438571704166,1.52427842463552e-07,5.44150296600238e-10,9.77071282211373e-07,3.00456544384904e-09,0.00255777445673561,7.23174410675899e-11,9.15374875057053e-08,2.42918145371365e-06,1
"20164",0.963414946727684,0.00076532630258037,1.71466516400033e-06,0.000101537067037797,6.95701722671783e-07,0.0356970685977822,4.8874897908505e-07,1.74453526170708e-05,7.76836432923588e-07,1
"20166",0.000191366912876325,1.70525971331235e-05,0.224593939908175,0.0226795450265413,0.752479305668604,4.6636272070896e-06,3.19089255556659e-06,1.37038773677531e-09,3.0933996520144e-05,5
"20168",0.000208269023778184,3.84134296276574e-06,8.26676477796191e-05,0.000147155979141294,0.486406641783025,1.77361537651227e-06,1.02622819519209e-08,2.29733917652723e-08,0.513149617372263,9
"20170",0.302890936588141,0.000142010886749678,1.64018270184489e-06,0.0102150566411185,2.30463447894483e-08,0.686541556580334,1.133800842685e-06,0.0002069608957033,6.81378064491932e-07,6
"20172",3.30541741944007e-09,0.000782760339376788,0.398697089997425,0.598862315193516,1.09793515361597e-05,0.000194645088588419,0.00145047123667628,1.73222068484722e-06,3.26677879831636e-09,4
"20174",0.15432235467393,1.90991205845659e-05,2.56121092183882e-08,0.000145646382416508,5.39103380034717e-09,0.646710358652446,6.93012632534496e-11,2.46021339160097e-06,0.198800049884786,6
"20176",1.11862376123011e-06,6.26863201125701e-06,6.11402078086725e-06,2.3378283191682e-05,0.000168803415603759,1.42003955362635e-05,2.81459986665827e-10,1.50435561378287e-08,0.999780101304099,9
"20178",0.999993410679672,1.11267370599138e-08,6.31081165214341e-10,8.50627799582764e-08,3.00782438882626e-07,6.09782618274781e-06,3.93222910728999e-10,1.02971701781957e-08,8.3200714665509e-08,1
"20181",0.00266006579983537,6.35266494471294e-06,0.318464853319239,0.253243463393,0.425579272901456,1.81748135391463e-05,2.75253901761977e-05,2.33076226508919e-09,2.8938704736463e-07,5
"20183",3.49471514800843e-06,0.00517931650364379,0.000268024360538058,0.0770981072514507,6.43597824980119e-09,0.913915346038094,5.68867194010154e-05,0.00347667366918118,2.14430656564857e-06,6
"20186",6.16729965086585e-08,0.137796414815086,0.00614901956933379,0.102696126878466,3.67161398730544e-07,0.71730291035849,0.000249392944402118,0.0315336085720128,0.00427209802781436,6
"20188",0.99987202383173,6.06345322467037e-08,7.03473835148944e-10,1.38862769058593e-07,4.5781742985537e-08,0.000127554211891143,2.85842201576255e-10,3.65859143553363e-08,1.39102104409841e-07,1
"20190",3.15952294764537e-08,4.08985341105823e-05,0.975339804355165,0.023263944029353,0.00130043071479289,1.53570039942886e-06,5.33522960160825e-05,5.06415923105589e-10,2.26851727220715e-09,3
"20193",0.704754055332304,0.000131838133691056,7.68408893878139e-05,2.80558530035063e-05,0.286393260243639,5.19499054336414e-05,4.99763190021993e-08,3.93643539311514e-08,0.00856391030186845,1
"20195",0.831678815651698,0.00350156778355407,5.83495915066053e-05,0.00169768901770847,3.04646543164246e-06,0.163053706902851,1.63240786080441e-06,4.32299026844017e-06,8.6918911998949e-07,1
"20197",1.08962130671589e-08,0.0135392433710324,0.644852308934209,0.340669803544489,7.63097615284192e-05,0.000154093769295914,0.000707621552287728,5.96365175661909e-07,1.18057689816612e-08,3
"20199",0.948458279053097,3.70653804558059e-05,1.7625525710175e-08,4.33604515891706e-05,5.88159585147785e-09,0.0514284726014773,4.80345294837884e-08,3.24245691908511e-05,3.26402538783708e-07,1
"20205",6.31463266587602e-10,0.000570264690233264,4.92981052986463e-05,1.1475144671709e-05,6.00445452541901e-08,1.38699145200611e-06,0.95462806642678,0.0447394479579314,7.62466710180463e-12,7
"20208",0.00857040345745872,0.00205962682690557,6.40796583780201e-05,0.0112254051962623,7.18340225118093e-08,0.978057554015987,4.66998878541901e-07,6.6843905462519e-06,1.57076215609951e-05,6
"20210",0.9902605401061,8.55135957230222e-07,3.15798581866939e-09,4.28326320084252e-06,2.91469093070303e-09,0.00973307103707927,5.9601761808167e-10,2.94921164303515e-07,9.4886780396252e-07,1
"20212",0.877390916675675,0.000200002143560633,2.19625771699981e-06,0.0002909631703396,2.30957594169041e-07,0.122111228460955,1.52837063162046e-07,2.65744757341489e-06,1.65204952261051e-06,1
"20216",1.25577324967271e-05,4.68343756317998e-05,0.239901008232907,0.759338440721888,0.000397534496649308,0.000221664919449765,8.18824024317279e-05,3.53484690880629e-08,4.17700767664884e-08,4
"20219",1.98954862668443e-05,0.0107750759149865,0.0703454614941485,0.142390941805639,0.00103198849862309,0.00102492195565853,0.763162404858012,0.0112493096698716,3.16793799191136e-10,7
"20223",2.33388161634218e-11,0.00145800727848829,0.884790741590944,0.00117249859022236,0.112267473128827,7.27984134110394e-08,9.98397887366789e-05,6.56952920454328e-08,0.000211301105737616,3
"20226",6.01900407644351e-05,0.981051662499083,0.00078526926125365,0.0011250282369223,1.80786176173387e-07,0.0169017835909303,6.28554645179848e-05,1.30033070122995e-05,2.68133402364823e-08,2
"20230",2.20692232547645e-09,1.44339381235151e-05,0.988101752142493,0.00917032771571825,0.00245404944412224,3.78292467463722e-07,0.000259052769089373,2.32531722186089e-09,1.16574710142734e-09,3
"20233",1.16299031389972e-07,2.87393136538524e-06,6.4358397187604e-10,2.61215598317895e-08,3.09078744122331e-10,1.1173974678879e-05,0.000297876249724548,0.999687931020231,1.450745871675e-09,8
"20235",6.63013974342547e-10,0.119936937433116,0.751724748168839,0.0802194656891545,0.0111472373202112,1.10315103081185e-05,0.036505888317312,0.000410640784994015,4.40501130512201e-05,3
"20239",2.90616805649028e-07,0.259087314910522,0.267907764736168,0.456903412981308,0.0134609861311841,0.0010708066414474,0.000134997157001063,4.26768462490932e-05,0.00139174997931399,4
"20254",9.68727833529009e-11,4.36849800846962e-06,0.000667394923776463,2.40921372582677e-05,1.52157005665622e-06,1.28187018978193e-08,0.999093241905041,0.000209368050254549,3.01255230727156e-14,7
"20256",4.82164084833643e-10,0.000157109276570673,0.479668855782122,0.518454771662244,0.00121645006991417,2.32657325736503e-06,0.000500037948593121,3.88375565693121e-07,5.98295682658085e-08,4
"20262",0.635492473581882,3.59716911505901e-05,8.27474122741121e-07,0.00157818175794484,1.91262231510914e-08,0.362885173978291,7.73738704681896e-08,6.48345898704445e-06,7.91557528497287e-07,1
"20270",0.00211637876244452,0.000328977158572096,0.503646741651315,0.0806636344155167,0.402985442701159,0.00895110313655887,1.27972890480506e-05,1.89393965868833e-07,0.0012947354914201,3
"20284",8.59568129532919e-06,0.0613223635630024,0.00275137775114877,0.0117188821940469,3.17370961676186e-07,0.457321037381136,0.0824064466988055,0.38447088700338,9.23562235628859e-08,6
"20287",2.05664181142202e-11,0.000367672489658838,0.978819203121151,0.000644304891755155,0.0199442734083527,3.66147050633848e-09,0.000224539052231852,6.16536606944047e-10,2.73827671064864e-09,3
"20290",7.3619339851073e-06,0.00268718912490755,0.000599188774979947,0.00025900471460327,2.14753560375598e-07,0.000598644717773885,0.971732716713705,0.0241156792433944,2.3090357095701e-11,7
"20293",2.5357382948832e-07,3.83808852481092e-05,0.0110812898951354,0.987770775794761,4.21294381817771e-06,0.000958583208347425,0.000137324267581852,9.15596081257891e-06,2.34704661408499e-08,4
"20296",0.685178805256715,0.000371233955271445,0.000167234913706556,0.0631070759211842,0.000144325941681719,0.234556965892729,2.81629886499721e-09,9.8959387098687e-08,0.016474256343026,1
"20301",2.1942500556085e-07,4.34404009596595e-05,0.163844843257141,6.3463107862708e-05,0.83569715608555,1.27484024898359e-09,0.000350875990468299,2.5888715425812e-10,1.99285873394074e-10,5
"20304",6.80242699982969e-09,1.00137957045687e-06,0.000380594895149162,0.00103594686952887,2.99451377874234e-06,6.18710044944831e-07,0.992841157700688,0.0057376791266631,2.15041671542942e-12,7
"20306",4.97054802502452e-11,6.59543633578581e-05,0.981940390980734,0.0117051880434055,0.00210622670665519,5.23699640456718e-07,0.0041813295711428,3.85238465461983e-07,1.34689299309873e-09,3
"20309",4.599703433793e-05,0.11909390624485,0.1338118561436,0.647323994329746,3.8154161719356e-06,0.0962856774535914,0.00338326704944132,5.11799065690192e-05,3.0642169263197e-07,4
"20311",0.000136942007206542,0.000466939783607929,0.175508306271609,0.795192620642272,0.0273268783966497,0.000788017600845371,0.000569729964510112,1.0278237703855e-05,2.87095595264285e-07,4
"20314",0.0151592845092124,0.000594849486082468,7.19822051604281e-05,0.0255253073853069,5.29811634986281e-08,0.958613752919979,4.24844797569201e-06,3.03719632089308e-05,1.5010191043877e-07,6
"20318",0.999845371614327,2.69739855547422e-08,2.17970766367953e-07,2.28222427548643e-06,0.000108929022673109,4.10397384178559e-05,2.96383346074837e-09,9.65147566033073e-09,2.1198402455763e-06,1
"20320",0.000866377966379174,0.632451101595147,0.000123154011135712,0.000876658716276399,7.5194223544427e-08,0.36248416693361,0.000104086882755891,0.00308894429707764,5.43440339463933e-06,2
"20326",0.0390645232269652,0.00026426120772061,7.81318254666473e-05,0.0394267062829673,2.65891044685063e-07,0.921036184651787,1.00883310673792e-05,0.000119456851888868,3.81731092406282e-07,6
"20328",4.27420027137489e-06,0.201002469014883,0.000144264418706971,0.0031912306718867,2.96238113926287e-09,0.789293179293064,8.7667866092895e-05,0.00627390260426407,3.00896845047288e-06,6
"20330",1.29083739732969e-07,0.900985385817893,0.0820229629799813,0.0132874361738855,0.000754842421603401,3.13202701486851e-05,0.00289411411350868,2.37036413537515e-05,1.05497885654464e-07,2
"20336",1.89719302852173e-07,0.00188445854141401,0.00241904340726415,0.0469080672468931,1.6758142538742e-07,0.00929106936349531,0.564635910036109,0.374861092467549,1.63654748463097e-09,7
"20338",4.52009100710795e-05,0.0025229266812689,0.00114184044149969,0.0296083720391961,4.63141103771119e-05,0.000158540939158,0.893737967326145,0.0727388372228445,3.29439449904646e-10,7
"20340",2.5271191764726e-09,5.77553392620853e-05,0.92950063706992,0.0366195886290693,0.0311254515090245,1.20490205795305e-07,0.00269640116255936,3.85229629303001e-08,4.74987721067767e-09,3
"20342",9.29304837848461e-05,0.0227434226670411,5.47724158406738e-05,5.7863990467208e-06,0.01190355976584,1.87573996399296e-05,0.0787425177145305,0.886432485251699,5.76790257728787e-06,8
"20344",5.21812922046852e-08,0.000126773273971786,0.809942868306614,0.187915593185559,0.000574928191188664,0.000288842905376946,0.00114961784600362,1.27488286377751e-06,4.92271289504472e-08,3
"20349",2.49378270264853e-10,1.47258137405864e-05,0.913299626784275,0.0833587279455482,0.00299249380773462,1.80816483256649e-06,0.000332514344212315,8.35804564227272e-08,1.93098224239417e-08,3
"20351",2.90544149169521e-05,0.000578986606933574,0.0127208579263882,0.983588047442411,8.87744834697144e-06,0.00118736976520876,0.00185589086622779,3.0886922288135e-05,2.8607278246801e-08,4
"20353",4.24594097363033e-09,0.556129153752947,0.369477067655986,0.0113715689917238,3.31762348772649e-05,1.56566153927926e-05,0.0629547696654535,1.86018225106117e-05,1.01516853942574e-09,2
"20357",1.72652511505817e-11,0.0010777237291272,0.000644033181182196,1.35112211461196e-05,2.17366049900377e-07,3.75590567125283e-07,0.99121870288945,0.0070454359995621,5.64973546371005e-12,7
"20360",1.4433624835769e-07,0.86512173141371,0.00131561751821722,0.0002365150072574,0.0022037684076273,8.52305973805387e-06,0.0698965728647034,0.0611658495749901,5.1277817508767e-05,2
