"","V1","V2","V3","V4","V5","V6","V7","best$classification"
"19812",0.0180214636703657,0.176937755593809,0.804577496889828,0.000451642562813007,2.13789667306087e-16,1.16412831835528e-05,1.07901277056811e-34,3
"19814",0.0100976497345487,0.0386786085773468,0.0472422707586988,1.34384659941272e-06,0.90398006586355,6.12190436240873e-08,2.13197377523501e-13,5
"19816",0.00187815656584751,0.998121721387036,9.22218227301572e-08,2.4060417579666e-08,4.45661894498555e-22,5.76487648861785e-09,2.47465919777223e-25,2
"19818",0.00913544537966247,0.959837298879409,0.00019082484113109,2.87021768307313e-06,0.0308335594502337,1.21717263235846e-09,1.4708040410624e-11,2
"19820",0.01334121610646,0.98665171139405,8.21658020652877e-53,7.07227248929583e-06,2.25846008996787e-101,2.27000138116958e-10,7.41667135070038e-59,2
"19822",0.742156528462536,8.75927289122237e-06,1.15422081377105e-57,1.58714165015058e-05,1.86726815974975e-129,0.257818840848072,1.90638385458082e-60,1
"19824",0.972992309592221,0.0270076750136023,2.63726535983254e-30,2.87515898028533e-09,3.08183377319876e-41,1.25190174044311e-08,4.12290770887543e-18,1
"19826",0.15206171810648,0.0390468013150141,0.807554758351455,4.43322203471151e-12,1.65849582825135e-17,0.00133672222261761,3.22769596809948e-17,3
"19828",0.00393090584873559,0.994759563131584,6.54524110790816e-28,0.00130953101617151,1.09566877263071e-32,3.50871077945303e-12,1.2300733482698e-43,2
"19830",0.756568353043966,0.00102913105889235,0.185237929227331,3.62830590169772e-06,5.94998512556395e-22,0.0571609583639085,1.92379641040283e-23,1
"19832",0.0738927840545929,0.00490476206284836,1.07135403359108e-08,0.92119237773889,8.71719651588699e-60,1.00654301282965e-05,1.69144411926708e-56,4
"19834",0.0670701988576524,0.93289512457355,1.63844032611314e-14,3.38753076304878e-05,4.47624455209099e-26,8.01261151104652e-07,1.19726188271836e-30,2
"19836",0.123515217806664,0.874857940765971,0.00159910906091487,5.70312779092428e-06,9.54825253729644e-46,2.20292386598438e-05,4.43564030316607e-30,2
"19838",0.0043830948463078,1.60843253423718e-05,0.995568097603178,4.72719053413619e-06,5.7168988401621e-06,2.22791357973447e-05,1.0555335992703e-17,3
"19840",0.0158950567370251,0.984104631784008,4.26780452224119e-08,5.41201601440965e-13,9.65751402373161e-36,2.68800380825159e-07,6.8600327017946e-25,2
"19842",0.000522884998485697,2.78536964084659e-14,0.952380299317009,2.89856802901091e-20,7.35391207240136e-49,0.0470968156844772,1.52835988110465e-17,3
"19844",0.000152934248351453,1.80057534741664e-19,1.07268492194676e-35,8.98394229859664e-27,1.60338959758497e-31,0.0234715050781219,0.976375560673527,7
"19846",0.00224292216308259,1.14941618853579e-08,0.976593718077119,4.48488072012299e-15,0.00156825808864062,0.000789883912490437,0.0188052062645009,3
"19848",0.000275929784822191,2.74521235739421e-08,0.00228071599573339,7.41842767159088e-13,0.997428250710159,1.50703455312127e-05,5.71088895862215e-09,5
"19850",0.334332823770767,9.20754541499021e-05,0.469295134299931,9.37134831313305e-11,0.037990850626047,0.00144532224870223,0.15684379350669,3
"19852",0.000650520564204275,0.999329990445518,4.53543993905859e-06,1.13530744326497e-05,3.60014113498227e-06,3.34770405660716e-10,3.86228717961252e-16,2
"19854",0.000287472085913735,8.13082413527471e-08,0.000277652139531922,8.51978400629849e-11,0.999431730671755,3.06370935992179e-06,1.91529330741046e-16,5
"19856",0.323953055222105,6.78520208133672e-11,3.7805414622668e-13,2.36128994490931e-17,2.93195333194038e-13,0.676032606512843,1.4338196529015e-05,6
"19858",0.941702290959862,4.00023263573168e-07,8.8514661141178e-25,1.27961936715017e-12,1.55755497725864e-29,0.0582461156220027,5.1193393591924e-05,1
"19860",0.00148528701731149,0.996501758129507,0.00201253879589486,4.14777049528923e-07,7.88273648869721e-11,1.20140958510249e-09,1.61632245402809e-19,2
"19862",0.000856525450154538,1.11992811683311e-09,0.997686049378317,6.28505182036333e-15,2.97460145641235e-18,0.000699197742127352,0.000758226309466274,3
"19864",2.52125266094866e-05,1.31917927216492e-21,1.47762816148881e-30,5.27370644701248e-24,1.38262925889551e-162,0.99997478747339,5.89811188106104e-28,6
"19866",0.680908661421358,0.319041771414296,2.68300963842533e-14,4.84915397390405e-14,3.93232196721462e-67,4.95671642704869e-05,6.36143742918944e-30,1
"19868",4.75415973804876e-11,1.03395464894638e-32,3.49967809643966e-52,0.000412428860097825,1.53128057262134e-136,0.999587571092361,7.92187329723099e-82,6
"19870",0.0630693523706803,0.0126625990265338,0.924030468725966,3.90563887006631e-08,0.000235609951317849,1.92928232996967e-06,1.58678326113876e-09,3
"19873",0.101169741295,0.890109590558678,0.0087206354326952,6.9353962683362e-09,2.25254299978137e-08,3.25183722893609e-09,9.63519366931798e-13,2
"19875",0.00191472214252099,0.997956180055034,4.02948741877918e-15,0.00012909779964984,1.22312370364413e-38,2.79122435297673e-12,1.01581262998047e-46,2
"19877",0.0308650689565134,0.88194953229859,0.05864514651636,3.09740581941637e-07,0.0285226956450205,1.72354715552205e-05,1.13713790184393e-08,2
"19879",0.0869079378185003,0.913063275192974,1.52042243136443e-08,1.81425792912419e-05,7.96103851436595e-09,1.06212439716122e-05,3.21105050486835e-19,2
"19881",0.862805849834661,0.00693205869199056,0.115779425576324,1.04619937884025e-11,4.7783411249236e-19,0.0144826658321755,5.43861766180151e-11,1
"19883",0.0404305455597728,6.41394095159039e-05,0.958941971598679,1.64721431848193e-14,3.34978792650396e-24,0.000563343432015061,9.15076661995987e-16,3
"19899",0.45002056612074,0.548932534222529,2.87042699982777e-09,8.27786494729603e-07,1.06543851888107e-35,0.00104606899980883,6.86092747106815e-34,2
"19908",0.0623903179499842,1.03897669975739e-14,1.18818514202071e-35,5.0290769890615e-21,2.9697051512071e-119,0.937609682050005,3.31591203993873e-34,6
"19910",0.00252705365176693,0.997339323683485,0.000126865109840118,4.61288317064188e-06,2.14254546637986e-06,2.12627100502102e-09,2.80599296266466e-18,2
"19912",0.00109040307349769,1.00922128209695e-12,0.973779195494747,1.7559009414161e-21,2.5117483969889e-33,0.0251304014144411,1.63046337131504e-11,3
"19914",0.146666508443949,0.852589442321155,6.09667807999942e-06,6.16851634288233e-06,7.95810616601055e-15,0.000731784040465738,2.61262879777563e-20,2
"19916",0.991403881205491,4.68772085755109e-08,7.87785438676691e-34,5.36584950065141e-18,2.01205688538703e-112,0.00859607191730054,5.41090564483578e-23,1
"19918",0.0520069697037119,0.00103224253808214,0.601759451506583,2.8992650914248e-14,0.284523254295181,0.000172899197554223,0.0605051827588583,3
"19920",0.00342838359937671,3.48405381109458e-07,0.000151358879625106,3.02340836655905e-18,0.953369690579601,0.000116214800993752,0.0429340037350218,5
"19922",0.000264675691744968,1.23613798174153e-07,9.6496024148564e-14,0.999734595917565,6.40885927179818e-54,6.04776795453476e-07,4.3040013913608e-74,4
"19924",0.214227169589883,0.709697608333001,0.00260014902681599,2.12822185293187e-09,0.0728984424036185,0.000576614477578433,1.40408805641243e-08,2
"19926",0.750660429919463,0.196047903579211,2.97503968854346e-07,0.000255046010843969,1.3079862355658e-60,0.0530363229865125,1.02522008406377e-51,1
"19928",6.62352729990623e-11,3.97153931889176e-37,2.86850481053336e-25,3.10019844252024e-31,4.75304533668356e-203,0.999999999933765,2.43442487214605e-21,6
"19930",0.00289156095771642,0.0241191121647722,0.970268896404493,5.42302391602786e-06,0.00271498523725206,2.22118485367789e-08,1.72550483338178e-15,3
"19932",0.00208414574694683,2.96841250285153e-05,0.919893188129851,1.37613778459707e-07,0.0779876273962413,5.21697411169709e-06,1.40425883902546e-11,3
"19934",0.0624886834781593,0.937348559333351,2.62156610990562e-12,0.000158813767269008,7.7623130928e-20,3.94341859903173e-06,3.03081220059321e-29,2
"19936",0.59475280928588,0.129179388190271,0.272281387785972,0.000200694730665688,9.96581354907665e-11,0.00358571990755238,5.33535698138018e-19,1
"19938",0.950540975297836,0.0123473871108481,1.26392717762188e-30,6.21585705234142e-09,3.02879095249742e-51,0.0371116313754591,4.8579837324781e-38,1
"19940",0.129833713166511,0.854476972705382,0.0156856718869563,4.69247598097438e-08,1.29303147879288e-09,3.59402335719074e-06,2.65551945237202e-15,2
"19942",8.62370915630865e-06,8.4279332390642e-23,1.24244726636832e-13,1.30673360331483e-32,4.66228790056124e-153,0.999991376290719,1.07400708334104e-20,6
"19944",0.0149416786158475,0.984653032111636,0.000401494543297439,1.30851936266758e-07,4.58191677128745e-15,3.66387727779843e-06,7.25430768886894e-21,2
"19946",0.0156104926195299,0.983664765710006,0.000373240943228248,1.44981853435124e-08,0.000350228704685442,1.03805157634076e-06,2.19472788333804e-07,2
"19948",0.000325411737994795,1.08657193270818e-19,1.75631776041543e-09,1.09901034794627e-26,3.51026413346111e-111,0.999674586505574,1.13369930718418e-13,6
"19950",4.55485275763614e-05,1.065840991204e-14,3.48220219198375e-14,1.86063296552841e-17,0.99896606696729,9.55252380986953e-05,0.000892859266989559,5
"19952",0.000325411737994795,1.08657193270818e-19,1.75631776041543e-09,1.09901034794627e-26,3.51026413346111e-111,0.999674586505574,1.13369930718418e-13,6
"19954",0.00242889613458746,0.00218252574994751,0.825594360747189,1.49736179314201e-07,0.169793801314528,2.66300371967852e-07,1.71968234669245e-11,3
"19956",0.00108138973773223,6.00664773696213e-18,6.94123896472159e-06,1.11737887018088e-20,5.91510162595659e-41,0.998807443453587,0.000104225569715535,6
"19958",1.07348070406802e-09,1.73570385386661e-24,2.06709918332902e-39,0.99931081103883,2.71481986592178e-101,0.000689187887689545,2.24869463698722e-67,4
"19962",0.986714643284199,0.000598882379006182,1.01269684932222e-08,1.27911659576989e-08,8.9207718653991e-16,0.012686451398609,2.00499215881248e-11,1
"19964",0.839705118165397,0.156977342240946,0.000273449764670009,1.83188128151078e-07,9.43009928415063e-16,0.00304389787722053,8.76363753853108e-09,1
"19966",0.969830997118832,0.0120469840579975,3.9588464231981e-27,5.34951755285327e-12,1.13873401048686e-126,0.018122018817821,1.28423049192174e-50,1
"19969",0.145914544012615,0.00149015277908118,0.852477865857236,3.68626367616496e-12,6.79882076553253e-23,0.000117437345765115,1.61679926174774e-12,3
"19972",0.992504391408157,0.000160510145429115,0.00451025092449107,1.80689111215429e-12,1.17053781931724e-07,0.00281855724553039,6.17322080319211e-06,1
"19974",1.21314649586151e-05,7.27430174434776e-17,0.000677688111728533,2.37912544521007e-25,6.45829469720152e-11,0.000919066243964035,0.998391114114766,7
"19976",0.0438879353166421,0.894557599315926,0.00049478834691943,1.74819410221846e-09,0.0610520380100138,1.37831767287051e-06,6.25894463156149e-06,2
"19978",0.00247068545758611,0.997526710597239,2.59406328900822e-06,7.53448352382223e-09,7.88365782673626e-11,2.26701374268266e-09,1.55177011741938e-12,2
"19980",0.000115623521740244,5.3629287066297e-09,0.00150983541965892,6.83223297345265e-13,0.998369584684478,3.89535049925812e-06,1.05566001227696e-06,5
"19982",0.801329811496756,1.22421547334616e-06,9.03590908444095e-08,9.77553620088222e-11,0.000816018431960769,0.197264596428514,0.00058825897044945,1
"19984",0.00180830925275169,1.14226608465809e-12,1.9055910630347e-17,1.13462721296609e-21,4.39516657749173e-05,0.00350639469625612,0.994641344384075,7
"19986",0.0864013459474021,0.913592072161346,4.67521487519126e-38,5.89742778572984e-06,8.41376721244363e-91,6.84463466225632e-07,5.51622138513489e-60,2
"19988",0.0828381577372489,0.917019443442555,1.88882195423341e-59,0.000142392659965379,1.05496188029322e-116,6.16023124875752e-09,1.34619994326033e-65,2
"19992",0.0136804918609633,0.986319000339799,1.72023557761402e-43,4.32570498900984e-07,5.83399081360091e-65,7.52287384016886e-08,1.9953135177012e-45,2
"19994",0.00274704265219196,0.0229404167842052,0.974172182390938,4.78925715689248e-05,9.22193613732635e-05,2.46239722764099e-07,7.12261851216222e-22,3
"19996",0.000765298097195883,0.999222572752351,4.11618151814029e-39,1.21291486062028e-05,1.68914548139844e-46,1.84735651992817e-12,6.2086217967159e-45,2
"19998",0.414959127507068,2.27062092015766e-08,9.90039891869170e-09,2.74180418438383e-21,8.35419891444335e-62,0.585040839886323,1.41118501584635e-16,6
"20000",0.00144662697606074,3.87483278704456e-13,0.000360065587381328,3.3537148775516e-06,4.82414551672413e-68,0.998189953721293,8.73722193645247e-33,6
"20003",0.0306525462254346,0.0700181050972708,0.899151706822936,0.000139873472741503,6.03417491075276e-26,3.77683816168613e-05,4.25277445554271e-30,3
"20005",0.000559320032902871,6.46634532284259e-09,0.000275237965224288,7.01285680949509e-15,0.999129579189242,3.58531127520462e-05,3.23352640711701e-09,5
"20007",0.0125123572152876,0.987486220449168,3.16505578993727e-11,1.41642858450306e-06,2.70232881259506e-16,5.87530892948845e-09,5.93040680676284e-22,2
"20009",0.994695104814313,0.000127336992249408,6.25926483009147e-31,1.38057429847976e-10,7.26243089858131e-72,0.00517755805537979,2.59040469779873e-27,1
"20011",0.983243094427085,0.0162552516096576,0.000420840297946754,9.34721188972755e-11,1.236587135592e-06,7.95769833349747e-05,1.36830015426897e-12,1
"20013",0.0700696307476619,0.010673799147282,0.0516271979600724,5.86675708029251e-11,0.867047698914971,0.000550684452348264,3.09887189963365e-05,5
"20016",0.992579420985801,0.00735554944385775,1.61106087001803e-49,1.54418795204926e-06,1.95252050823762e-82,6.34853823891614e-05,1.2197940237968e-43,1
"20018",1.05794040196956e-05,7.86338980654453e-19,3.52441690703376e-102,0.999373179842511,2.80648961810912e-282,0.000616240753469526,4.82753609599654e-124,4
"20021",0.000993960903515957,0.997519382132544,2.3143348281066e-11,0.00148665694067866,1.0259980800894e-39,1.18582515931985e-13,3.21430419442139e-44,2
"20023",0.0582513032797589,0.941573649436247,1.36091180785769e-07,5.22211115134448e-06,7.02092030232351e-17,0.000169689081662467,3.48624188676346e-24,2
"20025",0.38786987790273,1.04338846679406e-06,1.00872691090486e-62,0.61212907866685,7.57763543899917e-171,4.19541989399379e-11,4.26688620782979e-82,4
"20027",0.00877647683650543,4.9224675431135e-07,0.988477217530041,1.27550070655201e-14,2.84527983665729e-36,0.0027458133866865,1.13395496641826e-18,3
"20029",0.265081504906334,5.8883500592361e-06,0.709907574100941,3.27933987400119e-18,4.30446021007959e-15,0.0195611116874239,0.00544392095523834,3
"20032",0.00146990953294408,5.48579235092802e-06,0.998418658732127,1.71830896971483e-08,3.54176499693304e-17,0.000105928759488481,1.40040630048978e-24,3
"20034",0.00594521620129435,2.50312840413633e-14,1.76608535983855e-05,7.41734424636192e-19,6.98335489462202e-96,0.994037122945082,5.54927791452214e-19,6
"20036",0.464949127197777,1.33642328017652e-06,2.54571374443922e-08,1.13442072623079e-18,2.40448267761722e-29,0.535049510649433,2.72372020265271e-10,6
"20038",0.0208145099197507,0.972584548402797,9.92245925108665e-23,0.00660070218415662,1.56817522750316e-71,2.39493295810055e-07,1.7920479894748e-74,2
"20040",0.999118550604107,1.06787482805894e-07,1.32885028767733e-62,1.12283360285104e-05,2.39394710905576e-146,0.000870114272381464,1.90688087486982e-54,1
"20043",0.00562629292183103,0.993654315447203,1.35682694961633e-19,0.000719391624451475,5.3565321318118e-32,6.51415518133933e-12,3.30507907261549e-48,2
"20045",0.678468818435688,0.257015403485272,1.57526877983282e-66,0.0645155817954383,1.01207056392079e-96,1.96283601989258e-07,3.67900936016229e-59,1
"20048",5.28446909971753e-06,1.34585430586659e-20,4.85564042352338e-25,3.61189187292226e-22,7.6159922282968e-24,0.00175629231467104,0.998238423216229,7
"20051",0.55960228848984,0.438759981309714,1.45267058193142e-09,0.00163740960712272,3.57780758064311e-15,3.19140648431741e-07,3.08768209893194e-17,1
"20053",0.167768873093319,0.832230545987181,9.02563901440425e-14,4.07240363280981e-08,1.08468236254246e-19,5.40195373911444e-07,8.79362809690758e-20,2
"20055",0.848276650380778,0.104882458136011,8.01339232423044e-17,0.0467400724519261,2.03207961129127e-90,0.000100819031284337,4.55072703215402e-75,1
"20057",6.90949255119566e-21,1.62479499509747e-52,3.83414181677113e-57,0.00408939756977574,1.5945581467324e-227,0.995910602430224,6.06842873993951e-68,6
"20059",0.658262816156493,0.341222013746939,9.56475093695015e-16,0.000407725855676014,1.47501481210829e-42,0.000107444240890858,1.55424509348015e-32,1
"20061",0.00926722584264235,0.990732058589995,1.11066840646297e-10,7.13474010279802e-07,4.72963453576147e-25,1.98228533560866e-09,2.97262411961241e-20,2
"20063",0.000919232979609633,3.17932237072243e-23,2.48371998146738e-67,8.39148820328597e-25,1.76540733414892e-100,0.999080766921431,9.89593290924043e-11,6
"20065",0.00450885027847394,1.4744756968479e-05,1.19099867688418e-51,0.995476401504472,5.9158072744091e-174,3.46008517017626e-09,2.59754431623081e-119,4
"20067",0.268359080601608,0.724430997395263,1.59323928406362e-34,0.00720890212310679,4.70643947276043e-26,1.01988002239151e-06,9.28327362157992e-32,2
"20069",0.000126174291562492,3.89763429181654e-09,0.00010009893757708,5.63923325169336e-13,0.999767385001841,5.0245710429036e-06,1.31329977791955e-06,5
"20071",0.897214058383558,0.000689523069185931,3.32508967131237e-14,1.52658217402454e-16,1.34548311972301e-65,0.102096418547222,1.00458052340212e-25,1
"20073",0.839957471958169,9.45784838526914e-05,2.59507262413014e-05,1.09688100985768e-12,0.0283362354911912,0.00185011150225162,0.129735651837198,1
"20075",3.27233866757731e-10,7.20210725978752e-27,6.69097800474375e-37,0.436939008921784,4.04683637624362e-159,0.563060990750982,3.39173216066991e-92,6
"20077",0.0035129159680246,0.996469129448674,1.12102285534378e-14,2.50373584087277e-13,1.65625233121553e-21,1.7954583039118e-05,4.78655350172954e-17,2
"20079",0.999914637470932,8.99383074336901e-06,7.65071036873876e-24,6.45519673955903e-12,5.30894712483407e-28,7.63686368424852e-05,5.50273527862709e-11,1
"20081",0.117552194883133,0.169218826334651,3.56844915970109e-25,0.713228513255996,3.74930056218135e-29,4.65526219627242e-07,1.91890819716663e-63,4
"20083",0.0107520379134387,6.33195706239053e-16,6.41235303797608e-23,6.07473420313856e-23,3.07368970592553e-53,0.989247962010704,7.58565209067357e-11,6
"20085",0.0426526435671647,0.950544913844814,9.44142384887017e-54,0.00680243912879224,1.97019941882525e-121,3.45922956350761e-09,3.84904569695178e-79,2
"20088",0.00202192814324096,0.997423563709674,2.23011473153026e-20,0.000554507050266424,6.01851746852035e-44,1.09681891304448e-09,2.2804091036387e-44,2
"20091",0.000120598180338607,1.35638158525407e-10,3.1094445920662e-41,0.997782722472083,4.34634346258252e-78,0.0020966792119402,1.52548143384982e-78,4
"20095",0.986807012214911,3.46468281784775e-09,1.22489727053185e-34,5.8812314705709e-15,1.99883106021182e-26,0.0131929843203996,2.94733634435529e-16,1
"20097",0.0950139024811151,0.860377349427815,2.55991364775584e-53,0.0446087315843516,2.86669519763056e-124,1.6506718663978e-08,7.32575741105038e-79,2
"20099",0.999749028715498,0.000246600816701882,5.03918235550148e-29,2.49078089890094e-19,4.71011152259613e-52,4.37046779788871e-06,2.31958198087769e-15,1
"20102",0.169404721000943,9.98558334627824e-13,1.40074268615918e-36,0.00283090067849019,6.46166979696867e-41,0.827764378318986,5.82323571229186e-13,6
"20105",0.00534580681887211,0.994650805074913,4.25290864291737e-26,3.38810613396621e-06,5.11017855147507e-26,8.12796956082721e-14,2.32828806888876e-23,2
"20107",0.00239426196501018,0.997605399304004,1.36572344807301e-22,3.22086052935894e-07,3.38019266514222e-38,1.66449328877773e-08,1.18503641561868e-38,2
"20109",0.913359803040246,0.0866397583132467,2.2663905983082e-20,3.9312557046024e-11,2.80504813130149e-14,1.23051352529962e-07,3.15555813480389e-07,1
"20111",4.42483236995951e-08,3.76649906131049e-20,9.95439416587311e-18,0.941423269091749,3.36644592777976e-54,0.0585766866599271,1.12316779830737e-57,4
"20113",0.411163510858037,0.588724172953911,5.94922967752087e-15,1.61525508532602e-12,9.96570732741429e-67,0.000112316186430786,6.20373363528829e-39,2
"20115",0.155247588303246,1.83759670688477e-06,0.788184203362918,0.0520404211544008,3.48110358966044e-35,0.00452594958272791,6.98346093649051e-22,3
"20117",7.40129591363326e-08,2.38518970306245e-20,4.77980369361159e-51,1.02861870737215e-06,2.50229627630588e-188,0.999998897368333,1.18840762923725e-102,6
"20119",0.98694284799834,0.0118304094176063,1.12867067227329e-23,6.77278332969509e-14,1.59200576733319e-128,0.0012267425839858,7.53921404240273e-51,1
"20121",0.0107099959725598,0.989284952797371,7.96475046836322e-25,2.97830383832533e-06,1.5523454455173e-59,2.07292623074539e-06,1.72400506929171e-51,2
"20123",4.72911671822292e-05,4.38873518797264e-12,5.29394317135829e-38,0.969437909750838,1.18774333685393e-156,0.0305147990775913,1.24493308001703e-93,4
"20125",0.0160073327944915,0.000210517874038205,0.771589606458147,2.85891039747945e-09,0.203524257934106,0.000334138185768354,0.0083341438945383,3
"20127",0.204231809942567,0.795745681226289,5.04584270251564e-54,2.25062780933748e-05,2.80470331508433e-73,2.55305054695384e-09,4.89347469788206e-42,2
"20140",0.881488256210611,0.00119841031732298,2.91726041455249e-15,0.000393168334709562,2.31794669261964e-80,0.116920165137353,5.65238720773558e-68,1
"20142",0.000148754412686567,4.45189768274429e-13,6.02475952093337e-09,3.92840811202313e-17,0.000965816812056575,0.000404709685277041,0.998480713064775,7
"20144",0.0407363609168043,1.11201847033608e-08,0.0612146544439913,0.000604927716662771,9.29672622245765e-29,0.897444045802321,3.53893586394938e-14,6
"20146",0.979614713475218,7.45139240747924e-06,6.28063447394648e-09,6.76733119845715e-11,2.77441214126088e-11,0.0203776802510936,1.48505228944778e-07,1
"20148",0.040386297975141,0.150867728519327,0.808744181033581,7.09623125692132e-07,1.40317468484693e-08,1.06881699976139e-06,7.86847992989884e-14,3
"20150",0.00123333103945038,4.34129387617993e-11,0.461482594125199,3.36494163621629e-17,0.00445370853314402,0.00213010762595678,0.530700258632837,7
"20152",0.0446020248530514,0.0944323068420082,0.860848488802256,3.56171382919417e-07,8.45774612676124e-09,0.00011681487355509,1.28606176767301e-17,3
"20154",0.00357232145068702,1.33249944524141e-09,1.27846488326266e-59,0.996106997003492,7.98146686809348e-99,0.00032068021332145,8.53494184364995e-68,4
"20156",0.938246840468648,0.0560896808094398,4.93689238851843e-19,2.55084013461685e-08,3.74333366129304e-17,0.00566345321350855,2.26509975955518e-15,1
"20159",0.121324893733034,1.21426953725353e-07,7.88486783285692e-07,1.78406318397001e-10,0.869902740611569,0.00877145504294938,5.2030461851785e-10,5
"20161",0.0827113918352742,2.89770002118914e-11,1.18843742411039e-13,2.73834898737552e-18,8.39983183384843e-24,0.90921257044204,0.00807603769359036,6
"20163",0.916148979903989,0.0431643943319687,0.00229133520761167,0.0383944852555504,1.57196623560737e-42,8.05300880426606e-07,1.81129214701583e-36,1
"20165",0.997474945208323,3.45693749538495e-05,2.21125566708381e-33,1.21142772797277e-11,2.20391465911439e-12,5.12971115398393e-06,0.00248535569125041,1
"20167",0.00537418730593399,0.0677540802364467,0.0967798340237096,1.84785213741098e-08,0.83009177781822,1.75766638960703e-08,8.45605050581898e-08,5
"20169",5.32364710697765e-06,3.05099584404263e-18,3.18667000476853e-18,3.6914590144482e-21,5.11798706821276e-13,0.000278818476313429,0.999715857876068,7
"20171",0.00529102006630529,6.78048967706678e-14,1.73069037229029e-82,0.990559689607091,1.69643794199088e-125,0.00414929032653572,9.9526732168069e-66,4
"20173",0.587593995587761,6.48799716968982e-15,1.16138185324445e-35,2.25007565450929e-24,1.08182198358644e-94,0.412406004317028,9.52040286399213e-11,1
"20175",0.269948471632409,0.520809164308897,0.0292705436950665,1.51751815618769e-07,0.179888252648335,8.34136352245951e-05,2.32825292484637e-09,2
"20177",0.971520595086554,0.000299672758719241,6.90541391511094e-22,2.09644077097374e-16,1.69414353352581e-60,0.0281797321547264,4.89865584132722e-24,1
"20180",0.053253057305323,0.930460454987672,1.23415429855599e-28,0.0162864860948005,3.37855729415737e-119,1.61220415608929e-09,1.51946758559968e-87,2
"20182",3.88640819176834e-15,2.03377945709652e-47,1.07779471559656e-33,2.36595601355332e-18,1.04775164780364e-105,0.999999976670974,2.33290222258412e-08,6
"20184",0.00682532361341615,1.83848195862608e-06,1.21748063748119e-06,1.10874598614382e-15,0.942545886650919,0.000680721401148418,0.0499450123719188,5
"20187",0.134810219431389,2.15569672653706e-09,6.5999728662555e-14,2.23475806682413e-29,6.46361025480416e-60,0.865189777399528,1.01332046339607e-09,6
"20189",0.0477654268987488,0.95223450841017,5.25143172798312e-08,1.74623972547134e-09,4.72290829245533e-39,1.04305237545958e-08,1.64932753290205e-21,2
"20192",0.611179639876052,2.07893066518454e-08,1.20488780966382e-35,0.388810436097105,9.85086678964299e-161,9.90323753639925e-06,2.71483494878011e-65,1
"20194",0.00696396035476422,1.24060142361146e-15,1.55107582575568e-07,4.09337504652281e-34,1.51210369104779e-35,0.992872319189125,0.000163565348526743,6
"20196",0.0661858998042964,0.00220137395226265,1.23806145549292e-45,0.931611589178599,3.3238483230415e-96,1.13706484173556e-06,9.59419180193924e-88,4
"20198",0.930131795860831,0.0398699072190531,3.56594385305319e-05,1.62756122259923e-05,4.46241122565102e-21,0.0299463618693597,1.91336749493844e-22,1
"20204",0.0658274999965223,9.98708640620017e-07,0.792241630737033,5.79994045522744e-08,0.0756055613032995,0.0112759377627247,0.0550483134923754,3
"20207",0.863616976478249,0.064306715588304,1.33512246516303e-39,0.071080685124454,8.64449145158548e-48,0.000995622808993175,1.94766373171672e-43,1
"20209",3.8476425114999e-05,5.63476761193914e-13,1.69179595006756e-07,0.0244533650089121,1.87455495455253e-116,0.975507989385815,5.75374499679997e-59,6
"20211",0.000873523592665573,1.59590393984078e-09,7.25702326943181e-36,0.99903692276001,2.30612367547239e-89,8.95520514205019e-05,7.61753430663914e-85,4
"20215",0.0306328560740205,0.969366717956595,1.31282350603922e-17,1.69746507087325e-10,1.3930719369941e-45,4.25799637681489e-07,3.44918842377051e-29,2
"20218",0.00046390102830329,6.67152314385437e-11,1.88308150169669e-06,1.54590230661924e-14,0.079315763440856,0.000156078371799054,0.920062374010809,7
"20222",0.842013933500395,0.103547492182121,2.94719107583082e-30,0.0544384909633233,8.01577459824441e-38,8.33541604638314e-08,4.10753340689939e-45,1
"20225",0.52197093759633,1.1042720620294e-09,0.00398102449326898,2.07100954297402e-09,2.46856686706729e-27,0.474048013832328,2.09027912677348e-08,1
"20229",0.629897139838224,3.76805275491089e-06,4.4748697820191e-10,2.27335133689835e-10,7.31084108256015e-74,0.370099091434199,3.54018661529343e-29,1
"20232",0.327368683294098,0.672079312547488,2.00875268183842e-16,0.000547696418318094,3.57434817964389e-27,4.3077400957734e-06,2.8794314080122e-50,2
"20234",0.0245104409423539,1.1482815658605e-07,9.30398735930383e-86,0.97548942324958,2.8083815365844e-230,2.09799089335037e-08,1.99691779911962e-114,4
"20238",0.0361055522981931,0.963867386491756,3.0254828680214e-31,2.7060969271208e-05,4.88301895965342e-42,2.40779559906871e-10,6.73126919376515e-34,2
"20253",0.131330713575445,0.868466435243237,4.95401579706957e-32,2.83309823806598e-11,4.13325383062708e-80,0.000202851152986964,1.01328065669552e-39,2
"20255",0.0130239149290725,0.00167435625386155,0.984745426059774,0.000497426327786472,5.30973131169319e-05,5.77911638828885e-06,2.9393656754209e-23,3
"20258",0.00207427589918673,0.997720097332479,1.25526230133019e-28,0.000205626768273666,1.59281788201804e-60,6.08543193741201e-14,3.56985782981098e-46,2
"20269",0.0759714817591736,0.924027628784903,5.918216843856e-20,8.88509895016907e-07,6.28654940780142e-16,6.62017727104036e-10,2.84009807755227e-10,2
"20271",0.876460401588907,0.123539532214641,4.17573094004364e-30,5.10309079271911e-09,4.39784389229532e-112,6.10933612836976e-08,6.37863891613509e-43,1
"20285",0.0799738405735609,1.39719276740254e-10,3.55859393946828e-09,6.10402221132448e-21,1.29156658798985e-61,0.920026155728126,1.63208781904766e-18,6
"20288",0.0267259974741503,0.973273939886203,1.70839260045008e-20,1.93858444004011e-08,2.8518289094388e-33,4.32538022171683e-08,3.10833200879364e-31,2
"20291",0.13691966426702,0.00278295747176381,8.32986880659387e-43,0.860152648194947,2.70827268193529e-73,0.000144730066268888,3.50991036524467e-68,4
"20295",0.999854092688823,0.00014588338111123,1.17552457346454e-20,1.13751701630187e-09,1.29273806526141e-55,2.27925487983899e-08,9.84148475512488e-18,1
"20298",0.0039308986451355,9.57493400292225e-06,0.995953741870241,3.6376164722467e-10,3.5499396345542e-06,9.25653083089149e-05,9.66893891534323e-06,3
"20302",0.880160689426923,1.22297598722348e-05,0.00223537043411592,6.7438084060172e-12,0.00102876347771779,0.115992753400252,0.000570193494374466,1
"20305",0.00359653929953678,8.46928377854742e-07,0.996346277206372,1.0492883831336e-10,6.64116137058013e-17,5.62462093344601e-05,9.02514495807461e-08,3
"20307",0.00327621453909122,0.99544366732808,2.02851181891614e-32,0.00128011402416294,3.42261021327703e-54,4.10866650915979e-09,1.05863290919917e-48,2
"20310",0.993460451465463,0.00634253021348132,1.56566864810981e-78,0.000197018317431231,1.82578860850576e-142,3.62473414891305e-12,5.37548926193318e-75,1
"20313",2.98737162497889e-05,5.14361341898216e-19,1.65051652630461e-14,3.91902171477789e-23,0.978731304174021,0.00298776254666578,0.0182510595630475,5
"20315",0.0205729282789335,0.979426511754522,4.12421423245718e-28,5.35383218186476e-07,1.09140778612888e-54,2.45833261327401e-08,1.64998525805668e-47,2
"20319",0.224078242015514,8.71545568342856e-05,3.17184581736619e-40,0.775697495870391,1.52048054945882e-131,0.000137107557261039,1.19635256441601e-77,4
"20321",0.0223886401368473,0.977611359597979,6.05268054757341e-39,1.61537949692929e-10,9.95122691619452e-63,1.03636087184521e-10,1.5346819362878e-30,2
"20327",0.0125528365065115,0.98744683991642,1.68128873410043e-33,3.2357551488667e-07,7.82410765383314e-65,1.55358616195427e-12,2.65537340276775e-40,2
"20329",0.000196881445766609,2.0648431513457e-19,2.03852183146423e-06,4.14824283200992e-35,1.15129150322062e-65,0.999760508228415,4.05718039872739e-05,6
"20335",0.0514671409597554,0.0422261205720058,3.95903158125331e-54,0.906306737744877,2.96866945836367e-63,7.23361200891399e-10,1.37938511064918e-65,4
"20337",0.00240788676403136,1.40602140171696e-07,2.48352466725788e-05,4.24695195635276e-10,0.997538758834293,2.83781206809989e-05,7.48656597340924e-12,5
"20339",0.00308836649797555,1.21176682042172e-13,1.14859119314201e-21,0.00204731101673793,2.26908870193733e-158,0.994864322485165,3.74677370534367e-62,6
"20341",0.0278160063205554,2.50183300778774e-10,6.9089849860213e-57,0.35139437492059,1.1737667832149e-70,0.620789618508671,2.52066887707712e-47,6
"20343",0.998565644509569,0.00136637061337888,6.88846240069297e-56,1.33189907259041e-05,4.43620365385435e-72,5.46658863256981e-05,1.3610064859514e-35,1
"20345",0.341497833743857,0.0418535409841879,0.608668897006322,3.75943339157762e-07,1.04230101551189e-37,0.00797935232229473,1.24027432750575e-21,3
"20350",0.0407249026548902,2.07442931471277e-11,3.20887197836876e-32,1.56802150132288e-12,4.89531311280151e-59,0.959275097322797,1.72619056012432e-36,6
"20352",6.83661373357164e-05,9.28343406082864e-15,2.65988793490623e-17,3.57804480489339e-18,1.03436265223045e-07,6.01255988231517e-05,0.999871404827567,7
"20355",0.525524086013098,3.47821620028987e-08,6.86453024906375e-13,6.45064087827092e-12,6.36891624728259e-13,0.4743976849871,7.81942098665463e-05,1
"20358",0.00310665228565869,1.1405146386868e-17,0.000775715657191258,7.196097004106e-29,1.97037792311073e-47,0.99527365251069,0.000843979546459759,6
"20363",0.000785414929494606,0.999214576301597,7.7622039801303e-28,8.76385795658965e-09,6.04487269703542e-44,5.05091298784498e-12,1.55659848466827e-28,2
"20365",0.071249805011355,0.00584036932818529,5.23633079074241e-18,0.922797780960466,4.68881710932899e-51,0.000112044699994149,1.72894354417808e-72,4
"20379",0.429284377959367,0.00240921700179119,0.119222207726511,0.275805642906139,4.39635574300569e-09,0.173278550009836,1.17244534542129e-26,1
"20387",0.0026991566860531,0.986815986602713,3.1311673082173e-20,0.0104848566461912,5.91195692699169e-36,6.504308421328e-11,2.88383297936618e-49,2
"20392",0.000837336565290566,7.40987829909315e-09,2.40061572640493e-41,0.999162214599832,2.22103472216166e-117,4.41424999497141e-07,1.81827760557069e-99,4
"20395",0.200165749996177,0.667723804132882,0.130636851329108,1.45634115838365e-07,0.000135651139070677,0.00133779776863645,9.30895287314053e-15,2
"20397",2.48414228161033e-09,1.65463449699244e-35,1.06906389874097e-17,1.08920490136297e-37,8.4695406179427e-80,0.998450794319146,0.00154920319671136,6
"20410",0.00921466244133186,0.989804433442816,2.14938245061162e-11,0.000980903900682253,7.5550605940642e-67,1.93676137414487e-10,3.05961765619057e-54,2
"20414",0.633459246004311,0.00367364142456561,0.00681418000417842,3.34808213561927e-08,0.354915651209814,1.73464850250585e-06,0.0011355132278068,1
"20417",4.66097967400848e-05,2.33198944677466e-22,2.86180095137601e-109,0.0153107364429745,0,0.984642653760285,1.75149326396308e-119,6
"20419",0.0204093627820763,0.979590636691239,5.29711136375843e-37,1.48398644586168e-12,8.0140701825149e-68,5.25200453798636e-10,9.26265969718412e-31,2
"20421",0.839997857134064,0.000111498118402477,1.13836595725473e-09,0.0720195851504819,5.07051411779591e-10,0.0878710552717164,2.67991745724371e-09,1
"20423",0.0245871381711058,6.68453311327149e-05,0.00453206935634316,5.70977741822005e-06,0.970569652561909,0.000210644885600467,2.79399164906001e-05,5
"20425",0.95661809469841,3.74138706572761e-05,7.85402646077849e-05,2.44623438434452e-09,0.00460285184773368,0.0384512987342816,0.000211798138075512,1
"20427",0.0120312931217703,0.926192819287213,0.0617745619220943,1.24743867696112e-06,1.5698201068993e-08,6.24816059126065e-08,5.04381193480644e-11,2
"20429",0.999059075134844,9.70539514899671e-05,1.16545319958788e-43,9.34320652629519e-12,2.21386112461389e-90,0.000843870904322396,1.30289200438009e-28,1
"20432",0.0661703701740703,1.72822547594145e-08,0.00219375593272353,4.2744986017527e-16,3.57392400211244e-05,0.000999881262786798,0.930600236108143,7
"20435",0.284317898941564,0.704417312137052,5.76535847160086e-11,0.0112647834959527,2.26810567178173e-38,5.36777751077134e-09,1.46701383910232e-41,2
"20438",0.456618570871612,0.540226611619826,6.82476022617963e-28,5.04430571750665e-18,2.29656797641761e-41,0.00315481750856215,1.28221335075625e-16,2
"20440",0.103815146715436,0.896184459860928,2.93047845247574e-35,3.72209275103289e-07,8.30783856160234e-50,2.12143610895554e-08,5.26277858354124e-31,2
"20443",0.329680119826349,5.5213097292213e-09,1.69690923977796e-21,1.07506023193598e-16,8.08787677360642e-07,0.404808721938261,0.265510343926403,6
"20446",0.994910991344401,0.00268651815596234,1.83769861125797e-09,1.66283726294956e-07,5.04815649277759e-33,0.00240232237821208,2.25549599500681e-22,1
"20449",0.191985331636777,0.804121568319556,1.50590235431822e-07,9.0363566206562e-06,5.39858928208557e-39,0.00388391309681043,1.28467433303705e-32,2
"20537",0.25956638080821,0.0262594695821247,5.04892490122937e-25,0.714139249379378,3.58334087710781e-53,3.49002302880352e-05,2.41119879233077e-42,4
"20540",0.000174290890332557,1.75182086677336e-09,2.99348382544067e-49,0.999819277366322,1.33837731657042e-141,6.42999152493964e-06,3.95164046415363e-109,4
"20543",0.0575468692754708,0.942155441985397,4.48355086066953e-05,0.00024197628007117,1.45368037145215e-10,1.08768000984174e-05,4.98763622425906e-12,2
"20545",0.00020464784904693,4.22063374229224e-11,1.61829302830707e-40,0.999717167341295,3.98708764053665e-89,7.81847674514501e-05,7.71681679864965e-83,4
"20549",0.0402360572736415,0.735597764562469,0.000144756128873417,0.0154352832595456,0.208585657771511,4.81003959330869e-07,2.48410989216135e-19,2
"20551",0.00497580311866004,0.994820033093328,5.92256605603901e-13,0.000203838449426212,1.91133372309883e-11,3.25318880215153e-07,1.12715599392405e-28,2
"20554",0.00254818233113954,0.997112144392712,9.69065916070761e-17,0.000339673250484666,3.657704576896e-22,2.56634854701544e-11,8.60801135117912e-35,2
"20556",0.931530421112269,0.0656923886668954,8.22127008356297e-11,0.00100844594123947,5.49550684449959e-19,0.00176874419738293,5.21317440242819e-33,1
"20558",0.00107438762949565,0.998502597150999,5.90341622622948e-34,0.000423015218989372,1.2249853531928e-40,5.15930665198511e-13,5.80395655779205e-48,2
"20560",0.00155668802215273,0.998443305665549,4.83881288467274e-15,3.84611920350365e-09,6.03180387934845e-12,2.45836762335488e-09,1.77504221873612e-12,2
"20563",0.0902683664281416,0.909484603260393,2.63419402586447e-52,0.000247030300450767,8.4300086471001e-72,1.10148355785302e-11,3.23299359974557e-45,2
"20565",0.241145947766023,0.758854022046914,5.9036746320621e-21,1.07828185051229e-08,7.43078055795631e-17,1.94042444602209e-08,1.56317536015073e-17,2
"20567",0.0466624705986491,3.02771890413948e-07,0.000859992753628839,1.92458594090857e-16,0.0225474065254358,0.0519316756782366,0.877998151672159,7
"20571",0.988743682757692,3.79929910153348e-06,4.07836726522057e-46,1.96467262539362e-15,4.29279264972548e-113,0.0112525179432048,3.00093714358179e-51,1
"20573",0.0134122894117218,0.98654776121441,1.11509135684269e-13,3.74595055619725e-05,1.49490380307005e-13,2.48986804565969e-06,5.82901761375175e-23,2
"20575",0.107973506817895,0.892022174545632,1.02918542078299e-37,4.31834935013268e-06,6.43846065981786e-74,2.87122050722302e-10,2.02020475647601e-48,2
"20577",0.757119539788116,0.232775441854632,0.000329671228505361,4.9819704820415e-07,3.2380152223355e-30,0.00977484893169886,9.27591945429194e-28,1
"20579",3.87249751139622e-06,3.64590426173281e-23,5.5472899672061e-12,1.78618118859101e-36,2.8050406919456e-31,0.0195631880004621,0.980432939496479,7
"20582",0.00799445575903989,0.991999651706518,5.38667714165398e-43,5.89244962343758e-06,4.48592355314277e-83,8.48188025225899e-11,1.70982113979453e-51,2
"20585",0.0224827765734638,0.00221601144919661,6.08255420401763e-17,0.975301156681219,5.54454358659791e-56,5.52961201899376e-08,9.84568155814074e-66,4
"20588",0.00670995982705878,1.82446849686237e-09,4.85878194903993e-25,0.308311997368858,1.2604932431919e-54,0.684978040979615,2.25231580177729e-56,6
"20590",1.49549037675629e-05,2.15498302753347e-17,9.60958925058571e-07,3.05034285199575e-29,3.04400859340293e-11,0.00143269215107413,0.998551391955793,7
"20592",0.00745547543566238,0.99254445242481,3.27458334911788e-48,6.96726111608578e-08,2.63087513577201e-57,2.46691627301385e-09,3.08535312804371e-37,2
"20594",0.0327773707198424,0.965994920043953,3.00659113615775e-40,0.00122770907081722,1.69140954039309e-98,1.65387740882205e-10,2.81747025597311e-70,2
"20596",0.0314686542760008,0.968531336276789,9.12576535100127e-20,2.45605747914164e-12,9.00080800560135e-25,9.44475451459716e-09,1.65555337769665e-19,2
"20598",0.00405727642864897,0.995916268231992,6.0002041219001e-11,2.64335223284718e-05,8.66171868544557e-18,2.17570286306851e-08,4.88902079044647e-31,2
"20600",0.705573673502087,0.0186585223829902,6.1786782296353e-12,0.258301193307095,3.01327768657611e-17,0.017466610801649,1.20256838150746e-38,1
"20603",0.916072512906945,0.000565178966546078,0.0673013660302669,0.00766538082252943,4.25216855499962e-06,0.00839130910515782,3.33758388199018e-18,1
"20605",0.010815488591442,0.98913008850293,1.49367815171475e-24,5.44010554175627e-05,1.37290352122902e-61,2.18502097754132e-08,3.16375423985392e-58,2
"20607",0.00356860013582575,0.996431101022485,8.55594738382275e-17,1.38616081952118e-10,7.53482766287446e-39,2.9870307340406e-07,3.85251532377025e-35,2
"20609",0.0020078034278325,0.997826896189859,2.53192089282915e-16,0.000165300381953483,2.13190483638906e-22,3.5492817776325e-13,7.56685992000098e-32,2
"20611",0.0056195602489664,4.4846270767849e-07,0.993690802544129,5.69949674028169e-12,2.02273397492893e-09,0.00068918671575897,4.68818578216946e-15,3
"20613",0.00601824829880367,0.98166906130385,0.00084823834107214,0.011464451221582,5.81776109783128e-23,8.34692245143198e-10,4.59362310324403e-38,2
