"","V1","V2","V3","V4","best$classification"
"19811",0.0169871941030811,5.32628249627019e-05,0.0153933941097918,0.967566148962165,4
"19813",0.999999970215458,3.2494694001457e-20,2.95672177370457e-08,2.17324356275146e-10,1
"19815",0.00824588945606249,1.62781130349802e-13,0.394029575049667,0.597724535494108,4
"19817",0.000759591643684717,4.39021406577851e-06,0.03892336828109,0.960312649861159,4
"19819",0.686900084740431,1.75579833493897e-27,0.313099915259569,1.79824991283574e-33,1
"19821",0.147747199997057,7.73442711596151e-05,0.152616856231332,0.699558599500452,4
"19823",0.99777452971862,5.18435655790858e-15,0.0021372024265048,8.82678548696184e-05,1
"19825",0.999999709144888,1.97666787454292e-14,2.90855091822651e-07,2.32445489681337e-33,1
"19827",0.0126214766998174,0.809011713127524,0.0237138253819042,0.154652984790754,2
"19829",0.151113183572115,4.53595333972919e-09,0.848886811891932,1.92688110785162e-17,3
"19831",0.955658959348342,3.89563104392988e-35,0.0443410406516584,1.3399646480415e-27,1
"19833",1,1.00112098412414e-45,1.33823120439799e-16,1.21324590726709e-63,1
"19835",0.147747199997057,7.73442711596151e-05,0.152616856231332,0.699558599500452,4
"19837",0.00207123260018623,0.270885921287563,0.042510535437905,0.684532310674346,4
"19839",0.906159070944124,1.29573681948601e-07,0.0938407994821937,9.51109018528241e-19,1
"19841",0.723103049562957,0.276896949978994,4.58048882385316e-10,2.8548233416413e-22,1
"19843",0.983681486963791,1.6784288179229e-40,0.0163185130362086,9.00526627867328e-34,1
"19845",0.662203319500957,2.04301916287652e-19,5.5280054050327e-05,0.337741400444992,1
"19847",0.135792212278028,3.55710300570855e-16,0.582398767904699,0.281809019817273,3
"19849",0.999999222082859,5.08272173126039e-18,2.73560007266448e-09,7.75181541490966e-07,1
"19851",0.00133393199871462,3.28967351782935e-06,0.00377747305871465,0.994885305269053,4
"19853",0.995627064030918,9.73833735417207e-12,4.95119236760873e-07,0.00437244084010696,1
"19855",0.0324297160332137,5.08821315440929e-05,0.00168653131936891,0.965832870515873,4
"19857",0.0357873227806933,1.07936821171954e-05,0.77955021252654,0.18465167101065,3
"19859",0.0213946410898685,0.000217731424235642,0.291026270113789,0.687361357372107,4
"19861",0.011797549452597,4.36338012987958e-09,0.000434794425031482,0.987767651758992,4
"19863",0.999996783645102,3.21635489300436e-06,4.55472919427092e-15,1.38686072859747e-16,1
"19865",0.0010136108670828,0.998732754758298,1.8988274215816e-06,0.000251735547197532,2
"19867",0.0139215935655317,8.37276675301799e-18,0.0293592471075403,0.956719159326928,4
"19869",0.999789779105523,2.66271270437921e-06,5.46940590590106e-08,0.000207503487712855,1
"19871",0.00357306109323537,0.0111166219682834,0.280381232700592,0.70492908423789,4
"19874",0.00666804596659768,0.000314412958661449,0.000362958379426888,0.992654582695314,4
"19876",0.000357757800915216,2.13414512140883e-05,2.38405811663097e-05,0.999597060166704,4
"19878",0.395010106737067,1.26230468170193e-21,0.604989893262933,1.43970256570404e-19,3
"19880",0.000249940858036085,0.999749527945018,1.13477094473068e-09,5.30062175472743e-07,2
"19882",0.874959607570289,1.36770518977793e-11,0.00141861118949528,0.123621781226538,1
"19885",0.00148669043192411,1.22241634366187e-06,0.435462405660927,0.563049681490805,4
"19907",0.164949498393618,2.41446458879438e-15,0.0139570035494754,0.821093498056904,4
"19909",0.00786959791499895,3.32089075570374e-18,0.992130402046989,3.80124604944685e-11,3
"19911",0.0333105879950813,1.66334710876312e-07,0.966689245670123,8.48507873311491e-14,3
"19913",0.000328590204140152,0.999671409791845,3.80455226211864e-12,2.10586277547164e-13,2
"19915",0.000429668559784066,0.988826345614342,0.000236901717812755,0.0105070841080613,2
"19917",0.00562987769669847,0.993911345260886,0.000453167220090909,5.60982232476561e-06,2
"19919",0.00338518697677112,0.199427128971614,0.057361807371742,0.739825876679873,4
"19921",0.000448758270505649,3.27476845246508e-10,0.00802150351297084,0.991529737889047,4
"19923",0.187566496353906,2.60371114894534e-22,0.812433466162127,3.74839671693417e-08,3
"19925",0.000830247085487357,0.998203471458743,0.000177996086660959,0.000788285369108431,2
"19927",0.00190094079562122,2.88315172991187e-10,0.0398705716125999,0.958228487303464,4
"19929",0.965348908509929,0.0346510909147266,1.70300327936634e-14,5.75327189659951e-10,1
"19931",0.0242660822469672,4.26518069305591e-11,0.844608742958619,0.131125174751762,3
"19933",0.00559941190362052,2.249428618881e-09,0.994385520912558,1.50649343927642e-05,3
"19935",0.0293341872989034,1.62326274018889e-11,0.970390092102195,0.000275720582669105,3
"19937",0.00116900974917387,4.70953922122538e-12,0.0155535991276892,0.983277391118427,4
"19939",0.0357474617205935,1.84140975200783e-09,0.941321220938076,0.0229313154999208,3
"19941",0.281445662149045,1.07649604011255e-06,0.718553261354915,1.40930707967729e-18,3
"19943",0.00353206432092577,0.996233982721084,3.59189231932194e-07,0.000233593768758713,2
"19945",0.00971151574204076,3.82181950663941e-10,0.990288148011327,3.3586445053916e-07,3
"19947",0.999622869160809,1.46377666272357e-06,0.000375667062527803,9.49481662240989e-17,1
"19949",0.0329891556798222,1.41162399680575e-22,0.967010731877194,1.12442984012421e-07,3
"19951",0.150687882598043,0.486107563529226,0.363179934391256,2.46194814742623e-05,2
"19953",0.988387962654666,1.34998548224743e-37,0.0116120373453336,8.64897319302925e-25,1
"19955",0.716283633461849,6.46104959294466e-29,0.283716366538151,2.86129436537242e-18,1
"19957",0.986223423692143,0.00121918520847719,0.0125562435788327,1.14752054680404e-06,1
"19960",0.211620353636368,9.09944760347672e-16,0.788379646363631,1.635399397527e-18,3
"19963",0.999999999999952,2.7542033351488e-15,4.52128162892021e-14,2.8590733876655e-37,1
"19965",0.0319423013970024,7.65766814158315e-33,0.968057698602998,9.4541188146213e-28,3
"19968",0.998879103162375,0.0011100164637675,1.08746758637743e-05,5.69799414772758e-09,1
"19971",0.999999461848715,5.37817103348781e-07,3.34181564679783e-10,1.49804255536381e-38,1
"19973",0.000221840803549522,0.00120646291033108,0.0138819363058804,0.984689759980239,4
"19975",0.0142487359241841,0.985288904990914,0.000416901764721184,4.54573201799478e-05,2
"19977",0.999999997066362,6.1077880870487e-10,2.3228592712345e-09,3.44676972661733e-31,1
"19979",0.0317576909294812,1.23833841592887e-22,0.968242309070519,2.09186588813149e-35,3
"19981",0.00468849570141564,1.09274484423136e-10,0.988184287235712,0.00712721695359748,3
"19983",0.0134345695631482,1.59245097427174e-13,0.973803519882961,0.0127619105537312,3
"19985",0.00225192148553019,0.150618039410494,0.00019831251610629,0.84693172658787,4
"19987",0.0539875566666893,0.0177015779264369,0.916671170844279,0.0116396945625943,3
"19989",0.0402746224073527,2.43049334703297e-34,0.959725377592647,4.36315700629421e-26,3
"19993",0.0277412195041415,3.54233565253305e-07,0.972258417471533,8.79076029536314e-09,3
"19995",0.00688899457848008,1.62491309444404e-08,0.993110970861813,1.83105756449033e-08,3
"19997",0.00122001499970978,1.81975417020385e-05,0.0123104681068229,0.986451319351765,4
"19999",0.00166198610402163,0.997225567108582,5.29097063112042e-05,0.00105953708108535,2
"20002",0.999999999929971,6.98956820748202e-11,1.33070747473717e-13,5.35411080144606e-27,1
"20004",0.0631170008419207,8.42798388695558e-11,0.936882994970123,4.10367638135244e-09,3
"20006",0.840565768004265,1.32388364215864e-18,0.159434231995735,2.41521116465429e-23,1
"20008",0.675350954383046,2.96030902959327e-20,0.324649045616954,8.7936867729784e-23,1
"20010",0.0342193740020817,5.06299334625537e-17,0.965780625809828,1.88090304771003e-10,3
"20012",0.866362362213997,0.133114948138067,0.000517886414044759,4.80323389131962e-06,1
"20015",0.0573508171837486,1.94191778000174e-29,0.942649182816251,1.17748371163434e-26,3
"20017",0.000936193188932776,0.000201560193290579,0.000757626997119645,0.998104619620657,4
"20019",0.0685508485358525,2.44774246628726e-37,0.931449151464147,3.45121285412152e-45,3
"20022",0.0137063489130716,1.07327935282082e-15,0.986293650830573,2.5635423480995e-10,3
"20024",0.998149379327589,6.78425156328025e-52,0.00185062067241091,1.46419823476408e-43,1
"20026",0.998149379327589,6.78425156328025e-52,0.00185062067241091,1.46419823476408e-43,1
"20028",0.0015961304736761,0.0198722582536649,0.000360153650555548,0.978171457622103,4
"20030",0.294443623739758,1.72524667918695e-16,0.705556376260242,1.37043711780286e-23,3
"20033",0.0100368004968797,0.823056436051681,0.143621885985384,0.0232848774660552,2
"20035",0.0998633039324247,1.32070447516741e-40,0.900136696067575,7.22321418131949e-43,3
"20037",0.0162620370028818,4.05507754490456e-42,0.983737962997118,3.602989911461e-39,3
"20039",0.999999995894557,1.72405133038616e-73,4.10544285656340e-09,2.72166786681792e-53,1
"20041",0.0323553748506159,5.87479362197735e-17,0.967644625142767,6.61665649899472e-12,3
"20044",0.194791545280563,1.95315388564891e-14,0.805208454719409,8.36452191840058e-15,3
"20047",0.457505332888893,1.87442099228052e-32,0.542494667111107,3.72942774293096e-52,3
"20050",0.266888647708395,9.62210714370042e-18,0.733111352291605,6.28335334757658e-19,3
"20052",0.0252497238885811,0.130903430232427,0.836189597149253,0.00765724872973873,3
"20054",0.0368507140424177,7.37893023766373e-18,0.963149285957582,3.31661778746594e-16,3
"20056",0.0888964057852938,0.91101840564938,8.51885378862541e-05,2.7439966961003e-11,2
"20058",0.0341483453850112,4.83479163681928e-39,0.965851654614989,1.47167081571343e-25,3
"20060",0.0149182337240997,1.93629972248974e-07,0.146585538302949,0.838496034342979,4
"20062",0.00494824605168442,1.26736612567393e-07,0.97329264527199,0.0217589819397127,3
"20064",0.00322141397462013,8.5873555575301e-07,0.996777709708179,1.7581645474287e-08,3
"20066",0.331969006977898,1.83859374615702e-24,0.668030993022102,1.2033293598702e-35,3
"20068",0.00246227389477515,2.69555653371084e-10,0.021000998220371,0.976536727615298,4
"20070",0.0692835348380453,5.04922828209126e-15,0.374931955727851,0.555784509434099,4
"20072",0.32875910417327,2.09114981485851e-37,0.67124089582673,1.54682440009352e-22,3
"20074",0.00499568008992178,0.995004319908739,2.32293969261678e-14,1.31634371203919e-12,2
"20076",0.963130569760338,0.0272252546217531,0.00963743975387499,6.73586403343883e-06,1
"20078",0.00571244580726714,5.14521834230737e-11,0.99428755411644,2.48405490593855e-11,3
"20080",0.0120086273462592,5.80695116536968e-28,0.987991372653741,2.78036302702487e-35,3
"20082",0.999976436780989,6.13739912043625e-40,2.35632190107329e-05,2.86756489495486e-35,1
"20084",0.215994099689742,2.56052077743417e-06,0.784003339789481,2.79791868446676e-17,3
"20087",0.0137584367092542,3.91282102413455e-22,0.986241563255767,3.4978466168107e-11,3
"20090",0.0281366174818502,1.33321573449967e-28,0.97186338251815,9.88647345744077e-34,3
"20092",0.996229927592956,3.01223390829369e-47,0.00377007240703888,5.3966778504009e-15,1
"20096",0.930669644359662,1.37482936195137e-14,0.0693303548838486,7.56475399364859e-10,1
"20098",0.00754076024586518,0.440307739329038,0.0578071331253311,0.494344367299766,4
"20101",0.0144202331900921,7.74837819715199e-13,0.985579766809133,8.25884879408737e-29,3
"20104",0.999999998741582,2.11783483272632e-33,1.25839818869967e-09,1.99590097996951e-14,1
"20106",0.00778332390381192,6.24033556141545e-12,0.992216676089948,1.19006721977576e-17,3
"20108",0.00366736686479336,9.87729273946407e-05,0.0778992519957727,0.918334608212039,4
"20110",0.87284932106454,2.98078615995487e-06,0.127147698094981,5.43187750419154e-11,1
"20112",0.013212382659175,1.36005306910836e-16,0.986787617340825,1.46402348689692e-16,3
"20114",0.0745841803968691,5.98702264392348e-05,0.925355949376349,3.43196702061401e-13,3
"20116",0.0859185672381025,6.00462389580615e-06,0.91407542813769,3.12050344139249e-13,3
"20118",0.00735622554772045,0.0206892986202908,0.961877628845612,0.0100768469863769,3
"20120",0.141755833848774,6.6557773344726e-12,0.858244166144571,6.04620355612504e-20,3
"20122",0.000943443057903025,0.999055780743789,5.20610830268171e-07,2.55587477449439e-07,2
"20124",0.0619007283109921,4.55159790946515e-34,0.938099271689008,2.56611143090201e-31,3
"20126",0.99999997639862,6.31900686263112e-51,2.36013801338138e-08,4.24906715565578e-50,1
"20128",0.999936235134728,5.34353420862033e-59,6.37648652721417e-05,1.4562657444593e-71,1
"20141",0.999977113450505,8.37783266853737e-19,2.26554516917769e-05,2.31097802829463e-07,1
"20143",0.992740379718303,0.00725962022987194,5.1825293885004e-11,1.94700891461163e-24,1
"20145",0.011318335815123,7.33586748567362e-13,0.988681664048975,1.35168181728711e-10,3
"20147",0.00213651311329875,1.35046383060912e-12,0.997863486882988,2.36230765408041e-12,3
"20149",0.00500814937322667,0.994895484699204,6.71850136439884e-07,9.56940774334658e-05,2
"20151",0.00128763120894758,0.240160153651735,0.0245065570317007,0.734045658107617,4
"20153",0.38044077555061,0.599554945868595,0.0200042675642632,1.10165318096925e-08,2
"20155",0.00617151560833308,6.80753698118264e-21,0.993828484391667,1.26456103810968e-20,3
"20157",0.0337809686838023,0.872801598868805,0.00604483131825578,0.0873726011291372,2
"20160",0.000150123302244839,0.999849876686531,5.29789963080886e-12,5.92667868443953e-12,2
"20162",0.000381940229669066,0.999007172307799,3.44190221425336e-08,0.000610853043509923,2
"20164",0.0510902404330786,0.943493622359642,0.0054159669000069,1.70307272450587e-07,2
"20166",0.90756653752781,1.36822547328908e-15,0.0924334624721882,3.93597229265792e-30,1
"20168",0.999999999966985,8.45461621301292e-20,3.30151615572657e-11,1.73456606223058e-27,1
"20170",0.00245930911274738,0.995885003042994,0.00162091640287017,3.47714413882761e-05,2
"20172",0.0107210415939504,7.7351765867252e-23,0.989278958353642,5.24073257748637e-11,3
"20174",0.010036387080757,0.000412095855429262,4.83291487685069e-06,0.989546684148937,4
"20176",0.999999660185353,3.16258720299455e-20,3.39814646953816e-07,2.27599300494205e-19,1
"20178",0.00029685736736852,0.999703142629565,1.60951485313831e-12,1.45693591738971e-12,2
"20181",0.374120870527134,7.1219715436042e-12,0.625879129465744,1.73543551079365e-26,3
"20183",0.011967873185712,5.55423641176356e-12,0.138895784536162,0.849136342272572,4
"20186",0.41988041651932,2.48444472488164e-32,0.577360465074981,0.00275911840569828,3
"20188",0.000774970351712241,0.999225028861322,7.5943756802734e-10,2.75285389024381e-11,2
"20190",0.0055697698014549,1.49505488924055e-23,0.994430230198545,2.58090219848042e-26,3
"20193",0.999995614631773,4.38379689819189e-06,1.57132844170636e-09,1.07738874944955e-27,1
"20195",0.0394231109082302,0.854264707841778,0.106311916298681,2.64951311181149e-07,2
"20197",0.00842380302823663,1.29085975167747e-19,0.991576196971738,2.52659390348831e-14,3
"20199",0.00380159817867063,0.996168093656719,2.90409633171717e-05,1.26720129281733e-06,2
"20205",0.999997173448097,5.45401702615944e-47,2.82655190348828e-06,1.05701829203664e-31,1
"20208",0.0827616356349821,0.0281880642807185,0.871618265484969,0.0174320345993302,3
"20210",0.00024320364468821,0.99961895194153,5.03331619716855e-07,0.00013734108216157,2
"20212",0.0248848176297506,0.962187385872876,0.00498267841612054,0.00794511808125322,2
"20216",0.0169542564461783,1.3102103107593e-13,0.983045743553685,5.22438416870329e-15,3
"20219",0.452022188876381,1.1307925727095e-15,0.547977811123617,6.07201668266238e-17,3
"20223",0.967575001321321,4.26134073553903e-54,0.0324249986786786,5.77192919308355e-44,1
"20226",0.030086572377236,4.60077700529784e-09,0.969913418296168,4.72581954526438e-09,3
"20230",0.00701735561002163,7.78696669354076e-30,0.992982644389978,1.49310105959373e-31,3
"20233",0.999999999997431,1.33552866732707e-34,2.56863678851499e-12,8.8136401147012e-26,1
"20235",0.932960115330374,2.2776541182411e-46,0.0670398846696257,1.42255669339965e-32,1
"20239",0.385751901732867,5.6088772042485e-26,0.614248098267055,7.80587255922853e-14,3
"20254",0.999924597699358,7.74357703183931e-43,7.54023006419538e-05,1.66183041172631e-43,1
"20256",0.0139707833802595,1.01091309909237e-31,0.986029216619741,1.4089696626136e-21,3
"20262",0.000316273428668142,0.992957894360946,0.000441542721167858,0.00628428948921766,2
"20270",0.893651135196241,3.79852086358611e-15,0.106348864803755,1.1938110303992e-19,1
"20284",0.901859278833557,2.23261819012585e-18,0.0981393077318913,1.41343455145578e-06,1
"20287",0.127004321294946,7.99195878910711e-44,0.872995678705055,4.90918903956937e-42,3
"20290",0.999537961886529,1.00295291830464e-21,0.000462038113471077,2.16333296080976e-22,1
"20293",0.0111595699783151,1.97808313661402e-12,0.988840392466859,3.75528481594662e-08,3
"20296",0.48404365602885,0.400083533442429,0.110658129383242,0.00521468114547817,1
"20301",0.92236004652395,3.29149335015513e-29,0.07763995347605,8.15910124618905e-59,1
"20304",0.999978661452589,4.62444259759272e-40,2.13385474113053e-05,9.67120451886302e-32,1
"20306",0.0339432468851838,7.47857024783372e-37,0.966056753114816,3.11549069903915e-30,3
"20309",0.0217779283443545,1.21550612405268e-13,0.978222070459238,1.1962862979546e-09,3
"20311",0.0310039025031947,4.1572361807538e-12,0.968996097492648,1.55006221440874e-17,3
"20314",0.00332480334809269,0.511109658584693,0.123260193098301,0.362305344968914,2
"20318",0.989559111587894,0.0104408261624184,6.22496881398244e-08,1.11172483771306e-21,1
"20320",0.473317303272753,9.13629740404716e-14,0.526674995022605,7.70170455061043e-06,3
"20326",0.0141947041457963,0.0735621115473262,0.536281905543815,0.375961278763063,3
"20328",0.280844089006068,5.94841908388617e-27,0.719094119847367,6.17911465647503e-05,3
"20330",0.120210837807916,1.51377808647698e-26,0.879789162192084,3.29203251046848e-22,3
"20336",0.984410196621266,3.78650843048411e-28,0.0155898030602476,3.18486737758872e-10,1
"20338",0.986941398528985,2.53600019085584e-19,0.013058601471015,1.77846215239589e-22,1
"20340",0.168514427106584,2.65221836515129e-34,0.831485572893416,2.38928884646958e-33,3
"20342",0.999999999981936,5.57143898251862e-36,1.8063448281539e-11,2.87753480524066e-48,1
"20344",0.0166671934581802,5.54311378415333e-26,0.98333280654182,4.25936945549369e-17,3
"20349",0.0095502543135792,2.6225594763885e-32,0.990449745686421,5.51023295971608e-24,3
"20351",0.0461011480533429,5.38970174295592e-13,0.953898851829463,1.16654993459618e-10,3
"20353",0.0360265359760589,1.92141898951801e-30,0.963973464023941,4.87416306728594e-29,3
"20357",0.999883549874399,2.23885820584396e-53,0.000116450125601245,5.28965087621483e-34,1
"20360",0.999999264540802,2.45779764541763e-45,7.35459197793767e-07,1.8785662809025e-39,1
"20364",0.00942436392791308,5.91421667253163e-16,0.990575635901358,1.70728445354501e-10,3
"20366",0.999934146332551,1.06944304691996e-32,6.58536674484205e-05,6.5132312713886e-16,1
"20381",0.999999977158719,2.10133269179998e-08,1.51395100377212e-09,3.14003446933761e-10,1
"20391",0.982115952929839,1.27264982388947e-43,0.0178840470687855,1.37515388239836e-12,1
"20394",0.0289518379346464,1.456005016974e-08,0.410318335919674,0.560729811585629,4
"20396",0.832757685835973,0.0894049741402057,6.25549620802151e-06,0.0778310845276133,1
"20409",0.161938871319301,0.000193051603506757,0.83786807408251,2.99468261519128e-09,3
"20411",0.126967031694131,1.88797996527762e-36,0.873032968305869,3.31698886019178e-21,3
"20416",0.99994410443326,1.59987726300709e-69,5.58955667396828e-05,8.35378895853062e-60,1
"20418",0.353573416369842,0.640919224228028,1.95957627509425e-07,0.00550716344450295,2
"20420",0.999999995877415,2.97952614114698e-29,4.12258489956376e-09,1.47545280155089e-17,1
"20422",0.0640942844118454,5.89310612160832e-20,0.935905715588155,7.71173132101347e-26,3
"20424",0.0422240942384796,6.31280301097284e-34,0.95777590576152,6.58564263141464e-21,3
"20426",0.999999999999495,2.95064830464494e-29,5.05278747109892e-13,2.19166164670997e-44,1
"20428",0.00648211314320822,2.62890492299973e-17,0.993517882725748,4.13104328202871e-09,3
"20431",0.302847559023562,9.80179685897192e-05,0.697054422721897,2.85950927136122e-10,3
"20433",0.857921560558715,2.3890208680278e-40,0.142078439441285,2.33075216275737e-45,1
"20436",0.999969585862951,2.32428651033062e-22,3.04141370485815e-05,3.16026609430257e-26,1
"20439",0.0290643979808594,2.18717607416394e-05,8.79250854751663e-06,0.970904937749851,4
"20441",0.999505418409094,5.41148880041872e-33,0.000494581590906136,3.06566069079844e-29,1
"20444",0.000857801830279594,0.99914046054609,1.19029163246609e-10,1.73750460149918e-06,2
"20448",0.926591349550273,2.03657628037966e-06,0.0734058344317948,7.79441651747581e-07,1
"20536",0.084930900536243,6.41554784351007e-14,0.0049048200475785,0.910164279416114,4
"20538",0.991808999666403,6.32388625633813e-32,0.00819100033358121,1.56084441075013e-14,1
"20541",0.132878815161288,1.72866822781355e-34,0.867121184838712,1.0452833023685e-34,3
"20544",0.00474869414065049,4.05686492986258e-11,0.995245333897142,5.9719216389647e-06,3
"20546",0.0252274238203012,6.37061938008635e-29,0.974772576179694,4.4420017134139e-15,3
"20550",0.0889123396601606,7.59101155418827e-15,0.911087660339826,6.08989399648704e-15,3
"20553",0.999999999532974,8.10692028935575e-56,4.67026198960523e-10,1.86546937953293e-94,1
"20555",0.9999999980886,1.95976123145593e-44,1.91139963602277e-09,1.04273969612626e-22,1
"20557",0.0556394937109424,6.88227131853601e-13,0.944360506283381,4.98888314833132e-12,3
"20559",0.00490702929992463,9.27768912811552e-15,0.995092970700064,2.30894217202929e-15,3
"20561",0.00548234458193846,0.987483905575149,0.0070094865151717,2.42633277409186e-05,2
"20564",0.00029685736736852,0.999703142629565,1.60951485313831e-12,1.45693591738971e-12,2
"20566",0.0297905270107142,8.47635920665385e-12,0.970209462923815,1.0056994870667e-08,3
"20569",0.00309763262078218,0.991683810649035,0.000113118595339163,0.00510543813484389,2
"20572",0.0552938267899771,0.944697220681548,8.92650310841744e-06,2.60253663447574e-08,2
"20574",0.00585469532667457,2.91084231342172e-16,0.994145304673325,3.32469619774778e-21,3
"20576",0.000513724233301855,0.999486265039487,1.07244506068369e-08,2.76109902911884e-12,2
"20578",0.00190838765142992,7.44384280095002e-07,0.99808687262844,3.99533585015622e-06,3
"20580",0.0065184978403922,1.72415557148888e-10,0.993477771517543,3.73046964907076e-06,3
"20583",0.000227861179388077,0.99977213792118,7.81437102236412e-10,1.17994200115987e-10,2
"20586",0.0163596047266608,2.8857869504642e-20,0.983640239854348,1.55418991418925e-07,3
"20589",0.00941249419507621,2.02680351621823e-35,0.990587505804924,1.31322689818844e-23,3
"20591",0.941384761376282,5.23509757855217e-24,0.058615230888624,7.73509352094529e-09,1
"20593",0.0574624327796351,1.44460262568055e-35,0.942537567220365,1.62682918800479e-50,3
"20595",0.00751483480687383,4.77737377759987e-13,0.992485165192438,2.10013827930483e-13,3
"20597",0.993919003293089,1.08719695372462e-18,2.65252920076422e-08,0.00608097018161929,1
"20599",0.000347943026761578,0.999652056963175,1.0035740521085e-11,2.75155036796886e-14,2
"20601",0.00118144702955121,4.12567425864106e-07,0.145703788876716,0.853114351526307,4
"20604",0.00686531324366305,2.37605782023079e-22,0.993134686756337,2.23328639076524e-31,3
"20606",0.0122267259874434,3.39204757289499e-26,0.987773274012557,1.37536117769666e-27,3
"20608",0.0132598880451689,8.78422327001194e-22,0.986740111954831,6.83147684684017e-20,3
"20610",0.00854004592351161,0.991456064158027,3.88989092697846e-06,2.75339110588169e-11,2
"20612",0.999999999973276,2.90411884641438e-40,2.67241468910351e-11,2.30962768672055e-38,1
"20614",0.000538240177654696,0.999271676421351,1.75340842966109e-06,0.000188329992564614,2
"20616",0.449657367005048,2.93295582401495e-07,0.544333661722662,0.00600867797670814,3
"20618",0.999928093624911,1.57609264666219e-24,7.19063750886521e-05,1.15364788707358e-20,1
"20620",0.362038270817711,4.44576735388542e-18,0.637961729182289,3.42707233993515e-28,3
"20622",0.00305784139767795,0.996941231273347,9.27310594983367e-07,1.83799216937972e-11,2
"20624",0.279293406683752,1.19310161699436e-33,0.720706593316248,1.14778253511041e-22,3
"20626",0.781836392236318,2.57357400931764e-13,0.21816360776342,4.5218302595316e-15,1
"20628",0.889739179635847,3.62097640018257e-22,0.110260820363794,3.59596774424334e-13,1
"20630",0.0544845166977959,2.11353961976909e-10,0.94551548309085,4.753738001701e-16,3
"20632",0.00133875761921747,0.998659621235105,1.58787380464064e-09,1.61955780381878e-06,2
"20634",0.00703155293224853,4.48030273613259e-26,0.992968447067751,2.3272222966567e-26,3
"20637",0.997749048130236,9.88553217044631e-24,0.00225095186976394,7.73869014124765e-35,1
"20639",0.00897276889150125,0.990953817689142,7.34027628910281e-05,1.06564662135588e-08,2
"20644",0.999999998073363,4.43173913355432e-66,1.92663734639522e-09,4.38031247603255e-84,1
"20646",0.999906384671648,2.16944088397405e-35,9.36153283517306e-05,8.07228159553795e-44,1
"20648",0.002921247204554,0.69626551767706,0.0168225063389253,0.28399072877946,2
"20650",0.892648627694229,2.62504437390956e-39,0.107351372305771,1.13687204747366e-32,1
"20653",0.821970429459656,6.60299175608273e-11,0.177671843791389,0.000357726682924984,1
"20658",0.0934271805907016,3.4814993583994e-34,0.906572819409298,1.22511139047053e-22,3
"20661",0.999994477689733,9.67426466489896e-46,5.52231026677524e-06,4.32320682702379e-24,1
"20663",0.00801030231735383,5.00224059084055e-15,0.990594328971024,0.00139536871161718,3
"20665",0.000961145951249693,0.999038854020028,2.85446282055628e-11,1.7793616794551e-13,2
"20667",0.326470231815759,4.042586254422e-14,0.673529764590433,3.59376785028654e-09,3
"20669",0.948329171185572,3.08787893004954e-17,9.52260678668203e-07,0.0516698765537493,1
"20671",0.669573349287795,8.95205884961929e-16,0.330426650712204,9.40547415535126e-19,1
"20673",0.980511237504941,1.81608350027368e-12,7.54995793663428e-09,0.0194887549432854,1
"20675",0.410751853907309,1.4346749714358e-17,0.171355500733561,0.41789264535913,4
"20677",0.02955164200567,1.76081872284644e-17,0.969779091662101,0.000669266332228779,3
"20679",0.8123046904384,8.64522853605322e-07,4.94111675563657e-07,0.187693950927071,1
"20681",0.00387590371525951,1.21696030116747e-16,0.000741623108587428,0.995382473176153,4
"20683",0.0664858936284765,1.92301815483934e-16,0.933510927567631,3.17880389213161e-06,3
"20685",0.999999985347167,8.59150136685527e-31,1.46528330067143e-08,1.05976808584961e-17,1
"20687",0.000750623387752324,0.0265602037597648,6.37382028119018e-05,0.972625434649671,4
"20689",0.99999999931968,1.49178063490975e-71,6.80319731506635e-10,3.28004885503657e-64,1
"20691",0.000866479618012644,0.999128260762508,2.43263793997897e-09,5.25718684111242e-06,2
"20693",0.0718848237419748,5.56065679673854e-37,0.928115176258025,7.98988819008345e-30,3
"20695",0.026336515684349,0.175033017198169,0.121492460855805,0.677138006261676,4
"20697",0.0191456334668217,2.41700216702335e-13,0.980854366532937,1.18508295127869e-22,3
"20699",0.0119329694171182,4.53298466177306e-14,0.987427074327878,0.000639956254958042,3
"20701",0.0140185742450118,1.69349083700855e-26,0.985981425288171,4.66817757566149e-10,3
"20703",0.999999999971774,2.97907337674555e-26,2.82262187384015e-11,5.76903399985264e-17,1
"20705",0.0382801157780389,2.3312098631865e-25,0.961719884221961,1.06580179885114e-18,3
"20707",0.00517494387307369,3.77530470505843e-08,0.101870869840873,0.892954148533007,4
"20709",0.779013368582206,0.0025902028782055,0.218395380327286,1.04821230235023e-06,1
"20713",0.998171616017888,5.35186710160321e-12,0.00156970583671478,0.000258678140045487,1
"20715",0.999998844651077,4.26743666980745e-26,1.15534892269228e-06,2.50906970993503e-71,1
"20717",0.0105029726482117,0.000669197357094823,0.0133533644439433,0.97547446555075,4
"20720",0.0100001908157605,9.31058094229498e-16,0.989999809184237,1.69118698899521e-15,3
"20722",0.013760436519801,3.14645201019232e-14,0.986239562899897,5.80270086021595e-10,3
"20724",0.000206079672461277,0.000686830374071876,0.00107179025437864,0.998035299699088,4
"20726",0.0522081896061876,1.96014439284649e-35,0.947791810393812,1.17213647864312e-29,3
"20728",0.000771625218161251,3.31074292427038e-12,0.000311133180455689,0.998917241598072,4
"20730",0.00156018337072273,0.00624450938934672,0.0236785804365598,0.968516726803371,4
"20732",0.882120448489386,9.78306481412612e-31,0.117879551510614,6.14684958661256e-24,1
"20734",0.00722519575892988,8.09173373999229e-12,0.992331710041654,0.000443094191324816,3
"20736",0.000743421418055827,0.999117936511773,4.74488705950934e-05,9.1193199576056e-05,2
"20738",0.999999629460376,3.34996079054548e-23,3.70539624072161e-07,6.95520612687701e-41,1
"20740",0.968223617300399,8.7816056237328e-49,0.0317763826995915,9.46469464590536e-15,1
"20742",0.100267382091786,4.11353810495773e-14,0.0282140713454572,0.871518546562715,4
"20744",0.00455885166091148,0.995291965621925,6.81721396468447e-08,0.00014911454502389,2
"20746",0.00519314946271723,5.71918634858426e-11,0.897231619895316,0.0975752305847748,3
"20748",0.000791713150006762,0.0274010181496345,0.000965057337571198,0.970842211362788,4
"20750",0.00435499855102215,0.587255604401297,0.0152486537311975,0.393140743316483,2
"20752",0.00748274757404677,4.43302191591551e-21,0.992517218693693,3.37322596390833e-08,3
"20754",0.998995793172305,6.66624070754337e-13,4.03297117946086e-08,0.00100416649731691,1
"20756",0.029568648887318,0.0734285051410802,0.889436716240973,0.00756612973062844,3
"20758",0.999992738427204,1.70739301751307e-10,7.26140205615739e-06,5.20873350139388e-16,1
"20760",0.000995112433266098,0.0151479249256337,0.000302894647847168,0.983554067993253,4
"20762",0.997281298353538,5.93308227960955e-16,1.17918995769147e-07,0.00271858372746558,1
"20764",0.0891141422204256,0.703191332771508,0.000125792284750244,0.207568732723317,2
"20766",0.00132985273137867,0.314277983951983,0.00139795099269945,0.682994212323939,4
"20768",0.000686871434415827,0.992983533533273,0.0032141768408941,0.003115418191417,2
"20770",0.891765647084023,1.95670830807958e-16,0.106571244011664,0.00166310890431291,1
"20772",0.00834295043946399,8.74492229720321e-23,0.991657049560536,8.0231807727471e-27,3
"20774",0.973715632357791,8.59058716629464e-56,0.0262843676422092,5.54648520331136e-59,1
"20776",0.0977670795761637,2.62042541178626e-22,0.893733278705533,0.00849964171830323,3
"20778",0.999929045650279,2.13480338000992e-49,7.09543497215455e-05,2.37888768456763e-74,1
"20780",0.999999999992504,2.49067134803887e-13,7.24418934658837e-12,2.99973332926524e-15,1
"20782",0.999751359191413,3.18026881388253e-12,2.17767442112885e-09,0.000248638627732715,1
"20784",0.999311516069432,1.06759771064676e-14,1.16703106654279e-06,0.000687316899490406,1
"20786",0.0291372170997772,0.970862782847636,6.76895881069191e-12,4.58178692060094e-11,2
"20788",0.00296171463602616,8.50796978276857e-09,0.122626359212314,0.87441191764369,4
"20790",0.0281172121042275,6.69916365199382e-05,0.000305811646615678,0.971509984612637,4
"20792",0.361154415648893,0.000153110607871004,0.638672256327346,2.02174158902527e-05,3
"20794",0.0109868257347504,0.000155535982804833,2.20295353830106e-05,0.988835608747062,4
"20796",0.00985058961741394,3.62036374815953e-30,0.990149410382586,2.41029980151298e-22,3
"20798",0.00029685736736852,0.999703142629565,1.60951485313831e-12,1.45693591738971e-12,2
"20801",0.999971245214273,2.69119066749224e-05,1.84287905220886e-06,8.28485510956527e-23,1
"20803",0.0370778788580361,7.42821057663658e-12,0.910392998710049,0.0525291224244868,3
"20805",0.00801858917305186,2.20014943427391e-16,0.99189384608267,8.75647442783496e-05,3
"20807",0.00029685736736852,0.999703142629565,1.60951485313831e-12,1.45693591738971e-12,2
"20809",0.90973778593305,3.71302673508163e-15,0.0789546348844507,0.0113075791824958,1
"20811",0.999761693231482,4.58197807737395e-07,0.000237848570710709,1.78805864356157e-19,1
"20813",0.625055082621398,7.20027198795797e-06,0.374937716805138,3.01475744392377e-10,1
"20815",0.61106504159823,0.388934958401755,1.38076026318922e-14,1.43492299985898e-15,1
"20817",0.000242490070294831,1.60275076621224e-05,0.00271730067493483,0.997024181747108,4
"20819",0.0241542302944688,3.10147506403556e-18,0.973075443905627,0.00277032579990424,3
"20821",0.99999999599368,9.91870956869834e-27,4.00631992615063e-09,1.07016036451568e-42,1
"20823",0.00795082950967163,2.1438373280634e-08,0.990164206668565,0.0018849423833901,3
"20825",0.000919169712612209,3.80028625270403e-07,0.00123743761312897,0.997843012645634,4
"20827",0.36990880970405,0.592899531688289,0.0371896533608518,2.00524680860231e-06,2
"20829",0.686587622302469,1.01459002037099e-26,0.313412377697531,1.60856600956791e-30,1
"20831",0.00381112692754856,2.25682287940186e-09,0.00703273153584442,0.989156139279784,4
"20833",0.99999875689181,3.01049721509062e-12,2.76833705700724e-12,1.2431024110004e-06,1
"20835",0.00227464059980405,0.00613141867030921,0.00436437942222216,0.987229561307665,4
"20837",0.00957628680635303,0.0107522950124283,0.044881940261186,0.934789477920033,4
"20839",0.000783910393411127,0.0021968381177074,0.00148452417276941,0.995534727316112,4
"20841",0.640412155624058,5.13933240838396e-29,0.359587844372577,3.3652761389088e-12,1
"20843",0.00624882520395464,2.05395228527575e-13,0.166021238621343,0.827729936174497,4
"20845",0.374549891722247,0.00113285144178373,0.263017273360365,0.361299983475604,1
"20847",0.00996755631505829,4.69053286286623e-12,0.990024119248047,8.32443220427252e-06,3
"20849",0.0183496487852381,4.35407384898534e-09,0.981649795300334,5.5156035410952e-07,3
"20851",0.0227103970688607,1.70633789148405e-15,0.977289554889144,4.80419934145039e-08,3
"20853",0.0801933650814178,1.09976100000743e-28,0.919806634918582,1.74793224154409e-22,3
"20855",0.118929038831574,2.47878691417202e-15,0.881070961168424,6.60456375748179e-24,3
"20857",0.0172528420830205,2.44066973965612e-10,0.982313910630513,0.000433247042399271,3
"20859",0.00365193151836346,1.69508986118458e-12,0.996348068354589,1.25352905517335e-10,3
"20861",0.999999569564848,1.51561173448639e-22,4.30435149825602e-07,1.78163924384293e-15,1
"20863",0.00166814960091636,0.997322659180682,0.000106909612053954,0.000902281606347748,2
"20865",0.0343137590738222,5.20921258435622e-11,0.00832046746215298,0.957365773411933,4
"20867",0.547442031331038,6.95160620781569e-46,0.452557968668962,4.22216456784992e-56,1
"20869",0.0055775612032489,0.991469043124781,0.00229123520886411,0.000662160463105451,2
"20871",0.971498234084282,7.20065612396774e-25,0.0285017659157185,6.29821481276857e-50,1
"20873",0.279951629665978,2.86611029588733e-17,0.720048370334022,2.22401209477536e-35,3
"20875",0.00600941055325552,4.54701470697829e-18,0.993990589446648,9.651451012713e-14,3
"20878",0.998989909745841,0.00101009025413946,1.49201189159356e-14,4.42776018860575e-15,1
"20880",0.999999999649607,3.36984300263054e-11,1.73031584715958e-12,3.14964190622698e-10,1
"20882",0.0649877635562204,3.58085201876934e-27,0.93501223644378,3.46286749007319e-28,3
"20884",0.00405206759343905,0.0344962412576656,0.0154293901465722,0.946022301002323,4
"20886",0.00200704188692018,0.99317039443801,0.00424546676458371,0.000577096910486532,2
"20888",0.31869257547141,2.44245539021908e-05,1.88401462878538e-08,0.681282981134541,4
"20890",0.000423846981605493,0.0517261824774921,0.00872501494226854,0.939124955598634,4
"20892",0.0242462420195132,8.81688110572881e-16,0.975752359419545,1.39856094079439e-06,3
"20897",0.0542473010875983,5.93610270327522e-08,0.945669889550055,8.27500013197709e-05,3
"20899",0.0246629394176922,1.43667483516139e-05,0.941887294491509,0.0334353993424471,3
"20901",0.999999999842271,5.03754104857513e-53,1.57729407596007e-10,7.49704260094453e-45,1
"20903",0.999973218993685,6.72521550335477e-28,2.67810063147631e-05,6.34047247637002e-65,1
"20905",0.999561987136933,5.59194992344359e-21,0.000438012863067244,4.82480540910192e-31,1
"20907",0.123700219412797,2.07415907858603e-32,0.876299780587203,4.87383884432599e-21,3
"20909",0.642163060433687,2.11322339748701e-08,0.357836714290363,2.04143715822088e-07,1
"20911",0.999999999982829,1.61277687422126e-69,1.7170983974173e-11,3.80609706671423e-68,1
"20913",0.0703641475848099,6.13417321568632e-06,0.812850857152109,0.116778861089866,3
"20962",0.00228799308411851,9.43041929761231e-12,0.997710852591981,1.15431446958525e-06,3
"20969",0.164141982552348,1.066704816024e-08,0.835858006780603,5.9038226529604e-18,3
"20980",0.00927424096257913,2.60308615183989e-10,0.990725711530097,4.72470152226289e-08,3
"20982",0.00469169942563113,2.00929146350752e-21,0.995308300501858,7.25112223796173e-11,3
"20984",0.42326749956898,1.6511402505992e-08,0.563520344446186,0.0132121394734311,3
"20994",0.0350992930214646,1.2643456275202e-13,0.964900706978409,4.5715199314337e-17,3
"21015",0.7353566531564,0.010469774689937,0.000385594935538716,0.253787977218125,1
"21023",0.135853470321864,1.79977735254722e-30,0.864146529678136,9.11580998913452e-25,3
"21040",0.854123952421256,6.05435052185104e-36,0.145876047578688,5.609435771712e-14,1
"21073",0.198267152131899,5.40727195401395e-13,0.801732813192903,3.46746574852507e-08,3
"21222",0.00206700074185399,0.0133958873540824,0.0174169831647389,0.967120128739325,4
"21224",0.0166204765136741,8.10048475070688e-08,0.963544323356741,0.0198351191247373,3
"21228",0.999727039251262,6.58101838025844e-12,0.000272960742157173,5.24787463142226e-24,1
"21232",0.021578390809531,5.88242429243175e-31,0.978421609190469,8.20930752709625e-22,3
"21237",0.943637622441102,1.44478179062171e-27,0.0563623775588976,9.28000432893517e-36,1
"21240",0.000384131834601047,4.77460331494627e-07,0.00148311624237351,0.998132274462694,4
"21245",0.000349178768404069,0.0164212133398719,0.000484579641228888,0.982745028250495,4
"21252",0.0705266507724042,4.9057279316115e-35,0.929473349227595,3.48776065327579e-16,3
"21254",0.357597512851825,1.76680776872716e-23,0.642402487148021,1.53330822279743e-13,3
"21258",0.110058944947359,5.75556687197741e-10,0.889941054458949,1.81358543391767e-11,3
"21264",0.0100653215245225,0.221943233571586,0.299900459648565,0.468090985255327,4
"21305",0.996674109240368,2.00787121633477e-12,0.00332588248276761,8.27485615595402e-09,1
"21333",0.0212875460615832,4.73935553510476e-27,0.978712453138337,8.00080080572574e-10,3
"21366",0.0662689922884565,1.81020509504023e-09,0.783327297392088,0.150403708509251,3
"21377",0.00131556151140305,0.99868374163937,6.14100556232761e-07,8.27486711409125e-08,2
"21380",0.999999997970854,1.8898987017992e-29,2.02914609549802e-09,2.04642684177244e-42,1
"21387",0.999999999999115,1.41850669304621e-75,8.85135038219865e-13,1.42294934542831e-65,1
"21390",0.110385567555994,3.63798957566221e-30,0.889614432444006,5.79633595396654e-17,3
"21392",0.0425032263210523,9.15849543458673e-11,0.957496362838962,4.10748401009491e-07,3
"21403",0.019454233765087,3.13018758163777e-07,0.980545453215135,1.0200472178875e-12,3
"21408",0.0409507682065062,1.45695127331771e-18,0.959049231793494,3.44427793700138e-23,3
"21412",0.99979693889855,1.82560056128432e-22,0.000203061101449637,3.70310814871202e-29,1
"21421",0.00933363571539277,2.85851458266084e-08,0.948283090368681,0.0423832453307807,3
"21424",0.996282929952479,1.81311689274214e-42,0.00371707004752045,3.8382449767238e-39,1
"21429",0.0107544338614303,8.09829970459125e-15,0.989245566138562,2.50292772336844e-17,3
"21431",0.0257651179117929,1.41569480900954e-09,0.97395459037409,0.000280290298422016,3
"21436",0.999959658424195,3.62041562813072e-18,3.17881262414655e-05,8.55344956344931e-06,1
"21439",0.00123213885530424,2.59729534531064e-07,0.998767588617244,1.27979170331063e-08,3
"21442",0.106807199364536,0.00145030273347936,0.891617305155719,0.000125192746265688,3
"21444",0.00243179214868327,1.03390025122501e-10,0.000600129603699013,0.996968078144228,4
"21446",0.999959112315205,4.08876847656171e-05,2.88706948769154e-14,4.10350947519181e-17,1
"21448",0.999999999999731,3.55447474599995e-40,2.69267056558042e-13,2.66414578046253e-27,1
"21450",0.381749371844531,3.26107438266566e-10,0.618250627829329,3.28473054251582e-14,3
"21452",0.0729805000802956,2.28479988336573e-24,0.927019499919692,1.20586706809148e-14,3
"21466",0.173574509269688,1.0960358819295e-41,0.826425490730312,1.20616817910046e-29,3
