"","V1","V2","V3","V4","V5","V6","V7","result$classification"
"19811",0.000379204510534142,0.0361005123050064,1.26112434499138e-07,7.73108076504541e-08,0.00148131736177591,0.961501691709737,0.000537070689704793,6
"19813",1.56944511780096e-06,0.999980996006154,7.70330349279295e-10,1.29647959299444e-08,7.56470668467233e-07,1.66216252185881e-05,4.27177152587997e-08,2
"19815",0.0106790349671077,1.84840759388781e-06,0.000590641284919057,1.18891632616834e-05,0.0273312946966518,0.96137678624079,8.50523967571562e-06,6
"19817",0.00242975747776259,5.84322896642322e-06,9.96541831685667e-06,2.73573239049111e-07,0.00368768096520519,0.993463608074653,0.00040287126185741,6
"19819",0.242011872616232,3.75917753108348e-10,0.170083968943502,0.587852707902973,4.28075588392684e-05,8.33146883383181e-06,3.11133701935074e-07,4
"19821",0.00719455789662334,0.0123405388922396,1.7699046922032e-07,7.55327766572526e-06,0.000603256052250336,0.962285915668134,0.0175680012226176,6
"19823",0.00338741615596992,3.15543274480126e-06,0.0981130847764542,3.45799200919204e-06,0.000747508517786121,0.897616650419306,0.000128726705730087,6
"19825",0.0124784767658395,0.00344035547400915,0.000120840281082078,0.0760756103544823,0.00434583860511589,0.000941870516396803,0.902597008003074,7
"19827",0.00300449220467123,4.41243337209135e-07,8.80651679565768e-05,2.3230342151464e-06,6.60534435483974e-05,0.650203894162751,0.346634730743521,6
"19829",0.91769011977835,2.37771588750136e-06,2.79415852918489e-05,0.0753988976698047,0.000289644655283544,0.000424126632800183,0.00616689196258212,1
"19831",0.751838591070554,7.45173440516414e-07,0.121216420614383,0.12683331805001,6.97572203430288e-05,4.08819273593724e-05,2.85943909857591e-07,1
"19833",9.69918054516071e-07,3.37547983904088e-06,0.998103372767835,6.11366812774823e-05,0.00181039752987485,5.81855526213518e-07,2.01657675933529e-05,3
"19835",0.00719455789662334,0.0123405388922396,1.7699046922032e-07,7.55327766572526e-06,0.000603256052250336,0.962285915668134,0.0175680012226176,6
"19837",0.0159020303084944,2.81013710460076e-06,7.43030370326795e-06,2.33369799954729e-06,9.84571997090255e-05,0.960572014321799,0.0234149240311904,6
"19839",0.80415138574731,0.00181692101842713,1.0738412612698e-05,0.158443114445347,0.00167906433372888,0.00155046446495368,0.0323483115776205,1
"19841",2.86374171976234e-06,3.0363694457226e-05,5.78397218488797e-09,2.13022839067997e-06,5.23199800683455e-08,7.86547058005095e-06,0.9999567187609,7
"19843",0.0770619882349352,0.0192712911340266,1.91287781522597e-05,0.899921019953251,0.00372194894557321,4.60171609613671e-06,2.12379656646974e-08,4
"19845",1.74227562945835e-05,0.92863984684386,6.172077736843e-08,1.51271892980397e-08,0.000155052180383261,0.0711780731627885,9.52820870642323e-06,2
"19847",0.0482471844023935,0.00884021862731151,7.97025242694191e-05,5.33435856107156e-05,0.0256090366522946,0.917158874538657,1.16396694633717e-05,6
"19849",1.97183669070159e-07,0.999951330066852,3.07883531370327e-10,1.06614349740302e-09,1.62429633893591e-07,4.8208695566225e-05,1.0025025220077e-07,2
"19851",0.000561972371339357,1.54140918834421e-05,1.23183598319834e-05,8.33522964721705e-08,0.00102296445974851,0.998368146215146,1.91011497541208e-05,6
"19853",8.22209987076356e-06,0.0105574490192235,6.34716098665889e-05,1.40907238743903e-09,9.92315548243894e-05,0.98908620056985,0.00018542373729242,6
"19855",0.000114382850391953,0.000630706216629228,2.56987043999858e-06,3.9961138789932e-09,0.000166923308977054,0.997214542911816,0.00187087084563196,6
"19857",0.154968848643783,0.0166323355133158,1.04258845186634e-06,4.49212903357913e-05,0.0110109330520125,0.798598045663187,0.0187438732489139,6
"19859",0.0210608396172566,1.38738669872436e-05,9.68686011081888e-05,3.86326476238826e-06,0.003248809097891,0.965337819504911,0.0102379260470837,6
"19861",0.000380525554951021,0.12007075934014,6.52846064785351e-07,7.36037054643126e-08,0.00054795001891062,0.878977362070991,2.26765652374909e-05,6
"19863",6.22088123977207e-08,0.99288230765079,3.05407495659271e-10,5.41099578801231e-09,3.81172855546999e-07,2.47842165358054e-05,0.00709245903460261,2
"19865",5.59547297317125e-06,8.87480064093844e-07,1.12940653706843e-08,4.93451385998565e-08,4.91219888979669e-06,0.00208490725384885,0.99790363695502,7
"19867",0.00471802656567553,0.00700241246615339,1.94622682361155e-05,6.19239407802426e-06,0.011658113646772,0.976594042081684,1.75057740135157e-06,6
"19869",1.41168188182812e-06,0.991835003898589,1.21897679611267e-09,7.02911653246771e-10,1.39438723966544e-06,0.00812678688027475,3.54012301264174e-05,2
"19871",0.065740653913939,2.02062284817973e-06,9.81750353434616e-05,1.02238176041061e-05,0.00118731418536854,0.89486718367328,0.0380944287516164,6
"19874",7.89208272778248e-05,4.65265471710414e-06,4.86559932389665e-06,1.2565896993636e-07,0.000534525431062861,0.260387670625128,0.73898923920352,7
"19876",3.76917601806808e-05,0.00021908932544831,1.0860764967576e-07,4.25193506569079e-09,2.03113388951158e-05,0.839403828473219,0.160318966242672,6
"19878",0.000326610902622947,4.33037825594962e-06,2.18847067478273e-05,0.00255090416911588,0.996808547216231,0.000285829609858889,1.89301716728441e-06,5
"19880",3.98198521722641e-07,9.32651189062282e-06,3.06207928385768e-09,7.80928363681809e-10,1.192971175871e-07,0.001695027044798,0.998295125104665,7
"19882",8.54747854040463e-05,0.21266188968928,1.3024268458865e-06,1.82948534168351e-07,0.0088052731529218,0.777691017359661,0.000754859637352671,6
"19885",0.0949876749181691,8.91556422047566e-06,5.96017653554789e-06,2.4318522970143e-05,0.00931623034537446,0.895209570648093,0.000447329824637508,6
"19907",0.00114117182880484,0.0647966237351019,3.16886976513698e-06,2.05224915753975e-06,0.0132999904754874,0.920746146722116,1.08461195666555e-05,6
"19909",0.99335878467826,3.42647305719522e-05,4.60560079625492e-06,0.0058925381142976,1.23099034033144e-05,0.000696545823430053,9.51149240856469e-07,1
"19911",0.970554686834525,6.79397406514546e-06,0.000219919371499462,0.0176859719467219,0.000201957392889802,0.00328753675789525,0.00804313372240312,1
"19913",1.99588135203884e-07,2.48224950621727e-07,1.24892755996743e-08,1.81081592472431e-08,2.8419556388396e-08,1.19308143301514e-05,0.999987562355593,7
"19915",0.000142165511984586,1.78555784148838e-06,3.77922448000953e-06,6.01127329300373e-08,0.000171332064131364,0.707091002247304,0.292589875281526,6
"19917",0.000132784056310161,2.00126519993514e-06,4.70457254664939e-07,5.55566543624941e-07,3.61390282600353e-05,0.0105714758961759,0.989256573730256,7
"19919",0.00272497082978009,1.34237011462534e-06,2.57766642407059e-05,1.50663675924854e-06,0.00495454322508555,0.877009327168611,0.115282533105408,6
"19921",0.00258668592600765,0.000214551964227984,6.44136966201704e-06,6.52184452649978e-07,0.00579818301152108,0.991387822414357,5.66312977189903e-06,6
"19923",0.00123157450726086,1.85365194384864e-05,0.000703619250411841,0.000222048985529326,0.98718092941011,0.0106431982332829,9.3093967064343e-08,5
"19925",5.33076128306323e-05,7.31934326648723e-07,9.52050253276642e-07,1.15506386976641e-07,0.000127932556068028,0.0698866821563083,0.929930278183826,7
"19927",0.0010592046136036,1.8979944703217e-05,5.57470339196678e-06,5.65221418037778e-08,0.000277125848277665,0.998544027022881,9.50313450003765e-05,6
"19929",3.26146830121827e-07,0.406297946944064,6.27583977325675e-10,9.50521822160598e-09,1.19620124277721e-07,0.000179231612414778,0.593522365543765,7
"19931",0.0071067425000457,7.81338326384106e-07,5.71087807192505e-05,2.54655546063603e-06,0.00103438264747989,0.991280192741267,0.00051824543670093,6
"19933",0.941549280344448,1.56876558700192e-07,0.000252019413105393,0.0047683179692081,0.000163586893753546,0.0530350907882535,0.000231547714672976,1
"19935",0.275177862161526,0.000684983822996188,3.76553300228976e-06,0.00163643795628168,0.0196163668339603,0.70175535568579,0.00112522800644446,6
"19937",0.00280129117147493,2.28835849026714e-06,0.000201829772598755,9.03087842801754e-07,0.00355370136244098,0.993431134110297,8.8521368556914e-06,6
"19939",0.00189941216713586,4.9702876279453e-06,4.01633904276351e-05,6.51266172949164e-06,0.269631280147784,0.727511446865403,0.000906214479892362,6
"19941",0.90924324716938,0.000158703788845785,1.82683291556119e-05,0.0525336112238638,1.31932495070569e-05,0.00186533819296994,0.0361676380462781,1
"19943",1.76575382068746e-06,7.66606611692189e-08,1.47404203949883e-07,1.51038508172072e-08,1.16055173525074e-06,0.000694298302406977,0.999302536223321,7
"19945",0.966865731274196,9.26777589894955e-08,0.000728804684062291,0.015275097416934,0.0034448736634859,0.0136740876006337,1.13126829291451e-05,1
"19947",0.227413765222608,0.017602904637461,5.3339628709009e-05,0.00360800815200327,0.000353506725874617,0.0058478228828884,0.745120652750455,7
"19949",0.0132646799886393,5.46212095625211e-07,0.00181968986628172,0.00332055981688803,0.956196798764544,0.0253970742411707,6.51110380379796e-07,5
"19951",0.00177103566727257,8.99230797849139e-06,1.17393711702174e-05,4.22911224475267e-05,0.0513272727049054,0.241964470838711,0.704874197987515,7
"19953",0.0503298728345706,2.98463200407056e-08,0.918130669234334,0.0300413574090481,0.00128226327730309,0.000215789182408849,1.82160157795109e-08,3
"19955",0.525177335247368,1.57924423535697e-05,0.026586642910943,0.157111795688126,0.290593785002947,0.000513036212106493,1.61249615549849e-06,1
"19957",0.009780440627912,1.9623847177816e-05,0.00131498800801238,7.29540262844767e-06,0.000235319826850195,0.0748381654165537,0.913804166870865,7
"19960",0.815944397477293,3.78973735106102e-05,3.07191414934392e-05,0.176840905981441,0.00646765330080087,0.000420713786539546,0.000257712938921814,1
"19963",7.66441701397608e-05,3.94333167663931e-05,0.0477133353757631,9.14074452900785e-05,2.95495751527851e-06,0.000237369368773437,0.951838855365752,7
"19965",0.200199535132346,6.61762609458139e-05,0.000118850326406849,0.648366616234065,0.151219369537136,2.94381592896493e-05,1.43498109333454e-08,4
"19968",0.00216039172547291,0.185396856932209,2.38609582219704e-09,5.14526626449187e-05,4.15521700332435e-05,0.0109574469492487,0.801392297174295,7
"19971",5.48044641090188e-05,2.50889372480044e-07,0.000753094405304545,0.000483251146101886,2.0062054137702e-05,5.22619264907469e-06,0.998683310848325,7
"19973",0.00159063489480006,2.67301577048874e-05,3.64303655938523e-07,2.22047639996264e-07,0.000576551015468511,0.995319886302722,0.00248561127800931,6
"19975",0.000138655824075722,2.11378268274963e-05,1.6795891976959e-08,2.96078775109371e-07,4.51501235029796e-05,0.0254993744179486,0.974295368932978,7
"19977",1.40391069250075e-05,8.66132617501972e-05,1.8983818189444e-05,1.22288400756046e-05,0.000644028150143964,0.00039583925281991,0.998828267570096,7
"19979",0.105889804199419,2.27187381529243e-10,8.07735616520944e-05,0.894021369724524,7.42208572118298e-06,1.69799573711037e-07,4.60401922655152e-07,4
"19981",0.399492141735889,0.000730881896258596,1.2985214130155e-05,2.94832189060495e-05,0.000960348074019908,0.59849543181387,0.000278728046926496,6
"19983",0.222805740412795,0.000598134737043927,7.45797254778169e-05,0.000172892125544987,0.352533789516397,0.423793517776132,2.13457066098703e-05,6
"19985",3.30212320712706e-05,3.12924666133903e-05,1.90948509370829e-07,1.29106417591643e-08,0.000123291864122986,0.257412757922876,0.742399432655165,7
"19987",0.351775130904303,3.58962368777802e-06,6.378148122374e-05,0.000301937076187419,0.000322428964802839,0.617248504787494,0.0302846271623011,6
"19989",0.167868104519803,7.60148855141997e-10,0.00215201510578921,0.829823079028582,0.000153033842041779,3.7648333372624e-06,1.91029769873261e-09,4
"19993",0.105806349376363,5.71560980620413e-07,0.000218306001739724,0.0174576574935934,0.713824400801932,0.150105604043227,0.0125871107221648,5
"19995",0.802716568610027,5.20679291384144e-06,0.00013760742867302,0.0579145691091679,0.0408368567473977,0.0939487409645897,0.00444045034723084,1
"19997",0.000383330310414375,2.56568457514061e-05,1.68677980222889e-06,6.86769703743873e-08,0.000317785750970267,0.995212302665965,0.00405916897012631,6
"19999",9.76462893063567e-05,0.000611179637276553,8.27156912857244e-08,4.58467778919444e-09,4.30910711226672e-05,0.977723034557585,0.0215249611443405,6
"20002",5.97922008113051e-05,0.519538669127106,5.87681626030706e-07,5.50841433002672e-05,4.54944655611131e-07,0.000354687497316605,0.479990724405185,2
"20004",0.974523353076717,8.50872356292938e-05,9.45274624811544e-06,0.00730098449184871,1.30896326028171e-05,0.016785349145284,0.00128268367167006,1
"20006",0.446124982238303,0.0019462236511126,0.00101616304381443,0.0959127199594889,0.452192023658951,0.00221347680347428,0.000594410644855713,5
"20008",0.0134817902047995,4.86658145128235e-05,0.00127640781960254,0.178935079459834,0.804616155676245,0.00158460741308741,5.72936119194184e-05,5
"20010",0.422458019705211,1.16267846670421e-08,0.0215611968039809,0.101151023407769,0.450126021216486,0.00470173883279644,1.98840697210138e-06,5
"20012",0.000105497937533086,0.00851521723327706,9.45624158780347e-08,8.52280775126706e-07,0.00262642786886233,0.214124362232265,0.774627547884872,7
"20015",0.0695919818669479,4.53672517265598e-07,6.50571910243429e-07,0.928264487508958,0.00214090181901565,1.50871531000817e-06,1.58453409658053e-08,4
"20017",0.000503113706197912,0.00178780556572274,1.50751264373854e-07,1.87194853285352e-08,7.15045182003233e-05,0.987199217309925,0.0104381894292046,6
"20019",0.00513554515917187,2.08312829769422e-11,0.000153935307760056,0.994603316440189,0.000107197723747554,4.69078224150244e-09,6.57518511102524e-10,4
"20022",0.947563885503681,8.84640454696376e-09,0.000608673129054996,0.0463058288225122,0.00499180904985727,0.000529282895742009,5.11752747983113e-07,1
"20024",0.0259961931785421,6.52360404617676e-08,0.300030574857112,0.673668718625627,0.000303452205866914,9.75537525481774e-07,2.03592863845825e-08,4
"20026",0.0259961931785421,6.52360404617676e-08,0.300030574857112,0.673668718625627,0.000303452205866914,9.75537525481774e-07,2.03592863845825e-08,4
"20028",8.06675948850778e-05,7.33698463658316e-05,5.04210750230794e-07,1.01877909071784e-08,1.47572265479281e-05,0.942962707055539,0.0568679838781208,6
"20030",0.558053852506453,5.04115679459369e-06,2.83241692450697e-06,0.441806921245726,9.75895269286019e-06,2.64319686920183e-05,9.51617527170319e-05,1
"20033",0.0150170500435836,2.53813306052527e-05,3.53528695758254e-06,4.13968094284281e-06,0.000234669332775209,0.810403941744411,0.174311282580725,6
"20035",0.00838124732872254,7.07519990753022e-11,0.000326831797963963,0.991045191595755,0.00024670633466652,2.19317210489709e-08,9.40419273281051e-10,4
"20037",0.0168920957392469,4.19122167635575e-09,4.26300673909481e-05,0.982396377099831,0.00066885378879951,3.9078829461882e-08,3.46804432626308e-11,4
"20039",5.6600450940448e-06,5.96150582709718e-11,0.999315801987216,0.000631081218779797,4.74381847096229e-05,1.84831575702798e-08,2.14276015744379e-11,3
"20041",0.0148096620408743,3.78605080156925e-06,0.00109612153887866,0.000365685821402483,0.978488937962521,0.0052093035169846,2.65030685372564e-05,5
"20044",0.0946396638973564,1.88467264861993e-05,0.0083180253418114,0.00323897221215613,0.86450137841623,0.027646886208759,0.00163622719720057,5
"20047",0.00566944245391979,1.32182301971445e-11,0.000455319815793146,0.993871171379496,4.05517696637629e-06,1.70133135565526e-09,9.45927466544315e-09,4
"20050",0.0112838351435606,5.92326008734696e-10,0.397510734304853,0.0384607851018053,0.550715072551154,0.00201523583919973,1.4336467101375e-05,5
"20052",0.103933481544152,3.88797810893921e-07,0.00128638189258418,0.000220304458867167,0.0243508060479194,0.840321592400082,0.0298870448585842,6
"20054",0.913785134515447,1.10120730384935e-05,4.08731883779007e-07,0.0859724831330286,0.000184119950076162,4.4403128163878e-05,2.43846836234949e-06,1
"20056",7.45746402956127e-05,2.46821827102538e-07,1.03418462091447e-06,9.13091985695048e-06,1.85925223703529e-06,0.00133227186621882,0.998580882314944,7
"20058",0.199719925477694,1.15848867565608e-08,0.000590648911335098,0.799313320153746,0.000373284806174597,2.8086047535836e-06,4.61410414543714e-10,4
"20060",0.00392818897523154,1.0365282721769e-05,1.32921772108779e-05,4.4870422516823e-06,0.00151211418857825,0.994385567587399,0.000145984746606602,6
"20062",0.0255951244221847,2.23943741464096e-05,1.98947004413529e-05,0.000104751496287595,0.260828390658918,0.713340356443716,8.90879043064338e-05,6
"20064",0.984221026963381,3.79761628716108e-08,1.91189104148181e-05,0.0127496890728532,0.000169620149695659,0.00278859934693117,5.1907580561482e-05,1
"20066",0.155242456808253,4.60624491410628e-07,4.85464997585107e-06,0.844741372262361,3.71627845872812e-06,9.8305935876873e-07,6.1563171003817e-06,4
"20068",0.000732830676665414,0.000968453558201091,1.71687472820858e-06,1.84488991662698e-07,0.0101624555240602,0.98810195223438,3.24066429738103e-05,6
"20070",0.000826395918387235,4.72496317945472e-05,0.000359885493149804,5.90577444419922e-07,0.0158709682936199,0.982877223827524,1.76862580806071e-05,6
"20072",0.516556217658828,0.00688705472496915,1.58718526221726e-05,0.457567789696233,0.0188678462323627,0.00010520216118815,1.76737962785272e-08,1
"20074",4.84518876335811e-08,0.000247897717760986,1.24216529326376e-09,2.60633454634895e-09,1.05942719470269e-07,3.63274850654579e-05,0.999715616554067,7
"20076",0.0413904173598949,0.279360751497921,5.2071806099984e-08,0.000146323077448592,0.000317256805825642,0.0253682766585231,0.653416922528581,7
"20078",0.970915888229472,2.6762923825683e-07,0.000924928947834876,0.02184858164744,0.00166713024636346,0.00460501355537748,3.81897442742008e-05,1
"20080",0.0438550024037767,1.89649115853636e-11,0.00022046339542089,0.955762611778208,0.000161772043671863,1.43921205393587e-07,6.43875187521208e-09,4
"20082",0.000572327437309307,7.27183551717977e-12,0.997367754681432,0.00205034855873735,8.42667876966824e-06,1.12526733295419e-06,1.7369146912958e-08,3
"20084",0.916584934019459,1.06190085005533e-07,0.00656037691458411,0.0551209298940574,0.000318982985740199,0.00226691261736335,0.0191477573787112,1
"20087",0.851038134359433,2.61880940095569e-05,0.000361059315639027,0.0839383779280781,0.0594340849955203,0.00520186743721467,2.87870105550835e-07,1
"20090",0.0190021347076816,4.30227938899561e-11,0.00456509755404651,0.945323182090137,0.0311077745051562,1.772724485613e-06,3.83754709850557e-08,4
"20092",0.0292131940820487,0.00043998481603612,0.771095298113135,0.00054257160088512,0.184059992000744,0.0146489269352773,3.24518736565034e-08,3
"20096",0.0334434188548473,5.79530079708581e-06,0.623325206340048,0.000160820305098919,0.0659368137516558,0.271517363012002,0.00561058243555107,3
"20098",0.00268455907066919,2.89286325270393e-06,7.6941128469434e-06,1.09939464639177e-06,0.000393164151146488,0.844835883746863,0.152074706660575,6
"20101",0.300186425781259,1.35060793174247e-09,0.000746432899258834,0.698409065204628,0.000511841917584409,2.09570451691585e-05,0.00012527580149305,4
"20104",0.00136276887090066,0.421899667220616,0.113041701362369,1.03720244027496e-06,0.0019337298957601,0.460835807228467,0.000925288219446976,6
"20106",0.540442546494518,6.02314641925215e-09,3.56431192366122e-05,0.449373351726901,0.00987273467718188,0.000214746864572105,6.09710944440292e-05,1
"20108",0.00576089292129468,0.000101094688134472,9.73785849849929e-07,9.34231936388213e-07,2.51767749187678e-05,0.985219608224421,0.00889131937344476,6
"20110",0.00569178963123723,1.6282656165577e-07,0.221810751278392,0.000315609612459167,0.409339888450504,0.252709243013222,0.110132555187623,5
"20112",0.207325713992265,1.85740108829695e-08,0.00888649843996437,0.336158803260028,0.443333827636129,0.00427728925119372,1.78488464088119e-05,5
"20114",0.96244221540806,3.85462134652847e-07,0.000422575717862502,0.00767379053848128,1.77221967195238e-05,0.00777673404453943,0.0216665766322029,1
"20116",0.965553098633037,1.3665502077596e-05,1.4407103532712e-06,0.0249102297565372,4.83121483171285e-05,0.000715836615883412,0.00875741663379408,1
"20118",0.583419161355226,1.19681785786126e-06,0.000186633035556693,0.00027078280173059,0.000490620636081508,0.372288774176663,0.0433428311768847,1
"20120",0.638888387120288,1.06142675646858e-09,0.0267392082058453,0.320936751526754,0.0102108909936599,0.00235737241566691,0.000867388676359322,1
"20122",1.98206101065883e-05,7.45633025451487e-06,1.02794407873031e-08,3.62078731770105e-08,3.94781151855145e-07,0.000965677924324374,0.999006603866849,7
"20124",0.339485115274841,1.07689588026593e-07,0.00141254873204114,0.65779763227799,0.00130307033897026,1.52445571486121e-06,1.23085517973317e-09,4
"20126",0.00135426741223277,5.77715286734774e-08,0.995017206221883,0.00357803844567228,5.01118824813421e-05,2.39463777479282e-07,7.88024244304114e-08,3
"20128",0.000937025516014166,3.05039809726232e-10,0.155193885239566,0.843803175578926,6.59121900733624e-05,9.0972013520327e-10,2.6066056968992e-10,4
"20141",0.00173911436937994,6.53579921911506e-05,0.0435749865372161,2.44022673634144e-07,0.000138688200538577,0.902079469153774,0.0524021397242267,6
"20143",5.71990745117914e-08,3.82358550632561e-06,1.7940008938501e-09,2.29701317037333e-09,1.32784702728761e-08,1.83262801311036e-05,0.999977775565804,7
"20145",0.876661692581361,7.6138215548865e-10,0.00302102853033986,0.110232365241079,0.00821076527396668,0.00187071104835701,3.43656351459375e-06,1
"20147",0.95104745736807,5.96373015443452e-09,4.21481154319419e-05,0.0483431803486518,0.000401098582130791,0.000164335288697685,1.77433328808297e-06,1
"20149",1.84153754543887e-06,4.00106960937743e-06,2.29759203637226e-08,4.54006457274083e-09,5.63066434800201e-07,0.00102841448448468,0.998965152325941,7
"20151",0.00207690892295786,2.20070556636586e-06,2.85728343408584e-06,1.66592475493158e-06,0.000516035022779678,0.950228773695139,0.0471715584453684,6
"20153",0.0026410097211492,2.97608528386212e-08,0.0110384525600039,4.95838167462134e-05,0.00381185986003661,0.39399163649531,0.588467427785901,7
"20155",0.521789201398099,4.60018833699062e-08,8.56963594795694e-05,0.409293082722063,0.0688018743589696,2.97737686914161e-05,3.25390813404031e-07,1
"20157",0.0006856164517681,1.93487451228216e-06,9.51535624670087e-06,1.15264236984928e-06,5.93911537570155e-05,0.584232661963906,0.41500972755744,6
"20160",1.44041059676429e-07,5.3747207493479e-07,4.98253372401999e-09,4.67809067360183e-09,2.00935386510223e-08,2.92409643685891e-05,0.999970047768334,7
"20162",1.00590892633644e-06,4.79087348033103e-06,9.12037332999999e-09,1.36563291477224e-09,3.17376338521624e-07,0.00462432245343232,0.995369552901816,7
"20164",0.000135034762136097,1.83246797920003e-06,1.178664654726e-05,2.79094615826688e-06,0.000937594354801668,0.0526506629889565,0.946260297833421,7
"20166",0.129725794100913,0.000121662347251899,1.33958500407408e-06,0.869300298337917,7.38444025891228e-05,1.599320498633e-05,0.000761068021338939,4
"20168",0.000383217389575262,0.998059448488894,6.8462410459472e-08,0.000991140825950249,7.10658571367036e-06,5.14783709752313e-06,0.000553870410358706,2
"20170",0.00388021820160622,1.18979946365807e-06,4.26329829699726e-05,5.96214691967682e-07,0.000194681746341269,0.752974015323075,0.242906665731852,6
"20172",0.952241054052715,1.04329680917732e-08,0.000511754040708299,0.0454261784649409,0.00154129797881492,0.000279695666778848,9.36307434923801e-09,1
"20174",9.43017322785724e-05,0.136200627137673,2.09586530027078e-08,1.18013961992389e-08,2.66899960389385e-05,0.719330016009339,0.144348332364621,6
"20176",5.98173859251833e-05,0.999894687098512,4.73790417881226e-09,1.13616677587115e-05,7.64891226000938e-06,2.40625211404904e-05,2.41767649927784e-06,2
"20178",1.12339208424968e-07,2.41824938009357e-07,9.81807226459376e-09,7.51713501470107e-09,2.48755935934712e-08,1.45311239890192e-05,0.999985072501064,7
"20181",0.480606364917881,9.2579239519013e-07,3.60620372624256e-06,0.514408083397489,1.87347140258509e-05,3.29463225373638e-05,0.00492933865194583,4
"20183",0.0571152323502983,3.42262353682109e-06,0.00142589257920174,2.01072998519861e-05,0.00655252394246604,0.934877271544565,5.54966007981214e-06,6
"20186",0.133877768888921,0.00485553854151159,0.00652545573461283,0.000511875395933754,0.126774665163236,0.727454563977715,1.32298070375382e-07,6
"20188",2.07599925122258e-07,3.74787043661898e-07,1.43060369186788e-08,4.28126873217999e-09,1.19154926352658e-07,0.000254598713530479,0.999744681157269,7
"20190",0.208239944419639,1.63449217804725e-08,6.36258126668198e-06,0.791530564383934,0.000217604250054948,5.31683825857951e-06,1.91181925015461e-07,4
"20193",0.000111201568402174,0.0182628174659258,2.00456575442038e-07,0.00107440139567689,0.000165657795203255,0.000106503226854207,0.980279218091362,7
"20195",0.00266191275078127,2.0437223447756e-06,1.23425697793152e-05,4.35314819648128e-05,0.00432071178638732,0.19438226626535,0.798577191423392,7
"20197",0.841058870884678,4.90519946918215e-08,0.000229588131919651,0.134546013374707,0.0238901712188498,0.00027527166319746,3.56746533924659e-08,1
"20199",3.022892977182e-05,8.34114402494397e-07,4.26493387954382e-06,2.55351372275844e-08,5.79420741285846e-05,0.0862372213217338,0.913669483090946,7
"20205",2.1127312327891e-05,4.15930304559045e-11,0.999344594752015,4.92150667244409e-05,0.000582477816153167,2.58381463409491e-06,1.19655232400056e-09,3
"20208",0.0128025508520402,2.51747812603139e-05,6.40452752094093e-06,1.16043544858925e-05,0.00282104663327028,0.974784131987664,0.00954908686375788,6
"20210",4.52200597281397e-06,2.01889368277975e-06,5.13625298297564e-08,5.27021487602428e-09,1.7474175647299e-06,0.0163925594790885,0.983599095570946,7
"20212",0.000403845764915468,3.77164188543501e-06,2.66742713939422e-06,1.85240269217167e-06,0.000298696668517769,0.156437165053983,0.842852001040867,7
"20216",0.936154808744269,1.03282585857311e-07,1.96219143666329e-05,0.0633796964497387,0.000118652462765779,0.00030335931857341,2.37578277001406e-05,1
"20219",0.20521497887393,1.94402535981674e-09,0.709618830023133,0.0691777069348976,0.0140952563143453,0.00185419480082961,3.90311088395161e-05,3
"20223",0.00768672510334585,0.000450014224630073,1.80443070054834e-05,0.990097124441622,0.00174795024644318,1.41579665649997e-07,9.72875562262307e-11,4
"20226",0.00253785663936161,9.03645774985844e-08,0.000194610273648398,0.000280799392393341,0.972298037235846,0.0245882407837412,0.000100365310431472,5
"20230",0.0976289744952767,8.74421971221704e-09,2.55416906725616e-05,0.90227627663159,6.79340133721754e-05,1.25061820348247e-06,1.38066652275207e-08,4
"20233",9.25669310379989e-07,1.6657204476468e-07,0.99917109382712,6.83192657815576e-08,8.37801441335337e-05,0.000738637813429096,5.32765469648939e-06,3
"20235",0.19812103934317,0.000147674734340693,0.021004099922139,0.641068887304159,0.139632652897779,2.56432886246788e-05,2.50978818646502e-09,4
"20239",0.618213901789982,0.0027607867898148,0.000313703022472148,0.146152985662168,0.230843993426027,0.00171386351215161,7.65797383686298e-07,1
"20254",0.000368505121911618,1.39975576815461e-12,0.993883041862709,0.00570013776468736,4.8134849854157e-05,1.78915898647711e-07,1.48353911778121e-09,3
"20256",0.815001750765436,2.17100627660921e-07,0.000139969464510701,0.184510529668576,0.000342432612214513,5.09851548689619e-06,1.87314852983336e-09,1
"20262",0.00106514278884871,1.47060259067545e-06,2.65774759342683e-06,3.7645576575351e-07,6.11769243186967e-05,0.429020967552512,0.569848207928371,7
"20270",0.486675738457443,0.00307098171693238,1.33400999872985e-05,0.492306143876457,0.000664970885814035,0.0124660486069768,0.00480277635638956,4
"20284",0.0155731084979418,1.96232376085689e-07,0.556658181361247,0.000434646608529243,0.0479401174815057,0.379383301646237,1.04481721628201e-05,3
"20287",0.00396786049754762,1.14478715464693e-08,5.53723871645833e-06,0.99550785056572,0.00051873288866704,7.28450589674589e-09,7.69710472474982e-11,4
"20290",0.000444581636553956,9.58375283767624e-11,0.995146565090639,0.00035452198868972,0.00325656768681371,0.000788545768137873,9.21773332775725e-06,3
"20293",0.995061470151551,8.61855993583144e-08,0.000328537081550314,0.00251260547982163,0.00011767620192009,0.00197884775911567,7.77140441492445e-07,1
"20296",0.045929226875064,0.0157022199615217,5.01009744680913e-08,8.84401850417884e-05,0.000464231606525497,0.241316095543879,0.696499735726994,7
"20301",0.000456737114460939,1.16721350857118e-09,5.61488334766696e-06,0.999467427986103,6.96760994189116e-05,2.96417483820005e-09,5.39785281232065e-07,4
"20304",0.00187124802905526,2.250789841288e-11,0.99736983781715,0.000752807568958896,3.77673720968802e-06,2.30498346122967e-06,2.4841657022723e-08,3
"20306",0.114905478790097,1.15311896799099e-08,0.000978092491434601,0.883875906396864,0.000238663004114463,1.84740244598875e-06,3.83854265152984e-10,4
"20309",0.74960194879356,6.2658496279362e-07,0.00227134793945223,0.0133738852194318,0.144798305460369,0.0898952184428388,5.86675593859163e-05,1
"20311",0.868462332570046,7.57359002535614e-07,0.000502102470254587,0.129044236801351,0.000664251696945591,0.00109217891918799,0.000234140183212739,1
"20314",0.0223542992788761,3.11563381237404e-07,4.95536072046771e-05,1.30212898185697e-05,0.000897702529987488,0.960665181429089,0.0160199303016425,6
"20318",4.81413301848114e-06,4.40086679539038e-06,2.71317318218736e-08,1.50711839890081e-06,5.23517503202346e-08,6.5957773278764e-05,0.999923240625026,7
"20320",0.00139271175347123,1.01794592184771e-05,0.00200665061852847,4.58800567464472e-05,0.547978525327019,0.447446507560904,0.00111954522411231,5
"20326",0.0316047815207564,7.76201869552298e-07,0.000129439260831226,1.91129211796049e-05,0.00039466130927962,0.929010295952507,0.0388409328335761,6
"20328",0.0042602736263834,4.93110799851034e-06,0.00225741933170514,1.57887737805263e-05,0.179490060892309,0.813965055556687,6.47071113639241e-06,6
"20330",0.0267913877699505,4.4229474635194e-07,0.00208731767938795,0.086450245858864,0.88460006030157,7.01829460525696e-05,3.63149428091e-07,5
"20336",0.0183907372000967,2.51662102499487e-09,0.974488125401221,0.000226528375103087,0.00120280611727921,0.00569164726648916,1.53123189783685e-07,3
"20338",0.0140496472424158,1.41767342831392e-09,0.981683460472604,0.00139400598426029,0.00256371788953599,0.000257883425592921,5.12835679177215e-05,3
"20340",0.101018026593052,2.27421558870068e-08,0.000142626576414889,0.898716787800213,0.000122269624986211,2.58301896223121e-07,8.36128115501733e-09,4
"20342",2.12286115392747e-05,3.19335873249959e-05,0.979192427180526,0.00133551348220937,0.0191454889547022,6.20434273917226e-05,0.000211364756306138,3
"20344",0.78452462634576,1.82994922607421e-07,0.000449342735875419,0.214250683629967,0.00031261344965982,0.000462380924715129,1.69919100120564e-07,1
"20349",0.470687822515609,1.10041705955109e-07,0.000101796799628787,0.529150902318117,5.41739555976496e-05,5.19277963891306e-06,1.58970320395095e-09,4
"20351",0.982563806804924,1.58071599723891e-07,0.00347576719386144,0.00754688695481838,0.0024671675330683,0.00385149161651272,9.47218252155745e-05,1
"20353",0.0386553022163315,5.60372866309014e-09,0.0131440699570981,0.181214729969824,0.766950263085345,3.56152874381225e-05,1.38802343733268e-08,5
"20357",6.62773805799261e-05,5.11940381554322e-11,0.997117475399673,0.000856018983184009,0.00195901043749361,1.21767131732601e-06,7.65573824683754e-11,3
"20360",0.000578726948965085,0.000250445795063234,0.251926902983179,0.00810687103323692,0.739107534175133,2.90810632866751e-05,4.38001135936656e-07,5
"20364",0.508426675280942,1.67684958728325e-08,0.00178862858319082,0.0944780177283639,0.383387543484291,0.0119132809981533,5.83715656265658e-06,1
"20366",0.00137588471138865,1.82602091818304e-09,0.996804227064293,2.01411358738558e-05,0.000288793191467178,0.0015084547293579,2.49734159870801e-06,3
"20381",5.16448850439767e-06,0.984187734660606,9.28135668291375e-08,1.11155265550042e-08,2.85775485902569e-06,0.00293057139993349,0.012873567767003,2
"20391",0.184692255871841,0.28543992700619,0.0162524559434581,0.0246423476391407,0.476564285423379,0.0124087132875755,1.48284164730674e-08,5
"20394",0.00145354902129237,0.00190254521804563,1.93835317396461e-06,5.84505928919782e-07,0.0156172699470485,0.980461429687325,0.00056268326718599,6
"20396",8.77737249301715e-06,0.70586352521318,1.01561862127002e-08,2.22109688738661e-09,4.31283445260682e-05,0.286651111511213,0.00743344518130452,2
"20409",0.808305354617917,2.3700088869741e-06,0.000474363980000722,0.018370900421877,0.000105162073983931,0.0761908352540591,0.0965510136432751,1
"20411",0.530105049559861,6.39366053269617e-09,0.125777754048935,0.307209245839728,0.0368547874030934,5.31556560403462e-05,1.09868215076916e-09,1
"20416",0.000801717642962888,7.74601074833122e-11,0.75094317995568,0.248080734848088,0.000174364094032075,3.37119896620395e-09,1.05780024137681e-11,3
"20418",8.53722916875207e-06,0.746349265814026,5.2995806461172e-09,1.96803415865148e-09,5.51171019804145e-06,0.212961009414757,0.0406756685642345,2
"20420",3.94616034045543e-05,2.02410785828205e-07,0.991623865189692,2.53837600583067e-07,0.000351851326067748,0.00793139540613781,5.29702263111529e-05,3
"20422",0.0684991919861586,1.79401449564007e-08,9.09398783826914e-05,0.894608573109189,0.0366923999194169,8.42171787998206e-05,2.46599879074592e-05,4
"20424",0.398941248659914,2.8540545560434e-09,0.0389789684152126,0.43109595176032,0.130947714733013,3.61095623457904e-05,4.0151396602256e-09,4
"20426",2.9663291199519e-07,1.28279149123748e-10,0.999908817949728,3.53411280761811e-06,2.48865867578594e-05,3.45757698893216e-06,5.90070125263056e-05,3
"20428",0.933686551765014,0.000870452206791971,3.31783998604008e-06,0.0106840930740696,0.0495617653868618,0.00519130179886144,2.51792841547116e-06,1
"20431",0.022795052406586,9.269320686529e-07,0.00419403786806932,0.0023091263189013,0.330254683529741,0.559624190640096,0.080821982304537,6
"20433",0.0148517527113496,4.94043207504537e-05,1.24802609085528e-06,0.984910682389319,0.000186824365956141,8.63636302406762e-08,1.82290421682497e-09,4
"20436",0.00260738972458034,0.996421424706226,3.4471529502915e-08,0.000934611192294449,2.39994834548439e-05,8.7520060354957e-06,3.78841587935136e-06,2
"20439",4.09953456801628e-05,0.220707694559652,1.67616077010053e-08,8.69078040188783e-09,2.75887688701287e-05,0.63615736739538,0.143066328478029,6
"20441",0.000232134588740783,1.33872367550761e-10,0.987956016487747,0.000173742655293402,0.0116248704536703,1.31704920499583e-05,6.51886267171501e-08,3
"20444",1.5301511948263e-07,1.15752614379268e-06,3.61870218218656e-09,1.57867934991495e-09,3.86501237528802e-08,0.000133694688959198,0.999864950922272,7
"20448",0.0571665357654805,0.000142617247851146,0.00146138428659183,0.000179700879314561,8.60840963967186e-05,0.802868974153005,0.13809470357136,6
"20536",0.00157622628740314,0.831899592713915,3.25787248172861e-07,7.36767436101589e-07,0.00339627830898098,0.163121763205416,5.07692960009852e-06,2
"20538",0.45940526018218,2.13950950309756e-06,0.529268800424748,0.00254456528915,0.000115811259287381,0.00866312006702635,3.03268105436627e-07,3
"20541",0.032928556396024,2.00150283412675e-11,0.0183486684020236,0.946465592205577,0.0022568395614654,3.42205930731196e-07,1.20896444737847e-09,4
"20544",0.846096989190682,7.10032794933936e-07,0.000319444706224965,0.00067220629088395,0.0010019056980166,0.150822998983408,0.00108574509798929,1
"20546",0.656337727663612,6.24149839608043e-09,0.0064037563164761,0.322025236592072,0.014963733746742,0.00026953422284799,5.21675120436703e-09,1
"20550",0.00215403667449991,4.79846709471124e-07,0.000147227450607897,0.000677948456601825,0.99547143234946,0.0015003812123423,4.84940097786936e-05,5
"20553",0.000152518836140903,3.54069464851594e-10,0.464073136412166,0.535768816857631,5.39654839943533e-06,6.40222528260996e-10,1.30351370578856e-07,4
"20555",2.52032763347106e-06,1.05164712459202e-07,0.998097975157323,3.39256222787087e-07,0.00145400401933324,0.000445036482977465,1.95917978319121e-08,3
"20557",0.0070079957970151,9.28728057167141e-09,0.0102435676950824,0.00102923302962366,0.971688356855286,0.00987845974023012,0.000152377595482443,5
"20559",0.740910082657404,2.4845334540102e-09,3.32076645438398e-05,0.258598171619554,0.000391905536426492,6.55497296551336e-05,1.08030788285505e-06,1
"20561",0.0186064228518858,3.33807387309088e-06,4.25963496293007e-05,3.59702270039008e-06,0.000530327205353898,0.705451895354428,0.27536182314213,6
"20564",1.12339208424968e-07,2.41824938009357e-07,9.81807226459376e-09,7.51713501470107e-09,2.48755935934712e-08,1.45311239890192e-05,0.999985072501064,7
"20566",0.785930425606839,3.28740789771415e-05,2.69385429444846e-06,0.0482208158518905,0.14103763035522,0.024729893924104,4.56663286742492e-05,1
"20569",0.000123888384827344,0.000231682491987018,1.11484428396319e-07,3.1900251201144e-08,3.18476610130598e-05,0.935439879518323,0.0641725585591704,6
"20572",5.24556468687922e-05,0.000483263701800648,1.54410472018814e-08,4.44803984098677e-08,1.94895677528659e-06,0.0989276463949379,0.900534625378172,7
"20574",0.366074082939878,4.06426749984867e-10,0.00142652820152408,0.629090797134734,0.00335931665719305,4.68088508851059e-05,2.46580935869233e-06,4
"20576",2.2523397041954e-06,1.89241490467333e-07,3.5395409384033e-08,2.42167944236692e-08,1.20972213553114e-07,0.000107994408697647,0.99988938342569,7
"20578",0.968073608147361,2.1180138841023e-07,0.000119847946147123,0.00447993154937802,0.00890543029176927,0.0173493778384919,0.0010715924254641,1
"20580",0.957993357136342,4.7804687243176e-06,1.53166409311403e-05,0.0113460067973125,0.000900287842992235,0.0297264481275087,1.38029861891283e-05,1
"20583",1.2561508361501e-06,1.8161427288951e-07,2.53762339612433e-08,2.13351918906117e-08,7.41188699023465e-08,5.28456293258001e-05,0.999945595775269,7
"20586",0.973153466053499,2.28752662819531e-07,0.000608585507656697,0.0128926046713828,0.000943232008243364,0.0124013876212403,4.95385315137864e-07,1
"20589",0.379378034648362,1.11653549044783e-07,8.55657329879571e-05,0.612977131416967,0.00755579010642003,3.36601346640776e-06,4.2824733514303e-10,4
"20591",0.00460646401980691,1.15731738187346e-05,0.0781321936985922,2.7258285752059e-05,0.811655029729776,0.105565701679492,1.77941276239061e-06,5
"20593",0.00408661046099855,9.19495680857969e-10,2.21630336872488e-06,0.995838324207955,7.28450879641911e-05,1.6706968089318e-09,1.34952068409376e-09,4
"20595",0.964796824173279,1.3046261686066e-08,9.12376349044842e-05,0.0345060961775983,0.0001471761057992,0.000444568939198321,1.40839229585328e-05,1
"20597",4.05868884413885e-07,0.999261719062969,5.28344893494777e-10,5.38599137163033e-10,4.52796642413699e-07,0.000735598356061859,1.82284849781559e-06,2
"20599",1.77564463209255e-07,4.38993906734145e-07,5.1786285821348e-09,8.70759088518727e-09,1.44900250095384e-08,2.47177593291361e-05,0.999974637306057,7
"20601",0.00337064737312386,2.98197247696848e-06,3.54731156493311e-05,1.08152741972721e-06,0.0193010675531868,0.977148808111337,0.000139940346806193,6
"20604",0.114959895381724,9.67053829713843e-10,1.70764961421118e-05,0.884974588750055,4.6987161674372e-05,9.98970937966588e-07,4.52272413113534e-07,4
"20606",0.0793088052074344,1.43659159698804e-09,1.72360355829455e-05,0.920108048109459,0.000565233777544466,6.68033651479044e-07,7.39973600404582e-09,4
"20608",0.502978563597022,1.66270734939107e-06,4.40207333188924e-06,0.450582811036407,0.0463207756853333,0.000111600541455554,1.84359100080862e-07,1
"20610",1.00852069803612e-05,3.25874192041457e-07,1.9968905890282e-07,1.99391753941828e-07,7.03658684304515e-06,0.000786019252084322,0.999196133999087,7
"20612",0.0727579250851028,0.703285760262137,0.110709767115553,0.111807561546848,0.000182194258475208,0.000468107249972044,0.000788684481911998,2
"20614",2.7467183391276e-06,3.34397762548134e-07,1.72278975587856e-07,1.18323286355274e-08,9.31944799614713e-06,0.00793946810799959,0.992047947216598,7
"20616",0.0381046547367061,3.08707130312338e-05,0.00010020433428833,5.4974053452893e-05,0.000966775860516365,0.960440596134622,0.000301924167383156,6
"20618",8.97033081492599e-05,4.46563834271063e-10,0.998749646514096,1.33325283768779e-05,0.00091374759446995,0.000228116565291443,5.45304305272312e-06,3
