"","V1","V2","V3","V4","V5","V6","best$classification"
"19811",0.905505547774042,0.0914155755233155,1.76002870610891e-26,0.00292822789692425,0.000150648805718611,1.31699922515147e-24,1
"19813",3.49527949938948e-12,0.844413753977525,7.88330660689414e-22,0.155586246018979,1.69009237019345e-27,5.8878724212393e-45,2
"19815",0.957918411335228,0.0294660871522154,1.2228682510945e-15,1.29655204406161e-08,0.012615488547035,7.50129121510746e-28,1
"19817",0.599248921425283,0.00770025943430851,6.32214227922034e-21,0.000699378098711496,0.392351441041697,3.5643350751727e-17,1
"19819",3.10269909929818e-05,0.581247226009175,0.418721746999832,4.62571656174658e-55,5.28846977403474e-61,1.91164180575213e-31,2
"19821",0.853033386340463,0.146966613405636,2.54340525220198e-17,2.47594149336007e-10,6.30658922368309e-12,3.14985889829377e-18,1
"19823",0.000689914577104578,0.999310085308,4.65320995107807e-17,1.1141194190776e-10,3.48321693138134e-12,2.58106528744124e-24,2
"19825",2.12619966239114e-11,0.99999999717073,2.80800770028835e-09,3.05721423514691e-63,2.72067227340325e-74,6.50742356811576e-22,2
"19827",0.51067176261293,0.0512282174940218,4.34367387245543e-16,3.42946527328438e-05,0.437553582454946,0.000512142785368559,1
"19829",0.427963129077403,0.545809343359028,0.026227527563435,1.27920596034012e-33,3.72556380789991e-38,1.33526894225841e-13,2
"19831",1.46415092363802e-06,0.971062603109893,0.0289359327391833,8.86767127113223e-54,3.8987337062576e-64,2.26442753476505e-41,2
"19833",8.24522795870245e-38,1,6.08525887051934e-22,5.66512668227678e-54,5.13625664733854e-107,4.18358439214047e-29,2
"19835",0.853033386340463,0.146966613405636,2.54340525220198e-17,2.47594149336007e-10,6.30658922368309e-12,3.14985889829377e-18,1
"19837",0.888536241266924,0.00941027451009257,8.03165738436561e-16,2.17333791213231e-05,0.102031745965396,4.87846538590516e-09,1
"19839",0.00396854668249973,0.995859785906127,0.000171667411373232,1.6821684976225e-43,4.66929740197272e-50,1.74404885604301e-19,2
"19841",3.06769617838585e-13,0.778139480875838,1.67277217430365e-13,2.20318439443038e-08,2.7970463382769e-31,0.221860497091845,2
"19843",3.95882714206682e-09,0.995235819882018,0.00476417615915467,5.22427021613841e-40,3.33660156840763e-58,2.81998549990553e-56,2
"19845",6.73606380509919e-07,0.00231339979697354,6.31917528008104e-31,0.997685926519511,7.71352303150137e-11,8.83263872959257e-40,4
"19847",0.868548331153472,0.131451668846525,9.09848075609219e-16,3.20533493386523e-19,2.46803172307466e-15,9.63905194107107e-41,1
"19849",6.47974404742175e-16,0.000533982048566065,4.75252382482557e-30,0.999466017951433,8.27056922130853e-27,6.4540457708132e-45,4
"19851",0.00044407111895523,1.11708824259125e-05,8.92455808457776e-26,0.000268241371837938,0.999276516626781,1.0129512459682e-28,5
"19853",6.22074964180451e-09,0.00575831983457987,1.04589009596893e-36,0.994241673943853,8.17263125874808e-13,3.71970986159376e-30,4
"19855",0.334112012007797,0.141686637197231,3.00079252245407e-28,0.522731674197553,0.00146967659741868,3.02729945362075e-17,4
"19857",0.963057289285314,0.0369427094028751,5.22806996772714e-16,1.31122580197588e-09,5.84952146306985e-13,4.33839467845669e-17,1
"19859",0.969743261258727,0.0302567384652155,2.79555806315262e-17,4.89475210203745e-12,2.7107707543858e-10,8.59196016756593e-14,1
"19861",0.00305106077002123,0.00250703280448034,4.57913841664556e-28,0.984849247398408,0.00959265902709048,1.90813259769057e-36,4
"19863",1.16791931424332e-19,0.999511255417402,1.66315144108289e-29,0.00048874458253047,1.41474163415307e-43,6.72399270853571e-14,2
"19865",2.38458451460043e-05,9.86925793208208e-05,2.20462230190763e-21,1.79820012174128e-05,1.31727618849184e-05,0.999846306812431,6
"19867",0.839695589605403,0.0824645601532576,1.14564333965788e-18,8.57986315167118e-06,0.077831270378188,9.2447095254915e-43,1
"19869",2.06857386834218e-11,2.93302327413464e-05,1.55438152001477e-35,0.999970669746573,3.25630155560202e-17,2.74526515770552e-33,4
"19871",0.988766751495957,0.0112292484561646,1.41143524046856e-14,2.25257965480735e-08,3.97198804736118e-06,5.53402033160512e-09,1
"19874",0.608603008015705,0.199327150093086,8.40511120075104e-23,2.58386385301546e-05,0.0266814267983894,0.165362576454289,1
"19876",0.000753442520884217,0.000114752497187238,3.79365604086572e-31,0.907242783361778,0.091888994807728,2.68124223378159e-08,4
"19878",0.212020455423241,0.787978710987619,8.33589140259805e-07,2.05306279746272e-49,1.65802884183242e-32,4.71418960931025e-32,2
"19880",3.82412860736144e-08,0.000188818049664836,7.37914982640457e-28,0.668527281433295,6.46807112865828e-09,0.331283855807683,4
"19882",0.0100980872076624,0.989898172385706,3.14275805563913e-27,3.74039432189649e-06,1.23101496948948e-11,3.08831815722592e-28,2
"19885",0.981356664600248,0.0182185414213096,4.01811065399823e-14,1.88537144940379e-05,0.000405940263908152,6.18515846772051e-17,1
"19907",0.552241739694142,0.447106280753346,1.17360003011796e-20,0.000225234674852816,0.000426744877659108,5.78552155566377e-40,1
"19909",0.835731216338332,0.125942221717415,0.0383265619442525,1.11302160379125e-29,5.7799868653997e-30,3.76989393319293e-34,1
"19911",0.277311093760838,0.720066913624351,0.00262199261481117,5.71443120784006e-38,9.56573780795916e-42,9.90547920140812e-19,2
"19913",4.24296227916181e-14,2.81078950764015e-05,5.06040456960579e-22,6.28269430215225e-07,3.53149992356741e-21,0.999971263835451,6
"19915",0.000222499677288154,1.24354066865208e-05,3.54736098670272e-26,0.000512348280548009,0.999251368962812,1.3476726649526e-06,5
"19917",0.356752751807714,0.391367527004999,3.60074388509527e-16,1.3220304195535e-11,1.62420784966207e-10,0.251879721011646,2
"19919",0.956394295349192,0.0192088243461398,7.03881748621071e-19,1.34185894359583e-06,0.024385521314972,1.00171307523371e-05,1
"19921",0.00643580302053394,8.52810359725981e-05,9.18710939603286e-23,0.00050432326574298,0.992974592677751,1.4760641313089e-34,5
"19923",0.551688327495242,0.448311672484892,1.98660507081804e-11,4.53506163638529e-28,1.11594001997152e-16,1.58466539839894e-42,1
"19925",0.109124899349849,0.0172481507557859,1.06157248913962e-20,7.88190124511836e-05,0.262234668948043,0.611313461933871,6
"19927",0.0409140712830639,0.000548559295416099,1.34292047332634e-23,0.00369345477890687,0.954843914642613,1.10964032459993e-22,5
"19929",1.65207408003783e-19,0.00680024806003396,5.52390609565781e-31,0.993197953151855,3.77982493548657e-36,1.79878811156564e-06,4
"19931",0.449060519147457,0.00727805284690621,9.13010174718043e-18,8.13037979249818e-06,0.543653297625836,8.4278162023722e-15,5
"19933",0.987518864383752,0.0124459851576166,3.51504586313998e-05,1.34743356502042e-21,2.21139637365035e-17,1.07203255711067e-18,1
"19935",0.972354690993545,0.02764530897881,1.25710997402259e-11,1.82094475400783e-12,1.32529832375317e-11,3.19495673209431e-21,1
"19937",0.0114318554051322,0.000440201127709979,6.25500358855943e-20,3.81476477279827e-05,0.98808979581943,5.07350932281618e-29,5
"19939",0.983727333455862,0.0162430800651465,2.95938192533049e-18,2.553976409876e-13,2.95864787365335e-05,2.33559751092876e-17,1
"19941",0.00547612793987367,0.991094319825493,0.00342955223463153,1.98964353292552e-34,1.73287502551577e-40,1.44735288798444e-15,2
"19943",4.0668392999652e-08,1.52931516508646e-05,4.40696008989176e-23,4.46183682601256e-06,1.37178276741107e-08,0.999980190625302,6
"19945",0.97680444792639,0.0231435579259138,5.1994147696413e-05,2.57582303628436e-30,2.44877085051801e-26,1.91715929901834e-25,1
"19947",6.53505305339504e-07,0.999999346011766,3.24038026292561e-10,7.3419078557982e-24,2.69220516297359e-40,1.58890581392157e-10,2
"19949",0.930544917014136,0.0694550653090091,1.76768546707929e-08,3.80946505740877e-31,5.56461826961965e-18,1.02329690384124e-34,1
"19951",0.932780934662524,0.0671950478921989,8.14594469100471e-16,4.83696227634357e-18,1.17932243891305e-09,2.40162659540204e-05,1
"19953",1.90273014081967e-06,0.997167600798595,0.00283049647126434,3.49274570048109e-38,3.79114584628557e-46,1.21420973623014e-44,2
"19955",0.017976038026086,0.981573600309153,0.000450361664761326,1.36143486715064e-53,1.05666515403915e-56,3.82289097511714e-41,2
"19957",0.00271872892890275,0.997281059719873,5.3857331018001e-15,2.35081372404747e-19,1.3014604102235e-24,2.11351218550807e-07,2
"19960",0.175768842589436,0.819119708515792,0.00511144889477202,3.92586766523047e-36,1.10607922500352e-43,7.67840184264019e-23,2
"19963",7.80481217471333e-27,0.999999999765771,1.19297783520568e-19,1.88845330802464e-29,2.27954388519948e-70,2.34228640744293e-10,2
"19965",0.0366605334709529,0.897126237289142,0.0662132292399048,2.64285185625118e-62,2.03276386964921e-59,1.52657332287488e-52,2
"19968",0.000135410288724702,0.999864563255233,2.58097179843729e-13,2.3988582454708e-08,8.60060557601817e-20,2.46720205309619e-09,2
"19971",9.71176955446272e-19,0.999938283006669,9.91197198698228e-12,1.20338849104291e-25,5.051830117231e-54,6.17169834187625e-05,2
"19973",0.0809121584610689,0.000757664378375668,2.89856031169515e-22,0.0137340141615965,0.904596162998924,3.47547551884782e-14,5
"19975",0.138231325188393,0.0338114953864498,1.19127533376178e-18,0.000738914681163622,0.000820931925171286,0.826397332818822,6
"19977",4.14052241865241e-11,0.999999604861426,1.14922979129163e-17,7.23923892765384e-27,1.63408682201268e-40,3.95097169285513e-07,2
"19979",0.00208290590746218,0.0428198472283707,0.955097246864167,1.62207096589243e-56,8.35348098084683e-63,1.12072970760968e-26,3
"19981",0.990207978839264,0.00979202115984531,8.88789253547299e-14,3.59365718943752e-14,7.65985002483908e-13,4.54703467757515e-25,1
"19983",0.988304710965353,0.0116952890267298,4.98182323248225e-14,1.91351164028267e-13,7.67623687023663e-12,2.28102785913642e-32,1
"19985",0.257555981581566,0.0384495881906628,3.31021329127566e-26,0.132971061717108,0.533723958661144,0.0372994098495191,5
"19987",0.980851159779072,0.0191488396870285,5.33493723347139e-10,3.29583843244863e-21,3.57292165685408e-15,4.02572747930377e-13,1
"19989",0.0161766172179999,0.0330927280408195,0.950730654741181,1.54264280411571e-51,2.52409293783705e-51,1.01863031242196e-41,3
"19993",0.974847171231107,0.0251526738492448,1.54919569718443e-07,1.07281886421068e-26,7.60468859115066e-17,7.86089844908214e-14,1
"19995",0.966944066782713,0.0330536603448728,2.2728724143682e-06,2.01068791495243e-27,8.78699700146525e-25,3.04488167222589e-17,1
"19997",0.794351154534913,0.0145264553601032,2.89726262226471e-24,0.000255765422748474,0.190866624680842,1.39310562883849e-12,1
"19999",0.00118616951537482,6.40845496478966e-05,3.53568184024265e-31,0.906248703850699,0.0925010420830676,1.21085935399175e-12,4
"20002",7.17986666919985e-22,0.999999999999575,1.19304319232796e-19,1.04740929193037e-19,4.60829630636186e-57,4.24714634549098e-13,2
"20004",0.726508301729197,0.273021333335088,0.000470364935714617,5.27021299982713e-31,3.21715562124446e-29,2.09213154978198e-21,1
"20006",0.00134409153655086,0.998655376360955,5.32102494466462e-07,1.02930599525821e-42,1.16741193438546e-50,3.80747233058221e-29,2
"20008",0.00752727894199924,0.992469781346157,2.93971184408123e-06,2.27063589691404e-52,6.38557561803542e-44,1.85519656311415e-30,2
"20010",0.914175252702022,0.0839158918737621,0.00190885542421648,3.76710282981752e-41,3.68366532439831e-33,6.86123847373976e-31,1
"20012",0.0323582479491252,0.967641745413614,1.0916414730186e-21,2.73775884437777e-10,1.33624717868166e-13,6.3633513092266e-09,2
"20015",0.033644204121206,0.028855272506837,0.937500523371957,3.39525801367499e-46,4.22882276471958e-48,4.27107217617342e-39,3
"20017",0.285726415104148,0.0118107426490025,5.92209266154626e-26,0.693879386183606,0.0085834560632107,3.31224029360331e-14,4
"20019",0.000383532264928747,0.158570051006283,0.841046416728788,2.24015026176384e-72,3.76519945801308e-76,3.36898278381061e-39,3
"20022",0.954407614288976,0.0280281629824261,0.0175642227285974,3.17548985273027e-39,1.23635738056198e-36,1.06182601972618e-30,1
"20024",1.69513964176314e-13,0.999857528318758,0.000142471681072594,1.99240175704065e-79,8.42130605436752e-95,2.091476739384e-49,2
"20026",1.69513964176314e-13,0.999857528318758,0.000142471681072594,1.99240175704065e-79,8.42130605436752e-95,2.091476739384e-49,2
"20028",0.0251925793766732,0.0030195425627393,1.04830302272543e-27,0.136628642200459,0.835159227145449,8.71467900559321e-09,5
"20030",0.00320505235154999,0.176313982717567,0.820480964930883,3.0307266460002e-46,1.13439464112814e-51,2.37603687784397e-24,3
"20033",0.979332871907718,0.0206671035067004,4.27067913363689e-16,5.53230244844847e-12,3.92346636916089e-09,2.06565829159371e-08,1
"20035",0.000242688515752849,0.176114669478363,0.823642642005885,2.17256728925958e-69,3.75695866040562e-73,8.42209802705172e-41,3
"20037",0.00145951200043101,0.0364879894726389,0.96205249852693,7.5010236066634e-61,4.59079863519339e-63,1.84560741441491e-51,3
"20039",1.63762610370246e-23,0.999999983676078,1.63239216120698e-08,4.38177933784919e-43,5.8696049014815e-75,2.31482957936032e-47,2
"20041",0.792492787651404,0.207507212186257,1.62338917607523e-10,8.46023921772308e-38,4.20469746941475e-33,6.15201789280707e-27,1
"20044",0.144464289013752,0.855535709281359,1.70488821264468e-09,6.97992564635036e-38,5.6657212718741e-38,1.1540587323866e-21,2
"20047",8.78083113442125e-07,0.855334869825972,0.144664252090915,7.90110115604913e-69,1.77226134252915e-82,1.04208460742228e-31,2
"20050",0.0849891101746233,0.912838345256331,0.00217254456904551,4.76565662984452e-40,5.92068991519388e-29,6.37802723949291e-23,2
"20052",0.966921438423584,0.0330785614816713,2.76843455811005e-12,7.73290458417937e-18,2.66954723158793e-12,8.93070589760378e-11,1
"20054",0.669805419507852,0.142053383761933,0.188141196730215,6.86784701732311e-33,1.72690221767699e-38,4.82987837577212e-28,1
"20056",0.000725447847626247,0.545456289566633,1.78619237007578e-11,5.93229272397693e-13,1.58179717083036e-14,0.45381826256727,2
"20058",0.0112276382529166,0.0274601153754792,0.961312246371604,2.15497191948167e-53,1.61762735366968e-53,2.88196856894136e-49,3
"20060",0.976849003767512,0.0231509711901185,7.27541155849256e-17,3.00393598720756e-15,2.50423662768662e-08,3.75300402975676e-24,1
"20062",0.978904429043281,0.0210955329138261,1.41662029845067e-14,5.60317610162918e-15,3.80428735720739e-08,5.97456633885862e-24,1
"20064",0.983414531194522,0.0143659630411946,0.00221950576428337,6.21586558151955e-27,4.09804206287085e-25,1.82083871383362e-18,1
"20066",8.25706168124155e-06,0.118295363040019,0.8816963798983,3.99645485957176e-51,2.28001520546212e-63,1.13786179934416e-28,3
"20068",0.865115801539852,0.015578024472937,5.95823685004962e-24,0.000203769636045725,0.119102404351166,1.12240883626735e-29,1
"20070",0.859700345253275,0.140297316609933,6.95372062852538e-22,3.77501994577516e-11,2.33809904235763e-06,1.73695011532779e-29,1
"20072",0.00409137661301315,0.931760419823873,0.0641482035631136,2.34902839265903e-36,1.47602752240148e-42,1.77072870115302e-55,2
"20074",8.42180915958577e-15,0.0247213759615112,4.18390675615122e-27,0.00181182948030144,2.37323377187327e-27,0.973466794558179,6
"20076",0.00334007776081532,0.996659921931172,1.54424383038544e-12,5.29776288514538e-12,1.18319706646832e-23,3.01170776433968e-10,2
"20078",0.947648586023144,0.0519883695548721,0.000363044421984165,7.26753892003398e-42,4.90771619860295e-39,4.21996782521313e-27,1
"20080",0.0202073676840427,0.0152476636814799,0.964544968634477,3.01054078270921e-59,4.08732494948942e-60,1.08498053854071e-33,3
"20082",4.2759413946097e-12,0.999502537374603,0.000497462621120673,2.75114044827536e-38,1.06622795798442e-54,1.58916497478837e-30,2
"20084",0.222949030787988,0.763857364283412,0.0131936049285961,5.84468330273009e-41,4.13061141389205e-41,3.55444693606914e-15,2
"20087",0.944256151965886,0.0556490731642096,9.47748699041768e-05,9.78961140800076e-36,5.60085132398291e-32,1.02132369056555e-42,1
"20090",0.0152969193598788,0.0257897436216314,0.95891333701849,1.36316642640172e-59,5.05763769105286e-53,1.17957555590911e-32,3
"20092",1.64424050186596e-06,0.999998355750604,8.8938545145333e-12,3.40410301692167e-33,4.68214660662019e-38,2.31279373841624e-58,2
"20096",0.0018941892490204,0.998105810750788,1.91757782101409e-13,2.01457799622101e-39,1.05784866892451e-39,2.91035925954441e-25,2
"20098",0.97561647517928,0.0216254638088148,8.54219437563874e-18,1.17090164728128e-06,0.00275559818504723,1.29192521122526e-06,1
"20101",0.162085198696133,0.178875076727653,0.659039724576214,1.22390367968993e-55,2.37466408828678e-54,8.19611082342006e-20,3
"20104",3.59189303802814e-15,0.999999999999996,2.96874472909559e-28,1.2383935844979e-19,2.67762370479358e-45,1.26870803003001e-34,2
"20106",0.824158184045316,0.020316696151126,0.155525119803558,2.63883226852136e-38,9.74259984804583e-36,1.26884281222073e-18,1
"20108",0.968825218045554,0.0142188115897657,1.39516697923747e-18,4.16187470537938e-05,0.0169143516157707,1.85559315973416e-12,1
"20110",0.036799692499383,0.963200307496304,2.43370147383908e-12,7.80536018898625e-28,7.2209199235448e-21,1.87921987447842e-12,2
"20112",0.922954988229146,0.0739072152125675,0.00313779655828658,3.26998970858875e-46,2.41564104437181e-35,3.00401316369455e-26,1
"20114",0.685850875207673,0.31106014849546,0.0030889762846547,3.04857341760181e-28,3.84955191356817e-27,1.22130099768503e-11,1
"20116",0.654500857558136,0.325868532213185,0.0196306102266279,9.54222687327519e-28,8.4811411809022e-32,2.05134410646456e-12,1
"20118",0.986599709282719,0.0134002888492835,1.07048518349592e-09,2.40417240954071e-16,6.61057133499148e-13,7.96851104082787e-10,1
"20120",0.635544840257177,0.2216084204645,0.142846739278323,1.66947454059143e-40,3.73906323066162e-35,2.72766234546674e-17,1
"20122",2.30482541182342e-05,0.00280370450188837,2.77094584236679e-19,1.454440727323e-05,1.16204002388384e-11,0.9971587028251,6
"20124",0.00849845298509291,0.369896400465797,0.62160514654911,3.64420940778413e-66,1.02605313883934e-68,1.06660748327504e-50,3
"20126",4.89916469635625e-22,0.999999999320338,6.79662404591019e-10,6.26985836601273e-55,8.4785045661651e-93,2.81855266681564e-38,2
"20128",3.5910430012656e-19,0.999994388532211,5.61146778898885e-06,5.01424232977694e-76,5.34277130950908e-107,1.8439019974333e-46,2
"20141",3.87508252859891e-07,0.999999585623571,1.23808005726752e-22,2.68679235946025e-08,2.36903243659507e-19,2.52939225061132e-13,2
"20143",8.99762137475704e-16,4.12937944202735e-05,6.34092817054413e-26,0.00866098257613278,4.48008218294344e-22,0.991297723629446,6
"20145",0.920855935252113,0.028473249957027,0.0506708147908598,2.38352966450277e-33,3.40228324777781e-29,2.95204815429529e-24,1
"20147",0.941167553675192,0.0146458958949247,0.0441865504298837,3.29991854107891e-39,3.37183012609653e-38,5.44284056123696e-25,1
"20149",2.06904539695707e-06,0.00515655946554623,1.17780716104781e-23,1.58998543423593e-07,1.59416253282724e-14,0.994841212490498,6
"20151",0.0893582207087535,0.00113879973959417,3.77600598581872e-19,2.96025610578433e-05,0.90947332462807,5.23625245322166e-08,5
"20153",0.200488848962929,0.792379202481634,1.07275142279865e-12,9.43151795656923e-09,0.00521177096987077,0.00192016815297627,2
"20155",0.911140299423263,0.0336658892980854,0.0551938112786515,2.82296177351155e-47,4.65822418905948e-46,1.44180413171504e-31,1
"20157",0.816453617289185,0.183533618592211,2.68095967330731e-17,2.14055816487819e-11,6.77051343133488e-06,5.99358376746595e-06,1
"20160",3.60009621033971e-13,2.79804615238662e-05,1.16006166696755e-23,0.000188662526057993,5.34570603856976e-18,0.999783357012058,6
"20162",1.03639156990508e-06,0.000185534332820351,3.01698353687689e-27,0.571319550927608,6.26268515966181e-06,0.428487615662842,4
"20164",0.19953735728907,0.797217063611619,2.18557826862262e-16,5.27332596151148e-14,4.48511766429825e-11,0.00324557905440738,2
"20166",2.85799530432317e-06,0.880285088973202,0.119712053031494,6.48372606846015e-38,5.11178160160102e-55,7.86317202944116e-22,2
"20168",7.92720736642237e-19,0.999999999998783,1.21658433183929e-12,6.14140647420906e-25,2.508206166288e-63,1.02638043804739e-25,2
"20170",0.293695830056488,0.0118264443418361,8.84500121205554e-19,0.00161571991278407,0.692337193852855,0.000524811836037359,5
"20172",0.866437888879148,0.0170958520175704,0.116466259103282,5.12089984106111e-33,6.3283353120344e-31,1.73239113248388e-39,1
"20174",0.000209732279908968,0.0040735201773075,1.88979806440618e-30,0.995716735861318,1.16812593295304e-08,2.05640920509002e-13,4
"20176",4.29926863371782e-12,0.999999999995689,1.18131677807753e-14,3.59871389597087e-26,1.08743540944676e-48,3.45901998141406e-39,2
"20178",1.0476341652235e-14,1.0777030289099e-05,1.25431572710691e-23,2.42006674499839e-05,3.9244158170149e-20,0.999965022302251,6
"20181",0.00545655382897625,0.178219553332621,0.816323892838396,9.95252283959196e-39,5.20057815189818e-45,7.24127208921725e-15,3
"20183",0.960551814806488,0.0392003929405676,2.46863460736178e-13,2.26521073406815e-08,0.000247769600589809,2.50246260614032e-31,1
"20186",0.545243956026289,0.453983739762705,5.34762996838022e-12,8.61516692779269e-07,0.000771442688966109,1.31861497804528e-53,1
"20188",2.06410106483445e-09,0.000246394067602044,6.46212008431194e-24,9.70396216344644e-05,2.16241433956221e-11,0.999656564225038,6
"20190",0.0338329169307969,0.00692579536737748,0.959241287701826,7.10865042016777e-48,2.66319980619217e-50,7.04429938507468e-33,3
"20193",1.15954710306008e-13,0.99999999712474,1.64024519641957e-13,1.30110344889223e-27,1.07035035509944e-47,2.8749806416255e-09,2
"20195",0.92728643839752,0.0725949368195806,4.23925098601693e-14,3.03487801515618e-17,3.86014786017932e-10,0.000118624396842055,1
"20197",0.942033283836347,0.0275597462591878,0.030406969904465,2.91442981247825e-42,1.2671960920859e-38,3.89895248916579e-38,1
"20199",0.0421443367016479,0.0661078330151331,8.10569283761306e-23,0.00298422110537739,0.055972222375742,0.8327913868021,6
"20205",8.19306487924991e-13,0.999999905728377,9.42708034724054e-08,1.78531120934477e-37,7.42086162479028e-50,3.7398496414663e-38,2
"20208",0.978964348033187,0.021035651228565,7.26072781869714e-16,1.72944879495103e-13,7.38066795311573e-10,7.06508019376539e-15,1
"20210",0.000192566388610747,0.00130121936088361,1.25769556742522e-24,0.391383627691071,0.0114594077184506,0.595663178840984,6
"20212",0.806829263013213,0.189525889014945,5.6809839245793e-17,5.81827641022289e-09,1.58983716190001e-05,0.00362894378194651,1
"20216",0.836591230662392,0.041241392856962,0.122167376480646,7.7085691344646e-42,1.71073523551639e-40,2.76025469786939e-24,1
"20219",0.0696040980930341,0.921374950565657,0.00902095134130911,1.38129070951945e-44,1.0023138035967e-41,3.77097697774101e-25,2
"20223",2.32923503210006e-10,0.98245749565232,0.0175425041147569,5.54690437723715e-44,1.46208339427344e-60,5.95007088189523e-63,2
"20226",0.959822791775112,0.0401772080863477,1.38539261934195e-10,6.53192546486471e-30,1.3399929205603e-15,2.38376649181573e-19,1
"20230",0.00526849864333496,0.0159621260970091,0.978769375259656,1.38944501477763e-54,1.22229103381869e-57,6.88169441469215e-39,3
"20233",2.51941672187291e-21,1,9.5363970158715e-25,1.52023043262661e-16,7.39799974869625e-46,6.33909490263354e-27,2
"20235",1.60665662483242e-06,0.998743781208167,0.00125461213520828,2.94119179423732e-61,4.19599328336707e-67,2.35733555980298e-61,2
"20239",0.0943677612244097,0.905320541098449,0.000311697677141158,5.6296495760233e-43,3.31248941620896e-44,1.24552676201659e-48,2
"20254",9.10533509446299e-12,0.996059328993274,0.00394067099762073,3.04569599124249e-44,4.50330795684771e-60,7.3805746524289e-35,2
"20256",0.16170312903251,0.0736506268836513,0.764646244083838,2.70541884207629e-49,4.34407940536372e-52,6.16257919244782e-47,3
"20262",0.00521444106846329,0.000151250894975063,1.4257389322381e-20,0.000833141362540731,0.993519495715126,0.00028167095889455,5
"20270",0.00771425745358579,0.99216106194051,0.000124680605904141,1.37460555225823e-32,1.09767861704339e-35,2.07072734740835e-22,2
"20284",0.0185621286321248,0.98143787123258,1.35295444307158e-10,4.29133519222915e-24,1.26475278253649e-17,1.33973289941844e-31,2
"20287",0.000100328659343123,0.0864338535729219,0.913465817767735,3.19600779078258e-63,8.67956394559577e-68,1.62218879134891e-48,3
"20290",3.83309289847354e-07,0.999998404508092,1.21218261794867e-06,2.15391037553483e-29,5.03995818581667e-31,5.65810107830047e-23,2
"20293",0.978012390260965,0.0208273877595067,0.00116022197952801,1.27908484549909e-29,2.74484230215582e-27,5.57545405620532e-30,1
"20296",0.6020224579747,0.397976452759286,3.19978490116916e-13,1.05449327752964e-06,4.20890365756876e-11,3.47303278863147e-08,1
"20301",5.34379477042628e-08,0.785222037405595,0.214777909156457,4.63949655404886e-65,1.13328971991197e-74,2.46083379910209e-25,2
"20304",1.88610661480212e-11,0.999543345885193,0.000456654095945526,9.15871263587466e-35,1.38757292992202e-51,2.25095311532836e-30,2
"20306",0.00612480529841985,0.105186311105274,0.888688883596306,8.87786206479631e-52,1.18044124922067e-53,5.87390886919379e-48,3
"20309",0.967360682233305,0.0326335432626283,5.77450406636582e-06,2.20134750583455e-30,7.87943983353824e-26,2.00911456037708e-27,1
"20311",0.533598379740094,0.412215578914978,0.0541860413449289,4.52033303597643e-46,6.67487329787635e-47,1.53568128224643e-25,1
"20314",0.800510506938606,0.0124091849364941,4.41218646642467e-14,5.41757811325961e-06,0.187074876542036,1.40047063521831e-08,1
"20318",1.30239245578992e-09,0.624599375563182,8.95078704734543e-14,4.77268985628292e-11,1.44606348598738e-24,0.375400623086609,2
"20320",0.414417485694714,0.585582514305283,1.07345687444187e-15,3.76788021655763e-22,1.43433219719114e-15,6.21940941137952e-21,2
"20326",0.97796957837609,0.0220301353729224,1.10351214934505e-13,2.31926395070298e-12,2.8371715154566e-07,2.53140657753275e-09,1
"20328",0.907435291501476,0.0888667345845517,9.7729274269887e-17,1.54306139272609e-09,0.00369797237091053,7.41004105323171e-30,1
"20330",0.210594753707509,0.777763934449563,0.0116413118429281,2.53734891839253e-59,6.02326642023906e-52,1.29651709116792e-39,2
"20336",0.000934315336628503,0.999059101971491,6.58269188085871e-06,2.48659684214123e-19,1.57088304126725e-20,1.38613259639218e-33,2
"20338",7.95406940737924e-06,0.999988670572476,3.37535811648113e-06,9.43347392495442e-56,6.74720790887798e-58,5.03286033622017e-25,2
"20340",0.00048777124469,0.181604352253546,0.817907876501764,4.2616968226883e-59,1.36701145790706e-67,1.83115703766733e-40,3
"20342",4.36758074932467e-25,1,1.05372062024595e-17,4.47903432498397e-55,1.02547711027044e-83,6.37894830650091e-31,2
"20344",0.779407961174235,0.0987218116255161,0.121870227200249,1.888150318411e-40,4.66521599973619e-38,4.55674450105188e-36,1
"20349",0.0211339780170711,0.024696229233967,0.954169792748962,2.34236533279287e-46,1.34437948030025e-48,2.08587984266353e-46,3
"20351",0.90011623354386,0.0998123553420689,7.14111140712304e-05,4.49217995436243e-32,4.89910662284832e-32,4.55730598058163e-21,1
"20353",0.366189150776746,0.445462651016408,0.188348198206846,4.09904184083485e-57,9.51455123122739e-48,2.2133600027299e-40,2
"20357",3.01233219903931e-11,0.999923631644337,7.63683255400064e-05,4.05473887031693e-41,4.33238150867673e-49,6.05905247459868e-47,2
"20360",2.49954430108391e-16,0.999999999995833,4.16696218246943e-12,6.61978462112557e-63,5.89189748786077e-80,5.23518568759454e-47,2
"20364",0.972044406138205,0.0265634603215103,0.00139213354028459,1.4623337984722e-31,2.03560787305379e-24,1.10803434000527e-26,1
"20366",8.79672519997014e-08,0.999999910922971,1.10977723172354e-09,1.39444061920043e-19,1.77464080023588e-28,3.02944739137599e-25,2
"20381",7.1553479676122e-13,0.999999999999285,8.51974099545284e-30,3.19787951883726e-20,1.84795347017984e-45,1.25094329455799e-20,2
"20391",1.01072068205998e-05,0.999989885434054,7.35912488019141e-09,8.3059511297812e-20,1.29453993288237e-25,6.25620096581605e-68,2
"20394",0.969900397774369,0.0300995907568657,1.70198296940752e-23,7.04642643101227e-11,1.13983009666585e-08,9.76379020304148e-24,1
"20396",7.25875975479226e-06,0.00418880300141617,1.33483163928959e-35,0.995803938153504,8.53255364781844e-11,1.01471524612558e-20,4
"20409",0.839248298328799,0.160736339047218,1.53620921939771e-05,4.27086302776571e-24,1.29442605826728e-20,5.31789417009343e-10,1
"20411",0.0949106166094933,0.262447321131067,0.642642062259439,4.52145955424444e-49,2.1739942970065e-47,5.93805332779343e-49,3
"20416",1.04869696487123e-16,0.999876377867442,0.000123622132558056,7.49546274314759e-60,5.36668784309032e-86,1.44767193803895e-51,2
"20418",9.57901060780824e-09,0.000118180585560441,2.88541227953036e-36,0.999881809835371,5.75790999622814e-14,4.24253313966589e-18,4
"20420",2.75113725255395e-14,0.999999996600375,1.62284128434864e-20,3.39959738753744e-09,1.87995380617712e-30,2.66941240587504e-22,2
"20422",0.410424622636411,0.140498353166589,0.449077024197,2.24235432763991e-61,2.05527143604829e-51,1.23747784452417e-26,3
"20424",0.383451716062082,0.132417417306307,0.484130866631611,1.63964207611557e-47,5.37846954679982e-45,4.99135654527674e-43,3
"20426",2.54169903257115e-26,0.999999999999993,2.28366802418553e-16,5.4687741279831e-21,2.37281146865381e-55,6.78246775292375e-15,2
"20428",0.927401729736758,0.0725955008833422,2.76937990014505e-06,2.09954714653274e-30,5.27554472685609e-31,2.58574078841069e-37,1
"20431",0.791317639337615,0.208682360367594,2.93613589393735e-10,2.20081998647211e-25,5.90669409183427e-16,1.17598169439461e-12,1
"20433",4.04440833304952e-07,0.890657207814108,0.109342387745059,4.2841505901121e-49,7.52127985191618e-63,8.79017838804744e-49,2
"20436",1.07262772152741e-12,0.999999997289151,2.70977684748808e-09,6.81170308121093e-34,1.10350574488718e-59,1.26678191874808e-40,2
"20439",0.00021260641767962,0.00800439932403567,1.01610123795483e-32,0.991782978927629,1.53292206144414e-08,1.43484107394952e-12,4
"20441",1.79853529171656e-08,0.999999698808248,2.83206399444689e-07,3.04589994297177e-38,4.49408683117535e-45,5.96529045313114e-30,2
"20444",5.14455436062354e-12,4.82438005406705e-06,6.00403171555975e-27,0.00584837276514124,1.03771240379374e-13,0.994146802849556,6
"20448",0.00338933535092687,0.996610664646072,3.00035617362158e-12,1.14080349726827e-29,3.57759980458116e-29,3.8453674431225e-16,2
"20536",0.0371286378231201,0.0912230439832167,6.99227852857896e-22,0.871614713697249,3.36044964141272e-05,9.3625251225311e-42,4
"20538",6.02082895453673e-05,0.999871347360898,6.84443495566765e-05,1.0865742860102e-25,2.43084755265374e-29,3.82671709685863e-40,2
"20541",0.00220715446787042,0.0552858837353666,0.942506961796763,2.00937497280037e-62,8.20151955191746e-62,1.48590947187708e-40,3
"20544",0.986779377047887,0.0132206171141378,5.83797549691584e-09,1.12603497015955e-23,8.06758512039428e-20,1.09165396479624e-16,1
"20546",0.49276364155756,0.0371534601579529,0.470082898284487,2.34365853036129e-40,8.8627928026226e-36,7.26898359408294e-44,1
"20550",0.813949989680811,0.186049994293232,1.60259576712581e-08,2.41405014062706e-40,8.58639879290084e-30,8.61729388786013e-23,1
"20553",1.21845049018864e-31,0.999999999870916,1.29084341280941e-10,6.72449890318208e-60,9.36219882022815e-114,4.51347360982312e-30,2
"20555",1.20768087867641e-16,0.999999999999923,1.30361166646999e-19,7.67248077436397e-14,1.05614273809677e-33,2.20051040569897e-40,2
"20557",0.797512019592633,0.202487880738852,9.96685148830713e-08,2.83929001689624e-34,3.137555053306e-23,2.09328605222969e-18,1
"20559",0.695227291616248,0.0121825692855339,0.292590139098218,6.68053414675864e-40,8.80834565022286e-39,2.9008931292863e-25,1
"20561",0.974972214203936,0.0234297167504359,2.77892512382746e-16,1.48187457063651e-05,0.00137449844967585,0.000208751850245542,1
"20564",1.0476341652235e-14,1.0777030289099e-05,1.25431572710691e-23,2.42006674499839e-05,3.9244158170149e-20,0.999965022302251,6
"20566",0.91985604616863,0.0801101118245388,3.38420068314276e-05,2.79548970777313e-22,1.6816712613109e-20,3.17575350774843e-25,1
"20569",0.176678344983874,0.0165337081076142,2.46844912582683e-25,0.096534512259916,0.710253431926588,2.72200750075138e-09,5
"20572",0.00445271143173962,0.0434410815686666,2.21490086189013e-23,0.945976528690061,0.000152708623963392,0.0059769696855693,4
"20574",0.568078636575271,0.0405906024509038,0.391330760973825,3.21008972378301e-52,2.85693908366872e-48,1.65167903965408e-25,1
"20576",5.00216489045541e-09,0.000161594507700661,1.69021523770383e-19,2.28308736599947e-06,2.156646584414e-14,0.999836117402747,6
"20578",0.987377653613161,0.0126203641370229,1.98224981358272e-06,7.3880833461043e-26,5.09105099461028e-25,2.24753040763731e-15,1
"20580",0.984049755019267,0.0159427331431344,7.51183759812411e-06,6.56569349017046e-22,8.05828840449035e-19,2.43661568142174e-26,1
"20583",1.41971673021695e-10,4.80959454264682e-05,2.17875116017857e-20,1.23272938046919e-06,1.98957237335202e-16,0.999950671183221,6
"20586",0.97461841668657,0.0247803777995013,0.000601205513928395,1.90941336818247e-31,1.95067430089509e-25,1.3112364237976e-35,1
"20589",0.218173604896978,0.0322718846455652,0.749554510457457,1.14837838395364e-48,4.5894156385588e-49,4.97614630214652e-50,3
"20591",0.0155896762814886,0.9844103237185,1.01632604193704e-14,9.95790480901123e-17,6.61412630386796e-16,5.13626609461912e-36,2
"20593",0.000176088295260997,0.183054586679014,0.816769325025725,1.62971011186336e-67,2.39909303280404e-75,1.6665455040437e-37,3
"20595",0.92376288298319,0.0201342992956434,0.056102817721167,6.10500095027773e-37,1.6381279305627e-35,2.1517132356279e-22,1
"20597",1.45762642273344e-13,6.66970910220179e-05,7.21367386964313e-34,0.999933302908832,1.11873753905988e-21,2.91117005575483e-39,4
"20599",7.70879001746443e-13,0.000115455389215899,8.44988754668667e-22,0.000193226009131937,4.73207376555834e-18,0.999691318600881,6
"20601",0.969647019166382,0.0164274609695832,3.84357051133569e-19,9.14639147209254e-07,0.0139246052248879,3.76348397588861e-20,1
"20604",0.0113625843509489,0.00912498489878916,0.979512430750262,1.22861042083729e-52,4.40143161182952e-56,1.83009721670406e-28,3
"20606",0.0778612511932175,0.0120862287389917,0.910052520067791,4.11943735521545e-56,4.28586335471956e-55,4.90023181110372e-37,3
"20608",0.765204611677431,0.0561950133766062,0.178600374945962,2.00289083969723e-39,5.32008634087522e-38,6.79509809995803e-36,1
"20610",0.000123729743446486,0.0367062976908908,1.99665016030007e-16,1.79308999851805e-09,4.30111187491021e-12,0.963169970768271,6
"20612",3.71237621155416e-26,0.999999999999932,6.75563157450055e-14,2.67728113860905e-39,2.43532301628164e-86,7.29243231203671e-36,2
"20614",8.464043936765e-05,0.000634727684191361,6.69368869122169e-24,0.000226498372351733,0.00123789665853397,0.997816236845555,6
"20616",0.90451791485784,0.0954820851417679,3.92031322378097e-13,7.35852738593918e-33,2.55881351651447e-23,1.48087793096938e-28,1
"20618",4.1620593558708e-09,0.999999995756503,8.14372981952219e-11,1.72418063259293e-36,3.83474800664828e-43,1.23771670801528e-25,2
"20620",0.0263668154540899,0.96468621219783,0.0089469723480798,4.78315534056783e-42,1.04995511682058e-45,6.18709897163633e-27,2
"20622",7.82297038740996e-07,0.000272745914383966,1.77645484610163e-17,1.64176874693393e-06,3.96838696672245e-10,0.999724829622992,6
"20624",0.0186367581010039,0.225436462506161,0.755926779392835,8.84114707215516e-49,4.47649375991153e-50,3.00325682513047e-42,3
"20626",0.00547592679499693,0.994515113810919,8.95939408427381e-06,2.89246792269934e-34,2.29049771691802e-40,7.36286862332885e-30,2
"20628",0.0821573497922939,0.917842650138954,6.87517812561752e-11,1.15558939506199e-28,5.32430679867665e-33,7.72980011764089e-34,2
"20630",0.95013212850721,0.0497490118810048,0.000118859611784993,1.32786871292188e-33,1.7862413647518e-25,1.1226491970644e-16,1
"20632",5.12048570663815e-08,0.000191263519644588,1.59327558019062e-32,0.999294415474966,2.14431034563924e-10,0.000514269586101307,4
"20634",0.14835859782318,0.0128906095257819,0.838750792651038,3.47665230860772e-52,1.00950094565011e-50,1.51117863570129e-37,3
"20637",2.9586361260448e-08,0.995265923528842,0.00473404688479707,1.53256564849858e-43,9.77353428241163e-48,7.87316936332039e-21,2
"20639",3.94470308038246e-06,4.37073811814292e-07,5.87711495863779e-28,0.0022984933486157,0.997688880274296,8.2446001960867e-06,5
"20644",8.65755066263904e-32,0.999999999919416,8.05841682035191e-11,5.00216282931293e-68,4.46256641404079e-124,3.20778085863235e-47,2
"20646",7.70203854900148e-12,0.999993843366741,6.15662555728673e-06,3.89815319582324e-67,1.45580065554271e-83,1.65687877688604e-41,2
"20648",0.0010780725440116,2.22423525974995e-05,2.35971985930466e-22,0.000220605881021056,0.998679079221622,7.47917978609478e-13,5
"20650",5.75115463762754e-06,0.837863917160006,0.162130331685357,2.05674411594198e-50,1.59732858652384e-57,9.81924909019782e-43,2
"20653",0.349902202221163,0.650097797778837,3.64220564269949e-19,3.56183159968655e-25,7.08877193617281e-19,1.09360515079867e-23,2
"20658",0.0114839985378964,0.143279510011104,0.845236491450999,6.13057152669211e-35,6.55245693442582e-42,1.08405703772262e-49,3
"20661",1.87216506307299e-12,0.999999996025402,3.97272580771609e-09,7.83849084363524e-29,1.46311731202761e-48,5.00081837171893e-44,2
"20663",0.985443362578556,0.0145536809197605,2.95650168104305e-06,6.20379704142095e-18,2.33641824480677e-15,2.19053630317258e-33,1
"20665",1.09525709783173e-11,0.00201183019699264,7.27353596734187e-19,1.26179889735188e-05,1.86100859739441e-22,0.997975551803081,6
"20667",0.399363932955127,0.600636067044866,7.27408580596268e-15,2.93243711695596e-40,3.41087309207963e-31,2.8613397873678e-36,2
"20669",4.72181119180659e-09,0.00595706303872568,7.59606233205157e-33,0.994042932239463,6.04428816993981e-17,2.25790025553796e-31,4
"20671",0.0108144119324857,0.951944633077936,0.0372409549895787,3.19329147827748e-35,4.12305359588234e-36,3.55293777887153e-19,2
"20673",1.24497410389793e-13,0.000143108753643295,9.53663236281445e-35,0.999856891246232,4.03471794616971e-23,9.26896246473554e-34,4
"20675",0.488375920817401,0.511611871382185,6.50339966779283e-14,7.05397019290178e-06,5.15383015553553e-06,4.01868783257417e-43,2
"20677",0.976675764649277,0.0233238421968957,3.93153827572885e-07,4.30276749138508e-23,3.07822372674696e-19,2.22292475712477e-43,1
"20679",4.75013426651235e-08,0.0158279408130126,2.31670453609183e-36,0.984172011685645,1.1410674313862e-16,9.59880482466805e-27,4
"20681",0.00206374379068673,0.000943212477426892,9.16546381877105e-26,0.959134281737638,0.0378587619942479,2.13020931976565e-41,4
"20683",0.943355277437093,0.0566446995422361,2.30206672202763e-08,3.57941736913945e-18,3.59998305245864e-15,2.13933848614638e-40,1
"20685",1.78175292796921e-14,0.999999999999982,6.52844006852004e-23,6.57113835737861e-19,2.66428233118758e-37,7.49820831112092e-27,2
"20687",0.000225252617086213,5.68078341187347e-05,1.14361266205811e-25,0.0117585419366205,0.977145161921562,0.0108142356906126,5
"20689",5.34331770640727e-28,0.999999999301976,6.98023967299997e-10,4.1163336195006e-54,4.01953845420898e-103,1.13041320945811e-50,2
"20691",1.18973409381337e-10,3.78472151263388e-06,5.15212486583164e-25,0.000476768062711177,5.85884104273977e-11,0.999519447038214,6
"20693",0.00340095775355466,0.118027225897606,0.87857181634884,3.08273323835323e-54,1.47294186969343e-57,7.83211137649667e-48,3
"20695",0.946885835527618,0.0181177308531633,2.80690838457251e-20,4.58854647747862e-06,0.0349918450727405,1.99950469105837e-16,1
"20697",0.237714162483982,0.018659853177548,0.743625984338469,8.85981382247268e-46,7.47893648064879e-44,1.91476215582497e-19,3
"20699",0.974948489539747,0.0250514950288447,1.54277794753246e-08,3.27303700172762e-12,3.55953024221154e-13,1.43766201871074e-33,1
"20701",0.960291606912793,0.0396767215894049,3.16714978018309e-05,2.73290691154309e-28,2.59727006523357e-25,1.82554064988555e-49,1
"20703",1.60721591122247e-18,1,1.36844621189586e-31,6.30897113810356e-18,1.31751530385061e-43,1.92771701379902e-37,2
"20705",0.793999134476882,0.119035503346235,0.0869653621768825,3.68548795496298e-47,1.09473332318489e-39,7.03500626259275e-40,1
"20707",0.762090743549748,0.0188683658086534,2.2333966577769e-14,1.2033974085566e-06,0.219039687244168,6.54650244725683e-30,1
