"","V1","V2","V3","V4","V5","result$classification"
"19811",6.43215820269115e-05,0.958870114109741,6.43137308014762e-07,0.00232788710348724,0.0387370340674373,2
"19813",2.3394311416425e-06,0.000113037516915866,9.70157659263576e-09,3.8094126643064e-07,0.9998842324091,5
"19815",0.00175882588490693,0.997609976945711,0.000589248197135036,3.91795735544675e-05,2.76939869271955e-06,2
"19817",0.00022170156716495,0.998167686576926,2.11486317558394e-05,0.00157837156537022,1.1091658783448e-05,2
"19819",0.870084872029238,0.000104418811398887,0.129809378406039,1.32865233784239e-06,2.10098620512955e-09,1
"19821",0.00213744093388442,0.91921137024044,1.14197622409083e-06,0.0601671967778545,0.0184828500715973,2
"19823",0.000797290583153546,0.938893637406492,0.0595249688636254,0.000775755786006566,8.34736072246011e-06,2
"19825",0.169658345035946,0.00544326953754904,0.00087484772931068,0.815342481139116,0.00868105655807829,4
"19827",0.000554549201690526,0.360203323384636,0.000132238714825775,0.639108478305411,1.41039343639434e-06,4
"19829",0.985479938609583,0.00307863447089734,0.000120538301453057,0.0113126875211568,8.20109690969993e-06,1
"19831",0.893877115167995,0.000697140707292346,0.105421527820034,1.70342787243541e-06,2.51287680586978e-06,1
"19833",4.15132826961111e-05,6.02417297237554e-06,0.99992716509997,1.79935394463015e-05,7.30390491495271e-06,3
"19835",0.00213744093388442,0.91921137024044,1.14197622409083e-06,0.0601671967778545,0.0184828500715973,2
"19837",0.0016897805289015,0.907827202667363,1.97780477295074e-05,0.0904540024941144,9.2362618911124e-06,2
"19839",0.958051951066814,0.00750978831304531,4.40930706321025e-05,0.0317346247976559,0.00265954275185254,1
"19841",3.15616899701193e-05,2.31439689083403e-05,8.89786272766276e-08,0.999803479882846,0.000141725479648621,4
"19843",0.974281280798331,0.000161788108066768,0.000127776328441358,1.12109152211086e-07,0.0254290426560091,1
"19845",8.65931381728659e-06,0.111407894476747,4.19466255440931e-07,7.50897656773228e-05,0.888507936977503,5
"19847",0.00512369319042099,0.989914377721567,8.63379535767088e-05,3.82034952509147e-05,0.00483738763918403,2
"19849",2.85936282567363e-07,0.000170666309234485,3.60786022763201e-09,9.27824601675147e-07,0.999828116322021,5
"19851",7.62101275567443e-05,0.999721960838854,2.56035033901268e-05,0.000145538168850919,3.06873613479964e-05,2
"19853",2.72429778848591e-06,0.97597948168316,0.000173330613068335,0.00184930394906636,0.021995159456917,2
"19855",1.28597940643488e-05,0.987277335848606,9.47422289208227e-06,0.0113146167208321,0.00138571341360584,2
"19857",0.0113634036840339,0.944841802812962,3.50216461991509e-06,0.0306099471147413,0.0131813442236425,2
"19859",0.00162013111787878,0.97561709149968,0.000141282871769632,0.0225974802496358,2.40142610355932e-05,2
"19861",5.81085098848905e-05,0.892106937442868,2.17028373350432e-06,0.000159254369146611,0.107673529394367,2
"19863",2.65765003103861e-07,5.06825170611098e-05,4.40042933698797e-09,0.00842806023568073,0.991520987081826,5
"19865",6.50312600011077e-06,0.00207273548912178,9.12767419378701e-08,0.997917456537172,3.21357096370572e-06,4
"19867",0.000891920424042762,0.99420698732201,3.11357984127551e-05,1.01616605517447e-05,0.00485979479498248,2
"19869",6.12825315701863e-07,0.0102916516999697,1.10550791364142e-08,0.000222136399913191,0.989485588019722,5
"19871",0.00464240788345742,0.908912204306117,0.000160777986394122,0.0862797728999998,4.83692403157713e-06,2
"19874",2.93708971231342e-05,0.155617445796506,1.33468998593333e-05,0.84432886570947,1.0970697041601e-05,4
"19876",7.38880187111475e-06,0.477017437956123,5.94782890564193e-07,0.52239843943534,0.000576139023775403,4
"19878",0.687410073835218,0.295321753266352,0.0156961873681425,0.000524569440686511,0.00104741608960148,1
"19880",2.38201247547775e-07,0.000922154268814179,1.87769494315995e-08,0.999053400177978,2.41885750112745e-05,4
"19882",4.97984993444345e-05,0.794733600285497,6.69668207103123e-06,0.00280281589698594,0.202407088636102,2
"19885",0.00698923544190039,0.991665560682894,1.23002124375367e-05,0.00132011427270912,1.27893900589063e-05,2
"19907",0.000362923682396656,0.953175324401216,9.4798932049136e-06,5.83654651292266e-05,0.0463939065580533,2
"19909",0.983815981304031,0.0158601062865909,4.59744531406421e-05,2.4991042277322e-05,0.000252946913960479,1
"19911",0.935415296339252,0.0305460062444679,0.00108197091825834,0.0329162902966456,4.04362013761334e-05,1
"19913",1.04148741180065e-06,2.46147385496378e-05,1.29639617941162e-07,0.999972588944745,1.62518967534417e-06,4
"19915",3.47425860832124e-05,0.398686029168213,1.13920949259016e-05,0.60126221249436,5.62365641806788e-06,4
"19917",7.5254843942905e-05,0.0116446846616428,2.06100517509863e-06,0.988271787795485,6.21169375441641e-06,4
"19919",0.000532079783712713,0.792924270533971,6.37727194546154e-05,0.206476233822673,3.64314018914062e-06,2
"19921",0.000287495907380407,0.999434908984056,1.24059856833337e-05,3.33735415365114e-05,0.000231815581344142,2
"19923",0.0559596025585341,0.917053332116364,0.0265042297226523,8.1773375357603e-06,0.000474658264913518,2
"19925",2.27161604303742e-05,0.0439032374556761,3.24376668008965e-06,0.956068751164201,2.0514530121939e-06,4
"19927",9.21503354889591e-05,0.999157754542332,1.32394770488631e-05,0.000694376496119184,4.24791490114668e-05,2
"19929",7.07510997721686e-07,0.000199933520541487,7.39857729589724e-09,0.517253820191651,0.482545531378233,4
"19931",0.00103600428395652,0.99646587957399,9.687953963334e-05,0.0023990923328549,2.14426956500605e-06,2
"19933",0.686160444418098,0.309889317494561,0.00107085250267961,0.00287791981461368,1.46577004753858e-06,1
"19935",0.0808609018598406,0.9154432302014,1.20496362998425e-05,0.00289845020363673,0.000785368098823429,2
"19937",0.000365853035846874,0.999329355620136,0.000243017921488561,5.75205493629808e-05,4.25287316536361e-06,2
"19939",0.000948969015663321,0.996432881229386,0.00012441604836262,0.00248377099484476,9.96271174319831e-06,2
"19941",0.907096807259272,0.00882156958789694,7.81211067864665e-05,0.0834878745104008,0.000515627535644017,1
"19943",2.18068603107066e-06,0.000753592441947938,7.76118921601761e-07,0.999243077883886,3.72869212946321e-07,4
"19945",0.873349573288118,0.124238943642937,0.00230465183786486,0.000106228929877116,6.02301202331904e-07,1
"19947",0.124765730473887,0.0208037281724401,0.00021303004275981,0.8262815864072,0.0279359249037134,4
"19949",0.227731749310522,0.747863788602781,0.0243754677825661,2.08145976722197e-05,8.17970645860989e-06,2
"19951",0.00204102470882808,0.290371512811796,5.27106586782068e-05,0.707512756570573,2.19952501244068e-05,4
"19953",0.178611986361141,0.00284125816260385,0.818546417358022,1.95459581435142e-07,1.42658651042375e-07,3
"19955",0.946378700382461,0.00885949274891043,0.0447256983688187,5.02335726705361e-06,3.10851425428681e-05,1
"19957",0.00130417220546638,0.0872588339307797,0.00149219740851818,0.909905247912845,3.95485423910012e-05,4
"19960",0.996346346920215,0.00305602743547426,0.000116581905070871,0.000419175188254145,6.18685509861243e-05,1
"19963",0.000561118399906442,0.000587821916847381,0.0655761413291984,0.933119858727141,0.000155059626907309,4
"19965",0.998826502178611,0.000653143570153705,0.000432470817210936,5.49181144470423e-08,8.78285159102604e-05,1
"19968",0.00198121193030165,0.0138898677520552,2.7572028968175e-08,0.79010264276846,0.194026249977154,4
"19971",0.00190343582822381,5.08558961085102e-05,0.00491459128815921,0.993128668606474,2.4483810349889e-06,4
"19973",0.00022716885187137,0.98831213216603,1.65978166437219e-06,0.0113939167643658,6.51224360680551e-05,2
"19975",5.60776328825466e-05,0.0213556740270705,1.07829833847238e-07,0.97854192485407,4.62156561433114e-05,4
"19977",0.000192092968342363,0.00180901821723547,0.000161120075872934,0.997463501697151,0.000374267041398107,4
"19979",0.999704819649619,5.28966557877739e-06,0.000288113110597523,1.77573965145318e-06,1.83455345846133e-09,1
"19981",0.0168995574380393,0.980917624244219,2.56598219164922e-05,0.00122391148399357,0.000933247011831629,2
"19983",0.0246008165838836,0.974677540290247,0.000141074498372178,6.85604149256707e-05,0.000512008212571655,2
"19985",6.84068413078862e-06,0.124491878965412,7.17505510053078e-07,0.875442186217933,5.83766270141015e-05,4
"19987",0.0563040528540093,0.846345880906433,0.000139240489165282,0.097199573896436,1.12518539568615e-05,2
"19989",0.996600579796861,7.60514532788992e-05,0.00332335004747914,1.5032143763845e-08,3.67023708501633e-09,1
"19993",0.353054919098715,0.610694171627856,0.00134257542770954,0.0349055202101387,2.81363558035688e-06,2
"19995",0.754964991668896,0.23570565259808,0.000405170021961619,0.00891206795710343,1.21177539591013e-05,1
"19997",7.67906683347189e-05,0.980158280324437,6.47575996932478e-06,0.0196836614658697,7.47917813896856e-05,2
"19999",1.49636879393451e-05,0.884401519124372,5.64842559625511e-07,0.113885450913464,0.00169750143166474,2
"20002",0.000303538096464444,0.000478331762411867,2.68497476699599e-06,0.410734451810948,0.588480993355408,5
"20004",0.868884045718551,0.116805908568873,7.210574928902e-05,0.013688440979082,0.000549498984204488,1
"20006",0.962058610664333,0.0285228924719364,0.00477816405701133,0.00120321654294378,0.00343711626377556,1
"20008",0.926040067535373,0.0521094416086819,0.0209316040394918,0.000485451827064255,0.000433434989389459,1
"20010",0.911469168963335,0.0491783488780796,0.0393428808395128,9.550753717035e-06,5.05653559526623e-08,1
"20012",9.16295515149131e-05,0.150531906035866,7.25601657246747e-07,0.838782801061489,0.010592937749473,4
"20015",0.999941876501201,5.02463008757344e-05,6.33582552840601e-06,8.2235126182015e-08,1.45913726846925e-06,1
"20017",5.00182096677187e-05,0.944610434746884,8.33727180008324e-07,0.0516205019055978,0.00371821141066984,2
"20019",0.997567464097863,1.44379889133807e-06,0.00243107859705922,1.28424850677192e-08,6.63701374325042e-10,1
"20022",0.990234362265759,0.00816224792043872,0.00159968692348894,3.65621567209103e-06,4.66746410552048e-08,1
"20024",0.540768336710797,4.07454224483135e-05,0.459190425345632,1.39244556933902e-07,3.53276565036963e-07,1
"20026",0.540768336710797,4.07454224483135e-05,0.459190425345632,1.39244556933902e-07,3.53276565036963e-07,1
"20028",1.91341533484439e-05,0.714955438297366,2.5689092277612e-06,0.284749991779873,0.000272866860184381,2
"20030",0.999624183004125,0.00018029791994571,9.04216637205935e-06,0.000175723051066861,1.07538584899092e-05,1
"20033",0.00177971978733204,0.621973573451365,1.03891313680386e-05,0.376178984854627,5.73327753079155e-05,2
"20035",0.996320372592783,3.95242641089089e-06,0.00367565766831201,1.57940737204162e-08,1.51842009394633e-09,1
"20037",0.999564921932664,5.94572030354548e-06,0.000429091576221415,6.31595452390527e-10,4.01392159270443e-08,1
"20039",0.000428494795307713,7.59124894445434e-07,0.999570745377573,2.297975992886e-10,4.72427525233634e-10,3
"20041",0.253636531758727,0.689985547171571,0.0550321048443593,0.00120386160669663,0.000141954618645681,2
"20044",0.361797178000252,0.543863683566215,0.081827295958555,0.012352918409061,0.000158924065916216,2
"20047",0.994270670773507,4.81204537039599e-07,0.00572870162647959,1.45859236163036e-07,5.36240118057821e-10,1
"20050",0.153329338477045,0.020723744717483,0.825884042168663,6.28696112690022e-05,5.02553941127991e-09,3
"20052",0.019698085730514,0.931468058239717,0.00156123073349789,0.0472717097236639,9.15572607037371e-07,2
"20054",0.999313441812326,0.000647266838195958,2.71070572062316e-06,1.00764612526384e-05,2.65041825044465e-05,1
"20056",0.000187603790317578,0.00141037759745948,4.31608931320261e-06,0.998396639633897,1.06288901277381e-06,4
"20058",0.998870738906655,6.89066283348336e-05,0.0010603128397173,3.69075006151984e-09,3.79345422587535e-08,1
"20060",0.00108462707660446,0.998033234655603,3.22772120559608e-05,0.00082720341765403,2.26576380821561e-05,2
"20062",0.00802990747378494,0.991635837757066,4.82836695769676e-05,0.000257076216457188,2.88948831143438e-05,2
"20064",0.968917729204414,0.0304665232564569,0.000117862572941606,0.00049753464761524,3.50318572607933e-07,1
"20066",0.999942048826502,1.55433141312872e-05,2.31022257396738e-05,1.7642366986474e-05,1.66326664015624e-06,1
"20068",0.00010046916232098,0.9987567433101,4.74105297441159e-06,0.000148910198327898,0.000989136276276953,2
"20070",0.000163135691638063,0.999257105821147,0.00043351150095034,8.27546575266462e-05,6.34923287380997e-05,2
"20072",0.994083243834274,0.00120606868388646,4.99823641084436e-05,6.85594639912166e-08,0.00466063655826736,1
"20074",2.44303782537496e-07,6.63176744279386e-05,1.96688721520357e-08,0.999088185729691,0.000845232623226606,4
"20076",0.0124136826642575,0.0465880665630389,4.06805780679311e-07,0.671226520235129,0.269771323731794,4
"20078",0.948519338391036,0.0482650682228661,0.00294806238552343,0.000265913394255237,1.61760631978329e-06,1
"20080",0.998948380561979,8.39650747300858e-06,0.00104317305705518,4.96498261264317e-08,2.23666789688001e-10,1
"20082",0.00825120790742626,2.5845230477572e-05,0.991722760611491,1.86140010124908e-07,1.10595536486817e-10,3
"20084",0.932778459721629,0.013933530900616,0.0126902073714353,0.0405971906143481,6.11391971341749e-07,1
"20087",0.953571218334817,0.0455013863787799,0.000877587075748449,1.70517726187611e-06,4.81030333929335e-05,1
"20090",0.974580437149249,0.000103981616301644,0.0253153034763094,2.77188147545555e-07,5.69992347263083e-10,1
"20092",0.028112630972521,0.152150473929622,0.818925530041485,3.74729654663893e-07,0.000810990326716841,3
"20096",0.0109308502073384,0.565389684254394,0.413070149735565,0.0105966229543861,1.26928483161753e-05,2
"20098",0.000510788559112807,0.637806889695319,2.30372054602609e-05,0.361650511138543,8.7734015658241e-06,2
"20101",0.998187180862669,0.000183144564222159,0.00145386579025047,0.000175802891767127,5.89109075840214e-09,1
"20104",0.000247712524655728,0.586631932846316,0.0735778228744229,0.00285829814653491,0.336684233608071,2
"20106",0.998559120716814,0.00126253031823221,9.36680017830001e-05,8.46646123679238e-05,1.63508030510385e-08,1
"20108",0.00084442726734561,0.948595486103397,3.85634246707777e-06,0.0502587805423546,0.000297449744435547,2
"20110",0.0092800821361761,0.533092296929586,0.301116569257675,0.156510387725491,6.63951070900084e-07,2
"20112",0.954546688928238,0.0266826163473918,0.0187193970329149,5.12293957082676e-05,6.8295746684611e-08,1
"20114",0.808124089800481,0.0569306683737069,0.00189481238681778,0.133046313235965,4.11620302919624e-06,1
"20116",0.965391378063976,0.00661253381456066,1.23575123355449e-05,0.0279176623550022,6.60682541253226e-05,1
"20118",0.082313781273785,0.769022292357148,0.000439542640678716,0.148219318251223,5.06547716528072e-06,2
"20120",0.96351303416639,0.00856341851920374,0.0266915376152669,0.00123200569820212,4.00093757300334e-09,1
"20122",8.59508522679455e-06,0.00107277688077641,6.42013177157488e-08,0.998897024284468,2.15395482115269e-05,4
"20124",0.997704087299781,4.64160018519187e-05,0.00224924192636413,6.14978391034301e-09,2.48622218765866e-07,1
"20126",0.0103505073029713,8.10897112067669e-06,0.989640783146055,3.33024932939869e-07,2.67554920458389e-07,3
"20128",0.267416194967364,2.6223945933821e-07,0.732583533483776,3.45501108385796e-09,5.85438972179455e-09,3
"20141",0.000185967955181493,0.80543291188346,0.0339064468845139,0.160313565965702,0.00016110731114337,2
"20143",2.18094849753485e-07,2.76418805093987e-05,2.14060524672084e-08,0.999954258198594,1.78604199939839e-05,4
"20145",0.982947731808729,0.012400932757617,0.00463664404819043,1.46878072718431e-05,3.5781914410098e-09,1
"20147",0.99747242581072,0.00235969150298289,0.000156785503929342,1.10616363139879e-05,3.55460539191666e-08,1
"20149",1.21277376986158e-06,0.000980500567935044,1.39700542238614e-07,0.999005331457758,1.28154999944605e-05,4
"20151",0.000662999646750524,0.844407779597732,1.1600712373896e-05,0.154909607282753,8.01276039093681e-06,2
"20153",0.00200496550460058,0.288253207130748,0.0118519761085585,0.697889737813693,1.13442399823891e-07,4
"20155",0.999302563224138,0.000463879623128354,0.000232761296183479,7.00935397288097e-07,9.49211526571219e-08,1
"20157",0.00021119196270056,0.271688511031633,2.08485873525377e-05,0.728074108364502,5.34005381140148e-06,4
"20160",4.39079111139908e-07,4.16501975801789e-05,4.76007374381168e-08,0.999955023552384,2.83957018783224e-06,4
"20162",4.44939140687074e-07,0.00220071543425013,4.44422938242518e-08,0.997786757739379,1.20374449359676e-05,4
"20164",0.000164860581531217,0.0480385239940635,4.24081001446525e-05,0.951748709243797,5.49808046380871e-06,4
"20166",0.998403442611691,0.000149868226843685,1.02428385322888e-05,0.00116117896104098,0.000275267361891977,1
"20168",0.00304790909125243,4.14529315180822e-05,6.31876169107979e-07,0.000735765598316729,0.996174240502744,5
"20170",0.000368470297553263,0.530673967348956,7.53042650734201e-05,0.468878862765077,3.3953233403099e-06,2
"20172",0.993780471344962,0.00496731391277912,0.00125203700773361,1.25369858347915e-07,5.23646667269631e-08,1
"20174",1.54477835690996e-05,0.42968943509782,1.43261291033554e-07,0.397171657221279,0.173123316636041,2
"20176",0.000234069023701211,0.000162797493796785,5.85490319588843e-08,9.969468740262e-06,0.99959310546473,5
"20178",5.26414488526349e-07,2.6042456135388e-05,1.00112492767201e-07,0.999971814042279,1.5169746042547e-06,4
"20181",0.994782622419746,0.000180158268859158,1.29844213036644e-05,0.0050218505134258,2.38437666509086e-06,1
"20183",0.00410608481836426,0.994869593292066,0.000991894766233731,2.79621873219359e-05,4.46493601367237e-06,2
"20186",0.0193116756743813,0.974831404019772,0.00359907938259112,6.59932197149745e-07,0.0022571809910581,2
"20188",4.5665803907876e-07,0.000233545531329553,9.99759300469062e-08,0.999764193306323,1.70452837772091e-06,4
"20190",0.999903250537192,7.13694662575974e-05,2.46526389300956e-05,6.74264270967876e-07,5.30933492776012e-08,1
"20193",0.00370773694841508,0.000580016193242474,4.10197376456496e-06,0.942726591149636,0.0529815537349419,4
"20195",0.00212501924991484,0.169057632805586,4.13108597843896e-05,0.828770684737899,5.35234681473897e-06,4
"20197",0.995978917614448,0.00351186052299714,0.000508898662805331,1.93899682938815e-07,1.29300065911564e-07,1
"20199",8.12243020456053e-06,0.0466601729070854,9.74966381656233e-06,0.95331975936411,2.19563478390857e-06,4
"20205",0.000322032082776348,5.21960505309158e-05,0.99962575911234,1.23781687961066e-08,3.76183588337951e-10,3
"20208",0.00287722969158717,0.969037422343614,1.98977800891864e-05,0.0280118765338457,5.35736508642505e-05,2
"20210",1.57430309100832e-06,0.00711069493340367,1.92276151033985e-07,0.992882546037676,4.99244967819607e-06,4
"20212",0.000194013721642963,0.0936325517032526,8.02486115662789e-06,0.906156606287638,8.8034263095937e-06,4
"20216",0.996997667254808,0.00281517192982264,7.63743999683833e-05,0.000110320920639692,4.65494761512406e-07,1
"20219",0.404527752237785,0.0125693885359565,0.582788316566505,0.000114532655802409,1.00039511297893e-08,3
"20223",0.997402079347145,2.47688933893359e-05,0.000353190223008049,2.22185346628589e-09,0.00221995931460449,1
"20226",0.0627139089261455,0.927845189347252,0.00684874250493616,0.00258927664889459,2.88257277211589e-06,2
"20230",0.999863945617067,2.95485187299016e-05,0.000106373226184616,9.03191366092964e-08,4.23188819173325e-08,1
"20233",5.14135428533416e-06,0.00328340412356645,0.996668192461632,4.21516569301134e-05,1.1104035860421e-06,3
"20235",0.964080925044522,0.000711142762165753,0.035016820670695,1.28989615718589e-08,0.000191098623655072,1
"20239",0.974196727489567,0.0217593978258292,0.000913989674992257,2.85627495193225e-06,0.00312702873465916,1
"20254",0.00861335569267751,5.64266213091249e-06,0.991380988628008,1.29991784025246e-08,1.80047178271607e-11,3
"20256",0.999568466267896,0.000135964484496776,0.000295015604526659,1.32148310348077e-08,5.40428248947571e-07,1
"20262",0.000137751918425296,0.205627515653242,5.832662273538e-06,0.794225392280641,3.50748541827484e-06,4
"20270",0.968448345539921,0.0217538579605564,3.50768212197784e-05,0.00654120318038603,0.00322151649791625,1
"20284",0.0125820196981826,0.661500787029423,0.325861458238762,5.52142306865134e-05,5.20802945719541e-07,2
"20287",0.999833574743337,2.64668218967083e-06,0.000163576780533873,1.95458649790146e-09,1.99839352577283e-07,1
"20290",0.00307016864841967,0.00409410133303428,0.992792066891793,4.36623069873951e-05,8.1976520699474e-10,3
"20293",0.935941432323491,0.0616782270382931,0.0023505715126546,2.83665653309403e-05,1.40256023065977e-06,1
"20296",0.00902975363879651,0.225492726643752,2.74611253789359e-07,0.74930152851123,0.0161757165949682,4
"20301",0.999397557887892,1.69717938066321e-06,0.00058980888109105,1.084407146284e-05,9.19801736634067e-08,1
"20304",0.0101132206548512,5.80051551450536e-05,0.989828436797447,3.37044442555913e-07,3.48114494736031e-10,3
"20306",0.997815358035203,5.4285119832664e-05,0.00213030430199222,3.82672460349035e-09,4.87162478568556e-08,1
"20309",0.562817703306153,0.431180388227008,0.0056966114727831,0.000303129426358533,2.16756769785127e-06,1
"20311",0.991559468207269,0.00678523508800492,0.00106750273160036,0.000585429113264428,2.3648598611269e-06,1
"20314",0.00393970970666986,0.944994354896312,0.000105722422154819,0.0509591289383626,1.08403650123924e-06,2
"20318",2.63967874060991e-05,9.64689540371119e-05,2.19231221461708e-07,0.999858146787991,1.87682393445877e-05,4
"20320",0.00267033784584638,0.987277169892164,0.00619994208818788,0.00382326698122455,2.92831925767571e-05,2
"20326",0.00540714275099525,0.877517093978808,0.000241827799927322,0.116831252179679,2.68329059051426e-06,2
"20328",0.00138269023035557,0.996185408122041,0.0023973957997731,2.76956509546134e-05,6.81019687576576e-06,2
"20330",0.961317667691998,0.00722279929233899,0.0314490172266405,4.96015999697159e-06,5.55562902569067e-06,1
"20336",0.0200956178151634,0.0503211707881026,0.92958050929705,2.68058370813412e-06,2.1515975777703e-08,3
"20338",0.0261596220814916,0.00261699648547091,0.971056447960407,0.000166923533304129,9.93932603528775e-09,3
"20340",0.999496459234736,1.1697334210396e-05,0.000491692714738174,4.74825730350638e-08,1.03233742661573e-07,1
"20342",0.000745361504961905,0.000323028477626235,0.998669099312485,0.000203351908238669,5.9158796688456e-05,3
"20344",0.996483098103943,0.00284677784446222,0.000668677252651288,9.81951816184206e-07,4.64847127295256e-07,1
"20349",0.999745271598288,8.15041323489484e-05,0.000172954787196918,1.07703156472659e-08,2.5871185073803e-07,1
"20351",0.9172353631585,0.0668151081115834,0.0150425673388626,0.000905490097351006,1.47129370296109e-06,1
"20353",0.914051892324019,0.0023115471509076,0.0836363324837772,1.72485839359516e-07,5.55554564612276e-08,1
"20357",0.00171383712029767,3.33797538476257e-05,0.998252781858787,8.88686211003457e-10,3.7838172096666e-10,3
"20360",0.0241265091324139,0.00127269617860881,0.973736849118827,2.23493705051535e-06,0.000861710633099478,3
"20364",0.91988174922348,0.0756967474769151,0.00439622176104112,2.52188959459755e-05,6.2642617944557e-08,1
"20366",0.00193841942759547,0.0114610286272277,0.986574291765888,2.6243393752082e-05,1.67855364703862e-08,3
"20381",2.86959561615915e-06,0.00412206004740956,4.75452311680041e-07,0.0232629092591198,0.972611685645543,5
"20391",0.427706565656803,0.197313791507125,0.0414105421135691,2.00363143015051e-07,0.33356890035936,1
"20394",0.000220168583197738,0.996298153605628,5.58051225571262e-06,0.00156089100764034,0.00191520629127838,2
"20396",2.55785521680157e-06,0.219744486213608,7.88104705491747e-08,0.0264073004246717,0.753845576696032,5
"20409",0.568605418599822,0.167785211653806,0.00108588789146745,0.262512829663168,1.0652191736003e-05,1
"20411",0.89896935056366,0.000939723256446464,0.100090902878091,6.80734160613735e-09,1.64944608853933e-08,1
"20416",0.0579428226587789,3.47062315082972e-07,0.942056829595898,9.7119309236845e-11,5.85889107352252e-10,3
"20418",2.06725497811245e-06,0.118170908182419,3.85820015981311e-08,0.113902090173,0.767924895807601,5
"20420",5.2279406165875e-05,0.0294887942562615,0.970076304898402,0.000381408648359513,1.21279081131369e-06,3
"20422",0.998378140828919,0.00107451716756509,0.000488410005009934,5.88491368753125e-05,8.28616305354909e-08,1
"20424",0.955832446041444,0.000726484944964132,0.0434410429537842,1.81861535387723e-08,7.87365396169457e-09,1
"20426",1.12599013675359e-05,2.01584381825486e-05,0.999835317267082,0.000133263143673627,1.24969481469654e-09,3
"20428",0.901836923058315,0.095671487011422,3.61274977085367e-05,2.38384672451229e-05,0.00243162396530948,1
"20431",0.0416387925156782,0.823637973474452,0.00922373072144199,0.125496647188169,2.85610025903032e-06,2
"20433",0.999715639408559,1.02050190850017e-05,2.41882392614059e-05,2.25906148542288e-08,0.000249944742479661,1
"20436",0.00903547208683288,0.000109087132365687,4.00079798639004e-07,1.27550638015724e-05,0.990842285637201,5
"20439",8.89185112521487e-06,0.371325827326158,1.12802504828802e-07,0.360208243065701,0.268456924954511,2
"20441",0.00145918521535381,0.00022607691408814,0.998314425006021,3.11993223433803e-07,8.71313621120636e-10,3
"20444",2.51624797925089e-07,0.000129188238604629,2.96635866146726e-08,0.999865740123072,4.79034993844967e-06,4
"20448",0.0167923003622943,0.621777064467706,0.00201573423015455,0.359085786867034,0.000329114072811378,2
"20536",0.000339225320464654,0.371880503084538,1.65019544602553e-06,3.5097408249499e-05,0.627743523991302,5
"20538",0.297648437439851,0.097805292038778,0.604525357921409,7.38767801208947e-06,1.35249219493728e-05,3
"20541",0.946790968892121,2.51520463198497e-05,0.0531838670240458,1.17985721526762e-08,2.38940971119752e-10,1
"20544",0.233187559183275,0.757053542072095,0.00111768549191851,0.00863654507562473,4.66817708669381e-06,2
"20546",0.99073863521055,0.00262206182275171,0.00663925571504779,3.15475754361397e-08,1.57040751798637e-08,1
"20550",0.407323137414094,0.554510069449596,0.0331807516098995,0.00492148483103713,6.45566953741491e-05,2
"20553",0.0423032474215282,5.19176093192706e-08,0.95769631623043,3.80462229268738e-07,3.96820279892702e-09,3
"20555",1.57721636883887e-05,0.00322518134205494,0.996758258492548,2.4975423822962e-07,5.38247470400349e-07,3
"20557",0.196564233094273,0.545211438534605,0.254182724861484,0.00404117256452555,4.30945112012779e-07,2
"20559",0.999359640777635,0.00056196122478209,7.4906164555329e-05,3.48311304763072e-06,8.71997991023218e-09,1
"20561",0.00152030054133287,0.554653621374871,7.56381225098387e-05,0.443742869517031,7.57044425523324e-06,2
"20564",5.26414488526349e-07,2.6042456135388e-05,1.00112492767201e-07,0.999971814042279,1.5169746042547e-06,4
"20566",0.868518264048402,0.131238511884139,1.64456440903048e-05,0.000162080594556257,6.46978288121961e-05,1
"20569",3.87492640009005e-05,0.706701669448927,7.68621621875904e-07,0.292527406717906,0.000731405947544377,2
"20572",1.07698180330304e-05,0.0314768291601795,5.73041650151906e-08,0.967883216985046,0.000629126732576439,4
"20574",0.997375156407324,0.000413974667903613,0.00220543091799424,5.43644489527077e-06,1.56188282413857e-09,1
"20576",3.03249590302809e-06,0.000160500650310892,2.37799907306235e-07,0.999835272569574,9.56484304905529e-07,4
"20578",0.780625399969385,0.210857476752235,0.000899674983983465,0.00761553996554996,1.90832884706988e-06,1
"20580",0.800938550462571,0.198803902484624,8.10197239310957e-05,0.000153889246958786,2.26380819155894e-05,1
"20583",2.29796888460363e-06,8.85283142959987e-05,1.93351915286841e-07,0.999907985233159,9.95131744912835e-07,4
"20586",0.875748405413091,0.122346580231593,0.00189461315620476,8.97590825270613e-06,1.42529085853884e-06,1
"20589",0.999714435461017,8.75122477590259e-05,0.000197843151407577,2.21603625782123e-09,2.06923780613134e-07,1
"20591",0.00533076325020746,0.813218340257824,0.181388297435453,2.00672311007835e-05,4.25318254152365e-05,2
"20593",0.9999211835638,6.4464784215118e-07,7.81263190551346e-05,2.2618454044414e-08,2.28508485345688e-08,1
"20595",0.99462124565511,0.00495277339294742,0.000332918039999864,9.2973267886149e-05,8.96440559119905e-08,1
"20597",3.04425518525648e-07,0.00147725926171552,5.52862264086504e-09,1.44049119402327e-05,0.998508025872203,5
"20599",6.26014119901464e-07,3.50669986251505e-05,4.87717964481501e-08,0.999961880352051,2.37786340708981e-06,4
"20601",0.000414135328056346,0.999029489193102,6.14388131098123e-05,0.000489951809509152,4.98485622271425e-06,2
"20604",0.999903085745237,2.0359785272423e-05,7.48476078503238e-05,1.70112925020911e-06,5.73239005432011e-09,1
"20606",0.999886667567277,2.55212703694097e-05,8.77592213310237e-05,4.37867982559547e-08,8.15422382649857e-09,1
"20608",0.998872803162822,0.00110846162448157,1.59628870311896e-05,4.71735699601791e-07,2.30058996499708e-06,1
"20610",1.72183255451452e-05,0.00115439845836669,1.312816071251e-06,0.998825599813815,1.47058620145468e-06,4
"20612",0.227341055802817,0.00264542389002297,0.111499794874892,0.00134035473417942,0.657173370698088,5
"20614",2.2231364809678e-06,0.00538879519121252,7.86926911931983e-07,0.99460702401498,1.17073041418578e-06,4
"20616",0.00772390785758087,0.990642880921142,0.000157894060643441,0.00141971849773721,5.55986628967886e-05,2
"20618",0.000378690689205641,0.00185382997405924,0.997739050037014,2.842527444904e-05,4.02527199943504e-09,3
"20620",0.99887401174675,0.000961207419761584,5.14267342292789e-05,5.16164707775664e-05,6.17376284817337e-05,1
"20622",8.41451014094134e-06,0.000391928524421658,3.05405666809279e-07,0.999598827573527,5.23986243368774e-07,4
"20624",0.975720867807633,0.000889580252410133,0.0233893805694177,1.15349384660001e-07,5.60211542405266e-08,1
"20626",0.758389062508698,0.0249072341134075,2.80662264255383e-06,0.00159670487453393,0.215104191880718,1
"20628",0.3288291078127,0.458944938773472,0.000443966011543311,0.000935248390894362,0.210846739011391,2
"20630",0.858568347433866,0.123305236236245,0.000445324559995844,0.0176748626595425,6.22911035087229e-06,1
"20632",2.62593007562377e-07,0.00507809708630368,1.23817408571327e-08,0.993921374848172,0.0010002530907755,4
"20634",0.999895586727302,4.36373049645254e-05,6.07259756709603e-05,3.31044154149926e-08,1.68876472943576e-08,1
"20637",0.0127076373808106,6.08337665885032e-05,0.987217626074049,1.390275252917e-05,2.60227910025192e-11,3
"20639",2.41478145950964e-05,0.226392687221389,6.15739828689104e-06,0.773571730419431,5.27714629780746e-06,4
"20644",0.422426784409696,2.97842472462655e-07,0.577557650862318,3.53997406932651e-08,1.52314857723132e-05,3
"20646",0.976021650536243,0.000342023376822234,0.0212260316652389,1.21232217761481e-05,0.0023981711999198,1
"20648",0.000225985280722861,0.98000684545082,5.97654743777513e-05,0.0197056465124379,1.75728164175373e-06,2
"20650",0.756810316358455,0.000300609113735755,0.242888948618087,8.14994439037701e-08,4.44102780436881e-08,1
"20653",0.000517010660158466,0.994336027812561,0.000676440246688422,0.00437070621980188,9.98150607904142e-05,2
"20658",0.999543873931689,0.000220608094118187,7.56948110102664e-06,4.1619227370627e-08,0.000227906873864632,1
"20661",0.0591459256877588,0.010838376246797,0.929845793379496,3.25157032964394e-06,0.00016665311561875,3
"20663",0.518735982265206,0.479401553555978,0.0018455547482496,1.29909784631089e-05,3.91845210338164e-06,1
"20665",4.2023472758091e-06,4.06387931104727e-05,1.45320476072941e-08,0.99988121183977,7.39324877958981e-05,4
"20667",0.0289346550553076,0.948492442599134,0.000802192229744903,0.00035459252549138,0.0214161175903216,2
"20669",1.88131819406933e-06,0.0380497674691302,1.75801611829269e-07,0.000500364296426221,0.961447811114638,5
"20671",0.204727929265276,0.00333911811440582,0.791793723515431,0.000139228535124135,5.69763030919202e-10,3
"20673",1.72320478934276e-07,0.00126946060513733,2.59504623759947e-09,6.7283919051411e-05,0.998663080560286,5
"20675",0.00936188247863967,0.803856967888358,1.16188104825356e-05,4.50704418478537e-05,0.186724460380672,2
"20677",0.47981091938747,0.51930179457208,0.000304471513322641,9.47219010760499e-06,0.000573342337019489,2
"20679",5.64023709442997e-07,0.0428813434567141,8.06682679892635e-08,0.0017560702054268,0.955361941645882,5
"20681",0.000115977956882891,0.9525917166022,6.35562308113858e-06,4.39957359159088e-05,0.0472419540819203,2
"20683",0.358098887561157,0.63809737733329,0.000102827329245364,2.24092457646938e-05,0.00367849853054351,2
"20685",1.85380010851774e-05,0.018246633669594,0.981647664528843,8.5198426610952e-05,1.96537386703535e-06,3
"20687",7.43745204276915e-06,0.0503412741690001,1.88492409164294e-06,0.949646629227254,2.77422761129008e-06,4
"20689",0.237244985267511,5.61996918641528e-06,0.762712953023797,3.10593385111601e-08,3.6410680167313e-05,3
"20691",5.5186700669952e-07,0.000196222542697816,1.04372680883485e-07,0.999802222235481,8.98982133896287e-07,4
"20693",0.998757972641489,3.12017874185956e-05,0.00121073089958687,4.52526137900728e-09,9.0146244396099e-08,1
"20695",0.000223296913587603,0.994614480687725,1.71433077039613e-05,0.00512384685572577,2.12322352579186e-05,2
"20697",0.999413896906619,0.000185405110678465,0.000346796919685608,5.38993069755778e-05,1.75604132996015e-09,1
"20699",0.321290623573081,0.664050060406704,9.37343033355823e-06,0.000215177971872244,0.0144347646180087,2
"20701",0.903663118829271,0.0954375370481099,0.000220986199513777,6.29631169629053e-07,0.000677728291935636,1
"20703",2.0332632286829e-05,0.0326483711329123,0.0011728845311916,0.000201869026855309,0.965956542676754,5
"20705",0.992795931936097,0.00298890363646707,0.00421484733673097,2.10973948481817e-07,1.06116756252235e-07,1
"20707",0.00379979828088777,0.9959153442687,0.000259932340995621,2.04103440115548e-05,4.51476540447752e-06,2
"20709",0.0299140531116795,0.0595772603940362,7.61135850681825e-06,0.91013204110205,0.000369034033727287,4
"20713",9.41375361723894e-05,0.959208867850654,0.0112409843526325,0.0292775368980417,0.000178473362499437,2
"20715",0.864896636534344,1.71063075467417e-05,0.111045495304056,0.0240399564449484,8.05409105102163e-07,1
"20717",0.000110685394626813,0.999656951219011,2.15145670631838e-05,0.000170710452953756,4.01383663454063e-05,2
"20720",0.9864011460099,0.0132539429749306,0.000315220402994687,1.96522953912814e-05,1.00383167835045e-05,1
"20722",0.978519682561941,0.0214094074082891,6.76804130771983e-05,2.33805333468657e-06,8.91563358231641e-07,1
"20724",3.88687431634497e-05,0.799527382370317,5.29870729588539e-06,0.200403378822271,2.50713569525919e-05,2
"20726",0.998981944640683,3.86346241630026e-05,0.000979266206495037,2.67241215664979e-09,1.51856247136577e-07,1
"20728",3.14165091488231e-05,0.992883974201098,2.92759301208752e-06,0.000211072333283057,0.00687060936345781,2
"20730",0.000809394983343709,0.600501183425717,4.88288596722681e-05,0.398634807624802,5.78510646483864e-06,2
"20732",0.503422758306115,0.357947274428249,0.103628297672105,0.000119413873944652,0.0348822557195859,1
"20734",0.276757223431754,0.722027221449728,0.00117369482811604,3.70477082432557e-05,4.81258215902468e-06,2
"20736",2.51309130699989e-05,0.108836137257313,5.62111717339736e-07,0.891109618135526,2.85515823733463e-05,4
"20738",0.578353123719104,0.0123086758030429,0.0736265845885894,0.330889525530507,0.00482209035875606,1
"20740",0.611607706463054,0.0687145231162622,0.319369772240419,3.24904425978485e-08,0.000307965689822667,1
"20742",8.68476144119543e-05,0.99866306508379,0.00103342767921179,0.00019909927790625,1.75603446804944e-05,2
"20744",2.12077474848021e-06,0.0181787704977351,1.27312750672353e-08,0.971257634102325,0.0105614618939159,4
"20746",0.0575651609138894,0.942217360973701,7.58875141260974e-05,6.58734387946815e-05,7.57171594882608e-05,2
"20748",3.79880852370972e-05,0.718592438527535,2.03406683371519e-05,0.281337312394225,1.19203246658883e-05,2
"20750",0.00043179918058119,0.326472840776096,1.03351850325508e-06,0.672895363029568,0.0001989634952515,4
"20752",0.963239161915771,0.0359772034936366,0.000781931928715638,4.8651986178184e-07,1.21614201489322e-06,1
"20754",3.42352982513673e-07,0.000504957293560478,1.97209778541323e-09,1.28067523969683e-05,0.999481891628962,5
"20756",0.0824720255824287,0.648925224560049,0.000195988364236608,0.268385748059444,2.10134338412112e-05,2
"20758",0.00910800907937303,0.00305194405657494,4.21302151664314e-07,0.00619748344005754,0.981642142121843,5
"20760",1.38509897354958e-05,0.810618724217788,3.50902202014648e-07,0.18667298228967,0.00269409160060419,2
"20762",7.6933221594087e-07,0.00222335304202088,1.8086456561161e-08,4.01414868962515e-06,0.997771845390617,5
"20764",4.91806784212218e-06,0.255527975137275,2.40674551498255e-06,0.743552035484875,0.000912664564492782,4
"20766",1.96416607326743e-05,0.917594457844238,3.1576796448894e-06,0.0823188759331377,6.38668822465874e-05,2
"20768",0.000486125975641453,0.179631136086429,1.75474717032003e-05,0.819861659663346,3.53080288017511e-06,4
"20770",0.00790809090452754,0.111214770728895,1.88089440519162e-06,5.66697828776527e-05,0.880818587689294,5
"20772",0.999950413955607,3.88288746515721e-05,1.02134813138012e-05,4.76766277333186e-07,6.69221502883069e-08,1
"20774",0.999104435614317,1.24434235260391e-06,0.000876780882457883,2.4090851941138e-09,1.75367517869678e-05,1
"20776",0.000653131077946063,0.998588731538049,0.00073018727929159,2.02980579243936e-05,7.65204678950267e-06,2
"20778",0.275566515797606,2.89095496519109e-07,0.724433122050093,7.00522967785844e-08,3.00450779313057e-09,3
"20780",2.15092677090777e-07,2.68524881190309e-05,6.79827132623975e-10,1.54502071786198e-05,0.999957481532198,5
"20782",1.34113472974521e-07,0.000776386496452724,4.14826776873916e-09,0.000116747452844248,0.999106727788962,5
"20784",2.0961067272558e-06,0.00318190485758341,2.7317866587897e-08,3.07751182928652e-06,0.996812894205994,5
"20786",1.75928994052504e-06,0.000265831714241957,6.18921555936526e-09,0.973522207836629,0.0262101949699732,4
"20788",0.00748155087765635,0.991780909642146,0.000681132400264348,5.53617623689813e-05,1.0453175641914e-06,2
"20790",3.96798502412404e-05,0.664587367981667,1.57621861504789e-07,0.0908051308377326,0.244567663708497,2
"20792",0.0201581028225326,0.562904731430337,0.00134516780986493,0.415589013940359,2.98399690619307e-06,2
"20794",1.54686896419601e-05,0.345649234551864,7.13066243856409e-08,0.508330784526535,0.146004440925335,4
"20796",0.996847270281125,0.000586833788522527,0.00256585679373241,2.66890794304896e-08,1.24475404767058e-08,1
"20798",5.26414488526349e-07,2.6042456135388e-05,1.00112492767201e-07,0.999971814042279,1.5169746042547e-06,4
"20801",1.3428174803542e-05,0.000831553654784634,8.475671529053e-07,0.99914738827525,6.78232800887959e-06,4
"20803",0.019708657368517,0.977984688313021,0.00228437834783183,1.10541249313161e-05,1.12218456987877e-05,2
"20805",0.237818620312273,0.76143734945955,0.000683252500476345,5.15306024940906e-05,9.24712520719216e-06,2
"20807",5.26414488526349e-07,2.6042456135388e-05,1.00112492767201e-07,0.999971814042279,1.5169746042547e-06,4
"20809",0.000973617597738706,0.996703327061268,0.000704824894716436,0.000916767387000219,0.000701463059276396,2
"20811",0.00704294998763981,0.0242272536229575,0.00164060248722672,0.967083414155496,5.7797466802971e-06,4
"20813",0.394525209811594,0.540797980222379,0.00255802155390275,0.0617514812602467,0.000367307151877511,2
"20815",3.90207179007434e-07,0.000256956230470288,7.56634967118475e-09,0.753709196724507,0.246033449271494,4
"20817",6.652517989545e-05,0.973604006553279,3.03498700562467e-05,0.0262944403779332,4.67801883616893e-06,2
"20819",0.249016556955593,0.746382505724345,0.00458915170631235,1.49053364592896e-06,1.02950801036896e-05,2
"20821",0.369877002953721,0.000426601346469858,0.000225546470373186,0.00291738935163393,0.626553459877802,5
"20823",0.0987269369465136,0.88945832695971,0.00273130590933899,0.00907813295206118,5.29723237631925e-06,2
"20825",1.34615929321758e-05,0.936691621525762,1.15074177680209e-06,0.0629504910096657,0.000343275129863069,2
"20827",0.000150111235569907,0.169700360805113,0.000127283208963045,0.830013202434764,9.04231558972237e-06,4
"20829",0.99734243333055,0.00141766455450372,0.00121266562770529,1.20829343593715e-05,1.51535528819543e-05,1
