"","V1","V2","V3","V4","V5","V6","V7","best$classification"
"19812",0.961896367132739,1.2153533598814e-09,0.0187815452347286,0.000155900763075678,0.0191635093017935,3.72316344013249e-16,2.67635230991255e-06,1
"19814",0.871250063177588,9.74980067943474e-15,0.00228207139558134,0.000203318940207554,0.000513799157927096,3.73129952006254e-07,0.125750374198734,1
"19816",0.131126984626567,0.177901175630114,0.000385420583686797,0.0242480814174376,0.666338337524471,2.08485783872097e-15,2.17722114425275e-10,5
"19818",0.953644799120878,6.2744026045616e-10,0.00163058721641367,0.00197801015627002,0.0427465532276638,4.63056795061119e-12,4.96467039504503e-08,1
"19820",8.29914742908288e-24,0.984107569188453,0.000194017241574466,0.0156980252460683,3.88323904249539e-07,1.30430028882246e-28,3.05052169887014e-78,2
"19822",5.35638826265706e-33,0.0734849891079866,0.0286524816624607,0.897862486883679,4.23458737126905e-08,4.68248786927584e-59,7.31604545278175e-127,4
"19824",3.06977815029342e-15,0.0394279542516224,0.000454049656320602,0.953325381039248,0.00679261505280571,3.71495606970389e-29,1.60811074171041e-67,4
"19826",0.973445965882136,1.53129177875e-12,0.000394253664620912,0.0156578632759087,0.0105014878843753,5.9874795758042e-16,4.29291427234933e-07,1
"19828",1.3954167960369e-09,0.962404622958059,0.00301619211578235,0.00287067872198908,0.0317085048087528,9.09698066966276e-26,1.61052863969327e-43,2
"19830",0.966421977145929,9.70985972405283e-27,0.0299000451142524,0.00346358697633592,0.000214390763483135,2.74314896006032e-25,9.08311664011771e-24,1
"19832",1.08462345644378e-06,1.21396766588525e-06,0.92709086572638,0.00015571131930759,0.0727511243631904,6.00959023568415e-34,1.02361630238619e-38,3
"19834",0.00626421713964192,0.000331976636633073,0.0137654943909042,0.01941029293117,0.960228018901651,5.19419787691296e-30,8.15524370473166e-28,5
"19836",0.222143149648026,4.17698253132744e-08,0.00660787941627021,0.0274203949017564,0.743828534264122,2.53433271315591e-17,6.26636153344944e-17,5
"19838",0.192805520806038,3.27049331629965e-26,0.00170672888275407,5.20374070246334e-06,1.53736789991184e-06,3.00957524657093e-06,0.805477999627359,7
"19840",0.14698526321267,1.90046657736067e-05,0.000279827540197365,0.0914567374697751,0.761259167111584,1.00282227475965e-27,5.48803187469588e-18,5
"19842",0.14047724073763,2.56891645716462e-38,0.0013880848062741,0.202813165050899,1.28193029305548e-06,0.655319569182853,6.58292050772165e-07,6
"19844",3.47533567374366e-20,8.76728956316638e-27,5.63938660441916e-06,0.998779920910138,1.55688320679422e-09,0.00121443814637481,1.97151069342524e-65,4
"19846",0.301808754939167,2.43576734219655e-38,8.25030069630194e-05,0.000895929419742854,5.27667600799988e-08,0.486431972272634,0.210780787594733,6
"19848",0.0220562684644334,5.86265660180184e-35,9.20650214916629e-06,1.31155846450623e-05,5.75160137781496e-09,0.00216533638283792,0.975756067314333,7
"19850",0.993075998947126,4.12749970142135e-26,0.000864224470034921,0.00598661421139567,6.13892906576754e-05,1.29875924122686e-12,1.17730794869464e-05,1
"19852",0.489222220858824,0.00031463780309454,0.00295516394635335,0.00755556068872038,0.499952416703007,1.19351673449122e-22,1.21732146596691e-15,5
"19854",0.000693486606653182,3.26280968259261e-34,5.84144113610826e-07,8.57488481362213e-08,1.27855346628475e-10,0.000658210912330953,0.998647632460199,7
"19856",1.09310679636083e-06,1.97029905794373e-23,0.000391638842049677,0.999258722650751,0.000348545400403007,7.83555315951019e-27,1.52468338256557e-37,4
"19858",1.72415559172183e-12,5.86235157072555e-12,0.000286731216149758,0.999030727643778,0.000682541132485369,1.0011448370525e-24,4.64305062032415e-57,4
"19860",0.795133293700596,2.13447020265251e-05,0.00513726652541424,0.00868195106553986,0.191026143988679,6.84633691119532e-26,1.77439411530264e-11,1
"19862",0.0113454620381323,1.15458028307114e-42,4.14123584305707e-06,1.18197670417646e-05,2.82008472710137e-10,0.264715660325514,0.72392291635146,7
"19864",6.54580485904614e-29,2.09272006670294e-26,1.91133907616246e-05,0.99998088658651,1.3688158865063e-11,9.03998197962822e-12,1.00183354812359e-94,4
"19866",6.03717140273996e-06,0.00116451478779239,3.93415595562998e-05,0.503731107268628,0.495058999212621,7.01465754997263e-30,1.59574192201617e-41,4
"19868",4.49474981483361e-40,1.37831697849494e-29,0.99956954644343,0.000430453556569545,3.31110218561271e-16,1.10935951212933e-35,5.82803091992046e-134,3
"19870",0.997916566234769,1.23767174899833e-23,0.00107873467520296,0.000877614887741268,0.000126657358425413,2.7479254796917e-10,4.26569068396799e-07,1
"19873",0.923740999923737,3.3797121279105e-12,0.001744095279832,0.0210353528165433,0.0534795519765082,1.87671638507871e-27,1.44056121310371e-17,1
"19875",9.28821462330559e-05,0.615003247757433,0.00417487044749447,0.00289412269266056,0.377834876956179,1.56000605739038e-35,4.49434901431088e-27,2
"19877",0.993691901140035,8.71762927820055e-16,0.00211780136114802,0.00256254588188371,0.00162775161672885,1.43892426979519e-17,2.03459211308906e-13,1
"19879",0.126290350561503,1.99666898969212e-08,0.00835605168726225,0.0247186464149959,0.840634931369549,1.24406449430551e-33,2.0918126293554e-30,5
"19881",0.909386862631587,1.57907175887113e-16,0.00124067703588325,0.0637363097759945,0.0256361505565352,6.74739451748823e-25,8.67158308440201e-20,1
"19883",0.981327090373596,3.47250804011964e-19,0.000189216612803299,0.0172006845639934,0.00127470625633467,3.10129887153813e-07,7.99206338604032e-06,1
"19899",0.0284282145491379,1.42039757986259e-09,0.00843505887103459,0.039923872470091,0.923212852689339,1.70311828848024e-37,2.88702716393976e-30,5
"19908",1.18900714546687e-23,2.99002606059425e-20,9.06140979394275e-05,0.999909346937069,3.89649913228749e-08,5.35985700932111e-49,1.35974826343972e-106,4
"19910",0.73533671482299,5.47372720456598e-06,0.00161047839770024,0.00516171865641125,0.257885614394806,3.3934593621607e-17,8.88060152501695e-13,1
"19912",0.912714828598881,8.78099646785388e-40,0.0007833293869362,0.0860645343891064,5.01823011151117e-07,0.000434517337863026,2.28846420268945e-06,1
"19914",0.210101232328974,5.21655655707186e-09,0.0181881167639122,0.0295626569715598,0.742147988718997,8.54243980657932e-41,3.67172843902566e-38,5
"19916",4.26585681414564e-24,1.39759479810292e-06,4.7398104205844e-06,0.999992507434982,1.35515979951107e-06,3.91523146678633e-35,3.96025783346763e-101,4
"19918",0.991096802335973,4.59694912689385e-24,8.87865609727364e-05,0.00722773306141141,4.72890626686209e-05,0.000308752903535704,0.00123063607543837,1
"19920",0.224616842248038,5.76097214456359e-31,1.57177508739477e-05,0.0038713640556178,7.19681689037723e-07,0.433925357739557,0.337569998524224,6
"19922",1.63635406244072e-11,1.69999269760737e-10,0.999886521476023,2.89798049201854e-06,0.000110565347253277,1.50098693161835e-08,1.54774336963584e-35,3
"19924",0.975113765150935,8.05501982293652e-15,0.00113293058869948,0.0156489657988113,0.00810433845864466,1.24029242028679e-18,2.90207900986486e-12,1
"19926",0.000177710231673997,2.18331983675291e-08,0.0319491240217645,0.0234164127915536,0.94445673112181,3.30576138851907e-50,2.92354643560545e-42,5
"19928",2.53545375936309e-32,3.01043153121113e-45,1.70779290588829e-05,0.7801199760156,5.95621403813508e-17,0.219862946055341,5.0900270301824e-94,4
"19930",0.798432667055855,4.40131600824165e-17,0.00252100248417192,7.48268560747391e-05,0.000262409544480274,4.84833377730237e-08,0.19870904557608,1
"19932",0.0014714436487124,2.47017345023908e-29,4.54418843709041e-06,8.09473040087897e-08,4.84387525608928e-09,1.82247012833102e-05,0.998505701670388,7
"19934",0.00150054747954514,0.0125977428986252,0.0111684530107933,0.0106789193991917,0.964054337211845,8.78226304091282e-29,1.49658429319337e-24,5
"19936",0.979762949466708,7.44192915675343e-13,0.0117712696933044,0.00065523441585294,0.00781054639758514,3.27183848910599e-22,2.58057908332569e-11,1
"19938",3.94613327162604e-14,0.00593086557332349,0.00233054815749851,0.947850965294381,0.043887620974758,1.87438149982597e-65,2.12406005128726e-77,4
"19940",0.856887256738383,2.47828166328194e-10,0.000637351924554559,0.0161370518908175,0.126338339160126,4.15462740739454e-12,3.41356469960731e-11,1
"19942",7.17570373762153e-16,7.27717018922468e-34,3.82276197867232e-06,0.996744620131258,1.95186761478384e-09,0.00325155515489544,8.78279045061797e-50,4
"19944",0.280110104020071,0.000131904363943401,0.00121860292772318,0.0278316054842564,0.690707783204006,1.83020483741367e-25,3.65922725543544e-20,5
"19946",0.875173028413845,9.42567131395455e-10,0.00112589615008729,0.0256483695149225,0.0980527049785783,1.31773072763454e-23,2.1769210951754e-21,1
"19948",8.48627565894705e-14,6.88186077106263e-34,9.30320014766763e-06,0.490242024007273,9.1774597060084e-09,0.509748663615034,7.35554437562283e-43,6
"19950",2.77424981358011e-07,5.41416606680223e-39,1.89715987581854e-07,2.94059666513427e-05,1.88539304904041e-10,0.999970126703827,1.3583725929942e-14,6
"19952",8.48627565894705e-14,6.88186077106263e-34,9.30320014766763e-06,0.490242024007273,9.1774597060084e-09,0.509748663615034,7.35554437562283e-43,6
"19954",0.0311316756873077,2.19696470385389e-23,6.09955947872031e-05,3.7486440845566e-06,8.72633265709989e-07,2.62999324141656e-05,0.968776407508141,7
"19956",0.000381775197993765,1.4875124304106e-48,0.00867660498753616,0.99094160088313,1.89313396062853e-08,2.51489563842519e-16,4.6023988691994e-27,4
"19958",2.94568849292396e-35,2.16585884219889e-22,0.999987724996712,1.22750032555175e-05,2.61534794893634e-14,6.69122842562226e-15,1.97164016838548e-105,3
"19962",0.00151617935008374,1.03467269824318e-11,0.0143234033863651,0.501313089573418,0.482847327679787,7.94040261044924e-35,7.07813965601654e-36,4
"19964",0.266612050007174,1.10844755522562e-12,0.00502664752263462,0.151060743970993,0.577300558498089,4.52708502054479e-22,1.1251282803266e-19,5
"19966",6.79828803382472e-14,0.0478124578247335,0.000247964246828363,0.939794780384898,0.0121447975434725,6.15950722362891e-36,7.22382902108474e-60,4
"19969",0.995823635951287,5.1341061834518e-23,0.000719480673109445,0.00336887222851556,8.75519260437899e-05,1.07001613905979e-13,4.59220936810142e-07,1
"19972",0.663341373762086,3.43145592218454e-27,0.00224889229989199,0.333049800264724,0.00135993367173544,1.56243363345202e-12,1.99921435068255e-17,1
"19974",5.11060240842702e-05,3.38383160058139e-52,1.79898643212149e-07,0.000181816415844882,6.65681746088373e-12,0.999766897627744,2.70264459574905e-11,6
"19976",0.973072878936886,9.79967728673261e-15,0.000513650436797566,0.0165503553236879,0.00986311530261762,5.14171034331076e-19,1.1201324595233e-15,1
"19978",0.378272323434958,0.000218683555797926,0.000261513127041423,0.0271197204337661,0.594127758179503,1.01620993887141e-13,1.2688319012612e-09,5
"19980",0.00676175115089848,1.0237459848122e-36,4.19644700890269e-06,3.68395459531308e-06,1.62836822916271e-09,0.0399692278141303,0.953261139004999,7
"19982",0.443344966795782,7.38561751825872e-25,0.0488845402506274,0.503962502455091,0.00380799049847216,2.76094248739502e-14,2.13009002939834e-21,4
"19984",6.83802691405792e-07,1.76984570942111e-25,6.09238515152864e-05,0.999900896800918,3.04406150132303e-05,7.0549298622104e-06,1.29494729029024e-26,4
"19986",1.33741817162816e-18,0.962616823578949,0.000269746357555441,0.0370522903043969,6.1139759099268e-05,6.33247377474021e-39,3.91854772623524e-76,2
"19988",1.86561402780188e-28,0.974083314720446,0.000580991375393883,0.0253356729709235,2.09332364656767e-08,2.10470293027591e-34,1.94996640932579e-94,2
"19992",9.00981398446468e-18,0.985669030759882,8.2033298901845e-05,0.0142126485014388,3.62874397770086e-05,1.14700363736383e-32,4.42993950104648e-63,2
"19994",0.549758123514555,4.10105770350523e-16,0.00330749879242546,2.44656108502369e-05,0.000222582970915546,2.37500805788079e-07,0.446687091610447,1
"19996",1.67174260898175e-13,0.992171944823778,0.000166954204584969,0.00719335969498347,0.000467741276486812,4.96520996628275e-28,1.38843928608378e-49,2
"19998",3.20196050992262e-05,1.96051448793045e-19,8.68179282507353e-05,0.994220435071634,0.00566072739501632,2.42102886340772e-34,3.7527347696352e-44,4
"20000",0.0013917757338417,5.91405343730775e-35,0.980739857968334,0.0178529232517098,1.54430461148669e-05,3.27501980355528e-24,3.22658240613099e-31,3
"20003",0.987002994835389,3.89103667297613e-13,0.00809033279249459,0.00012948420407999,0.00460284035341758,5.977618878393e-12,0.000174347808252045,1
"20005",0.0150145797619115,5.14232811086104e-40,2.42990894681134e-06,1.67234020081897e-05,2.98931823574176e-10,0.145382442508682,0.839583824119519,7
"20007",0.03606002297273,9.44302806976295e-07,0.00418648773223491,0.0184472625403181,0.94130528245191,1.28758582341692e-38,1.01780674402379e-30,5
"20009",1.60086830411562e-18,0.000925088667411193,0.000567215241421824,0.997378742996454,0.00112895309471282,8.94524034465606e-52,4.76284038869963e-90,4
"20011",0.934468643161937,4.83972662314133e-20,0.00090762124576659,0.0589736041164259,0.00565013147587033,2.46837307243782e-17,7.46400817571648e-18,1
"20013",0.993957185330128,3.88319472357965e-22,0.000697843680535021,0.00306377218198774,4.82565784823653e-05,1.85751649645611e-07,0.00223275647721743,1
"20016",2.25433800980494e-24,0.502718765854971,0.0021060945764761,0.495167199218505,7.94035004781419e-06,8.29541216467152e-46,1.11000689318597e-106,2
"20018",1.35542655019938e-81,0.00474178162844976,0.991798457785493,0.00345976058605765,7.85839554047581e-27,1.30873781628605e-35,1.62526892612167e-241,3
"20021",0.00014695548631502,0.38350707903937,0.0144687015289834,0.00203870315577648,0.599838560789555,2.62871508950699e-28,2.28129886994534e-24,5
"20023",0.00518589694099572,0.000573237401938736,0.00334277591146739,0.0236667668134138,0.967231322932184,2.91939825976747e-40,2.5549026438863e-34,5
"20025",7.71420887184996e-42,0.0290267609591114,0.942505906089196,0.028467332894806,5.68871076161618e-11,1.54104452773367e-76,1.52838137503053e-154,3
"20027",0.9914532386031,5.09815383472791e-30,0.000576727352671136,0.00594008316333099,1.30033234804589e-05,5.57931509730903e-05,0.00196115440644425,1
"20029",0.843142656148744,1.63593135936285e-33,7.37558660900431e-05,0.00552917205590708,2.07064700134643e-07,0.0508010459101363,0.100453162954422,1
"20032",0.645628443084497,4.73452963830589e-25,0.00143474777582631,0.000125316791492342,1.86527620413417e-05,1.10063445385939e-05,0.352781833241604,1
"20034",3.39682193602145e-11,2.17148350801599e-29,1.07426585266361e-05,0.062248646489485,1.63344408217646e-07,0.937740447473612,5.41829463714092e-33,6
"20036",0.00598236658784003,1.74971954349953e-19,0.000777013133254283,0.982815848371888,0.0104247719070177,5.55671029509283e-23,1.30907569901236e-23,4
"20038",5.76126291262743e-09,0.918601257442124,0.0177173433057637,0.00318595432038588,0.0604954391704633,1.55951377133832e-33,4.31764092372903e-41,2
"20040",1.05372642331567e-45,0.0981111782426826,0.00658214594032207,0.895306675815952,1.04345984328102e-12,9.51591256336765e-46,3.48481635530513e-169,4
"20043",4.13044509510731e-06,0.870097306188973,0.00565373122790159,0.00191942836749374,0.122325403770537,9.92429434951602e-31,5.13494342009056e-31,2
"20045",1.88287737839751e-35,0.97651548107272,0.00460896531530508,0.018875553527209,8.47662723351995e-11,4.30265377863778e-30,4.41284544212769e-111,2
"20048",3.54141787751775e-16,3.13150792165768e-40,1.19587727826521e-08,3.78370209315619e-05,2.93621856209343e-13,0.999962151020002,6.03179538022104e-40,6
"20051",0.0152160364524719,4.05022701864812e-07,0.0895341829778165,0.010908752688169,0.884340622858841,6.08511959180442e-32,5.30790852248061e-21,5
"20053",0.000280924548678265,0.00887848405579942,0.000381108664730878,0.188205405995773,0.802254076735019,6.78580579071766e-35,1.90046336581847e-44,5
"20055",2.75142571429087e-06,0.00125935498075199,0.308998162395481,0.00407252898188572,0.685667202216167,2.97332937394421e-30,3.14770608487657e-37,5
"20057",1.21454187453306e-60,2.39503583163843e-46,0.999946189776599,5.38102234007928e-05,1.570786471538e-27,1.89543355825207e-17,9.62302261299517e-175,3
"20059",5.7392781322793e-09,0.00593763219046306,0.0307435575226335,0.431446395723331,0.531872408824294,2.9809660561175e-45,2.06295733267509e-63,5
"20061",0.000785568406362917,3.64784342709512e-05,0.00102032639587845,0.0267410115102793,0.971416615253208,8.93531588532047e-46,5.76398901980616e-43,5
"20063",2.17738039176498e-45,2.80479531559942e-17,3.52911240898223e-06,0.999996470887589,2.3785325233575e-16,2.07647301420594e-15,2.51955482512907e-135,4
"20065",5.75347344112774e-35,0.508706740926114,0.491259676861499,3.35821055675697e-05,1.06819480901025e-10,8.62236765965908e-35,4.40814243875868e-109,2
"20067",1.90912874421967e-13,0.876037024423423,0.0211622777163924,0.0993968222585883,0.00340387560140511,3.08516200662989e-24,2.47660726344675e-52,2
"20069",0.0745440388775899,5.99541227459097e-34,5.42313922944409e-05,7.68157829363631e-05,6.39623671010032e-08,0.171936274870228,0.753388575114585,7
"20071",0.000191175417166383,1.73446691860122e-14,0.000451432909038978,0.900423654585691,0.0989337370880869,1.44786009516585e-37,5.03298662085899e-46,4
"20073",0.300978637867716,7.42760214130223e-20,0.00157690808611544,0.678529384679884,0.0189150319938911,3.73721277250329e-08,2.66693652244689e-13,4
"20075",1.14229787614079e-31,8.72570912061004e-25,0.999995840909139,4.15909048966529e-06,3.71376584409006e-13,7.48084008502541e-32,3.93981097030679e-103,3
"20077",0.0108750503606511,0.00883826033073566,7.97399301882373e-05,0.186108251065861,0.794098698312564,6.66807298161296e-21,4.8759353354369e-19,5
"20079",4.40345135802578e-09,2.82143117625952e-11,0.00358538682568629,0.972398922352002,0.0240156863906456,2.5268089033201e-34,1.84520177883746e-46,4
"20081",2.65101295650726e-08,0.193667569868084,0.561192132841443,0.00266902238423291,0.242471248396111,1.47489511117503e-32,8.12600444358167e-43,3
"20083",1.97792385864921e-14,3.10734715268054e-25,6.96377991863706e-05,0.999929023399417,1.33880137697596e-06,2.27551084386577e-33,3.90713558067072e-63,4
"20085",2.26308938181759e-27,0.986461187252732,0.00441737719293913,0.00912139653241597,3.90219128499089e-08,3.48149583039446e-34,4.57395061235552e-90,2
"20088",5.9035813460875e-08,0.941781284153328,0.00536968743260323,0.00384455608266358,0.0490044132955921,8.38600407959092e-32,1.29762595089636e-35,2
"20091",2.4835552170141e-26,3.56763443137315e-08,0.999902259141703,9.76369298784738e-05,6.82520737232183e-08,1.65633735258543e-43,2.87564022342589e-101,3
"20095",6.50908775674552e-17,2.2061379900468e-17,4.98431903152039e-05,0.999942428524223,7.72828546217222e-06,9.63170856788426e-30,9.22901637026576e-75,4
"20097",5.4490403327208e-27,0.987811418444791,0.00787740936888193,0.00431111595465545,5.6231671929581e-08,8.12536750570345e-37,2.63201616316369e-89,2
"20099",5.00489608034378e-14,4.50883911682496e-05,2.7492004205707e-06,0.997932359492395,0.00201980291596592,5.0246460987952e-16,1.84993950638129e-56,4
"20102",4.79268339201339e-22,3.95831418305196e-19,0.441867451857592,0.558132468219157,7.99232511046393e-08,3.52688351736887e-23,3.18286729926774e-86,4
"20105",5.78927154796856e-07,0.309393265506384,0.00678536430549685,0.0699851435224684,0.613835647738496,1.00461108120554e-34,8.81464203259904e-39,5
"20107",6.68184989005118e-06,0.557054145368792,0.000416249929496317,0.0421356177577292,0.400387305094093,1.04667439992988e-31,1.11410525195967e-34,2
"20109",1.09041751865668e-07,7.23725893526612e-05,0.000196198283784072,0.779912650561317,0.219818669513985,9.80918137905458e-12,1.13822199753002e-32,4
"20111",1.68183242085148e-15,1.39190683559934e-31,0.999992368061807,7.19708315193224e-06,1.47395574273068e-09,4.3338108409622e-07,1.27999821518686e-48,3
"20113",3.09002604931522e-05,3.67293457667415e-05,0.00015503932811153,0.253755016457827,0.746022314607802,5.16423290265436e-30,2.01145589155665e-34,5
"20115",0.0343249762037128,7.72522660919067e-29,0.959463768371394,0.0058447526845702,0.000366502740322678,1.34663259330949e-17,4.61580823757898e-21,3
"20117",4.51534395404731e-43,7.23781655747896e-14,0.413269060533467,0.586730939465225,1.23610223081922e-12,7.49282108871881e-62,3.22626875935385e-159,4
"20119",2.18796641817552e-13,0.0622959651972516,7.04441716133339e-05,0.930661609588476,0.00697198104244074,5.92233353697439e-20,8.05225419503042e-51,4
"20121",4.24946398461899e-10,0.945554031368173,0.000625373754229351,0.030854691853279,0.0229659025993721,3.08765238420429e-37,8.6676258341329e-49,2
"20123",1.41096768455151e-30,5.40516661878709e-07,0.999938591055823,6.08648501043462e-05,3.5774111264234e-09,7.26007113225406e-50,2.59502873804651e-116,3
"20125",0.890033616749839,4.28846611951316e-26,0.000692946211077053,0.000533798913896542,5.27581190571097e-06,7.44801840558672e-07,0.108733617511441,1
"20127",3.03472696495018e-24,0.991773788928599,0.000191454396115694,0.00803419704266999,5.59632615743589e-07,6.675092058605e-31,8.03963749686248e-85,2
"20140",3.09472002424906e-07,2.21487423263652e-08,0.38921975821764,0.0572170515971331,0.553562858564482,1.3097908792909e-44,1.02081817367415e-48,5
"20142",0.00467466789364265,9.2428778937789e-37,0.00025407285231621,0.0244533231406257,3.07678703206651e-07,0.970617615970251,1.24644613567729e-08,6
"20144",0.316219827885165,6.0687271955601e-31,0.676001185738408,0.00770392017538198,7.50662010457806e-05,5.47955182911661e-25,1.43054948146326e-22,3
"20146",0.0254449461246022,6.7209656603592e-22,0.0379836889743225,0.925544657901082,0.0110267069999935,3.57072257274339e-36,1.63549184944034e-29,4
"20148",0.984596458306034,4.20108497622113e-13,0.00824853522454203,0.0014068918137571,0.00574810162225526,1.31842872557755e-23,1.30329914805169e-08,1
"20150",0.00515554201660687,4.20283932907984e-46,2.20160854257326e-06,4.44772300768078e-05,1.18583016578372e-10,0.992952190873616,0.00184558815257478,6
"20152",0.972040813192634,2.02387453401303e-10,0.0044025891988165,0.00212455826449148,0.0214320305165136,1.39890539610712e-20,8.62515684541127e-09,1
"20154",3.34394172894526e-36,0.00599551102172215,0.991230017207174,0.00277447167612685,9.49771737314404e-11,5.57603459548101e-26,4.1888055184175e-111,3
"20156",9.68183042837213e-06,1.43177887048843e-09,0.00262857504083379,0.609313033462438,0.388048708234521,8.41555207059717e-40,2.66371235291347e-48,4
"20159",0.00651732165897037,4.20564612437553e-36,1.79620452709428e-06,7.30362323309983e-06,6.96778754418725e-10,0.00377927964498683,0.989694298171504,7
"20161",1.1355281494448e-07,4.98023018573961e-25,0.000184595177286696,0.999775244613435,4.004665646373e-05,2.96473979215581e-23,6.20361508785621e-42,4
"20163",0.0970677352004482,4.086529682791e-09,0.328427973064971,0.00201545323156878,0.572488834416428,4.01418746594572e-17,5.50680489329667e-14,5
"20165",7.11602713627051e-13,4.83281656698104e-10,0.000491264076032303,0.998746348923184,0.00076238651358764,3.20236506267122e-12,3.78564725052291e-46,4
"20167",0.936789191559425,4.89232571949287e-14,0.00119039436518316,0.00089502644926005,0.00108671092922161,5.87978477257238e-08,0.0600386178990137,1
"20169",1.56611990661207e-10,8.61662616856799e-40,2.97831542704139e-07,0.000327415699665963,6.59188310635452e-11,0.999672286246261,9.60314030326867e-26,6
"20171",1.3085295922742e-51,0.000430544504674966,0.982709291544356,0.016860163950969,3.40186698132303e-16,4.32727178842424e-24,2.93278591979728e-152,3
"20173",1.85574960116019e-27,9.38146998997454e-16,8.56799656527436e-07,0.999999141073408,2.12693470285565e-09,3.19882136162715e-23,6.42568147945667e-95,4
"20175",0.995670068004315,1.71970140557318e-20,0.00115092797697242,0.00262438090186303,0.000554623036795876,2.5186916426741e-16,8.00533955590205e-11,1
"20177",7.73073242898861e-13,2.82838460725084e-06,1.39092880028657e-05,0.993988183837994,0.00599507848862235,3.193289704289e-27,9.47612960963109e-58,4
"20180",2.53843051564877e-17,0.985389690356086,0.00899770994798407,0.00548464492612904,0.000127954769801196,1.0950163925407e-30,3.25432536161739e-61,2
"20182",9.89687623306851e-35,2.620888535628e-64,0.0370628587290341,0.357385405029409,2.96730008309749e-21,0.605551736241557,2.46372277620108e-101,6
"20184",0.871834631159863,4.43244051103765e-24,0.000554079030137855,0.127136383158674,0.000473969464941686,5.75507551058315e-07,3.61678832364825e-07,1
"20187",1.82103980411737e-09,5.30368505105391e-19,3.22945624147653e-07,0.999932769398123,6.69058352132474e-05,2.30456088834648e-19,1.50669255891769e-45,4
"20189",0.00730360743007306,0.00120936901682119,0.000187124674816451,0.0506079307310156,0.940691968147273,7.04216966190563e-16,4.446566463582e-16,5
"20192",1.19202613624949e-32,4.50620816515318e-06,0.744352006321909,0.255643468459963,1.90099630659861e-08,4.35132506239521e-50,9.98561122198661e-123,3
"20194",0.00012643164483349,1.43619342079256e-39,1.0921787087753e-05,0.999862442406138,1.70615517120762e-07,3.35464236113434e-08,7.83829988363753e-22,4
"20196",1.55782706247351e-25,0.816830602949968,0.18052777163331,0.00264117249387896,4.52922842786288e-07,1.20160744649027e-35,1.65470262174265e-91,2
"20198",0.0501766156217111,2.08073496649485e-08,0.0484511870610452,0.123261450912399,0.778110725597495,1.31352126612212e-36,3.30454130291288e-28,5
"20204",0.943898009881174,1.11159678300282e-31,0.00331070355038831,0.00145903169207067,5.48622155979755e-06,0.00517588343487056,0.0461508852199364,1
"20207",1.20981207226117e-16,0.739303344528069,0.183556903604214,0.0757171359206213,0.00142261594709586,1.3531460374886e-33,9.69572020784658e-64,2
"20209",2.65585071634465e-07,3.65298128817696e-28,0.999247400245426,0.000734490273883641,1.78438956186999e-05,5.21410404797403e-23,3.63459680363223e-34,3
"20211",7.20179665284965e-23,3.64099989142065e-06,0.999980782132542,1.52467359951495e-05,3.3013157146369e-07,2.04972165939592e-29,2.87219332549877e-78,3
"20215",8.03219212063745e-05,0.0020241703325361,0.000632176472057131,0.0594895821646992,0.937773749109501,1.7300639859188e-40,8.84613165104121e-33,5
"20218",0.000416484582852827,5.81290696468089e-37,3.19390409692526e-06,5.33117011027814e-05,6.57036221670687e-09,0.999524469852429,2.53338915640176e-06,6
"20222",1.6283858340874e-10,0.45318911757169,0.415659230130441,0.0138626766066052,0.117288975528425,6.37135883642078e-31,2.73655744216462e-53,2
"20225",0.552320293928758,1.99681063801131e-31,0.266383700957779,0.18113658603023,0.000159419083233193,6.76307104551577e-26,6.22549157875647e-19,1
"20229",0.00115852358816412,6.37706617302655e-18,0.159634033427091,0.743332623664429,0.0958748193203154,2.79062297313937e-34,9.62614257059015e-38,4
"20232",0.000288467578682256,7.36454603220665e-06,0.0115984846708649,0.0104548883999065,0.977650794804514,1.19381863352309e-40,1.47338973669944e-37,5
"20234",7.73747022377579e-61,0.909483084393467,0.086062352262845,0.00445456334368778,2.70373064569234e-19,1.40941425694113e-28,1.1797499544969e-177,2
"20238",3.30849847560045e-11,0.402630062832771,0.0075782782641603,0.350450128545634,0.23934153032435,1.06888383899194e-51,1.59266462066605e-65,2
"20253",5.28317268069796e-11,0.796435770449373,0.0001808921401967,0.171152985112725,0.0322303522448741,9.14115979095927e-31,2.69568538424112e-47,2
"20255",0.899719969173225,2.27457148621858e-20,0.0155384796728775,1.39582111827542e-05,7.23564805180888e-05,4.78031746207244e-08,0.0846551886590221,1
"20258",4.7215280175486e-12,0.994540520232579,0.000534985612295743,0.0023127461871322,0.00261174796327111,1.18429877937837e-28,6.18688985520756e-45,2
"20269",6.16056096504246e-06,0.00575546432497253,0.00218837529993479,0.155542936129672,0.836507063682642,1.81331498481072e-12,1.68073300812641e-26,5
"20271",2.33705421923625e-15,0.386330916097512,0.000468402292771158,0.609163865406163,0.00403681620355156,3.82953935081076e-20,1.47435762719225e-57,4
"20285",5.37879822954886e-08,7.07752216479067e-22,0.000133755046603699,0.998212419467691,0.00165377169772301,5.90680780673975e-50,4.68734212485878e-54,4
"20288",0.000103704170050211,0.000236112759456383,0.000945741605778839,0.0351253269634058,0.963589114501309,1.24172110376151e-39,1.72102484189023e-36,5
"20291",2.09866335108837e-22,0.0668974920546338,0.856302289285093,0.0766372806313313,0.000162938028941615,4.40483883999207e-56,8.12629643723682e-102,3
"20295",5.30620553645898e-13,5.0372555064211e-08,0.00186653357439003,0.980559994111651,0.0175734219408734,6.85862262660889e-35,2.78353542232144e-61,4
"20298",0.00470477361679394,3.79376540460322e-32,8.17259918409238e-06,1.1860266479939e-06,2.87729279097981e-09,1.12908005950097e-05,0.995274574079486,7
"20302",0.327441477006945,1.51204849355524e-22,0.00561510652591937,0.653361870507463,0.0135815459596731,5.03078587479096e-22,1.47281470999781e-19,4
"20305",0.0159516279684931,3.73983183101447e-34,1.63267631540646e-05,3.59050310088835e-06,7.67704248493689e-09,7.68824971667155e-06,0.984020758838493,7
"20307",1.9442510147e-12,0.983463166664417,0.00305013196963293,0.0113910174711692,0.00209568389283708,3.92376156648838e-31,1.35008889602823e-48,2
"20310",1.60323724861264e-43,0.968565384113242,0.00117691143284327,0.0302577044530675,8.47056162614164e-13,6.01861985698966e-49,2.45610716364039e-143,2
"20313",9.12826682890371e-10,1.01350971724927e-48,3.64841705944781e-09,9.03495970822522e-06,1.45567080474703e-13,0.999990960478903,3.73608172878747e-21,6
"20315",1.70770163949282e-08,0.627509954584645,0.0011887165169914,0.0580913441238978,0.31320996769745,2.18412300150413e-34,1.41727158358364e-49,2
"20319",6.4464220889408e-26,0.115938707773023,0.871915379027181,0.0121430489608371,2.86423895892882e-06,2.74897228307901e-43,1.77236978733627e-94,3
"20321",1.85319158770899e-14,0.7842966815466,9.90531262761671e-05,0.208531788607214,0.00707247671989136,2.21896702404344e-54,6.2379920898679e-66,2
"20327",3.95946253280815e-15,0.983115886756507,3.52423917494055e-05,0.0162480631996764,0.000600807652062856,2.90847205778745e-25,2.27776552462836e-54,2
"20329",8.19594835130364e-09,1.50111468032334e-39,6.06853457676493e-07,0.521290202221593,7.31755640774444e-09,0.478709175411444,6.31816350962243e-30,4
"20335",1.78038398880121e-26,0.941768900086168,0.0558970129278896,0.00233399851501537,8.84709269569721e-08,7.74706839423394e-29,1.53514190139695e-86,2
"20337",0.00101369849604334,5.21112050493843e-34,5.39535130298757e-07,2.68820323626044e-07,4.19808996273492e-10,0.00450877448151708,0.994476718247177,7
"20339",1.40530093400838e-20,1.38764700988891e-16,0.964781513369439,0.0352159033802317,2.58325032926528e-06,2.88231565019039e-53,3.90301899957305e-98,3
"20341",2.95583053194731e-33,3.32532333875055e-06,0.859339204507168,0.140657466983047,3.18644620019131e-09,6.50613782355442e-40,2.17532503675592e-119,3
"20343",9.10970601497545e-30,0.606568615753209,0.00402649019038731,0.38940484528561,4.87707939164405e-08,4.63691523395497e-31,1.38728288266477e-99,2
"20345",0.99549958739348,4.03486335383334e-17,0.00166400495366865,0.00121542351416261,0.0016185050580359,3.16183273704736e-13,2.47908033721161e-06,1
"20350",2.01797274468432e-15,4.20210032579393e-15,0.0061179588354782,0.993836979337094,4.50618274218957e-05,2.39681977303346e-45,3.88660817695333e-77,4
"20352",5.40967301744013e-08,7.94021963647674e-32,2.23121863469278e-05,0.0110581490648687,1.23869510317107e-07,0.988919360782544,3.81987877930059e-22,6
"20355",4.92577433033898e-07,2.88267021256401e-19,0.0017926040841202,0.996223654027336,0.00198324931111047,1.30743158747548e-31,8.18714961771511e-45,4
"20358",8.15014487041027e-05,2.95272639078825e-40,5.39151009491179e-05,0.999864218771543,3.64086794219728e-07,5.92009043028304e-10,1.07720026313736e-23,4
"20363",1.29501967980095e-08,0.834542942204434,0.000228390660242006,0.0530886418504371,0.11214001233469,5.53614567312629e-45,1.00627477825523e-43,2
"20365",3.03692866092437e-08,0.00297543275961655,0.884762499837712,0.000165909659286399,0.112096127374099,3.28628489398814e-39,1.06234311072851e-43,3
"20379",0.780558730237076,2.70703434700986e-23,0.216083524695225,0.00143513799270315,0.00192260707499499,3.66919004997508e-22,1.84596636012832e-16,1
"20387",5.07781366580856e-09,0.969101286226878,0.0126262310823178,0.00132521610201815,0.0169472615109729,1.21326587710751e-27,1.51481526063341e-36,2
"20392",5.75250549768597e-29,0.00072705792558745,0.999268516458766,4.42083033456402e-06,4.78531176439068e-09,1.14617322889446e-33,9.90000829054393e-95,3
"20395",0.990045122047764,3.21605722347886e-13,0.00226956491940113,0.00391727939782414,0.00376803282154858,3.86287763600266e-20,8.13140543178559e-10,1
"20397",2.68852125297164e-23,6.89189186806109e-56,3.25404687964379e-08,0.00899317695857502,2.49871830783396e-17,0.991006790500956,4.86700379958759e-67,6
"20410",1.10868944752713e-05,0.301016359188605,0.0246814996180744,0.0106138179906674,0.663677236308178,2.57807376672281e-21,2.1956571908335e-26,5
"20414",0.97869921620333,9.74789898936847e-21,0.00495007306844501,0.0128368113448605,0.00351389703910795,5.93402576238566e-16,2.34425613645507e-09,1
"20417",3.71896254538728e-90,0.00116174394340284,0.849686288277488,0.149151967779109,1.6205011847015e-29,1.99905851072459e-24,4.20296220293308e-256,3
"20419",8.00559984852093e-14,0.975317149492488,1.16974136521071e-06,0.0242134935265563,0.000468187239510408,2.92456389537063e-23,5.18885819905032e-50,2
"20421",0.000585798333976087,1.2207415416121e-18,0.855966838404678,0.121177344500908,0.0222700187604387,1.81777918513675e-22,3.60943137412005e-36,3
"20423",0.992166648927567,1.67848116711393e-25,0.00630673560369914,0.00114207174417872,8.90591429644098e-05,4.37734022064825e-06,0.000291107241370576,1
"20425",0.975011766430901,3.69586233217538e-24,0.00817679352356296,0.0164350819160161,0.000368826274627905,2.48627985110151e-06,5.04557504065143e-06,1
"20427",0.986063019039425,5.15385044098664e-09,0.00208083618736364,0.00199725264190547,0.00985758738172928,1.61956493187653e-18,1.29959572651529e-06,1
"20429",4.38958882285771e-24,0.00238447309294093,0.000151467215917382,0.997453387956797,1.0671734345278e-05,2.24097810952659e-54,2.61715969942465e-117,4
"20432",0.80940275312424,3.08443373800134e-31,0.00161491959820691,0.188910985145304,7.13408923606376e-05,4.53089370593771e-11,1.19457907011165e-09,1
"20435",1.23049494765545e-05,1.16924833547427e-05,0.0540468915440833,0.0107182747747207,0.935210836248365,9.74739282169121e-59,4.56140367129479e-50,5
"20438",6.49587126261703e-10,0.164152635767834,3.13544520495878e-06,0.810442188662219,0.0254020394751553,7.21292481106818e-21,1.45314114970275e-40,4
"20440",3.7467526777819e-15,0.95932306605382,0.000142807529295875,0.0388718430913273,0.00166228332555305,1.9465691162377e-25,1.64090848832953e-59,2
"20443",6.9080785228621e-08,6.43877588113833e-24,0.000170054491551478,0.999793076460173,3.67999622096922e-05,5.2807837232892e-12,4.2473055918545e-35,4
"20446",6.14778536572733e-05,1.53545807766301e-08,0.00786117547955504,0.0711333412895166,0.92094399002269,4.26109753744913e-39,1.05120624208664e-36,5
"20449",0.00306054707617776,9.23681819299758e-06,0.00699979390478664,0.012976279011432,0.976954143189411,3.91400396585872e-46,1.15696654898227e-40,5
"20537",1.86050754014062e-15,0.0136042213909046,0.957155428136356,0.0227003640762384,0.00653998639649947,1.67495459605229e-43,1.16854711807684e-81,3
"20540",1.2678134551053e-38,0.00234970732433814,0.997639377852176,1.09148191222277e-05,4.36368588122005e-12,1.64841171731162e-35,1.9194846325347e-126,3
"20543",0.752307573655819,2.51954311578884e-07,0.00867699086763673,0.0040956482205835,0.234919535301649,1.21846597866442e-22,1.56753085551706e-17,1
"20545",6.01987659550862e-28,8.53037651900141e-06,0.999986901634472,4.56516652493359e-06,2.82248417029786e-09,1.01134801271404e-21,6.46543026843957e-85,3
"20549",0.901280311800139,2.18667323781712e-09,0.0315353474741953,0.000585822878244441,0.0665985137169945,3.53794143322512e-13,1.94339939669567e-09,1
"20551",0.0222437385934272,0.0603766983343993,0.00753841176189259,0.0112291118670601,0.898612039443221,3.7241038381476e-24,7.86385999825533e-18,5
"20554",6.78022401403909e-06,0.700028232743045,0.0027430448419535,0.00583317140772161,0.291388770783265,7.74742024752595e-19,1.8506571390886e-25,2
"20556",0.0571461685839403,1.35944431465375e-08,0.156211394112371,0.00661595523166826,0.780026468477577,2.14483167769618e-27,9.16700827171227e-23,5
"20558",7.17567054738742e-12,0.995349201089401,0.000606710136895577,0.00242609707950209,0.00161799168702546,1.28370543109422e-28,5.65819224350835e-46,2
"20560",0.0163931933806674,0.0461472793867213,0.000436574086382391,0.0983555163845613,0.838667436761661,6.10771751308002e-18,6.45087745323578e-15,5
"20563",7.87013351696771e-25,0.993582815059212,0.000223774394049209,0.00619311946356463,2.91083174558608e-07,9.46444280437601e-33,2.43948360051619e-83,2
"20565",0.000225121065325681,3.86400929131042e-05,0.00238572578148419,0.102693090038598,0.894657423021679,8.67386683394863e-37,6.72342899212525e-37,5
"20567",0.798704457236545,5.98587437253772e-30,0.000528203531772002,0.200723327936108,4.40085265368106e-05,1.74664866720658e-09,1.02238957768689e-09,1
"20571",1.29983710765487e-21,1.78038895216664e-05,0.000591699252307799,0.999340941984019,4.95548741516823e-05,5.2064948066488e-41,5.82761046797327e-91,4
"20573",0.0028805355819343,0.00125249312336637,0.003742544831045,0.0197083372668301,0.972416089196824,6.04236024371608e-34,1.31769812278805e-33,5
"20575",8.10832496059308e-18,0.973767653691291,0.000151687063018809,0.0260149484059965,6.57108396932007e-05,6.99363097307824e-36,3.14436312643484e-71,2
"20577",0.608926923752126,6.83821402014224e-10,0.0163529641055214,0.0209246078657205,0.353795503592811,2.45097370376829e-32,9.4506408375898e-22,1
"20579",1.57171504529535e-09,6.23124354754106e-47,1.63317665508899e-06,0.88515361857864,2.7319965945355e-10,0.11484474639979,3.54008522764295e-35,4
"20582",3.13895493729721e-18,0.992245313789979,0.000283548432688767,0.00743960425415157,3.15335231802535e-05,1.79318512341809e-31,2.50426728858494e-64,2
"20585",9.6040957235097e-10,0.00102556600632389,0.986555028305214,4.47659899211881e-05,0.0123746387381314,1.18118882833529e-31,7.75067754942323e-42,3
"20588",3.22607641217796e-15,1.39071051686283e-13,0.99435853626455,0.0052334824237754,0.000407981311532216,1.30305022685758e-68,1.98794526707881e-82,3
"20590",4.00453121650434e-06,3.23222368124649e-49,3.92022511422987e-08,0.000440698580705084,1.39009382970662e-11,0.999555257671924,2.35108910388853e-15,6
"20592",7.90644375749735e-19,0.983289513210568,2.66445797156184e-05,0.0166731272506041,1.07149591128308e-05,6.61630987726081e-25,1.29706162927217e-62,2
"20594",2.93445121681839e-20,0.995447013916129,0.00136916513899808,0.0031751017423715,8.71920250187302e-06,3.54948013419144e-29,1.4779603443159e-70,2
"20596",2.99457162360546e-05,0.00658686428627821,2.84361619771377e-05,0.217253427260259,0.77610132657525,7.63907575109679e-21,3.59182344708017e-32,5
"20598",0.00569902108899987,0.346008603527527,0.0024174746914394,0.00934101229869578,0.636533888393338,3.2631188957757e-23,9.48480752644459e-18,5
"20600",0.00063913350583632,2.66248591477034e-09,0.638618785906983,0.00600240352722222,0.354739674397472,1.02804025110152e-34,8.92872958707867e-36,3
"20603",0.847004386766709,2.40575196063784e-23,0.150253312963745,0.00191493146782949,0.000827368801716565,5.37117075456007e-27,1.31612357798969e-18,1
"20605",1.59608988730663e-08,0.743060939709666,0.00358521428774876,0.0393179636000562,0.21403586644163,2.01849282373636e-34,2.8900362153238e-43,2
"20607",0.000145868564965615,0.63373026680483,5.86770659328063e-05,0.0452803364200465,0.320784851144226,4.01595658145922e-23,6.69726888686653e-25,2
"20609",9.25734109381471e-05,0.254393478145684,0.00324613922668077,0.00437203579411962,0.737895773422577,1.36150632201205e-21,2.00574038516405e-26,5
"20611",0.0206185703935857,1.38738431367412e-34,1.14256377429022e-05,1.00513127555577e-05,5.77593418061028e-09,0.000309748404395032,0.979050198475587,7
"20613",0.141702424929034,0.000410888397671461,0.0781185192384087,0.000454061162131134,0.779314106249165,6.50013760595676e-16,2.35884247478101e-11,5
"20615",0.497024382221385,4.76629643780659e-07,0.0902945971721525,0.005324924745232,0.407355619231499,3.59840870359168e-20,8.78490585376437e-14,1
"20617",4.51459384532562e-07,1.14168582944261e-39,8.23699235884935e-08,1.45688646918118e-05,6.13181948227785e-11,0.999984897244087,5.95274153861415e-13,6
