"","V1","V2","V3","V4","V5","V6","V7","V8","V9","V10","best$classification"
"19812",0.000465967468910258,4.31190596758768e-07,0.000104945829304612,1.43864046944881e-05,0.64229013270255,0.000222931026363458,0.203813583247761,0.152970086978551,0.000116888826175761,6.46325092099094e-07,5
"19814",3.79204864336285e-05,8.15870219606197e-09,1.13213854910532e-06,3.53656254499362e-06,0.982559316042067,3.00360631806956e-07,0.0135022314822874,0.00205738541055458,1.99805314634983e-06,0.00183617130508329,5
"19816",0.288045796588479,3.28546560016562e-07,7.29683675443461e-06,2.35636003070018e-06,0.00349728784772212,0.010422838752944,0.676621328319371,0.0214022938149225,4.47483346417163e-09,4.68458382648004e-07,7
"19818",0.000925161406969367,3.20519498020868e-08,3.66028457349591e-06,1.62084596574128e-05,0.340928508352572,9.87138784481745e-06,0.651796778171219,0.000477282947393226,2.34313451695719e-06,0.00584015380330341,7
"19820",0.998794905418096,1.27912730871778e-07,0.000152487749398819,8.0317589092079e-12,1.88346104757414e-09,0.000124690128383253,0.000910948176743799,1.68385432154708e-05,8.47395602129429e-11,9.51998447481727e-11,1
"19822",0.841081403718783,0.00171934775816857,0.14836631695129,7.18710529322738e-10,1.72562016698843e-07,0.00178147610704148,0.00152977898019387,0.00551796838658234,2.89915265259223e-06,6.35664560685034e-07,1
"19824",0.487287278793408,1.91974016808347e-06,5.96492085090947e-05,3.1190739821684e-06,0.000109102909033877,0.190246592072952,0.32096256645708,2.90020301320429e-06,1.42111269291806e-07,0.00132672943058421,1
"19826",0.00134439642779083,2.89491940148298e-05,9.51649088875878e-07,0.00220256671503064,0.696218529378195,0.0286195349738744,0.0464923930110321,0.225075425619644,1.16747754020094e-06,1.60855537888666e-05,5
"19828",0.733294183948489,6.05342371052822e-09,0.000965314036042552,5.2220606109134e-09,5.04589008696886e-05,2.73181237899453e-05,0.265397463821016,0.000264325736126354,8.35435158268086e-08,8.40614666788587e-07,1
"19830",1.09058770512733e-06,0.000543509873004346,6.15071898831944e-06,0.00151595522153015,0.89539659197122,1.53290888940343e-05,0.00878443567986927,0.0902144387109087,0.00346108700372784,6.14111441520062e-05,5
"19832",0.0123728858837539,4.93932405683654e-06,0.657329029017447,1.68968234334372e-07,0.124363973089864,0.000494604410634923,0.0787098407332401,0.092342317376511,0.0343815166690779,7.24527179837176e-07,3
"19834",0.0557653434446407,0.000211426125411465,0.00512550101952294,3.09807355892615e-08,0.00486796526140551,4.65743623306061e-06,0.14831102999523,0.785666433881702,4.12752628364229e-06,4.34843288346195e-05,8
"19836",0.00115517120035237,2.22529807400635e-06,3.5741782808475e-06,0.00184543803752621,0.0310283109780037,0.128774662946362,0.835058648172862,0.00211505063501358,1.68235095113752e-05,9.50440147536189e-08,7
"19838",1.79621789326956e-07,1.21726102911316e-08,8.06092491055492e-07,9.45198576832547e-06,0.997775618768208,4.58525660550696e-08,0.000349264909173012,0.00159435174478558,8.25956234324845e-05,0.000187673229175563,5
"19840",0.041094535607843,0.000385995049185705,3.41814442760589e-06,7.29703173749977e-05,0.0113429018523949,0.00192317383367456,0.112959952557962,0.832215820206403,2.57421830219074e-08,1.20668855082511e-06,8
"19842",8.45434123941236e-09,1.57649238756038e-06,1.20701087425607e-10,0.986037839549999,0.0136208559918923,0.00020187114519045,6.02416928944793e-06,0.000129499427350432,1.42227404798356e-06,9.02374800336727e-07,4
"19844",6.07027332307008e-07,1.57535743143222e-06,5.67085753692397e-10,7.86272293371452e-06,3.20928480175239e-06,4.90851460370128e-07,3.02377392426612e-07,1.33287133328344e-08,4.54047583153993e-09,0.999985933942373,10
"19846",1.44093975809084e-08,1.14853643966292e-08,2.30145822002635e-10,0.0223163198242976,0.921455915412293,4.66057395745733e-06,0.000162210632803219,5.37125558418798e-06,2.64829381425866e-06,0.0560528478823429,5
"19848",2.64126926822104e-08,6.83396847572888e-09,1.57735891604696e-09,0.000689036309995437,0.979369027147813,7.05308704735912e-07,0.00018510107301134,1.77640960160652e-05,3.4407889271441e-06,0.0197348904515117,5
"19850",1.76557217597121e-06,1.74754509333818e-07,4.82171237102036e-08,5.3240718596997e-05,0.812746298414128,2.76601256110106e-06,0.000417424334847526,9.66361020255232e-05,1.92715402298554e-06,0.186679718720009,5
"19852",0.00736667366158509,6.13465234412828e-07,1.27076731715432e-05,1.6379149430186e-07,0.0153277412411083,4.90869088910836e-05,0.975861893027054,0.00133482634704956,2.85365686584253e-07,4.60085187255408e-05,7
"19854",2.91879924028502e-08,3.07619124287953e-09,5.71222692650236e-09,0.000181258582340304,0.998000786004211,1.00788173809626e-07,0.000175899921898309,8.1162615746079e-05,5.59398081967395e-06,0.00155516013039993,5
"19856",3.35571521254758e-05,1.93614705020219e-05,5.17068092338015e-07,4.14035082900148e-05,0.0104483224967558,0.000152683589185725,4.12576272106757e-05,0.000228292958709683,7.73739221091753e-07,0.989033830389907,10
"19858",0.00193292069200801,7.23948291648348e-05,1.55414207853894e-05,5.55771247252373e-07,0.00047436694627295,0.000660348379132211,0.00202789756245698,1.26645535526993e-05,1.15296645403087e-06,0.994802156878926,10
"19860",0.0200012678585335,9.47825709189908e-06,3.31766194448621e-05,2.83969165024873e-06,0.203056618474593,0.000148850319163805,0.504777483912104,0.271955719702206,4.3703477379087e-07,1.41281304389827e-05,7
"19862",4.63431157002521e-09,1.51324135358836e-08,1.62918245279879e-10,0.0873923796361305,0.911103376781191,4.48118136383632e-06,7.73299806953292e-05,1.52281994999476e-05,5.7129689620302e-06,0.00140147132251449,5
"19864",9.59189555822328e-07,3.5568204557949e-05,8.80839747097989e-10,0.988740463976398,1.09857451952063e-06,0.0111927316533491,2.74548894525903e-05,1.11088068335495e-07,9.2580386593661e-07,6.85739392809913e-07,4
"19866",0.0849571101518041,0.00334787841481116,3.3770603014198e-06,0.000177301100636828,0.000158465430578611,0.65233992542031,0.242356819540678,0.0166589502312087,2.45682594279494e-08,1.48081411700886e-07,6
"19868",4.82917039209209e-07,0.00046078185555339,0.0451250413432486,5.44382099251501e-08,1.2288314052948e-05,6.32107411199322e-10,2.50235644042264e-07,0.00137207609558195,0.953013249500985,1.5774667577261e-05,9
"19870",1.42629587248517e-06,2.15430199869471e-08,2.68080407412609e-08,0.00506800865956573,0.966783472085083,7.37411729771705e-06,0.0266638495027883,5.97781928359671e-05,1.43633625278844e-05,0.00140167943296771,5
"19873",0.0005863820655476,5.76236213454064e-07,5.52608858577633e-07,0.0012471722681177,0.544203946799136,0.000535019207821825,0.451472376695057,0.0015658835858625,1.10257278057555e-06,0.000386987960604629,5
"19875",0.833796109180839,8.32524723358721e-07,0.00146784116148606,8.86699240029446e-09,0.000509795364226269,0.00021028284850481,0.075269383048799,0.0887456769068049,5.49079542014842e-08,1.51896694729703e-08,1
"19877",3.07908850878568e-05,5.98094268302282e-06,7.70231812159932e-07,5.14653213569054e-05,0.765515668407071,1.48883745829061e-05,0.228240234571652,0.00455187579250737,1.54380353537455e-05,0.00157288743789349,5
"19879",0.000969606194218571,5.3068483766064e-06,2.29386384952131e-05,3.52716172607874e-06,0.0238288001158656,4.0649213910804e-05,0.972078863212402,0.00258677145757716,1.23409199835912e-05,0.000451196237444119,7
"19881",0.000157493413836035,4.38729699079973e-06,4.53029186309885e-07,0.00598794434210628,0.876154287609992,0.06949125224919,0.0418406643191747,0.00565259882580341,4.25105001945519e-06,0.00070666786370089,5
"19883",4.72804200943502e-05,5.00012948625451e-07,3.148640606204e-08,0.310849061642448,0.609423359001292,0.0524148941615848,0.0236210020445958,0.00361428000242392,1.40973075636019e-06,2.81814974504928e-05,5
"19899",0.00199286682873322,0.0071344093777934,7.58048563416787e-05,2.17258680406221e-05,0.0101599518778545,5.77157544373695e-05,0.202636938901761,0.777864416714858,5.48942591767533e-05,1.27556100272735e-06,8
"19908",2.0845307504313e-06,0.999687429820685,3.13201361038829e-07,4.49073613329626e-06,1.01896430639295e-07,3.18375529610797e-06,2.4255797658284e-06,0.000299234730925689,4.43706933949315e-07,2.92041717422094e-07,2
"19910",0.00124848124826444,5.62787897543677e-08,1.23776611042444e-06,4.79777531246061e-06,0.0240028936236138,0.000260129378397215,0.974257262650745,0.000206371874635685,3.95850650329349e-07,1.83735534808431e-05,7
"19912",2.20969923672859e-08,7.7446413517416e-06,4.45057186671811e-10,0.849571707499541,0.148749361605556,0.000109521305174431,2.12875181215156e-05,0.00146287850161031,2.92076449094519e-06,7.4555622105275e-05,4
"19914",0.00249554629843258,0.00154257643021276,0.000400076018195206,2.44995439434142e-06,0.117985352230489,0.000425121371600012,0.627529778945287,0.249173705927533,0.000109310383230223,0.000336082440625364,7
"19916",0.00199337693840784,0.000291777592259455,1.35878178141711e-07,1.80975546219839e-05,2.95715578821628e-07,0.996875960109704,0.000818473513108898,3.88957309077518e-07,1.01452498685076e-08,1.4835955817237e-06,6
"19918",2.07359548225974e-06,4.77992855945626e-08,2.00639783263261e-09,0.00422643200240818,0.914237015554452,0.000116140462846482,0.00679421939742354,3.27568415712375e-05,3.46150895554585e-07,0.0745909661892373,5
"19920",1.78864652854022e-07,5.72110994725086e-07,8.08373682431431e-10,8.0511700634266e-05,0.105573917719346,1.48344394409283e-07,8.47782979540435e-05,3.25119291576814e-05,9.41018956455933e-08,0.894227286122596,10
"19922",0.000302079422998238,2.0516989959826e-09,0.127392804209484,1.30840403694772e-06,0.0806405195336878,3.77115853356308e-06,0.0535089344258715,0.000158017713947997,0.737989411019333,3.15206040825996e-06,9
"19924",0.000177897737160103,2.02483211257594e-06,4.40727347100084e-07,0.000198260797070232,0.756406839165412,2.15193176394881e-05,0.204048759126932,0.00841854488909766,2.85921975833526e-06,0.0307228541874706,5
"19926",0.00390789112969111,0.00105019755862315,0.000611489814243529,0.000118952104255126,0.0118612301801422,0.0337643646333206,0.456821017828319,0.491058479479873,0.000806327860156552,4.94113760914601e-08,8
"19928",7.31161591811109e-10,2.56173358947175e-05,8.32924572077537e-12,0.997859192720539,2.64007141575527e-07,0.00211412934777178,1.3513912247737e-08,5.94209535493775e-09,4.93876519102748e-07,2.82516635595831e-07,4
"19930",4.85149083026789e-06,3.60090844345312e-09,2.69809043955497e-07,6.34220708775092e-05,0.972517376387846,4.20389185985129e-06,0.0270983375988257,0.000240849540812163,1.11763671833414e-05,5.95092418129261e-05,5
"19932",8.63951790942576e-08,2.30223520213333e-09,3.92138328918362e-08,3.16301065471686e-05,0.998876099469335,8.79342157169168e-08,0.00041931205874961,0.000138266844502999,1.29112233898203e-05,0.000521564452011968,5
"19934",0.578057879994561,1.50089322919261e-06,0.00915105766421587,2.74449293695604e-08,0.0129635216279579,0.000449168895567268,0.25414233653368,0.145140295461864,1.62585444323691e-06,9.25856295523302e-05,1
"19936",0.000253017275691388,3.50813720174484e-06,3.69489001177414e-05,7.65971064618873e-06,0.810910417487605,8.75076558120206e-06,0.0672208804563531,0.121361180424854,0.000118196344987747,7.94404969615367e-05,5
"19938",0.816366722720372,0.0101768292427938,0.00488854819448801,5.41956700733651e-08,3.14021096729158e-05,0.0099338950233054,0.0677022608737462,0.0908681005973968,1.54105502526434e-06,3.06459875300202e-05,1
"19940",0.000394897463625985,4.25171574075529e-08,1.41766590921938e-07,0.00325986848804682,0.11173858477797,0.00933919262730627,0.875079022212331,0.000116859918485411,1.14904054845145e-06,7.02411879372283e-05,7
"19942",3.75663411693968e-08,0.00014217661740405,2.12544501979704e-11,0.9718834746527,5.49657179291561e-06,0.0279654882463447,3.19738737322336e-07,2.8481627120869e-06,3.54768787995599e-08,1.22945834396607e-07,4
"19944",0.00901071169226124,2.69659766974213e-06,4.12701605079807e-06,8.64817647081631e-06,0.0148209974309499,0.0256028146553628,0.9470853776824,0.00346149194092523,3.24336132208685e-07,2.81047177718661e-06,7
"19946",0.00165852149973869,2.23122716890013e-05,4.39146886103626e-06,1.10652902679553e-05,0.263576758576008,0.000426740808511779,0.721953674409,0.00253588682702496,2.23896249669295e-06,0.00980840988640184,7
"19948",7.46776047505969e-09,6.56144974066793e-08,1.69356574724897e-12,0.996794283592998,7.89755879219984e-06,0.0031970689418899,4.75778089071211e-07,1.38480965594211e-08,8.03239902601369e-09,1.79163783722784e-07,4
"19950",3.61465051515282e-09,3.54201375695709e-08,4.68004997911501e-10,1.07318726807486e-06,0.000777278152165758,6.99301321808859e-10,5.88225848400582e-07,1.06654660677213e-07,1.17988917838798e-07,0.999220795589045,10
"19952",7.46776047505969e-09,6.56144974066793e-08,1.69356574724897e-12,0.996794283592998,7.89755879219984e-06,0.0031970689418899,4.75778089071211e-07,1.38480965594211e-08,8.03239902601369e-09,1.79163783722784e-07,4
"19954",5.41645091551287e-07,2.28479688183039e-09,3.09019932628936e-08,0.000115529637624226,0.994597926872395,7.44593067053547e-07,0.00489190005688574,0.000102654767559094,5.81646007844571e-06,0.000284852780508408,5
"19956",4.80518240067407e-08,0.455699502175439,1.52764121471403e-07,0.0147665481363518,0.151402441454055,2.8301100130098e-06,8.50382622798136e-06,0.0171578889400752,0.000818022251453583,0.360144062290439,2
"19958",2.79632261185323e-07,5.88017110903655e-09,0.00635299946516036,1.74022707080111e-08,6.77529721618412e-05,1.76326802461155e-08,1.33738191502545e-05,2.36104017442604e-08,0.993542810527949,2.27190577936402e-05,9
"19962",0.0206193993599678,0.000294192611288717,0.000745507648960623,2.19037630641959e-05,0.587377708121405,0.0266223943204524,0.0855010666851369,0.0167656725838898,0.000118547099899718,0.261933607805935,5
"19964",0.000397201603718496,1.22033106671123e-07,3.777220044184e-07,0.00637495047035287,0.247640731709065,0.0113453085064696,0.729300685042933,5.90247805799265e-05,1.59738242819279e-05,0.00486562430748737,7
"19966",0.114699458247193,0.000136619884497651,1.26097169089681e-05,3.82317798122162e-06,1.38438456813779e-06,0.873366315120852,0.00807333721279604,0.00370643804747096,1.31858118863221e-08,1.02191945484798e-09,6
"19969",4.23376101971359e-06,1.13244282271208e-06,4.23882087362877e-08,0.0124494360850553,0.97506266027464,0.000243260324948532,0.00397213406384905,0.00823348071052699,2.33533300304718e-06,3.12846159261592e-05,5
"19972",2.40856474870011e-06,2.03483823811156e-06,6.9024714217289e-09,0.529681185900109,0.380971978972698,0.000203897944339223,0.0542396218739302,2.39066645292847e-05,2.5746435600507e-05,0.0348492119033355,4
"19974",1.33670894987037e-09,2.88317931325026e-07,7.38015097231379e-12,0.384079962128657,0.0647698851868953,2.44467777677003e-06,8.96718265140795e-06,3.99701857863226e-07,8.1965817224139e-07,0.551137231801969,10
"19976",0.000189528247760216,1.80417573812675e-05,4.76200645329258e-07,0.000141801001477991,0.453211558914322,3.48412409592037e-05,0.510175382187946,0.0014146000884876,3.41075291292579e-06,0.0348103596081081,7
"19978",0.0138635767357963,7.39238748449851e-08,3.44395397316029e-07,2.61409248796873e-05,0.0157093704941873,0.00316543733137046,0.966981558583615,0.000203029757448284,2.36444789268691e-08,5.04442089523041e-05,7
"19980",2.80959166280656e-08,1.33881449901123e-08,4.13026834153452e-09,0.000198106050195396,0.867596491080153,5.3237239670343e-08,0.000118637070347208,2.3164057636901e-05,5.66914548289554e-06,0.132057833744616,5
"19982",4.0129557349027e-06,2.06277262308945e-06,3.33434292342839e-07,2.75335168423328e-05,0.11638912375225,5.42438428860468e-08,0.000211434963388408,0.000739471196962492,1.10079463447296e-05,0.882614965217719,10
"19984",2.19307642969449e-07,3.41467513700048e-07,7.6461651493749e-10,1.18433073404766e-06,9.68097450076274e-05,2.15428051958235e-07,1.66732566099635e-06,1.69660118858144e-07,6.21683613313749e-09,0.999899385753817,10
"19986",0.975562609476468,0.000235010540724803,0.00128111752948065,2.56658765827551e-10,4.21393417145452e-08,0.00261059562169225,0.0186658293898055,0.00164478729750039,7.3637145449813e-09,3.84613478537641e-10,1
"19988",0.997370111203044,9.82842625479492e-06,0.00147882663608586,2.03143677707763e-12,6.67222666562602e-10,3.94806864850396e-05,0.00104239133635061,5.93601470613548e-05,8.23576429206879e-10,7.18878407316344e-11,1
"19992",0.995142514567508,0.000120968971014623,0.00137515935925631,3.1516965359248e-12,3.55485594174257e-08,1.75511170850518e-05,0.000999197483555581,0.00234455896551206,7.23548840434443e-10,1.32608079408831e-08,1
"19994",6.41386277661567e-06,8.39761756528815e-09,1.14985561948136e-06,3.57129713047718e-05,0.957009852235998,3.63845280103407e-06,0.0415633139291389,0.00132321125997594,4.42456231576714e-05,1.24534116101109e-05,5
"19996",0.991554920529577,1.71284138447334e-07,0.0002042309817027,9.8132629427552e-12,9.98575631218047e-08,8.34047307221282e-06,0.00808198645598692,0.000150239431797083,1.95598484912362e-10,1.07807505842109e-08,1
"19998",0.000758789770548439,0.0631872496643664,2.44144968384036e-06,0.0203509686288806,0.0423739790472853,0.737694735842871,0.00243438363890513,0.131531570113575,3.74768885094828e-06,0.00166213415503356,6
"20000",3.2145917081548e-07,0.00202178689575364,0.000118934745940894,0.00221652697292266,0.660670048590503,1.90563835137477e-05,0.000131365339722227,0.204976494626674,0.129733969126437,0.000111495859361548,5
"20003",8.42368765132751e-05,1.58469709386415e-07,1.51412804254518e-05,0.000216369209966827,0.874673230728515,0.000666237672315879,0.0944745136922326,0.0297306779723208,0.000138891758128695,5.42339872432142e-07,5
"20005",9.5231442852773e-09,3.17492386850948e-08,2.41924107208595e-10,0.0134307234318055,0.968857212881102,8.29072983781646e-07,0.000244970369050615,1.3446749022795e-05,3.56015962025694e-06,0.0174492158221076,5
"20007",0.0141268367532607,0.000421453966585319,0.00024789195177224,7.17516864614485e-07,0.0174474954134965,8.68423723377423e-06,0.863718647237218,0.103891289612154,5.39375624376749e-06,0.000131589555171787,7
"20009",0.2352329808604,0.000119079242566535,0.000359637721977082,5.52802752880697e-07,2.33492648874092e-05,0.739504366138162,0.024540541834782,0.000145462303931451,4.8349927395892e-07,7.35463312663454e-05,6
"20011",4.21581883074954e-05,3.84123917236424e-06,1.04873730941607e-07,0.0764159876415638,0.532393015646012,0.000273988414013567,0.384069918426951,0.000579375047521578,1.82570283297e-05,0.0062033534943973,5
"20013",6.05867420272508e-06,1.01971134865954e-05,3.1361296371518e-07,1.87341636133067e-05,0.885559382464108,3.38452048592734e-07,0.00473617298322938,0.0158880454749987,3.90481896545583e-06,0.0937768522423835,5
"20016",0.92982943797,0.00449921422219437,0.0162913615457451,1.59855575828849e-09,3.61042361177958e-07,0.000968409017167663,0.0474949582247136,0.000912801551131579,6.06268870610995e-07,2.84855925984404e-06,1
"20018",0.0024477586809083,1.00728028969654e-05,0.997464871144238,6.90927377917815e-13,2.4712137481265e-11,2.67419848694527e-06,6.08809556289176e-07,3.45416297400271e-07,7.36689019664836e-05,2.02468464472229e-11,3
"20021",0.224361988752157,2.4011527948962e-08,0.0007476346216604,1.11441354608312e-07,0.00149100464629886,0.00411998884980918,0.768149380444031,0.00112918407500424,6.65757869578114e-07,1.74002874688668e-08,7
"20023",0.0789751673954009,0.000123732035025779,0.000622886942403572,1.71674775474337e-07,0.0107026739067566,0.00721160817415282,0.857830116744919,0.0444964844127969,4.73364702967557e-06,3.24250667393983e-05,7
"20025",0.270849315985346,8.88440783831682e-05,0.723803213174314,1.07753386372479e-09,2.91881880597356e-07,6.40111826622195e-05,0.00488192477142703,6.20557297695876e-05,0.000250337834121559,4.28456169229139e-09,3
"20027",4.82452267341733e-07,1.38089712489469e-05,8.75633374732144e-09,0.588766543063454,0.39909616813364,0.000437179824705603,0.00156379456065538,0.0100934764745942,2.4904848496574e-05,3.6329146042821e-06,4
"20029",1.24643518705222e-07,2.47692241813658e-07,3.44581958445124e-10,0.0432944034172458,0.950654883564691,1.41658396349157e-05,0.00024276758706178,0.00047948016428809,2.65601453791667e-07,0.00531366114528285,5
"20032",4.79515966644483e-07,1.50731550088793e-08,6.07483627000151e-08,0.00936272414941098,0.986988239583471,9.92049100860963e-05,0.00252370788230564,0.000966355239887556,5.52068061075796e-05,4.00609124637355e-06,5
"20034",4.66981813483619e-08,1.14678311753749e-07,3.0063382174595e-11,0.979561414394234,5.54443623881974e-05,0.0203704193578702,1.22659343106137e-05,9.90367342470011e-08,1.40689297397746e-07,5.48186090644052e-08,4
"20036",0.000279658366057058,0.162272915039083,6.76338673322602e-06,3.44550712353233e-05,0.0283675241336926,0.000117052225003923,0.000156954305399307,0.795037867506597,2.0706602659864e-06,0.0137247393059328,8
"20038",0.564372050933868,1.96026593197389e-05,0.0263331423775762,9.68561647698306e-10,1.32964811791381e-05,0.000111085569186015,0.0607201936166962,0.348429808453037,8.18655853826886e-07,2.84722388889868e-10,1
"20040",0.536641189808991,0.00135702247229928,0.0155298583085114,1.09638525292223e-07,8.18582637152879e-08,0.417375025759687,0.029073519678485,3.26753345483042e-06,1.91076698363299e-05,8.17271945988281e-07,1
"20043",0.949127445819897,4.985662717856e-08,0.00385161743640552,9.39269573491436e-10,0.000274214780316712,3.94833165304578e-05,0.0240981374219317,0.0226089126964767,4.09197437800079e-08,9.68128018957343e-08,1
"20045",0.973855677733987,1.94295209463391e-06,0.0253236792688096,1.7709641641368e-13,1.22002085822381e-09,1.14617625906595e-05,0.000800638434552994,6.57718038867256e-06,1.57155547142114e-08,5.73182358904321e-09,1
"20048",2.57764381602511e-09,2.17505154328295e-07,2.60322182787434e-10,2.63304548824404e-07,8.66793049741368e-06,4.66515136121503e-10,3.88680996168399e-08,7.09262007775137e-09,2.70541298144858e-08,0.999990774940469,10
"20051",0.0999744994874262,1.46135228759962e-05,0.0271551429795913,9.83296944113943e-08,0.539079203858966,1.99335765738525e-05,0.0672176638993277,0.256196058906348,6.19754774404185e-05,0.0102808099617563,5
"20053",0.0767570283934245,3.31450849244975e-05,2.60553951785111e-05,5.49832320253991e-07,0.000788271073588568,0.0194122398335199,0.902398171529577,0.000533994269365225,1.01225076512829e-07,5.04433630249329e-05,7
"20055",0.0107174459092354,1.24431139684995e-05,0.0107719280967009,1.82727022691921e-07,0.000415996849398375,1.63114411377733e-05,0.0193168335377953,0.958671798989773,7.70587149885543e-05,6.19979663232622e-10,8
"20057",4.80780484164735e-11,2.10586626037596e-07,5.03792885255146e-05,6.26562071777012e-08,1.55869278179228e-07,5.40499060032963e-10,8.322549859358e-10,1.49159345129476e-09,0.999947009372382,2.1793145550789e-06,9
"20059",0.0431453577562942,7.33224621590051e-05,0.000413927341480883,1.11139672138266e-06,0.000451398210182461,0.0626879337229436,0.892984393548147,0.000208785670602758,3.09209671937819e-05,2.84892427460994e-06,7
"20061",0.0135578212281972,4.40177029174815e-05,1.94948812790979e-05,2.12146065953281e-06,0.00316679286931277,0.00173797146961584,0.980647039882291,0.000814622802635142,1.05721092247516e-06,9.06049216933511e-06,7
"20063",0.0065711731640955,0.156319794038275,3.07931208215448e-05,1.01315781792639e-05,1.46326553474689e-06,0.0024319954705783,8.38306995728714e-06,9.38285699022114e-06,9.98410653689299e-07,0.834615885024914,10
"20065",0.0120773785451971,9.64924459322718e-08,0.987686824756548,3.29024422244833e-13,1.13724752151598e-08,4.48976025783811e-07,0.000131806816677952,6.48257813137633e-05,3.86072584167363e-05,5.7016043223638e-13,3
"20067",0.909864262723826,1.30521307348275e-05,0.0567030101912761,1.52307751832204e-11,1.52530022843082e-05,1.40304446940251e-05,0.0324740852929275,0.00079500409454685,6.70559451761605e-07,0.000120631545028014,1
"20069",7.13911125397028e-08,3.56019584189624e-08,1.129383431284e-08,6.32311947957244e-05,0.597027744204637,2.6964802419793e-08,0.000123060826715805,4.07206506236908e-05,5.89440824056437e-06,0.402739203463279,5
"20071",0.00010870563462527,0.785829366448783,1.7174052680663e-06,8.97642020344113e-05,0.000383662012651561,0.000201940497983592,0.00333859429537712,0.210039919418405,1.95977080542103e-06,4.3703140668502e-06,2
"20073",1.03585194465518e-05,4.059981551838e-08,1.36896934073563e-08,0.000271919104860513,0.0739324868597008,0.000162685138526353,0.00246779130303118,1.32220392673478e-06,3.69474167154593e-07,0.923153013106832,10
"20075",1.12849445208938e-07,2.17378925568682e-06,0.0612384447181668,2.94002529778132e-09,1.87635577025903e-05,6.69810798558983e-10,2.45225263609369e-07,0.000463225649255204,0.938276951133357,7.94677176836187e-08,9
"20077",0.314619443019116,0.00890429785308848,4.46323244197197e-05,1.25942226800179e-07,0.00108063962276693,0.00030364677553418,0.0967323501848801,0.578124062342102,1.10200353795804e-08,0.000190790915830855,8
"20079",0.0702737737187263,5.51475753263259e-05,0.000791164456085226,2.54264086317961e-06,0.0264900258441502,0.000237733715834155,0.00173118808825359,0.00944310083260585,1.60148777577412e-06,0.890973721640379,10
"20081",0.277057774847509,2.96907922459758e-06,0.334263003186087,4.85003165119348e-10,0.000502139755722615,5.63069910919859e-07,0.319172995201158,0.0688327391016093,0.000166296738800285,1.51853497522442e-06,3
"20083",0.000204299737124063,0.300053669895095,1.53760197503884e-05,0.000148812395394722,0.0018455512497024,0.000640804614877106,2.52088479593525e-05,0.0347343534969061,1.08513880467467e-05,0.662321072355144,10
"20085",0.985351704297833,1.60353500898992e-06,0.0138878408150859,5.24058984267944e-13,1.70066650936112e-09,3.80710833167458e-05,0.000503301598220291,0.000217473950867581,3.00393293889272e-09,1.45440096425638e-11,1
"20088",0.951676900920341,5.91875848587011e-07,0.00720685352413678,6.48977732288394e-11,2.53716814812777e-05,0.000338202273931596,0.0347722457557898,0.00597976695616021,4.34254928924012e-08,2.35219197997455e-08,1
"20091",0.000156182598643237,6.12851459489588e-06,0.932170567725817,2.58907761602596e-11,5.77805713433884e-06,7.3061505997874e-09,0.0013665407590539,0.000122913538848812,0.0661710886255943,7.9284827202435e-07,3
"20095",0.00360282167345527,0.00446387903353373,5.44855017891775e-06,0.0205782710013646,0.00135246889479909,0.00083229058286724,0.244704140405916,6.13629336199594e-05,7.02182259283456e-05,0.724329098698337,10
"20097",0.944527217863839,7.18234384045695e-06,0.0541753518342794,2.52846929696922e-13,3.74615551417469e-09,1.05285351279297e-05,0.000494530270789697,0.000785168174116625,1.72098876793628e-08,2.17106181973527e-11,1
"20099",0.241022522308026,1.08037488505498e-05,3.8231084669558e-07,0.00994864646450308,0.000123184029639737,0.478246393639494,0.269304780843016,2.10839066508246e-05,9.75598752849909e-09,0.00132219299298572,6
"20102",4.7340848672377e-05,0.000896971537292297,0.00405827060332896,2.3011142901497e-08,0.00025340370603895,5.71820359164395e-08,0.000394025369010824,1.17999432528344e-05,0.0064332603798588,0.987904847419366,10
"20105",0.907735528441943,1.20500159367843e-07,0.000952130756712096,9.55132719353829e-09,0.00059195062047973,1.55214334598976e-05,0.0893315807520421,0.00113827701002904,3.41448806458167e-08,0.000234846788967219,1
"20107",0.631206922892326,0.000166856715853248,0.00023289325914886,7.89898325531641e-09,1.8883220884224e-05,0.000159191355754634,0.320280583067546,0.0479345383308923,1.3715621521651e-08,1.09542990693233e-07,1
"20109",0.189777967913515,2.10791695473691e-07,5.31644334320806e-06,9.7685921521318e-05,0.00619738029365191,0.0314727429209496,0.508027283556606,7.20239909124801e-06,1.15469276086957e-07,0.26441409429035,7
"20111",1.82057561783278e-08,1.63467137626542e-09,0.000226260670097129,2.41282317096199e-06,0.00881839591632459,1.23379836357246e-09,2.42061019262063e-05,1.69566496246502e-06,0.990804185906049,0.000122821843244135,9
"20113",0.0738832536032447,0.034470622006554,1.83131098811687e-05,0.000246806823377911,0.000423752644702929,0.0214076139579311,0.259216326184128,0.610332851354282,3.83277879644779e-07,7.70380183850134e-08,8
"20115",2.21766730742138e-07,5.10854512391473e-08,1.45522949394878e-06,0.00922337713671093,0.971002368959514,3.24086759245098e-05,0.00438191429199577,1.40826219036505e-05,0.015230885907461,0.000113234324814426,5
"20117",0.0154992946650105,0.00969322980400674,0.0716997394344027,0.0282336231610847,6.34002808752385e-05,0.12008598069507,0.044095179598873,0.0060089838581582,0.704619787793082,7.80709437700072e-07,9
"20119",0.0599297106671788,0.000158258820748081,2.84604293316928e-06,1.21844707841808e-05,8.01702435085322e-07,0.934507149928262,0.00305621007699169,0.00233283579347662,2.28623793461749e-09,2.10952069549136e-10,6
"20121",0.901906548374014,0.000326131753241736,0.00123801326161071,7.11127378941673e-10,1.66672126807114e-06,0.00202004434051868,0.0658448027689847,0.0286627674175831,2.21289691492619e-08,2.52268208516831e-09,1
"20123",8.50354508765117e-05,1.08978411022406e-05,0.988699512080922,4.25809308840819e-12,6.64898049203131e-07,4.23865839457883e-07,1.57026627364345e-05,0.000368104926966715,0.0108196576593769,6.09872203638259e-10,3
"20125",6.74830065504766e-07,1.15363623728812e-06,1.39571301556869e-07,1.0538216279794e-05,0.934087404398725,1.64031568369013e-07,0.00143111917550881,0.000725066489187219,1.41679737191598e-05,0.0637295716774075,5
"20127",0.999001872492691,2.87438859487059e-08,0.000413016461828694,2.02075202324833e-11,4.48507389033714e-08,2.3025710631519e-05,0.000549776612696087,1.21521686409889e-05,6.49123955549833e-10,8.22895552835844e-08,1
"20140",0.000591706565613984,0.00311643568858,0.00144771288433967,9.46292332269256e-07,0.000307653802342308,1.57154330384377e-05,0.0036698943944797,0.990348281835808,0.000501649249242789,3.85422242729608e-09,8
"20142",5.92778988848242e-09,6.38170533568262e-07,1.09946366734388e-09,1.80129830750932e-06,0.00290388973411618,1.56278428408269e-09,1.37343115696248e-06,1.0762888398436e-06,3.80454497564731e-07,0.99709083203251,10
"20144",2.56065348969976e-07,0.000332148786127143,3.68907778044731e-05,2.78905877335302e-05,0.920314824209801,5.8025514492061e-07,0.00069432938045055,0.0104519095475826,0.0649957672940537,0.00314540309595301,5
"20146",0.000186431413927835,0.108874855115518,9.1068238149494e-05,1.47383451649253e-05,0.31463414921466,2.85499231429318e-06,0.0025825731084971,0.177083591065248,0.000200531424991001,0.396329207081529,10
"20148",0.000189612885347933,2.06022524157001e-06,8.22333481048544e-06,4.60878105414979e-06,0.912865664765047,9.73240741670133e-06,0.0133860556632596,0.0734597989236634,3.89739690035789e-06,7.03456172590669e-05,5
"20150",4.34071119058571e-09,3.52524048884576e-08,1.15821811084616e-10,0.0308885976359886,0.658579081207665,6.15511114245019e-07,3.5662578233971e-05,4.03003159733518e-06,2.96237400940523e-06,0.310489010952454,5
"20152",0.00106392712133997,1.7603369716543e-06,1.82235314825414e-05,1.00960524381154e-05,0.847850519712334,0.000694836613742578,0.0616178253846,0.0886806152337435,6.82914817704066e-06,5.53668651708376e-05,5
"20154",0.0044302852234036,4.07872134495392e-07,0.995495754738367,5.96217355000789e-14,6.80973517791384e-08,2.20902389091375e-08,8.81983634581567e-06,2.75150636698188e-05,3.6875751226073e-05,2.5132720246213e-07,3
"20156",0.0148999430503494,0.346157075862362,0.000450835003732307,2.75118685945064e-06,0.00460555818374552,4.57798598306743e-05,0.557312945557909,0.0601345323759661,8.83479529402821e-05,0.016302230966305,7
"20159",7.26143326296529e-08,4.06717739801488e-07,2.18870171555449e-08,2.51466594239796e-05,0.476170479932207,2.37825492006354e-08,0.000103582260930801,8.0908636022662e-05,9.63792577195931e-06,0.523609719584005,10
"20161",1.02902947996886e-05,0.00752000706156439,4.34734751824133e-07,7.91807297926844e-06,0.00248324872080772,3.69340198937313e-05,4.13859286086328e-05,0.000176302018937207,2.45552890086521e-06,0.989721023618757,10
"20163",0.00266425853696974,1.09319508376338e-08,0.000274093578776717,0.000341500425157118,0.895078861463279,0.00179168685641142,0.0926608838016392,0.00680507130614298,0.000382459566230331,1.17353344292991e-06,5
"20165",0.00154241526622839,3.45245449168687e-07,1.99611383051844e-06,8.60150775179723e-08,9.42754844797068e-05,8.50795198702983e-07,0.000406956598037699,9.09363894301587e-07,3.00139831181789e-08,0.997952135103821,10
"20167",7.64194532642085e-05,9.48553652098731e-09,3.37921659240026e-07,1.10865770011584e-05,0.973649447368552,1.97391100250878e-06,0.0205120137359938,0.00106937958258752,3.79276869236187e-07,0.00467895268753432,5
"20169",2.20516368824243e-09,3.76254433854432e-07,2.77434437432342e-10,3.79331184497141e-07,5.61124098724445e-05,4.64952567146441e-10,9.36642606320128e-08,3.62373320964595e-08,5.05591483630407e-08,0.999942948596217,10
"20171",0.00239320968042173,5.82462096615765e-05,0.997464353875434,4.58486356497114e-14,3.3902404143219e-09,2.8917338014125e-09,2.01844694764208e-06,9.87774787268075e-06,7.17543273044427e-05,5.33430337613401e-07,3
"20173",0.000992517836415091,0.000100982788647323,4.37449903957177e-08,0.00227230883921031,1.17887385450744e-05,0.98472666966389,0.000119618495131564,1.3776765124854e-07,3.32470827557492e-08,0.0117758988784363,6
"20175",1.07175422006715e-05,4.42102827797335e-06,1.99892108771424e-07,0.000554136701426676,0.881266318641757,2.68430084644105e-06,0.110477241897423,0.00204035866608234,2.64301232112165e-05,0.00561749120666631,5
"20177",0.0197693722055963,7.70273778224529e-06,1.01537181230135e-07,0.00426671741448285,5.10282751282496e-05,0.950847597406238,0.0250102764282705,3.97838207249144e-05,2.4280681648374e-08,7.39589391424387e-06,6
"20180",0.920450342064506,5.90034658722625e-06,0.0117198033594616,7.10939519597231e-09,9.82232410796668e-07,0.0130602759975279,0.0508179786901053,0.00394404622230501,6.6397257047049e-07,5.13012849533685e-12,1
"20182",1.19690491733935e-10,6.39557037041579e-06,8.06330148028741e-09,0.0143714394841702,8.72664105707154e-05,7.26717333488421e-08,2.03029198887596e-08,2.98626478925983e-09,0.00547747390795569,0.980057320483023,10
"20184",8.67867713704583e-07,2.19959071885267e-06,1.21660380791827e-08,4.18844589619056e-06,0.0203430958364527,1.42686889281394e-07,0.000176448359431706,6.27980289088863e-05,2.38277037181776e-07,0.979410008740913,10
"20187",0.000241754093229501,0.352143719432613,5.02378199694019e-09,0.179254885794932,0.000413240950983205,0.463594813297057,0.00316519766804733,0.000477826062769561,1.0712892263106e-07,0.000708450547664267,6
"20189",0.0423088081069896,7.1421691032411e-08,7.6311077862855e-07,0.000221668621005669,0.00380670452994028,0.494663638442456,0.458794884426845,0.000202817874141027,1.82004295493262e-08,6.25265723571486e-07,6
"20192",0.0416235773941014,7.22768518885443e-06,0.0182057187627833,3.31585877566045e-05,9.43595961245558e-05,0.921597198202783,0.0156236801319758,9.94881477034734e-06,0.00280503535148127,9.54730345378509e-08,6
"20194",1.53208242318004e-06,0.292855683334789,5.12594600231402e-09,0.178560836362185,0.035928614413493,0.000202423746156996,1.23422897424989e-05,0.0256062138892209,8.73085569878191e-07,0.466831475670473,10
"20196",0.320527521164127,1.34655986001114e-07,0.674715200385652,6.56019749546209e-11,1.01214001989271e-06,7.65147356517094e-06,0.00347754795203371,0.00126169048741521,9.23223921891535e-06,9.43638037811208e-09,3
"20198",0.0201978435422619,0.000766067432078101,0.000792387897712991,2.2658895279872e-05,0.309950861411638,0.00516328052071118,0.495982802414978,0.166320340066565,0.000472106815103183,0.000331651003672265,7
"20204",7.7478687409337e-08,1.28421148824465e-08,4.03993023215741e-08,4.55393507307089e-05,0.62651518670766,1.27356933704231e-07,0.000186716223656509,1.25568492038056e-05,2.837283589481e-05,0.373211369955815,5
"20207",0.680918967804519,2.27713341411837e-05,0.30327404673055,6.4210982092992e-12,6.05598962791885e-06,2.25551678216714e-06,0.00613900048138931,0.00962424643795996,3.86594647874715e-06,8.7897521305376e-06,1
"20209",4.14055661281434e-07,4.74645681761748e-06,0.000102821083112339,0.00997433948907338,0.0904984388061404,6.29409432141492e-05,0.00112619164151111,0.00683119047913856,0.891398806366051,1.10679280617933e-07,9
"20211",6.52428079062854e-05,2.28922482616515e-06,0.996236382174145,2.56351463987118e-13,1.37459436400355e-06,3.01437205791862e-10,1.94599976082745e-05,0.000800312300959189,0.00287493266085699,5.93764044183940e-09,3
"20215",0.126826337428411,0.00106924846046153,0.000252778288251884,2.1633272863307e-08,0.000380548848168254,4.13142227884809e-05,0.00324899996137744,0.868178438687284,1.66864696428389e-08,2.29578351539135e-06,8
"20218",1.04976032492788e-08,2.73869143618021e-08,1.69990463358828e-09,4.16638867241484e-06,0.0137916507866298,2.23491632123697e-09,5.31139745082833e-06,1.0199604949892e-06,5.75304588639855e-07,0.986197234342825,10
"20222",0.744801433852805,5.43407142506739e-07,0.19176348070262,5.06695838240775e-10,0.000706031405328186,1.13623934702395e-06,0.00702741672240763,0.0556727449859706,7.92200397976178e-06,1.9290173702976e-05,1
"20225",1.62961889753639e-06,0.000360025977735146,3.03681950670079e-06,0.000329214349615046,0.963454416390191,7.5611888082404e-07,0.000130649971012283,0.0239357462911644,0.000785795983518705,0.0109987284794778,5
"20229",1.13525869783383e-05,0.160048418505874,5.68080770366404e-05,1.11989089630929e-06,0.00142887536813477,2.06327819533949e-06,4.69566368567095e-05,0.838353820582734,4.7836409252394e-05,2.74866404199891e-06,8
"20232",0.0187714263134418,0.000573800548898745,0.00152070040918805,5.44394519955208e-07,0.0021326731916745,6.88763181647542e-06,0.632186866105401,0.344757461587654,4.84832098870708e-05,1.15660751760509e-06,7
"20234",0.745165912415586,6.26425787076731e-07,0.25359706395249,2.04106368833337e-10,9.21480587797953e-10,0.0006082084087588,0.00061747371165936,2.06197346677791e-06,8.65196927778163e-06,1.73869741135363e-11,1
"20238",0.6090738945039,0.000919902505710315,0.00227113915801537,4.04959883026697e-09,1.52679799758521e-05,7.34647829167834e-05,0.385266922493781,0.00237608908286653,3.97932259947472e-07,2.91751097515043e-06,1
"20253",0.673464996962879,0.00681506243187218,0.00068616132257699,1.25197339957285e-09,2.42768955182746e-06,0.00022017326379742,0.00114080420335166,0.317670236589124,3.42953500194702e-09,1.32855339191256e-07,1
"20255",1.31787062401944e-06,4.80568365204113e-08,9.11261930079009e-06,3.18838393004041e-06,0.9893669351938,3.72354935337207e-08,0.00400776885098744,0.00619816303030826,0.000338894794562838,7.45339641563838e-05,5
"20258",0.931047860977394,5.52858053522662e-09,0.000156575657227152,3.46051591956615e-09,4.5094045764184e-06,0.00112098352670222,0.0676312593539543,3.87921089420017e-05,5.71134642534223e-09,4.27076072632513e-09,1
"20269",0.220228721165631,2.0556030048129e-08,4.09574721476149e-05,2.22231568934415e-06,0.00565145813015746,0.000916365130953196,0.748148064655697,1.457036023367e-05,2.70749458622767e-07,0.0249973494640019,7
"20271",0.3944208945328,3.82663136826739e-07,4.82907706833244e-06,8.78294364298703e-05,8.44756496279683e-06,0.540729280256152,0.0647112517047607,3.7057162622217e-05,1.78890726104748e-08,9.71299437916959e-09,6
"20285",0.000200400365449406,0.000373418713698201,1.46462604640906e-07,0.394388714624977,0.0181223309221009,0.575925332529493,0.00114777127333708,0.00934156627525375,4.69655668407851e-06,0.000495622276401719,6
"20288",0.130651402250633,0.00314370322025243,0.000537915226980864,1.29287757054545e-07,0.000765501114091392,4.90577430044917e-06,0.135648711060535,0.729234154625801,4.54048040012302e-07,1.31233916082536e-05,8
"20291",0.173051908495179,0.000126440181115503,0.471262544395564,9.10657990677223e-10,3.98404461424631e-06,3.72651041929357e-05,0.353797149390523,0.00109811058293618,0.000622128444777665,4.68450438458527e-07,3
"20295",0.0197626143824829,2.65538953407656e-07,4.7575696345093e-06,0.00205484119137722,0.00344970908829997,0.842877157845415,0.13063403107954,9.7564321906834e-07,2.24281092852686e-06,0.00121340485014963,6
"20298",4.02676399322509e-08,2.52046681462841e-08,7.98052260886817e-09,9.67557975566015e-05,0.998542612338856,1.95664750090817e-07,0.000193379734626978,0.000304607099062238,5.46397102436366e-06,0.000856911941292423,5
