"","V1","V2","V3","V4","V5","V6","V7","V8","V9","V10","best$classification"
"19812",0.121978644009853,0.000109479505293175,0.000439305210911801,0.177773950941261,0.000345509988802208,0.699217138062915,1.12189953879195e-05,8.32940387834905e-07,7.78423909402222e-08,0.000123842502796405,6
"19814",0.0014922776763443,1.80576352450425e-06,3.55220368984563e-05,0.0145736108050051,4.96970213705059e-07,0.981536770946223,3.0490370487967e-06,0.00235504362654298,2.61362259361784e-09,1.42052457655659e-06,6
"19816",0.0209989024574024,4.22293749830412e-09,0.285320293019804,0.674023670549685,0.0157135480088093,0.00393285327197077,2.04058284799098e-06,5.75823518166429e-07,6.80460734532033e-08,8.04401695175741e-06,4
"19818",0.000386434754204435,1.99279843006977e-06,0.000793488479376972,0.678203065264478,1.56129277925084e-05,0.313896921861272,1.35725576145083e-05,0.00668471286589597,1.01710371875022e-08,4.18831989836298e-06,4
"19820",1.92904988604247e-05,7.21106748087567e-11,0.998756057914601,0.000952555266312099,0.000137594053240428,2.02321591048972e-09,7.29499961010165e-12,9.28073416544396e-11,7.13051074225684e-08,0.000134428766450229,3
"19822",0.00658099851048819,2.40091592094062e-06,0.858542736137755,0.00160769418735482,0.00162938257455736,1.80070762126197e-07,6.91105261887317e-10,5.81294422273329e-07,0.00195948610107118,0.129676539516563,3
"19824",2.99835874845766e-06,1.19526079409416e-07,0.451697278005548,0.346468787084237,0.200405292587163,0.000103018657722172,2.95716532781658e-06,0.0012582650277332,2.58565729756044e-06,5.86979301428137e-05,3
"19826",0.196811089033719,1.08816073055384e-06,0.00123372364942106,0.0383347528928125,0.0360763744642484,0.725748845759162,0.00176815829056658,1.87740655701507e-05,6.17091848494657e-06,1.02276528486887e-06,6
"19828",0.00023860254558475,7.26862767406025e-08,0.702351978710185,0.296310737120481,4.01866048447365e-05,5.18211693476646e-05,4.57812416174205e-09,9.38046307290405e-07,2.27926459258394e-09,0.00100565625958424,3
"19830",0.089412668248638,0.0032068543449336,9.65091052389576e-07,0.00735191494424225,2.08948144559017e-05,0.898533132188286,0.00126164451809547,7.05363665676837e-05,0.00013447936033425,6.91012339434999e-06,6
"19832",0.0605691569115905,0.0280873923557765,0.011829139705828,0.0692320500246952,0.00058204170544561,0.129387719580962,1.27888295739287e-07,8.19828220599613e-07,3.10413921016305e-06,0.700308447859976,10
"19834",0.774736076977814,3.42126415048468e-06,0.0536313488355158,0.161060626705572,6.74519303655368e-06,0.00505453193306112,2.74635137639078e-08,4.89053767136393e-05,7.16561877997943e-05,0.00538666006282293,1
"19836",0.00250022428181916,1.89484325665161e-05,0.00118669523569906,0.754891229366538,0.201906765353746,0.037804489926177,0.00168661154023032,1.261891061549e-07,4.75329962603472e-07,4.43434415564413e-06,4
"19838",0.00109199640209141,7.51958079241962e-05,1.6704614556576e-07,0.000338180219850788,6.89805590874223e-08,0.998246903698893,7.84479828941297e-06,0.000238630591744129,4.2600478785279e-09,1.00819445448073e-06,6
"19840",0.852966156187287,2.22361745557248e-08,0.0362665725632003,0.0966499783295291,0.00249304373386444,0.0115004202535897,5.86679721005871e-05,1.29024286554466e-06,6.05945675075337e-05,3.25391388161982e-06,1
"19842",0.000150021594100894,1.74010918774747e-06,8.86054725858499e-09,5.18506641443502e-06,0.000258803699452021,0.0162626923113382,0.98331991514128,1.1669198251199e-06,4.6614810899018e-07,1.49745028893085e-10,7
"19844",1.74798814673222e-08,4.62547876139948e-09,6.36732404350873e-07,4.12237394091733e-07,5.05488860826646e-07,3.116301388984e-06,1.01247205830672e-05,0.99998092498344,4.25679063614997e-06,6.39932130413992e-10,8
"19846",4.68355922893062e-06,2.73942204416094e-06,1.35137798263549e-08,0.000164178544271732,6.59943281845137e-06,0.908693020785356,0.0214233835312404,0.0697053751049593,5.80416040126718e-09,3.02140907051987e-10,6
"19848",1.43615152694171e-05,3.43461188874152e-06,2.50106991039712e-08,0.000191734176708743,1.04352964801955e-06,0.973985736206601,0.000644024845645372,0.0251596346800371,3.3278810788032e-09,2.09562100848488e-09,6
"19850",7.37612466004648e-05,1.73983198141001e-06,1.66944555181238e-06,0.000452360452661245,3.62928180968356e-06,0.779044634166512,4.96178740177924e-05,0.220372388144186,1.39960253575278e-07,5.95964264591677e-08,6
"19852",0.00122257129197242,2.36087212945372e-07,0.00639167295114994,0.977616405017437,7.4602353412669e-05,0.0146291390172603,1.34568693624734e-07,5.12810578863246e-05,1.76348767202256e-07,1.3781306206972e-05,4
"19854",6.11701205563668e-05,5.46223094215388e-06,2.72799947317857e-08,0.000176042202336676,1.55734736127282e-07,0.997584359477979,0.00016055100331537,0.00201222338181825,1.10067961110235e-09,7.46764114650995e-09,6
"19856",0.000195337753249627,6.61898542293165e-07,3.214020247063e-05,4.43266603238292e-05,0.000145386082855687,0.00966373596906694,4.05487516354028e-05,0.989847731268338,2.95854008622022e-05,5.46012655253693e-07,8
"19858",1.38060883699779e-05,1.00976285035401e-06,0.00194180950882534,0.00253440005003576,0.000690124018202884,0.000455635527538545,6.05459905833424e-07,0.994176238393556,0.000169345354351541,1.70258363639255e-05,8
"19860",0.247870240943362,3.96522019779509e-07,0.019395730387192,0.511086691678754,0.000237604693120813,0.221348706178127,2.43342659802313e-06,1.77430680032142e-05,2.14066538091115e-06,3.8312437442317e-05,4
"19862",1.31672899625377e-05,6.03062547979956e-06,4.29336324542642e-09,7.09268479140537e-05,6.30059806109349e-06,0.918337855030342,0.0798079098892019,0.00175779983819917,5.3785330810438e-09,2.08942536961895e-10,6
"19864",1.79198476202011e-07,1.005225050223e-06,8.46191425318026e-07,2.19813246568576e-05,0.0102680833889275,1.06950935162561e-06,0.989687609718835,6.10315016260321e-07,1.8614329386755e-05,7.98874789821175e-10,7
"19866",0.0214101007844013,2.13194155827354e-08,0.0738554504468859,0.194524615509692,0.709084950707498,0.000159204758473164,0.000147012796935175,1.41533866108086e-07,0.00081553147941242,2.97066342069078e-06,5
"19868",0.00150055454397803,0.949003516131188,5.28456783724171e-07,2.8101517302263e-07,6.76302885394908e-10,1.3340138138159e-05,5.88842572129775e-08,1.67879534146625e-05,0.000663974354422874,0.0488009578463413,2
"19870",5.405053059337e-05,1.43663796899686e-05,1.29412912703199e-06,0.0263697538045912,1.20566320209223e-05,0.96724164059099,0.00454871178124365,0.00175808582787901,6.27316999844305e-09,3.40506944711086e-08,6
"19873",0.00143733649145006,1.02792909793849e-06,0.000535768473213664,0.441887058484106,0.000821260394617677,0.553766523757636,0.00108504104528438,0.000465170620001456,1.65749523111536e-07,6.47055069187594e-07,6
"19875",0.0762243595838679,4.81800160436514e-08,0.845778442594855,0.0755948839125005,0.000294106063809429,0.000577213946894413,7.40509123376407e-09,1.80769154727687e-08,2.41233666786852e-07,0.00153067900238342,3
"19877",0.00458914369306242,1.44281859259525e-05,2.77388679694991e-05,0.228712427241555,2.44998678059881e-05,0.764660912283865,4.55511392240151e-05,0.00192284732769908,1.50899964295209e-06,9.42393250306339e-07,6
"19879",0.00271264932526182,1.07318492713771e-05,0.000840885448044436,0.973132230437001,6.21167405028192e-05,0.0227123461520945,3.04169077122174e-06,0.00049925729331263,1.46104731162269e-06,2.52800164291722e-05,4
"19881",0.0047890983669895,3.87271172778186e-06,0.000142500753346076,0.0357436064888614,0.0826223282875406,0.870951980572481,0.00494562162988982,0.00079882712829261,1.66268631219113e-06,5.01374558978826e-07,6
"19883",0.003275383112666,1.43087832048386e-06,4.39667905490507e-05,0.0195518201962626,0.0683814268353931,0.646860789806619,0.26185103257379,3.39993574936366e-05,1.14569991044236e-07,3.58789149819436e-08,6
"19899",0.836551372889935,4.37202736418739e-05,0.00151157996541089,0.151911719267234,7.17895649302445e-05,0.00894661365006452,1.57910994797161e-05,1.20045597429503e-06,0.000880172815698405,6.60400176311081e-05,1
"19908",0.000845206422699687,6.40711901121351e-07,3.03974870206551e-06,3.46934216210095e-06,4.62589687081864e-06,1.60082080444162e-07,7.29493709052888e-06,3.97219763260269e-07,0.999134742247576,4.2339115388067e-07,9
"19910",0.000200942259503244,3.6752900598627e-07,0.00113461071362795,0.973753627307427,0.00042313511762126,0.0244595586815896,4.1246319958485e-06,2.21632854906863e-05,1.43516204345321e-08,1.45612211849827e-06,4
"19912",0.00157994532784018,3.32628329273883e-06,2.23550000811661e-08,1.88852511253692e-05,0.000140999380874395,0.16783093028136,0.830329334863156,9.42080814304752e-05,2.34762937347899e-06,5.46547349093755e-10,7
"19914",0.26470702607713,9.50818074324438e-05,0.00230229866193492,0.610966806269224,0.000596729175641845,0.11999481911349,2.13129473100282e-06,0.000380676665616168,0.000511116599059196,0.000443314335739857,4
"19916",6.72376602875205e-07,1.10236036078518e-08,0.00218333673529744,0.000875014250994851,0.996516968301577,3.42884205337617e-07,2.10752730561218e-05,1.5219158884591e-06,0.000400914088758755,1.43150015709821e-07,5
"19918",2.9392596319033e-05,3.38849570855682e-07,1.92332449304238e-06,0.00703481476271956,0.00016791370555543,0.897862385565838,0.00397070440556402,0.0909325023344265,2.1914159498234e-08,2.54135422632416e-09,6
"19920",2.70444359430209e-05,7.77031806504823e-08,1.47133728372721e-07,8.57327829014104e-05,1.80920828101043e-07,0.0875966743250001,7.15556489829491e-05,0.912218259326145,3.26845656232029e-07,8.77634309075923e-10,8
"19922",0.000107074288168159,0.701434415829683,0.000301088704375113,0.0541029596456291,5.5453267647605e-06,0.0862321017611361,1.10362030739817e-06,3.95757329827243e-06,1.38165980911642e-09,0.157811751868978,2
"19924",0.00836536880983288,2.70302110385638e-06,0.000160656450796298,0.214720556231805,3.49391183872239e-05,0.7394848428817,0.000180513735629236,0.0370494056314162,4.84694156517193e-07,5.29425172753242e-07,6
"19926",0.574947013425429,0.000791378437868219,0.00363425562163108,0.362079230248765,0.0445688317884251,0.0130697872360823,9.71738124397345e-05,5.63867721196089e-08,0.000175111060588908,0.000637161981998857,1
"19928",8.69646151914693e-09,5.35925148469604e-07,6.5238447642986e-10,9.90882986030733e-09,0.00152863852465313,2.52412229521042e-07,0.998446369324089,2.41038015733521e-07,2.39435107427678e-05,7.44538234851077e-12,7
"19930",0.000181409116722731,1.04520792709775e-05,4.37241528756893e-06,0.0256600965343055,6.81290571197348e-06,0.974008919923283,5.18707186691562e-05,7.57285993984697e-05,9.5064526807538e-10,3.36756705333204e-07,6
"19932",9.95090834439136e-05,1.22817956586765e-05,8.04213594323649e-08,0.000417310226734415,1.37851349945748e-07,0.998766964066795,2.71836317210705e-05,0.000676481148025396,8.08304023716465e-10,5.09666083586012e-08,6
"19934",0.115556741093124,1.36376599503594e-06,0.581168656995285,0.278801247454585,0.000607115857216077,0.0137429952240066,2.38033708941788e-08,0.000108392270908168,7.40445334948739e-07,0.0100127230901748,3
"19936",0.103729450522735,0.000109903335190542,0.000233707719703167,0.063992489935101,1.36331652593239e-05,0.831771675176338,6.36443209597806e-06,9.84980563026801e-05,7.54381384256077e-07,4.35232758903752e-05,6
"19938",0.116484051042489,1.33022178241251e-06,0.792972816722438,0.0695549463625076,0.0108489270232247,3.22593809822095e-05,5.1227752114764e-08,3.00409883855395e-05,0.00548941615415121,0.00458616087628717,3
"19940",0.000122299355842194,1.20409873655662e-06,0.000376966149757387,0.860669600093233,0.0150712311293957,0.120686129021461,0.00298313681274325,8.92458965471382e-05,1.08395280261099e-08,1.76602754699662e-07,4
"19942",4.21139409749277e-06,4.02925574158329e-08,3.62841676575751e-08,2.43764206986492e-07,0.0239315129859581,5.9051374478262e-06,0.975986424662324,1.20770258031299e-07,7.15046884960665e-05,2.04863386230464e-11,7
"19944",0.00380539211045067,3.22236578236193e-07,0.008944323595341,0.931540103492604,0.0389634252093191,0.0167294787350403,7.80042478344741e-06,3.52248938040916e-06,7.24339289040382e-07,4.90736721329846e-06,4
"19946",0.00243820934552152,1.90020307171256e-06,0.00146142291087525,0.735110293198543,0.000603802733116081,0.249494991957548,9.65971464944703e-06,0.0108653231294268,9.45940118467602e-06,4.93740606318713e-06,4
"19948",1.76811483797013e-08,9.24474208808644e-09,7.13583120674712e-09,3.85955265409215e-07,0.00309028941182148,8.32301954744682e-06,0.996900745034347,1.85497590493678e-07,3.70179431232705e-08,1.76341441610007e-12,7
"19950",9.40699391631001e-08,1.00451558188589e-07,3.16656501427701e-09,6.81878219394202e-07,8.0963721664617e-10,0.000649417165426224,1.07604691361568e-06,0.999348579848334,4.60381750545794e-08,5.25232108227384e-10,8
"19952",1.76811483797013e-08,9.24474208808644e-09,7.13583120674712e-09,3.85955265409215e-07,0.00309028941182148,8.32301954744682e-06,0.996900745034347,1.85497590493678e-07,3.70179431232705e-08,1.76341441610007e-12,7
"19954",7.92146599914043e-05,5.59619268045893e-06,4.93938102854367e-07,0.00479463630435197,1.22212438072082e-06,0.994652383903872,9.84446350095217e-05,0.000367967847889783,6.39570519267949e-10,3.97541507497011e-08,6
"19956",0.0216690253026558,0.000828030471038906,4.82424288268914e-08,8.73702496607449e-06,3.11603452178041e-06,0.155730087961799,0.0161440087310704,0.393638242988796,0.411978526445552,1.76797171286768e-07,9
"19958",2.01027483484122e-08,0.991870059221345,3.01155258377592e-07,1.58355929873343e-05,2.10886675205555e-08,7.16064905199148e-05,1.81755174812661e-08,2.60105954002351e-05,1.79141477031554e-08,0.00801610966340746,2
"19962",0.0137982427345569,9.93561630654408e-05,0.0197901358783581,0.0887979610579053,0.0286977046753457,0.569032628237072,1.98606204231437e-05,0.278607440332678,0.000341289260662311,0.000815381039933209,6
"19964",6.01903417462818e-05,1.62908941128423e-05,0.000364654982914625,0.723154473140812,0.0167369108040236,0.248012447360144,0.00587328371886161,0.00578124711210133,4.33598420162343e-08,4.58285440864368e-07,4
"19966",0.00481242829777257,1.24199201260837e-08,0.109710970878055,0.00658263750531264,0.878838601527463,1.51439934143561e-06,3.30173504787955e-06,1.00756752128499e-09,3.94106143569425e-05,1.1121615162522e-05,5
"19969",0.0067392224705196,2.16053747928307e-06,3.76131065823337e-06,0.00327810478707516,0.000320516962847788,0.979628181817965,0.00999100964385625,3.67301412703636e-05,2.65076308402067e-07,4.72520203858058e-08,6
"19972",2.852867075813e-05,2.74585257634691e-05,2.1844765321234e-06,0.054560442273191,0.000310040515377155,0.377834954172029,0.526287890155194,0.0409477779328007,7.14766452558596e-07,8.51190137740734e-09,7
"19974",3.97893861147608e-07,8.0185498593904e-07,1.13411603496207e-09,8.47947773805564e-06,2.81079881958221e-06,0.0563855605414556,0.372618254110928,0.570983506943357,1.87236339235815e-07,8.39935089756769e-12,8
"19976",0.00148914197479309,3.05775967186878e-06,0.000164973936066966,0.531832066082442,5.41718763128146e-05,0.426891054188487,0.000128823440667347,0.0394302903580938,5.86757441106034e-06,5.52809053293522e-07,4
"19978",0.00019873154506641,2.20143242649404e-08,0.0125819242940939,0.966537429735434,0.00478401639543981,0.0158160513859386,2.27455362169717e-05,5.86725673685464e-05,1.97603372670552e-08,3.86765780880945e-07,4
"19980",1.85207520482404e-05,5.46611315414612e-06,2.63213930425093e-08,0.000129493309147789,7.92105914552859e-08,0.835512236109196,0.000188296700414236,0.164145868588483,7.4791109867603e-09,5.41646180677060e-09,6
"19982",0.000599260696671715,9.21058994778953e-06,3.38676698063601e-06,0.000219775098585347,6.67220414971017e-08,0.0981152148442588,2.45238345522962e-05,0.901027082629458,1.12428210200997e-06,3.54535402163648e-07,8
"19984",1.75655901557352e-07,5.56910847921118e-09,2.08226565833054e-07,2.03907538777813e-06,2.31182605209107e-07,8.6966125604104e-05,1.29211231759914e-06,0.99990850272377,5.78478514483558e-07,8.50224696288651e-10,8
"19986",0.0022805283608341,6.4098477586145e-09,0.975033617087443,0.01845768472246,0.00297200810641856,4.68748259047133e-08,2.35990822102237e-10,3.8084297127856e-10,0.000103372863346123,0.00115273495799083,3
"19988",7.80633343080346e-05,6.9051787527631e-10,0.997502471151006,0.00110124046884087,4.29279591976834e-05,7.17971948391994e-10,1.89820893313934e-12,6.75728928411085e-11,6.0121146036281e-06,0.00126928349408254,3
"19992",0.00275834770935588,5.7549472792319e-10,0.9948291708005,0.00109959368798223,1.9120141654331e-05,3.72777370763315e-08,2.93466519664249e-12,1.27241505502659e-08,8.00464434236271e-05,0.00121367063676688,3
"19994",0.00100384617040134,4.11620567728392e-05,5.70259502770231e-06,0.0376242666744551,5.95350774687932e-06,0.961273642269564,2.81899039399527e-05,1.58277149407637e-05,1.7079994173349e-09,1.40739915224747e-06,6
"19996",0.000164544589502033,1.64434384868055e-10,0.990304106368483,0.00932385393141964,1.09752169576193e-05,1.06223594053725e-07,9.09118591889325e-12,1.12957146512243e-08,8.09921706667042e-08,0.00019632120863243,3
"19998",0.153511224947218,3.64890055474038e-06,0.000777529117728812,0.00224052530925096,0.73141072752893,0.0465119148474405,0.0199872868888277,0.00179568987161632,0.0437588754400439,2.57714838859781e-06,5
"20000",0.181382911225051,0.122456332885283,3.10083022785418e-07,0.000110735216221622,2.13249225974994e-05,0.692775417949815,0.00192662419512566,0.000127010783140446,0.00106607563071988,0.000133257109023704,6
"20003",0.0223096920250624,0.000126984434441639,7.47957261660087e-05,0.0748694735724554,0.000944365214019993,0.901497147353735,0.000159795247582963,6.61137399901855e-07,2.8579605270974e-08,1.70567095314843e-05,6
"20005",1.24050253158312e-05,3.70827321222727e-06,8.85726147057332e-09,0.00024730964830642,1.26272673412914e-06,0.964826539378263,0.0128489741050337,0.0220597793726242,1.22937005990351e-08,3.19548352911963e-10,6
"20007",0.10912093869405,4.37834833120324e-06,0.0121708334377599,0.861609979610859,1.2788127149864e-05,0.016581031625241,6.05691471171684e-07,0.00013909012959987,0.000108553377801811,0.000251800957736319,4
"20009",0.000171399785075121,4.39357100298231e-07,0.243183548974278,0.0261234491815376,0.729901702421608,2.48230672164453e-05,5.5429976405658e-07,7.38042287483937e-05,0.000157760526630775,0.0003625181580417,5
"20011",0.000664478310418224,1.8687962670982e-05,3.81599423789842e-05,0.382248184997142,0.000438241015279964,0.536935889694417,0.0722541330688928,0.00740112522666163,9.73480259227176e-07,1.26301879385114e-07,6
"20013",0.0147631232176056,3.54967754791302e-06,5.63548212987256e-06,0.00518610739605152,5.2159051342399e-07,0.866542091251943,1.74927598259559e-05,0.113477459054356,3.63582896729296e-06,3.83741058919526e-07,6
"20016",0.00130358085484221,5.0912377470844e-07,0.92471412690373,0.0535971807423616,0.00105962854690134,3.74717113492032e-07,1.61346826867998e-09,2.66938888878439e-06,0.00430241670480278,0.015019511404117,3
"20018",4.63073005968834e-07,7.34304098264483e-05,0.00314365018544569,7.46388440063777e-07,2.41938817392874e-06,3.17559733508443e-11,8.09873786360165e-13,2.05935898707798e-11,4.12356285264486e-05,0.996738054873422,10
"20021",0.000971846339691116,6.1911973443104e-07,0.227612845821161,0.762763198695551,0.00609544148305011,0.00170929871920984,9.37697027904985e-08,2.15965714015571e-08,8.44011569176342e-09,0.000846626015212724,4
"20023",0.0457938987322831,4.15876277448341e-06,0.0757372654687546,0.856807480724325,0.0096663983365574,0.0112253950974747,1.50118195883198e-07,3.67571644036403e-05,4.92948537288212e-05,0.000679200741502628,4
"20025",7.30995834352054e-05,0.000228661351796422,0.289538633355759,0.00532563666603582,7.06404657974942e-05,3.29796437290035e-07,1.06701568738589e-09,4.32674881228215e-09,0.000119291454286647,0.704643701932688,10
"20027",0.0112139503907039,2.82513649193216e-05,4.67851364038377e-07,0.00130212441741072,0.00063122208063865,0.452566697481937,0.534250272962124,4.66569190110562e-06,2.33715949718062e-06,1.05995039293807e-08,7
"20029",0.00042577141088162,2.64856134259889e-07,1.15352732266159e-07,0.000228826344063748,1.95547329199291e-05,0.953373796659301,0.0394678406820587,0.00648375248373906,7.70592607548773e-08,4.18908731083906e-10,6
"20032",0.000726476936349509,5.35500839430069e-05,4.20830196372296e-07,0.00197938039733619,0.000135943555847649,0.989893866394917,0.00720540822266497,4.87997084967618e-06,3.01962511557681e-09,7.05882702466689e-08,6
"20034",1.30162463099982e-07,1.70423752797004e-07,4.63798946207377e-08,1.0023320734049e-05,0.0223063056799376,6.25156234285626e-05,0.977620695732659,6.18834599883871e-08,5.07600328346343e-08,3.3637294679771e-11,7
"20036",0.842370146401099,1.82649227491015e-06,0.000277000351701845,0.000158664373060044,0.000121579068002095,0.0289109821039725,3.35448380167389e-05,0.0143780505794381,0.113741258549337,6.94724309742633e-06,1
"20038",0.361341046690984,7.12658407046763e-07,0.556632564955851,0.0565540964424294,0.000148629325038815,1.50151244913697e-05,7.92982614991291e-10,3.16899925064344e-10,4.21798417786344e-06,0.0253037157087383,3
"20040",5.02358372430059e-06,1.7967621362398e-05,0.561132324315123,0.0313485047626024,0.390164400143637,8.86897660596166e-08,1.17833688944783e-07,7.50542400286507e-07,0.00268141024014824,0.0146494122675477,3
"20043",0.0167749951031801,3.38420994707409e-08,0.953568636893709,0.0253549025893665,5.24081003360535e-05,0.000295961044029375,7.74919358031285e-10,1.11614463475172e-07,2.05079438296109e-08,0.00395292952995299,3
"20045",7.4960250532425e-06,1.24185506134086e-08,0.976779732888337,0.000923944361592227,1.17316201461208e-05,1.24245513592555e-09,1.68743502961578e-13,5.2259403863989e-09,2.56693622389999e-06,0.022274509281533,3
"20048",8.02915035810151e-09,2.5248298439894e-08,2.51918977082006e-09,5.16554329548721e-08,5.1406211707101e-10,7.82509509336416e-06,3.14060933113947e-07,0.999991251478217,5.21099769728036e-07,2.99853183506215e-10,8
"20051",0.18700072431422,5.27438069753927e-05,0.10598701321974,0.0815978648548812,2.75369149430153e-05,0.580246522310672,9.16446269128638e-08,0.0126445551859175,1.32044575080867e-05,0.0324297432905159,6
"20053",0.000590506957972085,8.516180794442e-08,0.0697822888428499,0.904437878047977,0.0243165244788154,0.00077664597143586,4.87372530899453e-07,5.20648927825595e-05,1.69253698986388e-05,2.65929039295046e-05,4
"20055",0.959991856223898,7.39881026529469e-05,0.0107943470216336,0.0173704649301084,2.36694601770111e-05,0.000488126087163921,1.5161689278572e-07,7.50642334060369e-10,2.09038009961697e-06,0.0112553054267319,1
"20057",1.51100960322553e-09,0.999941750063692,4.98017793800528e-11,8.55836411133947e-10,4.6084516254671e-10,1.54915772688427e-07,6.76312918169564e-08,2.10329483296088e-06,9.15237881474688e-07,5.50059790361427e-05,2
"20059",0.000256592722177032,2.9420577958341e-05,0.0417384371564391,0.877413736902409,0.079587682764996,0.000480887693756359,1.03200844634245e-06,3.09441673456477e-06,4.16618955592532e-05,0.000447453861524142,4
"20061",0.000944029941140442,9.59848152216072e-07,0.0125792098149863,0.980669909387569,0.00248134704684224,0.00327474613422089,1.91219098364898e-06,1.00777332496989e-05,1.65720525429548e-05,2.12358503126425e-05,4
"20063",8.84757268571461e-06,6.04358281746169e-07,0.00461899787224656,6.96908939876358e-06,0.00119235371639749,9.40710648748374e-07,8.41468119378644e-06,0.464723022662415,0.529420974555248,1.88747814843909e-05,9
"20065",6.24823148762589e-05,3.47346168808185e-05,0.0133031102392562,0.000135225360570648,5.33187688211767e-07,1.36454636058051e-08,2.92716362358618e-13,6.30065802920583e-13,7.81819182478136e-08,0.986463822452423,10
"20067",0.000757823507192425,5.16460493902423e-07,0.902069687147989,0.0402025420424611,1.66269096047653e-05,1.50499453084889e-05,1.44208833437346e-11,0.000121206430996046,1.64689070566387e-05,0.0568000786344762,3
"20069",3.12285845694443e-05,5.26729892884663e-06,6.32266104040387e-08,0.000131400448520542,3.7520847197977e-08,0.535974165368992,5.76580589766652e-05,0.463800145122984,2.05869504576235e-08,1.37826204819657e-08,6
"20071",0.620430001947633,3.47011219463184e-06,0.000188855411196938,0.00559824291150326,0.000456732524711832,0.000754969101555979,0.000160130302246476,8.38737234067889e-06,0.372396068835729,3.14148088864988e-06,1
"20073",1.05444412596498e-06,3.11014603788598e-07,8.80137181598833e-06,0.00251836607445828,0.000184544619213822,0.0627824229016332,0.00024367562526162,0.934260768924291,3.99646143904269e-08,1.50599815605343e-08,8
"20075",0.000413127770321975,0.929167969734567,1.25801419515311e-07,2.5771694540331e-07,7.63174317302017e-10,2.14073551285448e-05,2.89536161466788e-09,9.24491993759062e-08,2.64868019386723e-06,0.0703943668336887,2
"20077",0.629261167216633,8.44431893653186e-09,0.272000314529401,0.0944236796001743,0.000358571273348474,0.00100356756125752,1.06715568815685e-07,0.000182876866685155,0.00272955131720499,4.01564754079947e-05,1
"20079",0.00702188584600988,1.26141412676047e-06,0.0698035434909491,0.00203628033826363,0.00023575132189324,0.025134967270839,2.4358704110817e-06,0.894857639716167,0.000101134112330296,0.000805100619010125,8
"20081",0.0617481849549204,0.000136574156644836,0.256670789742227,0.34013960967734,8.35452246033488e-07,0.000501332593775168,4.04023102499217e-10,1.6613049740323e-06,9.47327392863189e-07,0.340800064386457,10
"20083",0.0356921138771244,8.55404484959133e-06,0.000181963625090631,2.38153968460951e-05,0.000489424699980679,0.00159977887951414,0.000140487538909687,0.556230058198028,0.405620428765084,1.33749745729393e-05,8
"20085",0.000231302936221341,2.38720495158612e-09,0.987444651402232,0.000504297167423568,3.91750385838128e-05,1.83174201963102e-09,4.52898260601508e-13,1.38074804366747e-11,1.05663467663173e-06,0.011779512587655,3
"20088",0.00507988330404723,3.50612491814299e-08,0.951473282964612,0.035807940561503,0.000415852474726498,2.73109231772351e-05,5.41098716843289e-11,2.57816740787055e-08,3.15719437820149e-07,0.00719535315546296,3
"20091",0.000120851764419523,0.0537598779170651,0.000145439215249691,0.00146200531309236,9.03109288009969e-09,5.55048961050041e-06,2.30931503818454e-11,7.8821239236679e-07,5.74459984736352e-06,0.944499733434137,10
"20095",9.81345899805806e-05,6.93727236460542e-05,0.00323803550370384,0.27619275590913,0.00104583002811249,0.00125673063390321,0.0227163095061698,0.69235216320833,0.00302505955598492,5.60834103986364e-06,8
"20097",0.000833629782100334,1.36616952371863e-08,0.952181206832538,0.000501297386305592,1.10571069157708e-05,4.0504322011641e-09,2.1924126381719e-13,2.08316115731826e-11,4.73701122165059e-06,0.0464680541477407,3
"20099",2.6364420212081e-05,8.86708739166503e-09,0.210289334880946,0.263385459349651,0.515510337237566,0.000114160162768423,0.00945662095454351,0.00121165022104806,5.7144298546972e-06,3.49476322033781e-07,5
"20102",1.36240921216717e-05,0.00559843460700967,4.80325595346967e-05,0.000537523031263228,6.60453211425094e-08,0.000241771713060595,2.64491977552761e-08,0.986085009294463,0.00286998368878769,0.0046055285192408,8
"20105",0.000934282732837223,2.7687562073384e-08,0.888786998085208,0.108411347322469,2.1040341387784e-05,0.000592570236408915,8.74074238865167e-09,0.000256364417351361,8.49705858931835e-08,0.000997275465447945,3
"20107",0.0619505539872534,1.20778519664237e-08,0.604535258528122,0.332997807868007,0.000228835671698844,2.03161076689428e-05,7.15504935677889e-09,1.18512795168593e-07,3.81732927008415e-05,0.000228916798852869,3
"20109",6.3296422703504e-06,9.42144577894312e-08,0.163294639995609,0.545511189078222,0.0349999425192103,0.00534947412137931,8.83194381546632e-05,0.250744520852511,2.0805638505922e-07,5.28208180121194e-06,4
"20111",1.28988249596702e-06,0.990639777446422,1.79862209904536e-08,2.59310630837968e-05,1.71036893253553e-09,0.00889266792585519,2.28035801534521e-06,0.000148321201867646,1.64929396698891e-09,0.000289710776376499,2
"20113",0.73400030137198,3.03957477064805e-07,0.056314065265674,0.18208463380711,0.0226978350138515,0.000380662355683937,0.000179914818362828,6.68642023522546e-08,0.00432799550347765,1.42210421802882e-05,1
"20115",1.1322777064963e-05,0.0151137937120033,2.02697344188989e-07,0.00388362183321096,4.39623793012694e-05,0.972895217879847,0.00791430355328145,0.000135744984678048,2.77557085951879e-08,1.80242756063948e-06,6
"20117",0.00847995435497747,0.727396312226056,0.01448150984399,0.0360755546086273,0.118162366470762,6.58673198416056e-05,0.0262556813663358,7.28515028401075e-07,0.00448247345795925,0.0645995518364223,2
"20119",0.00310308223913013,2.19538685878268e-09,0.0589758245440841,0.00249060613648093,0.93536837392541,9.11378058527618e-07,1.07512263070256e-05,2.11317082954364e-10,4.79279269514137e-05,2.52021687382078e-06,5
"20121",0.0367363124606926,1.94186250837021e-08,0.894974899481758,0.0644961027664126,0.00251495165387954,1.85944910142183e-06,6.33385563595231e-10,2.65988580118913e-09,0.000102008083361507,0.0011738433928978,3
"20123",0.000329708350498214,0.00914716408033311,8.88427344653704e-05,1.51031220860105e-05,4.2533432058695e-07,7.27279395216214e-07,3.7198146372495e-12,6.32410860012661e-10,1.42651612006245e-05,0.99040376330157,10
"20125",0.000637166842601402,1.32160720327808e-05,6.37163819424256e-07,0.001578759232558,2.51252113266125e-07,0.91883224624083,9.95017025036275e-06,0.0789270250132091,5.68397755359362e-07,1.79614829940576e-07,6
"20127",1.14548605781017e-05,5.33616626236483e-10,0.998954443864919,0.000630547478783722,2.47829581970843e-05,4.54230532061736e-08,1.87786449547361e-11,8.00991348805553e-08,2.70470427524122e-08,0.000378617715895572,3
"20140",0.994599503935901,0.000404305195176782,0.000470761018418857,0.0025691379411502,1.7069765851391e-05,0.000284222155026812,6.6889761693494e-07,3.57370770891931e-09,0.00045286440978396,0.00120146310736659,1
"20142",9.76757573383803e-07,3.21519843092238e-07,5.14476494156268e-09,1.5349932962507e-06,1.80908830204431e-09,0.00243697322564062,1.77218667660388e-06,0.997557700543596,7.12595982413617e-07,1.22353771544793e-09,8
"20144",0.00973252287471162,0.0613721795355063,2.4222948516381e-07,0.000670849340763904,7.70463933610001e-07,0.924256815249216,2.54441415390461e-05,0.00370694571184873,0.000189208182487119,4.50222705084124e-05,6
"20146",0.181725673867382,0.000170983716983045,0.000177239014000779,0.00283471893392329,3.43102717208844e-06,0.303929267876739,1.44487759235897e-05,0.41940656679692,0.0916384126340456,9.92573569096869e-05,8
"20148",0.0549339653654683,3.37802293357084e-06,0.000176733720565014,0.0127570652135377,1.39403595841199e-05,0.93201535298734,3.75263483445489e-06,8.57080869564824e-05,6.3349279711412e-07,9.47011598347081e-06,6
"20150",3.47834207922203e-06,2.92795311764116e-06,3.89290183623001e-09,3.5729346454612e-05,8.15032300461539e-07,0.609712174460134,0.0294543715108272,0.360790479387614,1.99302866053117e-08,1.44284897902235e-10,6
"20152",0.0680311240584018,6.06020293451416e-06,0.000993764616364409,0.0562746243225853,0.000951558072795601,0.873646270698812,8.10016568536385e-06,6.71507944196752e-05,5.12009394027792e-07,2.08350586071124e-05,6
"20154",2.30964465953632e-05,2.93616321256891e-05,0.0048232286356195,1.09647500293752e-05,2.23804816389962e-08,7.12549467630607e-08,5.81819922118717e-14,2.52329444575903e-07,1.07327111429608e-06,0.995111929299585,10
"20156",0.0986477562502308,8.743270568878e-05,0.0151382490548184,0.687135787124951,6.98871322361711e-05,0.00497290944648711,3.07772202978967e-06,0.0184434450063217,0.17498008499428,0.000521370562956421,4
"20159",6.40507480031563e-05,8.31850406304017e-06,6.3273541530268e-08,0.000109057010637637,3.15925592027881e-08,0.419052823975889,2.27894796339147e-05,0.580742579959288,2.59546520373241e-07,2.59098639075892e-08,8
"20161",0.000202850096492674,2.19132923322544e-06,1.01077549929666e-05,4.70466031532832e-05,3.67216376381671e-05,0.00236907321828938,8.55323143940259e-06,0.983977176846087,0.0133458083821285,4.7090054501689e-07,8
"20163",0.00426317104020355,0.000345575441108345,0.00242453396240144,0.0765338181005969,0.00233599625082973,0.913542455426312,0.00025231126995155,1.39577776317669e-06,3.27914420008853e-09,0.000300739451689356,6
"20165",8.9460584447914e-07,2.57225657387763e-08,0.00151199269609802,0.000561345661456469,9.97062921262334e-07,8.66413172673234e-05,9.45055948459717e-08,0.997835139779039,7.02190199123055e-07,2.16645901384781e-06,8
"20167",0.000794194472985295,3.43035334841706e-07,7.17415145316677e-05,0.0223094038725209,3.17716752388174e-06,0.970878660551479,9.71145362144125e-06,0.00593234281213604,3.36516135143768e-09,4.21754705234556e-07,6
"20169",3.84001941158479e-08,4.55702066624574e-08,2.06768944211522e-09,1.17544321643498e-07,5.2166462843065e-10,4.93365852291357e-05,4.25001418986309e-07,0.999949340234613,6.93758265843566e-07,3.16396486296556e-10,8
"20171",1.12682484618791e-05,6.11488927116597e-05,0.00274516801373116,2.77693121323632e-06,2.91654399866673e-09,3.67901314238772e-09,5.18407142357095e-14,5.20109439877111e-07,0.000213722177881172,0.996965389030952,10
"20173",2.19739565286705e-07,4.0110066763739e-08,0.00123102002197312,0.000156266016598028,0.981915422006537,1.43586469667438e-05,0.00314454126764969,0.0132064262848519,0.000331652846773512,5.30590179461452e-08,5
"20175",0.0021746399116284,2.6014048178433e-05,9.65666335227787e-06,0.113848509749249,4.59427926478932e-06,0.87651441530532,0.000512304081842535,0.0069085849913851,1.03290387412687e-06,2.48065905141456e-07,6
"20177",4.87295514540916e-05,2.29548521432395e-08,0.0169098664179201,0.020830573974324,0.958412887098897,4.79897418037388e-05,0.00374040055518075,6.82663684007705e-06,2.6124832915279e-06,9.05854365636958e-08,5
"20180",0.00434588095956865,6.0817906100466e-07,0.9251191424033,0.044132422151032,0.0154528008698632,1.1468440901328e-06,5.88036559042877e-09,5.50532885173691e-12,1.85315601376816e-06,0.0109461395512004,3
"20182",3.72677896815165e-09,0.00605909731721371,1.22581366593018e-10,2.35429112725747e-08,6.82891163674494e-08,8.38521550526175e-05,0.0180888746618572,0.975744156456927,2.39141708566989e-05,9.55670523907153e-09,8
"20184",5.65450436219437e-05,1.94401401632127e-07,7.26378715896328e-07,0.000186948461162246,1.73724574670935e-07,0.0169909576316572,3.82380056359234e-06,0.982759219266647,1.39822941942235e-06,1.30622361309296e-08,8
"20187",0.000998405381018882,1.32710491495487e-07,0.000268681473344864,0.00340981989025561,0.560837475670885,0.000502189751368317,0.225235647643813,0.000813324922169856,0.207934316705129,5.85152394563399e-09,5
"20189",0.000175136168564731,1.57399171496733e-08,0.0362815900523568,0.37545040537527,0.584223157570143,0.00369814566914378,0.000170136095081953,6.51145824717614e-07,2.00663690131514e-08,7.42117328185616e-07,5
"20192",1.01830275621885e-05,0.0028650322003847,0.0454852348713198,0.0149870162448884,0.916975905927715,0.000110293843988262,3.219111343457e-05,1.03396755177688e-07,1.21439860515973e-05,0.0195218953879007,5
"20194",0.0349616336547826,9.11705486214218e-07,1.57756822587655e-06,1.29133377791599e-05,0.000213597581763288,0.0379735375988255,0.202671489994361,0.504850602141789,0.219313730739786,5.67720144910065e-09,8
"20196",0.00110345850729286,7.7700586873701e-06,0.334757957431275,0.00379569399872525,9.04664481015238e-06,1.10840498068666e-06,5.83700201786705e-11,1.00400164947688e-08,1.04572053232953e-07,0.660324850283789,10
"20198",0.167003704152891,0.000444216771865431,0.019400656316996,0.479338916033031,0.00690139503998581,0.325319398900585,2.01049495698581e-05,0.000384721484920681,0.000295007992261274,0.000891878357894503,4
"20204",9.24655755116704e-06,2.54222776716166e-05,6.96790535426752e-08,0.000198929929117808,1.71722894361241e-07,0.567485055283309,4.14377365368209e-05,0.43223960686839,9.65244544827943e-09,5.02930304983804e-08,6
"20207",0.00920860360495174,3.08032060238138e-06,0.68641184867428,0.00730432774773386,2.66290085431427e-06,6.14624091862543e-06,5.9788515001331e-12,8.95605179440262e-06,2.05041615501281e-05,0.297033870291335,3
"20209",0.00600006157397925,0.892746602945586,3.66220024553475e-07,0.00080810667688235,7.58717966349937e-05,0.0925363343510332,0.00772107247924086,1.24656609409925e-07,1.1214884142428e-06,0.000110337811594679,2
"20211",0.000660641962786028,0.00224937780809786,6.46881964759886e-05,2.0594173312829e-05,3.54034751342765e-10,1.40595888089553e-06,2.20329350195649e-13,6.15763556669433e-09,2.28425875354731e-06,0.997001001129802,10
"20215",0.866845430033779,1.4033440088705e-08,0.128575114850444,0.00341116341857397,5.02765601412695e-05,0.000413863629434613,1.9632638707072e-08,2.50866240686325e-06,0.000452186175438482,0.00024942300370276,1
"20218",7.90674285492975e-07,4.68373534183143e-07,8.71096798850516e-09,5.67513492728854e-06,2.65241110582501e-09,0.0111527557414201,3.79371550709878e-06,0.988836478095921,2.50249502768336e-08,1.87607522258926e-09,8
"20222",0.0400374864598015,6.41655625358384e-06,0.754280143258839,0.00811343100153662,1.43541694284567e-06,0.000726198012909024,4.42946371960988e-10,2.13318571287742e-05,3.80015324933386e-07,0.196813176978317,3
"20225",0.021204914195821,0.000743500979972363,1.56250511778704e-06,0.000129168687577512,9.42485369291402e-07,0.964712504257289,0.000307280287122064,0.0126889809149915,0.000207613586460469,3.53210027927529e-06,6
"20229",0.928281500692509,4.14214773156236e-05,1.08397703236491e-05,4.18000464346482e-05,2.23384938595324e-06,0.00148512900877862,9.98167003412645e-07,2.85123939214213e-06,0.0700773899624308,5.5835786425741e-05,1
"20232",0.396020848675146,4.16722051720742e-05,0.0161847030615587,0.584063624881667,1.02460019441298e-05,0.00209705533796958,4.48267289732017e-07,1.22309735595938e-06,9.1989731741269e-05,0.00148818874015518,4
"20234",2.3947662777772e-06,7.92885085054837e-06,0.777770114515924,0.00061430550143199,0.000579102079898311,1.02182473823063e-09,1.91933136039926e-10,1.62121810298268e-11,7.45953499127092e-07,0.221025407102148,3
"20238",0.00307638631516613,3.32291693003991e-07,0.570673228804111,0.423473327567976,9.68365037092668e-05,1.54182961423043e-05,3.80928155166697e-09,2.90979810358883e-06,0.000468417506680994,0.00219313910713622,3
"20253",0.351098610152037,2.68080604388303e-09,0.643843940583949,0.00110595454173069,0.00022074361134697,2.47725101212412e-06,1.09321997298661e-09,1.24696929361062e-07,0.00314961149230716,0.000578533896661239,3
"20255",0.00453035173766611,0.000305602364302102,1.20542668380165e-06,0.00389686008424972,6.03955291035321e-08,0.991157290574189,2.60893514129409e-06,9.47310773618556e-05,1.31085905719242e-08,1.12762962861032e-05,6
"20258",3.65545070599393e-05,5.17362349760625e-09,0.928210226614789,0.0700979552809337,0.00149037876775789,4.93266184345193e-06,3.01883605585583e-09,4.77207208878288e-09,2.37646147116864e-09,0.000159936826622883,3
"20269",1.12372303167997e-05,2.082267516795e-07,0.182140720512557,0.788087981540005,0.00109789935270329,0.00473889982373618,1.85181121439246e-06,0.0238810577087621,1.50822888223596e-08,4.01287116647054e-05,4
"20271",4.08394516421744e-05,1.68894177069678e-08,0.359417618089101,0.0548287434436965,0.585625150469786,8.68377181624622e-06,7.44510903469991e-05,9.55020395604514e-09,1.28548408101369e-07,4.3586955811034e-06,5
"20285",0.0108125053235638,4.99792404247149e-06,0.000196534173022148,0.000990023197464813,0.590517340985391,0.0192910450494553,0.377495412494104,0.000537228923677374,0.000154758149316679,1.53779961682326e-07,5
"20288",0.765236799656364,3.41286689851916e-07,0.106896562712748,0.12602020424637,6.21163323349777e-06,0.000688272867592733,1.03210235102518e-07,1.23109393581671e-05,0.000673251225394972,0.000465942222013717,1
"20291",0.00137863663647149,0.000532883219838341,0.16331212894238,0.375247527793504,4.78877047626518e-05,4.04060820576714e-06,8.37681936061852e-10,4.65441543013658e-07,7.26735804046922e-05,0.459403755235208,10
"20295",8.75047044223747e-07,1.97879028468757e-06,0.0176891138021525,0.123804105348175,0.852281799799988,0.00320914535800176,0.00183407560703846,0.00117380335991571,3.16893163130385e-07,4.78599423608201e-06,5
"20298",0.000237074647022553,5.25154324082847e-06,3.73616657864744e-08,0.000187760209701723,2.94159533942237e-07,0.998392103137652,8.44338984375521e-05,0.001093026405715,8.42319918313305e-09,1.02138315144245e-08,6
