"","V1","V2","V3","V4","V5","V6","V7","best$classification"
"19811",0.000337527803385459,1.41851771545866e-07,0.00046258897115973,0.00351170037692376,8.3745360555245e-08,0.960276160764784,0.0354117964866154,6
"19813",1.35875603562567e-06,7.67142075137924e-10,3.81492029791535e-08,1.58004484204352e-06,1.33600628365011e-08,1.51643535169478e-05,0.999981844569197,7
"19815",0.0104702662974731,0.000696311589168066,7.23566250929823e-06,0.0488301234240726,1.35728727634623e-05,0.9399807008185,1.78933551310551e-06,6
"19817",0.0022095881420189,1.11722031405454e-05,0.000325974615861434,0.00602220699998745,2.85347664238804e-07,0.991425364018256,5.40867307188652e-06,6
"19819",0.286418628481542,0.173777719151636,3.00475202909424e-07,3.56485547901427e-05,0.53975956904572,8.13392161649306e-06,3.69493022445247e-10,5
"19821",0.00655829132391444,1.85800139966315e-07,0.0140924014287749,0.000933723639290533,6.80208842518252e-06,0.966897639205704,0.011510956513751,6
"19823",0.00328207585499479,0.102021038124011,0.000106130747218428,0.00125425583991622,3.36300977550131e-06,0.893330167838306,2.96858577896967e-06,6
"19825",0.012609489842646,0.000120077783800819,0.908213335584616,0.00350574465460115,0.071440266998277,0.000913399803143795,0.0031976853329153,3
"19827",0.00295446071142,9.048019155747e-05,0.291204061952571,9.18055663879374e-05,1.98104464081453e-06,0.705656804278565,4.06254856986372e-07,6
"19829",0.932524462020424,2.74512328520125e-05,0.00536156783122295,0.000198425634964466,0.0614688006838637,0.000417139840803105,2.15275586977882e-06,1
"19831",0.776915574217674,0.111468820167732,2.61371158266745e-07,8.14350029613493e-05,0.111496463765105,3.67354308375575e-05,7.10044530988091e-07,1
"19833",9.23264086894579e-07,0.998789865297555,2.12280952786603e-05,0.00111217816539845,7.23603824014531e-05,4.95871957385162e-07,2.9489233225752e-06,2
"19835",0.00655829132391444,1.85800139966315e-07,0.0140924014287749,0.000933723639290533,6.80208842518252e-06,0.966897639205704,0.011510956513751,6
"19837",0.0143666774776819,7.27985093419383e-06,0.0177437468500789,0.000142816630364001,1.90164394482383e-06,0.967735099499537,2.47804745891334e-06,6
"19839",0.821992046633064,1.09170340980707e-05,0.0319303176138711,0.00187399497478811,0.140943339977666,0.00151067394197334,0.00173870982453977,1
"19841",3.03109502891345e-06,5.76064014154661e-09,0.999957324056704,4.26191093255198e-08,1.69466333953124e-06,8.84665177162904e-06,2.90551534066505e-05,3
"19843",0.0712516005861025,1.80026191649581e-05,1.96670374206805e-08,0.00428210814732848,0.906738628924577,3.51489079566458e-06,0.0177061251649936,5
"19845",1.52938871315905e-05,6.7211030196238e-08,8.16546100172365e-06,0.000376587220530319,1.66726551075376e-08,0.0689614911992996,0.930638378348352,7
"19847",0.0464834934330406,9.02588288104418e-05,1.02892191573584e-05,0.0576269391772937,5.99299633220446e-05,0.88674084788363,0.00898824149474563,6
"19849",1.70983415382181e-07,3.06174775797556e-10,8.77806917875058e-08,3.79907428328058e-07,1.06347591980155e-09,4.50675963214443e-05,0.999954292362492,7
"19851",0.000521054193365796,1.39142720533678e-05,1.55239795039653e-05,0.00211789076227601,8.93244396251591e-08,0.997316702798472,1.48246698888922e-05,6
"19853",7.1411181974351e-06,6.61231492648182e-05,0.000150447343646952,0.000220858567735907,1.46328874487972e-09,0.989449283046176,0.0101061453116906,6
"19855",9.6373738068768e-05,2.65629189904237e-06,0.00143227419807949,0.000284931800483266,3.83643837375579e-09,0.997611801412306,0.000571958722725167,6
"19857",0.141397822008911,1.1371262687306e-06,0.0160453542524187,0.0169536723915792,4.49107112445115e-05,0.809545542605689,0.0160115609038892,6
"19859",0.0192979885671265,0.000102263087428938,0.00846387316457105,0.00485805501783733,3.6989001579085e-06,0.967261449815715,1.26714471631593e-05,6
"19861",0.000345999499187234,7.26915237140211e-07,1.93290350796842e-05,0.00149014227634918,7.97543477100129e-08,0.876240861519033,0.121902861000766,6
"19863",5.82702296914392e-08,3.16555889307124e-10,0.00722736681670974,5.68262816816552e-07,5.30638400062844e-09,2.58456429120587e-05,0.992746155384392,7
"19865",5.9794277230628e-06,1.33175330289871e-08,0.997462488844024,5.44996794588494e-06,4.8661169811385e-08,0.00252512889047485,8.9089112944711e-07,3
"19867",0.00460716817447046,2.30032334108633e-05,1.53826524314565e-06,0.0285676324179605,7.30048102009859e-06,0.959513721287798,0.00727963614009665,6
"19869",1.23183055410953e-06,1.25988800639114e-09,3.01130206647384e-05,3.32321058314617e-06,6.91021365815631e-10,0.00819575513909015,0.991769574848198,7
"19871",0.0600896769439987,0.000100075872132561,0.0300945274145143,0.00149080506294907,9.04358843508612e-06,0.908214070443147,1.80067482304802e-06,6
"19874",8.00098512262463e-05,5.73699687291706e-06,0.702596474897572,0.000739737003716281,1.31267060249345e-07,0.296573373461927,4.53652162527982e-06,3
"19876",3.26889199207608e-05,1.10048711262743e-07,0.125683925956512,3.35805395084026e-05,3.69274395566893e-09,0.874053660590029,0.000196030252575,6
"19878",0.000315123938556508,2.60713935508467e-05,1.86187824691966e-06,0.996063409274623,0.00335336531647514,0.000236275166545036,3.89303200290487e-06,4
"19880",4.24118067791392e-07,3.52414901707829e-09,0.997821144205388,1.6243315842467e-07,7.40949670829803e-10,0.00216852483591827,9.74014236920776e-06,3
"19882",7.70650930516819e-05,1.50137661734584e-06,0.000672698497109222,0.0178492975691744,2.15774567051777e-07,0.770903103361862,0.210496118327618,6
"19885",0.0897816301556921,6.70987713596453e-06,0.000367393921157739,0.0145278669521029,2.47022908244539e-05,0.895283274505576,8.42229751138553e-06,6
"19907",0.00107731873801525,3.74071031050265e-06,9.3660390989943e-06,0.0280279258565841,2.41921704920058e-06,0.904838804139341,0.0660404252996008,6
"19909",0.994434016365201,4.43211301993396e-06,7.8353541873509e-07,1.70797910192184e-05,0.00484339319677415,0.000666852841658264,3.34421569089165e-05,1
"19911",0.974095479248035,0.000212197821576539,0.00724670566296466,0.000221934224898909,0.0149342538625038,0.00328303984790655,6.38933211418725e-06,1
"19913",2.0765559236497e-07,1.28579358944791e-08,0.999985634383741,2.48711160446376e-08,1.53398847779633e-08,1.38695401799111e-05,2.35351550407835e-07,3
"19915",0.000132586095075257,4.06735781237897e-06,0.24297358372964,0.000233583622777832,5.58023839712742e-08,0.756654507906276,1.61548603475132e-06,6
"19917",0.00013876351136904,5.37397034847494e-07,0.987535667852576,4.67273401845259e-05,5.43521433847645e-07,0.0122757778322957,1.98254510655315e-06,3
"19919",0.00252270208668503,2.82762336053688e-05,0.0970846500880621,0.00632768676749421,1.47661499537338e-06,0.894034011225816,1.19698334180803e-06,6
"19921",0.00244120440564803,7.57560245304243e-06,4.78887108810684e-06,0.0129086864673677,7.49156976883941e-07,0.984422548104294,0.000214447392172413,6
"19923",0.000767432763851929,0.000552685928436715,5.67889094391589e-08,0.99260743507553,0.000195062814500322,0.0058659488355777,1.13777931941222e-05,4
"19925",5.6458293563938e-05,1.15273980602978e-06,0.916043714930364,0.000168429552126961,1.21584425392883e-07,0.0837293858077518,7.37091962516301e-07,3
"19927",0.000950435801121017,5.9827581162097e-06,7.38410298881068e-05,0.000528484784748868,5.5264826214098e-08,0.998423494697456,1.77056638432325e-05,6
"19929",3.1283172727753e-07,6.33984045742897e-10,0.592990159008719,1.71899263085312e-07,8.41691516732724e-09,0.000199984490299571,0.406809362719092,3
"19931",0.00675211732417551,6.1676149952177e-05,0.000422577961029683,0.0018061082435883,2.45436309986696e-06,0.990954342243401,7.23714753333549e-07,6
"19933",0.943928141931748,0.000246489095000348,0.000183490907090172,0.000203100829703222,0.00383589165232146,0.0516027427016828,1.42882453911318e-07,1
"19935",0.27119525948445,4.21875445551431e-06,0.000989011255984604,0.0336647783267032,0.00166330418881207,0.691813401759801,0.000670026229793384,6
"19937",0.00269165751042372,0.000231485030912183,7.30016443745212e-06,0.0067712142575305,9.90430472634343e-07,0.990295136143467,2.21646275593017e-06,6
"19939",0.0017210805078648,4.70198085479229e-05,0.000749713238613628,0.315567265343888,7.44545994921554e-06,0.68190308026521,4.39537592732089e-06,6
"19941",0.926352587119974,1.66461033959691e-05,0.0326068287777045,1.57142991426825e-05,0.0389861959398156,0.00187207711256036,0.000149950647407082,1
"19943",1.89788442806961e-06,1.68781129828289e-07,0.999145947257083,1.15704897800206e-06,1.45159242804838e-08,0.000850738489077918,7.60233791018041e-08,3
"19945",0.967710231907309,0.000752520634527913,9.70506170200474e-06,0.00472713335106892,0.0142728511835416,0.0125274727510751,8.51107753374631e-08,1
"19947",0.240384173133076,5.62809408866623e-05,0.731113686951478,0.000320960554208646,0.00331600939451943,0.00663986135769222,0.0181690276681387,3
"19949",0.0102788608553883,0.00168373927089908,4.59472216275473e-07,0.967712309856859,0.00319960676534669,0.0171246305436086,3.93235682002501e-07,4
"19951",0.00178538388599063,1.41605399273025e-05,0.684585413724771,0.0590705322216706,4.68696555498878e-05,0.254489158683969,8.48128812144058e-06,3
"19953",0.0518818465609323,0.915470553940246,1.62736889834336e-08,0.00151616732424794,0.0309435391426099,0.000187848678250008,2.80800248814825e-08,2
"19955",0.495528285369333,0.0273669316676514,1.50320585352782e-06,0.304536684616262,0.172133251603915,0.000419208682800971,1.41348541834556e-05,1
"19957",0.0103103887305893,0.00145359210363645,0.899273807281728,0.000289814840684901,7.16686846150219e-06,0.0886451618881198,2.00682867805001e-05,3
"19960",0.822844529248157,3.22056312572513e-05,0.000233408004361563,0.00492424624423413,0.171529603890729,0.000400282866749316,3.57241145119957e-05,1
"19963",7.91762100708334e-05,0.0433520926927159,0.956208738929585,2.75738672009603e-06,7.45211347893434e-05,0.000246250975151773,3.64626709669767e-05,3
"19965",0.17715707519226,0.000117852346418287,1.23222067734428e-08,0.138420537940058,0.684227311663653,2.13760475086209e-05,5.58344878953409e-05,5
"19968",0.00224887028351728,2.63117933418284e-09,0.791470825324177,5.80341115328501e-05,4.74468012679829e-05,0.0124422785444501,0.193732542303875,3
"19971",5.73104396016029e-05,0.000736162957399711,0.998774493886428,9.08299212604782e-06,0.000417359288393883,5.36985906626759e-06,2.2057698474621e-07,3
"19973",0.00142094640038204,3.9238604818368e-07,0.00196511076694585,0.00098492607318288,2.11925785208537e-07,0.995604026029191,2.43864184646424e-05,6
"19975",0.000146726079504145,2.00825542624475e-08,0.969137336799773,6.23708264492309e-05,2.98249485736715e-07,0.0306315180105208,2.17299517125743e-05,3
"19977",1.33614134798638e-05,1.95010457975332e-05,0.99895669777273,0.00053867800261979,1.19441061339393e-05,0.000383744868928602,7.60727903104648e-05,3
"19979",0.137470286546798,9.0627496474673e-05,4.971243745159e-07,5.31109084176043e-06,0.862433096277415,1.81222631595945e-07,2.41464089804042e-10,5
"19981",0.380077478358363,1.39172224261661e-05,0.000233006254137179,0.00180565595839387,2.82781255591547e-05,0.617113976054538,0.000727688026583037,6
"19983",0.179900610433529,7.55896073525757e-05,1.59977272047617e-05,0.470917946633833,0.000177533216121913,0.348408163120574,0.000504159261384877,4
"19985",3.28410308347431e-05,2.26315348169965e-07,0.697613425423842,0.000188796200907392,1.3464729421013e-08,0.302133473528648,3.12240356900068e-05,3
"19987",0.342699546170649,6.32923726737959e-05,0.0244448364599903,0.000443219206825918,0.000246921777272355,0.632098885243035,3.29876955415758e-06,6
"19989",0.1911068427726,0.00223913839547774,1.78301173489918e-09,0.00015075366798103,0.806499914166989,3.34847841868849e-06,7.35522785708993e-10,5
"19993",0.120613045111241,0.000287868094275538,0.0126418485810151,0.684372451534891,0.0209490272544538,0.161135184468086,5.74956037019915e-07,4
"19995",0.803537143715129,0.000147849279931243,0.003938798157319,0.0472036117165198,0.0560205479341766,0.0891472664392132,4.78275771094008e-06,1
"19997",0.000343903497432898,1.79507801788992e-06,0.00330016813908723,0.00059911833542374,6.54414854228255e-08,0.995731551699137,2.33978094156135e-05,6
"19999",8.19494711435524e-05,8.32037184203123e-08,0.0164478931400971,7.70778536191549e-05,4.05447941489522e-09,0.982848836935516,0.000544155341426029,6
"20002",6.16241570188255e-05,5.45944466787514e-07,0.481862905107263,6.25818403072607e-07,4.34209911727139e-05,0.000375151353097971,0.517655726628578,7
"20004",0.976550779235717,8.7465073248029e-06,0.00106288578128217,1.91614759430948e-05,0.00550651678295296,0.0167706121749376,8.12980418418696e-05,1
"20006",0.452102110020412,0.00116313564042607,0.000606376460276719,0.426811070104129,0.115240829961956,0.00213334810014851,0.00194312971265143,1
"20008",0.0119534682430984,0.00126710148239793,5.14059760066245e-05,0.797836732525859,0.187664997080671,0.00118679267633506,3.95020156318831e-05,4
"20010",0.413362143164235,0.0232296512262429,1.74188865870409e-06,0.449801493815072,0.109669278607035,0.00393568117131274,1.01274434547765e-08,4
"20012",0.000106193667053472,1.16338994171428e-07,0.745029962629101,0.00328232228901539,9.44776336606259e-07,0.242968417361125,0.00861204293837389,3
"20015",0.0700003650891527,6.74421772154548e-07,1.43967650261537e-08,0.00176692166282415,0.928230393426012,1.22191234843636e-06,4.09091125528724e-07,5
"20017",0.000422784108353468,1.50961297587905e-07,0.00794733342466183,0.000126790461746731,1.66377141130865e-08,0.989888638034531,0.00161428637169569,6
"20019",0.0055687882447075,0.000154745631594395,6.36134018588844e-10,6.14054523447594e-05,0.99421505620752,3.80920463354104e-09,1.84950845178611e-11,5
"20022",0.948548504578933,0.000630384686455659,4.40809404952397e-07,0.00520807283293615,0.0451450763368996,0.000467512737909768,8.01746050784821e-09,1
"20024",0.0287493318079703,0.294281497767252,2.00455011401128e-08,0.000241382445538887,0.67672684983666,8.55365447545719e-07,6.2731629288572e-08,5
"20026",0.0287493318079703,0.294281497767252,2.00455011401128e-08,0.000241382445538887,0.67672684983666,8.55365447545719e-07,6.2731629288572e-08,5
"20028",6.98855918397769e-05,4.94641736689766e-07,0.0439185154857155,2.64352748241855e-05,8.52631224461974e-09,0.955919875461645,6.47850179265241e-05,6
"20030",0.637222814163905,2.83495301936102e-06,9.24566613678461e-05,9.84908738459872e-06,0.362640018953137,2.69319609336069e-05,5.0942202521028e-06,1
"20033",0.0139220764294217,3.63739365741013e-06,0.138340270950451,0.000296598588035239,3.50029748155902e-06,0.847411012135846,2.29042051074388e-05,6
"20035",0.0090126676532756,0.000330744170221742,8.7222655019044e-10,0.000133057261289011,0.990523512033881,1.79463972792709e-08,6.27082941142605e-11,5
"20037",0.0165711796403215,4.15146994129725e-05,3.06651767819831e-11,0.000494369071669896,0.982892904278142,2.8687149070388e-08,3.59263982420211e-09,5
"20039",5.93608719406498e-06,0.999251160622357,2.01288204885662e-11,3.08442675708867e-05,0.000712043937008061,1.50122494411556e-08,5.34918970989833e-11,2
"20041",0.0146398667904822,0.00136497244063948,2.59656834132496e-05,0.978471696140921,0.000492982033901427,0.00500084098530595,3.67592533627606e-06,4
"20044",0.110509835122328,0.011595459694228,0.00181295943196222,0.839360133068158,0.00462002929256682,0.0320804563632569,2.11270274999418e-05,4
"20047",0.00715358647144739,0.000488119458754435,1.04819122436326e-08,2.41964485682616e-06,0.992355862284389,1.64530917752715e-09,1.33306840454641e-11,5
"20050",0.0125853531020234,0.487052520373162,1.43563699509959e-05,0.450185105396719,0.048262259034229,0.00190040516690311,5.57013188933785e-10,2
"20052",0.101424557431998,0.00140875515251043,0.0260266407691016,0.0312529865391969,0.000216304637660698,0.8396704027144,3.52755132813846e-07,6
"20054",0.923307069675585,4.13979093765255e-07,2.14832032000139e-06,0.000179296758148374,0.0764596025187038,4.10105126400126e-05,1.04582355092893e-05,1
"20056",8.36006357314469e-05,1.11665026620065e-06,0.998339022792284,2.0121373898305e-06,7.99407550618515e-06,0.00156600852422693,2.45184594920453e-07,3
"20058",0.215004752078819,0.000600467605198867,4.18662570642774e-10,0.000377419129692901,0.784014992719686,2.35708993929845e-06,1.09580014317994e-08,5
"20060",0.00378783632237432,1.46914171550139e-05,0.000119801040136532,0.00274538521829668,4.51634272179687e-06,0.993317866058866,9.90360044971336e-06,6
"20062",0.0220742711266537,2.1541344182383e-05,7.00210915131818e-05,0.368886746973984,0.000109897979753458,0.608818457087268,1.90643966453707e-05,6
"20064",0.986527822140753,1.89191397117276e-05,4.29035034000073e-05,0.000192191740976502,0.0105811873803234,0.0026369417063093,3.43885263020965e-08,1
"20066",0.204293361280833,5.49884436566035e-06,6.71099198688413e-06,3.00795101441775e-06,0.795689782561241,1.1171698613607e-06,5.21200697220933e-07,5
"20068",0.000669572525036545,2.0222930890729e-06,2.77011171911915e-05,0.0217595813901044,2.17095503449227e-07,0.976586726190737,0.000954179388337827,6
"20070",0.000785706613562702,0.000423607930975791,1.56460357637781e-05,0.0341453102396086,7.03614762206997e-07,0.964582625535009,4.64000303183774e-05,6
"20072",0.494837777714512,1.64554188063808e-05,1.55335732868077e-08,0.0206751818684849,0.477867316500096,8.59125475189476e-05,0.00651734041700879,1
"20074",4.71285780443228e-08,1.2826591566832e-09,0.999722768801362,1.13473476414841e-07,2.34004642379671e-09,4.07038394527811e-05,0.000236363134425654,3
"20076",0.0417697624058115,5.74590781284648e-08,0.638610621425349,0.000425913087239445,0.000139431228390349,0.0285169370306246,0.290537277363507,3
"20078",0.972359869681137,0.000935043924355892,3.39070465157925e-05,0.00219433436029858,0.0202012258237678,0.00427537104485571,2.4811907000863e-07,1
"20080",0.049848886290272,0.000234023196761449,6.19912399681787e-09,0.00010701879821803,0.94980993799357,1.27504399721355e-07,1.76542841310149e-11,5
"20082",0.00064489998768032,0.997386083788069,1.61614592511158e-08,6.26466172561815e-06,0.00196168494450279,1.05044980746366e-06,6.75581629825166e-12,2
"20084",0.929541644403595,0.00617565095221458,0.0172104741955009,0.00029694095733784,0.0445802365966791,0.0021949582822884,9.46123838146808e-08,1
"20087",0.814237970216365,0.000377850726239038,2.5487949678569e-07,0.092679491796915,0.0883495521027045,0.00433062730154407,2.42529767355827e-05,1
"20090",0.018496295440492,0.00458358489876599,3.31050382115598e-08,0.016224636625741,0.960694109913863,1.33998182952351e-06,3.42706994304706e-11,5
"20092",0.023044873260216,0.707373840688142,2.4876179296675e-08,0.258029791537207,0.000574808859706267,0.0106160249128881,0.000360635865661076,2
"20096",0.03035732917967,0.630328351487783,0.00493952216087677,0.0851115915828636,0.000165060087066376,0.249093059216154,5.08628558588931e-06,2
"20098",0.00247894056177772,8.06046101834073e-06,0.12025506662979,0.000466797688919022,9.65231108847871e-07,0.876787609161357,2.56026602925781e-06,6
"20101",0.344020742236842,0.000803221293890062,0.000124266005183439,0.000353549508148318,0.654677421203335,2.0798471421758e-05,1.28117939145427e-09,5
"20104",0.00124698877208884,0.115536080616528,0.000829717575352059,0.0035287241824597,1.0942000463006e-06,0.460448212534586,0.418409182118939,6
"20106",0.563497312281726,3.83070508270901e-05,5.46417831146628e-05,0.00699735923370836,0.429216220788711,0.000196153503951316,5.35796165244753e-09,1
"20108",0.00517429818189472,9.44780039344872e-07,0.00681911910211114,4.69296156800143e-05,7.52693254140021e-07,0.987866379803774,9.15758232461715e-05,6
"20110",0.00552728696327821,0.246548991550596,0.102950554644241,0.401510348439034,0.000351197942845815,0.243111477175466,1.43284538634327e-07,4
"20112",0.224412955173701,0.0105190653337384,1.68479779388463e-05,0.379818948482138,0.381306794743033,0.00392537107467453,1.72147766799758e-08,5
"20114",0.967931243810689,0.000385703846156773,0.0181336991276877,1.87699903362151e-05,0.00565277234123692,0.00787746090664651,3.49977247005209e-07,1
"20116",0.97222241232648,1.38709679726898e-06,0.00765833147734572,4.48020665600044e-05,0.0193478150201531,0.00071263357829111,1.26184343725393e-05,1
"20118",0.573850015539825,0.000190311546059247,0.035994661547078,0.000623741999355865,0.000228260210360509,0.389111902284498,1.10687282437968e-06,1
"20120",0.673227107720807,0.0274327406352167,0.000752473189616086,0.0067406610586533,0.289635741906093,0.00221127456469772,9.24916447923093e-10,1
"20122",2.11274084563661e-05,1.1486398804428e-08,0.998765914027264,4.82585337337808e-07,3.30797403132125e-08,0.00120472571792893,7.7056948741799e-06,3
"20124",0.339065517885175,0.00139332034505817,1.12303819200944e-09,0.00123569547985875,0.658304143564297,1.22343133154574e-06,9.81712413239081e-08,5
"20126",0.00145243273777462,0.994662658001756,8.0833554336698e-08,3.68223861144492e-05,0.00384772433258765,2.2499631906401e-07,5.67118936206094e-08,2
"20128",0.00098770729508635,0.145318486965073,2.58401401537338e-10,3.41162565721743e-05,0.853659688248163,7.09259666081797e-10,2.67443602640578e-10,5
"20141",0.00152618177911904,0.0408970828859897,0.0412930943345346,0.00018671247990592,2.1299649977561e-07,0.916038469820489,5.82457034620758e-05,6
"20143",5.89377919674024e-08,1.87407161065757e-09,0.999974334351698,1.29700679341639e-08,1.98585469312823e-09,2.18615168797613e-05,3.7283636357578e-06,3
"20145",0.884627887073905,0.00310486579592708,2.85560710469909e-06,0.00739871555596245,0.103215084192573,0.00165059110996865,6.64559276839101e-10,1
"20147",0.956639584756667,4.23556892031938e-05,1.50347512391335e-06,0.00038383501629788,0.0427842998667529,0.000148415840972886,5.35498238496401e-09,1
"20149",1.90384200192655e-06,2.58282897405942e-08,0.99873541154758,6.928788699386e-07,4.34522645067219e-09,0.00125792237681665,4.03918121563163e-06,3
"20151",0.00192041762798968,3.00677621638518e-06,0.0375828623102521,0.000711423060068164,1.48492037397201e-06,0.959778857728618,1.94757648202668e-06,6
"20153",0.00282002269354695,0.0125324171759311,0.54763511423808,0.00398431080713841,4.94333600001145e-05,0.432978673777315,2.79479891491365e-08,3
"20155",0.512231655167636,9.2355505794296e-05,2.9224403421098e-07,0.0498284847125698,0.437822272043154,2.48996857963448e-05,4.06410148154902e-08,1
"20157",0.000686065320773364,1.01012784187264e-05,0.352672247635663,8.05382570798237e-05,1.01084771498593e-06,0.646548219149123,1.8175112269144e-06,6
"20160",1.51287100229654e-07,5.27061102034072e-09,0.999964081823669,1.94795733818055e-08,4.04783903672531e-09,3.52134678848152e-05,5.24623322775945e-07,3
"20162",1.08438449691223e-06,1.07087308484889e-08,0.994030394359772,4.42801907974593e-07,1.32271883630696e-09,0.00596302725714428,5.03916522847419e-06,3
"20164",0.000141189735319023,1.39284170952158e-05,0.939363459489952,0.00110174056086418,2.97477548245841e-06,0.0593749164027827,1.79061850396025e-06,3
"20166",0.156540982324062,1.49341364123735e-06,0.000834492082185589,6.78868257518633e-05,0.842405563475843,1.73929306847401e-05,0.000132188947831767,5
"20168",0.000384156992782816,6.62455504860585e-08,0.000576164210018047,8.62972858077533e-06,0.0008961838892958,4.92641537993802e-06,0.998129872518392,7
"20170",0.00360095706326871,4.38566181092612e-05,0.197386449624242,0.000254371399349328,5.22675918125324e-07,0.798712772835302,1.06978381017771e-06,6
"20172",0.953724256538352,0.000523738978949726,7.71920939925962e-09,0.00171828384368701,0.0437920566449232,0.000241646706030672,9.56884796636097e-09,1
"20174",8.15902834220086e-05,2.13505598399797e-08,0.116132196697907,4.69933737983484e-05,1.04520236309671e-08,0.756061412584398,0.127677775257892,6
"20176",5.67857342369213e-05,4.85816568470883e-09,2.29990887954503e-06,1.20500579234161e-05,1.10946129196773e-05,2.23582287269549e-05,0.999895406599148,7
"20178",1.17572753824845e-07,1.02805532175382e-08,0.999982392349252,2.16707573417055e-08,6.49138861208963e-09,1.72196780316446e-05,2.31957263605398e-07,3
"20181",0.565157346570433,3.75040826101107e-06,0.00495296616273798,1.48140137724425e-05,0.429834521026634,3.56648803759285e-05,9.36937785107255e-07,1
"20183",0.0560007950842311,0.00160226557243606,4.6333155646067e-06,0.012550134410322,2.17309972732606e-05,0.929817059868462,3.3807517112124e-06,6
"20186",0.118484218411545,0.00675626191148854,1.05197896779931e-07,0.261932888267461,0.000560308792265246,0.607737677397367,0.00452854002197672,6
"20188",2.2006519383708e-07,1.57394655556761e-08,0.99969152750876,1.32115480382011e-07,3.90311330161003e-09,0.000307731235981078,3.69432005863778e-07,3
"20190",0.235878682260972,6.91194423894141e-06,1.80427177990613e-07,0.000177412820714275,0.763931785121828,5.0114540961572e-06,1.59709718644733e-08,5
"20193",0.000107747022180962,1.98579718501456e-07,0.982330380283148,0.00013961465830343,0.000952459106376732,0.000101173171072732,0.0163684271792001,3
"20195",0.00285135185489094,1.49323683668987e-05,0.773581425324578,0.00485812937244802,4.52630143479165e-05,0.218646898657909,1.9994074599256e-06,3
"20197",0.835642038492758,0.000246950035404243,3.0811844635753e-08,0.02440671435161,0.139472353257835,0.000231868683199096,4.43673500752687e-08,1
"20199",3.18670613727841e-05,5.09402481581647e-06,0.8948216405786,7.86748057335865e-05,2.6661529835838e-08,0.105061851342667,8.45525280365223e-07,3
"20205",2.01237649802115e-05,0.999513125151113,1.01963610993765e-09,0.000411066947807283,5.3615623479678e-05,2.067458420438e-06,3.45635418692124e-11,2
"20208",0.0120266407856076,6.95970604710458e-06,0.00770492239603454,0.00374310642847194,1.08168101249115e-05,0.976484687447749,2.28664259651012e-05,6
"20210",4.95852189127809e-06,6.2001689613939e-08,0.978783604900853,2.39043560500812e-06,5.24978109837294e-09,0.0212068469805018,2.13190967775574e-06,3
"20212",0.000438013528068013,3.22292212099632e-06,0.813713547354381,0.000366652058863771,1.86824638986976e-06,0.185472895904268,3.79998590807116e-06,3
"20216",0.947450487592613,1.89681596784277e-05,1.96984252713845e-05,0.000104501179067538,0.0521226144731617,0.000283636508814766,9.36613928580688e-08,1
"20219",0.207051889334537,0.710727325697224,3.51283942330593e-05,0.01339412354781,0.0671562827426304,0.00163524858842043,1.69514547682071e-09,2
"20223",0.00700880901735493,1.66841984482759e-05,8.60348207628134e-11,0.00158651866038601,0.990998594868819,9.84373440471709e-08,0.00038929473161287,5
"20226",0.00244813536130319,0.000234446839232545,9.11994997838988e-05,0.974703020908165,0.000344522551881489,0.0221785946548561,8.0184777835321e-08,4
"20230",0.114735641018899,2.78829368754206e-05,1.34196718406837e-08,5.84698210423616e-05,0.885176803667585,1.18034898251217e-06,8.7869430788042e-09,5
"20233",8.66971581213796e-07,0.999208317853873,4.79972725070998e-06,0.000104009135124879,7.38871026860188e-08,0.000681782873964864,1.49551102602716e-07,2
"20235",0.175692753864409,0.0201134358725409,2.14843132183596e-09,0.127616792637054,0.676433508489285,1.83145454931933e-05,0.000125192442786557,5
"20239",0.535021203996788,0.000302171349458618,6.6168359368549e-07,0.311150026796715,0.149841935819339,0.00129483217415852,0.00238916817994761,1
"20254",0.00039834069793693,0.99373037058127,1.36429516288657e-09,3.01029141479396e-05,0.00584102945946288,1.54981639360196e-07,1.24743626337848e-12,2
"20256",0.821610824260756,0.000139283823818829,1.65926672579937e-09,0.000362828183823374,0.177882539372703,4.3183476611371e-06,2.04351971698568e-07,1
"20262",0.0010800493397079,2.96105559726078e-06,0.501018069786397,8.35204568871554e-05,3.45996885542963e-07,0.497813626242029,1.42712249630856e-06,3
"20270",0.546885209634242,1.4081437287956e-05,0.00465902826632306,0.000894422844989235,0.431748525802606,0.0126724995569849,0.00312623245756635,1
"20284",0.0149360033648845,0.580443728662343,8.59233447110615e-06,0.067427919496993,0.000454210696488357,0.336729370620713,1.74824107403675e-07,2
"20287",0.0039006040615023,5.3880944952645e-06,7.02880152138546e-11,0.00034152246165307,0.99575247029225,5.29105238848469e-09,9.72875894662092e-09,5
"20290",0.000432776537776204,0.996248552670966,7.62096404629328e-06,0.00226910527019572,0.000353000185615872,0.000688944292095098,7.93053572173045e-11,2
"20293",0.995394469758092,0.000328275816156567,6.41373523600438e-07,0.000153708913259259,0.00223882610762045,0.0018839963232445,8.17081033201449e-08,1
"20296",0.0467522653635473,5.59121440767964e-08,0.665817508447501,0.00078366384836189,8.3530486839241e-05,0.270393826819438,0.0161691491221691,3
"20301",0.000520679292235829,5.91507993951006e-06,5.81533266268846e-07,3.42230860549274e-05,0.999438597338362,2.60349513556853e-09,1.06664611577822e-09,5
"20304",0.00210775626382004,0.997167299161526,2.3051236269988e-08,3.09297434720805e-06,0.000719567315508157,2.26121183600192e-06,2.17266659474105e-11,2
"20306",0.124552984871329,0.00099508145151331,3.545281327678e-10,0.000248060225188917,0.874202310659088,1.55146869219609e-06,1.09696603469491e-08,5
"20309",0.759421935884264,0.00259028902392592,4.95849335593188e-05,0.13852987129048,0.0139573825131381,0.0854503569723856,5.79382246250025e-07,1
"20311",0.88360339739106,0.000489025887137018,0.00021395696924022,0.000771657237439423,0.113903807690134,0.00101745306959882,7.01755390377821e-07,1
"20314",0.0210561491906238,5.15139067374239e-05,0.0126163283443074,0.00116198322706275,1.14131651253177e-05,0.965102336584256,2.75581887677794e-07,6
"20318",5.22149702744757e-06,2.73355684924757e-08,0.999912844552332,5.45830798278052e-08,1.21665064067954e-06,7.63161662999519e-05,4.31921505186974e-06,3
"20320",0.00118848899775572,0.00212595427221886,0.000907928895078347,0.614928259216898,5.05299814147405e-05,0.380790409618746,8.42901788868226e-06,4
"20326",0.0297744576170258,0.000130604652036375,0.0305679425483587,0.000507849260937218,1.60034289529738e-05,0.939002456841196,6.85651493178174e-07,6
"20328",0.00379948799924373,0.00249871802840364,5.19614570177296e-06,0.277645336860248,1.80993502562715e-05,0.716028770678504,4.39093764242547e-06,6
"20330",0.02729098815715,0.00245003310516888,3.7466587263386e-07,0.856570265155591,0.113628052174905,5.98693243894815e-05,4.17416922154504e-07,4
"20336",0.017955166188662,0.975277087661877,1.24112828547421e-07,0.00143218430568831,0.000225013430970421,0.00511042203660591,2.26336776944986e-09,2
"20338",0.0137748509885188,0.982718065872337,4.56855279677287e-05,0.00185930277368698,0.00136706189889344,0.000235031716528166,1.22206816321721e-09,2
"20340",0.114326317941284,0.00014921201883442,8.26708251587582e-09,9.74611906827731e-05,0.885426745711179,2.32600741697787e-07,2.2270194955625e-08,5
"20342",2.03968771353545e-05,0.980569726188571,0.000221004106462514,0.0175750098966417,0.00153372285025429,5.20461839691131e-05,2.80938969663268e-05,2
"20344",0.811974260940454,0.00044382790232233,1.42037505805795e-07,0.000354082336606032,0.18681936630253,0.000408151550986767,1.68929595182731e-07,1
"20349",0.509448600702784,0.000101744469397533,1.44394891435259e-09,6.45797251243092e-05,0.49038040810278,4.55794605695938e-06,1.07609908330037e-07,1
"20351",0.983362705286406,0.00356927576469481,8.05262622010291e-05,0.00217339661369284,0.00706654984612835,0.00374739995429491,1.46272581861421e-07,1
"20353",0.0465285021189796,0.0181420283922689,1.54654417348506e-08,0.663510821543983,0.271783952897598,3.46736125804971e-05,5.96914859528336e-09,4
"20357",6.40445480529459e-05,0.997427986266073,6.67252004443387e-11,0.00152734193712837,0.000979696086329316,9.31052402704751e-07,4.32882842175236e-11,2
"20360",0.00059922735709571,0.300228783568302,4.89951119391763e-07,0.687339518031867,0.0115595234749977,2.5371200177438e-05,0.000247086416440419,4
"20364",0.534401700133841,0.00211161357593745,5.17893830024632e-06,0.346632211752297,0.105871977334821,0.0109773027393229,1.55254811385805e-08,1
"20366",0.00134713655710124,0.996932983463931,2.07582192618457e-06,0.000270036644845873,2.0020482481993e-05,0.00142774538871028,1.64100347656149e-09,2
"20381",4.69546178926841e-06,9.38583681582499e-08,0.0124007306719171,5.7163388773037e-06,1.06903895403258e-08,0.00306751394259978,0.984521239036059,7
"20391",0.121180650818663,0.0121616544948102,9.58443633428660e-09,0.639770817280272,0.0211500177932965,0.00709908000104387,0.198637770027479,4
"20394",0.00132050411070332,2.24033904656247e-06,0.000500263362447986,0.0335919134798788,6.66963813408639e-07,0.962742012081022,0.00184239966308787,6
"20396",7.72401728054628e-06,1.09481258363533e-08,0.00644751219257399,9.7861268299746e-05,2.23611948415148e-09,0.298589645024925,0.694857244312675,7
"20409",0.827215748694548,0.000446034681868894,0.0820635232127924,0.000127641313272156,0.0137346705720482,0.0764102295581357,2.1519673351636e-06,1
"20411",0.513558932613148,0.127685596675374,9.28322832894825e-10,0.032593756932466,0.326119982058199,4.17252085357913e-05,5.58395332240433e-09,1
"20416",0.000852170642023765,0.730687239016113,1.01743016393536e-11,0.00010167191297416,0.268358915727791,2.62173132722933e-09,6.91927374358983e-11,2
"20418",7.58594784650632e-06,5.51979850257388e-09,0.0347230790191892,1.16201834846667e-05,1.82928145753435e-09,0.229587675667027,0.735670031833373,7
"20420",3.64041104212561e-05,0.991940824695562,4.43470718720984e-05,0.000362322918448548,2.63675231465334e-07,0.00761565669914575,1.80829319275969e-07,2
"20422",0.071231464484427,9.77311279223783e-05,2.26971631512992e-05,0.0243820941757958,0.9041929606092,7.30367183377646e-05,1.57211656277976e-08,5
"20424",0.383684312103881,0.0403598529941808,3.44974448804116e-09,0.101825720344971,0.474101935819626,2.81728349731001e-05,2.45262405257284e-09,5
"20426",3.05104558926733e-07,0.999921503838785,5.66331001077698e-05,1.46803790545517e-05,3.6176336014062e-06,3.25983316522002e-06,1.10727828052899e-10,2
"20428",0.912318991259448,3.7925238596336e-06,2.31361305652451e-06,0.0700391523720989,0.0119654396984292,0.0048064530923477,0.000863857440760399,1
"20431",0.0244195254853048,0.00510977849291597,0.0762081205661831,0.311620997104319,0.0025471481856153,0.580093555818393,8.74347269660543e-07,6
"20433",0.0151655484590663,1.23795559452451e-06,1.79823345884086e-09,0.000189580228569062,0.984596762106525,6.89242735183557e-08,4.68005277378655e-05,5
"20436",0.00249241815681194,3.42671402933256e-08,3.63098913542534e-06,3.0485274085897e-05,0.000896096306481078,8.05495618715836e-06,0.996569280050158,7
"20439",3.6016815587133e-05,1.73404746423492e-08,0.121713492427766,5.88370584702389e-05,7.95700277989433e-09,0.667401138805459,0.21079048959524,6
"20441",0.000211679111364888,0.992655356791239,5.50744085559728e-08,0.00693044940530222,0.000191929233552061,1.05302762938977e-05,1.07839934710429e-10,2
"20444",1.61635815783384e-07,3.97771271496979e-09,0.999833193592277,4.22102250872555e-08,1.42576466046458e-09,0.000165437699164724,1.1594590404665e-06,3
"20448",0.0556959176832242,0.00139953340236363,0.111134870531325,0.000109787891582442,0.000140388189183072,0.831388583252545,0.000130919049776961,6
"20536",0.00139367797582297,3.61707859468049e-07,4.36003962666031e-06,0.00785462461952478,8.34653165048643e-07,0.154537731767463,0.836208409236538,7
"20538",0.474319931745135,0.514847002229388,2.57168674335525e-07,0.00018050960531252,0.00232403983704242,0.00832614195413515,2.11746031258062e-06,2
"20541",0.0334732910182548,0.01798568371882,1.08077326415032e-09,0.00148495406303749,0.947055806132608,2.63969635713091e-07,1.68703577442191e-11,5
"20544",0.843640122743576,0.000334115503180106,0.000925324314712403,0.00144963346615496,0.000608647521140817,0.153041483779739,6.72671496418093e-07,1
"20546",0.65315875011033,0.00653892478430153,4.33588420124222e-09,0.0152568906760628,0.324826310802119,0.000219113748433069,5.54286954162122e-09,1
"20550",0.00243468267743449,0.000208014040503565,5.44622510852509e-05,0.99468775904749,0.001030162774546,0.00158440889138935,5.10317551640507e-07,4
"20553",0.000185958819693279,0.460345680736924,1.48013314387088e-07,2.41216862298947e-06,0.539465799319531,5.98721228256453e-10,3.43193540147022e-10,5
"20555",2.22375607679691e-06,0.99788597342512,1.64872934336197e-08,0.00174587414290096,3.94957257400385e-07,0.000365426723268802,9.05080832055413e-08,2
"20557",0.00939684031280257,0.0165839537898802,0.000186491251640332,0.959819529620386,0.00167699584651583,0.0123361781175422,1.10612331035204e-08,4
"20559",0.771168521721829,3.35202873153116e-05,9.3514185040623e-07,0.000355022847675456,0.228383392761786,5.86050020406842e-05,2.23750280147165e-09,1
"20561",0.0175382687415191,4.4530335118545e-05,0.226509195389825,0.000639918997053369,3.21376829534318e-06,0.755261817626058,3.05514213012788e-06,6
"20564",1.17572753824845e-07,1.02805532175382e-08,0.999982392349252,2.16707573417055e-08,6.49138861208963e-09,1.72196780316446e-05,2.31957263605398e-07,3
"20566",0.766267825487432,3.01785190647196e-06,3.94747208639344e-05,0.162072299198351,0.0494632810029369,0.0221239689651178,3.01327733912132e-05,1
"20569",0.000108621767502531,1.1199009610236e-07,0.0494572581578855,5.19832808287054e-05,2.70038873867813e-08,0.950176087624576,0.00020591017522418,6
"20572",5.61573107064144e-05,1.77633829373859e-08,0.874945477406969,3.5830895878014e-06,4.19039419160903e-08,0.124474543178382,0.000520179347029483,3
"20574",0.391418539951831,0.00150625264635039,2.24038614762705e-06,0.00244834771389167,0.604582641334825,4.19776033273485e-05,3.63626473024307e-10,5
"20576",2.42014315718471e-06,3.86779230653292e-08,0.999864046986125,1.14123287325903e-07,2.16766456218073e-08,0.000133169878086963,1.88514775039569e-07,3
"20578",0.968418359208544,0.000130641950863804,0.000938341348573081,0.00885170104947317,0.00437885566645116,0.0172819034707079,1.97305387014608e-07,1
"20580",0.960609016454728,1.57410784355597e-05,1.16026433249138e-05,0.00144287366685561,0.0101356981045227,0.0277805449608578,4.52309127570353e-06,1
"20583",1.34089787189766e-06,2.73304327093898e-08,0.999933852689219,6.72071511091977e-08,1.88284071645968e-08,6.45139927717681e-05,1.79054146651912e-07,3
"20586",0.975090026191829,0.000612399002159819,4.00679544505125e-07,0.00133925343997434,0.0116971025628768,0.011260604790418,2.13333197358086e-07,1
"20589",0.363860770858779,8.63572737026864e-05,3.67248373304372e-10,0.00663104395158825,0.629419137901844,2.59123835339438e-06,9.84084835249374e-08,5
"20591",0.00375897889322456,0.0803259033794033,1.34460497650702e-06,0.831739299584815,3.07120963749012e-05,0.0841343088114394,9.45262976608806e-06,4
"20593",0.00438105847124443,2.26418053888212e-06,1.33985486317434e-09,4.17085521600213e-05,0.995574965264708,1.36294476676445e-09,8.28548614853993e-10,5
"20595",0.971271129052273,8.8856856304817e-05,1.14362526481032e-05,0.000125842026156179,0.0280914264670354,0.000411297800400886,1.15451812120885e-08,1
"20597",3.51748319434367e-07,5.37249239605615e-10,1.56222315352006e-06,1.0683868887241e-06,5.3550745280399e-10,0.000716727486356045,0.999280289082526,7
"20599",1.88580523806149e-07,5.43092206367267e-09,0.999969565085916,1.39193032143376e-08,7.39411016162679e-09,2.9790374928132e-05,4.29214296724334e-07,3
"20601",0.003130784211569,4.12504717026511e-05,0.00011776376203804,0.0328008018694458,1.22002644683849e-06,0.963905373987321,2.80567147616802e-06,6
"20604",0.140457504655812,1.91068157645971e-05,4.56655880678238e-07,3.40209886514181e-05,0.859487900386543,1.00951446924097e-06,9.82878608015797e-10,5
"20606",0.0848370853139764,1.79577107112007e-05,6.97811638297966e-09,0.00047762083521365,0.914666765876545,5.61966912691004e-07,1.31852495630571e-09,5
"20608",0.492621303689046,4.7596583472236e-06,1.61519811625779e-07,0.0412582235738015,0.46602177960278,9.22832464295651e-05,1.4887097841185e-06,1
"20610",1.09269702578935e-05,2.32690638940328e-07,0.999036292590984,6.14391966088158e-06,1.93757860957911e-07,0.000945888040790637,3.22029807097732e-07,3
"20612",0.0769542599994291,0.103072813064456,0.000806210233421056,0.000229083722817585,0.100097785589847,0.00045267968570747,0.718387167704321,7
"20614",2.92720710539673e-06,2.05993861622512e-07,0.990277717647705,1.11641609665394e-05,1.2155470057396e-08,0.00970763642500373,3.36409887710044e-07,3
"20616",0.0372662038841922,0.000105087478132902,0.000245567802561219,0.0016519691448446,5.13167957126012e-05,0.960650264504931,2.9590389624924e-05,6
"20618",8.49660949606369e-05,0.998835332740117,4.87315477941704e-06,0.000859681698444599,1.40312272187543e-05,0.00020111470386807,3.80611688104342e-10,2
