"","V1","V2","V3","V4","V5","V6","V7","V8","V9","V10","result$classification"
"19812",0.193990957502045,0.67892977567507,0.000436114488799562,0.000129493865216581,0.000353500677917514,1.63168019412903e-05,0.126040234426567,6.72057151869445e-07,0.000102693425167164,2.4108012396386e-07,2
"19814",0.0134455046017839,0.983154583743828,3.50299837152072e-05,2.35879952062724e-06,6.35406817593297e-07,3.59020273287692e-06,0.00152263092104187,0.00183461308155211,1.05034859904856e-06,2.91040868102082e-09,2
"19816",0.66534090284813,0.00388964299095558,0.289967186410086,5.33196314043319e-09,0.0192345510521543,2.72144736399096e-06,0.0215563211804254,5.05532330629119e-07,7.98492889636825e-06,1.7827769435623e-07,1
"19818",0.655322442328,0.33759348333937,0.000846507614485032,2.72202337401583e-06,2.27591810532503e-05,1.63375723470521e-05,0.000388338730055146,0.00580401063859955,3.38555793807e-06,1.30147774997232e-08,1
"19820",0.000929871677533593,2.03844047838522e-09,0.998697696568278,9.68873289786113e-11,0.000185317842528255,8.78616811188832e-12,2.05289792440251e-05,9.66354442167995e-11,0.000166504744864159,7.79468025862743e-08,3
"19822",0.00157046069815715,1.85143394416229e-07,0.835406642361031,3.19251139717042e-06,0.00165976924638449,7.725316037678e-10,0.00703159675269734,6.38200976552163e-07,0.152881843328529,0.00144567098490111,3
"19824",0.272006758588453,9.97349400264693e-05,0.423442458431059,1.47491131399233e-07,0.303194729270984,2.95381455422319e-06,2.75167248792111e-06,0.00119482217774006,5.38545422283694e-05,1.78907133491621e-06,3
"19826",0.0399466353470858,0.718016210757931,0.00125715829212188,1.22227940755821e-06,0.0347269097327866,0.00239035815828741,0.203624456824362,1.65300811450155e-05,9.43085797534925e-07,1.95754410754864e-05,2
"19828",0.283921807708026,5.33857141323359e-05,0.714704122659396,1.00924508204318e-07,6.42497700679546e-05,5.61117776114475e-09,0.000255215678829174,8.55655578970324e-07,0.00100025375240071,2.52588269624132e-09,3
"19830",0.00847644524259979,0.904779525235798,9.9021520748842e-07,0.00344821014671419,1.50273494413035e-05,0.00158093129275699,0.0812515993475859,6.26991442762443e-05,5.55492158317654e-06,0.000379017104036844,2
"19832",0.0790719327544083,0.134837858625464,0.0120860585992143,0.0406068572475963,0.000733013231757207,1.97392533382827e-07,0.0734056365455069,7.50035851718514e-07,0.659253631334712,4.06423295544066e-06,9
"19834",0.165286691664829,0.00519042844504759,0.0541231661179464,4.86953311782302e-06,6.69778826968433e-06,3.23376379590179e-08,0.770230305858485,4.42110198270784e-05,0.00503585119014627,7.77460446931404e-05,7
"19836",0.772186448767075,0.0338382183564312,0.00112198750318519,1.78190352456681e-05,0.188465967471493,0.00220544334996836,0.00215803220658385,1.04339363084348e-07,3.73464838584029e-06,2.2443222689554e-06,1
"19838",0.000339665597663384,0.998238869216145,1.64449220454706e-07,9.20367086990044e-05,7.15151606282692e-08,9.74830221978954e-06,0.0011303144054426,0.000188391331710963,7.32303289044632e-07,6.17045001670355e-09,2
"19840",0.106772712611633,0.011732625568788,0.038670552408436,2.67698753848229e-08,0.00225658915707695,7.52938561981744e-05,0.840304279754703,1.22124965650796e-06,3.4386334041112e-06,0.000183259990229447,7
"19842",4.76206770387511e-06,0.013070317242795,7.49081728037987e-09,1.21725916037353e-06,0.000145086524548417,0.986660605727081,0.000114995963363158,9.02046239172616e-07,1.1280410743515e-10,2.10556548736841e-06,6
"19844",2.95140602943289e-07,3.11865434987689e-06,5.90287755622065e-07,4.93554932912046e-09,5.65098759502311e-07,7.24221071812399e-06,1.52886792085925e-08,0.999986903208962,5.35231444849504e-10,1.26463939236318e-06,8
"19846",0.000147636780997214,0.918220817919617,1.35111929283556e-08,2.87005649244284e-06,7.10307878415323e-06,0.0229991761941519,4.40563845746312e-06,0.0586179673674659,2.14332076793004e-10,9.2385085093829e-09,2
"19848",0.000172612716098274,0.978681701231836,2.46656487055539e-08,3.85580899710199e-06,1.16310230715134e-06,0.000711611927947553,1.39029024428874e-05,0.0204151217949147,1.45335120016686e-09,4.39645588570696e-09,2
"19850",0.000395165206303087,0.8105821178386,1.66884623358451e-06,2.26151820440916e-06,4.55763862021946e-06,5.38084667230687e-05,7.61023207274755e-05,0.188884171322581,4.45880620904371e-08,1.02253945220651e-07,2
"19852",0.976352289619372,0.0154976560931202,0.00677712501349429,3.32858035600378e-07,0.000102779343753423,1.70353762102267e-07,0.00121168931627527,4.58002902473004e-05,1.19184188772702e-05,2.3869306242106e-07,1
"19854",0.000167272138850656,0.997982820285595,2.70328047467238e-08,6.22557324573874e-06,1.67751271439782e-07,0.000186685476680941,6.04580428992739e-05,0.00159633675109526,5.25609235785841e-09,1.69146466656606e-09,2
"19856",3.77051749835811e-05,0.0104760505409551,3.23973994265682e-05,8.73172705252844e-07,0.000167654128988035,4.12866277190962e-05,0.000215583621106529,0.989011550224924,4.91832746783553e-07,1.64072764453761e-05,8
"19858",0.00198370770521815,0.000478809284286614,0.00187874864061479,1.36934579754604e-06,0.000927962116117289,5.60968994073122e-07,1.35997622590103e-05,0.994642956388277,1.47075332190227e-05,5.75782552169766e-05,8
"19860",0.516517418016565,0.218586511298927,0.0195154276269649,5.19661594462769e-07,0.000259469591401375,3.10939419269488e-06,0.24506520200808,1.48258832174658e-05,3.36387324009814e-05,3.87778665679097e-06,1
"19862",6.8802288525048e-05,0.907665611727875,4.30076750155088e-09,5.87015537128283e-06,5.94496830234227e-06,0.0907739718452891,1.22702224415656e-05,0.00146751101081673,1.52553078918787e-10,1.33280579879406e-08,2
"19864",2.36494895580243e-05,1.07770263897486e-06,8.91846902880124e-07,7.65915204596887e-07,0.00776205021041345,0.992136041095361,1.46676399590598e-07,7.08581554322541e-07,8.74508986547255e-10,7.46676074576533e-05,6
"19866",0.229771328122913,0.000173627747245182,0.0844889525881764,2.5520933475412e-08,0.66101573969127,0.000199876945736451,0.0210407885289076,1.59287656035173e-07,3.63103330264933e-06,0.0033058705338587,5
"19868",2.83858074925193e-07,1.25378060730402e-05,4.6326797896869e-07,0.956605954147093,4.54947841441596e-10,5.36903520276159e-08,0.00141842221801019,1.57828932485856e-05,0.0416172880730772,0.000329213591143554,4
"19870",0.0257894437184779,0.967425488886788,1.31677165421152e-06,1.55452305968702e-05,1.34198455859317e-05,0.00525492522621443,4.87696016770395e-05,0.00145105203476556,2.5038949743117e-08,1.36452903078988e-08,2
"19873",0.436665208855316,0.558769445939594,0.000553959391209501,1.23082662050907e-06,0.000947574500336634,0.00131872417904964,0.00134248802881785,0.000400460543055414,5.40336233770034e-07,3.67399766005871e-07,2
"19875",0.0776551536501996,0.000563536581956353,0.836592773341496,6.6058342565834e-08,0.000359376852387551,1.00178242390436e-08,0.0832410977702177,1.58661738688299e-08,0.00158758543750882,3.8442389328603e-07,3
"19877",0.225390704262103,0.768792060243644,2.80463938354104e-05,1.71127266645802e-05,2.52674213474911e-05,5.31852799806625e-05,0.00409121453519704,0.00159911628414001,6.97065170718288e-07,2.5957879171507e-06,2
"19879",0.972513988974415,0.0235835708925154,0.00086889498696592,1.34493134251703e-05,6.96736136399186e-05,3.57731448243291e-06,0.0024787886839694,0.000445074070028984,2.06497694013451e-05,2.33238115613661e-06,1
"19881",0.0344210034579434,0.868256907998805,0.000142654333565584,4.39558263335894e-06,0.0852934791459324,0.00634307404143416,0.00482972715507624,0.000704146600979266,4.26044371418415e-07,4.18563925926926e-06,2
"19883",0.0188783653657451,0.594560694426119,4.20776338680805e-05,1.3458772817952e-06,0.0602058862204624,0.323273359613072,0.00300970938946315,2.80136550264439e-05,3.00244338703711e-08,5.1779452772332e-07,2
"19899",0.189872337584511,0.00960664468752925,0.00168447109041189,5.08034307552949e-05,5.99368424197443e-05,2.067337948443e-05,0.796038469494896,1.19762959715735e-06,6.58076334085085e-05,0.00259965822698736,7
"19908",2.47985940177527e-06,1.03796897933853e-07,1.987837239909e-06,4.00827627867841e-07,1.57552564499795e-06,4.34069163051929e-06,0.000430329621321293,2.95942163943639e-07,2.99218159426045e-07,0.999558186679912,10
"19910",0.972728740310385,0.0252877375069916,0.00119204631951054,4.64652433687643e-07,0.000571502216962964,5.32414145950625e-06,0.000193562622039376,1.93692218983922e-05,1.22341198163529e-06,2.95963373181126e-08,1
"19912",1.76892266319471e-05,0.14560207069701,2.00131010370456e-08,2.65926030218945e-06,8.45240425215191e-05,0.852911345912854,0.00129760252641278,7.56562258335674e-05,4.16617058367412e-10,8.43167871666715e-06,6
"19914",0.625672596673487,0.121776600285901,0.00231240746644598,0.000121540384265833,0.000559425103372591,2.60559831088996e-06,0.248070867497606,0.000340053770271175,0.000369538859336301,0.000774364361002634,1
"19916",0.000767123494238597,3.28029225863137e-07,0.00208694564663423,1.09448090852556e-08,0.996569992488595,2.09707518074935e-05,5.70388487428487e-07,1.64711518254319e-06,1.49840118710278e-07,0.000552261300900891,5
"19918",0.00616289261035678,0.912366931319339,1.93589439950198e-06,3.87103318972154e-07,0.000199882259941245,0.00436678804113161,2.77176495778597e-05,0.076873429868829,1.88174572765646e-09,3.33713603843753e-08,2
"19920",8.21139099082608e-05,0.102925797899876,1.66449141606779e-07,1.0614419018399e-07,2.22498597435764e-07,7.67595524211856e-05,2.85114083736077e-05,0.896886056928946,7.26462487713764e-10,2.64482083227508e-07,8
"19922",0.0503121809037302,0.0752776877011802,0.000257064817846943,0.763533524452957,7.0378655419868e-06,1.32031822228918e-06,0.000103655631044186,2.90303669553052e-06,0.110504623834286,1.43849540489554e-09,4
"19924",0.201423208894619,0.759069377139232,0.000163846598059324,3.2034959600286e-06,3.88287857609985e-05,0.000200951081571801,0.00781398941147203,0.0312854390754619,4.07221345783425e-07,7.4829651662842e-07,2
"19926",0.416915683104562,0.0123512370819218,0.00357088278128321,0.00078418790609198,0.0345012244768229,0.000133259508557391,0.530372694126688,5.08105615857186e-08,0.000591402171080461,0.000779378032430024,7
"19928",1.06323681796954e-08,2.55439068267223e-07,6.78544721920342e-10,3.90278336357606e-07,0.00100465501136654,0.998910641645105,7.54988076917785e-09,2.90528032682195e-07,8.11263264636701e-12,8.37482291845505e-05,6
"19930",0.0256850069327896,0.973982595745062,4.42535266893118e-06,1.24769043858281e-05,8.3641318798075e-06,6.70407410707878e-05,0.000179439673763075,6.03978200163155e-05,2.5075526512127e-07,1.94309900879428e-09,2
"19932",0.000402149038465277,0.998918865175923,7.95525245507844e-08,1.45586282407008e-05,1.55792668598461e-07,3.28029798423116e-05,0.00010033256891174,0.000531019184764989,3.58969888952461e-08,1.18167039239002e-09,2
"19934",0.264063767117767,0.0141984880010976,0.578758522453368,2.06094319448324e-06,0.00081805699889753,3.07519472023812e-08,0.132564841804922,9.61515794629824e-05,0.00949736048461717,7.19864726093546e-07,3
"19936",0.0661014202544254,0.828512818843782,0.000233179968208887,0.000131711908462016,1.44775086358544e-05,8.0951453043756e-06,0.104881725068085,8.08139926651924e-05,3.44869426280135e-05,1.27036780343426e-06,2
"19938",0.067856022111103,3.33623912864399e-05,0.793346907747707,1.70139086228879e-06,0.0108088843533271,5.79262155273925e-08,0.117189187193817,3.11675649849026e-05,0.00489615057164834,0.00583655874904768,3
"19940",0.854495372136848,0.122366004053623,0.000393583911681443,1.32649138473912e-06,0.0187325377406093,0.00381730580873344,0.000115194296560764,7.84916796710893e-05,1.48881611639662e-07,3.49992761543386e-08,1
"19942",2.44336683192446e-07,5.38958670046411e-06,3.46556880061227e-08,2.86335640316597e-08,0.0136997049324026,0.985956904651231,3.47123401187708e-06,1.2569744571825e-07,2.10482524302894e-11,0.000334096251225414,6
"19944",0.925528772335043,0.0165469447088417,0.00903391716038084,3.84710618255688e-07,0.0452046041878563,1.0331036562512e-05,0.00366574149589013,3.10379905133126e-06,4.35658143508642e-06,1.84398432128175e-06,1
"19946",0.715243320945684,0.269974988860017,0.00156258804239383,2.6352434057577e-06,0.000771972456537114,1.16293091203036e-05,0.00238712845336486,0.0100304623082287,4.12335136176884e-06,1.11510298857958e-05,1
"19948",3.63397295870116e-07,7.54786275072786e-06,6.78416957783857e-09,6.69132709116047e-09,0.00228855565628081,0.997703166363332,1.44694465229647e-08,1.80898684644105e-07,1.65859881138861e-12,1.57875054097257e-07,6
"19950",6.03738287347647e-07,0.000754373392431572,3.41693488831632e-09,1.35361664390438e-07,1.02184616949402e-09,1.00153037742781e-06,9.65198695541805e-08,0.999243765883235,4.15544013813394e-10,1.87198097821045e-08,8
"19952",3.63397295870116e-07,7.54786275072786e-06,6.78416957783857e-09,6.69132709116047e-09,0.00228855565628081,0.997703166363332,1.44694465229647e-08,1.80898684644105e-07,1.65859881138861e-12,1.57875054097257e-07,6
"19954",0.00467085031010336,0.99483161943817,4.96795337248166e-07,6.50261081047307e-06,1.44191044298086e-06,0.000120644288146626,7.71452771030357e-05,0.000291269610200413,2.85721328237402e-08,1.1875533921433e-09,2
"19956",8.93749250619199e-06,0.163048765936362,4.90787986739407e-08,0.000871515881089244,1.94384605514784e-06,0.0153475553248164,0.0194559476002775,0.398101807730191,1.48009373985495e-07,0.403163329100529,10
"19958",1.27848453863224e-05,6.0718629512301e-05,2.37236462226242e-07,0.994717976707778,2.4561697478456e-08,1.64449767513247e-08,1.74690771997626e-08,2.03863881861252e-05,0.00518783175764048,5.9592825410942e-09,4
"19962",0.0778068487643541,0.590959669878801,0.0194337405829607,0.000137781621459886,0.0370482539740721,2.28518311452691e-05,0.01497116370603,0.258702263721137,0.000698930970125283,0.000218494949915383,2
"19964",0.700760976290285,0.263023930613441,0.000388377295954483,1.83140386138169e-05,0.0231919167364245,0.0072292903903337,5.92612750070019e-05,0.00532745864229537,3.81148944468152e-07,9.35687006344975e-08,1
"19966",0.00777166271152732,1.63100104136114e-06,0.122080327556534,1.42642356175695e-08,0.864699285958101,4.74281648885082e-06,0.00526545687236317,1.16657049018242e-09,1.48915728689562e-05,0.00016198608026932,5
"19969",0.00348618299830111,0.976630049354381,3.87325909703261e-06,2.36480854026694e-06,0.000284153132808453,0.0129608688745542,0.00659984927989584,3.17014446033005e-05,4.03370088626217e-08,9.16510810279335e-07,2
"19972",0.0517392990628012,0.37639457219458,2.2227417248401e-06,2.61902684454513e-05,0.000305515026189274,0.535180779454422,2.31454373203028e-05,0.036326648213813,6.41993289900773e-09,1.62118077145729e-06,6
"19974",8.07604001454313e-06,0.0623620342321219,1.23920051621187e-09,8.21423886741017e-07,2.81887449481666e-06,0.369902777139343,3.70782895258416e-07,0.567722823326671,6.70634621975853e-12,2.76934665629314e-07,8
"19976",0.512587921790992,0.450511673253372,0.000173985998466534,3.82464657229341e-06,6.22424895074988e-05,0.000141895143502667,0.00133074353611559,0.0351795372027738,4.32599265697527e-07,7.74333943199945e-06,1
"19978",0.961675284446715,0.0170232251962486,0.013806213815871,2.85223539425073e-08,0.00720658997324895,2.95526073625681e-05,0.000203900762405741,5.48024302811383e-05,3.61843892554248e-07,4.040162030461e-08,1
"19980",0.000116513256566529,0.863870336425225,2.63683255058935e-08,6.49226384587266e-06,9.0607783305879e-08,0.000198974432041485,1.81186608316296e-05,0.135789437112773,3.76193401461798e-09,7.11067277171387e-09,2
"19982",0.000216587618863276,0.114596731628902,3.76191195837507e-06,1.24547351871801e-05,8.31108637997741e-08,2.62611643904794e-05,0.000664378843174365,0.884478693623992,3.0246182229675e-07,7.44900846492406e-07,8
"19984",1.61719652160062e-06,9.49863540513925e-05,2.10287930689719e-07,7.10077381961455e-09,2.83670361616076e-07,1.12578147759208e-06,1.73134352773075e-07,0.999901371540459,7.0429578824852e-10,2.24229775367579e-07,8
"19986",0.0193257307717625,4.64997358801687e-08,0.973975739148366,8.13104311754505e-09,0.00296948505428027,2.88225640217537e-10,0.00219029842256919,3.99065236867055e-10,0.00137216263494736,0.000166528650005103,3
"19988",0.00111986586644066,7.24829883693995e-10,0.997161917554208,9.27304838844739e-10,5.02668964964111e-05,2.19771144710513e-12,7.8515820033766e-05,7.28793677843315e-11,0.00158370035010421,5.731785505422e-06,3
"19992",0.00107275533103755,3.83714890072281e-08,0.994527106384665,8.50556779397235e-10,2.18251506828557e-05,3.31691738167612e-12,0.00288826156265952,1.32941016142153e-08,0.00143600512597265,5.39939255176643e-05,3
"19994",0.0394355607750383,0.95945049391025,5.78717152912592e-06,4.84240907186088e-05,6.85935079892451e-06,3.79912501612036e-05,0.00100122160197615,1.2597352040148e-05,1.06032957552392e-06,4.16791221958207e-09,2
"19996",0.00879342813395249,1.07985315967623e-07,0.990803849534616,2.3775878643241e-10,1.52548355394584e-05,1.05023294482723e-11,0.000170297315461192,1.09651431093668e-08,0.000216982137044105,6.88446665370976e-08,3
"19998",0.00255800336663761,0.0541011711263578,0.000900181295370311,4.63145352980568e-06,0.636241739083017,0.0266027256608495,0.174179425754127,0.00210577085650715,2.98986246576042e-06,0.103303361541137,5
"20000",0.000125654305451044,0.685748975267341,3.03796162133025e-07,0.129593035729975,1.39335843978952e-05,0.00237624211600111,0.17975724225707,0.000115649126183418,0.000111148853645961,0.00215781496377281,2
"20003",0.0840720302772008,0.891164202217336,7.62492580811729e-05,0.000144755766641169,0.0009689502973952,0.000239257429005891,0.0233194705068821,5.49975428319542e-07,1.4422619954679e-05,1.11652075010202e-07,2
"20005",0.000230833030300633,0.967709295873714,8.89499643129302e-09,3.83119900242376e-06,1.26151132716368e-06,0.0137417183176589,1.11875035092911e-05,0.0183018419106582,2.23506282413275e-10,2.15353268257062e-08,2
"20007",0.874168730736802,0.016670082108207,0.0122967592641974,5.65743327701444e-06,1.25595378985167e-05,6.74856911959562e-07,0.0963673620640645,0.000123038590192531,0.00021687833767196,0.000138257070776557,1
"20009",0.0197934256059341,2.16758819074433e-05,0.203717572369423,4.77434551837421e-07,0.775799915820816,5.37610739723467e-07,0.000150928794583432,6.61032280307156e-05,0.000324383145392588,0.000124980108620848,5
"20011",0.376983272106884,0.536891325720755,3.91936093621886e-05,1.90632230489106e-05,0.000430335407217476,0.0785989064204736,0.000556664141424071,0.00647861506999292,9.93840385209439e-08,2.52491680292738e-06,2
"20013",0.0048004758885124,0.886774358412199,5.61409514855438e-06,4.45309583265973e-06,5.08764878558385e-07,1.85103560375796e-05,0.0138855830769056,0.0945065645210119,2.82490759261273e-07,3.6492987145686e-06,2
"20016",0.0520887246530705,3.88154196372592e-07,0.925720875610773,6.87260040251325e-07,0.00111525234742714,1.69995747538271e-09,0.00121442254301345,2.9056717795078e-06,0.0165840484383502,0.0032726936213916,3
"20018",6.29594436206218e-07,2.54601269446872e-11,0.00237012401202878,7.49238375309711e-05,2.06375744980621e-06,7.26026512053187e-13,4.01156242348898e-07,1.93858416476883e-11,0.997535989034832,1.58685619078323e-05,9
"20021",0.76504502646727,0.00164177761620196,0.222950288392157,8.00644392023652e-07,0.0085447622964191,1.31664968701336e-07,0.00101422175395659,1.84401538401607e-08,0.000802955749712093,1.69747685362282e-08,1
"20023",0.852187595275684,0.0115687256743003,0.0769712997625277,5.64216557534816e-06,0.0115228547585931,1.94739899269093e-07,0.0470216087651094,3.39897422553012e-05,0.000621695860832364,6.63932552229165e-05,1
"20025",0.00527449265594575,3.04134901699867e-07,0.263138842895571,0.000269295793648998,7.82988880477937e-05,1.13926598466162e-09,6.74190881594122e-05,4.24646996856861e-09,0.73109188821899,7.9452938999116e-05,9
"20027",0.00131600132729751,0.389234249068735,4.2631768913208e-07,2.23528960548915e-05,0.00039712517157913,0.600012836322244,0.00900138589990115,3.66441341034959e-06,8.11829278503826e-09,1.19504647955685e-05,6
"20029",0.000217376586880945,0.949984530573457,1.16196684123553e-07,2.76704253375731e-07,1.74711285541486e-05,0.0438935419698531,0.000399668996102234,0.0054868376197274,3.2613720984266e-10,1.79898350152572e-07,2
"20032",0.00217326963926384,0.986791943535641,4.32749823324576e-07,5.52982664807905e-05,0.000133098061623361,0.010096790128801,0.000745000114480881,4.09752170601181e-06,5.72747482053306e-08,1.27074311251538e-08,2
"20034",9.09449472497924e-06,5.18516169856383e-05,4.07419067322883e-08,1.14622628829645e-07,0.0157172430640302,0.984221251438923,9.85500698278635e-08,5.39647892205837e-08,2.84103194981185e-11,2.51477531070302e-07,6
"20036",0.000154498587659852,0.0300286861055222,0.000278393803832885,2.29046748381379e-06,9.44708009253567e-05,3.5274107937021e-05,0.857307864488694,0.0142569145471343,6.66613243350188e-06,0.0978349409583777,7
"20038",0.0625670324716197,1.43548498893346e-05,0.540724327367531,8.93346716275379e-07,0.000141664180785312,1.07200956072449e-09,0.369377286919084,2.87950431081239e-10,0.027165357784996,9.08171941813972e-06,3
"20040",0.0281715906398734,8.46925255315325e-08,0.519930322969005,1.98256571614945e-05,0.434042161889953,1.18336939699086e-07,4.39298652388635e-06,8.19522751393943e-07,0.0156641377792692,0.00216654552599709,3
"20043",0.0250208486743881,0.000299397799486354,0.950602359485084,5.09759146459112e-08,7.50190985719389e-05,1.04212109895982e-09,0.0198766440778818,9.91480834761437e-08,0.00412555778761811,2.19108501512519e-08,3
"20045",0.000878683341003362,1.3057439000902e-09,0.972822487595646,1.87952913506748e-08,1.71671434093567e-05,1.89552219670321e-13,8.09116706608984e-06,5.70482763265503e-09,0.0262723781965005,1.1667503221478e-06,3
"20048",4.06150306059548e-08,8.41784165922861e-06,2.48060498816999e-09,3.04373438080287e-08,5.68967224233881e-10,2.40756844633413e-07,7.33607604434491e-09,0.999991120828489,2.33804114029454e-10,1.38901180464203e-07,8
"20051",0.0728704477487926,0.581172811505265,0.100750318206424,8.11338715852982e-05,3.62833952937679e-05,1.057269452674e-07,0.207196041964518,0.0105827531115981,0.0273036265016215,6.47796795678349e-06,2
"20053",0.891672874674224,0.000838020317668377,0.0748200620847417,1.18831728711142e-07,0.0319811318987019,6.06302330267738e-07,0.00058535221394023,5.24458042912877e-05,2.61952014973703e-05,2.31926708760154e-05,1
"20055",0.0203634562355307,0.000456690628513582,0.0104159346136668,8.1706292243714e-05,1.92266567360356e-05,2.06211635810683e-07,0.95744115378361,6.51227391492692e-10,0.0112151505272106,6.47439962574257e-06,7
"20057",8.83025705966478e-10,1.58987606325829e-07,4.69695062419805e-11,0.999950551547867,4.06330800311561e-10,6.5762952305565e-08,1.51050767385574e-09,2.25766384954319e-06,4.65407090836152e-05,4.22481807607294e-07,4
"20059",0.860447030807626,0.000475019257744378,0.041253087838478,3.42628078754023e-05,0.097078905350585,1.2546268738629e-06,0.00023760312356805,2.9628806078695e-06,0.000409226223209966,6.064708343195e-05,1
"20061",0.980055013527099,0.00329157121758632,0.0128584698764794,1.18793697091049e-06,0.00288894672133898,2.28192688219568e-06,0.000848138176100081,9.32285260353924e-06,1.90068096132606e-05,2.60609553261783e-05,1
"20063",7.99079208853574e-06,1.42984591394173e-06,0.00643452824523179,1.03519255806104e-06,0.00180128319085677,9.35090569721926e-06,1.22961776910436e-05,0.808360887771884,2.96364077594578e-05,0.183341561470319,8
"20065",0.000138573285146391,1.19175747664263e-08,0.0114206580120961,4.16201615012128e-05,5.63015133652417e-07,3.61029398901025e-13,6.24968568770601e-05,5.53200700693065e-13,0.988336006311409,7.0439347905625e-08,9
"20067",0.0363209461272788,1.62593542931242e-05,0.90628187007772,8.67020826469541e-07,2.55068944193263e-05,1.61187894062166e-11,0.000834745116011519,0.000120791283884655,0.0563932220119385,5.7920975089128e-06,3
"20069",0.000122863525368056,0.590287385812807,6.68015839580516e-08,6.80474686935862e-06,4.61076345358307e-08,6.22763726989768e-05,3.24499987587698e-05,0.409488079997234,1.0180801157422e-08,1.64562449751063e-08,2
"20071",0.00423152255716932,0.000507565504660664,0.000130535680606589,2.40452165678012e-06,0.000180308670741262,0.000116544672280524,0.343619937769703,5.74514011132592e-06,2.0924118535423e-06,0.651203343071217,10
"20073",0.00223933487611079,0.0721852031512882,9.67771451077342e-06,4.24129797848881e-07,0.000293710249332865,0.000272938915111564,1.14019132076192e-06,0.924997526205621,1.2662405128891e-08,3.19045007265974e-08,8
"20075",2.59771076792908e-07,1.89409039630909e-05,1.0472160148943e-07,0.944031118329165,5.44213240755208e-10,3.01557857531079e-09,0.000402616768884681,7.77459895063632e-08,0.0555450971826448,1.78101688325564e-06,4
"20077",0.0927428789121482,0.00105746242435673,0.283835640735146,1.17916237926315e-08,0.000360183651620013,1.19325350645001e-07,0.618892727621422,0.000179709020935445,4.11824475027228e-05,0.00289008406989479,7
"20079",0.00174412234422512,0.0274632565358649,0.0707014235288164,1.97927011428441e-06,0.000326436625057677,2.55426184032546e-06,0.008305246453802,0.89062254181612,0.000795524689512783,3.69144746460424e-05,8
"20081",0.358424079508559,0.000517075154933725,0.258069864514896,0.000193478760574489,1.06981580318035e-06,5.00753071806922e-10,0.0653944264469392,1.48978854662097e-06,0.317397687935508,8.27573486642888e-07,1
"20083",2.44350342656224e-05,0.00192475134237396,0.000204493184468826,1.16499518518518e-05,0.000437505429046049,0.00014929713695968,0.0412871260161281,0.682184504985596,1.50747690402154e-05,0.273761162150269,8
"20085",0.00052836220584722,1.85877815214982e-09,0.98420999096692,3.43160314043312e-09,4.73648840349508e-05,5.79871433122269e-13,0.000256025659696353,1.46043853710992e-11,0.0149571988839024,1.05209403407017e-06,3
"20088",0.0355404260188785,2.78893794945267e-05,0.950387742012504,5.39789654980092e-08,0.00058107277361003,7.39946354960491e-11,0.00584719445779241,2.41139164526574e-08,0.00761527852515612,3.18665687560729e-07,3
"20091",0.00174975031040968,6.44721700340269e-06,0.000158807821676932,0.0809964714199709,1.11889518070008e-08,2.92842584585878e-11,0.000134516751292483,8.50130375984613e-07,0.916949716482253,3.42864878199562e-06,9
"20095",0.251070730511473,0.00130040161061911,0.00331248013704875,6.94438908815982e-05,0.00105163231206047,0.0191446883816528,7.67202191037203e-05,0.721007323997088,4.98757813765043e-06,0.00296159136193421,8
"20097",0.000531183979839593,4.08858837894049e-09,0.941011190334235,1.97667565610934e-08,1.29730496297959e-05,2.77617093681856e-13,0.000919146703494578,2.17396065821145e-11,0.0575214392257476,4.04282969096118e-06,3
"20099",0.213582492924508,0.000106537554149437,0.198682121816464,8.61730253064713e-09,0.577820575255399,0.0086211585591064,2.14954718632673e-05,0.00115610835405266,3.38501174731213e-07,9.16294597957671e-06,5
"20102",0.000462979272889188,0.000255680906584135,4.60887300116897e-05,0.00764404055787886,7.57691429143833e-08,2.23469215943612e-08,1.23905760361962e-05,0.987371473915665,0.00363928473299959,0.000567963191870513,8
"20105",0.0969118719118411,0.000622212905614703,0.900201157109128,4.32707313717692e-08,3.34707500034667e-05,9.85009952746807e-09,0.0010184115685657,0.000235707271990069,0.000977064267816125,5.10942098356996e-08,3
"20107",0.337847230577765,2.00292983147309e-05,0.604931465947224,1.52762654219024e-08,0.000228149094424914,8.31811302671991e-09,0.0566746560897945,1.11141037009451e-07,0.000235239683121427,6.30945739398837e-05,3
"20109",0.479877419231567,0.00618439330903507,0.181902550792236,1.36069271216657e-07,0.0673497135373275,9.92725135162502e-05,6.96737415677993e-06,0.264574138953507,5.25129618447722e-06,1.56923199367058e-07,1
"20111",2.38954622725358e-05,0.00810998508732011,1.56204816605115e-08,0.991559778752875,1.79756126825254e-09,2.30593918035078e-06,1.19168562524778e-06,0.000114987186690527,0.000187837313195808,1.15479743026467e-09,4
"20113",0.222466887164278,0.000396173483417601,0.0621989574198473,3.30151746070946e-07,0.0175777671672937,0.000231744061048645,0.678280444784803,7.09135276380014e-08,1.65738664610499e-05,0.0188310509875762,7
"20115",0.00408681634239484,0.969981926758194,2.04119449960096e-07,0.0158280790348184,4.82632396130069e-05,0.00992551744883653,1.08168902617197e-05,0.000116971728918608,1.34681937383627e-06,5.76181388154511e-08,2
"20117",0.0478308872299947,7.3239359292234e-05,0.0163674015153461,0.694831627555857,0.101534345689983,0.0340043816657115,0.0087374621975095,9.05717357422183e-07,0.0805515842932691,0.0160681647756798,4
"20119",0.003232243612113,1.04715652754952e-06,0.0710833894665385,2.68328546581861e-09,0.921837422928508,1.66128261688143e-05,0.0035753688772751,2.66657660317934e-10,3.78341271889778e-06,0.000250128770206799,5
"20121",0.0676324017344035,1.83822595641599e-06,0.892348603644968,2.49358086924626e-08,0.00251068914023201,8.01726684169118e-10,0.0360261802820524,2.62531203449454e-09,0.00130513221699934,0.000175126392540714,3
"20123",1.70662096146941e-05,7.34603383900115e-07,8.48492043203201e-05,0.0123388452191772,4.22236224045559e-07,4.96304856719063e-12,0.000374897179069789,6.31841819108241e-10,0.987172736881015,1.04478303900357e-05,9
"20125",0.00143442385907436,0.933268143751229,6.2671187016205e-07,1.64189931371011e-05,2.70395886478033e-07,1.06000238920218e-05,0.000603926340322828,0.0646649875899848,1.24818851326581e-07,4.77515752262279e-07,2
"20127",0.000567631834456494,4.74144958120511e-08,0.998938753038354,7.82023858498675e-10,4.05802128567864e-05,2.12537702733747e-11,1.31832859615458e-05,8.20689055722595e-08,0.00043970632185997,1.50198317590773e-08,3
"20140",0.00330671940304458,0.000288553665617727,0.000492147258536076,0.000436020765292705,1.23795700044377e-05,9.06271496342013e-07,0.992809060476471,3.527237313825e-09,0.00125440842781698,0.00139980063448255,7
"20142",1.40393316835355e-06,0.00282253915762038,5.57278978139896e-09,4.318765249065e-07,2.10842623255202e-09,1.68453488696647e-06,9.90835844057889e-07,0.997172626953517,9.66613002332252e-10,3.14060609020885e-07,8
"20144",0.000687761886745576,0.917750050786221,2.33566990759549e-07,0.0689959311190602,6.45271464075998e-07,2.8631344109436e-05,0.00913898098345578,0.00317410205637026,3.20891967642275e-05,0.000191573788818261,2
"20146",0.00290102831974761,0.338470955515021,0.000189467173255633,0.000240682995198676,3.24042720563178e-06,1.51940276288971e-05,0.183197023257394,0.422685552787812,8.8241695009111e-05,0.0522086138017273,8
"20148",0.0128345329908537,0.929746613656232,0.000176424314921887,4.43554068232752e-06,1.49719042698049e-05,4.80149994056514e-06,0.0571390625930583,7.04635749795388e-05,7.77301763401847e-06,9.20907428104773e-07,2
"20150",3.31177803512935e-05,0.647438537683617,4.06016936399228e-09,3.17077971041798e-06,8.68141749009902e-07,0.030694738022517,3.34488146111441e-06,0.321826192021983,1.06117488892009e-10,2.65223241446845e-08,2
"20152",0.055802037855494,0.869053846477968,0.000986261518884846,7.69971215253934e-06,0.00107811331822452,1.09272694190192e-05,0.0729869440751817,5.58307161842205e-05,1.74206173596186e-05,9.18439131954015e-07,2
"20154",1.01242129240697e-05,7.31787136211451e-08,0.00447574053145537,4.62413771037421e-05,3.04867420398703e-08,6.39277566372332e-14,2.71734275606886e-05,2.49961347663941e-07,0.995440112574051,2.54250038089002e-07,9
"20156",0.720478566231769,0.00549321555909055,0.0164171284938363,0.000113370859270238,6.76448652007491e-05,3.18032131639583e-06,0.0875020207243793,0.0193287491071226,0.000483098459312013,0.150113025378703,1
"20159",0.000104269226516985,0.470047711438801,6.78232632248307e-08,1.1108206212347e-05,3.74169071612899e-08,2.45877020512906e-05,6.65175944003638e-05,0.529745497595357,1.94697117558025e-08,1.8352677842098e-07,8
"20161",3.97287533635968e-05,0.0024775024177463,9.87557348817444e-06,2.72058422665001e-06,3.53347823600689e-05,7.72868210799463e-06,0.00019182734281657,0.991646399831594,3.97941131153009e-07,0.00558848409116596,8
"20163",0.0823684118800609,0.906120133301219,0.00245496987960993,0.000410040727469938,0.00311017277933124,0.000374116437134294,0.00489045706535951,1.17724963936663e-06,0.00027051229680227,8.38337400504802e-09,2
"20165",0.000438604392833974,9.48158366622292e-05,0.00152837499140296,3.73541195806065e-08,1.6300072608068e-06,8.24779043035025e-08,9.10449135533339e-07,0.997933435351747,1.93435916477689e-06,1.74779768305553e-07,8
"20167",0.0199841654874968,0.974439258284164,7.10020709259226e-05,4.49180370236173e-07,4.18008297164489e-06,1.12641094676437e-05,0.000803648897111124,0.00468571097860096,3.17109337327725e-07,3.79955426180394e-09,2
"20169",9.72759444574606e-08,5.44767172695991e-05,2.10423320923683e-09,5.70866796688634e-08,5.80231296235183e-10,3.48640520876407e-07,3.61926660302586e-08,0.999944766599453,2.46473592916692e-10,2.14556528248008e-07,8
"20171",2.50425032352254e-06,3.66799737471008e-09,0.002470084167179,8.79036445758779e-05,3.31658865219126e-09,4.76468943898885e-14,1.15743632030228e-05,5.38112217353146e-07,0.9973919340002,3.54544776668805e-05,9
"20173",0.000104953094140569,1.21979716395668e-05,0.00100857684253652,3.53543657868418e-08,0.983881387096319,0.00239659749243172,1.72859835114749e-07,0.0123913506686353,4.59359310927817e-08,0.000204682684165587,5
"20175",0.112125513401626,0.879635320386045,9.80607891123374e-06,2.87121082774022e-05,4.61942682456789e-06,0.000558811547565324,0.00187217150672329,0.0057630946136942,1.81427228522483e-07,1.76950310483001e-06,2
"20177",0.0178620927951233,4.31906257294692e-05,0.0156109991272429,1.98039132506171e-08,0.962667768253783,0.00376187724545102,4.11744935264227e-05,6.35995075616081e-06,8.73685079034834e-08,6.43033596673113e-06,5
"20180",0.0504388172220794,1.09501083001529e-06,0.915905128997258,7.14204530015821e-07,0.016260076475619,8.42834531681192e-09,0.0044616063173697,5.40072199473378e-12,0.0129272600837648,5.29325480285408e-06,3
"20182",1.94920978773847e-08,8.2105165669378e-05,1.11797505503266e-10,0.00516756093804721,5.59637864166434e-08,0.0132886928490313,3.07218745232002e-09,0.981450612674481,7.08147814081036e-09,1.0942651423548e-05,8
"20184",0.000176256180203341,0.0200028027492998,8.09591621274892e-07,2.73470552678227e-07,2.1377029957709e-07,4.02309751700413e-06,5.94425305683059e-05,0.979755248776668,1.08669221499421e-08,9.18966348127614e-07,8
"20187",0.00298279596990196,0.000449740904307194,0.000247770764110698,1.07552286163499e-07,0.367651138826007,0.195384852894206,0.000718977851407267,0.000795991402109088,5.32339053636093e-09,0.431768618512274,10
"20189",0.311525819112085,0.00310355217681581,0.0315524916822676,1.54390267352318e-08,0.653472904592161,0.000194174071040132,0.000149859571656927,5.0583743593542e-07,6.23806889200805e-07,5.37106215151319e-08,5
"20192",0.0120779381934127,8.45543984599585e-05,0.0347903227313918,0.00249894186402526,0.934254330964395,3.25368408341669e-05,8.38913034538839e-06,8.39936851635184e-08,0.0162396581124379,1.32437710124396e-05,5
"20194",1.16712936810198e-05,0.0371788227023269,1.52065540017967e-06,8.7810381001833e-07,0.000128672855322858,0.17584473116393,0.0298742083275605,0.494682318860143,5.02501126757989e-09,0.262277171012814,8
"20196",0.00368941408824091,1.06393072475775e-06,0.308888589294072,1.04860935767853e-05,1.09342013810376e-05,7.01278938218202e-11,0.00119534603364067,9.22304316527316e-09,0.686204069705556,8.73596371195261e-08,9
"20198",0.479818522793691,0.324221773845796,0.0192181369877251,0.000530530562263157,0.0075870371860112,2.47829290886372e-05,0.167096729203904,0.000343695386529937,0.000766375293173426,0.000392415811817558,1
"20204",0.000182480374368677,0.620360792351389,7.24220186075698e-08,3.304591282234e-05,2.24843307375671e-07,4.59576583568867e-05,9.77193766150313e-06,0.379367610796109,3.63595910939673e-08,7.34437525751879e-09,2
"20207",0.00694821794401182,6.51757933067544e-06,0.678302412720433,4.83813807468635e-06,3.60016118536223e-06,6.82819038981465e-12,0.0104727963240597,8.83962562114794e-06,0.304244325688268,8.45181218811062e-06,3
"20209",0.00110807379073092,0.098854074263748,4.03209914778138e-07,0.881546246115211,6.26028506073314e-05,0.0118217940166241,0.00649746972471417,1.23201602956452e-07,0.000103601624708204,5.61120213886589e-06,4
"20211",2.44614402518661e-05,1.54155799357951e-06,6.66810395929956e-05,0.00355596192378722,3.93569192106442e-10,2.87714361569559e-13,0.000777199531896838,6.22399456756608e-09,0.995572974789839,1.1730987873157e-06,9
"20215",0.00329604909503386,0.000400993476421362,0.123573048262513,1.89006877118619e-08,4.56391135251676e-05,2.20775810475174e-08,0.871972278126897,2.28617112528897e-06,0.000255958756967136,0.000453706019248184,7
"20218",5.38449349935878e-06,0.0134051956903634,9.82807750376337e-09,6.63726230531572e-07,3.54992627383153e-09,3.94879234652546e-06,8.61609482994862e-07,0.986583917406485,1.50534880870811e-09,1.33982400113092e-08,8
"20222",0.00780548443154875,0.000756510813558924,0.745215999596974,1.00122006301331e-05,2.10037662140253e-06,5.35027150190052e-10,0.0488372754603713,1.94244140902194e-05,0.197353000262139,1.91909039091704e-07,3
"20225",0.000128611744621952,0.966534551738245,1.53388354162351e-06,0.000839844487217114,8.16460930979874e-07,0.000327548433173217,0.0208005485635737,0.0111730931050848,2.78599533279017e-06,0.000190665588279111,2
"20229",4.79796907250018e-05,0.00150897798641977,1.09459741665403e-05,4.91461544095487e-05,1.38112947129739e-06,1.15944261322101e-06,0.896293041143613,2.82177796457521e-06,5.43365771440254e-05,0.102030210123472,7
"20232",0.635897953740031,0.00203567167365174,0.0160568725593957,4.7422558708392e-05,8.86193744815229e-06,5.17088795577163e-07,0.344440861071828,1.08011438312736e-06,0.0013342455121324,0.00017651374362554,1
"20234",0.000626666555622793,9.69459620211718e-10,0.728591593100039,8.94589524517731e-06,0.000728462315516497,2.23581466469833e-10,2.45218417304783e-06,1.73094914333828e-11,0.270041146860383,7.31878669400773e-07,3
"20238",0.418367013097915,1.56676997923405e-05,0.576161932132892,4.4671287002324e-07,0.000109784906709024,4.0925371559657e-09,0.00275333982054607,2.87970770883849e-06,0.00219186415248374,0.000397067676545912,3
"20253",0.00110014398786586,2.47356225325083e-06,0.63338053438609,3.61877033368126e-09,0.000197145885155966,1.23594427315174e-09,0.361496655941662,1.26555803102715e-07,0.000678085815369908,0.00314482901108565,3
"20255",0.00405773828327678,0.990933010161225,1.19625503501157e-06,0.00037811760605436,6.27225094713273e-08,3.2839806517624e-06,0.00454379116689096,7.45766526571218e-05,8.20323888738892e-06,1.99328119317463e-08,2
"20258",0.0678225383826599,4.89870752746457e-06,0.929591645121196,6.81167195496814e-09,0.00237062894249771,3.93412058558943e-09,3.92994196595246e-05,4.44918666255828e-09,0.000170970811391307,3.42008929999336e-09,3
"20269",0.753671303605285,0.00575095534369981,0.212907007885568,3.34719052888687e-07,0.00237231041389679,2.30372143106688e-06,1.34004597077718e-05,0.0252416784520422,4.06942430202227e-05,1.11562969397107e-08,1
"20271",0.0479843541949488,7.34174420446173e-06,0.317312252517695,1.5088363883876e-08,0.634576026243964,8.04277077797831e-05,3.48767572241476e-05,8.35964156086751e-09,4.36093767769777e-06,3.36448499860705e-07,5
"20285",0.00102139108600196,0.0200861339792922,0.000206286622983349,4.85824893367322e-06,0.510630011140964,0.45571455210373,0.0112895354287373,0.000559901151889624,1.59767897678998e-07,0.000487170469569934,5
"20288",0.139085334788553,0.000737956453130009,0.11540027110597,4.65484845039966e-07,5.9896183684486e-06,1.19171938788652e-07,0.743395652623585,1.2209921206947e-05,0.000486071440116623,0.000875929392285985,7
"20291",0.390748155502133,4.10838386264237e-06,0.161429494745309,0.000678925862784152,5.37781026105475e-05,9.59087330617114e-10,0.00128702384852571,4.6326733437762e-07,0.445729948240845,6.81010875075761e-05,9
"20295",0.0734339280812468,0.00221298212682469,0.0120903615825512,1.56667104372685e-06,0.910069062027601,0.00140160126217811,5.87810111521663e-07,0.000786597919363571,3.06241820568691e-06,2.50100873224224e-07,5
"20298",0.000181705642205797,0.998602232685748,3.70927426523078e-08,6.02579824618605e-06,2.99004117401287e-07,9.97988632990546e-05,0.000233788431795499,0.000876091869637086,7.28566249846659e-09,1.33265458765445e-08,2
