"","V1","V2","V3","V4","best$classification"
"19811",0.63184710251985,0.195588953611842,3.7284295887916e-10,0.172563943495465,1
"19813",0.999999999992342,7.65841055155771e-12,2.61715258569042e-53,1.01036657455677e-25,1
"19815",0.0330196765598722,0.646748953161022,1.43023753022172e-42,0.320231370279106,2
"19817",0.0029423800870732,0.115943606500671,2.51135078906476e-10,0.881114013161121,4
"19819",0.952454775213532,0.0475452247864682,5.20691612749136e-121,2.60995840644219e-117,1
"19821",0.799677013831253,0.200322986004627,5.06548615319717e-17,1.64120168738136e-10,1
"19823",0.99972471608837,0.000275283911630412,3.63245426323275e-72,1.25559249849808e-21,1
"19825",0.999999997627778,2.37222148212575e-09,6.98918839422511e-43,5.21544518739948e-125,1
"19827",0.364608654459524,0.630163809570461,0.00236351044341395,0.00286402552660131,2
"19829",0.28175322091659,0.71824677908341,8.8196892968257e-28,2.02284006076038e-76,2
"19831",0.994488493259141,0.0055115067408589,2.67604280909861e-116,7.35200123885104e-108,1
"19833",1,4.04333490438363e-30,3.10086277580241e-152,4.79874989958441e-202,1
"19835",0.799677013831253,0.200322986004627,5.06548615319717e-17,1.64120168738136e-10,1
"19837",0.0214973573092233,0.638612307291627,0.0033641437210036,0.336526191678146,2
"19839",0.972529559000778,0.0274704409992217,9.67932273477385e-24,8.88030980578414e-70,1
"19841",0.999925700815141,1.05165622362983e-13,7.4299184754092e-05,3.19656714593824e-67,1
"19843",0.999832789918176,0.000167210081823889,1.02375994996474e-132,5.48146371901938e-122,1
"19845",0.931790102013247,6.24718006369962e-07,1.55937832647794e-38,0.0682092732687469,1
"19847",0.323853442280098,0.676146557713433,4.19012730046951e-47,6.46960569042754e-12,2
"19849",0.999999999999844,1.54532940542893e-13,1.3702618319741e-50,1.00673209266809e-15,1
"19851",2.92275379193732e-05,0.000118209467165371,1.15282543361786e-27,0.999852562994915,4
"19853",0.999999993373051,1.52393827705471e-09,8.30731532146337e-51,5.10301091774578e-09,1
"19855",0.922658674608974,0.016728225471191,3.31173476937103e-12,0.0606130999165231,1
"19857",0.101392459293112,0.898607469491519,7.05528687374118e-08,6.62500260010896e-10,2
"19859",0.0593689995325324,0.940539901011005,5.39854996544062e-07,9.05596014658574e-05,2
"19861",0.000597388954602802,1.02465078131436e-05,1.11682701237582e-30,0.999392364537584,4
"19863",0.999999992192849,1.31895539258263e-21,7.80715125437807e-09,7.77435182943247e-37,1
"19865",0.00832226346487996,6.42596424828158e-06,0.991671310552447,1.84246146986376e-11,3
"19867",0.471102967344737,0.497948856962028,1.09577051360591e-57,0.0309481756932352,2
"19869",0.122724859292706,1.22294233115868e-10,1.22053116616122e-19,0.877275140585,4
"19871",0.0189744668668991,0.977213116064566,0.002625831526445,0.00118658554208964,2
"19874",0.0013166955959253,4.42711431541438e-05,0.982916834893046,0.0157221983678743,3
"19876",1.96465359991864e-05,5.4029163585776e-07,0.00573870448022302,0.994241108692142,4
"19878",0.811085223663807,0.188914776336193,1.46862701894901e-76,3.80164610650476e-63,1
"19880",0.000132752326505372,2.31486664345875e-11,0.999867149959,9.76913461442664e-08,3
"19882",0.999967264794342,3.27327119468408e-05,1.12058596660678e-28,2.4937112229479e-09,1
"19885",0.0130814768936711,0.983377985828777,6.07063473053648e-11,0.00354053721684514,2
"19907",0.977352629036128,0.0226106751190499,1.18083852673526e-51,3.66958448224555e-05,1
"19909",0.029576004071045,0.970423995928955,2.0890920929686e-58,8.46396186274379e-45,2
"19911",0.192644861972321,0.80735513802768,2.34684326611489e-21,3.36421185824349e-56,2
"19913",5.54820186655978e-06,4.53098165320328e-17,0.999994451798133,1.24182429665094e-40,3
"19915",9.12657654583693e-05,6.11501056499941e-05,0.0461600941216036,0.953687490007288,4
"19917",0.18079819871573,0.00651688075477402,0.812684920519596,9.90006118940198e-12,3
"19919",0.00580260585285519,0.0944966328331897,0.23259225036216,0.667108510951795,4
"19921",0.000232517685531852,0.00277054797465777,9.89760519975787e-33,0.99699693433981,4
"19923",0.5027175509732,0.4972824490268,5.54397342249475e-87,3.08797197636052e-20,1
"19925",0.00206524441818019,0.000310143370610218,0.997391217426279,0.000233394784930423,3
"19927",0.00228438230807413,0.0254788703003378,9.73552979742654e-19,0.972236747391588,4
"19929",0.0385263443418947,1.03968262384876e-21,0.961473655658105,3.05615818983614e-30,3
"19931",0.00081960925267535,0.0286970825930007,1.93769288688298e-15,0.970483308154322,4
"19933",0.0145454951402776,0.985454504859722,8.16115993364304e-35,3.74650645331362e-22,2
"19935",0.074480499639442,0.925519500360558,1.29612406331389e-27,4.37940159752656e-18,2
"19937",0.000166984503652957,0.00139318281012394,4.13557796408082e-40,0.998439832686223,4
"19939",0.0780193623776079,0.921980637386613,2.02559113252164e-22,2.35779068940537e-10,2
"19941",0.846175717031894,0.153824282968106,9.4989194243368e-21,4.73719179518745e-65,1
"19943",1.0093209458693e-05,7.17307281154935e-11,0.999989906718811,5.74271886043972e-17,3
"19945",0.024952632154562,0.975047367845438,4.81777920137775e-40,8.64963113570949e-27,2
"19947",0.999993839121247,6.1608763326764e-06,2.42038410121469e-12,4.37569505663462e-62,1
"19949",0.0646734192182626,0.935326580781737,1.66863852320858e-80,7.11209398779525e-26,2
"19951",0.507497679126046,0.492502005569893,3.15303911893023e-07,1.4859160819915e-13,1
"19953",0.999331850887979,0.000668149112020917,1.06956352984349e-163,1.59784385439031e-85,1
"19955",0.643160402697121,0.356839597302879,4.08395832198931e-76,1.52584395703695e-68,1
"19957",0.998537962745038,0.00146203721754869,3.74135324085765e-11,1.05736160928457e-28,1
"19960",0.45355962496106,0.54644037503894,3.25206025866619e-47,1.93556253971038e-80,2
"19963",1,9.06830745530697e-23,1.63277110325875e-56,2.93539397322899e-128,1
"19965",0.354112105362557,0.645887894637443,1.78881521207834e-124,1.76630011751227e-102,2
"19968",0.999994358287382,5.64171233675317e-06,2.8119544497741e-13,2.54876124245566e-36,1
"19971",1,1.43807390331242e-16,5.60864751386498e-23,7.15194692874159e-130,1
"19973",0.00308008499308772,0.104292869819735,4.59869621728042e-05,0.892581058225005,4
"19975",0.730061662532204,0.0492485831612627,0.220674551262353,1.52030441806332e-05,1
"19977",0.999999988754066,2.21063128926235e-12,1.12437230425322e-08,2.44194720057515e-52,1
"19979",0.10338090390484,0.89661909609516,8.85301088550354e-81,2.66876456099726e-134,2
"19981",0.0134862581688023,0.986513739226802,1.40660659370031e-16,2.60439562931264e-09,2
"19983",0.0197459712481067,0.980254028728838,3.43782425193418e-32,2.30556295499412e-11,2
"19985",0.000712632938485914,3.9487623590061e-05,0.725929780083542,0.273318099354382,3
"19987",0.038044151911025,0.961955848086677,2.29813481678342e-12,2.92412465615936e-17,2
"19989",0.0585530355028376,0.941446964497162,4.80394711783629e-144,1.09458064184759e-99,2
"19993",0.0488252046142586,0.951174795385741,9.80793162488435e-34,2.90661145578345e-37,2
"19995",0.0489557536508745,0.951044246349125,3.95397119829715e-32,1.33738479130012e-36,2
"19997",0.00452585337076531,0.0371391271472774,9.46236232282694e-06,0.958325557119634,4
"19999",5.26797843172163e-05,7.02189181526358e-06,0.0401639330607645,0.959776365263103,4
"20002",1,5.70466421826851e-20,1.23325331375637e-31,2.08404982326036e-83,1
"20004",0.0927909749887248,0.907209025011275,4.12331695420361e-34,3.56323606874494e-44,2
"20006",0.972869242339802,0.0271307576601982,4.84153123359946e-48,3.22884262582932e-76,1
"20008",0.961216085367377,0.0387839146326227,9.85766070464505e-78,8.53795705978804e-77,1
"20010",0.0558774654185733,0.944122534581427,1.48454152372395e-64,2.39074543499989e-37,2
"20012",0.999947741416931,5.2258548327826e-05,3.47412585988547e-11,5.91076446667651e-19,1
"20015",0.121056940220032,0.878943059779968,1.40352675787404e-111,2.30422381994942e-114,2
"20017",0.00252435596765287,0.00151732640336715,0.00116390084899671,0.994794416779983,4
"20019",0.226479370047331,0.773520629952669,2.76586372420868e-137,1.80047042500657e-166,2
"20022",0.0259714807151935,0.974028519284806,1.55621902518712e-53,7.61829046851203e-43,2
"20024",0.999999321962394,6.78037606129929e-07,2.53620986359533e-193,7.34646179668185e-176,1
"20026",0.999999321962394,6.78037606129929e-07,2.53620986359533e-193,7.34646179668185e-176,1
"20028",0.00212458725316352,0.000334484429312599,0.00127539462973499,0.996265533687789,4
"20030",0.548687937419957,0.451312062580043,5.80476753967177e-55,3.5822932750381e-104,1
"20033",0.0963644412152132,0.903591907855485,4.36360360953938e-05,1.48932062823935e-08,2
"20035",0.371080543495365,0.628919456504635,1.1325146032675e-154,6.13580556126289e-167,2
"20037",0.0742496953414535,0.925750304658546,8.19133676644983e-167,6.64221549883562e-137,2
"20039",0.999999999999999,1.0591337447734e-15,2.08782537658e-291,8.29439582154144e-175,1
"20041",0.163562086465197,0.836437913534803,1.23015813182562e-45,6.26594524834582e-43,2
"20044",0.88921660822295,0.11078339177705,5.61972030775191e-46,3.08626179162295e-56,1
"20047",0.947330367132738,0.0526696328672624,3.4372115008896e-118,5.55935555788423e-187,1
"20050",0.655105715329336,0.344894284670664,3.37110592362463e-82,5.4616632289365e-54,1
"20052",0.0428986207608404,0.957101216236362,9.62915347479967e-08,6.67112624375919e-08,2
"20054",0.071633439662663,0.928366560337337,7.18524670213922e-53,4.85548683825735e-73,2
"20056",0.999829813737469,0.000161968608899502,8.21765363183846e-06,3.43254836039825e-35,1
"20058",0.0612699203883433,0.938730079611657,5.61829061189685e-152,2.45652290658185e-103,2
"20060",0.070549709982312,0.929450288705164,7.24502909099201e-29,1.31252376852349e-09,2
"20062",0.0236316703083397,0.976368328292405,1.15740634216973e-29,1.399255588582e-09,2
"20064",0.0182579458529857,0.981742054147014,3.0071336054356e-27,3.44214244288105e-31,2
"20066",0.858916399057974,0.141083600942026,3.64511774504637e-85,1.44964856777997e-143,1
"20068",0.0902798620297853,0.502174792516974,5.47257838582619e-21,0.407545345453241,2
"20070",0.420918432878475,0.5790510472012,2.34419229947496e-40,3.05199203247803e-05,2
"20072",0.86347270556132,0.13652729443868,4.25041597147509e-135,9.90211991307293e-93,1
"20074",0.000124834835361099,2.09387108749175e-20,0.999875165164639,1.40408087192798e-32,3
"20076",0.999219596746431,0.000780292495318109,1.10758250693692e-07,5.20919937653349e-27,1
"20078",0.0241493697135903,0.97585063028641,1.12357011343086e-38,7.98510687584919e-45,2
"20080",0.0286049222076856,0.971395077792314,3.29521059260897e-110,4.61966856545554e-122,2
"20082",0.999999925177212,7.48227883145038e-08,5.25910479809904e-171,7.12286470454081e-121,1
"20084",0.3921721904129,0.607827809587099,1.23390539638799e-20,4.34371499418891e-60,2
"20087",0.0269046862967213,0.973095313703279,1.32234988012695e-75,3.14759450065475e-41,2
"20090",0.0876349370280149,0.912365062971985,1.17967413847837e-116,4.26623023531708e-113,2
"20092",0.999970958352799,2.9041647200568e-05,1.31703673609626e-152,5.68731638223145e-62,1
"20096",0.993096689757927,0.00690331024207257,4.22080787534106e-47,1.01084580278209e-47,1
"20098",0.144166675082557,0.854158502926256,0.00102148152616864,0.000653340465018324,2
"20101",0.0982852717877585,0.901714728212242,2.34397479160903e-47,2.990104840059e-96,2
"20104",0.999999999999997,2.56375782763401e-15,6.54979862234786e-98,2.283426184296e-61,1
"20106",0.0288404940109697,0.97115950598903,1.4727686202962e-47,4.27030698167608e-69,2
"20108",0.0693334449993764,0.888094183739332,1.3881323639059e-06,0.0425709831289274,2
"20110",0.977996699842603,0.0220033001573972,5.08351007678306e-25,7.07977615123337e-28,1
"20112",0.0435786569614264,0.956421343038574,7.37618751243988e-78,1.7532863707867e-59,2
"20114",0.148738088184173,0.851261911815826,5.09774697834662e-16,1.43928182385013e-40,2
"20116",0.156106442436933,0.843893557563067,2.58774334080221e-17,5.05600049183942e-55,2
"20118",0.0154081148603217,0.984585579347952,6.30578315672154e-06,8.56992100487432e-12,2
"20120",0.128622566512535,0.871377433487465,2.208381712876e-47,9.93449617423254e-64,2
"20122",0.00224512447649137,2.85842801579565e-07,0.997754589680649,5.79004523530998e-14,3
"20124",0.198995022716736,0.801004977283264,1.64943121780773e-126,6.07259759420984e-113,2
"20126",0.999999999999974,2.62965161422963e-14,6.65203303235822e-168,1.7441520973862e-185,1
"20128",0.999999998972863,1.02713733172516e-09,3.43507009958194e-221,8.88074764215247e-247,1
"20141",0.999999955415404,4.45845965423258e-08,5.16863521174906e-48,2.86026694376087e-33,1
"20143",1.46089737163739e-05,1.37085750301695e-18,0.999985391026284,8.67522963577051e-32,3
"20145",0.0366724240362274,0.963327575963773,1.42880774229748e-56,7.6056688120848e-40,2
"20147",0.0149726923296735,0.985027307670326,6.57191173917144e-44,1.90522450641118e-49,2
"20149",0.0263366063997005,3.90391258705441e-08,0.97366335456117,3.74705423007011e-15,3
"20151",0.0227962162348024,0.426290255837085,0.00103133946683711,0.549882188461276,4
"20153",0.954800709524956,0.0451992892804169,4.13312735512608e-10,7.81314394345121e-10,1
"20155",0.0160842362377955,0.983915763762204,1.58644331580757e-69,3.88289789232036e-79,2
"20157",0.773426185152264,0.226568069867335,5.73010053867157e-06,1.48798616920517e-08,1
"20160",1.06468913949772e-05,4.38052526591819e-16,0.999989353108605,2.18346181645516e-30,3
"20162",9.92429982296464e-05,6.77877748298433e-10,0.999889070731379,1.1685592513813e-05,3
"20164",0.991874337826659,0.00805014924841221,7.5512924928592e-05,2.56977609734611e-18,1
"20166",0.998548914271722,0.00145108572827843,8.56859965325275e-57,5.0552221843452e-119,1
"20168",1,4.69651145430624e-16,6.55867430816409e-44,2.12376899729477e-105,1
"20170",0.0062326843074611,0.0127134382372371,0.726017168377903,0.255036709077399,3
"20172",0.0242816960600038,0.975718303939996,4.42992372827799e-88,3.76105719794946e-43,2
"20174",0.0127977603150848,6.29305344828432e-07,0.00353697368415643,0.983664636695414,4
"20176",0.999999999921076,7.89243550519706e-11,8.58893124770526e-65,8.36063508598198e-69,1
"20178",3.16123855732991e-06,8.46665577832599e-18,0.999996838761443,1.19199523498465e-37,3
"20181",0.56158177473071,0.43841822526929,9.36523956401651e-34,8.97759643457172e-100,1
"20183",0.0929407168140285,0.892300511676657,2.28642030360124e-45,0.0147587715093145,2
"20186",0.674225932590522,0.325774059646022,5.2761260667366e-106,7.76345606013156e-09,1
"20188",0.000335899051064748,6.99509913261725e-12,0.99966410094194,1.66825422232001e-18,3
"20190",0.0202270674522347,0.979772932547765,7.66208865830394e-95,8.7664048139586e-104,2
"20193",0.999999999999919,8.12132049928126e-14,6.84381622095387e-23,4.41210499046263e-90,1
"20195",0.417891312272436,0.582108129442408,5.58285154170701e-07,1.53068003713849e-15,2
"20197",0.0259535794771813,0.974046420522819,5.38376425256559e-82,9.53850861443936e-54,2
"20199",0.0112709091972737,8.11492055099494e-05,0.980062303518923,0.00858563807829344,3
"20205",0.999999998722191,1.27780875750481e-09,3.9565089247717e-192,1.477164937452e-104,1
"20208",0.0630541202309523,0.936945879768823,6.97159593109554e-16,2.23763599583372e-13,2
"20210",0.000163925764872981,8.86573347387165e-08,0.999634648489856,0.000201337087935813,3
"20212",0.881736696102909,0.11598323329874,0.00228007017907926,4.1927219002341e-10,1
"20216",0.0185224567833256,0.981477543216674,5.04028189987806e-47,1.79556651812891e-66,2
"20219",0.608789709807022,0.391210290192978,2.10834540116282e-65,1.03368160705989e-60,1
"20223",0.999916678570895,8.33214291048122e-05,7.61916161932947e-203,1.19175603610145e-153,1
"20226",0.0621651868727728,0.937834813127227,2.48017138306781e-34,7.28331785630873e-23,2
"20230",0.035208615661497,0.964791384338503,1.05945954010002e-125,1.88866726317561e-118,2
"20233",1,2.70525034785081e-19,3.70911113885927e-146,3.40258394281205e-85,1
"20235",0.997107241117649,0.00289275888235073,9.69944351270698e-173,2.3252154516086e-121,1
"20239",0.430201009895248,0.569798990104752,6.04803522910347e-75,1.06272015700645e-54,2
"20254",0.999999640369007,3.59630993240045e-07,1.60845254272819e-186,1.02253990346387e-133,1
"20256",0.0251764343092195,0.974823565690781,7.20456667971618e-104,3.54247078726459e-84,2
"20262",0.000334411746061942,0.000909058433131558,0.905078048100868,0.0936784817199384,3
"20270",0.936957355620231,0.0630426443797692,3.00285286365626e-61,1.73940491810959e-76,1
"20284",0.959786656144476,0.0402133438555236,1.5906953344737e-93,4.34865092976661e-22,1
"20287",0.456726549985844,0.543273450014156,1.23351317181746e-162,1.85099428884597e-163,2
"20290",0.999983152992812,1.68470071881518e-05,8.42344697794445e-106,4.14190100453254e-59,1
"20293",0.024728729557998,0.975271270442002,3.1483130852523e-47,8.04947848181316e-30,2
"20296",0.805819142887614,0.194180365731825,4.91380549856274e-07,1.12874520595516e-14,1
"20301",0.999169461264877,0.000830538735122988,7.03581793993322e-102,6.07664424716338e-199,1
"20304",0.999999872715337,1.27284663400232e-07,1.00319167748926e-157,7.15948401128375e-111,1
"20306",0.0973308626431041,0.902669137356896,4.47040369386742e-159,4.03394756920213e-106,2
"20309",0.0320472095820392,0.967952790417961,8.89655523760747e-59,9.12653054634451e-41,2
"20311",0.0845118503202724,0.915488149679728,1.32098638354368e-42,5.32332716116718e-69,2
"20314",0.0187984831686683,0.700773799425543,4.73271574594594e-06,0.280422984690042,2
"20318",0.999993808924108,6.60989149339389e-10,6.19041490243102e-06,2.54686087485797e-50,1
"20320",0.917254733734267,0.0827452662657327,7.10064446577801e-42,1.09156273394169e-23,1
"20326",0.0449370778296301,0.955062521907659,5.10768832633005e-09,3.95155023116343e-07,2
"20328",0.41733104115317,0.582582353350061,7.64965592974869e-57,8.66054967683257e-05,2
"20330",0.218150400050775,0.781849599949225,9.09360207319215e-83,9.73788026233947e-77,2
"20336",0.994597170988344,0.00540282901165615,7.48493182655496e-118,3.70302538179391e-34,1
"20338",0.999578263352464,0.000421736647535683,7.24200034597929e-73,9.91647703030716e-92,1
"20340",0.490594472017173,0.509405527982827,1.01285527967321e-120,7.39056610644344e-138,2
"20342",1,6.49239118467609e-20,8.26958958637375e-126,1.67308334772562e-147,1
"20344",0.034688694024945,0.965311305975055,2.42621864449631e-104,2.32147213306906e-65,2
"20349",0.0254052022617326,0.974594797738267,8.45485625781203e-128,4.17016917127054e-91,2
"20351",0.0435218035987596,0.95647819640124,6.62281378036493e-38,6.37747756616695e-44,2
"20353",0.169322491805819,0.830677508194181,1.96575253180291e-123,1.37431536641247e-87,2
"20357",0.999999692583379,3.07416620715763e-07,4.76696114291971e-225,4.92455988233349e-104,1
"20360",0.999999999996792,3.20784979417409e-12,1.35400409443107e-148,5.56257875616481e-131,1
"20364",0.0291375671340413,0.970862432865959,3.02488524910318e-67,9.81054576537417e-42,2
"20366",0.999998632647137,1.36735286275443e-06,4.03596497528663e-111,2.80929243896784e-52,1
"20381",0.999999999999966,3.4051301134383e-14,4.93044352988031e-18,1.42691219566237e-35,1
"20391",0.999486516653385,0.000513483346614808,2.26384419695149e-151,5.35973008228678e-44,1
"20394",0.121693833785043,0.877478483210525,3.94311637223242e-12,0.000827683000488679,2
"20396",0.00180153342333127,1.42663716619073e-09,9.50438955401284e-07,0.998197514711076,4
"20409",0.154991152401429,0.845008847598571,1.01884419370291e-20,4.53272669405142e-36,2
"20411",0.242279611651738,0.757720388348262,1.05241923580685e-145,5.48106311963729e-78,2
"20416",0.999999988855237,1.11447633580285e-08,3.6240031826719e-268,2.99229521375331e-206,1
"20418",0.00106790543628367,3.2278516182995e-11,0.000156464377886179,0.998775630153552,4
"20420",0.999999999999837,1.63426263933385e-13,1.54619926906135e-112,2.91000340406242e-56,1
"20422",0.100736790336488,0.899263209663512,1.46290956268168e-77,8.38035165399896e-109,2
"20424",0.0604745454915566,0.939525454508443,3.48834683550025e-121,3.58950487569232e-75,2
"20426",1,1.28646556338137e-21,1.47645574652395e-125,6.54747691293904e-124,1
"20428",0.0423607389352786,0.957639261064721,9.16031271338162e-50,1.03083859168231e-38,2
"20431",0.361736682510808,0.638263317489192,2.41713164744421e-28,1.01574272655443e-28,2
"20433",0.991466375636371,0.00853362436362922,7.22756900555572e-136,7.63339335249025e-143,1
"20436",0.99999999722594,2.77406038214259e-09,8.09866943160245e-67,3.27181080563936e-93,1
"20439",0.0049809426888394,1.29440551355742e-07,0.0101783000188871,0.984840627851722,4
"20441",0.999996227835599,3.77216440053976e-06,3.53594492050659e-127,1.18559633086699e-88,1
"20444",3.81997163078165e-06,2.31083879532684e-15,0.999996180028367,1.23327616723844e-19,3
"20448",0.997596583909146,0.00240341609085409,4.64103116139828e-33,1.08305568740072e-33,1
"20536",0.899191048132128,0.014735548722297,2.39470020579099e-34,0.0860734031455756,1
"20538",0.998557841994294,0.00144215800570632,7.68062973192236e-131,1.76036861264372e-54,1
"20541",0.219994770040871,0.780005229959129,9.26745928212485e-139,1.6017596483464e-116,2
"20544",0.0134255420809206,0.986574457919079,5.5404962301682e-16,3.34338875410167e-17,2
"20546",0.0394097963228182,0.960590203677182,1.45400768074652e-121,1.0608284974814e-57,2
"20550",0.239243839664907,0.760756160335093,4.79591806349081e-45,4.12804075848406e-49,2
"20553",1,2.29809357456765e-18,7.31078521514444e-192,8.03484107792791e-285,1
"20555",0.999999999999988,1.16773195314558e-14,5.08633468351564e-185,4.12828542243476e-66,1
"20557",0.204345279700544,0.795654720299456,1.18369277815895e-47,1.56155852206125e-40,2
"20559",0.018884155499856,0.981115844500144,4.55990009017002e-58,3.00544489415577e-63,2
"20561",0.00251016487001246,0.0118249119522711,0.984672905006544,0.000992018171171871,3
"20564",3.16123855732991e-06,8.46665577832599e-18,0.999996838761443,1.19199523498465e-37,3
"20566",0.0944659195530033,0.905534080446997,9.21101704858944e-50,5.39675653556592e-42,2
"20569",0.0132240483934078,0.0016462526451345,0.0162618142008827,0.968867884760575,4
"20572",0.00410933786821925,1.77535235669071e-06,0.995728973140724,0.000159913638700249,3
"20574",0.0298134259347493,0.970186574065251,1.06604965950303e-69,5.97690697302927e-80,2
"20576",8.54318161587739e-05,4.78635471581897e-11,0.999914568135978,1.42118085972011e-25,3
"20578",0.0106771030626359,0.989322896937364,3.27090412647429e-16,3.77449257751458e-26,2
"20580",0.0183074048599278,0.981692595140072,9.10177540790215e-43,4.06170718411545e-26,2
"20583",1.75144471405181e-05,5.18416092636325e-13,0.999982485552341,3.18399518387338e-30,3
"20586",0.0265585634292649,0.973441436570735,1.50470204071809e-74,1.52350078130947e-33,2
"20589",0.0216580775494168,0.978341922450583,1.20947171257473e-127,1.72156528081037e-91,2
"20591",0.993723613616024,0.00627638638397552,1.15723416538435e-89,1.11144706423167e-27,1
"20593",0.352563191008752,0.647436808991248,5.52926103912078e-122,6.91501973708945e-176,2
"20595",0.0166962838142617,0.983303716185738,1.58481179824551e-47,6.29769924338843e-56,2
"20597",0.999994086084366,5.96037108414911e-12,1.86279998562223e-35,5.91390967372943e-06,1
"20599",7.04880398202908e-05,3.68224697405947e-15,0.999929511960176,1.10338609016404e-32,3
"20601",0.017815579068344,0.790628084313936,8.76783090589014e-16,0.191556336617719,2
"20604",0.0279638032303458,0.972036196769654,2.06657074126419e-87,1.87194330375385e-118,2
"20606",0.0237093625464709,0.976290637453529,2.04873086225722e-101,4.63630005959304e-106,2
"20608",0.0404629895234226,0.959537010476577,1.16094847572217e-86,2.04100394196998e-77,2
"20610",0.466999465266881,1.81619960802464e-05,0.532982372737039,2.52267132977144e-25,3
"20612",1,2.40212811925154e-19,2.37485841382715e-125,4.7041332086679e-145,1
"20614",0.000224203209760691,1.25811139883508e-07,0.99977550462722,1.66351878992626e-07,3
"20616",0.255696855163384,0.744303144836616,8.66791630363998e-41,7.63035337202091e-25,2
"20618",0.999999711840595,2.88159404693133e-07,2.473887529605e-96,5.82146327793786e-75,1
"20620",0.560903947125664,0.439096052874336,5.12343695634285e-63,4.79734300637775e-83,1
"20622",0.000298390824077775,2.29165048221946e-08,0.999701586259418,3.33788548517689e-20,3
"20624",0.420023664315239,0.579976335684761,5.94121038193388e-133,3.7365591136753e-88,2
"20626",0.979814386855764,0.0201856131442361,3.88462585578966e-54,7.26489462924475e-67,1
"20628",0.986929564679647,0.0130704353203533,7.38542868544432e-61,6.90672500895314e-57,1
"20630",0.0855890608117989,0.914410939188201,2.8349206302719e-48,5.2473568468552e-62,2
"20632",0.000358446029677769,2.82056474538515e-11,0.998008687589227,0.00163286635288933,3
"20634",0.0190859529381061,0.980914047061894,9.38693576797734e-107,1.26973973274596e-99,2
"20637",0.999969060153593,3.09398464068658e-05,7.95071709565978e-102,3.00270142519689e-106,1
"20639",5.20541847866455e-06,4.13639863145956e-07,0.185984062761131,0.814010318180527,4
"20644",1,3.82698976816073e-18,1.80643640647152e-221,5.56053997321341e-288,1
"20646",0.999999914158916,8.58410839809864e-08,7.56312778791468e-111,2.31639962805204e-151,1
"20648",2.39730173698626e-05,0.000246836549201538,2.37245159470634e-08,0.999729166708913,4
"20650",0.989281759572863,0.0107182404271365,1.04093138775324e-172,9.27804701785233e-115,1
"20653",0.922638366957131,0.0773616330428686,3.86838563255997e-37,2.26161085263281e-23,1
"20658",0.279748373177996,0.720251626822004,4.32508365888531e-121,2.05945622611288e-96,2
"20661",0.99999999403211,5.9678902270912e-09,2.9522513868443e-155,3.33969450160637e-88,1
"20663",0.021675199963686,0.978324800036056,3.72404391837954e-49,2.58129982680699e-13,2
"20665",0.000819622132768788,6.93320516476486e-14,0.999180377867162,2.83530854505466e-37,3
"20667",0.806234490202051,0.193765509797949,1.60695826530486e-52,1.81446118150416e-32,1
"20669",0.998910301650554,1.21234592452825e-09,1.95172617701189e-27,0.00108969713709985,1
"20671",0.85509678138155,0.14490321861845,2.45804756618862e-63,1.34390303835219e-63,1
"20673",0.999970367091058,1.65165360161376e-12,2.10668654947036e-24,2.96329072906393e-05,1
"20675",0.840912613894574,0.159087383712716,2.66013529340933e-61,2.39271007919409e-09,1
"20677",0.0319925568547685,0.968007443145232,4.08355989463876e-61,8.68850136479956e-23,2
"20679",0.92624025971316,1.96296590274655e-09,8.79615476975148e-15,0.0737597383238649,1
"20681",0.000686735308919638,3.39048422723473e-05,5.99642047082326e-43,0.999279359848808,4
"20683",0.0810231510215081,0.918976848978492,5.39928357183683e-71,1.54231012345499e-28,2
"20685",0.999999999999881,1.18985198820791e-13,3.61770314445831e-115,1.70934411600504e-61,1
"20687",8.83236411121531e-05,3.70528778340362e-06,0.899624893380392,0.100283077690712,3
"20689",1,1.18226263022447e-17,6.87407353210323e-253,1.59944170972346e-234,1
"20691",3.81511932948514e-06,1.48178878880731e-13,0.999996184880522,3.55375458685757e-19,3
"20693",0.124361537769056,0.875638462230944,1.03494017565945e-146,5.61278726672038e-111,2
"20695",0.0990410706250585,0.73722445546534,2.57313865495015e-13,0.163734473909345,2
"20697",0.0331909508964816,0.966809049103518,5.64064359247886e-52,1.9322647445496e-86,2
"20699",0.0423860087249261,0.957613991275074,1.9665980878097e-38,4.99220750555596e-17,2
"20701",0.0441320421044958,0.955867957895504,3.79597471985245e-94,2.18302023444649e-40,2
"20703",1,1.20587992185651e-18,3.2772971068683e-95,2.70422675905029e-41,1
"20705",0.0477280884191399,0.95227191158086,1.3512997726001e-110,3.29799336025663e-66,2
"20707",0.00178231793382045,0.0288150690418081,3.35392009730701e-40,0.969402613024371,4
"20709",0.940748195862721,0.0592518041372686,1.03964078307225e-14,8.99081102753384e-37,1
"20713",0.999962854860733,3.71451392669816e-05,6.42992960650707e-36,6.12124341866471e-22,1
"20715",0.999999999981985,1.80152047334892e-11,4.03294581526493e-64,1.01062257295973e-202,1
"20717",1.81811117534212e-05,5.68089191859642e-05,3.94532036906031e-26,0.999925009969061,4
"20720",0.0338169067349036,0.966183093265096,1.95733079999218e-61,4.66435378749058e-67,2
"20722",0.053109393234222,0.946890606765778,1.90195945939855e-64,1.384718646795e-37,2
"20724",0.000165295161122001,0.000655372406228077,0.0231113661762218,0.976067966256428,4
"20726",0.0778929571541822,0.922107042845818,2.42277816721502e-130,7.21620907628366e-105,2
"20728",0.000110912008129516,1.70191977691529e-05,5.4699411741431e-30,0.999872068794101,4
"20730",0.0136235181852552,0.171938299779176,0.740165348572395,0.0742728334631741,3
"20732",0.999105712017495,0.000894287982505026,2.81074413572458e-102,1.08468279274498e-75,1
"20734",0.0285657139940207,0.971434286005971,3.26846203492683e-46,7.87907734263301e-15,2
"20736",0.000254240194102739,4.89295885543667e-05,0.837994678927284,0.161702151290058,3
"20738",0.999999999995115,4.88462390763802e-12,2.02780712462406e-81,9.13614037942126e-149,1
"20740",0.996315247700411,0.00368475229958862,7.34347044290953e-193,3.24590685313638e-51,1
"20742",0.942344217823908,0.0576540802572702,2.60868429860347e-47,1.70191882207302e-06,1
"20744",0.00167872862400637,5.03131183626045e-09,0.984827498562348,0.0134937677823341,3
"20746",0.0147778711213771,0.985218904007284,5.92725263068836e-34,3.22487133883227e-06,2
"20748",0.000450326991352335,0.000360877526946955,0.000149203685976522,0.999039591795724,4
"20750",0.00568404091548787,0.0278198674581487,0.963300230779283,0.00319586084708074,3
"20752",0.0221765853160997,0.9778234146839,8.86568404743298e-67,1.07947854927005e-29,2
"20754",0.999999996007688,1.98170057313351e-11,1.24000552766404e-26,3.97249487221637e-09,1
"20756",0.02889067745459,0.967847416796933,0.0032619057481436,3.33470283565981e-13,2
"20758",0.999999704716321,2.95283678441128e-07,1.41121267472349e-24,6.53654682986307e-51,1
"20760",0.00027775769112162,5.62865862962328e-05,0.0230357295113093,0.976630226211273,4
"20762",0.999998872128237,9.37227122430869e-11,2.19571201386336e-46,1.12777803993611e-06,1
"20764",0.969604134229021,0.00025175224513102,0.000598623095095221,0.0295454904307527,1
"20766",6.24885948411031e-05,8.10180158514063e-05,0.000183988260536833,0.999672505128771,4
"20768",0.000429899104346185,0.00234339595502874,0.997066733749611,0.000159971191014424,3
"20770",0.988069740181982,0.0119302598180182,1.3073308762762e-51,2.32649123122482e-16,1
"20772",0.035405081921245,0.964594918078755,8.47595277270017e-91,1.51077024022938e-109,2
"20774",0.999985322866783,1.46771332168784e-05,1.16324097460186e-206,1.65997822727872e-215,1
"20776",0.000924443078535381,0.00586973843456031,1.22920453323914e-48,0.993205818486904,4
"20778",0.999999997115266,2.88473378856336e-09,7.48712910351565e-170,1.33265006201612e-240,1
"20780",1,3.73452590068869e-17,3.55974309018661e-34,9.73311882012979e-37,1
"20782",0.999999999997025,9.92104783241595e-14,2.24539063753359e-22,2.87519194996259e-12,1
"20784",0.999999011187038,4.26784905180577e-09,6.40477143154807e-46,9.84545113066256e-07,1
"20786",0.0322338864013159,8.07487783364033e-16,0.967766113598683,1.01567668813492e-26,3
"20788",0.0140648245922883,0.290673445869482,7.47900132021789e-37,0.69526172953823,4
"20790",0.652340138760216,0.00151467973500057,0.000162952286407348,0.345982229218376,1
"20792",0.468226804818335,0.531773195181665,3.32148468986274e-19,6.33329174725738e-29,2
"20794",0.0479390881276393,9.16832567436327e-06,0.046700639659224,0.905351103887462,4
"20796",0.0233017097186186,0.976698290281382,5.14286445607613e-122,4.32336765885742e-82,2
"20798",3.16123855732991e-06,8.46665577832599e-18,0.999996838761443,1.19199523498465e-37,3
"20801",0.997481446493446,6.22063010630962e-07,0.00251793144354391,5.06760943668408e-29,1
"20803",0.103217568929512,0.896782387068606,1.19973220214201e-52,4.40018813091017e-08,2
"20805",0.017364554316189,0.982635445683803,1.02920338979882e-39,8.40717015288422e-15,2
"20807",3.16123855732991e-06,8.46665577832599e-18,0.999996838761443,1.19199523498465e-37,3
"20809",0.980240256099026,0.0197597439009736,8.7364676141843e-52,8.10466746785919e-16,1
"20811",0.999962411389163,3.75886108372336e-05,5.87166014675989e-34,3.45326560848952e-62,1
"20813",0.540648080033663,0.459351919966338,2.83434190774425e-20,2.24494957255654e-32,1
"20815",0.0114892927858262,1.15867717075972e-21,0.988510707214174,3.46989531527789e-26,3
"20817",4.24460924514557e-05,0.000375686630075681,5.42498102254856e-08,0.999581813027663,4
"20819",0.0462624915513398,0.953737508423214,2.22082024096457e-81,2.54457446121576e-11,2
"20821",0.999999999999841,1.5928256319391e-13,4.2526287133962e-77,4.12373574865246e-146,1
"20823",0.012328364653368,0.987671635346598,6.7765196612254e-15,2.72947762014411e-14,2
"20825",6.50988519003882e-05,6.27093888319165e-05,0.000306789496790686,0.999565402262477,4
"20827",0.98453615230235,0.0154523222470213,1.15254502620598e-05,3.66573301112992e-13,1
"20829",0.781506979223981,0.218493020776019,8.59355757174452e-98,5.19750653467059e-114,1
"20831",4.41267615018727e-05,4.72823129225431e-05,6.52318750238197e-09,0.999908584402388,4
"20833",1,7.88674715954298e-18,4.53412224486066e-24,4.54471047510492e-16,1
"20835",0.00179097984816272,0.00310453442429598,4.27885566133032e-08,0.995104442938985,4
"20837",0.000377073552684602,0.00284753246439338,2.1579796920178e-17,0.996775393982922,4
"20839",0.000594906961818405,0.00168688103082644,4.9449981696121e-09,0.997718207062357,4
"20841",0.813285882322073,0.186714117677926,2.01905584753962e-82,2.92940883270034e-47,1
"20843",0.067531766952764,0.83782559704337,3.77141084720979e-42,0.0946426360038658,2
"20845",0.628000476630058,0.335105717082848,0.0368938061745465,1.12547190090993e-10,1
"20847",0.0201500351894489,0.979849964810551,3.02975859348658e-35,1.05696210476595e-24,2
"20849",0.0293099143696013,0.970690085630399,2.23645347807795e-24,1.04290762607124e-26,2
"20851",0.0286956728135195,0.97130432718648,1.26116005118728e-78,1.34508356740808e-31,2
"20853",0.31059316390256,0.689406836097439,5.22507709100014e-119,5.4260009578704e-68,2
"20855",0.232041330566824,0.767958669433176,1.96689979746231e-49,5.02634289898765e-90,2
"20857",0.046367322911417,0.953632677088582,1.64643227752288e-44,1.33223695795039e-15,2
"20859",0.0157436327281276,0.984256367271872,5.57067415626681e-50,8.82656827721733e-47,2
"20861",0.999999999663389,3.36611285464753e-10,4.09683501843863e-90,2.59665685135933e-56,1
"20863",0.00164036436711207,0.000182739760947488,0.000649689241800211,0.99752720663014,4
"20865",0.907944577037065,0.0858632414997648,8.60133559876255e-31,0.00619218146316997,1
"20867",0.997665797668111,0.00233420233188919,3.98915859322533e-168,7.14766879833518e-206,1
"20869",0.00446814170553571,0.00491377275960752,0.988758874510712,0.00185921102414451,3
"20871",0.998415593907659,0.00158440609234123,5.72304467774871e-75,2.65466424145514e-160,1
"20873",0.595431547068062,0.404568452931938,3.71026555277517e-55,2.90185360036476e-128,1
"20875",0.0217678482903245,0.978232151709676,1.24734261420766e-55,3.397679879551e-49,2
"20878",0.99999999999522,2.37790880898419e-20,4.78027730347556e-12,5.54196258057293e-38,1
"20880",1,9.84827366133365e-18,1.33879905599216e-22,5.5672611409691e-20,1
"20882",0.12547271505839,0.87452728494161,1.03911719331632e-116,3.00602721320224e-107,2
"20884",1.80959792160665e-05,0.000116673310321275,9.85463884052658e-16,0.999865230710462,4
"20886",0.00613217729183112,0.0402551677870439,0.949772507596069,0.00384014732505573,3
"20888",0.113376764380931,3.25055185473327e-11,0.865768277382582,0.0208549582039816,3
"20890",0.000690324879252113,0.0131791506929371,0.401534696155643,0.584595828272168,4
"20892",0.0443955701030997,0.9556044298969,3.40068894789837e-61,1.26125601238462e-19,2
"20897",0.0888873222759788,0.911112677724021,3.68548218611388e-23,4.82228966246829e-16,2
"20899",0.025167071900533,0.974832928099434,3.24132639705224e-14,4.43458156178714e-16,2
"20901",1,1.64913381919931e-17,5.9294898099879e-184,2.407425791956e-175,1
"20903",0.999999999069945,9.30054727656553e-10,1.33240739256294e-92,2.61922325838876e-211,1
"20905",0.999999999552439,4.47560705862531e-10,2.12382872676375e-83,1.32829617347027e-133,1
"20907",0.312661406996863,0.687338593003137,1.73694749629956e-100,2.27151471022053e-85,2
"20909",0.541415087316216,0.458584912683784,1.67219257920108e-18,1.00979325318817e-27,1
"20911",1,1.09691600595004e-20,2.01724677525593e-245,4.04083550057319e-230,1
"20913",0.119017400545507,0.880982599451376,1.04802006617555e-19,3.1168862423928e-12,2
"20962",0.0145101949521593,0.985489805047841,6.60526600125888e-43,4.00834831815787e-28,2
"20969",0.250671324401504,0.749328675598496,3.29365769186027e-35,2.54559027972412e-68,2
"20980",0.0295581946031103,0.97044180539689,6.82203792068672e-31,7.10775822200788e-35,2
"20982",0.013416342093932,0.986583657906068,1.57780114215123e-69,2.19430200281434e-44,2
"20984",0.77304189836322,0.22695810163678,2.0700590541506e-23,1.84070925690418e-19,1
"20994",0.0904421263083856,0.909557873691615,1.39993491726443e-61,4.01010439815773e-63,2
"21015",0.999989046536311,1.06926148160237e-05,7.95663603187964e-09,2.52892236963591e-07,1
"21023",0.15635916915154,0.84364083084846,3.20790531898834e-120,2.06753647030524e-93,2
"21040",0.96011528173701,0.0398847182629904,4.86801834175841e-119,1.37405091357798e-58,1
"21073",0.425087089542754,0.574912910457246,2.17111683380792e-46,8.06925346226627e-34,2
"21222",0.00921121363089986,0.0900156379956553,0.0168840265660691,0.883889121807376,4
"21224",0.0390773179545117,0.960922682045486,1.14852757704339e-26,2.2772860537609e-15,2
"21228",0.99999992212295,7.78770495929804e-08,2.34757000468025e-36,1.46999303119394e-62,1
"21232",0.0421354659805997,0.9578645340194,1.20814341011097e-113,5.11826177803568e-78,2
"21237",0.999799852325688,0.000200147674311644,1.3179773298428e-87,4.45216548640506e-107,1
"21240",3.04044611968246e-05,7.01986913055357e-05,6.76274947245074e-07,0.99989872057255,4
"21245",7.28485138917459e-05,9.7885425056913e-05,0.012632522252443,0.987196743808608,4
"21252",0.0937032068503841,0.906296793149616,2.97817151998036e-130,5.46833101565322e-57,2
"21254",0.351288501723086,0.648711498276914,1.65752062227532e-84,1.08389510508266e-52,2
"21258",0.837838304516068,0.162161695483932,8.11910421414777e-39,6.85709518110076e-42,1
"21264",0.0390991719264271,0.960807389155898,5.69215396994116e-07,9.28697022774029e-05,2
"21305",0.999332033714718,0.000667966285281799,3.57449299901899e-49,1.77677966549517e-44,1
"21333",0.0361407380779077,0.963859261922092,2.46596651589511e-101,2.71524853094522e-37,2
"21366",0.0731047558481972,0.926895242074202,2.26217934756253e-50,2.07760124584497e-09,2
"21377",0.0059765966319213,2.59116735949891e-07,0.994023144251343,9.07968254641141e-19,3
"21380",0.99999999999998,1.97421085641081e-14,3.85432961289058e-85,4.36096545391209e-122,1
"21387",1,2.37844001653278e-22,9.61984415725737e-308,3.09638937387886e-201,1
"21390",0.122906901843762,0.877093098156238,6.6334416579806e-106,2.95107962740536e-71,2
"21392",0.0500493804112867,0.949950619588713,2.19378958960229e-40,6.89672094177092e-20,2
"21403",0.137212898125948,0.862787101874053,1.63918952293477e-24,4.82080186720418e-48,2
"21408",0.0645186218214832,0.935481378178517,2.31417250065263e-84,3.69857159779825e-96,2
"21412",0.999999370441796,6.29558204254255e-07,7.83407101163912e-104,5.3024558992249e-96,1
"21421",0.0457444415472591,0.954255557858916,5.46537255703775e-24,5.9382446153487e-10,2
"21424",0.999713341899415,0.000286658100584548,1.61492950267812e-182,3.18929808322945e-115,1
"21429",0.0366717221939131,0.963328277806087,9.36664513695376e-67,5.87372561557555e-57,2
"21431",0.0596480080952624,0.940351991904643,6.39358337050995e-28,9.4095825070623e-14,2
"21436",0.999999917900161,8.20998395406188e-08,9.94060280327845e-50,2.04344311514191e-20,1
"21439",0.0127735031009571,0.987226496899043,9.10147445123873e-25,1.50531896163556e-35,2
"21442",0.0917437484727716,0.90825625151705,1.01786465416721e-11,4.21892664084207e-22,2
"21444",0.0072702486136192,0.000429622700498587,1.69449736341185e-19,0.992300128685882,4
"21446",1,7.65825773820753e-22,1.7316331825235e-18,1.68368858143143e-40,1
"21448",1,9.0461930114909e-23,3.25738096116826e-153,2.04453304662798e-87,1
"21450",0.621332679323347,0.378667320676653,2.09788348237256e-46,1.55057049556005e-53,1
"21452",0.164718641324563,0.835281358675437,2.28658071477893e-76,2.54326178014544e-60,2
"21466",0.293246444400953,0.706753555599047,2.16978386941411e-163,5.00162828531227e-110,2
