"","V1","V2","V3","result$classification"
"19812",0.298114470150924,0.694640763404825,0.00724476644425166,2
"19814",0.0125921455916743,0.987265577745438,0.000142276662887533,2
"19816",0.986836837121989,0.0131326684409411,3.04944370699004e-05,1
"19818",0.0941973788850882,0.905615104028138,0.00018751708677336,2
"19820",0.999741830936028,8.58311322271971e-06,0.000249585950749337,1
"19822",0.934047220905163,0.000205354305366341,0.0657474247894708,1
"19824",0.984174984517595,0.0155847928962389,0.00024022258616572,1
"19826",0.181966834375336,0.81788592124809,0.000147244376573557,2
"19828",0.997193594641155,0.00198631812799071,0.000820087230853985,1
"19830",0.00441710434145815,0.992552347922016,0.00303054773652632,2
"19832",0.339214795398849,0.0768256995742528,0.583959505026898,3
"19834",0.917967001774958,0.0645793957731831,0.0174536024518585,1
"19836",0.716746666303178,0.282289405068937,0.000963928627884563,1
"19838",0.001014334687843,0.998450882278188,0.000534783033969623,2
"19840",0.907428608641945,0.0924234291247705,0.000147962233284501,1
"19842",0.000941385932846265,0.999034848982278,2.37650848760626e-05,2
"19844",0.0112545131584165,0.988580713053693,0.000164773787890531,2
"19846",5.45956251574962e-05,0.999944375800609,1.0285742337494e-06,2
"19848",0.000112784435770952,0.999882941349483,4.27421474630888e-06,2
"19850",0.000762623841294425,0.999219198765269,1.81773934364009e-05,2
"19852",0.785999366900172,0.213393884421706,0.000606748678121133,1
"19854",0.000197687384535822,0.999787384557351,1.49280581126982e-05,2
"19856",0.0103548666050788,0.989352903394029,0.000292230000892285,2
"19858",0.327908498409289,0.66799075120993,0.00410075038078141,2
"19860",0.691296209421626,0.30811446791398,0.000589322664393741,1
"19862",5.34122421117744e-05,0.999944765905771,1.82185211670406e-06,2
"19864",0.2425628087317,0.755498654414325,0.00193853685397509,2
"19866",0.992210806208865,0.00771014352824573,7.90502628889725e-05,1
"19868",0.00013427667208647,0.00146372028883152,0.998402003039082,3
"19870",0.00192664602753865,0.998053916381195,1.94375912663367e-05,2
"19873",0.084388316097715,0.915552638960097,5.90449421879603e-05,2
"19875",0.997035856427121,0.00208666002350711,0.000877483549371903,1
"19877",0.0199310746641076,0.979897142406157,0.000171782929735602,2
"19879",0.4147081466562,0.582623748083014,0.00266810526078635,2
"19881",0.0350388636781839,0.964897125447409,6.40108744067745e-05,2
"19883",0.0255625611040369,0.97441870389348,1.8735002483297e-05,2
"19899",0.743575649290657,0.241762134172948,0.0146622165363948,1
"19908",0.610049903350781,0.232314265785684,0.157635830863535,1
"19910",0.563524433176631,0.436196908756705,0.000278658066664196,1
"19912",0.000335784636969758,0.999654522293856,9.69306917407025e-06,2
"19914",0.443679104377365,0.544741667755125,0.0115792278675104,2
"19916",0.986313948749368,0.0133219402810045,0.000364110969627097,1
"19918",0.00108151901666033,0.998917035721219,1.44526212092946e-06,2
"19920",0.000294126204684407,0.999702918708795,2.95508652046111e-06,2
"19922",0.0654966994671134,0.16708195654459,0.767421343988297,3
"19924",0.0220817136864559,0.977868392967768,4.98933457763922e-05,2
"19926",0.885315024755201,0.0873456980565432,0.0273392771882559,1
"19928",0.00862503527050652,0.990455297581068,0.000919667148425847,2
"19930",0.00895801287333616,0.990918653130383,0.000123333996280824,2
"19932",0.000520776890169188,0.99942159860032,5.76245095110466e-05,2
"19934",0.965079754456829,0.0311450885268937,0.00377515701627698,1
"19936",0.0840746680360356,0.912381668606862,0.00354366335710231,2
"19938",0.992757545927923,0.00241636391613788,0.00482609015593947,1
"19940",0.179543774179967,0.820401436247394,5.47895726390602e-05,2
"19942",0.0364293287179907,0.963366748538534,0.000203922743475519,2
"19944",0.873706530906016,0.126055478348451,0.000237990745532297,1
"19946",0.157607232440956,0.842147801914467,0.000244965644576382,2
"19948",0.0113819239260071,0.98859387570537,2.42003686232064e-05,2
"19950",0.00016707693508926,0.999796480260557,3.64428043540614e-05,2
"19952",0.0113819239260071,0.98859387570537,2.42003686232064e-05,2
"19954",0.00173286865986805,0.998234162154711,3.29691854206138e-05,2
"19956",0.000118224967902266,0.999485167128745,0.000396607903353283,2
"19958",0.00106439392097074,0.0196471569108731,0.979288449168156,3
"19962",0.176611486234535,0.819977653060751,0.00341086070471433,2
"19964",0.0646684055457478,0.935260575062529,7.10193917230981e-05,2
"19966",0.999278009279612,0.000501761658936683,0.000220229061451339,1
"19969",0.00611635829577267,0.993849423265336,3.42184388913515e-05,2
"19972",0.00157214498662843,0.998420262479469,7.59253390250134e-06,2
"19974",1.55545055779975e-05,0.999984083045626,3.62448795471305e-07,2
"19976",0.0291655521626896,0.970772108396988,6.23394403221822e-05,2
"19978",0.7637946370407,0.236168685398346,3.66775609536594e-05,1
"19980",7.8961769966882e-05,0.999913683274815,7.3549552181755e-06,2
"19982",0.0014616971775529,0.998358437074287,0.000179865748160465,2
"19984",0.00339604712360352,0.996554687578776,4.926529762001e-05,2
"19986",0.999114767158565,2.23919778518079e-05,0.000862840863583722,1
"19988",0.998485842075424,4.71056705819133e-06,0.00150944735751825,1
"19992",0.99843691676995,5.33637179412221e-05,0.00150971951210932,1
"19994",0.016298161683983,0.983226561605075,0.00047527671094241,2
"19996",0.999680458949642,7.44124809387905e-05,0.000245128569419616,1
"19998",0.126442154486406,0.872939433187301,0.000618412326292621,2
"20000",0.00147369800835226,0.958162635174981,0.0403636668166666,2
"20003",0.115389331738171,0.881939810688197,0.00267085757363193,2
"20005",5.72612323515359e-05,0.999941269126601,1.46964104756001e-06,2
"20007",0.77287010096165,0.222030623400315,0.00509927563803484,1
"20009",0.992075512027852,0.00630139434690633,0.0016230936252412,1
"20011",0.0115713315252649,0.988398594138011,3.00743367239536e-05,2
"20013",0.00247752596173205,0.997454665904127,6.78081341410972e-05,2
"20016",0.990785701642342,0.000280384695429329,0.00893391366222825,1
"20018",0.0243683695289127,1.08275446048163e-06,0.975630547716627,3
"20021",0.994197324208249,0.00493706879972356,0.000865606992027778,1
"20023",0.948452498633099,0.0490130296645369,0.00253447170236392,1
"20025",0.605842737062171,0.000152764522751408,0.394004498415078,1
"20027",0.0032152672507493,0.996731126174182,5.36065750682601e-05,2
"20029",0.000250455073170278,0.999748467783071,1.07714375819609e-06,2
"20032",0.00314266440756744,0.996745789270116,0.000111546322316105,2
"20034",0.0278788780865005,0.972044337480765,7.67844327344206e-05,2
"20036",0.0560578986711035,0.941684577398059,0.00225752393083732,2
"20038",0.991060151609857,0.000220317984104247,0.00871953040603845,1
"20040",0.979178135987486,0.00022330550315753,0.0205985585093568,1
"20043",0.996014034427272,0.00232766055976027,0.001658305012968,1
"20045",0.986711352916131,1.19454589110687e-05,0.0132767016249584,1
"20048",0.000553130348840628,0.999259489417912,0.000187380233247103,2
"20051",0.458242007422811,0.51388105843632,0.0278769341408684,2
"20053",0.973405961755347,0.0263399441921957,0.000254094052457364,1
"20055",0.881338045333101,0.00936546567869605,0.109296488988204,1
"20057",1.70211206479199e-05,0.00449656287780313,0.995486416001549,3
"20059",0.978999828750575,0.0164646005199562,0.00453557072946857,1
"20061",0.914036474510324,0.0850829654248114,0.000880560064864335,1
"20063",0.696624300289905,0.263353405519684,0.0400222941904108,1
"20065",0.223299016574614,1.12200051308062e-05,0.776689763420255,3
"20067",0.979725613566189,0.0020067549275673,0.0182676315062435,1
"20069",0.000121905434327357,0.999864300333792,1.37942318809612e-05,2
"20071",0.553698355094077,0.437514459389528,0.00878718551639529,1
"20073",0.00360781229873265,0.996383218208958,8.96949230890302e-06,2
"20075",9.68471843102123e-05,0.000668369930187705,0.999234782885502,3
"20077",0.974348834488002,0.025371226407542,0.000279939104455855,1
"20079",0.317070183510551,0.678028244453679,0.00490157203577,2
"20081",0.864433923721273,0.00511445720980557,0.130451619068921,1
"20083",0.0486230353694745,0.943207540026727,0.00816942460379885,2
"20085",0.99463373563673,4.54599450450284e-06,0.00536171836876559,1
"20088",0.997557522820683,0.000472596063314935,0.00196988111600217,1
"20091",0.00766069701524544,0.000411422391085226,0.991927880593669,3
"20095",0.247879306533661,0.750346672399226,0.00177402106711284,2
"20097",0.982472261276788,6.39022878190759e-06,0.0175213484944303,1
"20099",0.955776372363655,0.0442053835234529,1.82441128921183e-05,1
"20102",0.0313605649237342,0.36787271791881,0.600766717157456,3
"20105",0.983065250000194,0.0160614955766092,0.00087325442319684,1
"20107",0.998909499252394,0.000763829724834916,0.0003266710227715,1
"20109",0.707991501351679,0.291929780312841,7.87183354800109e-05,1
"20111",0.000784032663959403,0.584533335026237,0.414682632309804,2
"20113",0.988009364400895,0.0115242732503672,0.000466362348737944,1
"20115",0.00107621536753459,0.997881948418611,0.00104183621385478,2
"20117",0.330359220477387,0.0102438430253468,0.659396936497266,3
"20119",0.999335872980669,0.000547195719355413,0.000116931299975813,1
"20121",0.999093420104639,0.000111406765191557,0.000795173130169815,1
"20123",0.00516892802946778,5.20077618983973e-05,0.994779064208634,3
"20125",0.000779605908387944,0.999152348881127,6.80452104846418e-05,2
"20127",0.999034167423184,0.000129188028743593,0.000836644548072917,1
"20140",0.625984507028561,0.041427936112347,0.332587556859092,1
"20142",0.000151776129688533,0.999805573439103,4.26504312085633e-05,2
"20144",0.000921472814672811,0.985209934543956,0.013868592641371,2
"20146",0.0131131817507378,0.982422414718799,0.0044644035304631,2
"20148",0.058621496420161,0.94056817253903,0.000810331040808547,2
"20150",1.86334288603178e-05,0.999980566347596,8.00223543569252e-07,2
"20152",0.177025999127541,0.821975073173284,0.000998927699174594,2
"20154",0.0602888763600823,0.000140505661269539,0.939570617978648,3
"20156",0.680406938093784,0.301334414717696,0.0182586471885194,1
"20159",0.000138764075809234,0.999833985252087,2.72506721040394e-05,2
"20161",0.0114012286182123,0.987609206280583,0.000989565101204982,2
"20163",0.300452904521669,0.692005961588404,0.00754113388992762,2
"20165",0.307767318526299,0.690659801766183,0.00157287970751747,2
"20167",0.0145282888761856,0.985432708743728,3.90023800864314e-05,2
"20169",0.000294219524722365,0.999608415929919,9.73645453586255e-05,2
"20171",0.0173058695145596,2.75561543201811e-05,0.98266657433112,3
"20173",0.53994385964781,0.459689432428948,0.000366707923241499,1
"20175",0.0059599173415119,0.993967478094235,7.26045642533819e-05,2
"20177",0.957929511395002,0.0420170208963767,5.34677086210868e-05,1
"20180",0.996269896938062,3.75584810109807e-05,0.00369254458092751,1
"20182",2.71071752643574e-05,0.997211049685656,0.00276184313907982,2
"20184",0.00168487183313789,0.998280949054241,3.41791126206639e-05,2
"20187",0.270080779755919,0.729832517787776,8.67024563044034e-05,2
"20189",0.950725238960967,0.0492462093090389,2.85517299946396e-05,1
"20192",0.858677856160227,0.0107333988551714,0.130588744984601,1
"20194",0.000855221901709425,0.999124984063757,1.97940345336833e-05,2
"20196",0.829617367315452,0.000261882877845449,0.170120749806703,1
"20198",0.524426703576118,0.464708702036849,0.0108645943870324,1
"20204",0.00014873250384664,0.999818619168174,3.26483279794297e-05,2
"20207",0.898126527790351,0.00104356308383052,0.100829909125819,1
"20209",0.01124322064299,0.789606346871414,0.199150432485596,2
"20211",0.00404155218553209,0.000102468782256896,0.995855979032211,3
"20215",0.980532676733755,0.0174164503227054,0.00205087294353983,1
"20218",0.000122434536451791,0.999855782038076,2.17834254717601e-05,2
"20222",0.913668117827926,0.0114169412100994,0.0749149409619743,1
"20225",0.000929813695634299,0.997933281088606,0.00113690521575964,2
"20229",0.146393944527637,0.664413236575445,0.189192818896917,2
"20232",0.933584995140421,0.0432559235275928,0.0231590813319858,1
"20234",0.870239966559052,6.4390804907519e-06,0.129753594360457,1
"20238",0.995917890323942,0.0014027684812541,0.00267934119480356,1
"20253",0.997882272020213,0.000609975970551897,0.00150775200923526,1
"20255",0.00455529614675188,0.992780411086709,0.00266429276653922,2
"20258",0.999528190105073,0.000293401000678199,0.000178408894248886,1
"20269",0.840882378841599,0.158841851904606,0.000275769253795435,1
"20271",0.99873065867551,0.00121176179351811,5.75795309720906e-05,1
"20285",0.0791258671783823,0.920641168027812,0.000232964793805755,2
"20288",0.972631402353418,0.0237597774536026,0.00360882019297938,1
"20291",0.776079727153174,0.000645073961704557,0.223275198885122,1
"20295",0.676494397953906,0.323125639961263,0.000379962084831131,1
"20298",0.000296910284898501,0.99968103603301,2.20536820915301e-05,2
"20302",0.00238323673853605,0.99759891500108,1.78482603839379e-05,2
"20305",0.000280483228467599,0.999708119539197,1.13972323352861e-05,2
"20307",0.998964999212912,5.73492426204312e-05,0.00097765154446797,1
"20310",0.995761328129349,1.10250015615303e-05,0.00422764686908902,1
"20313",4.60478783125317e-05,0.999948916326232,5.03579545497291e-06,2
"20315",0.998702390984886,0.00104025756761807,0.000257351447496125,1
"20319",0.467522901002895,0.000318211193851768,0.532158887803254,3
"20321",0.999193772447315,0.000574105046400412,0.000232122506284753,1
"20327",0.999720072534739,0.000243491128972274,3.64363362886712e-05,1
"20329",0.00245401785521937,0.997541517104159,4.46504062136261e-06,2
"20335",0.872846536436149,0.000105282011417597,0.127048181552433,1
"20337",0.000178220440354953,0.999797129671533,2.46498881118896e-05,2
"20339",0.0265335067606222,0.0124231788641787,0.961043314375199,3
"20341",0.0514334113098898,0.000737897188302635,0.947828691501807,3
"20343",0.983937351987712,0.000368953552659042,0.015693694459629,1
"20345",0.0576791722091535,0.941851920806377,0.000468906984469175,2
"20350",0.469943476894534,0.307399113232667,0.222657409872799,1
"20352",0.000660373644754197,0.999269021492351,7.06048628946025e-05,2
"20355",0.0275712699679604,0.970796419464253,0.00163231056778712,2
"20358",0.000413382774657495,0.999585044159017,1.57306632593847e-06,2
"20363",0.998723367621408,0.00106313658407973,0.000213495794512019,1
"20365",0.555260262466524,0.0110591624658648,0.433680575067611,1
"20379",0.00298787040241282,0.994962960903866,0.00204916869372103,2
"20387",0.996793662072873,0.000630323319837067,0.00257601460728968,1
"20392",0.00831967092278052,3.51506312537115e-05,0.991645178445966,3
"20395",0.0854449450051623,0.913219950279411,0.00133510471542647,2
"20397",0.000271438764070985,0.999718969652848,9.59158308074e-06,2
"20410",0.99605393855456,0.00300603624598357,0.00094002519945607,1
"20414",0.00202019983503205,0.997960970014161,1.88301508067735e-05,2
"20417",0.144164888182134,6.31354341462612e-06,0.855828798274452,3
"20419",0.999756014856291,0.000235360048149035,8.62509555989581e-06,1
"20421",0.0110159538612157,0.965551244917763,0.0234328012210209,2
"20423",0.00079571786517871,0.998975610177453,0.00022867195736872,2
"20425",0.00227471817731782,0.996775951452169,0.000949330370512968,2
"20427",0.199836063120367,0.799931475676363,0.000232461203269561,2
"20429",0.991851013326839,0.00196810937614856,0.00618087729701258,1
"20432",0.000234499278494929,0.999763198172635,2.30254887021098e-06,2
"20435",0.920196312976223,0.0534949637549378,0.0263087232688396,1
"20438",0.996319187474131,0.00361956182166877,6.12507042e-05,1
"20440",0.998745193180343,0.00116701856885254,8.7788250804079e-05,1
"20443",0.0149544882475833,0.983076004881618,0.0019695068707989,2
"20446",0.577255472592813,0.4204126751023,0.00233185230488781,1
"20449",0.924340769392406,0.0594859176415954,0.0161733129659992,1
"20537",0.744834399714175,0.0130073747544992,0.242158225531326,1
"20540",0.0224884316419539,2.69617672066482e-05,0.977484606590839,3
"20543",0.358626623810185,0.639666711646702,0.00170666454311263,2
"20545",0.00384683548370312,0.000111697901419278,0.996041466614878,3
"20549",0.119113043378552,0.872476203308449,0.00841075331299923,2
"20551",0.978712279282197,0.0186495354845762,0.00263818523322645,1
"20554",0.993418083711689,0.00631922960557528,0.000262686682735658,1
"20556",0.429479209354484,0.395798030950934,0.174722759694582,1
"20558",0.999391645122688,0.000179933259170494,0.000428421618141441,1
"20560",0.954919047278548,0.0448582239159423,0.000222728805509647,1
"20563",0.999256939007324,8.89917739777189e-05,0.00065406921869853,1
"20565",0.798729454299146,0.199207374624895,0.00206317107595846,1
"20567",0.000537250120553699,0.999450468436462,1.22814429847328e-05,2
"20571",0.966296035857678,0.0041174537665002,0.029586510375822,1
"20573",0.953722737203122,0.0403034977547669,0.00597376504211122,1
"20575",0.999617533121792,0.000100597306388402,0.000281869571819761,1
"20577",0.433305517455847,0.559845583273709,0.00684889927044389,2
"20579",0.000157977447600182,0.999840373786988,1.64876541239011e-06,2
"20582",0.999635712097202,4.15856306705644e-05,0.000322702272127263,1
"20585",0.173967458987033,0.00626907793922501,0.819763463073742,3
"20588",0.0261875495085003,0.018393629278297,0.955418821213203,3
"20590",3.38744661933842e-05,0.999965510755075,6.14778731548115e-07,2
"20592",0.999701615438973,5.49835779052347e-05,0.000243400983121916,1
"20594",0.999248499421714,4.4909033526773e-05,0.000706591544758591,1
"20596",0.96913064380804,0.0308503003218591,1.90558701005127e-05,1
"20598",0.991837253497612,0.0079135936272181,0.000249152875170391,1
"20600",0.17588987508952,0.155249231614588,0.668860893295892,3
"20603",0.00397546123149725,0.98904146216471,0.00698307660379293,2
"20605",0.998937458380999,0.000298151452319853,0.000764390166680929,1
"20607",0.998495816923186,0.00146735682980021,3.6826247014284e-05,1
"20609",0.980702319678299,0.019013208719277,0.000284471602424464,1
"20611",0.000444256487573734,0.999540611726829,1.51317855969191e-05,2
"20613",0.808344044248095,0.185006287435224,0.00664966831668077,1
"20615",0.504260474871513,0.410465001989767,0.0852745231387199,1
"20617",0.000152390049230588,0.999813458922374,3.41510283953674e-05,2
"20619",0.999701926675152,0.00018533561416435,0.00011273771068334,1
"20621",0.984372638692407,0.014923194469642,0.000704166837951132,1
"20623",0.0217793404729868,0.978212769486315,7.89004069798018e-06,2
"20625",0.00435301005673878,0.962698898968801,0.0329480909744605,2
"20627",0.945001429036589,0.0541219569072214,0.000876614056190114,1
"20629",0.876604528877627,0.119047378867262,0.00434809225511036,1
"20631",0.999462004964912,0.000158118799341999,0.000379876235745593,1
"20633",3.86361404898746e-05,0.999958021947368,3.3419121416767e-06,2
"20636",0.00221267011625887,0.997770078717653,1.72511660878665e-05,2
"20638",0.401163092713324,0.480055073040952,0.118781834245724,2
"20640",0.932312596971652,0.000791425367212349,0.0668959776611358,1
"20645",0.992936496775765,7.76879512539854e-06,0.00705573442910931,1
"20647",0.00057005181500853,0.999222862911662,0.000207085273329044,2
"20649",0.973486595034008,0.0128882862599541,0.0136251187060376,1
"20651",0.994514300506223,0.000152360344427106,0.00533333914934956,1
"20656",0.954856695985302,0.00231666066138716,0.0428266433533107,1
"20660",0.133676754321315,0.0103819591686054,0.855941286510079,3
"20662",0.00187029377013044,0.99811569047763,1.40157522394435e-05,2
"20664",0.858240693559236,0.141670238726802,8.90677139623323e-05,1
"20666",0.00692560678234099,0.836396501846518,0.15667789137114,2
"20668",0.000240933179964303,0.999756898124274,2.16869576200094e-06,2
"20670",0.996664099510029,0.00263938001536722,0.000696520474604456,1
"20672",0.000199971290020994,0.999743293891554,5.67348184254552e-05,2
"20674",0.94187490197663,0.0578163198750067,0.000308778148363718,1
"20676",3.88707962831017e-05,0.999956298102299,4.83110141771819e-06,2
"20678",3.09091959200266e-05,0.999968413187086,6.77616994566029e-07,2
"20680",0.00334497695451272,0.996586362488185,6.86605573023058e-05,2
"20682",0.0133527434596325,0.986615718119299,3.15384210682634e-05,2
"20684",0.935706056800474,0.0589491192030331,0.00534482399649253,1
"20686",0.000169668525633197,0.999807113102736,2.32183716311485e-05,2
"20688",6.1035396885832e-05,0.999937834221344,1.13038177082376e-06,2
"20690",0.0979343645709037,0.00115610270268317,0.900909532726413,3
"20692",2.77490516672844e-05,0.999971058169626,1.19277870690168e-06,2
"20694",0.000129369944927775,0.999863747709283,6.88234578877515e-06,2
"20696",0.00290458786338709,0.997020541816713,7.4870319899566e-05,2
"20698",0.859580093693927,0.129240212294509,0.0111796940115642,1
"20700",0.987735671749792,0.0114602368775221,0.000804091372686091,1
"20702",0.189125368209968,0.000170141590946803,0.810704490199086,3
"20704",0.926744799923091,0.0725439210429426,0.000711279033966453,1
"20706",0.28156437487706,0.712801776792528,0.00563384833041104,2
"20708",0.000363074775180157,0.99963344200382,3.48322099987917e-06,2
"20710",0.688899230033202,0.0117678336425519,0.299332936324247,1
"20714",0.000611317120712515,0.999386681581414,2.00129787407331e-06,2
"20716",0.996407887076757,0.00336311041035353,0.000229002512889204,1
"20719",0.770163109156229,0.229087073776552,0.000749817067219392,1
"20721",0.999667683760169,6.62223049731185e-05,0.000266093934857498,1
"20723",0.818040014324355,0.174474076613621,0.00748590906202417,1
"20725",0.0189122261645684,0.980095585557445,0.00099218827798621,2
"20727",0.000206691340087371,0.997754462861741,0.00203884579817225,2
"20729",0.000541526485203935,0.999437218114611,2.12554001853244e-05,2
"20731",0.00988721756784934,0.988851982387942,0.00126080004420869,2
"20733",0.951708088096629,0.0431899363218142,0.00510197558155664,1
"20735",0.815428517465012,0.157918186299526,0.0266532962354623,1
"20737",0.000125036601176186,0.999874108528999,8.54869825174771e-07,2
"20739",5.37722268488828e-05,0.999937404253249,8.8235199020735e-06,2
"20741",0.0149976177999842,0.984838740122672,0.000163642077343437,2
"20743",0.0281840739096346,0.971584435334787,0.000231490755578535,2
"20745",0.998843730200286,0.00047840729905262,0.000677862500661001,1
"20747",0.000637082232738883,0.999337347918924,2.5569848336792e-05,2
"20749",0.000264869554201093,0.99971165318563,2.34772601693696e-05,2
"20751",0.000401215267367129,0.992023652024756,0.00757513270787661,2
"20753",0.00104102430647886,0.998929031179529,2.99445139921876e-05,2
"20755",0.000823503662390882,0.999168980780421,7.5155571874757e-06,2
"20757",0.211233559818845,0.788706577294719,5.98628864360031e-05,2
"20759",0.998397685476686,0.00152152522421278,8.07892991014148e-05,1
"20761",0.084974086814779,0.9147242571393,0.000301656045920961,2
"20763",0.122614487308341,0.875566460772803,0.00181905191885606,2
"20765",0.0113046992459134,0.988470896368009,0.000224404386077781,2
"20767",0.983412857754864,0.0160504523193331,0.000536689925802306,1
"20769",0.464088332460794,0.00855133319232571,0.52736033434688,3
"20771",0.0731234793683173,0.926861935960142,1.45846715404895e-05,2
"20773",0.0726808309120481,0.926710751488986,0.000608417598965661,2
"20775",0.0195264314430892,0.979221350885658,0.00125221767125233,2
"20777",0.0918651222119282,0.468149091150823,0.439985786637249,2
"20779",0.0148732736327625,0.984504252995108,0.000622473372129252,2
"20781",0.000109028527432452,0.0717173400897532,0.928173631382814,3
"20783",0.0532039824618761,0.946746201431428,4.98161066964427e-05,2
"20785",0.00283380768961334,0.997106641502009,5.95508083770935e-05,2
"20787",0.000732231122158147,0.99926671117412,1.05770372182238e-06,2
"20789",0.780920659828014,0.21686079625493,0.0022185439170566,1
"20791",4.41583450619459e-05,0.999953410127871,2.43152706755451e-06,2
"20793",0.770849215115602,0.227083025957751,0.00206775892664723,1
"20795",0.000482159567749437,0.999512749206357,5.09122589393262e-06,2
"20797",0.000100614676408265,0.916056586301313,0.0838427990222783,2
"20800",0.000864494319433552,0.999021187066432,0.000114318614134722,2
"20802",0.0308897489043958,0.968880590614354,0.000229660481250679,2
"20804",0.000166832685715015,0.999830949778144,2.21753614055709e-06,2
"20806",2.84856189670802e-05,0.999970048373274,1.4660077587802e-06,2
"20808",0.995393902265674,0.00449270812352429,0.000113389610801383,1
"20810",0.00178393795072216,0.998184454351338,3.16076979397105e-05,2
"20812",0.0188758433641599,0.968108801550043,0.0130153550857968,2
"20814",2.1411382631319e-05,0.999978136152362,4.52465006794735e-07,2
"20816",0.969017157121069,0.0201493036500494,0.0108335392288819,1
"20818",0.0289866138246234,0.970623563858079,0.000389822317297493,2
"20820",0.000175405685834654,0.999770586558269,5.40077558963603e-05,2
"20822",0.0212306975587387,0.978672894169335,9.64082719264801e-05,2
"20824",0.00230198231527566,0.997635428259332,6.25894253919214e-05,2
"20826",0.000138600016265594,0.999833817942738,2.75820409965598e-05,2
"20828",0.000553130348840628,0.999259489417912,0.000187380233247103,2
"20830",0.000462745067646016,0.999502478506713,3.47764256412838e-05,2
"20832",0.36112177011169,0.638510349014605,0.000367880873705455,2
"20834",0.988631201269334,0.00943753503382436,0.00193126369684118,1
"20836",0.00675146304430863,0.993004032919692,0.000244504035999564,2
"20838",3.91874126499659e-05,0.999959693163781,1.11942356907193e-06,2
"20840",0.921427608060771,0.0779471893678443,0.00062520257138478,1
"20842",0.00387493172627931,0.996043956697016,8.11115767052314e-05,2
"20844",0.0806455936849076,0.919328950299676,2.54560154162298e-05,2
"20846",0.0173873063956164,0.982517225115004,9.5468489379257e-05,2
"20848",0.3451025644253,0.65321315458796,0.00168428098674042,2
"20850",0.927367709695432,0.0725326777608824,9.96125436854969e-05,1
"20852",0.931046323655062,0.0675440667606317,0.00140960958430609,1
"20854",0.000122435490249455,0.999857739840058,1.98246696929181e-05,2
"20856",0.0337346983963646,0.0199385775985211,0.946326724005114,3
"20858",0.9969175691814,0.00174973844250842,0.00133269237609111,1
"20860",0.10362878447482,0.895679092417958,0.000692123107221616,2
"20862",0.999708428395923,0.000229331581000876,6.22400230763008e-05,1
"20864",0.000941723681888034,0.998814590457425,0.000243685860686765,2
"20866",0.997926702958216,5.70283559989213e-06,0.00206759420618425,1
"20868",0.986561680825249,0.0104873368207471,0.00295098235400367,1
"20870",0.0599852130750291,0.93820977749228,0.00180500943269055,2
"20872",0.00204340080639449,0.997895594063403,6.10051302022311e-05,2
"20874",5.42829096017467e-05,0.999943436225917,2.28086448102431e-06,2
"20877",0.980400327886711,0.0034749214068314,0.0161247507064574,1
"20879",0.997085911146905,0.000181650387585526,0.0027324384655091,1
"20881",0.000480968957497739,0.999485027953387,3.40030891154797e-05,2
"20883",0.000146714665543977,0.999673620216166,0.000179665118290165,2
"20885",0.00122156632671783,0.998614421667228,0.00016401200605358,2
"20887",0.854887331815095,0.136995509070085,0.00811715911482005,1
"20889",0.0128496528324168,0.984007786527913,0.00314256063967032,2
"20891",0.995849646006219,0.000175445853636802,0.00397490814014427,1
"20896",0.845217800741529,0.0821054345145721,0.0726767647438992,1
"20898",0.0453976242598478,0.954200211057893,0.000402164682258938,2
"20900",5.06854033328057e-05,0.906869616801139,0.0930796977955282,2
"20902",0.237607450056968,0.00667453382773446,0.755718016115298,3
"20904",0.124653733511053,0.865915011244882,0.00943125524406514,2
"20906",0.980109851164584,0.00289650557233665,0.016993643263079,1
"20908",0.0232595117946115,0.976636942000855,0.000103546204533052,2
"20910",0.0178567339420551,0.982138088219078,5.17783886709833e-06,2
"20912",0.000176222156977495,0.0586090408430605,0.941214736999962,3
"20914",0.988458241723639,1.75494316374957e-05,0.0115242088447238,1
"20968",0.0101161538476828,0.982269116640209,0.00761472951210805,2
"20970",0.952171524857323,0.0469891441455974,0.000839330997079078,1
"20981",0.97880570794188,0.021178958188264,1.53338698560578e-05,1
"20983",1.81255263339106e-05,0.999980776703779,1.09776988724578e-06,2
"20988",0.99405453198362,0.00577129150840822,0.000174176507971247,1
"20995",0.226433109663712,0.0974196824129373,0.67614720792335,3
"21017",0.1257078990686,0.874250721728891,4.13792025090952e-05,2
"21038",0.991323139474323,0.00184624708971953,0.00683061343595753,1
"21072",0.967277897234592,0.0269603951951973,0.00576170757021037,1
"21075",0.949084978655531,0.000231542218489672,0.0506834791259789,1
"21223",0.160208421139469,0.835620904409074,0.0041706744514574,2
"21225",0.00028051293029507,4.93474793186656e-05,0.999670139590386,3
"21230",2.23712950094479e-05,0.9999760739217,1.55478329069506e-06,2
"21236",0.0120061038551977,0.987904891336324,8.90048084778751e-05,2
"21238",0.204000170338937,0.229088142436241,0.566911687224822,3
"21241",0.995234643582982,0.00416930626841567,0.000596050148601923,1
"21246",0.972701933699132,0.0272695975065932,2.84687942751281e-05,1
"21253",0.000178510333553577,0.999797568362447,2.39213039999471e-05,2
"21256",0.00521414128109056,0.994628022896908,0.000157835822001245,2
"21260",0.00887691432755994,5.00048820074513e-05,0.991073080790433,3
"21266",0.989729642237352,0.00995705156298313,0.000313306199664823,1
"21332",0.991672395634081,0.00826330739014965,6.42969757689536e-05,1
"21334",0.0559541692927924,0.93168802910928,0.0123578015979274,2
"21375",0.99905348259383,0.000249117724002671,0.000697399682167159,1
"21378",0.996171705993891,1.74206571641392e-05,0.003810873348945,1
"21381",0.987563603185767,0.000612852610306579,0.011823544203927,1
"21389",0.000828405147259063,0.999167113580395,4.48127234591927e-06,2
"21391",0.953270861939972,0.0460665461911594,0.000662591868868958,1
"21402",0.996857397050732,0.00313383413992972,8.76880933818786e-06,1
"21404",0.73896144657901,0.00407726707054256,0.256961286350447,1
"21409",0.953637281200323,0.0123863827859817,0.033976336013695,1
"21413",0.70219161750386,0.216902899519327,0.0809054829768132,1
"21423",0.99608241233752,0.00052134659756011,0.00339624106492022,1
"21425",0.93331586212322,0.0412734835427594,0.0254106543340203,1
"21430",0.00910185171924707,0.0111012868552867,0.979796861425466,3
"21432",0.980397499393405,0.0194441278919403,0.000158372714655067,1
"21438",0.995150630343095,0.00393721939043859,0.000912150266466602,1
"21440",0.926110103642274,0.071469696229062,0.00242020012866385,1
"21443",0.000669159508787974,0.999321758475414,9.08201579759491e-06,2
"21445",0.00151942986469781,0.00109113206246982,0.997389438072833,3
"21447",0.996228657798994,8.82572139931028e-05,0.00368308498701294,1
"21449",0.99848921378655,0.00149840285972732,1.23833537231274e-05,1
"21451",0.99848921378655,0.00149840285972732,1.23833537231274e-05,1
"21455",0.999156484169049,0.000831514213994492,1.20016169560088e-05,1
"21469",0.87136389468091,1.39186479661241e-05,0.128622186671124,1
"21471",0.782379521151194,0.000413787967888431,0.217206690880918,1
"21473",0.049816664223681,0.946077567731091,0.004105768045228,2
"21476",0.354349737904702,0.630878696764154,0.0147715653311446,2
"21478",0.0549736025368518,0.939738150755962,0.00528824670718626,2
"21481",0.00143445046041474,0.99850407407429,6.1475465294759e-05,2
"21490",0.993101184871565,0.00301674204166708,0.00388207308676822,1
"21493",0.974969176719989,1.63777321891731e-05,0.0250144455478216,1
"21495",0.750979452991929,0.243473894527126,0.00554665248094511,1
"21500",0.985590378906999,0.0133856766751099,0.00102394441789081,1
"21504",0.864789102191507,0.133850127674063,0.00136077013443073,1
"21507",0.983757196456267,8.57234752796668e-05,0.0161570800684532,1
"21512",0.99595039212944,0.00205712171765328,0.00199248615290664,1
"21519",0.033508572895895,0.966366315826289,0.000125111277815808,2
"21522",0.00386966200877834,0.134071557647583,0.862058780343639,3
"21524",0.995987026917113,0.00385592530849857,0.00015704777438819,1
"21528",0.998427466307259,0.000160499158487347,0.00141203453425345,1
"21532",0.863565862059,0.0678899863237199,0.0685441516172805,1
"21543",0.119836504718463,0.859986678173249,0.020176817108288,2
"21546",0.885436970206229,0.0819695245334905,0.0325935052602805,1
"21550",0.996594739933795,0.000124942455258528,0.00328031761094644,1
"21554",0.999552903717553,0.000371560383226385,7.5535899220756e-05,1
"21557",0.00860760644736823,0.953031530305166,0.0383608632474654,2
"21560",0.982110486536241,4.78300701942499e-05,0.0178416833935645,1
"21564",0.47433667384899,0.525559603143692,0.000103723007318111,2
"21566",0.999220264066256,0.000231931026086501,0.000547804907657439,1
"21569",0.889796192813459,0.0937840491717673,0.0164197580147741,1
"21574",0.00291794795121193,0.995713276875041,0.00136877517374756,2
"21576",0.0139541328307641,0.985996100842728,4.97663265078431e-05,2
"21578",0.000281520185780784,0.999696094970753,2.23848434656717e-05,2
"21580",0.0176759958447811,0.982249535527336,7.44686278824446e-05,2
"21583",0.998746614364191,5.94997545532286e-05,0.00119388588125594,1
"21585",0.000459788242138464,0.999536720165332,3.49159252976842e-06,2
"21587",0.00254074605501278,0.997048505443451,0.00041074850153644,2
"21589",0.00267826977437876,0.995274932798103,0.00204679742751845,2
"21593",0.0022214679519863,0.591282979814774,0.40649555223324,2
"21595",0.000649011261473202,0.970935465774923,0.0284155229636037,2
"21597",0.190070534144719,0.809797259779199,0.00013220607608283,2
"21599",2.20743984021966e-05,0.999977503590566,4.22011031965697e-07,2
"21601",0.61638739532696,0.320452012423142,0.0631605922498983,1
"21603",6.37956019163618e-05,0.999935320662397,8.8373568689701e-07,2
"21605",0.000283775081802984,0.999689356594548,2.68683236493077e-05,2
"21607",0.086746346058685,0.881035177596499,0.0322184763448157,2
"21610",0.236010898173537,0.759575489947099,0.00441361187936397,2
"21612",0.000483818772967782,0.999501232672517,1.49485545147571e-05,2
"21614",0.540474351531436,0.440552155226702,0.0189734932418623,1
"21616",0.0731953349573589,0.918974539537961,0.00783012550468031,2
"21618",0.818311813871967,0.00272649823207441,0.178961687895959,1
"21620",0.00049564401219326,0.999494182762643,1.01732251639929e-05,2
"21622",0.979033269631155,0.000523797736697654,0.0204429326321473,1
"21624",0.0124432941700706,0.985105088590317,0.00245161723961247,2
"21626",0.314591588202997,0.685384306744243,2.4105052760034e-05,2
"21628",0.861612953290941,0.128057233898356,0.0103298128107029,1
"21630",0.0427517369274911,0.956963949377163,0.000284313695345595,2
"21632",0.837440843140709,0.159882525690752,0.00267663116853938,1
"21634",0.955828094114742,0.0434858960692451,0.000686009816012697,1
"21636",0.00267501274881367,0.996612572479812,0.000712414771374619,2
"21638",8.87036093937635e-05,0.999860040301052,5.12560895544594e-05,2
"21640",0.289225655120642,0.706245402135676,0.00452894274368232,2
"21642",0.00594080481368392,0.9939017688259,0.000157426360416249,2
"21644",5.06116827555317e-05,0.933720059780838,0.0662293285364067,2
"21647",0.000282795508454897,0.999680082597841,3.71218937038086e-05,2
"21649",0.00568969976700082,0.99406298717668,0.000247313056318856,2
"21651",0.0192927899812745,0.978118474632173,0.002588735386552,2
"21653",0.00158290901945505,0.469683033317045,0.5287340576635,3
"21655",5.16681927240009e-05,0.999942252950372,6.07885690409697e-06,2
"21657",0.00450150889355536,0.995285158485765,0.000213332620680153,2
"21659",0.00174903776917377,0.998172219877931,7.87423528949694e-05,2
"21661",0.00264210253517687,0.996962170834828,0.000395726629995554,2
"21663",0.00134306348711745,0.99860706486473,4.9871648152036e-05,2
"21665",0.000604625464191539,0.998504715627038,0.000890658908770636,2
"21667",0.912210752468967,0.0874818644246698,0.000307383106363091,1
"21670",0.750806961339221,0.244876730439731,0.00431630822104832,1
"21672",0.0411132153499353,0.956892916491019,0.00199386815904517,2
"21674",0.999044643268216,0.000414329730251875,0.000541027001532359,1
"21676",0.986968360020481,0.0129677064187612,6.39335607571072e-05,1
"21678",0.00492949623822159,0.0324742399201289,0.96259626384165,3
"21680",0.00131951295017746,0.997128988983624,0.00155149806619884,2
"21685",0.973234152801563,0.0218558011165028,0.00491004608193415,1
"21687",0.0663631838920789,0.319818819318203,0.613817996789718,3
"21690",0.00128415648159907,0.998553732880309,0.000162110638091634,2
"21707",0.999391003886258,0.00014478888508108,0.000464207228661422,1
"21710",0.0729885387783937,0.00182927473949512,0.925182186482111,3
"21713",0.99641807643878,0.00255203941705991,0.00102988414415982,1
"21718",0.203295507823138,0.0315728533940638,0.765131638782798,3
"21721",0.00220078626308406,0.142055244687212,0.855743969049704,3
"21723",0.980376106423268,3.48544139462408e-05,0.0195890391627857,1
"21726",0.999872499950184,8.05511480666764e-05,4.69489017491451e-05,1
"21729",0.000521266809710342,0.996530430250304,0.0029483029399861,2
"21733",0.000189356095805856,0.999765281563484,4.5362340710573e-05,2
"21735",0.135428794444111,0.0531160864685028,0.811455119087386,3
"21739",0.984445814349263,0.0150195625817722,0.000534623068964505,1
"21741",0.99513802476875,0.00428125255747572,0.000580722673773752,1
"21744",0.968473672506139,0.0311515430613176,0.000374784432543784,1
"21746",0.997343921440624,2.75822674268947e-05,0.00262849629194933,1
"21748",0.991397692853131,0.00103584635871218,0.00756646078815733,1
"21750",0.00200681897986118,0.997980430905273,1.27501148653058e-05,2
"21752",0.981549390646471,0.0162730980417236,0.00217751131180505,1
"21755",0.691044764592039,0.307927109294918,0.00102812611304286,1
"21757",0.109396463641949,0.880333936683079,0.0102695996749724,2
"21760",0.226433109663712,0.0974196824129373,0.67614720792335,3
"21762",0.999156889679668,3.9123602880531e-05,0.000803986717450824,1
"21764",0.000347607585204576,0.999633468252075,1.89241627203669e-05,2
"21766",0.998083563537309,8.29313371125301e-05,0.0018335051255786,1
"21768",0.425122419025889,0.570606918479389,0.00427066249472174,2
"21770",0.545957794647915,0.453027329240999,0.00101487611108652,1
"21773",0.963794506191508,1.3609472841758e-05,0.0361918843356502,1
"21775",0.0675473592285604,0.932066847810967,0.00038579296047252,2
"21777",0.000533601680147803,0.999411828401753,5.45699180996409e-05,2
"21779",0.52333806120654,0.445349199954861,0.0313127388385983,1
"21781",0.942564235149379,0.0570456010938424,0.00039016375677822,1
"21784",0.996606936194884,0.00180315546598528,0.00158990833913097,1
"21786",0.242805379790188,0.757041921602959,0.00015269860685253,2
"21789",0.873272237518375,0.121903032011655,0.00482473046996983,1
"21791",0.994761173071679,0.0012870924423343,0.00395173448598677,1
"21794",0.0634114153024686,0.933868334102159,0.00272025059537296,2
"21797",0.0320229617620184,0.0395277353958163,0.928449302842165,3
"21800",0.134887962419757,7.51534707193272e-05,0.865036884109523,3
"21802",0.930740260460639,0.0400170259017054,0.0292427136376558,1
"21804",4.2193345947858e-05,0.0030334237591424,0.99692438289491,3
"21806",0.00991561481333285,0.118203156480828,0.871881228705839,3
"21808",0.0406900984599821,0.464782221886915,0.494527679653103,3
"21811",0.218525775921549,0.0146089351138708,0.76686528896458,3
"21815",0.996011425577441,0.00356974645779414,0.000418827964764438,1
"21817",0.0103569079526458,0.0194671261789432,0.970175965868411,3
"21820",0.92989665754228,0.00489435524970372,0.0652089872080158,1
"21822",0.0235001650568916,0.975971219089578,0.000528615853530343,2
"21824",0.0304136528449317,0.9695581816889,2.81654661682805e-05,2
"21826",0.999232931469299,0.000185994197212532,0.000581074333488155,1
"21828",0.493771750617543,0.506143850841293,8.43985411639238e-05,2
"21830",0.0142021403756061,0.985752918509376,4.4941115017556e-05,2
"21833",0.141738278568602,0.858212231442605,4.94899887922779e-05,2
"21835",0.141738278568602,0.858212231442605,4.94899887922779e-05,2
"21838",0.837668868757517,0.00137996927885189,0.160951161963631,1
"21840",0.991078266207999,4.65885882303714e-05,0.00887514520377091,1
"21842",0.662395486850205,0.00312220477320367,0.334482308376591,1
"21844",0.162235821330307,0.837681353661198,8.28250084947495e-05,2
"21847",0.964356612389658,0.0343282021493772,0.00131518546096469,1
"21849",0.216471524850355,0.782620571354193,0.000907903795451691,2
"21852",0.823684048302948,0.0960530730683971,0.0802628786286546,1
"21854",0.000301708310090138,0.99965148676822,4.68049216900212e-05,2
