"","V1","V2","V3","V4","V5","best$classification"
"19811",6.58804884473668e-05,0.939467782840942,0.0578624919716875,6.49913299567187e-07,0.00260319478562318,2
"19813",2.30007458401509e-06,9.71088061484747e-05,0.999900186027281,9.34804078460348e-09,3.95743945676066e-07,3
"19815",0.00163812322942052,0.997763701449244,4.4226173212226e-06,0.000553800146771575,3.99525572425902e-05,2
"19817",0.00021026878197585,0.998111594597996,1.73968762496754e-05,2.01823498247886e-05,0.00164055739395323,2
"19819",0.866531139028957,0.0001180367249274,2.35646145376643e-09,0.133349491527875,1.33036177961467e-06,1
"19821",0.00218923445964198,0.905970941695038,0.026033337131986,1.15858144833681e-06,0.0658053281318859,2
"19823",0.000747692538552639,0.941966791187213,1.24709794147804e-05,0.0564797889734481,0.000793256321371764,2
"19825",0.171336180661217,0.00540125766702144,0.00798727430509137,0.000887063039281487,0.814388224327389,5
"19827",0.000521781652328431,0.360057196848963,1.99273442386291e-06,0.000125442394106398,0.639293586370178,5
"19829",0.98523966742144,0.00325909602773003,8.56154822128995e-06,0.000122635854208173,0.0113700391484009,1
"19831",0.891620415183477,0.000751821395999339,2.61931522479704e-06,0.107623416619188,1.72748611121758e-06,1
"19833",4.07655763779417e-05,6.18661778430535e-06,6.50120887683732e-06,0.999928710652119,1.7835944841833e-05,4
"19835",0.00218923445964198,0.905970941695038,0.026033337131986,1.15858144833681e-06,0.0658053281318859,2
"19837",0.00160930695836763,0.905857376049944,1.35651829349939e-05,1.8958541350025e-05,0.0925007932674035,2
"19839",0.958182459941086,0.0075517910833693,0.0025166262521741,4.41735867110234e-05,0.0317049491366598,1
"19841",3.18829181734315e-05,2.21977128537927e-05,0.000127143787530629,8.93421517932908e-08,0.99981868623929,5
"19843",0.977274694078622,0.000155810270308081,0.0224411111454271,0.000128272053766564,1.12451876433077e-07,1
"19845",6.69893968207822e-06,0.0781224924627321,0.921807076666053,3.18478265501941e-07,6.34134532673074e-05,3
"19847",0.00511575969387378,0.987833920999475,0.00692287199082697,8.61303471259244e-05,4.13169686984517e-05,2
"19849",2.6620839387524e-07,0.000136856611220136,0.999861953402617,3.27643186382537e-09,9.20501337497019e-07,3
"19851",7.39668916359536e-05,0.999693768301411,5.11270185794736e-05,2.48893796982691e-05,0.000156248408674831,2
"19853",2.79666550424358e-06,0.962933843623302,0.0347774503468024,0.000176554897517951,0.00210935446687381,2
"19855",1.2907007019006e-05,0.985270713561668,0.00216888032904928,9.48797816770646e-06,0.012538011124096,2
"19857",0.0113670507779783,0.938646097906443,0.0173623047091488,3.4972822312981e-06,0.0326210493241985,2
"19859",0.00152545748777478,0.975388062545128,3.36328356094364e-05,0.000134229882925948,0.0229186172485617,2
"19861",5.80738014377486e-05,0.841967881562265,0.157796864677677,2.13928124875419e-06,0.000175040677371931,2
"19863",3.00671862884434e-07,4.97006906011988e-05,0.990180934506321,4.8584105476868e-09,0.0097690592728045,3
"19865",6.2723009024016e-06,0.00201400615481261,3.84661585812697e-06,8.79531409803916e-08,0.997975786975286,5
"19867",0.000904717112147433,0.991461856343509,0.00759071842937314,3.14166138360831e-05,1.12915011338994e-05,2
"19869",4.99219123048208e-07,0.00738262103316704,0.992421105190309,8.79751985601578e-09,0.000195765759881134,3
"19871",0.00431784036190808,0.909501129313552,6.8043897696657e-06,0.000151460853195061,0.0860227650815752,2
"19874",2.76956060739149e-05,0.152286442878691,1.47628228573916e-05,1.26126896019434e-05,0.847658486002776,5
"19876",7.13648430009218e-06,0.452060271439993,0.000832055147048819,5.70096128226068e-07,0.54709996683253,5
"19878",0.67856605321341,0.304043859308777,0.001262538359063,0.0155932508633476,0.000534298255402301,1
"19880",2.27639610941257e-07,0.00085358476674463,2.81573082722166e-05,1.7812155064206e-08,0.999118012473217,5
"19882",4.8030813393065e-05,0.720976710186482,0.276027852945925,6.37210113469343e-06,0.0029410339530655,2
"19885",0.00661437430783311,0.99200540796224,1.91260193240907e-05,1.17251389017967e-05,0.00134936657170078,2
"19907",0.000369898049125305,0.92912780122641,0.0704276402724826,9.57219165667454e-06,6.50882603255304e-05,2
"19909",0.98354914603043,0.0160840119054685,0.000294626383577756,4.63438689708946e-05,2.58718115531396e-05,1
"19911",0.933312608128383,0.0321177309279569,4.51688871768326e-05,0.00109467693757157,0.0334298151189122,1
"19913",1.03185051160239e-06,2.41598185486325e-05,1.64266165943785e-06,1.28375404004721e-07,0.999973037293876,5
"19915",3.27084704574329e-05,0.390600058581206,8.23079549987703e-06,1.0756769511419e-05,0.609348245383326,5
"19917",7.2400372879693e-05,0.0115443140466685,7.47241192254516e-06,1.98591286438782e-06,0.988373827255665,5
"19919",0.000496141741355801,0.792905438245239,5.21678453056189e-06,5.99573670664859e-05,0.206533245861809,2
"19921",0.000283654503342681,0.999290174556836,0.000377639333061586,1.22248251606159e-05,3.6306781598794e-05,2
"19923",0.0534320670063146,0.920444976077183,0.000648020226575842,0.0254665802433362,8.35644659057069e-06,2
"19925",2.15064998110593e-05,0.0432556461528562,2.74482862188664e-06,3.08069665822705e-06,0.956717021822053,5
"19927",8.95824876910018e-05,0.999083488272831,6.91159497981991e-05,1.28947890992481e-05,0.000744918500580635,2
"19929",7.31052740724055e-07,0.0001810594877192,0.453659912528824,7.47292590562408e-09,0.54615828945779,5
"19931",0.000969919010113146,0.996498609743738,3.316714960383e-06,9.13700753661073e-05,0.0024367844558227,2
"19933",0.669251962876099,0.326747546091827,2.02867297412263e-06,0.00106024594072438,0.00293821641837527,1
"19935",0.0802156715598652,0.915640136367394,0.00109293169033603,1.19317699175525e-05,0.00303932861248732,2
"19937",0.000345033771250906,0.999357173776481,7.00216879992514e-06,0.000230972628409818,5.98176550578353e-05,2
"19939",0.000891791803892937,0.996446371114715,1.51370808741762e-05,0.000117844004564726,0.00252885599595313,2
"19941",0.906936680175196,0.00886245713757121,0.000516172543358278,7.84361093205315e-05,0.083606254034554,1
"19943",2.10423856388105e-06,0.000749288331949489,4.42694535841954e-07,7.52750024554166e-07,0.999247411984926,5
"19945",0.862277874236805,0.135298521461045,8.23838462489954e-07,0.00231324243169909,0.000109538031989148,1
"19947",0.123391136724941,0.0203129471935165,0.0266218377800129,0.000212164566506517,0.829461913735023,5
"19949",0.213664671032785,0.763136159503441,1.14810920940465e-05,0.0231669556901913,2.07326814887302e-05,2
"19951",0.0019473294244084,0.290866877140377,2.8708725144847e-05,5.04489248127925e-05,0.707106635785257,5
"19953",0.17496119935408,0.00307128992348976,1.81018666535232e-07,0.821967130518044,1.9918571934875e-07,4
"19955",0.944856942287103,0.0096017509384331,3.4201171992811e-05,0.045501950450839,5.15515163227025e-06,1
"19957",0.00124214978551147,0.0879114696924783,4.633463278282e-05,0.00143983869455402,0.909360207194673,5
"19960",0.996224037502253,0.00316755829119562,6.57539223245421e-05,0.000118324568713965,0.000424325715513393,1
"19963",0.000559613319835934,0.000592306998440142,0.000143627227717742,0.0658636385392475,0.932840813914759,5
"19965",0.998793273896892,0.000677040957232864,9.28142845337597e-05,0.000436814897581453,5.59637600909448e-08,1
"19968",0.0019461308306546,0.0125092035708689,0.194143591329247,2.66841559493384e-08,0.791401047585073,5
"19971",0.00193648748790997,5.42734958672904e-05,2.20565130196008e-06,0.00508836039502859,0.992918672969892,5
"19973",0.000222497416409567,0.987537115549005,0.000102041015195238,1.62349773489408e-06,0.0121367225216557,2
"19975",5.37144111749618e-05,0.0204758214474902,5.62581462699405e-05,1.02935667887942e-07,0.979414103059397,5
"19977",0.000190007388982803,0.00179710152821317,0.000365713298971911,0.000159610332796078,0.997487567451036,5
"19979",0.999696107886374,5.86496906774727e-06,1.79504146333567e-09,0.000296286153810775,1.73919570562681e-06,1
"19981",0.0165402802647783,0.980849671708051,0.00129397767146809,2.52070574250935e-05,0.00129086329827704,2
"19983",0.0236429541229516,0.975430161511932,0.000718985602170523,0.000136665078927363,7.12336840183281e-05,2
"19985",6.43330878586296e-06,0.117968713384833,7.84493995663848e-05,6.7279069062357e-07,0.881945731116124,5
"19987",0.0533833049656595,0.849327183920567,1.51714628639398e-05,0.000133392245532821,0.097140947405377,2
"19989",0.996506884450271,8.44969970416465e-05,4.28901416434875e-09,0.0034085990836481,1.51800247607443e-08,1
"19993",0.333793902102875,0.630581558386452,3.7452887095949e-06,0.00128682612049538,0.0343339681014677,2
"19995",0.743765156155271,0.246739295423173,1.58644054479214e-05,0.000402863735793568,0.00907682028031446,1
"19997",7.50899105710353e-05,0.978859921937084,0.000115272310493225,6.31676866081271e-06,0.0209433990731907,2
"19999",1.50666803085808e-05,0.872223064695608,0.00258710169474481,5.64432837096461e-07,0.125174202496501,2
"20002",0.000336249746258469,0.000472778074347818,0.545629245199936,2.92525800393944e-06,0.453558801721453,3
"20004",0.867915686291267,0.117299470941042,0.000650185375083593,7.23581863859624e-05,0.014062299206221,1
"20006",0.96095916735108,0.029371702981828,0.00360607552355548,0.00483409697756536,0.00122895716597178,1
"20008",0.923992772030485,0.0540339065996519,0.000490363233867359,0.0209901488952187,0.000492809240777229,1
"20010",0.904167267078052,0.0558052704460107,6.99292883218965e-08,0.0400175267792406,9.86576740807501e-06,1
"20012",8.77155866096297e-05,0.138360331348909,0.0130085249841165,6.8793803634346e-07,0.848542740142329,5
"20015",0.999939836221287,5.21693741791155e-05,1.50194280364634e-06,6.41045964279544e-06,8.20020871107e-08,1
"20017",5.07661886235136e-05,0.937204332920209,0.00560386459782555,8.41032832544818e-07,0.0571401952605095,2
"20019",0.997490645477307,1.6233275500748e-06,6.48071134220166e-10,0.00250771798530599,1.25617661095558e-08,1
"20022",0.989183972764661,0.009174195864073,6.09452295326569e-08,0.00163799258108178,3.77784495439e-06,1
"20024",0.533687081394958,4.35792834600251e-05,3.39883760848989e-07,0.466268862246245,1.37191576490089e-07,1
"20026",0.533687081394958,4.35792834600251e-05,3.39883760848989e-07,0.466268862246245,1.37191576490089e-07,1
"20028",1.87645047635668e-05,0.696803141021603,0.000406721205383264,2.50396560099855e-06,0.30276886930265,2
"20030",0.999623387582693,0.000183767009828441,1.01791085052046e-05,9.13373811798009e-06,0.00017353256085534,1
"20033",0.00170331985603118,0.614184334771975,7.90924288791546e-05,9.97659027240819e-06,0.384023276352842,2
"20035",0.996202781350265,4.41636293313678e-06,1.55170869442822e-09,0.00379278514779717,1.55872962490353e-08,1
"20037",0.999555249681681,6.42540371717162e-06,4.10734404348244e-08,0.000438283211729099,6.29432089944804e-10,1
"20039",0.000414345621621438,8.18924108840933e-07,5.08495399236958e-10,0.999584834718955,2.26819483641969e-10,4
"20041",0.23863565428127,0.707268091471423,0.00017732907636566,0.0527210898551517,0.00119783531578947,2
"20044",0.34580403128079,0.561904612076947,0.000196074864241604,0.0797012263701034,0.012394055407918,2
"20047",0.994084443322176,5.40853861936701e-07,4.79036700985145e-10,0.00591487451759043,1.40827334805583e-07,1
"20050",0.149312921999441,0.0234570055061639,6.9400550535209e-09,0.827166610366638,6.34551877016846e-05,4
"20052",0.0178861153351322,0.935119038399463,1.25008941132478e-06,0.00143754389938706,0.0455560522766067,2
"20054",0.999295334306196,0.000664144334438463,2.76004950934668e-05,2.73948500328544e-06,1.01813792686293e-05,1
"20056",0.000184686958363008,0.00141543536125111,1.22635080078188e-06,4.26169882859548e-06,0.998394389630757,5
"20058",0.998840571184494,7.49833957496527e-05,4.26249325969143e-08,0.00108439906060887,3.73421488358935e-09,1
"20060",0.00105284273050574,0.998008913921971,3.59596012740773e-05,3.14117727036719e-05,0.00087087197354542,2
"20062",0.00763606858314593,0.992011069230711,4.32738112982292e-05,4.60853473060186e-05,0.0002635030275391,2
"20064",0.966273604505297,0.0330947886257987,4.57272813968637e-07,0.000119471743502977,0.000511677852587808,1
"20066",0.999941782978752,1.59681694346688e-05,1.50602722939316e-06,2.34719964171311e-05,1.72708281663086e-05,1
"20068",0.000100563390903621,0.998145551511964,0.00158502515217038,4.72722137502824e-06,0.000164132723587461,2
"20070",0.000156875779050737,0.999237600408521,0.000100212524893374,0.000417724949584938,8.75863379497552e-05,2
"20072",0.99395875136699,0.0011872152104441,0.00480380077830495,5.01624259059151e-05,7.02183548269071e-08,1
"20074",2.39850843814387e-07,6.06923062016592e-05,0.000805771550478541,1.90778905154259e-08,0.999133277214585,5
"20076",0.0121235361564018,0.0429949988730998,0.271029112499478,3.93919060939105e-07,0.67385195855196,5
"20078",0.944247812977366,0.0524937843036498,2.05611107456316e-06,0.00298259463501169,0.000273751972898247,1
"20080",0.998914711655355,9.55597148981393e-06,2.44138074370372e-10,0.00107568290220663,4.92268108143522e-08,1
"20082",0.00796381250208323,2.88311820582502e-05,1.28398165535359e-10,0.992007172779676,1.83407784060631e-07,4
"20084",0.930761169176875,0.0153573040738406,6.9021272285172e-07,0.01292971043718,0.0409511260993817,1
"20087",0.951274554135885,0.0477797434507287,6.09737680526876e-05,0.000882955658958494,1.77298637547636e-06,1
"20090",0.973761773972718,0.000120195836315205,6.72405528628626e-10,0.0261177516057282,2.77912833234587e-07,1
"20092",0.0275831636099106,0.157086111788406,0.00106510211198018,0.814265226057727,3.96431975789694e-07,4
"20096",0.0102646212615994,0.58456714470906,1.64172124975853e-05,0.394569573381759,0.0105822434350837,2
"20098",0.00048308615037658,0.632719477810518,1.26473536764148e-05,2.19154710150453e-05,0.366762873214414,2
"20101",0.998128222534258,0.000205972376999043,6.3869629426077e-09,0.00149117075725397,0.00017462794452629,1
"20104",0.00023203527599394,0.538569850691469,0.389324930230991,0.0689691627330011,0.00290402106854553,2
"20106",0.998413650359383,0.0014051940671807,1.97055330157953e-08,9.57398250298519e-05,8.53960428732473e-05,1
"20108",0.000840422216022753,0.944926858722535,0.000440157631088334,3.82362153509944e-06,0.0537887378088191,2
"20110",0.008589383294051,0.554766024595894,8.81184672329654e-07,0.28417885507219,0.152464855853193,2
"20112",0.950968648608688,0.0299332690349826,9.23110377924303e-08,0.0190453609549257,5.26290903660805e-05,1
"20114",0.802458026049078,0.0606408721785196,4.88026885251742e-06,0.00191292405916475,0.134983297444385,1
"20116",0.965022795791625,0.00681879615249676,6.83655473225871e-05,1.2472237560693e-05,0.0280775702709951,1
"20118",0.0768094318077902,0.776956594629652,6.64383473818457e-06,0.000415778074983024,0.145811551652836,2
"20120",0.961452506112633,0.00983676661544662,5.14216778868991e-09,0.0274595499442543,0.00125117218549781,1
"20122",8.31837166301164e-06,0.0010292218000821,2.37265608659424e-05,6.2053227921884e-08,0.998938671214161,5
"20124",0.99765035913232,5.04729818288144e-05,2.59424157765849e-07,0.00229890224900054,6.2126925949784e-09,1
"20126",0.0100407936374271,8.57466111198285e-06,2.47620697522744e-07,0.989950057844448,3.26236315192298e-07,4
"20128",0.260944442315605,2.84525681596219e-07,4.96476224592656e-09,0.739055264903837,3.29011412601271e-09,4
"20141",0.000177013260116615,0.801465786172829,0.000219895753135057,0.0326618985747129,0.165475406239206,2
"20143",2.14485136526079e-07,2.60507328171319e-05,1.78758963557509e-05,2.09228748684032e-08,0.999955837962816,5
"20145",0.981033442002526,0.0141968352505843,5.02284187562942e-09,0.00475455670908763,1.51610149597781e-05,1
"20147",0.997207105728843,0.00262134613513791,4.42676326447707e-08,0.000160184152235445,1.1319716151037e-05,1
"20149",1.16498426435912e-06,0.000935082201688607,1.46190526445182e-05,1.33848103911343e-07,0.999048999913299,5
"20151",0.000632790202218742,0.840870643299402,1.19634716458877e-05,1.11017600755836e-05,0.158473501266658,2
"20153",0.00187640556864566,0.299221423310431,1.58424899963933e-07,0.0112778971823929,0.68762411551363,5
"20155",0.999246642901672,0.000514210741363056,1.09109373154218e-07,0.000238325358500118,7.11889091333622e-07,1
"20157",0.000200299567247349,0.266365144847437,7.5166331174779e-06,1.98493115184064e-05,0.73340718964068,5
"20160",4.31235341839079e-07,4.0127930291615e-05,2.96128228053925e-06,4.66267352989321e-08,0.999956432925351,5
"20162",4.23249897937489e-07,0.00205730977548965,1.45977755705883e-05,4.20525128516924e-08,0.997927627146529,5
"20164",0.000157662675313748,0.047799560997114,7.09554585206192e-06,4.07034986660312e-05,0.951994977283054,5
"20166",0.998460868882395,0.000147690060401,0.000244437050152201,1.02885892939589e-05,0.00113671541775823,1
"20168",0.00407109788731772,4.97177036943528e-05,0.994908438953889,8.33228755797252e-07,0.000969912226343474,3
"20170",0.000344640193728137,0.529122476559676,4.7984116634118e-06,7.1109885640542e-05,0.470456974949292,2
"20172",0.993198724151545,0.00551957376093836,7.06016219811819e-08,0.00128150090863981,1.3057725441041e-07,1
"20174",1.46072857451354e-05,0.377114089323257,0.217563121481748,1.3340410892506e-07,0.405308048505141,5
"20176",0.000256727531074619,0.00015875704949262,0.99957323980476,6.30085686959003e-08,1.12126061042833e-05,3
"20178",5.19361384201825e-07,2.53945093655147e-05,1.55906123053176e-06,9.87289939628823e-08,0.999972428339026,5
"20181",0.994872637846464,0.000187056119506677,2.25305457868911e-06,1.31662091086869e-05,0.00492488677034231,1
"20183",0.00383401861088772,0.995193064313773,6.99919600200492e-06,0.000937341200785031,2.85766785522893e-05,2
"20186",0.0190265890636103,0.974068831407904,0.00334519246409175,0.00355867779607085,7.09268323131821e-07,2
"20188",4.43346305576372e-07,0.000225014977411418,1.93223523319655e-06,9.68011497944695e-08,0.9997725126399,5
"20190",0.999897794536127,7.63646098786579e-05,5.8365417215738e-08,2.51085104589619e-05,6.73978118503079e-07,1
"20193",0.00378885460528988,0.000554499817022337,0.0459286245312665,4.14322025695264e-06,0.949723877826164,5
"20195",0.00202941316964268,0.170163774801229,7.05713065957209e-06,3.9641982781512e-05,0.827760112915687,5
"20197",0.995592083083957,0.00388846065668471,1.66371447822591e-07,0.00051908921280776,2.006751022482e-07,1
"20199",7.640631230705e-06,0.0458341996895827,2.93299498241703e-06,9.21716240798702e-06,0.954146009521796,5
"20205",0.000311677728184076,5.81353118129105e-05,4.81666533285192e-10,0.999630173918377,1.25599595168798e-08,4
"20208",0.00277203658379556,0.968195285972535,7.73400382115421e-05,1.92269842171269e-05,0.0289361104212411,2
"20210",1.49113001103554e-06,0.00675990281843018,6.3584923239668e-06,1.81768042081692e-07,0.993232065791193,5
"20212",0.000184586069343416,0.0921572822686219,1.15288143772546e-05,7.6521853767633e-06,0.907638950662281,5
"20216",0.996789916230337,0.00301952188855794,5.48107657004601e-07,7.78519901623743e-05,0.000112161783285608,1
"20219",0.397112724168218,0.0142759934737987,1.28642253326092e-08,0.588495545507763,0.000115723985995184,4
"20223",0.997676901896973,2.41771457477531e-05,0.00194415986901265,0.000354758874327667,2.21393845734827e-09,1
"20226",0.0572178180135593,0.933938605857726,3.92768819473941e-06,0.00634121849938474,0.00249842994113495,2
"20230",0.999859858632601,3.16139526571226e-05,4.54137355550342e-08,0.000108391863374141,9.01376321135163e-08,1
"20233",5.06168154204716e-06,0.00345032277567602,1.48461319689818e-06,0.996498640427084,4.44905025008574e-05,4
"20235",0.963532105075714,0.000743750698373718,0.000195980601751227,0.0355281504105434,1.32136173767487e-08,1
"20239",0.973494223739464,0.0221703325383685,0.00341373125683374,0.000918769747410633,2.94271792307969e-06,1
"20254",0.00828411064782705,6.35294424462394e-06,2.08967720248602e-11,0.991709523670196,1.27168350865522e-08,4
"20256",0.999551975334783,0.000146310425419921,5.88672181132155e-07,0.000301112101719962,1.34658956045933e-08,1
"20262",0.000129809168460014,0.202327990034538,4.88581377158262e-06,5.52461970021422e-06,0.797531790363531,5
"20270",0.968750984473167,0.0212549361511497,0.00337480271791878,3.49679348448054e-05,0.00658430872292027,1
"20284",0.0117015840212081,0.679551221020935,7.86460733537167e-07,0.308691108723436,5.52997736878021e-05,2
"20287",0.999830355846774,2.80721849226066e-06,1.8539440565904e-07,0.000166649618750416,1.92157725068801e-09,1
"20290",0.00297361414682637,0.00457397927522016,1.16086634128272e-09,0.992408107486846,4.42979302410623e-05,4
"20293",0.93053321786782,0.0670505002687458,1.87792049028482e-06,0.00238480006156011,2.96038813840591e-05,1
"20296",0.00881412078566905,0.212710808721676,0.0187096808578164,2.65709738323514e-07,0.759765123925101,5
"20301",0.999386416605332,1.81106091762877e-06,7.66477159827609e-08,0.000601342190327047,1.03534957071218e-05,1
"20304",0.00974820593803558,6.44212800272363e-05,4.08157241959135e-10,0.990187038134315,3.34239464621911e-07,4
"20306",0.99776715285564,5.87718562873119e-05,5.44421900874824e-08,0.00217401698125531,3.86462681206871e-09,1
"20309",0.538819850650924,0.455311168830969,3.00780631039659e-06,0.0055591956760596,0.000306777035737525,1
"20311",0.991062521162985,0.00725869081634933,2.7053412373604e-06,0.00108305757062021,0.00059302510880858,1
"20314",0.00365330890068597,0.945628347591158,1.59495543031679e-06,9.90649623772869e-05,0.0506176835903488,2
"20318",2.63662885842445e-05,9.30669121558192e-05,1.8848625035655e-05,2.17940685208792e-07,0.999861500233539,5
"20320",0.00252099202815164,0.987660658977074,4.26097005062495e-05,0.00590266424998128,0.00387307504428728,2
"20326",0.00504727791977687,0.878336590461507,3.82250307846848e-06,0.000227909271056921,0.116384399844581,2
"20328",0.00129515050064735,0.996398354676534,1.08563968464029e-05,0.00226723115925903,2.840726671319e-05,2
"20330",0.960068397855424,0.00789806181721977,6.40446983288713e-06,0.0320220698793182,5.0659782054428e-06,1
"20336",0.0194266132839524,0.055471365210952,3.21084045761083e-08,0.925099213208307,2.77618838402618e-06,4
"20338",0.0253447403815462,0.0029424191527272,1.20177779812728e-08,0.971545392155128,0.000167436292820915,4
"20340",0.999483965367731,1.26248397783626e-05,9.93849754615728e-08,0.000503263327616505,4.70798991413863e-08,1
"20342",0.000738030088317719,0.000330570394205486,5.84296155787666e-05,0.998669014797275,0.000203955104623285,4
"20344",0.996273809525388,0.00304566112515778,5.78550619437238e-07,0.000678941834002623,1.00896483231609e-06,1
"20349",0.999737455417844,8.6378938722589e-05,2.84570333652743e-07,0.000175870176280228,1.08968196247177e-08,1
"20351",0.910213778019026,0.073526932174807,1.86671454070001e-06,0.015322491239491,0.00093493185213515,1
"20353",0.911656388229614,0.0026204352461458,7.02559225348709e-08,0.0857229289524044,1.773159130182e-07,1
"20357",0.00165855472364948,3.69287456633996e-05,4.79409542957965e-10,0.998304515156443,8.94834839604617e-10,4
"20360",0.0238030909086114,0.00131162186967641,0.000842484415597634,0.9740405412291,2.26157701467809e-06,4
"20364",0.910922918511886,0.0845972642305988,9.04790067198803e-08,0.00445362762611236,2.60991523963168e-05,1
"20366",0.0018767714451795,0.012592154112768,2.36319581463953e-08,0.985503973181395,2.70776286987951e-05,4
"20381",2.78761431604316e-06,0.00362287216919037,0.972612810723045,4.53321692866475e-07,0.0237610761717553,3
"20391",0.405987845120531,0.184358264231145,0.370273222403806,0.039380466705915,2.01538603339577e-07,1
"20394",0.000219742225783575,0.995231937665043,0.00284856166478237,5.53714056307269e-06,0.00169422130382777,2
"20396",2.10403911884471e-06,0.164211840637274,0.812221027671391,6.34921728868285e-08,0.0235649641600428,3
"20409",0.559727803944521,0.174711998156402,1.29067205083725e-05,0.00107971556809078,0.264467575610478,1
"20411",0.896109706971612,0.00106862527913133,2.1068022648056e-08,0.102821639640112,7.04112237469435e-09,1
"20416",0.0559498689328328,3.79317247082582e-07,5.56899767970898e-10,0.944049751099606,9.34141912246951e-11,4
"20418",1.71544470837407e-06,0.0881221693179649,0.809966816641453,3.13381651715015e-08,0.101909267257709,3
"20420",5.10198577827671e-05,0.0312774519323212,1.70637983601114e-06,0.968267808727656,0.000402013102403474,4
"20422",0.998267222513676,0.00117538952659218,9.54180884912216e-08,0.00049835423822329,5.89383034199771e-05,1
"20424",0.9543947802959,0.000833428655166665,9.96392247952208e-09,0.0447717623601267,1.87248845255971e-08,1
"20426",1.09511314013237e-05,2.18431870255699e-05,1.41958276673458e-09,0.999834456458727,0.00013274780326368,4
"20428",0.899627332886606,0.0973840954315075,0.00292749896038161,3.62059060544873e-05,2.48668154507439e-05,1
"20431",0.0384681272622756,0.831257477980156,3.79578850934506e-06,0.00863515866473958,0.12163544030432,2
"20433",0.999752641657731,1.00605774556649e-05,0.000212993923677416,2.42816219659295e-05,2.22191699879779e-08,1
"20436",0.0106970769940345,0.000116732571740637,0.989170483806437,4.68187543343364e-07,1.52384402448419e-05,3
"20439",8.23541009714114e-06,0.317213032876195,0.323753248752976,1.02470274669723e-07,0.359025380490457,5
"20441",0.00140736282682368,0.00025473110079456,1.09746629939539e-09,0.998337590273898,3.14701017705314e-07,4
"20444",2.44255249486009e-07,0.00012264199642586,5.25040637471907e-06,2.86760138540643e-08,0.999871834665936,5
"20448",0.0162723203788507,0.61465467435656,0.000425193757153018,0.00196154209413703,0.366686269413299,2
"20536",0.000285579542456815,0.293148028834843,0.706532846884792,1.37244354972828e-06,3.21722943583916e-05,3
"20538",0.291800444309491,0.103284263961167,1.76404415778433e-05,0.604889972072593,7.67921517096094e-06,4
"20541",0.945026656389956,2.91504061776374e-05,2.71856134619969e-10,0.0549441811272881,1.18047220293424e-08,1
"20544",0.218407496433404,0.771976613689452,6.24089600225509e-06,0.00106172555088393,0.00854792343025839,2
"20546",0.990252748884543,0.00293988811911089,2.12566087095072e-08,0.00680730903268948,3.2707048184929e-08,1
"20550",0.388388595214433,0.574473738399385,8.07659977829597e-05,0.0321607583205271,0.00489614206787223,2
"20553",0.0409451221438424,5.51499659495131e-08,3.00271473457098e-09,0.959054467152481,3.52550995937966e-07,4
"20555",1.54790283620897e-05,0.00340972084832259,7.65917184789324e-07,0.996573768926727,2.65279403035086e-07,4
"20557",0.181284005798109,0.574523725806275,5.79281453521686e-07,0.240266449584951,0.0039252395292114,2
"20559",0.999296958834623,0.000622967827628981,1.05810940202878e-08,7.65361715979544e-05,3.52658505642206e-06,1
"20561",0.00142712535736848,0.553830583269117,1.03924728004492e-05,7.17913202737631e-05,0.44466010758044,2
"20564",5.19361384201825e-07,2.53945093655147e-05,1.55906123053176e-06,9.87289939628823e-08,0.999972428339026,5
"20566",0.863568649320454,0.136163960252201,8.3482156039577e-05,1.64506775828251e-05,0.000167457593723089,1
"20569",3.83745778887337e-05,0.686064267241582,0.00108069774416667,7.55237382205314e-07,0.31281590519898,2
"20572",1.02348870436604e-05,0.0286004875570741,0.000776267643368254,5.38539048343788e-08,0.970612956058609,5
"20574",0.997256083520378,0.000472678771981623,1.89742710889154e-09,0.00226574730825513,5.4885019581588e-06,1
"20576",2.96219227057355e-06,0.000158578674972611,1.04426190917785e-06,2.33198858033745e-07,0.99983718167199,5
"20578",0.76374460066683,0.227589621261308,2.50810502657523e-06,0.00089763943588321,0.00776563053095245,1
"20580",0.793653655541909,0.206075812812265,3.03967931333866e-05,8.08193233218708e-05,0.000159315529370384,1
"20583",2.25351059535392e-06,8.74209833472833e-05,1.06204291204225e-06,1.90260203171382e-07,0.999909073202942,5
"20586",0.867102755602146,0.13097818336827,2.00997990713093e-06,0.00190769849633283,9.35255334414646e-06,1
"20589",0.999703074631393,9.47284558167274e-05,2.31752670676943e-07,0.000201962903943972,2.25617546122709e-09,1
"20591",0.004971285027397,0.82269081760827,6.08219478827887e-05,0.172256648409888,2.0427006561972e-05,2
"20593",0.999919385154692,6.94650108353514e-07,2.01411643182537e-08,7.9878127587976e-05,2.19264474019752e-08,1
"20595",0.994102498751327,0.00546207679009069,1.10963934227806e-07,0.000340105235692387,9.52082589557739e-05,1
"20597",2.61293984263384e-07,0.00110299131108031,0.998883432814373,4.63196797700673e-09,1.33099485952645e-05,3
"20599",6.17023980210338e-07,3.38635816100382e-05,2.46495642495503e-06,4.79529531476691e-08,0.999963006485032,5
"20601",0.000388806679454828,0.999041512377399,7.91706090673879e-06,5.80988201565484e-05,0.000503665062082867,2
"20604",0.999899454862971,2.22438636250614e-05,6.04358575839569e-09,7.66130842957599e-05,1.68214552239682e-06,1
"20606",0.999882287838465,2.8000438749682e-05,8.82284266353654e-09,8.96592935177654e-05,4.36064249266757e-08,1
"20608",0.99880594622102,0.00117474441633122,2.66203736555679e-06,1.61664632090501e-05,4.80862074558253e-07,1
"20610",1.67108369932678e-05,0.00115203446561512,1.68943819522977e-06,1.28077004561043e-06,0.998828284489151,5
"20612",0.258111885981935,0.00287503862369227,0.610527196320195,0.1269609969487,0.00152488212547868,3
"20614",2.11646887546368e-06,0.00525919250008509,1.49519177124209e-06,7.50268720436977e-07,0.994736445570548,5
"20616",0.00749987859725798,0.990783140765024,8.2285873752453e-05,0.000154212691766904,0.00148048207219848,2
"20618",0.000368327399473674,0.00206660693899324,5.35924850089748e-09,0.997535976165245,2.90841370390579e-05,4
"20620",0.998862095646288,0.000972127316207021,6.25713438540112e-05,5.16047502040285e-05,5.16009434465476e-05,1
"20622",8.20342147470902e-06,0.000389927464238319,5.94854224238038e-07,2.99094272268985e-07,0.99960097516579,5
"20624",0.975000357230424,0.000989768052922513,6.80040607623651e-08,0.0240096879630527,1.18749540168529e-07,1
"20626",0.759122199734811,0.0237352340441049,0.21551526361667,2.78536060930538e-06,0.00162451724380419,1
"20628",0.318998258603734,0.441043233177273,0.238571146592221,0.000432121739096379,0.000955239887675001,2
"20630",0.850582392962275,0.131023761244927,7.90998789447381e-06,0.000446589363185611,0.0179393464417176,1
"20632",2.48433901108823e-07,0.00452482595554525,0.00116597156339154,1.155598541378e-08,0.994308942491177,5
"20634",0.999890381842091,4.76440483497218e-05,1.86822652428399e-08,6.19222730174607e-05,3.31542763249751e-08,1
"20637",0.0122353951152754,6.93796828005774e-05,3.06514674168587e-11,0.98768170176366,1.35234076122676e-05,4
"20639",2.26811484551714e-05,0.220058067071724,7.53757618869683e-06,5.79759483313114e-06,0.779905916608799,5
"20644",0.416840657998898,3.05075610862173e-07,1.06558866987073e-05,0.583148347423145,3.36156470857808e-08,4
"20646",0.976148089848496,0.000349983466426376,0.00204091776155738,0.0214489746640363,1.2034259484557e-05,1
"20648",0.000211619668239994,0.979633384890206,2.75360079346991e-06,5.64501049365866e-05,0.0200957917358238,2
"20650",0.751895944243474,0.000332088007768217,5.01185805303202e-08,0.247771835420974,8.22092026556593e-08,1
"20653",0.000502500403211677,0.994107575961569,0.000150268497446072,0.000659133000581528,0.00458052213719188,2
"20658",0.999541390197661,0.000219889151551433,0.000231057453336178,7.62101440745139e-06,4.21830437182174e-08,1
"20661",0.0579512164664672,0.0111526258212692,0.000190478702075473,0.930702323305175,3.35570501365887e-06,4
"20663",0.496910056806021,0.501271656384656,5.61319303841778e-06,0.00179936895692725,1.33046593574679e-05,2
"20665",4.1801176670363e-06,3.85553641735717e-05,7.04421608475246e-05,1.43487120739993e-08,0.9998868080086,5
"20667",0.0285312507243264,0.942762337357064,0.027546331968384,0.000788389996898435,0.000371689953327393,2
"20669",1.50422396872157e-06,0.0273429520716605,0.97221976071558,1.38096811332457e-07,0.000435644891979753,3
"20671",0.198547714886165,0.00383917319494492,7.28295180667102e-10,0.79747431141098,0.000138799779615815,4
"20673",1.49994028505706e-07,0.000957310793165849,0.998979677287994,2.20250423125288e-09,6.28597223073951e-05,3
"20675",0.0091583592102821,0.742669636375461,0.248113243759321,1.12513086325937e-05,4.75093463031454e-05,2
"20677",0.472718245545116,0.526188512763102,0.000780999653249915,0.000302301875946311,9.94016258639408e-06,2
"20679",4.51299582071024e-07,0.03087294982446,0.967596053739127,6.32659440087085e-08,0.0015304818708868,3
"20681",0.000118017135208147,0.927476400272821,0.0723497497474002,6.40810433218998e-06,4.94247402388467e-05,2
"20683",0.35616780254869,0.638795886413905,0.00491046768030383,0.000102230332299342,2.36130248027275e-05,2
"20685",1.81788797908691e-05,0.0194481164754968,2.70968709161685e-06,0.980440772046357,9.02229112637404e-05,4
"20687",6.99389168488975e-06,0.0487578876256235,3.77909641020489e-06,1.77555399252226e-06,0.951229563832289,5
"20689",0.233135527426045,5.70598988003004e-06,2.98926732195635e-05,0.766828843551653,3.03592025822469e-08,4
"20691",5.35298928223667e-07,0.000190640400203014,1.02075211681914e-06,1.01237151510941e-07,0.9998077023116,5
"20693",0.998731910598392,3.35805786941457e-05,9.49797856389132e-08,0.00123440930347093,4.53965722192355e-09,1
"20695",0.000215823842944995,0.994330039145378,3.36979791437801e-05,1.66019042500533e-05,0.00540383712828316,2
"20697",0.999381694681022,0.000208816211722464,1.98578497522847e-09,0.000355866355775732,5.36207656944961e-05,1
"20699",0.322499596996969,0.658302247062715,0.0189595881072214,9.3967144757316e-06,0.000229171118618943,2
"20701",0.901124912578853,0.097776841009788,0.000875813128949919,0.000221770180232861,6.63102176596332e-07,1
"20703",1.78465036398054e-05,0.026487330966461,0.972291915523179,0.00101460881539811,0.000188298191322541,3
"20705",0.9924261435231,0.00328158495758774,1.34915691948672e-07,0.00429192033533172,2.16268288494263e-07,1
"20707",0.00356049549677733,0.996165771055802,7.15895943310612e-06,0.000245674005775157,2.0900482212572e-05,2
"20709",0.0291121170920534,0.0584370654460944,0.000423040096352714,7.4379066238791e-06,0.912020339458876,5
"20713",8.938901393332e-05,0.958604199388829,0.000246845120706135,0.0107752403548366,0.030284326121695,2
"20715",0.863227605734566,1.83697053201616e-05,6.48224151031402e-07,0.113781121829776,0.0229722545061876,1
"20717",0.000107812583211251,0.999621251000557,6.6393739527936e-05,2.09728578194279e-05,0.000183569818884546,2
"20720",0.985442551241016,0.0142060172901324,1.1976631711721e-05,0.000319191363443541,2.02634736969243e-05,1
"20722",0.976968129719927,0.0229597787090717,1.20333218904801e-06,6.84623550417681e-05,2.4258837703221e-06,1
"20724",3.7326956213383e-05,0.790969947382373,3.82082137903925e-05,5.09408625880056e-06,0.208949423361364,2
"20726",0.998957950738231,4.20861549957213e-05,1.59477711861535e-07,0.000999800938825612,2.69023626652037e-09,1
"20728",3.23384128081858e-05,0.988548868295543,0.0111754183693489,2.9865494635434e-06,0.000240388372836371,2
"20730",0.000759721243509234,0.598337000620732,8.15132022562225e-06,4.62897276037154e-05,0.400848837087929,2
"20732",0.495046857617904,0.362151708350439,0.0399932083657685,0.102685662856994,0.000122562808893623,1
"20734",0.260910555767028,0.737926133060493,6.89963911584459e-06,0.00111925323497058,3.71582983922774e-05,2
"20736",2.37428101994671e-05,0.103423181989363,3.83379820235236e-05,5.29463892082788e-07,0.896514207754522,5
"20738",0.580824790982934,0.0123567669523921,0.0044403289515217,0.0743994477543853,0.327978665358766,1
"20740",0.606976931994912,0.0711801825360811,0.0003986850236239,0.321444166151156,3.42942275556027e-08,1
"20742",8.2945392575229e-05,0.998684689997549,2.84771208473681e-05,0.000993332482249629,0.00021055500677912,2
"20744",2.0054645353283e-06,0.0159789378316771,0.0121226192959482,1.18518979703461e-08,0.971896425555941,5
"20746",0.0554061512819757,0.944342120972499,0.000109976135542522,7.34680058650531e-05,6.82836041179785e-05,2
"20748",3.62076228276039e-05,0.709221156814036,1.8037635008351e-05,1.94248698599763e-05,0.290705173058269,2
"20750",0.000412983778805072,0.315582508364779,0.0002605965436587,9.87381808350142e-07,0.683742923930949,5
"20752",0.959839519343002,0.0393643897415704,1.66116243496501e-06,0.000793919721590628,5.10031401724358e-07,1
"20754",3.11949030951413e-07,0.000399843811331446,0.999587379708123,1.75495231400283e-09,1.2462776562394e-05,3
"20756",0.0776973657388967,0.657006801024681,2.63653483602241e-05,0.000186982642780516,0.265082485245281,2
"20758",0.0100658637394604,0.0030847240180284,0.979932346338074,4.58096777238097e-07,0.00691660780765988,3
"20760",1.39144842698137e-05,0.792034573325614,0.00402617844508539,3.48840291885639e-07,0.203924984904739,2
"20762",6.49609596777476e-07,0.00164521121951371,0.998350465817134,1.49321989044294e-08,3.65842155666291e-06,3
"20764",4.65310194184803e-06,0.237222407308407,0.00122015342554578,2.26478004629374e-06,0.761550521384059,5
"20766",1.92554428822015e-05,0.911763062660243,0.000101089712158673,3.088180601343e-06,0.088113504004115,2
"20768",0.000458560470718705,0.179214801057163,4.73324618411613e-06,1.66981878870591e-05,0.820305207038047,5
"20770",0.00682013995847761,0.0884087690269497,0.904717551844172,1.60049460137775e-06,5.19386757994721e-05,3
"20772",0.999947528735551,4.15375718420986e-05,7.07484434300857e-08,1.03889751052464e-05,4.73969057841995e-07,1
"20774",0.999095224528314,1.26643517801064e-06,1.43887325863274e-05,0.00088911795421182,2.34971026592725e-09,1
"20776",0.000613028876495106,0.998662820125929,1.21897782641741e-05,0.000691005173144017,2.0956046167932e-05,2
"20778",0.268628383826243,3.17047313348495e-07,2.47069286395736e-09,0.731371230633009,6.60227416210658e-08,4
"20780",2.2696272716732e-07,2.42791555964417e-05,0.999958505671107,6.99077988862576e-10,1.69875114910706e-05,3
"20782",1.2228562655153e-07,0.000618181792252219,0.999267800577951,3.69343079702772e-09,0.000113891650739581,3
"20784",1.77349216559986e-06,0.00237388245788002,0.997621515496042,2.25994887347818e-08,2.80595442361301e-06,3
"20786",1.72196942661393e-06,0.000235143742944248,0.0247742493808819,5.9542978701246e-09,0.974988878952449,5
"20788",0.00688336046763648,0.992424288750744,1.6410185215234e-06,0.000635190569284223,5.55191938142371e-05,2
"20790",3.79936116520831e-05,0.59354077425514,0.312498256976013,1.48378977398344e-07,0.0939228267782177,2
"20792",0.0188924862336238,0.570927186636701,4.00663833912878e-06,0.00127887036608989,0.408897450125246,2
"20794",1.46092961068831e-05,0.303549645804555,0.180842654566344,6.61782201023906e-08,0.515593024154775,5
"20796",0.996703787241803,0.00066060303762595,1.57749035255929e-08,0.00263556654647188,2.7399195332205e-08,1
"20798",5.19361384201825e-07,2.53945093655147e-05,1.55906123053176e-06,9.87289939628823e-08,0.999972428339026,5
"20801",1.31535579868256e-05,0.000819695090670094,7.51931017689806e-06,8.29902565515968e-07,0.999158802138601,5
"20803",0.0183785383891096,0.97943762760952,1.69649531961318e-05,0.00215565164248293,1.12174056912925e-05,2
"20805",0.224831724268715,0.774449204314257,1.31643180071712e-05,0.000653910082401061,5.19970166196872e-05,2
"20807",5.19361384201825e-07,2.53945093655147e-05,1.55906123053176e-06,9.87289939628823e-08,0.999972428339026,5
"20809",0.000961836390145789,0.996334921086479,0.0010196130940005,0.00069858004395014,0.000985049385424342,2
"20811",0.00692241188620945,0.0246695790418728,6.80428881939472e-06,0.00162389542450142,0.966777309358597,5
"20813",0.383110011605342,0.551994401612666,0.000432169175149082,0.00249668885685003,0.0619667287499929,2
"20815",3.86954482953055e-07,0.000224020131164441,0.231649449730406,7.34635515545608e-09,0.768126135837592,5
"20817",6.31154834146654e-05,0.972698398133351,7.37175339262433e-06,2.89221065034434e-05,0.0272021925233384,2
"20819",0.23546114787018,0.760127162101447,1.52348546476636e-05,0.00439493785556962,1.51731815542739e-06,2
"20821",0.435015581699852,0.000468249344298986,0.560917948447758,0.000263147481959376,0.00333507302613192,3
"20823",0.0906730713362818,0.897883492336069,7.0535485719508e-06,0.00255770847263663,0.00887867430644076,2
"20825",1.34265630977906e-05,0.930750447102978,0.000538704645726204,1.14154891904282e-06,0.0686962801392784,2
"20827",0.000142302899471821,0.169209085954798,1.2107303148654e-05,0.00012127903733422,0.830515224805247,5
"20829",0.997270753222683,0.00147542965877277,1.61228919435024e-05,0.00122558811566245,1.21061109383848e-05,1
"20831",5.22684379948722e-05,0.942294974330764,5.8665478673755e-05,7.11447280434629e-06,0.057586977279763,2
