"","V1","V2","V3","V4","V5","V6","V7","best$classification"
"19812",8.14867661860315e-22,0.000255473526581023,0.000510409457512125,0.00281927185836027,0.920317671875239,0.000124599302513768,0.0759725739797935,5
"19814",0.000318833685051548,2.82612227470376e-06,2.26372166921016e-08,0.00120204177493156,0.106112994802983,3.24029553551092e-07,0.892362956947989,7
"19816",4.81002413278326e-22,0.781089691553922,8.45002177988418e-12,0.00112638753084081,0.217783516369282,4.04537251236918e-07,2.53777654039917e-13,2
"19818",1.8167303374091e-06,0.00190120201773265,2.67574461437696e-08,0.00468481053711464,0.990305388960392,6.21616875448105e-06,0.00310053882822289,5
"19820",2.61713622661745e-54,0.995593184089936,1.74624825925829e-08,0.0043844557951018,2.23426524797561e-05,2.64415334074285e-29,7.71938354580561e-67,2
"19822",8.36931410367343e-45,0.00119370124241421,0.00747837675719806,0.991327309023392,6.12976995538306e-07,2.88365967567565e-30,6.07030748816628e-75,4
"19824",1.45335121041148e-16,0.0402628311745515,1.22529127343534e-08,0.958779119916409,0.000958036655810307,3.16867347636846e-13,2.86146961896305e-37,4
"19826",2.4315892355946e-14,8.62105296812495e-07,4.52940668113856e-09,0.0237487964746017,0.909831928169177,0.0650137968761417,0.00140461184535128,5
"19828",4.03857989285362e-28,0.977902839476753,2.50151476738513e-07,0.0170548032226795,0.00504210714909096,2.72523814002319e-20,6.31428227039816e-32,2
"19830",3.38756470406743e-16,2.37195978680844e-14,0.00639346301657303,0.0304096327516198,0.954375243064669,0.00765263832221258,0.00116902284490139,5
"19832",1.20712097628082e-44,0.00032477006871189,0.860359756723066,0.0184637120114215,0.120851761186538,5.48311883308338e-22,1.02627168708143e-11,3
"19834",1.03527315579951e-23,0.266875954190444,9.23839122793089e-07,0.0526779693798876,0.680445152590545,2.77911297024257e-17,3.22379468817722e-17,5
"19836",5.3226421796019e-35,1.07664131282378e-05,2.61624746528671e-05,0.00491784310209479,0.955083005470131,0.0399621838073012,3.87326920507302e-08,5
"19838",2.80598408559382e-10,1.14662412001836e-13,6.4152812110725e-06,5.8032947733279e-05,0.0121585661160666,3.87675028227848e-08,0.987776946606773,7
"19840",2.8274352470344e-31,0.0582926679086825,3.89249441380867e-13,0.00691929068145646,0.934786027990405,2.01341875635796e-06,3.10354433472864e-13,5
"19842",2.72562831921955e-20,2.37519487187263e-29,2.53610902882232e-09,0.000491041589770596,3.9654016696799e-06,0.999504990374628,9.78231084053464e-11,6
"19844",0.965041419760108,2.82971136351494e-20,2.89388931656150e-11,0.0349585802000336,6.68161758958011e-16,1.09188653810121e-11,7.92270361839881e-36,1
"19846",0.0233503822795904,3.9240492012122e-21,6.23464039637425e-09,0.000143054722958184,0.000304639694853302,0.0431303029847865,0.933071614083171,7
"19848",0.914308759572722,6.59378388527301e-18,6.41381882247154e-08,0.000224747489446275,0.00213734920469403,0.0110913682058096,0.0722377113891402,1
"19850",0.000916359823071047,9.80420742226443e-13,2.1226942461284e-08,0.013594473666427,0.00602026500021226,6.46548538350291e-08,0.979468815627513,7
"19852",3.11821059324508e-11,0.154943793321314,1.08883461660188e-07,0.00206877930604371,0.842985072221356,1.7762791948068e-07,2.06860872342413e-06,5
"19854",0.867071615503169,3.25653111751857e-16,7.47139956569403e-07,0.000758274953383462,0.0167815315564477,0.035824949892934,0.0795628809541086,1
"19856",0.00234385076129449,2.12508335959835e-16,2.54235804345735e-08,0.99762293815838,3.317425620415e-05,1.14005407350714e-08,1.47563390904649e-18,4
"19858",6.18530097768635e-05,2.94902013121638e-08,1.73354659396468e-06,0.99993380915276,2.57480066723133e-06,3.80098840749087e-16,6.42600781154252e-24,4
"19860",4.85672336129846e-18,0.152603477770444,2.02271736384083e-09,0.00431708766490179,0.842879228548859,2.90527108142556e-07,0.00019991346597013,5
"19862",9.56718599158853e-12,3.98649039633995e-24,6.98661308744286e-09,2.67814739675482e-05,5.46552533308453e-05,0.00369940015697069,0.996219156119551,7
"19864",6.44860700694358e-43,6.17253351058934e-28,3.39157187130752e-07,0.00649182574880816,1.31723858473675e-14,0.993507835093992,8.34518860991005e-56,6
"19866",5.36354397894073e-36,0.00369048842559398,4.75964685196419e-11,0.10367563545659,0.892406682924192,0.000227193146028191,1.99138946925751e-27,5
"19868",3.93788252132088e-49,3.34624715509996e-30,0.99999862123584,1.37876415986946e-06,2.98022262874197e-19,1.77526874755238e-36,4.13001582652074e-66,3
"19870",1.1473187859512e-08,2.64803128158523e-11,3.11214825188163e-07,0.00148158924240606,0.222317316132734,0.145523520697043,0.630677251213323,7
"19873",2.08981867618178e-12,3.87019855445635e-05,3.7591940277083e-10,0.0209053701537555,0.960317623948951,0.0185068350052449,0.000231468528494457,5
"19875",9.64667410053108e-38,0.954374886459229,1.69944208299973e-08,0.00610561265470549,0.0395194838916446,4.02506412421746e-18,2.07501224865162e-20,2
"19877",2.3593810318475e-07,4.5829077116262e-06,4.45094356157186e-06,0.0044907937514938,0.906088650262043,0.00390457193905502,0.0855067142580321,5
"19879",2.47287421552063e-09,0.000443280963856303,1.51922129390572e-05,0.00563228811697859,0.99390112437334,8.11175717092422e-06,1.02840383016561e-10,5
"19881",2.12900789568896e-10,1.94413222878219e-09,1.12188841768379e-07,0.0458733370854779,0.912921811399724,0.0411341603161096,7.05768528140244e-05,5
"19883",5.21415715377989e-15,5.54048597154656e-12,5.35818764980849e-10,0.00479580508710882,0.0774309208234092,0.91738195506341,0.000391318484707486,6
"19899",2.75438854659906e-31,3.96222075073012e-06,1.37393987984596e-05,0.0394422107584388,0.960539558384868,5.29237141774276e-07,2.34975140211051e-15,5
"19908",2.29651626295942e-39,1.43901070150699e-19,1.7327436117936e-07,0.999999824062047,2.62836552580310e-09,3.52260480566788e-11,2.40464914263781e-60,4
"19910",6.57690071981403e-10,0.0190060472895375,1.95035345476039e-07,0.00204919963872466,0.978115503583131,0.000820517018353811,8.5367772179951e-06,5
"19912",4.54674724026384e-13,7.26643943513574e-27,1.47535690810693e-09,0.00234735564475468,0.000295142838907468,0.997334080618121,2.34194224054085e-05,6
"19914",4.16570247778941e-12,0.000522197093617263,0.00012621115136024,0.0156423712435731,0.983708902003283,3.1652844329883e-07,1.97555767870071e-09,5
"19916",5.14727075164001e-31,1.73224480825715e-08,2.75943064956079e-08,0.999999448660997,4.10942173601997e-07,9.54800749927029e-08,2.04637449885916e-50,4
"19918",0.0623411281419818,3.58720628842978e-11,2.95254895445918e-10,0.00319058491107217,0.0467324470740277,0.0720260055042096,0.815709834037582,7
"19920",0.995930359673004,2.34709710496986e-15,6.57539453270181e-12,0.00136380216927599,0.00028550928848736,0.00014976565079525,0.00227056321185916,1
"19922",1.12404784947959e-41,1.35464591081978e-08,0.9999942407836,2.5026938485303e-06,3.2429760911207e-06,1.24393270788231e-21,5.82528974533081e-16,3
"19924",0.00621335294307887,8.10242404240769e-06,6.11502203047752e-08,0.0110313705621634,0.980049555511692,0.00147555037156698,0.00122200703723641,5
"19926",2.00881078740858e-37,7.13270528292248e-07,0.00940416919444322,0.0235499946727869,0.966968723221781,7.63996404608719e-05,4.84748444813104e-17,5
"19928",1.10636164750045e-39,4.6565704119997e-46,1.82843430035098e-06,6.52600182106043e-05,2.38473870795173e-22,0.999932911547489,6.55364889730016e-51,6
"19930",6.22422283982812e-12,3.03009658740256e-08,4.11332459849202e-07,7.16209995978214e-05,0.0343791187246746,9.25564127613842e-05,0.965456262223316,7
"19932",5.87048259297242e-07,2.54433722336536e-14,1.86860252631587e-07,1.37948373999882e-05,0.00253969402151103,2.61418488569783e-06,0.997443123047666,7
"19934",4.79304149521481e-16,0.539489518318032,3.17602753725001e-06,0.0682407597096927,0.392266545944736,6.49969897698637e-17,1.14510475456107e-15,2
"19936",5.08960774311132e-16,2.74419931921054e-06,0.000353654865486239,0.0210194688462356,0.976408755232279,2.57684024033961e-08,0.00221535108827726,5
"19938",5.28688262509137e-21,0.00493387116963542,5.53787166374808e-05,0.903999796122534,0.09101095399119,3.1688581446887e-15,3.68947353626111e-47,4
"19940",6.32716330026428e-10,2.23577078404996e-05,4.78452149880846e-08,0.00373636641065077,0.87829852955169,0.117938870317656,3.82753423167144e-06,5
"19942",4.67486419679415e-37,1.66592506000885e-32,3.09798550575858e-10,0.00607199206657258,2.02527385293432e-12,0.993928007621604,2.07011985128713e-33,6
"19944",1.85457335963683e-13,0.00978921061608921,2.64713342610743e-07,0.00562697792478374,0.983599234608394,0.000984296491011752,1.56461932937973e-08,5
"19946",1.06453278212803e-05,0.00172558297018239,6.8273820804293e-08,0.0103275074942245,0.987733190108012,4.90830832793548e-05,0.000153922742659461,5
"19948",1.4973794819708e-30,1.17952803109244e-30,1.46635271992261e-11,0.000390513578882214,6.32042167475265e-13,0.999609486405822,6.60451208905333e-28,6
"19950",0.999248299353916,3.26684783854839e-22,3.22321427906854e-09,0.000751667886341402,1.89268331529222e-08,1.06084908258436e-08,1.20432145030972e-12,1
"19952",1.4973794819708e-30,1.17952803109244e-30,1.46635271992261e-11,0.000390513578882214,6.32042167475265e-13,0.999609486405822,6.60451208905333e-28,6
"19954",3.53704296501765e-08,3.75348906751301e-11,4.77008610383258e-08,2.175865046915e-05,0.0077630321132384,0.000148042067817297,0.99206708405965,7
"19956",1.16655247116121e-08,9.46636053299397e-31,3.30606046559162e-05,0.999958602806484,4.30808133751144e-07,7.86051312430102e-06,3.36020773676651e-08,4
"19958",1.58335719454964e-41,7.66052589132621e-22,0.999999999106531,8.93468819816612e-10,7.85547339304878e-18,4.48756966600072e-36,1.03303433087138e-42,3
"19962",2.29298542058855e-06,3.33963354406484e-07,3.65423548768104e-05,0.875828261063053,0.124132569533845,8.23199333905245e-11,1.71298101746643e-11,4
"19964",7.92120014925535e-10,6.15544618191311e-07,1.93467609158857e-05,0.0263821591982824,0.965461068050854,0.00813513717391823,1.67247929150219e-06,5
"19966",4.56553265917979e-52,0.00150619307699215,6.59279050287148e-07,0.794551888439978,0.203941218939932,4.0264047654371e-08,2.3429706717046e-45,4
"19969",5.52095480518114e-20,6.86085485680104e-11,7.46288395665161e-09,0.0241857707386039,0.637706000001336,0.0941087486814604,0.243999473047107,5
"19972",7.65569459740292e-06,3.77614265856825e-17,1.51104577642263e-08,0.00172418211713484,0.00288980144333376,0.99537832745692,1.81775562124109e-08,6
"19974",0.417584428321814,4.58188546401578e-31,1.29679570275698e-10,0.000331717693222998,2.22727994381252e-08,0.582057698840385,2.61327420987491e-05,6
"19976",0.000260287231140066,7.07208182659456e-06,1.40034258987261e-08,0.0099072054637503,0.9836754884783,0.0048005352761245,0.00134939746543264,5
"19978",8.1250886291033e-14,0.173626484514237,2.49916615376255e-10,0.00431300812430128,0.822024203673452,3.61801418813985e-05,1.23296129837925e-07,5
"19980",0.71935953417174,2.84373503451409e-18,2.36298854381801e-08,0.000139844968403358,0.000652398202122361,0.000118542292837978,0.279729656735011,1
"19982",0.400340691904659,2.73534196505808e-13,5.45645045356139e-06,0.591069167247234,0.00858380917026015,2.64122047540221e-09,8.72585899769093e-07,4
"19984",0.97545659240376,7.66859274459297e-17,1.17163266849722e-10,0.024543354620462,3.6985100195044e-08,1.5873513898028e-08,6.03344956897456e-18,1
"19986",3.92817567222733e-48,0.898887913929503,2.76139558970817e-06,0.0441006858252351,0.0570086388496722,3.26307449038931e-18,4.3905482622465e-58,2
"19988",3.04561656419306e-61,0.990756991145168,1.51731913723266e-06,0.00922174438867342,1.97471470215143e-05,2.7316066329333e-32,6.56266136568624e-75,2
"19992",2.28837149097315e-36,0.998694829844645,5.70833063045069e-09,0.00105143479099639,0.000253729656028164,8.42335331948097e-30,4.10862221864798e-56,2
"19994",9.92104505575514e-14,6.03624660555727e-08,7.43137846315402e-06,4.72527590407126e-05,0.037288556988046,0.000120839645409905,0.962535858866475,7
"19996",5.45798597287832e-32,0.995172474585059,1.37475861449584e-09,0.00286664019495436,0.00196088384522788,4.50408084798744e-25,1.63531742490789e-47,2
"19998",2.80165617702005e-19,6.2452687892985e-14,2.62279381065947e-09,0.989335111035444,0.0103463716316555,0.000318514710043884,1.41745807585777e-17,4
"20000",6.82148714397337e-28,2.69408126584374e-23,0.971108753182316,0.0182648896611772,0.010625671849412,9.46192024948673e-08,5.9068789266923e-07,3
"20003",5.61758702227293e-27,1.43653205905416e-06,0.0003601177018253,0.00177012638397104,0.921904987596518,0.0013708175987336,0.0745925141868932,5
"20005",0.901436003845268,1.65766912742702e-21,6.93011247569484e-09,0.000168997875412618,0.000296889883371269,0.0980510660161712,4.70354496648247e-05,1
"20007",1.71718417719019e-20,0.00188455709441395,4.62799127398794e-08,0.0108819052744949,0.987233491287214,6.28274482075252e-11,1.13696307061821e-12,5
"20009",1.39651538552797e-21,3.52299799526888e-05,4.01738078786915e-06,0.998848075385577,0.00111267725362584,5.69964170823114e-14,7.61448186830339e-45,4
"20011",2.03643420791857e-06,1.21135317551477e-11,1.65858167871633e-08,0.0117293690007041,0.221695848834452,0.766572722067138,7.06556772331245e-09,6
"20013",0.132786695976604,7.88974742019942e-09,3.98644072706891e-08,0.00944522231746013,0.287034799851818,3.72054905230792e-05,0.57069602860944,7
"20016",3.51838344385798e-34,0.0831289105822653,9.46125391262678e-05,0.91585962632335,0.000916850555258662,2.90557782059109e-22,1.80356067662518e-62,4
"20018",1.10532700313169e-106,5.5936251472594e-09,0.99999248917389,7.50523248502176e-06,2.56016568904516e-24,3.69656102719891e-60,4.7816332973779e-129,3
"20021",2.23394557333739e-40,0.902717067285229,3.37143643628168e-06,0.00609605159350027,0.0911835096846909,1.40550233333493e-13,2.79219080081212e-15,2
"20023",1.92214255583465e-12,0.0221134050089621,2.6153835853289e-05,0.017325401085062,0.960535029810819,1.02569260343041e-08,4.55048768659451e-13,5
"20025",6.32704328320057e-90,0.000727029216967191,0.375531576217814,0.623741394428772,1.36446520576142e-10,1.52206213438047e-44,3.76180844522693e-70,4
"20027",1.41789797272234e-22,5.79251555950469e-19,1.34747474420281e-07,0.00291170287304318,0.0149768115208599,0.979931228916311,0.00218012194231126,6
"20029",1.43188749910305e-10,1.73689064419687e-16,6.25914443170011e-11,0.0253956416377923,0.0265366925396752,0.0419264184788848,0.906141247137867,7
"20032",4.56470040474345e-15,3.62657055848848e-15,9.49273698949806e-06,0.000105073378751831,0.024980801936603,0.187355492462051,0.787549139485597,7
"20034",2.01745302991581e-31,3.75725025501333e-26,1.43294087271396e-08,0.000603829470564772,3.19902907904679e-09,0.999396153000997,1.23219402132909e-24,6
"20036",1.13089309135414e-10,1.28952268515808e-10,5.93005122252914e-09,0.969944683522343,0.0300553077834109,2.51963338397882e-09,2.51947310526312e-12,4
"20038",2.05690574844617e-54,0.948768825989595,5.69132057534004e-05,0.00661866401871813,0.0445555967859341,1.04740179728763e-19,4.46768965951676e-35,2
"20040",2.02674157758353e-47,7.06922121339713e-05,0.0378720743976966,0.962057226092127,7.29804263257774e-09,1.3115188255325e-20,4.70996726360397e-88,4
"20043",1.51714429181326e-29,0.95714034280814,9.9341640880636e-08,0.0320651487908337,0.0107944090593856,1.76497152077459e-22,8.80383406115407e-24,2
"20045",4.60573545455876e-46,0.97434031466768,0.000506945494401223,0.0251526387873616,1.01050557106842e-07,3.09400218771471e-41,3.38238467245396e-78,2
"20048",0.99828843796881,1.9921288482224e-25,2.69590093110598e-09,0.00171155933527818,9.13882962356663e-15,1.63752236261796e-15,3.17262138983127e-16,1
"20051",1.92163053228036e-16,0.00944630545094769,2.75502342666668e-05,0.663301129582887,0.32722496370745,2.88923526288025e-25,5.1024448566244e-08,4
"20053",4.38585468869796e-11,0.0147630683840961,2.4561482561334e-08,0.0620080177567489,0.923228745351009,1.43902804905707e-07,1.03272389482241e-22,5
"20055",2.37778728679701e-66,0.0117201028407874,0.0155298960826021,0.333489487588134,0.639260513488477,1.05154194065767e-16,4.94487805496088e-25,5
"20057",2.50776894505242e-56,6.39859413886335e-49,0.99999999999999,9.83021379025185e-15,4.81024128693121e-33,2.703090899087e-36,5.95734854489756e-66,3
"20059",2.16135142278106e-23,0.00300454572590147,0.0042936536393735,0.179406069519654,0.813295717739363,1.33757075081929e-08,9.64760640226353e-26,5
"20061",1.70004461629429e-24,0.00581837478543833,2.81558930852877e-07,0.0169661491283868,0.977215142349065,5.21777360919936e-08,4.43091451106099e-13,5
"20063",1.75044850148105e-13,8.76602872438441e-17,8.39235359731895e-08,0.999999916076289,1.1834569194548e-21,1.97163639513633e-23,1.39912233833358e-78,4
"20065",1.24508410424103e-102,0.0610819463837668,0.936875199755513,0.00204284384842886,1.00122911005585e-08,7.57981485654568e-49,9.58168905747869e-62,3
"20067",1.31238276924251e-15,0.898133425231445,0.000151886719242846,0.100315133097098,0.00139955495221258,1.08450736287023e-29,8.35109439824735e-38,2
"20069",0.969128984060198,1.28893250227412e-17,1.36255220592308e-08,0.000172298347752098,0.000279858184386745,3.34152035482813e-06,0.0304155042617858,1
"20071",5.83736489623948e-31,1.58380922797699e-09,1.32714580953761e-07,0.870655506215386,0.129339493236775,4.86624944855095e-06,2.09481943547484e-21,4
"20073",0.935240103301884,8.10851033240817e-11,5.93257231914127e-09,0.0610464310501573,0.00352301455747225,0.000186847428150516,3.59764867816186e-06,1
"20075",4.42652622171312e-63,8.18584587778271e-25,0.99999992959526,7.04047323335945e-08,7.80817406995648e-15,1.8770607581853e-39,2.55173932534944e-42,3
"20077",3.10772040210121e-14,0.787688396246332,1.69842597613326e-12,0.000742324372771713,0.211569279366992,1.21749438845674e-11,1.49882877042073e-19,2
"20079",1.43713584188561e-11,2.89211941354086e-07,4.01244863716343e-10,0.999992956204171,6.75416827158867e-06,2.81379384466674e-24,2.81430670182896e-21,4
"20081",4.63681834445597e-29,0.817418457151124,0.0403321578490601,0.100623687141225,0.0416256978585906,1.68508485779012e-24,2.51020673778549e-29,2
"20083",5.85032264465361e-10,1.71711941926393e-19,9.03420791847532e-08,0.999999879454718,2.96144433883023e-08,3.72672206069277e-12,3.31082775025668e-32,4
"20085",5.26637707186518e-67,0.995144861039263,1.40071350740015e-05,0.00483534699541637,5.78483024689582e-06,2.45759743441679e-36,2.47260655835977e-70,2
"20088",1.24704358352749e-33,0.960504524447893,4.44599974751909e-06,0.00552764053784083,0.0339633890145188,1.26689056678237e-23,3.49292254575913e-26,2
"20091",1.20118703934519e-42,9.01105696516581e-08,0.999983847261125,1.60537120904107e-05,8.91621525306217e-09,5.88195372203997e-36,9.67901687231128e-45,3
"20095",3.28031497928102e-09,4.91935696719347e-15,2.05425560134711e-07,0.999878531231501,1.56830142610939e-06,0.000119691761192528,1.3368439453562e-53,4
"20097",6.34387582888646e-71,0.994945854458779,0.000127881183388474,0.00492067164922257,5.59270861043666e-06,2.42135074880256e-41,1.70647070622561e-66,2
"20099",5.24330567598492e-18,0.000101274935925238,1.33695910389516e-14,0.999565892329292,0.000239459218097435,9.33735166718015e-05,2.86453264123902e-41,4
"20102",5.5733856855264e-11,5.23220041489036e-14,0.866778043285456,0.133221956507708,1.51050220970954e-10,1.02692996467445e-29,1.2746951060148e-31,3
"20105",3.10932616324804e-22,0.84412570342124,2.97200457442816e-10,0.151658340965841,0.00421595531571813,2.2396147105563e-25,6.19855086932635e-23,2
"20107",1.10698452339922e-29,0.52937897538117,3.53518562138982e-09,0.00274205807410562,0.46787896300917,3.68527242555965e-13,1.55988427413573e-31,2
"20109",3.46091279555907e-05,0.0301889420584864,7.7423115049695e-11,0.962650701214855,0.00712574427406017,3.24721938097918e-09,4.63172486187615e-22,4
"20111",7.5213042064462e-27,1.81031424287887e-25,0.999999996638131,3.34280214962755e-09,1.90669871797399e-11,5.66308615429396e-20,3.235690902426e-20,3
"20113",9.4770602896908e-42,0.000506233472176211,7.78283621100314e-10,0.0633850300067072,0.936090543329661,1.81924131714431e-05,3.89326835828054e-29,5
"20115",5.25838056600008e-23,3.42980998804617e-17,0.954043123023702,0.00226437091465931,0.0287000067721782,0.000796926805136703,0.0141955724843244,3
"20117",5.1284730643293e-69,7.43762943148048e-21,0.99995289817138,4.71018204697427e-05,8.5045770090686e-14,8.06533089994959e-12,9.51200965771484e-92,3
"20119",4.78707715840679e-56,0.00752915709382894,3.29669442698072e-09,0.857301070630354,0.135167850608678,1.91837044496212e-06,3.35724234774261e-45,4
"20121",6.11228265109653e-37,0.690225782098642,1.25032701728e-06,0.00653538041027189,0.303237587164066,2.98053907779355e-15,8.40669306841095e-40,2
"20123",4.22000350951849e-70,3.84695546110542e-08,0.999933184136457,6.67658676418345e-05,1.15263468770565e-08,3.9776631694863e-42,7.44330093705773e-47,3
"20125",8.36887187764976e-05,2.42262856796118e-12,5.3173832265814e-07,0.000950166202899381,0.00684600648477001,4.42950400126003e-08,0.992119562557769,7
"20127",6.7834899386495e-37,0.97095094725154,2.87814111083378e-08,0.029048711411536,3.12555512651223e-07,3.68474233165667e-36,2.589304782179e-60,2
"20140",4.24603717144198e-50,6.22107660502203e-07,0.0328413509547298,0.428131298104646,0.539026728813013,1.99509173077868e-11,5.19477680033497e-28,5
"20142",0.999104548077262,1.87248493444053e-21,7.17572873116912e-09,0.000868865648803687,6.55173142272421e-08,2.8845876242024e-10,2.65132924330737e-05,1
"20144",1.83617827691245e-14,2.88837883676101e-18,0.867880718775146,0.0427658044032745,0.021432293754479,4.20577879705891e-10,0.0679211826465042,3
"20146",1.59609905313672e-06,9.99398075549513e-12,1.37514319603564e-06,0.994722315926801,0.0052747122072107,1.07141012087798e-12,6.12673667254393e-10,4
"20148",2.21600007366294e-16,2.35713588648905e-05,1.60458620432916e-07,0.0128460192957584,0.83258716175941,5.46051851210975e-09,0.154543081666827,5
"20150",0.44759680667348,7.86077574893885e-25,3.48958824020643e-09,0.000346830313630293,3.4003355355552e-05,0.0642950351889033,0.487727320979042,7
"20152",2.78194292228753e-11,4.32739384435116e-05,2.38191804427073e-06,0.00906175475234759,0.929272465793969,1.18258566273859e-05,0.0616082977127482,5
"20154",1.56545680569902e-43,0.00011717252510445,0.994254311626447,0.00562851584403285,4.41577301138422e-12,1.09991886618019e-57,1.47156496869987e-61,3
"20156",2.17601583322357e-10,1.57069074313567e-05,4.40009576998711e-05,0.64594859632113,0.353991693339456,2.25668079756876e-09,1.86168051477399e-22,4
"20159",0.995371733039773,2.05793431958787e-18,2.78205294641394e-07,0.00425198274749616,0.000342584397381022,3.33553692206099e-05,6.62408346522483e-08,1
"20161",0.00162978820996717,1.20794829057881e-15,1.01403368583082e-06,0.998368585400363,6.12219349706881e-07,1.36617863282553e-10,1.52538787226506e-14,4
"20163",7.71367039093197e-38,1.75519242965061e-05,0.00377328494776276,0.17486846488859,0.821290743197368,5.14936709418219e-10,4.99545270458533e-05,5
"20165",0.00792693129740907,8.27014863339989e-06,7.39362565723119e-10,0.992064644328721,1.5348587383393e-07,1.43048993605908e-20,3.88096121521679e-27,4
"20167",5.67560792540242e-05,1.30389093046439e-05,3.38736120354206e-10,0.00112768486748002,0.105776188569345,7.82782181992086e-07,0.893025548453699,7
"20169",0.999478298584292,1.60006341701653e-24,1.21418176835007e-09,0.00052170019086929,2.64166472635751e-12,1.75346723557715e-13,7.83967270940025e-12,1
"20171",1.56926867367238e-49,6.82339355018989e-07,0.996461477891251,0.00353783976939408,1.5777060932448e-17,4.15528126925444e-65,1.59019115762406e-85,3
"20173",5.13015876399256e-17,7.07391978100522e-15,7.62810337405526e-11,0.999999996732958,4.97681482982734e-14,3.19070433913168e-09,4.76796524806197e-47,4
"20175",6.79707520024261e-06,4.62557876871053e-09,1.40897986860395e-06,0.00926492574980498,0.94297590902099,0.0262927696280496,0.021458184920508,5
"20177",8.31164468773908e-21,5.60629534725071e-06,2.45563461976292e-09,0.995203130969186,0.00463650979500943,0.000154750484822786,3.92028198840864e-44,4
"20180",7.84685354452159e-76,0.955751531436566,0.000417946579906816,0.0357131379096438,0.00811738407388372,5.83166653534496e-18,6.98292741525206e-47,2
"20182",5.27582842124226e-10,2.32310389085692e-54,0.999999435812124,5.60401680726784e-07,1.66972548425064e-27,3.25861272088991e-09,2.16435408164436e-38,3
"20184",0.994507647530596,1.62469805985581e-12,2.34762989387127e-09,0.00461518356041377,0.00079236701419711,8.66711253926503e-07,8.39328342849194e-05,1
"20187",1.05106034103566e-15,7.59740773428357e-15,1.15714711262062e-11,0.774594948673238,3.78547662618225e-06,0.225401265838556,2.54708885017827e-29,4
"20189",1.0548527917857e-28,0.128694763497882,2.35228607711974e-10,0.0447298901622523,0.826434275443947,0.000141070659580828,1.10947017084574e-12,5
"20192",1.62162418921447e-69,9.00040105944932e-08,0.846599055832117,0.153400852534419,1.62945333734946e-09,1.86346191754565e-21,1.50137436410439e-51,3
"20194",1.98645018558013e-06,8.30748567732165e-25,1.43426649915433e-12,0.96541677070065,1.3248234664115e-06,0.0345799180242458,1.81758496020528e-14,4
"20196",3.38741300142007e-55,0.605246329407069,0.144718553662066,0.250033673586231,1.44334463443376e-06,1.92667780941067e-34,3.02345647016188e-56,2
"20198",2.58796649236025e-15,2.03734181194258e-05,0.00144511412922264,0.212692471933149,0.7858419943488,4.26796429626255e-08,3.49106279206521e-09,5
"20204",0.0444883975720644,4.81717732451941e-17,3.47772848400177e-06,0.000345099128906726,0.000597833165941283,9.52000488847822e-08,0.954565097204555,7
"20207",1.19093572944667e-25,0.717181585926724,0.0160535768086379,0.266392908766243,0.000371928498395585,8.30714379150317e-37,3.30473964393294e-43,2
"20209",1.38581989318701e-55,1.06315966629853e-23,0.999951168069761,4.51539406914511e-06,4.40881270336922e-05,2.28403286855894e-07,5.84936237813591e-12,3
"20211",2.26607836832491e-55,6.39820593001626e-06,0.999541164227613,0.000452383344202549,5.42222546048171e-08,1.78549445495344e-48,5.91033122818115e-38,3
"20215",2.3868597015954e-32,0.825621025410041,2.49600360984076e-11,0.0116144641857545,0.162764510379245,4.13363169155435e-20,9.71337101382302e-22,2
"20218",0.993241253644018,1.2298191716079e-19,5.96312925456416e-09,0.000361284198971003,1.64531158812485e-06,1.2363609814187e-09,0.00639580964593256,1
"20222",1.96375201584595e-28,0.148461502652597,0.000295394403493371,0.850588929452145,0.000654173491764182,8.11625977944299e-37,7.48471497244819e-31,4
"20225",1.38517246361655e-14,5.08414870541808e-19,0.000265177499293165,0.995536052940241,0.00258563161304351,1.89662033616059e-11,0.0016131379284425,4
"20229",2.1663723684074e-36,3.98863960584701e-11,7.25027168976902e-05,0.933647586510401,0.0662799107327865,5.55594840179067e-15,2.28114271164097e-14,4
"20232",9.29218985661293e-27,0.000649442977213293,5.31671949708466e-05,0.0676470959932356,0.931650293200598,6.33982809951939e-10,3.89939489842957e-25,5
"20234",7.64188453734013e-102,0.13027013334299,0.829148755696151,0.0405811109608391,2.04824633372288e-14,4.05022150613333e-42,1.57631375135632e-110,3
"20238",7.85956001895808e-30,0.268590909739695,2.42728790780874e-06,0.255252263634421,0.476154399337976,3.08593300063493e-18,1.28925610827404e-35,5
"20253",5.21977620605499e-42,0.993683043700375,1.23937062202896e-10,0.00258296943714777,0.00373398673854028,7.3351082148877e-25,1.21018613798862e-41,2
"20255",1.21617501636453e-12,4.01159122036816e-10,8.56270272825134e-05,0.000144765279971953,0.0520100826941174,1.33968693388901e-08,0.947759511199384,7
"20258",2.80467116622652e-45,0.992141114295294,4.64944411124211e-08,0.00630785520528769,0.00155098400497736,1.14615087894943e-21,7.43995731102262e-35,2
"20269",4.27363506469535e-11,0.686416586507407,1.68474119917472e-08,0.286167136823671,0.0274162597787725,1.59828760014239e-15,2.12654811198932e-16,2
"20271",1.58421288817082e-56,0.278976406353789,1.41445329257865e-08,0.719594105448856,0.00142947394321792,1.09604430741203e-10,8.50089331999499e-43,4
"20285",5.54634210706135e-16,1.40512535355172e-18,1.25255378481953e-07,0.959675505330043,0.00162644082357666,0.0386979285910014,3.28273701480987e-23,4
"20288",1.26076646930056e-28,0.0450030131182249,1.78521500458458e-09,0.0418532737825767,0.913143711313982,1.23374157953158e-15,1.73432403343146e-24,5
"20291",2.56927695137378e-40,0.0172482153647179,0.945521883492424,0.0359595774224793,0.00127032372037855,4.98447281253172e-23,2.50246508998562e-53,3
"20295",5.47323737404804e-24,1.24669838912386e-05,8.30787722411398e-08,0.99994894179879,3.85068913034334e-05,1.24724291653247e-09,1.93038923817117e-25,4
"20298",8.28347320571173e-09,2.98432291820782e-15,3.05131729666811e-07,0.000300232515548681,0.0116631293812069,1.31950128223064e-05,0.988023129675216,7
"20302",0.905149109010109,1.79284887249357e-13,1.15114827680361e-06,0.0747579514942388,0.0175985786612557,0.00248838760738112,4.82207855972954e-06,1
"20305",2.81965155126857e-16,4.24490210884059e-18,1.00321695507862e-07,0.000126150102432638,0.00268816668365189,0.000239345639895933,0.996946237252324,7
"20307",3.90027698308823e-37,0.964351984286402,1.45364368940011e-05,0.00601901276908115,0.0296144665076225,3.56440753316471e-24,1.48221127439545e-40,2
"20310",2.08081852967313e-70,0.464252322382911,1.89544938185467e-06,0.535745782023592,1.44115012049472e-10,2.98132573338198e-37,2.47139551731185e-98,4
"20313",0.997528733264995,2.93716945024805e-29,5.91973082283993e-10,0.0022058837345771,1.8590225445849e-10,0.000265382222553115,5.81429230535113e-19,1
"20315",1.5055732000246e-38,0.7718231754203,1.19059802875546e-08,0.0467480025657149,0.181428810107936,6.86343400707316e-14,9.32169972696183e-39,2
"20319",4.20945907945271e-64,0.0143796913042257,0.689255523319326,0.296360192597878,4.59277856981892e-06,2.03374530068772e-42,3.23698963016669e-49,3
"20321",1.43997037008326e-36,0.995075402498935,1.11908651148858e-12,0.00484680692999794,7.77905699478444e-05,5.7642427503852e-27,3.60672158037671e-43,2
"20327",1.8419172619527e-39,0.979001338834505,3.49749237290089e-10,0.0170715868055535,0.00392707401016477,2.77621967028876e-14,2.76806709522016e-45,2
"20329",1.99283079695126e-12,3.36695046856067e-32,1.0367687588638e-11,0.0216093111483492,2.32764179198e-10,0.978390688606526,4.5065068424148e-25,6
"20335",2.12945134336857e-40,0.940479630888872,0.0180313031612462,0.0414875492664878,1.51668339430761e-06,1.15508525252933e-42,2.42241321164611e-58,2
"20337",0.99893914869719,9.07346564400666e-17,6.97776976011419e-08,0.000195429731438912,0.00051479591465069,1.28454631096509e-05,0.000337710415912661,1
"20339",1.404384634919e-64,1.27319063504287e-15,0.963960484347996,0.0360385291124476,9.86539555273126e-07,6.29512377212584e-24,2.16093037401563e-32,3
"20341",3.60672286165805e-27,4.88532915276442e-07,0.99201016200179,0.00798934926247144,2.02823218605405e-10,2.86356461665664e-39,3.42919527385139e-62,3
"20343",1.40613827264867e-26,0.232926909611607,0.000187267321996827,0.766885665718135,1.57348260346165e-07,1.55186021650662e-36,3.60607322372698e-64,4
"20345",1.73512637042523e-28,8.49768090711987e-10,7.52448587776406e-05,0.00714191636537711,0.863835717757755,0.10559987359807,0.0233472465702514,5
"20350",1.63077495957212e-24,7.34429919814692e-13,0.000117994201758778,0.999880974681598,1.03111590643398e-06,1.93483651486856e-15,9.14960804359958e-53,4
"20352",0.999349599626603,5.77320391882909e-20,2.30753224313379e-10,0.000650400000770334,1.11858658744213e-10,2.4553908470531e-14,2.99902001201186e-11,1
"20355",0.0241749591597457,1.44064579281798e-12,9.73143955463476e-05,0.975583864188764,0.00014385893003254,3.32447133417726e-09,7.07948666858235e-17,4
"20358",2.36381320511232e-10,1.61735715402295e-29,4.84516219461863e-13,0.00973465457374477,8.55106306456565e-09,0.990265336545069,9.32568256417877e-11,6
"20363",9.70489270086324e-32,0.996190855401085,3.30127814661238e-12,0.00136927876092025,0.00243986583469369,7.24780692435488e-25,3.98944240008889e-30,2
"20365",9.30237261543207e-41,0.0536343385303067,0.876891252610199,0.0395823655154984,0.029892043343996,6.50086431989416e-24,1.02399850519936e-22,3
"20379",1.98925674378774e-09,7.1449580593643e-13,0.645335759657484,0.00138959852732182,0.3454728169053,0.00558381680444892,0.00221800611547423,3
"20387",7.18992044424121e-30,0.97074935223712,0.000139837936678298,0.00726215377903615,0.0218486560471661,1.69725790030823e-21,6.87065899723694e-26,2
"20392",5.15928119467002e-73,5.56593387792268e-05,0.999797659588356,0.000146679836429193,1.23643578790045e-09,1.03756812448607e-53,7.74120017821089e-45,3
"20395",2.59720354480426e-07,3.07162974260095e-05,1.7012025430051e-06,0.0252656306454321,0.959317684959715,4.54265360628376e-05,0.0153385806384663,5
"20397",4.12725834030318e-10,1.09961176905526e-48,2.04930194885424e-11,2.58861950360321e-05,2.00164118014122e-21,0.999974113371745,2.4672652041158e-45,6
"20410",4.09740535747951e-51,0.595881405973208,5.07871697777158e-05,0.0250562175738347,0.379011586784009,2.49917038649383e-09,1.21142611409469e-18,2
"20414",0.00225833456629069,4.50776127072809e-09,3.60373921154391e-08,0.1297587949732,0.0656572733403638,1.66154641881179e-07,0.80232539042035,7
"20417",1.94740378829588e-124,6.88551797828939e-12,0.999789180790211,0.000210819202903542,7.56427758111463e-28,9.3758544636038e-52,1.95984577241337e-142,3
"20419",1.81600751699628e-36,0.995604873886304,4.43400756248603e-15,0.00391104909558172,0.000484077018110176,4.89037601716432e-17,2.71796454620863e-45,2
"20421",7.13046938869244e-05,1.01146013803245e-09,0.907855193527375,0.0702516037189662,0.0218218027140982,4.03038339240174e-13,9.43338101262672e-08,3
"20423",0.0134298481061256,2.8067690115257e-12,0.000152285088633736,0.0029831594059143,0.0186336657526869,1.560732458633e-08,0.964801026036508,7
"20425",0.0805154640350428,8.13729080171403e-11,5.48111717374483e-06,0.695518345827758,0.205734574142034,1.22229041033909e-12,0.018226134795396,4
"20427",3.59704273681164e-20,0.00512118194803705,9.43729296762425e-08,0.0146593290595177,0.979452591154177,6.07800740878039e-08,0.000766742685264881,5
"20429",8.71387021263847e-32,0.000415263136524441,3.65017771465166e-06,0.999547864057726,3.32226280349093e-05,2.49085672029167e-18,2.48403361266774e-54,4
"20432",0.098879683664886,4.21621103905542e-16,1.60171919010589e-09,0.19596914253113,0.000408993961924711,3.95265625256305e-05,0.704702651677814,7
"20435",4.62230116982116e-37,0.00088015166567052,0.000732163992989869,0.222473518905581,0.775914165426443,9.31475419408038e-12,9.67718597184606e-16,5
"20438",3.26389009684069e-16,0.982790260208567,4.34325137882378e-14,0.0102788425501064,0.00693089724115105,1.32252417914267e-13,2.04219132506789e-40,2
"20440",2.89612386027276e-25,0.92409513628806,3.52076712221301e-09,0.0746783958626146,0.00122646432855828,4.01227874169717e-17,3.37003762740805e-43,2
"20443",0.560815389045734,1.9590710999219e-14,1.08009034586749e-07,0.439182493142555,2.00938604615614e-06,4.16610897351303e-10,1.06766081379804e-23,1
"20446",4.63437296500867e-15,2.12638051552583e-06,5.84992627772921e-06,0.625761330843887,0.374230692460873,3.88390556048598e-10,5.14098468593499e-14,4
"20449",2.39885107548374e-26,0.00228432658776974,0.000159526310481686,0.0171974725072908,0.98035867315179,1.44262755923144e-09,4.05277558485826e-14,5
"20537",4.81005232747687e-28,0.0818647498296263,0.859611543230157,0.0502200582105858,0.0083036487296313,4.65375403107341e-25,7.84521745030074e-30,3
"20540",6.46145531353259e-77,7.34441798304324e-05,0.999920234618103,6.32098910521974e-06,2.12961045207922e-10,4.41948214739709e-43,1.41159065641869e-58,3
"20543",2.59033291254387e-13,0.00575700021724581,0.000136299284562251,0.00992130857625841,0.984185321525203,5.61657242051432e-09,6.47798988475118e-08,5
"20545",7.81334151567485e-51,1.17781041393e-06,0.999963414643523,3.54074078853869e-05,1.38177224952147e-10,2.37516114125358e-54,4.80332288169064e-41,3
"20549",0.000119906912295262,0.00514532839506032,0.00116115072367802,0.00721841694428126,0.981020535195981,1.97261357692176e-10,0.00533466163144248,5
"20551",9.11274342137952e-12,0.81289926118941,1.04772443905829e-06,0.00328237243037211,0.183817318646652,1.27289191862046e-14,1.23724598226975e-15,2
"20554",1.56341980569403e-19,0.931442770824393,3.98256176522815e-07,0.00540947713780961,0.0631473537807907,8.30632557351837e-13,1.34989544226778e-21,2
"20556",1.24477618917233e-19,0.000424532466794765,0.000456358873242418,0.133245255658458,0.865873853000945,2.31303440840285e-18,5.592576956354e-13,5
"20558",6.68859854335189e-32,0.993884996603034,4.1904087315836e-08,0.00431459316967107,0.00180036832320797,7.17673128381125e-25,6.48400884109619e-41,2
"20560",4.32758990203075e-08,0.914887188885371,6.02404217766264e-12,0.00300649633398993,0.0821062714987069,3.36620192680804e-15,6.1450877681539e-15,2
"20563",9.82797106995561e-40,0.987656367189695,7.28214796609174e-08,0.0123430608968228,4.99092002262285e-07,3.66654617644415e-33,1.48330268322497e-60,2
"20565",9.94803998034997e-12,0.203875927651754,1.81581905401207e-10,0.664584197023835,0.131539875132881,1.36963763768475e-19,1.94355602900728e-20,4
"20567",0.936797046581493,1.13732447943639e-15,1.13859856351201e-07,0.0574816853021445,0.000736964135874182,0.000774810632596661,0.00420937948803457,1
"20571",3.30979044549584e-49,5.20293707400851e-05,4.18279866449689e-09,0.999938013812288,9.9526341736559e-06,1.23232601352918e-21,1.14902972006288e-70,4
"20573",2.51300148423569e-12,0.211887902224856,9.16665192528635e-06,0.00907673753672181,0.779026193581549,2.43445262537297e-12,1.95538997671075e-16,5
"20575",4.71601525769536e-41,0.881352923654706,1.37307154576746e-08,0.11533165336055,0.00331540925402818,6.47585591764207e-19,1.47318412901738e-51,2
"20577",2.27763367934645e-22,2.7070493480518e-05,4.41957114653107e-06,0.015889138962195,0.984079132878463,2.33914335049569e-07,4.18037979018769e-09,5
"20579",0.246234889138731,1.68369433047531e-34,1.03912820760048e-11,0.00669318592056039,2.98932710229604e-13,0.747071924930018,2.58904887532889e-20,6
"20582",2.80747503295373e-47,0.991189424402734,7.56136642874659e-09,0.00875413545254872,5.64325833511052e-05,4.50921271789726e-31,9.74605634333406e-52,2
"20585",7.12247339859013e-47,0.0364098633693877,0.929300374577149,0.0289864953837701,0.00530326666969326,5.63940078634768e-35,3.79488234794753e-18,3
"20588",4.17196804539112e-28,5.40456731477981e-11,0.99704966753035,0.00292673095721512,2.3601458389082e-05,3.03519240739396e-21,3.52328365816238e-32,3
"20590",0.972750863635421,1.49311211793426e-29,3.67652497023031e-12,0.000602887382006506,9.93649042985727e-10,0.0266453203910152,9.2759423193356e-07,1
"20592",5.38271196905543e-30,0.997465619530764,2.53999492083879e-10,0.00242811999665603,0.000106260218580836,2.7495107756716e-28,3.3887301596723e-57,2
"20594",7.10721960348895e-58,0.96528365548992,6.25894140122898e-07,0.034680905905765,3.48127101745416e-05,8.04268811859036e-26,3.53912186010647e-54,2
"20596",2.13521279487485e-15,0.276048571687871,6.76558358827781e-13,0.0607359904018979,0.663211508881301,3.92902825166032e-06,1.61523279712353e-28,5
"20598",9.28346670384804e-17,0.725724646872537,1.68208692690981e-07,0.0058409168623917,0.268434268044488,1.18895482654049e-11,8.43376761284318e-16,2
"20600",2.39088930077815e-15,0.000630051954209955,0.360613932782081,0.129175366981713,0.509580648281864,6.29830877948939e-18,1.29217868911242e-13,5
"20603",6.35718472790965e-09,7.25660678411193e-12,0.0758591959793303,0.161363928755243,0.6966740597226,1.78361303086799e-07,0.0661026308170819,5
"20605",5.03894158360705e-46,0.450575943210407,2.91693827811434e-06,0.0177954640582417,0.531625675792251,8.22029525639026e-13,1.64203037852223e-37,5
"20607",4.94346325878956e-27,0.788722721543047,6.09197148868378e-12,0.00114730021810876,0.210129977426615,8.06137572346992e-10,4.90949704250499e-29,2
"20609",1.41045965768545e-23,0.951566404620198,3.11354110097582e-08,0.00939400183184555,0.0390395624125232,2.16982493677314e-14,1.1874329002633e-18,2
"20611",1.20162837399728e-08,2.43369988575616e-19,2.21576902592807e-07,0.000306909140535697,0.00744753045415629,0.738718017255216,0.253527309556906,6
"20613",5.82027476210789e-28,0.141239622465059,0.00115773010761852,0.00477469183866667,0.852816413850693,5.72745138230158e-09,1.15360105117909e-05,5
"20615",5.27263371440687e-11,0.0192597218887904,0.000169133886251394,0.0770980240136313,0.903473119346823,4.55771613750272e-15,8.11773176146451e-10,5
