"","V1","V2","V3","V4","best$classification"
"19811",9.08479798346728e-10,3.54018789264026e-22,0.0110072176139241,0.988992781477596,4
"19813",4.94539809872328e-12,6.06082393399341e-26,0.000391285818304879,0.99960871417675,4
"19815",3.89611099370193e-11,3.31908726086897e-24,0.00280043661379816,0.997199563347241,4
"19817",2.52231688692863e-08,4.82471164998617e-20,0.121423588223796,0.878576386553035,4
"19819",0.980438258991407,0.0193449645283042,0.000216776477139655,3.1495297404267e-12,1
"19821",2.16289124744306e-07,1.91151446647966e-18,0.0890469588199797,0.910952824890895,4
"19823",1.34405149997354e-05,9.05209117087217e-15,0.786319095387134,0.213667464097857,3
"19825",0.993490433758741,0.00161540658285058,0.00489415715753222,2.50087654960095e-09,1
"19827",5.51506529219749e-08,1.03432053189849e-18,0.0602389874175899,0.939760957431757,4
"19829",0.991179439740818,3.21060267581366e-05,0.00878844422792069,1.00045032472291e-08,1
"19831",0.997711381271467,0.000630208134703626,0.00165841054769339,4.61365138203995e-11,1
"19833",0.981915428828818,0.0087049333696768,0.00937963108253223,6.71897245372447e-09,1
"19835",2.16289124744306e-07,1.91151446647966e-18,0.0890469588199797,0.910952824890895,4
"19837",9.40264054314147e-06,1.38164788888845e-15,0.858809745352674,0.141180852006781,3
"19839",4.23822660834735e-05,3.38260089390788e-15,0.532470657141721,0.467486960592192,3
"19841",3.86025168320499e-06,5.3592059271249e-16,0.109249493039282,0.890746646709035,4
"19843",2.42643348957332e-07,2.45659199809072e-18,0.045625337044293,0.954374420312358,4
"19845",3.81212139569703e-08,1.5942212382813e-19,0.0426087129533803,0.957391248925406,4
"19847",1.91480611805369e-11,7.68134138782406e-25,0.00089953904984778,0.999100460931004,4
"19849",8.98918504647987e-15,9.92372839855361e-30,1.23865927708009e-05,0.99998761340722,4
"19851",2.0746894305495e-12,4.21238484058633e-26,0.00107061528867551,0.99892938470925,4
"19853",1.93525806167221e-08,4.83117336847049e-19,0.182747638351989,0.81725234229543,4
"19855",5.77798413080962e-05,1.81218497538952e-13,0.991991844714242,0.00795037544426871,3
"19857",0.013030913226852,4.32837671025281e-10,0.986775165773385,0.000193920566925367,3
"19859",2.19167870514972e-09,1.6206459439091e-21,0.0116034391456074,0.988396558662714,4
"19861",1.45766729253319e-12,1.72028449061143e-26,0.000451212895130892,0.999548787103411,4
"19863",7.19495423981579e-14,4.81455928093932e-28,2.39795326616557e-05,0.999976020467267,4
"19865",3.17243180890556e-09,1.1588882744526e-20,0.00698981935340859,0.99301017747416,4
"19867",8.60132913434458e-09,6.26384901500111e-21,0.0479154847073974,0.952084506691273,4
"19869",1.22934242371069e-08,3.04986422333422e-20,0.0213096729590227,0.978690314747553,4
"19871",6.6997660362127e-09,6.99393133273013e-21,0.0330346511904143,0.96696534210982,4
"19874",5.20545417152069e-12,8.10063764665329e-25,0.00065224053957345,0.999347759455221,4
"19876",3.31862189995746e-13,8.54705216482468e-27,0.000178770356266366,0.999821229643402,4
"19878",0.0693822421707188,2.97756137913806e-08,0.930465832410419,0.000151895643248102,3
"19880",3.53296576318881e-15,1.00801761724687e-29,5.649688411471e-06,0.999994350311585,4
"19882",8.20102455351189e-13,1.70638975577635e-26,0.000214425880646739,0.999785574118533,4
"19885",1.45848960258841e-06,2.13646346139927e-17,0.303462784972359,0.696535756538038,4
"19907",1.02850438218701e-09,4.0607360976762e-22,0.0107376937924427,0.989262305179053,4
"19909",0.723412662653922,9.34842566419865e-07,0.276584515034235,1.88746927648654e-06,1
"19911",2.05137769152405e-05,1.41743491768543e-15,0.453746920110566,0.546232566112517,4
"19913",1.24233663353229e-14,1.79186675363889e-28,6.2962219922167e-06,0.999993703777995,4
"19915",1.28858422717046e-13,2.46800154933476e-27,7.87385832045328e-05,0.999921261416667,4
"19917",8.51425535821813e-12,7.98772970047478e-25,0.000391582713855291,0.999608417277631,4
"19919",2.62004336191406e-09,3.83222577490704e-21,0.0178703318338166,0.98212966554614,4
"19921",6.69551977865905e-08,1.51011789259079e-19,0.19820151553532,0.801798417509482,4
"19923",0.000163781581339153,1.66940254335935e-13,0.95441828013998,0.0454179382785144,3
"19925",2.86524728575572e-07,2.65959696004191e-17,0.209676772854597,0.790322940620675,4
"19927",2.07458811407538e-10,4.63845200527503e-23,0.0065067513249005,0.993493248467641,4
"19929",3.62147542527962e-14,2.47740375319587e-28,1.55608949613636e-05,0.999984439105002,4
"19931",5.78827159059382e-12,2.6020358896804e-25,0.000621962629894655,0.999378037364317,4
"19933",0.28769876147942,4.39712175142367e-07,0.712282552154208,1.82466541968089e-05,3
"19935",0.00324204165114921,4.69135528661505e-11,0.990065521295487,0.00669243700644972,3
"19937",3.0055305006765e-14,8.31213644542965e-29,4.85744702659524e-05,0.999951425529704,4
"19939",0.0415257310774462,3.67129676006373e-08,0.958377045114466,9.71870951204794e-05,3
"19941",6.46681274037095e-05,1.03143274986575e-14,0.553049291592616,0.44688604027997,3
"19943",6.34684109612726e-09,4.42673112130788e-20,0.00853946246223565,0.991460531190923,4
"19945",6.04657163523024e-09,4.83290295123035e-21,0.0126051389799859,0.987394854973443,4
"19947",8.95112923896168e-09,6.30255668126605e-21,0.00673617535608985,0.993263815692781,4
"19949",0.000226146770551053,3.03400124374599e-13,0.976683703918346,0.0230901493108,3
"19951",1.50628269484361e-07,2.42432420567144e-18,0.0728787566810339,0.927121092690697,4
"19953",0.991535752301142,0.00637438497851807,0.00208986266882312,5.15164381647647e-11,1
"19955",2.50747668187382e-10,2.26229398034966e-23,0.00229395211157864,0.997706047637674,4
"19957",1.3929610381155e-06,6.4157575376534e-17,0.233092748599065,0.766905858439897,4
"19960",1.4821656681711e-06,1.82870995421967e-17,0.104015997469456,0.895982520364876,4
"19963",1.59315024127147e-08,1.07366757102765e-18,0.00696213657604654,0.993037847492451,4
"19965",0.997292829851717,0.000320621000888174,0.00238654908581059,6.15847131640302e-11,1
"19968",2.56736741061188e-09,2.59519975943341e-21,0.00466201703610865,0.995337980396524,4
"19971",1.96808814797408e-08,2.05069147817498e-19,0.00712407929152008,0.992875901027598,4
"19973",9.38776103600787e-10,5.29362395113834e-22,0.00782226906597568,0.992177729995248,4
"19975",6.35250975891538e-09,1.48680713334885e-20,0.0114507809220516,0.988549212725439,4
"19977",2.48192075365474e-14,1.63844827142529e-28,1.23370317567183e-05,0.999987662968219,4
"19979",0.928499236549382,0.0714980692746236,2.69417599131655e-06,2.8829423026741e-15,1
"19981",6.27352794098919e-09,2.3643759301543e-21,0.0238320031962669,0.976167990530205,4
"19983",0.0550767570671219,6.96443627865953e-09,0.944917745311727,5.4906567149764e-06,3
"19985",5.62275018427912e-12,5.78506843259153e-25,0.000540526637131827,0.999459473357245,4
"19987",1.27175440995496e-05,9.50505639003492e-16,0.588391993539846,0.411595288916054,3
"19989",0.985783785445502,0.0140715253178966,0.000144689235821376,7.79734331561779e-13,1
"19993",0.992148652216249,0.00265340217661861,0.00519794541607157,1.91060521181607e-10,1
"19995",0.307634763366418,6.7906697046431e-07,0.692348966893702,1.55906729090485e-05,3
"19997",1.78485598181608e-09,1.74202645345317e-21,0.0327027441218469,0.967297254093297,4
"19999",7.50669541574616e-13,1.44316250233763e-26,0.00022972272131207,0.999770277277937,4
"20002",0.00575904713956547,2.04108679198403e-10,0.954857839940339,0.0393831127159869,3
"20004",3.17762179904536e-06,5.78545286411397e-17,0.2026403378851,0.7973564844931,4
"20006",0.0223727971098354,3.48412004175383e-10,0.976791541625511,0.000835660916242139,3
"20008",0.000112584197428099,5.76780370061616e-14,0.821518560785217,0.178368855017297,3
"20010",0.991600338222226,0.00748876100731938,0.000910900767015964,3.43842422059162e-12,1
"20012",7.64738109534966e-09,2.82116230426067e-20,0.0131892676539435,0.986810724698675,4
"20015",5.76175032923414e-06,0.999994238249671,2.05164963120785e-17,1.20909063489645e-33,2
"20017",8.19697319992892e-06,8.85036855447712e-16,0.683480696267143,0.316511106759656,3
"20019",0.992960678949557,0.0068499078324816,0.000189413213720104,4.24153723638023e-12,1
"20022",0.954869702762717,2.82244565757996e-05,0.0451020553388875,1.74418201630064e-08,1
"20024",0.996009985573385,0.00273163872311174,0.00125837554521577,1.58287497493922e-10,1
"20026",0.996009985573385,0.00273163872311174,0.00125837554521577,1.58287497493922e-10,1
"20028",1.0261696974119e-11,1.38160834582508e-24,0.000835493994765329,0.999164505994973,4
"20030",0.986545447012684,0.0133929997975298,6.15531894158594e-05,3.70410973067143e-13,1
"20033",1.89232491615903e-11,1.66144889049151e-24,0.000676608425801937,0.999323391555275,4
"20035",0.990161153981018,0.00972292323934703,0.000115922777448938,2.18583711485969e-12,1
"20037",0.99507825467741,0.000354166538769214,0.0045675777682267,1.01559345794653e-09,1
"20039",0.972260054048266,0.0270776554832268,0.000662290437498318,3.10088315701356e-11,1
"20041",0.990455429049456,0.00838596033389729,0.00115861061473505,1.91202870333877e-12,1
"20044",0.233540603071047,4.75483892594275e-07,0.766430633272394,2.82881726664975e-05,3
"20047",0.220613349853872,0.779386592947686,5.71984418874161e-08,4.68794072211023e-18,2
"20050",0.0246652769079375,0.975334686910474,3.61815886665751e-08,5.32593049998537e-19,2
"20052",5.22290378935361e-08,2.84815465418961e-19,0.0488615153888503,0.951138432382112,4
"20054",0.0725336371436432,0.927466354192745,8.66361198682858e-09,1.97315887304877e-20,2
"20056",4.68666157255611e-12,6.92848082606195e-25,0.000165702726589679,0.999834297268724,4
"20058",0.849276657642269,0.150719989085863,3.35327186787694e-06,3.0873127092455e-16,1
"20060",8.64080936386518e-08,6.00451720533671e-19,0.109527174925679,0.890472738666227,4
"20062",9.16440928201677e-05,5.02281618801057e-14,0.951443618968209,0.048464736938921,3
"20064",0.505990516213896,6.85988378752395e-07,0.494003125862498,5.67193522735108e-06,1
"20066",0.998956184867083,0.000106068993063263,0.00093774517984622,9.60006993184202e-10,1
"20068",1.22595545720974e-06,2.48812393682749e-17,0.423396478076213,0.57660229596833,4
"20070",2.10055977749455e-06,1.40594820244163e-16,0.731392527227624,0.268605372212598,3
"20072",0.970749766170804,1.64208416770982e-05,0.0292337906416769,2.23458421221964e-08,1
"20074",1.80457411919952e-15,2.68411770117433e-30,3.05390933650027e-06,0.999996946090662,4
"20076",0.000379173398813682,3.96844058137867e-13,0.884024982184481,0.115595844416308,3
"20078",2.24109950265834e-05,1.09297304758183e-15,0.685401324481253,0.31457626452372,3
"20080",0.000276119930765084,0.999723880069166,6.91809032897847e-14,9.69746520367603e-28,2
"20082",1.2729831354908e-05,0.999987270168635,1.03682765369662e-14,2.88080806874903e-28,2
"20084",0.817317604852226,1.95418617423925e-05,0.182661513865353,1.33942067863961e-06,1
"20087",0.315132365024238,1.79957079083289e-07,0.684863895317105,3.55970157809174e-06,3
"20090",0.000290647477951731,0.999709352521637,4.11009621849586e-13,1.63999433766516e-26,2
"20092",0.269140488407949,0.730856724303579,2.78728847208796e-06,2.31343380675938e-17,2
"20096",0.750133904426304,5.9450045755945e-05,0.249806060035422,5.85492517907138e-07,1
"20098",0.000101093032324047,2.16900502321306e-13,0.93639903063605,0.0634998763314088,3
"20101",0.580948878639851,1.39183433716955e-06,0.419021293995778,2.84355300336239e-05,1
"20104",0.0126396289010543,0.98736035620897,1.4889975798912e-08,4.53975381842594e-20,2
"20106",0.981571474328728,0.0001322885288873,0.0182962230513935,1.4090991064102e-08,1
"20108",2.47714456345792e-09,2.1600570305611e-21,0.0164206681994541,0.983579329323401,4
"20110",0.972695670560545,0.0110030316493682,0.0163012970017968,7.88290466659405e-10,1
"20112",0.220308513829841,3.34712486177428e-07,0.779626411431281,6.47400263924542e-05,3
"20114",2.33842453209092e-05,2.96490978768498e-15,0.429124949692965,0.570851666061711,4
"20116",0.0237379293022621,3.68616610894111e-10,0.973365859024896,0.0028962113042256,3
"20118",0.000135128631129371,7.28069481449398e-14,0.947291798895775,0.0525730724730234,3
"20120",0.000293916612353468,0.999706083386095,1.55124164033644e-12,1.98513821039487e-25,2
"20122",9.21833110932007e-09,3.60840205526293e-20,0.0138835110247752,0.986116479756894,4
"20124",0.291005967234657,9.47276077775475e-08,0.708937510167607,5.64278701281843e-05,3
"20126",0.492067164982707,2.82661476209009e-06,0.507892154827477,3.78535750540593e-05,3
"20128",0.349002541011463,0.650996590464776,8.68523760813672e-07,2.72133622277335e-16,2
"20141",0.00028390032527432,1.62514987083584e-11,0.993944093150955,0.00577200650751941,3
"20143",1.44192533271578e-15,4.2262571259385e-30,2.3497837265291e-06,0.999997650216272,4
"20145",0.727143743751364,6.16322896863955e-06,0.272848515483882,1.57753578524576e-06,1
"20147",0.969600795761298,1.92552816671711e-05,0.0303799386352422,1.03217923188549e-08,1
"20149",3.49284004616557e-09,1.04861427733229e-20,0.00684326983199981,0.99315672667516,4
"20151",7.82316275974525e-06,1.81383299756929e-15,0.701223708050861,0.298768468786377,3
"20153",0.984826007576862,0.00578402267534121,0.00938996815129586,1.59650124388045e-09,1
"20155",0.894192707305368,4.34145882174181e-06,0.105802674106856,2.77128954311414e-07,1
"20157",4.10966165394995e-14,3.40039378542474e-28,2.28181868424042e-05,0.999977181813116,4
"20160",5.05997408227986e-15,3.88052047337922e-29,4.62633023366435e-06,0.999995373669761,4
"20162",5.13311169839598e-14,1.19434185411568e-27,3.27003160846588e-05,0.999967299683864,4
"20164",2.39685871900077e-12,2.26074052986959e-25,0.000215736691301735,0.999784263306301,4
"20166",0.264627377951114,1.44194631462973e-07,0.735051735025085,0.000320742829169704,3
"20168",1.04540018694989e-11,4.44168022938698e-25,0.000223397430850367,0.999776602558695,4
"20170",5.48566256747503e-11,1.29251750532835e-23,0.00186562853723701,0.998134371407906,4
"20172",0.157319238761429,1.34072038630769e-08,0.842644980422658,3.57674087092754e-05,3
"20174",6.60634836806088e-11,1.21853467694857e-23,0.00267909834342117,0.997320901590515,4
"20176",0.135663674285473,3.69780036640399e-08,0.864153839357598,0.000182449378925065,3
"20178",1.25717595713696e-15,4.60217159805317e-30,2.0243885844557e-06,0.999997975611414,4
"20181",0.989751659754849,4.4060678741844e-05,0.0102042475924383,3.19739707297211e-08,1
"20183",2.03809901759494e-06,4.92386842431398e-17,0.547298513769213,0.45269944813177,3
"20186",0.985633141779105,0.000890397209094326,0.0134764605156851,4.96115930702862e-10,1
"20188",1.52379189538703e-11,9.65565120390901e-24,0.000374731665158157,0.999625268319604,4
"20190",0.389762640339964,0.610237147457477,2.12202558967538e-07,6.59951775831088e-18,2
"20193",0.00206871010321546,1.75039077934534e-11,0.904258611329567,0.0936726785497141,3
"20195",9.34152076771056e-08,1.44543459972841e-18,0.0517501805856566,0.948249725999136,4
"20197",0.99596690716356,0.00327322846423627,0.000759864366617113,5.58616325008107e-12,1
"20199",1.26803682405889e-06,1.54271535544067e-16,0.224689167978736,0.77530956398444,4
"20205",0.67277166320379,0.327112337886181,0.000115998909805252,2.23243942117788e-13,1
"20208",0.000113539361271876,1.14099462276217e-13,0.96645336625228,0.0334330943863338,3
"20210",1.22762971750652e-14,7.05300980690192e-29,1.26484562804315e-05,0.999987351543707,4
"20212",6.63863140065289e-10,9.52004233387039e-22,0.00430740061398081,0.995692598722156,4
"20216",0.995781412247386,0.00360661079522549,0.000611976943102335,1.4286383408824e-11,1
"20219",0.0418376035354476,0.958162330412081,6.60524711029177e-08,3.48738969929767e-19,2
"20223",0.847646929159268,2.01386870609535e-06,0.152349008535245,2.04843678018503e-06,1
"20226",0.94746742656001,0.0520171313128956,0.000515442125927579,1.16647990511388e-12,1
"20230",0.998224535291185,0.000643916075801231,0.00113154851204583,1.20968423122217e-10,1
"20233",0.0215140718338651,4.75605138193856e-07,0.978305334248859,0.000180118312137152,3
"20235",0.989534519190851,0.0102073945242142,0.000258086283835833,1.09905954722768e-12,1
"20239",0.0496604663075629,1.60327657739346e-09,0.950227677343852,0.000111854745308318,3
"20254",1.46221112989568e-05,0.999985377888689,1.15771597376477e-14,3.21123411586506e-28,2
"20256",0.994390939031685,3.63099511641698e-05,0.00557275060837969,4.08771280635610e-10,1
"20262",1.86413210338027e-08,1.50589596414907e-19,0.0510131984157027,0.948986782942976,4
"20270",0.00182090137193965,5.19682352215063e-12,0.946614296499386,0.0515648021234773,3
"20284",0.00317499804001151,5.22275879554344e-10,0.995836578192972,0.000988423244740995,3
"20287",0.924910463246213,0.0750868866220445,2.6501317415522e-06,6.57344923577729e-16,1
"20290",9.01495695915279e-06,0.999990985043024,1.65642156419485e-14,3.69111617375236e-28,2
"20293",0.00115148792769063,5.45813415209571e-13,0.995373044726308,0.00347546734545502,3
"20296",0.000230928110120326,1.62001415137497e-13,0.912827916865249,0.0869411550244684,3
"20301",0.00924718513241756,0.990752814835293,3.22894390950049e-11,2.46887349570537e-22,2
"20304",0.00167082043784889,0.998329179467794,9.43571783945529e-11,1.51046046961773e-22,2
"20306",0.958602118674592,0.0413782537764515,1.96275489466681e-05,9.35969926851631e-15,1
"20309",0.0073811798575093,1.11755879071413e-10,0.991545719521744,0.00107310050899045,3
"20311",0.0215286991060053,8.31239045269349e-10,0.977291474916819,0.00117982514593656,3
"20314",1.2486512071646e-05,2.32273669227194e-15,0.689585878756937,0.310401634730989,3
"20318",2.91844198032236e-09,2.93330656672709e-20,0.00267534459048062,0.997324652491077,4
"20320",1.50784055519404e-14,5.12244231741108e-29,1.43956319563188e-05,0.999985604368029,4
"20326",3.65395905434752e-08,2.08472272675634e-19,0.050483496743892,0.949516466716517,4
"20328",1.01133778069953e-13,6.25485729292439e-28,7.22346737818018e-05,0.999927765326117,4
"20330",0.994920870017801,0.000579398478579946,0.00449973140428479,9.93338427388092e-11,1
"20336",0.97983256522061,0.0187457269586985,0.00142170780380637,1.68855932560663e-11,1
"20338",0.00164791269248623,0.998352087133164,1.74349705217679e-10,7.00386619054347e-23,2
"20340",0.997500222832122,0.00248731184248189,1.24653253723849e-05,2.3725343211655e-14,1
"20342",1.90295489355154e-09,7.56187599196305e-21,0.00434870385604473,0.995651294241,4
"20344",0.48809216488068,2.47631129922185e-07,0.51189634101595,1.12464722401816e-05,3
"20349",0.996925911172523,0.000124534174720055,0.00294955442348647,2.29270826637279e-10,1
"20351",0.0530413754027908,2.64560507701211e-09,0.946696733743104,0.000261888208500102,3
"20353",0.968449427054374,0.0314436346014191,0.000106938344120768,8.57315262854744e-14,1
"20357",0.43427511511618,0.565709364188525,1.55206952885334e-05,6.62678659848825e-15,2
"20360",0.76743586803874,0.232528063083878,3.60688773603805e-05,2.15605162822592e-14,1
"20364",0.692389730785331,4.81597287098926e-06,0.307604305490991,1.14775080807938e-06,1
"20366",0.978490114470755,0.00301533204954857,0.0184945500691289,3.41056714818469e-09,1
"20381",0.609561099208631,1.24646574063527e-05,0.390421082127394,5.35400656864891e-06,1
"20391",0.995635327756309,0.00200201941874148,0.00236265279922793,2.57216137295267e-11,1
"20394",1.58331942286262e-06,3.2358596242515e-17,0.633024224616922,0.366974192063655,3
"20396",1.52801722655369e-13,1.19491387550481e-27,8.41208348815972e-05,0.999915879164966,4
"20409",0.108876508989204,7.44574999183777e-08,0.890867820928668,0.000255595624628544,3
"20411",0.406792099692102,0.593206512706715,1.38760118272157e-06,3.55860084908488e-17,2
"20416",0.00729669785927398,0.992703301839955,3.00771028435968e-10,1.01025389192509e-21,2
"20418",2.61210366888148e-15,2.99629314878768e-30,5.58103055777603e-06,0.99999441896944,4
"20420",0.000385496918529315,8.84393268320891e-12,0.957746405195795,0.0418680978768313,3
"20422",0.993028521299712,0.000298319154666453,0.00667315621866512,3.3269563827885e-09,1
"20424",0.115615187363566,0.884384774275254,3.83611793999757e-08,5.94497174693525e-20,2
"20426",0.943228016110768,0.0480165733557613,0.00875540112893125,9.40453988927503e-09,1
"20428",0.0860869845248865,9.12100307373552e-09,0.913812958934544,0.00010004741956693,3
"20431",0.000715361093596692,5.0797042290234e-12,0.946276514043274,0.0530081248580497,3
"20433",2.674147092432e-10,4.84571206827702e-23,0.00129961886747005,0.998700380865115,4
"20436",0.965529670205904,3.47771413353354e-05,0.0344355010671969,5.15855635937787e-08,1
"20439",7.96586424164637e-15,1.53872227568841e-29,9.83190982587539e-06,0.999990168090166,4
"20441",0.0719883440696022,0.928011345320388,3.10610009805229e-07,1.02368382524357e-17,2
"20444",9.18831584437366e-15,1.19126569794413e-28,8.00006252647795e-06,0.999991999937464,4
"20448",0.00033052083365041,0.999669479159199,7.15080351972218e-12,1.72554532599851e-24,2
"20536",5.94186720243959e-07,1.99654712293851e-18,0.370629265993732,0.629370139819548,4
"20538",0.990441396926907,0.00121897615738862,0.00833962571044235,1.20526212650813e-09,1
"20541",0.0194716240226677,0.980528375085499,8.91833677723825e-10,9.94119832111733e-22,2
"20544",0.000350350626463461,3.40858842288857e-13,0.994394225311032,0.00525542406216358,3
"20546",0.993660287909671,0.00590903705486657,0.00043067503382264,1.64025497384056e-12,1
"20550",0.0771045601930006,4.47186860384314e-08,0.922756370118625,0.000139024969688309,3
"20553",0.000160483702729497,0.999839516297007,2.63741014553384e-13,4.53328344690371e-25,2
"20555",0.0971210893301251,6.04067393726091e-06,0.902859356893865,1.35131020726307e-05,3
"20557",0.537247931421637,0.46272723144109,2.48371372671252e-05,5.91541895487878e-15,1
"20559",0.841343396333536,0.158653656294669,2.94737179551756e-06,1.3647546508014e-16,1
"20561",2.69009116900792e-10,8.76584933859487e-23,0.00502945134815415,0.994970548382837,4
"20564",1.63156503765378e-15,9.02555772343978e-30,2.22584375556028e-06,0.999997774156243,4
"20566",0.98255294104993,0.0172746655309847,0.000172393418860877,2.23974138200821e-13,1
"20569",1.42660074490355e-08,8.79524633014399e-20,0.0536505405166472,0.946349445217345,4
"20572",7.10950718669636e-06,1.34546740512249e-15,0.364606038635213,0.635386851857599,4
"20574",0.902525504253347,1.69870614144454e-05,0.0974570838812673,4.24803971365066e-07,1
"20576",2.38284823873873e-14,2.16010738169835e-28,1.1562494194717e-05,0.999988437505781,4
"20578",0.00541929178919091,6.4636503112717e-11,0.991519389980831,0.00306131816534122,3
"20580",0.0261531900809831,1.23963524424455e-09,0.973508165960815,0.000338642718566787,3
"20583",5.34362919131375e-15,1.8596326201668e-29,5.03528414600803e-06,0.999994964715849,4
"20586",1.6757765750089e-07,5.13877368851427e-19,0.0692065557986251,0.930793276623717,4
"20589",0.939340569692263,0.0606579447438911,1.48556384608615e-06,1.46883118904451e-17,1
"20591",0.445031972233742,1.09176884652204e-05,0.554956557378447,5.52699345740857e-07,3
"20593",0.99734318879904,8.66855282253665e-05,0.00257012422852067,1.44421322628114e-09,1
"20595",0.998664441458779,0.000366648102769854,0.000968910422137353,1.63137441680972e-11,1
"20597",0.991856281543248,0.00484840320587069,0.0032953150900774,1.60804023027448e-10,1
"20599",1.23318134335559e-14,1.56464243546044e-28,6.56300456747192e-06,0.99999343699542,4
"20601",2.03567535444919e-06,9.21181300152736e-17,0.846136353763751,0.153861610560894,3
"20604",0.0139909618992692,0.986009038031915,6.88154828425354e-11,5.9225048324546e-23,2
"20606",0.109618848186954,0.890381134914399,1.68986470657484e-08,6.15608385809854e-20,2
"20608",0.850670405751729,0.149326814112538,2.78013573229455e-06,8.31800092809796e-17,1
"20610",1.62257822617812e-12,1.21377833867376e-25,0.000108915025526658,0.999891084972851,4
"20612",6.10899243616869e-11,1.17456436367357e-23,0.00061112576623838,0.999388874172672,4
"20614",3.83254032634837e-14,4.93198810205363e-28,2.34080325837525e-05,0.999976591967378,4
"20616",2.46415764106787e-09,1.95009787516076e-21,0.0124282802329492,0.987571717302893,4
"20618",0.923161568910417,0.000601964546575034,0.0762363916990754,7.48439321268194e-08,1
"20620",0.869541880267178,0.1304272719981,3.08477346918828e-05,2.95880293706643e-14,1
"20622",5.8453652860523e-11,4.78195086415009e-23,0.000717355166084384,0.999282644775462,4
"20624",0.772777723992552,0.227213666774277,8.60923316863559e-06,1.81602385962696e-15,1
"20626",0.973731406349292,2.72568445572357e-05,0.0262413227600715,1.4046079174626e-08,1
"20628",0.964343055086449,2.55324481314449e-05,0.0356314050376401,7.42777905111873e-09,1
"20630",0.968711439353539,0.000154714823124674,0.0311338156772494,3.01460872656358e-08,1
"20632",1.33536860491272e-14,6.32376621465907e-29,1.36721161566337e-05,0.99998632788383,4
"20634",0.97881959646742,5.84075369850389e-05,0.0211219774014229,1.85941724895041e-08,1
"20637",2.67598852448216e-08,0.999999973240115,1.65280121641372e-19,3.83412477291625e-35,2
"20639",5.43208448098116e-13,3.46520779794748e-26,0.000241654943548566,0.999758345055908,4
"20644",0.985856911132983,0.0140268579261525,0.000116230936621551,4.24330206130558e-12,1
"20646",0.00223113973951348,1.38175833248634e-12,0.954262409023063,0.0435064512360416,3
"20648",4.94287090107817e-06,1.00920245201999e-15,0.794023294705475,0.205971762423623,3
"20650",0.987201963473762,0.000150522255916742,0.0126475052713453,8.99897591120153e-09,1
"20653",9.17437185316734e-05,2.36163946923227e-13,0.931425903682924,0.0684823525983085,3
"20658",0.997074516158607,0.00243662098722999,0.000488862846147834,8.01543872800923e-12,1
"20661",4.97100575573754e-05,1.02583273049882e-14,0.640583622093406,0.359366667849026,3
"20663",2.92585152024726e-05,1.13718197951015e-15,0.847888207412347,0.152082534072449,3
"20665",1.1624143143314e-06,6.79431647217014e-17,0.0879541304089443,0.912044707176741,4
"20667",0.000315299313436145,5.04329620204629e-13,0.985373943569543,0.0143107571165162,3
"20669",7.07802395450475e-08,4.6499535252792e-19,0.0484617196703805,0.95153820954938,4
"20671",0.841350999899324,0.158566266116233,8.27339842216611e-05,2.21330250210151e-13,1
"20673",8.17844265617773e-14,2.88629284309748e-28,7.00251210739308e-05,0.999929974878844,4
"20675",4.04403931557727e-05,3.31113301541838e-15,0.934309465088407,0.0656500945184343,3
"20677",0.00628210996511139,3.54483633441057e-11,0.993217470515046,0.000500419484393785,3
"20679",1.57898490319814e-10,3.95020807919482e-23,0.00382018471352695,0.996179815128575,4
"20681",3.99107117135874e-12,4.60011908067089e-26,0.00127436683290071,0.998725633163108,4
"20683",2.44762108757988e-07,1.14122476232074e-18,0.0810134305116907,0.918986324726201,4
"20685",0.00841514975816456,3.23738004671923e-08,0.991348915964269,0.00023590190376626,3
"20687",6.80219128901753e-15,2.28556827382116e-29,9.97687702573949e-06,0.999990023122967,4
"20689",0.972717040879325,0.027246478226353,3.64808938717042e-05,4.50519794213233e-13,1
"20691",7.28694756534893e-16,6.97759523266249e-31,1.9910479982835e-06,0.999998008952001,4
"20693",0.998789080209509,0.000367754537476907,0.000843165233388916,1.96246568586141e-11,1
"20695",7.24481492754123e-12,4.414994300738e-25,0.000805073413321667,0.999194926579434,4
"20697",0.986749641774917,0.0130682597386852,0.000182098484191356,2.20611919047232e-12,1
"20699",0.777160202123713,3.12125347976412e-06,0.222836438721373,2.37901434242688e-07,1
"20701",0.0182625032280018,2.28356718694419e-10,0.981398850284736,0.00033864625890555,3
"20703",0.000103605168003747,1.50811052967152e-13,0.784403687077843,0.215492707754003,3
"20705",0.0576823344594535,7.06139313504329e-09,0.942004694391424,0.000312964087728927,3
"20707",7.47600473554515e-08,1.95393421335995e-19,0.153060214854006,0.846939710385947,4
"20709",2.40367848495929e-08,7.74648889139422e-20,0.0143296919467824,0.985670284016433,4
"20713",0.0389035082151045,1.00776000848761e-07,0.961044405998212,5.19850106822846e-05,3
"20715",0.986793658260723,0.000258139049053314,0.0129480004675593,2.02222664038668e-07,1
"20717",2.5351389157888e-11,1.52378646839048e-24,0.00545703742793371,0.994542962546715,4
"20720",0.987959473351038,0.0118576800888603,0.000182846559852024,2.49888394639398e-13,1
"20722",0.624677232917405,1.41455181940444e-06,0.375319139075343,2.21345543286851e-06,1
"20724",2.51044484516675e-12,1.34616130754341e-25,0.00043657626746176,0.999563423730028,4
"20726",0.999073349322785,0.000722406278091083,0.00020424439869963,4.24624076372224e-13,1
"20728",6.45158634140538e-13,5.82103952356823e-27,0.000458054584616378,0.999541945414738,4
"20730",4.50167613381424e-08,2.63505820167073e-19,0.129016132161998,0.870983822821241,4
"20732",0.000139168514540091,4.90598841894911e-14,0.910671838027467,0.0891889934579438,3
"20734",0.000332842118138641,3.79368121357749e-13,0.983463036839198,0.0162041210422843,3
"20736",6.48528904151526e-13,1.75454063122035e-26,0.000120050594558529,0.999879949404793,4
"20738",1.40835267905879e-15,1.2502943866486e-30,2.44092417744233e-06,0.999997559075821,4
"20740",0.00434028352596045,5.71675599964836e-11,0.990549652947432,0.00511006346943961,3
"20742",5.9215180858518e-05,1.26358183530906e-13,0.970160200783248,0.029780584035767,3
"20744",5.45773849224773e-08,5.40445010987158e-19,0.0531217089542222,0.946878236468393,4
"20746",8.07169330616357e-06,1.71271475589031e-16,0.689136525848337,0.310855402458356,3
"20748",2.01467404256446e-12,1.63072371859971e-25,0.000453391313406737,0.999546608684579,4
"20750",2.17955129904979e-06,6.86685414097649e-17,0.38703144633293,0.612966374115771,4
"20752",0.973349022160601,4.87331138479985e-05,0.0266022423752735,2.35027747982384e-09,1
"20754",3.14305403724139e-12,4.34832392664373e-26,0.000402781996962741,0.999597217999894,4
"20756",3.14363748112127e-05,3.25351188930092e-15,0.73837881640524,0.261589747219946,3
"20758",1.45168072554146e-09,6.94765257978568e-22,0.00400510954188392,0.995994889006436,4
"20760",1.44573529602676e-11,1.40932718101e-24,0.0011660607359158,0.998833939249627,4
"20762",1.89556205780198e-14,2.54631322849509e-29,2.8165631372578e-05,0.999971834368609,4
"20764",2.46503046242064e-09,6.05038082784909e-21,0.0111401930965151,0.988859804438455,4
"20766",1.05618022683771e-12,4.08709327486035e-26,0.000352272017693578,0.99964772798125,4
"20768",1.0788885793073e-13,8.24267920734453e-28,4.03528914075698e-05,0.999959647108485,4
"20770",1.96928837383073e-06,1.96663924394166e-17,0.260898103551603,0.739099927160023,4
"20772",0.885816701969512,0.114179961443887,3.33658659957123e-06,6.48943347757598e-16,1
"20774",0.451281353609326,3.71549074578255e-07,0.548617831487289,0.000100443354309861,3
"20776",8.97189345593601e-16,5.17528904888308e-31,2.75082243947409e-06,0.99999724917756,4
"20778",0.98647462143565,0.0133495964380686,0.000175782115576229,1.07055165830824e-11,1
"20780",4.16301745822093e-11,3.36687671692905e-24,0.000814421254289308,0.999185578704081,4
"20782",1.20239200504493e-09,6.53706403996765e-22,0.00790791093836922,0.992092087859239,4
"20784",5.65198116884653e-15,5.76572917450345e-30,9.02275733640585e-06,0.999990977242658,4
"20786",6.23905833262611e-14,4.72423765333155e-28,1.93634794801757e-05,0.999980636520458,4
"20788",1.4568299582332e-06,2.3451019502696e-17,0.705478433675736,0.294520109494306,3
"20790",5.44787349523523e-09,5.88442284737446e-21,0.0271253805849865,0.97287461396714,4
"20792",0.00397675736176105,2.25270660041583e-10,0.988227192813158,0.00779604959981022,3
"20794",3.39754289787099e-10,1.47738180986929e-22,0.00449038964508212,0.995509610015163,4
"20796",0.998536355915787,0.000677799024355805,0.000785845052236246,7.62057166013962e-12,1
"20798",5.75136660277582e-16,6.10139360429519e-31,1.52297034664392e-06,0.999998477029653,4
"20801",2.53142556644732e-13,4.93238302813403e-27,4.2647392978488e-05,0.999957352606768,4
"20803",7.65299225902501e-07,4.31802674758323e-18,0.628099267029532,0.371899967671242,3
"20805",7.74005842498774e-05,1.80506974752566e-14,0.881828178833247,0.118094420582485,3
"20807",7.46413346737924e-16,1.19657604553706e-30,1.6745274257917e-06,0.999998325472574,4
"20809",4.63292531212925e-06,3.3648321825791e-16,0.371626603030795,0.628368764043893,4
"20811",1.22772241342717e-11,2.52086938899109e-24,0.000272387414727408,0.999727612572995,4
"20813",0.00807749660251108,2.9574900720325e-10,0.99146176135038,0.000460741751359872,3
"20815",2.20050676323977e-15,4.24038200800266e-30,3.50374258203957e-06,0.999996496257416,4
"20817",5.51776317694237e-14,3.74426451466588e-28,5.01685923455065e-05,0.999949831407599,4
"20819",0.168730405014642,1.48131580243607e-07,0.831264317598595,5.12925518293228e-06,3
"20821",7.7656685597267e-06,4.18605708679353e-16,0.171805301555568,0.828186932775872,4
"20823",6.66180743211208e-05,1.31991496033892e-14,0.932081990526786,0.0678513913988798,3
"20825",6.30200617987914e-13,1.2816237090963e-26,0.00023688195872143,0.999763118040648,4
"20827",7.20778653377597e-06,2.35002611149301e-15,0.3985213678525,0.601471424360964,4
"20829",0.944270654346061,3.65337557118774e-05,0.055692706118904,1.05779322932727e-07,1
"20831",1.52646027364709e-07,3.02948107271584e-18,0.119552888889769,0.880446958464204,4
"20833",1.14626682577594e-14,1.91227480430565e-29,1.49034257863121e-05,0.999985096574202,4
"20835",8.01708709587651e-10,9.37887195514253e-22,0.0145591648186388,0.985440834379652,4
"20837",4.47432824308296e-12,2.09016724382133e-25,0.000922328792127832,0.999077671203398,4
"20839",5.2047167285289e-08,3.07301698508277e-19,0.123638078011292,0.876361869941541,4
"20841",5.99152514826999e-06,2.0780494791074e-16,0.381877854009739,0.618116154465113,4
"20843",6.07099452597897e-06,2.57038094736458e-16,0.787049842382805,0.212944086622669,3
"20845",6.28780354294367e-08,2.84404297413302e-19,0.0709224184741051,0.929077518647859,4
"20847",0.00261900853215884,1.15424130088683e-11,0.996538157125159,0.000842834331139712,3
"20849",1.53512306042146e-06,2.09491660711653e-17,0.186379537874353,0.813618927002586,4
"20851",4.05786477142455e-07,2.90399525311707e-18,0.111117346701493,0.88888224751203,4
"20853",0.992710670075164,0.00327446985357589,0.00401485987205703,1.99202837976646e-10,1
"20855",0.997801537144783,4.44301805552889e-05,0.00215403261365935,6.10021056543685e-11,1
"20857",0.0927763645286717,2.73870644982938e-08,0.907187234030212,3.63740540513853e-05,3
"20859",0.84605312667996,3.89426946394829e-06,0.153942553638776,4.25411800682266e-07,1
"20861",0.963154298653432,0.0253477184064092,0.0114979822892873,6.50871318343625e-10,1
"20863",4.05757165888185e-09,2.87244917501036e-20,0.0267288394765458,0.973271156465882,4
"20865",4.57336308267787e-10,1.00030253421321e-22,0.00426868852036741,0.995731311022296,4
"20867",0.517270395539583,0.482729250302648,3.54157769018559e-07,5.38607933464203e-17,1
"20869",1.86924408318855e-10,5.63034938494412e-23,0.00332197756869079,0.996678022244385,4
"20871",0.773089037254723,0.226907297905061,3.66484020848122e-06,7.21024743124235e-15,1
"20873",0.941683454703268,0.0583064058373719,1.01394593402799e-05,2.03518771498334e-14,1
"20875",0.535754750917419,9.64839208429114e-07,0.464243602372463,6.81870908774023e-07,1
"20878",1.4690628247525e-10,9.45731187670206e-23,0.00102893207925103,0.998971067773843,4
"20880",4.18776431349255e-14,1.20357093084349e-28,2.56320966702212e-05,0.999974367903288,4
"20882",0.000374961319248982,2.86830808374735e-13,0.80252216153525,0.197102877145214,3
"20884",1.12460369856464e-14,2.78424753115537e-29,1.95744244992527e-05,0.999980425575489,4
"20886",5.12331302483819e-07,1.09511626764175e-17,0.114713261658593,0.885286226010105,4
"20888",3.9005966898952e-09,1.38162834574987e-20,0.0141950609499758,0.985804935149427,4
"20890",6.79506849814733e-05,6.33539504073225e-14,0.978892658290393,0.0210393910245627,3
"20892",0.117304266304464,1.02721223134216e-07,0.882687036120957,8.59485335590861e-06,3
"20897",0.809757991928487,9.28753889572981e-05,0.190149003403881,1.29278674867187e-07,1
"20899",0.287449106030596,1.18340531908088e-06,0.712537452579047,1.22579850378671e-05,3
"20901",0.162501817611739,0.837497806411172,3.75977089328391e-07,2.28423858810382e-17,2
"20903",0.993865283005836,0.000590400214794785,0.00554428793023521,2.88491335799496e-08,1
"20905",0.000549287493345991,1.25598867147863e-12,0.866093355922388,0.13335735658301,3
"20907",0.999392237127496,0.0003279736868874,0.000279789184168606,1.44788560586755e-12,1
"20909",0.000221961990743981,8.79577804571755e-14,0.952894004140504,0.0468840338686639,3
"20911",0.0167184224746161,0.983281574253171,3.2722131800257e-09,4.22801359957941e-20,2
"20913",0.000179553616861425,2.00622464380508e-13,0.92862969332095,0.0711907530619879,3
"20962",0.545492115894406,6.51697661365236e-07,0.454504423144364,2.80926356851987e-06,1
"20969",0.990625959673151,0.00873745586135944,0.00063658442432557,4.11634292956775e-11,1
"20980",0.953667540303167,0.0462911567211486,4.13029756820881e-05,1.92041516405317e-15,1
"20982",0.999090628555974,0.000299546823145772,0.000609824620040735,8.39354430539059e-13,1
"20984",0.0202577015241874,7.88451401010794e-09,0.979642784590292,9.95060010062596e-05,3
"20994",0.0586678688088662,0.941332052551849,7.86392844546718e-08,1.55392065808813e-18,2
"21015",8.84051264200503e-06,1.65220123718741e-14,0.694992605146624,0.304998554340718,3
"21023",0.566998156172711,0.433000852451351,9.91375938133078e-07,3.69733008283801e-17,1
"21040",8.12803889632969e-06,0.999991871961103,1.09483870421941e-15,1.30285990631974e-30,2
"21073",0.961536762748461,0.00041240034151454,0.0380508272608234,9.64920088217659e-09,1
"21222",1.20815491343076e-05,2.48617321956337e-15,0.724214961807447,0.275772956643416,3
"21224",0.822497719415264,2.5703613951111e-05,0.177476242392302,3.34578482324227e-07,1
"21228",0.442628878014612,2.67571230945169e-05,0.557334965154023,9.39970827037062e-06,3
"21232",0.997928575777282,0.00143066487600948,0.000640759343914866,2.79390223020941e-12,1
"21237",7.57277286728413e-05,2.52987686508118e-14,0.656316650984678,0.343607621286624,3
"21240",8.18903450481298e-08,1.79154642150308e-18,0.158967724367884,0.841032193741771,4
"21245",3.36469923018946e-07,8.35022377086478e-18,0.154608271800049,0.845391391730028,4
"21252",0.0287618366910731,1.58951794803085e-09,0.970876112784342,0.00036204893506692,3
"21254",0.918122848346558,0.081790095921036,8.70557323722891e-05,3.35893413570177e-14,1
"21258",0.79648874996015,8.7160296099137e-06,0.203502431122447,1.02887793165781e-07,1
"21264",3.51236792926535e-06,3.34375624519756e-16,0.60126575783251,0.39873072979956,3
"21305",0.000414009633764734,5.93085882070385e-13,0.92887448780012,0.0707115025655219,3
"21333",0.99596189180003,0.00358398859247923,0.000454119607115851,3.75270678377755e-13,1
"21366",3.44214642645309e-05,1.03873749606472e-14,0.78575567814439,0.214209900391335,3
"21377",5.26065274443908e-08,7.84595260269809e-19,0.0271835361409558,0.972816411252517,4
"21380",0.0531034825227549,5.51053032959796e-09,0.945267637819121,0.00162887414759346,3
"21387",0.307874896770614,1.73188170589839e-06,0.691973540739362,0.000149830608317813,3
"21390",0.62423609507659,1.94715841337978e-06,0.375753482097394,8.47566760356712e-06,1
"21392",0.0531720792446129,1.99592659131098e-08,0.946817008300189,1.08924959325441e-05,3
"21403",1.95554352537659e-06,1.89444814711922e-17,0.184514573213465,0.815483471243009,4
"21408",0.99661896170196,0.00245464735663512,0.000926390872304383,6.91001400539154e-11,1
"21412",0.00596095759692631,0.994039036397471,6.00560233857344e-09,3.04290472157234e-19,2
"21421",0.0770722420430524,1.15874875528629e-07,0.922919568761575,8.07332049641288e-06,3
"21424",2.22611016696242e-05,0.999977738898314,1.63460205233287e-14,2.12961801542275e-28,2
"21429",0.0437537242462071,0.956246259839843,1.59139500267654e-08,5.47010004697116e-20,2
"21431",0.0254432706358565,5.65089230804598e-09,0.9744992525879,5.74711253514462e-05,3
"21436",4.69604585991351e-08,5.56842976762723e-20,0.055265861319971,0.94473409171957,4
"21439",0.987120998037566,0.0126379550978797,0.000241046864103094,4.51255517308029e-13,1
"21442",0.000792280389185141,2.50090848480385e-12,0.980360278069037,0.0188474415392767,3
"21444",3.98204642572078e-12,2.94486340593486e-25,0.00101391941667077,0.998986080579347,4
"21446",0.614104579966381,5.98088300278299e-05,0.385825744561505,9.8666420860035e-06,1
"21448",9.77696018751828e-06,3.94328938572641e-14,0.51454871206697,0.485441510972803,3
"21450",0.000148412371516667,1.25179892366075e-13,0.9074430733215,0.0924085143068579,3
