"","V1","V2","V3","V4","V5","V6","best$classification"
"19812",0.0356685464410103,0.0164830337929538,0.000446517108509469,0.947276794604198,0.000122223394614912,2.8846587135855e-06,4
"19814",0.000872223387950911,0.00127296919430328,9.88773893668528e-06,0.994900797541718,3.23554148475149e-06,0.00294088659560675,4
"19816",0.00848135250507893,0.976606513184177,3.49647947576977e-06,0.0147833449881995,0.000123609735763328,1.68310730586339e-06,2
"19818",0.000522457393376646,0.0362993326521947,2.85652129688863e-05,0.952735049014905,3.76259027372371e-05,0.0103769698238178,4
"19820",0.000152561722515699,0.999814423295557,3.26463900321918e-05,2.52701765700791e-07,1.13621175723091e-07,2.26895409667083e-09,2
"19822",0.0304324016950336,0.922607578684334,0.04694591460416,6.89141946775354e-06,3.14795119738121e-06,4.06564580751945e-06,2
"19824",9.77937443699215e-06,0.997912214433302,3.75438373366968e-05,0.000624542972629781,0.000267870105732082,0.00114804927656237,2
"19826",0.101057588053625,0.0240169616091812,7.04075173228066e-06,0.859082286427303,0.0157732122451503,6.29109130089086e-05,4
"19828",0.00018346961560575,0.999152815656788,0.000193786811361404,0.00046747224707249,3.7040125104416e-07,2.08526792164196e-06,2
"19830",0.0715721620348105,0.000134730376030339,0.000265916676533243,0.926419787425841,0.00142516249564973,0.000182240991134756,4
"19832",0.0352356266152018,0.119172648906704,0.623919009913709,0.221657862808437,1.18222086996101e-05,3.02954724873418e-06,3
"19834",0.675291806961826,0.292406584986391,0.00342244583123161,0.028740740714677,1.50318359578267e-06,0.000136918322278112,1
"19836",0.0101019938139871,0.254474661474373,0.000164759909343706,0.572622330223348,0.162633068971169,3.1856077788561e-06,4
"19838",0.000907784842462616,2.7183509438634e-05,3.65695535375794e-05,0.998392506642956,5.88298870321659e-06,0.000630072462901993,4
"19840",0.719406152274194,0.226880391697161,6.48426133181377e-06,0.0521185926667007,0.00158048842479531,7.8906758170497e-06,1
"19842",0.000808350308956554,4.67048094366635e-06,1.4340178751535e-07,0.0741124704559496,0.92504561375881,2.87515935530422e-05,5
"19844",4.07705965452226e-07,6.95798647255239e-06,4.2071533796855e-08,1.90724807173394e-05,2.04757296914561e-05,0.999953044025619,6
"19846",1.17660085430506e-05,5.22832811729853e-06,9.63103141391364e-08,0.887829216468359,0.00286789953720835,0.109285793347459,4
"19848",2.94215901033013e-05,8.14894659293983e-06,3.58142110205308e-07,0.957775766046438,0.000184824077470276,0.0420014811972857,4
"19850",0.000174497913477544,0.000126278633105562,2.37808734151841e-06,0.744272023182114,5.22319376889366e-05,0.255372590246273,4
"19852",0.00864749686131664,0.661910456754084,0.000139753170189548,0.328728683104467,2.64763493678842e-05,0.00054713376057437,2
"19854",8.35306200271366e-05,7.75610598778736e-06,8.54801588706838e-07,0.995304984518148,4.53470653302441e-05,0.00455752688891796,4
"19856",0.000624151631549725,0.000450859520756816,8.89776207588789e-06,0.0166200605461194,0.000208400124680708,0.982087630414818,6
"19858",0.000137923717293237,0.0204068922512708,0.000114190580113867,0.00276638030013634,3.78960652478811e-05,0.976536717085938,6
"19860",0.167964210222426,0.24690225306311,6.25616271136659e-05,0.584954335263235,5.66640418703781e-05,5.99757822457405e-05,4
"19862",3.04029147130193e-05,2.39537671618337e-06,1.04993642039717e-07,0.984528776050373,0.00979209849885626,0.00564622216569943,4
"19864",1.14394836350722e-06,1.53842221541389e-05,7.46475070288361e-08,7.68416493659603e-06,0.999973096424532,2.6165925070925e-06,5
"19866",0.0747890304205,0.878977699959062,1.02127917799726e-05,0.00297922800322734,0.0432420662802132,1.76254521775683e-06,2
"19868",0.00583025608514511,5.34754399641093e-06,0.994021470807942,6.94543451270852e-05,3.09173870078815e-07,7.31620439194027e-05,3
"19870",5.22107212958097e-05,0.00017477152761226,1.42160204490518e-06,0.99657773075461,0.000885867858906987,0.0023079975355299,4
"19873",0.00130808303036565,0.0200607283227976,4.55371370682191e-06,0.975829109851852,0.00194080198030326,0.000856723100974838,4
"19875",0.0333283490277396,0.963882636514432,0.000216945712197635,0.00257044056480926,1.54457079956352e-06,8.36100218179851e-08,2
"19877",0.00410713386216766,0.00226047994186402,1.32846548842703e-05,0.991273621613881,9.46964855965192e-05,0.0022507834416064,4
"19879",0.0255396790738396,0.256641271577623,0.000943748456126002,0.710756831932557,0.000257550393271533,0.0058609185665831,4
"19881",0.00362653281120997,0.00710095694419433,6.51326997784211e-06,0.961821625718253,0.025962089014377,0.00148228224198795,4
"19883",0.00168155765259736,0.002313502171561,7.34187963718776e-07,0.718242910818758,0.277662362625744,9.89325433759637e-05,4
"19899",0.929743350367426,0.0279812185621656,0.000412242294642145,0.0415524688253442,0.00030477186432791,5.94808609428816e-06,1
"19908",0.973205218661409,0.00307910797633168,0.00091793454906096,0.000252784674757335,0.0222427321032077,0.000302222035232793,1
"19910",0.00174902472586911,0.328464913941745,4.63766727297889e-05,0.668915339051995,0.000463534556459302,0.000360811051201667,4
"19912",0.00597920414781183,1.08407246492289e-05,3.82959774421113e-07,0.510705051263133,0.482084132854104,0.00122038805052787,4
"19914",0.406180093727865,0.107666061890415,0.00240596028412916,0.48255455362022,0.000126127755068722,0.00106720272230194,4
"19916",0.000424793678992134,0.613664811492208,4.1625210767142e-05,0.000265968615653844,0.385298634736152,0.000304166266226501,2
"19918",4.45235015963872e-05,0.000237418781832645,1.31757162197473e-07,0.908652956760049,0.00192746401759952,0.0891375051817608,4
"19920",9.5062101828276e-05,1.37606175248198e-05,7.84848667862566e-08,0.116582774396451,2.84139976679108e-05,0.883279910401661,6
"19922",0.000109313320412755,0.0111157010773979,0.757817293180446,0.230935626696282,7.87872701691675e-06,1.41869984446032e-05,3
"19924",0.00549581225895952,0.00587361640945381,5.75267547371083e-06,0.958422499039887,0.000184949553461749,0.0300173700627637,4
"19926",0.711381484729324,0.170533620741742,0.0059038988400984,0.0991938892982236,0.012986419780826,6.86609785709355e-07,1
"19928",1.38875049795397e-07,3.95657429658544e-08,5.83504334707648e-09,1.38467869636829e-06,0.999996556050137,1.87499533083273e-06,5
"19930",0.000121079985302564,0.000451131665438134,5.55620472068247e-06,0.999230752573372,5.02369594119172e-05,0.000141242611754781,4
"19932",0.000112373353067781,1.81382492831769e-05,3.24655712190533e-06,0.998320530651073,1.37154744208665e-05,0.00153199571503352,4
"19934",0.0321949532807883,0.939547072596666,0.00153762442405165,0.0266067418721938,1.59017946998052e-06,0.00011201764683032,2
"19936",0.0495554989942313,0.00641088398630772,0.000284154366275677,0.943533348930184,2.90440414376768e-05,0.000187069681563481,4
"19938",0.126471939323195,0.871649219916546,0.0015833112067893,0.000225270605921032,2.29169231666668e-05,4.7342024382018e-05,2
"19940",0.000344813537531975,0.0668986303477336,5.99834074422855e-06,0.903924687710194,0.0282871961604049,0.000538673903391035,4
"19942",1.0124019239157e-05,5.84939635660093e-07,2.0398407368346e-09,1.07683444175375e-05,0.999978037690163,4.82966704037872e-07,5
"19944",0.013985102082396,0.750454884434114,5.0165592864122e-05,0.233265503018012,0.00220438609737927,3.99587752348013e-05,2
"19946",0.00667018171360621,0.0831514533354558,4.46220117194331e-05,0.889476038475244,0.000195915924983857,0.0204617885389908,4
"19948",1.77450104374236e-07,7.9669987119611e-07,8.44129743820022e-10,5.41255583119044e-05,0.999942701420176,2.19802740637343e-06,5
"19950",1.00724864580207e-06,3.45810833822288e-07,9.08540389115074e-08,0.00167543787153392,4.6848190082279e-07,0.998322649733047,6
"19952",1.77450104374236e-07,7.9669987119611e-07,8.44129743820022e-10,5.41255583119044e-05,0.999942701420176,2.19802740637343e-06,5
"19954",6.96013832263846e-05,8.12802258870016e-05,1.5180346770813e-06,0.999129537518359,4.64419941088487e-05,0.000671620843741565,4
"19956",0.108693650147492,4.43188315763459e-06,4.6651819850635e-05,0.165692609431363,0.00716784071328524,0.718394816004851,6
"19958",8.53886081755449e-07,6.96719092501739e-05,0.998073108630447,0.00152646463888053,7.73795797699271e-07,0.000329127139542991,3
"19962",0.0176682734004643,0.160139970879786,0.00204572791961949,0.617369785723361,0.000514209806535787,0.202262032270233,4
"19964",0.000143826589920548,0.0379384311616177,1.64648497850027e-05,0.924886569027885,0.0244424087490014,0.0125722996217901,4
"19966",0.0281055517821856,0.960443301187545,4.14686234360374e-05,9.15960455429472e-05,0.0113180420812586,4.02800322361962e-08,2
"19969",0.00449730224866643,0.000312582371252639,1.26662662541118e-06,0.986884440006618,0.00818165562487305,0.000122753121964472,4
"19972",8.70067622748171e-05,0.00043913810515577,1.28465516343886e-06,0.83799662402505,0.0959938145487695,0.0654821319035865,4
"19974",2.98217768798278e-06,4.65859125934105e-07,9.81486076147702e-09,0.0833993939346524,0.0194294034680814,0.897167744745592,6
"19976",0.00287714732179708,0.01039575188338,8.61859233849072e-06,0.94207531840303,0.000282352465625743,0.0443608113338287,4
"19978",0.000989791638087002,0.753988781203425,4.7014111296716e-06,0.243057405084349,0.00146969446520552,0.000489626197804264,2
"19980",4.11029805752526e-05,6.14327121749934e-06,7.70723878515515e-07,0.79529289076405,3.39703593585083e-05,0.20462512190092,4
"19982",0.00130973397134249,0.00010450431675408,1.39462294774614e-05,0.141063851885782,1.15951299961552e-05,0.857496368466648,6
"19984",2.14976764421942e-06,7.48937158020615e-06,5.44414011422939e-08,0.000356306965400416,3.77962230921762e-06,0.999630219831665,6
"19986",0.00601125331321624,0.993800458896242,0.00018510506576192,1.7161869785059e-06,1.46312115263993e-06,3.41664836552797e-09,2
"19988",0.000912791233638599,0.998780418237326,0.000306613894549601,1.2148434410362e-07,5.3323338519458e-08,1.82680262125232e-09,2
"19992",0.0208216854160617,0.978886577317499,0.000288958821994416,2.56011657575666e-06,3.75496461891222e-08,1.80778222809292e-07,2
"19994",0.000483058237179744,0.000570926277615599,1.9455296336055e-05,0.998855168714843,3.74351118354812e-05,3.39563621902816e-05,4
"19996",0.000559539164929791,0.999403915836867,3.16408745249258e-05,4.79164310405244e-06,2.27415523985755e-08,8.973902153876e-08,2
"19998",0.372903574038848,0.0166059664374003,4.29321091115061e-05,0.126263837252891,0.477082557848866,0.00710113231288309,5
"20000",0.229423971744687,4.06947021696903e-05,0.00928730352979531,0.757252318316484,0.00341437868340349,0.000581333023460435,4
"20003",0.00695213618881408,0.00429305105482258,0.00011934045113902,0.987852326403202,0.000780802477742277,2.34342427954002e-06,4
"20005",2.90180760805905e-05,3.80709444206993e-06,1.03453681704164e-07,0.960260407062027,0.001370366629182,0.0383362976845866,4
"20007",0.383615628306833,0.401542705561488,0.00122727086485562,0.212746461500854,3.0598077417735e-05,0.000837335688552199,2
"20009",0.000862886190447817,0.99748694516772,0.000475100366839726,0.000342171826849979,0.000597345334449318,0.000235551113693617,2
"20011",0.000786937996119862,0.00305462429656439,4.01312466624857e-06,0.963884348161077,0.0225519659959802,0.00971811042559177,4
"20013",0.014288054395252,0.000319892034152233,7.35726662375275e-06,0.88218137870836,1.49445906083638e-05,0.103188373005003,4
"20016",0.00501506957709993,0.991599367350638,0.00336774692539622,8.9436633627539e-06,2.01679490077864e-06,6.85568860265231e-06,2
"20018",1.97527175826198e-05,0.00611659023677038,0.993863626139331,6.05733741050157e-09,2.39035023357459e-08,9.45476319653118e-10,3
"20021",0.00058149502973663,0.991378128019126,0.000268625916893961,0.00775676413284265,1.48981696348317e-05,8.87317663542854e-08,2
"20023",0.0611985607926811,0.884365832966968,0.000935783032127399,0.0533567790642692,4.6127271819161e-05,9.69168721352662e-05,2
"20025",0.00083291895046734,0.542703207742673,0.456447361898264,1.45050205775146e-05,1.94025059371319e-06,6.61374242280026e-08,2
"20027",0.0121737282672979,8.57714931994379e-05,1.55585670457898e-06,0.709618523605335,0.278087782972386,3.26378050770461e-05,4
"20029",0.000585697685820498,2.05361092271364e-05,5.58028038868184e-08,0.976538555234488,0.00758025553969803,0.0152748996279626,4
"20032",0.000432282348706829,8.1097083006085e-05,4.22914450860968e-06,0.994440414514545,0.0050217753614936,2.02015477393869e-05,4
"20034",4.64615941141913e-07,3.60536162334132e-06,5.89301550453536e-09,0.000197742557121343,0.999797763699252,4.17873046109918e-07,5
"20036",0.954387872585166,0.00119765363834701,3.50110841986896e-05,0.0270504435027179,0.000239497822932871,0.0170895213666378,1
"20038",0.189577916699575,0.806500819399725,0.00374433162714384,0.00017621199804259,7.17557726792949e-07,2.71778690610974e-09,2
"20040",5.72726841511109e-05,0.988835840736379,0.0108306574004483,2.9913063463717e-06,0.000270309108233061,2.9287644420122e-06,2
"20043",0.00923836062010103,0.98856988638891,0.000478694714496928,0.00171237092550272,2.04816401401969e-07,4.82534587656926e-07,2
"20045",0.000123129012665394,0.99514737132998,0.00472924858830658,1.74319107294098e-07,5.29249588106539e-09,7.14574447062951e-08,2
"20048",1.98393190504955e-07,1.33214463232555e-07,5.1327990135274e-08,3.73735540700872e-05,2.60539419317298e-07,0.999961982970867,6
"20051",0.10095230836116,0.275259948213348,0.0136476738216292,0.598810890775039,1.50233734658313e-06,0.0113276764914777,4
"20053",0.00212016181350012,0.989081438591618,4.79202534063944e-05,0.00843793597517204,0.000148633408569262,0.000163909957734006,2
"20055",0.852683297331809,0.119830961098712,0.0207258790472989,0.00673630622330801,2.35387391111595e-05,1.75597602649202e-08,1
"20057",2.40590565554519e-06,3.18371356005724e-07,0.999227178735269,6.54125870133575e-05,1.83997971628363e-05,0.000686284603543066,3
"20059",0.00158219754304493,0.988394107211814,0.00207825953955382,0.0072440600871644,0.000682842179861071,1.85334385617925e-05,2
"20061",0.0103497725438228,0.904109168832047,0.000244508501767954,0.0845711052873411,0.000596090162839475,0.000129354672181785,2
"20063",0.000392897088169748,0.00728407152052558,0.000201144836332616,1.51167274903334e-05,0.000770874094948047,0.991335895732534,6
"20065",0.000831317428456959,0.100098713681007,0.899067739969869,2.22033964322913e-06,8.51510225493458e-09,6.59218624809932e-11,3
"20067",0.00191984278200406,0.989656959850625,0.008094046323321,0.000156670028911913,1.36047738452997e-08,0.000172467410364184,2
"20069",7.07032564888112e-05,9.41933712853636e-06,1.38950503365382e-06,0.528523372727351,1.23840866591285e-05,0.471382731087339,4
"20071",0.992238005841447,0.00243470435242203,2.54294620677133e-05,0.00292398818390602,0.00235067169998281,2.72004601747967e-05,1
"20073",4.94037412592292e-06,0.0006388407028152,6.33117800472693e-07,0.128085884832021,0.000458881458003964,0.870810819515234,6
"20075",0.000931918766620658,2.79598495786804e-06,0.998971300016378,9.32904450521358e-05,4.26403837187223e-08,6.52146607832218e-07,3
"20077",0.586108103028877,0.409728105598336,1.78921308700561e-05,0.00386720014941765,9.44148288034498e-06,0.000269257609619472,1
"20079",0.0130560975287913,0.115756017958875,0.000826181929010261,0.0495335167918493,3.26453781743672e-05,0.8207955404133,6
"20081",0.0567950873410212,0.809134325495902,0.12939417106577,0.00467074197904132,5.88755717397992e-08,5.61524269337903e-06,2
"20083",0.153872304254207,0.00115765152380985,0.000200801978700672,0.00451969515070832,0.00175174974983106,0.838497797342743,6
"20085",0.0016520857347612,0.996604406952745,0.00174324538800473,2.41740458489647e-07,1.97127805312244e-08,4.71249695285059e-10,2
"20088",0.00380643411568874,0.995411163227365,0.000591340305874345,0.000190887682791349,8.44638365897818e-08,9.02044445121243e-08,2
"20091",0.000237306389949547,0.000997893087143173,0.99872439849584,3.89811739563707e-05,1.9367881427522e-09,1.4189163226931e-06,3
"20095",0.000933461936964865,0.0538974569968569,0.00015981147190457,0.0129089680677693,0.0412419952536769,0.890858306272827,6
"20097",0.0063443647584967,0.98591485704186,0.00774028481056777,4.82778171014402e-07,9.87400131141019e-09,7.36902860970773e-10,2
"20099",0.00011573866619636,0.869688101888016,1.32971076528098e-06,0.00154182957752447,0.125708180956552,0.00294481920094619,2
"20102",0.000221785916545094,0.000854773723158384,0.0553523369473488,0.00158898297774646,3.81442790617111e-07,0.941981738992411,6
"20105",0.00100077809267355,0.995234036839404,0.000182295226681474,0.00321802437830356,3.84065289892803e-07,0.000364481397647301,2
"20107",0.0569596283865845,0.942759162930477,5.33425892528505e-05,0.000225337619413642,2.13585871097502e-06,3.92615561459242e-07,2
"20109",1.93674908034836e-05,0.787679801880366,1.11841444156444e-05,0.0235018788745708,0.00103517594218744,0.187752591667656,2
"20111",8.30003060661621e-05,6.22709775639497e-05,0.561509900057077,0.429529333470725,2.48227983526193e-05,0.00879067239021567,3
"20113",0.748043228124673,0.240139354068311,2.6965928929894e-05,0.00272963398094119,0.00906039072296669,4.27174178518215e-07,1
"20115",2.05864316672222e-05,5.34652283997903e-05,0.000172390631062038,0.996051918141851,0.00335795350055023,0.000343686066469501,4
"20117",0.0165185015294439,0.0816729926655992,0.501169814479152,0.000700420102502787,0.399934086475787,4.18474751495352e-06,3
"20119",0.0377167141961628,0.913651032965152,1.74006835710846e-05,0.000106046000977022,0.0485087849269845,2.12271528279231e-08,2
"20121",0.0388014226781865,0.96099805408508,0.000174036179722889,2.50172494934384e-05,1.45649420087709e-06,1.33133162025624e-08,2
"20123",0.000850135574349235,0.000545574474878789,0.998597603586861,6.67524270410386e-06,5.99850553189358e-09,5.1227010513108e-09,3
"20125",0.00111490252020132,7.60609777648682e-05,7.98600222366155e-06,0.913118379475936,9.34089918645083e-06,0.0856733301246874,4
"20127",0.0001054539023854,0.999748080527885,0.000142068962564607,3.30411961578225e-06,7.5760726276004e-08,1.01672682277608e-06,2
"20140",0.987142649372558,0.00528392892387319,0.00569073010536266,0.00183578271234684,4.68688252531312e-05,4.00606065965025e-08,1
"20142",8.92111014685341e-06,5.68827138232042e-07,2.08368381528903e-07,0.00487118089286845,9.336338808335e-07,0.995118187167584,6
"20144",0.0213105316419857,4.34550690336072e-05,0.00384988687829974,0.966963384436708,5.70091757710652e-05,0.00777573279820189,4
"20146",0.362898489587445,0.0018539748278257,0.000794675309485689,0.290954779925,3.95580294415633e-05,0.343458522320802,1
"20148",0.0328346235782389,0.00426341359124558,4.26420401411659e-05,0.962636920896823,2.05426211905258e-05,0.000201857272360827,4
"20150",1.08156900059304e-05,1.32371897656963e-06,6.50467793543589e-08,0.534888379684843,0.00175384186385343,0.463345573995542,4
"20152",0.0313423247969588,0.0217482766370769,7.50690891866365e-05,0.946570888665626,0.000120609405854865,0.000142831405296453,4
"20154",0.000409940930470055,0.0204490301678459,0.979132484700439,4.65709034678633e-06,4.30008872230005e-10,3.88668088884142e-06,3
"20156",0.628403316695527,0.273586480630833,0.00424621088204017,0.0510598615470675,0.000144124309290066,0.0425600059352416,1
"20159",0.000181102346414887,9.01085827030103e-06,2.55468107150073e-06,0.419117314882191,7.96862200126066e-06,0.580682048610052,6
"20161",0.00171469048590719,0.000197123486577282,1.41186688748715e-05,0.00542368332791252,9.38666531666606e-05,0.992556517377561,6
"20163",0.00146785024497669,0.0343291937392435,0.000899385760126223,0.962250340217998,0.00104843824466909,4.79179298627776e-06,4
"20165",1.01361736492797e-05,0.00738479598016502,1.06785345444417e-05,0.000712434071686267,1.06918678469398e-06,0.99188088605317,6
"20167",0.000517472742322746,0.00226578555557479,2.70953005821254e-06,0.990642164630772,1.08179347779061e-05,0.00656104960649436,4
"20169",7.1574067806675e-07,1.51135948658318e-07,5.98342612119723e-08,0.00017283817347948,3.04431214760414e-07,0.999825930684418,6
"20171",0.000346507277190205,0.00492358623965756,0.994724412004626,2.6106352766746e-07,2.29340625602387e-10,5.2331856580172e-06,3
"20173",2.8803191436398e-05,0.048080955204893,6.53702957659056e-06,0.00078370763010331,0.762267167114846,0.188832829829145,5
"20175",0.00206023179285936,0.000722196288581075,6.393203828776e-06,0.990108446859813,0.000218213215121108,0.00688451863979725,4
"20177",0.000673570001505921,0.439824974003284,3.12885295585391e-06,0.00214316093084429,0.557228796774302,0.000126369437107868,5
"20180",0.00384334923806377,0.994580549680266,0.00154722538006955,1.71485688152335e-05,1.17270656651509e-05,6.71205157863846e-11,2
"20182",8.52917791842692e-08,1.39561470554459e-08,1.13609659021121e-05,0.000172519930568761,0.0011339708131741,0.998682049042429,6
"20184",0.000239037786313891,5.31274206991195e-05,7.05271306283118e-07,0.0392569120967604,6.0520486933467e-06,0.960444165376227,6
"20187",0.00321066018173513,0.00191834322577116,1.20115296804068e-07,0.00112239853278968,0.992671873963591,0.00107660398081612,5
"20189",0.000467793492225525,0.937092046153375,3.60476801519948e-06,0.0430725736848549,0.019357183288741,6.79861278872759e-06,2
"20192",0.000169324151015758,0.81242699831612,0.156582356511404,0.00293149663415443,0.0278872956716117,2.52871569425455e-06,2
"20194",0.110219509908546,3.3569537190746e-05,5.34630914503515e-07,0.0433980184825751,0.0922215967849954,0.754126770655778,6
"20196",0.00314629544483223,0.806373594733881,0.190430159902608,4.9699355443464e-05,1.03416926051753e-07,1.47146309332899e-07,2
"20198",0.17414718216209,0.234202672403215,0.00355659574707894,0.586641083984302,0.000698933067280136,0.000753532636033424,4
"20204",2.28997364375748e-05,1.34287704769018e-05,4.94293656987608e-06,0.572417968936616,1.56094837256651e-05,0.427525150136174,4
"20207",0.027060787626674,0.896678696389606,0.0761048953457329,0.000121415964054171,1.09717651588569e-08,3.41937021678509e-05,2
"20209",0.0272596959379183,0.00031770754009235,0.0504303424555964,0.860755764278474,0.0612311784465507,5.31134136805077e-06,4
"20211",0.00214894425115074,0.000464602657841131,0.997367504024594,1.88973085519413e-05,1.1420827576197e-10,5.16436539534238e-08,3
"20215",0.842724299623782,0.155238439025345,8.91799106584951e-05,0.00193521245040701,2.82496021498116e-06,1.00440295924542e-05,1
"20218",4.76710002270782e-06,1.20952621888671e-06,2.72051897641363e-07,0.0197256130547322,1.25070135744213e-06,0.980266887565771,6
"20222",0.0488973852765603,0.889797500697867,0.0557548455743613,0.00546436734205647,7.29572142136738e-08,8.58281519403996e-05,2
"20225",0.0481202533103567,8.02117741654768e-05,0.000233224141766653,0.9204998544999,0.000276546493835514,0.030789909779975,4
"20229",0.997128364380531,0.000104423929197777,0.00031088505691042,0.00243225204006731,1.47738883014224e-05,9.30070499214238e-06,1
"20232",0.699295724756746,0.268512747638836,0.00483167136748788,0.0273257850722005,2.50957397922711e-05,8.97542493794629e-06,1
"20234",3.75292885164864e-05,0.883849624120171,0.11611039888487,1.65546976247321e-07,2.28151496949287e-06,6.4449769825037e-10,2
"20238",0.00852447925806686,0.990554261814794,0.000713102145554262,0.000199945897697341,1.1905266006908e-06,7.02035728743485e-06,2
"20253",0.626223548251167,0.373614663136498,0.000125918986254006,3.36019510435584e-05,1.47544460605874e-06,7.92230431495156e-07,1
"20255",0.00262770302172619,0.000122822416778253,0.000182357452260757,0.996865016326178,2.45653422627538e-06,0.000199644248830564,4
"20258",4.22105482965077e-05,0.999872933657221,2.70706662045343e-05,5.6375552814401e-05,1.38783637977671e-06,2.17390840958418e-08,2
"20269",2.74636792100093e-05,0.950408219934804,5.44535188864933e-05,0.0254791947478154,3.40699344352767e-05,0.0239965981848487,2
"20271",0.000114411442878998,0.987176611885964,7.04935460369893e-06,0.000163517157638459,0.0125383094217087,1.00737205589864e-07,2
"20285",0.00848160733371368,0.0020048359635887,3.01628481993729e-06,0.0233635765579843,0.96517835893747,0.000968604922423503,5
"20288",0.760252082115344,0.235222733943382,0.000287518779845419,0.00420148024454394,3.60157366717399e-06,3.25833432174713e-05,1
"20291",0.00421515955341288,0.730411963674661,0.265267138683363,0.000103373765830647,5.97046519647877e-07,1.76727621273522e-06,2
"20295",1.74833205362226e-05,0.791679749567026,0.000108214534132239,0.0614705490641885,0.137275764191007,0.00944823932311014,2
"20298",0.00033355757200224,1.02907307080697e-05,1.09433700329712e-06,0.996846621004363,4.6559089916963e-05,0.00276187726600657,4
"20302",5.43994027451602e-05,0.000656730118976892,3.07365408553788e-06,0.404889253766213,0.00201420508424093,0.592382337973738,6
"20305",7.87505737730586e-05,8.12085191546902e-06,4.41389955897689e-07,0.998437510174755,0.00106276439861865,0.00041241261098215,4
"20307",0.000906491962584476,0.998872942421341,0.000213492319318269,7.03231166798448e-06,2.42225194303835e-08,1.67625688474813e-08,2
"20310",0.000149732407818779,0.998766359061291,0.00108333717389799,1.51505562017778e-07,4.06281920040233e-07,1.35695104067202e-08,2
"20313",1.55563572480927e-07,4.43689936343345e-08,5.06524363757372e-09,0.000609695320398661,7.58800669296019e-06,0.999382511675099,6
"20315",0.00924311500147884,0.990400362151346,4.50501695110683e-05,0.000293107046234135,1.80752249891461e-05,2.90406440944863e-07,2
"20319",0.0268754822588809,0.319582249534983,0.653467344552354,7.45901324189263e-05,2.34141327528859e-07,9.93800359205438e-08,3
"20321",0.0060341404919548,0.993902685139175,2.59841242260786e-05,3.05138964850689e-05,1.35793967572508e-06,5.31840848318413e-06,2
"20327",1.90550427604895e-05,0.999935287664809,3.37565877360065e-06,1.62538820713262e-05,2.59589556598854e-05,6.87959260486415e-08,2
"20329",4.44116452750466e-06,3.93872461359541e-07,3.14277250739013e-10,0.000129319681629514,0.999785916138193,7.99288289113539e-05,5
"20335",0.000591113935087341,0.898091032905605,0.101310287685362,6.86345649715652e-06,1.19988927529134e-09,7.0081755954688e-07,2
"20337",8.53745497749463e-05,1.52810813303752e-05,3.03672506397784e-06,0.806086697828467,8.27380682542765e-06,0.193801336008538,4
"20339",0.379014902089604,0.00263766418432345,0.614210773725688,0.00371574381401832,0.000418872093745119,2.0440926210794e-06,3
"20341",0.00301740992662668,0.0170815608273592,0.979501435972941,1.71239936228756e-05,1.07643139659978e-08,0.000382458515136755,3
"20343",0.000669832630936591,0.993440495513274,0.00582670218513694,5.97915250093973e-06,1.34094493305528e-07,5.68564236577417e-05,2
"20345",0.00840471867338106,0.00252507475097036,1.87054877983548e-05,0.961446112354875,0.0276002336164805,5.15511649428927e-06,4
"20350",0.984184052133423,0.00750901446130123,0.00458698242777877,0.00229200275420854,0.000266350356752427,0.00116159786653644,1
"20352",3.01464145411748e-07,9.06842718340453e-07,8.52788214937337e-08,0.000423461813141658,2.77567843627589e-07,0.999574967033329,6
"20355",0.000542708659704135,0.00183547075927071,9.00207798984689e-05,0.0221643945359563,0.000118894533092299,0.975248510732078,6
"20358",4.02754581504377e-05,7.58280910966074e-06,1.60560675773925e-08,0.0321489444117205,0.950432302278068,0.0173708789868839,5
"20363",0.00621636212937425,0.99361143413971,2.65262393889678e-05,0.00014153062648404,3.89203415590722e-07,3.75766162746049e-06,2
"20365",0.111439938159486,0.317144299843921,0.54959110097369,0.0218230652507394,4.37098962983606e-07,1.1586732005579e-06,3
"20379",0.000276106712363287,0.000154648983393059,0.000304282431181539,0.998390073695211,0.000200894935024861,0.000673993242825952,4
"20387",0.00018434342014976,0.998665267420845,0.000897927665241014,0.000252282497224117,8.68967724449543e-08,9.20997673101099e-08,2
"20392",0.000241958429213793,0.00117406526914288,0.998578206594885,5.76675556012497e-06,1.37050173893688e-10,2.81414748779659e-09,3
"20395",0.29054851021073,0.00742574862167453,8.09805182418249e-05,0.70108085404586,3.7115469380871e-05,0.000826791134112305,4
"20397",2.15728180659469e-07,6.1451893878186e-08,2.00976841750821e-09,6.15578152795244e-05,0.99225858538119,0.00767957761368763,5
"20410",0.00109184615573868,0.992967487679378,0.000337765819335531,0.00521638848666324,0.000386499778992932,1.2079891249401e-08,2
"20414",2.17269629943692e-05,0.000551916570031899,3.07737681674871e-06,0.811819577197538,5.36385063861828e-05,0.187550063386233,4
"20417",0.000314179824360273,0.0640636454496429,0.935571421552548,3.91889114558213e-08,5.07084752480178e-05,5.50928919288285e-09,3
"20419",0.00012241540967431,0.999853190051526,4.61808935244491e-07,8.07363452727685e-06,1.53813352342256e-05,4.77760102795857e-07,2
"20421",0.000771185059966882,0.00221182698827153,0.0120136398729214,0.316938031090287,6.20451089124249e-06,0.668059112477662,6
"20423",0.000150509863673115,0.00010269714585554,4.76064733491923e-05,0.708235657725679,4.94247819929109e-06,0.291458586313244,4
"20425",0.0297557454688291,0.000203188495467456,0.000131361296812089,0.313771812917966,1.77831453654343e-06,0.656136113506389,6
"20427",0.00535685218708494,0.0327283329744111,1.36191938933368e-05,0.961649912962551,6.58594740793599e-05,0.000185423207980735,4
"20429",0.0185465224752872,0.979084071258708,0.00194096431761044,6.02898426299457e-05,0.000180741866816485,0.000187410238947638,2
"20432",1.10836931427463e-05,2.33343181554132e-05,1.35903874885703e-07,0.22095024034216,0.000331066579602909,0.778684139163065,6
"20435",0.119433138306434,0.740083735762237,0.0163252872948237,0.123904496322183,0.000246809049163626,6.53326515903851e-06,2
"20438",0.0475838288235399,0.95187465173379,4.8666966285018e-06,0.000151327475847206,7.84577867348595e-05,0.000306867483459589,2
"20440",1.65413582384096e-05,0.999900399005553,1.0335898391437e-05,5.61706127024378e-05,1.06522159277974e-05,5.90090918725163e-06,2
"20443",0.000849567842326762,5.40455886973449e-05,5.75500561048666e-06,0.0007185635539712,2.37261658370395e-06,0.998369695392811,6
"20446",0.00716429142839509,0.55628617609376,0.0011412728924356,0.429620071754133,0.00264805112390407,0.00314013670737154,2
"20449",0.786248435992198,0.177518020498755,0.00234726027947409,0.0338047956751684,7.57250378676498e-05,5.76251653678242e-06,1
"20537",0.000548144193490068,0.683866214050753,0.311222130426175,0.00426998879857202,1.58795338687717e-06,9.19345776225393e-05,2
"20540",9.12737849712026e-06,0.00399373561351316,0.995994853149104,2.27943829612118e-06,3.14711824579683e-09,1.27347176305382e-09,3
"20543",0.00191111562784415,0.171412021056941,0.000443004464298287,0.823784667604318,4.97358958490454e-05,0.00239945535074976,4
"20545",5.66366340181601e-05,0.000442996896980426,0.999488271235767,1.19750919395523e-05,4.77996516719476e-11,1.20093494474601e-07,3
"20549",0.00219620453598079,0.0325297472702423,0.00245290323905496,0.953117516280216,1.26300930308824e-06,0.00970236566520245,4
"20551",0.0685956949866101,0.916080048918469,0.000835641291994158,0.0144000027209207,2.96393656962188e-07,8.83156883492382e-05,2
"20554",3.80453700882597e-05,0.997554306261441,5.19965002443241e-05,0.00234697685462247,5.14685489939504e-06,3.52815870440811e-06,2
"20556",0.944527373892598,0.00956138748124862,0.00602104601263162,0.0397627863961369,2.40481372181128e-07,0.00012716573601292,1
"20558",0.000298238754073181,0.999607985779622,7.07603454561508e-05,2.28879835527481e-05,3.25367307487795e-08,9.46005645828813e-08,2
"20560",0.00872778235592244,0.976362216124139,3.24367089506055e-05,0.0119008105757454,1.24452614669628e-06,0.00297550970909613,2
"20563",2.41075363469351e-05,0.999867686205292,0.000105415990641747,2.4216377670358e-06,1.08708717703589e-07,2.59921235024171e-07,2
"20565",0.191120130559837,0.707656989381142,0.000480882217445265,0.0776372042975867,5.27294350537006e-06,0.0230995206004837,2
"20567",0.000299130096708641,2.68318013678851e-05,4.39442512440611e-07,0.0951611589876825,0.000133725392336041,0.904378714279393,6
"20571",0.985021557898898,0.0147204553206502,0.000228497327813019,8.49390639490155e-06,1.99327145365779e-05,1.06283170774808e-06,1
"20573",0.135547111139192,0.835566744061179,0.00228906614663461,0.026122692173387,2.57922357153516e-06,0.000471807256035566,2
"20575",0.000191091437231029,0.999756410618704,4.49093438826491e-05,5.83374545614303e-06,1.69536192896876e-06,5.94927968712346e-08,2
"20577",0.692642130435715,0.0279754172476002,0.000378450591012337,0.278658139757702,0.000311367206982652,3.44947609878349e-05,1
"20579",3.07979606587491e-06,5.56412077559409e-07,3.37953228835952e-09,0.00107448639896516,0.0828481987010824,0.916073675312277,6
"20582",0.000311408868606568,0.999637968476528,4.79725912878092e-05,2.53971356716706e-06,9.61972177463215e-08,1.41527931766602e-08,2
"20585",0.0302261315342782,0.0587755237876506,0.902641303832211,0.00835631238439669,2.71886781543301e-08,7.0127278538398e-07,3
"20588",0.0743552331497906,0.00426596216724855,0.91571392243072,0.00552528938681946,1.35273333961506e-06,0.000138240132081497,3
"20590",1.31574012334391e-06,1.41419507159847e-07,1.84102494563856e-09,0.00428869123417083,0.000900031308702239,0.994809818456472,6
"20592",0.000524129630123073,0.99944609666358,2.8012000861826e-05,1.18896505935324e-06,3.47760214150046e-08,5.37964354433755e-07,2
"20594",0.00013451368866812,0.999698582333458,0.000161114638732246,5.0693956648788e-06,7.17947287510604e-07,1.99618909695196e-09,2
"20596",0.000955476462534976,0.991693127798511,1.59602608893819e-06,0.00545672888170824,0.00163945549111672,0.000253615340040714,2
"20598",0.00232602364284932,0.991422411667104,4.74956016113269e-05,0.00619727014163312,3.9992108160732e-06,2.79973598573285e-06,2
"20600",0.712787535918341,0.0183081557466407,0.209592798074793,0.0587963337769181,2.35147517322458e-07,0.000514941335789987,1
"20603",0.00888815187482129,0.000225962528166693,0.00115822231565839,0.987221991193401,1.59718262895688e-05,0.00248970026166319,4
"20605",0.0245986734795196,0.975070777126724,0.000184479808233537,0.000136011826484919,1.00473118910751e-05,1.04471469562148e-08,2
"20607",0.0322693569066426,0.967114395088633,3.63290320576473e-06,0.000556779510606912,5.55579237113363e-05,2.77667200074583e-07,2
"20609",0.000149858043324175,0.988247243168148,5.62615400181496e-05,0.0115242972584173,1.13093349339225e-05,1.10306551585694e-05,2
"20611",0.000477404267721407,1.10716515294986e-05,5.19750563505162e-07,0.991890936236054,0.00746954378872649,0.000150524305404898,4
"20613",0.0013607228377345,0.404916562268504,0.00242113109655818,0.59118862753799,0.000108066654150407,4.88960506250448e-06,4
"20615",0.796486609501385,0.0462908841866811,0.00966068492158743,0.14688352760296,2.84518056792041e-07,0.000678009269330604,1
"20617",1.39786401689872e-06,3.5066193616293e-07,9.58775258188539e-08,0.00210898651186685,4.90578256623765e-07,0.997888678506398,6
"20619",0.0139462575411322,0.98603307236537,1.09937898597909e-05,6.10840325134289e-06,1.26388020809554e-06,2.30402017867641e-06,2
"20621",0.112184643555215,0.879202442913799,0.000153733321282713,0.00838631680932551,5.05335426868227e-05,2.23298576906705e-05,2
"20623",2.00517529087548e-05,0.00116548337768108,7.48180517194769e-08,0.00814758913771053,0.000871378573477634,0.98979542234017,6
"20625",0.0595753316732457,0.000450855421804651,0.0138508621617198,0.884567659056584,5.37071521977514e-06,0.0415499209714266,4
"20627",0.0516609996385743,0.773282173152819,0.00026488646006375,0.174068030100367,0.000721534928757847,2.37571941795294e-06,2
"20629",0.587332278661591,0.338246177611675,0.00074790031742962,0.0732875510132073,4.76169684802405e-06,0.000381330699248758,1
"20631",0.000694743019531415,0.999250429974683,4.73177067739011e-05,3.38263032169488e-06,8.14819639805427e-08,4.04518672649053e-06,2
"20633",8.99227682839603e-08,2.69931979128104e-08,2.29383692714048e-09,0.000318067892959218,4.33710741524213e-05,0.999638441823085,6
"20636",0.289021418997964,0.00024772874562396,1.18306839551329e-06,0.641921770931468,0.0443601232949257,0.0244477749616228,4
"20638",0.968813210833939,0.00388734303424441,0.00173575187261392,0.025488304699256,6.66611500476439e-05,8.72840989886114e-06,1
"20640",0.0145625891107856,0.909492513346008,0.0743879989095553,0.00155600303923584,8.89464404753317e-07,6.13001025027465e-09,2
"20645",0.0017593458174868,0.995840827441309,0.00239925705602941,5.62347666541829e-07,6.40429564077481e-09,9.33212505720587e-10,2
"20647",2.79098278744524e-07,1.38531686306347e-07,5.79630676008808e-08,3.83261163300284e-05,2.86672412813076e-07,0.999960911618224,6
"20649",0.000759797653281408,0.977644535586347,0.00824936071321665,0.0133410558510793,9.77374488711628e-07,4.27282158731399e-06,2
"20651",0.00187174262070369,0.996435984168838,0.00166592519594033,1.88494908303832e-06,1.78181351971332e-05,6.64493023801502e-06,2
"20656",0.000122042142120866,0.968451828823085,0.0307685189417842,0.000655849584587743,5.70138216377347e-07,1.19037020555371e-06,2
"20660",0.000124069691390471,0.0335551492790004,0.962552500401528,0.00334452988134334,0.000423009666215296,7.41080522783212e-07,3
"20662",0.000886709368741531,0.000145360421257526,5.80764983177115e-07,0.0527950394736881,0.0724147809968076,0.873757528974522,6
"20664",0.00361145115317028,0.886098940512032,1.03385003571004e-05,0.00723060332625148,0.00802292479997819,0.0950257417082108,2
"20666",0.000231983262269051,0.000223285755583577,0.0416377821789036,0.95784001073726,3.74963034028362e-05,2.94417625811997e-05,4
"20668",3.65302004591346e-05,3.12047610732565e-05,1.80308631291635e-07,0.655457475163376,8.50623871799583e-05,0.34438954717928,4
"20670",0.0020541144504977,0.996735109371404,0.000160169847258589,0.0003669268706019,0.000681545386973253,2.13407326438296e-06,2
"20672",2.78149799354677e-05,1.94356888934249e-05,9.54583493926792e-06,0.667083772170189,6.10110980836644e-06,0.332853330216234,4
"20674",0.357048940256895,0.602595033891265,3.90114539902339e-05,0.0400862453358386,0.000135019245745546,9.57498162659221e-05,2
"20676",1.119099557295e-05,3.12243088143437e-07,7.25391111961342e-08,0.0710663664953832,0.92603739513502,0.00288466259182428,5
"20678",7.12469356193999e-06,3.95447854207772e-07,8.91076727100165e-09,0.0460877235475311,0.917760066228782,0.0361446811715034,5
"20680",0.00017061910214315,0.000725742017200908,1.07676808267318e-05,0.788596346242902,6.58046463128166e-06,0.210489944492296,4
"20682",0.00130413224253189,0.00147319638202126,1.97433874388832e-06,0.845959478173975,0.150835704997373,0.00042551386535512,4
"20684",0.171788714680948,0.657080679746545,0.00210718447105544,0.050031712400153,0.118981076662904,1.06320383938861e-05,2
"20686",5.02225661992947e-06,1.92675283210581e-06,3.06554562391785e-07,0.0210657298442086,1.17195267545782e-06,0.978925842639102,6
"20688",5.88498693425311e-07,1.19671271524452e-07,1.86618472166885e-09,0.00157393899093029,0.953229134757389,0.0451962162155314,5
"20690",0.0592332312955042,0.0250293021852682,0.915035400078651,0.000700596306577508,1.42616158595649e-06,4.39724132648008e-08,3
"20692",2.10580557438347e-07,5.79992791029937e-08,2.2586286328699e-09,0.000995216439032694,0.0133534913969729,0.985651021325529,6
"20694",0.000117184105727352,5.66636593873067e-06,3.84461599006499e-07,0.990425528938783,0.000141920697522963,0.00930931543042863,4
"20696",0.009989733099698,0.000253224488118936,6.34506393514647e-06,0.984540002532026,0.000609875874852913,0.00460081894136855,4
"20698",0.886148716816131,0.103908942751549,0.000567289913647841,0.0074860249362989,2.29969507166963e-06,0.00188672588730194,1
"20700",0.00345818862209002,0.993331663849382,0.000150719070980105,0.000500098357213307,0.000241841720308837,0.00231748838002619,2
"20702",0.52782891670815,0.0360943794562971,0.436054393907649,2.22055957662427e-05,8.99338873974056e-08,1.43982510079978e-08,1
"20704",0.115678305791506,0.745088172987264,0.000160016306112875,0.138983556715945,6.51792361867126e-05,2.47689629848965e-05,2
"20706",0.713315289806924,0.0381645591199077,0.000531654587626343,0.105446827817989,0.138707053974721,0.0038346146928318,1
"20708",6.29608958276003e-06,2.58145857361126e-06,2.37199028517102e-08,0.0553871251674192,0.944400846022286,0.00020312754223588,5
"20710",0.297307801119857,0.391306157295757,0.283336100763913,0.0280485936634091,5.38166120471407e-07,8.08990943142054e-07,2
"20714",2.73552503983003e-05,7.24286525246231e-06,8.61147082130724e-09,0.00914607758905575,2.9395702607099e-05,0.990789919981216,6
