"","V1","V2","V3","V4","V5","V6","V7","best$classification"
"19811",0.000352979365459645,8.77971733450063e-08,1.20475490199334e-07,0.96903748636593,0.0277973110605442,0.0021565580885495,0.000655456846853029,4
"19813",1.50192985252135e-06,1.47086149391892e-08,7.68489089730339e-10,1.95070389557692e-05,0.999977838291249,1.0910758145458e-06,4.61870244977699e-08,5
"19815",0.00993606602351095,1.39074204007349e-05,0.000584217467506558,0.954452461014794,1.26376279810087e-06,0.0349998997454024,1.2184565586937e-05,4
"19817",0.00250506850306558,3.33894927441693e-07,1.0391546450985e-05,0.991860078098428,4.48408542013444e-06,0.00504917625097088,0.000570467620736819,4
"19819",0.249361693838774,0.574124712149298,0.176464475643759,7.42915124611401e-06,3.47285128079674e-10,4.13267099068844e-05,3.62159731584007e-07,2
"19821",0.00727582131394892,8.39611649031785e-06,1.80159939781159e-07,0.960548544816643,0.0105121486246712,0.000779369946859236,0.0208755390214477,4
"19823",0.0034415592829255,3.74124480532477e-06,0.0955553612378902,0.899846340424282,2.39630769885247e-06,0.000974787007929899,0.000175814494468665,4
"19825",0.0136902713688849,0.0806389431410637,0.000139150665280371,0.000844877327348117,0.00419636767114124,0.00454893752921678,0.895941452297065,7
"19827",0.00333673147263554,2.42291919620735e-06,8.95602149115941e-05,0.569290304431713,3.75644555432654e-07,8.50485844895894e-05,0.427195556732499,4
"19829",0.92239991383688,0.07100361362391,2.78915726575093e-05,0.0003354889939951,2.26939310086154e-06,0.000259057679440343,0.00597176490001571,1
"19831",0.758261527714397,0.123500014385301,0.118118816358737,3.83666199994316e-05,6.99411047440162e-07,8.02551128016036e-05,3.20397716545529e-07,1
"19833",8.63959299815224e-07,5.81965230929035e-05,0.998530635026841,4.7671218730704e-07,3.48050543103488e-06,0.00138808597913341,1.8261294014227e-05,3
"19835",0.00727582131394892,8.39611649031785e-06,1.80159939781159e-07,0.960548544816643,0.0105121486246712,0.000779369946859236,0.0208755390214477,4
"19837",0.018438935355222,2.70996446571619e-06,7.99009320495903e-06,0.949436354803839,2.44274664776571e-06,0.000141612512684756,0.0319699545239356,4
"19839",0.810651582186505,0.153257228151131,1.09159831417153e-05,0.00129754465961636,0.00188419944872473,0.00187153306258668,0.0310269965082944,1
"19841",3.77399552614969e-06,2.26925034563925e-06,7.22076250222893e-09,7.4431829369034e-06,4.38903043686519e-05,6.0461474664421e-08,0.999942555584586,7
"19843",0.0645597579033232,0.91318501884382,1.86438190709861e-05,4.50661609290268e-06,0.0183444412733204,0.00388761075377439,2.07905979312196e-08,2
"19845",1.90647796082241e-05,2.07808668472742e-08,7.07111088476545e-08,0.095464397557239,0.904234733167202,0.000268067858216017,1.36451457584153e-05,5
"19847",0.0423400256374945,5.8248762516629e-05,7.32125182888089e-05,0.916642956303448,0.00636216994823742,0.0345087977975863,1.45890324279095e-05,4
"19849",1.94539345869476e-07,1.21977869703892e-09,3.10743681470639e-10,5.8557903413739e-05,0.999940884598561,2.4873930596003e-07,1.12688851142508e-07,5
"19851",0.000525990628176669,9.50342842387317e-08,1.17049575985394e-05,0.998028774072033,1.0573738691203e-05,0.00139666054399887,2.62010252175817e-05,4
"19853",7.40745060617401e-06,1.46362345225525e-09,5.55872121048717e-05,0.991981283873521,0.00760489583249497,0.000131673410711395,0.000219150756938309,4
"19855",0.000115172031993669,4.53352907093239e-09,2.49300746495257e-06,0.996804558751038,0.000492591072549624,0.000225170745827369,0.00236000985759694,4
"19857",0.160317656694102,5.28102330618072e-05,1.08690737571083e-06,0.787468828618652,0.0147113496720353,0.014811675381983,0.0226365924927893,4
"19859",0.0237116673311952,4.6664952870782e-06,0.000105324417909835,0.957385838799351,1.21462612791084e-05,0.00463055789209591,0.0141497988028816,4
"19861",0.000335370348846833,7.97052860778748e-08,5.84415266058515e-07,0.912161887638552,0.0866816980032266,0.000792952956289921,2.74269325330107e-05,4
"19863",5.39093699205864e-08,4.62694401635326e-09,2.65666723007232e-10,2.01828637727965e-05,0.994617616711718,3.96743301681667e-07,0.00536174487922741,5
"19865",5.85603807591863e-06,4.86990712077915e-08,1.1495794184255e-08,0.00162429158467895,8.36081866709585e-07,5.18173819704037e-06,0.998363774362316,7
"19867",0.00384924682063428,6.6050750333831e-06,1.70644379724294e-05,0.976555644988047,0.0045668808269301,0.0150023822124543,2.17563892815363e-06,4
"19869",1.52561726474478e-06,8.60020652339141e-10,1.30122238293114e-09,0.0100070615362914,0.989945163790181,2.30264609949121e-06,4.3944248920388e-05,5
"19871",0.0764981221212203,1.22223619814094e-05,0.000107963158378597,0.869637097358887,1.78772882689389e-06,0.00161441688753291,0.0521283903831726,4
"19874",7.63976158414971e-05,1.2398783298957e-07,4.61564803029461e-06,0.203069366597087,3.71575326166275e-06,0.000590816176205186,0.796254964221742,7
"19876",4.08094519101222e-05,4.71302427817859e-09,1.10354115814362e-07,0.804222853267364,0.000188497526877841,2.83790571424491e-05,0.195519345629565,4
"19878",0.000284371584481488,0.00307499068690654,2.44168296548517e-05,0.000265993789606789,3.70588726007775e-06,0.996344198479553,2.32274253714242e-06,6
"19880",4.40172965292677e-07,7.70557329823826e-10,3.10302306521267e-09,0.00142093420213247,9.31162958182375e-06,1.40544460978306e-07,0.998569169577279,7
"19882",7.86678892506804e-05,2.14683079362115e-07,1.29354314177005e-06,0.816133793305013,0.171084335095778,0.0117836046219687,0.00091809086176871,4
"19885",0.0981657084399827,2.95728468468378e-05,6.2974512597184e-06,0.888559539848294,6.97552745541379e-06,0.0126074969097787,0.000624408976382163,4
"19907",0.000944677431263531,2.2483358290155e-06,2.8733519502838e-06,0.938093604847101,0.0446510787979122,0.0162924285866381,1.30886493054053e-05,4
"19909",0.993265814855687,0.0059930258965737,4.45846847225111e-06,0.000690580576397816,2.98976606189005e-05,1.51352436700539e-05,1.08729858044103e-06,1
"19911",0.972273232608675,0.0165810335269567,0.000208826274642405,0.00265534234165282,6.15579937106968e-06,0.000221484352403162,0.00805392509629869,1
"19913",2.50489294096021e-07,1.85944253091884e-08,1.4506962569734e-08,1.02118577650367e-05,3.13021741451312e-07,3.20914312623336e-08,0.99998915943838,7
"19915",0.000154174237946404,6.65766596471251e-08,3.93106460435899e-06,0.633132179274159,1.49909600153773e-06,0.000217338985130104,0.366490810765499,4
"19917",0.000135176831318648,5.32713603364418e-07,4.57054085359908e-07,0.00804539767218252,1.79238886063432e-06,4.04312641310778e-05,0.991776212075818,7
"19919",0.0031055461461805,1.84579679522705e-06,2.91868176508318e-05,0.83121708053257,1.19022600757065e-06,0.00662106375511555,0.15902408672568,4
"19921",0.00227153747196604,7.37928318791466e-07,5.95511797426363e-06,0.989821891543719,0.000142819952858834,0.0077495642301797,7.4937549836738e-06,4
"19923",0.000900362227292586,0.0002325204874519,0.000626574388587247,0.00928078889655704,1.17812236145662e-05,0.98894786330443,1.09472066621853e-07,6
"19925",5.07483042591557e-05,1.09551558562608e-07,8.83051957283061e-07,0.0515521325443355,5.77027269720946e-07,0.000133677278189003,0.948261872242431,7
"19927",0.00104398072589373,6.42824236956707e-08,5.372948856171e-06,0.998423927209296,1.36932647375018e-05,0.000384476457989099,0.000128485110803387,4
"19929",3.50886156797539e-07,9.15285567851211e-09,6.36077934163379e-10,0.000163510515314765,0.484287392412849,1.47394158626106e-07,0.515548589002587,7
"19931",0.0075997260086925,3.01291997908215e-06,6.00291935153793e-05,0.990096972321777,6.11901779207685e-07,0.00148996805215024,0.000749679602107157,4
"19933",0.947492965646304,0.00475571073202394,0.000243538688187925,0.0470355300529026,1.22502438979477e-07,0.000190642093616398,0.000281490284526025,1
"19935",0.271743267911899,0.00189503362084383,3.92895916561536e-06,0.697959395677591,0.000562146578043206,0.026394015589801,0.00144221166265564,4
"19937",0.00263257274523682,1.03929817578646e-06,0.000194750265812241,0.99247039722308,1.55220846884361e-06,0.00468713149951161,1.25567597144811e-05,4
"19939",0.00182412170877084,8.04922866451921e-06,4.32068260344769e-05,0.691640407331133,3.76470028500006e-06,0.305237767091363,0.0012426831137489,4
"19941",0.919543968400452,0.0456096238778684,1.69856515325309e-05,0.00150406232324261,0.000154161011775622,1.48442495873421e-05,0.0331563544855411,1
"19943",1.91905695018293e-06,1.46477143287361e-08,1.50644373793814e-07,0.000533868363158277,7.45289827998854e-08,1.19325944261994e-06,0.999462779499378,7
"19945",0.965682619203294,0.0166185517881164,0.000744421310838967,0.012626804785829,7.41906421546512e-08,0.00431273809227576,1.47906290038207e-05,1
"19947",0.251984939731981,0.00365676923035381,5.61283617045568e-05,0.00524205565588035,0.0197808946979748,0.000370626716445001,0.71890858560566,7
"19949",0.0106200502235322,0.00359945515691344,0.00174052983125038,0.0223209832168112,3.62690977751885e-07,0.961717793765633,8.25114881897197e-07,6
"19951",0.00164387883578981,4.3434340556508e-05,1.16613387185691e-05,0.186535947387897,7.23560490832148e-06,0.0524779890612353,0.759279853430895,7
"19953",0.0475804142272799,0.0319946131998987,0.918795675671496,0.000213927168802803,2.41747937900248e-08,0.00141532213078816,2.34269408075569e-08,3
"19955",0.485421857000371,0.172849947665956,0.0273988388100624,0.000471119843905183,1.40036684397467e-05,0.31384234404625,1.88896501593137e-06,1
"19957",0.0101649892604241,6.91953658688793e-06,0.00123523571216611,0.0591117981239197,1.75643612740352e-05,0.000259228481418518,0.929204264524211,7
"19960",0.804131172699954,0.189024266879427,3.25930004714493e-05,0.00037588090806749,3.64654763068719e-05,0.00612718570469127,0.000272435331081543,1
"19963",9.3536256460819e-05,8.74193040685784e-05,0.0526148002657279,0.00021453622975252,5.04309678377427e-05,3.3707239516204e-06,0.946935906252201,7
"19965",0.162901125179002,0.693666199246648,0.000118045443042937,2.72744204893256e-05,5.46987570644773e-05,0.143232641380609,1.55731450412671e-08,2
"19968",0.0023042293660723,5.32886635354652e-05,2.51994459177497e-09,0.0101386975801999,0.201094410866908,5.10772248769636e-05,0.786358293778462,7
"19971",6.94850471840611e-05,0.000509062037038802,0.000949170980984259,4.50608290606881e-06,3.51236070647901e-07,1.77475838930404e-05,0.998449677031923,7
"19973",0.00167204588759416,2.65483569533651e-07,3.81142426664621e-07,0.994109269548154,2.13553364944471e-05,0.000820195500546228,0.00337648710121479,4
"19975",0.000138504142818435,2.90146739018139e-07,1.62980137234752e-08,0.0199282080673311,1.85622395709366e-05,5.07966532064286e-05,0.97986362245232,7
"19977",1.52582925502371e-05,1.27983013735196e-05,2.13933091775759e-05,0.000332439973440757,0.000100346431128599,0.000671262370824948,0.998846501321504,7
"19979",0.11267059551951,0.887232891186507,8.91042969880776e-05,1.45758383270458e-07,2.37627383878327e-10,6.7653069328684e-06,4.97694051403419e-07,2
"19981",0.403390522650672,3.27163677994539e-05,1.25575980013818e-05,0.594283665029004,0.00058163941353234,0.00134916561493429,0.000349733326055809,4
"19983",0.19280193709972,0.000196465179887067,7.04912777975675e-05,0.397523721365703,0.00042196385682258,0.408959022664348,2.6398555722142e-05,6
"19985",3.23034649593963e-05,1.29883866163689e-08,1.80520759052449e-07,0.20739158851149,2.52660741928862e-05,0.000143572489406023,0.792407075950806,7
"19987",0.39007717890209,0.000325045950842563,6.58919355299067e-05,0.570695242377883,3.10419512058937e-06,0.000427925623573748,0.0384056110149596,4
"19989",0.156768184876557,0.840884665603381,0.00219110801967827,3.47539895751302e-06,6.37034638513925e-10,0.00015256314687808,2.3175132817778e-09,2
"19993",0.106620750277725,0.0206279119546167,0.000249717901388252,0.133503163493248,4.87721499071161e-07,0.722670788178642,0.0163271804728808,6
"19995",0.799637154468275,0.0637383249016133,0.000146022762427206,0.0841418310119032,4.42802330953918e-06,0.0469328293728924,0.0053994094595797,1
"19997",0.000409788776628233,8.0765724151113e-08,1.75964467192727e-06,0.99356352254267,2.10071684124031e-05,0.000474054057504056,0.00552978704438941,4
"19999",0.000104189659611968,5.24359101296737e-09,8.36346936129963e-08,0.972213438810301,0.00051303542409285,6.29136967380012e-05,0.0271063335309716,4
"20002",6.12018310673884e-05,4.65876364637881e-05,5.5916792270123e-07,0.000308085798154939,0.605844719944712,5.20307576195752e-07,0.393738325314103,5
"20004",0.97687820993892,0.00678480144492803,8.74656059330253e-06,0.0148873670873387,7.37727539235842e-05,1.6152959263203e-05,0.00135094925503329,1
"20006",0.427469832752466,0.108599523383463,0.00108757721358859,0.00203559073452966,0.00188960784403523,0.458276113639789,0.000641754432128089,6
"20008",0.0113855723698221,0.187070921343613,0.00129725810151535,0.00135739818284069,4.11186608517682e-05,0.798785532390131,6.21989512256879e-05,6
"20010",0.388339219806101,0.113868012743413,0.0224806323912574,0.00414420670863265,8.88735808089852e-09,0.471165293051107,2.62641213139374e-06,6
"20012",0.000100486228122485,9.01637833437713e-07,9.51997353096614e-08,0.186356188309661,0.00743868739449885,0.0027571446164663,0.803346496613682,7
"20015",0.0582433536409131,0.939853889948883,6.52821431652983e-07,1.30304216867332e-06,3.86988548536706e-07,0.00190039715190891,1.64061464007973e-08,2
"20017",0.000526329161565561,2.12273359681539e-08,1.49455036202827e-07,0.984986672754401,0.00148084394614225,0.000102556129878372,0.0129034273256406,4
"20019",0.0046776234262812,0.995072275843566,0.000164101648958904,3.89571275138502e-09,1.96093415073395e-11,8.59944644356737e-05,7.01436512611567e-10,2
"20022",0.941258151089962,0.0519704355996138,0.000642527784261077,0.000487466499784057,7.33177540919683e-09,0.00564074399286982,6.67701734104721e-07,1
"20024",0.0248781811865191,0.666432447088599,0.308408830651197,9.05192804491521e-07,6.37593318865211e-08,0.000279549784734538,2.23368145475287e-08,2
"20026",0.0248781811865191,0.666432447088599,0.308408830651197,9.05192804491521e-07,6.37593318865211e-08,0.000279549784734538,2.23368145475287e-08,2
"20028",8.93396727699403e-05,1.13629106156807e-08,5.16616901355939e-07,0.927233535840438,6.31819816577195e-05,2.19674677187757e-05,0.0725914470576034,4
"20030",0.582254351382656,0.417608525276558,2.91276895835912e-06,2.3126279018908e-05,5.26688152551008e-06,1.04223311941576e-05,9.53950800891989e-05,1
"20033",0.0168649351010593,4.63787449358962e-06,3.75575285627892e-06,0.765029131193964,2.25141206166661e-05,0.000301876186943383,0.217773149770066,4
"20035",0.00746546144257228,0.992003694890728,0.000342989770364534,1.84714225823166e-08,6.36512090267971e-11,0.000187834351191146,1.01007066074122e-09,2
"20037",0.0138019286643647,0.98558880311596,4.2323426795332e-05,3.44206380378955e-08,3.48335775253435e-09,0.000566906851694978,3.7189280849672e-11,2
"20039",4.90952407615209e-06,0.000628845300901847,0.999329369583793,1.70710536024477e-08,5.08463154103754e-11,3.68584448652918e-05,2.44638654603548e-11,3
"20041",0.0135540156841573,0.000436851341050323,0.00115555021485498,0.00470169807840741,3.07039882046171e-06,0.980116333572144,3.2480710565816e-05,6
"20044",0.0959084081118051,0.00396288935511102,0.00938190533126161,0.0261956846341137,1.70664152921917e-05,0.86249804624666,0.00203599990575638,6
"20047",0.00595327052505383,0.993525123078476,0.000518121646887966,1.46697109853265e-09,1.47059285345537e-11,3.47319536190392e-06,1.00725428170058e-08,2
"20050",0.0106552225545621,0.043779374043165,0.439368454116202,0.00174985250640105,4.74664633298548e-10,0.504428105454548,1.899085045759e-05,6
"20052",0.119068960619794,0.000268773506368467,0.00147313967664062,0.803762056945583,3.45519110601276e-07,0.0328539285057426,0.0425727952267608,4
"20054",0.9087444494972,0.0910022638871599,4.27436622831705e-07,4.14133787483408e-05,1.05212651005774e-05,0.000198265037503559,2.65949766487024e-06,1
"20056",8.11364232080456e-05,8.55299281446833e-06,1.06188863107674e-06,0.00105213907226007,2.45613934676527e-07,1.99666258158943e-06,0.99885486734657,7
"20058",0.179626850408128,0.819403202254131,0.00059275108258958,2.64621227991652e-06,9.65894814352649e-09,0.000374539833932239,5.499901406434e-10,2
"20060",0.00385450188198442,5.1404977706964e-06,1.33299984253393e-05,0.993881919938421,7.67384029273037e-06,0.0020369150063581,0.000200518836747108,4
"20062",0.0228281183284863,0.000121688614496204,1.98804739257591e-05,0.66581867153689,1.57940686129943e-05,0.311078581581979,0.000117265395609744,4
"20064",0.98445263237539,0.0128814182327448,1.89247419785645e-05,0.00239258093614637,3.10487874161915e-08,0.000193341625617334,6.1071039335188e-05,1
"20066",0.166888072208367,0.833095402195908,5.33098895307849e-06,9.03423174434792e-07,5.15254382436411e-07,3.51034742766834e-06,6.26558178806162e-06,2
"20068",0.00065337552113898,2.14399116257e-07,1.62829139068369e-06,0.984948965649146,0.000677088110987967,0.0136765652261041,4.21628021162581e-05,4
"20070",0.000752493865919178,6.77316262297649e-07,0.00034454485581127,0.97736697577903,3.29075659355596e-05,0.0214783024726111,2.40981444305648e-05,4
"20072",0.457728297234156,0.515994738990327,1.6507022000919e-05,0.000112376179099413,0.00621867133024557,0.0199293890748894,2.01692816323803e-08,2
"20074",5.97425310758594e-08,2.82706615748473e-09,1.45897244410913e-09,3.39334671384681e-05,0.000325458376362683,1.31346331556962e-07,0.999640412781598,7
"20076",0.0436666922361956,0.000152740556696554,5.362636293218e-08,0.0231099389247061,0.292549162128683,0.000384863084931179,0.640136549442424,7
"20078",0.970027638830026,0.0228554754869346,0.000927931357806644,0.00410520941315951,2.24756763845989e-07,0.00203737553155145,4.61446237582221e-05,1
"20080",0.0408135511405374,0.958817954813996,0.000231831631916002,1.19557635974456e-07,1.67192862949225e-11,0.000136535632674681,7.20652079221871e-09,2
"20082",0.00056170895363385,0.00195541712648063,0.997474474562007,9.75847135646206e-07,6.27441216521615e-12,7.40315606306911e-06,2.03484048868416e-08,3
"20084",0.92318489106384,0.0493997011164128,0.00622455566506649,0.00169905406976724,9.51627890464091e-08,0.000326070850584873,0.0191656320715396,1
"20087",0.815092907968204,0.0998630903178842,0.000385329079466961,0.00542866271513826,2.20331325862113e-05,0.0792075892162406,3.87570479220968e-07,1
"20090",0.0160155393521708,0.956215067331822,0.00468454660661612,1.38428734740237e-06,3.41223679157246e-11,0.0230834197218622,4.26660590137997e-08,2
"20092",0.02533663726552,0.000619427374456318,0.736325718856669,0.0155219655596964,0.000330748185462115,0.221865460686153,4.2072043567194e-08,3
"20096",0.0341105384734838,0.000176697881805658,0.632486764137134,0.24482625241345,4.89232509291987e-06,0.0813662050864007,0.00702864968263287,3
"20098",0.00303272428687446,1.26814901727779e-06,8.37671411138029e-06,0.797768130880294,2.52604669835341e-06,0.000495733553958678,0.198691240369046,4
"20101",0.307888769810482,0.690697062841192,0.000801453776537767,1.67303912423301e-05,1.29831570964584e-09,0.000461569897001554,0.000134411985228687,2
"20104",0.0013934158519043,1.13433863521603e-06,0.109965616459425,0.499621212514913,0.385288347549884,0.00262712734061314,0.0011031459446251,4
"20106",0.519378418402182,0.47138008609475,3.80325624194941e-05,0.000174075251601499,5.20020418562881e-09,0.00896022171041662,6.91607784259402e-05,1
"20108",0.00628110574033848,1.02503581641643e-06,9.81293248245409e-07,0.982198450247876,8.50278047740582e-05,3.78524777537925e-05,0.0113955574001926,4
"20110",0.00560682347912103,0.000342028422976747,0.23101567797761,0.204992521235505,1.33749323566475e-07,0.424353827880221,0.133688987255242,6
"20112",0.193142744312199,0.376485799991689,0.00966960930673594,0.00376992835720531,1.48834098717411e-08,0.416909077734005,2.28254147563162e-05,6
"20114",0.965668734658461,0.00663251729125017,0.000380567063614708,0.0059379127948551,3.27723193911258e-07,1.87746157560339e-05,0.0213611658528692,1
"20116",0.968296665008729,0.0227755861758555,1.38569999358172e-06,0.000565604454537303,1.2924630269545e-05,4.91852092739648e-05,0.00829864882134085,1
"20118",0.6262803894607,0.000279172797025667,0.000185419743868703,0.320688469747908,9.99947033044039e-07,0.000604234377128293,0.0519613139263366,1
"20120",0.637614050175528,0.32257007807609,0.0279022376278574,0.00186855373577114,8.98732715728785e-10,0.00903498717843633,0.00101009230758441,1
"20122",2.268171636609e-05,3.61603218469622e-08,1.06781634507561e-08,0.000803262616811332,7.84877556402491e-06,4.68034478527229e-07,0.999165692018295,7
"20124",0.308449416417497,0.688796361207842,0.00143213540164189,1.43056955151102e-06,9.5067295924575e-08,0.00132055993232129,1.40385070099392e-09,2
"20126",0.00132002886315882,0.00349208321459983,0.995143339317426,2.14606291268955e-07,5.8136377047732e-08,4.41957551304579e-05,8.01070166961911e-08,3
"20128",0.000875820417951569,0.832456159719579,0.166616739781008,8.09334571465469e-10,3.18875173043993e-10,5.12786855895824e-05,2.67662613771211e-10,2
"20141",0.00196728605798693,2.65981238973411e-07,0.0438434081306219,0.888384094693419,5.8391929747476e-05,0.000183208094233021,0.0655633451127525,4
"20143",7.20685823842987e-08,2.40865329212563e-09,2.08436328373345e-09,1.64521288480449e-05,4.88946292771982e-06,1.566416095006e-08,0.999978566182464,7
"20145",0.86559214526963,0.120969231360997,0.00319332643137886,0.00165587885669784,6.0332752610353e-10,0.00858489368398617,4.52379398285389e-06,1
"20147",0.948363475249435,0.0510142332606734,4.35092800112194e-05,0.000144205091007546,5.04659273970825e-09,0.00043244029647913,2.13177580073275e-06,1
"20149",2.04869332543073e-06,4.54847337167458e-09,2.36285079220987e-08,0.000846384893619134,4.06775098750057e-06,6.54987149456713e-07,0.999146815497937,7
"20151",0.00235522359095807,1.99103003541481e-06,3.18788749609692e-06,0.931849930408881,1.91432386916316e-06,0.000707233311350268,0.0650805194474097,4
"20153",0.00263827070522684,4.86593999738296e-05,0.0108686948877956,0.304367787595046,2.3533553360531e-08,0.00383673344230598,0.678239830436098,7
"20155",0.478255832681298,0.458509053069475,9.1915715263631e-05,2.59458293814554e-05,3.95603391779532e-08,0.063116833715223,3.79429019785566e-07,1
"20157",0.00073103322516073,1.18222601239221e-06,9.54352340907492e-06,0.506826020018733,1.62359005519635e-06,7.19712573058813e-05,0.492358626159324,4
"20160",1.77441411539629e-07,4.77443768011341e-09,5.63509233581034e-09,2.51068072184682e-05,6.49208446701007e-07,2.30230840992692e-08,0.999974033110309,7
"20162",1.07365697865957e-06,1.32015038404463e-09,8.94705577096565e-09,0.0037562152525454,4.47802012717771e-06,3.64459453649888e-07,0.996237858343689,7
"20164",0.000127167573742362,2.68098358751904e-06,1.12450607310265e-05,0.0394799125461555,1.49493997821982e-06,0.00094137108611705,0.959436127809688,7
"20166",0.134354450670087,0.864689807592499,1.45826083282674e-06,1.43425799541584e-05,0.000137341286283547,7.34874227514914e-05,0.000729112187591207,2
"20168",0.000310114506820378,0.000763861620400776,5.66706104165827e-08,3.9175373235559e-06,0.998531276253542,6.5074325148333e-06,0.000384265978788379,5
"20170",0.00442228782837778,6.65516540758586e-07,4.48273120525315e-05,0.684596745999537,1.03574793389175e-06,0.000256309680017857,0.31067812791554,4
"20172",0.944642215304731,0.0527306620776751,0.000544873395982754,0.000283273630139518,8.45420738907831e-09,0.001798954144551,1.29927130415341e-08,1
"20174",9.84442165064177e-05,1.28373570640804e-08,2.07356807192695e-08,0.715523666624925,0.122457961925445,3.68758835193856e-05,0.161883017776567,4
"20176",5.39015466862769e-05,1.12740691196048e-05,4.55417014025837e-09,2.42280936806426e-05,0.999899385426751,8.93874673816648e-06,2.26756285401762e-06,5
"20178",1.39884508749446e-07,7.72606663388755e-09,1.13247946742646e-08,1.24329071806562e-05,2.99772100783479e-07,2.76161251496581e-08,0.999987080769223,7
"20181",0.513915920056009,0.481309266872931,3.79520524370868e-06,2.67491108680942e-05,9.97432605337582e-07,1.80185080595486e-05,0.00472525281428282,1
"20183",0.0540110722483151,2.28970678742477e-05,0.00136428596584066,0.935836431625326,2.35379253717901e-06,0.00875514670837296,7.81259173388784e-06,4
"20186",0.104905653352527,0.000538065280231515,0.00557725145201969,0.730419495019652,0.0030595104553647,0.155499859061571,1.65378634042494e-07,4
"20188",2.35025804575159e-07,4.20171901968609e-09,1.50989488704347e-08,0.000207108358150113,3.95068952837669e-07,1.33324623564748e-07,0.999792108921801,7
"20190",0.195323469364494,0.804465645735727,6.63260137174948e-06,4.66978430857237e-06,1.45116403664589e-08,0.000199357633727726,2.10368730051575e-07,2
"20193",0.00013010689128699,0.00118940285824936,2.49544059794292e-07,0.000102569855796362,0.025193090654496,0.000187382599426206,0.973197197596685,7
"20195",0.00252172114713498,4.25467974149212e-05,1.20005009790137e-05,0.148112825972693,1.63279434355145e-06,0.00428548407951137,0.845023788707923,7
"20197",0.813333741527769,0.159607948051586,0.0002518790888455,0.000271851535293996,4.07927179968256e-08,0.0265344907785442,4.82252434123921e-08,1
"20199",2.92591218803423e-05,2.39893623765089e-08,3.89953665407617e-06,0.0642298389081817,6.60306677225172e-07,6.15871278763854e-05,0.935674731009368,7
"20205",1.87687971023007e-05,5.14103074334811e-05,0.99943605842937,2.32433952084016e-06,3.23050588551378e-11,0.000491436611801374,1.48246726146499e-09,3
"20208",0.0138699979511774,1.37800359474686e-05,7.00929297656614e-06,0.969547449725902,2.14785370549508e-05,0.0036414188391311,0.0128988656178103,4
"20210",4.61138439349645e-06,4.98465547878692e-09,4.87284708873873e-08,0.0128091265533128,1.74136101548104e-06,1.90160146254552e-06,0.987182565386689,7
"20212",0.000390470136277443,1.76787136001049e-06,2.53852448466146e-06,0.120697730701237,3.05039559306451e-06,0.00030507190115343,0.878599370469894,7
"20216",0.936087375783307,0.0634826835288729,1.9763778375599e-05,0.000262360927716886,9.07831948656742e-08,0.000121276258140557,2.64489403926571e-05,1
"20219",0.198937153757589,0.0702695055040475,0.714671824296473,0.00153367150637248,1.58620129233279e-09,0.0145406037054976,4.72396438191765e-05,3
"20223",0.00606619041692139,0.991917596482424,1.76176209509066e-05,1.38970695444934e-07,0.000410229194496506,0.0015882272183651,9.61467065127137e-11,2
"20226",0.00228344930668631,0.000329391600935689,0.000206894716940138,0.021187620128629,6.79354517257266e-08,0.975862714693595,0.000129861617762261,6
"20230",0.0914552752063149,0.908454254517974,2.65853924009205e-05,1.13905197287864e-06,7.84620687337611e-09,6.27226025867342e-05,1.53825437925491e-08,2
"20233",9.21198722760695e-07,7.2564280204082e-08,0.999176615768493,0.00072092624430697,1.43207446799129e-07,9.46984735786142e-05,6.62254317131047e-06,3
"20235",0.164391685196512,0.681697531806714,0.0207243449460857,2.50694380193771e-05,0.000125313887964488,0.133036051926533,2.79817222766517e-09,2
"20239",0.551075213682593,0.163566409109136,0.000317385197112733,0.00168320678219529,0.00240966277771135,0.280947227331646,8.95119606062511e-07,1
"20254",0.000338722279980466,0.00555368345441203,0.99406903508273,1.51534813441397e-07,1.15719143216657e-12,3.84059322713463e-05,1.71463555112922e-09,3
"20256",0.79543274219583,0.204029205100762,0.000146990614878654,5.11969784608091e-06,1.97055399969153e-07,0.000385743049197151,2.28608641282489e-09,1
"20262",0.00110976453342297,3.78382106919997e-07,2.57623751839121e-06,0.352332229732886,1.19689156551986e-06,7.19986669355352e-05,0.646481855555564,7
"20270",0.492886463071026,0.486409310931025,1.38692676328562e-05,0.0117251636754829,0.00304212980955349,0.000776731533072839,0.00514633171220693,1
"20284",0.0147480039449616,0.000487339259451034,0.557312237995818,0.370162257100495,1.41322725673493e-07,0.0572751438037395,1.48765728084709e-05,3
"20287",0.00327663336928611,0.996294667183503,5.66865949636055e-06,6.32410930334662e-09,1.03443606084839e-08,0.000423014040491685,7.87535270298585e-11,2
"20290",0.000413203956272536,0.000361055457223086,0.995773703595167,0.00065552223079102,7.28031036857448e-11,0.00278519487800272,1.1319809740751e-05,3
"20293",0.99503507818911,0.00264162261520651,0.000319906755320694,0.00186018307413819,6.85593251423018e-08,0.000142168160234734,9.7264666458744e-07,1
"20296",0.0469139166216192,9.0792771820672e-05,4.96920374094435e-08,0.211743714631943,0.0145420250279861,0.000605826863929091,0.726103674390664,7
"20301",0.000448194492381882,0.999491006580977,6.52646395147136e-06,2.42440270063766e-09,1.34202158943299e-09,5.37476215690501e-05,5.21074696508668e-07,2
"20304",0.00191804536889181,0.000736622548404446,0.997339654634955,2.07283800552317e-06,1.97879285174608e-11,3.57492638327522e-06,2.96635720345314e-08,3
"20306",0.102497698651445,0.896283973271805,0.000977487569190502,1.74844596680234e-06,9.62095397805915e-09,0.000239081990173611,4.50465352414989e-10,2
"20309",0.744127923135842,0.0156866893852277,0.00246147517088192,0.0861185328147832,5.0013697815263e-07,0.15152544359975,7.94357565367059e-05,1
"20311",0.869222911911754,0.128316307347979,0.000502556224635264,0.000934327190709714,6.85221623912067e-07,0.000765482039780135,0.000257730063518281,1
"20314",0.0259935025557686,1.57071691568847e-05,5.58259126834054e-05,0.949654929584402,2.69776375646939e-07,0.00122837045578316,0.0230513945458305,4
"20318",5.91162329033818e-06,1.5039739983418e-06,3.08500632425188e-08,5.85373859427686e-05,5.45795620352468e-06,6.23002433603254e-08,0.999928495910258,7
"20320",0.0012534753986709,5.27758488464731e-05,0.00204178561557574,0.405788930673765,7.55884950644881e-06,0.589437152474261,0.00141832113937458,6
"20326",0.0369868280292211,2.21885996875104e-05,0.000143109677717575,0.908664037899793,6.86706638232725e-07,0.000536233705475025,0.0536469153814668,4
"20328",0.00368627624200609,1.81979267346268e-05,0.00216636777076415,0.783195358392471,3.23602396885206e-06,0.210921701897382,8.86174667316962e-06,4
"20330",0.0236243203955248,0.0996424930068865,0.00223806954317774,6.26062513183278e-05,3.7954391427735e-07,0.874431698412225,4.32846953806907e-07,6
"20336",0.0181979805319804,0.000250614074896419,0.97457455827231,0.00559185355369433,1.88425033551027e-09,0.00138477501160748,2.16671261018399e-07,3
"20338",0.0138452867484171,0.00139448973773674,0.982152977793523,0.000208583402721576,1.20834135256483e-09,0.00234048564558272,5.81754636775933e-05,3
"20340",0.096280435224263,0.903456840598107,0.000149305300260479,2.32551884670858e-07,2.20094170804327e-08,0.000113155259160441,9.05690704240677e-09,2
"20342",1.88901826610763e-05,0.00129683031502331,0.980685578267379,5.245919897021e-05,3.10376563082003e-05,0.017707358599459,0.000207845780198757,3
"20344",0.77211411577827,0.226611516502334,0.000464428758251224,0.000456873675059035,1.54649102626316e-07,0.000352696582381988,2.14054600631611e-07,1
"20349",0.449749661520797,0.550080283308569,0.000103795725678562,5.16237417818655e-06,9.72428718586437e-08,6.09979266850482e-05,1.90122083955448e-09,2
"20351",0.982739660320209,0.00786137811702486,0.00346845378578951,0.00333093824659414,1.32469983036612e-07,0.00248901804914677,0.00011041901125242,1
"20353",0.0363576871829515,0.229086708141724,0.0154327727390236,3.50893391375483e-05,4.81667667760877e-09,0.719087718715809,1.90646780105835e-08,6
"20357",5.64182535364693e-05,0.000911769417548673,0.997328524562558,1.12525483580683e-06,3.88757113340034e-11,0.00170216237572196,9.69232618738549e-11,3
"20360",0.000530119835178361,0.00944336594969965,0.280227817961469,2.90408319769419e-05,0.000250939098666172,0.709518212125417,5.04197593133443e-07,6
"20364",0.488400238298517,0.112649479071891,0.00198295929263309,0.0111027869551537,1.31164069462788e-08,0.385856454782638,8.06848275988966e-06,1
"20366",0.00139091549463209,2.15078434898159e-05,0.996887215169779,0.00139998888889777,1.45924073735728e-09,0.000297133193324113,3.23795063634496e-06,3
"20381",5.10289228902877e-06,1.08127503851788e-08,8.62787791634937e-08,0.00274801567314191,0.985144034436589,3.87716201222792e-06,0.0120988727444385,5
"20391",0.147818500100727,0.0269109849952078,0.0149600174723548,0.0133156836249476,0.218460769064224,0.578534027152223,1.75903152959052e-08,6
"20394",0.0013896327862043,6.93028056400107e-07,1.94191241729426e-06,0.973789513893508,0.00148200112466469,0.0226062111815568,0.000730006073592757,4
"20396",9.39213801161622e-06,2.65788862031976e-09,1.06962702246001e-08,0.319399213159135,0.671401099636258,6.84667949541834e-05,0.00912181491748183,5
"20409",0.821140720307132,0.0164104140131564,0.000444429930179095,0.0606935458453108,2.03437039590004e-06,0.000119133550300013,0.101189721983525,1
"20411",0.483245938643971,0.348826710853121,0.131052528293612,5.1827231164834e-05,5.03929098027456e-09,0.0368229884813941,1.45744510830683e-09,1
"20416",0.000692584827474286,0.24263142920133,0.756543467194981,3.00123461703048e-09,6.9437163990899e-11,0.000132515694093972,1.1448321895427e-11,3
"20418",9.2418980775938e-06,2.22736610437031e-09,5.44456950442571e-09,0.229396698303144,0.723803633929567,8.40137440450411e-06,0.0467820168228711,5
"20420",4.02101671075023e-05,2.75913647145288e-07,0.991903446975711,0.00761245330887088,1.68441359010963e-07,0.000376612068799517,6.68331245047173e-05,3
"20422",0.0609559842754043,0.908476410112423,9.4918268833168e-05,6.66335556199263e-05,1.52540236560947e-08,0.0303794007406343,2.6637793062299e-05,2
"20424",0.352624856495391,0.485303558068332,0.040484291707502,3.29077698721725e-05,2.22564537091569e-09,0.121554378624082,5.10917606824876e-09,2
"20426",2.85178346426361e-07,3.26587524297367e-06,0.999914105013253,2.70272195355178e-06,1.17736466868569e-10,1.91331754629648e-05,6.05079180050919e-05,3
"20428",0.917402093568776,0.0131930031552411,3.62345927104122e-06,0.00546094301901956,0.000776621829897809,0.0631604999676046,3.21500018972779e-06,1
"20431",0.0241489820028502,0.00272259317976887,0.00484891860087741,0.512479359135453,8.17643962555929e-07,0.348202822811667,0.107596506625421,4
"20433",0.012880380469947,0.986883779192322,1.27158392529594e-06,8.20753225914192e-08,4.90829641103223e-05,0.000185401915037546,1.79933504012468e-09,2
"20436",0.0022684864257441,0.000879786368147574,3.19245707007949e-08,8.21282518680895e-06,0.996815242342354,2.50059680891226e-05,3.23414590827949e-06,5
"20439",4.29272589957263e-05,9.46990586861967e-09,1.66648091495505e-08,0.635652540794339,0.202442289518023,4.14791754834224e-05,0.161820737118444,4
"20441",0.000205974884278105,0.000183232976739579,0.990296163009191,1.10020886705329e-05,1.04676526287236e-10,0.00930354959252623,7.73439174029938e-08,3
"20444",1.80198044219225e-07,1.59029114773832e-09,3.91672853132644e-09,0.000113064786059685,1.29019103002119e-06,4.43388151153094e-08,0.999885414979031,7
"20448",0.0633899655691511,0.00018297227006967,0.00148476599503386,0.771550371657537,0.000129718614316281,0.000106495092919691,0.163155710800973,4
"20536",0.00168515589120428,1.02300472074157e-06,3.701221689768e-07,0.212910610301522,0.779645329974396,0.00575013142702293,7.37927896454249e-06,5
"20538",0.473522509854033,0.00267511214151641,0.514513303605221,0.00913679178690488,1.77001351826373e-06,0.000150112328951718,4.00269854546009e-07,3
"20541",0.0288151393548949,0.950681565140681,0.018609716668222,2.83071302873496e-07,1.63698320798593e-11,0.00189329435844863,1.39008094847118e-09,2
"20544",0.863458687005477,0.000701002984778205,0.000311388460987672,0.132930429552977,5.61648361631406e-07,0.0012617735145124,0.00133615683290579,1
"20546",0.610131828328042,0.366817861243806,0.00672684836330064,0.000264699734828354,4.84428727472342e-09,0.0160587503420537,7.14368209923903e-09,1
"20550",0.00205798406497355,0.000852833920448833,0.00016927431750233,0.00137799944593556,4.19093591704262e-07,0.995479512695875,6.19764616734732e-05,6
"20553",0.000154953338407732,0.490551853038733,0.50928920489767,5.3376113620004e-10,4.27241082929167e-10,3.86689552839459e-06,1.20868659036115e-07,3
"20555",2.30651769834753e-06,3.85568222948111e-07,0.997946233507557,0.000459102975257804,8.15727811958992e-08,0.00159186356616798,2.62923146135192e-08,3
"20557",0.00735840195112226,0.00134142859586877,0.0124913210603674,0.00941526508770192,8.14918428951692e-09,0.969174420361748,0.000219154794007357,6
"20559",0.730228599653939,0.269271456208788,3.47100200059054e-05,5.70005603875154e-05,2.13058997544206e-09,0.00040694459231023,1.28683397935293e-06,1
"20561",0.0208812101526749,4.00443866311655e-06,4.46664352828581e-05,0.635363091081368,2.91997870283297e-06,0.000665187797907546,0.343038920115401,4
"20564",1.39884508749446e-07,7.72606663388755e-09,1.13247946742646e-08,1.24329071806562e-05,2.99772100783479e-07,2.76161251496581e-08,0.999987080769223,7
"20566",0.756977585249905,0.0571250803274332,2.95326701087283e-06,0.0238661054691325,2.77432577112111e-05,0.161942041278671,5.84911501360349e-05,1
"20569",0.000134126645261554,3.56872870615335e-08,1.15084955300904e-07,0.919288528757284,0.000199382132717514,4.45799524312341e-05,0.0803332317400632,4
"20572",5.37796915488379e-05,4.26696112629476e-08,1.45465396734048e-08,0.0842813244102063,0.000426581594648811,2.46705040509937e-06,0.91523579003704,7
"20574",0.34983545414828,0.645582893854459,0.00149690035090376,3.8580327500655e-05,3.43449150450867e-10,0.00304330469381239,2.86628159540319e-06,2
"20576",2.67382578522763e-06,2.42396529597617e-08,3.84229539578469e-08,8.84094438095799e-05,2.10534844636218e-07,1.31909109537676e-07,0.999908511623844,7
"20578",0.969559351711865,0.00483667461949283,0.000122538858544572,0.0146743007047365,1.74585171352242e-07,0.00953696910946689,0.00126999041072281,1
"20580",0.957322605493854,0.0123733722769657,1.55961617013212e-05,0.0290680897169402,3.89759080252709e-06,0.00119861570564132,1.7823054095024e-05,1
"20583",1.5217237820367e-06,2.15699309601217e-08,2.81389058719748e-08,4.38288519567004e-05,2.10068166364707e-07,8.12001955063094e-08,0.999954308447062,7
"20586",0.971347632835639,0.0143313920338822,0.000620338442811117,0.0125016806838506,1.7962305621774e-07,0.0011980961290403,6.8025172089324e-07,1
"20589",0.326577702584691,0.666077718485705,8.6850850245064e-05,3.1618560109003e-06,9.11308292031455e-08,0.00725447459007769,5.02441524842333e-10,2
"20591",0.00395440119080665,3.15139932128325e-05,0.0757434019985297,0.101223451389906,8.04708496061563e-06,0.819036855444033,2.3288985509632e-06,6
"20593",0.00369199464616816,0.996247466785799,2.38795152293941e-06,1.39876428840805e-09,9.22890149390543e-10,5.81469550975379e-05,1.33975843420619e-09,2
"20595",0.964979492605402,0.0343854240820069,9.14313052144501e-05,0.000379456258190909,1.10038901909024e-08,0.000148017119878608,1.61676254174146e-05,1
"20597",4.22221214413061e-07,6.45695787719304e-10,5.52649404888138e-10,0.000911109489966388,0.999085558912964,7.24806369315255e-07,2.18337114051705e-06,5
"20599",2.20363036328308e-07,8.83682685350045e-09,5.88410951071127e-09,2.12843970538514e-05,5.36307204094973e-07,1.6609711762914e-08,0.999977927602058,7
"20601",0.00334577662907688,1.33518047170245e-06,3.69046769490211e-05,0.970300213457995,2.20262562366944e-06,0.0261125070883259,0.000201060341558066,4
"20604",0.113917947804201,0.886020874176764,1.83451101961575e-05,8.53845490530108e-07,9.1979124861596e-10,4.14875140180697e-05,4.90629538071995e-07,2
"20606",0.070490431367194,0.928966459874049,1.76030155135587e-05,5.65300920351918e-07,1.22929133851524e-09,0.00052493103196745,8.18106410669863e-09,2
"20608",0.449833948089403,0.504649112946457,4.67563167966345e-06,0.000103022189761459,1.40063713348729e-06,0.0454076230990267,2.17406538688653e-07,2
"20610",1.09205565158324e-05,1.97436816036362e-07,2.10081377009455e-07,0.000615717767070943,3.24761693284487e-07,6.8504660023096e-06,0.999365778930525,7
"20612",0.0677106801096993,0.0937635427554038,0.0989560630095182,0.000417843148939646,0.7382870916846,0.000188195695349115,0.000676583596489368,5
"20614",2.74396091692333e-06,1.12951025723207e-08,1.65871206119591e-07,0.00596809973981173,2.87158470813693e-07,9.63063527081908e-06,0.994019061339221,7
"20616",0.0384196099415621,6.07689243087614e-05,9.96774578332732e-05,0.959701033107362,2.40230274154352e-05,0.00129282275344532,0.000402064788072579,4
"20618",8.68541352912244e-05,1.38484241239983e-05,0.998771058004399,0.000194480138688795,3.63966179741067e-10,0.000927101531395502,6.65740213517439e-06,3
