"","V1","V2","V3","V4","V5","V6","V7","best$classification"
"19812",0.779335272443673,0.0639955458571594,0.000630229408968149,1.82685040013811e-06,8.52790206604966e-05,0.155399747966046,0.000552098453093083,1
"19814",0.987017718335876,0.000996597902128546,3.60055276981098e-05,0.00224978590071977,2.66746107886216e-06,0.00968830954811839,8.91532437997442e-06,1
"19816",0.00397529980908485,0.0092433884546069,0.108104732011808,8.56112292296372e-07,3.77939242574491e-05,0.87863631700479,1.6126831605848e-06,6
"19818",0.535118336648213,0.000569660688782522,0.000673463326031502,0.00859672989956931,2.52383332445304e-05,0.454991804706741,2.4766397418762e-05,1
"19820",1.17495019563999e-08,4.47010165211307e-05,0.992688516895266,5.25319649260578e-10,6.46998708416407e-09,0.00726150713170472,5.25621169898715e-06,3
"19822",4.16779436275748e-07,0.00755617268646302,0.979121199572077,1.01040601266828e-06,1.92553358244079e-07,0.00465415081212144,0.00866685719053137,3
"19824",0.000154608860420765,8.67006133992755e-06,0.160799723533067,0.00121743797576652,9.82650022655799e-05,0.837697912200255,2.33823668854527e-05,6
"19826",0.729478513206178,0.166446855990476,0.00158471478647663,4.05954773024603e-05,0.0127486066198244,0.089695219648864,5.49427087870947e-06,1
"19828",0.000167366985173195,0.000246550430293439,0.473457423556685,2.24419109860042e-06,1.61523140295006e-07,0.525938688654741,0.000187564658868171,6
"19830",0.889669524213454,0.105664183023926,2.31035218494574e-06,0.000115517738038495,0.00152168270440249,0.00267769976052521,0.000349082207469419,1
"19832",0.142250735968492,0.0387391030065322,0.0209823672514104,1.64223759144563e-06,4.53746403713269e-06,0.101380924648422,0.696640689423514,7
"19834",0.0119756645217233,0.769789304651374,0.0852044775560408,0.000105466544020403,5.56412105714942e-07,0.130179313844317,0.00274521647041843,2
"19836",0.051701288424168,0.00344931168800904,0.00110184464169786,3.76040701099623e-07,0.022215129008859,0.921497732598314,3.43175982504536e-05,6
"19838",0.998675697351341,0.000762892246670555,3.96047286535524e-07,0.000294766769250155,4.55334686722993e-06,0.000232281093898944,2.94131446853345e-05,1
"19840",0.0187227394408025,0.801925645635273,0.0365919687638423,3.75369797722411e-06,0.000689532545273224,0.142063255745478,3.10417135428442e-06,2
"19842",0.0443760922016468,0.000545318619739382,6.21125368970866e-08,7.47133446941236e-06,0.955044977495333,2.60177451728073e-05,6.04911018600662e-08,5
"19844",9.15188656695379e-06,1.7822975975064e-07,1.18557169812745e-06,0.999972047830379,1.53965363555358e-05,2.02295005916444e-06,1.69951814612219e-08,4
"19846",0.928323206069738,9.81439208394292e-06,2.38794490883042e-08,0.0676248356765987,0.00384577190909217,0.000196281292256921,6.67807808306976e-08,1
"19848",0.97524967831912,2.36186089568882e-05,4.60642351669888e-08,0.0243303243926525,0.000191709885116607,0.000204375012112233,2.47717806639363e-07,1
"19850",0.804101559956105,0.000145602175693697,2.75452154008357e-06,0.194956233902904,4.54155034033387e-05,0.000746800711690801,1.63322866292246e-06,1
"19852",0.0320217629999861,0.00265181620298144,0.0058260918729751,0.000108813053513636,2.65725498181555e-06,0.959359719856329,2.91387592334682e-05,6
"19854",0.997518631789694,6.61135359668999e-05,5.35983748749422e-08,0.00222601192721453,4.35278947541697e-05,0.000145066868370817,5.94385624904774e-07,1
"19856",0.0148099339190953,0.000495688685044745,7.74825957116464e-05,0.984220474091535,0.000158523173853728,0.000232790638552406,5.10689620712591e-06,4
"19858",0.000996710512929014,8.3009930091394e-05,0.00266768078017785,0.986624610220043,1.34585374503429e-05,0.00955579734281227,5.87326764958448e-05,4
"19860",0.288175160856448,0.20274616466949,0.0178347079008451,3.46523696283914e-05,2.45483490606204e-05,0.491142916244333,4.18496101943625e-05,6
"19862",0.984136937498603,2.44023211657413e-05,9.91865975987751e-09,0.00253285566133502,0.0132185891960621,8.71370888882336e-05,6.83152858244574e-08,1
"19864",1.88561441150397e-06,7.58205605533293e-07,8.24314728607806e-07,1.24041176051313e-06,0.99996166832441,3.35842729718566e-05,3.88561113356185e-08,5
"19866",0.000618484638356881,0.0892849212526595,0.123754007750216,9.58210094836065e-07,0.0155489037792172,0.770787526039028,5.19833042732287e-06,6
"19868",4.52777257429655e-05,0.0028984690104893,4.87732274759519e-06,3.98589981510359e-05,1.92143653834829e-07,3.36030105320585e-07,0.99701098876911,7
"19870",0.985054287303625,7.22997150708571e-05,1.2430957035404e-06,0.00190217295510068,0.00130249585917253,0.0116658014399048,1.69963142290384e-06,1
"19873",0.663161421243022,0.00189643467269994,0.00042285035583518,0.000687938127502126,0.00180463008344003,0.332022488365881,4.23715161905201e-06,1
"19875",0.001107082166482,0.0463294002986779,0.768060765868929,5.66731903296021e-08,5.42199287029713e-07,0.18434049667721,0.000161656116223755,3
"19877",0.896617274795525,0.00746141259673314,2.97022823569168e-05,0.00237329394050111,9.39956993416475e-05,0.0934056705162905,1.86501692513343e-05,1
"19879",0.0845026271296199,0.00952242341373766,0.00163746844862925,0.0014809002611912,3.94133333607801e-05,0.902536906236762,0.000280261176699432,6
"19881",0.88352457847208,0.00607853953507371,0.000200551892502866,0.00125322303750201,0.0250011726537984,0.0839358812147449,6.0531942986685e-06,1
"19883",0.612341851565412,0.00268904081240227,5.16511226077541e-05,6.24154059716895e-05,0.349817706176399,0.0350367334325153,6.01484692166559e-07,1
"19899",0.0128524580908625,0.929159330951163,0.00162155947348268,2.61009907612949e-06,0.000120827043685962,0.0559537167527075,0.000289497589021883,2
"19908",9.2056315289769e-05,0.980501138414642,0.00178857787789648,0.000241445211917005,0.0159138199557519,0.0007272418828834,0.000735720341619014,2
"19910",0.0478163252194668,0.000403527945749134,0.000942367885932171,4.71736174109456e-05,4.19912591285984e-05,0.950741432166956,7.18190535658873e-06,6
"19912",0.413816517956091,0.00481704366478149,1.58749670093093e-07,0.000433811359536712,0.580858885526942,7.33917616463617e-05,1.9098133247592e-07,5
"19914",0.175684679812496,0.41709985000733,0.0033772281175094,0.000629099123228963,4.11943625721514e-05,0.401372991989254,0.0017949565876084,2
"19916",8.68593532106874e-05,0.000621895170787601,0.201464878203806,0.000404066834259315,0.243402746332234,0.553983487567056,3.60665386464271e-05,6
"19918",0.906230866262011,5.55531680078822e-05,2.02798232154594e-06,0.082918023623921,0.00238161273682329,0.0084118047518241,1.11475091474607e-07,1
"19920",0.130783615189941,8.75139114129895e-05,2.83824971986498e-07,0.868982795927205,3.32086218624128e-05,0.000112525841618415,5.66829885378187e-08,4
"19922",0.117919632280882,7.49587938774365e-05,0.000436251341374461,6.14851900306066e-06,3.72726403016578e-06,0.0369513663183308,0.844607915482502,7
"19924",0.848569152603595,0.00887754838259137,0.000132442326489437,0.0337913099904836,0.000193993861238598,0.108429122041364,6.43079423774937e-06,1
"19926",0.0209621793681441,0.602459874835717,0.00576229718772953,1.94168560639647e-07,0.00334511139417674,0.364154615752191,0.00331572729348094,2
"19928",4.38467400753256e-07,6.27595386291993e-08,1.75964198669568e-09,6.15218583683495e-07,0.999998833747609,4.58827627472728e-08,2.16446267718974e-09,5
"19930",0.983504459957409,0.000170233737204561,4.76409695776782e-06,0.000100927467440625,5.11616425365191e-05,0.0161619989819151,6.45411653653924e-06,1
"19932",0.998792606752118,9.60758234598201e-05,1.50263538128127e-07,0.000778027731432677,1.19480141770639e-05,0.000318648784204001,2.54263107048428e-06,1
"19934",0.0176024369608897,0.0531436231297549,0.472610479398078,0.00013085260564491,7.45683999298697e-07,0.454937314842703,0.0015745473789299,3
"19936",0.883474110566572,0.0741359748669063,0.000290473841912708,0.000140534408876116,2.1961106808267e-05,0.0416041648521063,0.000332780356818643,1
"19938",6.24698394329569e-05,0.152932552553463,0.718741576368126,4.73644176904256e-05,6.64595121009892e-06,0.127053732780544,0.00115565808953434,3
"19940",0.160069135376642,0.000177471124108416,0.000251763947917582,0.000143623321824553,0.00829785719179599,0.831058208906743,1.94013096880397e-06,6
"19942",4.31226656765528e-06,7.30502051794784e-06,4.18782590058512e-08,1.78736865659459e-07,0.9999875368031,6.24498356830507e-07,7.9633259185045e-10,5
"19944",0.0167921936843788,0.00391835443871421,0.00479801788923893,5.27523430087762e-06,0.000177540430916365,0.974301086875135,7.53144731570329e-06,6
"19946",0.346868640474144,0.00606545350681637,0.00132130594560192,0.013724605285364,7.72299025119903e-05,0.631914613715347,2.81511702149057e-05,6
"19948",1.85083448121528e-05,9.71323649707887e-08,1.71040525662112e-08,6.93193272585463e-07,0.999978217684398,2.46625405721226e-06,2.8704246567245e-10,5
"19950",0.00160425770232897,6.07442636966946e-07,1.02600757517502e-08,0.998393382736177,4.87753543442895e-07,1.19231007047859e-06,6.17951674840841e-08,4
"19952",1.85083448121528e-05,9.71323649707887e-08,1.71040525662112e-08,6.93193272585463e-07,0.999978217684398,2.46625405721226e-06,2.8704246567245e-10,5
"19954",0.996462495314898,8.08745538227458e-05,6.16793411303735e-07,0.000434107330115305,4.88186145196674e-05,0.00297159567037821,1.49172285460078e-06,1
"19956",0.245673570333998,0.110493558160089,3.05108544772948e-07,0.632434819429767,0.0113407711934884,1.16569293103273e-05,4.53188448026874e-05,4
"19958",0.000672845727266107,3.23500743424144e-07,3.87000337752699e-06,0.000159433518495582,3.32950446707435e-07,8.03460706989797e-05,0.999082848228972,7
"19962",0.513718099047757,0.0211548614515493,0.02127348678575,0.226857783425254,0.000297560748836437,0.214879764439005,0.00181844410184857,1
"19964",0.286794642628082,0.000102306083726244,0.000220753590263071,0.0061084767425101,0.0118664760939324,0.694898596720375,8.74814111111027e-06,6
"19966",2.34928975325643e-05,0.0440697419261739,0.728374942360677,2.85423340435482e-08,0.00446250867069755,0.223041622259702,2.76633428826719e-05,3
"19969",0.980152458951158,0.0062855147145233,6.61323316532622e-06,7.01805581055509e-05,0.00957969946415767,0.00390448018147698,1.05289741369286e-06,1
"19972",0.714687283390173,0.000123561085541778,2.99605543235579e-06,0.0669733074361219,0.180155752957138,0.0380555324593906,1.56661620185491e-06,1
"19974",0.111347524554525,2.85738668301353e-06,3.63203690995173e-09,0.841714794317154,0.0469179418264327,1.68700145410876e-05,8.26862722444410e-09,4
"19976",0.669530371313862,0.00425916059026564,0.000159251926365955,0.0496602780084153,0.000258603871678081,0.276122664142276,9.67014713674613e-06,1
"19978",0.0177062042736741,0.000231345920205568,0.00451851515037866,7.06608245145207e-05,0.000145281179289123,0.977327385424663,6.07227274750415e-07,6
"19980",0.867935863996942,3.0603164454943e-05,4.86236428404175e-08,0.131892836210018,3.65480113681946e-05,0.000103546755553366,5.5323802048652e-07,1
"19982",0.160455030392192,0.00112471066193117,6.79735240548064e-06,0.838145701376118,1.25974725245748e-05,0.000243598003314696,1.15647415144147e-05,4
"19984",0.000217410790332053,1.21184576909533e-06,4.82028500036494e-07,0.9997706004049,2.61485084300661e-06,7.65408813411109e-06,2.59915212741304e-08,4
"19986",1.73413353958637e-07,0.00486026180377389,0.943878312685803,1.7107880225887e-09,1.88375181261387e-07,0.0511793813698446,8.16806412555397e-05,3
"19988",3.90991403795469e-09,0.000208500474179889,0.995289324340013,3.43800896699119e-10,2.12419825255292e-09,0.00445793794030609,4.42308675876315e-05,3
"19992",1.26399157071558e-07,0.00490070706458277,0.991311461538961,3.79279252835288e-08,1.63590904386434e-09,0.00374899644962792,3.86689838372468e-05,3
"19994",0.979178783362924,0.000746162026097697,6.80664490166384e-06,2.33983477989348e-05,3.65366020917567e-05,0.0199831931938188,2.51198223669551e-05,1
"19996",5.73486165596229e-07,0.000347506314946806,0.963302465788202,4.77879722056619e-08,2.95962033792036e-09,0.0363380654957472,1.13381673458472e-05,3
"19998",0.0922858116408841,0.49907893716761,0.00288628059987774,0.00563573177197834,0.384817972852617,0.015266884326176,2.83816408569763e-05,2
"20000",0.777756167631963,0.210018909500119,1.83984877175821e-06,0.000255407575379812,0.00303241191048014,0.000112582407795072,0.00882268112549152,1
"20003",0.913632708211276,0.0128588934827199,0.00010980691248587,1.45424590175322e-06,0.00069791953379671,0.0725461977513997,0.000153019862419667,1
"20005",0.975425037844276,2.51506270213567e-05,1.50413986174707e-08,0.0225233902024057,0.00184568643183348,0.000180642916891678,7.69361736128756e-08,1
"20007",0.0554223254304427,0.301487641720781,0.021167995091119,0.000432480883179439,9.12191441394148e-06,0.620764414973399,0.000716019986665339,6
"20009",0.00013506682822748,0.00128998700957647,0.608882031392602,0.000339791854814301,0.000267569248409004,0.388646014183536,0.000439539482834434,3
"20011",0.780042119990713,0.00133847794507816,3.58910986755733e-05,0.010235979323631,0.0359814432385879,0.172360864497716,5.22390559788394e-06,1
"20013",0.888486239397333,0.016622274742884,8.08125765791192e-06,0.0922892411939469,1.33016054995604e-05,0.00257429386765528,6.56793502307236e-06,1
"20016",1.30748930444651e-06,0.00422459920991791,0.90807933920433,6.06102877188778e-06,3.97024175773735e-07,0.0855395634996874,0.00214873254381267,3
"20018",1.21216390285251e-09,1.25885591857109e-05,0.0713574846705604,6.96555470202469e-10,5.14986907993547e-09,3.26312733621093e-05,0.928597288438303,7
"20021",0.00176209235194863,0.000506399443416272,0.0938942209817121,3.64284198086422e-08,3.41929455830418e-06,0.903685636358145,0.000148195141799462,6
"20023",0.0118026303839826,0.0473649845616225,0.0495542800851036,4.53815460527206e-05,8.39678204777623e-06,0.890773229320088,0.000451097321103321,6
"20025",2.16415381416651e-06,0.000432919571783397,0.691249230502989,3.02952482483337e-08,3.54358999474056e-07,0.0199151071958245,0.288400193921341,3
"20027",0.606950821434611,0.0156826143382054,1.2110937401912e-06,1.43372614566516e-05,0.375814245287908,0.00153549938793264,1.2711961457556e-06,1
"20029",0.981049260081908,0.000562222953613425,2.19677966852567e-07,0.00840750798850991,0.00968590092049602,0.000294855273749436,3.31037564417162e-08,1
"20032",0.99130013927819,0.000560996205729313,8.11321110042124e-07,9.72261448571682e-06,0.0058495982145757,0.00227468905429161,4.04331161745934e-06,1
"20034",7.27274834011875e-05,3.41338562327191e-07,5.58562518170208e-08,1.44030506521102e-07,0.999900012674557,2.67158359786355e-05,2.7807425670689e-09,5
"20036",0.023895967453291,0.96155273098544,0.000483087206902319,0.0136242609759849,0.000158616718572441,0.0002643444800996,2.0992179709701e-05,2
"20038",3.94769054805303e-05,0.216036763842775,0.693826088282587,1.34047497985569e-09,1.51820018094697e-07,0.0875323919966583,0.00256512581200558,3
"20040",4.88480393997008e-07,5.48391787658514e-05,0.811506213541811,3.13709213518019e-06,7.71047392490979e-05,0.178792830426535,0.00956538654111023,3
"20043",0.00060934321061237,0.00871849631564702,0.910144318762283,2.82299963806614e-07,5.26675648572728e-08,0.0802629053400379,0.000264601403890484,3
"20045",6.37551559769195e-09,2.36486287984823e-05,0.995220974913825,1.67207867140025e-08,1.93968269749707e-10,0.00398585467110979,0.000769498495995719,3
"20048",2.49070975978972e-05,8.87915626448546e-08,8.63093503991129e-09,0.999974621821695,2.2180404752781e-07,1.2427164712263e-07,2.75825149872266e-08,4
"20051",0.614266070353136,0.125237741886391,0.12123197595597,0.0122406777290477,8.60259854611409e-07,0.113160397429119,0.0138622763864822,1
"20053",0.000986328976200522,0.00110564594753431,0.0319528703158441,6.29313183037353e-05,2.09193721269867e-05,0.965856621456957,1.46826130334506e-05,6
"20055",0.0022385802519162,0.903502444228042,0.0427058461619648,6.67522962557423e-09,8.14631858009954e-06,0.0355650779948367,0.0159798983694303,2
"20057",3.63371987106561e-05,8.01997357501782e-07,3.92735313913747e-08,0.000322254963094796,1.23961796295295e-05,1.32150274307757e-07,0.999628038237402,7
"20059",0.000645637289040023,0.000627064108298034,0.0226433007497846,4.85613508199964e-06,7.52389487608491e-05,0.975356679804535,0.000647222964499527,6
"20061",0.00642423607638142,0.00302145464597853,0.00999581490835124,2.33452927370955e-05,5.7634202699146e-05,0.980428581323139,4.89335507139242e-05,6
"20063",4.71750675077537e-06,0.0001631318511852,0.0147603174767254,0.984565072589319,0.000324169765555172,0.000108310350368479,7.4280460096115e-05,4
"20065",4.31798641087194e-07,0.000607130635065023,0.22666208274781,2.89317232406586e-11,1.3708101617002e-09,0.00280574462217438,0.769924608796567,7
"20067",4.27178912505357e-05,0.00160492663182946,0.905997112693921,0.000184921150034149,2.73009122219257e-09,0.0863614156284114,0.00580890327446214,3
"20069",0.631398901562114,5.67388649669025e-05,1.22312903951897e-07,0.368418885228156,1.39106180680391e-05,0.000110339078525253,1.10233526635331e-06,1
"20071",0.000901220327903778,0.995251768000659,0.000238489683887074,1.41166968063767e-05,0.00108847902940244,0.0024906990836268,1.52271777145149e-05,2
"20073",0.0975408410416635,4.35199126702859e-06,1.09077541229944e-05,0.89544666004665,0.00040935896741706,0.00658743442683775,4.45772042032493e-07,4
"20075",5.71515877116947e-05,0.000470745434598238,1.1862605636389e-06,2.55018366644574e-07,1.94379553984724e-08,3.43153007567636e-07,0.999470299107797,7
"20077",0.00141569249937211,0.713324112040366,0.182983761752515,0.000242994720143855,3.26116704471379e-06,0.10201980555893,1.03722616290939e-05,2
"20079",0.0374831353935519,0.00975135425561766,0.102104484895636,0.840977798043825,1.78837196420355e-05,0.00921870359687244,0.000446640094854537,4
"20081",0.00200214323607149,0.0727785796739139,0.425689396270046,5.27274204393461e-06,2.17164502485885e-08,0.333415441710848,0.166109144650627,3
"20083",0.00354695284373546,0.129370671980815,0.000794494333616497,0.864746126889232,0.00129056064903598,0.000132114122905074,0.000119079180659936,4
"20085",6.77938103639029e-09,0.000279636383720318,0.99742657914334,5.75266493444308e-11,5.31536547035675e-10,0.00210594709692397,0.000187830007571103,3
"20088",5.76341096528219e-05,0.00446471682795303,0.877603550704552,6.71656060361386e-08,1.77862392841248e-08,0.117464368011627,0.000409645394369939,3
"20091",8.91046916707232e-06,0.000125824826709717,0.000180654571605969,7.63359700752319e-07,4.05999393400375e-10,0.000340986260804149,0.999342860106013,7
"20095",0.00332756481391781,0.000629260020889514,0.00249432690228167,0.804579704004491,0.0294176957850964,0.159444957533925,0.000106490939399364,4
"20097",1.34879532316182e-08,0.000947847000746698,0.996621318011594,7.97310771030349e-11,2.35959408827507e-10,0.00162327275078685,0.000807548433228599,3
"20099",0.000326859367158563,9.71135764653876e-05,0.114711792549974,0.00241430494314314,0.071522496551927,0.810926839025622,5.93985710312896e-07,6
"20102",0.000676431028301077,0.00010886238672146,0.000120319330270042,0.949989961755894,1.62656585690116e-07,0.000437722284553764,0.0486665405576744,4
"20105",0.00162961667599258,0.00120419454673065,0.746517768474791,0.000456056331257029,1.87579683176935e-07,0.250041013137664,0.000151163253880936,3
"20107",6.29724731669145e-05,0.093643524635829,0.51105724957735,3.85136892372947e-07,7.43659317686448e-07,0.395188695188381,4.64293290625863e-05,3
"20109",0.00523866966500034,1.00650181550093e-05,0.0405812300177563,0.128525528637918,0.000342073053223059,0.825298438850977,3.99475697017504e-06,6
"20111",0.337826174309804,4.30302941888308e-05,1.37598895493795e-06,0.00418272533658693,2.05243830423117e-05,0.000319387697364058,0.657606781990059,7
"20113",0.000584149981031635,0.810982154479691,0.0417112783608445,1.87656591273965e-07,0.00335083479961953,0.143357443787049,1.39509351723877e-05,2
"20115",0.992527376101313,2.17794081342717e-05,3.64989554591268e-07,0.000201210169393583,0.00433400031581372,0.00268864437128955,0.000226624644501108,1
"20117",0.000212471150482648,0.0172603547991639,0.0303369588750428,2.7062976424636e-06,0.306373741573302,0.05074932670439,0.595064440599977,7
"20119",2.58323661612093e-05,0.0553820294354127,0.75689883752,1.29519566710159e-08,0.0200819648676696,0.167601316331457,1.00065273432565e-05,3
"20121",4.98475755934587e-06,0.051506285662665,0.812601836235682,9.59809267426241e-09,3.02374763237621e-07,0.135767219285323,0.000119362085914994,3
"20123",2.21196657589467e-06,0.000594129037820721,0.000456821236397882,2.48231972033486e-09,1.21006896985765e-09,3.94470975445782e-05,0.998907386969272,7
"20125",0.931418136810422,0.00107257067899234,1.03292074655972e-06,0.0665322812855431,7.80433010274364e-06,0.000961144926914276,7.02904727931748e-06,1
"20127",2.18676401781919e-07,2.38045900174801e-05,0.994525059050458,2.6142229066235e-07,5.03608056293202e-09,0.00542955282372313,2.10984010291236e-05,3
"20140",0.000636974111263499,0.991271954578724,0.00123127217288086,1.54591305738764e-08,1.75714966629528e-05,0.00228690060688728,0.00455531157445122,2
"20142",0.005123749698025,6.04020216752573e-06,1.67911682828345e-08,0.994866846068195,9.76148535387338e-07,2.2174532891958e-06,1.53638619459834e-07,4
"20144",0.971476950103051,0.0191737902147926,7.98806622712261e-07,0.00459268154189985,4.3172438042331e-05,0.000367592115129146,0.00434501478046238,1
"20146",0.291909291072939,0.365711105264058,0.000289508312363453,0.339569117990215,3.08106428380308e-05,0.00176144108327551,0.000728725634311115,2
"20148",0.942548364778328,0.0431534453324066,0.000258768436066184,0.00013452843466263,1.42869496809102e-05,0.0138531224738533,3.74835950026324e-05,1
"20150",0.670943250619044,8.83649864776497e-06,8.09144585452337e-09,0.326086084958673,0.00292237284551627,3.93991942410943e-05,4.77924313825314e-08,1
"20152",0.857614066788042,0.0490290482834634,0.00126658566212283,0.0001062125397742,7.77721356008697e-05,0.0918353105110287,7.10040799677825e-05,1
"20154",1.77886596746593e-06,0.000276143073772236,0.091315002883125,3.65586133156284e-06,9.57498830187027e-11,0.000280919249599774,0.908122499970454,7
"20156",0.0144537725482167,0.538402316805521,0.0217731537816236,0.0349063360008574,5.22777139030728e-05,0.387221488389797,0.00319065476008119,2
"20159",0.513558790759421,0.00015119908156761,1.40141845187658e-07,0.486188798262251,8.52156802273556e-06,9.03935910905994e-05,2.15659580204476e-06,1
"20161",0.0037681615447779,0.00125487957789024,2.41900280522134e-05,0.994755233516135,5.76994494417264e-05,0.000131206841932406,8.62904177010529e-06,4
"20163",0.864043461869317,0.00195610379593466,0.00249203417541124,2.66976461978064e-06,0.000881239596246374,0.129685877341704,0.000938613456767017,1
"20165",0.000263292412542785,4.78599431631619e-06,0.00165245659330623,0.996396549856526,4.59186627357599e-07,0.00167770909920203,4.74685747872212e-06,4
"20167",0.974814413719027,0.000628078094826407,6.40504272850847e-05,0.00555914905761733,9.4593174249614e-06,0.0189225246581947,2.32472562427397e-06,1
"20169",0.00013636711234184,3.67534154436092e-07,7.20120982731009e-09,0.999862710978158,2.76864710850269e-07,2.34709508665105e-07,3.55999164975444e-08,4
"20171",8.38775511443868e-08,0.000204300515725702,0.039341636409582,5.53882020838593e-06,5.37976642656756e-11,3.51091632316543e-05,0.960413331159903,7
"20173",0.000395707055887946,2.80500068203758e-05,0.0171421698631527,0.262186118206706,0.696529160795732,0.0237146141712674,4.17990043322357e-06,5
"20175",0.957037588721093,0.00332693420788508,8.75064713818744e-06,0.00705066122614422,0.000281845161234814,0.0322854393316721,8.7807048322039e-06,1
"20177",0.000657152219497663,0.000802131291769896,0.0683791259134067,0.000103216130625459,0.375367662177897,0.554688834945639,1.87732116482387e-06,6
"20180",2.99208605151708e-06,0.00433773909338004,0.872359385621069,3.05412656475176e-11,2.48719006346798e-06,0.12223352353735,0.00106387244154473,3
"20182",0.000193633881939357,4.49283606823316e-08,6.49537623789502e-10,0.997312997688025,0.0024816378927984,4.54138711440976e-08,1.1639545467419e-05,4
"20184",0.0320628511988525,0.000201211497135003,1.50944922698458e-06,0.967485746489825,4.86582492620454e-06,0.000243321774445035,4.9376558938852e-07,4
"20187",0.000512767862489227,0.00425909152370215,0.000180114318191904,0.00102727403294968,0.989142447946121,0.00487822259206908,8.1724477134794e-08,5
"20189",0.00459087217724254,0.00018995607796988,0.017340011972735,1.3251327228317e-06,0.00301664053511547,0.97486050936797,6.8473624380455e-07,6
"20192",0.00125102013477768,0.000188447314898419,0.335530150408132,1.92700422092837e-06,0.0156232655065671,0.467880686059832,0.179524503571572,6
"20194",0.0512504823296977,0.115533417676405,5.15085163411982e-06,0.689929846356797,0.143249698766165,3.10715907580503e-05,3.32428543228266e-07,4
"20196",6.69743321384168e-06,0.00140558064652317,0.903367169171716,5.24214773889004e-08,1.30703005439159e-08,0.0164991229118663,0.0787213643449023,3
"20198",0.305386687685183,0.191381769047844,0.0166193182029331,0.000486609540596572,0.000302874810835511,0.482889679577609,0.00293306113499884,6
"20204",0.66020226384917,1.83197627028616e-05,1.40983470602509e-07,0.339555094526255,1.61310669452988e-05,0.0002038239646315,4.22584682492498e-06,1
"20207",1.89979011659878e-05,0.0118238239647143,0.94202176475349,1.67166038142218e-05,1.16709593537306e-09,0.016390330193853,0.0297283654158668,3
"20209",0.80740617052471,0.0354703232552137,8.71301727691818e-06,2.41125039541062e-06,0.0750638789364299,0.0040130916528423,0.0780354113631321,1
"20211",6.78890190467608e-06,0.0013229701451371,0.000406530179730206,2.66916600943295e-08,2.46183110499973e-11,2.96140877629547e-05,0.998234069969187,7
"20215",0.000774586047161569,0.808338379803815,0.182588456114325,6.14960495186413e-06,8.69534047802573e-07,0.00824875864130527,4.28002543933318e-05,2
"20218",0.0227889704018595,3.4813570069431e-06,2.580901428255e-08,0.977197824745205,1.44786153067562e-06,8.03434877248305e-06,2.15476611259724e-07,4
"20222",0.00152227824798243,0.0218874424598008,0.936325289814007,3.56374460705428e-05,1.284962328323e-08,0.0187913889489317,0.0214379502335843,3
"20225",0.950822996485101,0.0333268166962202,4.1463257876928e-06,0.0153315749265116,0.000227625517305934,0.000128600610993632,0.00015823943807935,1
"20229",0.00159172364020963,0.998096682369142,3.12234820629179e-05,5.00494636321494e-06,7.81743410308613e-06,3.20227359669838e-05,0.000235525392152245,2
"20232",0.00685440054781148,0.653788427858915,0.0257903517053377,4.43438505676322e-06,8.10509822365489e-06,0.309977319270869,0.00357696113378643,2
"20234",5.61078169456462e-09,6.3975086939088e-06,0.975532825713907,9.39934920720276e-11,1.16821772455129e-07,0.0035728831934741,0.0208877710573769,3
"20238",5.6983134532146e-05,0.0119563303715067,0.523698623955696,8.52560705551413e-06,4.30463770984967e-07,0.463523832512525,0.000755273954913935,3
"20253",4.76025914823495e-06,0.32157465363168,0.675260946720407,2.85540232433651e-07,1.77783183010564e-07,0.00312872598107623,3.04500842726844e-05,3
"20255",0.995323172918373,0.00286589081486677,2.16075206484551e-06,0.000115174156165277,1.99422474142993e-06,0.00148949082787421,0.000202116305913921,1
"20258",1.72515446160717e-05,5.89809691780391e-05,0.66863701160282,1.96545071004426e-08,5.03701357286716e-07,0.331263586996247,2.26455312736648e-05,3
"20269",0.00562230436921021,1.41827436977184e-05,0.051905990721598,0.0150414211892091,9.49207464729887e-06,0.927384875069285,2.17338323530836e-05,6
"20271",4.68477046349041e-05,0.000158788134358583,0.432958074185828,7.77552754925271e-08,0.0072717000240006,0.559559430079324,5.08211657781289e-06,6
"20285",0.015959041070172,0.010012304210166,0.000219167556803337,0.000651764969249437,0.970215368803535,0.00294049876820887,1.85462186588093e-06,5
"20288",0.00141779662018324,0.831747772272363,0.0970923639995354,2.40295839009656e-05,1.39374575264647e-06,0.0695152494161601,0.000201394362104763,2
"20291",2.18878038270826e-05,0.00472549000489926,0.275491053571882,1.71131799321897e-06,1.63340138869784e-07,0.382489512575212,0.337270181386048,6
"20295",0.00967398409809622,6.43075794716443e-06,0.0202924332989839,0.00330471085546717,0.0356868925160618,0.931005498982938,3.00494905051693e-05,6
"20298",0.998157989424046,0.00028326804308959,8.13102023841319e-08,0.00134955637415463,4.08054908885297e-05,0.000167529656904701,7.69700714642499e-07,1
"20302",0.379582177796594,5.83015357191302e-05,1.16360618785578e-05,0.609843815088444,0.00206927068720615,0.00843221996080769,2.57886935031691e-06,4
"20305",0.998392712495673,6.92603207638682e-05,5.15199826772534e-08,0.000175851289009635,0.00116435673952547,0.000197457268192918,3.10366852497355e-07,1
"20307",1.22871455573417e-06,0.000945518601595745,0.895682178487509,1.26269407085803e-08,4.04396943531735e-09,0.103232567120112,0.000138490405317321,3
"20310",3.58413401033065e-09,1.83575477547248e-05,0.997985104536521,1.71123211994715e-09,1.50872974618313e-08,0.00189369859071219,0.000102818942348666,3
"20313",0.000614010413374537,9.46783145624823e-08,9.59714440790644e-10,0.999374860404577,1.07920062931488e-05,2.38271525567687e-07,3.26620079178506e-09,4
"20315",8.92431647712272e-05,0.0139942041345149,0.60854993249425,2.56292745691274e-07,8.35081017013776e-06,0.377320762058703,3.72510448455784e-05,3
"20319",1.43673793064158e-05,0.0117134004346403,0.735861197967686,3.14272547814737e-08,2.57721871529309e-08,0.00220718854407288,0.250203788474852,3
"20321",3.46774314472234e-06,0.00246841929951643,0.982618397520148,2.07560016765136e-06,1.6228328874245e-07,0.0149017986830034,5.67887073107144e-06,3
"20327",3.69537405024643e-06,2.66894992625766e-05,0.480268084839696,6.89599721628746e-08,1.05682207005837e-05,0.519688275410637,2.61769568177948e-06,6
"20329",4.97656397479331e-05,2.70873352472258e-06,6.42059343626872e-09,3.08458148975392e-05,0.999915023083903,1.65019929842018e-06,1.08035287976352e-10,5
"20335",7.2422797281104e-07,0.000241013257626519,0.936004874261321,3.36442360328268e-07,1.10752793817063e-10,0.0190930158873957,0.0446600358125711,3
"20337",0.86758866994498,6.47452553607717e-05,1.66202154134432e-07,0.132150582663892,7.88782463622836e-06,0.000185642521217768,2.30558775929633e-06,1
"20339",0.00242246213690797,0.369348889394588,0.00177997444162855,1.07289467382242e-06,0.00019913469683313,0.000411513062418325,0.62583695337295,7
"20341",4.55947675441602e-06,0.0019302586918848,0.0159780853924918,0.00039273484877205,2.53383590181231e-09,0.00133737906838735,0.980356979987874,7
"20343",3.90401929050461e-07,0.000130929777130469,0.99499363084445,1.63947996906759e-05,6.96642038470022e-09,0.00395514234414648,0.000903504866233403,3
"20345",0.892577905644745,0.0164457953795286,4.97820340788592e-05,3.23971973292026e-06,0.0297365959718045,0.0611641882332682,2.24930168418406e-05,1
"20350",0.00142651389076799,0.985629711812826,0.0066016489265061,0.00100981790868352,0.00017829021337644,0.00110037533978361,0.00405364190805656,2
"20352",0.000331432173499737,1.55333427217774e-07,4.60451588904924e-08,0.999666773177995,2.33019483535916e-07,1.31196793318902e-06,4.82825026519485e-08,4
"20355",0.0134259869280159,0.000415258537573757,0.000123326324717802,0.983218156934527,6.34690546151877e-05,0.00269243449993771,6.13677206131637e-05,4
"20358",0.0207110432544947,2.10159977603385e-05,1.87930785519129e-07,0.00644852401895248,0.97280466268135,1.45612612461496e-05,4.85541055025852e-09,5
"20363",3.04282604786285e-05,0.00466856490294059,0.947415370143476,2.35140443935866e-06,7.3895529587899e-08,0.0478729303500641,1.02810430717572e-05,3
"20365",0.00991788544253554,0.12573099157882,0.106315735369834,7.09414282266605e-07,1.49329882211577e-07,0.142595221300859,0.615439307563787,7
"20379",0.98813631879061,0.000377652333934287,1.11431057991646e-06,0.00052127552727514,0.000230175603049963,0.0102356999294209,0.000497763505129406,1
"20387",9.40836365599895e-05,0.000284809081829247,0.500889562510969,9.5775617202215e-08,2.6135083855664e-08,0.497741898842483,0.000989524017458034,3
"20392",1.83195859691072e-06,0.000150725834574949,0.00136639190576901,1.3752065773448e-09,2.71204354689835e-11,5.92075618856854e-05,0.998421841336846,7
"20395",0.561552078064615,0.405630594722016,0.000379643797868332,0.000625754870675453,2.38495016452851e-05,0.0317109234521249,7.71555910557697e-05,1
"20397",2.0283804797643e-05,6.72511956989724e-08,1.0349755486704e-09,0.00253043005786718,0.997449108062823,1.0926836337949e-07,5.19977712924337e-10,5
"20410",0.0010221198429914,0.000964787152116918,0.089599521711984,4.06662475113171e-09,8.96793500253244e-05,0.908148717819004,0.000175170057253227,6
"20414",0.835431840555802,1.90210390879389e-05,1.24460776204142e-05,0.1601048646375,5.43174024710104e-05,0.00437514170847352,2.36857904499629e-06,1
"20417",3.99524130904899e-09,9.43629967176363e-05,0.687055671282759,1.66146698514531e-09,6.96286825619115e-06,7.1976706319035e-05,0.31277102048924,3
"20419",1.44404056324579e-06,0.00011956015848938,0.901564720506327,3.80852667952937e-07,4.32472598257451e-06,0.0983093758532877,1.93862681818636e-07,3
"20421",0.220921169777124,0.00069992614646896,4.91834572379676e-05,0.740017719232025,4.05578732371258e-06,0.0222978283061524,0.0160101172936688,4
"20423",0.720849600484741,0.000142351268208597,1.25525795279173e-06,0.276938144979093,4.84520510356409e-06,0.00200981592706601,5.398687783535e-05,1
"20425",0.365348239628969,0.0264441523078928,1.97906752076683e-05,0.607818045944671,1.51171164432357e-06,0.000259201638340823,0.000109058093274546,4
"20427",0.733521510051789,0.00798588153112334,0.00116037960405985,0.00014258410062072,4.41542140023962e-05,0.257132905584013,1.25849143908618e-05,1
"20429",1.40359427975012e-05,0.0207370914445707,0.802562792637306,0.000228798361801736,5.76812438563188e-05,0.174818528364405,0.00158107200526277,3
"20432",0.285995799049132,9.50783345313892e-06,5.58888563338471e-07,0.713371831622208,0.000456360309558666,0.000165846999744724,9.52973405165407e-08,4
"20435",0.0263791322783528,0.0803271165593151,0.0408933560387271,2.20191186145543e-06,5.69061288856566e-05,0.843121879083988,0.00921940799887015,6
"20438",2.99284574649895e-05,0.0330074829130759,0.932572707383033,0.000205575055603817,1.6821058735183e-05,0.0341660534240754,1.43170801194811e-06,3
"20440",1.73989395751684e-05,2.20924320737637e-05,0.590075098350196,7.47153581209393e-06,4.99644751428699e-06,0.409864621801836,8.32049299314089e-06,3
"20443",0.000336685459847919,0.000509528108510381,4.88731249548868e-06,0.999100560398189,1.35556178525157e-06,4.35035023199415e-05,3.47965685179439e-06,4
"20446",0.331910956218798,0.00942972594483241,0.107883525531795,0.00283493013101339,0.00163120025032911,0.545384843618987,0.000924818304245236,6
"20449",0.0101186650662267,0.814384866330938,0.0169657513297022,2.73514664191971e-06,1.82468483563764e-05,0.157020570067898,0.00148916521023744,2
"20537",0.00136734962442963,0.00050413914837949,0.117218882955006,8.09565918443076e-05,4.05383570697176e-07,0.549998531150764,0.330829735146006,6
"20540",4.11420775339631e-07,5.14886756938506e-06,0.00148232170300571,5.76641302668238e-10,5.25464332193484e-10,0.000704845617592928,0.997807271288951,7
"20543",0.175309168947276,0.00100760553766879,0.00151329532742099,0.000855524441580097,9.83241016034374e-06,0.821122059594116,0.000182513741777358,6
"20545",4.47580015912308e-06,3.09491391404271e-05,0.000343674607103883,6.75442107013308e-08,9.93316736067622e-12,3.03262226568713e-05,0.999590506676796,7
"20549",0.673735377383003,0.00267924350685618,0.000950849627496448,0.00969962366975264,7.29027130846255e-07,0.309839681021301,0.00309449576445999,1
"20551",0.00578150933778106,0.0918703718891087,0.214589662943813,8.61504191241459e-05,9.72980305316921e-08,0.686929382579648,0.00074282553249421,6
"20554",0.000378834346785062,2.43915241971813e-05,0.0620396437877884,1.60687805143988e-06,9.966210879013e-07,0.937532132740071,2.2394102019375e-05,6
"20556",0.0240501891656185,0.963516697651121,0.0022859751685549,8.48098164320045e-05,1.06420264746474e-07,0.00465975557484355,0.00540246620316486,2
"20558",4.73855136347475e-06,0.000275270419491019,0.902372620909627,6.94998312035629e-08,6.94363788635696e-09,0.0973059500884978,4.13435875515281e-05,3
"20560",0.00722603485132121,0.0137190855682515,0.447350867461553,0.00458456109449476,6.26281605689917e-07,0.527090201165028,2.86235777453564e-05,6
"20563",2.40827119376528e-07,9.80136984821912e-06,0.979297698089664,1.14076887156528e-07,1.22942524366669e-08,0.0206619639893896,3.01693528389006e-05,3
"20565",0.0550455940363596,0.206264972061202,0.599328170897563,0.0252158307186728,3.0993335476788e-06,0.113796741158558,0.000345591794097502,3
"20567",0.094827170339993,0.000283304731686729,5.56497866143798e-07,0.904505086487598,0.00014831761601182,0.000235214525223925,3.49801620299962e-07,4
"20571",2.95472393786185e-06,0.914395983450808,0.0852826113835231,7.41577465264547e-07,8.7145353538343e-06,0.000179690516252877,0.000129303812658724,2
"20573",0.00576539509776751,0.112632682613543,0.0656088647805778,0.00029753613425897,5.39088850679192e-07,0.814308747455969,0.00138623482903333,6
"20575",9.54659205971028e-07,0.000190693207694172,0.889808850043722,4.54772464705658e-08,3.83292803820675e-07,0.109973664117128,2.54092021996727e-05,3
"20577",0.143627921335104,0.812164223505269,0.00215206602205748,1.70642510190795e-05,0.000134104943831672,0.0416511256577081,0.000253494285010934,2
"20579",0.000786271573771402,2.31043470648369e-06,1.05068743283146e-08,0.863589973480766,0.135617039308225,4.39271412901805e-06,1.98152842858666e-09,4
"20582",1.64787005673411e-07,8.75338379304888e-05,0.993784231986653,3.08427482271294e-09,5.80957779731866e-09,0.00612094897997274,7.11151458477658e-06,3
"20585",0.00423028736539378,0.0272844395976687,0.0293894809006848,3.93200458491219e-07,7.6226871537788e-09,0.0115485232525171,0.92754686806059,7
"20588",0.00195685736009763,0.0522490602970078,0.000469535862899016,7.87395578849136e-05,4.19370904957186e-07,0.00334330665022537,0.94190208090098,7
"20590",0.00462172611072988,1.06419753658263e-06,1.8859884816451e-09,0.993730690563574,0.00164461243794649,1.90354576162934e-06,1.25846283547434e-09,4
"20592",7.67588359472566e-08,0.000171275250886955,0.9906077181663,1.88396316697828e-07,2.41372769383385e-09,0.00921561324732981,5.12576660241825e-06,3
"20594",5.27997382003337e-07,6.72572705790334e-05,0.976708081071181,6.26955521881817e-10,8.57771320377398e-08,0.0231776466663631,4.64005904075885e-05,3
"20596",0.000852539079838837,0.000614485022914778,0.0629406397507298,0.000124407929740283,0.000500089726156133,0.934967301121902,5.37368717949021e-07,6
"20598",0.00221520046820197,0.00295251824613775,0.187352579128418,2.10192846473602e-06,1.27868794255478e-06,0.807443050889537,3.32706512979583e-05,6
"20600",0.0297381262757459,0.712154761560452,0.00239569609628481,0.00038287648868885,8.39429548202155e-08,0.0183860381316161,0.236942417504257,2
"20603",0.984447813379986,0.00968560371022557,4.69016651143575e-06,0.00175674031635958,1.31700374290765e-05,0.00261050599636519,0.00148147639312346,1
"20605",3.42882296084411e-05,0.0398533062315701,0.498331069164485,8.05152702250028e-09,3.52764225506805e-06,0.461605662402542,0.000172138278012612,3
"20607",0.000198917573599728,0.0569817852566261,0.580563434687547,2.47056282924749e-07,2.42434926864272e-05,0.362228761495932,2.61043732516135e-06,3
"20609",0.00274601246666921,0.000109446575263886,0.0864440256318913,5.55825761612793e-06,3.26299153382175e-06,0.910663921779526,2.77722974994228e-05,6
"20611",0.99030514653185,0.000504061517221303,8.0291587720915e-08,6.48975626254588e-05,0.0088377176197964,0.00028770667070975,3.89806209635605e-07,1
"20613",0.104074664099345,0.000620403055156755,0.00549583452313618,1.01357181878322e-06,1.75203885082387e-05,0.88893435229766,0.000856212064375177,6
"20615",0.0895510526291909,0.862658794613493,0.00914593133820039,0.000508016201762735,1.17206630572169e-07,0.0294567779590616,0.00867931005166025,2
"20617",0.00207358500844836,8.63097433619895e-07,1.00538783837702e-08,0.997923674799715,5.13882569574118e-07,1.28685781993276e-06,6.63001348361177e-08,4
"20619",4.98512321930447e-07,0.00563673064805698,0.983319509869959,8.42426141513798e-07,1.14410635026078e-07,0.011040302269958,2.00186292754972e-06,3
