"","V1","V2","V3","V4","V5","V6","V7","best$classification"
"19812",0.000518390257626261,6.27028797532591e-05,1.90329036310515e-06,0.000569939767938136,0.176178361295485,0.770025868916887,0.0526428335919465,6
"19814",3.16471817645523e-05,1.91329187522318e-06,0.00245036910496348,9.57179479426812e-06,0.0108348920179096,0.985742957155892,0.000928649452800663,6
"19816",0.0886548311711944,3.01041422972749e-05,8.16470889329351e-07,1.59850353631805e-06,0.901542862474359,0.00363236733615545,0.00613741990156828,5
"19818",0.000584134053525391,1.95617391640823e-05,0.00923386287676756,2.65089934786498e-05,0.455765345447555,0.533913318229858,0.000457268659652052,6
"19820",0.991664822815266,7.52241241770015e-09,5.36013989994317e-10,5.65515942511992e-06,0.00829716806933535,1.11709978518427e-08,3.23347265488607e-05,1
"19822",0.979122021501661,2.31469310211029e-07,1.0014413029912e-06,0.00877193519199327,0.00561006192664979,3.87588687401549e-07,0.00649436088039487,1
"19824",0.164518463829674,0.000116628882683781,0.00135509462831326,2.68222107924267e-05,0.833809702324217,0.000166709928077634,6.57819624200686e-06,5
"19826",0.00136538202688944,0.0102185546475169,4.100704213052e-05,5.5478450529638e-06,0.103162776427247,0.742122317958331,0.143084414052831,6
"19828",0.443657335094266,1.49469309294886e-07,2.39040587988924e-06,0.000206806203978678,0.555792024390618,0.00016117102221763,0.000180123413730365,5
"19830",1.88526579475667e-06,0.0011498107712439,0.000115655159193459,0.000331993235828436,0.00302162111357569,0.894378989993901,0.101000044460463,6
"19832",0.017664331949632,3.60572991620098e-06,1.67367637851755e-06,0.701510268473929,0.115929066322827,0.131573059646556,0.0333179942007612,4
"19834",0.0819888051818704,5.054390294353e-07,0.000115787899271947,0.00302053615192657,0.172157893052225,0.0118398959176034,0.730876576358073,7
"19836",0.000919457279433927,0.0192079924669979,3.86354770773928e-07,3.52563738382401e-05,0.922754861966013,0.0546272306849503,0.00245481487399564,5
"19838",3.3462889280606e-07,3.09424251626816e-06,0.000312191557462743,2.99686068001706e-05,0.000264939251565772,0.998621434202435,0.00076803751032723,6
"19840",0.0365409696448015,0.000656517089648635,4.19643016314696e-06,3.51730990388215e-06,0.192574030086138,0.0207859295322872,0.749434839907057,7
"19842",6.59116874134889e-08,0.93835896074078,8.9680009471659e-06,6.98978221615143e-08,3.46242217704336e-05,0.0609514586904337,0.000645852536558791,2
"19844",1.21597190508694e-06,1.67717452335464e-05,0.999970478145781,1.65949608697878e-08,1.99864545676023e-06,9.33173651071159e-06,1.87160151965544e-07,3
"19846",1.91923249004926e-08,0.00268955521399741,0.0658547902840494,6.2508766532578e-08,0.000179194625208102,0.931267622938963,8.75523669068986e-06,6
"19848",3.78117470277091e-08,0.000133501535936039,0.0245836380811395,2.40811354659771e-07,0.000199941244798192,0.97506062393999,2.2016575034448e-05,6
"19850",2.42028537791986e-06,3.46283466282485e-05,0.202395091429612,1.6485013420966e-06,0.000788851791899999,0.796632991419935,0.000144368225204295,6
"19852",0.00483179948074003,2.14330823104041e-06,0.000110762805804835,2.98483078763847e-05,0.963393684442445,0.0296914724736115,0.00194028918129159,5
"19854",4.40385377548764e-08,2.91059809289664e-05,0.00227949118643197,5.85364011094555e-07,0.000149626292424034,0.997478107690891,6.30394467755483e-05,6
"19856",7.36040339731376e-05,0.000146220812399757,0.984460567661796,5.03635072955867e-06,0.000257490346662021,0.0145439649535664,0.00051311584087265,3
"19858",0.00251692221538005,1.40530453435083e-05,0.986931247989341,5.84794232960416e-05,0.00946617162484619,0.000939474712570668,7.36509892230919e-05,3
"19860",0.0148519698822977,1.84431633730153e-05,3.4677891998961e-05,4.21669039580351e-05,0.554564345302964,0.268055485755346,0.162432911100062,5
"19862",7.73526978357088e-09,0.00882562199900671,0.00240838804607134,6.2119023472451e-08,8.07001819854001e-05,0.988663551182759,2.16687358840298e-05,6
"19864",6.85006284454843e-07,0.999968887187555,1.04541284751165e-06,3.19666456271487e-08,2.68933991374357e-05,1.91093748764255e-06,5.46090042063976e-07,2
"19866",0.107007660611305,0.0153288097948462,9.05510537266637e-07,5.02248122069929e-06,0.814508511626907,0.000609358555955261,0.0625397314192284,5
"19868",5.12816604221439e-06,1.98140743709428e-07,4.282208369076e-05,0.995865803212571,4.57082026531555e-07,4.67229063892754e-05,0.00403886840853621,4
"19870",9.87924104746941e-07,0.000909892818877334,0.00190111099190204,1.65042715138013e-06,0.0107061798949821,0.986422253775093,5.79241678893372e-05,6
"19873",0.000351872717239421,0.0013738503658236,0.000699818820558905,4.30066679246131e-06,0.329896317122166,0.666215281730292,0.00145855857712727,6
"19875",0.726237038951261,4.85371954714674e-07,6.07006547316406e-08,0.000178771515882487,0.234252524316562,0.0010834215233042,0.0382476976203802,1
"19877",2.4754815489639e-05,7.28002456299395e-05,0.00248941928360452,1.9049755938216e-05,0.0976522613978132,0.893380848385708,0.00636086611581692,6
"19879",0.001377732232629,3.30255535189018e-05,0.00152572066717468,0.000285837234795367,0.90783291610889,0.081598456356124,0.00734631184686782,5
"19881",0.000166307950734957,0.0199502054106627,0.00124024209832463,5.96837610493513e-06,0.0858501765318612,0.88789788620316,0.00488921342915163,6
"19883",4.49405112080041e-05,0.281707224051853,6.46256459358192e-05,6.21448431997768e-07,0.0372559998936992,0.678707708227637,0.0022188802212347,6
"19899",0.00156736226691728,0.000117436583637046,2.93419031487839e-06,0.000317648272645311,0.0731828843289423,0.0140750837490126,0.910736650608531,7
"19908",0.00167597751806891,0.0177220740916461,0.000221567632197989,0.000649398309377257,0.000853140988389663,9.07102812620958e-05,0.978787131179058,7
"19910",0.000811352951744089,3.52997417664211e-05,5.0811975448693e-05,7.77768361737396e-06,0.949993258676316,0.0488050700533671,0.000296428917740456,5
"19912",1.51216543184188e-07,0.495390410979165,0.000470175163239288,1.98960575590258e-07,9.02134984044246e-05,0.498703708485284,0.00534514169678849,6
"19914",0.0029199638030356,3.59563198425582e-05,0.000656047201296307,0.00184130044266806,0.462066989121351,0.170491047723589,0.361988695388217,5
"19916",0.186999834689731,0.299703669020344,0.000382284719099122,3.46030429468809e-05,0.512346238828874,8.77992919620395e-05,0.000445570407044207,5
"19918",1.66860802082252e-06,0.00177365340693419,0.0828399767490206,1.09460429290829e-07,0.00783567909373485,0.90750305484,4.58578418600209e-05,6
"19920",2.47720193623102e-07,2.55063207001287e-05,0.872073539249553,5.49280716384413e-08,0.000115658196001408,0.127697293153728,8.77004317522207e-05,3
"19922",0.000360258763536625,2.78156432904144e-06,6.37216863867965e-06,0.851612068056321,0.0357213201213122,0.112236029716949,6.11696089140832e-05,4
"19924",0.000114003456337889,0.000151603159676934,0.0352307698329293,6.59979476129881e-06,0.112963291399083,0.843875379153708,0.00765835320350377,6
"19926",0.00529132061733673,0.0032761367786297,2.11960711124028e-07,0.00357288937554149,0.445101534163058,0.0229342974943594,0.519823609610363,7
"19928",1.46878142468562e-09,0.99999895210327,5.04557453376462e-07,1.69657301369635e-09,3.83058294727866e-08,4.49229607939845e-07,5.26384848546833e-08,2
"19930",3.86348951022493e-06,3.54807389517881e-05,0.000105361942778563,6.60150929296858e-06,0.0161690716001922,0.983539724726228,0.000139895993045991,6
"19932",1.24478729404531e-07,8.05971094792958e-06,0.000813968937041155,2.56425424938533e-06,0.000336076824027652,0.998747925525469,9.12802695360265e-05,6
"19934",0.417720683448351,6.21504804473306e-07,0.000132748773544481,0.00163784308757098,0.521906479975326,0.0159011357646167,0.042700487445786,5
"19936",0.000253921566672259,1.70087225556412e-05,0.000150912328140647,0.000348868705039403,0.0487911853469657,0.880583790738768,0.0698543125918586,6
"19938",0.711464553405478,7.62701807910062e-06,4.9123477034201e-05,0.00121699287543473,0.154573925189177,6.0987622693945e-05,0.132626790412103,1
"19940",0.000222820658282764,0.00719408424213277,0.000157540626715451,2.13610253086587e-06,0.814774879619766,0.177516255487178,0.000132283263394117,5
"19942",3.6930682559089e-08,0.999988124779809,1.58142851677457e-07,6.87039774564731e-10,6.17356125781922e-07,4.66007363054012e-06,6.40202986103399e-06,2
"19944",0.00395238514587266,0.000151217327457853,5.2747270252751e-06,7.63181167633187e-06,0.976936209749999,0.0162131011166314,0.00273418012133732,5
"19946",0.00112445289243603,6.46082628754003e-05,0.0141858877550233,2.88719680897653e-05,0.644555222559157,0.33515234408855,0.00488861247386824,5
"19948",1.59155915822439e-08,0.999974914248497,6.78236956352811e-07,2.75526432144747e-10,2.34204903214586e-06,2.19655984080161e-05,8.36759883811679e-08,2
"19950",9.26867401057286e-09,4.00257587317999e-07,0.998452404023471,5.891699610287e-08,1.18237730598314e-06,0.00154529576280689,6.49393158468535e-07,3
"19952",1.59155915822439e-08,0.999974914248497,6.78236956352811e-07,2.75526432144747e-10,2.34204903214586e-06,2.19655984080161e-05,8.36759883811679e-08,2
"19954",5.00011808086743e-07,3.31838431381142e-05,0.000449492526291293,1.50216092294887e-06,0.00295665205178091,0.996489239024953,6.94303811057011e-05,6
"19956",2.74005150968895e-07,0.0097853660608148,0.606893415889436,4.03640082023203e-05,1.38243785280326e-05,0.245952508997724,0.137314246660144,3
"19958",3.54544224592792e-06,3.10234444302794e-07,0.0001691022675035,0.999085259847542,7.69401329131409e-05,0.000664522606018261,3.19469332564303e-07,4
"19962",0.0192933630662313,0.000270736318272606,0.232880996879228,0.00185610188750982,0.2340958344097,0.492298413366758,0.0193045540723012,6
"19964",0.000200646102103137,0.0108027202827144,0.00676827795464473,9.62569856580462e-06,0.663930420542897,0.318207356509428,8.09529096472018e-05,5
"19966",0.702274447624749,0.00512882198314802,2.8761089181e-08,2.8818284161093e-05,0.259366713704199,2.46495603180729e-05,0.0331765200823351,1
"19969",5.32177879993416e-06,0.00672231713982465,6.81952117300543e-05,1.00462273077202e-06,0.00414409228724079,0.983694260291574,0.00536480866810001,6
"19972",2.49459016887678e-06,0.144931950046012,0.066923864603469,1.51246824629807e-06,0.0335826378610032,0.754457562716618,9.99777144821501e-05,6
"19974",3.19978525789122e-09,0.038159038770211,0.840929453450368,7.84023477113023e-09,1.57888150315963e-05,0.120892843762521,2.86416184897184e-06,3
"19976",0.000136177738315496,0.000210882215198733,0.0517818347153763,9.87962575964659e-06,0.277570337616206,0.666725340460408,0.00356554762873621,6
"19978",0.00404337701800588,0.000128145641566692,7.57487749163212e-05,6.63701536707793e-07,0.977269639075858,0.0183134628682898,0.000168962919826601,5
"19980",4.11023055938746e-08,2.5684460680593e-05,0.135426207403038,5.43496104052195e-07,0.000104549691670224,0.864412482218931,3.04916272704244e-05,6
"19982",6.11155154361143e-06,9.83581362410074e-06,0.845441939996157,1.12147256765029e-05,0.000261902477268203,0.153073476206294,0.0011955192294362,3
"19984",4.57775656897453e-07,2.47395181846563e-06,0.999775432032183,2.53841617514325e-08,7.69002137244665e-06,0.000212695620043132,1.22521476378232e-06,3
"19986",0.933983456420823,2.27282979237682e-07,1.77956588035363e-09,8.80699207154715e-05,0.0622531971985026,1.71304614732095e-07,0.00367487609279874,1
"19988",0.994556253121663,2.58315460930992e-09,3.47033179180289e-10,4.64818735120866e-05,0.00524055407288959,3.64708786830759e-09,0.000156704354659258,1
"19992",0.991080550037051,1.85019415079558e-09,3.83793766631193e-08,4.0514792251154e-05,0.00476010098588959,1.14938735936596e-07,0.0041186790165014,1
"19994",5.50520139973272e-06,2.53394271839849e-05,2.4546729519036e-05,2.57510931935201e-05,0.0206644314444583,0.978634777369899,0.00061964873434632,6
"19996",0.956993430246002,3.16000038555585e-09,5.05233980748583e-08,1.25444789377094e-05,0.0427280495432841,5.43347925937201e-07,0.000265378700452272,1
"19998",0.00274064024969551,0.38472623574658,0.0056802103079797,2.8377975637605e-05,0.0186608041780875,0.0985666628045546,0.489597068737465,7
"20000",1.52558367389328e-06,0.00229813523350453,0.000245894775834695,0.00798817661069721,0.000133567611302335,0.762242012333885,0.227090687851102,6
"20003",8.78879632710758e-05,0.000500489017361868,1.47870318631918e-06,0.000153668408559717,0.0777287997323388,0.911277138968242,0.0102505372070402,6
"20005",1.19844715852929e-08,0.00126525427670478,0.0220118229673627,7.1814272334087e-08,0.000168495262828719,0.976531612904148,2.27307902123442e-05,6
"20007",0.0179684974053941,7.5038742941415e-06,0.00043211898212852,0.000709010405904584,0.682824513289799,0.0510437613867201,0.24701459465576,5
"20009",0.589290955336198,0.000313203038523906,0.000346273613248103,0.000459585588294504,0.408455970154843,0.000134295644179146,0.000999716624713178,1
"20011",2.95595823635233e-05,0.0281160620545332,0.0102184705605129,5.09733595744494e-06,0.159742325600223,0.800841792566464,0.00104669229994605,6
"20013",7.16093045051729e-06,1.02028397982157e-05,0.0977834079810945,6.73656355818011e-06,0.0029909862029367,0.882196073753154,0.0170054317290081,6
"20016",0.897364292199107,4.83382908835126e-07,6.19663411870523e-06,0.0022384027627521,0.0970220438365553,1.25056278390715e-06,0.00336733062177385,1
"20018",0.0740583029596629,6.86574112401934e-09,6.95161524051675e-10,0.925892144794295,3.81325313162742e-05,1.1468908893189e-09,1.14110069326563e-05,4
"20021",0.078763325589793,2.84368261854409e-06,3.67842844330499e-08,0.000154258593963582,0.919082826743096,0.00165857652825012,0.000338132077994327,5
"20023",0.0401836350715409,7.18115694786942e-06,4.33647976352021e-05,0.000434406527917872,0.914410784629087,0.0103471663260513,0.0345734614908194,5
"20025",0.68009905091597,4.06440811246777e-07,3.12233152424166e-08,0.297340166276291,0.0221957285884929,2.09019235533111e-06,0.000362526362763723,1
"20027",1.05405138566432e-06,0.298066838124231,1.4838272865132e-05,1.26873126845841e-06,0.00174055191910614,0.68526905907818,0.0149063898229634,6
"20029",1.78654855273439e-07,0.00669795719022431,0.00808049518348776,3.09287514401509e-08,0.000298922473505725,0.984410473103488,0.000511942465687488,6
"20032",6.28730924943246e-07,0.00393057351318499,9.4610158244834e-06,3.82873740022994e-06,0.00224818596967132,0.993347596866856,0.00045972516613798,6
"20034",5.15292199438808e-08,0.999885951641921,1.46157979470592e-07,2.76869654121191e-09,2.57049380608929e-05,8.78588767638933e-05,2.8408735794134e-07,2
"20036",0.000403739837980241,0.000127926607451101,0.0118468311144645,1.78079706973855e-05,0.000307762061813225,0.020369296418673,0.966926635988921,7
"20038",0.690206293789281,1.55857357999677e-07,1.49232705042184e-09,0.00292475012671135,0.120810542361062,4.0418251920886e-05,0.186017838121339,1
"20040",0.812991267901156,0.000106943994098141,3.20042517139654e-06,0.00991131906956571,0.176946293130743,4.96255507861153e-07,4.04792237582235e-05,1
"20043",0.888919260711724,4.74968347338234e-08,3.08910147014731e-07,0.000300511792117309,0.102752177908989,0.000593425683330382,0.00743426749685705,1
"20045",0.994734695217433,2.36389994405467e-10,1.69634790930248e-08,0.000808112182447147,0.00443903928258098,5.72379080044799e-09,1.81303938787381e-05,1
"20048",8.34252618304061e-09,2.11233974540212e-07,0.999975080228429,2.62903208751479e-08,1.24447687957631e-07,2.4450008578975e-05,9.94484826327555e-08,3
"20051",0.115414457429165,7.15839554442035e-07,0.0133665435987182,0.0151280247316908,0.143347580726551,0.586442308543585,0.126300369130735,6
"20053",0.0280075976952604,2.03537251706094e-05,6.37038752716221e-05,1.51583186259134e-05,0.970162773410784,0.000946644614876882,0.000783768360010107,5
"20055",0.0430386001473313,7.80898415097547e-06,7.7241710912119e-09,0.0184590847866285,0.0511873295997863,0.00247145352418136,0.88483571523375,7
"20057",4.08986293437904e-08,1.40567984760188e-05,0.000352765355064745,0.999591463074849,1.47185105177232e-07,4.04780863745303e-05,1.04860150166437e-06,4
"20059",0.0204669807566274,8.00235992845133e-05,5.11015593106101e-06,0.00068250843868406,0.977649947685048,0.000651826768418006,0.000463602596006927,5
"20061",0.00853493256506051,5.24743835018301e-05,2.36474835149018e-05,4.96624449551696e-05,0.982918904215807,0.00620691365441927,0.00221346525274135,5
"20063",0.0165500460402296,0.000444389414401489,0.982625883056709,7.32593051574775e-05,0.000121446058806996,4.79587931558339e-06,0.000180180245380376,3
"20065",0.209868073896876,1.39245665215882e-09,2.93191415254885e-11,0.786317316887846,0.00332318207711279,3.91758148174863e-07,0.000491033958240243,4
"20067",0.89162968427381,2.89265900571976e-09,0.000197366683710303,0.0063243637556262,0.100433973229797,3.89491460578588e-05,0.00137566001834004,1
"20069",1.05213233383664e-07,9.99466185453527e-06,0.379136093208197,1.08548569806204e-06,0.000113397065858783,0.620681295959583,5.80284055750111e-05,6
"20071",0.00022743887476221,0.00112848660139206,1.457561200444e-05,1.52990708446797e-05,0.00322366907462134,0.000960421225842566,0.994430109540533,7
"20073",9.41715419654298e-06,0.000340126044128994,0.897784526001259,4.41452714672411e-07,0.00590254467838958,0.0959593221708203,3.62249849109177e-06,3
"20075",1.15526745563064e-06,1.79339197257872e-08,2.72148173460544e-07,0.999349606023833,4.53287686512203e-07,5.73454076036188e-05,0.000591149931328047,4
"20077",0.184662016017615,3.36596988046773e-06,0.000264224128423083,1.14473417574501e-05,0.136331344863931,0.00142766830815597,0.677299933370237,7
"20079",0.0992366726367153,1.61469377196398e-05,0.844845574502598,0.000452254374267014,0.0107441919019372,0.0349276180861255,0.00977754156063756,3
"20081",0.381444299344321,1.88043109297181e-08,5.47766311081419e-06,0.17257523268797,0.383338831217278,0.00179325780233375,0.0608428824806756,5
"20083",0.000793192762705337,0.00135230845456572,0.843756725354465,0.000113216002039594,0.000164426819148922,0.00349542840302267,0.150324702204052,3
"20085",0.99696105708155,6.17718615655611e-10,5.89469963732888e-11,0.000201153070984858,0.00262119447014155,6.31678763109256e-09,0.000216588383869974,1
"20088",0.84899705026508,1.77490198593157e-08,7.30572496569354e-08,0.000462522545713391,0.146882895017954,5.54629523573297e-05,0.00360197841262588,1
"20091",0.000163393401556824,3.91694344887476e-10,7.93571384586495e-07,0.99933656265949,0.000374911842752047,8.09919226145518e-06,0.000116238940860069,4
"20095",0.00238027714197971,0.0317423558805777,0.814628558211369,0.00010520048635768,0.147126166252015,0.00348298361337536,0.000534458414325767,3
"20097",0.996287034577122,2.70609460904592e-10,8.19359886330088e-11,0.000859265557723698,0.00208031849916175,1.23977953312927e-08,0.000773368615651967,1
"20099",0.117222532303058,0.0825115216413697,0.00256949652441447,6.51812050220094e-07,0.79725397054227,0.000368814011836508,7.3013165001909e-05,5
"20102",0.00011207044319809,1.61922620350546e-07,0.952329590286795,0.0463872520442766,0.000444287361405823,0.000614548154394825,0.000112089787309282,3
"20105",0.716468966041816,1.69166804794406e-07,0.000483284909986866,0.000165353831050894,0.280356197516985,0.00154053913551259,0.000985489397843409,1
"20107",0.467430190623381,7.29385226533198e-07,3.90058464620003e-07,4.82238154452161e-05,0.461543312688358,5.92599123776307e-05,0.0709178935167467,1
"20109",0.0412815457081932,0.000363931248179552,0.144483564920285,4.60435500469183e-06,0.808169235443901,0.00568907315779061,8.04516664609713e-06,5
"20111",1.21097484338873e-06,1.59339258024317e-05,0.00445399324024835,0.653520313789858,0.000321152931277028,0.341642317135431,4.50780025401646e-05,4
"20113",0.0438313811461985,0.00382323287598058,2.14845827191327e-07,1.60611571229309e-05,0.196215775469667,0.000690512309681075,0.755422822195523,7
"20115",2.84398038931291e-07,0.00309229306214001,0.000197933270944417,0.000212296408202824,0.00240626094600912,0.994072826916397,1.81049982674526e-05,6
"20117",0.0282995336644145,0.342497396327146,2.62756188971633e-06,0.563364180182145,0.0512786696343718,0.000224024940301076,0.0143335676897323,4
"20119",0.735875913456507,0.0229812348169239,1.30118821771429e-08,1.04241260998467e-05,0.199159046543981,2.7723174394251e-05,0.0419456448702111,1
"20121",0.788409024430478,3.36693019239995e-07,1.01248269869169e-08,0.000129755314050579,0.170848209606638,4.89914015249525e-06,0.0406077646908339,1
"20123",0.000423668156339523,1.22987187123079e-09,2.55114616610819e-09,0.998943780775527,4.92234587310878e-05,2.04277105531388e-06,0.000581281057328411,4
"20125",9.01495566284088e-07,5.9218718566842e-06,0.0708847581088451,7.18097623377857e-06,0.00106067797690348,0.926942850763125,0.00109770880746911,6
"20127",0.993967343225986,5.44696494223124e-09,2.64835285583827e-07,2.23727328628679e-05,0.00599129537766078,2.00639114718346e-07,1.85177421252811e-05,1
"20140",0.00115899851369964,1.68511749962577e-05,1.63486962344364e-08,0.00468437643176178,0.00307112518142745,0.00065886131541313,0.990409771034006,7
"20142",1.50737690570199e-08,7.9912229512196e-07,0.995068014382887,1.45672973031341e-07,2.28361898838307e-06,0.00492209252868708,6.64960040009171e-06,3
"20144",6.91312841874376e-07,3.45714872838383e-05,0.00481595635848407,0.0042496675547095,0.000426103178156669,0.969091830467361,0.0213811796411632,6
"20146",0.00025648690778847,2.56779296939055e-05,0.330921738008049,0.000679309128766288,0.00207794891494667,0.266737116398753,0.399301722712003,7
"20148",0.000228564854988683,1.07646867942129e-05,0.000144101960681953,3.96055893389442e-05,0.0169790385977952,0.941031967110061,0.0415659572003403,6
"20150",6.68559635593911e-09,0.00207659101862771,0.318883610316668,4.45172035772345e-08,3.68591575330362e-05,0.6789943641623,8.52414207191963e-06,6
"20152",0.00109642203105025,6.08257058019183e-05,0.000111876997174895,7.45145933222402e-05,0.106886001342899,0.848532986721884,0.0432373726078672,6
"20154",0.0884731286969312,9.84726755486643e-11,3.6738589354583e-06,0.910924751950745,0.000333046203514077,1.52080078862579e-06,0.000263878390612819,4
"20156",0.0200832105699227,5.27733538990307e-05,0.0358166954100496,0.00318315749685649,0.431494665624963,0.0138786270079131,0.495490870536396,7
"20159",1.21192149242105e-07,6.29541381627841e-06,0.49947185009793,2.10884764518267e-06,9.53266347142786e-05,0.500264620402898,0.000159677410846703,6
"20161",2.31029150401197e-05,5.81146589929518e-05,0.994721137933437,8.32909803263932e-06,0.00014698619968632,0.00367604227246387,0.00136628692234687,3
"20163",0.00208304768546507,0.000641978986418844,2.72990111204989e-06,0.000958367653135098,0.134959601022932,0.859789376321336,0.00156489842960114,6
"20165",0.00158827599328804,4.41401614044213e-07,0.996536495897121,4.7497415313161e-06,0.00162248846794512,0.00024324977521325,4.29872328761012e-06,3
"20167",5.60380728404924e-05,6.87324834748035e-06,0.00597184876792273,2.48056647318669e-06,0.0205142746252985,0.97288717178884,0.000561312930277825,6
"20169",6.78665970109424e-09,2.50344725970537e-07,0.99986633694332,3.38112188792321e-08,2.38600264146311e-07,0.000132720074285356,4.13439526314953e-07,3
"20171",0.0407321546012011,6.34137260844784e-11,5.63103813856362e-06,0.959003762124772,4.30282350464318e-05,7.37180051131151e-08,0.000215350219423375,4
"20173",0.0149250143079448,0.742540238332295,0.222917867741899,3.57939448854077e-06,0.0192283517258868,0.000364427257758767,2.05212397264344e-05,2
"20175",7.28717967810339e-06,0.000212982629356818,0.00727328107582288,8.74122197637223e-06,0.0325634350651512,0.957028928458534,0.00290534436948089,6
"20177",0.0640991678814318,0.40585249016897,0.000101882175517155,1.89229999926992e-06,0.528666242599911,0.000696716492885487,0.000581608381284923,5
"20180",0.846329215062456,2.7381145933051e-06,3.2697194448477e-11,0.00117642804008677,0.149241518935409,3.09923779651424e-06,0.00324700057696117,1
"20182",6.36000471096606e-10,0.00254201919829663,0.99723517538207,1.06876966393322e-05,4.26993574255897e-08,0.000212020029667614,5.43579687195616e-08,3
"20184",1.32772777487034e-06,3.95711276614667e-06,0.969122140947378,4.78849228095699e-07,0.000251651494982483,0.0304220589353103,0.000198384932560616,3
"20187",0.000150999017919203,0.990645403844744,0.000884279375140249,6.91963922221121e-08,0.00450159380500312,0.00049306540093883,0.00332458935986268,2
"20189",0.0154615124743268,0.00276459629162793,1.38119800031006e-06,7.38597814401099e-07,0.976791940237966,0.00484987154522046,0.00012995965504462,5
"20192",0.321858088034024,0.0175520510924152,2.01739193249946e-06,0.188326349044283,0.470778888298874,0.00133372094609568,0.000148885192376028,5
"20194",4.97410174002668e-06,0.134964014093673,0.67260128931493,3.10695544120558e-07,3.82060385592874e-05,0.0541563225839847,0.138234883171569,3
"20196",0.892810534677374,1.33270380136015e-08,5.57998330185881e-08,0.0859138939761226,0.0200892325418867,6.41182512491395e-06,0.0011798578526209,1
"20198",0.014332544452677,0.000262830226614718,0.000491817484329871,0.00291710371564497,0.5263400418518,0.290247259900833,0.165408402368101,5
"20204",1.20053230431352e-07,1.17796110260015e-05,0.35070644052611,4.18192577134802e-06,0.000202123378800519,0.649057297121432,1.80573836291734e-05,6
"20207",0.936875747840313,1.22202035128717e-09,1.76564673950586e-05,0.0318120591121052,0.0203974860248121,1.71216128728403e-05,0.0108799277204819,1
"20209",7.06534492634269e-06,0.0576528844919427,2.37448010972758e-06,0.0725875940310857,0.00422724355502268,0.832935146606969,0.0325876914899434,6
"20211",0.000374296811798532,2.23695284318016e-11,2.7581662128575e-08,0.998222355048577,3.78028864772186e-05,5.99640175594871e-06,0.00135952124736006,4
"20215",0.18240607238134,8.33340671692817e-07,6.49528556326236e-06,4.59453066993476e-05,0.0116879225210599,0.000759536687580644,0.805093194477085,7
"20218",2.25126838815391e-08,1.10326107682927e-06,0.978201112005518,2.05864720713867e-07,7.96164182563234e-06,0.021785982775151,3.61193902447197e-06,3
"20222",0.929726543453511,1.15239518750633e-08,3.83491504100886e-05,0.0234066072204306,0.0241301376478677,0.00141387685109803,0.0212844741527306,1
"20225",3.72188419457312e-06,0.000178367723880376,0.0156188748825209,0.000152343860914581,0.000154019480787492,0.944972568160521,0.0389201040071811,6
"20229",2.51692365992657e-05,6.17977202056611e-06,4.36676310873512e-06,0.000197127266071667,3.89911385225943e-05,0.00136209136239459,0.998366074461283,7
"20232",0.0240770189101961,7.54274679583244e-06,4.82298737686069e-06,0.00383954496370908,0.381252044578982,0.00697013544840966,0.583848890364531,7
"20234",0.974786599356079,1.45884947388101e-07,9.41406801810749e-11,0.0214576822318309,0.00375083548192996,5.42671019232166e-09,4.73152436201678e-06,1
"20238",0.483763393085104,4.46782529540731e-07,8.64559211102621e-06,0.000774213125504948,0.506149064433368,5.28651194960576e-05,0.00925137186188678,5
"20253",0.690866211406498,1.95022346794985e-07,2.92875698085028e-07,3.20753632574472e-05,0.00440161539118752,4.56976677127663e-06,0.30469504017424,1
"20255",1.83284866738786e-06,1.38541320883245e-06,0.000124380269322504,0.00020996289630173,0.00171686498981866,0.9951311904824,0.00281438310028075,6
"20258",0.643117261360752,5.10371031312449e-07,2.11538526856541e-08,2.55066541339224e-05,0.356797714371462,1.73041102789514e-05,4.16819784888432e-05,1
"20269",0.0515766832282757,9.41060127320313e-06,0.0170569237552946,2.52328596941345e-05,0.925429754021589,0.00589073693119402,1.12586026794868e-05,5
"20271",0.421416415603766,0.00798545305999277,8.08497966600071e-08,5.48897514642555e-06,0.57043045094326,5.09286732867655e-05,0.000111181894750427,5
"20285",0.000210131504810733,0.96855290518895,0.000662256972502175,1.8673688342079e-06,0.00331628718308103,0.0177686682080548,0.0094878835737668,2
"20288",0.0975155494757519,1.37282572055427e-06,2.64859110432113e-05,0.000222146940667294,0.0934080673339639,0.00144665335797533,0.807379724154878,7
"20291",0.250776704007574,1.7429243530817e-07,1.74996214893932e-06,0.344049951045384,0.401550952388393,2.02617188004613e-05,0.00360020658526428,5
"20295",0.0210407819072302,0.0405832320585238,0.00382681246431906,3.533914571034e-05,0.923040753550928,0.0114678667145458,5.21415874295944e-06,5
"20298",6.72291448713279e-08,2.79732270310731e-05,0.00138736910208989,7.59826689180892e-07,0.000179724274687379,0.998127660833531,0.000276445506826708,6
"20302",9.99702757917148e-06,0.00170408693930277,0.612665148309612,2.54140112427713e-06,0.0078939918900528,0.377673770742331,5.04636899979517e-05,3
"20305",4.06221145812328e-08,0.000768353298494955,0.000172398971438721,2.92985260051052e-07,0.000194642470170084,0.998802571073456,6.17005790658397e-05,6
"20307",0.876510733234125,4.42275160305364e-09,1.35990416949502e-08,0.000154978732903546,0.122616868913261,1.1762403401393e-06,0.000716224857577217,1
"20310",0.997826710068273,1.79675391406057e-08,1.67088505756862e-09,0.00010418774178784,0.0020553644267894,3.33061381318617e-09,1.37147941121811e-05,1
"20313",8.86196877506673e-10,9.31742652715897e-06,0.999364240243654,3.10167604448462e-09,2.30572874726202e-07,0.000626105155785985,1.02613285444031e-07,3
"20315",0.567349026945962,8.03360022804599e-06,2.61751322759187e-07,3.9251121712382e-05,0.422121773858204,8.73507482685305e-05,0.0103943019743021,1
"20319",0.724379453178247,2.68523810194444e-08,3.24184962177241e-08,0.261692987860784,0.00290658772597507,1.33436992879435e-05,0.0110075682648288,1
"20321",0.980139992008316,1.75633734734506e-07,2.09719185884719e-06,5.93973908077069e-06,0.0177889410814277,3.26087066156796e-06,0.00205959347492043,1
"20327",0.469602886482409,1.17688959577103e-05,7.33285441155079e-08,2.91534384151136e-06,0.53036049654728,3.84234323208972e-06,1.80170587360256e-05,5
"20329",5.81622790131073e-09,0.999910524562083,2.90705615217426e-05,9.84505898583053e-11,1.60805164945028e-06,5.63086060738736e-05,2.48230399308002e-06,2
"20335",0.928932865266824,1.20458196403685e-10,3.59222541149875e-07,0.0486320177896871,0.0222344613649404,6.5787963123527e-07,0.000199638355917692,1
"20337",1.43263537042079e-07,5.6329171194163e-06,0.138680428099584,2.31950245430845e-06,0.000194179435428867,0.861051468471469,6.5828310407319e-05,6
"20339",0.00164986625136701,0.000198189869998586,1.06574573447414e-06,0.597347793467264,0.000535232318126856,0.00238685794742229,0.397880994400086,4
"20341",0.0157472377037844,2.91395492326944e-09,0.000404527211464746,0.980390892060047,0.00153392901726311,4.10499820242552e-06,0.00191930609528296,4
"20343",0.994518431322209,8.19099597593775e-09,1.62888550947956e-05,0.000922908496940349,0.00443175341544452,3.47159864757731e-07,0.000110262559451235,1
"20345",3.93447178851942e-05,0.0220996673345065,3.18142828547616e-06,2.17300242011868e-05,0.0629582852007749,0.901986679355656,0.0128911119386903,6
"20350",0.0058216843676689,0.000166797491613559,0.00090046455943747,0.00347999540922727,0.00123711733061329,0.00124859858588943,0.98714534225555,7
"20352",4.27312346669895e-08,2.02133048538303e-07,0.999680605868144,4.65511984629122e-08,1.28570818271473e-06,0.000317654588286166,1.62419905046018e-07,3
"20355",0.000112655760586042,6.1339736978827e-05,0.983786956061877,5.98494785006188e-05,0.00275069537057552,0.0128304622129921,0.000398041378489758,3
"20358",1.96910395415227e-07,0.966556984466158,0.00717730340915977,5.28218949687947e-09,1.71295245640629e-05,0.0262246746743858,2.37057331470521e-05,2
"20363",0.93709502435947,7.53548769814252e-08,2.46878399056893e-06,1.12155921078657e-05,0.0589741392651439,2.90129373783917e-05,0.00388806370703214,1
"20365",0.0916509813519348,1.20132437266427e-07,7.25890901466051e-07,0.627693348813807,0.166190897757137,0.00895128115225866,0.105512644901524,4
"20379",8.97554475813512e-07,0.000171167252550852,0.000538283865324785,0.000488481604462032,0.00983966341133878,0.988633082445862,0.000328423865985812,6
"20387",0.457025105417933,2.49295237583945e-08,1.01940043513235e-07,0.00109057153863908,0.541591333382217,8.83067089571753e-05,0.000204556082687257,5
"20392",0.00124051622573827,2.48567203516919e-11,1.40303653355395e-09,0.998545406471733,7.15772389245508e-05,1.60867150977384e-06,0.000140889964201073,4
"20395",0.000339228662776472,1.94474872720462e-05,0.000669778853072734,8.05737422923256e-05,0.0391657634379613,0.560010405816755,0.39971480199987,6
"20397",9.46244538560987e-10,0.997676650459346,0.00230076675156107,4.5079127923415e-10,9.71297658183904e-08,2.2419382132655e-05,6.48801585887741e-08,2
"20410",0.0750717060503077,7.79029234239339e-05,4.05142013649877e-09,0.000179863339053594,0.923046037375171,0.000994308435642414,0.000630177824981583,5
"20414",1.08484470977126e-05,4.02552563646513e-05,0.166794747504436,2.42721216217383e-06,0.00428538928817082,0.828849175625754,1.71566660148515e-05,6
"20417",0.706349868152843,9.31881897813235e-06,1.54555465742937e-09,0.293476858387287,8.1124703013591e-05,3.80446247445513e-09,8.28245878614987e-05,1
"20419",0.893491925968675,4.79310079343762e-06,3.89640479811233e-07,2.09835964156839e-07,0.106416464643728,1.44310673695932e-06,8.47737036220243e-05,1
"20421",4.18652329746077e-05,3.43293002042169e-06,0.75736264156519,0.0155905302875179,0.021595332682229,0.204757161289782,0.000649036012285845,3
"20423",1.08128161575053e-06,3.67723054253887e-06,0.29290920914495,5.44381068701591e-05,0.0020255148418341,0.704866697967243,0.000139381426944779,6
"20425",1.7978091373672e-05,1.16063728911105e-06,0.625140548481843,0.000107902749220346,0.000313115235628644,0.344395363016541,0.0300239317881043,3
"20427",0.00097668336668057,3.31591468504284e-05,0.0001485253850463,1.3111421871381e-05,0.277355354775333,0.714988172293586,0.00648499361063263,6
"20429",0.787979679132835,7.33750020989262e-05,0.000227773247185208,0.00158020519255823,0.192841802525309,1.35757329385949e-05,0.0172835891670754,1
"20432",4.89615568388635e-07,0.000349256254905786,0.713890134111715,9.26778811216534e-08,0.000161377430729344,0.285589435214458,9.21469474224808e-06,3
"20435",0.0332776846252105,4.73818109040025e-05,2.12711590601115e-06,0.00880472928160891,0.872817125495454,0.0240411023424363,0.0610098493284805,5
"20438",0.930628292113201,1.88396552594292e-05,0.000203629005095074,1.46455336730616e-06,0.0407838875510693,2.8596278026649e-05,0.028335290843981,1
"20440",0.584916297769063,5.40009994329415e-06,7.98348427249535e-06,9.30570989489233e-06,0.415027568289018,1.77121725298134e-05,1.57324752787265e-05,1
"20443",4.66652142889631e-06,1.34900476002376e-06,0.999066787856291,3.32526434071856e-06,4.76956737642215e-05,0.000321777100097325,0.000554398579318543,3
"20446",0.0949254884263747,0.00138609761377048,0.00283772984775102,0.000942265194121265,0.573268490565258,0.319043441099311,0.00759648725341297,5
"20449",0.0163063817853812,1.83336677154061e-05,3.07264089338949e-06,0.00166732563197285,0.210027886141749,0.0106734720190168,0.761303528113271,7
"20537",0.103806023151318,3.9923937329888e-07,8.35919657946395e-05,0.341215313528472,0.553252692325037,0.00125169434661942,0.000390285443384933,5
"20540",0.00132001755552406,5.32884053119826e-10,5.87404389781083e-10,0.997948698549415,0.000726802945920965,3.73188325699831e-07,4.10664052539686e-06,4
"20543",0.0012854522728564,8.0882528216232e-06,0.0009102446184663,0.000193932750934754,0.826311821283133,0.170513819848684,0.000776640973103613,5
"20545",0.000312560898573621,8.97414887264239e-12,6.93897638726333e-08,0.999618215789242,3.52738092473091e-05,3.87586789350511e-06,3.00042363055493e-05,4
"20549",0.000831945455288899,5.78225340851587e-07,0.0106715236866227,0.00334443455518007,0.331079495899231,0.65172816831511,0.00234385386322673,6
"20551",0.179639361075879,7.9267546530075e-08,8.41097937250967e-05,0.000735718533999834,0.744780947444103,0.0049300250274663,0.0698297588572801,5
"20554",0.0573619009081717,9.4049647032138e-07,1.75760586331261e-06,2.53606974872898e-05,0.94221142251157,0.000381661058746386,1.69567216907394e-05,5
"20556",0.00201117514035093,8.35121279331311e-08,8.58560701257057e-05,0.00533398968026189,0.00588583106171218,0.0216478661530031,0.965035198382418,7
"20558",0.88758593397526,7.08133121226884e-09,7.49960319978238e-08,4.65013143105404e-05,0.112152921364675,4.55353061340644e-06,0.000210007737778263,1
"20560",0.40202978543355,5.4722666022802e-07,0.00459393686963987,2.94752973864668e-05,0.575987629666205,0.00645109615526057,0.0109075293512979,5
"20563",0.977960553514819,1.37604412897707e-08,1.18113769918874e-07,3.2612112512899e-05,0.0219991699113214,2.27342326415668e-07,7.30524480921607e-06,1
"20565",0.581769356830644,2.69812856182004e-06,0.0262758476980496,0.000363312704619317,0.139265839647046,0.0516706695392009,0.200652275451878,1
"20567",4.89984588441293e-07,0.000122540038262247,0.905968645031934,3.35484118538213e-07,0.000239803269294109,0.0933820671663272,0.000286119025475735,3
"20571",0.0834257943138802,9.22692316964291e-06,6.85382240658212e-07,0.000119090289252136,0.000236270861482379,2.72628280968125e-06,0.916206205947165,7
"20573",0.0540767335591788,4.60220154912579e-07,0.000286811172937914,0.00133804331861365,0.854113629675953,0.00495748681570687,0.0852268352374552,5
"20575",0.876519415319483,4.31233731105034e-07,4.7721712595773e-08,2.7948618119465e-05,0.123314156242417,9.50933843662665e-07,0.000137049930692875,1
"20577",0.0020243408900023,0.000118001927932071,1.89288583288035e-05,0.000279837949537454,0.0558687596797219,0.153343760668454,0.788346370026024,7
"20579",1.00810731974601e-08,0.140419398760885,0.858690431481804,1.87807011859206e-09,4.25448001221045e-06,0.000883503649120954,2.39966903392723e-06,3
"20582",0.99264233011953,6.2465444532869e-09,3.19084592949382e-09,7.77358808597066e-06,0.00728286103280757,1.56146567456787e-07,6.68696756187878e-05,1
"20585",0.0253502201728252,6.08254867518176e-09,3.99251338094603e-07,0.932494471760409,0.0139499366989152,0.00370490374951246,0.0245000622844511,4
"20588",0.000431051445290451,4.07751720555976e-07,8.27750900010007e-05,0.94013944861226,0.00392781765484732,0.00186768870699408,0.053550810738887,4
"20590",1.72535377190352e-09,0.00143505944232989,0.993626458556709,1.19773769548947e-09,1.84892909374254e-06,0.00493551537468742,1.11477408901674e-06,3
"20592",0.989251006605858,2.73306888740661e-09,1.9116546732408e-07,5.45187015460574e-06,0.0106117319087211,7.04069254147937e-08,0.000131545309805236,1
"20594",0.972929961900485,9.12300557802529e-08,6.65705646637742e-10,5.20022942310577e-05,0.026968050571229,5.27921572816185e-07,4.93654167205271e-05,1
"20596",0.0593254364309403,0.000492909903820468,0.000129634494230192,5.75058256895401e-07,0.938719690261158,0.000882590916975282,0.000449162934619351,5
"20598",0.159359158289148,1.07618088446535e-06,2.08987523330959e-06,3.41417192431669e-05,0.83652854434759,0.00200577900576351,0.00206921058213797,5
"20600",0.00211516065549464,7.1563820133457e-08,0.000398710310638163,0.237950028251173,0.0226960371354989,0.0270960438934326,0.709743948189943,7
"20603",4.06855166233195e-06,1.03060445282002e-05,0.00188012929016955,0.00149888635437946,0.00297058572129141,0.983574531235908,0.0100614928020605,6
"20605",0.44946614680227,3.47869206826848e-06,8.11546473054026e-09,0.000177542980223613,0.521468783514791,3.29065364706402e-05,0.0288511333587112,5
"20607",0.535483609945254,2.32901476286497e-05,2.49097302182528e-07,2.73247200757981e-06,0.421618766337219,0.000193675270190684,0.0426776767303982,1
"20609",0.078464100507177,2.83398533537034e-06,5.93121986431036e-06,3.05280686382399e-05,0.918706627671528,0.00271134410321949,7.86344442379187e-05,5
"20611",6.23640265814797e-08,0.00590416218301538,6.21704968159753e-05,3.59896385857492e-07,0.000288711987295606,0.993303289169828,0.000441243902632733,6
"20613",0.00451296677894639,1.34425897830717e-05,1.05536636201188e-06,0.000899988191093349,0.893304423740282,0.100824677818309,0.000443445515224214,5
"20615",0.00833660200349757,9.46573198043457e-08,0.000542539906390438,0.00914155578836617,0.0382050675860272,0.0837532111314732,0.860020928926926,7
"20617",9.05537947157379e-09,4.19543125927061e-07,0.998002323714971,6.31444022310079e-08,1.28346217507781e-06,0.00199497422032832,9.26859617573438e-07,3
"20619",0.982023531529719,1.29705470287809e-07,8.40799755567111e-07,2.08568266372463e-06,0.0134169177439043,4.66896589524776e-07,0.00455602764189731,1
