"","V1","V2","V3","V4","V5","V6","V7","V8","V9","best$classification"
"19812",0.00233890898742592,0.0123086737209575,0.358660958844339,1.82874366125813e-10,3.57801985817471e-15,0.62663688225189,5.4574581924918e-05,2.68656304074009e-29,1.43058456317492e-09,6
"19814",0.000687017763006345,5.66596972121539e-05,0.0355949928947644,2.41544702295218e-09,0.963007222753995,0.000653823114850273,7.31394064806656e-08,2.08220231492378e-07,1.0870914253111e-12,5
"19816",0.00145410882139688,6.23173173354266e-07,0.328111131645631,4.24081503227024e-09,1.87532397573067e-40,4.92506752018694e-14,2.59689513889001e-05,1.93997345856554e-26,0.670408163167545,9
"19818",0.00417768749210522,0.000376462406843058,0.995439772942714,9.86173055189257e-11,1.34558637849453e-06,4.56619356720522e-07,4.25350821358955e-06,6.288439698397e-09,1.50573314843808e-08,3
"19820",0.0117554145896373,3.44810923172723e-11,6.31723444002758e-05,0.00047652864083692,1.14622008480426e-163,6.60592669844396e-84,1.93214084478103e-28,3.53465793012007e-61,0.987704884390644,9
"19822",0.997970449608573,2.41339306076947e-07,5.98694916397668e-10,0.0019360096704288,1.41764049631392e-221,7.80182738905721e-78,2.01099222357857e-32,5.88955453364283e-47,9.32987829968016e-05,1
"19824",0.999571537517114,1.68670259482431e-11,6.07914715697549e-05,8.74231658147678e-05,5.97793621772344e-108,4.70098656410817e-48,1.61362494500539e-13,2.4919457336507e-18,0.000280247828472668,1
"19826",0.152269773418278,8.25718645665041e-08,0.522420247311298,7.42283776270737e-05,4.91209522349932e-18,0.0144058337980879,0.31082983442148,6.91731821944072e-19,1.01363603930694e-10,3
"19828",0.0409170528086853,0.000286736474135587,0.0189920105529185,2.52323337571908e-07,1.69487715963128e-65,1.94774403152322e-46,6.17394078970668e-19,4.22205578578581e-34,0.939803947840923,9
"19830",0.177011532569477,0.288353715952315,0.0250339149063505,4.44734424571653e-07,9.02060125305767e-21,0.50929210361046,0.000308288226972736,5.12300569996985e-21,5.10992631812629e-31,6
"19832",0.0300037224754523,0.966268093107453,0.00363754783589284,9.06134704861519e-05,1.06968756242831e-46,2.84068442294009e-10,5.73199259387778e-27,2.24190540863822e-58,2.28266471478928e-08,2
"19834",0.0839530383288678,0.00522353207265622,0.910106465514038,9.46170686447585e-10,1.08165470219008e-50,2.85025926463105e-17,2.57955911517767e-20,4.2108350366545e-25,0.00071696313826746,3
"19836",0.0279761474384547,0.000886698753560318,0.857368226353424,1.32929938588044e-07,4.15036392808032e-36,1.8533732067132e-06,0.11376694087034,1.02792274311203e-43,2.81075461816055e-10,3
"19838",0.000387184852248676,0.000928949318248958,0.00100738164399462,2.27037223855568e-09,2.45018705955616e-05,0.99765197691483,3.12970312921165e-09,6.49568405987462e-15,3.19034814847545e-26,6
"19840",0.0635942678173056,2.06469381209315e-09,0.936034486356195,7.00337660392354e-05,1.0678836869354e-40,1.41513684395966e-12,1.60774353382393e-06,1.9545200418165e-36,0.000299602250817639,3
"19842",3.37926282974453e-05,5.65266569745343e-13,1.00494627912622e-11,0.000439688109525308,2.30961670581432e-30,9.10081242179875e-06,0.999517418439141,4.12218199344649e-31,2.30904969711459e-49,7
"19844",2.40937303267205e-06,2.6953696727427e-31,4.55696354238478e-24,0.0277996949591801,1.00989394139041e-60,1.42372066608249e-58,1.2651896186072e-11,0.972197895655135,5.854177225822e-31,8
"19846",2.74053694854156e-05,3.71498150136820e-09,1.16190986409401e-06,1.6865688991558e-07,0.933948265550671,0.0550403614953464,0.0109250252103963,5.76080923655482e-05,3.7672594741295e-39,5
"19848",5.75934587767394e-05,3.06063686373079e-07,3.02202629401703e-05,2.27416661707443e-08,0.989829831767,0.000569992838903261,0.00118320467902974,0.00832882818799721,1.31573338148322e-33,5
"19850",0.0136961788199884,6.54596917194304e-08,0.000358391363773995,4.71807180792922e-05,0.977456196202462,0.00842134263960609,3.2081422750215e-08,2.06127149763004e-05,5.1644052431586e-23,5
"19852",0.000612566117784213,0.000775087413762297,0.996594290369212,4.50994576019715e-10,1.3191614395241e-18,2.16695154731335e-09,2.04843762903603e-07,2.00279154724882e-12,0.00201784863553014,3
"19854",1.11806062500972e-05,1.02487290001992e-06,1.0820984956407e-05,1.4203419803077e-09,0.999875502728842,7.66713999571743e-06,7.31161326513574e-05,2.06861140629304e-05,8.5759600164054e-33,5
"19856",0.958864057240568,1.2427752143939e-13,7.71090883315853e-09,0.036630430616688,9.71213342666382e-55,9.12159013584129e-20,4.74781879240376e-08,0.00450545695352325,1.86943594539533e-25,1
"19858",0.988461195276506,1.8470876981202e-12,1.66011788595899e-08,0.00516070203732215,8.43719931330885e-64,6.05318553103661e-34,2.17250580546587e-15,0.00637808608266121,4.82453836334723e-13,1
"19860",0.00347832134343373,0.00016808577547825,0.995519757988727,8.37918901034642e-08,3.99306077512167e-15,8.93508330293517e-05,5.54253262516965e-08,3.46159063120338e-22,0.000744344842111436,3
"19862",1.30135032647198e-05,1.12856741893743e-08,1.34003337507992e-07,9.82594321353347e-07,2.94252661203242e-11,0.997779995020687,0.00220586356328958,2.38153109311078e-17,2.30286094032956e-43,6
"19864",3.23112598452212e-08,1.33356172923651e-25,4.96417072974857e-26,0.340746634687548,2.96797059313763e-124,6.50200877061933e-56,0.659253333001192,1.53731863061187e-54,3.05860406384725e-44,7
"19866",0.87521321081657,3.39411791006215e-11,0.124580848893856,8.28965056341315e-06,9.86932875295824e-105,7.14112379318199e-23,0.000180962602897839,3.59514284867051e-40,1.66880021714711e-05,1
"19868",1.77811591839601e-11,0.000619796402419131,1.18938326969927e-35,0.9993802035798,8.36564730449069e-124,5.12266764994963e-74,3.34746937176414e-46,6.74618225764358e-63,3.88825335771957e-49,4
"19870",0.016065429588324,0.00138669673897472,0.27967225192228,6.44939656339355e-08,0.0209872485337089,0.433874851881804,0.248013456840457,4.86020483382363e-13,2.41143716917877e-23,6
"19873",0.0934915123577014,3.37576650727484e-05,0.899023515611213,1.07820775061457e-08,2.9046954609675e-12,0.000321404820232673,0.00712979875188065,1.57758347627926e-17,8.91727814910667e-12,3
"19875",0.00980404799456453,3.36000461402011e-05,0.216931854989925,2.60022869076626e-05,5.04806181395388e-54,2.66169560124663e-24,3.4283099002458e-19,1.53117569744129e-48,0.773204494682463,9
"19877",0.00253216163335261,0.00332489021351167,0.97699095852145,4.74880461342197e-10,0.000367627966690359,0.0140438417074895,0.00274047178794388,4.76946452829483e-08,3.68122904063575e-14,3
"19879",0.00542472846912329,0.00623081665002107,0.98833509060351,6.63952643160116e-13,3.95241852847481e-33,5.39756338052233e-12,9.3625268175085e-06,6.96488023476861e-10,1.04797849871941e-09,3
"19881",0.384226688909271,6.66985698442346e-06,0.196507337003383,6.26644425459456e-08,7.51397453515498e-21,0.0131504612091297,0.40610878035216,4.62903075172696e-12,3.05277208762563e-17,7
"19883",0.020294415614489,3.94478345412153e-08,0.000947048459381724,4.91194926666264e-08,9.61798042153338e-21,0.159700103548105,0.819058343810697,4.70150066494959e-22,2.08954736374436e-21,7
"19899",0.108781468467615,0.000222668537368484,0.890956569312798,3.88343472948206e-05,7.03717629516693e-40,2.0219289073069e-16,4.59318005204345e-07,5.3131100580679e-35,1.69181737115123e-11,3
"19908",0.0267930243449213,7.60862816654854e-18,1.42136280451593e-16,0.973206975655077,1.81499972447468e-176,3.01785120169767e-51,1.91273161191005e-15,7.60023533887758e-44,2.44121293117858e-33,4
"19910",0.00111861975882644,0.000656267304912109,0.996297980543377,5.02284275083638e-11,6.20544003120511e-19,9.0974096474591e-08,0.00191197317433417,1.32418720256129e-12,1.50681929008769e-05,3
"19912",0.00152838336302554,6.03458101336185e-11,5.90373070901025e-09,0.000183553206933795,2.64406767005954e-20,0.135919947657188,0.862368109808776,1.46257174566273e-18,4.18731510123254e-47,7
"19914",0.0101492158068694,0.0146775546394398,0.975172845314966,4.16218194881974e-11,1.60089773093831e-38,3.26904334682424e-07,5.6278426430704e-08,1.24568622223698e-11,1.00188496881556e-09,3
"19916",0.788055954149179,2.05317630871956e-21,1.95534514788706e-10,0.211943452676015,4.43838657833493e-150,1.05095999187777e-53,5.92973310777604e-07,5.30414079101709e-31,5.96159192017376e-12,1
"19918",0.0148027190988199,1.1190553822132e-07,0.0349470946717725,6.87930778380087e-08,0.0279441362839625,0.523767255205582,0.385240443729387,0.0132981703118599,2.25793273892431e-21,6
"19920",0.00151214145018146,8.40233734399038e-12,3.15110585571641e-05,7.94411954373592e-06,4.17726620857321e-06,1.20215278779717e-06,0.000165448245178878,0.99827757569914,1.865229593241e-27,8
"19922",1.42155058598061e-05,0.99980139902308,4.45553781935234e-09,0.000184381015520262,2.78028209932419e-41,1.99668969893224e-19,7.23460098708974e-26,4.28713099672044e-60,2.3240338100087e-15,2
"19924",0.0063764084830733,3.29849431277724e-05,0.982615596829582,2.62949299488277e-09,5.54945005051477e-10,6.87214708497515e-07,0.00936064361987416,0.00161367572400109,1.1954515527862e-12,3
"19926",0.170011478669395,0.0396034175993315,0.790004132690738,9.17279183363343e-07,1.66879930147048e-65,1.99079363648759e-12,0.000380053754288018,3.03053970180821e-44,5.07383553592142e-12,3
"19928",2.77284673088086e-14,1.74177620146465e-32,6.98716094541485e-40,0.0496412389708319,1.43849160976404e-118,1.43043755311656e-44,0.95035876102914,1.30309659511939e-50,1.16392928189432e-70,7
"19930",0.000689754104093217,0.000921375553567392,0.0996662780603348,9.35877722435989e-10,0.00119643906851576,0.897391358558167,0.000134793719443404,3.53141075660761e-17,7.92374741041338e-16,6
"19932",0.00026055327346762,0.000184266127198784,0.00266689875912228,9.60697744939074e-09,0.0149418206664431,0.981940292764922,6.15835788683824e-06,4.43981741119533e-10,1.22888521695655e-25,6
"19934",0.0362954982641769,0.00152935604234076,0.918626236379867,1.46935936741069e-09,1.81600113098354e-49,2.50932903050391e-16,1.57359470821699e-16,2.99363338014598e-18,0.0435489078442555,3
"19936",0.0914012834309245,0.0111768595744104,0.890398258301509,4.54629644302647e-05,1.30793120815331e-08,0.00697713787743554,9.84605335020134e-07,7.28187616224737e-19,1.66643290842546e-10,3
"19938",0.985355301009213,2.86149130560821e-08,0.0145709676399406,1.11075028971726e-05,1.25731575111093e-162,1.22209459999499e-48,2.65019239726128e-14,2.71691830252469e-22,6.25952330093178e-05,1
"19940",0.0122571097847614,5.21356798577117e-05,0.622123079487268,2.42890554525682e-10,5.17910236735708e-20,3.92363697086056e-06,0.365563751104849,7.35184401860472e-14,6.3329522160805e-11,3
"19942",1.79003336908364e-07,3.04253228172841e-30,7.87259903303689e-24,0.0253083588240775,1.57714496627193e-97,7.00373751187279e-26,0.974691462172586,5.98323723506017e-46,9.65305961299637e-50,7
"19944",0.00223840453026473,5.25870986616918e-05,0.98959066415262,1.2473532090762e-09,2.27037974707971e-37,1.23030499496006e-07,0.00805524908578893,1.85542543585822e-15,6.29708548100863e-05,3
"19946",0.0049103961006105,4.86470825833347e-05,0.994995008075289,3.6314417204956e-09,1.94797685293653e-16,5.03447377222253e-06,2.84861042085259e-05,1.23971499745531e-05,2.73821201025928e-08,3
"19948",1.00527964893269e-08,3.25973491071383e-26,5.97147299754361e-23,0.00619698791117111,3.57377090509742e-67,4.93877346390127e-23,0.993803002036032,6.89678626882845e-43,2.36724083196529e-48,7
"19950",2.2396231461798e-05,7.53118589641494e-13,2.68173027554944e-12,5.69459145215741e-05,2.71300110964992e-21,4.53337315407267e-21,5.8732495826305e-10,0.999920657263257,1.59309154776208e-38,8
"19952",1.00527964893269e-08,3.25973491071383e-26,5.97147299754361e-23,0.00619698791117111,3.57377090509742e-67,4.93877346390127e-23,0.993803002036032,6.89678626882845e-43,2.36724083196529e-48,7
"19954",0.000356761402993635,0.000213605411633823,0.0273613237572968,1.69304230231273e-09,0.0422146797770366,0.929363852190155,0.000489775759118825,8.72329487016756e-12,1.26141233076779e-20,6
"19956",0.00523230766858904,1.7007514288616e-11,2.33971952600561e-14,0.994766452795979,3.85682978567621e-26,1.17596725010775e-06,5.39642931796121e-08,9.58685825699747e-09,8.51678539272571e-56,4
"19958",5.30783676735715e-13,0.799533590704558,1.35964788886078e-28,0.200466409294911,2.86512591628013e-79,1.76242774346197e-53,4.26740842183594e-45,4.90946770145792e-56,2.90174849153987e-35,2
"19962",0.992476610273402,6.57274419505864e-07,0.00733181913517818,0.000190211504339147,3.07822039759799e-39,6.34292605136853e-13,3.20169168453491e-11,7.01778094393587e-07,1.91553576454654e-12,1
"19964",0.129657014288682,4.69422200967837e-05,0.595880356939952,2.94827552631643e-06,2.21814571444807e-14,2.31623060844175e-08,0.274412715106433,6.41420581512976e-12,5.68139157345842e-13,3
"19966",0.995853758921611,1.33652736842112e-12,0.0033200334673385,0.000767301709645778,2.01086062483883e-143,1.00275671178456e-42,4.46139676110068e-06,1.193906261871e-57,5.44445033076338e-05,1
"19969",0.0985321171976336,1.64139875466625e-05,0.0154891353610416,3.68005624889743e-07,2.33557491708393e-16,0.87148944575025,0.0144725196979033,4.45712381898338e-27,1.28446948416247e-22,6
"19972",0.00182440682675584,3.98514121791857e-08,9.34338769299216e-05,1.16955293191908e-06,1.26305258501177e-12,4.84038984861297e-09,0.998080938208998,6.8413192824245e-09,4.5979690719856e-33,7
"19974",4.06759748910002e-06,7.5375571359211e-16,5.8340317713597e-13,0.000672390406405606,0.00212431771411104,7.58332715809638e-06,0.95698665387078,0.0402049870834725,7.88373873680551e-55,7
"19976",0.0073672382247454,3.02061486282883e-05,0.990230141298681,8.86729703712417e-09,2.31073084883791e-09,5.33589693814045e-06,0.00230248484973192,6.45824030111209e-05,2.36680588716914e-13,3
"19978",0.00880663430528787,3.4429510878512e-07,0.97682505177512,5.42917210241122e-07,4.07539993078656e-17,9.23180814902489e-12,0.00110428385926636,1.97419739826972e-16,0.0132631428387745,3
"19980",1.06385996352725e-05,6.45009078791368e-08,2.34243052264983e-06,1.64413580962811e-08,0.995587439537697,0.000139697738665552,4.01383574618167e-06,0.00425578691546691,6.83692361716399e-35,5
"19982",0.770670000266933,8.83341470638505e-08,0.000123033047565435,0.0802738828060119,0.000138337599471834,2.70489347971471e-15,7.26715499163872e-08,0.148794585274318,5.26042031971773e-23,1
"19984",0.0026812078137123,1.42247017914265e-18,9.87170143267879e-12,0.00112202470952424,3.65414401313819e-48,3.22225697208726e-27,4.43377687928251e-08,0.996196723129123,5.19194705240879e-27,8
"19986",0.126002433071648,4.17230709705472e-07,0.106804630164539,7.20241288127906e-06,2.31219654662717e-196,1.13159125815429e-58,6.79477245149187e-20,9.9221226821307e-54,0.767185317120223,9
"19988",0.0225800673913699,1.35457605907435e-09,3.19795200426273e-05,0.00112018284445126,3.27544149543504e-195,1.6319214352175e-91,1.66976960985494e-34,3.29692026639492e-67,0.97626776888956,9
"19992",0.00243720879850405,6.04594476141465e-11,0.000776957796469724,0.000134761419167431,3.09566425552518e-165,1.56957673228202e-67,9.70956740257859e-33,5.38002282699567e-40,0.996651071925399,9
"19994",0.000330729769167435,0.00223886063970764,0.0681402667099606,1.79163301962967e-10,9.09650423158663e-05,0.929018545399314,0.000180632260368913,2.17263721162869e-19,2.35859991436253e-15,6
"19996",0.00533625052351827,4.42833493976393e-08,0.0136449129366974,6.40486644415509e-06,5.55615186960668e-124,7.83177114057931e-64,2.68744300988502e-25,1.07274886277719e-36,0.981012387389991,9
"19998",0.999430433174348,5.90157121539034e-14,2.5956504172795e-07,0.00051512821247365,1.37212939853582e-75,2.64669858378999e-11,5.41790216109576e-05,1.51334988113216e-20,3.44202525652541e-24,1
"20000",0.00930849133266405,0.984200544204998,3.080261804062e-09,0.0024548814480255,3.21657627881636e-41,0.00403607990895562,2.50944524775458e-11,5.38694934714075e-36,3.88003037789967e-45,2
"20003",0.00580021791401676,0.012964094399332,0.285364358341955,1.09843812188836e-09,2.54600292794102e-18,0.695036132082474,0.000835196163641465,4.09114087558686e-36,1.43166084254464e-13,6
"20005",0.000216736503658554,2.26735575788332e-07,2.16278118980744e-05,7.88561164026043e-07,0.853732216350679,2.06003611622571e-05,0.0889378465154325,0.0570699571604294,1.12481223548795e-39,5
"20007",0.00943985763667145,0.000365391481715504,0.990194652250181,2.63166470205004e-09,2.05581343954674e-31,2.3850899171008e-15,4.68312764307402e-13,4.90258433861749e-22,9.59992962023879e-08,3
"20009",0.999959770979613,2.67664172458438e-11,9.11685612532403e-06,3.10296528769985e-05,3.05218809477109e-149,1.01259923291742e-45,5.59966954523145e-13,9.15447360008778e-22,8.24840588157994e-08,1
"20011",0.0514536527767613,9.60006735421353e-06,0.0514841923523169,2.41644955093887e-08,2.0533102980242e-18,1.86021365934959e-08,0.89705251080735,1.22958506486592e-09,1.26129867000286e-23,7
"20013",0.0311714266332926,0.000116123444669091,0.471703873459582,4.63708685101678e-08,0.000228151487031397,0.108167300306251,5.30539136282503e-05,0.388560024384677,2.83896574950084e-18,3
"20016",0.996877988089588,3.30659395845002e-07,1.27297548858186e-05,3.386310046695e-06,1.42827902894393e-201,3.17494724639278e-68,7.95765455336415e-27,1.11973964480919e-35,0.00310556518608315,1
"20018",2.20798182087536e-10,1.90103878285989e-05,7.54421547680356e-35,0.999980989235797,0,6.95473831487032e-139,3.42610638284971e-76,2.05468705959469e-129,1.55576400643021e-10,4
"20021",0.0118703308314642,0.00250767591792289,0.518591461450391,1.00067553431831e-07,2.88545292257441e-45,2.74816310943794e-17,5.60560027959627e-14,1.2350927951355e-51,0.467030431732612,3
"20023",0.00365143551680646,0.000206699626141068,0.995772128964325,1.57146341373516e-08,9.6581585630339e-56,1.27839081062087e-12,3.66113134194482e-08,6.17041666902644e-13,0.000369683564883934,3
"20025",0.00136237535366473,0.000127874641937471,1.861168299586e-14,0.998503954103917,1.38512922549935e-166,2.02179248565476e-88,2.34279713455483e-55,1.24435507205323e-109,5.79590046254835e-06,4
"20027",0.00867187130473169,3.36640901317863e-07,0.000134372037245552,3.6490029459646e-05,2.71980040497354e-21,0.144323147872908,0.846833782114754,2.08254703298436e-31,3.30167428026937e-34,7
"20029",0.022943093638989,2.61272077107167e-09,8.11750520507981e-05,9.65973094769975e-06,9.43978179449006e-09,0.951052555998923,0.0259135035265347,5.21296334451805e-14,8.11534434382926e-32,6
"20032",0.000612474522164073,0.000347426363354324,0.00131349911594364,2.13813104332032e-08,1.17816879217405e-09,0.8977687990885,0.0999577783505581,4.9698210785439e-24,1.18630230380774e-27,6
"20034",1.06609995883508e-06,2.29038714878503e-18,2.91629651344998e-16,0.00342241846116491,4.70872190812718e-64,1.00892169867998e-18,0.996576515438876,3.24591451084318e-45,1.13894008961971e-41,7
"20036",0.949617407173876,1.03800139933041e-13,2.04353498554902e-05,0.0503621574054666,9.52740087761184e-45,9.34182699728763e-12,1.57422159395009e-11,4.56142677516184e-11,8.17255810332754e-19,1
"20038",0.0132991354666912,0.0100842926620333,0.318776294674769,1.43341451313137e-07,2.69541107955446e-105,3.30948045423002e-34,1.46022458974226e-20,3.53554795828189e-64,0.657840133855055,9
"20040",0.634949238267803,5.30426701672947e-09,8.46288930399828e-13,0.365049740707994,2.52241024279481e-258,7.08325319797927e-94,1.08933913732043e-23,1.37616139386053e-52,1.01571908906191e-06,1
"20043",0.0418658621542877,0.000181285028444983,0.0839157039014067,3.08895375250057e-05,7.02003613047861e-59,9.94860469664614e-31,1.3893975078785e-23,3.08324751321737e-39,0.874006259378336,9
"20045",0.0176906942688092,2.8836636369926e-07,1.77389129570562e-08,0.00137096511416008,8.79184791296548e-205,7.27830913058768e-101,1.89324918131595e-45,1.6207058043595e-50,0.980938034511754,9
"20048",6.51612258416221e-07,7.50548184831821e-20,5.95150925147785e-22,0.00304726386010975,6.63613443497007e-21,1.27552064306942e-31,1.98599405702679e-16,0.996952084527632,9.8559237187928e-42,8
"20051",0.862041847817039,0.00691554962800919,0.130708122321787,0.000326792405686152,8.23129029514461e-17,1.32041502559386e-11,6.63274954901187e-29,4.62786779984823e-20,7.6878142745448e-06,1
"20053",0.0808799001696646,2.47568586386839e-06,0.918970076073094,7.0614368104384e-09,4.35839842920843e-94,2.76171026399974e-21,1.95987342964357e-07,3.22749534413661e-12,0.000147345019369879,3
"20055",0.674012610232203,0.261504019523967,0.0644613178203962,1.83665441248891e-05,8.65754587322631e-75,4.47999469008748e-23,2.9581755978561e-18,4.04370510583778e-81,3.68587930960421e-06,1
"20057",1.53460386252154e-24,0.000449331996570025,5.52432671247154e-58,0.99955066800343,6.99061505884984e-132,7.09643264637021e-71,1.36158812317242e-46,8.12180648421531e-72,2.67235087893693e-78,4
"20059",0.521215783186979,0.000314718007347833,0.477934154082816,0.000480487195814143,1.39311064580045e-82,4.32892469605527e-28,1.36681655825796e-08,3.72162453524161e-26,5.48438588765148e-05,1
"20061",0.015560692971303,1.73312068603313e-05,0.984413831965527,8.22882210782412e-07,3.29801101926e-37,1.47248329589855e-16,6.38765524616705e-09,9.5277434575944e-27,7.31458644351817e-06,3
"20063",5.7652526433755e-06,3.60101535374458e-36,6.2366941847129e-33,0.999994234746939,4.94771613868963e-175,1.32878094282526e-102,8.84311436460054e-27,4.17823303810589e-13,2.14765274561907e-23,4
"20065",0.00025184868492049,0.936218552372371,2.88956067755467e-11,0.0172735996905829,7.84261946054603e-163,5.79865957414464e-69,2.52578982104597e-58,1.68928986789612e-126,0.0462559992232299,2
"20067",0.157172714457732,0.000499339167300438,0.00265326896445568,1.35910810505335e-05,1.08677558095967e-122,1.24528706365711e-49,3.49257297214814e-33,6.04281325911054e-17,0.839661086329462,9
"20069",0.000129228644421685,1.62243564494076e-07,1.06880830864031e-05,3.91795412345098e-07,0.798745754363051,8.47069899365067e-06,1.44845937469956e-06,0.201103855712095,7.02557289759592e-32,5
"20071",0.99868422999958,1.49528420918595e-09,0.00119359642378828,0.00012211336313355,8.6008157363582e-78,2.22695757769494e-18,5.87182144783295e-08,2.90420553662259e-30,2.22940210944189e-19,1
"20073",0.0780538394554148,6.55612158776538e-10,0.000385843110810181,4.08002542613166e-05,7.76565109645476e-17,6.17226366590374e-10,0.00108461113565074,0.920434904771025,1.2173002766146e-19,8
"20075",1.61514472997883e-10,0.883726777610378,2.25886262736906e-28,0.116273222228108,5.56123103944702e-102,2.07215819334744e-42,3.85368853335497e-49,3.29043942559727e-80,2.98534605585329e-41,2
"20077",0.00299451782635026,1.21487348743474e-10,0.777887857885115,1.16884230460881e-05,6.26017279642136e-67,1.00395862742494e-22,1.67111294467963e-11,2.19445753698488e-13,0.219105935727071,3
"20079",0.909064899297671,9.61402665356612e-12,3.05739431457115e-08,0.0909350701040798,2.41583706241788e-47,7.67848493621339e-30,4.8309821680595e-27,2.15150010450357e-13,1.44773492919559e-11,1
"20081",0.110659017326213,0.844689965820894,0.00989714173545402,1.10108234512795e-05,3.72099996587145e-62,1.07964158422465e-41,3.78066641365496e-26,6.72002352798965e-36,0.0347428642939872,2
"20083",0.241549890668689,1.56809789911229e-18,6.01335889093736e-15,0.758450101895288,7.68565216195838e-97,1.03553763783522e-30,8.4360419727992e-13,7.43517329725847e-09,8.59261296624807e-30,4
"20085",0.00362948813623626,1.15310217745815e-06,1.07669573503452e-05,4.72940837923856e-05,8.38804346589244e-199,4.72420324782194e-79,1.90785170697077e-40,3.04089055621269e-77,0.996311297720444,9
"20088",0.00339682775015134,0.000365056756696397,0.266005426826594,3.27216430830417e-07,6.1415179501404e-80,6.83260381468119e-29,1.98335063625628e-24,2.59687638215487e-38,0.730232361450127,9
"20091",5.47409210213822e-05,0.999916808345825,6.43202709921223e-14,2.84507330620434e-05,1.77791247567327e-106,1.77965672786545e-52,1.96246696556621e-44,2.68818748797881e-50,2.67550434223711e-14,2
"20095",0.668891500912409,2.63253236846588e-14,6.87501841330102e-10,0.330883447897914,5.23896597506044e-112,1.82116287719022e-66,0.000225050378359395,1.2378929343151e-10,1.59248360159091e-25,1
"20097",0.00359457190533536,8.77774374942032e-06,8.995168646128e-06,0.000554278314142368,4.38425743346265e-176,2.81773665398496e-77,4.1183805760406e-46,2.31894879051981e-80,0.995833376868127,9
"20099",0.996590367439664,6.2989138418698e-21,1.51094993051285e-07,0.00248020345450528,5.8505732656179e-103,1.1746593994673e-51,0.00092903054227097,1.9352860949077e-21,2.47468566884423e-07,1
"20102",0.00709274928902022,0.00238560520252458,2.02813087690371e-16,0.990521645378578,1.56177374617636e-66,6.12169220135657e-46,3.93776679047748e-37,1.29877430195525e-10,3.90720056742312e-25,4
"20105",0.560684299749768,6.19459052677231e-06,0.0288253711565259,1.78308139342403e-05,4.87027730991959e-45,5.60434483756801e-35,7.38645768475671e-27,7.44848142770502e-26,0.410466303689245,1
"20107",0.00197519835663464,2.06039975002395e-06,0.898404416199159,1.84283965563247e-08,2.43247818565444e-94,2.78406289053806e-36,2.48584821374964e-13,4.29542997245353e-32,0.0996183066158114,3
"20109",0.998742415933365,1.18431376928921e-12,0.000875812859894392,0.000256540637631964,7.77567280002879e-59,6.06010919779723e-36,3.77909377264674e-08,4.94275291861076e-06,0.000120250024067855,1
"20111",1.72335711622313e-10,0.990954734369872,6.36590691499059e-20,0.00904526545779277,3.54464981831223e-35,3.14542576606879e-26,1.07198176118181e-24,2.32004432597497e-39,4.66493914499293e-45,2
"20113",0.476633145566649,2.76113343426667e-10,0.523121505432043,0.000229762251089295,7.61112224518081e-91,4.35290041838043e-27,1.52176778220629e-05,4.30048564485385e-48,3.68796282958838e-07,3
"20115",0.000466374773783269,0.991749107225894,1.66862928975074e-05,0.00119925749686988,6.74062472605432e-20,0.00655851849498503,1.00557155703453e-05,8.85908429078847e-36,3.52458795166777e-35,2
"20117",4.91567559363735e-07,2.08201390621008e-07,1.02348804823172e-23,0.999999300230765,3.30171334563072e-213,7.39237194220989e-90,2.84730525266916e-13,4.76785469898348e-89,4.79247128398498e-32,4
"20119",0.997798805366005,1.30452381550839e-14,0.000404364224392215,0.00157021907127433,8.99785706435346e-161,3.61868475740299e-39,1.53077660986047e-06,9.6424337533735e-67,0.000225080561705698,1
"20121",0.00370087125150484,2.3345924227218e-06,0.734609653865466,5.1540696645843e-07,1.49262638808604e-139,2.82520884216637e-40,1.24851036114067e-15,5.31601071630437e-41,0.261686624883639,3
"20123",1.38286642818758e-05,0.998058908603632,5.50040721489162e-15,0.00192726273180857,5.60173702623009e-138,4.20528643312118e-44,5.31367035264226e-52,5.84114064600578e-83,2.72097430287638e-13,2
"20125",0.0015568009647183,1.93038394991583e-05,0.00267488045784916,3.84857319996395e-07,0.802056799564965,0.193660081156047,5.44810318479679e-08,3.16946785697635e-05,6.28662779903926e-23,5
"20127",0.0239637975148132,1.92472668738304e-12,1.32454146464734e-07,0.00795144450960987,4.32289900462424e-122,1.5987415096417e-86,4.46759645759995e-35,2.43669866978195e-42,0.968084625519506,9
"20140",0.97865939487594,0.00609370137383553,0.00879907921626269,0.00644782453075955,5.98117726339094e-78,3.78982096656481e-27,2.00282660447723e-12,2.64236052240369e-61,1.2000455758765e-12,1
"20142",0.000115886602511049,3.33367722728162e-12,6.85574550375745e-11,0.000167893099420944,1.44464054672871e-05,1.41981668409184e-11,8.73170140132134e-11,0.999701773719194,7.67055970440226e-37,8
"20144",0.102085160390051,0.678794640414428,2.84523203501961e-05,0.0245619810987266,1.56552091653929e-12,0.194529765759992,1.48863457962229e-11,2.41595129450169e-16,8.46536142808653e-34,2
"20146",0.929184882195398,2.12815589309569e-07,5.56358648367967e-05,0.0707587468071478,1.30423088300709e-25,1.34414367595099e-11,1.62615921373607e-16,5.22303586970272e-07,6.69171496970386e-22,1
"20148",0.0354343903394572,0.000459513787129346,0.558271370978775,3.36060961452613e-06,4.66232223718854e-09,0.405831358937835,5.279916005757e-10,1.00200030994483e-20,1.56875503605939e-10,3
"20150",3.35443020701617e-06,3.52622033350745e-11,3.13154655185985e-09,1.21277266478977e-06,0.994332696107133,0.00194023657600927,0.00313901391005688,0.000583483037120209,1.70198843387621e-46,5
"20152",0.0120495904826622,0.000179593315537337,0.778436656359001,1.89696281613079e-07,8.66724512125148e-10,0.209276116639612,5.78410369679521e-05,3.70306337340381e-14,1.16031765443481e-08,3
"20154",0.00492429434351275,0.667536155981635,1.18467459895408e-15,0.327463896013409,2.90738848902131e-143,1.7429237744847e-75,8.8178367834531e-67,1.1632561471598e-49,7.56536614421995e-05,2
"20156",0.917159476384143,4.73541935380112e-06,0.0821865063609321,0.000649280943245473,2.45610065801933e-62,5.23260884724675e-30,6.24659770275275e-11,7.74234866524845e-10,5.56242957708399e-11,1
"20159",0.00222275619181668,8.38392777108089e-07,7.10394722875226e-06,2.145083088084e-05,3.48603091150122e-09,3.08967057115245e-11,2.89008755583213e-06,0.997744957032813,3.25298068948487e-33,8
"20161",0.539438924796271,4.54554766344018e-15,3.078883770422e-10,0.367668713580181,5.42999643600625e-41,1.24045333611706e-18,2.91402474895331e-11,0.0928923612865154,2.95573627710155e-25,1
"20163",0.745314905041472,0.105601364459434,0.141858683183177,0.00719373606066935,3.21478169437647e-28,3.13088938407431e-05,3.48413421897246e-10,1.49495279762948e-55,2.01299356832004e-09,1
"20165",0.664381162239407,2.1058949954194e-14,4.76980983477587e-09,0.301882083203132,4.33538134521055e-52,1.3000134801283e-51,3.85703345587236e-21,0.0337367453838508,4.40377963303837e-09,1
"20167",0.00143483747057113,9.16586921750193e-06,0.0907916574203145,3.3615141891829e-09,0.897770077443877,0.00999338203547438,7.47892172734165e-07,1.28477375463894e-07,2.94828479244568e-11,5
"20169",2.77310876181561e-06,1.87116652338141e-17,1.19995302207231e-17,0.000471442489101435,3.83600867932904e-15,2.61096120330495e-23,2.80643155461203e-14,0.999525784402105,1.20107394950832e-40,8
"20171",2.2155832760115e-05,0.000209710628317597,7.73708446146188e-25,0.999768113118957,3.8054684679754e-189,3.18646147006954e-111,1.84350771524556e-79,2.47293223794501e-56,2.04199654362775e-08,4
"20173",0.00122600148432973,2.63260541727343e-32,2.56448916425807e-21,0.99877398083706,9.85322439067152e-111,1.11007018998713e-57,1.76786100477325e-08,1.98836752004808e-17,1.82770374066285e-21,4
"20175",0.0155651954845347,0.000826322251798959,0.952917244821039,2.76389360510826e-07,0.00800852173903916,9.02949482470981e-05,0.022592029856404,1.14509576280501e-07,3.39029065239048e-19,3
"20177",0.901394425463379,3.92338757122262e-20,1.23286147474863e-05,0.0829286675394643,3.45442411766896e-104,6.4035948841098e-52,0.0156645457056543,1.21406745329704e-25,3.26767550124234e-08,1
"20180",0.0377809370858635,0.000274775959018202,0.0125944977070993,0.000191087060106687,2.18642006089576e-148,5.89028048083594e-47,3.64664408454132e-20,2.15889321684332e-95,0.949158702187912,9
"20182",3.0210591738262e-19,3.7537623556631e-17,3.88220428801588e-49,0.999999999999536,4.93011564451377e-56,1.10522948207323e-47,4.51670547997794e-13,1.20328253456326e-14,1.44514345546355e-91,4
"20184",0.00662284533332735,6.47524582428379e-10,0.000177603636726204,2.43553417505989e-06,3.46006743237342e-15,2.08053446028571e-09,4.09286439833095e-06,0.993193019903311,3.31801888143329e-22,8
"20187",0.155709086179222,1.79538303148052e-27,8.86376437564663e-10,0.590970524570973,5.75728734195282e-85,4.36476668075433e-28,0.253320388363428,9.22569185077649e-16,1.20148926981433e-23,4
"20189",0.345428753386968,5.88930830944372e-08,0.641368980674486,3.11711418895979e-06,4.7907868885354e-39,2.67212082125994e-13,0.00378705966498942,9.99186219325393e-36,0.00941203026601776,3
"20192",6.16523291804071e-05,3.7024439102424e-06,6.61256054513439e-15,0.999934645226192,3.84673599771232e-137,1.42960829714295e-56,7.86144340958057e-27,2.95628818381548e-92,7.10795798698468e-13,4
"20194",0.0231643180270169,6.66822550997914e-24,1.34572994477401e-13,0.972467330261699,8.51256701950938e-43,1.44656450788499e-11,0.00436491160540429,3.44009127940734e-06,4.16784177609002e-43,4
"20196",0.173295794808574,0.476852658239849,5.82882212319295e-08,5.85302790268336e-05,1.95018260143261e-152,1.21315814683264e-61,3.42328953278162e-40,2.63180557227418e-68,0.349792958384329,2
"20198",0.632242894966602,6.15736357438979e-05,0.353532326807969,0.0141627210623318,1.82542135697168e-26,4.25629370537656e-11,2.03807376192489e-07,1.32954030842819e-17,2.79677413675281e-07,1
"20204",0.000110210878751168,3.56930479432314e-06,4.43899759209951e-06,2.11340212128649e-07,0.99635583125859,0.00276161948223418,3.47933713228264e-08,0.000764083944454438,7.81429831902103e-32,5
"20207",0.4435728258382,0.0038613882789341,0.000144752608263135,0.00152669435928134,1.43843357403491e-103,3.11439478956807e-57,7.64961033557024e-38,5.80689992139689e-27,0.550894338915321,9
"20209",2.06007169438711e-05,0.994820651360883,2.61794833677645e-10,0.0051586690727444,3.83331078468191e-58,1.44176248284669e-08,6.41700088052138e-08,1.97404164717605e-73,1.94623603434962e-41,2
"20211",0.000109366484325179,0.999395271146623,4.73039035870687e-13,0.000495362101832526,5.04170301728679e-98,5.97965389223308e-42,1.36373350250951e-61,1.26307481735165e-67,2.66746437963662e-10,2
"20215",0.268099170509713,1.1934527939019e-08,0.621828631848122,0.00354732114911259,7.64378284912801e-63,1.08856261723346e-22,1.72655607543582e-22,2.78661838426691e-35,0.106524864558524,3
"20218",0.000169130840528581,1.24432058072613e-09,1.31746246192438e-08,1.85887504319548e-05,0.219391744646697,4.51769436362762e-08,1.5643052685144e-09,0.780420474602149,2.22582897664697e-34,8
"20222",0.909488560670171,0.00358899712679987,0.000202158800446608,0.0323998987302323,8.91304399868377e-53,1.5799280806725e-45,6.83238473444112e-39,4.45476623089991e-36,0.0543203846723505,1
"20225",0.323217270129998,2.05679289664784e-06,1.05904247086846e-06,0.676480329717205,1.32747100977951e-16,0.000299284315910845,1.5186978213856e-12,2.20758214456162e-18,6.05664558269715e-32,4
"20229",0.991175379779603,2.80022919278835e-05,3.37770513580512e-05,0.00876284077491207,1.24238392431021e-62,1.02199224109753e-10,1.09782634708112e-19,2.84134713359675e-38,4.7841462009886e-22,1
"20232",0.178190513490767,0.011755681475991,0.810052890129692,8.56966986007386e-07,5.68491089626865e-61,2.78163729646525e-29,5.754204895853e-11,5.16653231901933e-33,5.78790226625453e-08,3
"20234",3.13535602451423e-05,3.66541827702306e-07,9.26588650107773e-20,0.959433129020476,2.71613093129573e-254,1.89558261080214e-134,1.05421782749565e-48,3.04008407256893e-127,0.040535150877451,4
"20238",0.433605983813689,1.73682354797498e-05,0.55243369279508,0.000122673886956388,1.60730375820646e-97,9.207816663268e-47,1.37272879219258e-21,3.03135757802456e-32,0.0138202812687944,3
"20253",0.027586071476461,1.5433084647647e-12,0.0061145599678051,0.00176122119101756,7.17146779902573e-119,7.97575985792995e-45,3.17876123193903e-26,8.79784286276033e-43,0.964538147363173,9
"20255",0.0010549571784021,0.00676467241066696,0.0160165840855334,1.23452627230572e-09,3.25622660945667e-05,0.976131222005447,8.19329770954268e-10,1.50915381440515e-17,1.39246402817223e-20,6
"20258",0.0080377833684287,1.99339378381862e-07,0.00307937801170391,4.57505824215465e-05,2.07290377645528e-75,2.25459005590151e-47,1.3871673718497e-20,2.14284118239136e-55,0.988836888698067,9
"20269",0.880697430856963,2.6452683850339e-07,0.0367611407719533,0.000110058232358179,2.58704289350036e-28,1.14411460142641e-30,1.78023274169833e-13,1.64903392190332e-12,0.08243110561006,1
"20271",0.747878103777513,2.81196942157113e-14,3.47024854287344e-05,0.147109895324103,3.28485221155405e-98,1.43656181437821e-52,4.22040097932297e-09,2.3246293154615e-70,0.104977294192526,1
"20285",0.150611618146762,1.34597981394176e-17,1.95340303119481e-08,0.0183663405014653,1.1905812857302e-61,1.00503909570549e-20,0.831022021817742,1.4039045302618e-19,5.92709096299715e-28,7
"20288",0.0783775292405067,1.32783671238407e-06,0.921542673660182,1.33316322554728e-05,7.60468020173444e-57,1.13974838546408e-30,1.1369088169674e-17,3.60654579075554e-31,6.51376303439399e-05,3
"20291",0.124451191813564,0.875493819221714,1.9483724880151e-05,9.09764135883655e-07,5.32527796272256e-147,7.11100988622689e-62,1.50007585552161e-26,2.44076762666203e-45,3.45954757056739e-05,2
"20295",0.929504272748542,4.81278179931605e-11,1.44314545357635e-06,0.0704942808687304,2.25549923449485e-57,1.12963700009871e-32,2.54710042853554e-09,6.53486965199956e-30,6.42046144453197e-10,1
"20298",0.000540257560097195,1.67609164065319e-05,0.000999659844018759,9.37508488146383e-08,2.07527008508488e-07,0.99843222706802,1.0793327813943e-05,5.78576391641956e-12,2.12604945853151e-28,6
"20302",0.129760540388367,3.43010602338853e-08,0.00127311518182088,3.31872641566e-05,5.16519484659586e-18,1.22664270728017e-07,0.037639830353892,0.831293169846432,2.36771352109592e-23,8
"20305",0.000148388287646228,2.36764331144286e-06,4.05219754467679e-05,6.03906757278665e-07,1.27182193077548e-16,0.999726751064312,8.13671225263609e-05,6.82743734276649e-24,4.63113199851824e-33,6
"20307",0.0048490370811941,0.000195827477191211,0.174892045083664,1.30876090796927e-06,2.02545691097284e-110,7.29042405994587e-50,2.36341377428918e-23,1.52838627991079e-39,0.820061781597043,9
"20310",0.0830727639014301,3.36211901763563e-12,3.79926968183334e-12,0.54882805286292,8.3526569153781e-227,1.26008300652896e-124,5.86439439943956e-43,3.00483998534535e-85,0.368099183228488,4
"20313",1.26943238366054e-06,6.29557484914791e-18,1.03301545829371e-16,0.000694193750710842,1.19391847429745e-29,1.90283543915531e-25,1.65150104819515e-05,0.999288021806424,6.90406991335e-51,8
"20315",0.3040815031592,6.87361469285081e-07,0.409618890160526,1.24332109383807e-05,1.14115000276705e-83,3.95299542500869e-48,2.04294191061451e-11,1.20078497648079e-44,0.286286486087438,3
"20319",0.2115116648239,0.245109189186417,4.74721451622028e-08,0.538720268177044,1.68030789480832e-140,3.53255222594123e-50,9.07424077227617e-50,2.25853255770844e-77,0.00465883034049488,4
"20321",0.0863383997155803,2.97030356007612e-15,0.000429173567582476,0.060477923631335,1.44775281320862e-102,2.72897962898381e-58,7.02547011084194e-29,2.37640733241034e-39,0.852754503085499,9
"20327",0.0551237295134437,4.16772970716709e-11,0.00264429147409797,3.61965550447571e-05,1.47971915538495e-110,2.83242997779584e-59,3.13076250119823e-13,3.10127734699107e-47,0.942195782415423,9
"20329",1.26505083030686e-05,3.58932098283892e-29,1.20099154703151e-18,0.050561919500756,6.31237664700143e-60,3.12813704476275e-18,0.94942542999094,9.78179793683835e-16,6.50604232210987e-52,7
"20335",0.0253883657929244,0.0465066831709535,2.96766931440633e-07,4.27067210022136e-05,2.5464728682132e-150,4.24438677881414e-77,4.15777411019795e-50,5.60944042727267e-47,0.928061947548188,9
"20337",0.000687968160566236,1.27150004389645e-05,0.000115904254689735,3.99417823707157e-07,0.0201446803191892,6.23789983334756e-07,6.89636566219224e-06,0.979030812691647,4.2086636071718e-30,8
"20339",0.0012719745261111,0.0216706240810655,9.3943643251218e-14,0.97705740139273,3.28870304987315e-120,2.21999375674868e-25,1.00790118161009e-31,9.38270847208713e-79,9.84908486783102e-26,4
"20341",0.193479163909213,0.154114640681273,4.57276490416592e-14,0.652406193262474,8.21376642090011e-154,1.3749272712499e-77,2.28912554618342e-45,1.21553867009577e-27,2.14699364170345e-09,4
"20343",0.63862181729034,1.87364552791972e-10,6.76035560528265e-09,0.166962632541486,2.03245139970912e-179,6.63398898944152e-82,3.17902232381285e-40,1.57138804116262e-28,0.194415543220454,1
"20345",0.0522642337669102,0.00226259455140359,0.281638465110582,5.28462101471402e-07,3.45884227854771e-22,0.377911133320178,0.285923044788825,7.2350061486458e-36,5.96000076285884e-18,6
"20350",0.333985284727521,5.68792368268304e-15,5.64762386916298e-11,0.666014715215997,5.06043843520556e-97,1.10037757345091e-63,3.35964113670211e-16,2.41682468838431e-29,3.54961983699873e-18,4
"20352",1.57369425643166e-05,1.15011065826896e-15,1.00987338688239e-14,0.000196847981189479,2.69154853474636e-15,5.12172945688754e-23,6.23874910247128e-15,0.999787415076226,9.04926592960514e-33,8
"20355",0.915364701840516,4.17581117616108e-10,7.93183691102047e-07,0.0112544045124498,6.18651947762048e-53,1.64898698564964e-20,4.05144316238729e-09,0.0733800959943184,2.20100091191719e-20,1
