"","V1","V2","V3","V4","V5","V6","V7","best$classification"
"19812",0.0526600834994868,0.000520643602862545,2.50808395727911e-06,0.808292831664026,0.137933230527667,5.30644675291862e-05,0.000537638154470347,4
"19814",0.000898507447159382,3.22061629506035e-05,0.00321030824293159,0.986519851826473,0.00932728264075966,2.04396979116119e-06,9.79970993436852e-06,4
"19816",0.0064068144075415,0.0859226422686058,1.04145492804477e-06,0.00412234801810313,0.903519977227048,2.56376242184588e-05,1.53899955468829e-06,5
"19818",0.000480531262121093,0.000554227014393696,0.0117671630725677,0.551882840906288,0.435266777312794,2.08289074250631e-05,2.76315244100444e-05,4
"19820",3.19709411522845e-05,0.989446450392209,6.14327091455133e-10,1.34929852762902e-08,0.0105161126512389,5.75109324903022e-09,5.44615699404826e-06,2
"19822",0.00561121084578293,0.981151891129114,9.47813371486732e-07,3.84654705407881e-07,0.00557945358327711,1.58261207642516e-07,0.00765595371254107,2
"19824",6.27539945007085e-06,0.119285996130749,0.0012324665173119,0.000148975621151577,0.879212125733309,9.13429856398628e-05,2.28176123884684e-05,5
"19826",0.149429492681576,0.00133439432187707,5.00837252021258e-05,0.754295564050989,0.0860898269851653,0.00879539358195572,5.24465323434809e-06,4
"19828",0.000162367058470967,0.399585543479509,2.78222550236697e-06,0.000173220670456317,0.599882944044755,1.28125876461828e-07,0.000193014395429896,5
"19830",0.110878034470737,2.04691693354151e-06,0.000142812648098941,0.885379541776956,0.00218996981969562,0.00106996333963326,0.00033763102794568,4
"19832",0.0331841505577041,0.0198927845813712,2.27406068497964e-06,0.148159705262191,0.10325556595477,3.07611839336963e-06,0.695502443464886,7
"19834",0.725042374724268,0.0993024451365329,0.000150751714319934,0.0134369044579133,0.158910235395502,4.61743485422169e-07,0.0031568268279779,1
"19836",0.00315861624068294,0.000887265177945579,5.22111372751586e-07,0.0647197020307831,0.91375561359201,0.0174413398163172,3.69410308886525e-05,5
"19838",0.000769763304022005,3.71025542496163e-07,0.000420438426377211,0.998566121025824,0.000208418090619209,3.36829434609274e-06,3.15198332695178e-05,4
"19840",0.767496918702773,0.0378607620986962,5.11639923378299e-06,0.0225104322008962,0.171571696356121,0.000551692872771743,3.38136950768926e-06,1
"19842",0.000737711968038199,6.41192324954714e-08,1.02130765780856e-05,0.0583303322231358,2.80684018060728e-05,0.940893540088936,7.01222737588687e-08,6
"19844",2.08883457333658e-07,1.22500252074528e-06,0.999965878965367,8.86299689894978e-06,2.50803928049365e-06,2.12966791574477e-05,1.94333178485744e-08,3
"19846",1.0531739871653e-05,1.91605741993056e-08,0.0834022873747423,0.91298172220155,0.000166011683046116,0.00343935642489993,7.14153160656665e-08,4
"19848",2.53061240765036e-05,3.91951856832478e-08,0.0321801797599438,0.967449717931721,0.000179214763630283,0.000165270265331254,2.71960111377625e-07,4
"19850",0.000150483514698925,2.46125217120941e-06,0.245977200662103,0.753124226000702,0.000704642407373518,3.9237638395473e-05,1.74852455610613e-06,4
"19852",0.00217268443807136,0.00485998806520308,0.000147582239147342,0.0335113924296076,0.95927488385075,2.04580809728455e-06,3.14231691233509e-05,5
"19854",6.86105244328856e-05,4.66640889025796e-08,0.00305573493672592,0.996713066844586,0.000127055019283381,3.48408457656576e-05,6.45165117540763e-07,4
"19856",0.000484977996291146,7.30067261448513e-05,0.98642706072351,0.0126293191184023,0.000234940855167376,0.000145775421590307,4.91915889430371e-06,3
"19858",7.5794658146233e-05,0.00237389678221371,0.986527118452386,0.000872115305737261,0.0100783778591311,1.35523731538383e-05,5.9144569232086e-05,3
"19860",0.172158099963943,0.0162445301389131,4.77057176172895e-05,0.304606763411635,0.50688235513073,1.7151890213122e-05,4.33937469482721e-05,5
"19862",2.61949611408164e-05,7.83788895476971e-09,0.00311992666435448,0.985852215964333,7.12794449487813e-05,0.0109303050382521,7.00890822364187e-08,4
"19864",7.02689155789192e-07,5.84531557349904e-07,1.0142819959449e-06,1.92584948639245e-06,3.05471423543744e-05,0.999965191775127,3.37303230793813e-08,6
"19866",0.0739276825314267,0.103816984268696,1.03294664002471e-06,0.000682477942527024,0.809549121225294,0.0120178309237385,4.87016167829193e-06,5
"19868",0.00333283034327905,6.11666038873029e-06,4.33640991668477e-05,4.28578599036446e-05,3.79950295120819e-07,1.83679951402264e-07,0.996574267407015,7
"19870",6.59016244965248e-05,9.23061588996323e-07,0.00241280112692729,0.986991989604461,0.00950079552847863,0.00102583124138977,1.75781265733614e-06,4
"19873",0.00162704396531123,0.000332550078832331,0.000883346507258899,0.693758579101715,0.302007576633562,0.00138651561829257,4.38809502826626e-06,4
"19875",0.0345533665611585,0.74162453418729,7.60343832746136e-08,0.00120987724512389,0.222448755044579,3.76692984087623e-07,0.000163014234481547,2
"19877",0.00711756781374223,2.45831017846496e-05,0.00316395866642719,0.907875088444561,0.0817270241261937,7.19513759392394e-05,1.98264713518374e-05,4
"19879",0.00872669580396401,0.00145962814079912,0.00202217016718861,0.0925257208046162,0.894914153845098,3.36094411769397e-05,0.000318021797157435,5
"19881",0.00557075627312536,0.000161824310334766,0.00151152342491806,0.898371882035917,0.0754897305170871,0.018888326114264,5.9573243537375e-06,4
"19883",0.00252868764345307,4.20152047306141e-05,7.88906266080471e-05,0.691135984049195,0.0326027041372763,0.273611104561278,6.13777458858712e-07,4
"19899",0.924712778232463,0.00157832933662933,3.41754184038338e-06,0.0144758584499622,0.0588333164222744,9.33798880696943e-05,0.000302920128761125,1
"19908",0.983284640781654,0.00169768099711733,0.0001949141132177,8.18385696701427e-05,0.000700185680239306,0.0134390588621572,0.000601680995944697,1
"19910",0.000345185203590543,0.000761634026062307,6.7016348406985e-05,0.0543268826293779,0.944456907607761,3.42567003328767e-05,8.11748446838853e-06,5
"19912",0.00601301206785087,1.55977884133787e-07,0.000546244637866431,0.473911123397103,7.14153861715852e-05,0.519457843854902,2.04678222669795e-07,6
"19914",0.408324897161343,0.00326022816421511,0.000842741740210328,0.185909406610859,0.399704006869377,3.20042118296614e-05,0.00192671524216644,1
"19916",0.000544343780992937,0.157227319916441,0.000366419210242426,8.95439252752778e-05,0.600297350542797,0.241441468637528,3.35539867234907e-05,5
"19918",5.34803901476411e-05,1.57671422434862e-06,0.101885330023025,0.888707982587703,0.00730894550315184,0.00204256676732938,1.1801441846958e-07,4
"19920",8.24251203853208e-05,2.23923194825684e-07,0.895613744947693,0.10418479568872,9.18854923956198e-05,2.68717274248764e-05,5.31001862772657e-08,3
"19922",5.84630674599107e-05,0.000348390916487424,8.24584689816328e-06,0.118069588748516,0.0331950159579207,2.70404719935461e-06,0.848317591415518,7
"19924",0.00817454772965948,0.000112360720402761,0.0435425561757768,0.846897499365698,0.101107302627696,0.000158808766113977,6.92461465261349e-06,4
"19926",0.583394498362508,0.00538357738022956,2.62353410370046e-07,0.0254689634793102,0.379773282242391,0.00252158917303345,0.0034578270091182,1
"19928",6.71658689001239e-08,1.29393226639948e-09,4.62637153851192e-07,4.17503685082531e-07,3.98419791198154e-08,0.999999009793028,1.76435302449009e-09,6
"19930",0.000146964191734065,3.63066998941546e-06,0.000137558533493985,0.986145152364054,0.0135238541785307,3.62117135526918e-05,6.62834864569825e-06,4
"19932",9.62601375801264e-05,1.30503640496779e-07,0.00109560019904352,0.998516258915229,0.000279795218240767,9.20158235779814e-06,2.75344390862562e-06,4
"19934",0.0392981095836942,0.445531081134976,0.000164857789629081,0.0170880012956168,0.496346078331601,5.34920600936022e-07,0.00157133694388215,5
"19936",0.0681503134307009,0.000258586945905336,0.000192502931623661,0.89142030110655,0.0396197134985334,1.55631516077562e-05,0.000343018935078902,4
"19938",0.128210754792008,0.719209971825222,5.09204578075362e-05,6.27123562354867e-05,0.151327066581476,5.65762897500775e-06,0.00113291635827552,2
"19940",0.000158327492881423,0.000195359864162019,0.000197638420739722,0.189326661425938,0.802942224509595,0.00717759405254823,2.19423413611247e-06,5
"19942",8.53555050753154e-06,3.69714637764404e-08,1.67591047981854e-07,4.85537529887413e-06,6.43855892528684e-07,0.99998575991174,7.4404975028611e-10,6
"19944",0.00328918574244876,0.00388176715176075,6.95621586356227e-06,0.0186751997460931,0.974004845503428,0.000134185168564817,7.86047184104611e-06,5
"19946",0.00569794335517411,0.00113812433194607,0.0181237880541716,0.357664921962895,0.617279782645996,6.44949554427195e-05,3.09446943741196e-05,5
"19948",1.01265664981391e-07,1.30174573059562e-08,6.65375775827003e-07,2.04575754864324e-05,2.33792182093692e-06,0.999976424571945,2.71848934434184e-10,6
"19950",6.142550972891e-07,8.77573826398083e-09,0.998734383194152,0.0012634303799101,1.03722483581952e-06,4.65367226788731e-07,6.08030394088355e-08,3
"19952",1.01265664981391e-07,1.30174573059562e-08,6.65375775827003e-07,2.04575754864324e-05,2.33792182093692e-06,0.999976424571945,2.71848934434184e-10,6
"19954",7.45721071450112e-05,4.86118518636724e-07,0.000593044350033315,0.996789187850374,0.00250465067319492,3.64869247435541e-05,1.57197599058422e-06,4
"19956",0.144948299644371,3.12505313246375e-07,0.630627841433733,0.214292933255743,1.04334666963592e-05,0.0100775902987979,4.25893953457246e-05,3
"19958",2.99795414881411e-07,3.27573143245345e-06,0.000180723708575588,0.000614579030521968,7.41184487768591e-05,3.06846691992573e-07,0.999126696438586,7
"19962",0.0195631310503522,0.0192775225930642,0.26366122945592,0.476511301773819,0.218911124627063,0.000248210985269496,0.00182747951451212,4
"19964",9.33584103227061e-05,0.000167448161036157,0.00792783710645806,0.318065865864955,0.662796978205514,0.0109387116270363,9.80062467729004e-06,5
"19966",0.0369355299573683,0.681314541746352,3.19882185403284e-08,2.82479825729069e-05,0.277943743844262,0.00375076575493178,2.71387262947984e-05,2
"19969",0.00583373685281352,5.3815882189382e-06,8.5623730277448e-05,0.984142070710643,0.00330508076050917,0.00662710461828527,1.00173925305625e-06,4
"19972",0.000121167895496721,2.18539693027371e-06,0.0765844966410623,0.727251878280363,0.0314775541196476,0.164561089572808,1.62809369291967e-06,4
"19974",3.18013863913653e-06,2.78504708143737e-09,0.853864071314081,0.100415476424399,1.36141242367211e-05,0.0457036470259642,8.18763268765731e-09,3
"19976",0.00407742627006365,0.000132281898295751,0.0637181962007159,0.677488402156278,0.254353203762189,0.000219929523499106,1.05601889583934e-05,4
"19978",0.000180499704450818,0.0033953458353554,8.98021905933065e-05,0.0188939981266215,0.97732315818877,0.000116558261013849,6.37693195279015e-07,5
"19980",3.30163418227244e-05,4.29657277111392e-08,0.171767725418511,0.828074456768344,9.19177079894725e-05,3.2231143239655e-05,6.09654365398369e-07,4
"19982",0.00102679917296837,5.76073814533572e-06,0.871381267571328,0.127350968960476,0.000214153225345458,1.02232004014427e-05,1.08271313349172e-05,3
"19984",1.25206700523541e-06,4.43353945788942e-07,0.999800922700815,0.000186758837997572,7.78936964787004e-06,2.80672608027181e-06,2.69445084078343e-08,3
"19986",0.00373169337547572,0.930438938204865,1.94170403582e-09,1.95923624457053e-07,0.0657483014893198,1.53750427226233e-07,8.07153145840073e-05,2
"19988",0.000149590662694259,0.993666578778195,3.729884683891e-10,4.22512174912446e-09,0.00614065796632029,1.80819223316455e-09,4.31661864881276e-05,2
"19992",0.00349174161703864,0.991717214985514,3.89944048836551e-08,1.18824425842117e-07,0.00475570560174638,1.24807323921628e-09,3.51787287965213e-05,2
"19994",0.00063551991659923,5.22923759021438e-06,3.21111014486171e-05,0.982767660915888,0.016509625613786,2.45368233817184e-05,2.53163913062657e-05,4
"19996",0.000246984342592404,0.950836608037092,5.8269611054111e-08,6.1978520990765e-07,0.0489038057572112,2.50085143018089e-09,1.19213074320296e-05,2
"19998",0.544218793653223,0.00290094233022799,0.0061163909878373,0.0964508056568158,0.0162235914450995,0.334061674872792,2.78010540049946e-05,1
"20000",0.239146968953094,1.84476461403737e-06,0.000300373402865379,0.749968153992266,9.74926070911417e-05,0.00220514543218969,0.00828002084787942,4
"20003",0.0104563087013664,8.39679222761304e-05,1.89560761603008e-06,0.928836328766088,0.0600501907363846,0.000428241335860843,0.000143066930408639,4
"20005",2.74328477562637e-05,1.22073683859953e-08,0.0284620196211326,0.969755247608575,0.00015103772270393,0.00160416741217952,8.25802842565901e-08,4
"20007",0.271966968166363,0.0203397941864272,0.000569296166910492,0.0582744642589603,0.648072601026486,7.21402997019827e-06,0.000769662164882554,5
"20009",0.00106971218686945,0.54528215872744,0.000356401180454998,0.00013850147391423,0.45246651017257,0.000249669532434784,0.000437046726317228,2
"20011",0.00123383711794393,2.72496416050459e-05,0.0122742753688734,0.80888419065436,0.147182101947645,0.0303929197228892,5.42554668276332e-06,4
"20013",0.0174779473547047,7.87943009836319e-06,0.121681662385373,0.858363270739762,0.00245106946611914,1.09821389948653e-05,7.18848494789136e-06,4
"20016",0.00335683317410308,0.891691091324619,6.25446875626435e-06,1.32106639267564e-06,0.102828216120882,3.59481114499031e-07,0.00211592436413245,2
"20018",1.09991311473135e-05,0.0832496687644522,7.2175427673694e-10,1.31706617349564e-09,4.65713426634972e-05,5.18817950532646e-09,0.916692753534737,7
"20021",0.000344698687589893,0.0730341554749739,4.73406788042512e-08,0.00188988708524673,0.924584426039299,2.30884200252316e-06,0.000144476530209569,5
"20023",0.0389877909893571,0.0428471179509055,5.61576370014513e-05,0.0118421281139932,0.905811775344982,6.15196042966103e-06,0.000448878003330854,5
"20025",0.000356497025966351,0.684157912828006,3.46655274490064e-08,2.37336547695995e-06,0.025413941151786,3.18977403242636e-07,0.290068921985834,2
"20027",0.0171392569032893,1.04861881483167e-06,1.81993966192298e-05,0.689255285185494,0.00138384854304633,0.292201072504782,1.28884795421531e-06,4
"20029",0.000591035597978835,1.88635002106732e-07,0.0102712884310891,0.980942774796724,0.00025947813824035,0.00793520034781724,3.40531483000937e-08,4
"20032",0.000499227039108228,6.04160291558083e-07,1.21473466838036e-05,0.993775734732798,0.00179859466459573,0.00390988396740894,3.80808911394347e-06,4
"20034",3.69760151500452e-07,4.39013054435619e-08,1.58483635163071e-07,8.90588699056054e-05,2.63148689013812e-05,0.999884051268882,2.84721941694821e-09,6
"20036",0.965894071734155,0.000486932863761639,0.0133111793225767,0.0199083523853361,0.000262129280075637,0.000119051580068025,1.82828340269554e-05,1
"20038",0.166539121674748,0.722539620749214,1.77887315976914e-09,4.53783070976767e-05,0.108283597801912,1.0692012953611e-07,0.00259217276802663,2
"20040",4.81401724852503e-05,0.759404869554092,3.2686033769441e-06,5.62266219306614e-07,0.230369430637247,8.53852814039421e-05,0.0100883434851757,2
"20043",0.00620103584104977,0.894152790044049,3.73957950912936e-07,0.000636172142387333,0.0987413092073785,3.75714146543375e-08,0.000268281235770013,2
"20045",1.68216365334366e-05,0.993780773927333,1.79812325783641e-08,6.43988138474998e-09,0.00543613647080172,1.75460391998627e-10,0.000766243368757593,2
"20048",1.0310319079851e-07,8.58305770145708e-09,0.9999779984033,2.14650002405665e-05,1.28985779763902e-07,2.66062968581667e-07,2.98614629111718e-08,3
"20051",0.111789027696516,0.128894393778808,0.0167098201116013,0.598354882228714,0.12933229496512,6.74413930173338e-07,0.0149189068053109,4
"20053",0.000868293880971089,0.0255928483413911,7.2318676787823e-05,0.000996522906597502,0.972438636140642,1.67570101054118e-05,1.46230435047736e-05,5
"20055",0.880594423927429,0.0511792997132469,1.05188332479845e-08,0.00299709596234688,0.0466229588483731,6.48313340608031e-06,0.0185997278963654,1
"20057",9.81251136385274e-07,4.04884320556961e-08,0.000325122798568532,3.42011080394696e-05,1.30133756065381e-07,1.36970585440157e-05,0.999625827161524,7
"20059",0.000514889848494785,0.0175151459334452,5.63703958338108e-06,0.000679479063706179,0.980581030399726,6.15202601264302e-05,0.000642297454918386,5
"20061",0.00257299296428386,0.00811998827152241,2.90614798375684e-05,0.00685825336246416,0.982323148589793,4.59886679336182e-05,5.05666641654535e-05,5
"20063",0.000209791782040475,0.0191064020407857,0.979919965410838,5.08641271668719e-06,0.000172116161201877,0.0004989104899199,8.77277024976125e-05,3
"20065",0.000458251893137411,0.236108610091014,3.67908057375066e-11,4.81026009228225e-07,0.00357022329217714,1.02768253129885e-09,0.759862432633189,7
"20067",0.00120402936115847,0.889755224717769,0.000211947563310467,3.94531905186719e-05,0.102902638821688,2.29504490758845e-09,0.00588670405051005,2
"20069",5.74534552742729e-05,1.04643982815817e-07,0.444888796822529,0.554945992025112,9.47559568130433e-05,1.17525168072992e-05,1.14457948219451e-06,4
"20071",0.995673104275586,0.000224520841262434,1.4313611892349e-05,0.000881406011202492,0.00236734525580756,0.000825595800813558,1.37142034358588e-05,1
"20073",3.64871760226574e-06,7.62072675520963e-06,0.912871380880401,0.0813193743151033,0.00544700769089562,0.000350545261237648,4.22408005041435e-07,3
"20075",0.000506291892575337,1.41290489542303e-06,3.09938604589168e-07,5.62928544538451e-05,3.67063291548144e-07,1.62026416008899e-08,0.999435309143538,7
"20077",0.669892698819631,0.199864548977663,0.000303878697615298,0.00150988149729433,0.128414984112053,2.78911487182016e-06,1.1218780872339e-05,1
"20079",0.00805071743956137,0.0991287840566314,0.851380068640084,0.0309500472252695,0.010058413328588,1.505583857217e-05,0.000416913471293562,3
"20081",0.0538999271693473,0.406751721434778,6.83253652482549e-06,0.00198383693335497,0.368510606182094,1.58428002599672e-08,0.1688470599011,2
"20083",0.150671062744073,0.000926068233246042,0.843568477537001,0.00325131979944614,0.000153622921197047,0.00131169321536208,0.000117755549674905,3
"20085",0.000188177308944843,0.9968471563093,6.287252753405e-11,7.04477023822471e-09,0.00279027916611133,4.02719612914436e-10,0.000174379705281359,2
"20088",0.00325466972502474,0.85259632497428,8.69110215184135e-08,6.0789478541523e-05,0.143673808134604,1.29337985695573e-08,0.000414307842729768,2
"20091",0.000106990057067781,0.000177006787343959,9.01720824179035e-07,8.38043299506832e-06,0.00034431090724566,3.30593693418276e-10,0.99936240976393,7
"20095",0.000606864552696487,0.00207321765513044,0.797688521003918,0.00334143252463278,0.162819554359974,0.033358011381773,0.000112398521875252,3
"20097",0.000640129546454172,0.996537958148006,8.59194990685915e-11,1.34046184636544e-08,0.00209422017290236,1.70704895481681e-10,0.000727678471394399,2
"20099",7.15498642188576e-05,0.0834096333871543,0.00225290053721864,0.000327978087810625,0.844911052320698,0.0690263219253885,5.6387751077333e-07,5
"20102",0.000107767052436692,0.000115816239633466,0.950083685675538,0.000555666666678966,0.000429153320601818,1.633971338672e-07,0.0487077476479773,3
"20105",0.000870472833185207,0.70062622118481,0.000559886004852764,0.00160243615651576,0.296182359999435,1.55953598296834e-07,0.000158467867603305,2
"20107",0.0708236370374534,0.475385764725178,4.56436417662145e-07,6.6503781269217e-05,0.453677106763997,5.59333040165103e-07,4.59719226448078e-05,2
"20109",7.34036674906062e-06,0.0293594965809764,0.132980411059343,0.00484256298181355,0.832484401726489,0.000321801429485106,3.9858551435287e-06,5
"20111",4.20671828971326e-05,1.198285071137e-06,0.00519744842671611,0.316891607383917,0.000275317626701775,1.75691034787455e-05,0.677574791991219,7
"20113",0.783830787874133,0.0417273344804018,2.32651316704501e-07,0.000721744172859154,0.170910505917231,0.0027947942341612,1.46006698969307e-05,1
"20115",2.10290747002285e-05,2.68077581807954e-07,0.0002503831538373,0.994039349872591,0.00210350125670699,0.00336045515485904,0.000225013409723503,4
"20117",0.0164741437520016,0.0284449642647,2.84091381709974e-06,0.000251607789121408,0.0569211818092566,0.304987696134593,0.592917565336511,7
"20119",0.0475039419912432,0.723546745640117,1.45193022377397e-08,3.20536783268391e-05,0.211972435326616,0.0169349951445075,9.81369988752791e-06,2
"20121",0.040070967003971,0.793126778817573,1.1448898629522e-08,5.49163567616091e-06,0.166678823870952,2.28479880011035e-07,0.000117698743048532,2
"20123",0.000561169871548197,0.000518831239032946,3.11431748602317e-09,2.30494621787952e-06,4.59689888300793e-05,9.5107583461532e-10,0.998871720888978,7
"20125",0.00117585336264459,9.71963629666884e-07,0.0904789741515066,0.907431103548066,0.000898584350965086,6.64664577852371e-06,7.8659774097969e-06,4
"20127",1.70642040498738e-05,0.992209889290498,2.99435576282501e-07,2.28611446123261e-07,0.00775053215017273,4.68080795723426e-09,2.19816274492661e-05,2
"20140",0.990811182332479,0.00131252634081336,1.99367253425624e-08,0.00072725063792098,0.00255773628915831,1.30747347626696e-05,0.0045782097281399,1
"20142",6.27390763719698e-06,1.44593665458706e-08,0.995998150963723,0.00399263694501738,1.89072700515492e-06,8.85063072833664e-07,1.47934177914367e-07,3
"20144",0.0234199859663274,8.0094980151312e-07,0.00612866543143025,0.965415831922435,0.000337059607969438,3.55875280840314e-05,0.0046620685939523,4
"20146",0.384925787909988,0.000287612058417564,0.365889896835125,0.246496417404964,0.00168374337149722,2.46458201036333e-05,0.000691896599904802,1
"20148",0.0401058508616942,0.000240876771165238,0.000185183540570299,0.945915596748401,0.0135040952857625,9.93691972014258e-06,3.84598726865658e-05,4
"20150",9.64021383296632e-06,6.53034840378222e-09,0.376229244677557,0.621079556845207,3.25664127925652e-05,0.00264893584267199,4.94775898967773e-08,4
"20152",0.043207676482809,0.00110931649241991,0.000142612508151943,0.866759427385809,0.0886559375765399,5.35702570756524e-05,7.14592971946395e-05,4
"20154",0.00022095946486112,0.103061826046834,4.10881471021756e-06,1.619448128364e-06,0.000356266383870447,8.22038732810088e-11,0.896355219759392,7
"20156",0.525694899212305,0.020506809235534,0.0388996623550631,0.0139059291946051,0.397674947360686,4.64034088576809e-05,0.00327134923294823,1
"20159",0.000155045976714317,1.20285059789985e-07,0.565524871278211,0.434234693200612,7.60844967323298e-05,7.01589584004403e-06,2.16886683053908e-06,3
"20161",0.00141719055690085,2.38899130247693e-05,0.995087767697839,0.00327101259622142,0.000134765505611172,5.6811416862401e-05,8.56231354007056e-06,3
"20163",0.00147933821637377,0.00188914918923554,3.44048817818432e-06,0.877029937413596,0.118142564344722,0.000574236321061368,0.000881334026833121,4
"20165",3.98616869644449e-06,0.00145482048900359,0.996468573709518,0.000222937745578178,0.00184435624159674,4.76350789815028e-07,4.84929481743262e-06,3
"20167",0.000558553315206581,5.57493671095423e-05,0.00771992601859107,0.973408584081857,0.0182472389054215,7.40459632383437e-06,2.54371549035141e-06,4
"20169",4.15899772614535e-07,6.85222369365396e-09,0.999885921514153,0.000113089559051872,2.2735308658324e-07,3.01785204030015e-07,3.70365078768659e-08,3
"20171",0.000180421041469854,0.0472164854142245,5.74445166813625e-06,7.58904965381607e-08,4.69238008319468e-05,5.21725907822995e-11,0.952550349349136,7
"20173",2.48765793588817e-05,0.0130502421225546,0.213203854773198,0.000358462980229421,0.0248564119560945,0.748502392662145,3.75892642013037e-06,6
"20175",0.00323595024623,7.1272595881364e-06,0.00910387218002128,0.959354670777136,0.0280623147898353,0.000226731548323894,9.33319886556652e-06,4
"20177",0.00064636062627451,0.0512645309683011,0.000102644063848673,0.000704530431147064,0.598415735659059,0.348864403593249,1.79465812097193e-06,5
"20180",0.00333496989196162,0.838693386985539,3.96671130806054e-11,3.75933510473197e-06,0.156885221734659,1.89427502650317e-06,0.00108076773804118,2
"20182",6.50470057394989e-08,6.62466337368788e-10,0.996266993068088,0.000191431385251711,4.64775076350405e-08,0.00352834425316707,1.31191065133667e-05,3
"20184",0.000183165900379745,1.21996528258777e-06,0.974591254212389,0.025017027201278,0.000202910615004515,3.96201613858028e-06,4.60089527899908e-07,3
"20187",0.00465262644882452,0.000153146581867584,0.000972622554938282,0.000538179430107781,0.00506160792538974,0.988621738388528,7.86703439546109e-08,6
"20189",0.000140317440540378,0.0126828765983165,1.59317605943845e-06,0.00507199165343632,0.979807199480041,0.00229534831861021,6.73332996476291e-07,5
"20192",0.0001616487858051,0.279471184763875,2.18762847341273e-06,0.00142139135027238,0.52715381511874,0.014166638622318,0.177623133730516,5
"20194",0.145467715545389,5.41445599401543e-06,0.669003140611152,0.0475865756733343,3.16251769586371e-05,0.137905208530587,3.20006585871376e-07,3
"20196",0.000961849939519825,0.903131459200856,6.11842622267131e-08,6.77003097430203e-06,0.0198612001455362,9.98625704087934e-09,0.0760386495125943,2
"20198",0.178039924829868,0.014681427411593,0.000614782628933086,0.310852763026413,0.492607201891375,0.000232731478766376,0.00297116873305127,5
"20204",1.83413354179214e-05,1.176932078939e-07,0.414313126304496,0.585477570906411,0.000172669476281024,1.37561794014747e-05,4.4181047853983e-06,4
"20207",0.00853746464032877,0.944008836707692,1.82693525722836e-05,1.67623054845593e-05,0.0193672239018446,8.98254692692986e-10,0.0280514421938228,2
"20209",0.034545660563239,7.11932546299647e-06,2.88782908087166e-06,0.838520624996209,0.00326755866809407,0.0520598693842321,0.0715962792336818,4
"20211",0.00117452328005151,0.000468808252962416,3.39446963455906e-08,6.52906762285113e-06,3.34346364030046e-05,1.84676439317571e-11,0.998316670799796,7
"20215",0.767429774074659,0.220572652240522,8.02813613294804e-06,0.00084998028004891,0.0110930548233324,7.07084587858291e-07,4.58033607159941e-05,1
"20218",3.26069154784917e-06,2.04314810213885e-08,0.982702701264048,0.0172861957695504,6.40369526738899e-06,1.21669966104793e-06,2.0144844487634e-07,3
"20222",0.0156390874910671,0.940145018764777,4.24885890362546e-05,0.00137707815370188,0.0222344920676663,9.35504700528449e-09,0.0205618255787045,2
"20225",0.0405689796121117,4.36156816592044e-06,0.0195725009349772,0.939359123915386,0.000130896912957071,0.000196145398278401,0.000167991658123717,4
"20229",0.998349063003884,3.17854667785997e-05,5.08569865955532e-06,0.0013815836441243,2.95541516521728e-05,5.17053907458204e-06,0.000197757495827269,1
"20232",0.610476081884003,0.0264098959364603,6.1521521444704e-06,0.00795313717075166,0.351173008365892,6.58072292200418e-06,0.0039751437678265,1
"20234",4.87883432241472e-06,0.973236112340794,1.06347563749266e-10,6.77382584376779e-09,0.00519948610484849,1.15262052127666e-07,0.0215594005778098,2
"20238",0.0093066253677498,0.470941052565894,9.56078513685532e-06,5.69644129016795e-05,0.518938440062132,3.52054800176258e-07,0.000747004751385547,5
"20253",0.259937359571205,0.736029952829705,3.0150259691464e-07,4.6375791135814e-06,0.00399968538546388,1.34024099798553e-07,2.79291078165362e-05,2
"20255",0.00274842158071048,1.97260423841648e-06,0.000165798963849651,0.995551154411684,0.00131663716374016,1.41488245793411e-06,0.000214600393319133,4
"20258",4.14503303410964e-05,0.579572419845076,2.56223255160158e-08,2.00622216296241e-05,0.420341487185823,4.17539219768332e-07,2.41372555851119e-05,2
"20269",9.87545271842997e-06,0.038266274247985,0.0168465614122675,0.00521937007269914,0.939627554668007,8.32375353398454e-06,2.20403927886524e-05,5
"20271",0.000116453999977301,0.335366795876049,8.57254766894842e-08,5.47043686668341e-05,0.658138612237466,0.00631837929972085,4.96849264307266e-06,5
"20285",0.0112888324941772,0.000216273962350383,0.000758175781396411,0.0186477338453138,0.00338329174932144,0.965703706425715,1.98574172551688e-06,6
"20288",0.798215533930562,0.111101380481697,3.24380741656055e-05,0.00161592083445247,0.0888055077683774,1.21007341801983e-06,0.000228008837327109,1
"20291",0.00359532740644279,0.248733324902692,1.94570900684197e-06,2.22274341690977e-05,0.412172514827055,1.35048916776024e-07,0.335474524671717,5
"20295",5.15685594189342e-06,0.0144926920994091,0.00354796946154793,0.00997688306521759,0.937921035296074,0.0340260938448409,3.01693769686595e-05,5
"20298",0.000301812085967265,7.23848690774038e-08,0.00185391478014308,0.997663557085078,0.000147936804455017,3.18793556984359e-05,8.27503789536799e-07,4
"20302",5.26793300476638e-05,8.69981625419976e-06,0.657018184824417,0.33399358908207,0.00715641034868782,0.00176792327138094,2.5133271417057e-06,3
"20305",6.94873859139308e-05,4.09560800196639e-08,0.000227233833645282,0.99866869411592,0.000163148826872109,0.000871081674944114,3.13206624639975e-07,4
"20307",0.00068536073320173,0.866161571348918,1.59014032502545e-08,1.349191392422e-06,0.133007092601742,3.24424313090426e-09,0.000144606979099299,2
"20310",1.32740033737796e-05,0.997183512514082,1.79164852283032e-09,3.91936981426298e-09,0.00270119227017136,1.43389504585564e-08,0.000102001162404643,2
"20313",1.07364955273866e-07,8.41233682299673e-10,0.999464702349084,0.000523271020107166,2.16010497122711e-07,1.16990350227471e-05,3.37910002719458e-09,3
"20315",0.0100916537614219,0.544295024361144,3.05481344934838e-07,9.81101997857677e-05,0.445470947910077,6.58106837916766e-06,3.73772178471189e-05,2
"20319",0.0088175317706136,0.766420699061133,3.46419406040508e-08,1.35612141932854e-05,0.00264852539723918,1.811733160905e-08,0.222099629797549,2
"20321",0.00192887659684895,0.978414338090328,2.25374368975942e-06,3.49018078102213e-06,0.0196453087506919,1.3964983360324e-07,5.59298782682e-06,2
"20327",1.83047949135247e-05,0.379647506508464,7.83815679448803e-08,4.16082715626211e-06,0.620318105475626,9.19594835976585e-06,2.64806391287084e-06,5
"20329",3.13077103531711e-06,5.10290343563508e-09,2.81316314795225e-05,5.13325386926923e-05,1.51067242888722e-06,0.999915889182888,1.00571722540066e-10,6
"20335",0.000167924168583384,0.931443755981748,3.88881583008394e-07,6.99062251263901e-07,0.0236192246173095,9.14387242599653e-11,0.044768007197086,2
"20337",6.86324539759528e-05,1.51118681846266e-07,0.175932955335339,0.823820031442615,0.000168799289108397,6.86717435089057e-06,2.56318592919621e-06,4
"20339",0.407733578946384,0.00199201834300386,1.22831559506176e-06,0.00251077368358444,0.000449729034914349,0.000155122254237817,0.58715754942228,7
"20341",0.00174420000852371,0.0170679163281554,0.000409182593424271,4.07126753479098e-06,0.00153933483323651,2.40043278185285e-09,0.979235292568693,7
"20343",9.93372782921317e-05,0.99388228497111,1.6366802200938e-05,3.56922211050373e-07,0.0051378281758895,6.35988247571175e-09,0.000863819490413772,2
"20345",0.014204769315397,3.68056654548373e-05,3.96171748213904e-06,0.916728980196278,0.0499072620664314,0.0190976042710355,2.06167679211854e-05,4
"20350",0.986095935404174,0.00664701542235832,0.000977844918292953,0.00128038790150965,0.00119739315628548,0.000150698470262091,0.00365072472711714,1
"20352",1.55846308020308e-07,4.0701074701944e-08,0.999730696270411,0.000267577918168709,1.24122275684199e-06,2.39123920902443e-07,4.89173598495133e-08,3
"20355",0.000402873442674695,0.000105904579298387,0.985528771983799,0.0113015228939632,0.00254396447218184,5.79178175863944e-05,5.90448104969208e-05,3
"20358",2.42978515526666e-05,1.67644649533907e-07,0.00684241662489852,0.0215769083501012,1.44910425538281e-05,0.971541713572462,4.91378234114496e-09,6
"20363",0.00354269399295173,0.93571246858501,2.76417827128397e-06,3.08218519367075e-05,0.0607008786907855,5.9074179161597e-08,1.03136268656724e-05,2
"20365",0.097692691604093,0.105478971161623,9.83245496618178e-07,0.0103956233154309,0.155330044992638,1.03885466272183e-07,0.631101581795252,7
"20379",0.000366549074089904,8.62085971713917e-07,0.000685555357555439,0.989946302973943,0.00830657496863685,0.000177717594791545,0.000516437945011593,4
"20387",0.000194640801414058,0.43077297544043,1.24580948996783e-07,9.88479247780721e-05,0.567926828627432,1.92360206645319e-08,0.00100656338897568,5
"20392",0.000125360251461134,0.00150385190915332,1.77616622223695e-09,1.84063367317788e-06,6.90321706724325e-05,2.03135273889405e-11,0.99829991323856,7
"20395",0.402875508995774,0.000361788868489286,0.000836193399972094,0.56461071470358,0.0312180028190492,1.7524994794465e-05,8.02662183408403e-05,4
"20397",6.87249027831949e-08,7.1799639693376e-10,0.00180236713363752,1.68033936260122e-05,8.57898926793553e-08,0.998180673822392,4.17553067088348e-10,6
"20410",0.000674747474273849,0.0691158118584544,5.15219593564063e-09,0.00115378845385561,0.928827667843342,6.06784921920887e-05,0.000167300725686628,5
"20414",1.75216239265582e-05,1.02954468298341e-05,0.203435221968505,0.792387305186956,0.00409970527922164,4.73943015540579e-05,2.55619300679728e-06,4
"20417",7.68698138402951e-05,0.727710081541554,1.45462772200417e-09,4.12858433031128e-09,9.9600930017041e-05,6.72340362098454e-06,0.272106718727755,2
"20419",9.20871116550123e-05,0.862164917912746,4.51280139198224e-07,1.71115618928823e-06,0.137736426861917,4.1937467543146e-06,2.11930599332478e-07,2
"20421",0.000620340515250307,3.80950166197587e-05,0.78985128148902,0.17665563659334,0.0176887118239323,3.23729519816435e-06,0.0151426972666388,3
"20423",0.000140985830874396,1.05413151448036e-06,0.348061114240005,0.650004044834628,0.00173105910902252,4.11989167159891e-06,5.76219622834462e-05,4
"20425",0.0253628383976989,1.92677245806812e-05,0.678878253491562,0.295397598878544,0.000236111783374579,1.16454627051393e-06,0.0001047651779694,3
"20427",0.00673830954853694,0.000955142790789896,0.00019412215537993,0.748499373756665,0.243568969325793,3.11185807693402e-05,1.29638420666055e-05,4
"20429",0.0189524950467396,0.772000536082011,0.000223713681940399,1.40655431658007e-05,0.207213889613506,5.56594657940858e-05,0.00153964056684306,2
"20432",9.02226612231989e-06,4.32944278436083e-07,0.757998849473034,0.241456362869151,0.000142136893222432,0.000393103593815348,9.19603761344317e-08,3
"20435",0.0695077875066843,0.0356076047405499,2.84384477494167e-06,0.028444081675154,0.857136692913786,4.16727414051154e-05,0.00925931657764583,5
"20438",0.0278955639220595,0.92795799959924,0.000209005444355278,2.94030663117115e-05,0.043891547815071,1.50898903046154e-05,1.39026265761879e-06,2
"20440",1.5430338255376e-05,0.493343711119512,8.64037247830518e-06,1.89248023051737e-05,0.506599822289075,4.67443100797905e-06,8.79664736688053e-06,5
"20443",0.000569708444109662,4.94252697521741e-06,0.999085382698119,0.000290344411191586,4.4617393489739e-05,1.41473672298043e-06,3.5897893917571e-06,3
"20446",0.00758482030462207,0.0928084641081968,0.00338312057100086,0.327885586014595,0.566162242971103,0.00126664899195969,0.000909117038521936,5
"20449",0.79423589994238,0.0176130392809837,3.74849117881044e-06,0.0114897889715038,0.175054785437904,1.38464671809179e-05,0.00158889140886801,1
"20537",0.000395431945040287,0.100491955964738,9.6718625461477e-05,0.00132360924147556,0.56566905898532,3.27882980464872e-07,0.332022897354985,5
"20540",4.0654402576773e-06,0.0013726948676676,7.09092346679717e-10,4.30661222826036e-07,0.00077842714814785,4.2464573318459e-10,0.997844380748966,7
"20543",0.000877933487862731,0.00128218594453317,0.00121184218536714,0.187382597452865,0.809032068323274,7.97645625310784e-06,0.000205396149844654,5
"20545",2.57468020456342e-05,0.000366227644551542,8.463576919733e-08,4.16703840841897e-06,3.38717209608028e-05,7.7083648906169e-12,0.999569902150556,7
"20549",0.00238734031386841,0.000854973654426735,0.0139487073950912,0.678365002379819,0.300936019383677,5.87347266295387e-07,0.00350736952585216,4
"20551",0.068661165978881,0.196445079172769,0.00010839308486535,0.0055521592582498,0.728485333645565,6.9815243224798e-08,0.000747799044425949,5
"20554",1.56728383011393e-05,0.0451685995573775,1.94393443900826e-06,0.000382762167486411,0.954408113667773,7.50449727724187e-07,2.21573848955723e-05,5
"20556",0.960688443032839,0.00266795580595888,0.00012017986744864,0.0251599737537643,0.00537766110769486,8.36862412824867e-08,0.00598570274605337,1
"20558",0.000196956525449125,0.86997563099816,9.07111572324268e-08,5.27332145893548e-06,0.129777180943295,5.84093490832460e-09,4.48616595441095e-05,2
"20560",0.010242170771384,0.40081241549526,0.00532221673941906,0.00662237678975149,0.576971852830448,4.87348086281784e-07,2.84800256512413e-05,5
"20563",7.40659717327108e-06,0.969689321031935,1.40142004051385e-07,2.74114766979915e-07,0.0302692975025674,1.21715811933649e-08,3.35484399716508e-05,2
"20565",0.172101943570975,0.609999503343662,0.0301727958892583,0.0516450889087552,0.135723203242437,2.56057419431813e-06,0.000354904470719024,2
"20567",0.000282292268298763,4.43897475037117e-07,0.92160064592915,0.0777933858594272,0.000196791775868067,0.000126109010837235,3.31258942983036e-07,3
"20571",0.895693616505621,0.103925885504683,7.54571308790648e-07,3.06782442727663e-06,0.000245787900354046,7.76017538647152e-06,0.000123127518219722,1
"20573",0.0928586567875539,0.0606012630443195,0.000368037932944426,0.00566340276591144,0.839084486829969,4.12724590593986e-07,0.00142373991471139,5
"20575",0.000141516090005732,0.856321234106787,5.42763555667151e-08,1.10165876738137e-06,0.143508916110077,3.40579177975944e-07,2.68371788291046e-05,2
"20577",0.792713092886081,0.00223728758451123,2.36908306545187e-05,0.160427667953911,0.0442305066365563,9.8728798553288e-05,0.000269025309732899,1
"20579",3.03652549459796e-06,9.41856784858901e-09,0.831273091498016,0.000782447769411892,4.28736819212991e-06,0.167937125308098,2.11221909085778e-09,3
"20582",6.10856324038429e-05,0.991346139523264,3.67389438643378e-09,1.7967048760296e-07,0.00858538290521654,4.79921143990859e-09,7.20379552204529e-06,2
"20585",0.0222782362583718,0.0306514593169987,5.39868268342313e-07,0.00422087972459097,0.012582407532655,5.18061417046365e-09,0.930266472118501,7
"20588",0.0514130004185598,0.000467934851092026,9.33305042363098e-05,0.00186906319782718,0.00334010390976339,3.41441470851304e-07,0.94281622567705,7
"20590",1.24407655622957e-06,1.59034262824067e-09,0.994099912532732,0.00415326096131105,1.67500484814403e-06,0.00174390454358188,1.29062781392292e-09,3
"20592",0.00012247575080777,0.987302433482663,2.06540639731063e-07,7.81691993003391e-08,0.0125696306063541,2.13537383617203e-09,5.17331496159966e-06,2
"20594",4.74517210330403e-05,0.967439038664108,8.05997008668213e-10,6.36828843125807e-07,0.0324634566738951,7.25720810856637e-08,4.93427340424055e-05,2
"20596",0.000435911519328489,0.0460894803825313,0.000130959020868895,0.000846857332829457,0.952082053382607,0.000414223264069668,5.15097765236991e-07,5
"20598",0.00201777606087918,0.149446567215851,2.58474487521787e-06,0.00219828952448188,0.846301774508718,8.86782534457863e-07,3.21211626592863e-05,5
"20600",0.697849551208696,0.00260625489573978,0.000509617028500261,0.0291202205925168,0.0189851844474113,6.43297170423024e-08,0.250929107497419,1
"20603",0.0106406414695197,4.40902540996556e-06,0.00240468111496472,0.982955261035566,0.00239120127733132,1.04317127950103e-05,0.00159337436441352,4
"20605",0.0294823638424525,0.440940728280428,9.70640041339926e-09,3.82918714749033e-05,0.52936780186206,2.59590182819437e-06,0.000168208535356274,5
"20607",0.0431839553054422,0.525182625124996,2.95736157888677e-07,0.000218441491223873,0.431393818094109,1.82854352728294e-05,2.57881279825819e-06,2
"20609",7.14107169436051e-05,0.0641183128333681,6.79872125988649e-06,0.00275117115386849,0.933022481641162,2.42175678425284e-06,2.74031766132454e-05,5
"20611",0.000504989457237465,6.36683197343317e-08,8.04336142886569e-05,0.9928675245711,0.000230942421726277,0.00631566921057844,3.77056749709693e-07,4
"20613",0.000484294167353218,0.00445310690054973,1.48525464615585e-06,0.117075538905274,0.877059867562994,1.24741190846236e-05,0.000913233090098468,5
"20615",0.848079015695574,0.0108201474988819,0.00075677426698577,0.0958355107360737,0.0344773714004941,9.38488070901316e-08,0.0100310865531836,1
"20617",8.74280665205783e-07,8.57522438858107e-09,0.998372653748082,0.00162480508404681,1.10989758200284e-06,4.8355129483208e-07,6.48631045522042e-08,3
"20619",0.00421934437980892,0.981436317945663,8.64523872249349e-07,4.92673588015396e-07,0.0143409783770284,9.60281001829079e-08,1.90607193891591e-06,2
