"","V1","V2","V3","V4","V5","V6","best$classification"
"19812",0.0159526013709873,0.947814981307248,0.000450938727882475,3.28159523192773e-06,0.0356789009669089,9.92960317412142e-05,2
"19814",0.00124188742928087,0.994496324856457,1.02444035031077e-05,0.00343590349823486,0.000811147062733263,4.49274979126447e-06,2
"19816",0.976665190117118,0.0148265200838889,3.9348445316753e-06,1.83394346171409e-06,0.00843603101911787,6.64899918821893e-05,1
"19818",0.0358746733418254,0.95184660476921,3.00158917859548e-05,0.0117103662174794,0.000494945213256644,4.3394566442961e-05,2
"19820",0.999817149488111,2.66886919346309e-07,3.9256670174122e-05,2.48058999868945e-09,0.000143290354180556,3.4120025083046e-08,1
"19822",0.916723016736302,7.12324761893254e-06,0.0531477403802649,4.43790389484771e-06,0.0301165865420519,1.09518986757674e-06,1
"19824",0.998066990649171,0.000599155010618148,3.91002371582016e-05,0.00114589224498182,1.02248062389428e-05,0.000138637051831836,1
"19826",0.025360352252167,0.846758856021514,7.46012569721606e-06,6.75170624613509e-05,0.115141289404993,0.0126645251331673,2
"19828",0.999097497466886,0.000506398138340568,0.000229989773550832,2.46258036664296e-06,0.000163425348739675,2.26692116743489e-07,1
"19830",0.000140176978066443,0.916546693127303,0.000264532680848868,0.000199064513420454,0.0811385670755627,0.00171096562479926,2
"19832",0.112316586684623,0.230925683476712,0.621952625616654,3.64538573338737e-06,0.0347936290907691,7.82974550908861e-06,3
"19834",0.302840640899433,0.0321234469412627,0.00413353159410541,0.000174991936895608,0.660726284524084,1.1041042190653e-06,5
"19836",0.281111710162424,0.595501487989049,0.000177801221677763,3.44699754470602e-06,0.0123230858445647,0.11088246778474,2
"19838",2.70084303168192e-05,0.998280869075228,3.64565340585735e-05,0.000736351664768072,0.000909575837852506,9.73845777598748e-06,2
"19840",0.22711460883659,0.0500813479199934,7.11989652994904e-06,8.08942473266662e-06,0.721792548361686,0.000996285560468545,5
"19842",3.74294828838922e-06,0.0481902357692184,1.01449899657835e-07,1.87058812809751e-05,0.000740659911062419,0.95104655404025,6
"19844",7.99433218678266e-06,1.86345234046236e-05,4.63401558402981e-08,0.999943934231927,4.64173358176049e-07,2.89263989678833e-05,4
"19846",5.91914797590193e-06,0.876179629796832,9.86096309204271e-08,0.117721511309696,1.42827812405686e-05,0.00607855835462462,2
"19848",8.83273184794833e-06,0.952495330680693,3.63041746725285e-07,0.0471006675822148,3.34690483453924e-05,0.000361336915152001,2
"19850",0.000128542635451566,0.717129181686284,2.35490595436327e-06,0.282475720742863,0.000184328209744145,7.98718197036786e-05,2
"19852",0.652847980582791,0.337943520577063,0.000150021343618703,0.000637047863087345,0.00840263894851325,1.87906849267551e-05,1
"19854",8.18538835982393e-06,0.994621053683648,8.68858133245358e-07,0.00519087219610146,9.00192662824033e-05,8.90006074749253e-05,2
"19856",0.000448790378376461,0.015063601973041,8.71295716441531e-06,0.983599271812641,0.000657825738875868,0.00022179713990149,4
"19858",0.0195402302478891,0.00252631655752047,0.000110175034746729,0.977658454824092,0.0001379913940834,2.68319416681296e-05,4
"19860",0.242952093232407,0.593236609199823,6.79776165789014e-05,6.90994538883656e-05,0.163631857933134,4.23625641681685e-05,2
"19862",2.74448946974857e-06,0.972956519040805,1.07510247788593e-07,0.0059973238727426,3.7841127175451e-05,0.0210054639595594,2
"19864",1.93826429222505e-05,7.44338739769388e-06,8.25451274534805e-08,2.24558529756991e-06,1.59966044937463e-06,0.999969246178806,6
"19866",0.895725892380111,0.00277451048253436,1.08424278984269e-05,1.65276639697491e-06,0.0836816967125401,0.0178054052305189,1
"19868",5.25560244788951e-06,6.97351630181507e-05,0.994477429240603,7.89510778922348e-05,0.0053682414319802,3.87484058254038e-07,3
"19870",0.000187773910955857,0.995775439675662,1.47080435132641e-06,0.00251223370908521,5.75057716961258e-05,0.00146557612824935,2
"19873",0.0210505419326952,0.974499273723101,4.87363772325507e-06,0.000932181438094325,0.00141863713797796,0.00209449213040845,2
"19875",0.965180260865135,0.00278636753904663,0.000256620339540897,1.00926862647472e-07,0.0317758560768275,7.94252587132232e-07,1
"19877",0.00229873819618404,0.990751270910485,1.3564095682885e-05,0.00254622896038308,0.00428723600311921,0.000102961834146419,2
"19879",0.25428939587292,0.712786812635627,0.000985241289857455,0.00654051644999225,0.0251871785961282,0.00021085515547452,2
"19881",0.00777215141089922,0.962002257772712,6.85252004014756e-06,0.00161880287908186,0.00449668897845395,0.0241032464388128,2
"19883",0.00255673397119342,0.695037204164429,7.74394487715773e-07,0.000100055953609379,0.00206853503808988,0.300236696478191,2
"19899",0.0283306270934193,0.0417097358341163,0.000439553228395875,6.39865701647604e-06,0.929301004014018,0.000212681173033862,5
"19908",0.00289586534533063,0.000207733061540276,0.000850499905641875,0.000242860403896664,0.983040204408077,0.0127628368755132,5
"19910",0.328248643572212,0.669175653242059,4.838093059681e-05,0.000398369235439592,0.001770564248906,0.000358388770786351,2
"19912",9.70576631364569e-06,0.378028718340081,3.09091369323721e-07,0.000934302589485032,0.00601949914750864,0.615007465065243,6
"19914",0.104300893688947,0.478102991391781,0.00243235260379855,0.00120399062240147,0.41387633001041,8.3441682662638e-05,2
"19916",0.808763567781897,0.000301480741611273,5.21582413598071e-05,0.000332295421198935,0.000647489269245863,0.189903008544687,1
"19918",0.000261647453310609,0.899510433239536,1.37818277516486e-07,0.0972566884751686,5.23306794633982e-05,0.00291876233424363,2
"19920",1.36261736304408e-05,0.104992647082798,7.55457709133421e-08,0.894851847911611,9.48394843836248e-05,4.69638018062608e-05,4
"19922",0.0106440763468369,0.242601871488847,0.746626831853044,1.67480061176217e-05,0.000101603861794691,8.86844336004967e-06,3
"19924",0.00605581568748983,0.954686083061902,6.11453914854085e-06,0.0335097158143794,0.00552038694971479,0.000221883947365136,2
"19926",0.162941521156807,0.0930297958141915,0.00569202401025913,6.80873474084306e-07,0.731849768000182,0.00648621014508644,5
"19928",4.33553941927834e-08,1.09971799157881e-06,5.15218745899038e-09,1.32021914241477e-06,1.83865886935668e-07,0.999997347689398,6
"19930",0.000455444932597151,0.999187346144398,5.60243423177756e-06,0.000159996216372999,0.000124564147348977,6.70461250517633e-05,2
"19932",1.85382438045697e-05,0.998069314767893,3.2519424942873e-06,0.00176829443797623,0.000116364135574122,2.42364722578527e-05,2
"19934",0.938159732782554,0.0288573436899715,0.0017804092337109,0.000140667504268641,0.0310608494041527,9.97385342063589e-07,1
"19936",0.00625077476619431,0.946025982570628,0.000288837691779824,0.000214984012787323,0.0471906225734863,2.87983851244058e-05,2
"19938",0.871398014179032,0.000227770003709443,0.0017587748965333,5.13475650768212e-05,0.126555036839811,9.05651583749221e-06,1
"19940",0.0717291190933212,0.900748542565693,6.34867933239207e-06,0.000568634793383511,0.00038991386868121,0.0265574409995884,2
"19942",7.71211310781208e-07,1.05928856739385e-05,2.29757214138875e-09,4.35484713903014e-07,1.60418051742819e-05,0.999972156315555,6
"19944",0.753290608713625,0.230402004226184,5.20874493837392e-05,4.30843865202544e-05,0.0149906370090354,0.00122157821525166,1
"19946",0.0837200736400311,0.886020178151064,4.60761386123402e-05,0.023062994474862,0.00698699696565487,0.000163680629775547,2
"19948",7.98885753423906e-07,4.07622887123254e-05,7.20605727421557e-10,1.52121072239169e-06,2.08597226961921e-07,0.999956708296979,6
"19950",3.38077102723e-07,0.00149978997440244,8.54356085124197e-08,0.99849793532189,9.68649680357747e-07,8.82541315882132e-07,4
"19952",7.98885753423906e-07,4.07622887123254e-05,7.20605727421557e-10,1.52121072239169e-06,2.08597226961921e-07,0.999956708296979,6
"19954",8.37915484263568e-05,0.999006775697871,1.53946812195543e-06,0.000761075743724022,7.27376043486367e-05,7.40799375078798e-05,2
"19956",4.72738134849404e-06,0.152045858782494,4.48404280440295e-05,0.708760355207402,0.127883685237901,0.0112605329628104,4
"19958",7.32705487853043e-05,0.00168380726412281,0.997843968080315,0.000396998791437019,8.99918334206325e-07,1.05539700556354e-06,3
"19962",0.157280410120307,0.59839899452978,0.00202609253821349,0.223247860537539,0.0186616967057229,0.000384945568437889,2
"19964",0.0409017523264879,0.920300637440357,1.70753147105027e-05,0.013279417416445,0.00016129202020151,0.0253398254817985,2
"19966",0.965866026600251,8.56419256262078e-05,4.41347344707902e-05,3.73157236337239e-08,0.03043301784321,0.00357114158071854,1
"19969",0.000342092291700944,0.983573323404494,1.3468726831959e-06,0.000132947218737888,0.00536906592461774,0.0105812242877663,2
"19972",0.000477245257440988,0.785524287960696,1.28346891337617e-06,0.0632411566551341,9.92575615636168e-05,0.150656769096252,2
"19974",5.446042606833e-07,0.0785080014615254,9.92872632531335e-09,0.874921624310815,3.77484858049909e-06,0.0465660448460923,4
"19976",0.0107451657348722,0.936867521560873,9.00725493203905e-06,0.0490631172037409,0.00300136433531587,0.000313823910266133,2
"19978",0.759973953435629,0.237446140672595,4.98677984265624e-06,0.000515604518670292,0.000997039209060904,0.00106227538420173,1
"19980",6.39650232074902e-06,0.773099900116468,7.66034779859413e-07,0.226777814297197,4.3265724418462e-05,7.18573248166804e-05,2
"19982",9.84607819251354e-05,0.127162036041838,1.33162697517093e-05,0.871555782261812,0.00115196676565694,1.84378790162369e-05,4
"19984",7.69877156841228e-06,0.000327036515679664,5.44349885554116e-08,0.999658014225018,2.24253040796687e-06,4.95352233715753e-06,4
"19986",0.993718794766841,1.78381867057679e-06,0.000214246281788469,3.68550436180792e-09,0.00606477625715349,3.95190041814372e-07,1
"19988",0.998770471582986,1.30240276597055e-07,0.000369196136088917,2.02526434855115e-09,0.000860185339135672,1.46762489875803e-08,1
"19992",0.979998098496665,2.76855029384495e-06,0.000351741675048157,2.12256368277363e-07,0.0196471666389632,1.23826617373785e-08,1
"19994",0.000566609187599308,0.998843950485854,1.9458566732531e-05,3.86080700529443e-05,0.000485277081589326,4.60966081715975e-05,2
"19996",0.999449325509185,5.2139102018304e-06,3.89361423928592e-05,1.05716540445536e-07,0.000506409706311235,9.01536841795883e-09,1
"19998",0.0187815297367855,0.123707385375461,4.64335488658011e-05,0.0072906756783183,0.495558469248383,0.354615506412186,5
"20000",4.13304530483604e-05,0.725069447136796,0.008805606522897,0.000615023840425853,0.26111683779652,0.00435175425031345,2
"20003",0.00431286538471411,0.987401160437028,0.000120358809106542,2.60958198776623e-06,0.00744912716131415,0.000713878625849936,2
"20005",4.29279165520326e-06,0.955267059888409,1.06537153359776e-07,0.0417275180052822,3.45278254165234e-05,0.00296649495208347,2
"20007",0.404234123056414,0.222524773958495,0.00137199222361033,0.000979490167956512,0.370865846197749,2.3774395775065e-05,1
"20009",0.997763482258764,0.000328992288776068,0.000492577820631053,0.000237462219708964,0.000943008711465754,0.000234476700654452,1
"20011",0.00335447607915198,0.954776401860338,4.27646775945322e-06,0.0101085202163896,0.000886581748400398,0.0308697436279611,2
"20013",0.000321878405632471,0.867673640582435,7.59691337963569e-06,0.117762622748967,0.0142133038576092,2.09574919763343e-05,2
"20016",0.991161016171193,9.23520501210272e-06,0.00381811327786991,7.43332841091146e-06,0.00500347474166501,7.2727584851683e-07,1
"20018",0.00559089809007497,5.95567325221867e-09,0.994390810211281,9.42431193017655e-10,1.82772031886467e-05,7.5973515873774e-09,3
"20021",0.990862728890778,0.00824517609575195,0.00029814317842528,1.03432932624129e-07,0.000586053088838558,7.79531327302813e-06,1
"20023",0.880319401583841,0.0551613120710145,0.00099760604311835,0.000113068207324181,0.0633855303801323,2.30817145696132e-05,1
"20025",0.517969660041948,1.48786446623736e-05,0.481242076670132,6.99262267053857e-08,0.000772495431788667,8.19285241773753e-07,1
"20027",8.94997672392759e-05,0.638974675228538,1.49717433402541e-06,3.03584526168926e-05,0.0139507749648758,0.346953194412397,2
"20029",2.34564620067117e-05,0.968810833805672,6.01498801744265e-08,0.0164536694504365,0.00071498693366441,0.0139969931983398,2
"20032",8.74651761149115e-05,0.992372313414302,4.30360670175938e-06,2.19130518406287e-05,0.00050393276914374,0.00701007198189718,2
"20034",4.06159003533472e-06,0.000173301534769268,5.67194169110149e-09,3.41315192764184e-07,6.18428050868436e-07,0.99982167146001,6
"20036",0.0011406789480363,0.0239734845724708,3.40121281963342e-05,0.0167961506213002,0.957862740911103,0.000192932818893818,5
"20038",0.813118671395829,0.000195813649923169,0.00450029880837257,3.29696734951012e-09,0.18218492530311,2.87545797863592e-07,1
"20040",0.988746823584011,2.89572112295754e-06,0.0111008235696252,2.78925165748299e-06,6.20262429839403e-05,8.46416305993566e-05,1
"20043",0.988971355861699,0.00190022323537269,0.000578873042178129,6.07840228801163e-07,0.00854882415331677,1.15867204446621e-07,1
"20045",0.994222334613901,1.93732216589274e-07,0.00566251214341928,8.48262158075505e-08,0.000114873032633083,1.65161390278408e-09,1
"20048",1.38789265071633e-07,3.46338703261939e-05,5.10914012918013e-08,0.999964512457354,2.03481771944977e-07,4.6030988118173e-07,4
"20051",0.260543331074442,0.619144350185002,0.0145703123010989,0.0139528574516902,0.0917878233990024,1.32558876496006e-06,2
"20053",0.989082252414344,0.00837356968928634,5.08660755293661e-05,0.000176474145657342,0.00224489544465473,7.19422305279553e-05,1
"20055",0.124210031956596,0.00745306502902885,0.024347415208146,2.10289768410695e-08,0.84397455719171,1.49095855418185e-05,5
"20057",3.64155539833616e-07,7.07717742173243e-05,0.999130029564274,0.000765710690156048,2.93231348484749e-06,3.01915023276673e-05,3
"20059",0.988654179291421,0.00722664983188147,0.00209954831803178,1.95649484696361e-05,0.001694851506231,0.000305206103965316,1
"20061",0.904268894237692,0.084239287474879,0.000255023855426907,0.000139090632142918,0.0107508129684827,0.000346890831376156,1
"20063",0.00837846886755652,1.51466600928733e-05,0.000228430471531673,0.990332522622021,0.000467516744877139,0.000577914633920666,4
"20065",0.0871654593766999,2.26215268890724e-06,0.912142179988408,7.2676385991324e-11,0.00069009550298116,2.90654579800758e-09,3
"20067",0.988262540743962,0.000175854208615345,0.00953710214051834,0.000221981527107486,0.00180251468289627,6.69690000940574e-09,1
"20069",9.31593378272549e-06,0.494269652886797,1.33445092564508e-06,0.505626034176481,6.915188482065e-05,2.45106671931791e-05,4
"20071",0.00227382214413961,0.00249009264897326,2.39860973478385e-05,2.40093825141294e-05,0.993837298962336,0.00135079076468914,5
"20073",0.000647868856618853,0.117967061246187,6.1163759057678e-07,0.880796556587968,5.29532562170215e-06,0.000582606346014169,4
"20075",2.74569270635351e-06,9.81036997364165e-05,0.999005307348355,7.61963776687892e-07,0.000893032404602665,4.88908225168761e-08,3
"20077",0.416610495855196,0.00395932725634918,2.07765593140413e-05,0.000305561521505591,0.579098769154804,5.06965283156573e-06,5
"20079",0.105418998832385,0.0447287289188061,0.000821612102415621,0.837304367538921,0.0116980986103181,2.81939971538527e-05,4
"20081",0.794452415897334,0.00531090815178009,0.151611773102063,7.28393484676984e-06,0.0486175803381799,3.85757958656961e-08,1
"20083",0.00119458251649766,0.0041509054984066,0.000204781970373851,0.823318446178249,0.169600180611422,0.00153110322505035,4
"20085",0.996292182120063,2.67884658198085e-07,0.00212880301040077,5.54764822815277e-10,0.00157874095312668,5.47698689171233e-09,1
"20088",0.995349656965825,0.000212755031559525,0.000698949347203211,1.13973697904039e-07,0.00373849092081654,3.37608974163171e-08,1
"20091",0.000912627595058889,4.09484872461159e-05,0.998841929707419,1.68011107482676e-06,0.00020281277253787,1.32666317644083e-09,3
"20095",0.0613412157993892,0.0129237911838375,0.00017864684060915,0.879282246264664,0.00103241709763245,0.0452416828138682,4
"20097",0.984561728116221,5.44643596441106e-07,0.00946669715431214,8.947810070557e-10,0.00597102632438025,2.86670956626223e-09,1
"20099",0.91359016157052,0.00140270041226542,1.43917822583576e-06,0.00259117384794025,0.000122881847605007,0.0822916431434433,1
"20102",0.000753662260556156,0.00143291230352598,0.049465867402397,0.948156003935995,0.000191181932846183,3.72164679980003e-07,4
"20105",0.994984574842267,0.0034514464402654,0.000217197559297968,0.000439189638134868,0.000907310111991912,2.81408042841433e-07,1
"20107",0.945513136120435,0.000236254625172126,6.2864139999267e-05,4.43210958950934e-07,0.0541863938013791,9.08102055497042e-07,1
"20109",0.789429617540401,0.0221837172621155,1.16603780983566e-05,0.187539874793947,1.92959623198004e-05,0.00081583406311912,1
"20111",6.30976294698235e-05,0.446071971030259,0.543586756504161,0.0101466071149349,8.10464558411754e-05,5.05212653337118e-05,3
"20113",0.236642614831956,0.00251175612137018,2.83175120504442e-05,3.96690303242015e-07,0.756595934210618,0.00422098063370265,5
"20115",5.70559462172619e-05,0.993970147343919,0.000165688964350469,0.000369748935277985,2.40739644949745e-05,0.00541328484574005,2
"20117",0.0985477631172357,0.000771349664158035,0.587948482095858,4.33525391310002e-06,0.0204305247311379,0.292297545137698,3
"20119",0.941167889215198,9.92081392468519e-05,1.8913294617673e-05,1.93687218581921e-08,0.0427353812023862,0.0159785887798296,1
"20121",0.961004715243374,2.63725975882983e-05,0.000201423917673704,1.50364225002021e-08,0.0387670257125342,4.47492407075772e-07,1
"20123",0.000511150036463434,7.09059693166416e-06,0.998657505265744,6.12056088319474e-09,0.00082424513970385,2.84059599413408e-09,3
"20125",7.66796682813746e-05,0.900339940657757,7.94130266424328e-06,0.098425762991013,0.00113544930315464,1.42260771294512e-05,2
"20127",0.99972962793628,3.52139191028488e-06,0.000170426758185018,1.15620027323344e-06,9.52349695327912e-05,3.27438188844281e-08,1
"20140",0.00533965739857105,0.00188679782196692,0.00609563343099145,4.37784982708335e-08,0.986649274915994,2.85926539783431e-05,5
"20142",5.50260533441293e-07,0.00432989070327255,1.92769362585254e-07,0.995659114294914,8.60997830630525e-06,1.64199361142458e-06,4
"20144",4.3883967643752e-05,0.964504590460599,0.00364948017304141,0.00889825073618082,0.022826737032292,7.70576302431867e-05,2
"20146",0.00178884818366997,0.274422697542186,0.000780409038354314,0.368631090048027,0.354334148880596,4.28063071669144e-05,4
"20148",0.00418546294848627,0.962814368840104,4.40803290275276e-05,0.000234359375368558,0.0327008318702701,2.08966367430205e-05,2
"20150",1.47582892535571e-06,0.512849139279588,6.52960738758104e-08,0.482921745726983,1.27153533677443e-05,0.0042148585150626,2
"20152",0.0215102619593061,0.945825872848545,7.70265653535512e-05,0.000164109480627097,0.0323243949455488,9.83342006192546e-05,2
"20154",0.0175787461516484,4.67381331926677e-06,0.982085089333319,4.46496970484046e-06,0.000327025524286415,2.07722473794855e-10,3
"20156",0.277067531475355,0.0514108139811824,0.00453162669822189,0.0465498456509159,0.620338913761467,0.000101268432857404,5
"20159",8.70452097389836e-06,0.384768382086634,2.38778739338268e-06,0.615030956658422,0.000175190818507876,1.43781280691658e-05,4
"20161",0.000197855028856187,0.00494166630908954,1.35505586389165e-05,0.992899689632352,0.00185919547103586,8.80430000272822e-05,4
"20163",0.034035897555255,0.962545059943418,0.000913747332334653,5.26146948053725e-06,0.00147777053903177,0.0010222631604802,2
"20165",0.00695108248103805,0.000652938381350169,1.07892782283898e-05,0.9923753049552,8.81819167334335e-06,1.06671250995122e-06,4
"20167",0.00226033013036357,0.989635476457377,2.85087504342596e-06,0.00758534661470621,0.000501451210716516,1.45447117933465e-05,2
"20169",1.5330611563269e-07,0.000157523646100867,5.78858600953725e-08,0.999841006950921,7.19179993138011e-07,5.39031009324263e-07,4
"20171",0.00427486878603532,2.58067106609585e-07,0.995444893983448,5.7173932179979e-06,0.000274261660709594,1.09482822016639e-10,3
"20173",0.0726396303507865,0.000969139903837616,9.0910450923996e-06,0.225958054707667,4.94277058905135e-05,0.700374656286726,6
"20175",0.000754110889543049,0.989197643229565,6.62812464878784e-06,0.00761000773709032,0.00212815935387464,0.000303450665278348,2
"20177",0.597241585462777,0.0025056272790483,4.20387024656327e-06,0.000142428969342283,0.000952476433492215,0.399153677985094,1
"20180",0.994318712122646,1.80708193644614e-05,0.00174797283037097,7.29097681254119e-11,0.00391161109300572,3.63306170263119e-06,1
"20182",1.72847786272145e-08,0.000173501127177187,1.16528501270008e-05,0.99679967797631,1.13465059531024e-07,0.00301503729654798,4
"20184",5.00272056733424e-05,0.0347464053676385,6.62002091211153e-07,0.964971605746094,0.000223353302336271,7.94637616643254e-06,4
"20187",0.00319179691545704,0.00149285560352813,1.82595399829219e-07,0.00137682695417628,0.00608240116362983,0.987855936767809,6
"20189",0.94772987767854,0.0408781645734368,3.76438094715286e-06,6.70987210977919e-06,0.000507040260940949,0.0108744432340256,1
"20192",0.828502969565717,0.00288678126766551,0.154402456931107,2.49654550974588e-06,0.000193038273271809,0.014012257416729,1
"20194",3.7182480393831e-05,0.0390782501572221,5.50116381181624e-07,0.703375844020172,0.133742978560526,0.123765194665304,4
"20196",0.776808311314855,5.41156497726281e-05,0.220335192349447,1.75406159922309e-07,0.00280215520678646,5.00729797015095e-08,1
"20198",0.232294789324629,0.585643804945376,0.003595261215626,0.000836778624984682,0.177153178052928,0.000476187836455992,2
"20204",1.32330025674464e-05,0.537674000408995,4.65019330658248e-06,0.462256304765747,2.29560383437896e-05,2.8855591039607e-05,2
"20207",0.885389864003472,0.000137046576438206,0.0903241536466028,4.41190191147693e-05,0.0241048113796182,5.37475438976444e-09,1
"20209",0.000330900819448499,0.847376271595792,0.0482254882101662,5.47345021958664e-06,0.0306157337169382,0.0734461322074358,2
"20211",0.00040609949869991,1.97109732603417e-05,0.997825363649088,6.27258854280204e-08,0.00174876308147369,7.15928816046211e-11,3
"20215",0.159067991204548,0.00204595544456402,0.000106468426720434,1.18475130423144e-05,0.838766110079598,1.62733152709337e-06,5
"20218",1.14605860838102e-06,0.017413914214892,2.49181641061349e-07,0.982577873632423,4.45012833124494e-06,2.36678410428668e-06,4
"20222",0.884219079293583,0.00617576318396087,0.0671030935310502,0.000111954637310066,0.0423900550191195,5.4334976257314e-08,1
"20225",8.40698379760471e-05,0.913668159403587,0.000235571724901926,0.0342467102947692,0.0513309994285048,0.000434489310260653,2
"20229",9.81507092224014e-05,0.00222745033356401,0.000299404474665823,9.39986090990952e-06,0.997354865784589,1.07288370487366e-05,5
"20232",0.281358815376794,0.0300410546502827,0.00566054369808183,1.07310415722104e-05,0.68291100072299,1.78545102796435e-05,5
"20234",0.871521628458407,1.72385057436622e-07,0.128441995314096,6.58974254711663e-10,3.5469929587002e-05,7.33253878576723e-07,1
"20238",0.990814767051658,0.000210853402719886,0.000814132077166202,7.95548936001069e-06,0.00815174473364048,5.47245455657432e-07,1
"20253",0.379384486115772,3.50656281241444e-05,0.000151079662445289,8.94266496803013e-07,0.62042790290051,5.7142665174639e-07,5
"20255",0.000118125414097344,0.996982670648678,0.000180479447057535,0.000233842608358924,0.00248130956443243,3.57231737585178e-06,2
"20258",0.999868625753219,5.94056906494159e-05,3.11703303911779e-05,2.42750245561736e-08,4.01673949127677e-05,6.0655580301659e-07,1
"20269",0.948080521403247,0.0255513340047728,5.89620896017818e-05,0.026255358234589,2.59039220460502e-05,2.79203457436506e-05,1
"20271",0.994178677994242,0.000151884703252565,7.46099728779474e-06,9.06097275065597e-08,0.000117092271934445,0.00554479342355527,1
"20285",0.00257906519832518,0.0251145305068889,3.61942100602054e-06,0.00104606167491988,0.0121088488953671,0.959147874303493,6
"20288",0.25117613019075,0.0046633534683652,0.000357570371737741,3.96160788929225e-05,0.743760818283768,2.51160648629079e-06,5
"20291",0.707319977444495,0.000110165569864555,0.288686044159341,2.02306500052844e-06,0.0038815259188259,2.63842473655716e-07,1
"20295",0.830701310433391,0.0583860444829031,0.000109465337255675,0.00911719434926868,2.00051283528803e-05,0.101665980268829,1
"20298",1.08269058286277e-05,0.99637948224863,1.10735375270686e-06,0.00316337742336117,0.000364029476676184,8.11765917507514e-05,2
"20302",0.000683616039173932,0.381878810099603,3.009102619806e-06,0.614804349492282,6.04904342678039e-05,0.00256972483205376,4
"20305",8.90705166688947e-06,0.997504315260271,4.49823029780878e-07,0.000454098652008615,9.23753902510512e-05,0.00193985382277312,2
"20307",0.998880306487183,7.80040057642234e-06,0.000255956684752611,2.03700703154001e-08,0.000855907810462775,8.24695492533287e-09,1
"20310",0.998576423277761,1.57777145862036e-07,0.00128548067031448,1.41135714096796e-08,0.000137780021554711,1.4413965270074e-07,1
"20313",4.86006633155001e-08,0.000568912301179248,5.06856661261369e-09,0.999413960393121,1.73987605883511e-07,1.6899648864388e-05,4
"20315",0.991166553220713,0.00029900821334581,5.25981109748816e-05,3.09030108690024e-07,0.00847239513943509,9.13628542266367e-06,1
"20319",0.292421756241687,7.63617244556021e-05,0.682650529286923,1.1359657688065e-07,0.0248511495430971,8.96072602022346e-08,3
"20321",0.994175221597381,3.1119259100689e-05,3.04487465218373e-05,5.77236380179244e-06,0.00575686055604645,5.77477148440827e-07,1
"20327",0.99995108373607,1.60547372373636e-05,3.77580792463318e-06,6.85763312430335e-08,1.85567177834756e-05,1.04604246535081e-05,1
"20329",4.05470081719941e-07,9.81760841962554e-05,2.71502659647093e-10,5.69038766705815e-05,5.43823935971652e-06,0.999839076058189,6
"20335",0.878212047367407,7.88040873908947e-06,0.121261846068346,8.99980404733621e-07,0.000517325642266087,5.32836761694314e-10,1
"20337",1.53833987396009e-05,0.782108094014777,2.99047230067288e-06,0.21777201994811,8.53463558681446e-05,1.6165810204423e-05,2
"20339",0.00254148084702837,0.00355847521692947,0.577864295107674,2.10599036545107e-06,0.415794146070658,0.000239496767344448,3
"20341",0.0155106625786989,1.71882676818586e-05,0.981481680741359,0.000426240167980872,0.00256422250820407,5.73607523568511e-09,3
"20343",0.992603491780827,6.35596847311784e-06,0.00666931091512683,6.58181095603161e-05,0.000654971863151526,5.13628614102035e-08,1
"20345",0.00271177476979843,0.961790637817543,1.92024525683134e-05,5.54497710703904e-06,0.0100367461878119,0.0254360937951711,2
"20350",0.00777430506881367,0.00226390649433433,0.0048815887141873,0.00120206661148198,0.983674405771582,0.00020372733960028,5
"20352",8.90383320908926e-07,0.00038163728577015,8.15735204023895e-08,0.999616632767831,2.90967376856258e-07,4.67022181106006e-07,4
"20355",0.00176638465224543,0.0200160213769966,8.34491906232167e-05,0.977473275534591,0.000558814845257163,0.000102054400287017,4
"20358",5.7443617323183e-06,0.0190283469132299,1.06601628288822e-08,0.0103149548253461,3.51471123206259e-05,0.970615796127208,6
"20363",0.993852024245207,0.000149032892681989,3.150470751882e-05,4.36234840492276e-06,0.00596290020826032,1.75597926553938e-07,1
"20365",0.293701937641317,0.0232386805216833,0.588341605313958,1.41602665914737e-06,0.0947160771356736,2.83360708506665e-07,3
"20379",0.000157790413016441,0.998230994948495,0.000292715940681972,0.000748677182233086,0.000288880996391542,0.000280940519182001,2
"20387",0.998498313812931,0.000283088397744015,0.00103903939895164,1.16294656131524e-07,0.000179404432717728,3.76629995086984e-08,1
"20392",0.00102522371718447,6.04516180260061e-06,0.998769327213517,3.37892312886363e-09,0.000199400454518696,7.40539906858862e-11,3
"20395",0.0073789130293211,0.702496340165079,8.4113477749445e-05,0.000950663096678633,0.289056033800257,3.39364309155157e-05,2
"20397",4.38555710377549e-08,3.16534599069603e-05,1.17369080450808e-09,0.00363527740484557,1.78041284560562e-07,0.996332846064701,6
"20410",0.992977676453414,0.00533304195129816,0.000362724049239716,1.30684598696008e-08,0.00115033545268751,0.000176209024900603,1
"20414",0.000561681059780593,0.792110628336549,3.12294000925434e-06,0.207213686035823,2.20349109155597e-05,8.88467169224244e-05,2
"20417",0.060791494553686,3.66135113240824e-08,0.938883635979714,4.91383150095425e-09,0.000308917930892,1.59100083654125e-05,3
"20419",0.999866400789986,7.83790524837538e-06,5.32621323594353e-07,4.7281512906964e-07,0.000118784542303726,5.97132600927278e-06,1
"20421",0.00196353164764376,0.288451478641487,0.0105205113073456,0.698371931747215,0.000685825396173724,6.72126013515023e-06,4
"20423",9.90540299341224e-05,0.677880896409502,4.52429074056692e-05,0.321825460171066,0.00014119557432031,8.15090777168953e-06,2
"20425",0.00018219372110673,0.281921056575784,0.000123951505869111,0.692366761476957,0.0254035287513074,2.50796897516655e-06,4
"20427",0.0323765527371631,0.9619660187499,1.41895832770136e-05,0.000211560897948066,0.00537275846506876,5.89195666436716e-05,2
"20429",0.977890772774118,5.8150367431615e-05,0.00203710029657278,0.000185656159455306,0.0197642355947918,6.40848076308355e-05,1
"20432",2.42995828442477e-05,0.204602220705153,1.33364432467545e-07,0.794758495533209,1.19377847691005e-05,0.000602913029592953,4
"20435",0.734519595144412,0.127921553869177,0.0171468709078083,7.33328065697511e-06,0.12025432457703,0.000150322220915519,1
"20438",0.951903462288636,0.000144161912773824,5.44477610048304e-06,0.000307998806728265,0.0476066505832606,3.22816325012969e-05,1
"20440",0.999905158714927,5.61860349181648e-05,1.16758315616393e-05,6.12357685055849e-06,1.55630229559561e-05,5.29281878637612e-06,1
"20443",5.33040514591436e-05,0.000658992572355197,5.69761353014789e-06,0.998457962809796,0.000821404479151647,2.63847370774269e-06,4
"20446",0.560114842061476,0.425684372341756,0.00118959336134535,0.00345609840475535,0.00765088962791077,0.00190420420275654,1
"20449",0.168429954438598,0.0330998607200944,0.00236959514403577,6.32770254262051e-06,0.796059066070324,3.51959244054067e-05,5
"20537",0.670242907227688,0.00460735177807698,0.324483153274133,0.000111969051866635,0.000553793737006803,8.24931228258015e-07,1
"20540",0.00368755896033422,2.43554794065723e-06,0.996301805819249,1.48016101430785e-09,8.19672142658383e-06,1.47088837936432e-09,3
"20543",0.166400987743655,0.82845459231922,0.000448906831527174,0.00276570718955361,0.00189072201230461,3.90839037401631e-05,2
"20545",0.000392861067181525,1.27790924074492e-05,0.999547447191929,1.50018547279395e-07,4.67625983511864e-05,3.15839333356043e-11,3
"20549",0.0300641084414171,0.954075958263551,0.00243054954949711,0.0114769831414076,0.00195113010289042,1.27050123727668e-06,2
"20551",0.919211711222166,0.0159385757686831,0.00098555350449225,0.000113053138468713,0.0637509259303193,1.80435870165494e-07,1
"20554",0.997434230154508,0.00246426217632531,5.80838120847116e-05,4.03277455037514e-06,3.64555137085944e-05,2.93556882314925e-06,1
"20556",0.010425628563448,0.0473029540165296,0.00746705521622307,0.000176020146123891,0.93462809656002,2.45497655312405e-07,5
"20558",0.99962127283022,2.51914188840342e-05,8.59893597759001e-05,1.13668931645308e-07,0.000267418093960343,1.46282283262332e-08,1
"20560",0.975641482037544,0.0124549871583289,3.75347146382995e-05,0.00356155952168749,0.00830364050625143,7.9606154908174e-07,1
"20563",0.999851051741217,2.57249987797049e-06,0.000123888590632935,2.90847707090215e-07,2.21521495649845e-05,4.41710002064477e-08,1
"20565",0.717380263293989,0.0818684366877477,0.000567679778394667,0.0275505680191216,0.17262824486465,4.80735609689562e-06,1
"20567",2.72601731520475e-05,0.0869747840398112,4.23359565443753e-07,0.912490625819364,0.000308896780252974,0.00019800982785457,4
"20571",0.0155109337450032,8.60518537121391e-06,0.000271350168340176,1.09355531628799e-06,0.984197394762013,1.06225839560063e-05,5
"20573",0.836790292985269,0.0280496417859029,0.0025818539839522,0.000577174025090109,0.131999532132674,1.50508711175475e-06,1
"20575",0.999751503612819,6.01388430194712e-06,5.22125602274563e-05,6.40044535272544e-08,0.000189596020621256,6.09917576926023e-07,1
"20577",0.0269689619435322,0.269058639433723,0.0003861155415192,3.7540243810741e-05,0.703332920577087,0.000215822260327188,5
"20579",6.96263432564937e-07,0.00102122800438715,3.58206987283425e-09,0.856476630856662,4.36970910336948e-06,0.142497071584345,4
"20582",0.999645733016404,2.7210541010822e-06,5.80099300676804e-05,1.62435416048396e-08,0.000293485620454545,3.41354315294169e-08,1
"20585",0.0519455257385122,0.00869137634442129,0.913645199802728,8.60735509704448e-07,0.0257170203534706,1.70253581730892e-08,3
"20588",0.00414314371062808,0.00576397465415549,0.920153238684144,0.00016127029507351,0.0697773505735932,1.02208240561311e-06,3
"20590",1.6734634478225e-07,0.00410770154149104,1.92767976114855e-09,0.993913759085492,1.66186036837958e-06,0.00197670823862457,4
"20592",0.999479722112671,1.26295241533006e-06,3.40923284622258e-05,6.12114449288574e-07,0.000484298122846745,1.23691554461952e-08,1
"20594",0.999674928325482,5.39201965755814e-06,0.000191485019933215,2.22557662250398e-09,0.000127920599375084,2.71809975422595e-07,1
"20596",0.992670765928984,0.0051243625761702,1.73509303375481e-06,0.000243501467006609,0.000910063314399272,0.00104957162040581,1
"20598",0.99113994819271,0.00655714420590034,5.38472730228071e-05,3.30707722799073e-06,0.00224363909773011,2.11415340833138e-06,1
"20600",0.0183287918372315,0.0655578753480687,0.231076963264621,0.00067578012945943,0.684360394157129,1.95263490504394e-07,5
"20603",0.000223003968190045,0.986847148608639,0.00111985955685401,0.00286058417635745,0.00892858722750404,2.08164624551832e-05,2
"20605",0.976154875482917,0.000141710219781574,0.000212079628652835,1.13795936224475e-08,0.0234873455669412,3.97772211346464e-06,1
"20607",0.967995401084338,0.000554077513424055,4.15973005000287e-06,2.91993322738245e-07,0.0314223937097698,2.36759690956099e-05,1
"20609",0.987749352381172,0.0120281730424269,6.33928148445504e-05,1.25260124861689e-05,0.000138604000942965,7.95174812696857e-06,1
"20611",1.23552629251793e-05,0.987013784307184,5.3422542787657e-07,0.000162611928371485,0.00058793906413028,0.0122227752119609,2
"20613",0.390971706647437,0.605124377455423,0.00247573799832197,5.63187067843655e-06,0.00134535399950939,7.7192028630514e-05,2
"20615",0.0482318882661633,0.169282341430066,0.0115778508134791,0.000927523875834957,0.769980126630984,2.68983473322136e-07,5
"20617",3.41563855067491e-07,0.00188316088109437,8.97419090757379e-08,0.998114146829004,1.34224567652672e-06,9.18738460496586e-07,4
"20619",0.986545832705701,6.17254628254067e-06,1.30458393915604e-05,2.46515573613537e-06,0.0134320426453101,4.41107578790892e-07,1
"20621",0.879235195275941,0.0085358383311341,0.000169927761640783,2.50933233010547e-05,0.112009493677708,2.44516302751913e-05,1
"20623",0.00126219315281131,0.00769415253362712,7.90330523367162e-08,0.990028992689736,2.22550867055205e-05,0.000992327504067631,4
"20625",0.000434307020043929,0.880773740956849,0.0134018940166421,0.0486537143637724,0.0567294880846985,6.85555799424315e-06,2
"20627",0.769058267635835,0.175895619207512,0.000278870838063954,2.65169768184242e-06,0.0543881649993425,0.000376425621564788,1
"20629",0.346950744301881,0.0797092743688558,0.00087160095899876,0.000477250141020899,0.571987845301472,3.28492777184756e-06,5
"20631",0.999274326282505,3.55425528098461e-06,5.66295750197591e-05,4.59203109259108e-06,0.000660866986853305,3.08692489002116e-08,1
"20633",3.14646639522483e-08,0.000304634078613936,2.38509160233348e-09,0.999594280105555,1.09073216598748e-07,0.000100942892858779,4
"20636",0.000265888808118217,0.595174214806892,1.22852444022317e-06,0.0240575243901253,0.320340943361226,0.0601602001091982,2
"20638",0.0037570677781119,0.0246241733168816,0.00177922811379739,9.28360107609717e-06,0.969778285997993,5.19611921403219e-05,5
"20640",0.899776063302951,0.00174783399799475,0.084635241172812,7.65498266435187e-09,0.0138404413506865,4.12520572813658e-07,1
"20645",0.995391287584801,6.35839027851517e-07,0.00296595352339449,1.14013198192462e-09,0.00164211991909543,1.99354902964166e-09,1
"20647",1.44444216609025e-07,3.55203598385253e-05,5.7656721363176e-08,0.999963491799645,2.87285354243071e-07,4.98454224231756e-07,4
"20649",0.975174111265463,0.0148015950104279,0.00930188722026243,5.38800948671592e-06,0.00071639330835053,6.25186009464231e-07,1
"20651",0.99619793746524,1.86037846212238e-06,0.00183098655958444,6.68079837886489e-06,0.00195707811539321,5.45668294149609e-06,1
"20656",0.963986314660788,0.000722496559631309,0.0351776576376257,1.43673616550734e-06,0.000111734156864788,3.60248924285149e-07,1
"20660",0.0339202641311697,0.00345986488494923,0.962179591293705,7.8328368043133e-07,0.000128359821877908,0.000311136584617756,3
"20662",0.000166797422268661,0.0501705201022717,6.17119430652202e-07,0.838991503289955,0.0010705225525185,0.109600039513555,4
"20664",0.894069487081694,0.00660270849476975,1.11697821841377e-05,0.0900527510734926,0.00360313904484236,0.00566074452301669,1
"20666",0.000215046597084919,0.96047918788209,0.0389895151784987,3.34034769966228e-05,0.000229666563007705,5.31803023224838e-05,2
"20668",3.24939624950328e-05,0.628157675566997,1.8217615650951e-07,0.371608921265154,3.83339233055562e-05,0.000162393105892365,2
"20670",0.996978262874868,0.000355130681120752,0.000175293436475831,2.1462675683882e-06,0.00218126771538273,0.000307899024583961,1
"20672",1.89753830609046e-05,0.633164962051141,9.06587591511408e-06,0.366768254440119,2.71624747746855e-05,1.15797749893368e-05,2
"20674",0.596071999473929,0.039591029031286,4.24582563519729e-05,0.000104491951911346,0.364117689301131,7.23319853912182e-05,1
"20676",1.94133674797577e-07,0.0346529706786497,3.70041553751295e-08,0.00139435053705961,8.05484627202925e-06,0.963944392800189,6
"20678",2.29594280571932e-07,0.020533087869331,4.35587592015204e-09,0.0159625911448497,4.70309079851345e-06,0.963499383944864,6
"20680",0.000707009422818881,0.763587684039044,1.06462569385683e-05,0.235522709537791,0.000162395622550792,9.55512085746006e-06,2
"20682",0.00167288126350517,0.846409879812266,2.0442984734207e-06,0.000451551113786625,0.00171369551824156,0.149749947993728,2
"20684",0.683088588420459,0.0487136421452196,0.00218306052790162,1.07841151000398e-05,0.208638325589675,0.0573655992016437,1
"20686",1.81803562209195e-06,0.0186085458958111,2.81130424776372e-07,0.981382549236925,4.64475767997498e-06,2.16094353751421e-06,4
"20688",7.98797094219315e-08,0.000773855700070969,1.01412952044494e-09,0.0212889846744828,4.57570439597738e-07,0.977936621161168,6
"20690",0.0233714636180777,0.000718117871339088,0.922127069144057,4.85629597610768e-08,0.0537825152874071,7.8551615987135e-07,3
"20692",7.4577727282844e-08,0.000982611822082416,2.46345223418286e-09,0.966289993638728,2.95687090489689e-07,0.0327270218109192,4
"20694",6.1311012760103e-06,0.98912654582636,3.90231288798417e-07,0.0104620859056544,0.000132312050492174,0.000272534884929173,2
"20696",0.000269690319912183,0.982725345231661,6.79882981794832e-06,0.00510281914669287,0.0109627729353476,0.000932573536568655,2
"20698",0.106891198956746,0.0079440266462773,0.000663022813160151,0.00228265768950467,0.882217501848472,1.59204584018226e-06,5
"20700",0.993249706611399,0.000478809702288105,0.000156950560597919,0.00233142783056365,0.00368211657320033,0.000100988721951015,1
"20702",0.0347327485098953,2.38211944277165e-05,0.490186906022906,1.68089587033384e-08,0.475056466221489,4.1242324024138e-08,3
"20704",0.748463180910508,0.144380243307012,0.000182553764331693,2.82336963199543e-05,0.106896157763122,4.96305587060896e-05,1
"20706",0.0381656182301506,0.0944609878617139,0.00051800510391667,0.0034851120006554,0.760731887754957,0.102638389048606,5
"20708",1.89458878575561e-06,0.0324071725333974,1.48596207454316e-08,0.000118154785147677,5.35287706292213e-06,0.967467410355985,6
"20710",0.381529196722054,0.0312711222431688,0.312205718494276,1.03188729064126e-06,0.274992609425182,3.21228028246357e-07,1
"20714",7.53396476309617e-06,0.00835555226983269,8.68084486981999e-09,0.991562008932904,2.87882518714107e-05,4.61078997835244e-05,4
