"","V1","V2","V3","V4","V5","V6","best$classification"
"19811",1.60800560428502e-11,0.0885916408119852,0.87850587338981,0.032892464894156,1.00116791010219e-05,9.20886765104769e-09,3
"19813",2.50937227658654e-21,1.97005896002051e-08,2.97022055946711e-15,0.99999997841332,4.83539603022159e-28,1.88608795668354e-09,4
"19815",0.000218394694639666,0.985453609352039,0.0132894361872741,0.000345335389573101,1.53646890541298e-15,0.000693224376472489,2
"19817",1.40542445794151e-08,0.0354901508969385,0.964414671348052,9.2718231415518e-05,1.5364809013184e-06,9.08988448081435e-07,3
"19819",0.567531631806076,1.29063158257199e-06,9.5200506400757e-51,5.10787500531638e-05,8.62984953830403e-36,0.432415998812288,1
"19821",3.90972363505691e-07,0.364724496230267,0.00167713747957117,0.633334859005013,0.000263103468496462,1.28442883832111e-08,4
"19823",2.15009506686891e-08,0.0028256227111168,5.15120207486085e-06,1.10467046510964e-07,2.28705538524143e-20,0.997169094118811,6
"19825",1.2767403319965e-12,3.44046345987862e-14,3.60504052095246e-47,0.999999999998259,1.83915707820124e-18,4.29534198727949e-13,4
"19827",6.56981606987217e-05,0.0105654290038072,0.31634616156478,0.00151845301146944,0.671388394087868,0.000115864171377122,5
"19829",0.253002851719014,0.288896223177964,1.91344937097784e-29,0.458096977333346,1.56544902825442e-09,3.94620422689323e-06,4
"19831",0.543019718420544,7.36259928833617e-07,2.23897071023084e-45,0.00161974545758046,1.90365813901043e-46,0.455359799861946,1
"19833",3.29515494345884e-31,1.10839912749917e-22,1.12386164919355e-82,8.02277347701099e-07,2.71958434524327e-59,0.999999197722652,6
"19835",3.90972363505691e-07,0.364724496230267,0.00167713747957117,0.633334859005013,0.000263103468496462,1.28442883832111e-08,4
"19837",6.06380489158553e-05,0.0307037146212589,0.794275733390499,0.000560332761853792,0.174399390484354,1.90693118141013e-07,3
"19839",0.00738849865121218,0.000650301768883199,7.43297362240543e-29,0.991961178751896,4.6861867202454e-09,1.61418214744404e-08,4
"19841",5.09859781364319e-16,5.33608822890431e-16,3.01464790737912e-39,0.971091343448375,0.028908654199425,2.35219862228863e-09,4
"19843",0.00106249664466571,1.26161234221572e-07,1.69394941188475e-56,0.998937375864379,1.32703512027645e-53,1.32972115440855e-09,4
"19845",2.8676838116224e-19,0.00354978540249472,0.000304879936994225,0.996145300744289,2.58916634791834e-22,3.39162218451264e-08,4
"19847",1.17134058521122e-06,0.872696269602042,0.000297966626507672,0.127004552292695,1.37269723296843e-20,4.01381694779703e-08,2
"19849",4.62298690959881e-24,6.12899802202466e-09,1.09841329804537e-10,0.999999990664254,7.64899565184204e-25,3.09690638158642e-09,4
"19851",1.90423298286227e-10,0.00705445555872361,0.992923098629687,2.0519721069209e-05,2.45249038990005e-08,1.90137519342596e-06,3
"19853",2.67131348707807e-24,0.000502541129706697,0.615573671866689,0.000749725462964127,2.14663282976904e-15,0.383174061540638,3
"19855",3.09805445857558e-17,0.00907621861416851,0.990601435916221,0.000222459091391133,2.66529510567919e-06,9.72210831136196e-05,3
"19857",7.85811264180593e-06,0.803637400086206,0.00681834079046609,0.189515738573104,2.06617223071071e-05,7.15275462689143e-10,2
"19859",5.84521203786021e-06,0.725589395144418,0.267675433697054,0.00660563273383032,8.40189817243668e-05,3.96742309356772e-05,2
"19861",3.35559140155151e-14,0.00894822750772775,0.987452664047476,0.00359906409036835,4.03512620414118e-12,4.43503592083554e-08,3
"19863",9.51176312802989e-33,3.78290549299634e-17,7.47671101405005e-25,0.99999999054348,9.44189318737957e-09,1.46271036904266e-11,4
"19865",1.38855576075279e-13,1.78165924313353e-07,7.70183247583431e-08,0.00158349656074484,0.998416248194455,6.04124492210293e-11,5
"19867",2.60374620392387e-08,0.930080240773902,0.0423443939388301,0.0275752077126007,1.68265901983773e-21,1.3153720495555e-07,2
"19869",2.70083224407364e-24,2.36012393339768e-06,5.76075335457846e-05,0.999940024750556,2.44288082542883e-09,5.14908353563444e-09,4
"19871",0.00015154763611915,0.346463177948184,0.641255460719693,0.00088902034417641,0.0112142938348287,2.64995169981687e-05,3
"19874",2.91800859880022e-12,0.00143497352735584,0.994202959205396,0.00378553963720824,0.000574978415299411,1.54921182221033e-06,3
"19876",2.18663509076134e-15,7.26713662330023e-05,0.999818460969567,7.85953418446104e-05,3.02704009620556e-05,1.92139162920561e-09,3
"19878",1.20678965473728e-05,0.458575679642107,5.20361441780351e-33,0.541412233389364,9.72939353680307e-26,1.90719812840766e-08,4
"19880",3.12313649241792e-20,1.29563009138747e-10,1.01412519068492e-09,0.000375524292960889,0.999624473993797,5.69553748539376e-10,5
"19882",2.30550308783044e-18,0.0208924986326481,0.000217967482492505,0.978889356579604,3.19186917229995e-13,1.77304936630974e-07,4
"19885",0.00225626697013719,0.448866644956499,0.545613165086738,0.00326043840213801,3.44733093656347e-06,3.72535520942628e-08,3
"19907",9.21007507333224e-13,0.77359456807272,0.0077365747943086,0.218668782691241,3.05489227006312e-18,7.44408096442322e-08,2
"19909",0.962789774779643,0.0325639115134671,1.70301211435187e-19,0.00464608331352853,4.69970178805127e-22,2.30393360982134e-07,1
"19911",0.837000073659959,0.00286321701247047,5.37825049568345e-20,0.160133802459929,6.91462598932843e-09,2.89995301527767e-06,1
"19913",1.97687399919924e-19,4.17960590905621e-16,1.63479516806862e-19,0.000439481589453385,0.999560512276109,6.13443754473292e-09,5
"19915",1.54000334619421e-11,0.000429049623622417,0.00369549109562883,0.000107534688932667,0.99576736414982,5.60426595741502e-07,5
"19917",3.33164281183762e-08,8.50330994933586e-05,4.39376162768347e-07,0.0146534136992788,0.985260804095994,2.76412643271949e-07,5
"19919",4.73588660536062e-07,0.0680451600944503,0.674599136429223,0.00156241692367553,0.25578705961877,5.75334522022096e-06,3
"19921",1.33553137243964e-08,0.055822047526517,0.943869847964177,0.000307921963954755,7.47560316581333e-12,1.69182561444614e-07,3
"19923",8.06124651698002e-07,0.924452484857241,3.30749110207425e-14,0.0754729284265201,8.87798776662916e-29,7.37805915542948e-05,2
"19925",5.81751098900218e-11,0.000101351910262306,9.71798877636179e-05,0.00119934154150856,0.99860205643812,7.0164170633771e-08,5
"19927",7.41229037110103e-08,0.387945636390577,0.611895433218849,0.000103782934279156,8.83776611458607e-11,5.5073245013286e-05,3
"19929",9.42061037086068e-29,2.91565701683509e-18,1.3244047602345e-15,0.995018628331799,0.00498137164428938,2.39103337583434e-11,4
"19931",0.00134934955263319,0.996328244044809,0.000860855948087882,0.00142451879364632,6.25282541872158e-12,3.70316545712309e-05,2
"19933",0.908647280469794,0.0904261702720039,9.44451469476285e-10,0.000916001964688991,1.33363498729116e-10,1.05462156976639e-05,1
"19935",0.0746242606642079,0.64006455181008,7.0734865651489e-08,0.285311116654427,7.48301885644977e-11,6.1589838839443e-11,2
"19937",1.16053771656475e-06,0.290277621503724,0.709426758586833,6.32831237314788e-05,1.31011494309006e-13,0.000231176247864432,3
"19939",9.15007051611409e-09,0.987914793823011,0.000766682199944531,0.0113088860015598,2.97234582399086e-09,9.62585306879627e-06,2
"19941",0.358627968460092,3.0825324630403e-06,1.15984091613501e-25,0.641368864431812,1.64598611455845e-08,6.81157717001391e-08,4
"19943",1.39203504373917e-15,2.22795484951697e-08,9.56492260502499e-07,0.00139411544777157,0.998604493244448,4.12535969877165e-07,5
"19945",0.915152194028083,0.0809176662435606,7.06198848012557e-12,0.00391839230635827,1.00137709780601e-12,1.17474139348411e-05,1
"19947",9.3080055436937e-11,3.45047392070342e-06,1.11940685186271e-25,0.999996179976641,1.39844006139908e-08,3.55471957379782e-07,4
"19949",0.00568966383237979,0.926675043514592,6.83063464418698e-14,0.0676249070986703,2.82635267525343e-26,1.03855542899572e-05,2
"19951",2.57580870806255e-06,0.270950953911734,2.59519823362912e-09,0.373793089038844,0.355250246036738,3.13260877734988e-06,4
"19953",0.00508321194750044,4.32592818685426e-07,8.55299777445284e-39,5.42938511947536e-05,3.5214346082024e-50,0.994862061608486,6
"19955",0.0239534934566426,0.178379513485703,8.381688569543e-32,0.793124620791657,6.80970890518184e-36,0.00454237226599723,4
"19957",1.51130879808088e-07,0.0378449150610878,2.43689076976306e-06,0.158680296541115,0.00158923018437156,0.801882970191776,6
"19960",0.00269450024028711,0.0303744006466163,4.45102398789606e-33,0.966931095580755,1.31235776622976e-18,3.5323415938726e-09,4
"19963",8.64076071555667e-19,4.06453497101829e-23,9.35543019458348e-45,0.000156126894735226,1.73009230702601e-19,0.999843873105265,6
"19965",0.0226120820316343,0.43590564068074,1.79611191135199e-48,0.541440589704921,9.29868560191714e-41,4.16875827039035e-05,4
"19968",1.44277514410076e-09,2.10809779034624e-07,3.98146103661304e-16,0.999017085849796,0.000982701897649165,4.04642624322919e-18,4
"19971",4.83319152233844e-16,8.22328432087661e-15,6.17864327939103e-59,0.23349824535188,2.81671244981003e-08,0.766501726480986,6
"19973",1.2804187340137e-07,0.0125807732452915,0.985825829586127,0.000198439995586357,0.00139482677593265,2.35518928960172e-09,3
"19975",2.07090905718027e-09,0.000260575944847693,2.89583075587968e-08,0.0434450482607831,0.956294344735213,2.99397506910147e-11,5
"19977",6.24504015541098e-21,2.37967940984281e-11,1.63687026269728e-42,0.999995053982159,5.86993303591829e-11,4.94593534448464e-06,4
"19979",0.985172512761052,1.5195802829253e-05,2.776087073278e-57,0.0148015714626979,9.05696343227943e-28,1.07199734209403e-05,1
"19981",0.002867959205567,0.995424011293233,6.25469312671533e-06,0.00169951922949297,6.672252955482e-12,2.25557190803642e-06,2
"19983",1.847587936636e-06,0.987087797317837,5.33764918358302e-05,0.0128568028726009,1.38587921870506e-15,1.75729787652241e-07,2
"19985",4.68913165433372e-14,0.000505345588771658,0.674836994254281,0.00318988232606688,0.321467756835528,2.09953056050646e-08,3
"19987",0.164873959881627,0.633391855131972,0.00888439766779677,0.172752685743685,0.0200966926590561,4.08915862005189e-07,2
"19989",0.992688035634311,2.10509443967282e-05,5.29876952413379e-45,0.00709563204889638,9.4598098988808e-44,0.000195281372396396,1
"19993",0.0107146320385336,0.956709324062031,1.26404118259173e-17,0.0325753475708772,2.76694573190838e-07,4.19633984882132e-07,2
"19995",0.618759522198307,0.175825975597988,4.31317160054025e-15,0.205414430540622,1.12855493893225e-08,6.03775288842686e-08,1
"19997",4.1002745194407e-08,0.0507334793870278,0.948817461409718,0.000437151513843853,1.1437146627725e-05,4.29540037044843e-07,3
"19999",4.53467312438845e-15,0.000298023907882375,0.000462672696893929,0.00130514333252155,0.997934148777531,1.12851661510377e-08,5
"20002",9.38314153248962e-21,3.08970200002234e-23,4.00243652864602e-38,0.999999999986159,1.68627220111713e-15,1.38393345847483e-11,4
"20004",0.833266723800673,0.000541104429836372,1.07738652968469e-14,0.166192171456103,2.63874146489363e-12,3.10737792240774e-10,1
"20006",1.03494446756288e-07,0.0139480214918303,1.62610979692755e-33,0.986051487021373,8.06046513616864e-24,3.87992349959738e-07,4
"20008",0.000485494268865101,0.00168685920264829,1.5332431840451e-37,0.997820996636194,3.68727342586226e-25,6.64989229282963e-06,4
"20010",0.643752393680591,0.313973544599623,1.58683687778941e-16,0.0421611553532119,9.08601323504173e-21,0.000112906366574167,1
"20012",3.62565340833483e-17,0.000414274506352975,6.61627578949555e-15,0.938302323170396,0.0612833945380211,7.78522318141015e-09,4
"20015",0.983638500680059,0.000352969756391793,6.09736063389193e-50,0.0160085295624573,3.40077310369055e-35,1.09180582602164e-12,1
"20017",4.0348462603972e-13,0.00243300552397091,0.996850941728987,0.000543155716950131,0.000172894631764126,2.39792399353785e-09,3
"20019",0.960421656782952,1.77014328066612e-06,1.42320873293854e-73,0.0395683742092554,1.17580470425017e-47,8.19886451154192e-06,1
"20022",0.72012764941897,0.264770594177705,1.03460942677308e-16,0.0150973711517119,4.99229011000177e-19,4.38525161287108e-06,1
"20024",0.000383020488454715,6.86583154292195e-11,5.55884903239061e-67,0.685726737996809,5.69292098949029e-69,0.313890241446078,4
"20026",0.000383020488454715,6.86583154292195e-11,5.55884903239061e-67,0.685726737996809,5.69292098949029e-69,0.313890241446078,4
"20028",1.40393928522113e-11,0.00110450132193047,0.989828953177096,0.000220717079449827,0.00884566316615598,1.65241328246829e-07,3
"20030",0.835762142079781,1.1908642437573e-06,4.56350366907746e-38,0.164236667045416,2.61822731663451e-20,1.05587422984956e-11,1
"20033",8.1157190555453e-06,0.128163588688084,0.000104197681279994,0.00305279733917178,0.868657011592418,1.42889799897298e-05,5
"20035",0.940572150761603,1.03646059628789e-05,2.32520848256124e-73,0.0593884157679241,2.70875696046563e-51,2.90688645105062e-05,1
"20037",0.968211916439192,0.000357965392270902,1.37317056132715e-67,0.0314226421878181,1.07582104171228e-53,7.47598071865658e-06,1
"20039",2.09940725501656e-12,5.08853887359293e-16,2.58632273787786e-84,1.82115312173264e-08,6.86651168599094e-98,0.999999981786369,6
"20041",4.00850526448435e-08,0.98213423283501,2.82803565082272e-18,0.0174264640028523,6.43522613654373e-20,0.000439263077085168,2
"20044",1.61110706094976e-08,0.865991799951466,2.22013268409691e-23,0.11639091052803,8.15775296189613e-17,0.0176172734094333,2
"20047",0.941731220785179,1.27004050955125e-08,2.99446606875904e-82,0.0527019413247758,1.29775980885698e-41,0.00556682518964064,1
"20050",0.148208232284301,0.197772683014275,3.29952036413156e-29,0.0216740205582945,1.50265653629584e-21,0.63234506414313,6
"20052",0.0478955926429415,0.832792933038024,0.00731782013216367,0.0120291166524529,0.0991117152194609,0.000852822314956462,2
"20054",0.907807791342731,0.0469325038383068,2.21659301433334e-28,0.0452597047886572,5.19487225102168e-20,3.03053199976539e-11,1
"20056",2.79120490142415e-07,9.08339869486874e-09,1.93702552881878e-16,0.296421431811597,0.703578168576951,1.1140756359842e-07,5
"20058",0.982640511391182,4.77149821386229e-05,9.03423911869618e-45,0.0173072597596011,5.21429620631031e-50,4.51386707814242e-06,1
"20060",1.47695202241387e-05,0.766158078080108,0.216549665393415,0.0172773939953453,2.99662887282644e-08,6.30446191325612e-08,2
"20062",0.000598852844707086,0.985149185002007,0.000422778565040262,0.0138287484534918,4.19031334427041e-08,3.93231620187587e-07,2
"20064",0.924884254282458,0.0702954462214718,8.23147512061731e-13,0.00482016505677756,5.2068816252825e-08,8.23696536557861e-08,1
"20066",0.87587743653855,1.52234481319509e-07,4.36584237330542e-62,0.124122404686419,1.6456831022648e-30,6.54054956498616e-09,1
"20068",8.28834732540658e-11,0.322458948934709,0.670948916674183,0.00659211601769978,5.41103271551622e-11,1.82364136210533e-08,3
"20070",6.71338764679498e-08,0.994626238609097,0.00107389061936729,0.000854486279928869,2.43863310072089e-18,0.00344531735773009,2
"20072",0.0395273490712671,0.039109171598198,4.4509968666234e-44,0.921363135873464,2.896088392345e-46,3.43457070549435e-07,4
"20074",1.03962962423652e-27,6.90663282650121e-17,2.27113410265222e-18,0.0169193441392935,0.983080655743124,1.17582466079365e-10,5
"20076",3.87043088905333e-08,0.000160416479491862,1.88713712343223e-11,0.993108429197989,0.00673111559435706,4.98210215166344e-12,4
"20078",0.970400193537188,0.0251083809544556,4.76899026138565e-18,0.00446886697434578,7.84319655853395e-14,2.25585339320883e-05,1
"20080",0.989386962639884,0.000364544664607803,2.94308282511136e-57,0.010223870628307,1.18272586938553e-34,2.46220672009162e-05,1
"20082",0.000146192144525195,1.25086050929258e-10,9.08317280221064e-53,4.55402508423057e-09,1.23161728655242e-52,0.999853803176364,6
"20084",0.972777227276429,0.00043485564755246,6.56504180450084e-22,0.0260247798116449,5.3751956649281e-08,0.000763083512417204,1
"20087",0.850227200694809,0.101303380306549,3.54622742027179e-21,0.0484689247760879,3.53986291575989e-27,4.9422255421734e-07,1
"20090",0.981495747218787,0.00633315386279983,6.43831276804632e-57,0.0117838732667512,2.39310724869916e-35,0.000387225651661477,1
"20092",7.14590886783171e-09,0.000364328089517872,3.79780796573434e-31,1.31859349156759e-05,6.5496106814215e-62,0.999622478829658,6
"20096",2.47644459364944e-05,0.00707029691129767,1.4637769936713e-13,0.000445885906503895,2.42609954577252e-18,0.992459052736116,6
"20098",3.80967793741054e-07,0.132548802821172,0.0163854489439831,0.00111553094272978,0.849898369254027,5.14670702943871e-05,5
"20101",0.924805362910545,0.0121022178733881,1.04731389015035e-44,0.062488011934133,1.14307437200525e-14,0.000604407281922785,1
"20104",9.21401044264181e-25,4.09853864634742e-09,9.86992960164627e-21,1.88227273083342e-07,8.48754464998995e-44,0.999999807674188,6
"20106",0.907009978762914,0.0798479205909548,7.07284165678123e-31,0.0131420945292707,1.11763764890792e-13,6.11674844170854e-09,1
"20108",0.000449570404562059,0.290709630086835,0.70217708496305,0.00644676261348647,0.00021667839026151,2.73541804899786e-07,3
"20110",7.47918665384181e-06,0.0668156790129171,6.68696137467566e-11,0.071703684438996,5.49509594515569e-07,0.861472607784969,6
"20112",0.407288055217028,0.577647542888257,6.24679025247846e-30,0.0140138639929484,3.92268760920842e-19,0.00105053790176699,2
"20114",0.980378961965738,0.000624906609670579,1.24898980965997e-15,0.0189477955417232,5.12981580368711e-06,4.32060670626956e-05,1
"20116",0.833544166231626,0.0275757007114243,1.56633185360946e-21,0.138878279534255,1.85146685646574e-06,2.05583894736863e-09,1
"20118",0.276555549010476,0.704878488996127,0.00120480245151882,0.00188719070788482,0.0153858466396985,8.81221942946562e-05,2
"20120",0.784896913914161,0.0737240283581591,3.15391411261082e-29,0.139588197111828,6.97373526672176e-14,0.00179086061578258,1
"20122",2.18313979315244e-13,2.49656419853413e-08,1.20411980443987e-09,0.00227304559707172,0.99772692792813,3.04817827577409e-10,5
"20124",0.917557952130684,0.0149330193916225,4.3056689374953e-49,0.0590696235674862,1.12886913014179e-43,0.00843940491020713,1
"20126",2.87727989912182e-11,1.27420246253166e-14,9.10621590091846e-75,9.06664037420047e-08,3.17799363209039e-67,0.999999909304811,6
"20128",0.000153349273271888,1.29673675739882e-14,3.42490750818275e-111,0.000160686876918929,4.77631055907963e-78,0.999685963849796,6
"20141",8.8668677994925e-16,9.77554099940092e-06,7.31303674147626e-13,6.84441298168853e-08,4.08204825356982e-23,0.999990156014139,6
"20143",9.82794091213143e-23,7.5116493435899e-15,3.18245442316355e-34,0.998437075687889,0.00156259831406257,3.25998040991519e-07,4
"20145",0.922768582470002,0.0729524199357142,1.22503539257911e-17,0.00424097315965571,1.16911255211299e-15,3.80244346267499e-05,1
"20147",0.759319823417884,0.236071889839689,4.63540101053885e-21,0.00460571707049191,1.80341313859166e-14,2.56967191628936e-06,1
"20149",1.06387900036921e-15,1.90960162728133e-08,2.1249684882441e-06,0.00776075552878717,0.992236464230768,6.36175939020748e-07,5
"20151",1.08936190056997e-05,0.0837348850978577,0.215854161843193,0.00196616262753732,0.698433636901403,2.5991100333873e-07,5
"20153",1.05652720967519e-05,0.013762165046486,1.06058572764242e-09,0.0153450996385546,0.799619981782382,0.171262187199895,5
"20155",0.199353267724486,0.787733088357255,3.70377213512844e-35,0.012913506696158,1.19673533034387e-24,1.37222101111418e-07,2
"20157",8.7647122442117e-08,0.00581193747493659,0.00811843809148181,0.0248717829344687,0.961196937981993,8.15869997569362e-07,5
"20160",2.02134549293556e-20,2.65091713909908e-15,3.84524723822347e-17,0.000210829870233231,0.999789168792442,1.33732214570761e-09,5
"20162",5.76206247802376e-18,6.63414815684254e-09,1.16103096617879e-05,0.000308857952805691,0.999679522545402,2.55798195671818e-09,5
"20164",4.74870407287179e-09,0.000716115381464341,4.06074466401298e-10,0.174757310867246,0.824468117553534,5.84510429774731e-05,5
"20166",0.00902760718208009,2.69520796008597e-09,7.01500631374134e-54,0.990972390117725,7.12688832860218e-20,4.9871194531234e-12,4
"20168",1.37363910635809e-15,4.08928607678827e-18,1.38945449054331e-44,0.999999999999968,1.02340262894473e-25,3.04181432334974e-14,4
"20170",1.94004504295715e-08,0.000699647980932997,0.000160917787554374,0.000150342577243695,0.998966911032285,2.21612215335174e-05,5
"20172",0.893212333846162,0.104195635560937,4.81032839056734e-20,0.00255699403315763,1.92139797189596e-28,3.50365597427458e-05,1
"20174",1.97505114589705e-18,6.49163043319643e-05,0.978241002338256,0.0202096699410129,0.00148441070433326,7.12066552922629e-10,3
"20176",3.11831939749277e-15,1.12769817359193e-08,4.14407571198889e-34,0.999999987342212,4.86694367344288e-26,1.38080277114595e-09,4
"20178",2.94879482680004e-21,2.9308547641395e-16,1.25080525831463e-18,0.000298116602042013,0.999701879289615,4.10834267888366e-09,5
"20181",0.704199631864039,3.64186021191151e-06,4.13908896236057e-43,0.295796726227244,2.21833789152082e-14,4.84830662870744e-11,1
"20183",0.000561812607770834,0.933135322916014,0.0642571382172353,0.000857647246367385,1.17123354789747e-14,0.00118807901260039,2
"20186",2.39065471940372e-05,0.975239190280222,1.43669790411861e-11,0.0240388077952986,3.34051326662225e-41,0.000698095362918215,2
"20188",2.89063702402246e-18,7.9529985198692e-12,1.89005653724581e-15,0.00153332314497387,0.998466670006382,6.84068941933554e-09,5
"20190",0.988135856891781,0.000639424072882646,2.55479626268975e-47,0.0112247177031833,2.78090688590414e-28,1.33215279480908e-09,1
"20193",1.98733601148891e-16,1.0334423942282e-14,1.51423063780236e-48,0.999999895470442,1.04057794028238e-07,4.71753534745041e-10,4
"20195",8.21446772894911e-06,0.116339613776002,1.21815023290135e-13,0.111161359072874,0.772459667727289,3.11449559842823e-05,5
"20197",0.528038289835362,0.464782942158268,7.64696307891419e-25,0.00715392085045799,6.60477342698142e-24,2.48471559120838e-05,1
"20199",4.8498890979542e-14,1.92745441583704e-05,5.54313714710601e-07,0.000829502443390985,0.999143692537853,6.97616083458639e-06,5
"20205",4.17007028774303e-09,2.6238695181454e-07,1.43421819949856e-47,1.3824532857094e-09,1.20739814738161e-60,0.999999732060525,6
"20208",1.27564214409021e-05,0.981436963981486,1.06917864737175e-06,0.00692183550912745,0.0116130143027532,1.43606065444348e-05,2
"20210",8.33486131164567e-16,2.76522815548463e-07,6.43774951173007e-07,0.000145905621407025,0.999853156536188,1.75446373556315e-08,5
"20212",5.59005003907432e-09,0.00763429128615407,5.52600714439918e-07,0.00581119983277184,0.986548590590009,5.36010030067182e-06,5
"20216",0.887328091971365,0.0312904418740239,4.79953690458948e-23,0.0813814627409216,7.54208066549154e-16,3.41368861566036e-09,1
"20219",0.923421881765349,0.000709010833386364,8.72203578120757e-25,0.00131654373785214,1.17530440300324e-20,0.0745525636634125,1
"20223",0.00133481709326706,1.62941621472572e-07,1.24924155285081e-78,0.998664363907805,9.92149929924749e-72,6.56057305901902e-07,4
"20226",3.15214011142123e-05,0.968241766686852,1.52729061616722e-14,0.0317233973517963,2.2462420166053e-10,3.31433559858107e-06,2
"20230",0.987674047007929,0.000149466748779949,2.142998503288e-56,0.0121753411595377,1.51770661742916e-36,1.14508375330265e-06,1
"20233",5.52160284983553e-23,1.40649987319464e-13,1.0679530719577e-26,5.79920956310977e-11,1.18185276738789e-44,0.999999999941867,6
"20235",0.00169422252446045,0.0451218807432738,2.832150569749e-54,0.409592465627013,6.7971491234079e-60,0.543591431105253,6
"20239",0.0753940381804621,0.104168050526416,6.77938707401009e-24,0.820437892076101,1.21889854264475e-32,1.92170216946646e-08,4
"20254",0.000280149689175241,4.14894694251973e-10,2.55269418152108e-62,6.77505631792431e-08,6.28664548015519e-56,0.999719782145367,6
"20256",0.968538734911113,0.0248290165464179,3.99260901608085e-39,0.00658059498848309,6.39300927223824e-40,5.1653553986205e-05,1
"20262",7.24666793234629e-09,0.000371919657866064,0.00111197167297607,0.000144901234216304,0.998371146473239,5.37150347288353e-08,5
"20270",0.0274174665916325,5.14515252411221e-06,4.48373309794209e-34,0.972577388249059,1.68010430822158e-18,6.78370741944748e-12,4
"20284",0.000197512574825198,0.123574370032939,1.6207421423245e-08,0.00468804441530433,4.80531283288355e-24,0.87154005676951,6
"20287",0.952733671288675,9.09426276195813e-06,2.63435274035832e-75,0.0472572196665373,8.94359469716261e-56,1.47820255111585e-08,1
"20290",6.96495630097966e-08,7.38219543785782e-06,1.2649843022579e-29,6.38867717375369e-06,4.1268974246542e-28,0.999986159477825,6
"20293",0.80678416039767,0.192181589381423,4.00350762723588e-12,0.0005745140821509,7.00791770263085e-16,0.000459736134751642,1
"20296",0.00112428227336799,0.0160866234806044,0.000135889628838425,0.507842403692766,0.474810800924365,5.82935125922861e-14,4
"20301",0.0793583995636794,4.21878984367072e-09,7.21380647657861e-100,0.920639953680035,3.25005460120116e-36,1.64253749612407e-06,4
"20304",4.73777070880885e-05,4.72906177935746e-10,1.85011563617208e-47,4.55757396786424e-10,1.21645057272415e-52,0.999952621364248,6
"20306",0.979603038355413,6.60039008313554e-05,1.03618702586056e-50,0.0197106318796401,9.53358839400248e-48,0.000620325864115043,1
"20309",0.00586815828404488,0.993284599405506,1.25341350518853e-17,0.000366881415805276,1.0412436706565e-15,0.000480360894642467,2
"20311",0.956574650057134,0.000257520151206397,4.32404127007392e-26,0.0431674535488065,4.28420441851176e-15,3.76242848977635e-07,1
"20314",0.00142388026199226,0.20352050117055,0.138015786700861,0.000825781187832003,0.656193238989699,2.0811689066308e-05,5
"20318",1.24385378084841e-12,4.83144810492188e-15,6.73796980228026e-31,0.999539733392395,0.000460265801132431,8.05224215852586e-10,4
"20320",5.50702300501124e-09,0.794822495294143,2.7694341104875e-11,0.202812454820418,3.92347488290813e-15,0.00236504435071774,2
"20326",0.00798860077548086,0.861545758679711,0.0681677266634824,0.000852677851970264,0.0600383240240092,0.00140691200534574,2
"20328",4.24967071116858e-07,0.992649495038478,2.37230890042814e-12,0.00593226276967246,1.02683907220886e-29,0.00141781722240635,2
"20330",0.0520543678465125,0.446658614215519,1.61685322333861e-34,0.501260407229033,3.15696334048642e-32,2.66107089356247e-05,4
"20336",0.000273007292229081,0.000700833478700393,2.36682818429478e-17,2.30533716940644e-07,1.95262755545467e-37,0.999025928695354,6
"20338",0.000333396695805062,0.000607793088293486,9.29724379091068e-31,1.20244255431339e-06,2.40422647178577e-24,0.999057607773347,6
"20340",0.884658274337104,9.02184919770319e-05,2.97172354896267e-56,0.115239678070232,1.31372199620745e-43,1.18291006865163e-05,1
"20342",4.76823018306359e-20,2.58642331566532e-18,8.71931537012587e-62,0.0014837388878148,2.12082615887702e-46,0.998516261112185,6
"20344",0.987650034916715,0.00674596517620827,3.9233741791265e-31,0.00550220954240599,4.37660231205346e-31,0.000101790364670771,1
"20349",0.9895855472196,0.000106388686380773,1.37545731049197e-41,0.0103042594958424,3.60284322567832e-41,3.80459817681975e-06,1
"20351",0.00242731588011259,0.994119993397714,4.28677276489414e-16,0.0031052810221599,7.37842753390193e-16,0.00034740970001291,2
"20353",0.0375375951111963,0.918652727007276,6.72529703845762e-47,0.0238096331177866,1.61213371569023e-37,0.020000044763741,2
"20357",4.52729991824868e-07,2.21739448346231e-08,3.29140235402776e-52,2.12620963871122e-06,5.49780275981364e-71,0.999997398886425,6
"20360",4.83320317771405e-16,5.2152797593577e-07,6.72360908052005e-59,0.0472796980358754,2.39948625904784e-58,0.952719780436148,6
"20364",0.39938816494803,0.593868452784485,5.55184118516712e-19,0.00672864669346048,6.32898122130724e-18,1.47355740244695e-05,2
"20366",2.30869662741579e-10,8.93432993256876e-06,2.38733874271711e-25,8.11082570887725e-09,1.77540833901047e-41,0.999991057328372,6
"20381",9.03136007455913e-23,3.69101720584332e-10,1.37760854983985e-11,0.999942292863969,1.64384500885893e-10,5.77065887688878e-05,4
"20391",6.37797959574273e-07,0.00583116346257571,8.46556184662614e-24,0.99349712704935,5.94980526982381e-59,0.00067107169011519,4
"20394",1.09198748066992e-07,0.941324975540304,0.0214938214504621,0.037180972673962,3.5860152731316e-09,1.17550507835616e-07,2
"20396",7.55023992373683e-22,0.000270561902171456,0.0166977569652219,0.972510481708407,0.0105211942732267,5.15097256209577e-09,4
"20409",0.90955258823029,0.00117010683965898,7.08979863298738e-13,0.0892517536690316,1.99901032904674e-05,5.56115701984079e-06,1
"20411",0.800892218321524,0.0435016274838006,3.83895370933824e-38,0.000386254333051261,3.49019336368524e-47,0.155219899861624,1
"20416",0.000130703275770634,5.30820661049821e-13,8.72014278318588e-97,6.63063036919799e-06,6.78987222910773e-93,0.999862666093329,6
"20418",1.2642280501986e-22,4.34867987381549e-06,0.0014401016749029,0.789187305480565,0.209368240928949,3.23570947814688e-09,4
"20420",3.84763579192855e-22,4.18882773181176e-09,2.26515199734244e-20,1.59699416858327e-10,1.03434025615913e-37,0.999999995651473,6
"20422",0.796102757091468,0.00618304640175481,5.24996362255431e-44,0.197714196107433,1.77971476261053e-23,3.99343895304846e-10,1
"20424",0.754027733196799,0.227687071616585,2.36470172534469e-37,0.00881030306009585,2.78661581540932e-42,0.00947489212652018,1
"20426",1.23529602341378e-21,2.33178813545589e-18,2.7620327619538e-55,1.70418099345604e-09,7.77641909448842e-38,0.999999998295819,6
"20428",0.0369081733195634,0.920663901119446,1.20294135413216e-16,0.0424279200914793,1.6610652056172e-19,5.46951135275148e-09,2
"20431",1.32745008475664e-05,0.981313061463116,5.57933432781589e-21,0.0160958738499407,1.01714301300495e-05,0.00256761875596556,2
"20433",0.0214854827171254,7.76481384556955e-07,7.19392926717419e-73,0.978513735657673,6.69972116704128e-52,5.14381752037421e-09,4
"20436",1.98444468777865e-11,3.68485876471878e-09,1.51826308389001e-45,0.999999995237017,7.10379737699928e-30,1.05828016371247e-09,4
"20439",5.31268914574622e-17,5.49772617562375e-05,0.966067510627373,0.0338501682071074,2.73435903311419e-05,3.13432720533276e-10,3
"20441",1.31057374782734e-09,0.000176403272504464,1.74154299933629e-39,3.2165983723383e-07,1.81417926394929e-42,0.999823273757085,6
"20444",1.6656472899302e-20,4.79947648038315e-13,6.49365271061602e-10,0.000603492200782714,0.999396505074318,2.07505369913554e-09,5
"20448",0.000102183188660979,0.0373985818432825,5.17984426369876e-11,0.0059496405049872,3.33781353792164e-07,0.956549260629917,6
"20536",1.11380523579615e-12,0.330664864263744,0.129385887924463,0.539949237978648,6.93172670101102e-17,9.83203107991826e-09,4
"20538",0.00339460049657168,1.67695553173917e-05,1.82601640691079e-23,1.28254854877071e-07,1.82148840270473e-43,0.996588501693256,6
"20541",0.988365448027682,9.04515414953038e-05,3.38832479757391e-54,0.00813672728497048,8.96589020830779e-45,0.00340737314585266,1
"20544",0.501383680854555,0.497202764820478,1.06795052667929e-11,0.00131555133523124,3.49999200444008e-12,9.80029755569672e-05,1
"20546",0.976966764828786,0.0149477430586792,5.32664938421039e-27,0.0080182534757082,1.06046304413078e-36,6.72386368265097e-05,1
"20550",3.65762402981724e-07,0.85532977708288,2.92750664322934e-23,0.144667919896426,3.041405843389e-17,1.93725829100713e-06,2
"20553",8.69971840353795e-10,1.09666537791681e-24,9.82960924202744e-131,0.000100871886758097,1.36563454771342e-72,0.99989912724327,6
"20555",6.11415208102208e-21,6.45526886412962e-10,5.30171268585942e-28,1.1185200780258e-09,5.79176765269342e-59,0.999999998235953,6
"20557",8.64683447892731e-06,0.980016507435402,2.10246006518901e-20,0.0010647400512919,1.08848709791849e-14,0.0189101056788165,2
"20559",0.956187084236978,0.0285028155251996,7.29685418840299e-26,0.0153100091891961,5.60454444939288e-17,9.10486261019034e-08,1
"20561",5.93213865993375e-08,0.00393593874000506,3.26524946359438e-05,0.00133530292132459,0.994690474915727,5.57160692045917e-06,5
"20564",2.94879482680004e-21,2.9308547641395e-16,1.25080525831463e-18,0.000298116602042013,0.999701879289615,4.10834267888366e-09,5
"20566",0.499529736460635,0.480126821937998,3.03362298132965e-16,0.0203434415868506,1.25232619518888e-12,1.32642182457976e-11,1
"20569",1.24423290061294e-12,0.000932944720135891,4.21228091667044e-05,0.00289534235154642,0.996129586307983,3.8099232201223e-09,5
"20572",1.46867254258397e-12,2.56665249681268e-06,3.81351065233201e-10,0.28076471366378,0.719232718859551,4.41352332792353e-10,5
"20574",0.937584415407219,0.0531984323209178,1.79631291218976e-36,0.00880846323544485,3.49206198473346e-19,0.000408689036417974,1
"20576",8.16134009159046e-16,6.02663391262123e-11,1.72651056412866e-16,0.000803494064917256,0.999196484495463,2.13793525823542e-08,5
"20578",0.0879131120350604,0.905985370707607,3.68873477038335e-10,0.00610004624168258,3.15046791501454e-07,1.15559998556083e-06,2
"20580",0.929062210325128,0.0611065097323055,4.84433036448689e-10,0.00983127758341307,1.99103573001332e-12,1.87272994922847e-09,1
"20583",3.56439265814963e-17,1.49211872383809e-12,5.16268417491001e-15,0.000267005818407193,0.999732988689432,5.49066339420239e-09,5
"20586",0.899752048748347,0.0873826674530683,1.76312090652017e-13,0.0128620001819287,2.98878907971679e-24,3.28361647969724e-06,1
"20589",0.928886132276982,0.0555966085939266,9.37763901418152e-44,0.015513952216533,8.93653691180919e-44,3.30691255887739e-06,1
"20591",1.49133016004082e-13,0.387925008937743,9.29221057249235e-13,0.000103813440372477,7.1120371725262e-31,0.611971177620806,6
"20593",0.928339166623543,4.55170447913182e-05,4.56510084142773e-85,0.0716151371236578,3.73018033106314e-44,1.79208008170238e-07,1
"20595",0.768671459726136,0.230266221223134,2.08009620191237e-22,0.00102608183100059,9.03881930575949e-15,3.62372197204792e-05,1
"20597",6.42718115629522e-24,2.28419169130376e-07,2.07196212897148e-06,0.999997698640732,1.15463746554323e-22,9.77970026030398e-10,4
"20599",2.96403239950129e-19,2.03680805892114e-15,2.4467633587586e-20,0.000871840056561947,0.999128158953843,9.89593317062897e-10,5
"20601",2.89496675387246e-06,0.315036516800558,0.683871893478489,0.00107930254293801,2.35418884023438e-07,9.15679237779738e-06,3
"20604",0.988193403910904,0.000163022707460548,1.52454739264763e-54,0.011643453902712,8.43412741082862e-27,1.19478923294376e-07,1
"20606",0.977758095946033,0.000607168017281396,6.09111363652831e-46,0.0216347284813336,3.14128915676056e-32,7.55535142713329e-09,1
"20608",0.659356513862501,0.327684539656305,1.20605911484596e-36,0.0129589457757617,1.52533954746309e-25,7.05432823710034e-10,1
"20610",3.20063961634163e-14,1.08297528938749e-06,2.79371986000726e-20,0.0051508445037044,0.994845504214352,2.56830662228403e-06,5
"20612",3.68735943745526e-14,4.07349959985729e-19,2.03221615857885e-56,0.97458359496854,2.47381458691747e-54,0.0254164050314235,4
"20614",3.6051958173899e-15,5.03061613732164e-07,2.60827082088247e-06,0.000433965247196334,0.999562860295706,6.31246591112821e-08,5
"20616",5.82399727797131e-05,0.537707101390469,0.000600175465124947,0.461633898157884,1.02004180120234e-09,5.83993700069163e-07,2
"20618",1.6586729576405e-07,3.92142737833755e-07,7.44317656560826e-26,2.16214069188962e-07,3.01031399421201e-31,0.999999225775897,6
"20620",0.0320646389782692,1.84946750507279e-05,6.67671797342066e-40,0.967916827096827,2.02753848638651e-22,3.92498532847076e-08,4
"20622",9.40954024832215e-12,7.43404160222596e-09,4.03835174515579e-15,0.0067083659922534,0.993291588282845,3.82814469344328e-08,5
"20624",0.784638183729768,0.01076214458918,1.13213509152788e-39,4.09056536595909e-05,5.98640869338677e-43,0.204558766027392,1
"20626",0.00127034919169691,0.00962286079585992,9.94771229065193e-29,0.989106789972048,2.28382091913961e-15,4.0392706241292e-11,4
"20628",3.60490840346545e-10,0.336381899280844,2.81592279703175e-23,0.663611399905945,5.47621578047971e-25,6.70045272054703e-06,4
"20630",0.0757973030610766,0.795736552557825,2.41116326706081e-32,0.1284661133513,4.35496070145579e-11,3.09862489565591e-08,2
"20632",1.40422557286005e-22,1.46582005451007e-09,5.30589729421975e-09,0.00257401884182121,0.997425974260665,1.25795945764838e-10,5
"20634",0.976014346453187,0.00707034827088675,5.91142142186099e-46,0.016915261530061,1.20076312549786e-31,4.37458653034573e-08,1
"20637",0.000291568672647337,8.98797156081876e-08,3.82322780498612e-49,8.8800806636639e-05,1.38295732293437e-30,0.999619540641,6
"20639",1.99504287328154e-12,7.98186346235318e-05,6.69763283758046e-11,0.00217376803221765,0.997740648525069,5.76473911834451e-06,5
"20644",9.95417207338716e-10,8.76903030087467e-21,1.22929799077143e-127,0.0188220845385021,2.65442728165436e-88,0.981177914466081,6
"20646",5.22793511828146e-09,1.78069786107268e-06,1.63829081204978e-71,0.999653152051019,8.23587406239804e-45,0.000345062023184893,4
"20648",1.1325564544122e-07,0.0185180041427366,0.681655821472176,0.000109707067841763,0.299688687765382,2.766629621785e-05,3
"20650",0.402600171181365,1.89375852272228e-05,1.00600545556001e-51,0.00423711446648562,1.02635954044236e-51,0.593143776766922,6
"20653",1.73932088810899e-09,0.574216083174509,2.0202622941928e-07,0.425757423793109,1.69109853387796e-12,2.62892651407823e-05,2
"20658",0.909981512601984,0.00334461818636768,3.61646748410125e-43,0.0866738689575636,4.2818759076665e-42,2.54085012690326e-10,1
"20661",2.88958101054105e-10,1.19405424155854e-08,9.33147263121292e-39,4.50161267687235e-08,1.96039695375398e-61,0.999999942754373,6
"20663",0.251052163946581,0.747439860578179,1.95299032245969e-07,0.00146444761190811,3.6545150207111e-18,4.3332564299463e-05,2
"20665",4.54027255579422e-17,1.66211789421718e-15,1.24584214380108e-19,0.00351078127379251,0.996489218722465,3.74100863230552e-12,5
"20667",7.61291311212947e-09,0.743663414441605,2.2325310337023e-15,0.256318067653063,1.4161630240695e-17,1.85102924158653e-05,2
"20669",9.67962751749588e-22,0.00013012578311937,0.000372187704267912,0.999492687560049,1.14947079305755e-19,4.99895256331315e-06,4
"20671",0.0925804236979434,0.0110630824030834,2.00101695516616e-26,0.000368237793578216,6.4924663624585e-20,0.895988256105395,6
"20673",2.99460151423068e-25,4.85004468035081e-08,9.27533513049425e-05,0.999907197765226,1.24824862394195e-15,3.83020634444489e-10,4
"20675",1.23464516792066e-05,0.444361885676175,0.000593993665624909,0.5550317637203,5.4280129903666e-22,1.04862208532716e-08,4
"20677",0.068835358608369,0.855206868937063,1.44046324279502e-07,0.0759576067724782,7.29589173776403e-22,2.16357658160372e-08,2
"20679",4.31346326027796e-25,4.7754251730556e-05,0.381429222976411,0.618521914463556,6.79309373278806e-09,1.10151520945661e-06,4
"20681",2.99467081686883e-12,0.363756265908984,0.621686555790513,0.0145557457693893,5.97899352548374e-19,1.43252811950488e-06,3
"20683",0.0135955930704004,0.898737574999131,2.07259900955579e-12,0.0876668248137354,5.38038271080971e-20,7.11466004353376e-09,2
"20685",6.94658493863693e-22,3.34884734979802e-08,2.22062252844356e-20,2.37986387910048e-09,8.01405227036369e-40,0.999999964131663,6
"20687",3.45385232609252e-12,0.000122989883760021,0.945669113860326,0.000308761691222191,0.0538986958443201,4.38716918177591e-07,3
"20689",5.26708178506527e-11,1.95733487117717e-18,5.77335691285986e-104,4.76343327314337e-07,8.76617543682595e-96,0.999999523604002,6
"20691",7.35664016300347e-18,1.84083348002932e-11,3.48863406327475e-09,0.000450196324323733,0.999549778291791,2.18768425141845e-08,5
"20693",0.959400069883798,4.90079822024115e-06,7.23616101293203e-50,0.0405544296012237,2.87908307467268e-48,4.05997167586425e-05,1
"20695",3.52946594338009e-07,0.791152979673394,0.0870340774830622,0.00292425604618057,0.118595987079477,0.000292346771292112,2
"20697",0.974036892497571,0.00164820622281121,1.02254027229448e-36,0.0243145178574951,8.62341536830948e-16,3.8342212176084e-07,1
"20699",0.0851648139991701,0.869230056060566,1.9964279537929e-07,0.0456049295969679,2.60146181129378e-15,7.00497855697436e-10,2
"20701",0.100654099892777,0.866411352892658,2.541716734415e-19,0.0329322189998012,2.32197655013963e-31,2.32821476390536e-06,2
"20703",1.53266570000262e-29,3.2334721039506e-10,2.11007488445267e-21,0.996044910486146,1.58512899902868e-35,0.00395508919050716,4
"20705",0.937665168419154,0.00242173766994254,1.07832897815109e-29,0.0599113540873537,2.08128516861537e-32,1.73982355019324e-06,1
"20707",0.000230022972417182,0.178041793428623,0.820603021275419,0.00109591090879703,2.30094544591537e-10,2.92511846496936e-05,3
