"","V1","V2","V3","V4","best$classification"
"19811",0.0173433932763529,0.0114354380769578,0.971187627384818,3.3541261871122e-05,3
"19813",0.999999983507924,1.58827892273216e-08,6.09286604802079e-10,7.19258049342591e-20,1
"19815",0.00738035248017456,0.279928274396775,0.712691373123044,6.95779759754096e-15,3
"19817",0.000802025757743064,0.0357777055659754,0.963418345852768,1.92282351372404e-06,3
"19819",0.665564141669411,0.334435858330589,1.19334372963168e-31,1.47502074658583e-27,1
"19821",0.0982611070769645,0.103587576424996,0.798127418877917,2.38976201225003e-05,3
"19823",0.998494446656,0.0013663087044144,0.000139244639585093,2.06722918892224e-16,1
"19825",0.999999689299928,3.1069932799739e-07,5.41309228784036e-32,7.44245432403964e-13,1
"19827",0.0140821847481343,0.0246533602322119,0.231186937351421,0.730077517668233,4
"19829",0.115883976214421,0.884116019642725,9.50304857315757e-17,4.14285466989731e-09,2
"19831",0.954966843340144,0.0450331566598556,8.88746334335266e-27,4.34939262615501e-37,1
"19833",1,7.27932200531563e-17,4.19416563901275e-62,8.03310225901208e-46,1
"19835",0.0982611070769645,0.103587576424996,0.798127418877917,2.38976201225003e-05,3
"19837",0.00175855002535661,0.0375632269786736,0.798006045375688,0.162672177620282,3
"19839",0.901360179234418,0.0986391618910148,1.12615808513721e-17,6.58874567259358e-07,1
"19841",0.388548558047813,3.10904205582293e-10,3.9575722995003e-21,0.611451441641283,4
"19843",0.985290046016807,0.0147099539831933,3.87527519957341e-32,7.89102652917949e-39,1
"19845",0.57266246107214,1.96152288513766e-05,0.427317923699008,3.08363006082724e-21,1
"19847",0.18201330297164,0.416525865977102,0.401460831051258,1.29021512253622e-17,2
"19849",0.99999843408659,1.01314798155355e-09,1.5649002619687e-06,1.8859596284968e-18,1
"19851",0.00164373416901279,0.00327937555175386,0.995076053147377,8.3713185622391e-07,3
"19853",0.995855548440191,1.86684872905842e-07,0.00414426487383781,1.09870867337467e-12,1
"19855",0.0297486582196698,0.00119530725041019,0.969035930281964,2.01042479561846e-05,3
"19857",0.0267476514721944,0.777338709447912,0.195907071364764,6.56771513040357e-06,2
"19859",0.0212348507035423,0.251982114267586,0.726673409716687,0.000109625312184584,3
"19861",0.0143199896283916,0.000271214327517856,0.985408794833322,1.21076898470331e-09,3
"19863",0.999985093948443,2.33295332991733e-15,8.72967489058557e-16,1.49060515539858e-05,1
"19865",0.000875491386800953,1.88334778052284e-06,0.000297332495810079,0.998825292769608,4
"19867",0.0139700186528575,0.0144779287926311,0.971552052554511,1.13419761724841e-19,3
"19869",0.999554315061659,2.56263785608847e-08,0.000440580816998141,5.07849496462696e-06,1
"19871",0.00290891264025279,0.276601419393365,0.713084337295947,0.00740533067043473,3
"19874",0.0096788237960079,0.000375307710946655,0.989241811656976,0.000704056836069023,3
"19876",0.000404633741101008,1.96917421883713e-05,0.999545376836758,3.02976799526117e-05,3
"19878",0.490398221239879,0.509601778760121,1.92474174173512e-18,3.69085708960084e-21,2
"19880",0.000229602868683579,1.06746335777077e-09,1.38346377855743e-06,0.999769012600074,4
"19882",0.827108947140372,0.000734207041709834,0.172156845815593,2.32550381154011e-12,1
"19885",0.00130054218985416,0.418282947489778,0.580416070646903,4.39673464695472e-07,3
"19907",0.139267060837681,0.00613305864472768,0.854599880517591,7.58703594171527e-17,3
"19909",0.00659141802880717,0.993408581844985,1.26207889788079e-10,3.82647295811461e-19,2
"19911",0.0225777433561385,0.977422073667214,2.28856138721157e-13,1.82976418792129e-07,2
"19913",0.000344070091846086,4.68426327604055e-12,2.82927323844579e-13,0.999655929903187,4
"19915",0.00044776434363526,0.000226522587144486,0.0175207384547572,0.981804974614463,4
"19917",0.00521505884041498,0.000475931530332087,1.12297266889614e-05,0.994297779902564,4
"19919",0.00306895377208874,0.0496651525128361,0.75917723034395,0.188088663371125,3
"19921",0.000511639263325475,0.00681566004801412,0.992672700643166,4.5494599482531e-11,3
"19923",0.275023338883865,0.724976518624689,1.42491446770285e-07,6.37095625591547e-23,2
"19925",0.000753121486666521,0.000168693703657466,0.00120482841190416,0.997873356397772,4
"19927",0.00172821942188266,0.0286185717490347,0.96965320877739,5.16927936127033e-11,3
"19929",0.976202819905478,1.25072323685331e-14,6.53363286169597e-10,0.0237971794411461,1
"19931",0.0288420681607779,0.750905977876231,0.220251953952105,1.08856891360735e-11,2
"19933",0.00524653515554885,0.994720154297989,3.3310283757934e-05,2.62704875048349e-10,2
"19935",0.0281684062706225,0.971242366251056,0.000589227475961181,2.36066002327272e-12,2
"19937",0.00115874372123632,0.0112410522092724,0.987600204069242,2.497610272211e-13,3
"19939",0.0412492660418315,0.927522303826809,0.031228429370922,7.60437265488683e-10,2
"19941",0.21598172796101,0.78401211713943,1.49311869843273e-17,6.15489956073492e-06,2
"19943",0.00276532759610186,2.88420419786632e-07,0.000132391605392669,0.997101992378086,4
"19945",0.00977680554069098,0.990222221391855,9.72974297265622e-07,9.31567973302347e-11,2
"19947",0.999428195858612,0.000569011896549012,4.46557196822452e-16,2.79224483847177e-06,1
"19949",0.0483806276789995,0.951619000580908,3.71740091950489e-07,2.44138860382963e-24,2
"19951",0.136570178116769,0.347578740572966,6.40930514525393e-05,0.515786988258813,4
"19953",0.988653724952802,0.0113462750471976,8.03439247735516e-24,4.68142454524562e-39,1
"19955",0.74438386054496,0.25561613945504,1.19377436287835e-17,2.65562139137065e-30,1
"19957",0.985664930084509,0.0134600070819368,1.67366642930108e-06,0.000873389167124766,1
"19960",0.149928353692585,0.850071646307414,7.90287896787932e-18,7.60456514862099e-16,2
"19963",0.999999999999966,3.23763009483645e-14,2.20742217439127e-36,1.78617322522689e-15,1
"19965",0.0312772484840188,0.968722751515981,4.69710797087593e-26,4.86191412937369e-32,2
"19968",0.996558345298541,1.25618168729915e-05,3.36894138714003e-08,0.00342905919517249,1
"19971",0.99999908165848,3.96708903697894e-10,2.5373776909856e-37,9.17944811267913e-07,1
"19973",0.000211769100978919,0.0130477758182589,0.985878681170929,0.000861773909833106,3
"19975",0.0144243993325135,0.000482072382613382,0.000153840653962767,0.98493968763091,4
"19977",0.9999999823341,1.70078921442172e-09,4.51725800024407e-29,1.5965111221934e-08,1
"19979",0.0282631108127274,0.971736889187273,1.5547779477613e-33,9.40323423401646e-22,2
"19981",0.00408713790613214,0.986118939466111,0.0097939226080192,1.97379202458297e-11,2
"19983",0.0128069704595215,0.971073987685898,0.0161190418545564,2.42169592440138e-14,2
"19985",0.00208162764083026,0.000161377001862107,0.795898625655111,0.201858369702197,3
"19987",0.0561727331185575,0.90842982741187,0.0222761139321863,0.0131213255373861,2
"19989",0.0421297778737364,0.957870222126264,8.69243539690435e-25,7.51362010873123e-36,2
"19993",0.0275184368218331,0.972481293053965,3.7080851898819e-08,2.33043349461473e-07,2
"19995",0.00538241331218797,0.994617527340494,5.31961466731061e-08,6.15117122637907e-09,2
"19997",0.00130051940872772,0.00919919158184936,0.989487118336836,1.31706725873509e-05,3
"19999",0.0017637920404971,4.89516830078249e-05,0.001886688537342,0.996300567739153,4
"20002",0.999999998689785,7.12848030337926e-14,1.07267285012096e-25,1.31014431654889e-09,1
"20004",0.0595198106727678,0.940480179864747,9.44221752686145e-09,2.02677454061295e-11,2
"20006",0.802062028465444,0.197937971534556,2.72587542817898e-22,2.49974396398513e-17,1
"20008",0.717680708154753,0.282319291845247,1.45653451031768e-21,3.76247654725143e-20,1
"20010",0.0389555426730227,0.961044456641925,6.85052364242286e-10,1.06293150803196e-17,2
"20012",0.821716730907195,0.000508735239042368,2.2261040181747e-05,0.177752272813581,1
"20015",0.0515229395658132,0.948477060434187,2.42206089701548e-25,9.39856543203737e-30,2
"20017",0.00085949964348241,0.000642980985017568,0.998373286653486,0.000124232718013918,3
"20019",0.0675936731998224,0.932406326800178,5.23717960542315e-43,3.80791065775079e-36,2
"20022",0.013958335376824,0.986041663831927,7.9124876613579e-10,2.30090800183554e-16,2
"20024",0.998542674959703,0.00145732504029695,2.39449080559309e-42,1.46094459972949e-53,1
"20026",0.998542674959703,0.00145732504029695,2.39449080559309e-42,1.46094459972949e-53,1
"20028",0.00160134198866042,0.000250310685835746,0.982812072477056,0.0153362748484472,3
"20030",0.295680619974133,0.704319380025866,2.75492360988888e-22,1.62615858865529e-15,2
"20033",0.00905303616506922,0.160051198112138,0.0535577632674709,0.777338002455322,4
"20035",0.0954120582573435,0.904587941742656,5.46571915620538e-41,1.13709234343677e-40,2
"20037",0.0154996639596331,0.984500336040367,7.68461866327247e-37,6.71869863327473e-41,2
"20039",0.999999997135041,2.86495944019131e-09,6.52051049550616e-52,7.43137787081875e-78,1
"20041",0.0284154633059616,0.971584536678061,1.59774850426933e-11,3.51717912880513e-17,2
"20044",0.155580896404002,0.844419103595955,2.92052458552086e-14,1.4520831382658e-14,2
"20047",0.432897024762835,0.567102975237165,1.19298970868361e-49,4.54145812878006e-31,2
"20050",0.280035374061276,0.719964625938724,7.57600997957655e-18,3.4498175003008e-18,2
"20052",0.0253349542779223,0.853807258321834,0.0133410937466971,0.107516693653547,2
"20054",0.0295177787553109,0.970482221244688,9.98990066210712e-16,1.41163672293922e-18,2
"20056",0.0669782540109142,7.19287791744486e-05,8.94922361426945e-11,0.932949817120419,4
"20058",0.0385696275406701,0.96143037245933,2.21526853691365e-24,1.1365330057976e-40,2
"20060",0.0149677154444826,0.0947450057683104,0.890287256428551,2.23586561123977e-08,3
"20062",0.00516678238270925,0.960541702986608,0.0342914621028331,5.2527850245997e-08,2
"20064",0.00272689482667262,0.997272140503731,7.48676460779577e-08,8.89801950229532e-07,2
"20066",0.278751577812028,0.721248422187972,1.26079375964038e-33,3.45741387545197e-23,2
"20068",0.00249762949817707,0.0144954053304431,0.98300696512646,4.49193843306944e-11,3
"20070",0.0640256746623008,0.215280157251584,0.720694168086115,3.28444615351364e-16,3
"20072",0.318410624421116,0.681589375578884,2.25121154062605e-21,1.8905059147125e-38,2
"20074",0.00449227608270248,1.79060894148296e-14,2.32751835248834e-12,0.995507723914952,4
"20076",0.946131502991865,0.0149559178419403,1.56601308522279e-05,0.0388969190353426,1
"20078",0.00500828192217436,0.994991717964776,9.03120433694394e-11,2.27372129975124e-11,2
"20080",0.0110130315230456,0.988986968476954,3.86218203842439e-33,8.86395582878666e-27,2
"20082",0.999978361771774,2.16382282255355e-05,4.26900158547422e-34,2.3582987714133e-42,1
"20084",0.188913037162612,0.811081712164081,1.9539843824056e-16,5.25067330618624e-06,2
"20087",0.0147227992452641,0.985277200572789,1.81947070270572e-10,2.91554603877012e-23,2
"20090",0.0265509649489841,0.973449035051016,7.54628504402965e-32,3.27336959521175e-28,2
"20092",0.997005071521354,0.0029949284786205,2.60043975773231e-14,1.77793584870024e-50,1
"20096",0.937522016067538,0.0624779825164027,1.41605548698919e-09,3.95074898066417e-15,1
"20098",0.0057227582444479,0.0468434085818327,0.619341093978812,0.328092739194908,3
"20101",0.0119217100288637,0.988078289964816,6.78106285349944e-27,6.3206500342603e-12,2
"20104",0.99999999941191,5.88056063800753e-10,3.37617763181362e-14,1.31814739452888e-35,1
"20106",0.00650813050909097,0.99349186947533,1.76697601434525e-16,1.55792724641574e-11,2
"20108",0.00328097653506792,0.060122604683849,0.93655799994411,3.84188369730023e-05,3
"20110",0.882189937449315,0.117807301794696,1.41392370600855e-10,2.7606145966894e-06,1
"20112",0.0127641924414927,0.987235807558506,1.79143948534911e-15,3.7238190343299e-17,2
"20114",0.0554641815898869,0.944380409222347,2.17041264316456e-12,0.000155409185595336,2
"20116",0.0671204409837041,0.932867704763257,1.75035424424902e-12,1.18542512887397e-05,2
"20118",0.00626980319980947,0.966118020963084,0.0145639193210457,0.0130482565160609,2
"20120",0.140587541711621,0.859412458246529,2.16756291653684e-18,4.18496882164786e-11,2
"20122",0.00083135756334191,6.01905158264185e-07,6.08603010741601e-07,0.999167431928489,4
"20124",0.059141833127996,0.940858166872004,1.35109820753454e-29,3.41749229957009e-33,2
"20126",0.999999976184153,2.38158474966311e-08,3.12955674871821e-49,6.33129319204612e-53,1
"20128",0.999932594247297,6.74057527033927e-05,8.10332166127456e-69,1.56408308760169e-58,1
"20141",0.999982891225661,1.68509184096726e-05,2.57855929870653e-07,7.58909905400417e-20,1
"20143",0.964741466833488,6.51524479953158e-11,2.73035928077401e-22,0.0352585331013597,1
"20145",0.0105667432552774,0.989433256119077,6.25451369663276e-10,1.93958823643057e-13,2
"20147",0.00179027625477698,0.998209723734937,9.92773033593801e-12,3.58601061093921e-13,2
"20149",0.00319841142812713,5.24317608573379e-07,6.67575583517371e-05,0.996734306695912,4
"20151",0.00107175479181171,0.0191896476089769,0.825849309695226,0.153889287903986,3
"20153",0.359942088568274,0.0171770057456646,6.14659494635598e-08,0.622880844220112,4
"20155",0.00541084771869175,0.994589152281308,1.33907290129468e-19,1.15700417211771e-20,2
"20157",0.0429122905510091,0.00586073712763155,0.185782455000959,0.7654445173204,4
"20160",0.000142432711899939,5.90031146320768e-12,1.09629187872585e-11,0.999857567271237,4
"20162",0.000327185874676375,2.8895736305717e-08,0.000779193915585927,0.998893591314001,4
"20164",0.040445233204752,0.00492601649904578,4.02913477567242e-07,0.954628347382725,4
"20166",0.85441251847528,0.145587481524701,1.98491186175558e-28,1.85966646293708e-14,1
"20168",0.999999999977244,2.27563194037373e-11,5.77657917596056e-27,5.75588539891901e-20,1
"20170",0.00262606529826513,0.00201928158648653,9.97020196560834e-05,0.995254951095592,4
"20172",0.0100001470594813,0.989999852739728,2.00790884240057e-10,2.90119377143437e-24,2
"20174",0.00931457961349834,3.44950555456161e-06,0.990435446148532,0.000246524732415603,3
"20176",0.999999792306867,2.07693133398527e-07,2.64424855210398e-18,8.58025067719701e-20,1
"20178",0.000314122461202639,1.97713071935527e-12,1.83399832058881e-12,0.999685877534986,4
"20181",0.306834244435031,0.693165755266985,1.23922819560242e-24,2.97983769023795e-10,2
"20183",0.0113473884348335,0.114493667563826,0.874158944001066,2.74742624309462e-13,3
"20186",0.537696454091397,0.4545067246733,0.00779682123530319,1.55230028910157e-35,1
"20188",0.000655857092749976,6.30459050001583e-10,1.14254136497329e-10,0.999344142162537,4
"20190",0.00449263208117226,0.995507367918828,1.18501055160173e-24,5.22378298721901e-23,2
"20193",0.999981086348658,1.66291108896788e-09,2.7779187212377e-26,1.89119884315194e-05,1
"20195",0.0343787007803225,0.105378582343044,1.57938634169596e-06,0.860241137490292,4
"20197",0.00796749066161616,0.992032509338149,2.34730545812441e-13,8.44424339756321e-20,2
"20199",0.00420749273259311,3.07221295812679e-05,4.18869650425791e-06,0.995757596441321,4
"20205",0.999997724300125,2.27569987472471e-06,1.03481114982917e-30,6.17633931985704e-50,1
"20208",0.0856416722359481,0.849981064321552,0.0431157927758795,0.0212614706666204,2
"20210",0.000223886837499639,4.67721573492238e-07,0.000285703110335569,0.999489942330591,4
"20212",0.0256131847646608,0.00460988494381744,0.0152126309593767,0.954564299332145,4
"20216",0.014724537164285,0.985275462835344,4.34239009970086e-14,3.27857179844248e-13,2
"20219",0.44738652106203,0.552613478937969,3.32807426651759e-16,2.91458497212813e-16,2
"20223",0.974031881322695,0.0259681186773045,1.89232883038912e-41,2.36209594543184e-52,1
"20226",0.0348515984832681,0.965148377166313,1.89866669682384e-08,5.36375185169822e-09,2
"20230",0.0060504846337671,0.993949515366233,1.44673181765755e-29,1.66574604376545e-29,2
"20233",0.999999999998905,1.09507202360966e-12,2.41674547509202e-25,2.69102477393308e-36,1
"20235",0.941134797161082,0.0588652028389181,5.87526306200532e-31,1.35428299666555e-46,1
"20239",0.459320107920014,0.540679892079633,3.5276668029916e-13,3.09331106792016e-26,2
"20254",0.999923876437805,7.61235621948375e-05,9.6533572339109e-42,1.29064845319392e-43,1
"20256",0.0124024456563318,0.987597554343668,1.08552123441375e-20,3.59410978266465e-33,2
"20262",0.000321943878084678,0.000477938049080476,0.0126213381999909,0.986578779872844,4
"20270",0.921296835404974,0.0787031645949611,4.63033780683211e-18,6.43991518086796e-14,1
"20284",0.938453796225275,0.0615435804777425,2.62329698246945e-06,6.04713622965094e-20,1
"20287",0.137528158158846,0.862471841841154,6.18737156038346e-40,2.87104200196113e-43,2
"20290",0.999643696582224,0.00035630341777613,2.13801203730915e-21,1.8289693008421e-22,1
"20293",0.00910295819471191,0.990896934142527,1.0766202250042e-07,7.39022809710282e-13,2
"20296",0.413893676969126,0.117698256872087,0.00891504460581771,0.459493021552969,4
"20301",0.910704283863623,0.0892957161363771,2.65883082968079e-55,2.54659176144502e-26,1
"20304",0.999978773568579,2.12264314211828e-05,5.54242661258355e-31,7.8105944063887e-43,1
"20306",0.0332869413910047,0.966713058608995,2.08018309627989e-28,8.38238892295864e-37,2
"20309",0.0202989687391722,0.979701026743048,4.51775697606465e-09,2.33769573413821e-14,2
"20311",0.0254233952693126,0.97457660472496,7.86355171964323e-17,5.72793064437369e-12,2
"20314",0.00309074549465223,0.115978207368563,0.560219539422253,0.320711507714532,3
"20318",0.913252055552155,6.99826318727391e-08,4.03823492194466e-20,0.0867478744652133,1
"20320",0.528341855513581,0.47163974663185,1.83978545481113e-05,2.11303149005874e-14,1
"20326",0.0115366213482354,0.448482016784207,0.500242900948319,0.0397384609192387,3
"20328",0.35859388414204,0.64111779526269,0.00028832059527021,6.32554977666167e-29,2
"20330",0.128620908045965,0.871379091954035,2.96036908515484e-21,2.49352600219396e-26,2
"20336",0.986492455984776,0.0135075433140449,7.01179026591791e-10,9.45492262650323e-31,1
"20338",0.98676239807906,0.0132376019209401,9.81878082011239e-22,4.84888202484936e-20,1
"20340",0.179129876615589,0.820870123384411,5.61025536341553e-32,1.13728770548893e-34,2
"20342",0.999999999990295,9.70541513965031e-12,6.74679241196423e-47,7.86304026756929e-36,1
"20344",0.0163192979704414,0.983680702029558,3.40221197906015e-16,5.294914444878e-28,2
"20349",0.00925192349927123,0.990748076500729,1.10313034944653e-22,5.01853599787463e-33,2
"20351",0.0392751859718288,0.96072481379938,2.2869699614138e-10,9.39935415575668e-14,2
"20353",0.0327164418547828,0.967283558145217,2.66130141245875e-27,9.958018650229e-30,2
"20357",0.999910048356566,8.99516434337938e-05,7.67866608574622e-33,6.19927873786439e-56,1
"20360",0.999999553404166,4.46595834165522e-07,4.7797558884669e-38,1.10305455766803e-45,1
"20364",0.0090322787653795,0.990967720546033,6.8858724884537e-10,7.16498115296887e-17,2
"20366",0.999947707616862,5.22923831367325e-05,9.78882425810155e-16,1.14272370411404e-35,1
"20381",0.999999977907682,8.59558889089059e-10,5.78824883566221e-10,2.06539346366421e-08,1
"20391",0.989846947074773,0.0101530529205464,4.68082347246677e-12,2.14246340922659e-45,1
"20394",0.0278329075894128,0.287846640831569,0.68432044412072,7.45829890380612e-09,3
"20396",0.799130446131262,2.97256297940699e-06,0.112969739424879,0.0878968418808794,1
"20409",0.169388650792631,0.830425303809388,1.28321560986735e-08,0.000186032565825304,2
"20411",0.112173759207276,0.887826240792724,3.60382745255805e-20,3.27688138672643e-38,2
"20416",0.999943058729345,5.69412706545271e-05,7.76496126269295e-58,1.03334557495939e-71,1
"20418",0.304563813050769,1.03300901856749e-07,0.0101962163449566,0.685239867303373,4
"20420",0.999999997585142,2.41485756128569e-09,2.06207856504234e-17,2.69704231960768e-31,1
"20422",0.0689176196385393,0.931082380361461,2.99858131012776e-24,4.60163182735687e-19,2
"20424",0.0376988323005223,0.962301167699478,4.81133885174325e-20,1.39898627789119e-35,2
"20426",0.999999999999706,2.93860875772231e-13,4.59162364432584e-43,5.85959012825636e-30,1
"20428",0.00532830525887812,0.994671683375059,1.13660628595172e-08,6.89844653193992e-18,2
"20431",0.33382809776961,0.666047187031637,3.44060200997255e-09,0.000124711758151876,2
"20433",0.871848327649029,0.128151672350971,2.23958809722719e-42,4.14865448769129e-36,1
"20436",0.999967303668714,3.26963312864661e-05,9.95727428777704e-25,6.02912183527795e-21,1
"20439",0.0307056095891539,5.38437732196413e-06,0.969272149382335,1.6856651189516e-05,3
"20441",0.999544072443322,0.000455927556678182,2.8630007801494e-28,5.27024029780772e-34,1
"20444",0.000764439315428891,1.12096761942152e-10,1.31207566739728e-06,0.999234248496807,4
"20448",0.93168630225962,0.0683099658682956,2.98799054449132e-06,7.43881539792932e-07,1
"20536",0.0799294874038662,0.00293051829666588,0.917139994299459,9.07780426214815e-15,3
"20538",0.992464604743712,0.00753539525623388,5.41344194224099e-14,2.83722104135349e-34,1
"20541",0.132481148282919,0.867518851717081,6.46971113941187e-33,5.19798570857865e-34,2
"20544",0.00414562754808402,0.995842524688357,1.18477525508801e-05,1.10081609094066e-11,2
"20546",0.0258091385134359,0.974190861486534,3.03310231410506e-14,2.24521311152433e-30,2
"20550",0.0855622248495567,0.914437775150405,2.78878445768226e-14,1.09611555026363e-14,2
"20553",0.999999999510498,4.89502178210559e-10,2.19444149010031e-90,3.91043717367349e-52,1
"20555",0.999999999142639,8.57360713405239e-10,2.80415329551982e-22,5.38336351926435e-47,1
"20557",0.0553501261043646,0.944649873877406,1.79725329875525e-11,2.56998308417696e-13,2
"20559",0.0044770239443996,0.995522976055581,1.5682226079248e-14,3.37660501433174e-15,2
"20561",0.00488256796830198,0.0081137014094313,7.30243411980197e-05,0.986930706281069,4
"20564",0.000314122461202639,1.97713071935527e-12,1.83399832058881e-12,0.999685877534986,4
"20566",0.0307693754234072,0.969230583921918,4.06476168900544e-08,7.05839795064424e-12,2
"20569",0.00339704195746529,9.4235486113821e-05,0.0123748336593557,0.984133888897065,4
"20572",0.0291120829389219,5.00512502114976e-06,9.18213075030375e-08,0.970882820114749,4
"20574",0.00503001230992535,0.994969987690074,5.35808659971829e-20,1.32932029229576e-16,2
"20576",0.000416504796379358,1.19460724110069e-08,1.11037962484102e-11,0.999583483246445,4
"20578",0.00138275708380253,0.998610685948013,6.17495305735731e-06,3.82015127525361e-07,2
"20580",0.00712395832244656,0.992865883154725,1.0158479337523e-05,4.34911383015911e-11,2
"20583",0.000211570108825805,9.61934180868187e-10,1.69349766796839e-10,0.99978842875989,4
"20586",0.0194079369578132,0.980591667103929,3.95938258384148e-07,3.36784976869875e-22,2
"20589",0.008350280081462,0.991649719918538,1.77620554442042e-22,1.49510611789896e-36,2
"20591",0.952457867351487,0.0475421179040688,1.474444393745e-08,1.67129417805886e-25,1
"20593",0.0533894652487529,0.946610534751247,1.6422557938173e-47,8.88839889684442e-33,2
"20595",0.00654826836488264,0.993451731634147,8.75980790181668e-13,9.4473358519607e-14,2
"20597",0.992522876049745,9.78952720724526e-09,0.00747711416072765,2.15154443332195e-20,1
"20599",0.000269214704430105,9.20532836474262e-12,9.54956403839397e-14,0.999730785286269,4
"20601",0.00111700228858461,0.128876905228224,0.870005928305881,1.64177310448236e-07,3
"20604",0.00546999448193102,0.994530005518069,1.86422447793384e-29,1.51025962772715e-21,2
"20606",0.0122802463885833,0.987719753611417,4.9168170912942e-26,1.44396892158155e-25,2
"20608",0.012642383180173,0.987357616819827,1.73036124601878e-18,5.12545267056706e-21,2
"20610",0.00679157780040497,3.63751675664974e-06,1.74871582255903e-10,0.993204784507967,4
"20612",0.999999999984287,1.5712970301176e-11,1.35575689306984e-37,6.21336579516042e-42,1
"20614",0.000452450690077639,1.46456904656296e-06,0.000242183247252815,0.999303901493623,4
"20616",0.562572288118942,0.424560799473237,0.0128667859848005,1.26423019991924e-07,1
"20618",0.999940519690469,5.94803095305448e-05,3.47103261231287e-20,1.05474759591563e-25,1
"20620",0.362114036309209,0.63788596369079,3.6614319443369e-26,9.7025782225033e-16,2
"20622",0.00215311279733649,8.70044124824761e-07,1.07192657804566e-10,0.997846017051346,4
"20624",0.259344544011003,0.740655455988997,1.06698186618065e-21,7.02291804134291e-36,2
"20626",0.765407144013975,0.234592855985561,4.3469400011359e-14,4.20745654669437e-13,1
"20628",0.875235906247173,0.124764093752034,7.93348855522522e-13,3.34571407707054e-23,1
"20630",0.0490124606051292,0.950987538952574,9.54107783086957e-15,4.42287595021285e-10,2
"20632",0.00120567485197663,1.21985684500444e-09,4.69248856209068e-06,0.998789631439605,4
"20634",0.00686592255055914,0.993134077449441,1.02951461336245e-24,1.24198848919391e-25,2
"20637",0.997883124396528,0.00211687560347178,2.07218148236894e-33,5.4281960797129e-24,1
"20639",0.00863233491046537,7.44716859970951e-05,6.98050013461913e-08,0.991293123598536,4
"20644",0.999999998266928,1.73307190814717e-09,4.08691913809838e-81,1.83698557068576e-64,1
"20646",0.999931656357478,6.83436425216614e-05,8.37909767433029e-42,4.38317674188455e-34,1
"20648",0.00338651524757092,0.0188808722842825,0.436382075852395,0.541350536615752,4
"20650",0.905531888131815,0.094468111868185,7.63127598371535e-31,9.51973943090547e-40,1
"20653",0.886123653027506,0.113310842342618,0.000565504618223367,1.16528372478136e-11,1
"20658",0.0873461796547533,0.912653820345247,1.5154664501453e-21,5.67290971981681e-35,2
"20661",0.999994945521082,5.05447891811914e-06,1.1256055299042e-23,7.91295815793691e-49,1
"20663",0.00742433397852665,0.990369962605064,0.00220570341640883,1.90991901135594e-16,2
"20665",0.000788513954705776,3.1509114549653e-11,3.49881251885714e-13,0.999211486013435,4
"20667",0.400576658621598,0.599423325850973,1.55273703656824e-08,5.84495338702989e-14,2
"20669",0.938089318604366,4.39077010383713e-07,0.061910242318624,8.36868826655158e-19,1
"20671",0.650526620593122,0.349473379406878,4.75821647006039e-18,2.09302921881719e-16,1
"20673",0.976375453515072,3.01915782040301e-09,0.0236245434655931,1.77614455470702e-13,1
"20675",0.392206319997762,0.0886765976241049,0.519117082378133,2.42455841769177e-19,3
"20677",0.0339145538865877,0.964893147614291,0.00119229849912162,1.53603308100737e-18,2
"20679",0.787492993884749,2.18384338923037e-07,0.21250644820898,3.39521931574238e-07,1
"20681",0.00376015352665502,0.000394021316118246,0.995845825157227,3.02507255077901e-18,3
"20683",0.090699077663674,0.909288696041207,1.22262951191384e-05,7.05280705566e-17,2
"20685",0.999999992494993,7.5050068673149e-09,2.04794530901529e-17,1.36250871520563e-32,1
"20687",0.000867168862910398,6.44115029152255e-05,0.949732671631405,0.0493357480027695,3
"20689",0.999999999355445,6.44555349750149e-10,1.33709314512841e-62,1.15652709363155e-74,1
"20691",0.00072465345646711,2.17904233419254e-09,3.65882833372547e-06,0.999271685536157,4
"20693",0.0778162332239994,0.922183766776001,2.79898549015302e-28,2.15355778511634e-37,2
"20695",0.0201213249240998,0.0818473872797888,0.821252359005828,0.0767789287902832,3
"20697",0.0179906928362735,0.982009307162836,3.05549484025997e-21,8.90115587073195e-13,2
"20699",0.0105870677012558,0.988387973442463,0.00102495885627785,3.17354518172468e-15,2
"20701",0.0134668136366143,0.986533184608034,1.7553512265835e-09,3.63146938764467e-28,2
"20703",0.999999999994689,5.31112496226253e-12,2.42408698570315e-16,9.75161356919966e-27,1
"20705",0.0462582876687295,0.95374171233127,1.51255952084766e-17,2.55735195275786e-25,2
"20707",0.00537196918158255,0.0891630292684671,0.905464995262855,6.28709517144308e-09,3
"20709",0.690671873879553,0.307275747944449,2.48025349787427e-06,0.00204989792249984,1
"20713",0.998643272780015,0.00105137923663142,0.00030534798215257,1.20063766895064e-12,1
"20715",0.999998443557526,1.55644247357019e-06,4.36071448809575e-67,1.59191373598101e-22,1
"20717",0.0123737956027042,0.0119747746642053,0.975377926934427,0.000273502798662974,3
"20720",0.00939820220803306,0.990601797791953,1.36282092945791e-14,6.91930061554275e-16,2
"20722",0.0138542242633723,0.98614577185477,3.8817905719825e-09,6.73307394948111e-14,2
"20724",0.000212049540667944,0.000982453399684633,0.997868510627227,0.000936986432420551,3
"20726",0.0558271831919468,0.944172816808053,5.30480602957999e-28,9.98629019471944e-35,2
"20728",0.000823335927762176,0.00018154722391417,0.998995116848077,2.46781761113223e-13,3
"20730",0.00147949299271637,0.0254198441259087,0.966597957483004,0.00650270539837076,3
"20732",0.911582282370662,0.0884177176293386,8.91823780841357e-23,1.26762984383065e-30,1
"20734",0.00776943543344517,0.991333665566734,0.000896898998457946,1.36283299510189e-12,2
"20736",0.000749827330175242,4.72326532154415e-05,0.000245303449930561,0.998957636566679,4
"20738",0.999999805025435,1.94974565036892e-07,1.14465582731038e-38,7.97011806623089e-21,1
"20740",0.97492869409297,0.0250713059069822,4.80210585581683e-14,1.51957267457017e-52,1
"20742",0.089246773295204,0.0167227708301639,0.894030455874631,1.67148128937054e-15,3
"20744",0.00390202702316076,5.18555958008319e-08,0.00030218857006682,0.995795732551177,4
"20746",0.00532750843314658,0.857577218101479,0.137095273461314,4.06016228654623e-12,2
"20748",0.000754591553617988,0.000748328197083923,0.974811066701995,0.0236860135473026,3
"20750",0.00374534810363411,0.014579755060571,0.422873346469081,0.558801550366714,4
"20752",0.00692803930811001,0.993071871604391,8.90874990641734e-08,1.51148265598895e-22,2
"20754",0.998568490181548,1.961074286442e-08,0.00143149020755005,1.58638858043657e-13,1
"20756",0.0269986453164406,0.90279188249488,0.0108306103740156,0.0593788618146639,2
"20758",0.999994643914679,5.35496443986499e-06,2.92335166175022e-15,1.12087817410452e-09,1
"20760",0.000986344203780913,0.000230179648324369,0.984310938635464,0.0144725375124308,3
"20762",0.996046779318822,4.45948201397655e-08,0.00395317608635788,9.66077863366945e-17,1
"20764",0.0884609665890809,9.77977636755893e-05,0.28912793547533,0.622313300171913,4
"20766",0.00128472304660925,0.00108348124459394,0.757759181283261,0.239872614425536,3
"20768",0.00064653241337769,0.00376216191952328,0.0056120655630941,0.989979240104005,4
"20770",0.920559915283042,0.0763095688665405,0.00313051585041707,1.19301944193614e-17,1
"20772",0.00683306933637665,0.993166930663623,2.68168498974522e-25,1.82849381787676e-22,2
"20774",0.97366290272746,0.0263370972725399,4.2433187530308e-56,1.06726786852818e-54,1
"20776",0.144655426308078,0.829486548629498,0.025858025062424,3.82797309232107e-24,2
"20778",0.999925520933696,7.44790663042228e-05,2.44124901298062e-71,3.2326324086235e-47,1
"20780",0.999999999995052,3.52019799340308e-12,2.65923933226432e-14,1.40067115352338e-12,1
"20782",0.999690498861992,9.49376087713775e-10,0.000309500188091638,5.39951622861651e-13,1
"20784",0.998936568933257,4.73264919737227e-07,0.0010629578018173,5.52446824197821e-15,1
"20786",0.0206759637818464,5.22406073880208e-12,1.12503179735901e-10,0.979324036100426,4
"20788",0.00255954178353747,0.102840680134524,0.894599777214646,8.67292436803051e-10,3
"20790",0.0277984510397188,0.00020487953787449,0.971953967259332,4.2702163074746e-05,3
"20792",0.363124973757147,0.636760011305959,3.92756127520734e-05,7.57393241417442e-05,2
"20794",0.0106705644461535,1.74526203888359e-05,0.989140999075066,0.000170983858391192,3
"20796",0.00884425767725774,0.991155742322742,4.10844091484284e-21,9.55257987482416e-31,2
"20798",0.000314122461202639,1.97713071935527e-12,1.83399832058881e-12,0.999685877534986,4
"20801",0.999888111427843,2.2191972183498e-06,4.35830166603033e-21,0.000109669374938717,1
"20803",0.0345403073480354,0.901072668298205,0.0643870243525161,1.24361532706881e-12,2
"20805",0.00839833633610907,0.991387854235688,0.000213809428202524,7.97284958349784e-18,2
"20807",0.000314122461202639,1.97713071935527e-12,1.83399832058881e-12,0.999685877534986,4
"20809",0.938543217153918,0.0460529081758801,0.0154038746702016,7.97386902798682e-17,1
"20811",0.99983091976158,0.000166659199435717,2.50236852926094e-18,2.42103898453272e-06,1
"20813",0.669713696825304,0.330272932343042,1.35633264809338e-09,1.33694753212497e-05,1
"20815",0.268451628983296,5.07991309976011e-15,7.36545543807076e-15,0.731548371016692,4
"20817",0.000271591177727645,0.00223412292741029,0.997482431341178,1.18545536838858e-05,3
"20819",0.0267330546294126,0.967549538273202,0.00571740709738497,1.27639247760323e-19,2
"20821",0.999999997470806,2.52919355325957e-09,8.34927929637043e-41,1.13894622942376e-24,1
"20823",0.00645450237502389,0.99153371383773,0.00201177793314552,5.85410025822257e-09,2
"20825",0.000946274044238615,0.000879743594042046,0.998173600443806,3.81917913819616e-07,3
"20827",0.336666745692315,0.0312441630566392,5.55243296466671e-06,0.632083538818081,4
"20829",0.723298760740925,0.276701239259075,4.78443989597428e-29,4.29862682778974e-25,1
"20831",0.00388869320312424,0.00547033002046482,0.990640975067409,1.70900227543994e-09,3
"20833",0.999998038470974,1.14042575725064e-12,1.96152725127287e-06,6.34490638253242e-13,1
"20835",0.00224195460732519,0.00360755267641937,0.990118229740172,0.0040322629760838,3
"20837",0.00892689580348763,0.0324510640550694,0.954519375026078,0.00410266511536511,3
"20839",0.000812513380316285,0.00106580378619469,0.997128674744097,0.000993008089392305,3
"20841",0.624475601358945,0.375524398634403,6.65154296254777e-12,4.54761961887914e-31,1
"20843",0.00621907398257998,0.113385013025016,0.880395912992391,1.38283051677347e-14,3
"20845",0.347926894613511,0.286827114239191,0.36378187182482,0.00146411932247835,3
"20847",0.00991884540815283,0.99006283885756,1.83157332005386e-05,1.08691445656346e-12,2
"20849",0.0189690060562184,0.98102981646909,1.17655291271592e-06,9.21779154020431e-10,2
"20851",0.0237206416143285,0.976279098414247,2.59971423941073e-07,2.94274760629585e-16,2
"20853",0.0876598249549522,0.912340175045048,2.81790113726932e-21,2.81655601535832e-29,2
"20855",0.111553162076562,0.888446837923417,2.23614239969601e-22,2.1070868314234e-14,2
"20857",0.0199095519959986,0.979151186307726,0.000939261622006236,7.42687349563196e-11,2
"20859",0.00296773196199353,0.997032267458552,5.78709929033302e-10,7.44372409889593e-13,2
"20861",0.999999708969718,2.91030280034964e-07,2.3969414917682e-15,5.82607209940827e-24,1
"20863",0.00198436290860024,9.69824664557143e-05,0.00166952759765064,0.996249127027293,4
"20865",0.0291976768261008,0.00446672004086333,0.966335603128856,4.18023921305505e-12,3
"20867",0.495346272154078,0.504653727845922,1.96842079058151e-53,1.54113498126891e-44,2
"20869",0.00583682346501568,0.00247406389190919,0.00168765265167988,0.990001459991395,4
"20871",0.967533995884,0.032466004116,1.52645805396318e-46,8.14556783830097e-22,1
"20873",0.243063963400244,0.756936036599755,2.77451998939678e-33,8.44464917748059e-16,2
"20875",0.00526975989862148,0.994730240101003,3.7549130948556e-13,2.70339532843247e-18,2
"20878",0.996968218449788,6.53861209155039e-15,2.43934432380355e-14,0.00303178155018074,1
"20880",0.99999999894571,7.09689537514835e-13,9.7676685627065e-10,7.68139110608959e-11,1
"20882",0.0642890692255649,0.935710930774435,1.1882675877037e-26,6.23928925130847e-27,2
"20884",0.00393082878237597,0.0122971413799995,0.968893522601439,0.0148785072361859,3
"20886",0.00186889372737888,0.00451055553319893,0.00176241466167237,0.99185813607775,4
"20888",0.354824248365031,1.20658872367929e-08,0.645159876196333,1.58633727497498e-05,3
"20890",0.000374476227578599,0.00837296818825504,0.942829244175624,0.0484233114085423,3
"20892",0.0290811141991938,0.970914966438507,3.91936229875425e-06,1.38388924706833e-16,2
"20897",0.0701929355946269,0.929645215769982,0.000161816310507246,3.23248833827851e-08,2
"20899",0.022003657558844,0.937778083683054,0.0402129706768219,5.28808128008987e-06,2
"20901",0.999999999878,1.22000422176885e-10,8.38126343394235e-44,1.75503113314485e-55,1
"20903",0.999964855751823,3.51442481772162e-05,3.03651137994536e-61,2.5438569002466e-25,1
"20905",0.999541444009536,0.000458555990464043,1.4088415941269e-29,3.63743697855353e-21,1
"20907",0.125538200085998,0.874461799914002,2.93806830896418e-20,8.82053254229179e-34,2
"20909",0.695431300699673,0.304568213781357,4.59565930052473e-07,2.59530399245652e-08,1
"20911",0.999999999987086,1.2913723528545e-11,2.6816667484973e-66,2.25976055361258e-69,1
"20913",0.092110915655439,0.730220781035172,0.177666010971358,2.29233803191675e-06,2
"20962",0.00178082976285897,0.998216107692963,3.0625405813136e-06,3.59677574868362e-12,2
"20969",0.150198972229816,0.849801014104578,7.41094583734809e-17,1.36656055212248e-08,2
"20980",0.00831510395744557,0.991684779297665,1.16623274117335e-07,1.21615404590052e-10,2
"20982",0.00401979448255428,0.995980205285913,2.31532687310055e-10,2.30682138523544e-22,2
"20984",0.43360894018089,0.549704984417633,0.0166860670134089,8.38806803047365e-09,2
"20994",0.0331452236609384,0.966854776339024,4.24152951599052e-16,3.6917071569205e-14,2
"21015",0.742902062597477,0.000242293040524706,0.247253106826054,0.00960253753594498,1
"21023",0.131662056789419,0.868337943210581,1.06077654738582e-23,4.791361964624e-32,2
"21040",0.873108236395327,0.126891763604512,1.61588208136911e-13,8.54535041772759e-39,1
"21073",0.190551248550556,0.809448675450678,7.59987335248109e-08,3.28111990834795e-14,2
"21222",0.00205545339445576,0.0144861452628821,0.972372250780188,0.0110861505624736,3
"21224",0.016874865703299,0.949556802395781,0.0335683148313443,1.70695753136496e-08,2
"21228",0.999783680971379,0.000216319011110476,7.47861846556644e-23,1.75101182211641e-11,1
"21232",0.0222740846272173,0.977725915372783,8.67407363994351e-21,1.37884064148333e-31,2
"21237",0.953841428738483,0.0461585712615172,4.74026306607787e-34,1.15917194572403e-26,1
"21240",0.000420255964089008,0.00124505789077109,0.998334133717224,5.52427915761734e-07,3
"21245",0.000324511137589974,0.000407641531553628,0.984143321885583,0.0151245254452738,3
"21252",0.0763869889215022,0.923613011078496,1.95348460448729e-15,3.36296436258494e-37,2
"21254",0.371530289388607,0.628469710610791,6.01599440761812e-13,2.38373175070256e-24,2
"21258",0.0826888709471996,0.917311126793159,1.14869913232088e-10,2.14477160960774e-09,2
"21264",0.00868658831568868,0.244064020095303,0.603141034272301,0.144108357316708,3
"21305",0.997856692881588,0.0021432739242042,3.31933009254752e-08,9.07613213505491e-13,1
"21333",0.024473159765787,0.975526837152242,3.0819715519394e-09,8.05918596786481e-29,2
"21366",0.0766511394577722,0.658390455152971,0.264958405218597,1.7065914990763e-10,2
"21377",0.0011841722192953,6.24224673310914e-07,1.32536290241448e-07,0.998815071019741,4
"21380",0.999999998696314,1.30368584541646e-09,7.80742073659061e-40,2.29869024936313e-26,1
"21387",0.999999999999441,5.5872899958263e-13,2.19994764600756e-63,5.90924574925326e-77,1
"21390",0.105838763782089,0.894161236217911,2.06478285532129e-16,3.61455082257595e-32,2
"21392",0.0398398305872114,0.960159204030087,9.65335064672094e-07,4.76364243354505e-11,2
"21403",0.0159697051041014,0.984029826327635,6.10552895399968e-12,4.68562158204271e-07,2
"21408",0.0397181715013682,0.960281828498632,7.42925054955127e-22,5.42646276448327e-19,2
"21412",0.999839212400612,0.000160787599387778,5.43145712079807e-28,8.48015604306749e-24,1
"21421",0.0101264656717898,0.92430559593012,0.0655679218603413,1.65377485887878e-08,2
"21424",0.996237207034126,0.00376279296587395,2.55785601265109e-37,1.24680194340354e-42,1
"21429",0.00911326152394795,0.990886738476036,3.86922315651124e-16,1.51940371148036e-14,2
"21431",0.0307502055316113,0.968734409355113,0.000515384023796933,1.0894783871753e-09,2
"21436",0.999962848819831,1.85989652660894e-05,1.85522149032029e-05,9.65274866582791e-19,1
"21439",0.000931650188147387,0.999068220405701,3.49853046939501e-08,9.44208471600146e-08,2
"21442",0.104147264172306,0.894483960978675,0.000237105457104794,0.0011316693919144,2
"21444",0.00238778852860897,0.000310326078177713,0.997301885373836,1.93768783574788e-11,3
"21446",0.999964100375652,1.01566976990861e-14,1.55620463003896e-16,3.58996243378806e-05,1
"21448",0.999999999999907,9.26444547121521e-14,8.90084255102532e-27,1.29638879974511e-42,1
"21450",0.417613812492871,0.582386187108669,3.40754000584438e-13,3.98119089416141e-10,2
"21452",0.0688186234405683,0.931181376559379,5.26301492886529e-14,1.8928254972037e-25,2
"21466",0.158235521591277,0.841764478408723,2.52034990543388e-28,3.26389987812601e-43,2
