"","V1","V2","V3","V4","V5","V6","V7","best$classification"
"19811",0.667614560435782,0.0699216766440918,0.00465552330037619,6.15204401111673e-16,0.257802623138084,2.5042259378971e-06,3.11225572665461e-06,1
"19813",0.988515671372169,2.49303107347127e-09,0.0114843261343225,1.0913258171587e-25,4.50900063854952e-28,1.18261693292177e-33,4.77230668261606e-13,1
"19815",2.85119345370107e-14,0.944478274445542,0.000935906005180958,4.90767149556987e-06,0.0405745775274542,3.15827965727405e-18,0.0140063343502992,2
"19817",2.71641374670728e-08,0.0259846409497511,0.000231295141945957,2.58242726166897e-07,0.973781953185846,2.83045923330831e-07,1.54226966991181e-06,5
"19819",6.17481832597766e-61,6.62610843808627e-09,6.6319007281575e-07,0.644074567346825,4.29611207000173e-62,8.73272061288128e-42,0.355924762836993,4
"19821",0.0241513177450781,0.806370765909338,0.169155262759024,6.04777216079513e-11,0.000190804450069893,9.01764759714874e-05,4.16726000412401e-05,2
"19823",4.9892891929405e-26,0.00043322701963855,0.0964884499939236,1.48624634534646e-12,8.70648424139671e-06,8.32355075943299e-26,0.90306961650071,7
"19825",1.44136971750546e-16,2.34815259708266e-16,0.999999999837177,6.97403121750709e-13,1.31407795328501e-69,6.59979537083181e-18,1.62124727014672e-10,3
"19827",4.99843138046733e-14,0.0171986274576541,0.00992259073361697,2.6700058444295e-08,0.517424821827213,0.454028487943411,0.00142544533799644,5
"19829",6.15009904629241e-21,0.00375406224352881,0.0564782263958694,0.923668718929771,2.97429037659822e-38,2.09413523950632e-10,0.0160989922214177,4
"19831",1.8109392644797e-36,1.28635486186547e-10,0.000332565956161168,0.0705372242370984,2.89540368461387e-57,3.01488386033316e-55,0.929130209678105,7
"19833",9.24467646528616e-53,1.92312065038576e-34,0.997609154072888,2.65422046939877e-35,3.79636052867552e-111,6.90803161881772e-72,0.00239084592711207,3
"19835",0.0241513177450781,0.806370765909338,0.169155262759024,6.04777216079513e-11,0.000190804450069893,9.01764759714874e-05,4.16726000412401e-05,2
"19837",5.93998427479561e-09,0.0230964069239945,0.000701900804157243,6.65881970854854e-06,0.926968767170594,0.0492224377467203,3.82259484085297e-06,5
"19839",1.51267725425929e-08,0.00115112664006034,6.1388957090287e-06,1.01554637571264e-05,4.01747145556473e-37,1.27270109177191e-08,0.99883255114669,7
"19841",8.96779677463375e-10,2.39854472780795e-16,0.928544717985076,2.89204569168478e-24,3.75645810164419e-52,0.0714541595598307,1.12155831388586e-06,3
"19843",3.5787624123718e-13,8.21510386606481e-09,0.968143580905289,0.000114876772186567,1.47386026209e-83,8.00053297784346e-59,0.0317415341070631,3
"19845",0.9986659199502,0.000346683352605888,0.0009873439693727,2.70572876074465e-25,5.27275180026422e-08,5.42689139750379e-27,3.03425284129432e-13,1
"19847",4.94443115160168e-05,0.949212832169438,0.0507227707934237,5.31381859652101e-07,3.22858604687915e-06,2.79893851668407e-24,1.11927577155286e-05,2
"19849",0.999323810223765,1.07339003403098e-10,0.000676189668885008,2.23531661706696e-34,3.35559147785809e-22,1.37350281410727e-31,1.05547514837943e-14,1
"19851",8.72872144717041e-09,0.00258938932879252,0.00011282024041208,1.50280548126432e-12,0.997297414103716,8.02984313659916e-11,3.67516556795775e-07,5
"19853",0.000258994248619671,0.000133164090535052,0.900598137383014,1.26451696019976e-29,0.0990097030759431,2.42993265447657e-20,1.20188845372605e-09,3
"19855",0.000585537974773738,0.0151008083517492,0.00427097948613823,2.55417227394166e-15,0.980042306215189,3.67302876658643e-07,6.69270591852048e-10,5
"19857",0.0138990426311648,0.955936117868532,0.0283348918475663,0.000818934983039065,0.000987482247322205,1.99729442495391e-05,3.55747812647089e-06,2
"19859",2.48507225067907e-08,0.637099814633196,0.0120752546449041,0.000130447737246951,0.350271573636817,2.7449042602938e-05,0.000395435454509904,2
"19861",0.314886293898601,0.0473067540886642,0.00931045927509208,1.15594276244526e-18,0.628496232145541,3.80807523863245e-14,2.60592064085161e-07,5
"19863",0.996596127542545,4.56416865954281e-19,0.00340387239413245,3.74035852989624e-46,1.34473214168692e-40,6.33162008030445e-11,6.45319694857295e-15,1
"19865",8.00507501251692e-10,5.75380206045364e-07,0.00160745791132389,1.88894885593456e-16,3.49666183003931e-09,0.998391955465102,6.94619848941708e-09,6
"19867",0.000166555134539457,0.982078430652559,0.0163281248646906,4.96213495781967e-11,0.00142319159314653,5.88949735309728e-26,3.69770544268081e-06,2
"19869",0.999006220978758,2.63067131085022e-07,0.000993515858619927,1.29650821499865e-32,9.43167629024799e-11,1.1725774287203e-12,1.70255546459434e-15,1
"19871",1.51189317572879e-10,0.28675147633828,0.00484933410369484,0.00966815377541012,0.691233654718462,0.00740211384676985,9.52670661934236e-05,5
"19874",1.21613965751178e-11,0.00161025471750023,0.00896507018166847,3.13138316611133e-15,0.98847660096274,0.000940308783902066,7.76534202496381e-06,5
"19876",2.19617158708844e-06,7.84592684512907e-05,4.26711743261764e-05,1.11509657774605e-19,0.999843576013561,3.30973228947536e-05,4.91800242886118e-11,5
"19878",3.42964935249103e-19,0.56715504362533,0.405468679192822,6.41911877218132e-07,2.68854847404906e-45,1.07054773854915e-26,0.0273756352699711,2
"19880",2.58927779963928e-06,1.13361612753004e-10,0.000147089020621663,2.20304544763873e-26,5.06605408687908e-11,0.999850321535774,1.78244971550953e-12,6
"19882",0.826652169120596,0.112564468610952,0.0607786742939371,4.02351485973873e-22,4.68777463571194e-06,1.07373963923212e-14,1.99867862432357e-10,1
"19885",7.11688182189601e-07,0.428303840577449,0.00177655188931223,0.0165560809149134,0.553142502167603,2.08588699509594e-06,0.00021822687554446,5
"19907",0.0334978277231827,0.933769711134797,0.0326947185267078,7.14517288362568e-15,3.773676861442e-05,8.24923380711718e-22,5.84669143848864e-09,2
"19909",1.94129757589871e-12,0.044424389939387,0.000820445380529012,0.947396866303252,1.50148437766884e-25,6.20706801483098e-25,0.00735829837489053,4
"19911",2.62916642335597e-14,0.000959975961772197,0.0293345005432058,0.926268306126627,2.54319572671965e-25,7.81780847340323e-09,0.04343720955056,4
"19913",1.24485278801727e-15,4.80390427986462e-17,0.000911209927496931,5.60694629131595e-26,4.71498838244521e-25,0.999088787112176,2.96032542135335e-09,6
"19915",9.90658445163272e-10,0.000443723799473443,0.00048507652739526,2.03974509353159e-14,0.00930816170702716,0.989762850243704,1.86731720715877e-07,6
"19917",2.47892018488477e-08,9.54863692030852e-05,0.000784673537405387,1.86217092770727e-12,7.50257168258296e-08,0.99834140127611,0.00077833900050037,6
"19919",3.15523518665459e-10,0.0572808186011345,0.00121072413558922,1.68211245268567e-07,0.736721805585747,0.204617055398338,0.000169427752422474,5
"19921",1.99908605368942e-05,0.0377156174500201,0.000278827938073592,5.37901768437503e-10,0.961983671454093,2.85521954080211e-14,1.89175934612123e-06,5
"19923",5.39890747482519e-17,0.978692423518737,0.00228584192744884,2.8076993312554e-09,1.26997248448976e-18,1.55903852158566e-33,0.0190217317461146,2
"19925",5.72283003986862e-10,0.000129862802477858,0.000935771009418866,7.72822805577982e-14,6.13239512662667e-05,0.998872348243362,6.93421114679566e-07,6
"19927",7.80523510677514e-07,0.389199508487269,0.00229266143836923,1.30805897371656e-08,0.608473149672208,5.96299926161511e-12,3.38867920907074e-05,5
"19929",0.842696884802052,2.33017961026871e-18,0.153579510119427,1.76375307363362e-40,2.58499845206901e-24,0.00372360507805917,4.61258775717607e-13,1
"19931",6.39295856692882e-13,0.991570599617419,0.00146128818382895,8.24346496989726e-06,0.000106628895662881,9.04064261796683e-13,0.00685323983657541,2
"19933",6.34873049113149e-21,0.726479746888171,0.00017990498948959,0.241097544808704,1.07495982349766e-11,8.60685685014054e-12,0.0322428032942781,2
"19935",3.73706370435025e-06,0.968071100457715,0.0205989735186094,0.000336171955749286,3.84139833105508e-10,1.87920921057969e-11,0.0109900166012896,2
"19937",1.72881709980138e-12,0.151700896682486,0.00146330761484068,7.48105769927217e-08,0.846703399588555,9.02865809855593e-17,0.000132321301812319,5
"19939",3.56697453853988e-13,0.981413770267547,0.0183043797505189,2.47946522763209e-07,0.000246766256592852,8.57674370372696e-10,3.48349207873324e-05,2
"19941",2.83354358623895e-11,7.32400380994129e-05,0.00365287549795824,0.0106949784043323,5.3504352542691e-33,1.22832743011491e-07,0.985578783198532,7
"19943",8.96845548606417e-16,4.61547589013414e-09,0.00408310249918063,1.18675634849838e-17,1.67013669928294e-08,0.995916866257626,9.92634906947292e-09,6
"19945",3.01634730579249e-20,0.608202252298342,2.92185652322839e-07,0.371601229786446,2.08440062843853e-13,1.30537749393134e-13,0.0201962257292213,2
"19947",9.39927366276369e-09,2.16557105616883e-08,0.999998998789017,9.32418593885277e-07,4.77689287926044e-35,1.11925920122372e-08,2.65448130593021e-08,3
"19949",5.35156266640552e-24,0.969349496750368,0.00467343954898598,0.000326660715480289,2.97766980479097e-17,6.64444343893574e-30,0.0256504029851657,2
"19951",2.21030325994511e-09,0.307019524802582,0.0194929973358882,5.49674476886299e-10,8.07403312292422e-11,0.614703799529123,0.0587836754916888,6
"19953",9.2910050126004e-48,2.30327257278503e-10,0.00981088527159884,0.00013233690668319,7.41387501605947e-49,7.13661705562389e-62,0.990056777591391,7
"19955",1.3332833561904e-21,0.00806707814821823,0.000431857292548826,0.0979146521501959,2.78460807778323e-38,5.47211410666876e-40,0.893586412409037,7
"19957",4.52489137054681e-13,7.25143680239951e-05,0.996716964292851,2.18953692211506e-06,1.9440367410425e-08,4.11311618481425e-05,0.00316718119953474,3
"19960",5.24603470441614e-17,0.000584570318494169,0.784654928991282,0.214721033659386,1.91966552440963e-44,2.63856183624301e-19,3.94670308378812e-05,3
"19963",3.357529185827e-35,2.16879323107949e-28,0.766937390442414,1.73835082599246e-30,1.59372756345038e-57,4.13681190129845e-23,0.233062609557586,3
"19965",1.59906493702714e-18,0.224994944234438,1.92857293625938e-05,0.0614090310409803,1.71959481162856e-61,5.02338521651574e-44,0.713576738995219,7
"19968",0.381004434934699,8.57729328152265e-07,0.618465374532189,4.08095613834286e-13,3.84329244846695e-24,0.000529331713794095,1.08958220515899e-09,3
"19971",4.68442585195288e-39,1.94997459183077e-22,0.999588104670692,4.26954485583526e-19,1.45991955468404e-79,9.61979357748166e-11,0.000411895233109688,3
"19973",1.64697457325162e-05,0.00715899139096055,6.42191607351036e-05,1.51987519106955e-09,0.992174489533931,0.000585125959736758,7.02689028654651e-07,5
"19975",0.00227769586329784,0.00106421136060111,0.0372602629466744,1.04606423760037e-11,1.25496766710753e-08,0.959395324844855,2.49242443436807e-06,6
"19977",2.88627907858641e-14,2.75254317062648e-12,0.999912858939027,1.53947487573855e-26,5.99820769737312e-56,5.36806358467993e-10,8.71405213849916e-05,3
"19979",7.62546621815803e-47,2.16309715688747e-07,2.48833624002183e-05,0.947377091655564,1.25398602958169e-74,2.87657976019365e-29,0.0525978086723201,4
"19981",4.73715888520196e-05,0.980295965305609,0.000880528343796883,0.0179692211416796,1.17689781705778e-06,7.38326851765074e-13,0.000805736721507406,2
"19983",1.93642964975715e-06,0.980308338497645,0.00731706620712711,0.0123515362399924,1.40170942925986e-05,4.47446403274195e-17,7.10553129286229e-06,2
"19985",9.39566031616313e-06,0.000581875644190381,0.0013877545774735,4.13712596804024e-16,0.689233655816475,0.308787311182206,7.11933786851015e-09,5
"19987",4.09140119406105e-11,0.706325800336352,0.168353694501327,0.115857189663235,0.00101426010292462,0.00721181062214884,0.00123724473309838,2
"19989",8.27940714107138e-49,2.88868156796011e-06,2.5257494147002e-06,0.976318685099813,2.16862186317399e-59,1.59795782468677e-50,0.0236759004692044,4
"19993",1.70173251910711e-22,0.977586259399986,0.00733165589868973,0.0021933669905824,5.9126618975545e-21,1.41694991466018e-07,0.0128885760157505,2
"19995",3.34521002445302e-15,0.809628715972644,0.00119510422774076,0.0158962476924233,7.21130855517976e-18,1.06617389942441e-08,0.17327992144545,2
"19997",1.11786489303871e-06,0.0339613613595035,0.000222415887351575,1.01911090152895e-12,0.96572588584209,5.73803235062403e-06,8.34810127919228e-05,5
"19999",0.0121727442881055,0.000445932242986606,0.000927056904801868,4.37786449015613e-17,0.00108739934884468,0.985366866846558,3.68703773478574e-10,6
"20002",4.32835776834543e-07,7.59446126976025e-23,0.999999561299828,2.35661420704682e-35,4.38499784138218e-57,2.12903961864262e-16,5.86439452817701e-09,3
"20004",4.73078998456752e-10,0.0110272251071992,0.233323057397723,0.751023906214921,2.5608214706147e-21,5.21381387970302e-13,0.00462581080655688,4
"20006",1.21799435817724e-13,0.00025112286764965,0.999438768420226,0.000297740024724341,5.7923132919636e-46,2.14439514171593e-24,1.23686872780641e-05,3
"20008",6.39789867086185e-22,0.0014620527242217,6.28909472133757e-05,1.78041438474572e-08,6.14910282775498e-49,1.24518072831549e-26,0.998475038524421,7
"20010",8.36627297320198e-32,0.0950565551318391,0.000162179786686267,0.886708746576343,1.08073351377988e-20,3.19602860861302e-23,0.0180725185051318,4
"20012",0.00572410240765466,0.00352557408481574,0.742410984225545,1.31747596195229e-19,3.19838368413417e-18,0.248339328118783,1.11632021255458e-08,3
"20015",1.74296319243421e-23,0.000140662789052495,0.00150874983319707,0.969965114898128,1.95851591743765e-67,6.4854242895757e-37,0.0283854724796222,4
"20017",0.00396431503877104,0.00442305046962278,0.000110216486838619,9.62716773742636e-13,0.991393474092305,0.000108943885532209,2.59678007683103e-11,5
"20019",4.45149862010171e-57,9.24199228315935e-10,0.000327408203125096,0.922898787782484,2.50955885388642e-99,3.69867805640335e-51,0.0767738030901914,4
"20022",9.38985705386255e-26,0.0394579651854465,0.000205892823391455,0.952621386303379,3.06346423971937e-21,5.58069551572747e-21,0.00771475568778288,4
"20024",3.47145900305218e-59,2.31157347386087e-20,0.985352637914662,4.43192052454872e-06,4.21592509435352e-97,3.76426161721966e-83,0.014642930164813,3
"20026",3.47145900305218e-59,2.31157347386087e-20,0.985352637914662,4.43192052454872e-06,4.21592509435352e-97,3.76426161721966e-83,0.014642930164813,3
"20028",5.72943129645104e-06,0.000562427221822898,0.000225362693046036,3.15277664094568e-18,0.996613818618587,0.00259256026580552,1.0176944236256e-07,5
"20030",2.47156399993268e-20,6.62086627337246e-06,0.0513185172887024,0.78627120753388,4.747602655522e-53,2.29736264305531e-20,0.162403654311144,4
"20033",2.24128804822147e-07,0.201996189200702,0.00667128465383161,3.20402132985814e-07,0.000242533540055175,0.790297262132355,0.000792185942119057,6
"20035",8.52277618165559e-59,6.09104920660649e-10,0.0297256853116228,0.850361532152173,2.74863622423459e-99,1.27295866532457e-56,0.119912781927099,4
"20037",2.59433599552997e-41,1.59008478895203e-05,7.06365722191558e-07,0.983019663293386,8.88783707672896e-89,4.29829792986265e-59,0.0169637294930028,4
"20039",3.540960681675e-88,1.17364962089285e-26,0.66843703251329,5.02292920004118e-14,1.25183573125512e-110,5.04780395361481e-120,0.33156296748666,3
"20041",9.38262059375286e-17,0.936641297682918,0.0524296352229191,0.00869612761699853,4.70613475450173e-21,8.8068992936319e-21,0.00223293947716449,2
"20044",6.33824611876162e-20,0.0616278586779055,0.936547093150155,0.000592155144878953,2.25732821575291e-28,1.86466229749774e-18,0.00123289302706069,3
"20047",2.36681665558178e-62,1.28352177774262e-12,3.0742611415024e-06,0.721565022186856,2.99797965864632e-108,3.88980758166537e-45,0.278431903550719,4
"20050",3.1727394320665e-51,0.00939395731252537,0.00091847962793034,0.0121027852849056,9.08889791134818e-36,4.1242026733828e-25,0.977584777774639,7
"20052",4.20320721103203e-15,0.799435546317791,8.17020920875327e-05,0.0011857230029028,0.00858969524313878,0.0755866885078399,0.115120644836236,2
"20054",2.10820603031066e-13,0.00861040499282573,0.00375040459129102,0.977591557773156,4.08942435443763e-38,3.54065993780432e-21,0.0100476326425158,4
"20056",4.01753348144575e-16,3.38658584194454e-08,0.110066210646662,1.44996283542276e-13,3.80758059628552e-21,0.889690705541073,0.000243049946261497,6
"20058",1.82505783830033e-40,4.50116538972383e-06,9.92255617544648e-05,0.962185411972589,8.45521955356987e-61,3.99659044317766e-57,0.0377108613002667,4
"20060",5.08590859647449e-09,0.944433149956062,0.0194002775812189,2.27602812907813e-07,0.0361598022518965,7.19733507878399e-10,6.53680236712728e-06,2
"20062",4.37548816580416e-08,0.980946247568923,0.000842928490058679,1.7312151285643e-05,0.0007300523491018,1.78941180364679e-08,0.0174633977916314,2
"20064",3.2398716535662e-18,0.411692713528863,9.16876626468529e-06,0.577126887886476,7.62439168261326e-15,5.57305393586684e-08,0.0111711740878489,4
"20066",5.06511548891788e-32,4.2477454049497e-09,0.0729410947810314,0.893045220637815,3.17017666880687e-84,4.27681837391342e-32,0.0340136803334088,4
"20068",0.00392715885898377,0.387367522656383,0.00166000556664685,1.35459596569952e-10,0.60704528444373,1.88047025393028e-12,2.8336916561502e-08,5
"20070",4.5174357410895e-10,0.95752136121607,0.0038217416196896,1.422809830479e-11,0.00565172541037107,3.48280878141136e-21,0.0330051712878978,2
"20072",2.98009961645061e-12,0.0230569032909883,0.190461608671365,0.191614250374872,1.19803048126867e-58,1.47391163281725e-51,0.594867237659794,7
"20074",2.51982589933036e-05,1.36984164356104e-17,0.00502578700854174,4.14457091523474e-36,7.18148857671529e-26,0.994949014731827,6.38456477519556e-13,6
"20076",0.29259318937951,0.000921457865840874,0.685346857244265,5.30771081659786e-08,1.77419962686385e-15,0.0211232585482234,1.51838850513509e-05,3
"20078",1.49466324401582e-19,0.139701634530404,3.30866829610578e-07,0.8103682122125,1.62873543310346e-20,3.14078719061994e-14,0.0499298223902351,4
"20080",6.8882145587909e-53,1.13724705403069e-05,1.66763871998935e-06,0.991105072220488,2.28133435351351e-73,6.25009143589584e-37,0.00888188767025185,4
"20082",1.45993703225479e-82,3.84573592996663e-17,0.00023033709343396,1.59503850725853e-06,5.50518222512316e-66,4.35300790847989e-65,0.999768067868059,7
"20084",2.42448811938534e-26,0.000261158907229919,2.63182323358666e-05,0.624065018101161,4.99159350301841e-26,1.58200569985373e-07,0.375647346558704,4
"20087",1.10439712965428e-13,0.562686837392092,5.16677282471381e-06,0.287064288839008,2.89242734148626e-25,1.70144893540098e-29,0.150243706995964,2
"20090",2.35320359363577e-57,6.80467584024262e-05,2.45367271588219e-05,0.980707982364133,2.78525318227198e-72,2.40077820720041e-38,0.0191994341503055,4
"20092",3.86785767875193e-22,7.14439274953212e-06,0.0780148955788509,4.25660172165596e-08,6.32208606623255e-33,3.36545206812406e-74,0.921977917462382,7
"20096",4.64670342629299e-24,8.17421358237836e-05,0.00172756807345982,2.05254984714111e-06,5.76682203784348e-15,9.06595374994229e-22,0.998188637240863,7
"20098",2.49746706371012e-10,0.17139493230075,0.0107351017530118,2.44616529647089e-08,0.0321686869780453,0.785534914739331,0.000166339517461829,6
"20101",1.07390336963783e-38,0.00371280209280323,1.03618647345928e-07,0.965539062272178,1.59141127206866e-53,1.87063301642118e-14,0.0307480320163528,4
"20104",1.7561550677624e-14,1.52751344584949e-12,0.99998488330954,3.97799219122591e-27,3.73030386379626e-23,1.00407619471152e-52,1.51166889152243e-05,3
"20106",1.03183610270001e-28,0.0591947607490704,0.000165349724681853,0.932790594621424,6.84010383190533e-38,2.36228943237323e-13,0.00784929490458764,4
"20108",5.41277599973967e-05,0.77420657041569,0.00251513784654915,1.32079714724453e-08,0.222370536412826,8.33035329475723e-05,0.00077031082401824,2
"20110",1.28036983235403e-27,0.00474525826878486,0.131067165802919,4.27265108326062e-07,1.40537245519532e-13,5.34531365766342e-08,0.864187095209911,7
"20112",1.99110396910151e-37,0.865602187011693,1.75782283611477e-06,0.082092257129102,1.33878239958795e-34,6.82975109528786e-21,0.0523037980363688,2
"20114",7.74055681615239e-20,0.00158446438200033,0.00956080450408054,0.840379758768333,2.99484703899497e-18,1.73907458618256e-05,0.148457581599724,4
"20116",3.03378574923645e-11,0.0794352570565163,0.0066587206482364,0.817045914572835,6.13423330073621e-27,5.47468771683178e-06,0.0968546330043579,4
"20118",4.23505533244783e-13,0.865425807557601,0.000238085100915527,0.103472999171863,0.000690882574159257,0.00946390682126825,0.0207083187737687,2
"20120",7.12388729856749e-46,0.000530646619536139,0.0380895053239767,0.922818352348451,4.50093657256016e-37,4.25230780710399e-15,0.0385614957080313,4
"20122",2.65194717528563e-06,2.4727036216535e-08,0.00103060290382396,5.73316070541355e-15,4.42830933203064e-11,0.998966717871144,2.50653162790337e-09,6
"20124",5.62220748623288e-33,0.000386264586596567,5.55531013794473e-08,0.955859669725451,2.88941935569893e-62,3.8378591551596e-49,0.0437540101348506,4
"20126",5.96425608609419e-55,3.60411436139804e-26,0.835893998148123,1.29840453874941e-10,8.6792530210967e-94,3.98086842042027e-81,0.164106001722036,3
"20128",3.96305784179409e-77,4.07048775052741e-24,3.21386902928898e-05,4.95276144795105e-06,8.85741705832265e-146,1.82866085781949e-91,0.999962908548259,7
"20141",2.20267376997681e-19,1.83831744904669e-08,0.999993034645838,5.67480654336636e-14,4.78818666008078e-13,1.31979356977562e-26,6.94697045208654e-06,3
"20143",1.05352857555859e-05,1.35075626659841e-15,0.983694210027323,5.51136219793784e-30,1.22362096273498e-41,0.0162952541945009,4.92418855216434e-10,3
"20145",8.0437521461858e-35,0.0437664147617622,6.33564294442902e-05,0.944660109093726,2.36934458070517e-21,3.12833765197752e-17,0.0115101197150676,4
"20147",1.55858039925562e-23,0.306670849647978,5.53091421471697e-07,0.687215724044733,9.3577137961836e-25,3.74748736811758e-15,0.00611287321586436,4
"20149",2.83258234248258e-08,9.96268942501887e-09,0.00813398543330912,1.26631352424393e-19,1.55671004995133e-07,0.991865725840778,9.47663951433321e-08,6
"20151",3.08817229749314e-09,0.0866187150635559,0.00114298860740225,2.54782173260363e-09,0.519191560420632,0.392907855353777,0.000138874918639364,5
"20153",2.24324578448826e-27,0.00374950115589007,0.314167481745002,4.77958344914749e-09,1.19899829995177e-10,0.467200455319539,0.214882556880086,6
"20155",5.50507469673535e-26,0.0903313846621097,0.00019729975444081,0.901938750937521,8.1874597253649e-44,2.90444617899428e-25,0.00753256464592862,4
"20157",1.76810826135428e-11,0.0124993657759388,0.0830461980269772,5.37061189913059e-11,0.00587123582049482,0.898581554103595,1.64620160692219e-06,6
"20160",1.39038100205822e-12,5.24667277857391e-16,0.000292608171961492,6.10502343031106e-27,1.44483307121184e-21,0.999707391774407,5.22409305284358e-11,6
"20162",1.46462323084872e-07,7.06373858746662e-09,0.00022528104841721,2.52742892485391e-23,3.12032782050256e-06,0.999771445070167,2.75339278420271e-11,6
"20164",4.32002300404774e-12,0.000600885382968935,0.0437759087890084,4.41522640379451e-14,6.11855593813718e-12,0.954411187436381,0.00121201838115873,6
"20166",1.72161678847633e-15,1.12560513859407e-08,0.944715971817129,0.00226638313521415,1.94241701690279e-73,2.49987048426184e-19,0.0530176337916039,3
"20168",0.000265809343682079,5.05675119788297e-19,0.999733080836993,6.03012138791697e-22,3.03274619692647e-69,4.03542716610443e-28,1.10981932490436e-06,3
"20170",4.94186653359994e-11,0.000527285992247184,0.00208436492339826,1.65819572328088e-08,0.000523278648190769,0.996850266919047,1.47868857411989e-05,6
"20172",4.710835921275e-28,0.0221608367884817,0.000139499570354541,0.966680378703063,4.5322699347481e-25,1.08218801428919e-32,0.011019284938101,4
"20174",0.428082489383045,0.000366002575781817,0.00256840152177688,2.87871277530069e-21,0.5649475343461,0.00403557217167754,1.61876254091543e-12,5
"20176",0.248505021174791,1.00810782829593e-07,0.74292404713877,1.37043767038054e-22,4.27840743654575e-48,8.33961657142349e-28,0.00857083087565574,3
"20178",1.58408976690486e-15,2.1893460671731e-17,0.000678135970760199,5.27772005879783e-27,4.29299371177115e-24,0.999321863983132,4.61056438773099e-11,6
"20181",2.98774877649794e-22,3.17822249212756e-06,0.10658492459302,0.856235771539151,8.0466762627298e-57,2.59892300330509e-13,0.0371761256450775,4
"20183",1.52044435980578e-12,0.9003408339664,0.0352665883355588,0.00214490281628996,0.0600825689566606,3.35996087282577e-18,0.00216510592357045,2
"20186",2.23913664302772e-09,0.819960261621077,0.177489805182712,3.93683600344952e-06,1.1640296915217e-13,9.86841178384443e-50,0.00254599412095456,2
"20188",6.10875665310524e-11,3.18962172078624e-12,0.00111041831198807,6.94334344995211e-26,1.25966414177297e-18,0.998889581131459,4.92275279787175e-10,6
"20190",3.44776939500715e-32,0.000357091984249688,0.000153372272647954,0.991611283415246,3.01350966724242e-61,7.75126972681769e-30,0.00787825232785636,4
"20193",8.37930677389929e-08,1.02921790266315e-13,0.941821410974196,5.0421682020159e-26,4.51243019598334e-65,2.27268144003544e-06,0.0581762325511939,3
"20195",2.10319082412678e-12,0.107878681973919,0.00451024656448646,2.75096251812383e-10,1.03343740767413e-14,0.840134290813906,0.0474767803704787,6
"20197",3.85295666411729e-25,0.483900053900315,1.13025897848754e-07,0.511456722040063,3.57884429863545e-29,3.41891641720916e-26,0.00464311103372368,4
"20199",1.82346077437537e-10,8.27915240652418e-06,0.00338094119390726,5.71020850150952e-16,2.34984878318379e-07,0.996610377935408,1.66551053209424e-07,6
"20205",1.89795768371714e-73,5.13633055467762e-14,0.00148862508136169,1.93339830928335e-10,6.11287913489223e-58,4.12644638522175e-76,0.998511374725247,7
"20208",6.67352596206371e-09,0.978181242641292,0.00968622194925062,7.42073804843445e-08,1.08698310203809e-06,0.00638656403836426,0.00574480350708481,2
"20210",7.68448237900949e-09,2.62038696801503e-07,0.000248066909846769,2.66573049866334e-20,3.74013807082524e-07,0.99975128869696,6.56207412395267e-10,6
"20212",3.8384381944045e-12,0.00867372033157559,0.00841459507329826,1.4467698829811e-13,1.53133112608585e-07,0.982453787728435,0.000457743729595294,6
"20216",6.60370384859751e-24,0.000765041216049665,0.0183344026970504,0.980583741425552,9.77793308361987e-32,3.43224199978822e-17,0.000316814661347282,4
"20219",4.50690208500572e-44,0.000122200398653731,3.37707635666213e-06,0.701185723127303,7.50636373598719e-29,2.70265960174943e-23,0.298688699397686,4
"20223",1.43510748169496e-24,7.42602761958806e-09,0.018630104660956,4.27944798343808e-05,1.96041673613307e-111,1.38455605815901e-80,0.981327093433182,7
"20226",1.44644944440452e-20,0.989478762339252,0.00809230207762014,8.58024826885743e-05,8.40982586638301e-18,9.81657617904188e-11,0.00234313300227357,2
"20230",4.99629334301328e-39,7.79616305546001e-05,2.83997708663037e-06,0.977271312631478,2.52813766615851e-72,3.27759966139271e-40,0.0226478857608806,4
"20233",1.01671489143807e-47,1.66175257587405e-20,0.982641027207899,2.93286507516603e-31,1.84606367252233e-33,2.46966045318229e-58,0.0173589727921013,3
"20235",6.80888509987091e-29,4.81498635661265e-05,2.5996736298863e-05,0.00014781257383562,3.39590774632711e-71,1.06638223758839e-70,0.999778040826299,7
"20239",3.12687366037451e-09,0.237824052212343,0.0739326472034928,0.14148857530013,9.42176008690628e-33,2.91191676334898e-35,0.546754722157161,7
"20254",3.12222404090601e-86,8.79106470232333e-18,0.00129375150673765,1.01307052489226e-05,4.60987482835249e-79,6.62052591917714e-69,0.998696117788013,7
"20256",1.83646399158254e-24,0.00147466177338944,3.53392774219323e-06,0.973203691820112,1.26314719501547e-48,7.53063433977439e-45,0.0253181124787568,4
"20262",6.52571497306319e-10,0.00049162052684473,0.000378632686981141,2.43897753280665e-10,0.00477799668782083,0.994351527283296,2.21918588113447e-07,6
"20270",2.28219579266293e-15,0.000872665511699523,0.0793174142650723,6.4376229165396e-07,1.00958887241475e-45,1.17368646554915e-18,0.919809276460934,7
"20284",4.73879269851087e-34,0.00662702017056152,0.806841382378476,1.10202441816161e-06,1.84242157022821e-11,3.78604309957932e-31,0.18653049540812,3
"20287",2.98590248136555e-39,3.48023972722019e-07,0.000157967141455978,0.857357933946864,3.94823521943344e-103,2.70436523842523e-60,0.142483750887707,4
"20290",1.28565127883179e-62,1.13749725965405e-09,0.931099780681625,7.24656988610823e-08,1.6504099636231e-37,1.36492266134242e-34,0.0689001457151792,3
"20293",1.28992822270052e-20,0.0518497640370439,9.60172977826795e-05,0.93311501414144,1.65274481387456e-14,1.07209625333987e-18,0.0149392045237174,4
"20296",0.604570864522702,0.0322751760290761,0.154423578076303,1.60353460158774e-06,9.24303788764681e-07,0.208518365162845,0.000209488370683097,1
"20301",1.00285591110596e-47,1.77320837831385e-11,0.000169553207803615,0.00357254830414669,6.81161983116244e-134,1.15597353826977e-36,0.996257898470318,7
"20304",2.2976396905487e-72,7.95198237454704e-18,0.00962694981806368,1.18270008927445e-05,2.90040838107307e-58,3.54583309676891e-65,0.990361223181044,7
"20306",2.17672745388973e-42,1.75012724349225e-05,1.87119966720011e-07,0.964369210217079,7.3602506194192e-66,7.17798683422614e-55,0.035613101390519,4
"20309",8.26355982123023e-26,0.884037261183293,0.000809222185211019,0.0961656380810816,8.71692455903787e-20,1.39243206747851e-17,0.018987878550415,2
"20311",2.13466190755776e-20,0.00069937369164369,0.00036358354042216,0.82691366644605,3.52497024875168e-33,4.34253793101395e-15,0.17202337632188,4
"20314",2.97700516460351e-13,0.228124881299536,0.00103367046347791,3.30278179838876e-05,0.464649717742185,0.304296928704861,0.00186177397165859,5
"20318",2.40853496330126e-10,3.36338062455508e-14,0.99327601322515,4.48144065184253e-21,1.31535333788914e-39,0.00672268580164322,1.30073231956587e-06,3
"20320",4.98323160698905e-17,0.675394212085985,0.323934527828917,1.3009168171825e-10,1.31702376646386e-12,6.26660893234313e-17,0.000671259953689856,2
"20326",2.04558106013915e-14,0.828312587316495,0.00064338141233405,1.40079110824571e-05,0.113086926091041,0.0192147687003421,0.0387283285686854,2
"20328",3.48429411039666e-17,0.926490075127638,0.0712154077319202,1.08701287274196e-07,1.01755590626018e-11,3.26455588933149e-33,0.00229440842897862,2
"20330",1.03734385540332e-24,0.0658272177488868,0.0210657343267248,0.6438924018258,1.05537794474931e-44,7.55048234079641e-34,0.269214646098588,4
"20336",1.89660187750856e-44,3.64960466646082e-06,0.226041892782598,0.00286221965488002,1.13156035131055e-19,1.85942251667655e-46,0.771092237957856,7
"20338",2.43303425015699e-49,3.23513644485632e-08,4.36876543096594e-05,0.00361671137849403,1.44313781896963e-35,2.43109149359321e-29,0.996339568615832,7
"20340",4.42066583235725e-39,9.26819445363965e-07,0.00104629686705524,0.517064131680515,3.59648386557484e-76,3.74176083653115e-48,0.481888644632985,4
"20342",1.71341377814739e-42,4.81430726423781e-23,0.292543869847996,3.30658720247324e-29,2.29560535178356e-82,4.62872912399632e-54,0.707456130152004,7
"20344",5.31844719292875e-30,0.0639159542668965,2.87448731595435e-06,0.793752130522306,4.8496262790416e-38,2.54967874498272e-35,0.142329040723482,4
"20349",1.13182232785572e-30,6.46324111533717e-05,7.5836190718809e-07,0.982825276484492,4.08056076120289e-55,5.68368683155846e-47,0.0171093327424475,4
"20351",2.01231315303407e-25,0.00428373032724849,0.0404411500947294,0.954634395427955,3.4582792177545e-20,7.00473361974784e-18,0.000640724150067476,4
"20353",7.96425033191928e-42,0.0972542454911032,0.0001333267336668,0.736704094501653,2.1921406057352e-57,1.85420699056856e-41,0.165908333273577,4
"20357",5.32285121328686e-72,7.34929110193768e-14,0.158312065247946,1.73239981383447e-07,8.22513006366082e-67,6.13554760854599e-87,0.841687761511999,7
"20360",2.75473252618127e-33,2.70849695672347e-11,0.0127250147532307,1.64408668472899e-17,8.7431376342711e-79,1.13568359898329e-68,0.987274985219684,7
"20364",2.58570302894587e-31,0.279549132454121,0.000509687485294051,0.710244744879001,1.409327832795e-22,7.89324897942879e-20,0.00969643518158378,4
"20366",3.33212368683977e-49,4.5546593292175e-11,0.995606045570865,1.9725365810099e-07,5.23309592671807e-29,2.28290812790258e-50,0.00439375712993032,3
"20381",0.34528149009585,6.91815137716964e-11,0.654715031854861,6.74745053156918e-33,1.79382998707111e-16,7.72330705163247e-12,3.47797238411149e-06,3
"20391",2.83765155246581e-11,0.000915074368142598,0.988670839190181,4.27475619369658e-08,1.23880748399059e-34,7.36933766328785e-71,0.0104140436657383,3
"20394",0.0079499728790863,0.952568763758718,0.00463559008253535,2.84750725372559e-10,0.0339502769551665,1.92653893707523e-09,0.000895394113203687,2
"20396",0.998768866455321,1.24840442010287e-05,0.00113428884262193,3.0421418787021e-30,6.5656136958628e-06,7.77950438835201e-05,2.76342319022288e-13,1
"20409",3.38014549234436e-19,0.0715053108729066,0.00122048273354381,0.00612151863151929,1.66993933806917e-15,4.4023457091923e-05,0.921108664304937,7
"20411",1.50818870507389e-43,0.000297783360036599,2.26141847884626e-06,0.964778535589702,4.02507660682675e-45,7.37366523015219e-56,0.0349214196317831,4
"20416",1.87124391026992e-84,6.28518755057261e-23,0.00151243865637781,5.14300892086867e-06,3.79128128392872e-127,1.9630421346363e-111,0.998482418334701,7
"20418",0.99812862282709,1.56096818611255e-07,0.000237117032832172,1.11123200227937e-31,2.85518044922478e-07,0.00163381852521244,1.45288190640565e-15,1
"20420",6.95846938010545e-40,5.29396633630545e-15,0.99999829731393,5.03355521783154e-19,5.94549592503083e-24,1.86599533112962e-47,1.70268606518849e-06,3
"20422",3.66394902830775e-36,0.000237485532427763,0.102747757743492,0.891561754363699,6.76293001123843e-60,3.77152092348917e-24,0.0054530023603812,4
"20424",3.28332776985487e-41,0.000900483015375407,0.000259670160359811,0.962084940789099,2.88458847746812e-45,2.48331081866888e-48,0.0367549060351654,4
"20426",1.44944191133674e-76,2.40530778399499e-28,0.993861993865168,6.59655631076137e-27,8.00870333053274e-73,8.40926588454316e-48,0.00613800613483156,3
"20428",4.05972377760227e-06,0.769745465874065,0.000485405550530722,0.202285118371829,9.8725201165504e-20,2.63031284172615e-20,0.0274799504797982,2
"20431",5.07887465985957e-26,0.889854977656877,0.0122946709372024,3.11213427330529e-08,5.09662391818507e-24,4.46811894063664e-06,0.0978458521656368,2
"20433",4.89536558008952e-23,2.26436901026454e-07,0.000104650141439011,0.00055469314715314,1.98255539180044e-102,6.584581615613e-55,0.999340430274507,7
"20436",0.00948926702826569,4.27472935590109e-09,0.989486722199403,2.90906667633328e-13,2.06687935906696e-64,1.030041065958e-31,0.00102400649731106,3
"20439",0.122700423657312,0.000246352294254597,0.0135762899410978,7.4451501907582e-25,0.863394318377675,8.26074422638197e-05,8.28739753643797e-09,5
"20441",7.38270865747156e-61,1.09662265766409e-09,0.097807444499907,8.39631774524508e-06,5.70641854248768e-49,1.82456212093049e-51,0.902184158085725,7
"20444",3.39191083727811e-11,1.95872730258814e-13,0.000653833092370613,2.44814477847426e-26,1.37550253887775e-12,0.999346166857315,1.48234692351051e-11,6
"20448",1.0271715324268e-16,0.00805175643407048,0.137184097398397,9.15938028279153e-11,1.47850649140716e-12,2.27636734210055e-09,0.854764143798092,7
"20536",0.948425868451984,0.0481193295146683,0.00342342462429943,1.38179568210031e-13,3.13768454764867e-05,6.54355243183271e-21,5.63433749888107e-10,1
"20538",4.78548979738134e-35,1.09407990254531e-07,0.0132824180559965,0.000728077655591514,5.7338481504381e-28,4.38975694949324e-54,0.985989394880422,7
"20541",5.00547034042007e-61,2.74946297747498e-07,5.51105121616041e-06,0.974231591763014,2.50189967719101e-70,4.49637582234479e-50,0.0257626222394725,4
"20544",8.93770664967389e-16,0.77654380662712,1.24115110803541e-05,0.179161347221047,5.10144226546326e-13,1.35265308030541e-12,0.0442824346388884,2
"20546",1.96253893673764e-37,0.00152280048275635,0.000469448146116992,0.98005437081168,5.97585259338233e-35,1.64498000329578e-42,0.0179533805594472,4
"20550",1.16492268285427e-19,0.802779865405599,0.195694434002144,0.00124983701674405,2.78498323616163e-29,4.78873315502029e-17,0.00027586357551217,2
"20553",3.86549984416192e-92,7.34533405572572e-39,0.0617902024496607,4.48813666914691e-13,4.50852701486954e-179,8.54286686637709e-84,0.93820979754989,7
"20555",1.92006129505433e-46,3.41306841784887e-15,0.998922939449222,7.03006781392285e-24,8.41864616261658e-35,1.26663273792048e-75,0.00107706055077519,3
"20557",2.73374444455186e-34,0.885068616760191,0.00961965389595969,0.00834648509404661,2.34996585974771e-23,1.12384097192334e-15,0.096965244249802,2
"20559",2.61915485023824e-28,0.0496516512783002,4.22141703165003e-06,0.939993369688487,1.14024803745574e-32,8.27639039461971e-18,0.0103507576161813,4
"20561",3.72832875205021e-10,0.00271148239807069,0.00735516446120178,5.88714203235638e-06,5.60743861227383e-05,0.989869635075191,1.75616454825992e-06,6
"20564",1.58408976690486e-15,2.1893460671731e-17,0.000678135970760199,5.27772005879783e-27,4.29299371177115e-24,0.999321863983132,4.61056438773099e-11,6
"20566",6.22003625722355e-11,0.726135681525595,0.00441377260801154,0.20460972528034,8.24014398650324e-20,9.48028991644236e-13,0.0648408205229058,2
"20569",0.00065869102657211,0.001245472973111,0.00262178902094246,6.03547696390352e-18,0.000179264008311032,0.995294775275569,7.69549445860961e-09,6
"20572",0.0425732069979246,6.07882939024294e-06,0.0295557816521494,6.43539426180696e-20,1.75458322088499e-10,0.927864926581542,5.76353535983363e-09,6
"20574",2.90541822173136e-41,0.0269366792714169,3.54738446266939e-08,0.968084783171877,3.8291772204892e-43,1.45178866786404e-20,0.00497850208286158,4
"20576",2.21780591445531e-12,5.93811027163046e-12,0.000832277350409511,6.42027367119966e-18,6.92603857508615e-20,0.999167722146351,4.9508377797319e-10,6
"20578",2.03167724599838e-16,0.307996522136892,0.000484607644347681,0.689923604702233,1.53478486214663e-11,2.23335637221327e-07,0.00159504216554236,4
"20580",2.20720513527748e-12,0.846949400381488,3.7242009799863e-05,0.109082703060015,1.06255527570852e-12,2.78171819562698e-13,0.0439306545451487,2
"20583",2.62840095352632e-14,1.30300368276996e-13,0.000416869935696123,1.73381556357563e-19,1.0044810464298e-18,0.99958312992005,1.44097788679705e-10,6
"20586",2.09932723008573e-22,0.0489418084876186,0.00531254210361725,0.931306902718888,1.29831534824101e-18,2.24575360001046e-28,0.0144387466898765,4
"20589",2.13616906198363e-27,0.00406682367788391,9.34331223723953e-06,0.98257594152314,4.98414482627739e-55,1.5859876504043e-48,0.0133478914867387,4
"20591",8.71706746507241e-23,0.0812359105790023,0.917542364354778,1.73530439659442e-07,3.10943206194559e-15,2.32456288140583e-37,0.00122155153577696,3
"20593",1.47746103347165e-41,5.83889254516831e-07,8.59018844861232e-06,0.894657986043652,7.55744874065831e-113,2.39826813814477e-45,0.105332839878645,4
"20595",4.51777767112345e-28,0.190330938798042,9.50586455713403e-06,0.793180430859532,1.5011838485291e-26,4.98001405552798e-16,0.0164791244778688,4
"20597",0.9999045076411,4.67518049207681e-09,9.54876835764859e-05,1.03457016872785e-32,1.43296095114323e-13,4.47064305742934e-28,1.11995335617712e-16,1
"20599",3.96936916939172e-12,3.72602658651867e-16,0.000646938310049982,3.06299428091903e-26,9.14666678929468e-26,0.999353061637946,4.80341978295876e-11,6
"20601",1.04581650253999e-08,0.195329426073766,0.000837711746046854,3.15513980773865e-06,0.803757395086108,2.10529694508725e-08,7.22804431364033e-05,5
"20604",1.33680043148965e-40,3.03188669853843e-05,3.6959330630745e-05,0.985398315315151,8.35865608760561e-70,4.53032105791859e-28,0.0145344064872326,4
"20606",5.02740474936194e-35,0.000200811630965471,2.78591445969936e-06,0.992196015354854,4.00835389979198e-61,6.98571237211614e-34,0.00760038709972032,4
"20608",5.81565185080126e-20,0.292429523542162,6.20694183852346e-05,0.681531596483519,5.296710885302e-46,2.03942358613915e-26,0.0259768105559335,4
"20610",3.25748823200481e-14,2.48744255903702e-07,0.0135729343830463,3.57033941766425e-16,4.64709039591414e-24,0.98642588916431,9.27708354824722e-07,6
"20612",1.08568615532808e-23,2.06398217784875e-25,0.999576975930137,2.40586527369115e-22,1.85358961779473e-81,6.51470516162113e-66,0.000423024069863328,3
"20614",1.08780866048994e-11,4.46937317710988e-07,0.000624779652479999,4.65652262074921e-19,4.2218127961711e-07,0.999374341215216,1.0002828865212e-08,6
