"","V1","V2","V3","V4","V5","V6","best$classification"
"19811",0.973570206308526,0.0163418935765013,1.23673459867857e-217,0.0100878994081595,6.4170910531563e-10,6.5103935672199e-11,1
"19813",5.65252577143668e-06,0.998250637882738,3.44918927521162e-166,1.01951288597438e-12,8.1431116144526e-40,0.00174370959047141,2
"19815",0.260253808529517,0.0399124399608319,3.31954019746469e-212,0.677279521202833,0.0225542303068184,5.90025441213869e-19,4
"19817",0.897372360449114,0.00363459305446244,5.64137508900385e-47,0.0978965321333825,0.00109651314953265,1.21350825223467e-09,1
"19819",5.1726387608932e-32,0.560730745908679,0,0.439268949984332,3.04106989210332e-07,1.57640761404387e-59,2
"19821",0.0135539421209259,0.321468779369884,0,0.664975533549972,1.74495921896623e-06,2.23716396110853e-26,4
"19823",0.00285847952839063,0.996878816682386,0,0.000262703789223397,2.95660270217297e-18,1.31740244164248e-42,2
"19825",3.03148934296566e-31,0.999999992859188,0,7.14081192480752e-09,6.16654065047475e-31,4.40269076191459e-191,2
"19827",0.976872263726794,0.00985066888808713,1.74439872502666e-88,0.0132770605433492,6.84176302267851e-09,6.47022951931427e-15,1
"19829",3.71490061024737e-20,0.0831363882131916,0,0.916176810444731,0.000686801342077875,3.75831430570099e-37,4
"19831",6.13822991481872e-31,0.97086540446784,0,0.0291345955282684,3.89192301912324e-12,1.35956700877807e-56,2
"19833",4.45018084235924e-33,1,0,2.11460935796804e-40,4.22169560075522e-105,2.18398664172093e-92,2
"19835",0.0135539421209259,0.321468779369884,0,0.664975533549972,1.74495921896623e-06,2.23716396110853e-26,4
"19837",0.83556500737959,0.00616283395579142,3.91794865707718e-116,0.156222020591719,0.00205013807289447,5.934126908386e-15,1
"19839",3.20885310454471e-23,0.567082940978564,0,0.432915050595878,2.00842555743067e-06,7.43320278794148e-81,2
"19841",1.985877842528e-10,0.99999974606376,3.29628880838508e-195,3.53467726257802e-13,8.71025360880314e-41,2.53737298942435e-07,2
"19843",3.71884337186495e-35,0.993875731497266,0,0.0061242685026733,6.06831198024892e-14,2.09453040060017e-34,2
"19845",0.920006477618096,0.0296653975104314,2.54587393800893e-25,8.19046788838294e-09,1.23909170807512e-27,0.0503281166810045,1
"19847",0.000221653206892063,0.177469605760375,0,0.822232636110858,7.61049218744513e-05,1.10476448903988e-38,4
"19849",6.7879385869871e-06,0.00101917494067035,1.36173592540725e-61,9.80319240810215e-18,6.29040488094577e-48,0.998974037120743,6
"19851",0.00295521527596296,1.88898035755726e-06,0.997029838787722,1.30555651058813e-05,1.37833303405871e-09,1.25186340548309e-11,3
"19853",0.660659802044784,0.335166812202819,0.000540053326036771,2.27672862431057e-13,3.07958886691941e-41,0.00363333242613261,1
"19855",0.94993152486805,0.0498592665281022,5.0389715047041e-145,0.000209208596341482,7.33459149292779e-17,7.5064742780805e-12,1
"19857",0.0017000684159151,0.0718216944385638,1.60366590271316e-263,0.926064201447721,0.000414035697800031,4.73715446854797e-21,4
"19859",0.032004386288194,0.0846915824902189,8.1559888060718e-186,0.882982093163044,0.000321938058543553,1.066469297748e-17,4
"19861",0.99856449938914,0.00139002640364962,1.42150745312308e-55,3.73066200216615e-05,6.00569875216175e-15,8.16758718280468e-06,1
"19863",2.49476258391152e-08,0.999998029163178,4.26673532449221e-200,2.84889465128062e-23,5.40217493374038e-66,1.94588919607379e-06,2
"19865",0.96104504076483,0.016384488377496,3.17880743068836e-36,2.71740917166535e-05,6.17985073367267e-17,0.0225432967659576,1
"19867",0.730820175388044,0.0638826082413018,2.22266610560488e-144,0.205294847584199,2.36878645472908e-06,1.34708616096036e-16,1
"19869",0.00201875906432329,7.04857747013949e-05,0.349233077975619,7.00313130682718e-15,5.64971110712216e-39,0.648677677185349,6
"19871",0.157526552156719,0.0286994807030548,3.28532681254389e-132,0.809572489777671,0.00420147736255319,1.95501659086603e-15,4
"19874",0.990353114832913,0.00950665068683912,6.70210994695971e-60,0.000139004306189406,3.69495845678731e-14,1.23017402156373e-06,1
"19876",0.000275602293323782,2.81366595169985e-07,0.999723699892625,3.32174965268551e-09,3.96550644439286e-20,4.13125706418833e-07,3
"19878",6.51225147240065e-17,0.248089667068831,0,0.751901359200497,8.97373067238586e-06,3.59852487136236e-63,4
"19880",0.00626758899119602,0.000149879348576328,0.00125015400170336,1.6322485550103e-12,8.46245966692089e-34,0.992332377656892,6
"19882",0.23055243672015,0.769435889193409,1.27666518984138e-160,1.16740864322516e-05,3.80530304864601e-22,8.61235024551038e-15,2
"19885",0.1002983686016,0.00446495116493941,6.74163875924401e-45,0.0419604422019452,0.853276235128934,2.90258228828837e-09,5
"19907",0.699843640929141,0.259806649472036,7.30943210044282e-103,0.0403497094775552,1.20962419549797e-10,3.05873973255427e-13,1
"19909",1.43217676978763e-17,0.0243353737335466,0,0.818023497846499,0.157641128419954,6.97635032214213e-32,4
"19911",6.52601181199327e-19,0.148895819853701,0,0.851091987145462,1.21930008367671e-05,2.32342361035176e-48,4
"19913",4.30718323499816e-06,0.000981940718490605,1.1282029863349e-108,3.05041303911109e-16,2.7844791896775e-43,0.999013752098274,6
"19915",0.563207705955409,0.000248323849241851,0.436430642969797,0.000103790346017971,3.36245541782317e-12,9.53687617103412e-06,1
"19917",0.0759842352557534,0.883478039514147,0,0.0405377251969162,3.31833016546952e-11,1.52699902531279e-17,2
"19919",0.917743358016508,0.007495967100526,2.44868334383825e-113,0.0746951227904125,6.55432303320636e-05,8.86222131151726e-09,1
"19921",0.975872868993262,0.00128892811077386,6.52172508357553e-13,0.0227592218936819,7.88357411498816e-05,1.4526048002166e-07,1
"19923",3.1200250217021e-08,0.336871949352926,4.02829049829144e-257,0.663118016186943,1.00032598809997e-05,2.41647044731393e-34,4
"19925",0.99526371839729,0.00430341354691515,4.95131142351476e-81,0.000432401993434059,9.96662705615325e-13,4.66061364546387e-07,1
"19927",0.970823681319302,0.00232945661840855,4.23970931106436e-165,0.0268425465971923,4.31546064338269e-06,4.45326085243552e-12,1
"19929",5.09138817477219e-06,0.152020996611497,7.36071707814421e-148,5.12732880851598e-23,9.23292636611394e-64,0.847973912000328,6
"19931",0.956029152117901,0.0031932052032986,4.19060202588807e-41,0.037727108411647,0.00305053426693494,2.18646966877805e-13,1
"19933",1.91543768360664e-09,0.00590928452127517,2.94882030532612e-87,0.128428750183744,0.865661963379544,2.69324818712424e-23,5
"19935",0.000149349529943353,0.0724276368198183,2.67368999299032e-152,0.438547677037234,0.488875336613004,4.64955512534183e-19,5
"19937",0.00485420289304018,2.17983940101891e-05,0.994830362009361,0.000293368318468124,2.68384677595807e-07,4.42884821253535e-13,3
"19939",0.072064875382675,0.0571413744190858,1.46499886002976e-132,0.867707662825776,0.00308608737246295,1.19640341179944e-20,4
"19941",5.22290308117007e-19,0.571848429415028,0,0.42815147693088,9.36540913206185e-08,1.25636520231181e-38,2
"19943",0.26856236216155,0.00756537277813709,2.21513951033237e-33,5.97386987665241e-09,4.10045581805845e-26,0.723872259086443,6
"19945",2.5784686274558e-13,0.00665509076841597,0,0.0302255110367023,0.963119398194624,2.22091650002705e-34,5
"19947",5.51108438783347e-15,0.999994218357908,0,5.78164208676004e-06,2.38162238887789e-24,1.14216012962183e-46,2
"19949",3.89243131758843e-09,0.104485346703208,6.38268886439527e-192,0.797812970628279,0.0977016787760827,2.80940594688837e-34,4
"19951",0.0181702566845025,0.25563702707942,0,0.726174531502057,1.81847340210213e-05,3.21538068171489e-23,4
"19953",5.39307838418507e-22,0.995430382307443,0,0.00456961769254195,1.51946808608662e-14,2.05480005038486e-40,2
"19955",2.71781745091013e-26,0.413116080566287,0,0.586879813897649,4.10553606423143e-06,4.60813573623938e-66,4
"19957",1.65910185567428e-06,0.999938865851403,0,5.947504674175e-05,1.80599160817807e-20,7.02565790494072e-36,2
"19960",3.39793029553765e-23,0.069711395621367,0,0.930264469510616,2.41348680166219e-05,1.27605879519097e-45,4
"19963",3.77489472992134e-20,1,0,8.59503279508502e-29,1.91326426483237e-78,2.14822821730468e-67,2
"19965",3.70021751244855e-34,0.0890192937012293,0,0.904093463583105,0.00688724271566558,7.26902640529894e-117,4
"19968",7.53523434914708e-06,0.998768787539618,0,0.00122367722603231,6.61873145056291e-16,6.6096681968283e-23,2
"19971",1.28128417018141e-19,1,0,8.11182152094865e-19,5.19774347543187e-54,7.79410879453682e-31,2
"19973",0.981806785419288,0.000619065316430744,2.63176793841722e-35,0.0171727347920765,0.000400449044506412,9.65427697873673e-07,1
"19975",0.975928731550194,0.0179243177213524,2.53675874740165e-87,0.00612572994817507,8.57645777313963e-10,2.12199226325563e-05,1
"19977",5.0333247690434e-11,0.999999999949269,6.87792225285977e-299,3.97574540211855e-13,3.24218102599317e-40,1.71419913950629e-23,2
"19979",4.52365870872471e-38,0.0392394186155542,1.70099736633226e-141,0.893252665419575,0.0675079159648705,1.70180196045402e-20,4
"19981",0.000184591706197642,0.0300192716700514,0,0.910425481910078,0.0593706547136728,2.57727178954468e-31,4
"19983",4.31031601640302e-05,0.0221779571506975,9.13905318017725e-214,0.922224119087128,0.0555548206020101,3.91435763068293e-28,4
"19985",0.996374090468326,0.0034912077067546,5.92828887128544e-60,8.82785045515341e-05,5.36230132707381e-15,4.64233203624256e-05,1
"19987",1.62391934651418e-05,0.0353854525766318,0,0.803262976488259,0.161335331741644,9.94169579625308e-49,4
"19989",2.11244548757613e-32,0.0285826135459609,2.73244064822578e-116,0.600920839626515,0.370496546827524,1.06133241262644e-29,4
"19993",1.39332998865965e-08,0.0228489247708229,3.50914053017251e-179,0.230557654636473,0.746593406659404,7.72158707525061e-25,5
"19995",4.55614678296693e-11,0.0441737053602576,4.92480532968444e-205,0.446168775741743,0.509657518852438,4.20745531645579e-25,5
"19997",0.95525489867284,0.00612812558925201,1.01065429966546e-155,0.0386156112261276,1.36451170333133e-06,7.74108796892776e-14,1
"19999",0.99878069275892,0.000405492269172429,2.32985112230534e-11,4.60564181467373e-05,1.54055418543148e-13,0.000767758530308665,1
"20002",3.61266430931769e-16,1,0,9.54790486568056e-21,2.85334658690702e-60,4.33379430153384e-39,2
"20004",7.07438383189137e-15,0.0558380993635838,0,0.942367936849239,0.00179396378716993,2.39266687409861e-63,4
"20006",8.87866561709999e-23,0.905210783864549,0,0.0947892161328089,2.64192101630551e-12,1.49537148439889e-74,2
"20008",1.24700102424897e-21,0.545239000421824,0,0.454760972759588,2.68185875556166e-08,3.83389446959001e-69,2
"20010",5.40715978132088e-16,0.0379955286015718,0,0.152526815125608,0.809477656272819,4.27813248976644e-36,5
"20012",0.0110405930533983,0.988508333530468,0,0.000451073416133925,7.36756194241705e-18,2.3528394446827e-21,2
"20015",1.7995629099537e-33,0.0118170231785984,9.37442571407316e-109,0.0772560860954982,0.910926890725903,9.24530294543413e-20,5
"20017",0.993576075336737,0.0043407678703985,5.39833288268244e-58,0.00208314237553677,1.59986331038955e-11,1.44013296387043e-08,1
"20019",3.46123803148132e-47,0.0532332656963427,0,0.941664469605992,0.00510226469766488,1.54687828201028e-40,4
"20022",2.31827839170733e-19,0.00492316801216673,0,0.0137899710090799,0.981286860978753,4.19305338457749e-34,5
"20024",8.95045890606506e-44,0.999997826488787,0,2.17351121354444e-06,9.17335256694448e-24,4.18667545110028e-115,2
"20026",8.95045890606506e-44,0.999997826488787,0,2.17351121354444e-06,9.17335256694448e-24,4.18667545110028e-115,2
"20028",0.997615699766375,0.00219643711232186,4.20820658076745e-23,0.000187862317425696,4.74087492655038e-14,8.03829492275573e-10,1
"20030",1.40222144078185e-28,0.125103675928919,0,0.871854855075639,0.0030414689954424,9.09401472242661e-33,4
"20033",0.0232317383451597,0.0979694926998271,0,0.878463388814689,0.000335380140323762,6.68178076364057e-39,4
"20035",7.92857131929202e-45,0.0655019375873441,0,0.933759989770476,0.000738072642180083,3.49928127778457e-48,4
"20037",7.15075865576433e-43,0.0306002148481817,0,0.75744285670648,0.211956928445338,2.29267914596384e-35,4
"20039",1.54310243804135e-32,1,5.96901846026513e-222,2.62898667261029e-17,7.78669324349117e-51,5.07750397887609e-32,2
"20041",3.04857643660433e-13,0.123948997185113,0,0.876050186236677,8.16577905414959e-07,2.3514764091063e-67,4
"20044",2.63936692839679e-13,0.757646816072708,0,0.242353183828877,9.81514316459629e-11,5.75883148334804e-67,2
"20047",6.26730051939655e-49,0.498165270043555,0,0.501834122972421,6.06984024284621e-07,9.89715083903679e-28,4
"20050",1.43008923570498e-13,0.425752315677629,2.17073822456379e-164,0.574241229886476,6.45443575251532e-06,5.15681437383645e-30,4
"20052",0.00118508173418413,0.061917988967146,0,0.806167681901064,0.130729247397606,5.78508888462672e-28,4
"20054",1.43620308333204e-23,0.0298416845692218,1.23682019018853e-247,0.190319689621806,0.779838625808972,1.00695555426969e-22,5
"20056",5.21790843910654e-05,0.999661511867347,0,0.000286309048261902,6.2154162502392e-18,5.13410710752256e-31,2
"20058",1.21249948128268e-33,0.0282495304304889,1.10009572701551e-221,0.471030192286345,0.500720277283166,4.33303257431021e-30,5
"20060",0.00244231258215965,0.0358258894904162,0,0.956774610397046,0.00495718753037817,5.13292987327185e-55,4
"20062",0.00129088252832097,0.0136743121968314,0,0.166354104631004,0.818680700643844,4.17231188084032e-26,5
"20064",9.47115957333692e-14,0.00280100776304529,8.77514836095743e-145,0.00527461039591838,0.991924381840942,3.86978403226857e-19,5
"20066",1.85871592019643e-37,0.226515488631602,2.59980580273145e-191,0.773476837461816,7.67390658247529e-06,4.51184341193919e-28,4
"20068",0.910431912305504,0.00983443041372037,8.09349258841827e-196,0.0797301243381746,3.53294260066523e-06,4.19043666199619e-16,1
"20070",0.223845044407275,0.411389918699649,0,0.364764973285356,6.36077202705053e-08,7.08255260146038e-30,2
"20072",7.11017617050895e-28,0.17905024547089,0,0.820712556958755,0.000237197570355056,3.74287505990568e-57,4
"20074",1.56591403287364e-05,0.0424967591068033,2.21124194420411e-71,9.03079081764882e-20,3.55872264454353e-55,0.957487581752868,6
"20076",6.06569694224715e-07,0.988611396205504,0,0.0113879972245301,2.71831806050033e-13,7.06960131589799e-24,2
"20078",3.80722412802548e-18,0.0217152831550419,0,0.532083100008194,0.446201616836764,3.73672157854965e-53,4
"20080",6.44867391877434e-38,0.00737152809973674,6.36316210525198e-113,0.141000617787488,0.851627854112775,5.27180259767984e-21,5
"20082",2.08444995043238e-24,0.999999336431492,2.71604851025369e-301,6.63568508590261e-07,1.86214647863883e-24,9.95419530188261e-31,2
"20084",2.52803616748498e-18,0.199737314548431,0,0.800207575108621,5.51103429479846e-05,6.6017471153324e-44,4
"20087",3.9373663774637e-18,0.0212673012471518,0,0.271306939482578,0.707425759270271,1.18835924028182e-42,5
"20090",2.42465826131803e-31,0.0543715501736398,1.38765408646585e-140,0.830985108701582,0.114643341124778,4.74361594561654e-28,4
"20092",1.43492343973382e-14,0.999992438841402,0,7.56115858357934e-06,3.61882603587007e-22,1.52879361868977e-70,2
"20096",2.59301859592391e-12,0.998879898470348,0,0.00112010152705934,9.25426233365623e-17,1.17907591642153e-69,2
"20098",0.665381636356823,0.0444901279465171,0,0.290110610696115,1.76250005444954e-05,1.04720933837893e-20,1
"20101",1.61113841228801e-28,0.0649232030208163,0,0.819542543712457,0.115534253266727,4.98468102133039e-60,4
"20104",3.08173521230246e-11,0.999999999969183,0,2.11337125973606e-20,7.94741606194716e-59,3.09940418766613e-71,2
"20106",3.67685828197589e-21,0.00346467267928559,8.64876378462867e-74,0.00587073576781891,0.990664591552895,5.79666321101716e-16,5
"20108",0.857752152191913,0.0101372562389767,3.39987202048996e-89,0.132085913638259,2.46779308516903e-05,4.35377111800633e-17,1
"20110",7.32951268073573e-06,0.991332285667865,0,0.00866038481929558,1.58196450960049e-13,3.4218050175571e-32,2
"20112",6.57062171079089e-19,0.0325905961883006,0,0.357121737200317,0.610287666611383,2.162580047957e-61,5
"20114",1.35618575476688e-12,0.121244372693992,2.07657793477443e-284,0.878388781890449,0.000366845414202406,3.87997646209033e-29,4
"20116",1.68638317312167e-16,0.121909264087418,0,0.851344103115926,0.0267466327966554,8.02691121896283e-24,4
"20118",0.000137312580954278,0.0328183715547036,0,0.70437366004585,0.262670655818492,2.66264851853761e-25,4
"20120",4.90372486444538e-17,0.0855313862851264,0,0.799135034361956,0.115333579352917,9.59662566645189e-37,4
"20122",0.367047628505881,0.632297692244946,9.06002038351642e-106,4.22624045091352e-05,6.66119736281766e-20,0.00061241684466406,2
"20124",1.14594700214174e-39,0.0716408273193998,0,0.914846051904485,0.0135131207761155,1.04990711771743e-92,4
"20126",1.5038868693744e-37,1,0,2.93705344917913e-17,5.81088089955276e-52,4.60178310779323e-74,2
"20128",2.88385000358191e-56,0.999999997416912,0,2.58308748990977e-09,3.12559050639129e-31,3.90752940396297e-61,2
"20141",0.00136070760615839,0.998639292377821,3.97622405682765e-288,1.60206649459964e-11,1.59350300611093e-37,8.71027845375469e-24,2
"20143",6.16604708796656e-08,2.19937143906963e-06,4.18409132280619e-26,6.10065675801392e-22,8.62160713010074e-54,0.99999773896809,6
"20145",2.47943287888339e-16,0.00440921304662738,5.47624052877517e-118,0.0094817321852868,0.986109054768086,6.92689360108934e-21,5
"20147",3.62722102628545e-21,0.00214871762760506,0,0.00330873826073425,0.994542544111661,2.66239888239352e-33,5
"20149",0.294474087089713,0.705525874849235,0,3.42329893679714e-08,4.09250228315478e-28,3.82806225992331e-09,2
"20151",0.95662611695612,0.0021358738436473,4.17409661603364e-37,0.0410136025477974,0.000224406607545415,4.48902452824871e-11,1
"20153",0.914650639948445,0.0818327948551173,1.22653478297512e-21,0.0035165649905292,7.2073894300312e-12,1.98701106311535e-10,1
"20155",2.36737703321838e-27,0.00450069454832944,0,0.0462121624771988,0.949287142974472,7.5664858454076e-40,5
"20157",0.305227620294628,0.476043445236577,0,0.218728928486564,5.98223076641161e-09,1.35401155438104e-42,2
"20160",2.45643246409769e-06,2.4212145467203e-05,1.57791267561497e-49,2.49544755870499e-17,4.32070158311875e-44,0.999973331422069,6
"20162",0.0485791715400626,0.000291435558628816,0.248316629010065,2.22222193197208e-10,1.41467962948578e-28,0.702812763669021,6
"20164",0.0717191910628426,0.92323499830737,4.46283685067235e-190,0.00504581062976604,2.05140934579748e-14,5.92429310100322e-16,2
"20166",5.05917748178005e-30,0.916645498066522,9.67121806649287e-160,0.0833545015431708,3.90307236638313e-10,2.27751747980924e-17,2
"20168",5.31353052834713e-24,0.999999999999908,7.3985892549791e-254,9.2359670128722e-14,5.16301302970097e-42,1.51347148978278e-17,2
"20170",0.996650330688917,0.00147378529853099,1.36450526831313e-103,0.00187586115402682,8.49246960463755e-09,1.43660554079145e-08,1
"20172",1.12855417820869e-19,0.00220784860539083,9.00359485305111e-84,0.0077641139580777,0.990028037436531,5.02268465094314e-20,5
"20174",0.972684484295973,0.0269303235064931,2.0545944936161e-78,1.13063981331525e-06,2.02437927420947e-22,0.000384061557720575,1
"20176",3.06928742092633e-19,0.999999988841457,0,1.11585425566882e-08,1.85103491176084e-29,1.7227701488432e-100,2
"20178",5.76885459607479e-08,2.09453957147054e-06,2.1120146189874e-30,8.62486720285582e-20,3.31606814906004e-48,0.999997847771883,6
"20181",1.18491276938948e-25,0.180286864060832,1.36319814208559e-213,0.819021162826925,0.00069197311224353,1.14053242656638e-20,4
"20183",0.0555958749283534,0.0470813034882216,1.43353447780275e-229,0.887136258521795,0.01018656306163,7.6840002964486e-22,4
"20186",0.00823811841414243,0.487856695947056,1.15530512835502e-113,0.503904262187714,9.23450381946212e-07,7.05704403183154e-13,4
"20188",0.706868054677269,0.288253045865774,2.73481267688505e-58,4.23683180478707e-10,1.91723168692102e-32,0.00487889903327344,1
"20190",2.76615098279882e-32,0.00322635219153369,2.11026595919682e-100,0.0552562425699465,0.94151740523852,2.91116001929663e-21,5
"20193",2.65163193592993e-18,0.999999999985692,0,1.43083268151844e-11,5.44959153308359e-37,3.39956853291833e-59,2
"20195",0.00695195636899204,0.257318196221087,0,0.735697812857011,3.20345529102092e-05,1.50429275652173e-36,4
"20197",4.55724141518442e-23,0.00381149807680568,0,0.00333098848783282,0.992857513435362,1.63864125065484e-56,5
"20199",0.99426711815164,0.00571846966226234,1.84041341530384e-82,6.71611024187925e-06,3.23394019614732e-18,7.69607585551701e-06,1
"20205",4.20483670635884e-20,0.999999999063407,0,9.36593458471069e-10,5.225430973662e-32,6.84551227003707e-65,2
"20208",0.000548179838092712,0.0517051011590233,0,0.924539469344374,0.0232072496585101,4.59073911315858e-43,4
"20210",0.924562797973599,0.0027776511717656,1.89423335691336e-23,3.99019092745711e-07,2.06808553556786e-21,0.072659151835543,1
"20212",0.253965366188396,0.56393679434298,0,0.182097824184785,1.52838393900663e-08,1.16978469932996e-24,2
"20216",2.70694804680278e-22,0.00711018419844658,0,0.176615934434052,0.816273881367501,1.2594617264405e-54,5
"20219",2.47722133996311e-18,0.253181702681544,0,0.746796281717392,2.20156010638144e-05,1.79033720693827e-45,4
"20223",5.49496376704399e-41,0.993058301894015,0,0.00694169810566744,3.1744846254196e-13,2.8852631156417e-33,2
"20226",1.08908115984149e-06,0.0609872739279603,1.79604984260891e-203,0.852691147321079,0.086320489669801,1.96298401232049e-32,4
"20230",8.6119561383081e-37,0.0144504642869821,0,0.517556566393154,0.467992969319864,1.52188221344843e-37,4
"20233",5.93810133896768e-10,0.99999999940619,0,3.75235867043848e-26,1.86748277508308e-72,9.87356779966753e-36,2
"20235",3.84851773670685e-37,0.959476237519511,0,0.0405237623768609,1.03627690954087e-10,2.5634901789287e-143,2
"20239",7.24118492448583e-23,0.137365743887716,0,0.862173764658667,0.000460491453616707,5.26127561666449e-51,4
"20254",3.54290515720277e-28,0.99999810605285,1.60735858714069e-146,1.89394715013691e-06,2.24876906253797e-23,2.14743620409385e-22,2
"20256",2.42010380926941e-32,0.0132238620148125,0,0.336644928204935,0.650131209780252,5.12238339255953e-50,5
"20262",0.997805474122438,0.00064402414481849,5.31976625862335e-18,0.00154780949224039,8.21955634616564e-09,2.68402094708349e-06,1
"20270",6.06618351380855e-19,0.24389374755264,1.05641666334468e-236,0.75609972627751,6.5261698502685e-06,1.23631840032072e-44,4
"20284",3.14694339680227e-06,0.877038697130404,0,0.122958155156386,7.69813051176447e-10,7.40791839342972e-59,2
"20287",5.90237621517269e-46,0.0674520986263318,6.26159179419611e-175,0.918238623893887,0.0143092774797812,3.19745137680575e-26,4
"20290",1.73217278672807e-11,0.999982267962898,0,1.77320197802672e-05,5.99700096905891e-21,7.65624954165008e-43,2
"20293",2.17539890751022e-14,0.0070982936104638,0,0.140868470904353,0.852033235485162,2.47308022459761e-32,5
"20296",0.00562699460422774,0.34660761333938,2.70014050346025e-253,0.647739812084172,2.55799721477141e-05,7.24598945049626e-14,4
"20301",8.4060404792754e-46,0.898296178265297,3.77054088891423e-299,0.101703820669957,1.06474630749416e-09,2.06293972881978e-28,2
"20304",4.08431983614016e-22,0.999999419521984,5.5345485984325e-185,5.80478016059411e-07,6.46256406588629e-25,8.08144477429876e-28,2
"20306",3.71248090630328e-35,0.0379496950061165,0,0.923075100821751,0.0389752041721327,1.15463877635561e-39,4
"20309",1.86171597547419e-13,0.0125289986706484,0,0.218388562102289,0.769082439226876,1.7362794714564e-59,5
"20311",6.07092372981401e-24,0.0391615075132301,0,0.955025905597101,0.0058125868896684,2.74726815615472e-61,4
"20314",0.801825773632934,0.00684457282066373,7.5196662298832e-62,0.148621319244035,0.0427083340200823,2.82284892507421e-10,1
"20318",6.79895287922415e-08,0.999999931627231,0,3.83240149502638e-10,1.17860813124993e-33,4.60967257144366e-30,2
"20320",0.000164178317335515,0.927674992411368,1.39755159509096e-293,0.0721608292089036,6.23930427770549e-11,4.73608585303416e-33,2
"20326",0.0246527928347711,0.0524314074237016,0,0.917682605613356,0.00523319412817139,1.64665583913433e-34,4
"20328",0.672650888707183,0.152926374350448,2.02718096298541e-92,0.174416697555907,6.03938646188411e-06,1.88367143597731e-16,1
"20330",3.68585987614952e-27,0.082390427743417,0,0.917388867744708,0.000220704511874968,6.90860823262326e-70,4
"20336",5.3452597856286e-08,0.952949108062988,6.65187118889751e-194,0.0470508384220552,6.23587969486221e-11,1.73327812515383e-25,2
"20338",1.68377019048275e-21,0.999365962912193,0,0.00063403708780656,1.41626568410678e-16,7.32885745271616e-123,2
"20340",1.34931061283045e-39,0.096257182676291,5.51251302150831e-197,0.900004868825694,0.00373794849801499,1.30837407358766e-27,4
"20342",1.06401454513453e-27,1,0,1.96106090495426e-25,2.97909865720931e-71,1.18846228984917e-76,2
"20344",1.15582130421684e-23,0.014252041959694,0,0.311319613620121,0.674428344420185,1.90064146939741e-53,5
"20349",1.52433824145789e-32,0.0123048845275761,5.66525344727174e-245,0.411120633717567,0.576574481754857,5.53245390187623e-30,5
"20351",3.46492141835629e-15,0.0228901111887648,0,0.975745041751787,0.001364847059445,2.18859592233689e-48,4
"20353",2.81376364592122e-26,0.0951264074071162,0,0.888139827921388,0.0167337646714964,1.39772714820447e-67,4
"20357",1.17790772752385e-22,0.999999737201753,0,2.62798247512712e-07,6.52872331997526e-26,9.09862794979299e-38,2
"20360",7.74835781553216e-33,0.999999999999831,0,1.69100766432396e-13,8.21508096227985e-42,4.6106028361492e-133,2
"20364",3.98653739392147e-14,0.0044901727759719,3.32508694165501e-110,0.00986440326469345,0.985645423959295,1.16048039678799e-22,5
"20366",4.86361833431799e-09,0.999999452555988,0,5.42580394036641e-07,1.55860393059227e-25,2.84611879459852e-38,2
"20381",3.30900566353749e-10,0.999999999669099,0,3.37491029085327e-17,1.26876092924933e-51,9.26668687885724e-57,2
"20391",1.51571662806813e-13,0.999037542680483,1.67417271570814e-281,0.000962457319364718,1.18474060911202e-15,1.43668566515371e-19,2
"20394",0.0739790811960304,0.124211623664147,0,0.801763261124456,4.60340153667261e-05,5.44420300147505e-20,4
"20396",0.306228923737594,0.00766972515247019,1.79721905648851e-14,2.38036395330583e-09,2.21682758117814e-28,0.686101348729554,6
"20409",6.24437115299567e-10,0.0693840936686224,6.18817432435591e-153,0.929089740965106,0.00152616474183425,8.39527357859022e-32,4
"20411",3.7959314931659e-27,0.0904887751569076,0,0.883767523838415,0.0257437010046779,1.78630438116537e-57,4
"20416",9.34045716671857e-47,0.999999954990018,3.88596035721654e-212,4.50099823513281e-08,6.91695285827433e-28,5.74468736440612e-28,2
"20418",0.00184034022487681,5.77104936651155e-05,0.96777175445641,2.08527047157494e-13,1.09706990058251e-35,0.0303301948248401,3
"20420",1.67025261992523e-06,0.99999832974738,3.14028268343041e-165,4.27679025860721e-18,6.74709187630187e-54,3.73541586949118e-25,2
"20422",3.34355019942034e-28,0.0299262868639838,0,0.476619719861703,0.493453993274313,2.51535045289329e-81,5
"20424",2.41372839832358e-26,0.0489474465994209,2.75167753432352e-304,0.765330056847834,0.185722496552746,1.74613215012623e-33,4
"20426",6.54978307671468e-15,0.999999999999792,3.7109474725509e-52,3.02454870591011e-28,1.18490761912589e-76,2.01244854383935e-13,2
"20428",9.20983608043282e-16,0.0282106722352209,0,0.212747088353629,0.75904223941115,1.86481028715621e-55,5
"20431",4.42307227545171e-07,0.208321188224473,0,0.791589136097226,8.92333710734135e-05,7.42484616426803e-44,4
"20433",1.60480358232464e-41,0.676285072661591,0,0.323714358737303,5.68601106403884e-07,3.90414328265365e-37,2
"20436",1.9786556573272e-25,0.999999892435461,0,1.07564539187497e-07,4.90885598165354e-27,1.49009711470204e-75,2
"20439",0.979694662594988,0.0201798226322084,1.70753668099542e-112,3.83488952074996e-07,3.65715109077498e-23,0.000125131283851307,1
"20441",1.68665054376205e-17,0.99999822154714,0,1.77845286031104e-06,2.86125567400811e-24,1.39700098373279e-51,2
"20444",1.44818284919991e-05,2.03265384255712e-06,1.02711066420128e-13,4.18273867555954e-17,9.70866616116412e-42,0.999983485517563,6
"20448",1.35780547639621e-09,0.996362436196253,0,0.00363756244593912,2.3650446820322e-15,1.04064988011965e-92,2
"20536",0.934847272923134,0.0618952477408159,2.74445257812387e-76,0.00319340672728703,1.599133348753e-12,6.40726071642149e-05,1
"20538",3.16561301446643e-13,0.987041065402861,0,0.0129589345962497,5.7296495443526e-13,2.96073736683487e-36,2
"20541",4.06049474529394e-36,0.0894341575266054,3.98853381849495e-258,0.893173137574182,0.0173927048992125,2.92038123811586e-31,4
"20544",1.46265505922088e-07,0.0207558503527432,0,0.191989392001875,0.787254611379876,2.13144656786402e-38,5
"20546",1.29617321482119e-22,0.00913021632163531,3.06339356137366e-307,0.061508814705682,0.929360968972683,3.35160353075295e-32,5
"20550",1.42585583218539e-13,0.0972667822608055,0,0.902718862295881,1.43554431711927e-05,9.77417649269664e-61,4
"20553",2.13955944026668e-54,1,4.15547096607025e-196,6.21867595259557e-21,2.91198706586518e-59,8.19907186747096e-23,2
"20555",2.91287388185206e-08,0.999999970871261,5.93714535690101e-113,4.26444050348045e-19,1.09006452983744e-55,1.20251640772976e-18,2
"20557",5.79764122829462e-10,0.147998657622425,0,0.851771423156169,0.000229918641641835,2.36038890899995e-51,4
"20559",1.30983655126965e-23,0.00251683867254644,1.88195158802633e-92,0.00230839062980352,0.99517477069765,4.49070914063049e-18,5
"20561",0.927524723882356,0.0160193516622119,4.12429973330492e-107,0.0564540979795723,1.82647579597558e-06,6.4406501572087e-14,1
"20564",5.76885459607479e-08,2.09453957147054e-06,2.1120146189874e-30,8.62486720285582e-20,3.31606814906004e-48,0.999997847771883,6
"20566",9.58836597120136e-12,0.0218257279852416,4.82355765568174e-162,0.00577227388788524,0.972401998117285,2.82216699843786e-17,5
"20569",0.995883923650909,0.00326774474098689,4.31852388718402e-52,0.000848331579702503,8.12810401068134e-12,2.0273352963154e-11,1
"20572",0.989103785178294,0.0108907270123161,1.32212034905165e-168,5.48780934918445e-06,4.97052287617885e-19,4.09542182829743e-14,1
"20574",7.37126378672966e-27,0.00620452379809733,0,0.0530531483207383,0.940742327881165,2.93339509968147e-47,5
"20576",0.0308593186110737,0.19483621222975,5.37854602902396e-56,7.11922789408017e-09,5.96237208223472e-29,0.774304462039948,6
"20578",6.81048843374202e-11,0.00865509115581862,0,0.130812844220878,0.860532064555198,4.393924417756e-28,5
"20580",5.53284714635845e-11,0.00541920667849874,9.79500929217863e-102,0.017693337010603,0.97688745625557,1.91103894831867e-25,5
"20583",0.00123446237733173,0.0181812358995563,8.93991744026097e-56,2.88649407823191e-11,3.43742828911134e-33,0.980584301694247,6
"20586",3.74899225793082e-14,0.00537766333612468,0,0.0541106032327496,0.940511733431088,8.72637037193763e-47,5
"20589",2.20296669830787e-33,0.0035140890409049,0,0.04542466505086,0.951061245908235,1.64818314684814e-38,5
"20591",1.14949375799994e-05,0.992988371967165,0,0.00700013309524409,1.04724332439808e-14,1.37045681434564e-39,2
"20593",1.87219666159048e-49,0.0559417542059587,0,0.932177842252213,0.0118804035418283,1.91105830389667e-33,4
"20595",3.32149844199934e-20,0.00245287860564052,0,0.0225007148097095,0.97504640658465,1.85177093602285e-42,5
"20597",5.55792551250074e-05,4.20340825073953e-05,1.80846288710192e-05,2.72863246247706e-17,8.32589262095987e-45,0.999884302033497,6
"20599",1.34401940151e-05,0.000511756629970834,4.18061258987048e-15,9.93614506830296e-16,2.86313826436503e-42,0.999474803176009,6
"20601",0.633327128461633,0.0120928179892224,9.23862102520695e-99,0.3435419394755,0.0110381140720176,1.62752018469982e-12,1
"20604",6.52738301980642e-35,0.00953906350651481,1.0299406603846e-135,0.262230022022614,0.728230914470871,9.16847764427412e-21,5
"20606",5.69558278161693e-36,0.00254014831970408,3.69398332012732e-247,0.0178706846933411,0.979589166986955,8.10162898917286e-30,5
"20608",4.63254493919903e-25,0.005305425707977,0,0.00527720964800577,0.989417364644017,5.66923201045103e-36,5
"20610",0.013127007132043,0.986840683008321,0,3.23098596361896e-05,3.61496253824545e-20,3.34828867964405e-16,2
"20612",1.8479354467618e-30,1,0,4.38627208884078e-21,7.02250583750766e-60,1.00966963321487e-35,2
"20614",0.98717175168184,0.0049981012108932,9.16237659867936e-28,5.8324591978427e-07,3.3600798312198e-21,0.00782956386134747,1
"20616",2.52086815681299e-08,0.0774047642349753,0,0.921924961860807,0.000670248695536325,2.57893626538085e-106,4
"20618",3.62402195190933e-13,0.999999986750826,0,1.3248812011973e-08,1.24482494618278e-29,2.88421876375332e-49,2
"20620",2.62440530398109e-26,0.126657738400047,0,0.872746801724383,0.000595459875570464,4.4595840108881e-57,4
"20622",0.502885486583831,0.449912366475062,1.30197927000553e-68,1.05318697442032e-05,7.4708377229702e-21,0.0471916150713628,1
"20624",1.01088276237704e-28,0.0803859913436639,0,0.911657496638549,0.00795651201778697,8.47373906626227e-78,4
"20626",5.30820202834373e-20,0.476142757724076,0,0.523826085496769,3.11567791545957e-05,1.03158681955304e-89,4
"20628",2.79250573905118e-14,0.638088537834728,0,0.361911459277385,2.88785929196832e-09,5.45608863934457e-86,2
"20630",5.74996640256752e-14,0.0298537999610674,5.40556352494553e-269,0.381572842694886,0.588573357343989,7.68546693271891e-31,5
"20632",0.00893783369971467,0.000271297028736697,1.95418706627157e-05,2.04098255372421e-12,3.76639864470941e-34,0.990771327398845,6
"20634",4.11888668971193e-34,0.00195459784516766,3.02065710671832e-310,0.00707438612282542,0.990971016032007,1.18374594689428e-28,5
"20637",9.11305745244457e-21,0.999949894572955,1.61382479133888e-250,5.0105427045281e-05,2.97527264105681e-19,7.69429807503394e-27,2
"20639",3.71257055664834e-05,2.10277034221176e-09,0.999962858460035,1.0238708191288e-10,7.20849405532562e-19,1.36292410547141e-08,3
"20644",1.25623274923849e-62,1,0,2.89996881133227e-19,8.81146227006823e-56,7.11043890175605e-60,2
"20646",1.50092384265623e-41,0.999993032379678,0,6.96762032180338e-06,6.1859980808485e-22,3.67857714574681e-126,2
"20648",0.993906683961288,0.000409514990585198,0.00104110577256842,0.00463897739592454,3.66327749778521e-06,5.46021360473703e-08,1
"20650",4.64278168322142e-31,0.825447994345229,0,0.174551988568117,1.70866536296732e-08,1.06792599045226e-40,2
"20653",1.25712699073836e-06,0.948901588587561,0,0.0510971542805409,4.90704547169119e-12,5.58114687107193e-91,2
"20658",2.1719211935335e-29,0.0546249887710051,5.15349812208407e-305,0.853033131867847,0.0923418793611475,7.32794410518218e-22,4
"20661",4.96361618774889e-19,0.999999999697185,0,3.02814761743479e-10,1.51604523569702e-34,3.5604547739158e-47,2
"20663",7.10293857762148e-09,0.00313039628235585,1.66501263855169e-98,0.0196395273275429,0.977230069287163,6.71458901417507e-18,5
"20665",6.43209597314613e-06,0.0443282112898021,5.7147239030306e-106,2.85724475526058e-12,1.99275553475619e-36,0.955665356611368,6
"20667",2.20827226041375e-12,0.432563711052188,0,0.567435111126282,1.17781932125239e-06,2.30944963981076e-106,4
"20669",0.692773213398877,0.237712972419644,4.27248097572512e-38,3.99747313863478e-12,7.47519171489395e-38,0.0695138141774818,1
"20671",1.01023985976167e-15,0.590351618955999,5.53329714947733e-214,0.409648136047147,2.44996853080307e-07,5.02391072678412e-26,2
"20673",7.25189880561477e-05,9.78300777646447e-05,3.6628878155972e-05,1.06681572288941e-17,1.02929168200145e-46,0.999793022056023,6
"20675",0.0276546321030358,0.401606200675706,2.01207482689086e-91,0.570738484637715,6.82583535103413e-07,7.53775493197522e-15,4
"20677",1.55318787706692e-10,0.016353541917458,0,0.320726343707867,0.662920114219357,2.17786238468178e-46,5
"20679",0.102432704716694,0.0507466660830767,2.48287355645557e-74,1.1891636644766e-12,2.14072611396366e-38,0.84682062919904,6
"20681",0.996786798552715,0.00168642846169418,0.000914361978148685,0.000126693845405638,8.52501165795583e-14,0.000485717161951153,1
"20683",2.2017132191783e-09,0.0389745406247908,6.68310252428965e-316,0.337427683780784,0.623597773392712,7.51795908410219e-26,5
"20685",8.39371399141109e-09,0.999999991606286,0,2.15272759376761e-18,5.18235093263881e-54,3.22249968782561e-38,2
"20687",0.219886215973857,9.75989589503657e-05,0.778573932955475,1.4000773471316e-06,9.0586773410562e-17,0.0014408520343698,3
"20689",6.43578449074768e-50,1,0,4.67964613406719e-18,1.60127950205388e-52,4.55979900541163e-89,2
"20691",0.000103007968968681,4.95633317310225e-06,3.30919872109383e-13,1.12134878104079e-14,5.39810489953736e-36,0.999892035697516,6
"20693",4.55655577807417e-37,0.0404908366397461,9.23910256020184e-289,0.929456009470005,0.030053153890249,3.02536287307432e-36,4
"20695",0.69022618910758,0.0255586727412648,0,0.284064583591397,0.000150554559757798,7.23191567867241e-24,1
"20697",5.88629179838431e-26,0.00586976589482967,1.45570644964171e-101,0.0467875436556876,0.947342690449483,6.14080842948172e-18,5
"20699",8.4177563549164e-07,0.0282189263158789,2.83400511904921e-245,0.378745057302724,0.593035174605759,2.73409755268099e-15,5
"20701",2.91042901085979e-16,0.0110531928632729,0,0.107521768513859,0.881425038622868,2.75175660131308e-58,5
"20703",1.93792680006937e-09,0.999999998062073,6.0881776338457e-199,6.47699178254512e-23,4.13665957894871e-65,1.5766848931349e-33,2
"20705",6.22056025412347e-24,0.0250105974558553,0,0.266301161247413,0.708688241296731,8.70532344466303e-49,5
"20707",0.489450897917601,0.0197270093714099,1.22213884166713e-13,0.254757532833197,0.236064559857102,2.05681039580012e-11,1
"20709",8.54975076115051e-08,0.575129083111082,0,0.424870612431197,2.18960213762933e-07,2.3024094796381e-29,2
"20713",0.000229370439781221,0.999770424779986,0,2.04780232683575e-07,4.36369321410086e-27,1.153300826424e-27,2
"20715",8.30851768811946e-38,0.999999999993314,9.40588684822515e-267,6.68642089963078e-12,2.85189390467904e-37,1.75192589650225e-21,2
"20717",0.997815481931608,0.000318991345812988,9.26131899667447e-15,0.00186503423619953,4.91331608511538e-07,1.15476167881602e-09,1
"20720",1.4320322573371e-26,0.0142152920414145,0,0.103995008224806,0.88178969973378,3.57194125034884e-152,5
"20722",5.24388316421493e-15,0.00985227621733834,1.00046622298622e-59,0.00163221949416473,0.988515504288492,2.85910846664651e-17,5
"20724",0.997719632539041,0.00070382395244688,7.64966855260943e-31,0.00157451385628083,1.71023527313549e-09,2.02794199659611e-06,1
"20726",1.74632352206569e-37,0.0391283433496764,0,0.594215409130029,0.366656247520295,6.95686583204594e-47,4
"20728",0.000779454408340939,7.78629423835659e-07,0.999219598165044,1.64126346641791e-07,5.23504171249733e-16,4.67084439648713e-09,3
"20730",0.942375641019237,0.00706530431438102,5.16512588320108e-63,0.0505571444312541,1.91014261595038e-06,9.25117925157263e-11,1
"20732",8.71817561298424e-18,0.992857556769111,0,0.00714244323087141,1.72363676365094e-14,6.41180912688687e-70,2
"20734",3.71993788266326e-08,0.00764971548405101,2.0215256826568e-173,0.0222897241662697,0.970060523150301,1.33761233847759e-24,5
"20736",0.999413929695939,0.000482783408153845,6.47116811469374e-25,0.00010278171349156,1.62628650052451e-12,5.0518078893855e-07,1
"20738",5.10314185315047e-33,0.999999999974419,0,2.55809035232143e-11,1.73116625494351e-36,6.50818505486624e-162,2
"20740",1.59001554089079e-14,0.966353011536363,1.09057490609293e-256,0.0336469884170388,4.65828736314799e-11,4.8058051455165e-21,2
"20742",0.948727684469698,0.0490251900051807,2.52220571607742e-216,0.00224712552481654,3.04540139890082e-13,9.18359672479757e-17,1
"20744",0.415282517824631,0.00891598511254186,3.70913881113105e-20,1.25069405159217e-08,1.08894500052666e-26,0.575801484555886,6
"20746",0.000195567349554702,0.00491066612678331,4.51739291579394e-101,0.0612947440691542,0.933599022454504,3.79123255444622e-15,5
"20748",0.998695165234654,0.00095026926838611,5.79273679347126e-42,0.000354514183163501,4.29346703946164e-12,5.13095028330383e-08,1
"20750",0.887026386270466,0.0193245534603381,4.45286971634491e-134,0.0936446902824295,4.36737863086262e-06,2.60813483326523e-09,1
"20752",1.61372142380338e-15,0.00469970454671244,1.77749502085907e-277,0.0048850363063263,0.99041525914696,3.66825332948008e-23,5
"20754",0.000215777068825268,0.0026611424749437,3.40446630208438e-56,7.46975029582104e-15,8.84435919017968e-42,0.997123080456224,6
"20756",9.55386017266275e-05,0.0574520156810716,4.73446193366939e-222,0.82752495930415,0.114927486413052,4.79004498556531e-18,4
