"","V1","V2","V3","V4","best$classification"
"19812",0.00136140213079714,0.963495151064106,1.45829517014826e-05,0.035128863853395,2
"19814",9.13139612949916e-05,0.98554637226667,0.00830538738116805,0.00605692639086707,2
"19816",2.04299773795304e-05,0.0338626640836902,9.28926806260637e-06,0.966107616670868,4
"19818",0.000166692566866142,0.893031253412349,0.0253217258753829,0.0814803281454023,2
"19820",0.000139497939423286,4.28152350567169e-06,2.97010208539767e-08,0.99985619083605,4
"19822",0.0597648797447129,5.8048729045006e-05,1.11022893605887e-05,0.940165969236882,4
"19824",0.000128626702902031,0.00258364542260638,0.00421838759134771,0.993069340283144,4
"19826",3.46856046730981e-05,0.960959202052654,0.000182204253741081,0.0388239080889317,2
"19828",0.000606495602370606,0.00148440580578903,1.20220958120788e-05,0.997897076496028,4
"19830",0.000984441686658425,0.997910219553723,0.000479121393420026,0.000626217366198592,2
"19832",0.560976361068043,0.260878537424338,1.2805773383247e-05,0.178132295734236,1
"19834",0.0205463745625839,0.0924301454893631,0.000461921190076326,0.886561558757977,4
"19836",0.000360962046459515,0.758574233822617,2.05973786580559e-05,0.241044206752266,2
"19838",0.000251123328088663,0.997413737151049,0.00210536194524478,0.00022977757561806,2
"19840",0.000107159003611091,0.272821620169141,6.84826424990781e-05,0.727002738184748,4
"19842",6.51979924234502e-06,0.998829473508391,0.00100232342002466,0.000161683272342045,2
"19844",4.7082330648155e-07,9.58083688143429e-05,0.999863000932382,4.07198754966412e-05,3
"19846",9.58344698410614e-07,0.78379079832552,0.216171752803554,3.64905262278207e-05,2
"19848",3.92238857809464e-06,0.904474726953914,0.0954531401085492,6.82105489590274e-05,2
"19850",2.05362125916054e-05,0.664883171509576,0.334420790581482,0.000675501696350358,2
"19852",0.000503496299856029,0.3036572945125,0.00113175150439647,0.694707457683248,4
"19854",9.38777086782381e-06,0.985854906124167,0.0140635789094948,7.21271954706584e-05,2
"19856",6.26504692121814e-05,0.0380203213275788,0.959727708512598,0.00218931969061098,3
"19858",0.000498208558456167,0.00773456189500973,0.941772090454503,0.0499951390920309,3
"19860",0.00032535355416302,0.639758544435392,0.000166545101351372,0.359749556909094,2
"19862",1.02592841326269e-06,0.982063600089211,0.0179168230532929,1.85509290826698e-05,2
"19864",0.00234951736945465,0.526616582810542,0.166000876178366,0.305033023641638,2
"19866",5.63110998917837e-05,0.0159864921700287,1.17779622992597e-05,0.98394541876778,4
"19868",0.999530873934975,0.000286095986031303,0.000143903668883094,3.91264101104505e-05,1
"19870",1.07148768799244e-05,0.99044540342257,0.00877031496216926,0.000773566738380923,2
"19873",2.5550688454718e-05,0.960738541833305,0.00266116173091957,0.0365747457473209,2
"19875",0.00077405012662859,0.00718695038831848,5.28296703889412e-07,0.992038471188349,4
"19877",9.53330016178561e-05,0.98662915439957,0.00534682090405087,0.00792869169476168,2
"19879",0.00257846902562341,0.645056191265607,0.00933594700767545,0.343029392701094,2
"19881",2.72723691101264e-05,0.982572424889035,0.00343298331214492,0.0139673194297098,2
"19883",4.25515146237753e-06,0.994073440274748,0.00048514986205637,0.00543715471173278,2
"19899",0.0117342847504019,0.601284054192661,0.000144091580922512,0.386837569476015,2
"19908",0.22105632516719,0.131014771955138,0.0429565496338255,0.604972353243847,4
"19910",0.000171246874864821,0.627792498482496,0.00110268285359756,0.370933571789041,2
"19912",3.89353999963152e-06,0.995270127800741,0.0046431371953274,8.28414639320268e-05,2
"19914",0.00939763735562965,0.730311474281468,0.00225823862283928,0.258032649740063,2
"19916",0.000216358579040188,0.00336479157175431,0.00210030159715613,0.994318548252049,4
"19918",1.30877019627633e-06,0.832649055774083,0.166401755777973,0.000947879677748097,2
"19920",1.21770845325302e-06,0.132955503593375,0.866942712299847,0.00010056639832405,3
"19922",0.68612886552703,0.285972502342761,0.000106022633992906,0.0277926094962164,1
"19924",4.60771732699721e-05,0.933432460281874,0.0488678185301969,0.0176536440146592,2
"19926",0.0242498723175319,0.46595099876647,8.61311283516423e-06,0.509790515803163,4
"19928",0.00102389956505938,0.513147479421594,0.478050837392458,0.00777778362088843,2
"19930",3.90403948910134e-05,0.997280206977385,0.000724102827869449,0.00195664979985462,2
"19932",3.07716128662791e-05,0.994349067537002,0.00546403987755443,0.000156120972577218,2
"19934",0.00350960279994927,0.0358791402537545,0.000205807030345169,0.960405449915951,4
"19936",0.00137637027366894,0.97821560171449,0.00053249601872931,0.019875531993112,2
"19938",0.00419319576306709,0.00108050193090248,9.73815984121354e-05,0.994628920707618,4
"19940",2.35350239243023e-05,0.912536807167344,0.00205116045947826,0.0853884973492535,2
"19942",0.000156764953076248,0.938050489258629,0.035730026631177,0.0260627191571173,2
"19944",0.00016780288050382,0.300451534967368,0.000134228357550731,0.699246433794577,4
"19946",0.000225459963289228,0.824608218264919,0.030254782574828,0.144911539196964,2
"19948",1.89052805650687e-05,0.930569058542782,0.0599810628757002,0.00943097330095278,2
"19950",1.29072565845104e-06,0.00328330503986571,0.996711021349334,4.3828851417815e-06,3
"19952",1.89052805650687e-05,0.930569058542782,0.0599810628757002,0.00943097330095278,2
"19954",1.41351042581713e-05,0.996610145047028,0.00288521414177421,0.000490505706939724,2
"19956",0.000378459210673621,0.338300970634082,0.661269284579615,5.12855756291047e-05,3
"19958",0.992980418584613,0.00470088543452496,0.00187958342612316,0.000439112554738743,1
"19962",0.00472220207241526,0.585987422148505,0.1745562570413,0.23473411873778,2
"19964",5.98969711180755e-05,0.909659683502789,0.0328475090228155,0.0574329105032771,2
"19966",0.000155987867358338,0.000937318522045751,4.35168718309755e-07,0.998906258441878,4
"19969",7.85077305001255e-06,0.998560860682132,0.000417504115894537,0.00101378442892353,2
"19972",7.49102365247679e-06,0.853428034210601,0.145263167708455,0.00130130705729159,2
"19974",8.7828631676124e-08,0.0783967733898413,0.921600271717213,2.86706431430039e-06,3
"19976",6.26420865014413e-05,0.903237843580693,0.070164163162629,0.0265353511701762,2
"19978",2.3777480618933e-05,0.293547696222428,0.001539525885551,0.704889000411402,4
"19980",8.1390105717381e-06,0.676995709858851,0.322941608483049,5.45426475275802e-05,2
"19982",0.000119706987536537,0.173795611832336,0.825421539445306,0.000663141734820808,3
"19984",7.78776577386462e-07,0.00113170025458477,0.99880899504053,5.85259283081909e-05,3
"19986",0.000619773908976743,2.24872440104309e-05,3.30700930586748e-08,0.99935770577692,4
"19988",0.00100091489928858,2.27220808184749e-06,1.94043330870333e-08,0.998996793488297,4
"19992",0.00106500349248818,2.22846161150178e-05,6.58247417499744e-07,0.998912053643979,4
"19994",0.000113782088741811,0.997311208999209,0.00018787370454096,0.00238713520750785,2
"19996",0.000149455840831438,3.55566500825563e-05,5.45869921094372e-07,0.999814441639165,4
"19998",0.000534790108405284,0.861467339612661,0.0331707498088648,0.104827120470069,2
"20000",0.0203771254849174,0.978086792341447,0.00128068663771819,0.000255395535917846,2
"20003",0.000363599126227878,0.989799225401382,1.39308162924563e-05,0.00982324465609754,2
"20005",1.23738977757092e-06,0.909985562360119,0.0899819418380507,3.12584120531343e-05,2
"20007",0.00531284801289749,0.316323300369191,0.0017108822640929,0.676652969353819,4
"20009",0.00108009669585875,0.00168939439342368,0.000665089127467268,0.99656541978325,4
"20011",2.15586522594718e-05,0.96910839167806,0.0237420128218067,0.00712803684787397,2
"20013",7.73673553375969e-05,0.876391799373919,0.121632072880736,0.00189876039000733,2
"20016",0.00700077404645769,6.92087138059612e-05,2.06100619788371e-05,0.992909407177757,4
"20018",0.981628845497835,2.69009502753046e-07,1.89202198385318e-08,0.018370866572442,1
"20021",0.000735317679339611,0.0194263036574158,9.45303215571973e-07,0.979837433360029,4
"20023",0.00244975591934001,0.0788480379858326,0.000202507922933793,0.918499698171894,4
"20025",0.430878603474742,0.000117058666332691,5.93506587412814e-07,0.569003744352338,4
"20027",9.63787971221829e-06,0.999488426354589,0.000159471271943469,0.000342464493755022,2
"20029",6.57605418735749e-07,0.968885967539317,0.0309967217676847,0.000116653087579201,2
"20032",1.99427369343381e-05,0.999536202091207,0.000114350254604366,0.000329504917254363,2
"20034",3.48708034129651e-05,0.982574050880216,0.00515611758588152,0.0122349607304891,2
"20036",0.00311563940026408,0.746110889690084,0.191969873234829,0.0588035976748236,2
"20038",0.00969519748605123,0.000978370789032771,2.57055470439187e-08,0.989326406019369,4
"20040",0.0149917854887291,4.27960448704955e-05,2.14000815055454e-05,0.984944018384895,4
"20043",0.00140347831862261,0.00422810631389537,2.22405492491209e-06,0.994366191312557,4
"20045",0.00935564844004156,2.32623715866187e-06,4.30969106011697e-07,0.990641594353694,4
"20048",7.77209817875872e-07,0.000151150765446272,0.999846161537673,1.91048706306303e-06,3
"20051",0.0332615297168537,0.508238638476359,0.0125876138045854,0.445912218002202,2
"20053",0.000182096377055086,0.01955325630574,0.00045650154296144,0.979808145774244,4
"20055",0.156651465889205,0.0808158914117689,5.72671918862265e-07,0.762532070027107,4
"20057",0.996272532774632,0.000460266217963002,0.00326236097511848,4.84003228680222e-06,1
"20059",0.00424879532609152,0.0203075083994011,8.67957690015029e-05,0.975356900505506,4
"20061",0.000765758828511728,0.131044892426168,0.000383152788052617,0.867806195957268,4
"20063",0.00086002277022511,0.000156333301992601,0.978558041531752,0.0204256023960306,3
"20065",0.84029572428938,2.38578993900627e-05,1.34035459259374e-09,0.159680416470876,1
"20067",0.0153467923426606,0.000436508976570563,0.000255527487059831,0.983961171193709,4
"20069",1.36289545490396e-05,0.437032211108208,0.562877757512764,7.64024244786285e-05,3
"20071",0.0082625332611361,0.61020390637033,0.00365509056735165,0.377878469801182,2
"20073",3.39946009515717e-06,0.110914936717717,0.887512192089332,0.00156947173285552,3
"20075",0.999577250183655,0.00039421223108144,3.13647338016507e-06,2.54011118829996e-05,1
"20077",0.000224178659234583,0.0178736336499453,0.000685780752188721,0.981216406938631,4
"20079",0.00311690831800905,0.086502034554694,0.675584407328333,0.234796649798964,3
"20081",0.171187373397634,0.00749728248801932,1.41083815300242e-05,0.821301235732816,4
"20083",0.00172408025499758,0.027628643608226,0.962075044638334,0.00857223149844204,3
"20085",0.00403075039382622,3.76373694869674e-06,5.47923832003702e-09,0.995965480389987,4
"20088",0.0016063504359139,0.000714923313299375,4.84903831679664e-07,0.997678241346955,4
"20091",0.996448195966501,0.000151946286458079,5.64636135065864e-06,0.00339421138569019,1
"20095",0.000435734176905854,0.0257383964340448,0.90622571164784,0.0676001577412094,3
"20097",0.0152520942979289,6.13157237700994e-06,6.82377585723177e-09,0.984741767305918,4
"20099",8.86542844273616e-06,0.00869440637476901,0.0133495544034312,0.977947173793357,4
"20102",0.131034101164603,0.00434892073010154,0.860411665883455,0.00420531222184067,3
"20105",0.00061926182830349,0.00617866167112227,0.000768446537170803,0.992433629963403,4
"20107",0.00025974217091974,0.00100815309797982,1.73553852202334e-06,0.998730369192578,4
"20109",4.01557592335838e-05,0.0365811060432086,0.285377633279494,0.678001104918063,4
"20111",0.56875746070901,0.406997138311586,0.0238944701309483,0.000350930848455398,1
"20113",0.000437769822706479,0.0396574110222311,7.94690302030809e-06,0.959896872252042,4
"20115",0.00047614890010258,0.997446618700048,0.00183046492988717,0.000246767469962073,2
"20117",0.751617775742472,0.00986220912147317,6.67928993761278e-05,0.238453222236679,1
"20119",7.8564217346262e-05,0.00126677457562712,2.91907201513938e-07,0.998654369299825,4
"20121",0.000642941139071896,0.000184144217407868,9.09414863927047e-08,0.999172823702034,4
"20123",0.997721445544192,5.18199600374577e-05,4.50698269310462e-08,0.00222668942594352,1
"20125",7.97359082899557e-05,0.872869887461886,0.126490808701244,0.000559567928580051,2
"20127",0.000485034514321494,2.76086483441819e-05,5.3728115426652e-06,0.999481984025792,4
"20140",0.411928522042347,0.201715235968929,7.22437272218033e-06,0.386349017616002,1
"20142",3.2520653522309e-06,0.00943211076288218,0.990556810251934,7.8269198311701e-06,3
"20144",0.0129986978988843,0.973970197422777,0.012716865659398,0.000314239018940476,2
"20146",0.00679951301051865,0.592031154798074,0.388847882011919,0.0123214501794886,2
"20148",0.000272046000278711,0.985320842341989,0.000552504817950587,0.0138546068397812,2
"20150",6.14355041524129e-07,0.410450660812614,0.589539068720289,9.65611205604637e-06,3
"20152",0.000340137066695721,0.951574365941137,0.000390714685258145,0.0476947823069096,2
"20154",0.956390239253255,2.65903618813829e-05,1.07930089881277e-05,0.0435723773758758,1
"20156",0.0246990343748022,0.15523499235996,0.0678713776071008,0.752194595658137,4
"20159",2.59097186750116e-05,0.379040434432979,0.620854171476103,7.94843722427489e-05,3
"20161",0.000137720458542023,0.0185293155301142,0.97997253260733,0.00136043140401351,3
"20163",0.00177211413079238,0.946607704515079,3.19064184157914e-05,0.051588274935713,2
"20165",6.70570345206156e-05,0.00186701625835644,0.979505813909171,0.018560112797952,3
"20167",2.73456763356928e-05,0.974064771968229,0.0168505533927338,0.00905732896270162,2
"20169",1.01271034439976e-06,0.000565121927303231,0.999431522416488,2.34294586437511e-06,3
"20171",0.988316413659743,2.30803757192279e-06,1.15924407532912e-05,0.0116696858619319,1
"20173",5.8065159483332e-05,0.00947929550145783,0.835788522457873,0.154674116881186,3
"20175",5.18506139816016e-05,0.981278183037604,0.0157526981812616,0.00291726816715257,2
"20177",3.25491145475856e-05,0.0233663070524075,0.00147914554697379,0.975121998286071,4
"20180",0.00339492669470105,0.000181814564458825,1.69872614054362e-09,0.996423257042114,4
"20182",2.88481491560014e-05,0.000441927707807476,0.999529084541925,1.39601111602309e-07,3
"20184",9.73841486680725e-06,0.0624578538409611,0.937135154115749,0.000397253628423038,3
"20187",8.53382172454123e-05,0.449302117451382,0.216427560501181,0.334184983830192,2
"20189",1.70464507118072e-05,0.106494416358298,5.46266190465234e-05,0.893433910571943,4
"20192",0.135995487185565,0.0148745735180173,2.97325523845739e-05,0.849100206744034,4
"20194",8.89112336212451e-06,0.151278109191787,0.848414168607601,0.000298831077249928,3
"20196",0.183081370479624,0.000237511895973336,8.2356960960707e-07,0.816680294054793,4
"20198",0.00885653339827976,0.664099923922758,0.00146269347386582,0.325580849205096,2
"20204",3.43376148894968e-05,0.450366177183195,0.549501354374499,9.81308274157839e-05,3
"20207",0.105378376179504,0.000353981457039467,5.06852102811394e-05,0.894216957153175,4
"20209",0.0478191215903649,0.951240753521643,2.81138842238683e-05,0.0009120110037687,2
"20211",0.998309650257355,7.10991414714886e-05,2.07385417046182e-07,0.00161904321575671,1
"20215",0.00192301241596059,0.0237865329611754,8.99214289822365e-05,0.974200533193882,4
"20218",3.25815248424008e-06,0.025099052682201,0.974885004828312,1.268433700273e-05,3
"20222",0.0835798728553807,0.00857273871010374,0.000144618705322232,0.907702769729193,4
"20225",0.00121198236638765,0.958177816626337,0.0401356280597586,0.000474572947517316,2
"20229",0.148798138089871,0.793360551994302,0.00210670650591641,0.055734603409911,2
"20232",0.0299474762701701,0.118875282625553,6.31082478508076e-05,0.851114132856426,4
"20234",0.116544759215268,3.90452053392162e-06,1.60804914614313e-08,0.883451320183706,4
"20238",0.00226166941331428,0.000809986494435391,2.23874380014151e-05,0.996905956654249,4
"20253",0.00121792867245103,0.000472935958897066,4.64559320782991e-06,0.998304489775444,4
"20255",0.00105731343054994,0.997356803297578,0.000744035957593645,0.000841847314278388,2
"20258",0.000111572926194401,0.000354012517633396,3.07431869227162e-07,0.999534107124303,4
"20269",0.000186659383119589,0.037193320047188,0.047754157653121,0.914865862916571,4
"20271",3.33288792088955e-05,0.00151985639728039,1.91579721110493e-06,0.9984448989263,4
"20285",0.000196783608633803,0.898788234360332,0.0357413866849605,0.0652735953460736,2
"20288",0.00385004634706598,0.0297081026393999,0.000193454275712174,0.966248396737822,4
"20291",0.262642305395323,0.000426663747265904,6.82571047946758e-06,0.736924205146932,4
"20295",0.000290739923878937,0.14626812016869,0.0403870313963601,0.813054108511071,4
"20298",1.19771370230522e-05,0.99213327335022,0.00776383043610783,9.09190766490923e-05,2
"20302",1.47933378692258e-05,0.350409537882635,0.647698145187597,0.00187752359189887,3
"20305",3.85925374625681e-06,0.998179973547032,0.00175998520126872,5.61819979529933e-05,2
"20307",0.000712554893483783,4.93617653260124e-05,1.21784493574069e-07,0.999237961556697,4
"20310",0.00274453959004836,3.07884950279043e-06,1.60876420817246e-07,0.997252220684028,4
"20313",7.87164849666449e-08,0.00130557861271951,0.998693772361389,5.70309406432274e-07,3
"20315",0.000194068075712978,0.00140440714117381,1.9630015835083e-06,0.99839956178153,4
"20319",0.594195828027082,0.00038702065704092,4.86842507178789e-07,0.40541666447337,1
"20321",0.000138394456761356,0.000192924944922159,1.74797533532445e-05,0.999651200844963,4
"20327",1.88237256193557e-05,0.000156920349885427,1.02424537964972e-06,0.999823231679116,4
"20329",3.9228447229724e-06,0.670320246115565,0.327540141676344,0.00213568936336827,2
"20335",0.124166369867729,3.46561535358462e-05,2.49633858130105e-06,0.875796477640154,4
"20337",2.98382379595449e-05,0.700650877303965,0.299187125944529,0.000132158513546802,2
"20339",0.967406337335382,0.020960802826411,1.2098400157738e-05,0.0116207614380492,1
"20341",0.96609473860211,7.14271982235112e-05,0.000454302749361252,0.0333795314503055,1
"20343",0.0109043194661933,4.07324418743576e-05,0.000119696075341397,0.988935252016591,4
"20345",6.19403488017881e-05,0.99476487475063,2.62295848807906e-05,0.00514695531568708,2
"20350",0.329945718519601,0.185958968911096,0.0376669045770922,0.446428407992212,4
"20352",1.10268498758649e-06,0.00101502459426527,0.99897466737898,9.20534176717533e-06,3
"20355",0.000465468794996129,0.0460207282931322,0.946363210584361,0.0071505923275111,3
"20358",1.32716661255077e-06,0.626860124134588,0.372799459545677,0.000339089153122828,2
"20363",0.000134887095352649,0.000592668582371673,1.20179231164009e-05,0.999260426399159,4
"20365",0.555212236839362,0.0328195645126755,4.34603863852022e-06,0.411963852609323,1
"20379",0.00112640578868745,0.99548233902813,0.00261003544198176,0.000781219741200496,2
"20387",0.00210239376319391,0.000890337202787125,6.98581365418522e-07,0.997006570452654,4
"20392",0.996130623315468,3.38860125152882e-05,2.52759833377164e-08,0.00383546539603301,1
"20395",0.000667183226004245,0.968866349655664,0.00189009210866004,0.028576375009672,2
"20397",8.16510548210878e-07,0.0156702832243425,0.98430787778344,2.10224816691716e-05,3
"20410",0.00082359065581086,0.0185560141937983,2.02091212183247e-07,0.980620193059179,4
"20414",2.17429898674257e-05,0.671967393668342,0.325884024653697,0.0021268386880942,2
"20417",0.867619351532341,1.97191750376258e-06,1.13581309002102e-07,0.132378562968846,1
"20419",3.73285085677325e-06,8.26784035583283e-05,3.87326461122665e-06,0.999909715480974,4
"20421",0.0306627692866713,0.304756002564651,0.656328339468382,0.0082528886802963,3
"20423",0.000314519102374844,0.599297887047926,0.399739406951909,0.000648186897790979,2
"20425",0.00115787680576108,0.406706155155985,0.590493079081097,0.00164288895715701,3
"20427",8.37775593574747e-05,0.932974666571707,0.000594528720560766,0.0663470271483747,2
"20429",0.00478402892390217,0.000410805561717226,0.000389645709905018,0.994415519804476,4
"20432",1.15265888155157e-06,0.184441082986605,0.815451631601203,0.000106132753310129,3
"20435",0.0298434006902923,0.192401360548196,2.68136074372652e-05,0.777728425154075,4
"20438",3.35537128794005e-05,0.000818283658431918,0.000524212617033334,0.998623950011655,4
"20440",4.58947155648777e-05,0.000343455168300694,4.07719374743081e-05,0.99956987817866,4
"20443",8.63858738941305e-05,0.00325345593866636,0.996134986082674,0.000525172104765539,3
"20446",0.00199465669401873,0.447875486247143,0.00565467950941963,0.544475177549419,4
"20449",0.0181276070254049,0.19716251459867,4.833846416584e-05,0.784661539911759,4
"20537",0.274908221330469,0.00838457144312408,0.000246803011809505,0.716460404214597,4
"20540",0.987765711498252,2.34081351977795e-05,2.5321888382517e-08,0.0122108550446613,1
"20543",0.00137060138265471,0.728414671564613,0.00532875628919882,0.264885970763533,2
"20545",0.998219517477886,5.13011996064354e-05,6.27612430708812e-07,0.00172855371007716,1
"20549",0.0093600437963425,0.876547850747557,0.0200410536272934,0.0940510518288074,2
"20551",0.00258223012867052,0.0203041252246777,0.00014771830249999,0.976965926344152,4
"20554",0.000180521269588447,0.00629623245296798,2.48078919971868e-05,0.993498438385446,4
"20556",0.19625992087057,0.538672953342598,0.00193569335956713,0.263131432427265,2
"20558",0.000287074791668419,0.000126104184243469,6.62725099478363e-07,0.999586158298989,4
"20560",0.000154518055194284,0.0175199409083305,0.0035015945162977,0.978823946520177,4
"20563",0.0003748853140946,2.3186081333043e-05,2.05781989396846e-06,0.999599870784678,4
"20565",0.0020255129571972,0.0976271999726888,0.0217760067378918,0.878571280332222,4
"20567",5.32164270301635e-06,0.125797005486685,0.874019450623158,0.000178222247453397,3
"20571",0.0325360938941095,0.00276781119396282,0.000103584059330989,0.964592510852597,4
"20573",0.00635925931851504,0.0380708438431754,0.000668013757342948,0.954901883080967,4
"20575",0.000165940954835532,5.67448760443923e-05,5.52110032661391e-07,0.999776762059087,4
"20577",0.00293146005512759,0.865541686843351,0.000199972431105972,0.131326880670415,2
"20579",4.10004663181547e-08,0.00315055114336148,0.996845597147643,3.81070852918024e-06,3
"20582",0.000188594886179729,2.52777193429404e-05,1.30283221627897e-07,0.999785997111256,4
"20585",0.886743898470055,0.013352318212375,2.54531709837696e-06,0.0999012380004714,1
"20588",0.978511823299846,0.0102211696346972,0.000227985377197855,0.0110390216882594,1
"20590",2.85851331770946e-08,0.00747644211374251,0.992522201836396,1.3274647284975e-06,3
"20592",0.000132638924737044,1.15794439756715e-05,2.33155674764452e-06,0.99985345007454,4
"20594",0.000462537174122464,5.2358652328473e-05,3.34884953108113e-08,0.999485070685054,4
"20596",1.11364138317705e-05,0.0165361621276536,0.000981405333320574,0.982471296125194,4
"20598",0.000189670784429899,0.0132729896066004,1.27838532036066e-05,0.986524555755766,4
"20600",0.758234212636661,0.145796551431131,0.00128075025898562,0.0946884856732222,1
"20603",0.00508574136721486,0.988098212444687,0.00552999681758751,0.00128604937051024,2
"20605",0.000677089430118077,0.000808002730286231,1.02102217216609e-07,0.998514805737378,4
"20607",2.44202948298595e-05,0.00259053193404079,1.66464865410293e-06,0.997383383122475,4
"20609",0.000207966510778046,0.0230338618178457,6.49679700345893e-05,0.976693203701342,4
"20611",3.74467920154334e-06,0.999326969534418,0.000605890488392401,6.33952979880096e-05,2
"20613",0.00416246396702738,0.565753389159387,2.82101749453508e-05,0.430055936698641,2
"20615",0.0977905361235162,0.538540595406787,0.00296737714762831,0.360701491322069,2
"20617",1.40599229183137e-06,0.00406490464714021,0.995929126462824,4.56289774394188e-06,3
"20619",6.28270326010793e-05,5.23480888290937e-05,7.09795832732753e-06,0.999877726920243,4
"20621",0.00059602719033155,0.0206609594601201,6.00227819914354e-05,0.978682990567557,4
"20623",7.19604542800815e-07,0.0151831311759802,0.981848643924147,0.00296750529532977,3
"20625",0.0474852066139921,0.899081828492584,0.0507349437579203,0.00269802113550304,2
"20627",0.000712108094250629,0.247413877204116,1.0884377176598e-05,0.751863130324457,4
"20629",0.00461768744471618,0.165889983436337,0.00093908508388254,0.828553244035064,4
"20631",0.000205821187985843,2.73759951910354e-05,1.30327697026299e-05,0.999753770047121,4
"20633",3.37881478910906e-08,0.000760083068756256,0.999239559636167,3.2350692851568e-07,3
"20636",1.28148609701355e-05,0.963280278131265,0.0355360510289077,0.00117085597885662,2
"20638",0.0769835769759128,0.772626284078284,0.000348127608042223,0.150042011337761,2
"20640",0.0865320976210098,0.00452422469254973,5.91843983332452e-08,0.908943618502042,4
"20645",0.00554330976246849,6.74283389117402e-06,9.37938941294669e-09,0.994449938024251,4
"20647",8.99640561504057e-07,0.000160154638978118,0.999836908899438,2.03682102259301e-06,3
"20649",0.0135777383088155,0.0220994936266458,2.01635813155521e-05,0.964302604483223,4
"20651",0.0035516351976414,2.37672688138137e-05,2.36912583497572e-05,0.996400906275195,4
"20656",0.0402069396491214,0.00210433315190697,8.31281097395059e-06,0.957680414387998,4
"20660",0.906923735901253,0.0156192712429476,1.17825759593289e-05,0.0774452102798402,1
"20662",4.52918034185594e-06,0.090056557653347,0.909405220143402,0.000533693022909193,3
"20664",4.66592225890068e-05,0.0195099053689981,0.120070016849191,0.860373418559222,4
"20666",0.0619349151765444,0.936846958074386,0.000183288358592419,0.00103483839047662,2
"20668",2.03265314029149e-06,0.532185545341714,0.46762944517358,0.000182976831565311,2
"20670",0.000444691334499423,0.00217457082970569,1.37903136044155e-05,0.997366947522191,4
"20672",6.72670199630794e-05,0.531916037667252,0.467870190292222,0.00014650502056279,2
"20674",0.000257406807713452,0.0944693454978504,0.000253709577441787,0.905019538116994,4
"20676",3.92902345023068e-06,0.923690855373474,0.0762870280761783,1.81875268973895e-05,2
"20678",5.13558283952079e-07,0.48765639355141,0.512325642763056,1.74501272500171e-05,3
"20680",8.80250022530625e-05,0.685747827942709,0.31081352052434,0.00335062653069793,2
"20682",1.00211299470151e-05,0.994986932035481,0.00143991980637977,0.0035631270281919,2
"20684",0.00482274433682516,0.166515517039779,5.7237270938803e-05,0.828604501352457,4
"20686",3.60650464835957e-06,0.0262365983743242,0.973741110508126,1.86846129011291e-05,3
"20688",1.85319916470833e-07,0.0455518466091756,0.954439301700654,8.66637025371976e-06,3
"20690",0.950477829960254,0.002504785965978,2.94275940947304e-07,0.047017089797827,1
"20692",2.21349668385988e-08,0.00204035152536029,0.997959182350661,4.43989011505067e-07,3
"20694",4.72068551641467e-06,0.975669593806317,0.0242739461853378,5.17393228284361e-05,2
"20696",4.35914762656914e-05,0.989689874168165,0.00914348554166283,0.00112304881390636,2
"20698",0.0120902309958511,0.0775333579744544,0.00909348102767052,0.901282930002024,4
"20700",0.000527414803948389,0.00208625384161799,0.00387305885174032,0.993513272502693,4
"20702",0.886764891261322,0.000236543867026094,1.19915334430534e-07,0.112998444956317,1
"20704",0.000634844537084305,0.186494147821894,8.04013244137344e-05,0.812790606316608,4
"20706",0.0060290167858113,0.746258750366904,0.0222686567953811,0.225443576051904,2
"20708",1.64721463554506e-06,0.989163733675534,0.0107055000437309,0.000129119066099159,2
"20710",0.412571182705215,0.0464131465778341,3.25058003000856e-06,0.541012420136921,4
"20714",1.86988997585326e-07,0.0174029224557242,0.982539432521531,5.74580337475356e-05,3
"20716",0.000190434602236939,0.0109734822174106,1.44466181458477e-06,0.988834638518538,4
"20719",0.000526458985767792,0.441442983892562,0.000533049049647336,0.557497508072023,4
"20721",0.000141415924260889,1.33094571230642e-05,2.85551422076111e-06,0.999842419104395,4
"20723",0.00716196384767313,0.216245342324126,0.0023435342290014,0.7742491595992,4
"20725",0.000266249401101903,0.996375338193267,0.000234333263053493,0.00312407914257782,2
"20727",0.000175002819916949,0.0085249317786872,0.991291332331092,8.73307030414845e-06,3
"20729",4.97374240000538e-06,0.999479532954304,0.000441152404425448,7.43408988706546e-05,2
"20731",0.000199274536423925,0.998948480267969,3.69295152524523e-05,0.000815315680354848,2
"20733",0.00495196202982403,0.133985880436076,2.91083492270489e-05,0.861033049184872,4
"20735",0.0200112426824028,0.588181257247491,1.94136109735309e-05,0.391788086459133,2
"20737",6.14017306725413e-07,0.93618218754713,0.0637452264487393,7.1971986824336e-05,2
"20739",1.18310174800618e-07,0.00103396242111405,0.998965377201528,5.42067183286955e-07,3
"20741",0.000160827200417292,0.944703743990199,0.0429689027503787,0.0121665260590051,2
"20743",6.92344230270089e-05,0.993277896340335,0.000554717201927477,0.00609815203471071,2
"20745",0.000402510316468987,0.000193621771603773,5.59211946962164e-06,0.999398275792458,4
"20747",5.72793472026933e-06,0.999547688868984,0.000363090622759529,8.34925735358836e-05,2
"20749",6.67616848618575e-06,0.999124601346838,0.000827500616976383,4.12218676999171e-05,2
"20751",0.00327346736603969,0.99576805321403,0.00090172598727059,5.67534326594807e-05,2
"20753",7.05430672550443e-06,0.999435711369225,0.000406837321065182,0.000150397002984641,2
"20755",5.94840899690033e-06,0.920518107342172,0.0789415699621217,0.000534374286709572,2
"20757",4.0079937909271e-05,0.214025020595035,0.576481449863072,0.209453449603984,3
"20759",4.37383634849576e-05,0.000267723018073819,0.000302977508523304,0.999385561109918,4
"20761",0.000151045408021452,0.960883639619289,0.00250470716393635,0.0364606078087527,2
"20763",0.00145578253808297,0.900047227236133,0.00934361482959824,0.0891533753961855,2
"20765",0.000134009106682392,0.989527754430968,0.00562502519269728,0.00471321126965199,2
"20767",0.000492227812826992,0.0639701456476716,6.96408478737691e-06,0.935530662454714,4
"20769",0.628765776511653,0.0620573137687885,3.79579876183215e-07,0.309176530139682,1
"20771",1.5588893100767e-05,0.69098594589822,0.206069820739896,0.102928644468783,2
"20773",0.000535253562370743,0.905640462111745,0.0403334827798597,0.0534908015460241,2
"20775",0.000284284397377275,0.997073094548893,0.000146763694043367,0.00249585735968664,2
"20777",0.35691662125869,0.608071748790023,0.000822712293522054,0.034188917657765,2
"20779",0.00010084208415851,0.998461643415941,4.78461036748707e-05,0.00138966839622543,2
"20781",0.949954942608329,0.0120040470002928,0.0380088543522868,3.2156039091265e-05,1
"20783",2.48104786597993e-05,0.970826784850501,0.00447468522563231,0.0246737194452064,2
"20785",3.21457146424131e-05,0.180274912952587,0.818327311812427,0.00136562952034358,3
"20787",6.17876036506583e-07,0.975482268260553,0.0241413495629854,0.000375764300425047,2
"20789",0.00115215381851648,0.647183713461998,2.73862044414144e-05,0.351636746515044,2
"20791",2.00732423897564e-06,0.931063095345746,0.0689128818819567,2.20154480581062e-05,2
"20793",0.000886479934526518,0.707539253157637,1.30610170088035e-05,0.291561205890828,2
"20795",5.18644799626876e-06,0.811066606629462,0.188566048817556,0.000362158104985934,2
"20797",0.00394803158919586,0.00213138650303088,0.993918705615164,1.87629260962434e-06,3
"20800",5.7781100754564e-05,0.995925189207482,0.00377519156047366,0.00024183813128988,2
"20802",0.000108934187580139,0.985570807838106,0.00257899492547451,0.0117412630488393,2
"20804",9.08200738015438e-07,0.99415584416953,0.00579674886695543,4.64987627770237e-05,2
"20806",1.4375035121676e-06,0.718257136678234,0.281723604401011,1.78214172422062e-05,2
"20808",8.77437818157243e-05,0.0217410590880344,6.06211774897272e-07,0.978170590918375,4
"20810",3.42248158520565e-05,0.550054931555396,0.448501260653488,0.0014095829752637,2
"20812",0.0108467711933608,0.973226569178164,0.00792047732041981,0.00800618230805551,2
"20814",3.23192120413932e-07,0.432587158042261,0.567401123098029,1.13956675896558e-05,3
"20816",0.0120320872185488,0.0753196875563547,1.43764912310376e-05,0.912633848733865,4
"20818",0.000229797323998556,0.983408190180953,0.0046831525644348,0.0116788599306136,2
"20820",3.81965535888665e-07,0.000369036856160831,0.999629641650412,9.39527891552374e-07,3
"20822",4.00136027972034e-05,0.991035101420842,0.00200513753287726,0.00691974744348318,2
"20824",4.96963508859932e-05,0.349695477723688,0.648741623336853,0.00151320258857311,3
"20826",1.71723345860907e-06,0.00730794845041598,0.992684117657882,6.21665824353309e-06,3
"20828",7.77209817875872e-07,0.000151150765446272,0.999846161537673,1.91048706306303e-06,3
"20830",9.73516042510049e-06,0.999090153078429,0.000830767843429657,6.9343917715736e-05,2
"20832",0.000381606429006024,0.55128199533404,0.04445128012301,0.403885118113944,2
"20834",0.00195388746688574,0.0381775359031352,3.15129293651816e-06,0.959865425337043,4
"20836",4.12997708938642e-05,0.999217370574296,7.23093084269302e-05,0.00066902034638361,2
"20838",8.09891914962985e-07,0.931599695309947,0.0683810600353707,1.84347627672367e-05,2
"20840",0.000489084045836864,0.131440438777926,0.000190901212615002,0.867879575963622,4
"20842",1.75950042141401e-05,0.999191259655569,0.000283991446976343,0.00050715389324042,2
"20844",9.68494198130025e-06,0.963361513607369,0.00296223767841317,0.0336665637722368,2
"20846",7.73343365934614e-05,0.265840786392297,0.720052408401491,0.0140294708696188,3
"20848",0.00100114367562064,0.825396915721213,0.00120518494440074,0.172396755658766,2
"20850",6.02407194346475e-05,0.0258874628068059,0.00605812700319392,0.967994169470566,4
"20852",0.0011088890512814,0.0135556819179775,0.0366962606577909,0.94863916837295,4
"20854",7.19741339093931e-06,0.088201401040108,0.911761777242361,2.96243041401505e-05,3
"20856",0.956865853680827,0.0269288237374001,3.05643460524284e-05,0.01617475823572,1
"20858",0.000950879743613578,0.00104002177050329,1.65749768365361e-05,0.997992523509047,4
"20860",0.000113354313297986,0.987419266216512,5.20258878655768e-05,0.0124153535823245,2
"20862",3.67866229938885e-05,0.000385398178354171,1.31565395713056e-07,0.999577683633256,4
"20864",1.67624840242243e-05,0.00681408622698833,0.99312146560612,4.76856828674241e-05,3
"20866",0.00124447646238421,1.78866580535785e-06,5.30713866433007e-08,0.998753681800424,4
"20868",0.00299206077345423,0.0103382979297558,0.000123039368440218,0.98654660192835,4
"20870",0.00118409784425396,0.968078751712515,0.00416768083586666,0.0265694696073647,2
"20872",3.24937428731927e-05,0.993415797278048,0.00585813966986969,0.000693569309208647,2
"20874",3.30616839334414e-08,0.00131201849701238,0.998687249841409,6.98599894803439e-07,3
"20877",0.0188216324888286,0.0137577602802633,9.52975095466736e-07,0.967419654255813,4
"20879",0.00266890656269128,0.00056001836242526,4.33364361416794e-08,0.996771031738447,4
"20881",1.50920610641835e-05,0.99624665260712,0.00362328109065347,0.000114974241162094,2
"20883",0.000156805439197939,0.967200704302872,0.0325745837821198,6.7906475809962e-05,2
"20885",7.00779936270004e-05,0.997734660149051,0.00190982564197327,0.000285436215348682,2
"20887",0.0052014549763931,0.591857863390793,1.00099598190294e-05,0.402930671672995,2
"20889",0.000827149612432499,0.997331431242201,0.000210926882950024,0.00163049226241613,2
"20891",0.00356097016854624,0.000272994226026615,1.473784927731e-07,0.996165888226934,4
"20896",0.0789662866851453,0.290966909557402,2.77587454456453e-05,0.630039045012007,4
"20898",8.04639692111511e-05,0.993421940630814,0.000104245765828359,0.00639334963414606,2
"20900",0.111287063128242,0.214114850369958,0.674580389709781,1.76967920191419e-05,3
"20902",0.832214452248646,0.0420315838423495,1.86414358580255e-07,0.125753777494646,1
"20904",0.000902324706034189,0.00662247806973632,0.980324021035249,0.0121511761889801,3
"20906",0.0191638847363205,0.00923083118375555,1.53470091697732e-06,0.971603749379007,4
"20908",0.000130808336075343,0.675003079183554,0.29740621019734,0.0274599022830301,2
"20910",2.4289973519064e-06,0.980273444026369,0.0104089305656014,0.00931519641067742,2
"20912",0.947627397153392,0.0519949221752963,0.000332756370000037,4.49243013122032e-05,1
"20914",0.0106942888256522,4.16295736837752e-05,2.9822430943562e-09,0.989264078618421,4
"20968",0.00100599499640362,0.0156181226741177,0.982465890305527,0.000909992023952128,3
"20970",0.000642319652114788,0.0267492020261133,0.00133721771001736,0.971271260611755,4
"20981",8.19251833550731e-06,0.0171856947548611,0.000195300039495529,0.982610812687308,4
"20983",5.69052414276257e-08,0.00792718739859631,0.992072036787884,7.1890827767895e-07,3
"20988",0.000105371109874244,0.00225245739767981,0.000172720019906286,0.99746945147254,4
"20995",0.788717306232272,0.0566005154633677,0.00440045980815872,0.150281718496201,1
"21017",3.77553851319665e-05,0.805000615022891,0.0499723889942695,0.144989240597708,2
"21038",0.00751678916601295,0.00587879894225572,6.87896379276452e-07,0.986603723995352,4
"21072",0.00533185718241589,0.0231399372426257,0.000357275611974423,0.971170929962984,4
"21075",0.0623822527692286,0.00113312452069647,1.74998731420989e-08,0.936484605210202,4
"21223",0.0017795060432181,0.953309914794472,0.000543906059575727,0.0443666731027339,2
"21225",0.999872759898471,3.35019464091352e-05,8.63138296354481e-08,9.36518412900085e-05,1
"21230",6.04786774875293e-08,0.0051510931948644,0.994848174950256,6.71376201691721e-07,3
"21236",3.96162997705134e-05,0.99316061779316,0.00269105886486199,0.0041087070422079,2
"21238",0.470648595689088,0.45456476223031,0.000147335812363663,0.0746393062682379,1
"21241",0.000323772649198123,0.000557975082603013,0.00106182504693081,0.998056427221268,4
"21246",1.80921352783267e-05,0.0251503445591089,0.000261672292399534,0.974569891013213,4
"21253",5.45264902666935e-06,0.0445942267942651,0.955371988803502,2.83317532059132e-05,3
"21256",0.000209569279690946,0.804677466380504,0.190071783293308,0.00504118104649741,2
"21260",0.995671434809708,1.2167102422485e-05,1.25045193419017e-06,0.00431514763593531,1
"21266",0.000258047572902676,0.0187834420523842,1.67580111307123e-05,0.980941752363582,4
"21332",4.13445750076009e-05,0.00793061137295653,4.72280154429781e-05,0.991980816036593,4
"21334",0.00274757688446317,0.990907508283418,5.77487844150075e-05,0.00628716604770364,2
"21375",0.000458417313135701,0.000158116102109459,1.46805529104056e-06,0.999381998529464,4
"21378",0.00258747597047699,5.8384464943779e-06,2.00241247552608e-07,0.997406485341781,4
"21381",0.0102978271562452,0.000261672533657145,1.23217280129404e-05,0.989428178582085,4
"21389",2.63617790419527e-06,0.982862850967938,0.0167678876474666,0.000366625206691489,2
"21391",0.00046820053075359,0.00769780246629391,0.0328145039391076,0.959019493063845,4
"21402",4.56501689967561e-06,0.00304445856413962,1.26848981124683e-05,0.996938291520848,4
"21404",0.342632803823145,0.0206928827970617,4.3240120287848e-07,0.636673880978591,4
"21409",0.0459185076351027,0.0662642998020263,3.63077419120147e-06,0.88781356178868,4
"21413",0.0328471811992823,0.808522882579985,3.33371976322829e-06,0.15862660250097,2
"21423",0.0024233440538711,0.000524676805140289,1.10942034432914e-06,0.997050869720644,4
"21425",0.0260593814221549,0.227633053740229,5.31492112764044e-06,0.746302249916488,4
"21430",0.987885590484863,0.0086840308389373,4.23568573541365e-05,0.00338802181884524,1
"21432",0.000131972461930991,0.0524498871128486,1.84326326414026e-05,0.947399707792579,4
"21438",0.000584246216203922,0.000863720334299364,0.000636239184654307,0.997915794264842,4
"21440",0.00241877071156357,0.189966367054223,8.81980236877761e-05,0.807526664210526,4
"21443",4.87686894588493e-06,0.99013278110878,0.00961589216310289,0.000246449859171199,2
"21445",0.998828010658695,0.000677896014155707,4.19291143889706e-06,0.000489900415710317,1
"21447",0.00291698733140902,4.98083972454332e-05,7.17977310600242e-07,0.997032486294035,4
"21449",5.87427807312668e-06,0.000838727359308645,1.33497501659063e-05,0.999142048612452,4
"21451",5.87427807312668e-06,0.000838727359308645,1.33497501659063e-05,0.999142048612452,4
"21455",6.24533229838627e-06,0.000918311616714105,1.55485081830001e-06,0.999073888200169,4
"21469",0.119117915075616,1.00410135868552e-05,2.63195798588679e-08,0.880872017591217,4
"21471",0.261132930831798,0.000631201061419421,5.02783530055187e-07,0.738235365323253,4
"21473",0.00604282997799244,0.473480510673472,0.462643542036317,0.0578331173122185,2
