"","V1","V2","V3","V4","V5","V6","V7","V8","result$classification"
"19812",0.754258435627071,7.87083077519205e-05,0.19455546910645,0.0504156043803932,0.000230961733081623,1.30005676458682e-06,0.000378041163263524,8.14796252236643e-05,1
"19814",0.985953576147869,2.29415144396946e-06,0.0113134041708808,0.000738318199000229,3.91539766958767e-06,0.00196608631661993,2.14372996745436e-05,9.68316842021487e-07,1
"19816",0.00385516794893026,5.05601044627252e-05,0.835997557333388,0.00981239630357731,1.10890278631539e-05,6.70468568484047e-07,0.150272553779957,5.03325288772677e-09,3
"19818",0.473518551390176,2.28118769299773e-05,0.518054458865971,0.000385557378106718,1.35116887252022e-05,0.00743284661364179,0.000570585257864952,1.6769285850162e-06,3
"19820",5.92544449000504e-09,4.64036584080225e-09,0.00382956315773376,4.6092177182691e-05,0.000176217427608607,2.64527557542175e-10,0.995948116105079,3.0205793573447e-10,7
"19822",3.49524316343253e-07,1.84901746078809e-07,0.00464343202930461,0.0139266384212413,0.0953573132517717,9.7872440810391e-07,0.886063123211947,7.97993526461545e-06,7
"19824",0.000129527168327727,0.000115867226859404,0.632779926272712,8.16576487097581e-06,6.9362122962719e-05,0.00121980330019827,0.365677146661712,2.01482357559012e-07,3
"19826",0.761007900618885,0.0152805053116594,0.0805795401955754,0.141465919612998,2.44375333948069e-06,3.17446749357065e-05,0.00163028420951944,1.6616230879058e-06,1
"19828",0.000129711219308764,1.46837591634107e-07,0.508470316849554,0.00026037344276228,0.00206072535629969,1.71735100831782e-06,0.489076902622924,1.06320550915223e-07,3
"19830",0.913511855536888,0.00138020329224701,0.00418683338194563,0.0778648784637583,1.3513511447283e-05,0.000101972739975285,1.14816815805739e-06,0.00293959490558082,1
"19832",0.129934723377046,3.35060261671177e-06,0.120272889016511,0.0367593180991698,0.685350600706697,1.1887198658892e-06,0.00975994162130805,0.017917987856786,5
"19834",0.00911728199189658,4.14728003354719e-07,0.153976400730573,0.790568530738403,0.0101790578815062,7.58851196378397e-05,0.0360766158533135,5.81295666572514e-06,4
"19836",0.0454691377804993,0.0253580886903314,0.92537046057366,0.0023012646233424,7.63320183122172e-06,2.61909732020411e-07,0.00146987447173954,2.32787488638115e-05,3
"19838",0.998901705143373,3.45468522250389e-06,0.000291374269327001,0.000514219983474124,2.6857114378931e-06,0.000248286241816227,1.57529798183324e-07,3.81164355514943e-05,1
"19840",0.0171964647845389,0.000823810062507446,0.136910579720404,0.809773970771893,7.56508080353869e-06,2.73466972057092e-06,0.0352848220050977,5.29050356552097e-08,4
"19842",0.0379319032185325,0.961748306205541,1.83247546485818e-05,0.000290852428243339,8.50125337116644e-10,5.25672786992022e-06,5.28650286369355e-08,5.30295001051245e-06,2
"19844",6.07914636004432e-06,1.0853088246422e-05,1.01412459686958e-06,1.223513258988e-07,2.07647072928995e-09,0.999980619759141,1.29604774328068e-06,1.34061155042591e-08,6
"19846",0.92934290207419,0.00368008949975502,0.000178228660237767,5.09720995186472e-06,1.2012853117859e-09,0.066791519111715,2.16392483860389e-08,2.14060361665378e-06,1
"19848",0.976540327049992,0.000167333016674595,0.000201539491690854,1.30974627009561e-05,7.88930528059266e-09,0.0230752959876683,3.28050309170849e-08,2.36629693755423e-06,1
"19850",0.807130809136497,3.91403645616735e-05,0.000679700042042555,9.78773768540352e-05,2.04637713403287e-07,0.192048692987921,1.98145688303989e-06,1.59399752710871e-06,1
"19852",0.0239583736011905,2.14763414842071e-06,0.969456264336338,0.0018112344972879,3.74961763246524e-05,7.49555894317747e-05,0.00465920009844398,3.28066835547456e-07,3
"19854",0.997797060269967,3.62271088447479e-05,0.000156901613392777,3.82223274568345e-05,2.62343500985596e-08,0.00196842404029202,3.04313852480428e-08,3.10797431183988e-06,1
"19856",0.0129177774591162,0.000133318556787221,0.000152126497594038,0.000424905987020786,1.44830982150234e-06,0.986309670998167,5.93403893151947e-05,1.41180217781388e-06,6
"19858",0.000755830540569481,1.05184947875618e-05,0.00670562877418508,7.04432461138635e-05,3.70335878528081e-05,0.989669526825332,0.00274838251128834,2.6360198706243e-06,6
"19860",0.266825650517535,2.43057660365071e-05,0.541629646567553,0.17847536040355,8.62030527243687e-05,2.5381112324233e-05,0.012932973755224,4.78825053042578e-07,3
"19862",0.984865694030903,0.0127651447115722,8.06206979316896e-05,1.22542468418829e-05,8.44545731755681e-10,0.00227145638311902,8.23643586846706e-09,4.82084865086304e-06,1
"19864",1.18045036944298e-06,0.999975176756337,1.9023957605337e-05,4.19167477450951e-07,8.00212898483211e-10,9.21518000381545e-07,1.56802878778677e-06,1.70932120972093e-06,2
"19866",0.000526941768669857,0.0215369163924749,0.684828698916831,0.0888281889579632,9.68129625209163e-06,7.31722379829737e-07,0.204268668580262,1.72365167142214e-07,3
"19868",2.56215074306461e-05,6.61481977132427e-08,3.19374805434161e-07,0.0024253942762863,0.0526742736003286,2.69047797722715e-05,8.01291006346223e-07,0.944846619022173,8
"19870",0.982734228097398,0.00131961948576833,0.0141282925000863,4.12507000387251e-05,9.59150817184626e-08,0.00176719169159221,1.15569236219388e-06,8.16591767241524e-06,1
"19873",0.637061220107677,0.00205170037857187,0.358548671846709,0.0012931766863975,1.6652556784931e-06,0.000586426902099,0.000456143938210615,9.94884656281707e-07,1
"19875",0.00113539644672597,6.33179546231993e-07,0.206125181391924,0.0652715689846631,0.00297974251987899,4.49851055579308e-08,0.72448733890525,9.35869063543845e-08,7
"19877",0.864657142985901,8.69071930367162e-05,0.128081446194413,0.00503472978914715,2.6015792885519e-06,0.00210182022989226,2.20419226686029e-05,1.33101056528751e-05,1
"19879",0.0555200043285438,2.71910559995722e-05,0.936744568981798,0.00560815531808924,9.11543077301146e-05,0.000986782135054925,0.00100171339069144,2.04304820929865e-05,3
"19881",0.89143303093065,0.0293114404579727,0.0735246138325868,0.00441701410754084,1.18511921241002e-06,0.00108667402450953,0.000220564873695711,5.47665383210723e-06,1
"19883",0.556991749412183,0.41449170421632,0.0267798448351037,0.00163080971687282,7.27916354281479e-08,4.57415631343608e-05,5.86530378813899e-05,1.42442686913774e-06,1
"19899",0.0118644253655614,0.000114856412257059,0.0827323692603638,0.903967204283799,0.000109173040083855,2.07125511292732e-06,0.00114757000215959,6.23303806620124e-05,4
"19908",6.49905553563048e-05,0.0134461950151476,0.000711928606403271,0.983545346781748,0.000118706004171577,0.000201313298405012,0.0012321389356434,0.000679380803125016,4
"19910",0.0380572053287167,3.88454232195756e-05,0.960630852476396,0.000251264785390238,4.08625052502503e-06,3.39351817584474e-05,0.000983368239158281,4.42314835579369e-07,3
"19912",0.391865892575454,0.604814290082577,5.99678431596123e-05,0.00289823232722534,3.57415504194298e-09,0.000351272477035992,1.18643738561686e-07,1.02224766541835e-05,2
"19914",0.147570187453188,3.35294675220108e-05,0.507179084260761,0.341869849039633,0.000791637818326838,0.000490552609563597,0.00192545123541873,0.000139708115587007,3
"19916",5.56161188712201e-05,0.252109184174929,0.286222967695038,0.000466604125832785,1.83936140274705e-05,0.000303066652568922,0.460818784360487,5.38325824611144e-06,7
"19918",0.908076381230861,0.00256557240882,0.00769178663626983,3.2726160015253e-05,8.91258891394776e-09,0.0816309047666755,2.29762351000601e-06,3.2226125949525e-07,1
"19920",0.121629175731167,2.78326087249417e-05,0.000101603512860819,5.58576976319153e-05,4.38874492753351e-09,0.878185213635423,2.03178448102708e-07,1.09246998352001e-07,6
"19922",0.191646484227247,4.54112451060567e-06,0.0915598212567604,0.000102384644000387,0.338969359510136,9.05470052077532e-06,0.000413401924717913,0.377294952612107,8
"19924",0.829853526083793,0.000189764695197149,0.131025022075731,0.00668548354586902,1.50035823445235e-06,0.0321301033282508,0.000112204123360971,2.39578956296406e-06,1
"19926",0.0181842419901673,0.00323039553433252,0.441417834833395,0.530357713778681,0.000885405167043993,1.3457982500108e-07,0.00463990639306711,0.00128436772348857,4
"19928",3.08808367059443e-07,0.999997679990007,2.27017998327876e-08,3.48908460932134e-08,1.04337934493655e-11,5.03750943004046e-07,3.01677468943846e-09,1.44683082874343e-06,2
"19930",0.980260636236303,4.76452393764849e-05,0.0194938243047534,0.000104267979637655,9.01274467882194e-07,8.36298318384867e-05,3.57274582229867e-06,5.52238780076196e-06,1
"19932",0.998889049890928,9.61238998731952e-06,0.000366225882153885,5.76950508819005e-05,1.63216806768934e-07,0.000670807095272467,7.98409128118955e-08,6.36663305661453e-06,1
"19934",0.018259590650506,7.87833301458241e-07,0.528112814372696,0.0720121410856394,0.015077148456785,0.000123111517189911,0.366412728299005,1.67778487727064e-06,3
"19936",0.883535528867699,1.8472450223527e-05,0.0541623896968367,0.061824194204944,9.58475189444903e-05,0.000114646742931455,0.00016987533599931,7.90451824211193e-05,1
"19938",4.96355559492847e-05,6.18929678849349e-06,0.121093722251828,0.206584775670857,0.00480814297556559,4.05128417961159e-05,0.66741314773093,3.87367628513439e-06,7
"19940",0.149913708717708,0.010057680954589,0.83940275149463,0.000112723209036877,4.40159678835225e-07,0.000122117237380266,0.000389359373482277,1.21885349492533e-06,3
"19942",2.83156292945433e-06,0.999992642601271,2.72786889462806e-07,4.02443583412257e-06,1.37436603835785e-11,1.15222485591263e-07,5.80910792461935e-08,5.5285767520647e-08,2
"19944",0.0152031413960184,0.000200709164326345,0.975280053015722,0.00313543508408448,7.05390239993847e-06,4.03862874107797e-06,0.00616919638944041,3.72419267780031e-07,3
"19946",0.304514441414753,7.11817060075849e-05,0.678164293716919,0.00426935936518031,1.28077309131744e-05,0.0117635022907662,0.0012018502809335,2.56349452731454e-06,3
"19948",1.18544967268652e-05,0.999986571087554,1.03387513792851e-06,4.21026274722125e-08,4.22249205926673e-12,4.47576533598535e-07,2.85483348884551e-08,2.23088625639342e-08,2
"19950",0.00123555108274428,3.01570613772265e-07,9.53662856629694e-07,3.54075997818754e-07,2.72749338827035e-09,0.99876267610772,5.62519745985792e-09,1.55147377070986e-07,6
"19952",1.18544967268652e-05,0.999986571087554,1.03387513792851e-06,4.21026274722125e-08,4.22249205926673e-12,4.47576533598535e-07,2.85483348884551e-08,2.23088625639342e-08,2
"19954",0.996043691546995,4.40454509845983e-05,0.00348807688970152,4.7337030684122e-05,1.2261075927518e-07,0.000373346662617577,4.35170808589182e-07,2.94463744981082e-06,1
"19956",0.23789493862427,0.00891356741243289,1.24684235816239e-05,0.0859514112547237,6.22841766230609e-07,0.665034025936654,1.4256680177025e-07,0.00219282293977008,6
"19958",0.000239071325745845,7.63324651267149e-08,4.31022488403638e-05,1.03892998229832e-07,0.0200091598101101,6.86748934037467e-05,8.57566799984665e-07,0.979638953929637,8
"19962",0.52554508032242,0.000287560956527814,0.197745798466296,0.0208401877546031,0.00129291061342716,0.234367135580515,0.0197944998407741,0.000126826465436437,1
"19964",0.279214825524777,0.0134948744542884,0.700904862290821,6.71492652667848e-05,1.07092142412208e-06,0.00593735592019224,0.000365881544539462,1.39800786912981e-05,3
"19966",1.29482296394686e-05,0.00392487211299669,0.111318756000712,0.0360144324961513,6.25867047967892e-05,1.39119568477369e-08,0.848666136691823,2.53851923293617e-07,7
"19969",0.981374805644459,0.0105422905577275,0.00386297104509392,0.00415688264876633,1.25286935589098e-07,5.56113704479103e-05,5.09118351200132e-06,2.2222630577808e-06,1
"19972",0.687237521956106,0.200833179402288,0.042823296676337,6.86416792277278e-05,3.88474223396214e-08,0.0689950228058625,4.06131431562559e-06,3.82373184409507e-05,1
"19974",0.0988614993007491,0.0428345480398296,1.28399504469902e-05,1.34583031212661e-06,5.46204188708925e-11,0.858288335701456,3.70863985341937e-09,1.42741394625148e-06,6
"19976",0.612489294444641,0.000245766266581835,0.338174412954526,0.00283727918821994,1.91338511444567e-06,0.0461009676614559,0.000146404693312291,3.9614061482613e-06,1
"19978",0.0175260905073601,0.000186719717693553,0.973918595760495,0.000190353973803796,8.14720800356697e-07,6.34699292988866e-05,0.0081139320099234,2.33806246774063e-08,3
"19980",0.867598977841052,2.95653371777394e-05,0.000109812700635637,1.79963555689727e-05,2.06131403177726e-08,0.132240126139686,2.94392943216172e-08,3.47157344495296e-06,1
"19982",0.148256754683379,9.12413404862474e-06,0.00024417112650118,0.000880252105179709,1.3635352315739e-06,0.850594823807778,3.79246012188973e-06,9.71814775980013e-06,6
"19984",0.000161761060829261,1.88691715523129e-06,4.80968879739144e-06,8.1989391007085e-07,3.50644996784033e-09,0.999830305279733,3.99403340467726e-07,1.42497847526209e-08,6
"19986",1.08921847833329e-07,1.67837958745954e-07,0.0418245092332182,0.00582921261540085,0.00119360038545726,1.051266621909e-09,0.951152370937736,2.90171144802126e-08,7
"19988",2.32222736277149e-09,1.6943974465672e-09,0.00337557494915535,0.000279226997830862,0.00147531941481637,2.13774662753598e-10,0.994869870908089,3.49970877190604e-09,7
"19992",1.08680549110797e-07,1.68398992579103e-09,0.0038148350236996,0.00913688721806729,0.00188841921361702,3.32960241430742e-08,0.98515971174095,3.14310340432250e-09,7
"19994",0.973234476468374,3.27970414528217e-05,0.0262063080559484,0.000478965313568125,3.42274334800643e-06,1.86433091892433e-05,4.46655759615159e-06,2.09205105231018e-05,1
"19996",3.96490304779754e-07,2.61241330463031e-09,0.0301423371641004,0.000440467981432421,0.000458048741531528,3.32581094459631e-08,0.968958713050447,7.01661681698579e-10,7
"19998",0.0849012876471665,0.441834854775747,0.0110511765639926,0.454481388271723,7.52515986434506e-06,0.00487650955630417,0.00282746323701227,1.9794788190654e-05,4
"20000",0.71888376355941,0.00216379919489011,0.000134237032609602,0.15656992924707,0.000219403114005324,0.000205633183699901,5.8871840613185e-07,0.121822645949909,1
"20003",0.90416523497697,0.00069015977299823,0.0857475569748381,0.00919871732395909,3.20938827007503e-05,1.054405437729e-06,7.66366174175165e-05,8.85460456779506e-05,1
"20005",0.976392104533711,0.00172072981675031,0.000186637837142873,1.29932531030955e-05,1.26052813127914e-09,0.0216848362145582,1.21555747367453e-08,2.6849286323284e-06,1
"20007",0.0390950441657848,6.61475695218784e-06,0.719529592857333,0.229133935561844,0.000786453095028089,0.000293216207819448,0.0111456614245402,9.48193069813664e-06,3
"20009",8.76885902699078e-05,0.000230480440457951,0.223089494198237,0.00115267928682048,0.000962907877116768,0.000248165859340775,0.774225366214268,3.21753348947383e-06,7
"20011",0.740617863123379,0.0401546098420236,0.208586768286361,0.000832442345532109,3.85219399457038e-07,0.00974701155590596,4.14481835963963e-05,1.94714438020418e-05,1
"20013",0.893157077542473,1.1344327552422e-05,0.00327779177105527,0.0130226840826665,1.13275829474019e-06,0.0905224942455694,4.25547333296213e-06,3.21979905624688e-06,1
"20016",9.20273799665844e-07,3.5313358582801e-07,0.0873852259490495,0.00555512458542486,0.0164266999054195,5.20214441241276e-06,0.890624370723719,2.10328458905041e-06,7
"20018",1.75976814071649e-10,7.33754863434762e-10,6.45305422107082e-06,4.38306506356034e-06,0.989067284499074,1.23672574399775e-10,0.0105001522440913,0.000421726104145701,5
"20021",0.00153695805851903,3.61426908734153e-06,0.890352405230706,0.00046845532831981,0.000770209830611364,2.54200591014691e-08,0.106867903479042,4.28383655351746e-07,3
"20023",0.00981995778075642,7.44201098083542e-06,0.903605130474819,0.0435597083260638,0.000746642291305245,3.41822110303547e-05,0.0422220349358438,4.90196920010968e-06,3
"20025",8.63715907618098e-07,1.47111710375693e-07,0.0115071205565721,0.000293281998801065,0.656518976424964,1.28593838063377e-08,0.331194854420234,0.000484742912426903,5
"20027",0.584519352567639,0.404343213254721,0.00153783223232885,0.00954941284866289,3.34338325781077e-08,1.08448094960956e-05,1.00680324676926e-06,3.83040500729073e-05,1
"20029",0.981658892975662,0.0102171019153781,0.000261161701547007,0.000336321339505283,1.59349385604468e-09,0.00752606113076028,1.76668649860399e-07,2.82675003888224e-07,1
"20032",0.991454236942512,0.00580496170405859,0.00236446479206545,0.000332716152648633,1.80191675678088e-07,7.49002949379072e-06,6.10855972900277e-07,3.53393315729039e-05,1
"20034",4.7904873288266e-05,0.999938566783768,1.30090138867656e-05,1.45975424796414e-07,4.12364411688212e-11,8.9120699317391e-08,9.19386267780995e-08,1.92253069235537e-07,2
"20036",0.0208325204867955,0.00012952273757489,0.000210655627628993,0.967107939422821,9.18893902348929e-06,0.0114600595251533,0.000247008823037719,3.10443796522129e-06,4
"20038",3.63142413003137e-05,1.57745898420788e-07,0.11721461845867,0.337168337405127,0.0356194787057536,1.00073111214579e-09,0.50995932234089,1.77010162981309e-06,7
"20040",2.05428603492416e-07,4.51382561808258e-05,0.088098989567365,3.74932439074807e-05,0.0120310265979517,1.70292727227806e-06,0.899713648945541,7.17950331777659e-05,7
"20043",0.000700314200615748,6.47729537220465e-08,0.0961383604183147,0.0147079608436691,0.0088314862415094,2.67562641786194e-07,0.879621480000634,6.59596617066968e-08,7
"20045",4.18121741340941e-09,1.4636499666689e-10,0.00338220984975559,3.5023556593812e-05,0.0256874398240757,1.29235028709318e-08,0.970895258715004,5.08034855171112e-08,7
"20048",1.66756108430032e-05,1.2598512925171e-07,8.28404918175241e-08,5.35914212274504e-08,1.28838779947403e-09,0.999982999390248,5.10645772690623e-09,5.61870217974411e-08,6
"20051",0.609917801383152,6.99298737360285e-07,0.124595081594974,0.140945451245718,0.052291228482968,0.0111348822760974,0.0610714795607706,4.33761575821264e-05,1
"20053",0.000841134223097359,2.3329147036622e-05,0.952897938093913,0.00101046000142539,3.38445218759735e-05,5.43399889596173e-05,0.0451388109232157,1.43100475545966e-07,3
"20055",0.00165992224160146,6.06424225137535e-06,0.0404469722471897,0.911553399281335,0.0279062055956945,3.80299910459226e-09,0.0182486898720622,0.000178742716866946,4
"20057",3.28026805153757e-07,6.96552714708711e-08,1.71482784919763e-09,7.30621097878628e-09,6.80498882009016e-05,3.99606302901577e-06,1.77537787257573e-10,0.999927547168117,8
"20059",0.000514994962912091,7.07436856440284e-05,0.966492291019804,0.000519634311310369,0.000438790509619088,3.83585573022475e-06,0.0319209879110598,3.87217439199136e-05,3
"20061",0.00491862779586399,5.28665837488201e-05,0.981881233565649,0.00217851592332959,4.19349347305917e-05,1.68561645104249e-05,0.0109082714181351,1.69361403241802e-06,3
"20063",3.05775248924152e-06,0.000237956164344273,5.11155733859348e-05,0.000170496642381628,4.70368156035699e-05,0.982432786202988,0.0170521915247962,5.35932401143447e-06,6
"20065",4.51211092037441e-08,1.30825963532485e-10,0.00047249736439869,0.000121050435651969,0.98220806420679,2.71689407323238e-12,0.0171285631287048,6.97796098025467e-05,5
"20067",4.02013341094273e-05,2.48573892330237e-09,0.107366423205975,0.00255704537662573,0.104503556512764,0.000199886322525607,0.785331447773876,1.43698838491339e-06,7
"20069",0.62238296309256,1.07595565566946e-05,0.000117818711178667,3.56564036628801e-05,5.5535185845009e-08,0.377448892121607,6.9950578552507e-08,3.78462867003652e-06,1
"20071",0.000784087206123282,0.00111879111946517,0.0030656821972403,0.994831934029743,3.77929734904492e-06,1.18876713274405e-05,0.000175609406034821,8.22907271669071e-06,4
"20073",0.0868929133837842,0.000383336306967926,0.00490957236488738,2.61150524165871e-06,5.70216053146714e-08,0.907797547764117,1.35400311453121e-05,4.21622251394579e-07,6
"20075",4.95679293070125e-05,9.91484807388031e-09,5.05897231129981e-07,0.000536123283388981,0.0950855015119405,2.26042660739556e-07,2.59208462686282e-07,0.904327806212161,8
"20077",0.0010841519988226,2.9287386202747e-06,0.0896027707702443,0.771872520290425,5.65510736328227e-05,0.00017899297866608,0.137202065715694,1.84338952692931e-08,4
"20079",0.035064799403287,1.61374056354602e-05,0.00680264310621615,0.0115117174721276,0.00162887462344775,0.869972503847841,0.0750010869714018,2.23717004354205e-06,6
"20081",0.00102830943202327,9.48597295333792e-09,0.305019506234984,0.0554091825621039,0.505973126687796,2.59015413427062e-06,0.132431001837722,0.000136273605264168,5
"20083",0.00292027004516599,0.00103659718653407,9.17244567342401e-05,0.138883256285953,3.22566697440472e-05,0.85651098822649,0.000484996023883124,3.9911105495448e-05,6
"20085",5.30987861093175e-09,5.21463687252094e-10,0.00203156908013033,0.000504763326215522,0.0117321922672955,4.35346485347327e-11,0.985731459759642,9.69183990006053e-09,7
"20088",5.64733241027089e-05,1.93646097921059e-08,0.129489145817632,0.00679913971690126,0.0113540180214152,5.69673499121152e-08,0.852301062257549,8.45304392805291e-08,7
"20091",1.18544606428141e-05,3.77105998694502e-10,0.00104704005645199,0.000241946045577997,0.950212908418012,1.19262983499572e-06,0.000110745447663859,0.0483743125647108,5
"20095",0.0023959393128585,0.0262662765821167,0.151199798434752,0.000448977518688,1.18346501657063e-05,0.816018858832505,0.00352540047712385,0.000132914191790284,6
"20097",1.22217158541446e-08,2.4301084015208e-10,0.00193438609747333,0.00200353304819722,0.0489314340410851,6.87860204077971e-11,0.947130580210106,5.40696252745318e-08,7
"20099",0.000270701098384763,0.103395597566826,0.561068618868672,8.7657735022888e-05,8.88083618850813e-07,0.0023748950890014,0.332801609833183,3.17252922052468e-08,3
"20102",0.000473858876338101,8.32000540539668e-08,0.000493035036409844,8.93020917504956e-05,0.0081949444661358,0.982472642964974,5.31022405031104e-05,0.00822303112383459,6
"20105",0.00153038440489533,1.95668048757028e-07,0.256969027851286,0.00152927661827981,0.00274894171473136,0.000441220589106687,0.736780898153918,5.49997340380331e-08,7
"20107",4.76658575802129e-05,7.23454934172642e-07,0.426288425418418,0.108828084793945,0.000430519202054704,2.73475940595668e-07,0.464404268477455,3.93196724002636e-08,7
"20109",0.00557017401684479,0.000479294428427978,0.725687194655957,1.0198088078726e-05,8.2799740593187e-06,0.163752253222718,0.104492505982102,9.96318119786467e-08,3
"20111",0.0380929318613988,1.43107547934512e-06,5.77273436852875e-05,3.60124641548353e-06,0.00153784465079735,0.000509799012001366,6.47458365998851e-08,0.959796600064386,8
"20113",0.000468128114771395,0.00382256289514154,0.143163341735834,0.80688094762715,1.68543417080509e-05,1.28932353787562e-07,0.0456473321599652,7.04193075496924e-07,4
"20115",0.985382040345621,0.0037918007378714,0.0032621296201604,1.1680715973071e-05,3.81779562410442e-06,0.000181347097426992,2.89850359613063e-07,0.00736689383696289,1
"20117",8.4986801754854e-05,0.145443199431343,0.0283524751610739,0.00918142446141274,0.0337267737808323,1.20794460529252e-06,0.0170735345231342,0.766136397895844,8
"20119",1.3427859435927e-05,0.0180765679670216,0.074986310526339,0.0416709528457448,2.48035999093044e-05,5.77873303573001e-09,0.865227843971595,8.74512213312449e-08,7
"20121",3.81736737504702e-06,2.98967425930333e-07,0.135039018940022,0.067749599659733,0.0014781232678701,6.62577203714437e-09,0.795729063176894,7.19949081099569e-08,7
"20123",1.74382239405031e-06,6.90410331394514e-10,5.09231824958136e-05,0.000755536326631982,0.982223290446466,1.89008406108292e-09,0.000155975185649387,0.0168125284558684,5
"20125",0.93316093580615,6.14031297889008e-06,0.00117795210937837,0.000731016625183652,5.71193326630815e-07,0.0649126383693532,5.66738469798019e-07,1.01788451598566e-05,1
"20127",1.3230199851546e-07,3.69518691623163e-09,0.00305899351685081,2.74923429771619e-05,0.000640754659118182,1.70135992854584e-07,0.996272451674846,1.67302969301914e-09,7
"20140",0.000494248763293687,1.27306945153757e-05,0.00281554466709598,0.993736638913767,0.00168409276076532,9.77773250972281e-09,0.000556040654606042,0.000700693768224049,4
"20142",0.00413858558001189,6.13855199731743e-07,1.92912769559882e-06,3.66620507583181e-06,5.97934121796619e-09,0.995854684251028,8.69175961611941e-09,5.06309888038593e-07,6
"20144",0.935303596815267,2.79126557457933e-05,0.000519587406482195,0.0134512983059921,9.38889125853091e-05,0.00416577379244033,3.00006003527986e-07,0.0464376421054844,1
"20146",0.288546010041175,2.42212406036623e-05,0.00216208123969451,0.357877171050674,0.000182861346355136,0.350849580500804,0.000141649264892592,0.000216425315801983,4
"20148",0.948650597580299,1.28845235966507e-05,0.0155046262998866,0.0355548685879889,2.29567581871591e-05,0.000106234273481498,0.000144822552536449,3.00942402422176e-06,1
"20150",0.661935627382325,0.00263410961355088,3.56323191572018e-05,4.60093324163708e-06,6.28786314332127e-10,0.335387594622002,6.56906108358937e-09,2.42793187585719e-06,1
"20152",0.863261039834025,7.49933678590987e-05,0.0942501990579471,0.0413676926927511,4.4626686292873e-05,8.35311050393174e-05,0.000911928567045394,5.98868903987292e-06,1
"20154",1.74633525318595e-07,7.00230909149384e-12,3.82656333220932e-05,5.52778181632111e-05,0.99506196076442,4.1872609044885e-07,0.00479379265595586,5.0109761520913e-05,5
"20156",0.0106436066093681,3.79103927634959e-05,0.476964333031681,0.466356586669368,0.00128338669038443,0.0297404224552666,0.0147292400392088,0.000244514111959085,3
"20159",0.501178687478231,6.31966734548363e-06,9.96511359142602e-05,9.75531536005111e-05,1.04170429702953e-07,0.498610457431237,7.39262514428409e-08,7.15303699063389e-06,1
"20161",0.00309100457112542,4.31172863853421e-05,9.89675656726402e-05,0.00102225903415966,1.14794444675491e-06,0.995720016425412,1.74837782277684e-05,6.00339457070578e-06,6
"20163",0.868306380217811,0.000872108708934578,0.126501162478244,0.00152508760893773,0.000467574106290103,1.98850775457864e-06,0.00215757562463308,0.000168122747394755,1
"20165",0.000191586165770332,3.36962569161136e-07,0.00114729203057662,4.03430735125355e-06,6.79249954056156e-06,0.997029698153298,0.00162020747293083,5.24079633824507e-08,6
"20167",0.974469356149651,8.88711963966028e-06,0.0200702039776976,0.000456703734493357,1.22877158455674e-06,0.00494671212512445,4.66894832052757e-05,2.18638604313333e-07,1
"20169",9.72980110951025e-05,1.6119151097543e-07,1.71996364250761e-07,2.20980045782826e-07,1.46158803492242e-09,0.99990204949796,3.98381527086649e-09,9.28776205552296e-08,6
"20171",1.13776708035697e-08,5.38664325527522e-12,7.49704025697148e-06,6.38079526432225e-05,0.996694485563018,1.00028885800651e-06,0.0030780419387527,0.000155155833413212,5
"20173",0.000273092762624944,0.713184892026589,0.00966915088426309,2.01503561934482e-05,1.1659079484266e-06,0.236046557909973,0.0408029534249731,2.03672743538589e-06,2
"20175",0.945400011021742,0.000263407103923239,0.0454507054421508,0.00219770580120322,6.95581262952877e-07,0.00666159921408195,6.93937285046417e-06,1.89364627857157e-05,1
"20177",0.000521706448066272,0.479790900146587,0.339664680221275,0.000673423349339608,1.09828935758104e-06,8.44081170694054e-05,0.179263360529209,4.2289909593602e-07,2
"20180",2.08226744845692e-06,2.32090165589829e-06,0.105048190471363,0.00481233946461531,0.00912809448879462,1.71626017455132e-11,0.881005663741496,1.3086474640023e-06,7
"20182",0.000124331927821728,0.00128842231120689,2.91632300240846e-08,2.10445786826326e-08,2.05710755462969e-08,0.991636636998364,3.89406144930056e-10,0.00695053759431667,6
"20184",0.027826861133483,3.69491766103738e-06,0.000230374288210232,0.000141159229107969,5.90073783359512e-08,0.971796551592657,9.68511013984667e-07,3.31320488374589e-07,6
"20187",0.000341516441279462,0.993256376636158,0.00272853012220002,0.00263556247221482,6.15536845336574e-09,0.000744669849172501,0.000293028060406405,3.10263200568503e-07,2
"20189",0.00532130289673643,0.00532501587133071,0.944082420977895,0.000193457640336101,1.56118067825372e-06,1.29115018225423e-06,0.0450749218078358,2.84750059038353e-08,3
"20192",0.000997979663156752,0.0147564816555215,0.346784827464269,0.000163317606659555,0.103398351562389,1.49556700342024e-06,0.508492794112838,0.0254047523681629,7
"20194",0.0485585800527504,0.145667611625057,2.36174841015181e-05,0.0987774657799445,1.77391613788469e-08,0.70696558399765,3.95095839446027e-06,3.17236294057323e-06,6
"20196",2.85666197825209e-06,5.67784962344089e-09,0.0098084199971356,0.00113059135442672,0.692026191897643,2.24875828838816e-08,0.297019103143581,1.28087798033743e-05,5
"20198",0.287815084772782,0.000266167389590085,0.524015415836918,0.17178315606362,0.00122951543644774,0.000401179580128023,0.0140652761859649,0.000424204734549766,3
"20204",0.648467541998914,1.23081401004553e-05,0.000214403564147399,1.1156164598373e-05,1.82792438220142e-07,0.351277171808663,8.49452032221699e-08,1.71505859352805e-05,1
"20207",1.52530021375718e-05,8.23454407329873e-10,0.0181695246443671,0.0184367750608304,0.43026057571408,1.46113630419554e-05,0.533096287706635,6.97168545331829e-06,7
"20209",0.163199654182308,0.0127792517061284,0.00115208944812267,0.00524046200207512,0.000236647358472073,3.95962162465443e-07,9.78401038073601e-07,0.817390520939693,8
"20211",2.92885316667393e-06,6.83056436030483e-12,2.60170132398728e-05,0.000948073562396758,0.996661488736517,1.15642579287649e-08,5.24699570627876e-05,0.00230901030652882,5
"20215",0.00056204528512569,6.89848895194189e-07,0.00631408745946925,0.899258732697514,0.000378128943495915,3.86310374613557e-06,0.0934824191612495,3.35005041700404e-08,4
"20218",0.0191869353331029,9.57641560211764e-07,7.21116130001325e-06,2.04598447307466e-06,9.94370375814539e-09,0.980802253027155,1.38898669183448e-08,5.73018837825227e-07,6
"20222",0.00159961681631011,1.1353858293393e-08,0.0228208719467523,0.0371703546279655,0.368770122441059,3.52563960231502e-05,0.569595233756194,8.53266183728055e-06,7
"20225",0.958649860778682,0.000170077119856091,0.000140715223701195,0.0262077792310694,8.71636449122829e-06,0.014155095471238,1.93478894000201e-06,0.000665821022021766,1
"20229",0.00132309297001066,5.62770654043725e-06,3.59860617971895e-05,0.998495461142945,6.02902337737064e-05,3.69950469794276e-06,1.04006402351122e-05,6.5441740000171e-05,4
"20232",0.0049228299472213,5.89072517864536e-06,0.406842283078006,0.571240428177128,0.00333965648477645,2.92139384391865e-06,0.0135699853348547,7.60048589907144e-05,4
"20234",2.58734004530781e-09,6.64585051837278e-08,0.00199153406077227,6.10189888203361e-06,0.130226598381416,4.69468601880586e-11,0.867759123124813,1.657344132441e-05,7
"20238",4.03864606339855e-05,3.58075934143214e-07,0.507458906020141,0.0125724503333706,0.00407508698968537,6.49012440623786e-06,0.475845255428428,1.06656740114833e-06,3
"20253",3.75490866341946e-06,1.68861360988398e-07,0.00258517040550073,0.503756510589221,0.000622787722647079,2.10139491802578e-07,0.493031387568794,9.80432092183498e-09,4
"20255",0.995463055391197,1.50041802880032e-06,0.00222785922526837,0.00204729235869897,2.57890321012123e-05,9.6701397246198e-05,8.48678629166535e-07,0.000136953498829893,1
"20258",1.05926729848943e-05,4.12369718853885e-07,0.204953114046797,4.91453426565976e-05,0.00026190188186621,1.08078485591864e-08,0.794724813200112,9.67801657581619e-09,7
"20269",0.00549704592841514,1.08774417820627e-05,0.884709174772187,1.37558932720882e-05,6.57925997485886e-05,0.0166539319616131,0.0930492518965945,1.69506386989566e-07,3
"20271",2.51941107686908e-05,0.00647639078208743,0.248093932836255,0.000101873547743581,9.9603622518726e-06,3.832881594721e-08,0.745292547512663,6.25194147237289e-08,7
"20285",0.0126235646251617,0.977769256818166,0.00165049556197522,0.00720869643540266,1.68553641350213e-07,0.000485729383349942,0.000255693016436911,6.39560586577978e-06,2
"20288",0.00103885247564193,1.09710744591699e-06,0.0772294545653736,0.867149477120799,0.000724515850409807,1.68134696435904e-05,0.0538392052128538,5.84197832098169e-07,4
"20291",1.04072387968029e-05,7.84393055545821e-08,0.358899822185857,0.00360593158831151,0.505424616890674,9.34389577016897e-07,0.131059543254832,0.000998666012645436,5
"20295",0.0115504468425344,0.0590117228592107,0.856825432780113,6.33136629109778e-06,2.23376462981233e-05,0.00429364234545159,0.0682822935293727,7.79263072774684e-06,3
"20298",0.998450444761932,3.36608799260387e-05,0.000182833080525577,0.000169245876437604,3.58110485136736e-08,0.00116013333001152,4.41535607181162e-08,3.60210655809713e-06,1
"20302",0.363141602098408,0.00197956403602301,0.00693298023816511,3.78398414870456e-05,2.04937935221124e-07,0.627888658069868,1.29597789900444e-05,6.19099912343407e-06,6
"20305",0.998547911190968,0.00107229939721835,0.000193533117351491,3.72936912680969e-05,9.09322691556174e-09,0.000144331514778939,3.64070355465585e-08,4.58558815232749e-06,1
"20307",9.1824129540188e-07,3.63437893317372e-09,0.10139381453986,0.00124533316611636,0.00348339661696777,9.07837079383503e-09,0.893876505955948,1.87670629134263e-08,7
"20310",1.86719609191423e-09,1.07204921467187e-08,0.00115677565445933,2.09919908049079e-05,0.00229564691960091,1.01076123632239e-09,0.996526557358399,1.44782861459132e-08,7
"20313",0.000457912773921833,7.18788714641434e-06,1.62283577588614e-07,4.84359078700579e-08,5.61507169239511e-11,0.999534636851309,6.66108757651223e-10,5.10458776075509e-08,6
"20315",6.51774172640407e-05,8.18201320949697e-06,0.338477548404604,0.0149803597729453,0.00026435018511739,1.73282711400588e-07,0.646204148885264,6.00388845670354e-08,7
"20319",3.57265633673192e-06,5.80346997424138e-09,0.000604247018375988,0.00550483263822568,0.877680689783342,7.07939317541444e-09,0.116163939278447,4.27057424095929e-05,5
"20321",2.29678837397904e-06,1.39537264591699e-07,0.00960511503930148,0.00282791130335393,0.000118467943943388,1.40442218410931e-06,0.987444663774671,1.1909072478279e-09,7
"20327",1.9283907521367e-06,8.7582566494837e-06,0.274096011130229,1.87837611114857e-05,1.67899914526214e-05,3.59694968355211e-08,0.725857689729754,2.77055459134324e-09,7
"20329",3.38589567321205e-05,0.999941837000139,7.87827073274832e-07,1.2624043486559e-06,9.48889712524959e-13,2.22262961387468e-05,9.61184455619718e-09,1.79027751406481e-08,2
"20335",3.17378759321065e-07,4.619066423253e-11,0.0137017818709469,0.000211676697030347,0.6298558318621,1.68906901267892e-07,0.356227768787759,2.4544503126427e-06,5
"20337",0.867169742384146,6.10385645363643e-06,0.000208585747249961,4.08785057952874e-05,1.38205939118169e-07,0.132568719744253,9.07722982702509e-08,5.74078386510138e-06,1
"20339",0.00255700117829344,0.000175444739149134,0.000525026440392878,0.493052842525342,0.175534969223866,1.00184585647885e-06,0.00092879960994043,0.327224914437159,4
"20341",2.56343910227231e-06,1.08184655278145e-09,0.00140188996049111,0.00198731870128373,0.985026635434982,0.000302686889208675,0.00569032753587634,0.00558857695720939,5
"20343",2.86900215884625e-07,5.5432960814988e-09,0.00287878481367946,0.000192590393233695,0.016828650641007,1.45658870594408e-05,0.980084920928814,1.94892695019161e-07,7
"20345",0.891371696207188,0.0327604500442092,0.0646515495218353,0.0110990575788577,2.14923671257036e-06,2.40417459511949e-06,4.61594584586387e-05,6.65337781434495e-05,1
"20350",0.00102485458894254,0.000113591084466276,0.000948783652923683,0.991599085626721,0.00105350922654939,0.000767256152309162,0.00353751042550228,0.000955409242585759,4
"20352",0.000244788768390234,1.45431442100906e-07,9.07449657214976e-07,9.50513269162619e-08,4.27831835386543e-09,0.999753990451851,2.92721349937627e-08,3.92968791138991e-08,6
"20355",0.0111670171885888,4.82688282767463e-05,0.00213391250979478,0.000323352974019136,9.81914788675979e-06,0.986185715927589,0.000104037676720658,2.78757471237688e-05,6
"20358",0.0166725203071076,0.978198394321942,6.75926317617208e-06,1.10591245597334e-05,1.25754383443835e-10,0.00511090650515173,2.15170415823291e-07,1.45181892340936e-07,2
"20363",2.46464236645903e-05,7.42280972177878e-08,0.0391218028225022,0.00602345911306899,0.000297611131018768,1.81645499936725e-06,0.954530588180883,1.64576546235177e-09,7
"20365",0.00433431086853628,5.32635638011894e-08,0.102621785387622,0.0744851075420698,0.79476690543404,2.65690126479949e-07,0.0224154815280277,0.00137609028601361,5
"20379",0.97754258478409,0.00018335322854117,0.0151635200738401,0.000229313555737076,1.15378815484257e-05,0.000477237917933366,7.48101785350213e-07,0.00639170445652433,1
"20387",7.69894887366405e-05,2.35386073486182e-08,0.490201303127242,0.000317943236633591,0.0130024143455097,7.05385667121046e-08,0.496400869698095,3.86026609650731e-07,7
"20392",4.63746329556933e-07,4.7738230763087e-12,2.76861191386856e-05,6.37772870071898e-05,0.999071200226836,3.3608974566514e-10,0.000134782262163542,0.000702090017661529,5
"20395",0.58429172984364,2.202054666072e-05,0.0430638845363696,0.371797015287758,3.03419716303941e-05,0.000550611520613236,0.0002314515703352,1.29447229926227e-05,1
"20397",1.51672163164178e-05,0.997534110891243,5.59113300369006e-08,3.4681602176721e-08,2.38960520930307e-12,0.00245031953236368,1.63079014775995e-09,3.10133965269424e-07,2
"20410",0.000919992157970579,0.000107156471016772,0.875264626990296,0.000919933856054594,0.000566003598457821,2.82252568168748e-09,0.122220594070133,1.69003354552143e-06,3
"20414",0.835035231216585,4.99133600600678e-05,0.0040270615997484,1.24879854169931e-05,5.0421634054293e-07,0.160862726284786,1.10024011550951e-05,1.07293590811342e-06,1
"20417",1.41988369519223e-09,2.88909813034622e-06,2.45930715623576e-05,8.138327144509e-05,0.638617516959362,6.88344988438575e-10,0.360188422933408,0.0010851925578638,5
"20419",5.80891384302412e-07,2.89201818897212e-06,0.0340334209605503,7.50700311402341e-05,2.37361517749232e-06,1.56371913828694e-07,0.965885506070921,4.07241453887836e-11,7
"20421",0.189201508488331,2.55841843595038e-06,0.0311232154687923,0.000491202167547418,0.00124482266152114,0.764904370938589,2.6567278235843e-05,0.0130057545785472,6
"20423",0.705504814367205,3.55978647278787e-06,0.00270986920843089,9.3558414135046e-05,3.24985376293714e-06,0.291577384466019,7.3542448836405e-07,0.000106828479486084,1
"20425",0.354481540028689,1.07853487826746e-06,0.000310246911711031,0.0241860700542967,2.83801553958583e-05,0.620963241562322,7.34028924229872e-06,2.21024634648316e-05,6
"20427",0.716338455949224,4.43239440516357e-05,0.276466291681186,0.00604220135240745,1.00709567795634e-05,0.000112441249467227,0.000985530185940311,6.84680943848191e-07,1
"20429",8.47871491017933e-06,4.49009775076196e-05,0.130407575267684,0.0201275585526018,0.00310148194696546,0.000169959078250002,0.846128651910518,1.13935515626446e-05,7
"20432",0.275335138438152,0.000412426878934181,0.000123792986904565,5.73512819126351e-06,6.60146650134544e-09,0.724122063485393,5.24137590254859e-07,3.12343367786077e-07,6
"20435",0.0186768570388522,4.12541657296614e-05,0.889512304039747,0.0582231663724421,0.00658640780559162,1.33336539900191e-06,0.0266417115577132,0.000316965654524701,3
"20438",1.76550541220892e-05,1.37457158314699e-05,0.0165853030639985,0.0318697986164028,1.12076961692892e-05,0.000128226652964756,0.95137406194779,1.25272121668333e-09,7
"20440",9.53274481272145e-06,3.88399545750099e-06,0.210126993412695,1.66636714691226e-05,5.37561778211082e-05,4.41934423081757e-06,0.789784743195709,7.45780467581736e-09,7
"20443",0.000243510319633395,8.6679395848161e-07,4.13900084047503e-05,0.000398569256462549,4.46800276587801e-07,0.999310896160507,2.77957864922822e-06,1.54108210755186e-06,6
"20446",0.373353974138083,0.00199541045449314,0.477679968763307,0.0105142482648317,0.00154071604195624,0.00286775898648215,0.132016485610855,3.14377399921168e-05,3
"20449",0.00852127347173965,1.58464163348122e-05,0.177337959320264,0.801996633529561,0.00164367201551196,1.93521095259358e-06,0.0104471601853857,3.55198502497846e-05,4
"20537",0.000868500348582353,2.34390339593463e-07,0.492406507549656,0.000390619291535782,0.431875269776942,5.53589870412869e-05,0.0724541326772654,0.00194937697863741,3
"20540",2.43826497376374e-07,2.48386951986106e-10,0.000793075826452691,4.58966153466619e-06,0.990098779581982,3.57590514966596e-10,0.000658196606189889,0.00844511389136572,5
"20543",0.142221859062974,7.91424804074751e-06,0.855150948516359,0.000670928520523965,9.7485087593519e-05,0.000653855127919702,0.00118818044180523,8.82899478312569e-06,3
