"","V1","V2","V3","V4","V5","V6","V7","V8","V9","V10","best$classification"
"19812",0.000120215851493093,3.18164501202301e-07,0.00010646510714836,0.143030882612128,0.660167523208411,0.000139255959395241,0.0004063280045609,0.195997742026514,3.07186499619769e-05,5.5041588685994e-07,5
"19814",1.82304238896612e-06,7.43208660738843e-09,1.09236088435553e-06,0.00160061413500329,0.985569013700558,1.54289237596654e-07,3.11036529003122e-05,0.0112885858535022,5.94997997874952e-06,0.00150165555346042,5
"19816",4.3923606066916e-09,2.00977503761091e-07,6.94104687441448e-06,0.0241726616567212,0.00355297558585485,0.00675026697976832,0.255305980584882,0.710206431739712,4.13647493509978e-06,4.00561388410104e-07,8
"19818",2.35192598308608e-06,2.93947450184398e-08,3.83084531114906e-06,0.000486279913746861,0.374745375168186,5.62897339917996e-06,0.000839760588640452,0.618457753392569,2.77107592145342e-05,0.00543127903820485,8
"19820",8.35514865075167e-11,7.18676404521102e-08,0.000145674874732062,2.51633831543893e-05,2.16964106587323e-09,0.000112906875656637,0.998615010419295,0.00110117022922824,1.13718628041282e-11,8.57286299719223e-11,7
"19822",2.87368331312209e-06,0.00125616028619396,0.143153796861619,0.00711538054445559,2.08510924341433e-07,0.00194712043887167,0.84476844905809,0.00175543253189173,8.91080307793857e-10,5.77193560074078e-07,7
"19824",1.33185703828967e-07,1.78691930769142e-06,5.75871365967248e-05,3.41920576844606e-06,0.000114149753748469,0.148576359124844,0.455997157522241,0.394005880080326,3.73270291101096e-06,0.00123979436855271,7
"19826",1.24974954189384e-06,2.44465354872635e-05,9.93482491557791e-07,0.214437923041309,0.708946499712051,0.0215185123291692,0.00124445110725665,0.0498648657376127,0.00394623096791194,1.48273371687663e-05,5
"19828",8.3590013162188e-08,3.73499690085923e-09,0.000972065642217012,0.000349234954856666,5.82357421741201e-05,1.83675151993879e-05,0.710172035760465,0.288429189734869,8.66573174128214e-09,7.74659477227374e-07,7
"19830",0.00359257897197875,0.000522985590419392,6.26915869297557e-06,0.0790235251783141,0.90707685132151,1.12539887104948e-05,9.46288642543956e-07,0.00720061127914634,0.00251033656886997,5.46416537152044e-05,5
"19832",0.0334115485752659,4.5754747647449e-06,0.660136481424981,0.078702722784432,0.133909325513555,0.000352766313251383,0.011105966765492,0.0823756798496885,3.46176362050855e-07,5.87122206981685e-07,3
"19834",3.95684160728726e-06,0.000165295380387715,0.00494213349014541,0.813382705037689,0.00567442857127554,3.22485923855217e-06,0.0500051776644227,0.12578710400228,5.17745504408414e-08,3.59223784036413e-05,4
"19836",1.7353083171824e-05,1.44264901368456e-06,3.49056073646287e-06,0.00237214338797989,0.0285983494089097,0.0899698740373031,0.00100182686320656,0.874844249147167,0.00319118547924791,8.53832635600152e-08,8
"19838",7.95310996638144e-05,1.24927605683443e-08,8.09587140978454e-07,0.00114023814161084,0.998313805033615,2.65595264772605e-08,1.50541497793655e-07,0.000290838050847769,1.6589475405387e-05,0.000157999017931546,5
"19840",2.44184896206349e-08,0.00024318975121845,3.09347048244929e-06,0.854720717221678,0.0108809582800543,0.00134178867023276,0.0348195804302301,0.0978798793730992,0.000109782926410236,9.85458105239952e-07,4
"19842",1.22485038492051e-06,1.07919065744593e-06,9.69295319364004e-11,8.9987288337457e-05,0.00921182111378861,0.000141356643376317,6.05253583104719e-09,4.59028851965545e-06,0.990549224843138,7.09632331835583e-07,9
"19844",4.12775096245193e-09,2.00611599596687e-06,5.48000359500905e-10,1.22685555686759e-08,3.27687561924093e-06,4.46552278092888e-07,5.67071980243423e-07,2.98044124182294e-07,5.64398288366852e-06,0.999987744412812,10
"19846",2.79629922459203e-06,1.43835153140106e-08,2.51679861627066e-10,4.35364515551367e-06,0.911609298899743,3.15082543417501e-06,1.31759064143925e-08,0.000160036009748626,0.0311497947801643,0.0570705417294282,5
"19848",3.47481860766817e-06,8.37666464184188e-09,1.67572645318561e-09,1.35170187410907e-05,0.980071437914781,4.38385135208945e-07,2.32628967594446e-08,0.000173412110362582,0.00103752148385134,0.0187001649532331,5
"19850",1.81292275655011e-06,2.3719395775469e-07,4.91866345026511e-08,6.91280739377526e-05,0.833987393100687,1.73826020894543e-06,1.53427712745792e-06,0.000392643705501004,7.564638967897e-05,0.16546981688951,5
"19852",2.88593744728696e-07,5.37444553562177e-07,1.32635401467643e-05,0.00149648895410885,0.0177371019123791,3.02035913334559e-05,0.0067756016886679,0.973904810210738,3.08019942573935e-07,4.13960443851622e-05,8
"19854",5.64118796125571e-06,3.41405446946145e-09,6.01290019390696e-09,6.13761499278845e-05,0.998050826985486,6.01411495108469e-08,2.54454394773897e-08,0.000156330812102288,0.000295940931320428,0.00142978891965833,5
"19856",7.90096361152319e-07,2.77663599471661e-05,5.56415631462941e-07,0.000190730456291409,0.0119515633683251,0.000138709588725175,3.333003404321e-05,4.67078056145952e-05,4.91494750581157e-05,0.987560696400003,10
"19858",1.14647779405723e-06,0.000102726163854178,1.66353237549671e-05,1.2890479269892e-05,0.00058012345432365,0.000591212575447137,0.00194188982673873,0.00240640821993576,6.46111917507969e-07,0.994346321366964,10
"19860",4.44572619654201e-07,7.89296523848768e-06,3.40549656252001e-05,0.273823954655024,0.225838824061171,9.53732605967768e-05,0.0182554486149665,0.481926160578112,5.60813870468118e-06,1.22381879423118e-05,8
"19862",6.20308772509091e-06,1.72907984392397e-08,1.78562089095868e-10,1.24461629130558e-05,0.870019118245756,3.14159633249344e-06,4.24457605638962e-09,7.49291571511678e-05,0.128456301015468,0.00142783902071777,5
"19864",1.2411795413752e-06,3.00273733381229e-05,1.06376688995263e-09,1.87279040172417e-07,1.16021153343674e-06,0.015967069926297,1.15012081771256e-06,3.61934080979254e-05,0.983962019206747,9.50230820836911e-07,9
"19866",2.69597580550124e-08,0.0023525340425171,3.42219246913454e-06,0.022987922128776,0.000168124013601552,0.618202624427644,0.0834577562640295,0.272562012694139,0.000265433061867917,1.44215197836297e-07,6
"19868",0.952589951402935,0.000436671056625729,0.0456771633977238,0.00126672741173297,1.40256352245844e-05,6.80975504271182e-10,4.70750183992802e-07,2.05832893295427e-07,5.86956755228148e-08,1.47251360297048e-05,1
"19870",1.50748469017026e-05,2.0987180658556e-08,2.85972359861616e-08,5.66265711325411e-05,0.965700052542257,4.51314444872898e-06,1.28339088852457e-06,0.0247018023849517,0.00815101278590471,0.00136958474909826,5
"19873",1.13412784621356e-06,5.25887051293301e-07,5.71336157340816e-07,0.00157259269485614,0.555047193377774,0.000338627577678993,0.000531080902426576,0.440040433566295,0.0021065661926089,0.000361274337306171,5
"19875",5.65943134353575e-08,5.7059488315759e-07,0.00150165183609431,0.102245587303416,0.000589571408107688,0.000154875657502626,0.813085960670192,0.0824216948913884,1.78096296105182e-08,1.32344726648266e-08,7
"19877",1.51478001045097e-05,5.60135609753451e-06,7.74103562551909e-07,0.00424941941767948,0.79990499574399,8.75338327348822e-06,2.60305483810755e-05,0.194329280284597,8.68254194199857e-05,0.00137317194289419,5
"19879",1.3550627108958e-05,4.71847074212284e-06,2.53478429953889e-05,0.00318225778901963,0.0289569438728988,2.83348645414827e-05,0.000941856353564594,0.966393141031681,6.32997594047945e-06,0.000447519171507881,8
"19881",4.5013045752644e-06,4.42439047413659e-06,4.75307263349316e-07,0.00513547732733958,0.885199925125084,0.0518502267279096,0.000144510069512468,0.0470178900484018,0.00997329532872762,0.000669274370712846,5
"19883",1.35785387456668e-06,3.58270365958798e-07,2.88083678475267e-08,0.00308885692654242,0.499568366807234,0.0345660506745529,3.82889367340747e-05,0.0225904715236977,0.440121856461258,2.43637373728911e-05,5
"19899",5.13038968240158e-05,0.00424154553114816,6.79063457889813e-05,0.831885336962896,0.00986714762581446,3.95554581234262e-05,0.00161473093805126,0.152199872721666,3.15787713616653e-05,1.02174832609226e-06,4
"19908",5.18033253057524e-07,0.999571546138745,3.41471457302812e-07,0.000413335821712823,1.22634138288549e-07,4.48039620524292e-06,2.28007736575859e-06,2.32836695822746e-06,4.72733765236047e-06,3.19722511988457e-07,2
"19910",3.95601734271195e-07,4.4167714453569e-08,1.25002837979972e-06,0.000227675641148131,0.0251045793794777,0.000153317378578563,0.00109959093399729,0.973388058520502,8.56505844245629e-06,1.65232900254518e-05,8
"19912",2.54378615797888e-06,5.97714116185967e-06,3.68219529387844e-10,0.000981887559148694,0.108156465814601,7.46785398116976e-05,1.60887494923363e-08,1.5890955693206e-05,0.890703370314635,5.91694318219721e-05,9
"19914",0.000113394323048825,0.00147945138466154,0.000418128275183139,0.259559457643536,0.139096867089349,0.000310709150669825,0.00228859270899183,0.596429114877125,4.46750540947314e-06,0.00029981704202544,8
"19916",9.37534664563456e-09,0.000239046549539338,1.21196246451446e-07,4.67254628746452e-07,2.70548482626757e-07,0.997002609896601,0.00177588486049443,0.000963474655945184,1.6756694386026e-05,1.35896832982591e-06,6
"19918",3.5104898521537e-07,5.46933488420781e-08,2.10611025103333e-09,2.81864965604119e-05,0.914857185491744,7.34673358414873e-05,1.8468180878955e-06,0.00681806014272874,0.00615205945945853,0.0720687864071343,5
"19920",9.55848841241195e-08,7.98454833978628e-07,8.78298347475199e-10,2.69159759517629e-05,0.117435382070589,1.02809709498619e-07,1.66930658539878e-07,7.79336274508699e-05,0.000105173542031875,0.882353430125592,10
"19922",0.730320118485133,1.70754300636899e-09,0.131651807834462,0.000146765138039949,0.0835817733001189,2.39826990299799e-06,0.000273977698818292,0.0540179395025579,2.42376533561184e-06,2.79429808884172e-06,1
"19924",2.79191811215712e-06,1.69760690374278e-06,4.38118270486911e-07,0.00808644080175874,0.787919890710641,1.26686073627738e-05,0.000152258068206737,0.175931142286458,0.000298267464035359,0.0275944044182518,5
"19926",0.000796745679106698,0.000590113799662355,0.000562112198383299,0.537945015875179,0.0111873391289949,0.0254873752436694,0.00325073510759385,0.419985892530513,0.000194629538355828,4.08985408638767e-08,4
"19928",7.3097422309386e-07,3.17011340888855e-05,1.12435215666922e-11,8.84594839138008e-09,2.95295356367801e-07,0.0038692174571966,9.67933289387919e-10,2.05828373332951e-08,0.996097591386778,4.33344394362362e-07,9
"19930",1.12527492605641e-05,3.34678461585924e-09,2.80009440102361e-07,0.000209731323001449,0.974285818595012,2.35531255941704e-06,4.20604400689067e-06,0.0253140724854964,0.000119044161346669,5.3235973091566e-05,5
"19932",1.27068328331692e-05,2.45792442445598e-09,4.05300029851481e-08,0.000103421750986797,0.999000398342782,5.00960807777795e-08,7.37762586935925e-08,0.000368120560070304,5.44184743466182e-05,0.000460767178713999,5
"19934",1.62379365914613e-06,1.25224876302941e-06,0.00935734597498049,0.148395397940256,0.0155322995498634,0.000314371848037557,0.549533728742173,0.276783281672001,5.12958293250367e-08,8.06469344379319e-05,7
"19936",0.000113586675740527,2.75448768827462e-06,3.62594251955347e-05,0.106794778280637,0.835227598400113,5.20345290407369e-06,0.000212499304048894,0.0575279545929888,1.3593376111919e-05,6.57720045718087e-05,5
"19938",1.55273914347619e-06,0.00738395893819888,0.00479955737133172,0.116464709684465,3.75470552990257e-05,0.00933495542244356,0.789019779759418,0.0729299364831539,7.32901942605581e-08,2.79292563519023e-05,7
"19940",1.14435651931734e-06,3.08413210596771e-08,1.3842454714627e-07,0.000124145336344789,0.10382873460606,0.00566111241801684,0.000337302329971634,0.884905227075229,0.00507760068469488,6.45639272960151e-05,8
"19942",4.28478223479685e-08,0.000126872229333689,2.30161469940215e-11,3.37412874256549e-06,5.08243932982051e-06,0.0380095686443112,3.95664106017284e-08,3.89977034021842e-07,0.961854485786751,1.44357248836357e-07,9
"19944",3.08449882435864e-07,1.91085832006652e-06,3.86637944400961e-06,0.00360896239492216,0.0144491825768708,0.0161406737765771,0.00751284157006572,0.958265279837345,1.46365345170907e-05,2.33762205564941e-06,8
"19946",2.18576924098869e-06,2.36724616738244e-05,4.47794929311182e-06,0.00246777549414084,0.290602871978424,0.000269333178301625,0.00146637034495881,0.696442186261177,1.81624372986136e-05,0.00870296412549123,8
"19948",9.33842948919469e-09,5.88393492259519e-08,1.8113756452656e-12,1.57965689688302e-08,6.87013399263878e-06,0.0035792229593324,7.6008508320661e-09,5.81082363633855e-07,0.996413024529225,2.0971807678628e-07,9
"19950",1.15381831178445e-07,5.50478748321102e-08,5.02180709015041e-10,8.61336817666594e-08,0.000877775874993678,5.18652992552483e-10,3.40238179445902e-09,5.30474390469618e-07,1.15803947422799e-06,0.999120274624538,10
"19952",9.33842948919469e-09,5.88393492259519e-08,1.8113756452656e-12,1.57965689688302e-08,6.87013399263878e-06,0.0035792229593324,7.6008508320661e-09,5.81082363633855e-07,0.996413024529225,2.0971807678628e-07,9
"19954",5.86821712351176e-06,2.2481849274054e-09,3.23023876237399e-08,8.60586887012876e-05,0.994997397409216,4.19405495833661e-07,4.69740210525835e-07,0.00444630868256584,0.000204090723136284,0.000259352582978661,5
"19956",0.000690997548215005,0.557614446536876,1.31529193879456e-07,0.0109001960282689,0.132071663330442,2.29541985164467e-06,3.67091283117753e-08,5.75165519154505e-06,0.0130789662975875,0.285635514945246,2
"19958",0.992947638255309,7.46658111280086e-09,0.00693932956553521,2.18411460646294e-08,7.61230821922628e-05,1.48555933489982e-08,2.7505530111557e-07,1.43449044754935e-05,2.34169300345457e-08,2.22215569365366e-05,1
"19962",0.000109766191165933,0.000358495502355677,0.000735444977632595,0.0135677139492863,0.631513566539367,0.0195466258258785,0.0182693547954611,0.092123914802829,3.13081110613374e-05,0.223743809304963,5
"19964",1.55956817754546e-05,9.58818174935915e-08,3.70612129889038e-07,6.08585579316231e-05,0.232851546282242,0.00700020352477637,0.000339241063773857,0.746329603857848,0.00885592915566842,0.00454655538203668,8
"19966",1.37340475492183e-08,7.29292904005421e-05,1.18790505587865e-05,0.00510412478649571,1.37739048504448e-06,0.876253870806947,0.108918401579818,0.00963221732062968,5.18509625894989e-06,9.44358226567594e-10,6
"19969",2.54146596858805e-06,1.09927772369467e-06,4.51225998450222e-08,0.00729124683180619,0.966889582464315,0.000176068238985568,3.90545241505958e-06,0.00389953647887956,0.0217061464211928,2.9828246113295e-05,5
"19972",2.42827829940261e-05,1.74239697674529e-06,6.47219927900585e-09,2.25339424817607e-05,0.328401782342939,0.000127026013051715,1.95469801968367e-06,0.0448534115499379,0.594298572131,0.0322686876703998,9
"19974",8.17681264357264e-07,3.66336634722224e-07,7.53990474384283e-12,3.20888557406792e-07,0.0588729183139254,1.82592561406172e-06,1.17746367933898e-09,8.03329036390656e-06,0.378396426872737,0.562719289505899,10
"19976",3.47235589798468e-06,1.87705808112541e-05,5.01885488197628e-07,0.00146074279169967,0.503145527486564,2.20381686262983e-05,0.000171657340080613,0.46206681371052,0.000221815106391928,0.0328886605739199,5
"19978",2.22365622298044e-08,5.24335183935881e-08,3.2593831586628e-07,0.000218437267645419,0.0151967545507628,0.00183967065440221,0.0117653649805058,0.970895460264681,4.0097512852442e-05,4.38141607542096e-05,8
"19980",5.50530039306148e-06,1.68664003258945e-08,4.29059347548195e-09,1.69864948089391e-05,0.877793020343037,3.20163036628852e-08,2.43077076994082e-08,0.000102586496948911,0.000278658941827628,0.12180316494198,5
"19982",1.11515061963114e-05,2.40848767947484e-06,3.6040945975615e-07,0.000644866492707522,0.133689518856068,3.88173132500621e-08,3.81231223247773e-06,0.000188729460977511,3.54245665341249e-05,0.865423689090831,10
"19984",6.00131333794092e-09,4.91299375634231e-07,7.94163377083612e-10,1.48334794119545e-07,0.000108286486336877,1.77267505296804e-07,2.08570005419152e-07,1.68834524184316e-06,1.16490603022392e-06,0.999887827995234,10
"19986",7.59707363760809e-09,0.0001434494768404,0.00125002356806046,0.00251319238862345,4.99442633887448e-08,0.00255131782250102,0.972228354758408,0.0213136037045536,3.91689703325489e-10,3.47986230081359e-10,7
"19988",8.07786080954598e-10,5.71022353388016e-06,0.00140317568090362,9.19826099140825e-05,7.96798186911492e-10,3.82615227248155e-05,0.997287155409008,0.00117371288278361,2.78243263187972e-12,6.37652459194287e-11,7
"19992",7.05508815461539e-10,8.80614621980348e-05,0.00133774235339056,0.00310535521092912,4.48951486606971e-08,1.63569368050656e-05,0.99437080799152,0.00108161893068888,4.56910115519307e-12,1.15092414206007e-08,7
"19994",4.47647884304489e-05,7.05894212765445e-09,1.18300072646634e-06,0.00117613552353983,0.960925450327402,2.04219886770131e-06,5.50247887916301e-06,0.0377639647341623,7.00055987796462e-05,1.09442902702062e-05,5
"19996",1.94298021322584e-10,1.09872652772066e-07,0.000202591597903957,0.000213123220912151,1.23059534416577e-07,6.60536891869216e-06,0.990597541424972,0.00897989553313846,1.5417811381313e-11,9.71225143376654e-09,7
"19998",3.87968284667501e-06,0.067764103999377,2.436047478598e-06,0.119219243020796,0.0426511279449303,0.739714124372231,0.000709899761825271,0.00263874471212515,0.025739889082576,0.00155655137581432,6
"20000",0.140083634057946,0.00234737973329914,0.000126867799237589,0.160680808582119,0.693023420102109,1.74024429851023e-05,2.99418810815034e-07,0.00011884689747743,0.00349783549585975,0.000103505470156242,5
"20003",0.000147936516492526,1.22648913276925e-07,1.57679310348928e-05,0.0278831345677154,0.875528647583373,0.000435773041054954,7.50833101203929e-05,0.0954593548281577,0.000453694918435492,4.84654702625052e-07,5
"20005",3.75562621839316e-06,3.80459786395377e-08,2.63207550698578e-10,1.1138602883334e-05,0.962941395608857,5.43888017223953e-07,8.6006116943181e-09,0.000224492153031647,0.019340755901127,0.0174778713100671,5
"20007",6.0907042849761e-06,0.000397549641047904,0.000282666686660206,0.13269020735107,0.0229597028848863,6.64492810581827e-06,0.0145677649764422,0.828957164708236,1.35701891333324e-06,0.000130851100353365,8
"20009",4.94758730478304e-07,0.000111433644448346,0.000366722948431917,0.000177092302627795,2.66910224917632e-05,0.730531697625391,0.235916939480684,0.0327968221623663,7.22654586571257e-07,7.13834002426843e-05,6
"20011",1.93909682011823e-05,3.29779914408276e-06,1.09556523689307e-07,0.000636471404161766,0.533158739639889,0.000184746529724753,3.8395011063776e-05,0.350871509499565,0.108858521749917,0.00622881784180985,5
"20013",3.54283718642659e-06,1.0435396929274e-05,2.97731388430253e-07,0.0121661468638268,0.907182393056428,1.96031620813582e-07,4.89691291292029e-06,0.00360009469038576,2.66605552107814e-05,0.0770053359241105,5
"20016",6.03710912780913e-07,0.00354811778595589,0.0159706452046888,0.00130590190079697,4.45519853866812e-07,0.000955167564325941,0.927156051604346,0.0510604273609252,2.03693851340125e-09,2.63731125575332e-06,7
"20018",7.42431099845422e-05,8.42039741355928e-06,0.997263703785295,4.60646995857842e-07,2.98781058232643e-11,3.62421400871921e-06,0.00264878560522424,7.62191283618933e-07,8.08448250923056e-13,1.91079023589e-11,3
"20021",6.09532168945089e-07,1.50226440036503e-08,0.000681809720688981,0.00117887378736398,0.00143698717598237,0.0024883648078733,0.189139401289089,0.805073720430538,2.04468372577646e-07,1.37652781619816e-08,8
"20023",4.47764092983545e-06,0.000100099486838428,0.000597091740981677,0.0457727234961703,0.0116763744110044,0.00492415976422243,0.0682916128662399,0.868606523692234,2.92713362041847e-07,2.66441880170195e-05,8
"20025",0.000247217902822178,6.88748119088238e-05,0.720049293144465,8.24766563750912e-05,3.35040117129245e-07,6.33950118887329e-05,0.274109180518057,0.00537922154138381,1.4736483777399e-09,3.89933369496247e-09,3
"20027",2.16068235635828e-05,8.58880467283836e-06,7.12814927401197e-09,0.00755528197744494,0.286837147347957,0.000269808015109737,3.41606030909684e-07,0.00112931768558883,0.704175119223538,2.78138794485155e-06,9
"20029",2.8244714404496e-07,2.71242674320465e-07,3.6629727671938e-10,0.00039492947739388,0.931414087654957,9.988891081438e-06,1.13551881346528e-07,0.000227913609476279,0.0627200877346206,0.00523232502447319,5
"20032",6.27259529830476e-05,1.34085784344632e-08,6.74368929413735e-08,0.000888176566040204,0.978554643350539,7.00516042166074e-05,4.49868405455857e-07,0.00263998342213658,0.0177799012360933,3.98715411442691e-06,5
"20034",1.4299101188118e-07,8.25751298328178e-08,2.80205466357958e-11,1.01106087700472e-07,4.20956502943987e-05,0.0185175625113995,4.05451285251326e-08,1.30823252413014e-05,0.981426837965545,5.43021417002941e-08,9
"20036",2.28659777360744e-06,0.217609251187144,7.59770002262847e-06,0.732709140967835,0.0354324894874773,0.000121493133560604,0.000291797531709213,0.000161714051466387,4.88179768517485e-05,0.0136154113661591,4
"20038",7.80955411325742e-07,9.74906990819289e-06,0.023824953969943,0.421376911762457,1.42454972788218e-05,8.34792035570487e-05,0.497720652073115,0.0569692255363978,1.70771221053985e-09,2.24219725727729e-10,7
"20040",1.79094243895725e-05,0.00103527982113272,0.0142411700452876,4.54942927145598e-06,8.52454698104149e-08,0.441361112436438,0.508225424534239,0.0351136059140493,1.12029702578321e-07,7.51120019342988e-07,7
"20043",4.17067301623071e-08,3.64817234829433e-08,0.0039854966087399,0.0250813768980164,0.000329109409647037,2.86326445040771e-05,0.943167699423434,0.0274075198772672,1.85625285042505e-09,8.50936848643298e-08,7
"20045",1.48129598021204e-08,1.38973084612795e-06,0.0243025902832516,9.29015633335628e-06,1.5229640906389e-09,1.07071413925221e-05,0.974739866243669,0.000936135065755158,2.34496422575002e-13,5.04259357520508e-09,7
"20048",2.53465960150059e-08,3.37661069515389e-07,2.66464999993384e-10,5.9568732161593e-09,9.58918402419104e-06,3.92896215050013e-10,2.42139211060736e-09,3.47708359653313e-08,2.22439295718068e-07,0.999989781560552,10
"20051",5.60560084365286e-05,1.60904546082063e-05,0.0266286345280019,0.200110706620793,0.612913541946033,1.27299534185071e-05,0.0887687429163627,0.0632844031673952,1.67067614836355e-07,0.00820892733733639,5
"20053",9.26849965805571e-08,2.71212558912923e-05,2.40318875136508e-05,0.000585919834263533,0.000813458941593336,0.0132466438544345,0.0655360552102409,0.919723740682082,7.95769869768259e-07,4.21398791143771e-05,8
"20055",6.93741426117904e-05,5.67681282216763e-06,0.00909000592337384,0.966663908738459,0.00038374852740481,1.10575674432385e-05,0.00854666617837497,0.0152292674128308,2.94237971421924e-07,4.5870765335117e-10,4
"20057",0.999944761961437,2.77244204603608e-07,5.25428717988554e-05,1.28239781859588e-09,1.62190894484825e-07,6.25052108889923e-10,4.69686282816371e-11,8.18678373348429e-10,5.8341599864137e-08,2.19461696891565e-06,1
"20059",2.79065733709455e-05,5.32619545720304e-05,0.000374203069312786,0.000234148009524483,0.000438796309428701,0.0445459251236082,0.0359093010977091,0.918412566387109,1.54680888802797e-06,2.34466647660941e-06,8
"20061",1.04645758782744e-06,3.73614159502102e-05,1.94613361416413e-05,0.000949423342339604,0.00341068692688049,0.00121098543431216,0.0122450284824148,0.982114493286481,3.44482885287414e-06,8.06848903969903e-06,8
"20063",8.83617600212514e-07,0.195758517204191,2.84264960881625e-05,9.24948173772765e-06,1.54121736758777e-06,0.00292328159225846,0.00634978176299609,9.00036692198427e-06,6.64009252230006e-06,0.794912678168317,10
"20065",3.89582063650056e-05,6.15920448526112e-08,0.987629685481656,8.30369630979265e-05,1.35232105631261e-08,4.16791155449675e-07,0.0121000770853814,0.000147750356004654,5.94346482117593e-13,4.89456382153862e-13,3
"20067",6.44846664266927e-07,1.29313745847121e-05,0.0582117339996087,0.000923794863087243,2.03297170694778e-05,1.11399426551257e-05,0.904752572859748,0.0359600323002775,2.37187734913941e-11,0.000106820072586684,7
"20069",5.71252249679881e-06,4.56681538779419e-08,1.18076418301075e-08,3.04167433208334e-05,0.626696500628467,1.65127774160342e-08,6.2677218289693e-08,0.000105805243007607,8.70402392252277e-05,0.373074387957691,5
"20071",2.33822351279318e-06,0.718587799416977,1.91919983382657e-06,0.277261952227528,0.000468503930101656,0.000220729275196623,0.000113907048604733,0.00320600525236447,0.000132265289206464,4.58013667468743e-06,2
"20073",3.67212306694297e-07,5.44625088571807e-08,1.45845742491526e-08,1.16482208041509e-06,0.0780946935502929,0.000112188274443829,9.64649288730279e-06,0.00273573226791922,0.000350082888525679,0.918696055444461,10
"20075",0.937493013325274,2.00632367583283e-06,0.0620893188155582,0.000394402197725043,2.08630810416593e-05,6.42994936257329e-10,1.06563256809331e-07,2.14769931010893e-07,4.08011454267416e-09,7.02004281143848e-08,1
"20077",1.03201353022012e-08,0.00702166150501348,4.1818924664993e-05,0.624342039736263,0.00122513711152586,0.000226848708839505,0.280226158379116,0.0867578312982824,1.7823872114834e-07,0.000158315777438895,4
"20079",1.64746479593782e-06,7.87774726116384e-05,0.000876217595047944,0.00848116655882191,0.0334467970414564,0.000213647883741342,0.0747051283627393,0.0020405858455772,3.48442064345633e-06,0.880152547354565,10
"20081",0.000168302231123534,1.97988127218402e-06,0.345599444321134,0.085546870785718,0.00063515095108665,3.91986747627454e-07,0.267448040748917,0.300598477781145,8.9962653343525e-10,1.3404132292545e-06,3
"20083",1.02762618329315e-05,0.363536117224862,1.47328967947383e-05,0.0288472245314857,0.00197739936030076,0.000675307029282517,0.000189392203019539,2.4053817719213e-05,0.000138502406046477,0.604586994268656,10
"20085",2.95290311900162e-09,9.60254292877377e-07,0.0132512702488383,0.000305854802126622,2.04043320358376e-09,3.65014350022433e-05,0.985817156390646,0.000588251862441123,8.12627664144893e-13,1.2504253333085e-11,7
"20088",4.41514903350458e-08,4.63251927927607e-07,0.00743221124775222,0.00702742639690786,3.14157431507323e-05,0.00026403183631332,0.943427497316892,0.0418168894687392,1.29019463883835e-10,2.04578070124291e-08,7
"20091",0.0637512772511437,5.19152038840375e-06,0.934743083216966,0.000138295512691232,7.11246080781519e-06,5.83391872141819e-09,0.000145652230448723,0.00120869299015497,3.89286172583431e-11,6.8894455143112e-07,3
"20095",6.95833578675372e-05,0.00372953273693824,5.35661370499715e-06,8.11014356521029e-05,0.00139754615491631,0.000707960602127245,0.00338107745278077,0.220479512450799,0.0182163824897407,0.751931946705473,10
"20097",1.68823163919592e-08,4.47437322874416e-06,0.0522072165383049,0.00107701292513244,4.60906676397263e-09,1.00742030799605e-05,0.946143834520489,0.000557365929544676,4.02539073356333e-13,1.84345730172759e-11,7
"20099",1.02492026731836e-08,7.82077834841092e-06,3.8443285427576e-07,3.03476670340497e-05,0.000125047910758999,0.426550249982251,0.241792814735153,0.31961666907975,0.0104556641175348,0.00142099104711281,6
"20102",0.00640596237356074,0.00144121648804149,0.00447753427729972,1.19292223727423e-05,0.000335705479478521,5.25551152774707e-08,4.83949372640266e-05,0.000378013916354887,2.63399076518889e-08,0.986901164410605,10
"20105",3.36046357087034e-08,1.0655737716263e-07,0.000982120385160119,0.00127883913220967,0.000719409315873337,1.08102648387179e-05,0.900650091809666,0.0961432739852202,1.52858348997659e-08,0.000215299659183781,7
"20107",1.42549579409653e-08,0.000104023442528824,0.00023340504915907,0.0685761976524298,2.27742160424149e-05,0.000126508800980371,0.612705039752641,0.318231924285412,1.31662350825266e-08,9.93796139181466e-08,7
"20109",1.03474477026673e-07,1.9237302009338e-07,4.99478103392377e-06,7.48191773599657e-06,0.00612544514996188,0.0206902252491486,0.167897845143191,0.563271604897793,0.000109568306037997,0.241892538707601,8
"20111",0.990428753915604,1.72113916824428e-09,0.000240155329482601,1.41574930693745e-06,0.00918811739556392,8.71280501490617e-10,1.66733945562481e-08,2.15372109556718e-05,3.4216442397804e-06,0.000116579489033239,1
"20113",3.4408651936978e-07,0.0168075793672271,1.50109845268634e-05,0.701642065804514,0.000369130270871983,0.0162155323356209,0.0584547118139244,0.206194100271255,0.000301464914485434,6.01510548154073e-08,4
"20115",0.0165257013885419,5.8766136305288e-08,1.61977720894725e-06,1.25337229934878e-05,0.96340270555085,2.31354124230741e-05,2.07429025990053e-07,0.00449855092628765,0.0154221608277049,0.000113326198827612,5
"20117",0.710038301365155,0.00474520227648677,0.0649916349968533,0.00812091675652756,5.69417132409604e-05,0.127819681950341,0.0141251420655687,0.0426033047274511,0.0274981245728212,7.49575554491812e-07,1
"20119",2.31213488042473e-09,8.45511936449389e-05,2.5747661520472e-06,0.00305306234100148,7.47921912000256e-07,0.938027020694152,0.0553212723938149,0.00349503585679941,1.57323317410892e-05,1.88646915896779e-10,6
"20121",2.29904869706559e-08,0.000204211699730837,0.00123072802877718,0.0406396172048824,2.00301493507565e-06,0.00180095435815587,0.883405953128012,0.0727165061187231,1.21538926753827e-09,2.24090708424185e-09,7
"20123",0.0106237677301175,9.81620679405145e-06,0.988903347111931,0.000364370487216443,7.89310115520721e-07,4.10964210286381e-07,8.10198210423708e-05,1.64778528676972e-05,7.10789479130502e-12,5.08597232046633e-10,3
"20125",1.27981185961533e-05,1.33995426805019e-06,1.35327835153442e-07,0.000525178918970446,0.945621987893867,9.32268146815484e-08,5.45363762390943e-07,0.00113716035740271,1.52788085892094e-05,0.052685482029894,5
"20127",6.17062815892927e-10,1.97156622316434e-08,0.000400442839506209,1.5608016114688e-05,5.25593633379048e-08,1.94137523704221e-05,0.998903747369549,0.000660640786691508,2.67041033381872e-11,7.43169758429768e-08,7
"20140",0.00045288342526129,0.00157482454019274,0.00122564193514167,0.993239182114342,0.000283355404580797,1.189624544695e-05,0.000467211176018477,0.00274368113926896,1.32111916953284e-06,2.90057773909625e-09,4
"20142",3.80403220856926e-07,1.03176856438409e-06,1.20438130270674e-09,8.70754188617498e-07,0.00337042415260184,1.19329032149791e-09,5.64006559904781e-09,1.22912151197703e-06,2.07000107594109e-06,0.996623985761099,10
"20144",0.0604037688760281,0.000384694954763043,3.60423543848911e-05,0.00753330902086442,0.928473486483156,3.96399616330273e-07,2.09163208006881e-07,0.000544348077145906,4.07400684512971e-05,0.00258300460238143,5
"20146",0.000190493689184675,0.148815944854463,9.23400590889469e-05,0.143053937708446,0.361158801633219,2.25292397931775e-06,0.000168970808718478,0.00212467973533411,1.92925447170521e-05,0.344373286042849,5
"20148",3.66943535838436e-06,1.97172269436282e-06,8.02070375723201e-06,0.0571530691475715,0.930868600639512,5.82850065527124e-06,0.000159680537877235,0.0117342052424138,8.38510700349592e-06,5.65689631570434e-05,5
"20150",3.0574138832469e-06,4.6440487562162e-08,1.24773664932831e-10,3.13718036937066e-06,0.646475513055518,4.23811617810747e-07,3.93372955454054e-09,3.29510199231175e-05,0.0386545966835917,0.314830270336106,5
"20152",6.59019040674976e-06,1.53717972571157e-06,1.79253875973149e-05,0.0739316031133039,0.86423249909463,0.000432787587689129,0.000906115152006434,0.0604065073534708,1.88047244363032e-05,4.56302167337036e-05,5
"20154",3.4361903344031e-05,4.04810541475403e-07,0.99550779111727,2.79692923103111e-05,8.82549058931308e-08,2.03307981903908e-08,0.00441954814234636,9.60168476554354e-06,8.47593703648125e-14,2.14463633506633e-07,3
"20156",9.70666346941448e-05,0.357195455611243,0.000504779983168044,0.0805778528670595,0.0061387850908023,4.06321704601475e-05,0.0153275552868669,0.523489737134677,3.95189035711674e-06,0.0166241833306714,8
"20159",9.37340282569811e-06,5.6562608876704e-07,2.31171970788334e-08,6.0358113348759e-05,0.516491392689139,1.52342483389425e-08,6.43887166913665e-08,8.84140456124584e-05,3.47471751976069e-05,0.483315046207626,5
"20161",2.49869909038985e-06,0.0123127887478049,4.72337310659292e-07,0.00015653142726821,0.00298264694612147,3.60532474465467e-05,1.02301800335923e-05,4.34083025346551e-05,8.90773769882011e-06,0.984446462374691,10
"20163",0.00040117866378037,8.53091258842910e-09,0.000288472327451606,0.00633809253366768,0.885176346837175,0.00119376271071825,0.00248090108603321,0.103444995101588,0.000675168835426637,1.07337324690425e-06,5
"20165",2.87016127643652e-08,4.4095994127328e-07,2.09765936132008e-06,9.41406888244013e-07,0.000113856040995732,6.66480000588887e-07,0.00154957495882611,0.000434150064358205,9.18112524322454e-08,0.997898151916763,10
"20167",3.50064945436032e-07,9.04527611384991e-09,3.29299008733639e-07,0.00085021180368257,0.977092645636797,1.04034876822868e-06,6.37431432907155e-05,0.0180516426131711,1.82337560304592e-05,0.00392179428903,5
"20169",4.84949903437878e-08,6.0445408887521e-07,2.91603017814397e-10,2.98868982630512e-08,6.34848954136147e-05,3.79784779668388e-10,2.08207667138077e-09,8.33183203688786e-08,3.56394588312899e-07,0.999935389802236,10
"20171",6.6895896138012e-05,6.09332337424025e-05,0.997398834702094,1.10840888541419e-05,4.5324443349596e-09,3.07544648819262e-09,0.00245972634841771,2.0463546355648e-06,5.34145809625356e-14,4.71768173928749e-07,3
"20173",2.97633319151939e-08,0.000107764339042683,3.9497201334416e-08,1.36084717971936e-07,1.04727097775715e-05,0.985909956493024,0.000895570802370567,0.000144099612206636,0.00171868242412299,0.0112132482742043,6
"20175",2.62043076431864e-05,3.97645248541413e-06,2.02377623009112e-07,0.00196216337004465,0.902297008231145,1.59308987606713e-06,9.17000101480956e-06,0.0897497652323277,0.000843222510850391,0.00510669442698918,5
"20177",2.7599309816095e-08,5.14263764998719e-06,1.08178496922438e-07,5.93214188290316e-05,5.28368517700089e-05,0.941369011303702,0.0206182301918249,0.0327623036908672,0.00512476038893452,8.25773861557006e-06,6
"20180",7.03448146796189e-07,3.16379297337699e-06,0.0115917756319077,0.00568139366919243,1.06931433295197e-06,0.0119977867607137,0.909975190695197,0.0607489038018097,1.28811262707979e-08,4.60029450230964e-12,7
"20182",0.00499282643308593,9.00555425522361e-06,7.68605408758502e-09,2.27927103132734e-09,7.70751517987216e-05,7.14365551728656e-08,1.05303887031683e-10,1.74568249291284e-08,0.00921156552384458,0.985709428373006,10
"20184",2.44902809565297e-07,2.96745625636058e-06,1.33703164789654e-08,5.66439299368759e-05,0.0242856192428554,1.03875529945264e-07,8.29735770866501e-07,0.00016609478189669,5.5356834397662e-06,0.975481947021188,10
"20187",1.13310120002365e-07,0.324439054764347,5.02447146849839e-09,0.000581267309187384,0.000403934256858313,0.496318705043697,0.000231239788083927,0.00331775772162489,0.17397557469405,0.000732348087559844,6
"20189",1.96568241587482e-08,5.27375170893615e-08,7.97059914965384e-07,0.000247265775252581,0.00386407672123541,0.3700938556346,0.0410010722326519,0.584409058095237,0.000383188846884803,6.13239881216774e-07,8
"20192",0.00285964179611596,6.40468112435407e-06,0.0184720384047783,1.13250128214988e-05,9.31692894335853e-05,0.916263738728186,0.0411863167786817,0.0210617264765425,4.55473847583544e-05,9.14475574387063e-08,6
"20194",8.45670284220555e-07,0.348700146830871,4.89526772225196e-09,0.0202277960348769,0.0343519799927283,0.000196638166456822,1.36055198968411e-06,1.03464723942578e-05,0.161361813787716,0.435149067597416,10
"20196",9.28703110699634e-06,8.83891505390497e-08,0.672593402635091,0.00156834711858751,1.218194033755e-06,6.60732047448262e-06,0.321948660705569,0.0038723800723555,1.07270556321794e-10,8.42636050424171e-09,3
"20198",0.000458063627580731,0.000655251354058084,0.000785833796489783,0.161064410211518,0.328328019618074,0.00365332007381545,0.0177526331636147,0.486982214794762,3.66578605090094e-05,0.000283595499577925,8
"20204",2.74170670534072e-05,1.7160086603185e-08,4.23737292579845e-08,9.2347182124512e-06,0.654433114622314,7.82956304737691e-08,6.78956519991729e-08,0.000170629442605112,6.42995962591166e-05,0.345295098828458,5
"20207",3.7447207802874e-06,1.85862411643938e-05,0.306735455259689,0.0112995442633092,8.02261962564846e-06,1.87581699802268e-06,0.675454286804324,0.00647081627672338,9.9281371253949e-12,7.66798745767907e-06,7
"20209",0.899750697571952,3.16176357907733e-06,9.82141408475663e-05,0.00603171584135568,0.0781826716002826,4.81552480664381e-05,3.4472521916245e-07,0.000968137361989542,0.0149168050331705,9.67135371492903e-08,1
"20211",0.00274072463373964,2.07690690925878e-06,0.99639743348097,0.000779341761609408,1.72746692010081e-06,2.4936771705414e-10,6.15269772409883e-05,1.71636910932789e-05,4.37346456180236e-13,4.83171264559905e-09,3
"20215",1.62612308362494e-08,0.000894017865202456,0.0002460163029835,0.875613546336137,0.000440229121704429,3.40123766393284e-05,0.119680844272308,0.00308936001068391,3.4057743896034e-08,1.92339536578872e-06,4
"20218",5.76980507127553e-07,4.16364266032035e-08,1.86734726052578e-09,8.14440395294057e-07,0.0156972370620335,1.56088112030651e-09,9.90050947489967e-09,4.83716707040495e-06,5.17110654900836e-06,0.98429130827828,10
"20222",7.729389961693e-06,4.43743055438749e-07,0.197051002989756,0.0567368404078888,0.000878315276873146,8.43736676707171e-07,0.738016765344249,0.00729126295924331,8.5876091988404e-10,1.67952935348869e-05,7
"20225",0.000747303929568384,0.000425142385400686,3.03249821039144e-06,0.0172871715655317,0.971495094451005,5.55809897422046e-07,1.41230372348577e-06,0.000106613841622441,0.000438617957189756,0.00949505525785087,5
"20229",5.34642864912388e-05,0.179959332891936,6.23934311515513e-05,0.818109622264406,0.00175402906328658,2.17228528166517e-06,1.15078634176741e-05,4.30843155018045e-05,1.79550775491806e-06,2.59809077295041e-06,4
"20232",5.03104777384617e-05,0.000360932177118734,0.00153159993489387,0.444436164130879,0.00245824895109714,5.03101252454164e-06,0.0174037208766018,0.533752035798647,9.18604536049668e-07,1.03803596408781e-06,8
"20234",8.5231815962362e-06,3.41674605158936e-07,0.240497928033164,3.14932425274528e-06,9.8896126728848e-10,0.000652125697665223,0.758066970718934,0.000770960115120096,2.49560692587298e-10,1.61405148984632e-11,7
"20238",4.04636607045197e-07,0.00074266686088162,0.00232959322397654,0.00335533515099291,1.9111255626307e-05,6.08519287888546e-05,0.605302042310397,0.388187285823239,6.14888526691422e-09,2.70266060545368e-06,7
"20253",3.25715894341951e-09,0.00483746986681371,0.000634580049617316,0.359931937816038,2.78853612720929e-06,0.000205081940863091,0.633264039833885,0.00112398727414323,1.71505969654335e-09,1.09710293538724e-07,7
"20255",0.000318688653605229,4.35451166291317e-08,8.90136007197476e-06,0.00472549372039977,0.991752096506616,2.03362820531333e-08,1.07432455500613e-06,0.00312745066147128,5.7559397629378e-06,6.04749521191681e-05,5
"20258",5.78503073818674e-09,3.4176046279683e-09,0.00015746212998534,5.24128456119826e-05,4.98316608203676e-06,0.00083195880994059,0.915249667935986,0.0837034960742937,5.90800513348454e-09,3.9274598930635e-09,7
"20269",2.38380520066203e-07,1.71456804136877e-08,3.82639518153208e-05,1.5008708179041e-05,0.00573072011498431,0.000539241858378439,0.191044504625636,0.78080823975899,2.83069791578383e-06,0.0218209347579001,8
"20271",1.97968875577129e-08,2.21695524223292e-07,4.9978465284916e-06,5.66535578487402e-05,8.5851092859765e-06,0.504655782198401,0.408855658780718,0.0862952874857751,0.000122783370864207,1.01581672073063e-08,6
"20285",4.80031221999373e-06,0.000283275159314827,1.40671329820113e-07,0.0090537164055567,0.0163049805166853,0.537261822167568,0.000180553376874311,0.00123606244807464,0.435197819510646,0.000476829431730214,6
"20288",4.0252277010658e-07,0.00198275064907678,0.000470960023606269,0.786417711023801,0.000803567052894783,3.31070146774232e-06,0.108897333429679,0.101413557380865,1.74948269700649e-07,1.02322675694066e-05,4
"20291",0.000630318166916489,8.50672027824923e-05,0.473332928916001,0.00160110895293816,4.91178499108315e-06,3.1590277621179e-05,0.168085324316399,0.356228318468555,1.37415227485369e-09,4.30539642778756e-07,3
"20295",2.56950198097757e-06,3.08778143663255e-07,5.57669296304313e-06,1.23124532341572e-06,0.0038696702247574,0.77485411765313,0.0218056551879093,0.195132914707654,0.00293304317620342,0.0013949128319352,6
"20298",5.44116630821296e-06,2.80221533344204e-08,8.27679796783845e-09,0.000226400709035091,0.998674443819719,1.18349503383682e-07,3.45197184943378e-08,0.000168995458834836,0.00015999720704886,0.000764532470880648,5
