"","V1","V2","V3","V4","V5","best$classification"
"19812",0.0240799580421812,0.000800365587135701,0.974975844753213,5.33972557552964e-06,0.000138491891895027,3
"19814",0.00266305488133244,2.98099207812219e-05,0.99206203695015,0.00523772855173865,7.3696959972206e-06,3
"19816",0.975036134952629,1.10469830511624e-05,0.0248063258787265,3.47325151029861e-06,0.00014301893408319,1
"19818",0.0529729482174008,7.20954111808812e-05,0.927730686914502,0.0191500258811099,7.42435758062651e-05,3
"19820",0.999910593747167,8.76103501119581e-05,1.55351357232455e-06,7.29509783466145e-09,2.35094051045393e-07,1
"19822",0.941937411917154,0.0580243136720473,2.82436041512599e-05,5.2328603017069e-06,4.79794634603941e-06,1
"19824",0.995207836353975,8.4801493483324e-05,0.00132861485629747,0.00289696525625227,0.000481782039991431,1
"19826",0.0376435426496407,2.51376362262676e-05,0.948484448557796,9.0055235309851e-05,0.0137568159210273,3
"19828",0.998470960082365,0.000372705201846494,0.00114970185322669,5.82428043014353e-06,8.08582131536436e-07,1
"19830",0.000367129351948254,0.000679974570866035,0.99681596813887,0.00023313918376084,0.00190378875455503,3
"19832",0.149099563533368,0.536287120941451,0.314589235517379,6.43166364546244e-06,1.76483441566923e-05,2
"19834",0.86233983393147,0.0153246305303075,0.121968468712524,0.000360698323092657,6.36850260569512e-06,1
"19836",0.279384885857854,0.000334661316856269,0.603616171834801,6.82546646941368e-06,0.116657455524019,3
"19838",8.59406997085202e-05,9.65789588147954e-05,0.998654244877573,0.00114971189969227,1.35235642118697e-05,3
"19840",0.766462370855564,7.15897823506808e-05,0.229271765864996,2.67280893726534e-05,0.00416754540771656,1
"19842",1.80576340898154e-05,8.11144181075145e-07,0.0933313398212644,5.12118415990644e-05,0.906598579558866,5
"19844",1.79388608298789e-05,1.92789721054025e-07,3.56912939604618e-05,0.999897340687113,4.88363683756347e-05,4
"19846",2.05952508820096e-05,4.9872928816308e-07,0.78404386461914,0.210094012235209,0.00584102916548105,3
"19848",3.17908948973075e-05,1.67991977630563e-06,0.915418682129027,0.0841055843036261,0.000442262752673193,3
"19850",0.000311621634778522,8.16404985746797e-06,0.655148528618664,0.34442310031142,0.000108585385279359,3
"19852",0.639254972815735,0.000292676327292114,0.359563725720638,0.000850433008796933,3.81921275375965e-05,1
"19854",3.02701006295379e-05,3.68445969887015e-06,0.990315906588399,0.00953866953691897,0.000111469314353583,3
"19856",0.00107178612717241,2.85988072855299e-05,0.0234244223786695,0.975084299059848,0.000390893627024613,4
"19858",0.0261843477227756,0.000222239402680526,0.00398825593718214,0.969537061537318,6.80954000432024e-05,4
"19860",0.294160503547743,0.000172645109114994,0.705506038036187,8.66862932035412e-05,7.41270137521015e-05,3
"19862",1.10685371650639e-05,6.09676123277963e-07,0.968726906552015,0.0127376288404167,0.0185237863942799,3
"19864",4.07044024659999e-05,3.52075100109398e-07,1.92915904662968e-05,5.79795957011177e-06,0.999933853972398,5
"19866",0.957764616780002,3.67030281115437e-05,0.00647353948770524,2.82724561691588e-06,0.035722313458564,1
"19868",1.77999329470553e-05,0.999717541463998,0.000190314527039441,7.35689682149751e-05,7.75107799893639e-07,2
"19870",0.000488435634762162,5.6236526111253e-06,0.992029168387665,0.00567470769601852,0.00180206462894273,3
"19873",0.0309242781522426,1.46967998121496e-05,0.964671639068434,0.00163443882952815,0.0027549471499836,3
"19875",0.993343811117362,0.000500991522181862,0.00615263022626196,1.86370796401397e-07,2.38076339799253e-06,1
"19877",0.00447413200031512,4.24966840851884e-05,0.991875051530992,0.00344798497513346,0.000160334809474427,3
"19879",0.288932440875316,0.00164074295637919,0.701925267934278,0.0071630975918932,0.000338450642133528,3
"19881",0.0128254754023623,1.99949439804973e-05,0.95701979243064,0.00242678025370911,0.0277079569693083,3
"19883",0.00474324883019825,2.89030219700639e-06,0.734421138930151,0.000198576932877188,0.260634145004576,3
"19899",0.378490175249304,0.0101965653501259,0.608278959188477,6.18363384652831e-05,0.0029724638736276,3
"19908",0.18231874715403,0.0835792536768964,0.0209062038545463,0.00619482626589773,0.70700096904863,5
"19910",0.34635834751211,0.000102793659033814,0.65226511725734,0.000689514690210319,0.000584226881306222,3
"19912",3.89452692469241e-05,1.95388957054538e-06,0.515983635298824,0.00153004814813231,0.482445417394226,3
"19914",0.197533608421965,0.00618804259476018,0.794476100176204,0.00158064093442362,0.000221607872647465,3
"19916",0.652239018324566,0.000116723127972107,0.000639158368810314,0.000514251158576317,0.346490849020075,1
"19918",0.000625136669889226,6.3686412422697e-07,0.830624527803772,0.165202592318996,0.00354710634321849,3
"19920",3.93020633331265e-05,3.88516796898431e-07,0.107343607606316,0.892555582617831,6.11191957236575e-05,4
"19922",0.0205527305174335,0.643355162108787,0.33601723394618,5.51471643983763e-05,1.97262632016083e-05,2
"19924",0.0110588181905152,2.04342645339999e-05,0.949978489443159,0.0386397376141624,0.000302520487629551,3
"19926",0.561302227331963,0.0263400702813035,0.387209081505719,2.71228876656877e-06,0.0251459085922477,1
"19928",1.72466962248295e-07,3.36899085646311e-08,3.52770436912047e-06,3.75456981367706e-06,0.999992511568946,5
"19930",0.00105733575522792,1.71234427801409e-05,0.998450120024955,0.00037460835124546,0.000100812425790918,3
"19932",6.24823687426503e-05,1.15438635613658e-05,0.996532555804806,0.00335945881958199,3.39591433079273e-05,3
"19934",0.954656753913395,0.00240461220330066,0.0427701680213002,0.000165864610676592,2.60125132715959e-06,1
"19936",0.0108674521622534,0.000654425206878458,0.98817954904131,0.000257800216572679,4.07733729857021e-05,3
"19938",0.995889840441706,0.00335325978630639,0.000670461486556071,5.50407551809334e-05,3.13975302508061e-05,1
"19940",0.0928642757762334,1.72522381857195e-05,0.873680429320617,0.00124482500133555,0.0321932176636287,3
"19942",2.59328561399909e-06,1.80052727740228e-08,3.14858238196329e-05,1.03105883656483e-06,0.999964871826457,5
"19944",0.730372069709969,0.00011514505176525,0.267388968440425,6.83613380279059e-05,0.0020554554598131,1
"19946",0.106355502508087,0.000115395482415691,0.866496098702542,0.0267434612281685,0.000289542078787109,3
"19948",2.69236797026597e-06,5.55719771814663e-09,9.92294255672824e-05,5.68999062393737e-06,0.999892382658641,5
"19950",1.14827141488816e-06,3.40045871035604e-07,0.00183863281724138,0.998158476088476,1.40277699651964e-06,4
"19952",2.69236797026597e-06,5.55719771814663e-09,9.92294255672824e-05,5.68999062393737e-06,0.999892382658641,5
"19954",0.000238824499408083,5.74320681850356e-06,0.997967752559018,0.00168291557492969,0.000104764159825899,3
"19956",2.77435248790043e-05,0.000293273960667649,0.311510682489589,0.671520082065988,0.0166482179588762,4
"19958",0.000237480041499585,0.994526267791665,0.00385529564045581,0.00137732523763251,3.63128874683379e-06,2
"19962",0.185375336228881,0.00324465732960165,0.608561406492857,0.202174619376745,0.000643980571915359,3
"19964",0.0581263828369207,4.50031901527033e-05,0.884230144006144,0.026521088199525,0.0310773817672581,3
"19966",0.991089703798165,0.000114771113875446,0.000282520665260524,7.5221111074617e-08,0.00851292920158768,1
"19969",0.000765973684453264,5.03481290829697e-06,0.98896288934467,0.000211673782858842,0.0100544283751099,3
"19972",0.00104850606423556,5.17646320129469e-06,0.749073242848384,0.111993043483657,0.137880031140522,3
"19974",1.51743033948285e-06,4.69484955080568e-08,0.0569562011021227,0.916597394164714,0.0264448403543287,4
"19976",0.0175510597258745,2.96179624171459e-05,0.92232620647953,0.0596115999741237,0.000481515858054533,3
"19978",0.734429034952692,1.3872365899458e-05,0.262919676623613,0.000937003195478696,0.00170041286231731,1
"19980",2.18578474961215e-05,3.07295838401709e-06,0.686758546953297,0.313131422755783,8.50994850402248e-05,3
"19982",0.000286904746288565,4.86060812173897e-05,0.159752536344757,0.839884907090049,2.70457376884772e-05,4
"19984",1.99501611840038e-05,2.31172778824023e-07,0.000511265722621908,0.9994591113289,9.44161451563582e-06,4
"19986",0.999545795704728,0.000443147729981022,8.78174942746139e-06,7.8244786495131e-09,2.26699138464457e-06,1
"19988",0.999283415176464,0.00071562071506173,8.46128789652336e-07,4.84842917496978e-09,1.13131255471362e-07,1
"19992",0.999257441901223,0.000729344194791939,1.28445493238449e-05,2.91927720194652e-07,7.74269411740267e-08,1
"19994",0.00127039690100711,5.16684446706015e-05,0.998527414305016,8.34394650900558e-05,6.70808842162892e-05,3
"19996",0.999892692439577,8.6096289620385e-05,2.09324308461799e-05,2.24316634458575e-07,5.45233217749782e-08,1
"19998",0.0490735510219071,0.000234430437665803,0.290879616893637,0.0104434862738452,0.649368915372945,5
"20000",0.000146306648165421,0.018635956817614,0.975606038220008,0.00069448916717816,0.00491720914703481,3
"20003",0.00733718160446335,0.000242997694958852,0.991548636126673,5.12004466034993e-06,0.000866064529244556,3
"20005",1.64357890940267e-05,6.0431902443591e-07,0.920777064342866,0.0761565109444058,0.00304938460460945,3
"20007",0.614315836398485,0.0035519190155985,0.380849344639764,0.00122135466548155,6.15452806704988e-05,1
"20009",0.997197012693824,0.000855832660688808,0.000809765595440802,0.000389909573453603,0.000747479476592725,1
"20011",0.0062396549263029,1.47769530329815e-05,0.945110265723101,0.0165805356902557,0.0320547667073077,3
"20013",0.000816248107893298,2.75435673449144e-05,0.894400239401308,0.104724961052544,3.10078709097657e-05,3
"20016",0.99422297021428,0.00572788170317065,3.49503711804309e-05,1.04491685561881e-05,3.74854281244848e-06,1
"20018",0.0115605446143123,0.988439303600834,6.50774296770863e-08,3.73652673472877e-09,8.29708973593675e-08,2
"20021",0.984442329457227,0.000493519556857313,0.0150410753743266,3.13713864496462e-07,2.27618977249994e-05,1
"20023",0.916704260399082,0.0017984527574887,0.0812994199612448,0.000139990740073929,5.78761421102065e-05,1
"20025",0.538908629467214,0.461029687909142,5.77438440305694e-05,1.732004146922e-07,3.76557919871277e-06,1
"20027",0.000246027721167279,6.94842225217243e-06,0.74432545236269,5.21762119383112e-05,0.255369395281952,3
"20029",7.46025379140393e-05,3.50883883930804e-07,0.963683193246322,0.0237973816372993,0.0124444716945809,3
"20032",0.000233421357759429,1.37533004361174e-05,0.993030552880256,5.02111925384831e-05,0.00667206126900966,3
"20034",1.15521717939175e-05,3.39885234075658e-08,0.00036681162845035,1.35478390457013e-06,0.999620247427328,5
"20036",0.0455409933225658,0.00233606127075489,0.757870041879615,0.188692849244388,0.00556005428267634,3
"20038",0.991749179206878,0.00756875487471559,0.00068087759321112,6.46282314870971e-09,1.18186237167493e-06,1
"20040",0.98465607712023,0.0149028941839386,1.26431026048146e-05,7.37143858796562e-06,0.000421014154639041,1
"20043",0.995030130391069,0.000907016779414227,0.004061405407549,1.06592186430902e-06,3.81500103412046e-07,1
"20045",0.99255251392643,0.00744615441641671,1.12268897604069e-06,1.93665234604136e-07,1.5302943120676e-08,1
"20048",5.00729845774754e-07,2.20439380625849e-07,6.21638738041171e-05,0.999936193168113,9.21788856302152e-07,4
"20051",0.301612186072555,0.018397242610721,0.66784187987993,0.0121459696025822,2.72183421179684e-06,3
"20053",0.984905013119827,0.000117223075539512,0.0144778617896154,0.000291543944807444,0.000208358070210925,1
"20055",0.773264812403176,0.153664269522888,0.0729361775771881,1.50238979034039e-07,0.000134590257768994,1
"20057",1.68293809973311e-06,0.998180608455739,0.000189609351786811,0.00156416348062162,6.39357737525387e-05,2
"20059",0.98233724384436,0.00356556823781371,0.013232860347448,4.02102364972531e-05,0.000824117333880911,1
"20061",0.883115480154986,0.000549160473807095,0.115391741978177,0.000216305155105827,0.00072731223792458,1
"20063",0.015273433305545,0.000699309037359152,5.75054821734874e-05,0.982253753632281,0.00171599854264118,4
"20065",0.137118073360658,0.86286851987918,1.33835179102805e-05,2.83003946615796e-10,2.29592486502101e-08,2
"20067",0.987663993781533,0.0116080644795888,0.000449603696917862,0.000278300635649467,3.74063107230261e-08,1
"20069",2.86095794391066e-05,4.77965908996845e-06,0.428481025535399,0.571456345661719,2.9239564353005e-05,4
"20071",0.358016166220381,0.00751545479112472,0.450101910869587,0.00171964865583071,0.182646819463077,3
"20073",0.000823351287280563,1.36515297740415e-06,0.0776199678334823,0.920977451263634,0.000577864462625347,4
"20075",1.15366018284036e-05,0.999686568810233,0.000300449198364983,1.30718175144107e-06,1.38207822127356e-07,2
"20077",0.982557556936768,0.000138180355416039,0.016767537803599,0.000508967707501305,2.77571967151368e-05,1
"20079",0.155735668514143,0.00166826975336997,0.0719437504771029,0.770589148106607,6.31631487770213e-05,4
"20081",0.840765958115671,0.149222436972597,0.010002231112353,9.25170636999809e-06,1.22093009267017e-07,1
"20083",0.00547917171677951,0.00124040021087684,0.0171198796011008,0.971153417047245,0.00500713142399808,4
"20085",0.99691183735564,0.0030865057955957,1.61331848239773e-06,1.35391968782284e-09,4.21763619418843e-08,1
"20088",0.998329619572829,0.00108737809808242,0.000582613202554579,2.24187281533741e-07,1.6493925201747e-07,1
"20091",0.00233609722790333,0.997510927733771,0.000149248084015024,3.7186238578757e-06,8.33045290446476e-09,2
"20095",0.0714476861525986,0.00040248903191473,0.0174082852846539,0.857219794168306,0.0535217453625268,4
"20097",0.98745179904355,0.0125450881820754,3.08957190243854e-06,1.86358761516844e-09,2.1338884538007e-08,1
"20099",0.860327714967104,4.61729367162336e-06,0.00269187678218411,0.00493030863004611,0.132045482326994,1
"20102",0.00162908407723569,0.0676797582026184,0.0027764874103306,0.927913437212685,1.23309712998465e-06,4
"20105",0.992622670905977,0.000372862922480679,0.00633968630144688,0.000663872528044446,9.07342051183986e-07,1
"20107",0.999158909993613,0.000160231864867692,0.000676867490948516,6.50876772868491e-07,3.33977379750164e-06,1
"20109",0.675465430026232,2.389478323908e-05,0.0260325857518284,0.297007285937763,0.00147080350093786,1
"20111",0.00018230074661821,0.510341275141072,0.470933014481144,0.0184776078152277,6.58018159385955e-05,2
"20113",0.955638326638587,0.000322604000603033,0.0199280230709094,1.80125180999093e-06,0.0241092450380906,1
"20115",0.000159919663481659,0.00037982588390191,0.992138406242195,0.00103865970679192,0.00628318850362918,3
"20117",0.117821629783738,0.544602464901643,0.00173843957523556,6.99267586366302e-06,0.33583047306352,2
"20119",0.964713669188111,5.50818068611699e-05,0.000333527054899029,4.11693245317033e-08,0.0348976807808045,1
"20121",0.999454908659011,0.000444248918239341,9.87101261601536e-05,2.62325584785182e-08,2.1060640315345e-06,1
"20123",0.00134955691299873,0.998616558496484,3.38497749469474e-05,1.56849962514201e-08,1.9130574476369e-08,2
"20125",0.000217823527256508,2.83358973311125e-05,0.888340770299381,0.111391019783512,2.20504925196534e-05,3
"20127",0.99966742493725,0.000315338812260437,1.44843583703047e-05,2.56990425327031e-06,1.81987865484424e-07,1
"20140",0.368890620752838,0.455083880145615,0.173978039793305,2.13769914346774e-06,0.00204532160909787,2
"20142",2.12431587874695e-06,9.12112352571794e-07,0.00585357476725507,0.994140530374729,2.85842978407102e-06,4
"20144",0.000127420586946917,0.00745796123278768,0.983731251994736,0.0085827654728984,0.000100600712631538,3
"20146",0.00635702035229957,0.00365331697045292,0.603162581990908,0.386707258427802,0.000119822258538383,3
"20148",0.00730258753025754,0.000114734536188196,0.992268733818766,0.000282749523164767,3.11945916234295e-05,3
"20150",4.76950249295493e-06,2.96574872901281e-07,0.387580398319806,0.609255916040089,0.00315861956273923,4
"20152",0.0318148790663983,0.000176410700168066,0.9676507877032,0.000212187714183047,0.000145734816050608,3
"20154",0.0355471690299947,0.964419722317379,2.39818847161844e-05,9.12487588144215e-06,1.89202933455546e-09,2
"20156",0.736530845969757,0.0210407120383748,0.172029518910345,0.0699460675238456,0.000452855557677786,1
"20159",2.79440730353646e-05,8.91266123479399e-06,0.362971046145247,0.636972811217848,1.92859026353187e-05,4
"20161",0.00059982861227811,6.29761911782022e-05,0.0106680847389143,0.988444587096362,0.00022452336126751,4
"20163",0.0449305799135954,0.00137088096435639,0.95250972188697,1.22747463558848e-05,0.00117654248872267,3
"20165",0.00865835477646869,2.2929254939715e-05,0.00097124672466521,0.990345003384979,2.46585894691137e-06,4
"20167",0.00454027677612106,9.36232427245866e-06,0.983475242498129,0.0119514546830431,2.36637184345198e-05,3
"20169",5.97549916280013e-07,2.76017437814695e-07,0.000264593890895432,0.999733467111593,1.06543015758806e-06,4
"20171",0.00835570020974332,0.99163392657644,1.56544408635074e-06,8.80678186959748e-06,9.87860796970406e-10,2
"20173",0.0561689098895451,1.81084182952063e-05,0.00124660438599347,0.227525459484537,0.715040917821629,5
"20175",0.00166014816129324,2.41288574463692e-05,0.987501139704025,0.0104216350068807,0.000392948270354135,3
"20177",0.52698589789325,1.20234746866862e-05,0.00425020671311613,0.000240418558672914,0.468511453360274,1
"20180",0.997155888874803,0.00275650384285246,7.25559940706688e-05,2.39864285055804e-10,1.50510484096031e-05,1
"20182",5.90363410202588e-08,2.36245682603475e-05,0.000207260844103521,0.997491655986115,0.0022773995651797,4
"20184",0.000145613213640591,2.9888553281814e-06,0.0455558875309163,0.954280767421044,1.47429790707299e-05,4
"20187",0.00438165604747164,9.3860123270277e-07,0.00253444002994272,0.00136468963644,0.991718275684913,5
"20189",0.921805394576308,1.03604173990097e-05,0.0597638604516538,1.80411101733322e-05,0.0184023434444661,1
"20192",0.811195714462765,0.152508889399249,0.00608929417879561,7.98404838830517e-06,0.0301981179108018,1
"20194",0.000187480112651325,5.82182476770862e-06,0.099507371755363,0.718930668001892,0.181368658305326,4
"20196",0.827253319987116,0.172574262235483,0.000171853199294361,3.43881284414834e-07,2.20696822220752e-07,1
"20198",0.286421099190556,0.00689979139445447,0.704973472090917,0.000942331584996362,0.000763305739076944,3
"20204",3.69971068201862e-05,1.28248844603299e-05,0.430157480994657,0.569757555908307,3.51411057556391e-05,4
"20207",0.907800765408157,0.0917805611609766,0.000373312192622363,4.53356857351536e-05,2.5552509067923e-08,1
"20209",0.000730879700816906,0.0615588096250627,0.883861227829442,9.12269502915699e-06,0.0538399601496491,3
"20211",0.00109211669252786,0.998826923212232,8.08384125419696e-05,1.21194688446613e-07,4.88009340808344e-10,2
"20215",0.975449962800067,0.00136077104974762,0.0231151360542645,5.303495341919e-05,2.10951425017297e-05,1
"20218",3.60384971784697e-06,9.00668960334839e-07,0.0173452606781626,0.982646971101734,3.2637014252714e-06,4
"20222",0.91924648304186,0.0692035680227823,0.0114273562129862,0.00012243683077836,1.55891592917311e-07,1
"20225",0.000227227849803512,0.00069652437040681,0.969660879932187,0.0289664360719316,0.00044893177567148,3
"20229",0.0424887959093366,0.140647256443631,0.81226715473909,0.0012314893869615,0.00336530352098061,3
"20232",0.848684757374519,0.0248799886413604,0.126317729379276,2.94423477832077e-05,8.80822570611869e-05,1
"20234",0.876198340784583,0.123796248899417,1.09165037218094e-06,2.69495918462457e-09,4.31597066906217e-06,1
"20238",0.997785018705555,0.0016151927531409,0.000585621767837122,1.18412513698905e-05,2.32552209709327e-06,1
"20253",0.998820697742201,0.000876532103004544,0.000295827081967869,2.00929600641739e-06,4.93377682034039e-06,1
"20255",0.000316717944069912,0.000400172072224103,0.998925195694762,0.000352534733288172,5.37955565566574e-06,3
"20258",0.999744774425658,6.69682319995076e-05,0.000185503848791529,8.90092993251886e-08,2.66448425158595e-06,1
"20269",0.915930911629311,0.000112134421853747,0.0339830669028203,0.0499067772671885,6.71097788266133e-05,1
"20271",0.986949153333746,2.15675351018822e-05,0.000444414496997719,3.28605649855892e-07,0.012584536028505,1
"20285",0.00534415433434833,1.50977563851596e-05,0.0430316920278377,0.00148346953164085,0.950125586349788,5
"20288",0.966574787205954,0.00274579890445145,0.030546711570343,0.000113437644666021,1.9264674585415e-05,1
"20291",0.738734738080509,0.260950357304268,0.000310395031198584,3.35765373155778e-06,1.15193029202366e-06,1
"20295",0.751557874701015,0.000201824821520292,0.0718400476510331,0.0220444671416078,0.154355785684823,1
"20298",3.7996234511975e-05,4.7272149132713e-06,0.994796084059736,0.00505891628382584,0.000102276207013115,3
"20302",0.00114989178085787,7.67495211388272e-06,0.296205334002039,0.699989770625583,0.0026473286394058,4
"20305",3.09398600108676e-05,2.05084970910205e-06,0.996979959275964,0.000997712189797941,0.00198933782451742,3
"20307",0.999507679738254,0.000461876615528892,3.03445505968474e-05,4.59777409841674e-08,5.31178790877473e-08,1
"20310",0.997847870857496,0.00215018037384252,9.99083204284281e-07,3.9218190946933e-08,9.10467265885795e-07,1
"20313",1.69959236555089e-07,2.43439021522075e-08,0.000651353855122472,0.999329104880454,1.93469612849827e-05,4
"20315",0.999073423764686,0.000120268150670494,0.000781446984427176,5.67795559524223e-07,2.42933046567699e-05,1
"20319",0.376237472852671,0.623482835660626,0.000279046681238039,2.04056322457383e-07,4.40749142887764e-07,2
"20321",0.999793857494933,8.54617791616138e-05,0.000109606475420507,8.55216526814624e-06,2.52208521644773e-06,1
"20327",0.999887607097215,1.07420929907352e-05,5.75155542841117e-05,2.58271933103415e-07,4.3876983576977e-05,1
"20329",1.58304327732632e-06,2.97501305666573e-09,0.000232319581427956,0.000125856890580378,0.999640237509701,5
"20335",0.891543268868858,0.108425634529073,2.94521108445035e-05,1.6405789937779e-06,3.9122311783587e-09,1
"20337",4.93107570611917e-05,1.04311323046871e-05,0.714580323879887,0.285338031154971,2.19030757763535e-05,3
"20339",0.00696995989083958,0.980699277868851,0.0116439832789933,3.60810969234143e-06,0.000683170851623795,2
"20341",0.0257454125023009,0.973735623507336,6.07417164486567e-05,0.000458189221899241,3.30520153762619e-08,2
"20343",0.990846209387947,0.00903383964738406,2.45395776076147e-05,9.50948400428296e-05,3.16547017968754e-07,1
"20345",0.00475756126102436,5.16808675554217e-05,0.970523820414822,1.03981962974172e-05,0.0246565392603009,3
"20350",0.428166434477849,0.372172714974413,0.162537080494048,0.0265617048085477,0.0105620652451417,1
"20352",2.45664155553453e-06,2.8162005682777e-07,0.00048954782888066,0.999506903499037,8.10410469992051e-07,4
"20355",0.00342408692139717,0.000217910846995357,0.0286461735836598,0.967500499334375,0.00021132931357287,4
"20358",2.31143942599128e-05,8.80504160509074e-08,0.0329646092374079,0.0222412893214737,0.944770898996442,5
"20363",0.999483044180793,7.91447231092641e-05,0.000430401666148897,6.64457830400986e-06,7.64851645487057e-07,1
"20365",0.40844533392358,0.547259520676548,0.0442920133315685,2.3179078877759e-06,8.14160416327549e-07,2
"20379",0.000414422866543633,0.000671702968933514,0.997072573616542,0.00146922499340006,0.00037207555458054,3
"20387",0.997839496037108,0.00143927679443226,0.000720711330149575,3.23487758265488e-07,1.92350551861887e-07,1
"20392",0.00267466329268103,0.997294322641394,3.10026684790938e-05,1.07574177433235e-08,6.40028457085007e-10,2
"20395",0.0159141649910799,0.000304620037280078,0.982641079979485,0.00107540138312577,6.47336090290318e-05,3
"20397",2.20808672679911e-07,1.08155004417114e-08,8.06766179850344e-05,0.0085243780154047,0.991394713742437,5
"20410",0.988372804248774,0.000603331387953732,0.0105890895091127,4.40163420792003e-08,0.000434730837817937,1
"20414",0.00111988991084704,8.92748126183274e-06,0.672749994487804,0.326003019624442,0.000118168495645388,3
"20417",0.0889123955798155,0.911005393257382,3.13046802997074e-07,1.47232060405453e-08,8.18833927939465e-05,2
"20419",0.999941348332309,1.9087261193731e-06,3.02890182683281e-05,1.21520941195166e-06,2.52387138914548e-05,1
"20421",0.00357174407900954,0.0149707733771859,0.286605086855468,0.694839251917312,1.31437710251798e-05,4
"20423",0.00025163249267652,0.000118321043339315,0.611504616251079,0.388113029208919,1.24010039859411e-05,3
"20425",0.000609819774410388,0.000419206888541792,0.406398322731154,0.592567644868594,5.00573729901679e-06,4
"20427",0.0447226527039709,3.79962062178909e-05,0.954819688183827,0.000325818567271184,9.38443387130422e-05,3
"20429",0.995155087246807,0.00418016259626883,0.00019263055323716,0.000218704885243237,0.000253414718443404,1
"20432",5.03664690112776e-05,4.6530464923005e-07,0.15061929369171,0.848805822182364,0.00052405235226632,4
"20435",0.782408941886974,0.0266459614706214,0.19062967374273,1.14790899991303e-05,0.000303943809675226,1
"20438",0.999132623568992,2.01531478989055e-05,0.000431517123994357,0.000314009270193016,0.000101696888921466,1
"20440",0.999775134676261,2.66246711760027e-05,0.00016116674974288,1.74271790838454e-05,1.96467237358597e-05,1
"20443",0.000200300979716544,3.26470377550723e-05,0.00183886941145911,0.997919375823978,8.80674709122628e-06,4
"20446",0.556395771175613,0.00160949624255446,0.434898751942475,0.00446388185947383,0.00263209877988407,1
"20449",0.780908276340043,0.0156991190736142,0.203073636957324,2.56999960196216e-05,0.000293267632998789,1
"20537",0.716025607926066,0.275152682940021,0.00860603845988124,0.000212300149953694,3.37052407836356e-06,1
"20540",0.00853659144295755,0.991449581014997,1.38062950923744e-05,7.60957236237966e-09,1.36373801696871e-08,2
"20543",0.198388508841711,0.000749843283317365,0.796623364719525,0.00416265207483701,7.5631080610028e-05,3
"20545",0.00117109944596042,0.998770389390993,5.80710236143284e-05,4.39860702707767e-07,2.78729307845000e-10,2
"20549",0.0454204764605822,0.00370800865467207,0.935570263106578,0.0152984468631196,2.8049150482837e-06,3
"20551",0.971879144846302,0.00167635196166977,0.0263205905482451,0.000123353780321706,5.58863461196223e-07,1
"20554",0.995196760441312,0.000107935517894704,0.00467361200484233,1.20421778856173e-05,9.64985806588079e-06,1
"20556",0.173982026118978,0.123067302198048,0.701637433416595,0.00130834232747827,4.89593890086659e-06,3
"20558",0.999744957083598,0.000170325000002041,8.43672417278676e-05,2.73567580700517e-07,7.71070912160767e-08,1
"20560",0.976132083092848,8.67581310420652e-05,0.0199396940105427,0.00383906985407776,2.39491148968588e-06,1
"20563",0.999744021469975,0.00024371733605757,1.11443657271339e-05,8.4432612818836e-07,2.72502111755758e-07,1
"20565",0.848566759803836,0.00130302395842504,0.12665569899991,0.0234643261119299,1.01911258998384e-05,1
"20567",7.96103126011819e-05,2.14615010780818e-06,0.100689195904133,0.898965552412599,0.00026349522055882,4
"20571",0.965951174919663,0.031453355489846,0.00148097634084592,3.75182911458988e-05,0.00107697495849924,1
"20573",0.948098346396858,0.00456697571582881,0.046734722444513,0.000595296571233581,4.65887156611309e-06,1
"20575",0.999867216776472,0.000105308860054482,2.40562121662302e-05,1.72072090317736e-07,3.24607921679665e-06,1
"20577",0.10727707417212,0.00204855655469778,0.889741669942688,0.00010116339473245,0.000831535935762208,3
"20579",2.08910587810423e-06,2.35829308527482e-08,0.00136015443268694,0.88005724478153,0.118580488096974,4
"20582",0.999870754782936,0.000116919436058224,1.20860148398016e-05,4.17425581504304e-08,1.98023607566742e-07,1
"20585",0.0896807865128087,0.89031043706585,0.0200070672336299,1.63667269334095e-06,7.25150176481644e-08,2
"20588",0.0077143235821355,0.981318379977073,0.0108071699847877,0.000157604705053921,2.52175094982489e-06,2
"20590",5.58563138954378e-07,1.17422537943271e-08,0.00425987140519189,0.99405929617978,0.00168026210963497,4
"20592",0.999914123889307,7.87961160774358e-05,5.87922446998152e-06,1.11815231929268e-06,8.2617826696096e-08,1
"20594",0.999666632078767,0.000309943994689551,2.21142502022768e-05,7.55360448669566e-09,1.30212273674817e-06,1
"20596",0.988300853498464,6.04263740931391e-06,0.00924341087157224,0.000440530565494405,0.00200916242706036,1
"20598",0.988185961551533,0.000113015448535708,0.0116884857691902,6.4294107538872e-06,6.10781998756352e-06,1
"20600",0.0758842541840227,0.678716003644391,0.244095438541087,0.00130304596848614,1.25766201303357e-06,2
"20603",0.000533752938872136,0.00243712704637286,0.993701749907194,0.0032967010588346,3.06690487263921e-05,3
"20605",0.999087383703479,0.000465378188660813,0.000434092772835907,2.31648873859964e-08,1.31221701365378e-05,1
"20607",0.998488731922456,1.37146282361822e-05,0.0014335716116092,4.9317017727954e-07,6.34886675217049e-05,1
"20609",0.980408808313925,0.000123721643756531,0.0194155584065183,3.20930892927797e-05,1.98185465077992e-05,1
"20611",4.05334908023096e-05,2.37497479383021e-06,0.988784979857426,0.000314043643530094,0.0108580680334472,3
"20613",0.393965042714721,0.00295837003304013,0.602931069198137,1.27845650831686e-05,0.000132733489018458,3
"20615",0.23003439825624,0.0539991038584785,0.713689408949172,0.00227520182070237,1.88711540713917e-06,3
"20617",1.19089305316315e-06,3.69680722461174e-07,0.00232446966826767,0.997672492213701,1.47754425589071e-06,4
"20619",0.999932196093199,3.73888918160204e-05,2.51551890288433e-05,3.19299247609921e-06,2.0668334796584e-06,1
"20621",0.982496428235785,0.000408706560614963,0.0170012020441564,3.21464723838107e-05,6.1516687059958e-05,1
"20623",0.00180133285900113,3.0442997680191e-07,0.00859025458135973,0.98838507882892,0.00122302930074226,4
"20625",0.00104791257691008,0.0230904171469145,0.936389403810436,0.0394618312102396,1.04352554998193e-05,3
"20627",0.773551726317507,0.000519118638682222,0.225260244822193,4.41084654914581e-06,0.000664499375069543,1
"20629",0.78188646057049,0.00311793641321098,0.214215697741504,0.000766707877138873,1.31973976557932e-05,1
"20631",0.999849433356634,0.000127747971653762,1.50071894356006e-05,7.61881337581323e-06,1.92668900513504e-07,1
"20633",1.08569568122208e-07,1.21222220243412e-08,0.000355076765397303,0.999543848490939,0.000100954051873806,4
"20636",0.000882711368747696,8.7261565711153e-06,0.9144407042433,0.0247024299376619,0.0599654282937189,3
"20638",0.125964359151211,0.0693899702024696,0.802868220326696,0.000169545764980969,0.00160790455464252,3
"20640",0.918403061201604,0.0777329011451011,0.00386269626039127,1.73578794244605e-08,1.32403502382289e-06,1
"20645",0.995816885003213,0.00417962423938904,3.47284221225468e-06,2.68320649626447e-09,1.52319794747213e-08,1
"20647",5.36581249767249e-07,2.58707590770227e-07,6.61815199600003e-05,0.99993199533308,1.02785811901124e-06,4
"20649",0.965704043695147,0.0104241718516426,0.023858188218757,1.17923736512561e-05,1.80386080192427e-06,1
"20651",0.99693397065444,0.00301822871495514,8.53908188467384e-06,1.04073280712077e-05,2.88542206491368e-05,1
"20656",0.963997504933209,0.0343163877595619,0.00168091521704748,3.93974293531158e-06,1.25234724619777e-06,1
"20660",0.0575969253210336,0.933429334415503,0.00814110285706031,2.98885213969777e-06,0.000829648554263299,2
"20662",0.000394842582650155,3.06518006244386e-06,0.063264901780743,0.829312540249958,0.107024650206586,4
"20664",0.883651680409001,3.03372048176946e-05,0.011197741390455,0.0964460746129154,0.00867416638281048,1
"20666",0.000519311173379906,0.0433605253893023,0.955968177176865,7.91906203625513e-05,7.27956400897017e-05,3
"20668",8.53607174835037e-05,7.57835401056859e-07,0.522055833916573,0.477676908612096,0.000181138918446716,3
"20670",0.997899030144804,0.000328183175693236,0.000953875424344132,4.53802535264888e-06,0.000814373229805688,1
"20672",5.34352790456082e-05,2.41161191591917e-05,0.525954148239787,0.473952904321548,1.53960404600478e-05,3
"20674",0.910524045790877,0.000165036652062103,0.0889335663722513,0.000152761247298568,0.000224589937511085,1
"20676",1.18777440203137e-06,3.24817004223658e-07,0.059417024991536,0.00415626506861124,0.936425197348446,5
"20678",1.39055044733218e-06,4.51055647163952e-08,0.0361990311913418,0.0420472111340692,0.921752322018577,5
"20680",0.00147884659672725,3.07678389892722e-05,0.69599636841356,0.302478088707717,1.59284430055887e-05,3
"20682",0.00311058841835937,7.54866575996175e-06,0.846288136919407,0.000799299816896749,0.149794426179577,3
"20684",0.803643000041613,0.00430124425984442,0.0901431990619704,1.80606459084598e-05,0.101894495990664,1
"20686",5.41891635699815e-06,9.91310076704754e-07,0.0182850956744641,0.981705457657736,3.0364413666002e-06,4
"20688",4.21223101498041e-07,1.04374942339732e-08,0.00152171155146064,0.0495683254066545,0.948909531381289,5
"20690",0.0360810424543028,0.962013950950217,0.001902452390672,8.38794930241354e-08,2.47032531476099e-06,2
"20692",2.24300937996948e-07,1.25382014443484e-08,0.00100102373338918,0.978203855645776,0.0207948837816952,4
"20694",2.28884526822169e-05,1.96745258906208e-06,0.981986752685645,0.0176601346806438,0.00032825672843985,3
"20696",0.000655445439683489,2.24085811902096e-05,0.992417379521425,0.005905503662104,0.000999262795596911,3
"20698",0.884889029720028,0.00943550277031433,0.0959764399111724,0.00967441854582646,2.46090526587963e-05,1
"20700",0.995150380675007,0.000389359782115651,0.00118078606088905,0.0029313742680766,0.000348099213911397,1
"20702",0.094646157060077,0.905188165936773,0.00016535176904284,3.66662916777312e-08,2.88567815106392e-07,2
"20704",0.804220624581454,0.000400307147871026,0.195258020943202,3.7773680324638e-05,8.3273647148125e-05,1
"20706",0.171816006601552,0.00450175540319201,0.433037590821272,0.00942332953233713,0.381221317641647,3
"20708",8.6200359893476e-06,1.14236911122573e-07,0.0530888294347176,0.000420907117867278,0.946481529174515,5
"20710",0.537093190176846,0.398406399531931,0.0644976054830427,1.69654100940287e-06,1.10826717155896e-06,1
"20714",2.23856391284282e-05,5.68074533649275e-08,0.0108943350255225,0.989015264256465,6.79582714311304e-05,4
"20716",0.992510636821523,0.000124003718876366,0.00724804506504624,4.66749047417179e-07,0.000116847645506977,1
"20719",0.117906112656304,9.6216266965895e-05,0.0456157269698994,3.50542551825616e-05,0.836346889851648,5
"20721",0.999906917413445,8.50237056272279e-05,6.56869634233286e-06,1.37412849228998e-06,1.16056093068889e-07,1
"20723",0.146089811251632,0.0013647223237817,0.0183785729086481,0.000154511108026342,0.834012382407912,5
"20725",0.00161572037089887,0.000120700069294017,0.998117788213783,0.000107200311708155,3.85910343160443e-05,3
"20727",3.44935555888775e-06,0.000105772205259052,0.00516828576752058,0.994133585414992,0.000588907256669979,4
"20729",5.23722743266625e-05,3.5545738771517e-06,0.973693651291558,0.000214885258565722,0.0260355366016726,3
"20731",0.000458897527741404,0.000111429422246375,0.999193999864476,1.40047858861817e-05,0.000221668399649812,3
"20733",0.867997205348577,0.00399366312407852,0.127767446345369,1.3903938856971e-05,0.000227781243118064,1
"20735",0.335090269733171,0.014729971193483,0.650065574382776,8.00686767123511e-06,0.000106177822899527,3
"20737",4.6688610122443e-05,3.67280227449178e-07,0.716422034918513,0.041559192404368,0.241971716786769,3
"20739",1.70561230471143e-07,4.15416958226105e-08,0.000498695312371694,0.999444107963148,5.69846215541453e-05,4
"20741",0.0054528929921513,5.33873740733481e-05,0.960383022963292,0.0341035925209964,7.10414948709727e-06,3
"20743",0.00542007030827772,5.27939548447974e-05,0.975829565930992,0.000269797628813453,0.0184277721770721,3
"20745",0.999632720256192,0.000267992818829175,9.22251429271665e-05,2.04513124815094e-06,5.01665080372581e-06,1
"20747",5.95339715906751e-05,4.15328571671022e-06,0.972713563486048,0.000173319802216922,0.0270494294544277,3
"20749",2.61869391735571e-05,4.49646134879784e-06,0.987449329613627,0.000429720555125781,0.0120902664307246,3
"20751",2.28623766496361e-05,0.00192887966137858,0.997440219925809,0.000449257535240062,0.000158780500923133,3
"20753",9.56988402807208e-05,4.30209613995638e-06,0.99564325792579,0.00020507335112616,0.00405166778666263,3
"20755",7.18947459685508e-07,8.97846822247715e-09,0.000662397745507188,5.07015589019928e-05,0.999286172769663,5
"20757",0.00454501299634247,7.27306644543407e-07,0.00192719739002025,0.00767804388995097,0.985849018417042,5
"20759",0.999631508990775,2.60867623339873e-05,0.000127017727907525,0.000166905619644863,4.84808993387911e-05,1
"20761",0.021978458957267,6.43889583678472e-05,0.976391573903085,0.00151532302035419,5.02551609256299e-05,3
"20763",0.0639495254440757,0.000832247446396863,0.928697668725847,0.00632839702884215,0.000192161354838394,3
"20765",0.00201284960814018,4.42783822325132e-05,0.994547892547286,0.00338877470623065,6.20475611052013e-06,3
"20767",0.953284188643805,0.000358911230367227,0.0370024609246872,1.75643769306286e-06,0.00935268276344793,1
"20769",0.26048092355633,0.700345634724299,0.0339711587581379,7.34647473813747e-08,0.00520220949648583,2
"20771",0.0986012636180528,9.22806870540747e-06,0.693513283441201,0.201932902477268,0.0059433223947722,3
"20773",2.616747093696e-05,2.96390865883954e-07,0.000171213972444144,6.40641666902232e-06,0.999795915749084,5
"20775",0.00155149645827485,0.000173938231504846,0.997531098728673,6.92192883791385e-05,0.000674247293167889,3
"20777",0.0237332319769889,0.316851191915104,0.658683492378722,0.00042815541491654,0.00030392831426862,3
"20779",0.00081501257505902,5.35242045836917e-05,0.998872062309145,1.83844200199397e-05,0.000241016491192415,3
"20781",1.22701962034909e-05,0.968419906666632,0.00549611325109608,0.0200832848328207,0.00598842505324785,2
"20783",0.0200160173210803,1.39733134150781e-05,0.974674888524875,0.0028307639798958,0.00246435686073331,3
"20785",2.34995755753514e-06,6.61297678286077e-08,0.000137228087576913,0.000755616673930906,0.999104739151167,5
"20787",0.00027158693939237,3.41510761609332e-07,0.966097135502686,0.0183277377788442,0.0153031982683153,3
"20789",0.385949814757107,0.000989350901991143,0.606055329535927,1.07754381222224e-05,0.00699472936685267,3
"20791",1.03283547700156e-05,9.11001682502814e-07,0.942252730104961,0.0566590484054372,0.00107698213314958,3
"20793",0.294918310663409,0.000687088111867219,0.702846465294277,4.94353520306313e-06,0.00154319239524327,3
"20795",0.000188019231779319,2.27161666407679e-06,0.816776703894593,0.182340764651337,0.000692240605625716,3
"20797",5.67310591402036e-07,0.00231763574804372,0.00123081028554026,0.996439657799247,1.13288565777035e-05,4
"20800",9.45724495215353e-05,2.11568740392999e-05,0.997639017341651,0.00222654120575387,1.87121290346066e-05,3
"20802",0.00619807894296187,4.32302445800387e-05,0.992127742669336,0.00160324368723543,2.77044558866495e-05,3
"20804",3.17110089033684e-05,6.00031199167966e-07,0.848549174419698,0.00323125671314163,0.148187257827058,3
"20806",8.58041858712516e-06,6.69764731393362e-07,0.725793023303683,0.272665714411547,0.00153201210145098,3
"20808",0.98622018376911,5.37306846048101e-05,0.0134581037830372,1.49553712387982e-07,0.000267832209535634,1
"20810",0.000858589647243278,1.81190528801233e-05,0.550759629600682,0.446546031410376,0.00181763028881894,3
"20812",0.00317132435674409,0.00444800400090649,0.9872326185458,0.00514256626235356,5.48683419597778e-06,3
"20814",2.62478774618463e-06,7.98175500632938e-08,0.104899553366728,0.154983680192897,0.740114061835078,5
"20816",0.133621784158819,0.00188612334861088,0.00382160275903751,3.50766490370648e-07,0.860670138967042,5
"20818",0.00676808882177514,0.000106305207776953,0.990317242552496,0.00266739552282338,0.000140967895128893,3
"20820",2.73762232472539e-07,1.26935363582424e-07,0.000162989017232627,0.999824620840982,1.19894441895293e-05,4
"20822",0.00345415838072379,1.44852545257102e-05,0.995336905769673,0.00117117669940763,2.32738956702696e-05,3
"20824",7.02544900216911e-07,2.8829977922259e-08,7.05499847897278e-05,0.000147517237775797,0.999781201402556,5
"20826",1.66240415680327e-06,4.54880521994688e-07,0.00443912615081399,0.995556943843143,1.81272136466604e-06,4
"20828",5.00729845774754e-07,2.20439380625849e-07,6.21638738041171e-05,0.999936193168113,9.21788856302152e-07,4
"20830",4.43945417435962e-05,6.59712027186953e-06,0.983305403129398,0.000431398392515461,0.0162122068160712,3
"20832",0.333543357981801,0.00021126549419031,0.619971070023066,0.0460759176070876,0.000198388893855438,3
