"","V1","V2","V3","V4","V5","V6","V7","best$classification"
"19811",0.0253995972015255,3.01927680813257e-42,4.58883167789753e-14,1.22762190056106e-223,0.00306654130106779,0.971533861146443,3.50917654724597e-10,6
"19813",0.960582053568172,2.41989005635075e-75,3.94018818370365e-52,4.00459787788368e-142,1.43808134009718e-14,9.10295451999324e-08,0.0394178554022681,1
"19815",0.0382572689705607,5.89748272211166e-50,0.00146949972168967,2.02481805309369e-187,0.642176478352498,0.318096752955251,9.48226973965447e-25,5
"19817",0.00319036468307879,1.11581621046873e-31,5.40593045424477e-05,3.66081859834971e-21,0.0722806768646136,0.924474899147765,2.2922972825415e-16,6
"19819",0.52043399952875,7.67512678713588e-48,3.83169028569375e-08,0,0.479565962154347,5.36552522377348e-36,5.3727345355353e-43,1
"19821",0.504941059061938,4.59033334789274e-30,7.3297729868266e-09,0,0.472583207027765,0.0224757265805079,1.64602497350399e-14,1
"19823",0.995350443672533,4.64380022188193e-48,4.33794302638864e-23,0,8.05363034071122e-05,0.0045690200240596,4.67822170977332e-33,1
"19825",0.999999990460778,1.59197497410738e-29,1.58320455765578e-35,0,9.53922201323761e-09,4.18744783039123e-33,1.3088391650534e-50,1
"19827",0.0118447726292818,1.32489249109769e-10,1.38773504976385e-10,7.62933977752806e-48,0.0127132212687737,0.975442005830682,3.91013774934068e-19,6
"19829",0.0567607553383524,5.1860694510028e-17,0.000591246463440095,1.03062053964093e-288,0.942647998198207,4.22033811339869e-23,2.96513070219397e-29,5
"19831",0.977013685757428,2.07381100651251e-63,2.04215750688395e-14,0,0.0229863142425515,3.7908898657125e-33,1.34943006866932e-47,1
"19833",1,8.1180365148237e-49,4.17655808811208e-124,0,1.45045394306147e-40,5.70004994189041e-37,4.70790147309701e-52,1
"19835",0.504941059061938,4.59033334789274e-30,7.3297729868266e-09,0,0.472583207027765,0.0224757265805079,1.64602497350399e-14,1
"19837",0.0064851690666552,3.94527805742607e-17,0.000351982902935273,2.69361909866064e-77,0.160224325259445,0.83293852277096,4.84998936520021e-15,6
"19839",0.616655652970945,1.86222379908874e-29,8.03765309375699e-08,0,0.383344266652524,7.96282337035595e-26,2.90371683099804e-34,1
"19841",0.996093364784707,0.00341964176516359,8.71577699190453e-47,5.12045648424241e-133,5.89909348395665e-13,3.03504572503371e-13,0.000486993449235773,1
"19843",0.998464111255993,5.18865531227183e-82,2.71964369371801e-18,0,0.00153588874400703,4.01658718828913e-39,6.67208963238459e-26,1
"19845",0.049044254964452,3.34255741951987e-64,5.98387948618344e-37,3.1254629337841e-10,3.39048843866434e-10,0.397939862432776,0.553015881951177,7
"19847",0.325940995425801,1.09895634545691e-66,4.53238864176906e-07,0,0.673300297208306,0.000758254127028678,4.82907413116118e-18,5
"19849",0.000351344718536228,4.24109213709115e-74,8.55250705367409e-63,1.49772480945867e-62,1.82875816564891e-20,4.17712822390343e-08,0.999648613510182,7
"19851",1.63107879383398e-06,3.25728191210891e-49,6.6440924652168e-12,0.997104211486523,6.44729896016998e-06,0.00288771012907886,3.55750449389862e-19,4
"19853",0.727264629309916,1.84948417400886e-48,1.92880752505014e-52,0.000310102367228773,1.68974529355986e-14,0.272424878305199,3.90017639312595e-07,1
"19855",0.0527654758388363,3.08232908339652e-30,1.1079701316548e-21,9.19177785893864e-87,5.72607848091977e-05,0.947177263373682,2.67235427681983e-12,6
"19857",0.0911616100043046,2.84068277540334e-28,1.98723259011652e-05,1.50535647193643e-201,0.907218218136644,0.00160029953314973,3.96541170443843e-19,5
"19859",0.104351589128535,9.80679442553977e-26,1.71134557619243e-05,2.83546398751102e-101,0.814121999023018,0.0815092983926862,2.14435699023961e-19,5
"19861",0.00221145041242803,6.61958395345173e-60,1.72693286172165e-20,2.55981591378539e-47,6.29040166667701e-06,0.997782096237024,1.62948881537152e-07,6
"19863",0.426024268372068,1.58678375613852e-29,1.11613133466586e-82,4.57735940529535e-133,1.54554453050553e-25,8.02781397517029e-11,0.573975731547654,7
"19865",0.000273203572265013,0.992084551466971,2.59499241993302e-21,7.6078969574511e-27,4.38566994493829e-07,0.0076333044835726,8.50191019706451e-06,2
"19867",0.0558624571227329,1.75995661746551e-70,1.09576595681421e-09,4.67080461756079e-123,0.0586440880767218,0.885493453704768,1.18578836511382e-14,6
"19869",0.000155108004908977,1.48323038776317e-53,7.14838684030006e-50,0.114999072732366,2.85751279825543e-16,0.000454324631542999,0.884391494631182,7
"19871",0.0290769017122045,9.14832808585819e-17,0.00088823534268061,2.05246017823122e-83,0.81052173580616,0.159513127138955,5.33034141960029e-20,5
"19874",0.00703632815293886,2.37398501787771e-08,1.73820178409647e-17,1.15755955473779e-32,5.18008647460011e-05,0.992911847005002,2.3746278429657e-10,6
"19876",5.44007298426439e-07,4.97047404925489e-16,4.68043717468845e-24,0.999460104159939,2.02886290694408e-09,0.000539349368259368,4.35639580518274e-10,4
"19878",0.447022149716659,3.71862428189352e-49,5.72069342974751e-08,0,0.552977793076406,2.43216840318768e-17,5.92367811319407e-35,5
"19880",0.000858439850257946,0.89258384246777,7.24402213699464e-39,0.0531707872049178,5.17763622710145e-12,0.0223180246562304,0.0310689058156464,2
"19882",0.781587613271924,1.85477125398094e-49,7.01124482701685e-30,5.20358524748103e-78,6.29066766144909e-07,0.218411380770522,3.76890787166167e-07,1
"19885",0.0076471571956451,3.6165985627635e-30,0.768303842792262,1.86225023553228e-30,0.108945995023303,0.115103004988789,1.11306613230668e-15,3
"19907",0.233249224062426,5.08141627231401e-66,1.85502360850614e-15,1.23442808442691e-79,0.00557329481814356,0.761177481113375,6.05393852873917e-12,6
"19909",0.0267228416560111,1.8452212924199e-50,0.0511802089900564,0,0.922096949353933,2.62752783285359e-19,7.94295571001677e-21,5
"19911",0.132801850939131,2.10357979008885e-28,2.47842689110143e-06,0,0.867195670633978,1.36519185720131e-20,9.98658547867347e-42,5
"19913",1.43077288334841e-05,0.999404641601303,5.72039709521886e-51,3.2009050189662e-99,9.12189461193119e-18,2.46920384219933e-09,0.000581048200659968,2
"19915",2.99767278088002e-05,3.83305766332404e-11,1.36079299514872e-15,0.92417876394836,7.65829004135205e-06,0.075783600995197,2.61611985890498e-13,4
"19917",0.918653082210164,0.00228314944622045,1.33991675392803e-13,0,0.0314442711553035,0.0476194971881727,5.60741261075647e-15,1
"19919",0.00699649375392619,1.90444530890204e-13,3.63930412589023e-06,6.79681262914813e-80,0.0586102200180313,0.934389646923722,4.52420128168806e-15,6
"19921",0.00102391329798423,5.29106865177364e-56,6.99553138476428e-07,3.15792894227481e-14,0.0119480664667447,0.987027320682015,8.57812739780664e-14,6
"19923",0.572613923585758,5.63175129332951e-71,2.51585744870611e-08,6.18249967313452e-186,0.427385945103673,1.06151994949026e-07,2.90343273913122e-29,1
"19925",0.00419299564908848,0.000381376551318552,3.86672509117555e-15,1.16303893386399e-46,0.000302965462198974,0.995122662257297,8.00937645188624e-11,6
"19927",0.00203029577918378,1.67991364637388e-38,3.07014359059238e-08,1.09770362479386e-128,0.014206936548297,0.983762736971079,4.91508756293888e-15,6
"19929",0.000515220748261689,3.62161491411021e-16,4.5279840677511e-80,2.25267269218334e-128,1.14357003366809e-26,1.95947281310128e-10,0.999484779055791,7
"19931",0.00350761227804931,4.61946695436396e-29,0.000346649010469693,1.65492134061405e-25,0.0442363834759186,0.951909355235562,7.7550748159689e-22,6
"19933",0.00812467429361503,7.80990943708439e-30,0.793733732675857,1.83166848582155e-76,0.198141592814779,2.15748743174532e-10,6.0168057391948e-27,3
"19935",0.098217790762191,4.92579909159481e-36,0.13675261330003,8.02849976210924e-84,0.764946857900049,8.27380377305449e-05,1.11667417080346e-17,5
"19937",4.41885914463005e-05,3.29882559650965e-52,1.25193831112546e-08,0.987165913614531,0.000440000070513288,0.0123498852041265,1.14812962326219e-22,4
"19939",0.0704531140577296,2.37223891689187e-30,0.000173737336689959,3.26603070214263e-75,0.805742977219437,0.123630171386144,2.36837307416561e-22,5
"19941",0.543191494765972,5.95161922334365e-22,6.57415559399038e-09,0,0.456808498659872,4.39958133160305e-22,1.2700324676955e-30,1
"19943",3.78687458002522e-05,0.999424250388399,5.35058544242269e-32,4.10351462428906e-23,4.36656040228744e-11,0.000537598489456319,2.8233267884834e-07,2
"19945",0.00989172775546979,1.46179944268699e-40,0.92424485833872,0,0.0658634139057866,2.33718076253508e-14,4.25994534413382e-38,3
"19947",0.999986395525368,6.74602884653647e-14,2.34343253884068e-27,2.05646870563807e-186,1.36044745640815e-05,8.64913533957041e-17,2.49118696682297e-36,1
"19949",0.107959200588793,5.95270137324953e-58,0.0125249218589913,1.78404080533798e-147,0.879515875092599,2.45961673850452e-09,3.85286086267613e-33,5
"19951",0.320505024750178,2.02635986985856e-09,4.66792953639413e-07,0,0.667927241218867,0.0115672652116416,1.81474009845067e-18,5
"19953",0.996645357631281,1.10626005983491e-76,3.50024475056843e-17,2.03501757559674e-269,0.00335464236871933,2.51605550642268e-23,3.91874774805589e-45,1
"19955",0.579733023909228,9.04718052727996e-66,8.17310620602604e-08,0,0.42026689435971,1.04979220661575e-26,8.69543900280451e-48,1
"19957",0.99993328493402,2.8258847296821e-14,6.82251288205254e-24,0,6.39880027477055e-05,2.72706320353426e-06,5.09820161490943e-30,1
"19960",0.0668384809138622,1.00810912238995e-32,8.59112719199641e-06,3.42661169429321e-186,0.933152927958946,1.4613256376361e-25,2.58966141175222e-35,5
"19963",1,1.95748343931983e-18,3.39664943532363e-92,0,8.05587456604346e-29,3.34776030067096e-23,4.40782784831822e-37,1
"19965",0.123270305596956,1.33579753427005e-75,0.00034313368626912,0,0.876386560716775,1.71198005734141e-36,1.07512223453103e-42,5
"19968",0.999378393085798,1.01512724635295e-18,2.68416670695306e-19,0,0.00061214788648066,1.89024138302888e-07,9.27000358253123e-06,1
"19971",0.999999938433468,6.15665318300961e-08,5.32934570791117e-60,0,1.26441528574741e-17,1.90085261218487e-23,1.36366939348546e-17,1
"19973",0.000659892432462007,7.47605293257858e-25,2.26682168424009e-05,1.60313426049326e-40,0.0158102692837745,0.98350717006184,5.08076709081203e-12,6
"19975",0.0247070857098951,0.0024526405511462,1.99091050262752e-11,1.24900214264296e-52,0.00704584804721738,0.96578298551448,1.14401573521426e-05,6
"19977",0.999999999994004,1.88615495771477e-16,5.77966907639119e-48,2.79912096098632e-175,1.37315345454152e-13,5.55223308951021e-12,3.0620623348689e-13,1
"19979",0.0315167106796456,3.59178682447956e-31,0.096869831006122,1.39215160048526e-147,0.871613458314232,3.55187959906537e-44,2.45013098459464e-25,5
"19981",0.0326666960624314,2.85001083994699e-40,0.00623564736429827,0,0.960902407881299,0.000195248691971702,1.1140316628526e-20,5
"19983",0.0252874655517451,1.9896403736562e-51,0.00703941926755058,1.4281584636507e-109,0.967569447406373,0.000103667774331116,1.45211097162676e-27,5
"19985",0.00261076855392281,1.55956472654024e-06,1.49142908250123e-18,2.9825532640013e-32,3.00544551142406e-05,0.997357476674434,1.40751802676627e-07,6
"19987",0.036166303391356,6.60781592451299e-21,0.0756713315120398,0,0.888154595502876,7.7695937278121e-06,1.60815756402844e-23,5
"19989",0.0342503569021397,4.19277569455795e-59,0.248143134387272,4.29888417022362e-109,0.717606508710588,5.87857118425142e-36,2.75453514389071e-36,5
"19993",0.0322638818454572,6.88380355874534e-22,0.583696678073961,1.06514612347824e-118,0.384039437932234,2.14834831295475e-09,1.43426439956788e-27,3
"19995",0.0540759839411422,2.46711878280718e-28,0.306629107546663,3.7425806178123e-202,0.63929490850966,2.53526925294437e-12,3.40944824765544e-27,5
"19997",0.00505738641570753,1.03382353636311e-23,3.69740926457692e-09,4.09122372340127e-125,0.0158686446611151,0.979073965225768,1.18536788396868e-16,6
"19999",0.000419966665694042,4.46855838998512e-20,4.35793134766487e-17,0.000211323493340613,1.75799139335818e-05,0.99934936636842,1.76355861198785e-06,6
"20002",1,1.35149045471269e-23,3.42946762628316e-73,0,8.37537406924328e-22,1.88637100642555e-19,9.21427102491172e-19,1
"20004",0.0583848015728448,1.58985668565361e-32,0.000366076522074766,0,0.94124912190508,4.58875763820775e-16,7.40806954503067e-27,5
"20006",0.925816028014846,7.88084104697266e-42,1.32577029530291e-14,0,0.0741839719851408,1.02553194773726e-23,3.5993975144777e-57,1
"20008",0.788793303589964,4.53274502109736e-45,2.03216704760979e-11,0,0.211206696389715,2.56591847635769e-23,3.25676506235502e-54,1
"20010",0.0519033576254659,8.85807083568017e-51,0.705009636728277,2.84407602134703e-247,0.243087005646258,6.47685688339694e-17,4.90467165132223e-37,3
"20012",0.988287191606469,6.57598488710876e-16,1.39068375642007e-22,1.98921662959005e-227,0.000122274224898846,0.0115905341668099,1.821314891249e-12,1
"20015",0.0175783453968982,1.38184266934207e-51,0.843702219301345,5.06146361346097e-111,0.138719435301757,1.13651970043259e-37,2.52196904375485e-20,3
"20017",0.00421196240506428,5.19638855775442e-25,7.7530851211929e-15,4.81314117944823e-27,0.000781054989228658,0.995006972873929,9.73177031811662e-09,6
"20019",0.0525995208921954,9.42637671689885e-50,0.00337635224602685,0,0.944024126861778,3.09491426605086e-53,2.72711004794536e-35,5
"20022",0.0060210792456725,1.48012429110264e-46,0.974888948035945,4.33925454763248e-238,0.0190899727183825,8.35033224071238e-21,2.49504899376753e-34,3
"20024",0.999997091252935,5.56262213330955e-72,4.16396237614021e-27,0,2.90874706503001e-06,9.37183310333806e-48,2.36126100149958e-50,1
"20026",0.999997091252935,5.56262213330955e-72,4.16396237614021e-27,0,2.90874706503001e-06,9.37183310333806e-48,2.36126100149958e-50,1
"20028",0.00191121205790818,1.86794393660434e-15,4.46325917635034e-18,7.81753843219613e-13,5.03488282585858e-05,0.998038439112629,4.20376482647352e-13,6
"20030",0.105149448292119,1.04195775691703e-30,0.00164243431424068,8.18127818165051e-314,0.893208117393641,2.90198103439918e-33,2.8337318433702e-20,5
"20033",0.101993744690016,2.14762925319691e-13,2.60005219838556e-05,0,0.860593310404559,0.0373869443832263,4.64699753454168e-17,5
"20035",0.0646214036406732,4.94151556978335e-53,0.000461901377889488,0,0.934916694981437,2.83619988677865e-50,1.5898995295011e-37,5
"20037",0.0371644262693164,5.21793398707588e-69,0.0869197420285224,0,0.875915831702161,1.53379132580836e-47,8.06164700868011e-31,5
"20039",1,4.78067633967644e-84,1.31263734421092e-58,6.24059799424632e-229,4.17318332925327e-17,4.04377522731639e-36,3.71747878880561e-41,1
"20041",0.180921824829601,5.74999990717433e-42,2.4632005071209e-08,0,0.81907815053775,6.44174366460996e-13,6.57952000382084e-53,5
"20044",0.793970931500617,2.9274367329841e-35,1.40205865241666e-12,0,0.206029068497825,1.55584537797983e-13,6.74757185284078e-47,1
"20047",0.382266711833895,2.4881159673113e-39,1.94830451344042e-07,0,0.617733093335653,1.36630485896966e-56,2.97043821063506e-31,5
"20050",0.48481797719159,1.65490304006707e-43,3.83981897454068e-07,2.29121594949966e-155,0.515181638826508,4.13443458849115e-15,2.08106292578963e-39,5
"20052",0.0656556775443765,6.84223092355278e-21,0.0314382299723136,0,0.902281595710213,0.000624496773096526,2.97759028762322e-27,5
"20054",0.0337089106759307,5.27991272126829e-38,0.692356449777133,7.95081349244424e-208,0.273934639546937,8.77058151340701e-27,1.5961793354451e-20,3
"20056",0.974278590102877,0.025393447415885,1.03705622564554e-20,1.38724390969369e-248,0.000323270819996529,4.69166124148674e-06,3.1104333099226e-18,1
"20058",0.0362298491438333,2.54025338461497e-69,0.348122981891269,1.90465528196126e-205,0.615647168964898,6.37819248462855e-37,5.33095294644257e-30,5
"20060",0.0484492261817413,1.53310473293409e-40,0.000238269898795527,0,0.944468206780348,0.00684429713911492,6.72455904080375e-27,5
"20062",0.0296880309571492,3.69335698076363e-40,0.423560681828118,0,0.544443125482896,0.00230816173183636,3.75520311520803e-22,5
"20064",0.00294702241403058,1.97794953646558e-27,0.989613893877597,4.6995411212638e-154,0.00743908370837123,1.05842958886026e-15,1.45605446550827e-24,3
"20066",0.158656487235472,8.631165407394e-33,3.32194061878404e-06,7.19258829587664e-185,0.841340190823909,1.37459632757645e-43,5.44075200332609e-25,5
"20068",0.00738541179547685,3.36341737128608e-50,4.78798494367281e-09,1.75140344009446e-116,0.0247895397216525,0.967825043694166,7.19487090735073e-13,6
"20070",0.506281357117489,2.01104426112456e-51,1.81614279388419e-11,0,0.133512190234997,0.360206452629353,8.44602086254335e-26,1
"20072",0.279298107033384,5.26658779225868e-81,3.83670224149067e-06,0,0.720698056264375,4.99926050905982e-30,6.63565574035286e-23,5
"20074",0.00351064870958479,0.000165263141292645,1.55438629125604e-66,4.37424989189441e-43,2.51816627525344e-21,8.04896546030672e-08,0.996324007659468,7
"20076",0.992086793353846,3.3927278714727e-19,5.0271825799132e-16,0,0.00791317994541624,2.67004151220094e-08,3.22622852417049e-13,1
"20078",0.0294981224237565,7.98883020930623e-41,0.22018687031843,0,0.750315007257813,1.31723271957877e-19,5.00970924774621e-50,5
"20080",0.00663568349155512,7.51068749876962e-44,0.875468422715881,1.55059832491288e-138,0.117895893792564,3.63861070521257e-43,8.11034407471511e-31,3
"20082",0.999998965479306,1.48706746483541e-58,1.04742631852096e-27,3.9473922283785e-220,1.03452069391301e-06,2.51117883294999e-27,1.26665388845855e-40,1
"20084",0.176999095237425,6.13128844291102e-23,1.43752158331235e-05,0,0.822986529546742,1.25649872007123e-20,5.99022679889608e-41,5
"20087",0.0407704560698359,1.17633907181461e-64,0.288150840793551,0,0.671078703136613,4.95971065546994e-19,1.14876012977326e-41,5
"20090",0.0625485589188055,2.08686729594842e-46,0.0846480762878204,1.82697054384717e-137,0.852803364793374,3.82082043581913e-35,3.01016712692639e-35,5
"20092",0.999998674659717,3.79637353203695e-96,2.86990592861131e-28,0,1.32534026874873e-06,1.38601279840034e-14,6.82936936371466e-44,1
"20096",0.99958705725352,4.0899350467589e-44,6.18968621798947e-21,0,0.000412942743910391,2.56947449392427e-12,5.23642825560916e-58,1
"20098",0.0344897160593361,2.66781048148077e-12,5.72422068111449e-07,7.21979938249693e-301,0.188774828330175,0.776734883185753,1.06635264373761e-16,6
"20101",0.0547290758328127,1.2892801947413e-25,0.118105594776189,0,0.827165329390999,5.85971149542451e-33,3.46626916609386e-34,5
"20104",0.999999999972489,9.29502538379947e-61,3.74672878820661e-73,0,8.0128401838676e-22,2.75109231173805e-11,7.92753397980723e-26,1
"20106",0.00336132890180159,1.37715929125639e-24,0.99051886079354,2.50078108511291e-76,0.00611981030465823,1.75238449928232e-24,2.51420750862821e-23,3
"20108",0.0110240821996625,9.49522681145462e-22,3.66812449260434e-07,4.44430768664455e-79,0.0947010743529602,0.894274476634928,1.14808760380723e-17,6
"20110",0.994636893434052,7.4126206167081e-26,1.72623097667513e-16,3.50267938548315e-297,0.00536016542663332,2.94113931442703e-06,9.96673457094201e-38,1
"20112",0.0478700393556519,6.29464875677372e-41,0.36627411073244,0,0.585855849911909,2.28754953258026e-20,5.1158017775404e-42,5
"20114",0.0936792426467609,3.55284282181085e-18,0.000180705461086654,3.38389805952922e-217,0.906140051892133,1.93340561508862e-14,1.9820132237189e-26,5
"20116",0.0880201115412361,6.17251527147973e-17,0.0231370824529786,2.31074502559951e-320,0.888842806005785,2.31772527778004e-19,1.24841109287883e-16,5
"20118",0.033986256066985,6.94746041016957e-17,0.136971621457097,0,0.828991478225006,5.06442509121457e-05,7.77047255511257e-21,5
"20120",0.0874123027604543,2.01685573193941e-27,0.128346263858391,0,0.784241433381154,1.04225275426047e-19,3.87632743084097e-32,5
"20122",0.020307873522919,0.974546985831885,1.90969498769569e-24,1.88902871104804e-65,1.60120987812483e-06,0.00513690595145821,6.63348385986324e-06,2
"20124",0.0807270905614261,6.93037919956109e-72,0.00263773124618122,0,0.916635178192393,5.8223604625459e-43,1.85543159837827e-48,5
"20126",1,5.02007498411324e-60,4.44915915071672e-59,0,1.40308006754004e-16,4.6308502654691e-41,2.39783704469601e-63,1
"20128",0.999999994325441,2.4444002352447e-66,1.66000191107271e-35,0,5.67455895584642e-09,1.93824416096802e-63,4.11686653540089e-46,1
"20141",0.999096807675661,2.54722264458032e-27,1.37894721593015e-44,2.41268853515766e-221,1.17197296910624e-11,0.000903192312619371,1.31480303140403e-24,1
"20143",2.50424688711051e-05,0.726584154872347,2.46331077767345e-60,1.87438955549276e-22,1.01623595298075e-20,4.30746026340517e-08,0.273390759584179,2
"20145",0.00595500707529853,4.14529326574735e-39,0.981022418722543,3.88171023748987e-84,0.0130225742021584,3.395555565311e-18,1.96361437236176e-30,3
"20147",0.00262927142675774,1.43770613915484e-35,0.992524300469371,0,0.00484642810387141,1.04549187360666e-23,4.4530582968312e-30,3
"20149",0.0321625254627916,0.961395793250554,1.76388117923543e-34,0,1.26180101254743e-09,0.00644140006222307,2.79962630093737e-07,2
"20151",0.00228756648858944,3.00328089286966e-14,1.6665442889208e-05,1.27145520219815e-26,0.0386457088614639,0.959050059207027,2.44322139938133e-17,6
"20153",0.236093746127834,5.71057990871037e-13,1.52860981110537e-13,8.76579976312962e-14,0.00887146574308197,0.755034788128272,1.36271793284763e-21,6
"20155",0.00530685722070325,8.89477329911541e-43,0.938577035966,0,0.0561161068132969,6.36043216159031e-30,1.22548506001785e-37,3
"20157",0.509808084840331,7.56074300906303e-11,4.26180002776722e-11,0,0.160622517348966,0.329569397692477,4.62162706882389e-21,1
"20160",8.63308341511945e-06,0.997801302830237,1.39184492736876e-50,6.3382227317187e-47,1.41059219632681e-17,7.83530158817308e-08,0.00218998573333181,2
"20162",0.000203723347819167,0.21453725744654,1.03466352489792e-33,0.757175397346678,9.09800071398862e-11,0.027578227491183,0.000505394276800132,4
"20164",0.960103579711466,2.34341205521329e-08,1.44468816377777e-17,6.78018749231838e-189,0.00317335919240977,0.0367230376620037,5.52857955791471e-17,1
"20166",0.899986771235146,3.30273773382372e-31,2.62035912784525e-11,1.11757286799029e-159,0.10001322873837,2.80245297001339e-35,2.80659879051686e-13,1
"20168",0.999999985194959,2.14615677358752e-46,1.88904141745746e-51,1.27770774958216e-176,1.01696048527887e-14,2.78889975221116e-28,1.48050307375188e-08,1
"20170",0.00121351325753759,5.01651753715713e-11,2.88077831252697e-10,6.44181942344936e-77,0.00150643491877835,0.997280051485425,1.6007613694677e-14,6
"20172",0.00221179041812129,2.71175473907408e-60,0.987917421176003,4.80833713299085e-71,0.00987078840587578,2.94477925440098e-21,3.65993941926737e-28,3
"20174",0.0478518036655446,2.01296242742359e-21,2.18730207162535e-28,8.42955015574562e-49,3.10253912683316e-07,0.949696794972126,0.00245109110841678,6
"20176",0.99999999964988,3.13645575945711e-65,6.2393718448427e-39,0,3.50120246316297e-10,5.07865028579019e-21,4.2984010745608e-23,1
"20178",3.09461798843778e-06,0.998364480396454,3.70907476240911e-54,2.46442832786091e-27,2.94142223217641e-19,4.39732713020015e-09,0.00163242058823097,2
"20181",0.111442055438037,8.28239970941458e-16,0.000960019005801552,3.99712483509475e-184,0.88759792555616,8.45686959839302e-31,9.75151200540274e-16,5
"20183",0.0470075717464772,1.30153786919441e-55,0.00104976580538594,2.38846144851165e-133,0.840978722503981,0.110963939944156,5.45297520113551e-23,5
"20186",0.687509886666922,9.35934954572387e-89,1.3239952291101e-09,3.4676467562049e-64,0.286101697010755,0.0263884149983258,2.3495632426653e-15,1
"20188",0.000146315425532373,0.99974574669606,2.42063185102508e-41,6.87956375056784e-46,1.76677285948126e-13,0.000106451816592048,1.48606163921107e-06,2
"20190",0.00301383869965576,2.00708853447816e-42,0.945619031849928,2.86886859989074e-108,0.0513671294504161,1.45602246959514e-36,1.42816065554242e-24,3
"20193",0.999999999996217,9.66402371731481e-16,1.16662580343171e-44,0,3.78185010662103e-12,1.22789689435324e-21,7.83120896976933e-21,1
"20195",0.280138407296932,7.28924883419071e-08,1.53003427879294e-06,0,0.715671197313037,0.00418879246326442,2.08375290592272e-20,5
"20197",0.00388621462045618,5.02905106956233e-57,0.990232721230063,0,0.00588106414948069,9.84642021187833e-25,1.36671318067563e-33,3
"20199",0.00455329416508296,2.44183459376257e-05,1.07935083107363e-21,2.40119315633397e-46,3.59200505097945e-06,0.995418695279459,2.04469882903472e-10,6
"20205",0.999999999326888,1.06605097853683e-74,1.68911874479263e-37,0,6.73111498205803e-10,4.11599101237892e-21,9.99613799113023e-47,1
"20208",0.0563228553411902,1.34677765583554e-24,0.00210916379236258,0,0.940033291133332,0.00153468973311483,3.80344800643813e-25,5
"20210",0.00247978262578092,0.159455386918218,2.63549916872586e-25,1.54884112332063e-14,2.35094399696054e-07,0.838056515041713,8.08031987249987e-06,6
"20212",0.52835697948683,9.13469844687381e-07,9.54954780096105e-11,0,0.120568362917956,0.351073744029873,1.12979783027135e-16,1
"20216",0.00589498175420107,2.11295487849912e-32,0.850822365517871,0,0.143282652727928,6.83799783067482e-25,1.75076401221772e-30,3
"20219",0.296980508924394,5.80894063847263e-44,1.94685669993367e-06,0,0.703017544218906,4.28706521966873e-20,6.43882243112264e-54,5
"20223",0.998404030646705,1.00021429056464e-89,1.09889915722403e-17,0,0.00159596935329485,7.97346586028444e-46,6.18898558760117e-19,1
"20226",0.0685630854838589,2.56822525193836e-33,0.0178738162779874,6.67651235241792e-136,0.913562440131443,6.58106711053898e-07,8.46337370118218e-29,5
"20230",0.0175285343164639,2.45796951758808e-50,0.35913645844564,0,0.623335007237896,3.39991114429659e-41,3.91416099266618e-32,5
"20233",0.999999999975788,2.46190754744739e-55,1.83027786733291e-87,0,4.80025990460094e-27,2.4211811375274e-11,2.42782005236104e-37,1
"20235",0.985775964831046,5.38927550877344e-93,4.24709721777152e-14,0,0.0142240351689113,2.61111541804291e-38,4.99597403830537e-45,1
"20239",0.240802920708115,4.05456969444587e-74,8.97814109949595e-06,0,0.759188101150785,2.40784974241777e-23,7.06010597792729e-39,5
"20254",0.999996241397971,3.71198784463564e-64,5.07940790505572e-26,4.10331836826462e-173,3.75860202876661e-06,1.11158612598944e-31,9.54835074076951e-40,1
"20256",0.01935358289779,1.85743993091933e-66,0.464706085758923,0,0.515940331343288,6.1882105324903e-35,8.45348692792925e-35,5
"20262",0.000673407713938798,2.62488374192078e-07,3.39548398067499e-10,3.25889826053581e-13,0.00146245136580087,0.99786387806104,3.09721182574259e-11,6
"20270",0.33889851930232,6.80337477682537e-32,1.26420903567054e-07,8.7851201087074e-180,0.661101354276777,1.92409602974254e-21,2.24964110289945e-37,5
"20284",0.927928422950252,1.81593903969181e-59,2.32706734138851e-12,0,0.0720676503762563,3.92667116467279e-06,2.45946358867328e-41,1
"20287",0.080365928822687,2.11772109852507e-63,0.00289875099659261,1.07886346472318e-169,0.91673532018072,1.81283666958574e-51,9.51151702060127e-26,5
"20290",0.999979325176942,3.0804810939587e-49,6.83186446806431e-24,0,2.067482213411e-05,9.24015927931489e-13,6.73141409162009e-40,1
"20293",0.00825668058328319,4.98266039282974e-47,0.804213347564789,0,0.187529971851925,2.55646744961828e-15,1.21061380841137e-30,3
"20296",0.387169297135184,3.55387624288974e-16,1.05314272240152e-06,2.04265480639484e-142,0.611340426920072,0.00148922255074522,2.51276264803004e-10,5
"20301",0.854513055676327,2.77688726927487e-28,8.79275750555517e-11,2.24976214047305e-309,0.145486944235745,1.01603935015928e-53,1.04267726274974e-24,1
"20304",0.999998600255766,1.74088462585768e-57,9.84786566102665e-28,4.67603656392995e-151,1.39974423399863e-06,1.36800531955801e-24,1.32463929220477e-38,1
"20306",0.0417161261698733,3.10895831331097e-68,0.00972699264298488,0,0.948556881187142,8.36773339277303e-39,1.99283409626791e-38,5
"20309",0.018677069904457,1.09888227309711e-43,0.623846101342964,0,0.357476828752364,2.15355775572319e-13,1.50322004993562e-40,3
"20311",0.041593742524793,1.61818983352654e-37,0.00169670852639869,0,0.956709548948808,6.99960351963715e-26,1.18729412557132e-51,5
"20314",0.0098450900207792,2.68288090110007e-17,0.0176651063905802,2.5344385671898e-45,0.235112924723533,0.737376878865107,3.06365639538791e-18,6
"20318",0.949624692735969,0.0503753057981497,7.14105972386983e-39,2.50079083626921e-298,4.534985693753e-10,1.01057941842952e-09,1.8030577796496e-12,1
"20320",0.971300693375327,1.94299005608971e-40,3.82096547520582e-14,4.58941586744798e-157,0.028327544822649,0.000371761801986234,1.7417080830654e-25,1
"20326",0.0553474044119176,3.9640401936992e-17,0.000630024893235594,0,0.920478275039847,0.0235442956550003,3.13373046787062e-23,5
"20328",0.0932852138419054,7.46318449906998e-56,3.79168328622361e-08,3.62050259758877e-48,0.0711989907565913,0.835515757484671,1.25081159069267e-21,6
"20330",0.121656167560661,1.53822411026134e-58,1.52624048427501e-05,0,0.878328570034496,4.62838092738122e-28,1.26136850457013e-55,5
"20336",0.958541044972839,2.25219124464173e-65,9.37551011767664e-13,2.4558765797015e-130,0.0414589295215193,2.55047044926587e-08,4.56288499663304e-35,1
"20338",0.999267221682979,6.16002524343099e-45,4.71918121130724e-19,0,0.000732778317020869,1.38647011012488e-22,6.48907255074547e-57,1
"20340",0.102587802335339,6.87739728552494e-56,0.00149377514637384,3.71473009567689e-160,0.895918422518287,3.49272692902795e-44,4.23141158961233e-27,5
"20342",1,2.32428099996692e-49,9.56097042865409e-87,0,1.4264434359213e-26,1.11294208891156e-30,1.26010793256856e-64,1
"20344",0.0214587721811234,1.01431564636557e-52,0.439070689546802,0,0.539470538272075,1.33398819989978e-25,1.94969033593963e-39,5
"20349",0.0177830986190047,2.66291820644464e-64,0.360485704693892,1.42844626314521e-270,0.621731196687103,5.87039208569505e-36,1.08179205079444e-30,5
"20351",0.0226179671446075,2.3902471273193e-32,0.000738793949519261,2.91096683280258e-190,0.976643238905873,4.32770887676181e-16,6.8016403072484e-44,5
"20353",0.103533249516231,1.52319488176132e-62,0.00550227717998812,0,0.890964473303781,6.0490603496993e-28,8.40452777170552e-43,5
"20357",0.999999802348365,1.07025034184505e-84,3.45401193412976e-30,6.8411694082667e-251,1.97651634892422e-07,2.88463981788706e-24,1.44779498641681e-42,1
"20360",0.999999999999988,2.56629978037588e-78,5.87552851430854e-52,0,1.15237201157124e-14,1.75187758719206e-33,1.18319680435563e-49,1
"20364",0.00547251364465138,7.57248321771446e-43,0.97955834902817,2.4681595687185e-83,0.0149691373271762,2.39351838093631e-15,1.37975878599603e-31,3
"20366",0.999999150422988,1.06535271429559e-52,5.0482570010113e-29,7.10798954097919e-256,8.48235250187502e-07,1.34176136573727e-09,3.58604393540496e-40,1
"20381",0.999999999955279,2.94432036882539e-35,1.23788671617219e-65,0,4.97447035517467e-19,4.47208096636269e-11,4.25289858631227e-22,1
"20391",0.99989209652705,1.17180179790035e-107,1.90726233694766e-21,4.11318625464458e-180,0.000107903472869344,8.03181450366739e-14,2.78124364681247e-17,1
"20394",0.231615987759131,4.15007266066794e-39,1.13187883548519e-07,4.12003708971199e-277,0.587667375805659,0.180716523247326,2.41328914728325e-19,5
"20396",0.0172129773677314,3.01024586070462e-34,5.15111933985904e-37,4.94091720846952e-06,1.9351405794908e-10,0.204639629903908,0.778142451617638,7
"20409",0.0679463864569601,1.98044366916305e-15,0.000336879748845448,9.68814710047757e-97,0.931716733773896,2.02969883728718e-11,1.72718323695244e-30,5
"20411",0.0926523730523592,7.31368311389491e-77,0.010175564765009,0,0.897172062182632,8.43807048704729e-29,1.61573435414299e-41,5
"20416",0.999999923372513,3.97860307524232e-80,1.15802368050922e-31,2.51344157048651e-206,7.66274871803606e-08,6.4548262739466e-52,7.82585238639899e-39,1
"20418",0.00014128824248112,1.57995938655258e-29,1.14216392478823e-44,0.952142587828228,2.48423748170688e-14,0.00108360773818942,0.0466325161910769,4
"20420",0.999999673308693,7.97760766440428e-48,5.19402666376181e-63,3.85714353547201e-90,4.70694813191308e-18,3.26691306548228e-07,6.28237812344787e-34,1
"20422",0.0327444124394948,1.01712955796967e-34,0.460933770856859,0,0.506321816703646,1.99714831876573e-31,5.27947666776753e-38,5
"20424",0.0550043771096653,5.80094447055607e-66,0.13130174758779,3.62027950769911e-264,0.813693875302545,3.68202553091941e-28,8.38862709080146e-41,5
"20426",1,2.89667742756256e-37,2.35297957445424e-88,1.65006152663314e-46,1.16950526708455e-27,4.11091996876851e-18,3.58783999193716e-30,1
"20428",0.0570344144318726,4.53414916075893e-56,0.382199610838732,0,0.560765974729395,1.36383078670623e-16,2.91035059597174e-28,5
"20431",0.253167176823348,3.57780252091253e-23,4.3113522349892e-06,0,0.746828128700951,3.83123466035977e-07,8.4542433574441e-35,5
"20433",0.804898276314929,2.92711181847886e-67,2.49028433430532e-09,0,0.195101721194787,3.58003325163707e-47,2.11826152718833e-25,1
"20436",0.999999984050951,8.8058232810123e-64,4.19381889248732e-34,0,1.59490488610324e-08,2.89018979529818e-29,2.53704449973779e-21,1
"20439",0.0367602919225427,1.23658854913694e-21,3.75952502396049e-30,3.30007145013301e-91,5.35342850432962e-08,0.960962229485921,0.00227742505725072,6
"20441",0.999997960044,6.32114338718263e-58,8.72914265016574e-28,0,2.03995600055089e-06,2.15832359787994e-18,2.3079766546029e-50,1
"20444",1.59744942579747e-06,0.998395694582209,8.97362275199196e-48,5.0532097670926e-12,3.69086353955529e-17,2.82516449996395e-06,0.00159988279881244,2
"20448",0.997929366297797,1.42161734562907e-25,6.52310196701433e-19,0,0.00207063212057087,1.58163184891848e-09,8.05629418059659e-39,1
"20536",0.0972079746842218,1.43441605354933e-68,1.4015531604274e-17,1.87723990957226e-39,0.000651384390772125,0.902077776055829,6.28648691766878e-05,6
"20538",0.990598680114792,2.97992030565599e-69,1.24186989388808e-15,4.46132664869153e-277,0.00940131988510158,1.05225899704226e-13,1.38972309019896e-32,1
"20541",0.0979468345488783,1.0019268594946e-58,0.00971771536705528,7.15646552476322e-201,0.892335450084066,4.28169994462512e-40,7.26994598164158e-40,5
"20544",0.0308623047630454,7.96565604540879e-28,0.604060164446382,0,0.365077485951988,4.48385845001928e-08,1.34138942033041e-30,3
"20546",0.00959402317090566,1.89559786768217e-67,0.913525440402356,1.68922367272936e-221,0.0768805364267384,2.96456323406264e-24,1.05816469707932e-32,3
"20550",0.13994557177106,6.13968128737964e-36,9.3947033866579e-07,2.09483833836689e-320,0.860053488758452,1.49308804296553e-13,3.04376885686916e-42,5
"20553",1,1.14365014351852e-43,7.39711175246465e-66,1.08851224531355e-199,1.40612569145001e-19,1.52292130336004e-63,4.1197998191693e-31,1
"20555",0.999999995515533,2.2357109241245e-78,2.32958489950211e-67,1.24720447286195e-79,6.42049413189652e-20,4.48446720600611e-09,3.20333272749369e-32,1
"20557",0.174280938595464,7.53148109210606e-34,2.99303011658207e-05,0,0.825689130795854,3.0751636619472e-10,5.02489813876571e-38,5
"20559",0.00307702497786215,3.66045468059546e-34,0.993528407603479,2.42089044335236e-103,0.00339456741865909,6.77719479477935e-27,2.46186341567129e-26,3
"20561",0.0133777065578006,4.48892931874069e-10,1.90444877153385e-07,1.56765505244104e-52,0.0526356540122403,0.933986448536189,3.93175406162894e-17,6
"20564",3.09461798843778e-06,0.998364480396454,3.70907476240911e-54,2.46442832786091e-27,2.94142223217641e-19,4.39732713020015e-09,0.00163242058823097,2
"20566",0.0248294252036529,2.08524946578023e-38,0.959700035796433,1.06280234345233e-117,0.0154705389994853,4.28735838716399e-13,2.3431367609459e-19,3
"20569",0.00276602276732827,1.02159532016773e-16,3.34880921981137e-15,3.22875398207048e-48,0.000277009482039182,0.996956967750109,5.20560459831943e-13,6
"20572",0.010050295873566,1.16333083113176e-07,3.60839893186987e-23,1.57702921183366e-97,2.14297283225663e-06,0.98994718077344,2.6404707908169e-07,6
"20574",0.00715793890799439,1.84611564583127e-36,0.930958040051522,0,0.0618840210404835,2.35629564628954e-30,4.36962960710797e-36,3
"20576",5.37398238552772e-05,0.999944485213467,3.83726900582154e-36,4.86698450519735e-39,4.58742065341918e-12,1.36766407368172e-06,4.07294016587906e-07,2
"20578",0.00993938230319617,8.34979455038518e-24,0.832440982707545,1.84645350223587e-297,0.15761963498262,6.63917170514056e-12,1.49110793916681e-30,3
"20580",0.00785990908319615,4.56478784552874e-40,0.944618718199882,1.53035788488661e-73,0.0475213727116687,5.25375396114843e-12,1.19850055490305e-28,3
"20583",1.35614308652874e-05,0.999984899589681,2.48290074337164e-40,2.51514965073006e-40,5.76344680361433e-14,9.98964127125772e-08,1.43908298322568e-06,2
"20586",0.00704922758898682,1.06124134526517e-55,0.901691369970559,0,0.091259402440447,7.20049240197377e-15,2.34481681276953e-31,3
"20589",0.00495275721920002,2.94538085780331e-70,0.91946030586053,0,0.0755869369202703,3.47273539330134e-36,2.46314425523912e-30,3
"20591",0.997006577118993,4.5892141387392e-64,2.57180430336901e-18,4.78286994135475e-222,0.00294776262704519,4.56602539620275e-05,2.21733491064944e-37,1
"20593",0.0515387660875054,5.62881422764778e-45,0.00621050054106941,0,0.942250733371425,1.636142559526e-56,4.12021780463995e-28,5
"20595",0.00236387687587276,3.27212278613873e-32,0.974051439469157,0,0.0235846836549702,2.35484366535679e-22,7.38443364219263e-30,3
"20597",7.60648973900968e-05,3.30832186039254e-64,1.595056329813e-57,2.61311584332997e-06,4.75794137993376e-19,4.70300359377628e-06,0.999916618983173,7
"20599",3.84973200646143e-05,0.998563753258058,3.27379684563427e-49,8.81038330995752e-16,1.28956323568721e-16,6.1375272740195e-08,0.00139768804660383,2
"20601",0.0114010841376322,6.27661255787981e-37,0.000749601923812076,1.0864157997661e-71,0.291824885768489,0.696024428170067,1.27140583348417e-19,6
"20604",0.00699839669675124,2.56525900866135e-34,0.798486545643823,1.83880545920984e-151,0.194515057659426,3.06412174394275e-40,2.12292339636211e-25,3
"20606",0.00284033107777007,3.67182348641237e-48,0.973882615303203,9.65415399198376e-188,0.0232770536190265,2.35448909352953e-40,5.41381822955493e-32,3
"20608",0.00595978096426106,2.15319749001333e-50,0.983817150815506,0,0.0102230682202327,1.43101800988871e-27,1.54217359248731e-25,3
"20610",0.26800310081042,0.730520938556542,1.06004316031776e-23,2.4365183870923e-266,1.20209897935416e-05,0.0014639394979582,1.45286641851393e-10,2
"20612",1,2.49584346896356e-62,4.07920716825563e-72,3.17200636174038e-230,6.85959382900058e-22,6.69137687568526e-34,1.05129977782482e-19,1
"20614",0.00355547529493906,0.414441503876656,4.57008458550193e-25,5.4698326170023e-16,2.96838678851388e-07,0.582002142387902,5.81601823676418e-07,6
"20616",0.102948388667435,1.98941924972852e-45,3.90592584927578e-05,0,0.897012498540883,5.35331893565272e-08,2.54247438834809e-36,5
"20618",0.999999992046754,2.18766459492816e-51,3.90639304338298e-35,0,7.95321772807432e-09,2.8152394196769e-14,1.30284051044562e-53,1
"20620",0.143465563433241,1.60562720948895e-37,4.25903004961593e-05,0,0.856491846266263,6.62826058307979e-30,1.89656693197611e-44,5
"20622",0.000186376398594467,0.999771191177925,8.54016028506459e-27,1.71470068116574e-48,8.31088410759686e-09,4.14009318625136e-05,1.0231807340394e-06,2
"20624",0.0820234248550398,4.81326751359725e-65,0.00253110893714637,0,0.915445466207814,2.22302971537594e-30,3.69257430547566e-41,5
"20626",0.588056996150237,4.53808983368566e-46,3.56228165060256e-07,0,0.411942647621598,3.34534021682075e-22,2.10924278940839e-25,1
"20628",0.789291861174245,1.47493614894651e-50,5.34743917888904e-12,0,0.210708138820374,3.352586345598e-14,7.44926788745372e-43,1
"20630",0.035868519847002,1.79029642690903e-23,0.448771842742059,2.94797396927165e-181,0.515359637410938,1.76431232124147e-15,3.88802696179096e-30,5
"20632",0.00237138900443611,3.32794555781145e-05,2.2721697419215e-40,0.529039098221297,3.8352896461081e-12,0.0510174172230479,0.417538816091806,4
"20634",0.00219902324323115,7.8773582273012e-50,0.987028283277357,0,0.0107726934794116,2.87668219504391e-38,4.02779005468943e-30,3
"20637",0.999902516653143,4.53058636211175e-41,2.72277466429149e-21,7.14773416398188e-197,9.74833468565222e-05,3.39439561598298e-24,5.44970975024743e-37,1
"20639",3.094296977366e-09,6.54916679482091e-12,4.12935548431655e-21,0.999930981438173,1.15441718146908e-10,6.90153455312195e-05,8.24287703103263e-15,4
"20644",1,1.36406332208765e-66,5.83138179751008e-65,0,4.43166435929712e-19,7.70102752284348e-71,4.77265399024224e-38,1
"20646",0.999998558237409,5.55698752085263e-65,2.23001278581561e-27,0,1.44176259062559e-06,3.97719543966071e-44,3.22417360922467e-41,1
"20648",0.000136176778699945,7.20307642611255e-23,6.53857088271838e-08,0.669854420908591,0.00129791807944142,0.328711418847559,4.14833571911668e-17,4
