"","V1","V2","V3","best$classification"
"19812",0.67630204169281,0.314671382871551,0.00902657543563886,1
"19814",0.986587626805157,0.0132356251828377,0.000176748012005585,1
"19816",0.0121595079577524,0.987804751924713,3.57401175347814e-05,2
"19818",0.900591857410571,0.0991855137086811,0.000222628880747888,1
"19820",7.89249162211719e-06,0.999731189457152,0.000260918051225434,2
"19822",0.00019027402398155,0.931557500622832,0.0682522253531859,2
"19824",0.0146855858696613,0.985076755039382,0.000237659090956533,2
"19826",0.807759581352248,0.192047585218103,0.000192833429649377,1
"19828",0.00184734580046263,0.997294253012746,0.000858401186791585,2
"19830",0.991282308820628,0.00472551442692501,0.00399217675244688,1
"19832",0.0685738981736739,0.32880928326452,0.602616818561806,3
"19834",0.0601238432863454,0.919081453072021,0.0207947036416337,2
"19836",0.264960315740091,0.733924671268885,0.00111501299102391,2
"19838",0.998265004718053,0.00106775116880505,0.000667244113142322,1
"19840",0.0864163289484043,0.913394112080646,0.000189558970949813,2
"19842",0.998979612020014,0.000989775461808045,3.06125181780161e-05,1
"19844",0.988463184715972,0.0113574265032127,0.000179388780815488,1
"19846",0.99994238782873,5.63738254281612e-05,1.23834584150945e-06,1
"19848",0.999877834080142,0.000116959204137824,5.20671571985282e-06,1
"19850",0.999189031935772,0.000789011387374951,2.1956676853394e-05,1
"19852",0.201221323903592,0.798070771306791,0.000707904789616713,2
"19854",0.999775321934392,0.000206129449910544,1.85486156971686e-05,1
"19856",0.989036741720173,0.0106239182479598,0.000339340031867665,1
"19858",0.659263703588574,0.336308776071829,0.00442752033959639,1
"19860",0.292596196063016,0.706664650134651,0.00073915380233288,2
"19862",0.999942228165118,5.55180738216029e-05,2.25376106041319e-06,1
"19864",0.745549749199282,0.252306069369245,0.00214418143147293,1
"19866",0.00708828379894295,0.99281828200298,9.34341980770302e-05,2
"19868",0.0013095548420024,0.000125802314547109,0.99856464284345,3
"19870",0.997945164851082,0.00203127440130505,2.35607476133558e-05,1
"19873",0.910525327342028,0.089401914479802,7.27581781702766e-05,1
"19875",0.00192132608578636,0.997067435117318,0.00101123879689601,2
"19877",0.978548170647413,0.0212309276696612,0.000220901682925635,1
"19879",0.56501634137177,0.431809957019565,0.00317370160866548,1
"19881",0.9628052865559,0.037115638582497,7.90748616025124e-05,1
"19883",0.972860003635502,0.0271165219203456,2.34744441528514e-05,1
"19899",0.226286285842543,0.755067473786447,0.0186462403710094,2
"19908",0.214205510521372,0.599204022667306,0.186590466811322,2
"19910",0.418054816837051,0.581620715139357,0.000324468023591956,2
"19912",0.999636317281841,0.000350978117197602,1.27046009611844e-05,1
"19914",0.524551200263474,0.461084965926496,0.0143638338100295,1
"19916",0.0124768475542148,0.987143831561181,0.000379320884604426,2
"19918",0.998871742075384,0.00112650408828226,1.75383633422688e-06,1
"19920",0.99969442317485,0.000301883392622633,3.69343252699841e-06,1
"19922",0.160600333101118,0.0676367215774667,0.771762945321415,3
"19924",0.976698545718975,0.0232379844776537,6.34698033717517e-05,1
"19926",0.0798499308816698,0.887953684724166,0.0321963843941639,2
"19928",0.98999706258662,0.00896877395255812,0.00103416346082168,1
"19930",0.990327107196477,0.00952188927559491,0.000151003527928041,1
"19932",0.999382772927521,0.000546009226523082,7.12178459560208e-05,1
"19934",0.0291338149473816,0.966636298484083,0.00422988656853573,2
"19936",0.906246696389265,0.0891940153853382,0.0045592882253964,1
"19938",0.00224552032078157,0.992304839256049,0.00544964042316934,2
"19940",0.8101995819661,0.189735843446248,6.45745876515183e-05,1
"19942",0.961575697299304,0.0381739545623385,0.000250348138357024,1
"19944",0.117412856588096,0.882309993682203,0.00027714972970093,2
"19946",0.833552201645907,0.166146539979854,0.000301258374238937,1
"19948",0.988087363792199,0.0118847629050126,2.78733027883385e-05,1
"19950",0.999788280446182,0.000169609340116461,4.21102137011825e-05,1
"19952",0.988087363792199,0.0118847629050126,2.78733027883385e-05,1
"19954",0.998131702881679,0.00182764630254681,4.06508157744231e-05,1
"19956",0.999357553149487,0.000122076514128395,0.000520370336384323,1
"19958",0.0205236898230567,0.00117183017602869,0.978304480000915,3
"19962",0.812050914384165,0.184010644501516,0.00393844111431901,1
"19964",0.931698243300895,0.0682201616237937,8.15950753111087e-05,1
"19966",0.000460287740286477,0.999291557618946,0.000248154640767716,2
"19969",0.99346789385765,0.00648758986501043,4.45162773397855e-05,1
"19972",0.998342959366549,0.00164796153612066,9.07909733081156e-06,1
"19974",0.999983708702111,1.5858410927319e-05,4.32886962146899e-07,1
"19976",0.969092197417793,0.03082938775169,7.84148305168852e-05,1
"19978",0.22427507137933,0.775682712503406,4.22161172644857e-05,2
"19980",0.999909626773081,8.14376127297327e-05,8.93561418895903e-06,1
"19982",0.998279178878299,0.00150108918133861,0.00021973194036241,1
"19984",0.996489010975215,0.0034547573577273,5.62316670574239e-05,1
"19986",2.0346081996968e-05,0.999033464767513,0.000946189150489658,2
"19988",4.30653063936112e-06,0.998402238282947,0.00159345518641369,2
"19992",4.93129271181807e-05,0.998252413077787,0.0016982739950944,2
"19994",0.981992601887378,0.0174158642828526,0.000591533829769593,1
"19996",6.87936146089726e-05,0.999664707710664,0.000266498674726606,2
"19998",0.866612286797359,0.13260397928467,0.000783733917970531,1
"20000",0.947885921033452,0.00154581062210571,0.0505682683444416,1
"20003",0.873123568453716,0.123542080009174,0.00333435153710989,1
"20005",0.999938777176443,5.93994188957417e-05,1.82340466131789e-06,1
"20007",0.209311997158879,0.784472572493843,0.00621543034727837,2
"20009",0.00589770685589424,0.992430417071787,0.00167187607231891,2
"20011",0.987727534955833,0.0122355013701205,3.69636740463582e-05,1
"20013",0.997320862882076,0.00259038151875543,8.87555991682593e-05,1
"20016",0.000258825686236269,0.990335117697893,0.0094060566158708,2
"20018",1.10349063518962e-06,0.0269437844414549,0.97305511206791,3
"20021",0.00452096563042713,0.994556049967531,0.000922984402041831,2
"20023",0.0454412597726326,0.951639764684496,0.00291897554287196,2
"20025",0.000141663235854854,0.611788918757695,0.38806941800645,2
"20027",0.996509618657979,0.0034190413594732,7.13399825473285e-05,1
"20029",0.999738387149692,0.000260220630164588,1.39222014306938e-06,1
"20032",0.996518085991202,0.00334276478694666,0.000139149221851368,1
"20034",0.970471009999837,0.029440072514841,8.89174853213864e-05,1
"20036",0.938610663881855,0.0583746096923105,0.00301472642583438,1
"20038",0.000199733877709528,0.989823826800454,0.0099764393218362,2
"20040",0.000206389038719896,0.980375589715782,0.0194180212454977,2
"20043",0.00216110816528643,0.995995358949814,0.00184353288489987,2
"20045",1.10254232349463e-05,0.986879638408324,0.0131093361684409,2
"20048",0.999232636382638,0.00055825579996117,0.000209107817400318,1
"20051",0.498228994312581,0.469380041680707,0.0323909640067127,1
"20053",0.0244540952120624,0.975264232013158,0.000281672774779057,2
"20055",0.00840486997452052,0.86614080561209,0.125454324413389,2
"20057",0.00465227533252788,1.83175612388494e-05,0.995329407106233,3
"20059",0.0151542254317634,0.980050659646699,0.00479511492153802,2
"20061",0.0790718886467662,0.91992474742192,0.00100336393131389,2
"20063",0.258462330945444,0.699649375776871,0.0418882932776848,2
"20065",1.02918195389545e-05,0.22623336492025,0.773756343260211,3
"20067",0.00187473159602709,0.979034170298752,0.0190910981052206,2
"20069",0.999857814995984,0.0001254339031416,1.67511008742561e-05,1
"20071",0.41848074724934,0.569899198033567,0.0116200547170929,2
"20073",0.996263130273028,0.00372681112648176,1.00586004899819e-05,1
"20075",0.000603932641280041,9.29243682649811e-05,0.999303142990455,3
"20077",0.0237755598073374,0.975872723682506,0.000351716510156368,2
"20079",0.670563979772852,0.323912722357148,0.00552329787000032,1
"20081",0.00466658794872621,0.854003421756087,0.141329990295187,2
"20083",0.940074162803634,0.0499619264802301,0.00996391071613602,1
"20085",4.14361156481602e-06,0.994406325621341,0.005589530767094,2
"20088",0.000434144202195995,0.997419473029529,0.00214638276827521,2
"20091",0.00038035308528873,0.00765355757973993,0.991966089334971,3
"20095",0.741773059211697,0.2562449986548,0.00198194213350309,1
"20097",5.81879716287201e-06,0.981480379282895,0.0185138019199423,2
"20099",0.0420240672687676,0.957956522454139,1.94102770935312e-05,2
"20102",0.35326378815205,0.031352029257796,0.615384182590154,3
"20105",0.0151661677279662,0.983891638089014,0.00094219418301983,2
"20107",0.000700852636249796,0.998913112983251,0.000386034380499487,2
"20109",0.282955993930184,0.716962510469301,8.14956005151711e-05,2
"20111",0.573325687873068,0.000805531758833417,0.425868780368099,1
"20113",0.0105880156674595,0.988832279909033,0.000579704423507319,2
"20115",0.997677609674951,0.00114086152489643,0.00118152880015278,1
"20117",0.00945651911332623,0.328889286958725,0.661654193927948,3
"20119",0.000501618233706981,0.999365214995901,0.000133166770391805,2
"20121",0.00010137938102671,0.998985888445489,0.000912732173484711,2
"20123",4.71684691210227e-05,0.00511037356238113,0.994842457968498,3
"20125",0.999100117660044,0.000813905559332199,8.59767806242984e-05,1
"20127",0.000121186189333517,0.999022828224763,0.000855985585903457,2
"20140",0.0355542416241216,0.585963828219479,0.3784819301564,2
"20142",0.999794201456538,0.000154715126940703,5.10834165212889e-05,1
"20144",0.981689201436946,0.000970208683921248,0.0173405898791331,1
"20146",0.980557238420136,0.0136806045729016,0.0057621570069628,1
"20148",0.936800572773274,0.0621454471412297,0.00105398008549601,1
"20150",0.999979943030419,1.90904428345386e-05,9.66526746279102e-07,1
"20152",0.81181951146351,0.186917854834583,0.00126263370190696,1
"20154",0.000135051653415514,0.0617881739680512,0.938076774378533,3
"20156",0.286749512377418,0.691146866150021,0.0221036214725613,2
"20159",0.999823412470962,0.000143015883799635,3.35716452387202e-05,1
"20161",0.987040656685041,0.0117671268278791,0.00119221648707977,1
"20163",0.676499860564356,0.314897736809562,0.00860240262608238,1
"20165",0.684994870694577,0.313326203644417,0.00167892566100551,1
"20167",0.9847121099608,0.0152396699115271,4.82201276726681e-05,1
"20169",0.999590117690055,0.000297840983910175,0.00011204132603526,1
"20171",2.645885814267e-05,0.0176596443834363,0.982313896758421,3
"20173",0.450968904196849,0.548651582797296,0.000379513005855113,2
"20175",0.993603410104701,0.00630357823008827,9.30116652108935e-05,1
"20177",0.0396449528336773,0.960296465249616,5.85819167063973e-05,2
"20180",3.38272983195798e-05,0.996038334964526,0.00392783773715419,2
"20182",0.997154720873075,2.73372097800646e-05,0.0028179419171453,1
"20184",0.998221140468687,0.001736699741175,4.21597901375573e-05,1
"20187",0.719046940162792,0.280843821934602,0.000109237902605935,1
"20189",0.0458375965608648,0.954130964512782,3.14389263534058e-05,2
"20192",0.0100173189376483,0.866389487203043,0.123593193859309,2
"20194",0.999095743250759,0.000877823208881017,2.64335403603324e-05,1
"20196",0.000241752233163042,0.829663565174287,0.17009468259255,2
"20198",0.446617693113238,0.540325826198951,0.0130564806878116,2
"20204",0.999808413591019,0.000153431087558794,3.81553214217477e-05,1
"20207",0.000967641452618281,0.891963797158707,0.107068561388675,2
"20209",0.758468958758326,0.011628269032362,0.229902772209312,1
"20211",9.031391827234e-05,0.00385537442438848,0.996054311657339,3
"20215",0.0162885986831126,0.981168082956047,0.00254331836084027,2
"20218",0.999849456108071,0.000124906576226947,2.56373157025173e-05,1
"20222",0.0106928288512985,0.908298365266596,0.0810088058821051,2
"20225",0.99757325919635,0.000968094688455666,0.00145864611519474,1
"20229",0.615446749625023,0.144925685600074,0.239627564774903,1
"20232",0.039750150068945,0.932570282742039,0.0276795671890162,2
"20234",5.95985881671787e-06,0.879877218196864,0.12011682194432,2
"20238",0.00129305803393429,0.995729667162164,0.00297727480390141,2
"20253",0.00056662103644377,0.9976132323156,0.00182014664795582,2
"20255",0.991814128292825,0.00483496537684097,0.0033509063303343,1
"20258",0.000270366051444099,0.999544668605829,0.000184965342726467,2
"20269",0.152230414717511,0.847485325402292,0.00028425988019745,2
"20271",0.00112223104215224,0.998817391081368,6.03778764792495e-05,2
"20285",0.91702792712468,0.0826857085565339,0.000286364318785927,1
"20288",0.0221177203569708,0.97342776433934,0.0044545153036889,2
"20291",0.000587912711112001,0.772941768864604,0.226470318424284,2
"20295",0.311231661986625,0.688387847725285,0.000380490288090372,2
"20298",0.999661119189457,0.000310745069704819,2.81357408385464e-05,1
"20302",0.997509444570837,0.00247000531721854,2.05501119439577e-05,1
"20305",0.999691473290273,0.000294277961737691,1.42487479898658e-05,1
"20307",5.24566409142928e-05,0.998895473433141,0.00105206992594505,2
"20310",1.01942104427885e-05,0.995777405936346,0.00421239985321153,2
"20313",0.999947730775894,4.64774358250701e-05,5.79178828146759e-06,1
"20315",0.000961233334638835,0.998746786191434,0.000291980473926873,2
"20319",0.000289393062742117,0.460447320233232,0.539263286704026,3
"20321",0.000536848395072542,0.999200887581285,0.000262264023642347,2
"20327",0.000224742132075048,0.999737495753213,3.7762114711806e-05,2
"20329",0.997442696225757,0.00255174581898146,5.55795526156385e-06,1
"20335",9.73110569594074e-05,0.873449004131063,0.126453684811978,2
"20337",0.999785886796638,0.00018422845244004,2.98847509215242e-05,1
"20339",0.0104202672879813,0.0240166336480436,0.965563099063975,3
"20341",0.000679411240643031,0.0504897506219007,0.948830838137456,3
"20343",0.00034675029294537,0.983841469176298,0.0158117805307568,2
"20345",0.937487712018142,0.0619131731648452,0.000599114817013307,1
"20350",0.283031827073136,0.456314937466551,0.260653235460312,2
"20352",0.999252268595902,0.000668949033633999,7.87823704640008e-05,1
"20355",0.969523638121625,0.0286026431791073,0.00187371869926794,1
"20358",0.99957395891088,0.000424153353422306,1.88773569826809e-06,1
"20363",0.000990687853275612,0.998766617749744,0.000242694396980618,2
"20365",0.0098151102872247,0.535396679809279,0.454788209903496,2
"20379",0.994372846044733,0.00317764396990377,0.00244950998536343,1
"20387",0.000578221841198445,0.996766159313381,0.0026556188454209,2
"20392",3.23564633130954e-05,0.00833821156157276,0.991629431975114,3
"20395",0.907601009299126,0.0906021735618227,0.001796817139051,1
"20397",0.9997125919972,0.000276583952291094,1.08240505092525e-05,1
"20410",0.00273637437034704,0.996264359207304,0.000999266422349123,2
"20414",0.997887784867688,0.00209058494088759,2.16301914247725e-05,1
"20417",6.32103165563205e-06,0.155391853690472,0.844601825277873,3
"20419",0.000219378245795604,0.999771233081101,9.38867310359307e-06,2
"20421",0.961973942575444,0.0115430950828673,0.0264829623416892,1
"20423",0.998899069011846,0.000828567063590002,0.000272363924563573,1
"20425",0.996448180766704,0.00235144143452848,0.00120037779876691,1
"20427",0.788923134568902,0.21078525992706,0.000291605504038436,1
"20429",0.00182748639938086,0.991468169448336,0.00670434415228256,2
"20432",0.99975755471725,0.000239741664156871,2.703618592585e-06,1
"20435",0.0490774526304788,0.921070886258842,0.0298516611106795,2
"20438",0.00341577512182675,0.996511708385599,7.251649257436e-05,2
"20440",0.00109336984916438,0.998817330160166,8.92999906694108e-05,2
"20443",0.982167516304468,0.0154180886480003,0.00241439504753231,1
"20446",0.406565700988089,0.590866780699578,0.00256751831233244,2
"20449",0.0546766390749079,0.925942936901822,0.0193804240232696,2
"20537",0.0121006446373477,0.749061879114877,0.238837476247775,2
"20540",2.63964500677233e-05,0.024154851188549,0.975818752361383,3
"20543",0.623489431536558,0.374540835910669,0.00196973255277299,1
"20545",0.000105968568661598,0.00392558281674054,0.995968448614598,3
"20549",0.864511276598953,0.12564418956689,0.00984453383415691,1
"20551",0.0173306556406699,0.979599847774245,0.00306949658508541,2
"20554",0.00586260748070935,0.993865964752817,0.000271427766473394,2
"20556",0.365205901519072,0.423106101242956,0.211687997237972,2
"20558",0.000166373350210241,0.999374911820436,0.000458714829353708,2
"20560",0.0424223554307086,0.957320866368224,0.000256778201067764,2
"20563",8.29238760722663e-05,0.999260195349382,0.000656880774545921,2
"20565",0.191723118716159,0.805813729864873,0.0024631514189677,2
"20567",0.999431156994031,0.000553493670293005,1.53493356763416e-05,1
"20571",0.00383853571057505,0.96018352315941,0.0359779411300147,2
"20573",0.0373905358232673,0.955657914003222,0.0069515501735109,2
"20575",9.25558318013824e-05,0.999613774008183,0.000293670160015243,2
"20577",0.540681240042623,0.45059007015634,0.00872868980103755,1
"20579",0.999837162801836,0.000160883182250397,1.95401591326068e-06,1
"20582",3.85007533354714e-05,0.999621014661736,0.000340484584929022,2
"20585",0.00546711156779457,0.164632458381285,0.829900430050921,3
"20588",0.0155810379626203,0.0238358861687413,0.960583075868638,3
"20590",0.999964890094199,3.43714279350697e-05,7.38477866007068e-07,1
"20592",5.11666106621372e-05,0.999686807279425,0.000262026109913153,2
"20594",4.13031136582547e-05,0.99923876594447,0.000719930941871323,2
"20596",0.0290243404460403,0.970954066221026,2.15933329334486e-05,2
"20598",0.00733437809071709,0.992386510621772,0.0002791112875109,2
"20600",0.130913891385794,0.159536226455752,0.709549882158454,3
"20603",0.987028717963473,0.00421073550903458,0.00876054652749221,1
"20605",0.000271299956515657,0.998853875303776,0.00087482473970791,2
"20607",0.00135506602412737,0.998600918862293,4.40151135797372e-05,2
"20609",0.0177557770435618,0.981941641510113,0.000302581446325657,2
"20611",0.999511881321355,0.000468682538204352,1.94361404402871e-05,1
"20613",0.172843172271609,0.819963921684679,0.00719290604371191,2
"20615",0.387704402794047,0.508707872699819,0.103587724506134,2
"20617",0.999805457783786,0.000154797576193272,3.97446400212314e-05,1
"20619",0.000172774994087857,0.999697853458065,0.00012937154784722,2
"20621",0.0139060256992683,0.985266141315174,0.000827832985557388,2
"20623",0.977693117668151,0.0222977788154364,9.10351641298907e-06,1
"20625",0.955150532858339,0.00452967204724782,0.0403197950944127,1
"20627",0.0498570130579671,0.949124010618661,0.00101897632337226,2
"20629",0.111984052731006,0.882717028988205,0.00529891828078868,2
"20631",0.000148077470892895,0.999444846750828,0.000407075778278974,2
"20633",0.999957267566222,3.89165332068188e-05,3.81590057112091e-06,1
"20636",0.997673542730315,0.00230274111932506,2.37161503594285e-05,1
"20638",0.449979898653124,0.403412443926402,0.146607657420474,1
"20640",0.000715456960094814,0.928662391104743,0.0706221519351621,2
"20645",7.09582757938363e-06,0.992602371939107,0.00739053223331327,2
"20647",0.999192011578499,0.000575625051639592,0.000232363369861091,1
"20649",0.0119886314133506,0.973928467262846,0.014082901323803,2
"20651",0.00014130709589959,0.994385980949285,0.00547271195481553,2
"20656",0.00216755115827866,0.956160336736118,0.041672112105603,2
"20660",0.00993405394754856,0.139574819283552,0.850491126768899,3
"20662",0.99804192933153,0.00194068426357641,1.73864048940877e-05,1
"20664",0.137603279265865,0.862298184506783,9.85362273517864e-05,2
"20666",0.820823935692378,0.00726317503088726,0.171912889276735,1
"20668",0.999748943204516,0.000248418129304102,2.63866618018358e-06,1
"20670",0.00246917838237261,0.996797808661547,0.000733012956080357,2
"20672",0.999727517124153,0.000206375319203414,6.6107556643227e-05,1
"20674",0.0537835354982936,0.945835514296455,0.000380950205251285,2
"20676",0.999953739043774,4.03986570236533e-05,5.86229920227927e-06,1
"20678",0.999967490064729,3.16953843376651e-05,8.14550933643166e-07,1
"20680",0.996426115024899,0.00349145587862193,8.2429096478625e-05,1
"20682",0.985750145276802,0.0142102927250644,3.95619981332481e-05,1
"20684",0.0545585202243673,0.939419355860986,0.00602212391464639,2
"20686",0.999799262987747,0.000173405060142203,2.73319521105076e-05,1
"20688",0.999936414769835,6.22709116472194e-05,1.31431851806601e-06,1
"20690",0.000973323651017773,0.090726885090045,0.908299791258937,3
"20692",0.999970646074897,2.79934716562001e-05,1.36045344661436e-06,1
"20694",0.999856238086828,0.000135029059401395,8.73285377065488e-06,1
"20696",0.996850570323229,0.00305283010503298,9.65995717378088e-05,1
"20698",0.123099937574083,0.863223740947923,0.0136763214779946,2
"20700",0.0107489295689814,0.988374441953704,0.000876628477314437,2
"20702",0.000141975253649989,0.172460051962379,0.827397972783971,3
"20704",0.0676579019973218,0.931487879165625,0.000854218837053475,2
"20706",0.697393849914562,0.295423511230741,0.00718263885469612,1
"20708",0.999616197220343,0.000379620762180713,4.18201747650017e-06,1
"20710",0.0103364900475401,0.663522091963138,0.326141417989322,2
"20714",0.999373250417132,0.000624264353648455,2.48522921980931e-06,1
"20716",0.00307251096511697,0.996655154290705,0.000272334744178241,2
"20719",0.217183313657485,0.781880026770217,0.000936659572298002,2
"20721",6.14634055839259e-05,0.999664808021461,0.00027372857295487,2
"20723",0.165706967397318,0.825437124122723,0.00885590847995883,2
"20725",0.978627210886522,0.0201777392287356,0.00119504988474205,1
"20727",0.997360347303067,0.000212867171167083,0.0024267855257658,1
"20729",0.999402354150961,0.000571364819550273,2.62810294890549e-05,1
"20731",0.987860246453433,0.0105686776542451,0.00157107589232146,1
"20733",0.0400474929751446,0.954014855906213,0.00593765111864185,2
"20735",0.145530771844044,0.823001255562123,0.0314679725938324,2
"20737",0.999869607743594,0.000129378506185633,1.01375022051564e-06,1
"20739",0.999935189654801,5.43551212706899e-05,1.04552239287279e-05,1
"20741",0.984119330303651,0.0156817969789378,0.000198872717410918,1
"20743",0.969575249892523,0.0301431003152248,0.000281649792252229,1
"20745",0.000447085119239792,0.998895559455952,0.000657355424808661,2
"20747",0.999295603149285,0.000672783201822491,3.16136488920292e-05,1
"20749",0.999692551121568,0.000278679813461134,2.8769064970507e-05,1
"20751",0.989949783760737,0.000423675965443814,0.00962654027381897,1
"20753",0.998862884097509,0.0010997837651103,3.73321373808365e-05,1
"20755",0.999131634354706,0.000859408011576249,8.95763371832667e-06,1
"20757",0.780779645324975,0.219149929178334,7.04254966911512e-05,1
"20759",0.00142186867419345,0.998487587331516,9.05439942901703e-05,2
"20761",0.909478534081291,0.0901586172439321,0.000362848674776283,1
"20763",0.869753920072622,0.128200670238411,0.0020454096889673,1
"20765",0.987818294455108,0.0119034206834004,0.00027828486149213,1
"20767",0.0147699475333385,0.984588226341226,0.000641826125435715,2
"20769",0.00744236971085866,0.444563001573437,0.547994628715704,3
"20771",0.923524633041258,0.0764585815782391,1.67853805031109e-05,1
"20773",0.922504546598803,0.0767247228374863,0.000770730563711125,1
"20775",0.977470296949012,0.0209166348392187,0.00161306821176905,1
"20777",0.415537795040646,0.0866533374349077,0.497808867524446,3
"20779",0.983314567257948,0.0158981218125266,0.000787310929525619,1
"20781",0.0648941407793999,0.000102768795417428,0.935003090425183,3
"20783",0.94343559504382,0.0565033117082772,6.10932479026612e-05,1
"20785",0.997020538416577,0.00291009788074838,6.93637026747313e-05,1
"20787",0.999233093716851,0.000765607260915034,1.29902223403086e-06,1
"20789",0.202236467729821,0.795268729693148,0.00249480257703033,2
"20791",0.999951255997533,4.57270964919841e-05,3.01690597556526e-06,1
"20793",0.214040371637767,0.783541727092317,0.0024179012699152,2
"20795",0.999490443283197,0.00050310956148965,6.44715531387485e-06,1
"20797",0.914773959852839,0.000102418040118294,0.0851236221070429,1
"20800",0.998950358701141,0.000908363145545116,0.000141278153313451,1
"20802",0.967040101951104,0.0326824400237957,0.000277458025099866,1
"20804",0.999823156876998,0.000174116883708969,2.72623929311655e-06,1
"20806",0.999968880696805,2.93257963409231e-05,1.79350685429443e-06,1
"20808",0.00410818855919038,0.995763691235839,0.000128120204970583,2
"20810",0.99809401948833,0.00186537161927708,4.06088923930238e-05,1
"20812",0.963430190864201,0.0199051505964294,0.0166646585393692,1
"20814",0.999977525760672,2.19362958009606e-05,5.37943526954957e-07,1
"20816",0.0186192953759523,0.968389229016853,0.0129914756071947,2
"20818",0.968753152564878,0.0307507938484405,0.000496053586681459,1
"20820",0.999758710725302,0.000177195947267338,6.40933274304783e-05,1
"20822",0.977416277907001,0.0224615361001385,0.000122185992859903,1
"20824",0.997553523585598,0.00237068542387995,7.57909905224486e-05,1
"20826",0.999826924859005,0.000140953091801854,3.21220491933158e-05,1
"20828",0.999232636382638,0.00055825579996117,0.000209107817400318,1
"20830",0.999466877850313,0.000487332865688219,4.57892839986552e-05,1
"20832",0.624039975394497,0.375505541348989,0.000454483256514665,1
"20834",0.00865444997778515,0.989065316363835,0.00228023365838034,2
"20836",0.992481049321515,0.00721445755105059,0.000304493127434792,1
"20838",0.999958018135319,4.05875843028025e-05,1.39428037851975e-06,1
"20840",0.072533145050748,0.9268022063747,0.00066464857455195,2
"20842",0.995794793826613,0.00409628656318621,0.000108919610200694,1
"20844",0.914759869582569,0.0852084003956203,3.17300218108742e-05,1
"20846",0.981941006678952,0.0179427145638562,0.000116278757191706,1
"20848",0.637271265576897,0.360749693008858,0.00197904141424493,1
"20850",0.068913401219951,0.930979940201128,0.000106658578921126,2
"20852",0.0638737411189987,0.934544710526562,0.00158154835443944,2
"20854",0.999851077038342,0.000125360875549279,2.35620861088002e-05,1
"20856",0.0193534407643789,0.0354315738731198,0.945214985362501,3
"20858",0.00163400471954988,0.996965631778489,0.00140036350196152,2
"20860",0.88907885433377,0.110041690753145,0.000879454913085558,1
"20862",0.000210754480587768,0.999722256323565,6.69891958475918e-05,2
"20864",0.998755977314832,0.00096205099949653,0.000281971685671971,1
"20866",5.24484005140677e-06,0.997978158525303,0.00201659663464609,2
"20868",0.00971426491880578,0.986693158526757,0.00359257655443711,2
"20870",0.934197004442198,0.0635988650912959,0.00220413046650636,1
"20872",0.997773467121161,0.00214827111937461,7.82617594644458e-05,1
"20874",0.999942591375104,5.48206564884081e-05,2.58796840751015e-06,1
"20877",0.00316219368192863,0.978880339838226,0.0179574664798455,2
"20879",0.000164444728799974,0.996729883681814,0.00310567158938608,2
"20881",0.999448605689612,0.000506324405728544,4.5069904659073e-05,1
"20883",0.999648742174278,0.000152697070402475,0.000198560755320027,1
"20885",0.998510097492888,0.00128689324894919,0.000203009258162878,1
"20887",0.1280036230305,0.861925350930684,0.0100710260388164,2
"20889",0.982044966550792,0.0136860476166628,0.00426898583254554,1
"20891",0.000160637574832979,0.995431707567556,0.00440765485761083,2
"20896",0.0756199461853176,0.846894259539536,0.0774857942751464,2
"20898",0.950972793392057,0.0485267940655471,0.000500412542395667,1
"20900",0.90086737157568,5.21545058404911e-05,0.0990804739184798,1
"20902",0.00580330551213417,0.227521165091471,0.766675529396395,3
"20904",0.861396334016739,0.128564373976989,0.0100392920062722,1
"20906",0.00265138194350756,0.977668214174475,0.0196804038820173,2
"20908",0.97573688839942,0.0241344315349661,0.000128680065613979,1
"20910",0.981106758545575,0.0188868034997803,6.43795464454796e-06,1
"20912",0.053857462333691,0.000171365139043989,0.945971172527265,3
"20914",1.5951395517689e-05,0.987963908625399,0.0120201399790834,2
"20968",0.979929201782209,0.0103957101633768,0.00967508805441393,1
"20970",0.044385809739187,0.954727880775165,0.000886309485648344,2
"20981",0.0198909689327962,0.980091845526992,1.71855402118672e-05,2
"20983",0.999980372379457,1.83437283776161e-05,1.28389216584721e-06,1
"20988",0.00543646652120394,0.994380587923327,0.000182945555469104,2
"20995",0.082259299470252,0.203971959892092,0.713768740637656,3
"21017",0.868771819326297,0.131180127880169,4.80527935340199e-05,1
"21038",0.00168068076190059,0.990893728906242,0.007425590331857,2
"21072",0.0253513330196574,0.968069060644425,0.00657960633591772,2
"21075",0.000209122077621499,0.946117000074455,0.0536738778479237,2
"21223",0.824560554022584,0.170259432726784,0.0051800132506319,1
"21225",4.95434350051796e-05,0.000302613560755103,0.99964784300424,3
"21230",0.999975563329652,2.26253894217992e-05,1.81128092616462e-06,1
"21236",0.987219043073439,0.0126711436691242,0.000109813257436962,1
"21238",0.187580952886439,0.179306323868108,0.633112723245452,3
"21241",0.00394207763259726,0.995481514799049,0.000576407568353425,2
"21246",0.0255571645342998,0.974408894549137,3.39409165628704e-05,2
"21253",0.999789147661735,0.000182523873958696,2.83284643059976e-05,1
"21256",0.994338740831393,0.00547162718641352,0.000189631982193118,1
"21260",4.5454322116717e-05,0.00868339604121517,0.991271149636668,3
"21266",0.00923414431684964,0.990401386902113,0.00036446878103742,2
"21332",0.007695331089443,0.992230522666921,7.41462436364178e-05,2
"21334",0.924601910967167,0.0596931141012582,0.0157049749315746,1
"21375",0.00023226929346999,0.9990090920056,0.000758638700930382,2
"21378",1.60960340958391e-05,0.996108907827296,0.00387499613860814,2
"21381",0.000566843999734751,0.987460513767961,0.0119726422323041,2
"21389",0.999125092234942,0.000869412496457182,5.49526860078345e-06,1
"21391",0.0433425383444744,0.955928807709972,0.000728653945553584,2
"21402",0.0029025948889108,0.997087550488062,9.85462302700672e-06,2
"21404",0.00367068135531171,0.728734544514699,0.26759477412999,2
"21409",0.0112713745942513,0.94697954277063,0.0417490826351189,2
"21413",0.198457326037152,0.705185532579318,0.0963571413835301,2
"21423",0.000482434157328844,0.996258437093975,0.00325912874869585,2
"21425",0.03786240352105,0.935140938727062,0.0269966577518882,2
"21430",0.00933461167961397,0.00820531135515724,0.982460076965229,3
"21432",0.0179508978482909,0.981855575018905,0.000193527132804417,2
"21438",0.00370157938146809,0.995351112876321,0.000947307742210389,2
"21440",0.0662248354959342,0.930944491763753,0.0028306727403127,2
"21443",0.999285309485057,0.000703430443779552,1.12600711634349e-05,1
"21445",0.000946181569614923,0.00141263303539826,0.997641185394987,3
"21447",8.1239178433706e-05,0.995760969787697,0.00415779103386965,2
"21449",0.00140145832869156,0.998585270038314,1.32716329946072e-05,2
"21451",0.00140145832869156,0.998585270038314,1.32716329946072e-05,2
"21455",0.000769594984075682,0.999217069209327,1.3335806597314e-05,2
"21469",1.28628187231154e-05,0.878902394424085,0.121084742757192,2
"21471",0.000374038537502405,0.766046431133318,0.23357953032918,2
"21473",0.943160846940275,0.0520239518418773,0.00481520121784753,1
"21476",0.611854481086047,0.370910896869201,0.0172346220447513,1
"21478",0.936252608974196,0.0571149707050333,0.00663242032077009,1
"21481",0.998435426932704,0.00149013769610391,7.4435371192079e-05,1
"21490",0.00279006737211351,0.993112230337089,0.00409770229079784,2
"21493",1.51114875616215e-05,0.97563454736656,0.024350341145878,2
"21495",0.229547800322471,0.763333421591788,0.00711877808574088,2
"21500",0.0124068690630609,0.986417566422856,0.00117556451408337,2
"21504",0.125429163553211,0.87298948593101,0.00158135051577885,2
"21507",7.86743262489838e-05,0.982802913416684,0.017118412257067,2
"21512",0.00190126341678914,0.995924466550392,0.00217427003281818,2
"21519",0.964317449762422,0.0355126587933917,0.000169891444185997,1
"21522",0.114033869853339,0.00356564271084056,0.882400487435821,3
"21524",0.00359864662411661,0.996214481016679,0.000186872359204174,2
"21528",0.000147072544070045,0.99834414386616,0.00150878358976961,2
"21532",0.0618399216321714,0.852865279113427,0.0852947992544022,2
"21543",0.847462098965051,0.125870622897945,0.0266672781370047,1
"21546",0.0754696478647184,0.884603330949145,0.0399270211861364,2
"21550",0.000115379493217431,0.996129140578818,0.00375547992796516,2
"21554",0.000349260537740397,0.999570205814704,8.05336475559912e-05,2
"21557",0.941845201858918,0.00894357403748192,0.0492112241036003,1
"21560",4.38162676484274e-05,0.982079445055763,0.0178767386765889,2
"21564",0.506865926606912,0.493008737775176,0.000125335617911905,1
"21566",0.000211726142554602,0.99918605252774,0.000602221329705296,2
"21569",0.0876416808970297,0.894465312089382,0.0178930070135879,2
"21574",0.995393381496488,0.00302263640047785,0.00158398210303418,1
"21576",0.985276760823813,0.0146629624955629,6.02766806236374e-05,1
"21578",0.999679613613777,0.000292751807135098,2.76345790878057e-05,1
"21580",0.981086804410122,0.0188199602655713,9.32353243071066e-05,1
"21583",5.3898927080586e-05,0.99867502582527,0.0012710752476496,2
"21585",0.999523225272268,0.000472886356310257,3.88837142166472e-06,1
"21587",0.996788752407441,0.00267989935506786,0.00053134823749102,1
"21589",0.994457161088677,0.00281400739340228,0.00272883151792055,1
"21593",0.57322460760378,0.00225224126147375,0.424523151134746,1
"21595",0.965990504615822,0.000684368471803163,0.033325126912375,1
"21597",0.799996530748574,0.19983902242965,0.000164446821775707,1
"21599",0.999976772426906,2.27043435087633e-05,5.23229585228925e-07,1
"21601",0.305924130221818,0.615972218528377,0.0781036512498049,2
"21603",0.999932901592687,6.59997933626356e-05,1.09861395048468e-06,1
"21605",0.999674472170978,0.000292859793347311,3.26680356749568e-05,1
"21607",0.866327556213301,0.092082646956714,0.0415897968299852,1
"21610",0.747040929487758,0.24798418505881,0.00497488545343256,1
"21612",0.999474061665349,0.000507692518244919,1.82458164059785e-05,1
"21614",0.420855814267914,0.55625246465031,0.0228917210817758,2
"21616",0.911540724902922,0.0783624652219399,0.0100968098751383,1
"21618",0.00240813468974824,0.797753271129689,0.199838594180563,2
"21620",0.999464583896016,0.000522744481687587,1.2671622296808e-05,1
"21622",0.000492160260301718,0.979236223113528,0.02027161662617,2
"21624",0.983529063754062,0.0131561285003663,0.00331480774557184,1
"21626",0.676408029371357,0.323563579580318,2.83910483249441e-05,1
"21628",0.120852037286263,0.866142780832483,0.0130051818812543,2
"21630",0.954918417318839,0.0447299617203888,0.000351620960771985,1
"21632",0.150252040628724,0.846479976888981,0.003267982482294,2
"21634",0.0399350237329162,0.959218509194268,0.000846467072816204,2
"21636",0.99628295131614,0.002810588768601,0.000906459915258722,1
"21638",0.999846913718366,9.16274473333225e-05,6.14588343006903e-05,1
"21640",0.689167484200267,0.305270525754964,0.00556199004476908,1
"21642",0.993675375793842,0.00613627073827189,0.000188353467885635,1
"21644",0.928359404011363,5.22546044376231e-05,0.0715883413841992,1
"21647",0.99966038255004,0.000294173906105571,4.54435438541339e-05,1
"21649",0.993625715051024,0.00604455764312534,0.000329727305850259,1
"21651",0.976037521923763,0.0204568839160129,0.00350559416022446,1
"21653",0.430658001894488,0.0015487048993209,0.567793293206191,3
"21655",0.999940289014577,5.25533488500331e-05,7.1576365725416e-06,1
"21657",0.994932208009442,0.00479342070414166,0.000274371286416112,1
"21659",0.998080174606818,0.0018255608171319,9.42645760498877e-05,1
"21661",0.996705849710859,0.00279996561188713,0.000494184677253578,1
"21663",0.998516022644889,0.00142272626215987,6.12510929513841e-05,1
"21665",0.998308400457589,0.000633442439053608,0.00105815710335721,1
"21667",0.0816635549032245,0.917997738573143,0.000338706523632165,2
"21670",0.229233380188742,0.76571342145482,0.00505319835643801,2
"21672",0.953639025935959,0.0437203378726051,0.00264063619143564,1
"21674",0.000383209106985028,0.999084560801896,0.000532230091119262,2
"21676",0.012218079436665,0.987715695582571,6.62249807641069e-05,2
"21678",0.0321817725761904,0.00516083924920017,0.96265738817461,3
"21680",0.996698274786491,0.00138998503647925,0.00191174017703025,1
"21685",0.0199863942102255,0.974393631792706,0.00561997399706834,2
"21687",0.28293064170746,0.0633451704863493,0.65372418780619,3
"21690",0.998433294653943,0.00135443551838324,0.000212269827673099,1
"21707",0.000131781012547651,0.99935019369063,0.000518025296821926,2
"21710",0.00159275236320483,0.0692594828342879,0.929147764802507,3
"21713",0.00238746010916321,0.996403234090915,0.00120930579992154,2
"21718",0.0249120437817676,0.174018896087163,0.80106906013107,3
"21721",0.136442817387193,0.00221427824847753,0.86134290436433,3
"21723",3.15373996769285e-05,0.979513993662772,0.0204544689375511,2
"21726",7.46490500472866e-05,0.999873269028665,5.20819212882252e-05,2
"21729",0.99565344324032,0.000539075048410561,0.00380748171126929,1
"21733",0.999747925048773,0.000194316601911742,5.77583493149946e-05,1
"21735",0.0522534029586087,0.141299896918956,0.806446700122435,3
"21739",0.0139106475196518,0.985526818152275,0.00056253432807305,2
"21741",0.00392019885391178,0.99545708596428,0.000622715181808289,2
"21744",0.0294067484237314,0.970190350692077,0.000402900884191291,2
"21746",2.49566051239392e-05,0.997185266788098,0.00278977660677828,2
"21748",0.000956209607207639,0.990914499064347,0.00812929132844497,2
"21750",0.997861968644765,0.00212198016619452,1.60511890404919e-05,1
"21752",0.015060579889003,0.982545425179318,0.00239399493167907,2
"21755",0.295916559402746,0.702892932726268,0.00119050787098592,2
"21757",0.873175323369935,0.115390187152767,0.0114344894772981,1
"21760",0.082259299470252,0.203971959892092,0.713768740637656,3
"21762",3.60310947366556e-05,0.999172004548541,0.00079196435672221,2
"21764",0.999624664162565,0.000353419416776199,2.19164206581739e-05,1
"21766",7.62223668708475e-05,0.997829182471689,0.00209459516143976,2
"21768",0.550924393662071,0.444169583760377,0.00490602257755138,1
"21770",0.43677404627006,0.561947218665714,0.0012787350642269,2
"21773",1.24375274995738e-05,0.962314030371262,0.0376735321012384,2
"21775",0.927341182347152,0.0721631823590026,0.00049563529384529,1
"21777",0.999370081737883,0.000558321809951557,7.15964521654198e-05,1
"21779",0.427844998931933,0.535331505600721,0.0368234954673453,2
"21781",0.0534297347956607,0.946086200714494,0.000484064489845407,2
"21784",0.00169499390718981,0.996617144638782,0.00168786145402812,2
"21786",0.747962021319309,0.251842921285211,0.000195057395480725,1
"21789",0.115080380784611,0.879275721231575,0.00564389798381409,2
"21791",0.00118928308973343,0.994574407966506,0.00423630894376024,2
"21794",0.929935281391257,0.0663935549336169,0.00367116367512639,1
"21797",0.0322311577719095,0.0281356436345962,0.939633198593494,3
"21800",6.70398714098475e-05,0.128997717706994,0.870935242421597,3
"21802",0.0371560139013431,0.929332113065576,0.033511873033081,2
"21804",0.00270890253818772,3.96159418956021e-05,0.997251481519917,3
"21806",0.112313544905906,0.0100049256725125,0.877681529421582,3
"21808",0.401004115088156,0.0375844244764061,0.561411460435438,3
"21811",0.0129288978243225,0.20982177516976,0.777249327005917,3
"21815",0.00329565253761488,0.996215522065101,0.000488825397283882,2
"21817",0.0176716242794159,0.01002913879344,0.972299236927144,3
"21820",0.00451742095667163,0.923011470029584,0.0724711090137447,2
"21822",0.974784182029812,0.0245859961889093,0.000629821781279275,1
"21824",0.96876424420507,0.0312024692665256,3.32865284047839e-05,1
"21826",0.000170996084657446,0.999235063413095,0.000593940502247734,2
"21828",0.491722374141153,0.508167366750843,0.000110259108003976,2
"21830",0.984900830862789,0.0150393298712126,5.98392659987169e-05,1
"21833",0.851878373232685,0.148057538918349,6.40878489666102e-05,1
"21835",0.851878373232685,0.148057538918349,6.40878489666102e-05,1
"21838",0.00123729203394324,0.830131093687965,0.168631614278092,2
"21840",4.23029768934506e-05,0.990709249661398,0.00924844736170862,2
"21842",0.00289202144936524,0.671243497869166,0.325864480681469,2
"21844",0.830975302136598,0.168922244744952,0.000102453118449421,1
"21847",0.0318859523859168,0.966512018857644,0.00160202875643873,2
"21849",0.773523377777528,0.225260320862052,0.00121630136041967,1
"21852",0.0884935471828912,0.813373764232311,0.0981326885847982,2
"21854",0.999636980211323,0.000307304256213581,5.57155324633233e-05,1
