"","V1","V2","V3","V4","V5","V6","V7","V8","V9","V10","best$classification"
"19812",0.310055270800327,0.000275534976454308,2.62912368739597e-06,0.0522568206628787,0.00479469246597604,8.26786554193689e-12,8.98804430331653e-77,0.632614817086767,1.11464244005055e-27,2.34875641079129e-07,8
"19814",0.141561719155782,0.000568875767229185,5.49748625104847e-09,0.00477590406413327,0.849718109485422,1.1240967037393e-12,2.94653400359592e-26,0.00337529775604748,8.82277944431074e-08,4.49808025953803e-11,5
"19816",0.178061983815526,0.00421750750425537,0.791143405869598,0.0265770979208888,1.27986238368915e-19,4.41612628277814e-11,2.65322632895983e-82,4.8453206544167e-09,1.68905221334512e-43,2.5032502732696e-13,3
"19818",0.991771988909167,0.00416212857171136,2.68577420655921e-05,0.00403883132003918,6.82290874111787e-08,7.46266930858734e-09,1.33564202908022e-23,4.47301129122166e-08,7.27917982915091e-08,2.43349157445504e-10,1
"19820",5.23228726616166e-06,0.00933020289265889,0.990620678689122,4.3217210152234e-05,1.23629961894163e-103,1.0084115872448e-36,6.74026999404204e-146,1.81467882855165e-42,8.08394097495995e-109,6.68920800868648e-07,3
"19822",3.19579388321174e-14,0.991254823827664,0.00133230991636807,0.00710030933899459,4.34937147678632e-129,2.11532649906266e-43,4.36642064403982e-133,9.02957184268554e-32,1.96857581388636e-107,0.000312556916941035,2
"19824",0.00144797750229031,0.980736191156047,0.0177957756916206,5.21658644776911e-10,3.896912936545e-57,3.99894614906046e-18,1.24175629908731e-60,3.00860558374364e-34,1.1971079798919e-53,2.00551283829992e-05,2
"19826",0.232649643476546,0.0204766387272166,8.95869886742565e-09,0.00289744992359743,1.15097701951685e-06,1.14863672578264e-05,4.91024754569552e-59,0.743963619882219,1.40074071423056e-31,1.68744490605091e-09,8
"19828",0.00639734480781591,0.00900489061957917,0.979399797063003,0.00519795954257303,2.89630035547947e-48,1.60187726176472e-27,1.36919362076988e-87,2.7018636488503e-27,2.91995180826904e-50,7.96702873832068e-09,3
"19830",0.000159333343400976,0.00142072132977512,1.08604868445461e-20,0.0237411054891628,4.20936373042409e-07,9.34964619925956e-11,2.34887578734485e-65,0.974657460314269,3.64322912132908e-25,2.09584935226235e-05,8
"19832",0.00172170987728613,4.81738949448011e-06,1.01208342902119e-07,0.941986564548879,1.46155504223696e-19,2.52811430570745e-39,1.12162226248303e-121,2.59225042231249e-05,3.31681228365531e-55,0.0562608844717742,4
"19834",6.32600240968863e-05,0.0389853911110547,0.00968717564985432,0.951264122480441,8.11081623109719e-37,1.7288587407515e-26,7.51924526067293e-82,5.0701570375897e-08,1.13824687546778e-30,3.29828030840062e-11,4
"19836",0.997186747666939,0.00204733201913592,5.0810731786998e-07,6.65143162844362e-05,3.58409055674422e-11,0.000319510735015579,8.9929971172662e-108,0.000353038368353284,3.2202371779173e-47,2.63487511132599e-05,1
"19838",0.000322310451600436,2.22807606131338e-06,4.01771460610371e-20,0.000381130862424555,0.967531505484963,5.84656684505872e-14,1.09701996114424e-29,0.0317627394088262,8.41937330546698e-08,1.52233249172194e-09,5
"19840",0.0987802304674506,0.0540453771097417,0.00390439907391668,0.843206037446887,1.23811245354934e-24,4.27095616089015e-09,2.02516534580642e-99,6.39516213353443e-05,4.1250937075782e-45,9.71268312571095e-12,4
"19842",2.11018963129437e-08,0.00287957087933013,9.42817153992942e-38,1.35802344593244e-12,2.10102197448445e-09,0.0523139175882441,3.86844679505395e-65,0.944806481448784,2.49071983908751e-49,6.87936529816331e-09,8
"19844",3.67657998095446e-17,0.938592132502305,2.68765057591613e-23,4.5855203971269e-23,3.6412118348019e-81,4.94554252798321e-09,0.0614067520459107,3.89479025267037e-31,2.71516825932457e-19,1.11050624224789e-06,2
"19846",0.00195230445524326,0.000690617920029563,3.86424863630312e-27,5.56245868855605e-11,0.369520940802694,0.0940511075485741,8.42289096945726e-06,0.00185866607397635,0.531917939227297,1.02559078362664e-09,9
"19848",0.000463651162331935,3.91960517748178e-05,3.50719182544144e-24,1.20070000283049e-08,0.987907773416769,6.57683446695559e-07,1.16455365529607e-11,0.0115505074831897,3.8201966346293e-05,2.17495755150059e-10,5
"19850",0.0155776288335102,0.0211165842147186,3.82898172085581e-17,1.14104747577694e-05,0.00292586194321238,2.71207217175057e-07,3.15914836145398e-08,0.000156025538100294,0.960212048970596,1.37226403654732e-07,9
"19852",0.885990297359013,0.00449307172044595,0.0957255069887388,0.0137906645571082,5.79109240411046e-11,5.6997748236414e-12,5.96891735594981e-41,3.59514126163821e-07,2.66420997513434e-16,9.97969573778632e-08,1
"19854",0.0026414139563398,0.000124023561826761,1.45863936853403e-22,1.1939742381318e-05,0.252903052079589,1.36714771865771e-09,2.74872449395961e-22,0.744319568322816,1.37390178737123e-11,9.56161056233513e-10,8
"19856",7.06652381681346e-09,0.999999989762881,9.45137846857444e-21,2.3880603672554e-09,1.28530415104428e-23,1.49195040918837e-15,9.73357702698807e-12,1.74879055964208e-10,1.82108838326129e-14,5.97902085775626e-10,2
"19858",3.45368936579376e-07,0.999976525120827,8.75093637191234e-10,6.65647531737924e-11,4.64724041260893e-61,1.86514782188149e-16,3.42599499629902e-23,2.28843804762201e-23,2.99322268650997e-30,2.3128568577407e-05,2
"19860",0.641178055529563,0.0124062467749909,0.011736460073666,0.330535083726753,1.57838059830447e-07,1.42449800318812e-12,2.22369498986572e-62,0.00414399505113341,2.02631330575246e-25,1.00440837306831e-09,1
"19862",0.00054392669718421,0.000284146907581424,3.86440557161363e-31,1.79964315918132e-10,0.0429735787288446,0.936130819509349,1.16097385669069e-19,0.00128937471510873,0.0187781364145177,1.68474507414963e-08,6
"19864",7.59039233336266e-17,0.0270658348017496,4.12215658693449e-33,4.7237617484692e-29,6.13575391373757e-96,0.972682288902449,3.0109748621801e-100,4.81266313753314e-24,2.99381494665208e-95,0.000251876295801544,6
"19866",0.0519622028299407,0.938245622366876,0.00767453847867475,0.00211753620680956,1.04851891038654e-45,8.07381971407406e-08,1.38180981274792e-160,3.70834321591907e-10,8.21928046638016e-78,1.90086671777196e-08,2
"19868",2.56332037825273e-36,9.89420145018088e-11,7.42400967038095e-42,4.55244459710004e-05,2.47511068450837e-95,1.58887849340617e-61,3.89829690076771e-107,5.96322884820416e-18,1.17077183502744e-76,0.999954475455087,10
"19870",0.912612063111911,0.00223048368159688,1.00206387615545e-15,3.22281003568474e-05,0.0644310397152174,0.016760810935252,1.78726042350986e-24,0.00393329965804641,1.65665458972141e-08,5.82310727753783e-08,1
"19873",0.946862937933703,0.0465445610837375,7.88843531832863e-08,0.00640463535615662,1.78531964626211e-06,6.82424851884446e-06,1.68403939483856e-50,0.000179176720824856,7.50416473609186e-25,4.53059605056946e-10,1
"19875",0.0498978545766465,0.0161481147297273,0.77120583482898,0.162748167377149,9.40676754656069e-28,3.32157255866769e-30,1.29386762403943e-116,1.59239099119493e-12,1.71963255257185e-69,2.84859043194736e-08,3
"19877",0.965456547031117,0.00415037656547265,1.2069598641544e-07,0.0181982570596753,7.89006346952212e-05,0.000131533387831615,2.56991380516857e-25,0.0116615680312063,0.000322460688281702,2.35905734326342e-07,1
"19879",0.887220255917834,0.0152426574327339,0.000293945013981016,0.0972427179768959,2.94109519413487e-20,1.82251987112415e-10,3.42343744793206e-40,3.84542014941251e-07,2.39384396477019e-16,3.89342877888413e-08,1
"19881",0.776403686946596,0.194832819926056,1.14025975107473e-11,0.000130458766178239,2.9099544613763e-06,0.000300738781650033,9.62851383083941e-56,0.0283293830973407,9.00583906916291e-22,2.51631476566004e-09,1
"19883",0.0749608807647787,0.0368373945698534,5.54076166728334e-15,2.88307330033549e-06,2.45219159284221e-05,0.0300760441220778,1.86686111839219e-65,0.858098275548093,1.37393705476164e-34,5.96275646190237e-12,8
"19899",0.633388195027192,0.0676770771798773,4.52036488943591e-07,0.298430787299124,5.41918896295039e-26,1.26867338689558e-10,5.99856197857443e-85,0.000437794064913979,1.18183040165491e-37,6.56942655365451e-05,1
"19908",2.02090031483218e-23,0.999753764252179,6.55524521223164e-24,8.90861844350836e-11,1.88429194790312e-104,2.49423415099201e-19,1.88614731628352e-133,6.09701164869358e-17,3.34813380232915e-88,0.000246235658734477,2
"19910",0.97659100351498,0.00601232713215361,0.0150411292714506,0.00234768491340268,7.91340597713191e-08,1.38385436999545e-07,3.33866477276063e-42,7.50559505265807e-06,4.17029930913042e-21,1.32053464124286e-07,1
"19912",4.24040179038447e-08,0.00437107366588719,1.06094725382271e-35,5.21082408982022e-10,1.29385082666588e-06,0.0123342169591529,6.08777450170418e-50,0.983293372590139,1.79230618585104e-27,8.89404066689153e-12,8
"19914",0.0985454899392615,0.0361697161233432,0.000336232426948782,0.853578491775614,2.10243836489314e-15,1.92230680087677e-14,3.81046615501538e-57,0.0113689528282452,1.62633625825433e-20,1.11690656610667e-06,4
"19916",3.65971456507566e-07,0.996752079563402,1.41474124847727e-08,1.03657337979725e-18,4.46473521146133e-85,3.81596835680661e-09,2.4418924732477e-119,1.14176210418023e-29,2.25127406016218e-85,0.00324753650176082,2
"19918",0.649536994565365,0.0351143551608408,1.11756912249315e-13,3.24389993626439e-07,0.0727152007110412,0.211111491925957,1.84105976398774e-08,0.000946237115948129,0.0305753775823191,1.37825218943339e-10,1
"19920",5.4491961826166e-05,0.00117776936644552,4.54324556914024e-20,3.59539188370733e-08,8.62654242504206e-06,4.67569179960531e-06,0.000816754820410212,3.40955738286769e-05,0.99790355008615,3.19573776078018e-12,9
"19922",3.18205712884212e-06,1.24313799181934e-11,7.80189182069847e-13,0.0378831435809481,2.52831014230595e-24,3.20523763184294e-39,7.63015089877603e-105,1.8160958168696e-08,9.07610914527129e-51,0.962113656187753,10
"19924",0.9847574177799,0.012883528867195,3.37369005873168e-07,0.00216820707547874,7.79165848516562e-09,1.85694585751491e-05,5.86507697189149e-23,7.30525631067415e-05,9.88790784075684e-05,1.66723623278008e-11,1
"19926",0.681132837138697,0.0121659181846283,1.27403007224732e-07,0.304592679986062,3.53720846689126e-23,2.69205990721728e-11,2.84326789469397e-121,0.00161135639114227,1.98900091189645e-61,0.000497080869542884,1
"19928",2.43587070114446e-27,0.000117289501833652,5.47845901140252e-56,3.05454572318682e-40,1.85623459436019e-81,0.999614410304784,1.76989821366356e-97,1.72015591813755e-17,5.82224560741285e-90,0.000268300193382785,6
"19930",0.0299409925464722,1.0281839030263e-05,1.18734487496205e-11,6.80721761989104e-05,0.966929569149026,8.86172585850501e-08,3.82242113149528e-34,0.00305098166904182,2.94263729936074e-11,1.39616724236416e-08,5
"19932",0.000697985317667896,8.53959198836079e-07,5.22931161661357e-20,3.83998153401817e-06,0.997694330764725,1.50161853251853e-09,4.66020395363839e-21,0.0015536050984282,4.93830042236199e-05,3.72603435244792e-10,5
"19934",0.0356424842171446,0.0623785472863738,0.228946421774866,0.673032545946738,2.39974767920007e-23,5.22111810487999e-27,3.84183541802002e-62,6.98797026052206e-10,3.31573381632463e-31,7.60805011672405e-11,4
"19936",0.841720214989256,0.00416470752853245,1.53735431741301e-07,0.0505163712300805,0.00021191807765887,1.3043185344666e-09,1.06095843941086e-47,0.103364137149129,9.27354946447043e-09,2.24867120433302e-05,1
"19938",0.000119285362819277,0.976778266914723,0.00814578138215426,0.0149561115963551,3.33139090581047e-70,2.27948255017007e-26,1.32629579806004e-77,2.45032505063983e-18,9.06437620155301e-61,5.5474394882377e-07,2
"19940",0.988918460394729,0.00946107881200984,2.80635745980671e-06,5.74773669656136e-06,1.03128159312466e-07,0.00159141374142922,1.46478273293547e-42,2.03839425581274e-05,8.99810569586676e-25,5.8869580710861e-09,1
"19942",1.93784931102681e-16,0.0175735461730115,4.0859338587118e-39,3.75277886838096e-26,1.57387660941556e-53,0.982426245303821,4.26227133362499e-116,3.49096145930746e-09,2.27450256563078e-78,2.05032205871752e-07,6
"19944",0.970353369524111,0.0153621942560337,0.0110250291757781,0.00311665050904905,1.96431779858157e-11,4.99329363032081e-08,4.0814827830435e-61,0.000142514726203329,1.42073992390151e-33,1.91856245597416e-07,1
"19946",0.977229801962935,0.0176753101263829,0.000274189562200815,0.00476500093726819,1.01270583248982e-08,6.39329320426877e-08,2.35213351792449e-27,5.54557376181746e-05,1.87394786499204e-09,1.6573965622881e-07,1
"19948",3.99855246066729e-14,0.000891982870513711,4.70509871170971e-38,2.57705405509948e-29,5.56647594734127e-39,0.999107999502753,1.47639382838318e-88,1.5880523947929e-12,3.30103833519997e-67,1.76251050450857e-08,6
"19950",2.93021517161724e-11,0.000162104665234594,1.44119727216708e-29,1.22043197444056e-12,7.90244423554458e-17,5.67133380228387e-14,3.063505897965e-09,3.33182669103493e-11,0.999837892053675,1.53687182502028e-10,9
"19952",3.99855246066729e-14,0.000891982870513711,4.70509871170971e-38,2.57705405509948e-29,5.56647594734127e-39,0.999107999502753,1.47639382838318e-88,1.5880523947929e-12,3.30103833519997e-67,1.76251050450857e-08,6
"19954",0.00550604911634682,3.38225838547799e-06,1.74598950738766e-15,4.34745028355868e-06,0.993534101862909,7.50505345228482e-07,6.06881435554999e-24,0.000950835208445901,5.33140280849501e-07,4.58000995862616e-10,5
"19956",1.50439642134804e-16,0.250062120118015,2.61524241566831e-41,3.21727230238942e-09,1.24117102783244e-25,1.6540003273496e-07,1.79838147135198e-33,0.749144308162588,7.4384656027585e-11,0.000793403027706874,8
"19958",1.06971869044677e-19,9.06674181126472e-16,8.3241234638011e-29,2.97350637620823e-07,3.45393023629653e-63,1.73286511956452e-55,2.80585061633764e-81,3.65822964797421e-20,2.74489343071005e-57,0.999999702649361,10
"19962",0.0679683819788298,0.931750836689149,2.98571319253589e-09,0.000236262846312773,1.81608014484249e-15,4.28048675803396e-18,1.29948046957257e-27,2.76899621880494e-07,5.40805379322564e-20,4.42386003709303e-05,2
"19964",0.961373955244313,0.0295699666448337,6.24581728309915e-08,4.57641403142277e-09,8.90460107093902e-15,0.00904365653244219,1.36976655359519e-26,2.79687202095132e-09,8.29686414331211e-14,1.23517468601381e-05,1
"19966",0.0109947412891668,0.988456155951379,0.000510593129102316,3.80464278571831e-05,3.29069041564306e-72,1.95229807307637e-11,3.40822304601118e-169,1.17468442379928e-16,3.51309833165542e-105,4.63182971153978e-07,2
"19969",0.0253447850238932,0.0348544763738154,2.04361046780803e-16,0.00222087501435304,0.00682929473479101,0.00817017682397673,6.14783523283982e-79,0.922580391889753,9.86593507298447e-20,1.39417688780845e-10,8
"19972",0.0321209888486005,0.0205601669388404,4.39958948233296e-21,1.5805935368934e-10,3.19815043089337e-11,0.947310143266642,5.6903712312372e-19,8.52361178865419e-06,7.80187251249461e-13,1.77143307324663e-07,6
"19974",1.05704985205086e-08,0.00105884524186379,8.09393556806862e-40,3.57247849259354e-19,4.66227327000579e-12,0.949324248600743,0.0299413469047723,2.65572427927642e-06,0.0196728920861911,8.66989486907378e-10,6
"19976",0.982648085798701,0.0156907538383577,1.65172772493242e-07,0.0015200214519206,1.08196285399243e-09,8.01876980556308e-05,1.59654466735093e-17,4.18888372065927e-05,1.88723611931143e-05,2.37598300810795e-08,1
"19978",0.682674231460427,0.0257666595038201,0.291500421008697,4.92816947171113e-05,3.337708825968e-13,9.36631789983658e-06,4.4896194238938e-40,5.80369433941773e-10,1.17300676780188e-18,3.94337347443294e-08,1
"19980",0.000208089254629649,4.6737473319244e-05,6.32530928191953e-25,9.74433964919004e-08,0.793297400728502,1.22231137913726e-07,5.67456725357836e-09,0.0012721943035035,0.205175352723102,1.67842134273767e-10,5
"19982",0.00217294675236645,0.993409838705573,3.47077416043411e-17,0.000356817859210711,4.25280010438449e-19,4.51820127733098e-09,1.24209822609604e-25,2.45346913336673e-06,0.00405750299093862,4.35704576110597e-07,2
"19984",7.48143787164902e-09,0.336266005115095,2.40384674049937e-19,2.1356020005679e-13,4.23549236438982e-32,2.18176291068049e-09,0.663655097757723,3.97353156939506e-15,7.88857683507513e-05,1.69541277154746e-09,7
"19986",9.01886153188989e-05,0.0638794876275084,0.926202671277496,0.00982302937368193,3.30313483247814e-88,3.74039303013977e-32,1.06263939997942e-165,8.49136150004926e-27,3.92880846050652e-113,4.62310599490652e-06,3
"19988",1.9330409514555e-07,0.0193340171863737,0.980341507473899,0.000246165532533358,2.23966894311874e-122,9.46574530532388e-43,8.26001284690599e-163,1.93465025606239e-42,2.9343690084134e-118,7.81165030984661e-05,3
"19992",2.20365614042018e-07,0.00508051678151523,0.993972332181342,0.000946792159880062,6.53150388126726e-85,6.528229427191e-45,5.15456912452573e-110,3.02725760739064e-30,1.52866351621682e-81,1.38511649014375e-07,3
"19994",0.0402442525618217,5.42383963189986e-06,8.93786264634518e-11,0.000358763143085761,0.936581001594784,1.66437572164893e-08,1.49981669814064e-43,0.0228104847147684,4.26563449186342e-13,5.74123459061036e-08,5
"19996",0.000360606274053695,0.00958344961096666,0.986951518602641,0.00310442039864589,1.66593542172397e-70,1.25622213984402e-36,1.02201638812105e-98,1.17682361528515e-32,2.97180003138062e-71,5.11369303573348e-09,3
"19998",9.95351270672547e-09,0.9998536848271,8.90637558984708e-18,1.86287805598481e-07,4.53957776441069e-31,2.32104244503383e-08,3.58021311789052e-119,0.000146094543978903,4.71305360446755e-46,1.17717797297595e-09,2
"20000",5.14544024059072e-14,5.83524626893457e-06,8.41917488329058e-36,3.39264612146772e-05,2.52580683919523e-16,1.25345126977143e-19,8.133316721446e-92,0.999747972010853,1.90160758672632e-35,0.000212266281612014,8
"20003",0.314255514107222,0.000188463775031695,1.56062195839381e-09,0.0119267525409121,0.227044242957459,2.75901899231088e-07,1.40244795380315e-82,0.446584098715605,2.15655938586823e-26,6.50441248626078e-07,8
"20005",0.000155948215124565,0.000127250186489555,2.77965724819025e-28,9.32684696186004e-10,0.948959028330499,7.01663460124954e-05,1.16480570665796e-12,0.0506876048119896,5.23639394685545e-10,6.52395819564575e-10,5
"20007",0.248834336519633,0.0555966091981476,0.00021405142491662,0.695354893876193,2.20986392266276e-28,1.08968049344403e-15,1.64503889259559e-63,8.62741372528984e-08,2.90252065358701e-22,2.27069721141997e-08,4
"20009",8.42611858923364e-05,0.99989129465041,1.2115063760928e-05,3.4227914618392e-08,5.21400218956261e-70,1.0551900250137e-20,2.92433649434492e-87,1.57189323890141e-25,1.21755480161288e-72,1.22948720219454e-05,2
"20011",0.83216438979418,0.155069009427481,2.19710074498281e-14,2.65251722887182e-05,1.98049510599393e-09,0.0124309665036933,5.71813086075766e-29,0.000309101312749544,2.30031144533343e-20,5.80909074657845e-09,1
"20013",0.0432861541322971,0.0251153230765948,1.23114358818889e-11,0.0535003051912036,4.43398589695335e-05,9.08846121370012e-08,3.52164820237293e-10,0.0641804388375928,0.813873347630642,2.36114088953601e-11,9
"20016",2.30940241660291e-09,0.750937296519412,0.24447252811212,0.00452945891178867,3.56168679118887e-115,3.5906258570693e-35,1.18710439182109e-125,1.27441124481561e-32,2.54608557542422e-85,6.07141472772779e-05,2
"20018",9.0555638991618e-36,2.74350168236667e-09,5.87656014968318e-11,3.39555467615518e-07,1.05968020546635e-193,4.3510424852927e-93,1.58022753392523e-237,6.70702780146572e-61,1.21149612718717e-206,0.999999657642265,10
"20021",0.405073344104449,0.003473065662304,0.571422245720696,0.0200237798799567,1.49576184226753e-20,1.39838662498692e-21,3.12048281708607e-120,6.36619576124736e-13,2.42821113440756e-62,7.56463195801423e-06,3
"20023",0.919312329790879,0.0288175551842609,0.0294900928375327,0.0223684974764528,1.01995916691059e-17,3.06696884501735e-17,5.85855175409514e-56,6.75466799569746e-06,5.98443196399439e-31,4.77004287934848e-06,1
"20025",1.41802782377302e-13,0.000187173853737184,5.93219974498544e-06,0.000770346599931747,2.16753114521447e-111,1.47360904305623e-59,8.14525985519102e-191,2.49352288595147e-43,7.07508538565355e-132,0.999036547346444,10
"20027",0.00128512937113419,0.00249645357017193,2.88601181760496e-25,9.79398500149325e-07,0.000136947128657326,0.0808223951618486,3.67504498987567e-66,0.915258079801762,1.09867252045802e-32,1.55679254078859e-08,8
"20029",0.000995882531365947,0.0234960774532066,1.79324167615358e-23,9.85818163710097e-07,4.07154336215147e-10,0.966388987219131,7.31545791389928e-35,0.000195245034176689,0.00892282153658186,2.19754242957233e-13,6
"20032",0.0140627036394261,3.18775192451201e-05,2.92734338782003e-20,5.16779550243328e-06,0.0141813604081854,2.98011574585955e-05,3.91781870408887e-52,0.971689064927942,6.54866937413458e-25,2.45522405708192e-08,8
"20034",2.60513737144822e-09,0.000851311567351569,4.46333753046448e-32,6.04373722572519e-24,1.77330209009234e-28,0.99914674845685,1.18260378395163e-90,1.34438878940625e-08,1.13939616595714e-72,1.92392677260621e-06,6
"20036",4.47421202976675e-09,0.978112586792832,1.84900729301642e-14,0.00308609550063954,4.13936176952785e-24,2.4689578617767e-14,1.34966307262328e-43,0.0188012608557136,3.49786300450042e-19,5.23765600223684e-08,2
"20038",0.00123043614271269,0.00431898927731665,0.729538103221558,0.264912343104574,3.74990066826423e-50,3.14567794789239e-34,1.20204305208808e-164,1.62490441263142e-13,3.35864869109069e-90,1.28253676520144e-07,3
"20040",1.57253142374183e-11,0.187704777220664,0.000115929439636007,4.68480891340515e-11,5.15266459498171e-136,1.571929747585e-32,1.22652196095843e-144,1.17728062565728e-47,1.43846393897318e-131,0.812179293277127,10
"20043",0.00500601141595105,0.0218871215463126,0.726981509266761,0.24612535550413,8.71378809675141e-31,2.05107014702359e-39,2.4596893805204e-100,2.03830985924292e-16,1.26636675642733e-64,2.26684457284784e-09,3
"20045",1.32800615803494e-09,0.00997653820367568,0.987522605548222,0.000141768882155626,1.68191168592352e-123,3.58736231044023e-57,1.15672746816583e-120,1.46098973571322e-49,7.50812485500721e-102,0.00235908603794023,3
"20048",1.19789177863925e-19,0.000278167736893287,2.18253005134211e-33,5.08164371932507e-19,3.83954545959403e-77,1.36368278750501e-12,0.999721829017772,4.93742966843769e-24,5.64514818226047e-20,3.24397095721888e-09,7
"20051",0.00280359394152024,0.0337490258010993,4.29318259071437e-06,0.96344261224566,8.20146340951175e-15,3.58160005934803e-33,5.69399015458277e-47,2.77498522557677e-09,1.7142631045754e-16,4.72054136172127e-07,4
"20053",0.507334513020977,0.450199073806094,0.0375892557859846,0.00487637017601064,1.22297711386232e-28,9.38816402143037e-16,3.33920677296514e-58,5.48822481520767e-13,2.15169786285846e-45,7.87210384501152e-07,1
"20055",0.000162801544351797,0.00124675901387135,5.96881471981961e-06,0.998582835558654,5.17091530115102e-38,2.03325135409875e-25,2.39878854220449e-168,7.51493230594768e-08,3.71886847285346e-78,1.55991908007494e-06,4
"20057",4.66551550960815e-46,3.0880074049475e-20,7.7894964999639e-65,2.58732895536006e-18,1.98338626039615e-116,6.46787847447214e-50,7.12775613273764e-81,1.00775756312631e-21,1.09184548103034e-89,1,10
"20059",0.874585849846183,0.043042879119775,0.00359769615212924,2.14546757462465e-05,1.78373896492394e-35,2.36254115591683e-15,1.17600088626082e-76,4.73463002640048e-13,1.60521749313785e-53,0.0787521202056903,1
"20061",0.982343060610278,0.0148818739547784,0.00164872484325241,0.00105990397386472,1.53568988897755e-23,2.37431779038715e-11,2.25301737195945e-76,2.03769851609779e-10,1.6444923075466e-31,6.64363903130013e-05,1
"20063",9.21640440049363e-30,0.993804898391001,4.50152134415471e-20,1.0370668560984e-24,4.98170444799661e-137,1.54085124857242e-26,7.05923160463968e-33,2.88482550587141e-47,3.49757067695305e-61,0.00619510160899914,2
"20065",1.7332839405527e-11,4.6687258025237e-08,0.00333918644161268,0.827627971631715,1.11677717199478e-90,8.70140439207051e-72,2.45388958843211e-231,1.82482492711445e-30,1.52185298650067e-141,0.169032795222081,4
"20067",5.8930956905963e-05,0.125662193013556,0.824495189861768,0.0497413109127288,9.27581114691267e-56,2.66845557728108e-49,5.23606302600897e-53,5.29975545026583e-26,1.32308678834483e-41,4.23752550416774e-05,3
"20069",0.000124748975774432,0.000108469839500659,1.84947759569016e-23,2.91664449848184e-07,0.0421586148352986,3.04456643342436e-09,6.04368350893021e-12,0.000319750322428945,0.957288121135877,1.76060486682754e-10,9
"20071",2.22911541872337e-07,0.99529862370216,1.05198639376495e-11,0.00381852753767657,1.73607261328145e-53,2.3003726277082e-09,6.20873963464335e-122,0.000882318579183619,3.63861058302741e-44,3.04958546022073e-07,2
"20073",0.187231435710443,0.811264304117609,7.26399158918329e-13,3.43167111823475e-10,5.47682492496956e-08,7.72738081432247e-05,0.00129685940021039,4.59759518194314e-09,0.000129755440518565,3.11813337988131e-07,2
"20075",1.2433276339749e-28,2.09001671498852e-14,2.3405788624774e-36,0.00588958951857199,2.11415680301449e-69,6.86133813470061e-61,1.61336788705192e-120,5.1065313639499e-10,2.60255378810471e-76,0.994110409970754,10
"20077",0.0031199219038028,0.0038776562292832,0.946938267717842,0.04606414999993,7.15357159312363e-38,6.37901531205457e-17,2.14280295493286e-53,4.13835277945086e-09,2.82803882239712e-28,1.07894151481846e-11,3
"20079",3.32916124992075e-10,0.999554822521377,4.69363223350082e-11,0.000445176511392092,2.81751570372171e-40,4.31538716657394e-30,1.78209130872505e-39,1.19642456594006e-20,2.08698191284775e-24,5.87378669451672e-10,2
"20081",0.0187878394607804,0.00224765580221808,0.184537184547548,0.794098855352294,1.47458958262252e-40,2.45475869261587e-42,5.50405553367819e-115,1.24251940861906e-15,9.57800901557114e-46,0.000328464837158892,4
"20083",2.17506091891366e-19,0.999999993407449,4.36913846656001e-24,2.24450098158231e-10,1.94508006674505e-62,8.4150062589846e-18,9.84050191100034e-38,1.30317070152774e-11,1.34483564480252e-32,6.35506953141794e-09,2
"20085",6.33358979476698e-09,0.00313721177322339,0.99065875385728,0.00619468988991725,9.22293745925355e-106,4.89041609636772e-54,6.11463453573256e-189,6.01746418703387e-38,1.73915667011119e-130,9.33814598942915e-06,3
"20088",0.0405834370698957,0.0114492106996856,0.878490722694392,0.0694760520923993,8.92757337590675e-37,1.98111699512864e-36,7.11248886501921e-111,1.58569202623296e-16,2.15760790329818e-61,5.77443626795474e-07,3
"20091",1.17301184340153e-13,1.51966348163616e-10,3.91165215494028e-11,0.843048532783907,4.27756894345483e-78,1.03841985173381e-59,2.55335630954302e-101,2.26666962228961e-19,6.31538776035986e-60,0.156951467024893,4
"20095",5.31543161120771e-09,0.999983882583514,5.05910972176443e-18,1.36602664215566e-14,1.1919488076238e-70,1.99535070623974e-08,2.03956998315603e-34,4.26020643387029e-28,2.01394242348099e-35,1.6092147533966e-05,2
"20097",1.61424383936732e-08,0.00303970834173651,0.984337918269329,0.0123891241947319,2.0577911961092e-102,3.03470163555122e-57,8.13262892054411e-185,7.62966941333753e-35,3.54797534113134e-120,0.00023323305176434,3
"20099",2.04784069245893e-05,0.999894672542875,6.9418212396791e-05,7.29500247407289e-14,1.36163646500262e-75,1.54307830200881e-05,1.82486443760101e-59,4.48681038439003e-33,1.83720168073391e-56,5.47099912998876e-11,2
"20102",3.46429063080116e-16,0.00388514813113646,6.66425596010159e-19,2.21662155530741e-05,1.60901996582303e-80,1.17980636273161e-37,1.79953577183999e-22,5.56738936821746e-22,3.39119410929447e-25,0.99609268565331,10
"20105",0.000975953253245276,0.325504301500125,0.227216915103263,0.446302829993278,4.33988399126451e-45,9.29538532387135e-30,9.92879575990639e-59,1.07673152791365e-26,9.49284220925356e-33,1.5008920138553e-10,4
"20107",0.0461314634473285,0.0194596754181887,0.848742994645816,0.0856658655486801,1.97649048872618e-53,7.26554692467709e-21,1.76518324780079e-99,9.85814065764808e-16,7.90661015622583e-57,9.39986041945096e-10,3
"20109",0.0153499956932356,0.979415598439191,0.00523437759919585,1.02237529842532e-10,8.55683867424093e-35,2.89480594864426e-11,1.11173853043966e-19,1.25142761472319e-27,1.06434705790934e-22,2.81371924367931e-08,2
"20111",5.71824122537171e-14,2.34761639371207e-14,5.98042623047583e-36,1.02774485426533e-05,1.09884536002105e-28,4.27605983589929e-35,2.41703377876873e-76,7.23368618817374e-07,1.83300133431596e-30,0.999988999182758,10
"20113",0.0746100267543773,0.873815539651059,0.000244242197631788,0.0513300217952165,1.58383294655803e-46,4.15032229420281e-09,3.24593082942997e-131,3.17475001678312e-08,9.60420585655915e-78,1.33703893376388e-07,2
"20115",0.00798149051315827,3.8547102064075e-06,2.07820589220504e-25,2.13190102578364e-06,5.3192797721539e-06,1.15698014128117e-07,3.46751940851622e-53,0.246919872467055,1.98802458919068e-22,0.745087215430769,10
"20117",1.34058613802334e-18,5.50671446101646e-06,5.88048954061325e-25,6.70589114034448e-11,1.38122708221561e-119,1.37263503062716e-23,1.19984196719876e-171,7.37704934706682e-28,1.24448536045906e-149,0.99999449321848,10
"20119",0.000173202312818849,0.997824308619228,0.00196929912259759,3.31554347948652e-05,1.20173868726058e-68,1.39288718770825e-11,2.63226079639435e-206,2.58185978022672e-16,1.38649859645347e-126,3.44966312064077e-08,2
"20121",0.020974789392544,0.0248365813287523,0.915157658680414,0.039030208878248,1.17159465383184e-57,1.23654672405298e-27,1.91034972193038e-130,1.46341256681413e-16,2.58423348584034e-83,7.61720041369148e-07,3
"20123",7.75847452667181e-16,5.86054126100542e-10,6.06882997405556e-12,0.711149012959208,1.67132303290938e-74,4.4917456860602e-67,5.36377774619121e-162,1.92589176705751e-14,6.40013175331974e-99,0.288850986448649,4
"20125",0.00140246686295078,0.000150720038349448,1.77101964784635e-16,4.1940415619614e-05,4.58921826947152e-06,1.45509203136084e-07,1.50662695481435e-07,0.000377870672915048,0.998022090152473,2.64675234387695e-08,9
"20127",1.32242052092496e-07,0.0228851669781001,0.977106622561691,7.52629747258468e-06,6.39485342085754e-94,4.71644909330501e-42,2.81873775847004e-95,2.62298230035601e-46,2.33730864465395e-76,5.51920684523182e-07,3
"20140",0.000249641221386196,0.00473414673318028,7.13018207751658e-10,0.993633038747228,7.89329881105317e-39,1.60630877810918e-22,9.03456150875556e-142,3.41673242734376e-06,1.62432766668506e-74,0.00137975585275987,4
"20142",1.10125629481887e-09,0.000837939892799049,1.23170131422998e-27,1.32480553460644e-10,6.60285857083002e-23,1.10332959908331e-09,0.99351676110182,1.11169505214128e-08,0.00564526676597859,1.87853854186169e-08,7
"20144",2.14013811981415e-06,7.14489572982738e-06,1.4371511211166e-25,0.000810300628050484,2.31304576957146e-08,1.00378017019665e-13,7.33890548393997e-29,0.964981265444699,7.46276539196776e-08,0.0341990511351888,8
"20146",3.92968260044734e-07,0.965916342181298,4.2785983070526e-16,0.0253905551621761,3.05969805860647e-16,3.27699719136784e-20,2.29379062390514e-21,0.00791082503382913,5.08847969808585e-10,0.000781884145588808,2
"20148",0.367962130434599,0.0114093445475344,4.60266776431376e-08,0.269830703423382,0.162382875078454,5.44030956819812e-12,1.09320875801744e-47,0.188414810495854,9.64996224932994e-12,8.99784078582378e-08,1
"20150",6.22571835104916e-06,0.000143094777447043,1.33835006469114e-33,8.1136085577583e-13,0.000559174084492321,0.0169708719469739,0.00141720373684469,0.00010982648936198,0.980793603124703,1.21014981564006e-10,9
"20152",0.702842353792005,0.00673834137447264,2.05489708058754e-06,0.0196609336437652,0.0103424237363398,1.55935946902201e-10,5.55461206603786e-45,0.260413856322994,6.40457480969009e-16,3.60774065682863e-08,1
"20154",1.39168907867165e-17,3.53672240687033e-05,5.93021152622483e-06,0.673473095878725,2.03014129352844e-96,2.04439479808656e-83,7.1398470454032e-97,2.36387356921992e-33,5.610984436303e-77,0.32648560668568,4
"20156",0.0132817442015805,0.976620192384678,1.03356500375007e-05,0.00841417413660399,2.11319170442586e-46,2.34934517666026e-14,4.27839053669289e-35,4.45638279169847e-10,4.91041321047203e-19,0.00167355318143807,2
"20159",2.30220787634332e-05,0.00236536827777526,4.42957118598416e-24,3.46009237465765e-06,0.972353732689688,2.40193296492194e-14,1.83330605131632e-20,0.0252415137623875,1.28655550763063e-05,3.75439101715171e-08,5
"20161",4.31485957098736e-10,0.999729654140888,5.35110955429428e-19,2.12769101180637e-10,1.7462509264724e-36,1.24225172126836e-11,2.15891449029357e-17,1.01086225676882e-08,8.42601383349931e-14,0.000270335093727592,2
"20163",0.979915021205672,0.00231404148007213,1.63741507769795e-08,0.0158495130467485,6.40638699664836e-06,9.76261734913167e-14,2.90022502668922e-91,0.00019917967849185,2.19738717008974e-39,0.00171582182777107,1
"20165",1.70223807733848e-08,0.999999728053901,3.80679029969572e-08,1.54770213809042e-09,4.71899413202619e-58,1.6514365507098e-22,1.9612244588562e-09,9.34996913500466e-34,1.99033350888484e-13,2.13346689407653e-07,2
"20167",0.640572624169846,0.00455496582714897,1.3641761249789e-07,0.0092064947657041,0.345152009727344,1.55465089672221e-08,3.76972525671696e-17,0.000352035996861447,0.000161717539667923,9.3066553841236e-12,1
"20169",1.62024158173535e-16,4.95256155911312e-05,2.46104444988644e-32,1.32903095768581e-16,1.04592843678665e-52,2.45363922598949e-12,0.999950473607172,9.22037383926866e-18,6.00264109313239e-12,7.68780218223126e-10,7
"20171",5.67940229693174e-27,9.78107400865214e-06,6.66076179900681e-09,0.00208576081717479,2.54628396781445e-141,6.3867112341907e-91,2.51504568286318e-98,3.64628698359648e-45,9.6179450817194e-90,0.997904451448055,10
"20173",5.66456060329111e-14,0.999856552329976,3.94371505304881e-17,9.30140125804656e-29,8.31376308666518e-83,6.85582803830377e-09,2.0475156932819e-63,8.23462607563045e-37,2.62000928887477e-60,0.000143440814139271,2
"20175",0.990453894509143,0.00483925100137804,4.93643375667472e-12,0.00133397641406063,7.54672843966009e-06,0.000389837502257244,2.83244455887513e-23,0.00297200091331863,3.1987579326533e-06,2.94168534116485e-07,1
"20177",0.01100289547733,0.988972549622909,2.48593317252385e-06,1.95778807536187e-14,2.62124022217569e-55,2.11725318241048e-05,2.69204868962104e-71,6.93664109908925e-21,9.39160189541062e-66,8.96434745242002e-07,2
"20180",0.0062074235493781,0.016476398838678,0.908154234080881,0.0672724643430469,1.40488006371656e-64,1.03034149522507e-32,8.7977338229408e-220,2.29053745512335e-21,7.12847310264881e-144,0.00188947918801562,3
"20182",1.62368112501733e-35,4.56679105207455e-07,1.60780902326758e-70,6.0155227034651e-32,9.4478152869219e-84,4.02928766889157e-10,2.56296816413146e-10,1.76095570566309e-19,1.46078029524758e-33,0.999999542661669,10
"20184",0.00139031637792178,0.0648560123165588,2.75297801183788e-14,5.28948400067899e-06,2.27823872546388e-14,4.31727995904699e-07,0.000396244390700313,6.91186768257705e-06,0.933344793456046,3.7904330399331e-10,9
"20187",5.23348502253939e-07,0.692307812029161,7.29361698397399e-16,9.80713909185238e-17,9.98500204294029e-48,0.307568646765809,9.41292674466722e-58,1.03655435952646e-09,1.06866101679413e-42,0.000123016819972473,2
"20189",0.91414128797861,0.0623949359284346,0.0234509569880941,9.83095919331395e-06,1.65141186428872e-18,2.97979600822467e-06,1.08402439456411e-99,5.08886449648001e-12,1.39442438419913e-48,8.34457089132113e-09,1
"20192",4.82217830408035e-10,8.61229379637293e-05,3.48618222097514e-11,9.52033011484116e-11,7.78453004007455e-72,5.34836165723377e-34,2.82801958000721e-171,4.12259540842754e-30,7.0687347672501e-130,0.999913876449753,10
"20194",2.75189222619759e-15,0.991456110291564,4.14081341623579e-32,3.51629427078924e-11,5.58491331664199e-33,0.00347572695819245,4.50486772607062e-35,0.0050681625157356,2.25781542116353e-16,1.99341472953286e-10,2
"20196",1.79544559583979e-12,0.000297067400703718,0.0148246402647578,0.984852699210171,1.28277303548864e-84,9.39960371768133e-60,9.10394392534826e-150,5.78804140289034e-30,7.58487919640443e-104,2.55931225722576e-05,4
"20198",0.834945690066243,0.0808713712695305,1.68623381808751e-05,0.00427850225776979,4.72427402083118e-12,5.47961347356097e-13,1.80951029724443e-55,0.0635289990003909,3.99350701413438e-22,0.0163585750626126,1
"20204",0.00140133101042373,0.000358626090896799,1.97636894137191e-22,3.60680767114913e-07,4.08048578042139e-05,1.81777429975845e-07,0.000492756169572225,5.39775524347378e-05,0.997651846592561,1.15268110448247e-07,9
"20207",5.48947353093984e-06,0.0909959183520614,0.636620629434871,0.272052438139775,1.46394384655664e-72,2.0525962000729e-49,1.81311560721862e-76,4.85051419424023e-24,1.26631633983541e-48,0.000325524599762071,3
"20209",3.52554009152198e-07,6.44367006852857e-09,5.54022132633656e-32,8.695845048471e-05,7.88565029114974e-18,5.8431703055026e-10,6.67758397360733e-115,0.336553058341287,9.38401641332457e-53,0.663359623626232,10
"20211",9.05962915752532e-16,1.67048114317474e-09,7.14818127768884e-10,0.912273438075258,5.73392798348717e-62,5.26684168797135e-79,8.25503902522248e-124,6.60546077385216e-15,1.23090169867158e-67,0.0877265595394353,4
"20215",1.10080537015794e-05,0.0558306292209428,0.0357165109223205,0.908441851237212,1.85179435376112e-40,6.14052397182896e-27,7.94042939144898e-105,4.1935189113049e-10,7.14874427348289e-47,1.46470948381066e-10,4
"20218",8.37506513838397e-07,0.00146519436192937,1.99525242321307e-25,5.67367275324452e-09,2.40779780720309e-16,2.55681834124881e-08,0.72940921771838,2.10883771036677e-08,0.269124695765566,2.31737723882299e-09,7
"20222",6.44334249487603e-06,0.0163619370969334,0.00792529926796235,0.975705161726262,3.05283869645822e-43,4.11501990167915e-51,7.62756238818538e-88,1.04296338938558e-21,1.54643231370042e-44,1.15856634711256e-06,4
"20225",2.24776544192645e-06,0.0453247830913685,4.09868433195073e-26,0.0013042140848316,5.79676496066037e-09,1.73962846083558e-11,2.17098852291414e-25,0.939352779105357,1.43365276503918e-07,0.0140158267735628,8
"20229",2.61251400343673e-12,0.104827370949215,5.87320130233222e-17,0.0231926751738749,6.05420766465094e-34,2.35809941895012e-21,1.4741173599692e-121,0.871938593539873,3.88916574921006e-38,4.1360334424965e-05,8
"20232",0.21075262967958,0.0609389824046997,6.70814589515892e-05,0.728235692352665,2.80428834024486e-33,5.05821682560106e-22,2.41189255486333e-97,8.71297537170843e-10,7.57573207986698e-53,5.61323280622275e-06,4
"20234",1.33320780877326e-16,5.33425827413475e-05,0.0201597053563294,7.93983049677017e-07,4.13911030844604e-157,6.73074619928444e-59,2.35462044484725e-227,1.04886909519152e-60,5.50173379977037e-192,0.97978615807788,10
"20238",0.0545025278401988,0.6860815978518,0.201794058002498,0.0570677189380332,6.66987337890071e-64,3.08529207566849e-27,4.30689630915678e-88,7.01091194737605e-23,2.78120553865534e-53,0.000554097367470172,2
"20253",4.0910540676697e-08,0.0301805161901494,0.935731466449153,0.0340879751637162,7.00611520783123e-78,1.46033983763614e-30,3.60482734852209e-132,2.45698595347174e-17,1.05515852270331e-69,1.28644121097616e-09,3
"20255",0.00603994727459688,2.77590386664138e-06,3.55876932917875e-15,0.00532435391925415,0.918870640090464,1.52606057416876e-15,4.11493413493e-38,0.0697622152952703,1.12975649185918e-09,6.6386786671028e-08,5
"20258",0.00431888439046422,0.00486220654258749,0.990771923488835,4.44715869741309e-05,3.04111260053357e-49,1.10355833689378e-26,4.87527405425994e-117,2.46010128073693e-29,4.95108557346016e-74,2.5139911388176e-06,3
"20269",0.0815779422620573,0.496822566861091,0.421597884972124,8.70120033956403e-07,2.56405822421311e-38,1.83641510184417e-14,8.87794998741505e-26,2.51711682497881e-28,2.49164356731069e-19,7.3578467508965e-07,2
"20271",0.0035260736247844,0.890292461365957,0.106099099032554,7.48558707391564e-10,1.36919938244332e-65,9.89323560102272e-12,2.0034836820221e-136,3.87338597544036e-29,5.64978229383858e-97,8.23652182524935e-05,2
"20285",6.30221640923396e-05,0.99930277133203,8.46851773759197e-22,7.01849510716681e-12,4.25258890342392e-31,0.000633716330544239,3.12089288988022e-54,4.88312710262036e-07,5.90653572520294e-43,1.85360483681651e-09,2
"20288",0.00413935742862869,0.177345034717548,0.00287530970249043,0.815640295869434,2.00041041186893e-50,1.74814229532958e-21,2.26397419446474e-77,3.46111426449265e-12,7.04134820582237e-40,2.27843827729982e-09,4
"20291",9.93911821374407e-06,0.000758863106663631,0.00745535116200373,0.906275398829126,4.81151084312773e-90,9.3994118293032e-39,3.79964288050929e-114,6.36609062045072e-26,1.74336767564292e-75,0.0855004477839929,4
"20295",0.000902512940099068,0.997500973221515,2.86763439676978e-07,4.21056252027398e-14,1.83531184790526e-37,3.12524856907189e-11,3.40158272517655e-70,1.02530131062804e-26,1.9176373685632e-50,0.00159622704365231,2
