"","V1","V2","V3","V4","V5","V6","V7","best$classification"
"19812",1.90169186332747e-05,0.10843521384176,0.000374608552749339,0.883967310747421,1.57763308980755e-21,0.0068759753401897,0.00032787459924673,4
"19814",0.000279099124075375,0.900658353226237,1.64690218787604e-06,0.0980770534385508,0.00049291704066615,0.000490920048809148,1.02194741214841e-08,2
"19816",0.000192231636208623,3.27413648808701e-13,0.000152717673794996,0.112575316525748,4.95696427351092e-21,0.00252507178932417,0.884554662374597,7
"19818",0.00444570013267292,0.00210663220786831,1.64159194421255e-05,0.992574644096143,1.54845628154764e-06,0.000834075867949811,2.09833196417967e-05,4
"19820",0.00285266855491688,2.31265524102367e-75,1.5462439896794e-24,0.000142500349038761,3.80378581441413e-56,0.00659295788425884,0.990411873211785,7
"19822",0.0982582768376823,1.4093505222025e-84,2.38392795022612e-31,1.22858735675118e-08,1.3248222746759e-46,0.901679044723323,6.26661531209122e-05,6
"19824",0.803213646964216,4.97836770978552e-41,1.01019439261769e-10,0.0958874549642104,2.40203051216615e-15,0.0917031540514124,0.00919574391913923,1
"19826",3.56402258862056e-07,0.00289941344530944,0.450697785343408,0.539659478654307,3.53036040832801e-13,0.00674284034179144,1.25812572550333e-07,4
"19828",0.0127805811368883,9.40755843532082e-36,6.05471818568119e-17,0.019472355894819,1.60909465109129e-29,0.00282255749495568,0.964924505473337,7
"19830",0.00524502722781253,0.0042403104397472,0.00039418523812573,0.0374228237050649,1.80494494740315e-15,0.952697653389248,9.01729511878503e-18,6
"19832",0.0147784603611983,1.2852094260255e-12,9.00177158626e-24,0.14835870154509,1.29754756923466e-46,0.836846546089179,1.62920032473973e-05,6
"19834",0.0363474704706978,5.08834294914735e-16,6.5624006475543e-19,0.631942044391294,3.61458028396453e-22,0.27752562860658,0.0541848565314276,4
"19836",8.98687110043532e-05,1.46636579523074e-08,0.174563298031853,0.814130193390673,2.47680491830326e-34,0.0111208748082296,9.57503945814414e-05,4
"19838",6.90776948414296e-05,0.998112065494739,5.67875584235862e-09,0.00139515808693911,3.87289802667452e-10,0.000423692657434637,2.39371426706495e-18,2
"19840",0.00129718393618742,2.12407307545097e-12,1.84517707166268e-05,0.922165117028866,2.37724882733307e-29,0.064759728658901,0.0117595186032048,4
"19842",0.000766665147377519,6.97132882538705e-10,0.999148951769692,9.96098553930806e-10,9.78857676191825e-20,8.43813896990117e-05,6.88293850052183e-37,3
"19844",0.0796611122024716,5.94606398698227e-42,4.42572200897314e-11,5.03645175680908e-16,0.920338458754445,4.28998825838081e-07,3.92620212488654e-29,5
"19846",0.000274861424998515,0.915638728844036,0.0455274051107031,1.37361958772379e-05,0.0385208984537781,2.43699706069144e-05,6.14210702678599e-28,2
"19848",8.24752482543825e-05,0.0642816590924317,0.0106333094239089,0.000240082648913852,0.924594760086193,0.00016771350029831,9.05159353333224e-24,5
"19850",0.000194376989741507,0.99018426267183,8.18222231966971e-08,0.00511430481221976,0.00163503030577771,0.00287194339820744,1.13433874871527e-18,2
"19852",4.30850645691735e-05,2.97729344982303e-06,2.43294514545749e-06,0.813444001652659,1.67110851618359e-10,0.00147228712284803,0.185035215754218,4
"19854",0.000769318934796612,0.0695903135413496,0.0295214687543195,0.00185059299057089,0.897311134796198,0.000957170982765438,9.72143540782847e-22,5
"19856",0.175364247805795,1.24450888663689e-18,1.29131246997309e-07,8.32563012814125e-05,0.0686209670273884,0.755931399734289,1.47548515800278e-22,6
"19858",0.0260003874435778,1.41484799881088e-27,4.77609231799061e-15,5.87050366784826e-05,0.0012185142610988,0.972722393236001,2.26391367045642e-11,6
"19860",0.000100332974669395,0.000909528580715646,1.62301008134984e-06,0.962624875096278,5.7810511279352e-17,0.00335293374940324,0.0330107065888527,4
"19862",8.38906719708695e-05,0.996455006084397,0.00345251055686371,1.34297830877316e-06,6.90046499044335e-11,7.24963945502737e-06,4.65990674640531e-31,2
"19864",0.11437551670387,3.40021381784287e-62,0.885624482338078,4.75336259144217e-21,4.26551013946557e-45,9.58051169760336e-10,8.45456718186748e-35,3
"19866",0.00796029641908058,1.09110210954145e-26,0.00116655016297286,0.221168207419098,1.47476833435194e-33,0.763465037713266,0.00623990828558239,6
"19868",0.999993017032319,1.39183310364429e-75,6.45382836210533e-45,2.68469548979075e-26,3.9188435863573e-58,6.9829676806153e-06,1.9808163656849e-40,1
"19870",0.00886355016270161,0.7979210037017,0.136116776735911,0.0567601557503969,1.73932432524399e-08,0.000338496256045071,1.75564379663283e-15,2
"19873",0.0336593142477233,0.00124607642782702,0.0294355524340016,0.930923939132896,6.85028833491855e-12,0.00473504719217353,7.05585288150299e-08,4
"19875",0.000845807421069052,2.65565002175212e-21,7.61383917683302e-16,0.174483275540971,4.68773068658342e-38,0.00251978866056144,0.822151128377397,7
"19877",1.93405923945647e-05,0.0782011337952023,0.00409806360848796,0.91071581481369,1.23518105656999e-06,0.00696318860507623,1.22340409197427e-06,4
"19879",0.00152596533873423,5.76417131053676e-11,8.63834487455473e-06,0.950672410344191,1.12149297224592e-08,0.047128162767155,0.000664811932474119,4
"19881",0.000176791513925453,0.000101260528724399,0.291143592329876,0.572839525555686,1.21437851050324e-08,0.135738817905782,2.22199485356884e-11,4
"19883",0.00160792289661384,0.00124898595830441,0.990136793853584,0.00342990686622043,5.9239148380469e-14,0.00357639042520607,1.23375941964246e-14,3
"19899",2.95417391431607e-06,7.64373441835173e-16,1.24435784342737e-06,0.980716017732132,1.01905247824441e-30,0.0192733673950956,6.41634101360705e-06,4
"19908",0.98879203331765,1.34076608905832e-60,3.02793105783196e-14,9.65425188049601e-14,2.53896728781383e-38,0.0112079666822235,1.29415556431327e-25,1
"19910",0.000164311237682166,8.26424873892692e-06,0.00853392683468601,0.957349297399439,2.09356634243046e-09,0.0022556528716996,0.0316885453141879,4
"19912",0.00275478111379279,0.00039121736397371,0.995118074176788,1.7769956239997e-07,1.32831470859598e-11,0.00173574963260006,3.00268663803157e-34,3
"19914",2.02550511272655e-06,2.42381984345501e-09,6.79639754361379e-08,0.977894219442527,1.38216254282152e-10,0.020439868186823,0.00166381633952566,4
"19916",0.00758324475250298,4.04450171063918e-56,8.53930674580797e-06,6.18777759257665e-07,1.92200639183011e-29,0.992407594566263,2.5967285408745e-09,6
"19918",0.000561773963199939,0.72217527429921,0.156167082196006,0.0149178828451994,0.105002321040283,0.00117566565609583,5.88377779140949e-15,2
"19920",0.000129622676943204,0.00438381355534002,0.000265049031106937,0.000154492934739245,0.994583716127835,0.000483305674035306,2.04961119985785e-21,5
"19922",0.971366534935253,2.90751419380411e-18,9.64321184801613e-24,5.77916393306814e-07,5.10840990477634e-47,0.0286328870937085,5.46451035098668e-11,1
"19924",0.000245738535914918,0.00116396136727413,0.0160953272150674,0.961798922129856,0.0096781884894565,0.0110158743606637,1.98790176700154e-06,4
"19926",1.08946097735605e-06,4.2575288236688e-18,0.000261823865757632,0.968685249315823,3.31921456846136e-38,0.0310123585917949,3.94787656473253e-05,4
"19928",0.0581348086396591,1.17943758348364e-56,0.941865190885823,1.42559827602444e-30,2.8164318760413e-41,4.74518298395792e-10,6.33347935257941e-58,3
"19930",5.5314827242295e-05,0.976993842153522,0.000146393202382451,0.022708699151802,1.04086922524282e-11,9.57504894423885e-05,1.65199956692804e-10,2
"19932",8.63933620746194e-06,0.999125651098386,2.94342624669732e-06,0.000827477669062681,1.06870174753113e-06,3.42197683497099e-05,1.64368617618563e-18,2
"19934",0.00241666340728169,4.41934672243233e-16,2.61103050745729e-15,0.661105225006347,3.4908580996886e-15,0.174135225463364,0.162342886123001,4
"19936",8.98119244693562e-07,0.00220553633170227,8.39625991573748e-07,0.994764753707917,1.47282442316573e-15,0.00302449165956512,3.48055557820208e-06,4
"19938",9.00324404248959e-05,2.87409178002831e-51,2.01761047696631e-13,0.0422192917883266,7.13935512583644e-21,0.95397131834179,0.00371935742925664,6
"19940",0.00262363272005903,2.6355209670812e-06,0.432662116812881,0.560798555286241,1.60848255891798e-09,0.00390026136144172,1.2796689927294e-05,4
"19942",0.00269550165234872,9.49902918571436e-36,0.997287003909793,3.99139097305352e-18,2.1051967383018e-36,1.74944378583673e-05,6.99925296368247e-40,3
"19944",3.8188378244935e-07,1.26174244455748e-08,0.0275405774298351,0.898219409682991,2.67973854024046e-12,0.00157025880128605,0.0726693595820016,4
"19946",1.16794695534976e-05,0.000155617029771741,9.18727763327078e-05,0.991991585579428,5.39281343765134e-05,0.00746603152993197,0.000229285480605726,4
"19948",0.00375966501429684,1.31676191740953e-29,0.996240334250626,3.51935534712143e-18,1.30268529609229e-30,7.35077093580056e-10,2.8910693076892e-39,3
"19950",0.00123562067187107,1.92125285086353e-13,1.15207524679192e-09,1.31302347295784e-09,0.998761385514963,2.99134787542856e-06,4.25407945730264e-32,5
"19952",0.00375966501429684,1.31676191740953e-29,0.996240334250626,3.51935534712143e-18,1.30268529609229e-30,7.35077093580056e-10,2.8910693076892e-39,3
"19954",2.10310502635064e-05,0.995480092848176,0.000252186064964315,0.00421819525222343,6.97366830804682e-08,2.84250476547195e-05,3.52283455710315e-14,2
"19956",0.0135323212139167,1.21356427609554e-07,9.74068208959948e-08,2.1445161408441e-10,2.8238765952999e-07,0.986467177420724,3.65180201926976e-42,6
"19958",0.99986466568123,2.53160329258285e-50,3.65278798650809e-42,5.16295526197516e-21,3.87864035110115e-49,0.000135334318770293,5.96433885202173e-30,1
"19962",2.5654049047472e-05,1.80372994632147e-12,4.50188708281858e-10,0.607745050345227,1.24609992071226e-05,0.392216833923733,2.30792412891851e-10,4
"19964",0.0037587071682348,1.94475165787748e-07,0.148730469029498,0.831582058380397,1.16743005942003e-09,0.0159279372454308,6.32533843961955e-07,4
"19966",0.000648896182879988,8.73866959726697e-50,6.08826121073911e-05,0.0205517352297289,1.30759898688999e-51,0.977055783040391,0.00168270293489258,6
"19969",0.00775889974060113,0.857623216318543,0.052261439969187,0.0507747718975568,2.21864883449362e-18,0.0315816720741084,3.72255946957078e-15,2
"19972",0.0148629205362642,3.16555592445095e-08,0.984983916567961,0.000105236685384337,1.27228976355568e-05,3.51716571960863e-05,4.40087730959426e-22,3
"19974",0.00280714849005096,2.69678544055224e-05,0.393540083799205,1.75998624094697e-11,0.603625537638842,2.62199896101026e-07,3.0939852129095e-42,5
"19976",0.000501729194761612,0.00234578879737831,0.00564492588982232,0.980575026024393,0.000624258812131309,0.0103081093543252,1.61927188252018e-07,4
"19978",0.000451495734006914,6.34828943065452e-08,0.00482610419580379,0.645023317146618,4.21080333368317e-13,0.00150263754968731,0.348196381890568,4
"19980",0.000129206315007283,0.248238051181656,8.67283595228386e-05,7.64088608752333e-05,0.751429088211183,4.05170717553228e-05,3.36883083276203e-25,5
"19982",0.0645285320101216,8.29158503156594e-08,6.80305185430327e-08,0.0160419868025488,0.839545911136501,0.0798834191044594,6.85831028892906e-18,5
"19984",0.00268266699618782,7.01530407691138e-20,2.13219337542888e-08,1.66877853030982e-08,0.997076520275299,0.000240774718794444,5.85430632824737e-24,5
"19986",0.000822395810072073,2.22466050140007e-62,1.84796222741164e-17,0.0136973672106437,1.93074824532266e-48,0.105096203103819,0.880384033875465,7
"19988",0.00480257761670371,6.66278522702222e-84,5.42905949579161e-30,5.24763221461308e-05,2.79556807235198e-63,0.032482584263232,0.962662361797918,7
"19992",6.11033384597313e-05,1.35225865114057e-60,3.08067282461343e-28,0.0019835217058068,2.57144110232138e-36,0.00749855191750903,0.990456823038224,7
"19994",1.79411283951125e-05,0.971824568790662,0.000212392510460049,0.0277333540314166,1.23620067516047e-13,0.000211739299212161,4.23973049862623e-09,2
"19996",0.00383436473946037,5.76860844341601e-52,1.16646913129352e-21,0.00938755066294132,1.46107141806269e-32,0.00583964459077636,0.980938440006822,7
"19998",0.000430713791322469,3.92214198084968e-17,5.59456693595982e-05,4.59091747138806e-05,7.77428449075378e-17,0.999467431364604,8.13146914885276e-19,6
"20000",0.08904270765208,3.38548790270841e-07,3.6374774443306e-11,3.79016010502674e-07,2.26392254145229e-28,0.910956574746744,2.72708374986892e-31,6
"20003",0.000142946761306308,0.0938446891721292,0.00336446098140345,0.888357376550264,2.19362507409164e-26,0.014289922348902,6.04185995463888e-07,4
"20005",0.000278437638768734,6.32381340401147e-05,0.0790651418671895,1.009283757274e-05,0.920529324980229,5.3764542199905e-05,1.93244409568739e-28,5
"20007",0.00153519586583477,4.19336900864483e-12,7.13817104931937e-12,0.988700965823234,1.05631756773318e-19,0.00967027066926496,9.35676303351364e-05,4
"20009",0.00165834849498185,1.55166117282347e-50,7.85527227537421e-12,0.00259742845347455,1.33441671577253e-20,0.995742254795109,1.96824857917644e-06,6
"20011",0.0601788936383949,3.67671928230429e-08,0.89846399440528,0.0395434928118898,5.03666117970185e-06,0.00180854571605563,7.43234407379227e-15,3
"20013",6.30971917594494e-05,0.678881584038286,1.41235081405674e-05,0.0954885052611332,0.216653679929778,0.00889901006602095,4.88188373102821e-12,2
"20016",0.319793566273186,3.0213417179017e-68,8.73914938893453e-25,4.78503518322039e-05,4.64133410082113e-34,0.64810468419297,0.0320538991820119,6
"20018",0.999950863600892,1.2610881798181e-148,8.7250499494448e-69,7.70068046244275e-27,1.31391867921443e-118,4.91363797183439e-05,1.93890794388194e-11,1
"20021",0.00212283639585812,2.96124143025871e-16,7.9742250408061e-12,0.272862065815181,5.80159879857698e-41,0.00154477788131613,0.72347031989967,7
"20023",6.73386832270567e-09,8.47446864959316e-14,3.0975889903715e-07,0.924696671727843,1.45843175065768e-11,0.000812249300390746,0.0744907624643302,4
"20025",0.991823617695617,1.44495180365726e-81,5.72939586527644e-49,1.03372313875572e-10,1.06208196091426e-97,0.00817537213354455,1.0100674664623e-06,1
"20027",0.00039463107785201,0.00616291546274383,0.984417820418238,0.000576816977597431,1.87637747186706e-21,0.0084478160635687,2.11028142023912e-22,3
"20029",0.00985092579812503,0.948400781753693,0.0378915452108789,0.000546789078746874,2.1975705111471e-09,0.00330995596098527,9.88215121654584e-23,2
"20032",0.000140222513552363,0.826280889332429,0.168839493067336,0.00385863914505298,4.1340009541491e-15,0.000880755941624785,8.59971970820959e-18,2
"20034",0.00637603230979812,5.52838014419276e-26,0.993623352568228,3.60704137164648e-13,5.2332313780927e-32,6.15121613581733e-07,7.55151673876319e-32,3
"20036",5.92419838093553e-06,2.66066625772071e-12,5.47993304758621e-11,0.00393809733682994,1.03821669250054e-09,0.996055977369112,7.71077681690654e-16,6
"20038",0.000151045687523895,4.68503483565808e-37,1.46824241053053e-18,0.0174412282796625,8.43739917535978e-56,0.0173871849106359,0.965020541122178,7
"20040",0.725446543685523,5.33716105746017e-101,8.10578465983836e-22,2.20529360747148e-10,1.53042258914535e-50,0.274549968179652,3.48791429606498e-06,1
"20043",0.0100392883664671,2.0892287477844e-25,5.26872218448844e-20,0.10269998602127,2.31075445939824e-30,0.0113658889035383,0.875894836708724,7
"20045",0.0114970765881912,8.45845578976284e-90,3.38110077438921e-40,8.71582528180421e-07,6.56086711730076e-49,0.086275377857148,0.902226673972133,7
"20048",0.00672357867569084,1.39487990709586e-19,5.68019142531451e-17,3.6456932778961e-16,0.993276348824698,7.24996109960721e-08,1.47796777151583e-36,5
"20051",0.0174491994397628,1.62194546257191e-08,1.05788025514548e-26,0.897306649628262,1.3257064003268e-16,0.0852329438310122,1.11908815084932e-05,4
"20053",0.000195275565333003,3.03596124555343e-23,8.52276791171451e-07,0.934989758470573,6.92216474139201e-10,0.0579515190898737,0.00686259390521297,4
"20055",0.0245694466657398,7.29397515601898e-27,6.30679617424845e-17,0.0819113496512253,8.49696450090855e-69,0.89160198367563,0.00191722000740488,6
"20057",0.999999999891066,3.09456819911826e-79,3.86175207035582e-46,5.83257020352898e-44,5.61436893051369e-68,1.08934501583874e-10,1.9562113335531e-65,1
"20059",3.59519537376771e-06,6.88946753879764e-29,1.88928103239754e-07,0.871118973622565,8.44018197138412e-24,0.105613177393703,0.0232640648602546,4
"20061",4.15872795774299e-05,1.33678265423845e-13,1.18158518197257e-07,0.990346563885089,1.12155496247475e-23,0.00591101763932383,0.00370071303735795,4
"20063",0.999820985019781,1.53131498019288e-90,6.56897853199146e-25,1.42545508310553e-21,1.78961513294288e-14,0.000179014980200878,1.38242531365423e-25,1
"20065",0.420436732564788,5.43961360434765e-71,7.23238577187743e-52,8.85757513475557e-09,1.09825585280349e-111,0.490145880827406,0.0894173777502302,6
"20067",0.0106370148745587,1.37613734503341e-41,8.82001093764072e-30,0.0158120179799747,3.3275393349534e-15,0.433851200742021,0.539699766403443,7
"20069",7.92034679871072e-05,0.0247612633117967,2.83718810418552e-06,5.65860052999438e-05,0.975061689241506,3.84207853065849e-05,3.08836269198903e-24,5
"20071",0.00046216072330433,1.41732020848192e-20,1.58495127338864e-07,0.0038581204287745,3.29800939366584e-28,0.995679560278129,7.46647186489775e-11,6
"20073",0.0045568305232726,5.22217891542177e-07,0.000626660329801469,0.00275941904441989,0.990539136936339,0.00151743094827556,4.63578257970837e-16,5
"20075",0.997685796747336,2.38869567673105e-49,5.26399263732622e-48,5.38479105127442e-21,1.09289092514946e-72,0.00231420325266407,4.10476738007451e-32,1
"20077",3.32940564305885e-06,4.19243738354061e-19,2.0734302400729e-10,0.29477252091633,1.14913823427861e-12,0.0133706323535041,0.69185351711603,7
"20079",0.981463984513225,2.60246383737619e-22,5.30197252759683e-25,0.00046095366299424,9.31434980594412e-11,0.0180750617251279,5.50963336805604e-12,1
"20081",0.0241841122360751,9.53397893220337e-33,1.48311916399971e-23,0.0183771682823811,1.10253136087097e-31,0.46557113074971,0.491867588731834,7
"20083",0.0947560574621989,2.94744651007618e-33,6.26064834136386e-13,1.03184723384563e-09,4.80869423166983e-08,0.905243893418385,5.41268732560995e-26,6
"20085",0.0021484209266655,5.05532220862113e-78,2.11364620127173e-35,1.54467258193678e-05,9.82253565841965e-70,0.011888450179388,0.985947682168127,7
"20088",4.57896005080562e-05,6.46603924743122e-28,3.02726520692535e-21,0.133933055891452,2.63850146629879e-33,0.00442064218997858,0.861600512318061,7
"20091",0.473087364907293,1.08232490040755e-51,8.42031564516993e-43,8.72816316194939e-12,1.54078013708891e-48,0.526912632789018,2.29496082629739e-09,6
"20095",0.999950519553106,8.35910322774886e-58,3.27310516336271e-05,7.34508615377177e-09,6.36511659469818e-10,1.67414136624388e-05,2.05655329500307e-20,1
"20097",0.000733180970931045,1.78665484939648e-74,1.1912582615354e-40,1.99965529692012e-05,4.82759015688051e-74,0.0128352002496858,0.986411622226414,7
"20099",0.994272374733139,8.17133981898758e-45,0.00560861943599991,5.56632173906478e-05,9.74000904087732e-18,5.8706093907714e-05,4.63651956251822e-06,1
"20102",0.995702297222769,9.45672892867708e-38,4.10086891051613e-37,2.232060693737e-13,6.68839756989048e-13,0.00429770277633886,1.89326241010717e-22,1
"20105",0.387995225551434,2.16996977504473e-24,2.5433929662812e-24,0.382035855304512,3.06564407672648e-22,0.00368313412852565,0.226285785015528,1
"20107",0.000250021138549184,2.36352806101439e-32,1.49791955528291e-11,0.261895106442313,8.51466800544344e-29,0.0160489536793665,0.721805918724792,7
"20109",0.688455112139633,1.16789471644989e-24,1.52816227675791e-06,0.306345223508231,0.000166548731403223,0.00404409335306944,0.000987494105386905,1
"20111",0.999921046581258,7.39114501948293e-23,1.91363229490608e-23,9.77556524025331e-15,9.12063719038834e-32,7.89534187316756e-05,1.62175951249347e-33,1
"20113",0.001448659100399,7.52521130401477e-29,0.000207684071673435,0.554203738266941,3.73228962707907e-40,0.443348364032361,0.000791554528625133,4
"20115",0.9761325901096,0.00323693181680404,6.21739673003377e-05,0.000247792254014664,1.8539911555033e-24,0.0203205118522813,3.16924419477982e-24,1
"20117",0.99998622942273,2.3991956818515e-103,2.42535206551633e-13,8.7055730802913e-20,3.39710625110843e-79,1.37705770276322e-05,2.84328683389857e-24,1
"20119",0.0249925353991525,1.33634165619492e-47,5.94815358991326e-05,0.00539940989311925,2.78424624953493e-55,0.966505386101002,0.00304318707082727,6
"20121",9.82198477230961e-07,3.39451023814155e-42,2.00484412280896e-13,0.108015129091846,1.1647571849401e-36,0.00407864344657314,0.887905245262903,7
"20123",0.010473635261148,3.16772674637866e-54,2.00777877174895e-48,9.86804858070303e-11,5.22656897510499e-77,0.989526362589021,2.05115017458185e-09,6
"20125",2.17358265566518e-06,0.994201056151329,4.21467496929281e-08,0.00472676739600496,0.000242982039780634,0.000826978683479069,6.5894142733197e-16,2
"20127",0.0126765657649949,6.19221893903729e-70,6.35325552899009e-31,3.61605570064546e-05,5.38458859428598e-39,0.00306515560457758,0.984222118073421,7
"20140",5.85732275476779e-05,3.36362629165257e-30,3.925795082497e-11,0.309401674648034,1.22440164349942e-52,0.69053887028946,8.81795700199578e-07,6
"20142",0.000135586232076158,6.12778966860127e-06,3.70111125670669e-11,1.16356838388104e-08,0.999799629818874,5.8644486686715e-05,2.90687212743054e-30,5
"20144",2.62376356266429e-05,0.0231893049087011,6.81403398172396e-12,0.00290553264653734,1.27519643778821e-14,0.973878924802308,3.89840746514465e-22,6
"20146",0.000574924842543188,1.94263489704329e-09,5.62735474593267e-15,0.00420627091796473,6.6704542087738e-06,0.995212131842643,9.41005983086724e-18,6
"20148",2.38127696935875e-05,0.274993335379324,5.08665023220562e-09,0.720563292782969,2.1301447936962e-15,0.00441943318878599,1.20792575235221e-07,4
"20150",0.00112326625386419,0.428048575431223,0.0443754620528983,3.74943102111147e-07,0.526445141696065,7.17962284721992e-06,4.18395174347141e-34,5
"20152",9.74541471942427e-08,0.100132743856149,0.000218028106220778,0.898758255541466,2.10194727790709e-10,0.000879962227941921,1.09126038807838e-05,4
"20154",0.487780747881042,2.00179549385429e-71,1.09077055706441e-62,9.81253246339977e-12,3.53363551494157e-48,0.512213000988264,6.25112088079747e-06,6
"20156",0.000255112776608329,1.1818755670009e-23,3.15438349039767e-10,0.313493521475,9.30817427666365e-10,0.68624628415282,5.08034931689043e-06,6
"20159",0.000406509640176631,1.0483996604623e-07,1.40021161361459e-05,5.12710320683363e-05,0.997092796110416,0.00243531626123684,1.39676192773386e-25,5
"20161",4.66181062394777e-05,5.07205059208082e-16,1.26953298305724e-11,6.19254479430844e-07,0.00843194798676546,0.99152081463982,6.92106638756948e-22,6
"20163",0.125736702321956,5.34630095298112e-06,1.93372945000491e-09,0.859116248449108,1.52791506130781e-39,0.0151415015678015,1.99426452046044e-07,4
"20165",0.987567003538778,1.71761383017134e-31,8.69136892801159e-20,2.7914286397083e-05,0.012138432186487,0.000266649453907049,5.34431107117866e-10,1
"20167",0.000300715525083003,0.902401543774442,4.13022786332474e-06,0.0969738238957535,7.94101278686059e-05,0.000240349064992712,2.73839974563078e-08,2
"20169",0.000643755759303714,7.39390429169577e-14,8.84942402077816e-15,2.11629981555571e-13,0.999355386867759,8.57372642621208e-07,6.17992236319012e-35,5
"20171",0.956173011882887,1.54460628102146e-99,2.94991820280869e-73,9.38210792246614e-18,1.74612453961026e-55,0.0438269865090317,1.60808098124246e-09,1
"20173",0.997390415922386,5.18290426176825e-53,5.14900717264128e-07,4.66108358651455e-13,1.11559591020806e-15,0.00260906917642901,3.26495038494289e-20,1
"20175",0.000816203836757169,0.0293839950630701,0.0437689383725983,0.914135953096287,1.82469612613067e-05,0.0118766626102564,5.97694924435153e-11,4
"20177",0.150225756745143,2.0275925684239e-48,0.587413333755776,0.00452369737455335,7.23181564504766e-21,0.257815994882907,2.12172416207578e-05,3
"20180",0.00337971764406705,1.58364519796483e-51,1.35307657449571e-16,0.00694744575656859,1.65858879926862e-79,0.0263045537505768,0.963368282848787,7
"20182",0.999999999998342,1.9105434159458e-45,7.60483110131284e-13,6.45988011040946e-37,8.61662896406941e-13,3.58942901123785e-14,3.22503436611501e-76,1
"20184",5.63109785815638e-05,5.09255644908113e-05,1.56828090292642e-06,0.00060798766214115,0.997098113728969,0.00218509378491403,1.44656911806427e-16,5
"20187",9.82227668198665e-05,1.18790774957423e-30,0.145266257219404,5.60059458163492e-08,2.02045070694618e-14,0.854635464007811,1.32564120431462e-17,6
"20189",0.00915629616017263,2.58996229844255e-13,0.00974359251339019,0.900657036746446,9.55207328812034e-28,0.00759525665108352,0.0728478179286488,4
"20192",0.992672162551568,6.2900368030731e-60,1.34618506929476e-22,1.04394447726817e-09,1.18695389349298e-75,0.00732783639224749,1.22404996295731e-11,1
"20194",0.112777294319869,6.2148370542928e-13,0.0108016431892549,1.71430834001845e-09,0.000168161645121973,0.876252899130824,2.40233696404168e-34,6
"20196",0.556196441681379,6.88335036166348e-63,3.23800256088983e-37,2.10804672044797e-07,1.20598495646492e-59,0.244982741260358,0.198820606253591,1
"20198",4.96975759592756e-09,3.73860269539312e-10,8.83373364282748e-07,0.995347386083736,2.16723656844769e-15,0.00461048335037795,4.12418489020081e-05,4
"20204",0.000584261654873401,0.924579610324097,1.26759865710805e-07,0.000205280828332539,0.0742765906557344,0.000354129777097649,3.60821582689778e-23,2
"20207",0.00278565658541213,1.62103110371854e-49,1.84016440192762e-35,0.000642442174710416,2.55662802035273e-27,0.67298346204155,0.323588439198327,6
"20209",0.506086599816922,8.50365340869598e-13,1.86419199667956e-07,1.4995533100474e-06,5.50205679947161e-59,0.493911714209718,1.12852718209577e-25,1
"20211",0.236999462155351,1.38150165069038e-42,6.22051540167786e-57,5.12309992452621e-10,5.88910451727887e-61,0.763000422862783,1.14469556012598e-07,6
"20215",0.00143828425205694,2.94826293972258e-21,2.43713755739506e-20,0.820387970492456,1.01936677241665e-30,0.101468997601012,0.0767047476544756,4
"20218",0.000359476973706272,0.00242962671907768,4.39238710089582e-10,3.12061238383204e-07,0.997201443726825,9.1400799136779e-06,5.94776669970746e-28,5
"20222",0.376915296902655,6.61440985221092e-35,8.83314820984516e-35,0.0368690176590913,4.08619460015929e-30,0.449597434049428,0.136618251388826,6
"20225",0.000707580143708799,0.000462122198909512,3.33875930034164e-12,0.00137257607543326,8.30272494775805e-14,0.997457721578527,1.03661085650967e-25,6
"20229",0.000101057307923088,1.38739568924494e-13,1.6315236150075e-18,0.00209174229482785,3.1597256418544e-34,0.997807200397105,5.34795510288937e-15,6
"20232",0.0029290436016686,1.19574098123057e-25,8.9717580317788e-10,0.877226754807496,1.9896417445856e-27,0.119593537411751,0.00025066328190809,4
"20234",0.991802459170661,3.2081340870283e-130,2.03402936723593e-42,8.05864871541083e-15,8.15803185194246e-114,0.00174921077544158,0.00644833005388928,1
"20238",0.0229477956984013,3.49533847286639e-38,1.06620554230733e-18,0.742923524375254,6.19853973948712e-30,0.16201021321702,0.0721184667093244,4
"20253",0.000118894673565898,2.95634829002396e-43,1.39041552368255e-23,0.0186073833742772,6.78574810697648e-40,0.0907475899154494,0.890526132036708,7
"20255",0.000158417410706327,0.985701947914434,1.59259525310149e-09,0.0124742530969211,9.31483658497462e-13,0.00166537998415035,2.61451907862825e-13,2
"20258",0.00247615578760473,1.45401952570912e-39,1.87420942819353e-17,0.00746834421282331,6.54800962939684e-47,0.000406198663005683,0.989649301336566,7
"20269",0.202722997186307,3.8533297429549e-19,1.61089843524538e-12,0.692196655500709,4.34748958002182e-11,0.00289267862491945,0.10218766864298,4
"20271",0.722403178669954,7.71590212349817e-49,2.90796920644053e-07,0.00225490115801435,5.32606912809256e-58,0.00763923347091569,0.267702395904195,1
"20285",0.000792427634809519,3.98844054033438e-25,0.901544109558803,3.53618142997896e-05,4.03749820395943e-16,0.0976281009920874,1.34845853435512e-21,3
"20288",0.00545402704503391,4.49788184221124e-25,7.98046974470012e-16,0.95212484018303,5.29204097319419e-28,0.0405741762108641,0.00184695656107138,4
"20291",0.0651475280058202,3.96031375579455e-61,1.04085900762655e-25,8.13817905255358e-06,2.14972200322369e-44,0.928956650527744,0.00588768328738312,6
"20295",0.998400071741637,2.43344358398942e-28,4.67081810939335e-08,0.000878959700269827,8.42848118371454e-24,0.000720909220600874,1.26293117730617e-08,1
"20298",9.39897313812996e-06,0.994803660131218,2.27878582477281e-05,0.00464792164123927,6.00027208040906e-08,0.000516171393436464,2.38513781169132e-19,2
"20302",0.00116724616195094,8.17928682496683e-07,0.0149647638868278,0.00979260292868435,0.956728362886877,0.017346206206977,1.63418210272819e-17,5
"20305",7.96569699036493e-05,0.99918126621557,0.000239342521773188,0.000400129627971576,2.42880211446094e-15,9.96046647789779e-05,2.35192050494354e-23,2
"20307",8.5534315348495e-05,5.69552365698681e-45,1.28500155986733e-20,0.0227533483954107,1.34665723744416e-37,0.01198859806554,0.965172519223701,7
"20310",0.910951473814491,4.83592461336607e-111,6.01151481936465e-37,3.3107792871301e-09,1.92824008766323e-75,0.000315610983084671,0.0887329118916456,1
"20313",0.0126213276415997,1.37935480990938e-19,5.83318058385445e-05,6.51919872619776e-13,0.987320079473548,2.61078361816156e-07,7.10721428421169e-42,5
"20315",0.027228709655283,4.83143890328006e-42,4.48090364521945e-10,0.147463026835255,3.29458939717231e-39,0.063811116247426,0.761497146813946,7
"20319",0.0504999167039547,1.26038944505496e-55,2.50798558162011e-45,1.54343318484119e-05,2.61378245669064e-68,0.948908647799936,0.000576001164261306,6
"20321",0.0445518831186372,1.96378020054146e-46,8.94740835003248e-25,0.0194636683050222,7.9329399357239e-36,0.035651995273961,0.90033245330238,7
"20327",0.0140542006559241,1.21847548501974e-50,6.84060227053562e-11,0.00802058399533465,1.26331441143058e-40,0.000924253563105882,0.977000961717229,7
"20329",0.00756373921772793,4.35588778836157e-25,0.992109746807599,6.49703123930298e-15,2.39574558134749e-11,0.000326513950709422,1.11124778915747e-39,3
"20335",0.174363128130743,4.35628326914435e-66,4.25317724628519e-45,2.86087516248509e-06,1.89822076805976e-43,0.155215115799304,0.670418895194791,7
"20337",0.000135277042862517,0.000337729422662823,7.12973941383663e-06,8.21067089749388e-05,0.999340150590806,9.760649527936e-05,3.51657147263734e-23,5
"20339",0.00167364632558225,2.04653357866694e-35,4.59857688895021e-29,4.02225493450479e-09,1.24449478048124e-67,0.998326349652163,9.25169549998412e-21,6
"20341",0.0958138518915072,5.37954604088601e-72,1.14802068836717e-44,6.47994622321785e-12,1.81355497547233e-30,0.904186134724584,1.33774288087585e-08,6
"20343",0.0266738311305441,2.98669164557435e-73,9.53956770410472e-36,2.22145816105754e-05,1.85332680820776e-27,0.954202087031474,0.0191018672563713,6
"20345",1.90613492618712e-05,0.0220574280330571,0.270649317830729,0.690259266569054,4.06866520806009e-27,0.0170149255759392,6.4195962622585e-10,4
"20350",4.05906420650712e-05,4.20232032645582e-58,2.06036409180177e-14,2.32703992581141e-06,2.65628426910483e-26,0.999957082317987,1.20556816073101e-15,6
"20352",0.000814990285606598,4.60993328748709e-13,4.21098391880464e-15,6.62208546227601e-11,0.999184662691974,3.46955733331069e-07,2.0416435306218e-29,5
"20355",7.615067368444e-05,7.94764655917677e-19,5.21358142797464e-09,0.000393355868702646,0.0543820149128708,0.94514847333116,1.08125948122118e-16,6
"20358",0.0129254406671358,1.23012942321786e-10,0.987069942322634,1.9360055839746e-12,2.37051071759143e-09,4.61451477029527e-06,2.93055514849303e-40,3
"20363",0.00403853725659076,2.26288830615666e-31,5.15520274277721e-23,0.102461386714604,8.83348765202217e-31,0.00711707337500129,0.886383002653804,7
"20365",0.0173017512363563,1.41179030702281e-25,7.46342184977352e-24,0.00320098402400529,1.20428271530501e-44,0.959124931032304,0.0203723337073342,6
"20379",0.0139555178892874,0.00357483615871381,0.00696507904044717,0.358734745463338,3.61794555514404e-10,0.616769821086298,1.20976272011566e-13,6
"20387",0.000196795885084038,7.62664135255836e-29,1.23285292230414e-18,0.0503766986973082,8.6065799500347e-31,0.0051419787200207,0.944284526697587,7
"20392",0.508077483771802,5.78440280419138e-51,2.40992839290537e-61,8.96584585307479e-11,1.92662904611331e-80,0.491918659109878,3.85702866129637e-06,1
"20395",4.90378434251096e-08,0.0298437569302226,8.2391797011205e-05,0.96675420270951,1.46483484807391e-06,0.00330767525738514,1.04594331800538e-05,4
"20397",0.00408165192444251,2.19315024667036e-47,0.995918347816766,6.08098943033227e-30,2.58739038927529e-10,5.21711235413303e-14,1.02478046990192e-64,3
"20410",0.00394316185914145,2.47729210631264e-20,7.4287902614712e-08,0.454147538436683,2.77446472482011e-52,0.00997643046007218,0.531932794956201,7
"20414",0.140039802477873,0.715115841981572,3.5797083491316e-07,0.141434425658518,0.00261834657348428,0.000791225337711437,6.38620642318245e-15,2
"20417",0.999999504537305,9.50813728576753e-167,2.02611817574268e-56,1.03722606753419e-30,4.01054468641287e-138,4.95462694666241e-07,5.63249469572543e-16,1
"20419",0.0307767438486038,1.25644993981784e-49,3.39893875486509e-13,0.0014792462960025,3.92117092587705e-36,0.00260516329382477,0.965138846561229,7
"20421",0.0238381606542872,9.587356803513e-10,1.22866051908707e-15,0.00168666137991131,1.47386972546869e-05,0.97446043830964,1.6964333745668e-13,6
"20423",0.00164012109971044,0.955858996566161,1.18104329768458e-08,0.0140970817340329,0.0218027641581719,0.00660102463149085,2.18815240780245e-16,2
"20425",0.0776451755826655,0.0377607188669401,7.72098528827308e-14,0.0700764072093582,0.424089112434747,0.390428585906211,3.23538016483089e-16,5
"20427",0.000159754306931641,0.00168731227319417,7.84505249264375e-07,0.994393440685632,7.08580948120618e-19,0.003101955380823,0.000656752848169549,4
"20429",0.00184815329980661,1.07231222980485e-59,5.74679703630981e-20,1.69680187292249e-05,7.83205684057312e-31,0.998081349533748,5.35291477157896e-05,6
"20432",0.102585408066263,0.680993001011451,0.0001097814383474,0.000363530473355625,0.214074345399943,0.0018739336106408,4.53228631690363e-24,2
"20435",0.000829015338160978,1.960429969219e-16,3.54577034604794e-12,0.938672650573737,6.98413547682752e-38,0.0603916068326648,0.000106727251890791,4
"20438",0.000222228961453323,8.69200917943182e-43,1.04762939393768e-10,0.0492420499152296,5.52133833134564e-15,0.704141113260371,0.246394607758177,6
"20440",0.0192601436508146,1.12481880399216e-49,3.78316777642304e-12,0.00495392000544996,2.47758058206951e-26,0.0027880731525554,0.972997863187397,7
"20443",0.0159019499498651,4.51710969141353e-25,2.65923050346969e-12,2.78593401478909e-07,0.943431677719469,0.0406660937346046,1.14155620453233e-20,5
"20446",0.0022896595433869,1.43121446301309e-15,5.34922380288585e-08,0.890088375401195,8.02728156535033e-15,0.107621905448176,6.11499441141241e-09,4
"20449",8.61771626175361e-09,2.40140715715537e-14,2.08669461481726e-09,0.982818855729363,1.38512422163452e-24,0.0016038121365196,0.0155773214296825,4
"20537",0.00432431015063682,2.52723473921657e-35,7.39839106099123e-27,0.00286034878058802,5.0208632819462e-30,0.987131136397749,0.00568420467102624,6
"20540",0.23712670673807,1.96609575105815e-69,2.87670112554831e-48,1.852531527888e-12,2.29310049511825e-87,0.762863066231011,1.02270290672771e-05,6
"20543",8.91849820205884e-05,1.47157403183273e-08,1.74499914433153e-07,0.983409069352123,1.59224019051358e-12,0.0110372740657278,0.00546428238288203,4
"20545",0.263381414602131,7.41474543224897e-48,2.5281623804062e-61,7.49375675964041e-12,1.36110380992182e-57,0.736618562259973,2.31304020605208e-08,6
"20549",0.00313813528237079,0.00474325372009276,1.24779598094983e-10,0.94212967765524,0.000196860214763051,0.0493969132070757,0.000395159795677513,4
"20551",1.51972766609305e-05,3.71553693267437e-16,5.73550622163691e-13,0.0905285978514508,2.40913985894921e-11,0.00302984794280854,0.906426356904415,7
"20554",0.000878163324778774,2.25983775881856e-24,1.72424624470342e-09,0.0781847749141494,2.53432753635406e-20,0.00107717228263882,0.919859887754187,7
"20556",0.000405337500092408,2.14269411537809e-13,2.0564237901858e-18,0.832490259775325,1.52344848686666e-19,0.167040756482704,6.36462416645752e-05,4
"20558",0.00188087431771135,1.02530158822758e-45,1.54620493179853e-20,0.00684231200660793,3.33287029212389e-33,0.00211701897526431,0.989159794700416,7
"20560",0.00119922068708106,6.30469862340696e-15,3.12729445701635e-13,0.671600002039438,3.45335424389733e-07,0.0140509925127682,0.31314943942497,4
"20563",0.0059755660994484,4.85227155493485e-70,1.36821536079914e-28,4.33606703417322e-05,4.84405740499727e-42,0.00103891632624065,0.992942156903969,7
"20565",0.105601757464312,3.76761197428321e-23,1.6545879737791e-18,0.854120318807142,2.51768836327096e-12,0.039290256389649,0.000987667336379228,4
"20567",4.44960109034121e-05,0.00144353372211296,0.00151690280279468,0.000411226783833692,0.97637965216787,0.0202041885124851,4.96713567971051e-20,5
"20571",0.195402711780483,9.00389074178952e-76,9.07631977128951e-22,6.58726602885881e-06,5.38196819419534e-50,0.804590578090248,1.22863240245605e-07,6
"20573",3.06695182489832e-05,8.83176742820638e-17,1.37145646934367e-12,0.475033608100892,2.72159015655547e-11,0.0147047096289408,0.510231012723331,7
"20575",0.128964101321389,4.17695898531525e-55,3.17685157590572e-18,0.0063531806050777,4.21106711734532e-41,0.0379115221990244,0.826771195874509,7
"20577",3.75092701555179e-05,5.23328992045853e-08,5.28067436759251e-07,0.880263530204002,5.66934867888607e-20,0.119681376114456,1.7004011050373e-05,4
"20579",0.0154526744058498,3.56374461826001e-21,0.381220998344225,1.32181229367742e-17,0.603323773603208,2.55364671705297e-06,1.05204199570253e-45,5
"20582",0.00303847616690715,4.64015049879329e-58,2.32432723893516e-26,0.00135254072940214,1.43716232725103e-48,0.0051971764237405,0.99041180667995,7
"20585",0.112435535702967,1.19456049628064e-19,3.15264064082136e-39,0.00226372079464921,9.0195181894417e-50,0.882530668061197,0.00277007544118709,6
"20588",0.000331167433498038,2.18424168168658e-36,2.78935972495072e-23,3.11539241510253e-06,4.41602348407714e-32,0.999665717118127,5.59603953255229e-11,6
"20590",0.0012453021431112,3.66956126655331e-07,0.0153781504887405,1.63242365898629e-12,0.983375614297337,5.66113051882869e-07,3.6229257438645e-40,5
"20592",0.00187667546396403,2.32633647415897e-63,6.92936190324164e-25,0.000913801502709163,4.07960035262337e-30,0.0101618451539838,0.987047677879343,7
"20594",0.0129186907052763,7.45908681871963e-61,2.63605244628523e-22,0.000174490316174165,5.27647395141617e-61,0.00393899978847705,0.982967819190072,7
"20596",0.135229849560888,1.20948773156134e-30,0.00187652603929329,0.662189789754098,2.89947615824531e-15,0.011187371409028,0.189516463236689,4
"20598",6.07583403658823e-06,3.65315667834282e-17,1.09388789753739e-07,0.135209614873804,8.78550870011198e-17,0.000638998231933864,0.864145201671435,7
"20600",0.00202121360391541,5.03132391268011e-14,1.52645750511078e-21,0.0652243515912596,8.23939433809522e-16,0.93263937415752,0.000115060647254236,6
"20603",0.000424031981537363,0.069680692770188,8.66400246856415e-09,0.177355038948019,3.78697832667017e-09,0.752540223849273,1.53101759469197e-15,6
"20605",0.000394589771549995,2.07771887213766e-40,4.12786460867377e-10,0.254320128277404,5.51659852384787e-47,0.0293856299018735,0.715899651636386,7
"20607",1.46283654974247e-05,2.09264474273745e-30,2.74295561991887e-06,0.0759361414316577,1.67036081771944e-26,0.00359303889350806,0.920453448353717,7
"20609",0.007308050379354,5.31442187859238e-21,5.74387869101193e-11,0.116635840137582,2.0370969841096e-24,0.00036308547178346,0.875693023953842,7
"20611",0.000156197647810489,0.450166762287844,0.547868384759421,0.000294469595784417,4.34638108452206e-08,0.00151414224532908,2.77543376927976e-24,3
"20613",0.00254865756712064,3.15905651215633e-06,4.20099706616733e-08,0.932510893763603,1.08748371175765e-28,0.00795106824312664,0.0569861793596672,4
"20615",0.00347855211238611,5.12875785572917e-09,1.91834967808714e-16,0.660202306262225,1.88879202409002e-10,0.33404886760895,0.00227026869880164,4
"20617",0.0109546474442488,1.36740022084927e-14,2.88671003903384e-08,1.4546376731788e-08,0.988985856071555,5.94530707049828e-05,1.18055433194005e-31,5
