"","V1","V2","V3","V4","V5","V6","V7","V8","best$classification"
"19811",0.963808320521865,0.00164830416396618,9.15067275906322e-10,2.05068222339144e-05,0.000177665147450966,4.68665592242572e-08,0.0339135263954159,0.000431629167441714,1
"19813",1.09249189993392e-05,6.10929555243033e-07,6.9836730573292e-12,6.73649967722713e-08,6.2664922178597e-07,1.47272906358566e-08,0.999987732136415,2.32665375023006e-08,7
"19815",0.954503108608117,0.0356534489195373,3.97004620642558e-05,0.0014798733786889,0.00831240505841723,3.57136817107091e-06,1.09828012949372e-06,6.79392487476764e-06,1
"19817",0.994024223302994,0.00415680759526145,2.84957371281311e-07,8.89829679394722e-05,0.00139085843575228,7.76982763627411e-08,3.80096923144548e-06,0.00033496407317428,1
"19819",2.99136877429209e-06,2.49032358363973e-05,0.661479600894086,7.35396257843779e-05,0.216237553102878,0.12218129031951,7.89347919245304e-11,1.21374195926591e-07,3
"19821",0.970927958735281,0.000567920046143067,1.04246669660365e-08,8.53327311569122e-07,0.00388641089654892,4.37366523358224e-06,0.0110867364186665,0.0135257364861487,1
"19823",0.436005135109398,0.000505141485124941,0.00132707825635008,0.560430702602521,0.00166422378134925,4.14601189226542e-07,9.88085154946814e-07,6.63160789123912e-05,4
"19825",0.000756956768400621,0.00353522838288305,0.000103606354859706,7.17258977049176e-06,0.0110214544648299,0.100798815125305,0.00282086326317317,0.880955903050778,8
"19827",0.635268697311039,6.61944043656688e-05,5.02518281183645e-06,0.000231327643853643,0.00225974087956335,6.55376699890443e-07,2.73860729459975e-07,0.362168085340937,1
"19829",0.000391311374188241,0.000288448023403541,0.000122869333639801,1.12044611977855e-07,0.944728390473051,0.0491990765466519,1.60257297819639e-06,0.00526818963147489,5
"19831",2.34558386591222e-05,7.16042530480972e-05,0.0974908115913051,0.00265259689668081,0.843961079510416,0.0557999648913831,3.15588680523828e-07,1.71429826918769e-07,5
"19833",2.5875321268905e-07,0.0013712961986039,0.121051111837051,0.877521672866475,9.21645165591239e-07,3.39589099483197e-05,1.50788751516065e-06,1.92719020286506e-05,4
"19835",0.970927958735281,0.000567920046143067,1.04246669660365e-08,8.53327311569122e-07,0.00388641089654892,4.37366523358224e-06,0.0110867364186665,0.0135257364861487,1
"19837",0.96954646634862,0.000100220490338823,4.38463881877608e-07,1.67506914274031e-05,0.0101754865341891,6.79170576675032e-07,1.85877560036618e-06,0.0201580995253653,1
"19839",0.00136105858220565,0.00185135153705794,1.18139348941931e-05,8.83801022658033e-07,0.768163004338207,0.198256156209734,0.00141163579142176,0.0289440958054572,5
"19841",5.76074272138417e-06,3.23486707501653e-08,2.03298100151974e-09,1.70233875423034e-09,1.93988940698464e-06,1.948675079845e-06,2.39739985858057e-05,0.999966340610216,8
"19843",1.67365653638792e-06,0.00209561341314622,1.68239252842054e-05,2.60739343388227e-07,0.039268655632381,0.950648877216708,0.00796808911709992,6.29950121802912e-09,6
"19845",0.0606229217830194,0.000146524366004543,2.59741074719103e-10,1.90664983629204e-05,7.23184903840306e-06,1.05599926589179e-08,0.939197852077014,6.39260682720459e-06,7
"19847",0.925951359074391,0.0335307567322194,3.14777721353052e-06,0.000643274764877033,0.0326727513780525,3.01108558597619e-05,0.0071600290470042,8.57037038214078e-06,1
"19849",3.17586601451667e-05,1.233449619462e-07,1.41479421527048e-12,7.79470298324699e-08,7.33649650284395e-08,1.04018839003288e-09,0.999967909973448,5.5667846992323e-08,7
"19851",0.998145612648363,0.00120459539434858,1.9424177922621e-07,0.000289701862071275,0.000334144851879492,2.43993957593139e-08,1.06146065745045e-05,1.51119955884783e-05,1
"19853",0.91618595872453,0.000107278325513013,1.01285238444753e-07,0.0740107015610438,4.36000806861391e-06,4.83162329189795e-10,0.0095187610928711,0.000172838519572737,1
"19855",0.99715454480936,0.000174415806434248,1.39059000809161e-08,0.00039468452368901,5.54425857041242e-05,1.22467766448504e-09,0.000530770368430441,0.00169012677580456,1
"19857",0.867658412224947,0.0126404185746312,6.32678191642027e-08,5.34844301139094e-06,0.0880981594360384,3.01422527934948e-05,0.015749334316333,0.0158181214844267,1
"19859",0.971963512010818,0.00380911890087937,4.00031854701972e-06,0.0005499647906124,0.0140078692428995,1.25411210652373e-06,9.23619011280488e-06,0.00965504443402445,1
"19861",0.881750427498689,0.000648583157392989,3.78874262736173e-09,0.0001457529259776,0.000193953303768193,4.21110139327967e-08,0.117244036931067,1.7200283348568e-05,1
"19863",1.58817658785064e-05,2.36827862563262e-07,3.24749835615743e-12,3.20668561011588e-08,2.41840168084915e-08,6.96452499070267e-09,0.994308036153849,0.00567578203376444,7
"19865",0.00176589815972295,3.4917892645282e-06,9.39934504479609e-10,2.12139523214795e-08,2.98042836748272e-06,2.32139897574119e-08,6.04455736037658e-07,0.998226979799032,8
"19867",0.976427661794903,0.014552758306817,5.25805971802128e-07,0.000283292413957407,0.00298530024330888,3.24096666639958e-06,0.00574600698752765,1.21348084836245e-06,1
"19869",0.00614825842588294,1.06568020068879e-06,3.32625253514033e-12,6.28803207001322e-07,4.8153796837509e-07,4.77778658489977e-10,0.993827211539191,2.23535324452118e-05,7
"19871",0.916916369324722,0.00132067233712148,7.53155044254906e-06,0.000162958000852005,0.0457686104988113,2.94938310365705e-06,1.3151407687906e-06,0.0358195937641781,1
"19874",0.231066315492067,0.000467509174954279,1.38461233911836e-07,5.09577575736887e-05,4.43242157241459e-05,4.21513250288918e-08,2.91097282973285e-06,0.768367801774292,8
"19876",0.844458278128498,1.84123789516313e-05,9.16360319953956e-10,8.83259487117092e-06,1.79344345873878e-05,1.5458251151966e-09,0.000184236702401298,0.155312303298505,1
"19878",0.000217613730160215,0.997121507759267,2.03095207230691e-05,1.25872583586602e-06,0.000266138680304194,0.00236934977763703,2.43132504911825e-06,1.390481023389e-06,2
"19880",0.0013635683782688,7.90604172492624e-08,5.41198407423485e-11,6.52109987815326e-08,1.81780881355815e-07,3.3797731309249e-10,7.06101043028296e-06,0.998629044166906,8
"19882",0.770645688904365,0.00931589001795558,1.02305666285405e-08,0.000192305950832496,4.28677806497227e-05,1.30202321729869e-07,0.219153273952943,0.000649832960366577,1
"19885",0.928775575537431,0.0107777221328927,6.60321222883847e-07,6.35437617982131e-06,0.0600856994533009,8.88533971833095e-06,5.90763651695305e-06,0.000339195202737734,1
"19907",0.924312624045815,0.0148830168476887,7.23833157626781e-08,6.92202812393924e-05,0.000631921923397028,1.21595744977451e-06,0.0600942516977045,7.67686339004177e-06,1
"19909",0.000684806391945183,1.54467591247389e-05,4.44317091548326e-06,2.07602518896137e-07,0.995181699116128,0.00408556015092585,2.71982592126417e-05,6.38549229492111e-07,5
"19911",0.00299493673791155,0.000227812908252415,0.000139504405243559,1.61578649893922e-05,0.977629504301244,0.0117350819297067,4.72388502512269e-06,0.00725227796762701,5
"19913",7.72814144142289e-06,1.62280049457784e-08,1.09577632936341e-09,1.7687373453447e-08,1.11376927123131e-07,9.0906178658546e-09,1.50380079687931e-07,0.999991965999779,8
"19915",0.696142077848822,0.000160168412112288,9.77648488772674e-08,4.130384606984e-05,8.31341269623755e-05,1.74093160168105e-08,1.19557685353224e-06,0.303572005015015,1
"19917",0.00863593470309726,2.97735766692763e-05,2.79996015718737e-08,1.60268695921007e-06,7.7902823073554e-05,2.49019045733115e-07,1.24083612806763e-06,0.991253268355425,8
"19919",0.875416528729957,0.0052426285700425,1.41717304951233e-06,9.66604058657801e-05,0.00175456944702761,4.6938100408343e-07,8.33990215508124e-07,0.117486892302838,1
"19921",0.991176796064195,0.00705139981524063,1.3689102387711e-07,0.000112101004678665,0.0014967362925378,2.53298269732148e-07,0.000158496493221305,4.08014083286641e-06,1
"19923",0.00693916586988634,0.991528814557897,8.943649904662e-05,0.000525848248599473,0.000804495406508747,0.000103783032552615,8.40278008310154e-06,5.36054258273304e-08,2
"19925",0.0605349741729075,0.000103932034201911,3.96912992453036e-08,4.4804746155102e-06,2.94417445385638e-05,3.97618756118738e-08,4.47678194670533e-07,0.939326644442367,8
"19927",0.998857175213385,0.000314888609218536,8.45179327520179e-08,0.00013765462280371,0.000600840286786408,1.55013328139117e-08,1.33253010896828e-05,7.6015947451003e-05,1
"19929",0.00013132137426924,7.74323649431633e-08,7.49731821638032e-12,5.64936299528927e-08,1.41277832849674e-07,1.09704997021292e-08,0.439214254116138,0.560654138327768,8
"19931",0.99303891806225,0.00121950919162258,2.95192341989429e-06,0.000190695007561327,0.00510135097894868,7.24293958306931e-07,4.69260639436773e-07,0.000445381281599967,1
"19933",0.0506050626324638,0.000184151331745713,0.000209509757829732,8.14282222646146e-06,0.947135967909984,0.00168292059861349,8.83923322332994e-08,0.000174156554804394,5
"19935",0.766863705151856,0.0236446795372029,8.60255483898948e-07,2.18169619382956e-06,0.206834244236156,0.00121051361172132,0.000564330024079307,0.000879485487306423,1
"19937",0.992249570323045,0.00443548617868998,6.5890619390304e-06,0.00132944001771592,0.0019701872344126,2.40068775473472e-07,1.42996822935045e-06,7.05714719309894e-06,1
"19939",0.712112200337098,0.285856909567679,4.05731188015119e-06,5.80073847524294e-05,0.00118842063582624,2.27473777652454e-06,3.07934705027347e-06,0.000775050677937029,1
"19941",0.00164348218393916,1.35614459872072e-05,1.51663793851597e-05,1.19810926247947e-06,0.918962509706567,0.0480974772602651,0.000121969511419757,0.0311446354031746,5
"19943",0.000506801142988564,7.49019524619942e-07,8.8977857249086e-09,2.97916581412331e-07,9.43985167455966e-07,4.97974723725914e-09,4.32631315753129e-08,0.999491150795073,8
"19945",0.0116410803924108,0.00421472058869519,0.000589331456590765,2.76346181659817e-05,0.977144725774182,0.00637447116019716,4.49472141152293e-08,7.99106254351227e-06,5
"19947",0.00580485866915966,0.000357117316175899,2.03717399574624e-05,1.61941844999284e-05,0.190919191898597,0.00318493109966458,0.0179154733104963,0.78178186178145,8
"19949",0.0182888335284889,0.96897626537382,0.000906081780387602,0.000123906422392347,0.0103816896594206,0.00132260095084873,2.30132171090272e-07,3.92152470514276e-07,2
"19951",0.224676145520137,0.0492240277703227,1.73665418676502e-06,1.33140836690032e-05,0.00119163814436014,2.21351422620344e-05,5.71184075998013e-06,0.724865290844303,8
"19953",0.0001941067993197,0.00202030796890587,0.859234986112701,0.0342821436157579,0.0888144574217191,0.0154539640834726,1.7548217264097e-08,1.64499065286554e-08,3
"19955",0.000354678313673058,0.352032848599903,0.0206908335014952,0.00154226238664099,0.522324659123083,0.10304576404395,7.8158373293149e-06,1.13819392522984e-06,5
"19957",0.0590186093415105,0.000216688098385308,5.0269034652676e-05,0.00623575694214696,0.00648666684602105,2.25999074701467e-06,1.17901467542731e-05,0.927977959599782,8
"19960",0.00041041856960218,0.00709732369451322,0.000108848761056216,1.97593491845938e-07,0.825854791878955,0.166288433776687,3.0326669279375e-05,0.000209659056415281,5
"19963",0.000115161036628413,1.86974537565809e-06,0.00299020510062212,0.0888465438972943,6.28060138650242e-05,3.90278552060595e-05,1.85584632927386e-05,0.907925827887716,8
"19965",1.90635998714123e-05,0.161080764948242,0.000321986976738311,1.14050687456724e-06,0.18252693378781,0.656014966088857,3.51365089447406e-05,7.58266242163472e-09,6
"19968",0.0118871737568624,3.7175508783829e-05,4.33798731036982e-10,3.57808380748396e-09,0.0013163183314499,7.41136138183826e-05,0.228144225112973,0.75854098966423,8
"19971",2.88008194436399e-06,1.17016323818492e-05,0.000830922431456107,1.63753897884403e-05,4.74678599329093e-05,0.000237524141133346,1.19011277374273e-07,0.998853009452086,8
"19973",0.996578046024879,0.000587673321726094,1.03148292661649e-08,3.60178478298889e-06,0.000828124912041198,7.81888183707552e-08,1.90393883646554e-05,0.00198342606455857,1
"19975",0.0247034991490166,3.85431107060601e-05,1.15226447264817e-09,5.87704228910562e-08,7.5298451279976e-05,1.64986578564132e-07,1.64910189326009e-05,0.975165943360799,8
"19977",0.000248985140011727,0.000440207508186994,2.09226164510699e-06,2.85215326339217e-05,8.73336425144783e-06,8.24097026968287e-06,5.01716008555494e-05,0.999213047622146,8
"19979",1.62374855514104e-07,9.5773102286363e-06,0.00384053391541854,8.77187000075004e-09,0.212985455667327,0.783163835280826,1.3698460186231e-10,4.26542489274525e-07,6
"19981",0.701481183428114,0.00137983057682221,7.63356099761349e-07,6.85600285395761e-05,0.296154718174419,1.4699928779508e-05,0.000658240520706714,0.000242003986518744,1
"19983",0.416536308163462,0.44176145522839,7.22742237636344e-06,0.000119977019065377,0.141043311698217,8.43687735687689e-05,0.000432112646532557,1.52390483879973e-05,2
"19985",0.242419421941734,0.000106335793163437,2.86457556144922e-09,6.00242418564388e-06,1.58629107588126e-05,4.88233310022098e-09,2.3225047604662e-05,0.757429144135645,8
"19987",0.674202055965,0.000368399787986128,1.48348359102472e-05,1.96470669553745e-05,0.297633183991463,0.000117118322731116,2.49833406802307e-06,0.0276422616958856,1
"19989",3.66575671646304e-06,0.000236607461233035,0.0371586444640377,1.05283130254292e-06,0.348075676226709,0.614524351287609,4.32831886027734e-10,1.53955980385352e-09,6
"19993",0.146446436608465,0.738271655134028,0.000387719471732342,3.77953091932841e-06,0.0953473256595805,0.00844664525071336,3.18189978767349e-07,0.0110961201545822,2
"19995",0.0966074109805638,0.0489596705010794,0.000149237945294427,5.93479431125711e-06,0.81059000939253,0.0397816964368346,3.50351703552808e-06,0.00390253643235062,5
"19997",0.995656786897144,0.000347268127454474,2.58439644751434e-08,5.5786586602925e-05,0.000218659616085594,2.39331667795509e-08,1.82470672735919e-05,0.0037032019283076,1
"19999",0.980366572131864,4.09697283247197e-05,5.76144129642097e-10,8.76275019027712e-06,4.3554762895378e-05,1.68688214317041e-09,0.000518807600224975,0.0190213307634743,1
"20002",0.000270214335219163,3.41002467925806e-07,5.10482442798987e-08,2.31642827309193e-06,4.43536326435809e-05,7.80983962891871e-05,0.532970677527689,0.466633947629173,7
"20004",0.0179505447467251,1.53310788733877e-05,5.41651905696168e-06,9.15898864669291e-07,0.97555397766085,0.00534893189775446,7.29555466892319e-05,0.00105192665118582,5
"20006",0.00190338222261288,0.510973134797739,0.000671503882579254,0.000102540794642477,0.387092881915343,0.0972425033413741,0.0015124101817157,0.000501642863993663,2
"20008",0.00109135773079059,0.807910129298624,0.00115621683425319,7.77137834368134e-05,0.0127296309286966,0.17696686437286,2.57075788876983e-05,4.23794724513472e-05,2
"20010",0.00342516627908933,0.49762399428855,0.0372022767278204,0.000167629185039808,0.423792370451233,0.0377872548647709,4.39860574767256e-09,1.30380489111044e-06,2
"20012",0.217153740815565,0.00225373663254706,4.95483715798686e-09,7.81577249254136e-07,5.49416220007543e-05,5.91359683260231e-07,0.00820424460052541,0.772331958437593,8
"20015",9.35602387654537e-07,0.00175190478247589,9.33115722050963e-06,2.26535940760549e-10,0.060554397140091,0.937683210643131,2.1333960242932e-07,7.10855592202291e-09,6
"20017",0.989423453508379,6.94775842706016e-05,1.28180459582204e-09,1.08384373673037e-05,0.000226147835491106,7.2634886295117e-09,0.00156705497922456,0.00870301910997429,1
"20019",3.63536929810852e-09,0.000129994677556967,0.00995397819225173,7.47442319750173e-09,0.00999024835937767,0.979925767144771,1.00965894815342e-11,5.06154107039735e-10,6
"20022",0.000419854266637416,0.00575245879099258,0.0014808765586904,2.84361553671034e-06,0.972845953886119,0.0194976834942619,3.92067321154806e-09,3.25467089143693e-07,5
"20024",3.15889050660269e-07,0.000161562432040073,0.761496804272481,0.000229768130753553,0.0204849448864229,0.217626581389755,1.57051759140002e-08,7.29432106645365e-09,3
"20026",3.15889050660269e-07,0.000161562432040073,0.761496804272481,0.000229768130753553,0.0204849448864229,0.217626581389755,1.57051759140002e-08,7.29432106645365e-09,3
"20028",0.944625596149677,1.43967247465812e-05,4.60856098320055e-09,3.52145893249257e-05,4.32668378580323e-05,3.50110347996842e-09,5.787633522954e-05,0.0552236412534991,1
"20030",2.05985630899939e-05,8.79917853836713e-06,1.84009840011436e-05,4.74988026379769e-09,0.58722204529819,0.412664632802288,3.14881388997052e-06,6.23696101219363e-05,5
"20033",0.82925595389207,0.000234097530152638,2.77781411917122e-07,8.20222745331133e-06,0.00952406537095561,1.43706004184714e-06,1.84008519534808e-05,0.160957565285961,1
"20035",1.99457623838611e-08,0.000326845001359595,0.0230522050583315,1.68600860681758e-08,0.0175819154620647,0.95903899683865,4.05020628333221e-11,7.93243894175131e-10,6
"20037",2.60116605471363e-08,0.000748446362735412,0.00102017171418632,9.35234224425873e-09,0.0238217556834649,0.974409588906867,1.94980950128867e-09,1.89339568639853e-11,6
"20039",4.60934744264499e-09,2.14756190548096e-05,0.997863608523822,0.00200345970035322,4.15498238135053e-06,0.000107296547620066,1.02418300402533e-11,7.17893939856259e-12,3
"20041",0.00376492018320474,0.985745211437514,0.000241694054434809,0.00032350444677558,0.00974850898006811,0.000155116262665859,1.91055015445005e-06,1.91340851823943e-05,2
"20044",0.0228220789983709,0.89573030121654,0.00304909257601897,0.00135891606715186,0.0741771740869777,0.00145164351942186,1.12809830398099e-05,0.00139951255247931,2
"20047",1.32107162256618e-09,4.99611983335717e-06,0.030532180530189,2.58805793250892e-08,0.0129675540453531,0.956495233526156,6.66845393664948e-12,8.57014912666799e-09,6
"20050",0.000994943103591738,0.397058981488851,0.582009501052247,0.0017513584924276,0.00947413410243909,0.00870288488460552,1.47284675907005e-10,8.19672855350532e-06,3
"20052",0.846464768456999,0.0302407585443478,0.000218728083440939,0.000879487348011866,0.091524884001868,7.45165171040526e-05,2.20667994011957e-07,0.0305966363802346,1
"20054",4.22302896882864e-05,0.000212236767354897,2.05503158980711e-06,1.67714910933657e-09,0.911684990256348,0.088048493686971,8.35294772826915e-06,1.63934317067676e-06,5
"20056",0.00106929001525885,1.35759812181172e-06,2.66904333307732e-07,2.59827530851447e-07,5.69465711047308e-05,4.68026264302488e-06,1.52751703044001e-07,0.998867046069304,8
"20058",2.48944359181803e-06,0.000531647955713128,0.0077962831006139,3.9551329585597e-07,0.340008404965992,0.651660772156659,6.55007332674507e-09,3.14061064017175e-10,6
"20060",0.99563593784043,0.00162508012404829,8.07850072213687e-07,3.04746907394643e-05,0.00258833250634828,1.58695870943163e-06,6.9547130944933e-06,0.000110825316557758,1
"20062",0.681490339185857,0.301455950993485,2.77204354146789e-06,1.97650525787503e-05,0.0169045562807299,4.72808717406996e-05,1.3775705958662e-05,6.55598661093418e-05,1
"20064",0.00256888190126202,0.000192014336125277,3.57770541284137e-05,1.91902212314882e-07,0.991200408073208,0.00596534801741618,2.07629150751077e-08,3.73579527333376e-05,5
"20066",7.60022011165583e-07,3.28113414766495e-06,0.000100713879872021,1.28298194132844e-09,0.194493504803055,0.80539734584435,2.9203208857729e-07,4.10100149314907e-06,6
"20068",0.987099780057022,0.0116669164150847,2.32086292911203e-08,6.58481309734094e-05,0.000372412134025599,8.1523561671112e-08,0.000770478851864115,2.44596788393717e-05,1
"20070",0.963380118169391,0.0214293239036363,5.3042947142959e-06,0.0145539759857576,0.000582972260419384,2.12192668116823e-07,3.22991085802215e-05,1.57940848332427e-05,1
"20072",7.79989715875168e-05,0.0200318130892131,3.57355459011177e-05,2.31162630522322e-07,0.443841547966619,0.531131810470867,0.00488085387432038,8.91886070433751e-09,6
"20074",2.47294880536917e-05,6.21393530570291e-08,2.98900902516169e-11,2.29568380930125e-08,2.18134398181583e-08,1.94612991805997e-09,0.000198192339769487,0.999776969286526,8
"20076",0.0267836765516234,0.000321432340579347,6.74757587649232e-09,1.37609846185925e-07,0.0254539935447602,0.000174922682901284,0.324085804380153,0.623180026142561,8
"20078",0.00372602673562599,0.00198699328367866,0.000628405472894024,4.8474917601733e-05,0.98291945515412,0.0106623776025975,1.3593803806919e-07,2.8130895444264e-05,5
"20080",1.51818408481305e-07,0.000254044825437644,0.0135637851687851,1.95537411377909e-08,0.102240004992545,0.883941987417763,1.12975435224774e-11,6.21202230266426e-09,6
"20082",2.71576046019184e-07,3.40796752925773e-06,0.998181558298289,0.00124127186869093,0.000372132006653786,0.000201352788318741,9.80081832667351e-13,5.49349199936579e-09,3
"20084",0.00162916095273992,0.000308613511416135,0.00650142440738361,0.000147505895354039,0.95202075659767,0.0232933295309284,4.8519957625657e-08,0.0160991605845503,5
"20087",0.0044354557290081,0.0805554430795778,0.000251768510881734,2.98681966811777e-05,0.849050791349508,0.0656607959171931,1.56893435281877e-05,1.8787362196329e-07,5
"20090",1.76649200851611e-06,0.0461852679354885,0.17356014690346,8.23895116087102e-07,0.039623305280397,0.740628651117173,2.2924154506608e-11,3.83534327810696e-08,6
"20092",0.00237153428953312,0.0572034397043528,0.00741061643496791,0.926994377680065,0.00590875978596892,5.37272794593435e-05,5.75396273595663e-05,5.1982937023392e-09,4
"20096",0.0534235796529254,0.020269732378715,0.00596825733181198,0.911493417917541,0.00738895372513693,1.28120868569852e-05,7.53482022383051e-07,0.00144249342498988,4
"20098",0.851644935545306,0.000380503344501709,5.32031870227087e-07,1.86245703578351e-05,0.00170172666974556,3.18163174844434e-07,1.9236692987514e-06,0.146251436005745,1
"20101",1.94478897621923e-05,0.000636074129403515,0.0112772897357609,5.31559437653877e-07,0.501642607797186,0.486298606719059,7.41890982485465e-10,0.000125441427499751,5
"20104",0.00721860777154647,4.49943494295991e-05,7.73500623212397e-06,0.985801529237831,1.83095368567363e-05,8.16033282663579e-09,0.00689087802482543,1.79379129457973e-05,4
"20106",0.000209480922786136,0.0113885808910504,0.000512712135322857,2.12612106234696e-08,0.679472762024675,0.308366045630751,3.35333262522342e-09,5.03937808714619e-05,5
"20108",0.989077319786938,2.60456810935046e-05,2.87281631403254e-08,9.48687375103585e-06,0.00347960030028934,3.59748801512889e-07,7.69567546229406e-05,0.0073302021263408,1
"20110",0.209974779273443,0.446499040473156,0.0282610940774533,0.183737766791815,0.00527918325596238,0.000102187431572939,7.90399055272163e-08,0.126145869656691,2
"20112",0.00370553955078455,0.525209000211296,0.0429491006814225,2.95645253725945e-05,0.262288336615129,0.165803992576176,8.63863396041314e-09,1.44572011855892e-05,2
"20114",0.00673315552830292,1.79747088188181e-05,0.000294790093055688,1.74127341235836e-05,0.971094282793616,0.00323412862120257,2.24908486236717e-07,0.0186080306123946,5
"20116",0.000728039070385116,5.33559805343903e-05,3.38856845851378e-06,2.24656063211704e-08,0.970291432687974,0.0211343816318478,1.07782001263799e-05,0.00777860139506706,5
"20118",0.414296332095231,0.000625612342814571,4.41643223346234e-05,7.80227188461253e-05,0.54048461049589,9.88762746666707e-05,8.17579183909448e-07,0.0443715641710328,5
"20120",0.00176675894308546,0.00919699755200849,0.161844225484181,2.1272297365747e-05,0.727256764562935,0.099258530102885,4.05496438526145e-10,0.000655450652043477,5
"20122",0.000811457708987137,2.93283715052542e-07,5.25401789357049e-10,4.38361402951918e-08,1.04674197105878e-05,1.8062122751418e-08,5.62423912117369e-06,0.999172094924801,8
"20124",1.07079399922098e-06,0.00168752595788162,0.00751317208923502,3.87441546264884e-06,0.464443061296991,0.526351240847533,5.38336346063382e-08,7.65263129105242e-10,6
"20126",1.80854681813385e-07,6.91807151202496e-05,0.947137059962201,0.0480672285166917,0.00241739497509849,0.00230883053111302,3.70436030923085e-08,8.74014908907803e-08,3
"20128",1.44256433925055e-10,2.04356778438005e-05,0.801970522524804,1.34603332890928e-05,0.00054089462242674,0.19745468660406,3.65957115744698e-11,5.67244881524662e-11,3
"20141",0.217746188814593,4.10858742960695e-05,8.65972329701059e-05,0.765923278991371,0.000340062847451789,1.5135688177392e-08,1.2451511164858e-05,0.0158503195924656,4
"20143",1.24477201690873e-05,7.48039437416175e-09,7.56892961439733e-11,9.36294503963033e-09,2.81237290875245e-08,1.28497183800058e-09,2.73261178631641e-06,0.999984773340315,8
"20145",0.00142970688033254,0.00850826499148806,0.0115508215412403,5.13337726685096e-06,0.942637206711238,0.0358666800743499,2.91575599060429e-10,2.18613250894473e-06,5
"20147",0.000129850940195617,0.000433928287789501,0.000163531589613534,1.10348415114573e-07,0.976878746557723,0.0223927080948733,2.74410572015053e-09,1.12143728394144e-06,5
"20149",0.000773339781710985,3.87284711321137e-07,5.04512185815998e-10,3.28039381469699e-07,8.83537534904372e-07,1.95243583863612e-09,2.73787314928301e-06,0.999222321026564,8
"20151",0.955409397369944,0.000505536828127151,2.061972463098e-07,6.35361571126326e-06,0.00131710679426102,5.47716303150777e-07,1.4293882233931e-06,0.0427594220901839,1
"20153",0.341457388686141,0.00360357642886173,0.00181926677574941,0.00473459619612656,0.00234081564112539,1.22876082775939e-05,1.44443101325153e-08,0.646032054219408,8
"20155",2.58032140117892e-05,0.0845028695732555,0.000806438665174472,1.01971186670282e-07,0.6004038172798,0.314260712417453,2.51221193389897e-08,2.31756999082453e-07,5
"20157",0.58340926059609,5.37899712222243e-05,6.28392224226861e-07,2.00975616575381e-05,0.000467318020613975,3.70156455760121e-07,1.31190905215744e-06,0.416047223392684,1
"20160",1.99633667593623e-05,1.16431102594009e-08,2.79101386149355e-10,1.4608643497704e-08,7.51179197900457e-08,2.25167891797725e-09,3.4962108799449e-07,0.999979583111699,8
"20162",0.00381049673352101,2.18909948227473e-07,1.72170027269722e-10,1.63833518616043e-07,4.72941904961383e-07,5.29306371798516e-10,3.47725061619087e-06,0.996185169629015,8
"20164",0.0429821747064739,0.000764602370634033,8.4898146977603e-07,2.56379161740311e-05,8.50849656661816e-05,1.17421159310834e-06,1.09397015958958e-06,0.956139382877829,8
"20166",8.89368785123499e-06,4.4723030816212e-05,5.88849175684376e-06,2.56221137433509e-09,0.0936528588730451,0.905833806616674,6.56858261386904e-05,0.00038814091150656,6
"20168",3.61477416131847e-06,5.79292217897699e-06,2.12874321903511e-08,4.24216053653026e-08,0.000274382852993115,0.00213737826503975,0.997155030847363,0.000423736629226193,7
"20170",0.746294204247156,0.000200460685437131,1.59848368633756e-06,0.00023152440554959,0.00254263088745304,1.57487371312036e-07,7.6600333607259e-07,0.25072865780001,1
"20172",0.000212550250712093,0.00175334725167633,0.00139763717868398,1.65858384407939e-06,0.979038517425978,0.0175962797376673,4.5476044099167e-09,5.02383417604166e-09,5
"20174",0.725214696149803,2.36706735537588e-05,1.44071218873547e-10,3.37673688621933e-06,4.00011152322866e-05,6.50335351969274e-09,0.145557257814715,0.129160990862384,1
"20176",1.75538021129814e-05,6.74708125333313e-06,4.78365905592559e-10,1.98840786193881e-08,3.50619594887796e-05,1.78717619253082e-05,0.999921186868545,1.55816423030971e-06,7
"20178",9.51457442684744e-06,1.38883017186907e-08,7.24272384986169e-10,1.70037731455516e-08,6.01256002210901e-08,3.53910849609789e-09,1.49076924013084e-07,0.999990241067593,8
"20181",2.74949279509258e-05,1.64104545415029e-05,3.60256757377792e-05,3.29846433766588e-09,0.530650476446718,0.46541990548547,5.94994947580208e-07,0.00384908871617035,5
"20183",0.942405792291811,0.00878351447048008,7.92665833514097e-05,0.00354848724912204,0.0451706473623378,5.86137402105925e-06,2.15169172029443e-06,4.27897715674764e-06,1
"20186",0.679488291992893,0.179311683633799,0.000328545820228394,0.0292794687394622,0.107770314690916,0.000259066820237485,0.00356254066868958,8.76337746963164e-08,1
"20188",0.000181968531710906,7.25735905840306e-08,5.98862177761765e-10,6.18404709428493e-08,1.07263935666209e-07,1.80412826529659e-09,2.3338329070592e-07,0.999817554004011,8
"20190",4.82246556096079e-06,0.000245241438462718,0.000152945891614685,1.62045338499083e-09,0.28740118665084,0.712195660784884,9.89706348477955e-09,1.31251120614831e-07,6
"20193",8.02029617629391e-05,0.000124480912175438,9.95657399131026e-08,7.3841249925175e-08,8.44199844179537e-05,0.00182808479047938,0.016029420212923,0.981853217731251,8
"20195",0.182454697575979,0.0040134670992676,2.74190185814809e-06,6.4624557670659e-06,0.00193582437914715,1.88349866861665e-05,1.26319567553354e-06,0.811566708405619,8
"20197",0.000219688892914074,0.0292618346157899,0.000907115257656934,8.2964759770147e-07,0.898400970367968,0.0712095169762259,2.28849009474765e-08,2.13569470045836e-08,5
"20199",0.0706897444837337,4.60584374598823e-05,8.98822638152551e-08,4.95944261739008e-05,1.59551141641257e-05,7.02309658253401e-09,4.87044366836578e-07,0.929198063588741,8
"20205",2.24035159561342e-06,0.000906975308644423,0.947545488972991,0.0514879714632028,4.04862674307115e-05,1.68362224029299e-05,2.09703785290706e-11,1.39276248113526e-09,3
"20208",0.980679084229965,0.00291507297813392,7.39819350294998e-07,8.63591750799198e-06,0.00831718609636732,4.15622225936672e-06,1.69208930306184e-05,0.0080582038433858,1
"20210",0.0139890423649681,1.273056900093e-06,1.35439138291282e-09,5.18176688420682e-07,2.27187970418471e-06,1.79305432878848e-09,1.38173902767034e-06,0.986005509635266,8
"20212",0.145702891847865,0.000259697855615395,2.8233745957259e-07,4.15385424726464e-06,0.000260911362376135,6.90320257408545e-07,2.4379974406018e-06,0.853768934424739,8
"20216",0.000269414939930327,0.000120505222998432,8.89028214108335e-05,3.94331437174618e-08,0.964359645878405,0.0351452846212567,6.03014883983557e-08,1.61467813669086e-05,5
"20219",0.00118082939408725,0.0145729722461882,0.715489264150767,0.0104953015580526,0.237351740900461,0.0208805126218639,6.59631202489077e-10,2.93784689495754e-05,3
"20223",4.93047721334946e-08,0.00100711571035926,5.60208644368225e-05,3.95094148578549e-08,0.00479711765466967,0.99397536355661,0.000164293372210933,2.75265470987094e-11,6
"20226",0.0202384096549044,0.977574842325463,8.91630553725286e-05,1.99244192456573e-05,0.00188551821453077,0.00011316212304404,4.25099832526137e-08,7.89376974559225e-05,2
"20230",1.11995423748987e-06,8.34731910914461e-05,0.000684268988215746,6.62003707125074e-09,0.160329398946954,0.838901717234264,5.29132600003901e-09,9.7738739335302e-09,6
"20233",1.55625326825293e-05,2.86678641584829e-06,0.000376221913193837,0.99960512991431,2.89535263559856e-08,5.43077198394838e-10,2.69844689672596e-09,1.86658347730893e-07,4
"20235",1.6975715163408e-05,0.175110487816844,0.0370399228535754,0.00047807900435091,0.227789932657676,0.559483323734087,8.12766928729325e-05,1.5254292303379e-09,6
"20239",0.00135757683506257,0.292054607537602,0.000162604018697489,4.88471051971082e-05,0.543135847930457,0.161384986725245,0.00185503223203857,4.97615699740851e-07,5
"20254",2.36443958809087e-08,1.1059279279104e-05,0.999232428487506,0.000251017556434799,0.000139734778801845,0.000365736000390572,1.03468117208957e-13,2.53088931579046e-10,3
"20256",3.4970350218092e-06,0.00039266036089768,0.000523592078649653,4.32366679572287e-07,0.879480304564742,0.119599406623019,1.05986362380915e-07,9.84627146806642e-10,5
"20262",0.427189675330512,5.66175331479421e-05,1.37331449583682e-07,8.95664575859575e-06,0.00065567835793463,1.13543432899383e-07,9.87460688858633e-07,0.572087833797076,8
"20270",0.0107188584810927,0.000618021773124694,2.45062374121128e-05,2.85398130323799e-07,0.46575000830131,0.517230805164433,0.00224339479001237,0.00341411985448478,6
"20284",0.435512124141725,0.0784625173423653,0.0992589055053034,0.365053817795193,0.0215474212594172,0.000153431462833507,1.27279154091505e-07,1.1655214008097e-05,1
"20287",3.7056443909209e-09,0.000415774617523755,0.000158232501656813,5.74897007277192e-10,0.00419411506204476,0.995231869138032,4.36679530156703e-09,3.34060651134912e-11,6
"20290",0.000730240086694969,0.00406326052393003,0.96876008888111,0.0256393799717844,0.000697700062027084,9.86361762827599e-05,4.7059329270782e-11,1.06942511114335e-05,3
"20293",0.00173668929325844,0.000147327779321421,0.000226055957270771,1.32176581238414e-05,0.99694878372562,0.000927352460496502,4.7094539614406e-08,5.26031369582449e-07,5
"20296",0.278013989184528,0.000505554842997268,5.47346340692161e-09,1.44423854592193e-07,0.0294749218341949,8.86664528710509e-05,0.016630436117079,0.675286281671012,8
"20301",1.39384575004441e-09,4.32285879347286e-05,0.000258717109509405,2.72170848636331e-10,0.000503060652855138,0.999194687684735,4.17237801616225e-10,3.03881711411714e-07,6
"20304",1.13022850606083e-06,3.10273795138453e-06,0.991625302882957,0.0060489809280833,0.0021885250427439,0.000132942866406725,6.47142799298092e-12,1.53068806354941e-08,3
"20306",1.59321484588296e-06,0.000348374093137543,0.0110422919882184,1.00227298602188e-06,0.20957927064505,0.779027460920795,6.59430790132864e-09,2.70659280797633e-10,6
"20309",0.0871366877232395,0.173100791362324,0.00309964422476287,5.00515996091559e-05,0.731778111414936,0.00478881317501017,3.4486450177712e-07,4.55556356165649e-05,5
"20311",0.000856447094666952,0.000711365262483198,0.000611189490138408,9.73656668145724e-06,0.912553078753982,0.0850827238280706,4.13586739999439e-07,0.000175045417237002,5
"20314",0.968138321130238,0.000956494784141795,6.40577685289922e-06,3.63462099050963e-05,0.0164772929961338,3.54979354043097e-06,1.82376772898354e-07,0.0143814069324149,1
"20318",5.01873989645886e-05,3.41213327472811e-08,5.33855627610159e-09,1.35155190523518e-08,3.36744477061236e-06,1.12767232989129e-06,3.2598668510208e-06,0.999942004641676,8
"20320",0.402931799905649,0.590750834162921,0.000156117947536053,0.00408059370892202,0.00102744895285976,1.94030797153776e-05,6.28959169508976e-06,0.00102751265070188,2
"20326",0.937195770729602,0.000433481899537176,1.49363635820157e-05,0.000136028771124551,0.0251034282579874,5.42146866266139e-06,4.75088223021713e-07,0.0371104574212807,1
"20328",0.766475386262241,0.223248541523389,0.000122553138550946,0.0069488247069045,0.00319141524840161,5.19132842328208e-06,2.95621119457528e-06,5.13158089454419e-06,1
"20330",4.48073913884122e-05,0.910783472295354,0.00307277741598485,3.06545551981378e-05,0.0241827242777116,0.0618851371145829,1.93528153337797e-07,2.33421626290168e-07,2
"20336",0.0114479052220507,0.00385490428993422,0.586293542801347,0.343646832656765,0.0546381409230302,0.000118365412400539,2.76214053286331e-09,3.05932332084215e-07,3
"20338",0.000273279477258095,0.00442683251051696,0.884622849690831,0.083721641133681,0.0263132915085588,0.00056608248841314,8.67624381346977e-10,7.60223231159427e-05,3
"20340",2.07828863808127e-07,0.000149650092560069,0.00295065246677505,5.20935555469687e-08,0.159738454604161,0.837160964152508,1.281273489758e-08,5.94884160479205e-09,6
"20342",2.42398640479501e-05,0.0124520266772172,0.0830754712287253,0.903548323827695,1.62520866511118e-05,0.000719554135648641,1.16001340503516e-05,0.000152532045964567,4
"20344",0.000348082170592729,0.000332889689233199,0.0015531698628094,1.50953990037195e-06,0.892136520628095,0.105627643646796,8.78381270415941e-08,9.66244463934483e-08,5
"20349",3.79230084390334e-06,6.26422815821053e-05,0.000638667136347975,1.47951848599974e-07,0.605883614124786,0.393411078655053,5.66904522530717e-08,8.59086510149265e-10,5
"20351",0.00347947829913798,0.00283630977128768,0.003741884036151,6.90357218441566e-05,0.987049790858814,0.00274669170390828,8.92480902709822e-08,7.67203607662535e-05,5
"20353",2.29665323411646e-05,0.808543253390472,0.0637665019465739,2.51592215617476e-05,0.041836131646881,0.0858059767176552,2.10598776482167e-09,8.43852789891027e-09,2
"20357",5.80290982831391e-07,0.00171693096896307,0.990066357094371,0.00792187738912047,7.46734981261457e-05,0.000219580700745072,1.44745264865923e-11,4.32166221645368e-11,3
"20360",1.73501623163486e-05,0.813900907431858,0.0856687741409359,0.0931402554511013,0.000593544206533771,0.00654450640108061,0.000134298161895813,3.64044278750738e-07,2
"20364",0.0103672742408337,0.425584178806579,0.00660897876654293,5.55036608960712e-06,0.520782033301548,0.0366479710074472,7.57076234885998e-09,4.00594019725381e-06,5
"20366",0.00289920851957276,0.000807693269959323,0.408467095226122,0.584013254831504,0.00379747312555774,9.5899349980043e-06,2.08214814860249e-09,5.68301013817369e-06,4
"20381",0.00218662556241042,2.4796767154935e-06,3.10235372263164e-10,6.49218887180062e-05,2.37238883832898e-06,9.68487501534863e-09,0.985947799375348,0.0117957911128598,7
"20391",0.00882229582821369,0.59571393108473,0.00160169509296444,0.0281168962434573,0.146527445325571,0.0213466127486353,0.197871115379863,8.29656572775797e-09,2
"20394",0.978273579652829,0.0188261008868029,2.66858362588994e-08,0.000106838263597028,0.000786558474296707,3.18859292106139e-07,0.00152662537588441,0.000479951801461941,1
"20396",0.25970443323643,3.77868862595846e-05,2.9258280194865e-11,6.91268296081704e-06,3.31707615165618e-06,1.42210554216827e-09,0.734160180788946,0.00608736787788771,7
"20409",0.0691784236532909,0.00010829854475008,0.000332654210032684,2.7066225663672e-05,0.836059965919076,0.0086323079157832,1.40018303742407e-06,0.0856598833483662,5
"20411",2.8336494427849e-05,0.036162563990483,0.3340875317902,0.000290065111189104,0.532804597464003,0.0966269026764047,1.96441643129411e-09,5.08876099495761e-10,5
"20416",1.93177562648255e-10,1.99907100592012e-05,0.985298289408087,2.68722556483503e-05,0.000159378930136623,0.0144954684991301,3.01670556587183e-12,7.44548736443526e-13,3
"20418",0.185402399647392,4.30094359328626e-06,1.63711669522782e-11,2.64280922733353e-06,3.10320340246372e-06,1.19589072617312e-09,0.782003642187484,0.0325839099966395,7
"20420",0.000694505631559526,4.29772513198922e-05,0.00235652811990211,0.996895446829353,4.05910336829382e-06,5.79922753905724e-09,1.2753250735607e-08,6.46451201907353e-06,4
"20422",8.76204854685059e-05,0.0443373325829294,0.00180397457423119,4.32932841447462e-08,0.100336182253753,0.853411970349335,1.13490942714796e-08,2.2865111904472e-05,6
"20424",2.4273687157797e-05,0.151115755959304,0.191848683453209,5.42382651475242e-05,0.470644161044005,0.186312884150888,1.08473872398826e-09,2.35554951387675e-09,5
"20426",4.81422438311895e-06,4.84231730038911e-05,0.644240012713151,0.355539575539265,8.9223783267758e-07,2.20313392505288e-06,1.21841924358346e-10,0.000164078856597351,3
"20428",0.00615922420500001,0.0800313189773676,2.42119156516204e-06,6.45796986897654e-07,0.900759557480207,0.0122057398499438,0.000839006096223108,2.08640270689368e-06,5
"20431",0.541363097076945,0.349576870237485,0.00266135502922981,0.000416768405123847,0.0217068632193552,0.000878597254743728,5.15176726916248e-07,0.0833959336003908,1
"20433",2.94214716293119e-08,9.95819588969838e-05,5.10689887810206e-06,1.52645095907871e-09,0.00877168881564434,0.99110691836679,1.66724944944798e-05,5.17373453566426e-10,6
"20436",6.21395378293307e-06,2.13218461866791e-05,1.01322965711247e-08,2.07393207946705e-08,0.0017013950591861,0.00170904162667077,0.996559668304982,2.32833757391803e-06,7
"20439",0.630802976629988,2.59024933679308e-05,7.48685568563898e-11,6.88643798453289e-06,1.78820873242506e-05,5.67238210293981e-09,0.234782387413645,0.13436395919044,1
"20441",1.09299517709469e-05,0.0162128840693887,0.945958592810804,0.0374059297760691,0.000355604272771679,5.59863104684209e-05,6.35648311333503e-11,7.27451621367279e-08,3
"20444",9.68357790037707e-05,2.32615352253102e-08,1.24614070538125e-10,2.33612424160538e-08,7.44432072475396e-08,7.03170388058495e-10,7.88888043303283e-07,0.999902253439184,8
"20448",0.802852446581591,9.39739498462435e-05,0.000163825273815322,0.0022850130475533,0.0535800400843965,6.94538984323819e-05,0.000108638115262352,0.140846609049104,1
"20536",0.1545921329888,0.00387199593329705,3.77530643223371e-09,2.36821690220988e-05,0.000752630117479741,5.54921616461549e-07,0.840755593263686,3.40683079172114e-06,7
"20538",0.00851903025456161,0.00018870800930777,0.122428250245992,0.194686687431001,0.67323078504353,0.00094482654185529,1.43949913701544e-06,2.72974615528821e-07,5
"20541",2.46741821397577e-07,0.00281806907806257,0.389024219775712,3.49631783595488e-06,0.0589389295051289,0.549215037698989,7.83465947291471e-12,8.74615792906021e-10,6
