"","V1","V2","V3","V4","best$classification"
"19812",0.962135767591237,0.00124391899058832,0.0366035626230193,1.67507951555827e-05,1
"19814",0.984205835887431,8.55406581791495e-05,0.00643169235388372,0.00927693110050592,1
"19816",0.0328601786314681,1.76356683207708e-05,0.967111755896052,1.04298041586836e-05,3
"19818",0.885260448549726,0.000156950076820224,0.0861968970475303,0.0283857043259239,1
"19820",4.13140223384789e-06,0.000124587166018482,0.999871249196269,3.22354783704013e-08,3
"19822",5.48904707473054e-05,0.0554976920638796,0.944436054379101,1.1363086272362e-05,3
"19824",0.00246023946259231,0.000121684004268721,0.992969514460241,0.00444856207289773,3
"19826",0.959803982012034,3.16514440443471e-05,0.0399579431247788,0.000206423419142643,1
"19828",0.00141097297762263,0.000534712647629634,0.998041349712753,1.29646619947096e-05,3
"19830",0.997840464127288,0.000954592946863405,0.000668555934281284,0.000536386991567574,1
"19832",0.26571382735212,0.544924679060859,0.189346909278861,1.45843081605614e-05,2
"19834",0.0870097709232109,0.0179831780072666,0.894520619818273,0.000486431251249338,3
"19836",0.753053875746729,0.000334061921975766,0.246588257190066,2.38051412300868e-05,1
"19838",0.997182006681671,0.000240689768912957,0.000244771470300399,0.00233253207911535,1
"19840",0.265631259919043,9.33478109741689e-05,0.734199209078726,7.61831912566193e-05,3
"19842",0.998713296545201,6.30644991264211e-06,0.000167169832206925,0.00111322717267951,1
"19844",9.29739035234953e-05,4.86757205974076e-07,4.28169854518014e-05,0.999863722353819,4
"19846",0.767741475206668,9.35081834171818e-07,3.80089044397214e-05,0.232219580807058,1
"19848",0.896032185457937,3.82706513596529e-06,7.20144695090376e-05,0.103891973007418,1
"19850",0.646561142921355,1.96757736758362e-05,0.000699870217473374,0.352719311087496,1
"19852",0.29145087823844,0.000450781984290622,0.706856543439051,0.0012417963382181,3
"19854",0.984376335308651,9.07078501442142e-06,7.66260843278184e-05,0.0155379678220064,1
"19856",0.0361713472684592,6.02375224932169e-05,0.00222467515094111,0.961543740058106,4
"19858",0.00728531095901726,0.000484577200494787,0.0507696123752157,0.941460499465272,4
"19860",0.629221722294717,0.000288981226700656,0.370301989333156,0.00018730714542548,1
"19862",0.980195990174026,1.00674144024212e-06,1.952046228019e-05,0.0197834826222532,1
"19864",0.511304541322698,0.00235582154578727,0.309417843912781,0.176921793218734,1
"19866",0.0154681241909997,5.04288457555177e-05,0.984468376990546,1.30699726982956e-05,3
"19868",0.000269678373730603,0.999549855805227,4.04180719597365e-05,0.000140047749083137,2
"19870",0.989277642597844,1.03648610381077e-05,0.000820212312179116,0.00989178022893874,1
"19873",0.95863553892865,2.393086995865e-05,0.0383105905924191,0.00302993960897214,1
"19875",0.00696928287699313,0.000668191391871859,0.992361940800246,5.84930889171395e-07,3
"19877",0.985383858063047,9.08789476017385e-05,0.00847855416580425,0.00604670882354711,1
"19879",0.627998520497887,0.00240763611443291,0.359283440178893,0.010310403208787,1
"19881",0.981588799580187,2.58940475465215e-05,0.0145310618375325,0.00385424453473455,1
"19883",0.993841323435893,3.97314039556717e-06,0.0056023825539406,0.000552320869770898,1
"19899",0.587752908417397,0.0106983536879225,0.401388594624775,0.000160143269904987,1
"19908",0.124505949967104,0.213395822094522,0.618189871045713,0.0439083568926606,3
"19910",0.615533508181693,0.000157171660775133,0.383063047592851,0.00124627256468089,1
"19912",0.994790659863764,3.76508060153485e-06,8.65781648744889e-05,0.00511899689076003,1
"19914",0.717332512425523,0.00879872833037582,0.271372333416607,0.00249642582749431,1
"19916",0.0032364158622337,0.00021011513142252,0.994329674064172,0.00222379494217154,3
"19918",0.817423362080313,1.25136537203299e-06,0.000986445354590948,0.181588941199724,1
"19920",0.1245403789375,1.13300499282577e-06,0.000101725365641616,0.875356762691865,4
"19922",0.287388440476189,0.682970087416149,0.0295225345920858,0.000118937515576096,2
"19924",0.926732210927923,4.34493757561734e-05,0.0187965983974111,0.0544277412989094,1
"19926",0.456509411563893,0.0222001865058898,0.521280708153242,9.69377697505352e-06,3
"19928",0.497103222690915,0.00105593029770635,0.00783506042621019,0.494005786585169,1
"19930",0.997078800511201,3.68852520608975e-05,0.00206085629294403,0.000823457943794449,1
"19932",0.993735476508783,2.95966399630597e-05,0.000165888911998945,0.00606903793925525,1
"19934",0.0341156837159935,0.0030823007200298,0.962583198149891,0.000218817414085926,3
"19936",0.977092802172131,0.00128383831038201,0.0210245919262687,0.000598767591218386,1
"19938",0.00101572905792441,0.00378017381648726,0.995103209196147,0.000100887929441473,3
"19940",0.908747303204872,2.21563544755538e-05,0.0888772342925258,0.00235330614812627,1
"19942",0.934350151020216,0.00015646023458323,0.0267031062346904,0.0387902825105102,1
"19944",0.292033530725805,0.000150846281015915,0.707665187828416,0.000150435164762724,3
"19946",0.813759979876347,0.000213291335516377,0.152451974371807,0.0335747544163289,1
"19948",0.924767288341274,1.89210608306374e-05,0.00962399804903366,0.0655897925488621,1
"19950",0.00313332962233756,1.28685921026889e-06,4.58771602929431e-06,0.996860795802423,4
"19952",0.924767288341274,1.89210608306374e-05,0.00962399804903366,0.0655897925488621,1
"19954",0.996215818412288,1.34766593364449e-05,0.000519236980960918,0.00325146794741446,1
"19956",0.327506025696816,0.000378849216528895,5.38284148719245e-05,0.672061296671783,4
"19958",0.00431366999708617,0.993424210464841,0.000435428001846028,0.00182669153622694,2
"19962",0.569717240162854,0.00452373138922255,0.241601243501464,0.184157784946459,1
"19964",0.902964460743544,5.79168179940465e-05,0.0601126164896419,0.0368650059488205,1
"19966",0.000915144847756192,0.000140897144609971,0.998943475061179,4.82946455175828e-07,3
"19969",0.998464897131046,7.34169285941009e-06,0.00105588931799204,0.000471871858102037,1
"19972",0.838923599515224,7.35434710145167e-06,0.00136572817166364,0.159703317966011,1
"19974",0.0733997762306373,8.49840954286284e-08,2.87847928069257e-06,0.926597260305987,4
"19976",0.893695653334745,5.98515982422894e-05,0.0282106296485279,0.0780338654184846,1
"19978",0.284868400905811,2.13883997949461e-05,0.713394779430815,0.00171543126357933,3
"19980",0.658390745505602,7.86550623413852e-06,5.70778550138304e-05,0.34154431113315,1
"19982",0.164560431527686,0.000112829823920256,0.000681204241235356,0.834645534407159,4
"19984",0.00108047517155055,7.71606618981654e-07,6.06977291712151e-05,0.998858055492659,4
"19986",2.15253807141936e-05,0.000552456314081539,0.9994259824052,3.59000042060717e-08,3
"19988",2.16993853145494e-06,0.00089818727662578,0.999099622050336,2.07345068189324e-08,3
"19992",2.11429945553996e-05,0.000941555073957299,0.999036611842585,6.90088901725553e-07,3
"19994",0.997162567723532,0.000106701905302523,0.00251608787208892,0.000214642499076137,1
"19996",3.38457633544497e-05,0.000130759892930266,0.999834809048003,5.85295711944388e-07,3
"19998",0.854945908177736,0.000514907081447598,0.108597244362405,0.0359419403784115,1
"20000",0.978032777196661,0.0203058833985854,0.000271888089911323,0.00138945131484233,1
"20003",0.989453172381712,0.000335528257622008,0.010195274447895,1.60249127707328e-05,1
"20005",0.90158274582541,1.21233368673101e-06,3.30371562760672e-05,0.0983830046846271,1
"20007",0.301428328153914,0.00475556155444173,0.691973106170114,0.00184300412153057,3
"20009",0.00161136564686721,0.00101764777944504,0.996674887336488,0.000696099237199482,3
"20011",0.965632869173408,2.0843515072544e-05,0.00756679972759163,0.026779487583928,1
"20013",0.865816121922691,7.35497911109656e-05,0.00202959937526161,0.132080728910937,1
"20016",6.46366752254023e-05,0.00643185529569002,0.993482289492538,2.12185365464239e-05,3
"20018",2.57705510299537e-07,0.981402409962032,0.0185973130936147,1.92388426894381e-08,2
"20021",0.0188966223655509,0.000652366018945087,0.980449946893099,1.06472240554855e-06,3
"20023",0.0750875364327325,0.00219125185591621,0.92250328906427,0.000217922647081407,3
"20025",0.000113989551065841,0.417755190666535,0.582130184031351,6.35751047943335e-07,3
"20027",0.999454094978457,9.11399816821296e-06,0.000356336748575605,0.00018045427479914,1
"20029",0.965673801015369,6.28478796821377e-07,0.000122641138861506,0.0342029293669723,1
"20032",0.999508553047596,1.88458958261999e-05,0.00034279437888707,0.000129806677691003,1
"20034",0.981685369295738,3.46713855219468e-05,0.0125187558847601,0.00576120343397997,1
"20036",0.733875501065749,0.00296576641412819,0.0615294420082021,0.201629290511921,1
"20038",0.000939495557940225,0.00837474996740038,0.990685726204522,2.82701374715742e-08,3
"20040",4.05922389316271e-05,0.0146595653546937,0.985277601478215,2.22409281597993e-05,3
"20043",0.004078477937004,0.00121762575027752,0.994701477351877,2.41896084148929e-06,3
"20045",2.19617146930657e-06,0.00861216234756419,0.991385195487657,4.45993309205162e-07,3
"20048",0.000147028532237291,8.13759369243681e-07,2.04971970922494e-06,0.999850107988684,4
"20051",0.495011437987977,0.0306938250440494,0.460898772926486,0.0133959640414874,1
"20053",0.0185659639958433,0.000164682913973294,0.980778111127874,0.000491241962309796,3
"20055",0.0792757860161306,0.139609240596406,0.78111433194405,6.41443412912847e-07,3
"20057",0.000400222421792307,0.996705047567237,4.59614836660386e-06,0.00289013386260443,2
"20059",0.0193713398632848,0.00395272531272514,0.976582227803366,9.3707020623767e-05,3
"20061",0.125265867465966,0.000695056348613327,0.873621125259038,0.000417950926382794,3
"20063",0.000153657899356621,0.000909165800079155,0.0215588082000048,0.977378368100559,4
"20065",2.45417364864703e-05,0.828430503753247,0.171544952971417,1.53884947833966e-09,2
"20067",0.000406960249609146,0.0139171599599679,0.985415869467182,0.000260010323240627,3
"20069",0.418054555888659,1.29952748231621e-05,7.90162200632922e-05,0.581853432616454,4
"20071",0.595090197018401,0.00772810590250136,0.393213383420308,0.00396831365878944,1
"20073",0.102924836316428,3.18130421871226e-06,0.00155199925183139,0.895519983127522,4
"20075",0.000380242969653489,0.999590066574406,2.65004953419501e-05,3.18996059893408e-06,2
"20077",0.0168534429679376,0.000194692887874918,0.982231456650598,0.000720407493589996,3
"20079",0.0820849485159755,0.00290566554986721,0.23658654215147,0.678422843782687,4
"20081",0.00714903290574734,0.153300066387107,0.839535812308763,1.50883983831971e-05,3
"20083",0.0266278802453673,0.00169612491084537,0.00888830679203127,0.962787688051756,4
"20085",3.61750690495502e-06,0.00360216415956149,0.996394212440394,5.89313966731041e-09,3
"20088",0.000687282160205921,0.00141243194675928,0.997899759329583,5.2656345220394e-07,3
"20091",0.000147809715322212,0.996224428282972,0.00362179436795806,5.96763374827383e-06,2
"20095",0.0237077623213029,0.000415714843711207,0.0676716775776875,0.908204845257298,4
"20097",5.87934020846086e-06,0.0136288630077874,0.986365250361592,7.29041256257053e-09,3
"20099",0.00831060792357609,8.24186987562774e-06,0.977429955129538,0.0142511950770103,3
"20102",0.00415362973214383,0.135801812458643,0.00446305083137855,0.855581506977835,4
"20105",0.00584370799290405,0.000548624633437864,0.992800909435127,0.000806757938530653,3
"20107",0.000954796190507657,0.000224147048506881,0.998819178516112,1.87824487371314e-06,3
"20109",0.034291327964134,3.71476511292803e-05,0.670872719392182,0.294798804992554,3
"20111",0.394655721228114,0.580109453224608,0.000369045976870598,0.0248657795704073,2
"20113",0.0381465667826017,0.000385552335984752,0.961459120921291,8.75996012288442e-06,3
"20115",0.997219753150843,0.000479273920439531,0.00026010519772667,0.00204086773099122,1
"20117",0.0095849906242771,0.74568109337737,0.244662447804208,7.14681941451598e-05,2
"20119",0.00124509235618422,7.09724398188494e-05,0.998683608079,3.27124997023729e-07,3
"20121",0.000176200827327206,0.000563158423458244,0.999260541632919,9.91162951226913e-08,3
"20123",5.1506734350125e-05,0.997592463647222,0.00235598110953436,4.85088934500473e-08,2
"20125",0.862500299921949,7.72716408015271e-05,0.000596877409908157,0.136825551027341,1
"20127",2.64153473342831e-05,0.000439050657977444,0.999528889373149,5.64462153957036e-06,3
"20140",0.202741754401361,0.387879922473634,0.409370156632799,8.1664922063697e-06,3
"20142",0.00898135217747436,3.21409805565709e-06,8.16936069410716e-06,0.991007264363776,4
"20144",0.972775706535052,0.0131092710710569,0.000339195743718046,0.0137758266501728,1
"20146",0.576104921664899,0.00657934152812886,0.0129815895430755,0.404334147263897,1
"20148",0.984590738408158,0.000251288040474009,0.0145383562909585,0.000619617260409268,1
"20150",0.391349002602031,5.91481567683491e-07,9.85920914219206e-06,0.608640546707259,4
"20152",0.94955696678958,0.000313369815122761,0.0496896534918862,0.000440009903411264,1
"20154",2.62204746920341e-05,0.953728899621782,0.0462336244478687,1.12554556573891e-05,2
"20156",0.144467632009026,0.0227308188589932,0.763291650663956,0.0695098984680249,3
"20159",0.361964080686872,2.48077311792734e-05,8.23356588999173e-05,0.637928775923049,4
"20161",0.0176900220492262,0.000135996450797516,0.00140389504632172,0.980770086453654,4
"20163",0.94546301619091,0.00164345783198808,0.0528572844761732,3.62415009284503e-05,1
"20165",0.00176422280669118,6.46624741133377e-05,0.0189763719225856,0.97919474279661,4
"20167",0.971585186927348,2.55704866424228e-05,0.00957230429680354,0.0188169382892064,1
"20169",0.00054614193869653,1.04099095627268e-06,2.49442879032461e-06,0.999450322641557,4
"20171",2.20967604544468e-06,0.987813439360916,0.0121728072109419,1.15437520963091e-05,2
"20173",0.0089498263437747,5.71757864036163e-05,0.152429173137198,0.838563824732624,4
"20175",0.979133351439987,4.98607509042846e-05,0.00312741002933346,0.0176893777797757,1
"20177",0.02263649424944,3.0298550271182e-05,0.975725288933306,0.00160791826698308,3
"20180",0.000177842573772854,0.00303500886200054,0.996787146647389,1.91683802370798e-09,3
"20182",0.000436332608046848,3.27774318297798e-05,1.510513070386e-07,0.999530738908816,4
"20184",0.0583954636329041,9.11166251922696e-06,0.000404622381412053,0.941190802323165,4
"20187",0.432946736787361,8.16895931104534e-05,0.337813725467153,0.229157848152376,1
"20189",0.104497746365395,1.53759325512633e-05,0.895424936120294,6.19415817599157e-05,3
"20192",0.0145486485911938,0.134181376336309,0.851237799374392,3.21756981051967e-05,3
"20194",0.144438646112087,8.50484632285914e-06,0.000304750882767997,0.855248098158823,4
"20196",0.00022915010059086,0.168297430619451,0.831472539246306,8.80033652744278e-07,3
"20198",0.65304304692047,0.00830292954069949,0.337047980136402,0.00160604340242911,1
"20204",0.431303313834944,3.31750035125302e-05,0.00010145117463917,0.568562059986905,4
"20207",0.00033329292295137,0.0955522482604092,0.904062611109458,5.1847707180847e-05,3
"20209",0.951833425640895,0.0471770260883814,0.000958068004512912,3.14802662105327e-05,1
"20211",7.15041048143147e-05,0.998165283315405,0.00176298713018084,2.25449600203796e-07,2
"20215",0.0227192439103378,0.00167284643849275,0.975512803230149,9.51064210207871e-05,3
"20218",0.0236974258479627,3.15650201771025e-06,1.30757479170827e-05,0.976286341902103,4
"20222",0.0081871251334124,0.0747618416164308,0.916900302170064,0.000150731080092512,3
"20225",0.955320236133566,0.00119443914392853,0.000505013800141472,0.0429803109223637,1
"20229",0.794415846909287,0.143753178259307,0.0595387801052123,0.00229219472619369,1
"20232",0.112465609129159,0.026413748443336,0.861052681743182,6.79606843232423e-05,3
"20234",3.78862950001927e-06,0.111802901677307,0.888193292456887,1.72363064151512e-08,3
"20238",0.000759316695370462,0.00202589152552176,0.997191230552,2.35612271071993e-05,3
"20253",0.00045125599455523,0.00106760117498773,0.998476258117108,4.88471334954997e-06,3
"20255",0.997260155396416,0.00100658517634475,0.000900393191319941,0.000832866235919373,1
"20258",0.000344106747104045,9.95095645718629e-05,0.999556041756795,3.4193152957366e-07,3
"20269",0.0351210606596645,0.000171264426156136,0.914617913417898,0.0500897614962817,3
"20271",0.00149444149024347,3.05947462154073e-05,0.998472810906575,2.15285696557322e-06,3
"20285",0.893520373850512,0.000189903990519376,0.0673507420049208,0.0389389801540481,1
"20288",0.0278733281604431,0.00333713383598107,0.96858603250077,0.00020350550280622,3
"20291",0.000404302260863666,0.246047012805825,0.753541459852539,7.22508077194938e-06,3
"20295",0.141517039470651,0.000281303507816188,0.814824528155397,0.0433771288661362,3
"20298",0.991301079791541,1.15226761021498e-05,9.65700943307083e-05,0.00859082743802629,1
"20302",0.331269791264611,1.40201813260181e-05,0.00189002502244784,0.666826163531615,4
"20305",0.997971895096354,3.71095821877165e-06,5.88980808123842e-05,0.00196549586461446,1
"20307",4.70238330393401e-05,0.000626913838622289,0.999325930779214,1.31549123702435e-07,3
"20310",2.9455879795062e-06,0.00253159878500851,0.997465285786119,1.6984089308219e-07,3
"20313",0.00125022453689436,7.98378525611332e-08,5.96399739374946e-07,0.998749099225514,4
"20315",0.00134326741261916,0.000168814620782908,0.998485771540595,2.14642600235006e-06,3
"20319",0.0003895829517134,0.574566067300747,0.425043817040082,5.32707457623644e-07,2
"20321",0.000184397918033701,0.000123662254817995,0.999673491028913,1.84487982351914e-05,3
"20327",0.000151878114765855,1.69971838942055e-05,0.99982998963869,1.13506265003619e-06,3
"20329",0.651267835723562,3.86293225052874e-06,0.00216410242240463,0.346564198921783,1
"20335",3.26711206450137e-05,0.113916476132428,0.886048265890913,2.58685601355283e-06,3
"20337",0.682879343023307,2.88063532896456e-05,0.00013897123072,0.316952879392684,1
"20339",0.0209122267309338,0.966917295417255,0.0121574692879934,1.30085638180155e-05,2
"20341",6.80825584061803e-05,0.964361443966465,0.035112757519932,0.00045771595519687,2
"20343",3.84414800227621e-05,0.0102161178538106,0.989624530235878,0.000120910430288792,3
"20345",0.994592870602016,5.76361973209643e-05,0.00531937250842468,3.01206922379986e-05,1
"20350",0.180224375808145,0.317338929522744,0.463457227880722,0.0389794667883896,3
"20352",0.0009741994801042,1.11137075304288e-06,9.65478577214576e-06,0.999015034363371,4
"20355",0.0434262041032282,0.000452537195362498,0.00727432954516017,0.948846929156249,4
"20358",0.609474743943223,1.28819426230378e-06,0.000342029513735556,0.390181938348779,1
"20363",0.00056696522173602,0.000118665505994998,0.999301543571784,1.28257004846541e-05,3
"20365",0.0332050997089982,0.524637592067433,0.442152361082499,4.94714106974378e-06,2
"20379",0.995123650024155,0.00111573606214568,0.000836224036861073,0.00292438987683786,1
"20387",0.000854482093037556,0.00187384262425938,0.997270912515813,7.62766890432841e-07,3
"20392",3.42463518527895e-05,0.995826593612549,0.00413913219364423,2.78419542362076e-08,2
"20395",0.966912904367084,0.000622135347828291,0.0303522613501961,0.0021126989348915,1
"20397",0.0148939613011892,8.33163457026739e-07,2.11391799210668e-05,0.985084066355433,4
"20410",0.0182109210721191,0.000737342959709954,0.981051505120163,2.30848008006295e-07,3
"20414",0.65175922252621,2.0698737180301e-05,0.00219090394820386,0.346029174788406,1
"20417",1.9081209186933e-06,0.867275145342971,0.132722830326313,1.16209796843704e-07,2
"20419",7.99341396910912e-05,3.32729880604897e-06,0.999912509383197,4.22917830630804e-06,3
"20421",0.288913036707647,0.0302052552338166,0.00859995610700203,0.672281751951534,4
"20423",0.578446828828604,0.000305228840840025,0.000681354870427776,0.420566587460128,1
"20425",0.391018252740568,0.00109508484169285,0.0017220533427384,0.606164609075001,4
"20427",0.930043805682144,7.68425761404897e-05,0.0692035779597159,0.000675773781999899,1
"20429",0.000385247004308029,0.00450810546817698,0.994708123013942,0.000398524513572709,3
"20432",0.173827184798442,1.08803040888019e-06,0.000106325667249833,0.826065401503899,4
"20435",0.185558073690552,0.0271831255317576,0.787229345656843,2.9455120847652e-05,3
"20438",0.000780201022475565,3.0086391260313e-05,0.998642374145576,0.000547338440687628,3
"20440",0.000329155842784347,4.1626460964864e-05,0.999585304791729,4.39129045214459e-05,3
"20443",0.00309654616689477,8.55522301702283e-05,0.000553097313200387,0.996264804289735,4
"20446",0.438762243023547,0.00185935837298465,0.553250207772954,0.00612819083051499,3
"20449",0.189465547896788,0.0162372274263515,0.794244684181517,5.25404953434594e-05,3
"20537",0.00800520705902114,0.262933897696187,0.728800768952043,0.000260126292749554,3
"20540",2.30632095383311e-05,0.987166406431467,0.012810502816669,2.75423253287763e-08,2
"20543",0.716088067460497,0.0012855761171844,0.276690182579295,0.00593617384302381,1
"20545",5.07027623889325e-05,0.99810540971401,0.00184322165183682,6.65871763816104e-07,2
"20549",0.868317388269861,0.00896626739372222,0.100526901601252,0.0221894427351644,1
"20551",0.0190366475360298,0.00223404052956681,0.978573106991382,0.000156204943021674,3
"20554",0.00603809400365945,0.000161394192775778,0.993773262707864,2.72490957008494e-05,3
"20556",0.533898625908031,0.182570931049373,0.281412791370639,0.00211765167195678,1
"20558",0.000120486760554941,0.000251647637383278,0.999627149210325,7.16391737074915e-07,3
"20560",0.0165278852184003,0.000135861685439983,0.97966725867374,0.00366899442241918,3
"20563",2.22260977135109e-05,0.000341947142102303,0.999633639259158,2.18750102662346e-06,3
"20565",0.0923528183631013,0.00179212843961851,0.883367403470567,0.0224876497267136,3
"20567",0.118013490714339,5.02605226917634e-06,0.000180982014286443,0.881800501219105,4
"20571",0.00262879468151609,0.0293828952739568,0.967882047155908,0.000106262888619458,3
"20573",0.0354742459177818,0.00561007965554238,0.95821541886504,0.000700255561636414,3
"20575",5.44131417724096e-05,0.000149093977990633,0.999795894047403,5.98832833708932e-07,3
"20577",0.859985948320304,0.00268389337908115,0.137105911116684,0.000224247183931183,1
"20579",0.00298653243495575,4.13518385577745e-08,3.88680399013775e-06,0.997009539409216,4
"20582",2.4499088782967e-05,0.000167470429045946,0.999807889191358,1.41290812644935e-07,3
"20585",0.0138753152721715,0.876185437107916,0.10993631617564,2.93144427244314e-06,2
"20588",0.0100736582083023,0.97780326844216,0.011879080074915,0.000243993274622888,2
"20590",0.00705584191758245,2.8108945832483e-08,1.35542877527267e-06,0.992942774544696,4
"20592",1.09849681523504e-05,0.000117965354438864,0.999868599698958,2.44997845082393e-06,3
"20594",5.10083100246384e-05,0.000412646017385478,0.999536308685902,3.6986687813054e-08,3
"20596",0.0157841833150741,9.92818239304589e-06,0.983140626154428,0.00106526234810492,3
"20598",0.0127688974092233,0.000165879822779337,0.98705117091298,1.40518550175085e-05,3
"20600",0.147385742078267,0.746690548254977,0.10450059050284,0.00142311916391558,2
"20603",0.987508236446472,0.0050176095738049,0.00138343477620871,0.00609071920351481,1
"20605",0.000774456351102306,0.000590164949248915,0.998635265786506,1.12913143149305e-07,3
"20607",0.00250473283711845,2.1084073441521e-05,0.997472338568509,1.84452093070256e-06,3
"20609",0.0221413431334138,0.000184561552694576,0.977602727514636,7.13677992552971e-05,3
"20611",0.999249956900657,3.57719319833876e-06,6.62941760212344e-05,0.000680171730123952,1
"20613",0.55703360305802,0.00380304454158724,0.439131319401798,3.20329985949219e-05,1
"20615",0.526718020232473,0.0895577361817874,0.380510103954287,0.0032141396314529,1
"20617",0.00387648863653825,1.3984357280075e-06,4.77249466242891e-06,0.996117340433071,4
"20619",4.9804294532364e-05,5.5502293092487e-05,0.999887217857699,7.47555467597654e-06,3
"20621",0.0198358365197799,0.000525998747817222,0.979573552295964,6.46124364383613e-05,3
"20623",0.0141875580195936,6.73260402528253e-07,0.00294110024441731,0.982870668475587,4
"20625",0.895706880476344,0.0471113521651176,0.00290707665847037,0.0542746907000678,1
"20627",0.241203893492346,0.000631663723243015,0.758152181051419,1.22617329919215e-05,3
"20629",0.157442162021274,0.00404057854511292,0.837519834393197,0.000997425040416301,3
"20631",2.60533637391734e-05,0.000185503749626162,0.999774866865649,1.35760209855638e-05,3
"20633",0.000730024420755826,3.46807805224457e-08,3.38468186970698e-07,0.999269602430277,4
"20636",0.960035260603319,1.21649751587665e-05,0.00123345271653178,0.0387191217049909,1
"20638",0.769796332528548,0.0724371080116379,0.157383793136277,0.000382766323537133,1
"20640",0.00439173556488445,0.0771185377903405,0.918489660756471,6.58883042074824e-08,3
"20645",6.47114056032344e-06,0.00492974859712724,0.995063770198078,1.0064234942078e-08,3
"20647",0.000155854323089518,9.42489078536194e-07,2.1865680825968e-06,0.999841016619749,4
"20649",0.021299546512173,0.0122236199357267,0.966454998168785,2.18353833155657e-05,3
"20651",2.24034197537284e-05,0.00334027291205521,0.996612989929521,2.43337386697491e-05,3
"20656",0.00203758194324948,0.0371156341186307,0.96083788602009,8.89791802939996e-06,3
"20660",0.0152587774853542,0.904465926489168,0.0802623587511713,1.29372743060166e-05,2
"20662",0.0834254730497462,4.2898994409345e-06,0.000535944128879879,0.916034292921933,4
"20664",0.0186895534683282,4.29664356536952e-05,0.857402953620362,0.123864526475656,3
"20666",0.937300929554878,0.0613998657786253,0.00109515939272823,0.000204045273768488,1
"20668",0.509832980845433,1.91467017235685e-06,0.000187882575407259,0.489977221908988,1
"20670",0.00213242105305821,0.000409415673586016,0.997443198595378,1.49646779774425e-05,3
"20672",0.512619305820538,6.51099426851322e-05,0.000152349799635211,0.487163234437142,1
"20674",0.0900991936983035,0.000225586811869153,0.909400564311696,0.000274655178131162,3
"20676",0.917155481599275,4.01271036323637e-06,1.90673932333752e-05,0.0828214382971287,1
"20678",0.46836476535792,5.0494017943078e-07,1.76792087520581e-05,0.531617050493148,4
"20680",0.664654207475781,8.38565891213414e-05,0.00350797129362683,0.33175396464147,1
"20682",0.994660774047022,9.62247654218535e-06,0.00370199462735991,0.00162760884907623,1
"20684",0.162671825642283,0.00448244808595069,0.832782847154605,6.28791171611749e-05,3
"20686",0.0246940703454239,3.47846006885143e-06,1.92250657823988e-05,0.975283226128725,4
"20688",0.0429447278844834,1.84771402971604e-07,8.64570794086591e-06,0.957046441636173,4
"20690",0.0025521655239668,0.94620827434759,0.0512392237897348,3.36338708797742e-07,2
"20692",0.00194921513877251,2.26662878408748e-08,4.56680466958917e-07,0.998050305514473,4
"20694",0.973145889856852,4.59844383999061e-06,5.50908473904393e-05,0.0267944208519175,1
"20696",0.988617208647699,4.14966928602252e-05,0.00119308206504572,0.0101482125943954,1
"20698",0.0735391348691555,0.0108102557273135,0.90634929656851,0.00930131283502104,3
"20700",0.00196586462758663,0.000493833915824343,0.993546411738742,0.00399388971784698,3
"20702",0.000244611280273432,0.874885903088505,0.124869348907102,1.3672411976086e-07,2
"20704",0.178897947629553,0.000550549494662795,0.82046290882617,8.85940496146627e-05,3
"20706",0.732343428205378,0.00584826593913821,0.237452052961973,0.0243562528935109,1
"20708",0.987974808007234,1.63289045753066e-06,0.000133914001963706,0.0118896451003447,1
"20710",0.0460065811338911,0.383389565076966,0.570600197714757,3.65607438579908e-06,3
"20714",0.0163058590890478,1.75840026101466e-07,5.82041213272792e-05,0.983635760949599,4
"20716",0.0105807250116053,0.000166321622226266,0.989251347701945,1.60566422376697e-06,3
"20719",0.434398550982594,0.000484932623750106,0.564531205540354,0.000585310853301109,3
"20721",1.26339490742397e-05,0.000127764973289513,0.999856582299567,3.01877806892568e-06,3
"20723",0.210696251229499,0.00670378967028577,0.780110750754105,0.00248920834611039,3
"20725",0.996195134534334,0.000251239335271502,0.00328700746602189,0.000266618664372528,1
"20727",0.00820349783649893,0.000184170181517435,9.28152553126151e-06,0.991603050456452,4
"20729",0.999421184771748,4.77889271003543e-06,7.73734201977627e-05,0.000496662915344556,1
"20731",0.998920812237258,0.000186721193006582,0.000850504697283333,4.19618724522983e-05,1
"20733",0.130273995907592,0.00445020132463408,0.865243976471103,3.18262966700726e-05,3
"20735",0.576266522324323,0.0181941497977196,0.405517378577145,2.1949300812497e-05,1
"20737",0.930002789108669,6.03054167763004e-07,7.48306513878933e-05,0.069921777185775,1
"20739",0.000996329749218712,1.21671659075731e-07,5.71094957774396e-07,0.999002977484164,4
"20741",0.939726134226647,0.000151663523739911,0.0128779986406986,0.0472442036089145,1
"20743",0.992880560443462,6.62969209838288e-05,0.00641642150294317,0.000636721132611292,1
"20745",0.000187278295297541,0.000370579928023081,0.999436098029713,6.0437469665746e-06,3
"20747",0.999498547368978,5.49765800920051e-06,8.68414104469541e-05,0.000409113562565985,1
"20749",0.999023590003666,6.47179993698334e-06,4.30994734230958e-05,0.000926838722974159,1
"20751",0.995713080137759,0.0032402961799343,6.05892985458769e-05,0.000986034383760823,1
"20753",0.999379088279277,6.72349799286418e-06,0.000156463694160241,0.000457724528570222,1
"20755",0.913282173021156,6.01423952885841e-06,0.000552343923729874,0.0861594688155852,1
"20757",0.202039690880375,3.82634273120422e-05,0.206276022982183,0.59164602271013,4
"20759",0.000251659927628163,3.95085613936382e-05,0.999392256803245,0.000316574707733579,3
"20761",0.958490029389565,0.000142037459876631,0.0385189686471191,0.00284896450343956,1
"20763",0.895556876374784,0.00138522201140763,0.0927433847270405,0.0103145168867683,1
"20765",0.988569461875055,0.000125858032426586,0.00501193220870822,0.00629274788380977,1
"20767",0.0617084660708064,0.000430664203821444,0.937853127600912,7.74212445982517e-06,3
"20769",0.0632337110513591,0.612875109207196,0.323890744689992,4.35051452592233e-07,2
"20771",0.66961837063869,1.45975482498705e-05,0.105649886114915,0.224717145698145,1
"20773",0.899594083338247,0.000534093139931849,0.055733978816555,0.0441378447052659,1
"20775",0.996946154118351,0.000269179960117226,0.00261878098571698,0.000165884935814465,1
"20777",0.614510280407302,0.348005340923431,0.0365836044118664,0.00090077425740048,1
"20779",0.998399822943901,9.36406342557692e-05,0.00145193555234936,5.46008694939602e-05,1
"20781",0.0107845855394896,0.954389799894407,3.14773508490662e-05,0.0347941372152543,2
"20783",0.968799948817315,2.34707126065427e-05,0.0260610205294644,0.00511555994061355,1
"20785",0.171150444034239,3.16866801407787e-05,0.0013604320514699,0.827457437234151,4
"20787",0.972549717319218,5.94194114455469e-07,0.00039442514945898,0.027055263337209,1
"20789",0.638361974464595,0.00106170737978853,0.360544853729938,3.14644256787078e-05,1
"20791",0.92481830412727,1.9663797639395e-06,2.32949421226653e-05,0.0751564345508436,1
"20793",0.703263427088832,0.000796138174368544,0.295925587190469,1.48475463299193e-05,1
"20795",0.795513647494887,5.00639682538941e-06,0.000381512137662256,0.204099833970625,1
"20797",0.00208985062482091,0.00439899406788847,2.03990326978031e-06,0.993509115404021,4
"20800",0.995488087100306,5.53940209407764e-05,0.000257040218218283,0.00419947866053463,1
"20802",0.984635042989705,0.000102355089458847,0.0123574231585178,0.00290517876231873,1
"20804",0.993493589474761,8.84323278456018e-07,4.84980593999339e-05,0.00645702814256028,1
"20806",0.700618632666502,1.39980414797757e-06,1.85911173362813e-05,0.299361376412013,1
"20808",0.0211997138696237,7.66543187126354e-05,0.978722940490919,6.91320744738502e-07,3
"20810",0.526523601615162,3.25477949264238e-05,0.00146761757143905,0.471976233018472,1
"20812",0.97227647990228,0.0104633192581398,0.008594182903062,0.00866601793651754,1
"20814",0.413323834802301,3.16735704136339e-07,1.1508790713609e-05,0.586664339671282,4
"20816",0.0736710804785724,0.0110829927380217,0.915230269079827,1.56577035793808e-05,3
"20818",0.982004410709865,0.000217888816707568,0.0124886278217418,0.00528907265168523,1
"20820",0.000359044131387259,3.97759541047552e-07,1.00536889110247e-06,0.999639552740181,4
"20822",0.990406119452559,3.71952180802548e-05,0.00729519055600822,0.00226149477335274,1
"20824",0.335523472304424,4.91761969004113e-05,0.00152121037818462,0.662906141120491,4
"20826",0.00694221657448059,1.69186991402532e-06,6.46657379650828e-06,0.993049624981809,4
"20828",0.000147028532237291,8.13759369243681e-07,2.04971970922494e-06,0.999850107988684,4
"20830",0.998993697333419,9.30421156415721e-06,7.27203737123767e-05,0.000924278081304671,1
"20832",0.53373126138835,0.000351847165148549,0.41781298676986,0.0481039046766422,1
"20834",0.0365615656172878,0.00168377718596957,0.961751190114332,3.46708241121723e-06,3
"20836",0.999181028661167,3.88740340137394e-05,0.000697599576773968,8.24977280453905e-05,1
"20838",0.925650397445759,8.10616779667946e-07,1.92408273713539e-05,0.0743295511100896,1
"20840",0.126603600401899,0.000444612942714798,0.872740302748999,0.000211483906387444,3
"20842",0.999140596155088,1.65870301815456e-05,0.000525655217436934,0.000317161597293418,1
"20844",0.96216793115437,9.32694249599626e-06,0.0344866874405914,0.00333605446254255,1
"20846",0.251458625271405,7.08090732780224e-05,0.0142081000689066,0.734262465586411,4
"20848",0.81696279079277,0.000929462625263193,0.18074423555731,0.00136351102465667,1
"20850",0.0246961023516757,5.42523582686237e-05,0.968797094636782,0.00645255065327409,3
"20852",0.0125233675609223,0.00100387570099275,0.94905766548163,0.0374150912564547,3
"20854",0.0830148888752646,6.87642688239396e-06,3.03424986971026e-05,0.916947892199156,4
"20856",0.0261877380618666,0.957133112540856,0.0166462281579858,3.29212392913279e-05,2
"20858",0.00100144963477191,0.000862411248583039,0.998118415165429,1.7723951215762e-05,3
"20860",0.987161079621888,0.000106365705734517,0.012673636799388,5.89178729891363e-05,1
"20862",0.000377354694964604,3.27267124253521e-05,0.999589770449252,1.48143358070966e-07,3
"20864",0.00646973096841124,1.64356994412362e-05,4.98115879244046e-05,0.993464021744223,4
"20866",1.71645041926598e-06,0.00114816850131639,0.998850058350358,5.66979061467196e-08,3
"20868",0.00964480712038053,0.00259326760905944,0.987633103698614,0.000128821571945835,3
"20870",0.965733389984573,0.00112211160017054,0.0284416165078618,0.00470288190739467,1
"20872",0.992717655631094,3.07409731125676e-05,0.000736914905960599,0.0065146884898329,1
"20874",0.00125290146424154,3.35604596187422e-08,7.23370737878043e-07,0.998746341604561,4
"20877",0.01315274988988,0.0164830433011397,0.97036316508552,1.04172346061267e-06,3
"20879",0.000534868552442534,0.00232136091556759,0.997143722870598,4.76613913760901e-08,3
"20881",0.995838150877589,1.44755922392494e-05,0.000122253356045911,0.00402512017412599,1
"20883",0.96448934418547,0.000161316251848393,7.10289771746653e-05,0.0352783105855063,1
"20885",0.997498627361618,6.69149760148878e-05,0.000302739537066058,0.00213171812530057,1
"20887",0.58554399528659,0.0046277586439806,0.409817035035409,1.12110340201291e-05,1
"20889",0.997267631439148,0.000777564214985785,0.00172005627822122,0.000234748067645101,1
"20891",0.000260105490557388,0.00308251408765647,0.996657221438626,1.58983160231966e-07,3
"20896",0.282863444051329,0.0719281053143475,0.645177568370782,3.08822635412426e-05,3
"20898",0.993146792785831,7.49416619276569e-05,0.00665903218345598,0.000119233368785065,1
"20900",0.205046315355891,0.118774659246805,1.8631045094038e-05,0.676160394352209,4
"20902",0.0438457668349665,0.818793145972058,0.137360865593271,2.2159970428446e-07,2
"20904",0.00623011635857654,0.000884034026645225,0.0124860230888758,0.980399826525902,4
"20906",0.00893433069441631,0.0171752894733085,0.973888719997403,1.65983487217811e-06,3
"20908",0.656057794002354,0.000121273022082597,0.0284894838896809,0.315331449085882,1
"20910",0.978647074540896,2.34425240520248e-06,0.00963961558991784,0.0117109656167811,1
"20912",0.0482490850784814,0.951379408303105,4.43833999013997e-05,0.000327123218512775,2
"20914",4.03229398024181e-05,0.00946871517612207,0.990490958602842,3.28123371731915e-09,3
"20968",0.0151744988316376,0.00102542172527737,0.000957697436222009,0.982842382006863,4
"20970",0.0254737073879762,0.000577261047881487,0.972524263910658,0.0014247676534845,3
"20981",0.0168022677665232,7.44299653795845e-06,0.982974649524097,0.000215639712841254,3
"20983",0.00750809284290727,5.6396639388798e-08,7.37745422564566e-07,0.992491113015031,4
"20988",0.00214876686142882,9.39135979464087e-05,0.99757230623109,0.000185013309534401,3
"20995",0.0549732542755007,0.785079176358117,0.155402352666442,0.00454521669993987,2
"21017",0.794713097587001,3.52593130755344e-05,0.150030767316609,0.055220875783315,1
"21038",0.00560134951046682,0.00665363608147337,0.987744257566658,7.56841402341816e-07,3
"21072",0.0220507496223046,0.00470987018237106,0.972864996708392,0.000374383486932118,3
"21075",0.00109767812969743,0.0553787173426873,0.943523585120055,1.94075605204311e-08,3
"21223",0.950498224163323,0.00167404998379796,0.0472075979483519,0.000620127904526715,1
"21225",3.18878728943691e-05,0.999872977812169,9.50461015362097e-05,8.8213400432932e-08,2
"21230",0.00489117809261788,6.02646210370088e-08,6.92021806700491e-07,0.995108069620954,4
"21236",0.992604692333116,3.70625123525634e-05,0.00433027784071214,0.00302796731381903,1
"21238",0.462317304587792,0.457440693822099,0.0800787858458493,0.000163215744260377,1
"21241",0.000531551967809622,0.000303449726426107,0.998054288542199,0.00111070976356544,3
"21246",0.0240404416733658,1.56255086553182e-05,0.975659716504318,0.000284216313661331,3
"21253",0.041949709728645,5.22099977016497e-06,2.90768122251758e-05,0.95801599245936,4
"21256",0.787865133025793,0.000201990938953428,0.0053538149035551,0.206579061131698,1
"21260",1.19234207475547e-05,0.995357387399993,0.00462937751663084,1.31166262877391e-06,2
"21266",0.0180569428453021,0.000225842967693497,0.981698860235662,1.83539513419297e-05,3
"21332",0.00760638746400693,3.60786899598862e-05,0.992306162431963,5.13714140702946e-05,3
"21334",0.990750892334215,0.00256323718294888,0.00662057445020585,6.52960326305571e-05,1
"21375",0.000154113278321752,0.000417904369911341,0.999426403841818,1.578509948572e-06,3
"21378",5.58361349383446e-06,0.00237577290036222,0.997618431667567,2.11818576771223e-07,3
"21381",0.000246180115069012,0.00941644871700065,0.990324437881977,1.29332859529893e-05,3
"21389",0.980766377027028,2.5647451781576e-06,0.000387433449990624,0.018843624777803,1
"21391",0.00714321188944469,0.000435927890770154,0.958726844371567,0.0336940158482182,3
"21402",0.0029594564959618,4.09173776490119e-06,0.99702231015177,1.41416145033633e-05,3
"21404",0.0205905625751758,0.315312694973627,0.664096252482103,4.89969094388969e-07,3
"21409",0.0638900825770025,0.0405374503095531,0.895568524005026,3.94310841842545e-06,3
"21413",0.805754711586375,0.0306788413769966,0.163562646172912,3.80086371657693e-06,1
"21423",0.000517347865546069,0.00232170349776602,0.997159727800092,1.22083659623105e-06,3
"21425",0.222631450616484,0.0238459410733751,0.753516642007158,5.96630298284783e-06,3
"21430",0.00873414477708582,0.987518330178963,0.00370141921978255,4.61058241690289e-05,2
"21432",0.0502417420848996,0.000113522498387398,0.949624398572943,2.03368437696831e-05,3
"21438",0.00083048996652092,0.000566597520018613,0.997933997812595,0.000668914700865077,3
"21440",0.181961487062921,0.00216354679867237,0.815777873602661,9.70925357465176e-05,3
"21443",0.988962201244888,4.70376432762269e-06,0.000261201543961306,0.0107718934468229,1
"21445",0.000671253464805431,0.998794525093473,0.000529744576182884,4.47686553916984e-06,2
"21447",4.71752360462809e-05,0.00258176772205479,0.997370304347236,7.52694662970823e-07,3
"21449",0.0008149508118984,5.24001811498562e-06,0.999165078790853,1.47303791337723e-05,3
"21451",0.0008149508118984,5.24001811498562e-06,0.999165078790853,1.47303791337723e-05,3
"21455",0.000893041429166774,5.46850674995877e-06,0.999099752647193,1.73741689002675e-06,3
"21469",9.72647576869895e-06,0.111392205610907,0.888598039698548,2.82147766616138e-08,3
"21471",0.000618685918755025,0.237312061034424,0.762068710299333,5.42747488292857e-07,3
"21473",0.454170353275638,0.00579033073831911,0.0597901309518073,0.480249185034235,4
