"","V1","V2","V3","V4","V5","V6","V7","V8","best$classification"
"19811",8.03398058061267e-12,1.14562909270611e-16,9.15374725325611e-05,0.0404859851607949,0.0232869347379837,0.928929108310656,0.00720610822591418,3.26084084133964e-07,6
"19813",3.27563365920587e-29,7.74082924195569e-31,0.00606039796052689,2.53076227737433e-12,5.95562635151825e-37,0.992361600708796,0.00157800132814614,2.18615891583179e-33,6
"19815",0.00813875964015275,9.37333414094401e-07,0.000672957353353545,0.97109238664533,0.0197622432435988,1.49305090637491e-11,0.00033271576922059,1.80510277854361e-21,4
"19817",5.58049522075949e-05,5.38303809364115e-13,1.96984223935749e-06,0.0319214356349445,0.967859394878459,1.74390950098412e-07,0.000161198886212771,2.14144483979465e-08,5
"19819",0.334609557566329,0.57388929064588,0.0912427287301932,6.34893655355986e-09,3.81745453846469e-73,3.09732238929812e-76,0.000258416708660914,2.09649131914168e-46,2
"19821",1.93540141883286e-14,1.23676574283211e-10,0.0293203956800762,0.186348567901174,4.45387658642968e-07,0.669568337208099,0.114723148245689,3.91054536055667e-05,6
"19823",0.922074367118031,6.39779866781586e-13,0.0778846409448617,4.0777782202117e-05,8.56713535147116e-08,8.01060165398401e-30,1.28482911385011e-07,8.48421379126843e-32,1
"19825",5.54385144453771e-24,2.19390313533956e-17,0.981628804289231,4.1111034385864e-18,3.60422988775033e-76,1.55225300830141e-28,0.0183711957107694,5.06112278627188e-17,3
"19827",0.00035372788944271,3.01879493438072e-07,0.00873002725916553,0.0174119560190682,0.654088619318837,1.74119544047387e-17,0.000434741682148154,0.318980625951845,5
"19829",6.5363528138479e-10,0.0217659249200601,0.00051547246227696,0.0457975610518344,1.02673231516113e-44,6.08730227498321e-26,0.93192104054442,3.67773021024259e-10,7
"19831",0.081497574175998,0.812082713535551,0.0932510158325274,1.5738130776273e-09,1.20918321405908e-68,6.61117180213249e-47,0.0131686948821102,1.07735864222128e-63,2
"19833",2.52675621542863e-07,1.15846558983582e-47,0.999999744761849,1.11501646474813e-38,1.97169007553317e-132,2.18756470967792e-76,2.56252962791888e-09,1.13860791562357e-80,3
"19835",1.93540141883286e-14,1.23676574283211e-10,0.0293203956800762,0.186348567901174,4.45387658642968e-07,0.669568337208099,0.114723148245689,3.91054536055667e-05,6
"19837",1.84958886068377e-06,1.86204986035612e-07,0.000130011055020092,0.0319282872145184,0.942283036625655,7.78414091628781e-11,7.2724109743758e-05,0.0255839051233744,5
"19839",4.47949376375916e-18,0.00124893866493762,1.36189467264392e-06,0.000246547489965516,2.22192619295612e-46,3.02487141301583e-12,0.998503082676854,6.92705452267706e-08,7
"19841",4.0559901292349e-30,9.39707037666779e-22,0.288402270921957,7.94788563857993e-20,1.54767557826277e-60,4.39482887405053e-15,0.0335397496729745,0.678057979405064,8
"19843",7.95786432307538e-23,1.34247783560314e-05,0.0341320012896155,4.44727881975861e-10,4.67877440468876e-103,1.00385617877205e-17,0.965854573487301,2.68599737526368e-59,7
"19845",7.02351191137695e-18,1.02612126547326e-29,0.00342013628784019,5.21866553199945e-06,3.79636514556911e-11,0.996512696838099,6.1948170565014e-05,2.94215275256475e-31,6
"19847",2.38801110575428e-07,3.08770342446899e-09,0.0155950506811624,0.966066682100182,8.86064921365413e-08,0.000814672261294264,0.0175232644620552,1.42681464671229e-28,4
"19849",1.38943236611565e-30,6.63388669412767e-36,0.000802977942360893,2.63658676923579e-14,2.01409818614371e-29,0.999192473250827,4.54880678589728e-06,4.93274661421179e-33,6
"19851",8.66006081811854e-06,4.16535573481242e-15,2.9691322316756e-05,0.00343076559896227,0.996529606149246,1.36789199596668e-08,1.26318846796177e-06,1.26491319586501e-12,5
"19853",0.00203651367217827,2.38237360809244e-36,0.990816248736103,4.21422360421282e-06,0.00713906292140916,3.78841357059188e-06,1.72033134692918e-07,3.90861186098883e-24,3
"19855",2.95625261033422e-05,1.23187460570111e-25,0.00267709560696079,0.01581497394341,0.980730628292002,0.000211572387049782,0.000536127384959104,3.98595151456969e-08,5
"19857",2.38595399328685e-11,3.16214597743078e-09,1.01243480022969e-05,0.771341405760418,2.93542893486353e-05,0.0385322400901103,0.19007579787928,1.10744468356435e-05,4
"19859",0.00144921558089164,3.70020377355597e-09,5.25737464324825e-05,0.761112121088488,0.196288942754067,1.47116196669787e-09,0.041094669593762,2.47206499275706e-06,4
"19861",8.17581000227923e-11,8.42678334529048e-19,0.00329934503227226,0.0232468653525299,0.110552548884655,0.86216985766388,0.000731382984904002,8.01009112394939e-16,6
"19863",1.35347805217995e-41,7.87739525442658e-47,0.00251271839375492,6.67462747339098e-24,7.26110418400443e-48,0.996004939298738,0.00148233879007711,3.5174297742655e-09,6
"19865",1.38233328902596e-15,2.47400633068471e-18,0.000131888047298627,1.17777589887064e-07,4.23835060432157e-10,2.44236142306624e-10,0.00203226725697149,0.997835726250067,8
"19867",1.35364771823145e-07,8.82553744257604e-12,0.0144203141440195,0.976668366289565,0.000153696842734073,0.00838988808648191,0.000367599263602455,3.03137104369268e-30,4
"19869",1.07309875956439e-23,1.29024707029212e-35,0.00897579701404087,2.23017233387736e-09,2.67198895476063e-13,0.990955263993288,6.89367564355259e-05,5.79577096626928e-12,6
"19871",0.000696463745802313,2.85742458477317e-07,5.3476840652104e-05,0.514048345222287,0.476877181435253,4.42259425930331e-13,0.00476567805145343,0.00355856896165074,4
"19874",2.4753981132238e-07,4.37111624809037e-18,7.37673731110427e-05,0.000316918965995792,0.99294337466183,1.63584512057914e-10,0.00629644013733954,0.000369251158328049,5
"19876",7.32171054889884e-12,3.58611035563827e-22,2.83779928925504e-05,4.40738336854993e-05,0.999801933300508,9.53320748533245e-05,9.07645426074094e-06,2.12063364778724e-05,5
"19878",4.87878048090598e-09,7.52762419040345e-09,0.00104009485280335,0.0728344821172771,1.82531707297482e-51,9.10967223362179e-21,0.926125410623515,5.13987175963804e-29,7
"19880",1.63123444222036e-18,3.62326594907452e-28,0.000109506769984197,6.6305003049464e-12,4.31831706934636e-12,4.75584435011841e-09,2.20043429599527e-05,0.999868484120263,8
"19882",5.63032579582281e-13,9.33538939974729e-28,0.0442871945744712,0.000846015085366186,3.48803963213015e-09,0.947593278460952,0.00727350839060817,1.79386177404057e-17,6
"19885",2.82835594122527e-05,4.11060487969525e-05,1.00451135899767e-05,0.540931379133299,0.455757599000509,3.20034106597155e-05,0.00319915809803315,4.25635699909057e-07,4
"19907",2.61005356346037e-10,8.23150991327438e-19,0.0422441312353222,0.281953535791988,1.21099469917058e-06,0.673104802245942,0.00269631947104345,1.13141503734665e-24,6
"19909",4.84419849044464e-10,0.914978104642491,0.000744131681978579,0.0729912112781395,5.97504924494729e-32,9.10232949304056e-14,0.0112865519128806,3.97232786844732e-26,2
"19911",4.91285667482254e-08,0.358415705702495,0.00190331572214669,0.000925391264835458,8.83093279903128e-31,9.95222160928948e-24,0.638755536709815,1.47214041024727e-09,7
"19913",4.18831771091593e-21,4.23884536181046e-26,0.000234022403183707,2.12561482282393e-19,1.56348654209253e-28,1.59797056323844e-19,3.7306544888951e-05,0.999728671051927,8
"19915",1.00786998001772e-06,1.72263818618346e-16,0.000110872708102204,0.00079800681639032,0.00916888236385661,5.86504368385481e-12,7.43759955139754e-05,0.989846854240292,8
"19917",1.72301686332865e-10,1.95619939671152e-11,1.7385069184635e-05,3.8634337531932e-05,6.33906487620039e-09,4.04409016747876e-12,0.0300829988617176,0.969860975196593,8
"19919",0.000181722110827213,1.08052137676923e-10,5.5481387229312e-06,0.0912274333762857,0.723613418916597,2.43096459145193e-11,0.00576194692766681,0.179209930397539,5
"19921",2.46663806374976e-06,6.27359228957815e-12,7.05587422621848e-05,0.0822806626365381,0.917124092427255,0.000444382372288949,7.78371773183093e-05,3.96263174064846e-16,5
"19923",0.000235769743069921,2.07091827750958e-09,0.000339910309099333,0.846724052383439,3.56755732329751e-21,4.66697895858817e-16,0.152700265493473,7.00401988193367e-38,4
"19925",1.10148153931847e-08,1.08521613080178e-15,6.03336517113808e-05,8.90793979922295e-05,2.87468341880939e-05,7.6727416895365e-13,0.00119314893529726,0.998628680165227,8
"19927",0.000308063871360735,5.63831426335674e-12,0.00031891018153063,0.53207075593893,0.467088020298192,7.53310709160988e-05,0.000138918633308592,1.23655876608667e-13,4
"19929",3.62187449799964e-39,8.64425918793043e-41,0.0454888929462413,1.09070646921719e-23,5.13889065005535e-31,0.950871456768808,0.0028587085631385,0.000780941721812632,6
"19931",0.000779519744155593,1.04838752118944e-05,0.000763601716226797,0.997741191848149,6.97816994520213e-06,4.02955960088093e-10,0.000698224243330019,2.5309051802483e-14,4
"19933",8.18959368241648e-05,0.750849044643177,0.00209002907508771,0.24678653504738,6.09086935601921e-14,1.84701771130515e-21,0.000192495297252317,2.17587927666625e-13,2
"19935",6.48996021252962e-11,0.0179312203751825,0.014105619374465,0.827310346444622,3.92740676102235e-12,0.000270156910693557,0.140382656825078,1.1318378038749e-12,4
"19937",0.0025929219101716,3.12854389507599e-10,0.000752700618678296,0.2393024701671,0.757340445742692,1.01931219495899e-10,1.14611465731869e-05,9.02700122217524e-20,5
"19939",0.000961688241663748,6.92299536218094e-14,0.000135612151622328,0.961893069398244,9.82236998167621e-05,2.40517869939010e-09,0.0369114040591025,4.43031886606465e-11,4
"19941",6.36791844334118e-16,0.0887940010157285,0.011597992550209,6.51210787828961e-07,6.12262498157494e-41,7.73614639011329e-20,0.899607209099586,1.46123688018871e-07,7
"19943",1.35127732443153e-11,3.89855267058689e-22,0.000388099505988631,6.31268167870207e-10,5.48018503269491e-09,1.69815236196813e-17,0.000482031509406379,0.999129862859639,8
"19945",0.000486681689622547,0.837272684572365,2.31357021536354e-05,0.15940522345647,1.69974152235775e-16,3.48807600330729e-23,0.00281227457938819,3.24981767632474e-16,2
"19947",1.37489663459712e-17,7.61387790883021e-16,0.0088349470424827,1.18548872508247e-08,7.8104823471758e-43,2.74929842396898e-17,0.99116502961667,1.14859591938418e-08,7
"19949",0.001086820959187,0.000115838737381843,0.00155293885362711,0.984497576304509,3.80788178768291e-18,6.94562398509068e-21,0.0127468251452946,8.81458656232073e-36,4
"19951",4.96817602495136e-07,1.52468590558352e-09,0.000132109523521855,0.242469754279737,5.99482773657867e-14,6.06925064590739e-11,0.457683599490211,0.29971403830349,7
"19953",0.962525215246332,0.000572438976759631,0.0369022305065473,2.86089279096753e-10,2.79068350226435e-57,2.0116527269428e-59,1.14984271276258e-07,5.00221744973073e-70,1
"19955",0.000132419791600166,0.000780308833620624,8.39566337059017e-07,0.00373899731439555,5.15805691607131e-46,1.130917654455e-25,0.995347434494047,8.30013074739697e-48,7
"19957",0.00839917891908701,3.06716648539943e-13,0.0125343308693943,0.000133967364738527,2.3641673761589e-09,1.79153486129896e-21,0.978928120670606,4.39981170039983e-06,7
"19960",2.97982092416785e-13,3.38474863780613e-05,0.00105012447123088,0.0039811054769875,1.89102352715464e-53,2.30012030440986e-22,0.994934922565106,5.82894796259426e-20,7
"19963",5.58745861636815e-10,2.26706642356236e-27,0.999999909003282,3.77292999146354e-34,9.05177723698495e-69,3.99599337428956e-54,9.04379725826441e-08,2.38186701289823e-28,3
"19965",5.30962594634117e-10,0.00427685381501957,3.9939988416643e-06,0.30567730719262,2.6647403845362e-80,1.02265904808056e-20,0.690041844462556,3.45982822063041e-45,7
"19968",1.76289648427603e-33,1.04318737659607e-13,0.170604844614545,8.39401971262532e-09,9.68799499786461e-28,0.0277237781122002,0.799063866623319,0.00260750225581212,7
"19971",2.18306788889776e-12,1.86224867602077e-24,0.995923386012347,2.31934996617481e-23,1.12803500176552e-91,1.74167389021586e-53,0.00407661393665262,4.8817465938311e-11,3
"19973",1.78464129314903e-08,6.9740999944954e-11,3.8195231918453e-06,0.0121882024245506,0.987198385752702,0.000177792262067862,7.81766919500715e-05,0.000353605429383876,5
"19975",5.49691221488361e-14,1.44838115486548e-12,0.00042539642331107,0.000600774751222775,3.7438674229417e-09,1.24383643313076e-05,0.110366747519832,0.888594639195932,8
"19977",5.22220833167115e-16,5.5523967788385e-28,0.0140104080087625,2.89279318740319e-15,2.38144139398269e-60,2.33517713815208e-26,0.985989555624391,3.63668428424671e-08,7
"19979",1.77020314328227e-07,0.990638285623563,0.00123564399941202,2.92309066579598e-06,4.80582846543382e-85,5.50144714307137e-59,0.00812297026604523,3.03377435148243e-30,2
"19981",3.01453246054219e-06,3.17825167597775e-05,3.07066675557015e-06,0.995670926221139,2.49099394957788e-08,9.37972665207634e-05,0.00419738388639674,2.83485189297942e-14,4
"19983",1.56473406237163e-05,5.83256782577037e-10,1.93589649431112e-06,0.982760418851551,5.60907833241502e-07,1.48431523718382e-06,0.0172199521050036,1.91484341387392e-19,4
"19985",7.05879983710171e-10,8.9081370560942e-21,5.45178565120245e-05,0.00031219732160104,0.671363700534778,1.09408267529274e-05,0.00321150714905492,0.325047135605421,5
"19987",2.87010265583208e-05,0.00970232741751739,0.0362722892986098,0.942351171113091,0.000365266130419219,1.44972524075165e-14,0.00927515729403464,0.00200508771975494,4
"19989",0.0010742265997787,0.982150287039938,0.016520025378006,2.63215651450609e-05,5.83606017779777e-67,8.09790550728047e-52,0.000229139417131999,3.05881306048868e-56,2
"19993",4.61127164612852e-05,0.000435500306784928,0.000137513420636497,0.979296719953531,5.6004044098648e-24,3.44011682685925e-21,0.0200841213401575,3.22624290839833e-08,4
"19995",9.08406918243311e-08,0.467870888338592,0.00514069776066103,0.392044156545265,2.00185525004731e-21,2.13298308112745e-15,0.134944165156095,1.35869285093791e-09,2
"19997",1.59826227201978e-06,1.55286673118255e-11,2.66073423911908e-05,0.0788464272370458,0.920434914646782,1.71730713918484e-05,0.000671435821647371,1.84360294100516e-06,5
"19999",4.43065826100393e-10,3.38295261045384e-21,0.000319841068318534,0.000609275128075223,0.00138159242667956,0.000418578073697301,0.000360623788629009,0.996910089071534,8
"20002",3.84240069510836e-36,5.3129791854182e-27,0.999899720065192,1.86424826281433e-29,1.58972736808455e-63,2.79859712068067e-11,0.000100279906818485,3.7009211215668e-15,3
"20004",7.69378011425635e-12,0.921375369940284,0.0659242603703583,0.00170028961121335,1.92600769405995e-26,8.85105828441743e-13,0.011000080069538,2.71757224009922e-14,2
"20006",1.95876804983944e-11,9.81305937068989e-12,0.00025230611363209,0.000271226394984177,1.68165583877423e-56,1.9421045303959e-24,0.999476467461983,3.86815942514695e-24,7
"20008",1.00481058499706e-09,1.00200151865359e-05,0.00245984017329695,0.000124312764342714,7.83481837338815e-59,7.06553799051078e-25,0.997405826042363,2.83414480253846e-29,7
"20010",0.031378964315049,0.299984148694415,0.000235867919664733,0.642807965711662,1.00032255970678e-21,4.25154252723113e-35,0.0255930533592095,5.95791078079736e-27,4
"20012",6.01039737962323e-17,4.55519264431742e-25,0.0350457543722197,0.0001338765408821,1.08533276215904e-24,0.00416103731094554,0.801471295514022,0.159188036261931,7
"20015",1.43962167379306e-15,0.965155045918095,0.000237322473062498,0.00101036077480227,3.91949478046705e-79,2.40314586244048e-23,0.0335972708340389,1.61459524546403e-38,2
"20017",1.24342613970798e-10,4.6874863164946e-19,4.91858763254996e-05,0.0036538417513254,0.986415687966486,0.0096258833962996,0.000208189673500325,4.72112117207049e-05,5
"20019",3.12012614526219e-06,0.989953085647531,0.00370048161566892,1.69004984487868e-07,2.81431921865318e-111,2.31813617560059e-70,0.00634314360566989,4.8260167934339e-54,2
"20022",0.00226148985839261,0.482559610543529,4.14552239093819e-05,0.505265759202745,9.92746195992586e-24,4.70469964508316e-30,0.00987168517142343,6.34502933320648e-24,4
"20024",0.00023193843252824,5.30606262560101e-07,0.999766745869489,2.5308958137135e-17,1.48347875816572e-106,1.92719798347727e-72,7.85091719806338e-07,6.14496722512229e-94,3
"20026",0.00023193843252824,5.30606262560101e-07,0.999766745869489,2.5308958137135e-17,1.48347875816572e-106,1.92719798347727e-72,7.85091719806338e-07,6.14496722512229e-94,3
"20028",4.00584587815246e-09,7.85327889946261e-17,0.000118350405890746,0.000509612419786778,0.998216953948665,4.17951410598727e-06,1.22337485802647e-05,0.00113866595712471,5
"20030",1.85018683901657e-17,0.918378051590629,0.0211561529146769,6.04925688559233e-07,2.1495283060858e-60,2.63390961992914e-26,0.0604651905690055,1.7998706908552e-20,2
"20033",5.39671938061499e-07,1.68833491286779e-08,0.000314820267610034,0.236063996363245,4.55308190296964e-06,7.81050113853546e-09,0.00957631729940396,0.754039748622049,8
"20035",3.58429410115073e-05,0.940220872003364,0.0528952476378829,1.33075780363012e-06,6.70676907666183e-110,2.20359014022339e-67,0.00684670665993774,2.54017999137509e-60,2
"20037",3.70552958361121e-08,0.958230971834815,0.000391689058509088,0.000206145135346902,7.22004206481599e-106,1.95489779279055e-46,0.0411711569160336,1.48771364620063e-60,2
"20039",0.965253768885909,1.99130704670536e-18,0.0347462311140704,1.12871856223857e-25,3.60286888608497e-122,8.74816445045534e-100,2.0879224240456e-14,5.84795385120652e-139,1
"20041",0.00848683531854835,1.310071207355e-12,1.07938224168835e-06,0.797794198395479,1.21176133277615e-26,5.68854109241054e-21,0.193717886902421,4.37308708153484e-23,4
"20044",0.00170078854814669,7.2640800866777e-14,0.000953880676286239,0.0420115106104976,1.68538255629138e-36,1.52275395832933e-25,0.955333820164997,1.11546209015958e-19,7
"20047",1.34290927174263e-05,0.930404706876952,0.0224618481705218,3.71033179990474e-11,1.6762284108227e-124,6.96460515424063e-81,0.0471200158227057,1.64737390782935e-47,2
"20050",0.984184599928055,0.000553941655233939,0.010278047923377,0.00274373923894734,2.03282421271677e-40,2.51866283335806e-58,0.00223967125438705,3.060841573188e-29,1
"20052",0.0169059322825394,0.00196352641396804,2.30192068309792e-05,0.924515518285248,0.0024774972783649,5.51621733582538e-19,0.0376304000246779,0.016484106508371,4
"20054",2.42670934547444e-14,0.763983269123741,1.57929747826722e-05,0.109140546962046,1.0493690633649e-45,1.14837454558168e-13,0.126860390939291,8.81876750243258e-22,2
"20056",4.22097347148109e-13,7.19614254276502e-10,0.154712514156819,8.02966961162887e-10,1.05390330122532e-22,2.80377827787373e-22,0.00259819068342257,0.842689293636755,8
"20058",8.12986140126804e-06,0.992268200786461,0.0068367759397047,5.4635529683619e-05,8.0462514740464e-69,2.82445846745835e-42,0.000832257882749076,6.4004071108135e-64,2
"20060",1.01913296121308e-05,1.38279673411632e-08,0.0153954718543404,0.970969061286612,0.0135684590193273,4.03385897069199e-08,5.67623369511225e-05,6.59977869775692e-12,4
"20062",3.1328326366166e-05,1.40946224102898e-05,9.88968567931653e-06,0.991600303736224,1.16345846171239e-05,1.69379795268156e-06,0.00833105444067883,8.06071434021721e-10,4
"20064",2.46475998688622e-06,0.79940033427312,4.36615473979468e-05,0.198490873229609,1.36660000263498e-17,1.23690354673678e-22,0.00206265206175688,1.41281301651781e-08,2
"20066",1.27444205303633e-16,0.83880623150728,0.0849643776818189,2.69758302297964e-08,8.66770684079523e-97,1.61244376442236e-39,0.0762293638350705,1.18213178948498e-30,2
"20068",5.11019844820875e-07,6.71103880819648e-16,0.000298480514051525,0.4974310478062,0.446217150608014,0.0533348084360614,0.00271800161580554,2.21841365135013e-14,4
"20070",0.013067266082913,7.47263444127821e-12,0.00129431992972746,0.982126951952192,0.000903469774945,5.95347213057314e-09,0.00260798629927772,3.52931034952966e-25,4
"20072",3.70433292287259e-16,0.00105222732609159,0.00050797853416269,0.00461666004983629,2.18564064278237e-75,7.35868374867747e-12,0.993823134082551,1.31596840506681e-54,7
"20074",3.77110276431446e-29,1.30757607032658e-38,0.00109665583511806,2.33669847161614e-21,1.33188012632525e-29,2.0483608572133e-07,0.000461326124174311,0.998441813204622,8
"20076",5.40371976219961e-25,5.00954643445616e-12,8.26299709644952e-05,4.26534792825693e-05,1.01363076683131e-21,0.0648574878208083,0.908631304042124,0.026385924681811,7
"20078",0.000159455257599561,0.952980455781084,1.55908696970889e-05,0.0338976818689349,1.35293835088056e-25,9.98443037180326e-26,0.0129468162226843,1.05639041608346e-16,2
"20080",9.55991538242501e-05,0.996181670052964,0.000622897882818547,0.000261701610471116,1.81251065858144e-83,4.84934817116776e-64,0.00283813129992264,4.34002573906962e-38,2
"20082",0.985517680967495,3.32340549207906e-07,0.0144819866095201,5.34155961534926e-17,1.22377924400424e-73,2.38650023606973e-96,8.24358523522346e-11,1.28447914577944e-76,1
"20084",0.000180936562806274,0.832888389810203,0.000411006368759418,7.00036744516695e-05,1.3864461226308e-30,5.69284248740816e-41,0.166449658964129,4.61964989471895e-09,2
"20087",7.01359031595999e-07,0.83192019511474,2.73195662873061e-05,0.14495006487912,4.71437817713293e-32,6.08228582934405e-15,0.0231017190808159,3.1993768220024e-34,2
"20090",0.0140011141737056,0.975084342071849,0.000875418302920666,0.00297277322022889,2.83721856214401e-81,5.44643443070921e-65,0.00706635223129572,1.46451391644848e-40,2
"20092",0.932729760001622,1.01535803167865e-12,0.0667850103265685,3.51454663729577e-06,1.7755755206691e-40,3.79404307310241e-25,0.000481715124156534,1.82813493778527e-86,1
"20096",0.985272616125145,9.65027849148461e-10,0.000681638939296655,2.55704869574885e-05,1.56472554459845e-17,2.92883170790761e-33,0.0140201734835734,3.66522726330706e-26,1
"20098",3.57764193109401e-05,9.19125689512500e-11,0.000756697345574179,0.21396764905538,0.00380480739414091,1.51075598535733e-10,0.00379987637624014,0.777635193166366,8
"20101",2.31866930705791e-05,0.876822708021899,0.000248156427467186,0.00533039360886048,1.30508361825732e-64,2.33381922625985e-51,0.117575555248692,1.15191227173238e-14,2
"20104",0.0019738552414044,2.8881630676693e-36,0.998024326752704,9.0748718218714e-14,2.03722232433765e-27,3.14087430338374e-17,1.81800580079018e-06,1.22543956887788e-61,3
"20106",3.93825081427242e-07,0.834811493124209,1.446479550345e-05,0.162534863279144,1.65001703197462e-43,1.86395150765983e-33,0.0026387849759625,9.88356021327325e-14,2
"20108",5.15077704750099e-08,1.17492733368006e-05,0.00563024550238365,0.935641027877116,0.0561784359617622,0.000549229886834843,0.00192937341334964,5.98865774467217e-05,4
"20110",0.912556673294712,9.28669654063564e-11,0.013572491656767,0.000784297999886267,2.6538518766074e-15,5.21521743587258e-39,0.0730865365629366,3.92828467099755e-10,1
"20112",0.0134278420948968,0.278663697458711,0.00031294182092043,0.681952204924342,2.95721384438973e-41,8.28328174139242e-37,0.0256433137011301,5.4834233039198e-23,4
"20114",4.33690326963424e-06,0.971076075683585,0.00578903082832143,0.0004353392911065,2.06636272262847e-21,2.00424481740991e-32,0.0226917833262139,3.43396750353107e-06,2
"20116",7.88636304617261e-14,0.674246831206382,4.72960585303883e-05,0.0413356820004412,1.32500674420548e-32,4.39192625206718e-16,0.284359159317494,1.10314170737484e-05,2
"20118",0.000565201798281917,0.0315133975255734,2.88563296446477e-05,0.953556403631637,9.37848256434484e-05,3.17344422294625e-16,0.00994307762752946,0.0042992782616904,4
"20120",0.16073311865527,0.473412866850508,0.252773401244281,0.0973486897757673,1.7010632442915e-37,2.90400168414876e-58,0.0157319234741629,1.08586303728451e-14,2
"20122",1.99476191613301e-17,2.76832414574398e-18,2.25016897477311e-05,2.91578500686801e-09,2.95980832514544e-12,1.83953274093503e-10,0.00152221605880418,0.99845527914875,8
"20124",0.000104578281314266,0.539035918415714,0.000101016997003288,0.00274263006344158,2.19846289481007e-77,3.93251062977107e-42,0.458015856242527,7.11179751638474e-52,2
"20126",0.0617004822202983,6.76408207557019e-16,0.938298938488237,6.17890631985858e-24,1.43906122248646e-110,1.62315662220974e-77,5.7929146402413e-07,3.4254258836929e-92,3
"20128",0.00183211932485027,6.17800271068682e-06,0.997899891715065,3.55608905350699e-22,1.09502341837471e-171,2.89784974974963e-99,0.00026181095737412,1.12652188405708e-98,3
"20141",0.862656575453236,1.48944314972354e-24,0.137343208170324,1.48724639497348e-08,3.23121806762849e-15,5.81653421142258e-24,2.01503972801313e-07,4.34661552287596e-31,1
"20143",1.45942132621353e-22,1.65975328039395e-31,0.817836482412611,3.71425517641257e-18,9.5833927626841e-47,1.0491614952767e-16,0.0114655567624644,0.170697960824924,3
"20145",0.0102776483151314,0.779131999215592,0.000737236074317729,0.208790696451192,3.53336047324746e-23,6.54381091465205e-39,0.00106241994376724,2.25427477008514e-19,2
"20147",7.26062052840022e-05,0.490685681622286,1.9989179981643e-06,0.504850624655558,7.85967261477301e-30,1.52856471839823e-26,0.00438908859887374,8.38483385951191e-17,4
"20149",8.74449038194881e-15,5.88897007143543e-23,0.000358371781084914,5.55241844215323e-10,1.39411756044957e-09,4.60574703956042e-10,0.00358586870884272,0.99605575710013,8
"20151",1.40808072287982e-06,3.84839125651649e-08,0.000471010310392872,0.167560368968995,0.44843178969856,8.36007544206305e-09,0.000837917203477671,0.382697458893863,5
"20153",0.454816207976774,6.07251762890605e-09,0.389863525687773,0.00365141168475488,6.42066135795309e-11,2.66132435026559e-37,0.0048214637334212,0.146847384780553,1
"20155",3.98742682638074e-06,0.0624098286379496,3.87992007609723e-08,0.932711919693316,1.17391832062338e-52,6.04830304077463e-31,0.00487422544270743,9.01380315923928e-27,4
"20157",5.99083560779509e-06,4.14697008660013e-11,0.154233170124238,0.0227779714309493,0.0311466412863896,3.16637042680248e-13,0.00035323267569134,0.791482993605338,8
"20160",1.62116010767148e-21,8.78670261791429e-28,0.000101926258289906,3.39452805530895e-18,1.65970985516916e-24,1.33284130089171e-16,8.85637656704141e-06,0.999889217365143,8
"20162",1.18191608318298e-15,3.2357466132336e-25,0.000113373233055161,8.19263575579739e-10,8.95793245094914e-07,5.72403654494291e-09,3.61811918600901e-05,0.999849543238538,8
"20164",1.50019324169325e-07,1.54512075983978e-13,0.0261462950768272,0.000184998228325462,1.87826725149692e-14,3.7367008333171e-16,0.0996519397838839,0.874016616891466,8
"20166",2.42249933051489e-26,0.000512229741367334,0.05445498672979,1.08713396380073e-10,8.44147009587059e-90,1.08959286623468e-21,0.945032783420129,1.10755614988181e-18,7
"20168",1.14776122726264e-41,1.11563436676078e-19,0.138104226529651,2.92342337303235e-23,6.80245485451256e-82,8.45733022728292e-05,0.861811200168076,3.49770504197872e-29,7
"20170",0.000105789805640715,1.03433223327009e-11,0.000179703516092524,0.00202487996544117,0.00121758615722537,1.06774552152463e-17,0.000971627201632121,0.995500413343625,8
"20172",0.00428430738205757,0.722583275054854,0.000388912789730463,0.271205563202491,1.03487860559958e-28,1.14639932952237e-29,0.00153794157086639,1.25218728240915e-36,2
"20174",8.61591938248725e-18,7.25138249692895e-27,0.001547925879925,1.70315809770674e-05,0.0330061054826539,0.963605473853825,0.00136325137799296,0.000460211824626426,6
"20176",5.79244943495834e-34,2.07668727390556e-20,0.00238072772458634,5.0987476621695e-11,3.16260224599514e-64,0.050304691666619,0.947314580557807,8.69817605300544e-28,7
"20178",5.96804422280352e-21,7.21277144897954e-29,0.000313035755830933,1.3975035003895e-19,3.94346105490371e-27,4.78298624797196e-19,1.14346774652759e-05,0.999675529566704,8
"20181",4.10550648703264e-17,0.807471633346226,0.0173085794204022,2.22803696510286e-06,3.64374213916947e-64,7.54478182388522e-33,0.175217559189042,7.36530526258781e-12,2
"20183",0.0287787336530976,2.37217341431486e-06,0.00668390591784681,0.958368250048769,0.00606362250257004,2.58255404194659e-13,0.000103115704043736,9.50657916145085e-22,4
"20186",0.00109945546729738,1.28482604423139e-07,0.129754461143628,0.868792285108539,3.72574561779067e-17,1.29659554876817e-07,0.000353540138376636,2.92150725568697e-58,4
"20188",6.99985089166502e-17,2.79613619317825e-25,0.000461972168076334,5.55847181615544e-14,1.01166771196304e-19,8.08646428854471e-17,2.75185615006112e-05,0.999510509270367,8
"20190",4.72459356685413e-11,0.993476483258045,0.000748086262000341,0.00135511201760789,3.85831203513854e-71,1.25463595347766e-35,0.00442031841510055,1.20199357520558e-29,2
"20193",3.10265995249872e-35,2.82310357949983e-22,0.0156397720445826,2.70797628195636e-18,2.65647564475745e-82,1.13949027619297e-10,0.984356974477245,3.25336422345299e-06,7
"20195",6.16362038514553e-07,3.05552886410027e-08,0.00108870995037553,0.138308506103777,6.86772113767503e-19,3.89063580870284e-15,0.133256736750868,0.727345400277649,8
"20197",0.000367549220989532,0.332797907387062,3.66081926744202e-07,0.663506555509566,5.70946474841836e-36,7.04362922057756e-27,0.00332762180045623,2.84484652872675e-28,4
"20199",1.14940501042744e-06,3.12564689244597e-20,0.000280272254065852,7.83753227469251e-06,3.2407831475415e-07,5.12199946035015e-17,0.000933588761876585,0.998776827968458,8
"20205",0.936367023479701,3.02793841623329e-15,0.0636329574331535,4.74460543812949e-14,3.47833161067764e-65,4.19487167198862e-81,1.90870947108197e-08,8.38569160545152e-89,1
"20208",8.39203818778903e-06,3.29350877986957e-08,0.000260130558328824,0.985487127498883,8.98942829234096e-09,8.75379719031445e-09,0.0110760250571205,0.00316827416916688,4
"20210",1.44827127616532e-12,3.8199813686442e-22,7.71278554205696e-05,1.03758719046559e-07,7.7252825470708e-08,3.59369163404514e-11,3.80404712331525e-05,0.999884650624416,8
"20212",5.86216701469799e-08,9.72782204202048e-13,0.000446182804859072,0.00586644928170989,5.04699611170383e-09,5.12076761980033e-12,0.0133027448511078,0.980384559387563,8
"20216",7.49891704254728e-08,0.845628716144467,0.0106161711349356,0.117076703624449,4.64370625535647e-34,4.95028830897832e-30,0.0266783341069782,1.72288283815171e-16,2
"20219",0.499539338348382,0.491163797357668,0.0035923641770444,5.7024921556723e-05,3.65821228369288e-33,8.70886688244766e-57,0.0056474751953484,3.5094387184704e-28,1
"20223",1.43788214730225e-20,3.12547308711145e-05,0.0257062245226821,6.3065127911372e-10,1.13400663062855e-136,1.10338968392214e-26,0.974262520115796,1.667409086527e-81,7
"20226",0.00227076946227932,4.18531510354986e-08,3.11750478777002e-05,0.966711012896815,6.91324157906755e-20,1.74362373344173e-22,0.0309870007327345,7.14248863824239e-12,4
"20230",1.92928705381982e-09,0.990113536277944,0.00317609153792272,0.000148858256913804,1.94508497474702e-85,7.54990209378684e-42,0.00656151199793277,1.21533499427948e-40,2
"20233",0.949144469740458,4.9614573249553e-36,0.050855530259518,1.32435329503465e-23,1.11502417652616e-38,5.41192194418502e-63,2.41116065463496e-14,1.33183025319166e-69,1
"20235",9.61813393617131e-07,2.96061817548317e-06,8.6971980013621e-05,4.96289698313793e-05,3.29720993919397e-89,1.57188883078323e-32,0.999859476618586,1.80518150356499e-76,7
"20239",5.39484987960744e-11,0.0173388932648109,5.47293328118978e-05,0.0182173995989305,1.74963926779717e-40,7.86022245918613e-12,0.964388977741638,4.11283383681228e-40,7
"20254",0.978433407523261,1.7462733420487e-06,0.0215648453936108,1.7034435737182e-16,5.57569988349947e-89,1.86247472291787e-107,8.09785480625778e-10,2.12029906757838e-77,1
"20256",1.14153459916629e-05,0.929043540449313,9.33651617699223e-06,0.028632202234332,1.79702041203087e-59,7.89598309527196e-28,0.0423035054541867,1.19575308598285e-49,2
"20262",8.23375810100544e-08,2.71159396751104e-12,5.51397976686714e-05,0.000825045646990459,0.00738793229448471,6.35332516381615e-13,9.31177828986155e-05,0.99163868213703,8
"20270",4.54558676164396e-20,0.0131399379324785,0.873765769076296,4.67739339650448e-06,3.5241277608658e-51,4.27297875996175e-17,0.113089615597829,1.15703966860939e-17,3
"20284",0.847844780380261,1.87976941363486e-08,0.149184129343409,0.00297081841182478,1.97529016662973e-12,5.09662238077414e-38,2.53064835819307e-07,1.26788469878924e-37,1
"20287",1.02101521893729e-12,0.927926993815871,0.000335463144357006,3.3977852566909e-06,4.66528410904251e-119,2.76934493247141e-42,0.0717341452534941,1.75919006401943e-63,2
"20290",0.979175871742181,8.43510999388704e-13,0.020824125405653,1.91462556125769e-09,1.58371208328444e-39,1.36634062581299e-76,9.36697136673514e-10,4.330320849717e-40,1
"20293",0.00687265950772288,0.697449788948911,0.000210554118474377,0.290862407696567,2.04831374250606e-17,1.24090261214604e-26,0.0046045897283255,2.97724988315332e-20,2
"20296",1.93442313009138e-19,1.12520102878071e-05,0.00128722232005267,0.00534697183455677,2.48730441403951e-08,0.194174148813676,0.586855054285785,0.212325325862598,7
"20301",1.80647937622119e-15,0.0201829536731501,0.0450653455060014,3.1833774684762e-11,5.08241961590799e-155,1.38445844834217e-59,0.934751700789013,3.79180463045088e-34,7
"20304",0.992438661094319,1.12341862666082e-07,0.0075612265240365,2.17606143354069e-16,5.08698372443792e-66,6.47072028212466e-89,3.97817247849278e-11,4.41021650205294e-77,1
"20306",3.07186367483021e-05,0.980797603360015,0.0138304744364117,2.86431907539643e-05,3.04000204103237e-78,2.5725688359008e-47,0.00531256037607137,2.26053516807472e-58,2
"20309",0.0155259968492496,0.00037317641056056,5.6726301253657e-05,0.977642138162406,2.58046282842391e-23,1.45306399336134e-24,0.00640196227653057,5.54093995839477e-19,4
"20311",1.76122797105588e-07,0.940628861853523,0.00115538025603879,0.000142145499837111,1.11602493901988e-39,1.27743661197521e-29,0.0580734362678041,8.0402473892611e-17,2
"20314",0.000469654334051526,2.68878154344422e-05,0.000398175458757483,0.377749836457354,0.43488963146433,1.07717236043788e-14,0.000695492778979397,0.185770321691082,5
"20318",5.94492294838334e-23,1.62301694779146e-16,0.918855689585945,2.5314814089413e-17,6.84775353231321e-43,2.56730043470312e-19,0.00368153424684344,0.0774627761672113,3
"20320",0.0144648154315129,4.59600633969861e-14,0.422978244697774,0.460195470106454,4.33624158948051e-14,1.13708757374313e-15,0.102361469764168,4.73636619995657e-19,4
"20326",0.00154190372366057,0.000140111398769813,0.00125648576217599,0.958250587080296,0.0259885087038864,2.01031335522488e-15,0.00259219615961988,0.0102302071715894,4
"20328",0.010258949344113,5.42185466985352e-11,0.0466670804933792,0.941977747577473,3.05414004978297e-12,1.86198231576937e-12,0.00109622252589968,1.18242385242514e-38,4
"20330",0.000152902491406435,0.00349003135515133,9.01415601599931e-05,0.137253588445267,4.81326789238898e-52,1.93239326206398e-31,0.859013336148015,7.78473486561703e-38,7
"20336",0.937207719521939,1.8730892192098e-06,0.0627697867759686,2.05832652341831e-05,2.72314505519302e-22,4.10865776762637e-51,3.73476390997424e-08,9.63510039226527e-56,1
"20338",0.997939111346979,5.89710493473785e-08,0.000506683946013675,3.71473842290669e-08,7.98665991255893e-43,2.25128900977812e-65,0.0015541085885738,4.60565838232629e-35,1
"20340",2.83363675127974e-08,0.913394457745879,0.00194706644263224,7.44565718542012e-06,7.97667010611994e-87,1.58423869635109e-44,0.0846510018179356,7.37635104623141e-53,2
"20342",2.28574232773689e-06,3.06676546276621e-29,0.999995599356334,2.24267338234101e-28,7.39911611251099e-97,1.95842630386659e-60,2.11490133881799e-06,1.58698280005977e-61,3
"20344",1.05265068892415e-05,0.980169255353924,0.00769429144215865,0.0103734243751829,6.08546647032724e-46,1.25206448124376e-28,0.00175250232184562,1.11073380096063e-39,2
"20349",1.24972739692531e-07,0.993025837967134,0.00241018456135869,0.00019899031322302,6.90708612086846e-66,1.464962162495e-33,0.00436486218554486,3.19048151195845e-50,2
"20351",0.0176365930396146,0.000173169938773404,0.000939558301256601,0.913590565663993,3.59730362998158e-22,6.34676917824575e-33,0.0676601130563627,8.08580306961085e-20,4
"20353",0.292466617847483,0.011992448028287,0.000243742544400758,0.413104417198174,3.18717007073749e-70,1.91837251351408e-48,0.282192774381654,3.2761104770983e-43,4
"20357",0.968084392290922,4.85140455772744e-11,0.0319156071394943,1.80018327280845e-13,1.14122036583949e-73,9.24645736652994e-84,5.20890196145909e-10,1.11124185114144e-100,1
"20360",2.48423370764421e-06,8.84328022377995e-24,0.00152245448494315,6.36431512255479e-13,1.79845057990661e-94,4.0415181264074e-40,0.998475061280713,1.7355918242298e-76,7
"20364",0.00847844925083464,0.105388189199991,0.000187947573713935,0.882480638359756,1.12816908116106e-24,2.87287142233698e-29,0.00346477561570451,5.94628761591431e-22,4
"20366",0.950959087824623,9.66015759089265e-16,0.0490409089496495,2.54118517997647e-09,1.18863827912409e-31,2.79729065930683e-57,6.84540868619835e-10,2.45688916508559e-60,1
"20381",1.36149952616762e-20,5.11594246901652e-32,0.182279679534396,4.37148749948396e-13,1.10042294616564e-20,0.196250752863693,0.621469567596141,5.33304784945823e-12,7
"20391",1.14632216091193e-07,5.59914204349751e-09,0.764488631275204,0.000597603987471893,3.08173724850576e-42,4.03610460128014e-11,0.234913644465604,7.40630642252048e-79,3
"20394",2.12706917820104e-07,1.94968820553479e-11,1.19518746829276e-05,0.889155915542431,0.00552767136451077,0.0515942078780225,0.0537100405555221,5.8416134874866e-11,4
"20396",2.14319079875402e-19,6.56713485960033e-33,0.00154306082033131,8.32659079266882e-07,1.71923973195415e-06,0.997257894840799,0.001115362981013,8.11294590450307e-05,6
"20409",6.41114249140063e-07,0.948274264700722,0.0351879549799621,0.00196021691163181,4.65726447505085e-18,1.11695798038211e-24,0.0145732886587926,3.63363464272917e-06,2
"20411",0.612069192787714,0.373594703995581,0.000515196121568581,0.00576125205302552,1.54352511368857e-53,4.5834521592048e-48,0.00805965504211122,7.28299032672032e-63,1
"20416",0.578676589061749,6.28727539323803e-06,0.421316637744998,1.3347005733551e-19,4.49653523802793e-144,5.22501191373506e-100,4.85917859701234e-07,9.41874828955615e-125,1
"20418",4.12947160263626e-22,5.55180515239778e-34,0.00448608028418473,1.0291838399742e-08,4.26358216745161e-08,0.988035793252477,0.000171518893322238,0.00730655464235642,6
"20420",0.973084743275678,1.35973027927968e-34,0.0269152567236799,1.33951724558644e-15,8.1980097464913e-27,1.27361959137398e-52,6.40428811055746e-13,6.41836264611546e-57,1
"20422",1.22900600719851e-07,0.760359770011085,0.117131508265926,0.0307196123276834,8.42084213161832e-63,7.95573064038447e-41,0.0917889864947049,1.01406683713886e-23,2
"20424",0.40341133617023,0.400236699056104,0.000319414081405164,0.155272699028691,1.74748025094644e-51,1.79099767699867e-45,0.0407598516635695,1.41599883205214e-54,1
"20426",0.943003913731255,4.62716980405593e-33,0.0569960862687242,4.03354380777774e-30,2.15083254308285e-79,2.29951748426429e-100,2.09124729368186e-14,2.60582642853621e-55,1
"20428",1.30068705356002e-10,0.00300841418483228,1.09202490955515e-08,0.989421452453146,1.4809009869744e-26,6.18004074360099e-06,0.00756394227096084,6.86449023578458e-22,4
"20431",0.0157422600263069,4.79280704749917e-08,0.00446752502090059,0.893682518915564,4.81574025220513e-28,4.25792778464049e-28,0.086104055201391,3.59290776704365e-06,4
"20433",2.84982199284007e-23,0.000620213768335191,0.00209172264778898,1.13529177451145e-08,4.73043356241484e-125,1.89262735677299e-28,0.997288052230958,3.61706830024671e-51,7
"20436",8.37966932996963e-35,4.20813163586567e-16,0.0021489919676993,9.9595006158924e-12,1.43975252237739e-86,4.03210348716974e-05,0.997810686987469,2.18301346399004e-29,7
"20439",4.83738861078822e-18,1.28841271902225e-23,0.00320538945812339,3.26492531861738e-05,0.187555905105394,0.790331703156053,0.0188519076445865,2.24453826569827e-05,6
"20441",0.988039923443717,1.17209997087613e-15,0.0118861244577777,2.97814186816857e-09,1.52238484232362e-55,3.77755237903102e-77,7.39491203627557e-05,1.73269865819892e-59,1
"20444",1.03843297645326e-19,2.24896938517379e-28,0.00032260483413634,2.70444878761256e-15,3.29161805787504e-14,3.34543727953126e-12,3.42691349969021e-05,0.999643126027486,8
"20448",1.72934960372996e-05,4.12895631171478e-08,0.99875096547972,0.0004452557598379,3.5352779561517e-17,2.52841008787691e-19,0.000786443892602188,8.22396451551685e-11,3
"20536",1.21492084770797e-14,8.22861066832137e-20,0.000176726460305827,0.00642330006231547,1.39690159914113e-07,0.989309193098825,0.00409064068838143,4.68237426196707e-23,6
"20538",0.97198384418595,0.000214688350168353,0.0278013580034977,6.77933830853355e-08,1.08947097747485e-34,2.73074986413697e-42,4.1667001196649e-08,2.08237414601254e-63,1
