"","V1","V2","V3","V4","V5","best$classification"
"19812",0.00542817048511204,0.994571829478869,3.43433201144234e-11,1.67558629981441e-12,5.99472581724805e-24,2
"19814",0.88468018795402,0.115313828931498,5.81255189294119e-06,1.70562587398029e-07,1.57514076463978e-15,1
"19816",0.00539144346398371,2.0731350789081e-10,0.982695998750151,0.0116814713012833,0.000231086277268469,3
"19818",0.977917348532623,0.0219879249020588,9.41946998310546e-05,5.31865459738521e-07,2.72743930968066e-14,1
"19820",2.80410860631218e-08,7.45400332090357e-19,0.968074196362591,2.41666750350605e-05,0.0319016089212882,3
"19822",0.000479327127208403,8.78943713639311e-12,0.610284806394783,0.373431390698909,0.0158044757703102,3
"19824",0.00547249744444911,1.79201851369078e-09,0.993150463365558,0.00135982381719708,1.7213580777487e-05,3
"19826",0.995355535321863,0.00432354487988075,0.000310922907740701,9.99688946924795e-06,1.04644537691869e-12,1
"19828",2.08833257340427e-07,4.5707985931131e-18,0.296096361204055,0.0147141807002158,0.689189249262472,5
"19830",0.997424761727411,0.00237932862239732,2.07587539434713e-05,0.000175150895568318,6.79865993795217e-13,1
"19832",0.000156754917527319,3.77887732555366e-13,0.0554298848949926,0.92430848932989,0.0201048708572123,4
"19834",0.32624316887516,4.22545157290856e-07,0.632233679244232,0.0415009951101695,2.17342252813339e-05,3
"19836",0.0136580625266619,0.986341937004147,4.5836414872823e-10,1.08276092595302e-11,8.67916400682473e-23,2
"19838",0.000521021089199364,0.999478978910655,9.37823410813021e-14,5.21128191650486e-14,1.42050148415488e-26,2
"19840",0.980243435806537,0.000236967413214308,0.0187170260637555,0.000802568075158549,2.64133478206928e-09,1
"19842",0.0317053261030512,0.968294673477723,3.05676717356309e-10,1.13548970050383e-10,5.25891057610414e-22,2
"19844",0.139393736828467,0.860605706830701,4.32255835154523e-07,1.24084996924853e-07,7.24826920086014e-17,2
"19846",0.011009962827969,0.988990037146329,2.11966407930671e-11,4.50485126948999e-12,1.04966695666856e-23,2
"19848",0.00010835187554146,0.999891648124444,1.26408754087379e-14,2.01681409080969e-15,2.09098322046095e-28,2
"19850",0.00371633859365541,0.996283661380547,2.30252348131992e-11,2.7721985132076e-12,1.80319095565071e-23,2
"19852",0.599745153432749,1.94513347103093e-06,0.397548133599384,0.00270447483703005,2.92997365695989e-07,1
"19854",0.000534827175239881,0.999465172824649,9.05049833693031e-14,2.03371790227042e-14,5.49231420267586e-27,2
"19856",0.00659171603954626,0.993408283619369,2.80200513837241e-10,6.08838541641843e-11,1.20974047747645e-21,2
"19858",0.00727589115523737,0.992724108157667,6.65606709299206e-10,2.14886160677406e-11,8.04672250298962e-22,2
"19860",0.995797911149848,0.000599269840907409,0.00355222856708708,5.05903726747338e-05,6.94823751001727e-11,1
"19862",6.47712315243555e-05,0.999935228768471,3.55288943216076e-15,7.28168135173739e-16,2.94376241564207e-29,2
"19864",0.0504327589867313,0.949567212841058,2.36849877082521e-08,4.48722313962553e-09,1.5270285148103e-19,2
"19866",0.238822734006507,3.4801293005838e-07,0.757581889941938,0.00359412472902055,9.03309604677869e-07,3
"19868",0.118132480199297,0.881826592818569,3.33816275137416e-08,4.08936005053613e-05,1.03551663832045e-15,2
"19870",0.101394108025671,0.898605882911989,8.28550269683904e-09,7.76837644775797e-10,2.66840311552636e-20,2
"19873",0.967234933083957,4.73193300938861e-05,0.0311216350523405,0.00159610187725743,1.06563506123497e-08,1
"19875",0.000804960488330231,9.0560254492054e-12,0.997991332959281,0.000867550431624982,0.000336156111708005,3
"19877",0.992055803687951,0.007923634599424,1.97918134457634e-05,7.69899174049404e-07,5.23801520605489e-15,1
"19879",0.843585699265949,9.53758320136058e-06,0.121440687978855,0.0349637050057568,3.70166238350889e-07,1
"19881",0.987414246625121,0.0125411912075779,4.32426388810692e-05,1.31952839112407e-06,2.89726828416916e-14,1
"19883",0.996686294372096,0.00268800008129699,0.00055250211144677,7.32034266339756e-05,8.52613600634195e-12,1
"19899",0.995246859591389,0.000300677684283192,0.00375979278219873,0.000692669737833941,2.04294552796164e-10,1
"19908",0.229668635654154,0.770330841880017,3.11163232001339e-07,2.11302596506739e-07,3.28764058489064e-17,2
"19910",0.980236300407504,6.67896897461899e-05,0.0196580688948191,3.88408632579474e-05,1.4467331451877e-10,1
"19912",0.00510062105323274,0.994899378926465,1.47873749853852e-11,5.51444991633857e-12,9.80772150733241e-24,2
"19914",0.994444585973577,0.00537028146217449,0.00015339849595877,3.17340674102133e-05,8.79160790942269e-13,1
"19916",0.616826798846707,0.383156515971873,1.65297496748742e-05,1.55431744596547e-07,3.90499202403693e-16,1
"19918",0.219988217021117,0.780011696781546,8.25172136818754e-08,3.68012236764382e-09,7.45848727781859e-19,2
"19920",0.0317126817061324,0.968287316003344,1.99643671385403e-09,2.94086796773729e-10,1.22215523851522e-20,2
"19922",0.641418421110195,3.8366828915671e-05,0.0204733880338327,0.338069154478304,6.69548753125489e-07,1
"19924",0.984434042534856,0.0154932045617545,7.08851651917611e-05,1.86773815475142e-06,4.32411091374741e-14,1
"19926",0.0437941410570052,1.67170504099475e-09,0.54616184261112,0.409899913078596,0.000144101581573953,3
"19928",4.61774272273401e-05,0.999953822572759,8.76263658130854e-15,4.4696698372197e-15,1.02685649921244e-28,2
"19930",0.0319294337476605,0.968070565739701,4.9600554091293e-10,1.66329726535469e-11,2.23015991865821e-22,2
"19932",0.000239759764036218,0.999760240235941,1.89224949057415e-14,3.38766401374741e-15,4.49151694628134e-28,2
"19934",0.916290806925959,7.35933486776367e-05,0.08279159525765,0.000843965771009745,3.86967041275279e-08,1
"19936",0.571766155891581,0.428233442929519,3.79713017857867e-07,2.14658826296887e-08,7.23703154399476e-18,1
"19938",0.982214711669553,0.0170918596407117,0.000685230307835511,8.19838109126974e-06,8.08657744429524e-13,1
"19940",0.968470524058801,2.59610058728747e-05,0.0314557287862956,4.77859009559168e-05,2.48074338122383e-10,1
"19942",0.004873786519132,0.995126213379657,8.94332937110367e-11,1.17775567961211e-11,4.08384095417818e-23,2
"19944",0.000636186636509472,4.25164954940584e-13,0.990452635255347,0.00809396881784461,0.000817209289873846,3
"19946",0.997354673465592,0.000415150456214667,0.00220316802872899,2.70080320415951e-05,1.74226177202292e-11,1
"19948",0.00604442466882921,0.993955575159009,1.63003166371606e-10,9.15827495777646e-12,4.95213768899258e-23,2
"19950",1.45267426148807e-06,0.999998547325738,1.60393468140088e-17,2.16550647473179e-18,1.25886149457251e-32,2
"19952",0.00604442466882921,0.993955575159009,1.63003166371606e-10,9.15827495777646e-12,4.95213768899258e-23,2
"19954",0.0030583613129029,0.996941638680659,6.03972343779417e-12,3.97723217220153e-13,6.83140735307962e-25,2
"19956",0.0198667523846451,0.980133245795328,1.09779785501759e-10,1.71024684343111e-09,3.85467647123966e-21,2
"19958",0.91008389818781,0.0893615759985152,4.13572380495511e-05,0.000513168573945076,1.68067092146591e-12,1
"19962",0.00423859856978657,0.995761401352756,7.33550453037994e-11,4.10202370340288e-12,4.37700073825996e-23,2
"19964",0.92829857185885,3.75210628865857e-05,0.0601268752510331,0.011536983886948,4.7940282450625e-08,1
"19966",0.701414082802471,1.98159057644359e-05,0.295606624762465,0.00295939575513407,8.07741660196493e-08,1
"19969",0.987798372324427,0.012183487507056,1.67366780914923e-05,1.40349040567463e-06,1.97565546815065e-14,1
"19972",0.883139334423468,0.116852775648876,6.71716633405082e-06,1.17276132053443e-06,1.18852565039156e-15,1
"19974",2.28834070573617e-05,0.999977116592941,1.24099169895953e-15,2.69356688538926e-16,7.52234765124445e-30,2
"19976",0.614429669879438,0.385568820935826,1.46191222666309e-06,4.72725097002748e-08,3.29557815143482e-17,1
"19978",1.55701726753955e-07,2.74652707575719e-19,0.401216705494109,0.00654341118169344,0.592239727622471,5
"19980",9.56010242672272e-05,0.999904398975725,6.16967232462407e-15,1.61297888010817e-15,1.44363038117571e-28,2
"19982",0.000429422351722031,0.999570577647535,6.20276864661072e-13,1.22420919401363e-13,1.38466926920718e-25,2
"19984",0.000380381038456758,0.999619618960183,1.23560312166017e-12,1.24593556784279e-13,2.0727329336569e-25,2
"19986",4.70927356979628e-05,8.85746357614253e-14,0.999382239947978,0.000324300673629584,0.000246366642605532,3
"19988",5.93604016378782e-07,4.49917690075153e-17,0.783871749415932,0.00848034705997165,0.20764730992008,3
"19992",1.85698492693921e-08,1.02111148337336e-19,0.402723816094969,0.000452072312426429,0.596824093022756,5
"19994",0.000181855535956055,0.999818144463992,4.90632734828324e-14,3.15323126022664e-15,5.16878165812245e-28,2
"19996",0.000156044868582917,1.8144285988367e-12,0.995598624282647,0.00292458793958742,0.00132074290736765,3
"19998",0.0338747846958334,1.72391042501443e-09,0.567664238879514,0.397571833258217,0.000889141442524717,3
"20000",0.122568897493885,0.877431001769538,9.97099865977994e-09,9.07655777451959e-08,1.97550365557965e-18,2
"20003",0.448913020570615,0.551086438304222,4.49056712127289e-07,9.20684504835052e-08,2.59897233737497e-17,2
"20005",0.000177160825148369,0.999822839174818,2.81705610671115e-14,5.07415362674419e-15,5.43818330725126e-28,2
"20007",0.953244536532298,0.0467084162355105,4.60017466499876e-05,1.04548552739698e-06,1.3910525178083e-14,1
"20009",0.979748670263481,0.000930055478178799,0.0191762463067605,0.000145027596102859,3.55476197166268e-10,1
"20011",0.998891935216939,0.000263092686074177,0.000835402092838486,9.57000270556034e-06,1.44318745891822e-12,1
"20013",0.00184721946241992,0.998152780529822,6.82227332319835e-12,9.35958221069206e-13,2.0696169007551e-24,2
"20016",0.536049879159287,2.46177405850742e-05,0.462081452733635,0.00184394882148784,1.01545004781293e-07,1
"20018",4.03981265438232e-06,5.38793166540096e-14,0.0205734837601799,0.938802342230597,0.0406201341965146,4
"20021",0.85297648051104,0.146983234186063,4.01675643294322e-05,1.17738565112218e-07,1.86051466253243e-15,1
"20023",0.997060158753743,0.00118229123192259,0.00174280796591841,1.47420430111073e-05,5.4046571182883e-12,1
"20025",0.00115756923961792,8.57345296489322e-11,0.30510625410008,0.6902321516199,0.00350402495466741,4
"20027",0.748554198018355,0.251445500443499,2.48338866948052e-07,5.31992796762471e-08,6.03379865597799e-18,1
"20029",0.218186412572051,0.781813534399611,4.62844821045735e-08,6.74385532540227e-09,1.0381461204965e-18,2
"20032",0.058355600910597,0.941644398047002,8.75762015212261e-10,1.66639449778438e-10,1.48923133621904e-21,2
"20034",8.46804345303095e-05,0.999915319565434,3.35610210216907e-14,2.17801889069945e-15,2.29585020667354e-28,2
"20036",0.399517882005378,4.0567828229353e-07,0.315552069190449,0.284830994001288,9.86491246017246e-05,1
"20038",6.81544888308702e-08,4.47160217938042e-19,0.0546805189771029,0.0483766735966608,0.896942739271748,5
"20040",0.00207401558678965,2.09233089320253e-10,0.916300995750873,0.0812880594078523,0.00033692904525243,3
"20043",3.55624020354403e-09,8.69494760314324e-21,0.0269367044044973,0.00122477273300244,0.97183851930626,5
"20045",2.90151524181739e-08,7.52555769250968e-19,0.223420750543605,0.00615803518507683,0.770421185256166,5
"20048",1.3981252470816e-06,0.999998601874753,1.72782530616295e-17,3.3894748641031e-18,2.44805101239905e-32,2
"20051",0.750073118492969,0.249912513836881,1.2102447053548e-05,2.26522307716331e-06,1.94117389982148e-14,1
"20053",0.0101040319666799,0.989895967243499,7.70395710535203e-10,1.94253252222945e-11,4.15178746124952e-22,2
"20055",0.000318902151635238,3.09907104468081e-13,0.497614450376911,0.466943043758658,0.0351236037124859,3
"20057",0.000513900629716726,0.999486095081952,2.67598571115573e-13,4.28806341632344e-09,1.05877525463905e-22,2
"20059",0.955188617553022,0.000109146239187722,0.0372621920844474,0.00744003042373986,1.36996025015748e-08,1
"20061",0.977729284854435,0.000187762017096647,0.019625811658598,0.00245713745979051,4.01008007870034e-09,1
"20063",0.979729797274066,0.018305830134091,0.000969968305645037,0.000994404199058399,8.71397994655174e-11,1
"20065",1.15295811275e-08,1.50684760994181e-19,0.0130484720456253,0.0670539800732792,0.919897536351514,5
"20067",0.000524872342393491,6.26596699070326e-12,0.662466365604368,0.315942439030419,0.0210663230165537,3
"20069",0.000261624963129614,0.999738375036813,4.3782771333561e-14,1.32817083853134e-14,3.57693314434972e-27,2
"20071",0.997780396014947,0.00130983129826937,0.000727512707038479,0.000182259966183052,1.35625755959036e-11,1
"20073",0.968598805890119,0.0313365756209953,6.38537004812748e-05,7.64788368516358e-07,3.57833370555621e-14,1
"20075",2.65768860882619e-07,2.94520082482491e-15,8.84480938670626e-06,0.999338968560389,0.000651920861360481,4
"20077",2.33261872092798e-11,3.20244481971574e-25,0.0100401772617499,2.68873422383487e-05,0.989932935372686,5
"20079",0.408379553348288,0.591613570823372,6.63551065078248e-06,2.40317683618407e-07,6.00415657395694e-15,2
"20081",0.00711398801529739,1.19325520168332e-09,0.25800705146659,0.733887725358175,0.000991233966682904,4
"20083",0.992443431117454,0.00279636594996539,0.00144342422430102,0.00331677771847631,9.89803000506839e-10,1
"20085",6.97035964158781e-14,1.11112453215501e-27,0.000436749351802827,9.27831469442845e-06,0.999553972333433,5
"20088",0.00684941024137874,5.88236008603083e-10,0.971747266850401,0.0210237046746826,0.000379617645302046,3
"20091",3.99521991239816e-06,7.18897277949172e-15,0.00461240667969248,0.982533102527937,0.0128504955724505,4
"20095",0.00479211109773455,0.995207888519283,3.74873822945663e-10,8.10837162752306e-12,6.11969609055156e-23,2
"20097",3.60117781461557e-13,1.40489053132925e-26,0.000791660620663696,2.52800023107254e-05,0.999183059376666,5
"20099",0.985101304707504,0.00266482879740626,0.0121281220000859,0.000105744371747216,1.23256726565383e-10,1
"20102",0.000283420281412021,3.47175625314292e-11,0.00772552227087214,0.991261045815846,0.000730011597152765,4
"20105",0.449065855754978,1.28486892747557e-05,0.544015437081958,0.0069035582064316,2.3002673567356e-06,3
"20107",0.0987560471796506,1.25234763192725e-07,0.898923948286641,0.00231794052409364,1.93877485141624e-06,3
"20109",0.974550526263919,0.00216329787418436,0.0232622523042276,2.39234274575537e-05,1.30211572258376e-10,1
"20111",1.34814983975397e-06,4.10306462387507e-15,0.000323731074190797,0.995797937400322,0.00387698337564324,4
"20113",0.042362937135277,5.92858812367467e-09,0.950408008594464,0.00722073321531005,8.3151263609365e-06,3
"20115",0.554155879199327,0.445842201120798,4.05341241345047e-07,1.51433863366838e-06,1.80546589227769e-16,1
"20117",0.379785987438353,1.39372930061136e-05,0.0621465516313001,0.558052526014961,9.97622380025146e-07,4
"20119",0.000159671372291888,3.81358147556334e-13,0.998310877289553,0.00117817372055382,0.00035127761722002,3
"20121",0.0131224119970656,2.06505665580774e-09,0.98529917378997,0.00157011924425579,8.29290365182798e-06,3
"20123",2.01129345225046e-10,3.32047580374021e-22,6.9707185407581e-05,0.223974793008916,0.775955499604547,5
"20125",0.0587553209353687,0.941244678143469,7.26045126256683e-10,1.95117554606201e-10,2.78846599786154e-21,2
"20127",3.08685777961372e-06,1.42677744398994e-14,0.994695037866253,0.000155920468403148,0.00514595480754976,3
"20140",5.72390712919223e-05,1.98161904171021e-14,0.0994752231316567,0.874132552477655,0.0263349853193764,4
"20142",1.15904609738405e-05,0.999988409539025,4.14838687871817e-16,1.23056864044003e-16,3.25305499561516e-30,2
"20144",0.98225830605309,0.0174666829267503,2.62113684100503e-06,0.000272389883196358,1.22713085104899e-13,1
"20146",0.957568039564468,0.042404177313127,1.16180319422246e-05,1.61650903382409e-05,1.24493115581834e-13,1
"20148",0.920804741628673,0.0791867664115992,8.00977766989381e-06,4.82182053670385e-07,3.89924616468728e-15,1
"20150",7.44321132056969e-05,0.999925567886788,4.67439931899092e-15,1.37383083971905e-15,8.04073107473539e-29,2
"20152",0.991777541723993,0.00813428987040769,8.57621975389136e-05,2.40620793134613e-06,1.29595372175289e-13,1
"20154",9.76890472259072e-11,6.81245935999081e-22,0.000246043272062502,0.0180108810953728,0.981743075534876,5
"20156",0.97874181363005,0.0211557078207058,9.84154675047967e-05,4.06308170028085e-06,3.8723168172178e-14,1
"20159",0.00180420782326634,0.998195792175623,6.43234615539068e-13,4.6737825587035e-13,3.52180066677361e-25,2
"20161",0.000437941769918766,0.999562058229096,8.27635554290521e-13,1.57746983058034e-13,1.38494403892136e-25,2
"20163",0.46834405567206,3.75134391460273e-06,0.192520524404733,0.339120582028162,1.10865511307352e-05,1
"20165",0.00485374714997676,0.995146251834686,9.95000810243097e-10,2.03368110386808e-11,2.01996480920657e-21,2
"20167",0.0214743853572504,0.9785256129997,1.57881196655235e-09,6.42377307222402e-11,3.33790073169152e-21,2
"20169",6.81905051420967e-06,0.999993180949486,2.15525975947427e-16,8.7680134109514e-17,2.19095314133483e-30,2
"20171",3.77984642125037e-09,3.28642772069735e-19,0.00129233951939519,0.184646556401283,0.814061100299475,5
"20173",0.653235140782872,0.346708411309658,5.58866002228756e-05,5.61307239921881e-07,7.18483110474477e-15,1
"20175",0.986509117483587,0.0134790124469734,1.1298583691645e-05,5.71485746402776e-07,1.86454619131153e-15,1
"20177",0.12524653118886,2.95950722323748e-07,0.838128819740462,0.0366156524442953,8.70067566010289e-06,3
"20180",5.92803682230024e-13,7.0752424911131e-27,0.00044674012295656,0.00014968823714632,0.999403571639304,5
"20182",1.27605647119299e-05,0.999987239435237,3.96243260708671e-16,5.05705031784781e-14,2.30212502538683e-28,2
"20184",0.116449393354592,0.88355057677669,2.62613392292832e-08,3.60737855214122e-09,4.84790189423539e-19,2
"20187",0.927604313528489,0.0723375193792504,5.55564587214356e-05,2.61063352462677e-06,1.47245975172527e-14,1
"20189",0.060922511138371,2.8801254566085e-08,0.938436810942034,0.000639226662011414,1.42245632951169e-06,3
"20192",0.608039897487095,0.391947773162467,9.78761948245932e-06,2.54173095178275e-06,3.97549658326924e-15,1
"20194",0.281682830642121,0.718316860656647,1.96013272070533e-07,1.12687959422492e-07,3.32266128688166e-17,2
"20196",0.000134461943833238,9.35575097890529e-13,0.300549103479383,0.643582709723188,0.0557337248526608,4
"20198",0.99636384467808,0.00121430213066119,0.00186315043673194,0.000558702642153521,1.12373605318571e-10,1
"20204",0.000147807199543647,0.999852192800422,2.43690658528871e-14,9.6356174491507e-15,1.4771333555739e-27,2
"20207",0.00529514042421253,7.88190016491469e-10,0.529214327267653,0.463016918475705,0.00247361304423962,3
"20209",0.164627669902652,8.68710958572701e-07,0.00202702960611126,0.833344148852957,2.82927320597882e-07,4
"20211",7.49663338999825e-16,4.29387939912906e-30,1.92493166584625e-07,0.000451923790203362,0.999547883716629,5
"20215",0.00420011194541054,1.39974351927728e-10,0.9267629826707,0.0661988247150745,0.00283808052884025,3
"20218",1.1631991717158e-05,0.999988368008282,3.39818008153214e-16,8.60439091421668e-17,2.57674847096526e-30,2
"20222",7.98861917839851e-08,5.210927900146e-18,0.0321604480491505,0.0233322957322016,0.944507176332456,5
"20225",0.0376330031666868,0.962366992610095,1.40537477725363e-09,2.81784365755714e-09,4.77324590722425e-20,2
"20229",0.00294241013731263,0.997057589850982,7.283171545747e-12,4.42196873023083e-12,6.40307479273648e-24,2
"20232",0.995772010363959,0.000356280631126175,0.00383150975816036,4.0199230410389e-05,1.63441155836156e-11,1
"20234",6.74718690707001e-10,6.45708278665102e-21,0.028710039945788,0.00679572006245994,0.964494239317033,5
"20238",0.0560030983939677,6.91022310878149e-08,0.942956110379804,0.00103955910700261,1.16301699457564e-06,3
"20253",5.75107393343959e-09,1.67855167510218e-20,0.0295018704954873,0.00382674050553775,0.966671383247901,5
"20255",0.0100387439005241,0.98996125594829,9.62738495051378e-11,5.4912002164248e-11,2.70366633999421e-22,2
"20258",3.38177915087974e-05,4.46886692975436e-14,0.979371373364046,0.0090932665531527,0.0115015422912484,3
"20269",0.982727402068573,0.00407595549717742,0.0131884053618478,8.23704032393655e-06,3.20781915569993e-11,1
"20271",7.23655348912119e-10,1.74852339383386e-22,0.901934402303287,5.96382329968565e-06,0.0980596331497573,3
"20285",0.866465693692492,0.133517654687963,1.57329843236504e-05,9.18635217728777e-07,3.54394910561096e-15,1
"20288",0.00311971814297776,6.11729569047179e-11,0.989633885244196,0.00695606083055763,0.000290335721095163,3
"20291",0.0193438486171285,5.37520518639382e-09,0.499422272585731,0.481017384333451,0.000216489088484588,3
"20295",0.992936947532055,0.00366288529361716,0.00264081400064807,0.000759352992762408,1.80917057346735e-10,1
"20298",0.000242264304627869,0.999757735695316,4.7171197166614e-14,9.28235793532105e-15,1.63012220866281e-27,2
"20302",0.97018750653857,0.0297590931044268,4.569889463483e-05,7.70146225833108e-06,1.0979006018453e-13,1
"20305",0.000295794564657611,0.999704205435283,5.08441174914259e-14,8.45701540110902e-15,1.33802847022506e-27,2
"20307",2.65697847471569e-06,2.55476923433656e-16,0.954098374187696,0.00317683533390221,0.042722133499927,3
"20310",0.0289397093974424,5.3654948654909e-07,0.969191464797678,0.00186523382436326,3.05543102994237e-06,3
"20313",1.19068401595803e-05,0.99998809315984,4.23421507670968e-16,1.73704689612676e-16,5.06020294627813e-30,2
"20315",2.00699787800346e-06,1.45551047693062e-16,0.966729758835222,0.00177752248360348,0.0314907116832959,3
"20319",1.8355649927141e-10,4.22370333900833e-22,0.000636478325482936,0.0100459594430825,0.989317562047878,5
"20321",5.90919978321386e-05,3.7929410568822e-13,0.996733317689911,0.00105505214778175,0.00215253816409623,3
"20327",0.0032798236604586,1.28116445117398e-09,0.996593734494692,0.000124470249755978,1.97031392922059e-06,3
"20329",0.01353083539145,0.986469164018052,5.21768160575723e-10,6.87301772868983e-11,4.89159512958374e-22,2
"20335",2.65498167695406e-05,4.51057424793467e-14,0.318438410400673,0.519547246928934,0.161987792853578,4
"20337",1.74447284060117e-05,0.999982555271594,5.29993093980153e-16,9.73408808714495e-17,3.01781196742168e-30,2
"20339",0.989702537924975,0.00777742580728437,7.53157656001652e-05,0.00244472047843681,2.37033564882396e-11,1
"20341",1.75956197604519e-05,1.07885810276056e-13,0.0204783007244309,0.964827035821253,0.0146770678344476,4
"20343",0.812303350608305,9.52430375287758e-05,0.103717841604836,0.0838828258074465,7.3894188449179e-07,1
"20345",0.974621167659969,0.0253745383945934,4.14069663366666e-06,1.53248803935782e-07,2.33500722443188e-16,1
"20350",0.00200655770667256,0.997993442261821,2.62210095780999e-11,5.28606829615183e-12,1.49799133483301e-23,2
"20352",5.60737752971642e-06,0.99999439262247,2.58456791695373e-16,3.66652975641368e-17,1.18749088551793e-30,2
"20355",4.00803769428163e-06,0.999995991962306,1.24503245852809e-16,1.32110170546596e-17,1.83116741162984e-31,2
"20358",0.00971509357026196,3.57645785328774e-09,0.1046596612161,0.885221666079403,0.000403575557777317,4
"20363",0.130999411410939,5.33695293228165e-07,0.862043348386573,0.00694821593400405,8.49057319052985e-06,3
"20365",1.68073986770352e-11,3.39184601840861e-24,0.000190253289113197,0.00571415200108896,0.99409559469299,5
"20379",0.948549600654485,0.0514306880884946,4.36965627232745e-06,1.5341600740264e-05,7.3154985175901e-15,1
"20387",9.19462167743413e-06,1.80169077505646e-15,0.990794863353718,0.000824637838582233,0.00837130418602026,3
"20392",1.39180138768356e-09,1.16925835122351e-20,0.000516038851851909,0.146331700756169,0.853152259000178,5
"20395",0.899554532518986,4.49970977452483e-06,0.0791771605216284,0.0212634487216356,3.58527975356846e-07,1
"20397",5.23626312063074e-06,0.999994763736879,1.43239852806131e-16,3.95799915774491e-17,3.20284982050198e-31,2
"20410",2.61686296783554e-05,2.79111388694136e-15,0.97853050934909,0.00737724939920474,0.0140660726220244,3
"20414",0.00085040135538473,0.99914959864158,2.89357122624687e-12,1.41628293883396e-13,4.97407646983496e-25,2
"20417",0.00311205131510388,1.07873242402164e-08,0.150493222746802,0.845794735943111,0.000599979207659618,4
"20419",4.88072810465639e-06,3.80598453661495e-15,0.99686585098144,0.000210621589859218,0.00291864670059247,3
"20421",0.229296507549713,1.01892555135449e-06,0.0269023138746943,0.743795742700878,4.41694916393098e-06,4
"20423",0.00744849628605912,0.992551503590727,8.06194185709991e-11,4.25945890490413e-11,1.77172486926069e-22,2
"20425",0.19446493391638,0.805534873574639,9.58822941014251e-08,9.66266872210181e-08,2.68873387118437e-17,2
"20427",0.995892053665747,0.000652294210387212,0.00318960705671188,0.000266044870053265,1.97100578756592e-10,1
"20429",0.00286805431756722,0.997131945576615,1.01967245569571e-10,3.85002905342244e-12,2.80218749203542e-23,2
"20432",0.00342935948371202,0.996570640477481,3.5106430901329e-11,3.70103730885431e-12,3.48315884429808e-23,2
"20435",0.139011197282797,0.860988751841005,4.99299281667379e-08,9.46269852852335e-10,8.31525197089626e-20,2
"20438",2.20235022838738e-05,2.11531793246627e-14,0.986334051732653,0.00275453137635214,0.01088939338869,3
"20440",5.86541732445705e-06,1.88738368464421e-14,0.999774098307624,1.92001440403284e-05,0.000200836130992423,3
"20443",0.000734960917802542,0.99926503907896,2.66882935887624e-12,5.68370331822288e-13,7.13543087635346e-25,2
"20446",0.0141670169588248,1.17694116347639e-09,0.732055725101644,0.252085460170661,0.0016917965919289,3
"20449",0.781711838386297,0.218282512992345,5.17053343772629e-06,4.78087920282145e-07,7.05525537783351e-16,1
"20537",0.899988037912224,9.06957899705177e-05,0.0449410952877607,0.054979999395524,1.7161452090192e-07,1
"20540",5.86912350691769e-14,1.65386272355364e-27,7.59203231097018e-06,0.00329789457168276,0.996694513395948,5
"20543",0.995655339194217,0.00418291373913447,0.00016115150769803,5.95558909566805e-07,4.07764410442605e-14,1
"20545",1.65150583399406e-15,2.62416392905036e-29,2.66894080854035e-07,0.000681204545883983,0.999318528560033,5
"20549",0.993078472914955,0.0063469322891598,0.00036299542045371,0.000211599362838389,1.25927384006647e-11,1
"20551",9.18159475350929e-12,2.58440355810422e-25,0.00121851805913826,0.000215700134640629,0.998565781797039,5
"20554",2.50143269576e-07,2.04111300531553e-18,0.943952614823155,0.000298548223480434,0.0557485868100956,3
"20556",9.83532389414622e-06,1.32769456738311e-15,0.0706356355372847,0.650154637625161,0.279199891513659,4
"20558",5.03414808209404e-09,1.22281680923111e-20,0.847596415250659,1.16660682661072e-05,0.152391913646927,3
"20560",5.76341445956405e-05,6.32999891748029e-14,0.992598962117432,0.00114306980702127,0.00620033393088761,3
"20563",9.62308452167806e-07,2.71663183835529e-15,0.999193440997509,1.19515537302781e-05,0.000793645140305524,3
"20565",0.952248215364379,0.000471137522340488,0.0467185803038494,0.000562052484168366,1.43252627267027e-08,1
"20567",0.00201335200342631,0.997986647985788,9.26841789428518e-12,1.51722394145786e-12,2.95273065112629e-24,2
"20571",0.188645685649251,1.36144346897878e-06,0.743282751945031,0.0680460347561054,2.41662061436938e-05,3
"20573",0.000123226159765039,4.57223349815451e-14,0.729810640224412,0.216078340087898,0.0539877935278792,3
"20575",0.268483643936662,6.78144871485211e-06,0.731120411890366,0.000389019182872858,1.43541384390142e-07,3
"20577",0.988439033759645,0.0114104086000343,0.000120594411427277,2.99632279491927e-05,9.44382483213811e-13,1
"20579",0.0173452247634806,0.982654774501061,5.41544125348151e-10,1.93914387151922e-10,1.26601219211847e-21,2
"20582",1.00268862894397e-09,1.90370786693712e-21,0.441234355893283,1.05123911277337e-05,0.558755130712901,5
"20585",9.08576645925641e-05,3.49827529692487e-13,0.0517593762321732,0.9184471237753,0.0297026423275844,4
"20588",1.08682884373863e-10,4.40776378982529e-23,0.000146119115779018,0.136443204352648,0.86341067642289,5
"20590",0.000785341060640975,0.999214658937824,1.17989142071621e-12,3.54675872476111e-13,2.5519309147791e-25,2
"20592",6.94529352674314e-05,8.34002910516056e-13,0.997685139629637,0.001065750436611,0.00117965699765072,3
"20594",4.87493733237974e-12,4.57200757121144e-25,0.0148060151514172,7.7732735155294e-06,0.985186211570192,5
"20596",0.869370645402071,0.000139562927000536,0.130183839454762,0.000305947651309633,4.56485687019079e-09,1
"20598",0.000519771869937058,3.19054154705733e-12,0.999032055386424,0.000342127594275934,0.000106045146172778,3
"20600",5.4805435710213e-08,5.13057618257266e-19,0.00448036630815633,0.371519429870289,0.624000149016119,5
"20603",0.00425393427665394,0.995746065702089,1.03113659170601e-11,1.09453944095232e-11,1.0116270690228e-23,2
"20605",6.10761872539196e-14,2.26965603143584e-28,0.000108069675637633,7.89577735138969e-05,0.999812972550787,5
"20607",5.74612459909511e-07,6.01573587623264e-18,0.942326796785361,0.00056542321180508,0.0571072053903737,3
"20609",0.473918766450152,1.53007541625752e-05,0.525924057337382,0.00014184120545239,3.42528511596185e-08,3
"20611",0.130425758396569,0.86957424039093,9.2415943107202e-10,2.88341704516093e-10,2.31676033701082e-21,2
"20613",0.0353946263480542,0.964605370865746,2.76928969419734e-09,1.69100838329731e-11,8.21688942745757e-22,2
"20615",0.00565277578646873,2.34301730819202e-10,0.233632915437429,0.757682588863697,0.00303171967810291,4
"20617",1.22375421583006e-05,0.999987762457841,4.21183207519935e-16,1.46526815231929e-16,5.2429054421611e-30,2
"20619",1.4245438236847e-05,1.67681652889799e-14,0.992447865864708,0.00110324891324466,0.00643463978379394,3
"20621",4.77659563536856e-07,2.33327570962092e-18,0.579303894466415,0.00478425925734018,0.415911368616681,3
"20623",0.841331811367954,7.42962353612035e-05,0.156867013726496,0.00172679220607253,8.64641158484222e-08,1
"20625",0.988777555461057,0.000915400173180741,0.000199627467721966,0.0101074163810392,5.17001067166782e-10,1
"20627",0.993681559099202,0.000224691184436656,0.00606155626180789,3.21934107435246e-05,4.38103317353093e-11,1
"20629",0.0140332040416971,7.94177145014142e-10,0.755630207177497,0.229238518210203,0.00109806977642568,3
"20631",2.24206332886926e-06,1.33933134940271e-15,0.956676376269287,0.000868684153676286,0.0424526975137069,3
"20633",1.08167874999888e-05,0.999989183212499,3.87592771940475e-16,1.73888858854518e-16,4.24584754653952e-30,2
"20636",0.328393353898161,0.671606116790251,4.00768200534371e-07,1.28543387974432e-07,4.39241931217971e-17,2
"20638",0.992251591798439,0.0072411589610283,0.000236869502816491,0.000270379722035086,1.56814671626912e-11,1
"20640",0.130385341376729,1.66496229849715e-07,0.50309248381333,0.366450462902859,7.1545410852657e-05,3
"20645",7.09992618587736e-11,4.57073624769326e-23,0.00766387583567265,0.000355436464395039,0.991980687628933,5
"20647",2.30403554793187e-06,0.999997695964452,4.19294744971232e-17,1.34570719057687e-17,1.69580686031519e-31,2
"20649",0.0605216164900722,5.84424179690898e-08,0.921427519300521,0.0180035619270461,4.72438399422256e-05,3
"20651",0.010794541685373,4.10025528044664e-09,0.913864938357815,0.0751232727915166,0.000217243065040414,3
"20656",1.541015095469e-06,5.64588324699921e-16,0.266055564566695,0.0710969239525079,0.662845970465701,5
"20660",0.622672287790854,0.377316721691267,3.5996369708275e-06,7.39088090586069e-06,2.14805524365982e-15,1
"20662",0.00791802795220418,0.992081971875115,1.52052860595282e-10,2.06280390849394e-11,9.16231665078375e-23,2
"20664",0.000131529008316848,0.999868470991401,2.67765496153457e-13,1.44412773253967e-14,1.19185873110347e-26,2
"20666",0.00257019543811499,0.997429804532753,9.06105440589782e-12,2.00709386122596e-11,2.17335682369877e-23,2
"20668",0.00460094833172677,0.995399051626862,3.76945627463820e-11,3.71699274526265e-12,2.55404661683837e-23,2
"20670",0.209006972156077,3.65920855248464e-06,0.789889146947429,0.00109828317849979,1.93850944112127e-06,3
"20672",0.00282176493187611,0.997178235040787,1.73657668563213e-11,9.97095524271282e-12,3.28890068340827e-23,2
"20674",2.19059212975593e-05,1.6539288126547e-15,0.685144827066132,0.115392200203467,0.199441066809102,3
"20676",0.00302390383440336,0.996976096153017,4.99357109441505e-12,7.58613516190352e-12,2.58568513282327e-24,2
"20678",6.16872173462494e-06,0.999993831278265,1.48237669241972e-16,2.61129579912486e-17,2.95846240364388e-31,2
"20680",8.08288198102744e-05,0.999919171180163,2.51291780194533e-14,1.98046981120408e-15,3.63941625274334e-28,2
"20682",0.99374345626855,0.000158718439059019,0.00451214446933925,0.00158568002716111,7.95890996786504e-10,1
"20684",0.94934488337919,3.19984766656684e-05,0.0471245200088597,0.0034985716265027,2.65087814775601e-08,1
"20686",1.72119883937739e-05,0.999982788011605,7.77571511170972e-16,1.66715136546583e-16,6.99545959811665e-30,2
"20688",9.41422133018507e-06,0.99999058577867,3.65643495631439e-16,7.1792707056253e-17,1.01171268206431e-30,2
"20690",0.862065073273168,5.05082820999892e-05,0.0183471815225262,0.119537166613067,7.03091384654786e-08,1
"20692",7.14065835511044e-06,0.999992859341645,1.98561662233008e-16,6.36020225633337e-17,8.19002698598713e-31,2
"20694",0.0510158643104017,0.948984129153364,4.21744075373378e-09,2.31879346043517e-09,5.95488122480169e-20,2
"20696",0.492156467303225,0.507842327910657,8.22779647070093e-07,3.82006470618233e-07,2.31370082630638e-16,2
"20698",0.264677971295776,0.735321025447438,7.77700296921899e-07,2.2555648908783e-07,1.57445150642721e-16,2
"20700",0.983488550514456,0.00103261655261522,0.0153817565681819,9.70762036766975e-05,1.61070138500782e-10,1
"20702",0.00311077500168384,2.374680800866e-10,0.160640496805534,0.834761483994519,0.00148724396079481,4
"20704",0.614502991832064,4.66013443982533e-06,0.384253738963517,0.00123846742497981,1.41644999313407e-07,1
"20706",0.000314700170224848,0.999685299829368,3.68542052768882e-13,3.83279887579557e-14,1.08933617325497e-26,2
"20708",0.000231893843797773,0.99976810615614,5.47138825829526e-14,7.25037883306805e-15,7.32245374996848e-28,2
"20710",0.0284899533313853,0.971510042263135,3.62142605538753e-09,7.84053542043274e-10,2.10202404301638e-20,2
"20714",0.0064401555574262,0.993559844223877,1.96723829261073e-10,2.19730620093467e-11,3.08936238601511e-22,2
"20716",0.592861373439882,3.17725625581895e-06,0.40530784655596,0.00182745649816781,1.46249734259905e-07,1
"20719",0.107330273744947,3.97332602565077e-08,0.688419980406637,0.204160016165923,8.96899492324732e-05,3
"20721",5.93310003431446e-06,1.75428846193771e-14,0.999390383488932,5.323459657631e-05,0.000550448814439849,3
"20723",0.395979986743455,0.604018541339347,1.36356436383605e-06,1.08352834217732e-07,1.29468092725044e-16,2
"20725",0.626827444227427,0.373172163207471,3.48278892753848e-07,4.42862091728921e-08,1.58232629007119e-17,1
"20727",0.883090882829649,0.116531837814092,1.45610143241273e-06,0.000375823254786041,3.98662405227412e-14,1
"20729",0.000271109543570601,0.999728890456403,2.23255068200706e-14,3.49496915467556e-15,2.46539725481946e-28,2
"20731",0.000522355843456668,0.99947764415649,4.78941111639292e-14,5.06401034399022e-15,6.57370956418437e-28,2
"20733",0.923142414287891,5.02835064446556e-05,0.0648300051216787,0.0119771743995013,1.22684484805698e-07,1
"20735",0.990890437772946,2.7062125417326e-05,0.00867717700847844,0.000405322665504046,4.27653922041235e-10,1
"20737",0.0051652355353155,0.994834764405707,4.91943075476345e-11,9.78335830855128e-12,4.08310615119531e-23,2
"20739",1.02658729654409e-05,0.999989734127034,3.98340807572042e-16,1.44841299182064e-16,2.947773998956e-30,2
"20741",0.522363623143843,0.477635340288488,1.00262765581214e-06,3.39400132263873e-08,9.46214896495131e-17,1
"20743",0.000199828983253428,0.999800171016663,8.00596552266198e-14,3.87356214784116e-15,5.50061987699837e-28,2
"20745",8.7356473170724e-05,4.96316403843739e-13,0.893391864328245,0.0795861198916609,0.0269346593064273,3
"20747",0.000567887566045893,0.999432112433882,6.2137630590448e-14,9.95898998328356e-15,1.01434370890433e-27,2
"20749",0.00222664691710206,0.997773353082262,4.20046345382908e-13,2.15363705124609e-13,3.99879129672007e-26,2
"20751",0.779454863698016,0.220537116090673,1.76276598307274e-08,8.0025836508102e-06,9.39289567359468e-17,1
"20753",0.000126838716356728,0.999873161283622,1.96249479007271e-14,2.29361868467408e-15,2.48825807863849e-28,2
"20755",0.000331711687754611,0.999668288312066,1.55548498758064e-13,2.42923474620268e-14,2.56516035161054e-27,2
"20757",0.00430328471615629,0.995696715133985,1.41857822874587e-10,8.00139367466117e-12,6.01561933138904e-23,2
"20759",0.000365090269195569,6.53825492656098e-12,0.998424510269339,0.00105970970538515,0.000150689749542476,3
"20761",0.592162867958127,0.407836102244654,1.01842528507085e-06,1.13719344095908e-08,1.05648831299064e-17,1
"20763",0.0410992375843107,0.958900750321846,1.19736013049961e-08,1.20242412350217e-10,6.38009471531678e-20,2
"20765",0.000200238993074901,0.999799761006779,1.36561840037984e-13,9.49566697226496e-15,4.48237504133707e-27,2
"20767",0.965875209056854,0.000100376764512872,0.0337848822800825,0.000239530802518001,1.09603262012515e-09,1
"20769",2.25076169032402e-05,2.91523701834184e-14,0.0401839648015398,0.92679278433385,0.0330007432476779,4
"20771",0.880421461044034,0.119533533687407,4.40863282115966e-05,9.18940337640092e-07,9.46439214591859e-15,1
"20773",0.971277149989509,0.0285554046454956,9.29519408253598e-05,7.44934237020806e-05,4.67888120228584e-13,1
"20775",0.462760983338184,0.537238917829767,8.06698371714177e-08,1.81622122174487e-08,1.24479648820985e-18,2
"20777",7.47828344555477e-05,3.88597850725997e-13,0.00917978179509695,0.977179507382358,0.0135659279877008,4
"20779",0.844175823339021,0.155821825415764,1.8763916851555e-06,4.74853529186532e-07,5.146073228385e-16,1
"20781",0.0994336938169565,1.16945923323236e-05,0.000705187799832952,0.899849223749444,2.00041434081546e-07,4
"20783",0.992994256008148,6.6288208811928e-05,0.0069129054990968,2.65502506127923e-05,3.3330837758789e-11,1
"20785",1.85389850184425e-05,0.999981461014978,2.77162069712038e-15,4.22601047780306e-16,1.6369523465085e-29,2
"20787",0.991549409642286,0.00841554609510226,3.40707457172772e-05,9.73516877765869e-07,1.69431448150545e-14,1
"20789",0.00431404427591313,0.995685955675106,4.80289650786703e-11,9.51716624883036e-13,3.12873158698344e-24,2
"20791",0.00202998478740991,0.997970015211821,5.42116217241872e-13,2.27150254088685e-13,9.2245598285967e-26,2
"20793",0.978667362239881,0.021218030466689,0.000113475863243857,1.13143011373778e-06,7.20497967496201e-14,1
"20795",0.00108508818627742,0.998914911811611,1.88571105422226e-12,2.25635176309144e-13,1.85896346809342e-25,2
"20797",0.0177059321397173,0.98229392118336,5.84533592644682e-10,1.46092388914908e-07,5.01197080943529e-19,2
"20800",0.00321849319758999,0.996781506801586,6.83773219233188e-13,1.40489948339692e-13,1.04008750973263e-25,2
"20802",0.0287581476530855,0.971241850965969,1.34121057282043e-09,3.97352759205958e-11,1.49948221638488e-21,2
"20804",0.00839035057566811,0.991609649403751,1.76724103875707e-11,2.90809048650237e-12,4.68792721146773e-24,2
"20806",0.000105587124531441,0.999894412875459,7.66245063899011e-15,2.15626197910522e-15,1.55831477200111e-28,2
"20808",0.421828423020461,1.99892136381964e-06,0.577560532567595,0.000608933812298986,1.11678280650574e-07,3
"20810",0.0786580722593737,0.921341921606939,5.27127066591433e-09,8.62416756331016e-10,2.15315313991956e-20,2
"20812",0.138104453974764,0.861895502300788,2.53444431160154e-08,1.83800052189871e-08,1.36348510259924e-18,2
"20814",0.000314148179133351,0.999685851820806,4.14408270227072e-14,1.92309645897735e-14,1.47337457665701e-27,2
"20816",0.881492054293725,0.118473079161142,3.10812754955063e-05,3.78526962080703e-06,1.62688862992525e-14,1
"20818",0.0234177116325354,0.976582287545546,7.84662737652082e-10,3.72560177069414e-11,4.34707695518697e-22,2
"20820",1.22321232992559e-05,0.9999877678767,6.96725500244099e-16,3.06743073525571e-16,1.00238620199685e-29,2
"20822",0.970355947518113,0.0296212308788093,2.22029563513025e-05,6.18646713998073e-07,1.19342454766465e-14,1
"20824",0.00484522412922775,0.995154775757964,7.50916662673406e-11,3.77167427656829e-11,8.85846890781002e-23,2
"20826",5.63613121079171e-06,0.999994363868789,1.21937840852520e-16,2.77896390309726e-17,5.05795905842087e-31,2
"20828",1.53166575754054e-06,0.999998468334243,2.03950049381917e-17,4.51922961341747e-18,3.72599531647948e-32,2
