"","V1","V2","V3","V4","V5","result$classification"
"19811",6.17350836728308e-05,7.31474523589565e-07,0.00241573622859286,0.954208097710823,0.0433136995023883,4
"19813",2.30555167201236e-06,1.03162449302806e-08,3.83128477541896e-07,0.00011118652809279,0.999886114475513,5
"19815",0.00165341148320619,0.000642911818050192,4.03854345201813e-05,0.99766019542958,3.09583464315938e-06,4
"19817",0.000208550971291525,2.37135295399909e-05,0.0016329243077787,0.998122278463583,1.25327278071434e-05,4
"19819",0.873704126406078,0.126184321254492,1.33714252128003e-06,0.000110213120132914,2.07677613948629e-09,1
"19821",0.00205320197771012,1.25633402084067e-06,0.0612452784888143,0.916515895231403,0.0201843679680522,4
"19823",0.000766305720115819,0.063680958939635,0.000809682872654225,0.934733624598774,9.42786882071801e-06,4
"19825",0.171935004735137,0.00090617357254565,0.813092142343734,0.00552322729018224,0.00854345205840082,3
"19827",0.000522371889050152,0.000141070766873081,0.645312544593731,0.354022450364861,1.56238548425453e-06,3
"19829",0.985255444500697,0.000124863036043783,0.0113630159508446,0.00324850652844116,8.1699839731808e-06,1
"19831",0.896077596834051,0.103188209392581,1.71167296342781e-06,0.000730051696672813,2.43040373163867e-06,1
"19833",4.16387435283784e-05,0.99992736545042,1.80141223016264e-05,5.88505146262646e-06,7.09663228750257e-06,2
"19835",0.00205320197771012,1.25633402084067e-06,0.0612452784888143,0.916515895231403,0.0201843679680522,4
"19837",0.00159399857093087,2.14380452267402e-05,0.0919816180348566,0.906392698478158,1.0246870827533e-05,4
"19839",0.958029669076224,4.56654299907439e-05,0.0315301126080901,0.00781077622028942,0.00258377666540613,1
"19841",3.20232139452502e-05,9.32778282375592e-08,0.999801084376755,2.31988886434523e-05,0.00014360024282768,3
"19843",0.97658849957771,0.000125999615422602,1.09472206846958e-07,0.000165997706499431,0.0231193936281615,1
"19845",7.75850293965413e-06,4.32497584734395e-07,7.17596449311614e-05,0.100860665362717,0.899059383991827,5
"19847",0.00489186278437353,9.35560816897621e-05,3.90696525477245e-05,0.989817241793605,0.00515826968778374,4
"19849",2.73508606648351e-07,3.76655683874555e-09,9.13851945786057e-07,0.000161437975998454,0.999837370896892,5
"19851",7.24157371029073e-05,2.87653279435203e-05,0.000152556472393211,0.999710925478036,3.53369845246493e-05,4
"19853",2.69400073631954e-06,0.000199033844680241,0.00199919823066157,0.971712869130665,0.0260862047932568,4
"19855",1.24012029390701e-05,1.0864138880472e-05,0.0119649148821233,0.986403080633763,0.00160873914229393,4
"19857",0.0107453873216698,3.82008941172473e-06,0.0306602985632765,0.944750331666932,0.0138401623587104,4
"19859",0.00152945066491938,0.000154616517422822,0.0230714568514972,0.975218202551387,2.62734147735903e-05,4
"19861",5.56981201011619e-05,2.42167521638782e-06,0.00016504096465516,0.880365930926902,0.119410908313125,4
"19863",2.6360723818622e-07,4.71182490972416e-09,0.00838205380980711,4.87084159547971e-05,0.991568969455175,5
"19865",6.21684582033699e-06,9.93364424433553e-08,0.997962865005706,0.00202736113532866,3.4576767023892e-06,3
"19867",0.000855943499075235,3.43115849115542e-05,1.05423233223192e-05,0.993743245798494,0.00535595679419732,4
"19869",5.5133757094171e-07,1.13272516305681e-08,0.000210753202407455,0.00925305512489949,0.99053562900787,5
"19871",0.00435269090260449,0.000173427858169086,0.0872237716675655,0.908244828171245,5.28140041602598e-06,4
"19874",2.74826600464871e-05,1.46055478824094e-05,0.849686782945242,0.150259071305739,1.20575410902801e-05,3
"19876",6.98827000666096e-06,6.6579889801654e-07,0.535447842117276,0.463889548802462,0.000654955011356768,3
"19878",0.679025282286883,0.0170910882483773,0.000536379398611646,0.30226657401546,0.00108067605066783,1
"19880",2.2738462218871e-07,2.03549267872679e-08,0.999087893068648,0.000885643940620702,2.62152511826968e-05,3
"19882",4.76768689643228e-05,7.50063466372245e-06,0.00288148389934499,0.773319775919167,0.22374356267786,4
"19885",0.00649648835353609,1.33676066947351e-05,0.00132980818761072,0.992146486897521,1.38489546376853e-05,4
"19907",0.000350004337547737,1.0587660673431e-05,6.06615149231538e-05,0.948154663491093,0.051424082995763,4
"19909",0.982852661319569,4.75064550701137e-05,2.54359210932338e-05,0.0168178484763576,0.000256547827909976,1
"19911",0.933401567352723,0.00112559466742085,0.033334905707427,0.0320966276743036,4.13045981256018e-05,1
"19913",1.0282205170421e-06,1.37342022225539e-07,0.999972925306667,2.42097481830049e-05,1.69938261090059e-06,3
"19915",3.25463609650659e-05,1.25646836253898e-05,0.611719101799635,0.388229430453237,6.35670253702097e-06,3
"19917",7.17815033956185e-05,2.22429355356356e-06,0.988441614826845,0.0114777508831755,6.62849303039333e-06,3
"19919",0.000500937090348771,7.07561085220268e-05,0.210989601625876,0.788434641297705,4.06387754837889e-06,4
"19921",0.000272279622546839,1.38404258039801e-05,3.46276951305733e-05,0.999418930529789,0.000260321726729266,4
"19923",0.0535595128963335,0.0285722071194059,8.3524163135156e-06,0.917360389901176,0.000499537666771099,4
"19925",2.12746139123955e-05,3.53279023190426e-06,0.957417203856964,0.0425557397398251,2.2489990671436e-06,3
"19927",8.73166981345931e-05,1.48115448814996e-05,0.000723887609855953,0.999125350376257,4.86337708707857e-05,4
"19929",6.96725148260055e-07,7.86317932609906e-09,0.511398876168163,0.000191435399927771,0.488408983843582,3
"19931",0.000975976623036518,0.000105819551455458,0.00246478309569793,0.996451014268816,2.40646099377828e-06,4
"19933",0.671761056857928,0.00112539535874456,0.0029528783413877,0.324159090996867,1.57844507298535e-06,1
"19935",0.0767327692869895,1.28875292470777e-05,0.00289990487727036,0.919526188331966,0.000828249974527425,4
"19937",0.000345495846029981,0.00026795627645135,5.98579618974527e-05,0.999321849355213,4.84056040845857e-06,4
"19939",0.000897534468568543,0.000140139963926975,0.00256600600231681,0.996385134850555,1.11847146325652e-05,4
"19941",0.907319420835173,7.90798987832721e-05,0.0829396473620232,0.00915139726498787,0.000510454639032195,1
"19943",2.08402436724552e-06,8.33283374668247e-07,0.999264005477965,0.000732676221425117,4.00992867542946e-07,3
"19945",0.865003049326175,0.00246014503483769,0.000110241480780658,0.132425921028144,6.43130062417717e-07,1
"19947",0.124366772939991,0.000222253916479866,0.826375815561333,0.021250422857314,0.0277847347248819,3
"19949",0.217717497839073,0.0260552443673266,2.12185033015198e-05,0.756197368749247,8.67054105192e-06,4
"19951",0.00193343993681795,5.77949739663596e-05,0.711149527243388,0.286835509858119,2.37279877095808e-05,3
"19953",0.17738761797293,0.8196674907478,1.99999174579731e-07,0.00294454468032506,1.46599770047267e-07,2
"19955",0.943914369160848,0.0467251586281932,5.12375312277895e-06,0.009324627984967,3.07204728688096e-05,1
"19957",0.00124267861570575,0.00157053936977038,0.911046032858777,0.0860992592391814,4.14899165656879e-05,3
"19960",0.996175451947407,0.000121716958325135,0.000421687679986562,0.00321976435482666,6.13790594543071e-05,1
"19963",0.0005645766002945,0.0653579728315523,0.933344235865518,0.00057692536571631,0.000156289336918621,3
"19965",0.998779304829589,0.000446901987032478,5.52683914133688e-08,0.000689063721019141,8.4674193967674e-05,1
"19968",0.0019531363540059,2.9670782609469e-08,0.786488463721686,0.013888967672591,0.197669402580935,3
"19971",0.00193141361939452,0.00500740272148766,0.993007460613229,5.12900008254991e-05,2.43304506343719e-06,3
"19973",0.000214771674912469,1.86361665868594e-06,0.0117392186876997,0.987970480500793,7.3665519936543e-05,4
"19975",5.33216328745464e-05,1.18142177546118e-07,0.978879746717246,0.0210172796380982,4.95338696036681e-05,3
"19977",0.000189399032167025,0.000171203516071878,0.997483663614103,0.00177570167413156,0.00038003216352643,3
"19979",0.999714738900679,0.000277930802574811,1.73864510715647e-06,5.58993162611408e-06,1.72001221843596e-09,1
"19981",0.0158470383270814,2.72986339653516e-05,0.00122637854356819,0.981917202021301,0.000982082474084605,4
"19983",0.0230245854287188,0.000152758951463015,6.90368672837526e-05,0.97621641784899,0.000537200903544397,4
"19985",6.38005449143823e-06,7.93461910299879e-07,0.880157578854407,0.119770772017745,6.44756114468463e-05,3
"19987",0.0532779583430233,0.000146305026471467,0.0973184974008238,0.849245251915243,1.19873144382083e-05,4
"19989",0.996648334664954,0.0032709525028342,1.51143159846637e-08,8.06941203899264e-05,3.59750570211641e-09,1
"19993",0.339603562221739,0.00145612251719652,0.0354228557330893,0.62351444988888,3.00963909558137e-06,4
"19995",0.7438407038107,0.000435898104182402,0.00912323166070296,0.246587252838159,1.29135862550908e-05,1
"19997",7.3329547772754e-05,7.3075660347435e-06,0.0205005040462377,0.97933332250774,8.55363322148055e-05,4
"19999",1.43559899253121e-05,6.45673224163025e-07,0.118892839935087,0.879139710939059,0.00195244746270427,4
"20002",0.000312115723703919,2.76844117917699e-06,0.41257603217589,0.000475113363506008,0.586633970295721,5
"20004",0.863843460592516,7.4671105755173e-05,0.0138615429863986,0.121652019023832,0.000568306291498135,1
"20006",0.960575019875331,0.00507534308848126,0.00121875373386598,0.0297140144144407,0.00341686888788081,1
"20008",0.923437960145616,0.0220884293743396,0.000492362353770866,0.0535420290738655,0.000439219052408453,1
"20010",0.905166446429654,0.0423245172513144,9.96485983753866e-06,0.052499017783661,5.36755326424529e-08,1
"20012",8.72107631810865e-05,8.02970388378102e-07,0.842565956092547,0.145906682275755,0.0114393478981286,3
"20015",0.999938901649321,6.42792248648172e-06,8.14651224974839e-08,5.320296563785e-05,1.38599743165125e-06,1
"20017",4.79388311544375e-05,9.44253172765313e-07,0.0536177467556041,0.942118123077585,0.00421524708248403,4
"20019",0.997660106912321,0.00233835922990003,1.25605429907101e-08,1.52068658613563e-06,6.10649743277251e-10,1
"20022",0.98946623592916,0.00169827529442801,3.79175369234785e-06,0.00883164843918529,4.85835341431987e-08,1
"20024",0.553406478722832,0.446550379052299,1.40481319745723e-07,4.26650096445241e-05,3.36733904928063e-07,1
"20026",0.553406478722832,0.446550379052299,1.40481319745723e-07,4.26650096445241e-05,3.36733904928063e-07,1
"20028",1.82942004624837e-05,2.87538161778939e-06,0.295075382445781,0.704590333393228,0.000313114578910727,4
"20030",0.999620665071424,8.92769417194481e-06,0.000172148196175376,0.000188083566843992,1.01754713851724e-05,1
"20033",0.00168019357330021,1.12684687019563e-05,0.379910355208072,0.618335433154963,6.27495949629294e-05,4
"20035",0.996430266594241,0.00356555841290462,1.55598922512993e-08,4.15801191742366e-06,1.42104507663675e-09,1
"20037",0.999573291576624,0.000420382709356646,6.23696556780088e-10,6.28773616956105e-06,3.73541528238104e-08,1
"20039",0.000444197334938619,0.999555008642452,2.40407370154915e-10,7.93302435912889e-07,4.79765993864134e-10,2
"20041",0.241609808017202,0.0592877884599558,0.00121548085757831,0.697740162420165,0.000146760245099573,4
"20044",0.348289812802312,0.0875137561551227,0.0124946218375878,0.551536324413804,0.000165484791173667,4
"20047",0.994655877633172,0.00534347879200693,1.40643560658246e-07,5.02448302511725e-07,4.82958330526881e-10,1
"20050",0.144283728086382,0.835111704771787,6.21448377630074e-05,0.0205424171556793,5.14838809663845e-09,2
"20052",0.0184863127666466,0.00167192903087053,0.0476524620831076,0.932188306324148,9.89795227552148e-07,4
"20054",0.999270940681373,2.80123148170042e-06,1.00872745011956e-05,0.000690388782869533,2.57820297744786e-05,1
"20056",0.000183456736987024,4.51991014652119e-06,0.99841121940034,0.00139967712262849,1.12682989744918e-06,3
"20058",0.998878569634765,0.00104830961250306,3.70233912766588e-09,7.30804697270639e-05,3.65806656427548e-08,1
"20060",0.00103197095292331,3.54374182316868e-05,0.000853578377809514,0.998053526670405,2.54865806307923e-05,4
"20062",0.0075304006575134,5.29910406949544e-05,0.00026089958320403,0.992124325955168,3.13827634201543e-05,4
"20064",0.966587631020766,0.000125390398814856,0.000513559850332889,0.0327730477454991,3.70984587505928e-07,1
"20066",0.999943024490786,2.22158170708193e-05,1.70849485773105e-05,1.6137447394916e-05,1.53729617104741e-06,1
"20068",9.57462155121294e-05,5.39137527439993e-06,0.000155381767709187,0.998626216309604,0.00111726433190042,4
"20070",0.000155905621880218,0.00048458523887485,8.67939952307649e-05,0.999200551528694,7.21636153203733e-05,4
"20072",0.994219154603935,5.1245408409784e-05,6.86883697991922e-08,0.00126220820993044,0.00446732308935475,1
"20074",2.40950793377179e-07,2.12147631611082e-08,0.999057875177884,6.41972804366087e-05,0.000877665376122757,3
"20076",0.012151706899972,4.37402330258328e-07,0.668124988129539,0.0470393548298045,0.272683512738354,3
"20078",0.945169377715967,0.00311483201447892,0.000274209091590656,0.0514398850605217,1.69611744220564e-06,1
"20080",0.998963700639037,0.00102728962274966,4.93761778905597e-08,8.96014718654614e-06,2.14849034471113e-10,1
"20082",0.00842941851055595,0.991543124970074,1.93829193598761e-07,2.72625753312621e-05,1.14845527857607e-10,2
"20084",0.931104470536554,0.0130638052302223,0.0411682553693922,0.0146628431139639,6.25749867961237e-07,1
"20087",0.95068050632669,0.000934545470864483,1.7598791491489e-06,0.0483335303258428,4.96579974535371e-05,1
"20090",0.974103982081621,0.0257852680373824,2.8041430905132e-07,0.000110468900251018,5.66436986256624e-10,1
"20092",0.0263057744504445,0.824907754179952,3.71413761198986e-07,0.147974943916144,0.000811156039698989,2
"20096",0.010218199054804,0.427681786785343,0.0105622391534804,0.551524518359862,1.32566465103984e-05,4
"20098",0.00048135725813345,2.52477333568548e-05,0.368046749991897,0.631436844710014,9.80030659836148e-06,4
"20101",0.99816194099845,0.0014677413858505,0.000175885655388983,0.000194426129805869,5.83050433135093e-09,1
"20104",0.000237915262133133,0.0773385613236542,0.00291204463776589,0.564631558784628,0.354879919991819,4
"20106",0.998457087945838,9.89625910320295e-05,8.62516534238814e-05,0.00135768107268617,1.67370201657795e-08,1
"20108",0.000805904766081812,4.20252224040318e-06,0.0514097791965999,0.947449165984806,0.000330947530272235,4
"20110",0.00867020311946854,0.316605035624786,0.156146299763947,0.518577754473102,7.07018696354019e-07,4
"20112",0.951581999955009,0.0200379838907867,5.31626023358003e-05,0.0283267808900336,7.26618352679901e-08,1
"20114",0.803202278838649,0.0019572159647676,0.135152458654832,0.0596837522445258,4.29429722510152e-06,1
"20116",0.964933655025199,1.28668933369254e-05,0.0280025616539347,0.0069850327936289,6.58836339006049e-05,1
"20118",0.0775180663843634,0.000460946411580917,0.147974132614286,0.774041491132844,5.36345692620243e-06,4
"20120",0.961733372040567,0.0279069466871178,0.00126738856657471,0.00909228849794216,4.20779894640733e-09,1
"20122",8.30306294149253e-06,6.91533646175552e-08,0.998909720536672,0.0010591583696467,2.27488773749879e-05,3
"20124",0.997721537649064,0.00222888035529575,6.14232297548309e-09,4.93403856448291e-05,2.35467672607349e-07,1
"20126",0.0107481480929473,0.989242680538275,3.43671901941052e-07,8.56449992180505e-06,2.63196953524007e-07,2
"20128",0.28479060232506,0.715209103325587,3.54759783676505e-09,2.85265036278151e-07,5.53671877069552e-09,2
"20141",0.000179528637683502,0.0365989085710421,0.166738673518378,0.796301898496105,0.000180990776792031,4
"20143",2.14726285294905e-07,2.28605386938851e-08,0.999954091840715,2.69083200583328e-05,1.87622524022885e-05,3
"20145",0.981660506494806,0.0049275933926278,1.53053208521944e-05,0.01339659096521,3.82650396338566e-09,1
"20147",0.997266718132628,0.000164601017946376,1.13511007465144e-05,0.0025572931487293,3.65999498842292e-08,1
"20149",1.16177983689559e-06,1.50999682988617e-07,0.999032241944213,0.000952709683797366,1.37355924697338e-05,3
"20151",0.000627853231498041,1.28039857333415e-05,0.158512405325981,0.840837911703939,9.02575284818389e-06,4
"20153",0.00189007139453262,0.0125282543806278,0.703318390970817,0.282263158584305,1.24669716944385e-07,3
"20155",0.999253217908316,0.000245424527471833,7.13547216713584e-07,0.000500549640751695,9.43762434342921e-08,1
"20157",0.000199278826608737,2.24008114608009e-05,0.734777604128277,0.264994789672363,5.92656129125402e-06,3
"20160",4.30203786621343e-07,5.07177520541461e-08,0.999955833716556,4.06858496711174e-05,2.99951223454333e-06,3
"20162",4.21935891720819e-07,4.81891677755048e-08,0.997873775105442,0.00211263029376046,1.31244757377343e-05,3
"20164",0.000156255193746255,4.5706736143945e-05,0.95297132731493,0.0468207508946372,5.95986054264853e-06,3
"20166",0.998454152001511,1.01065820737086e-05,0.00112429616719191,0.000154019566378046,0.000257425682845893,1
"20168",0.00335898493744842,6.91751268864445e-07,0.000780567724772889,4.50417862369687e-05,0.995814713800273,5
"20170",0.00034572554805657,8.1786324689202e-05,0.475575358518792,0.523993362312389,3.76729607265566e-06,4
"20172",0.993305907602459,0.00131425586116626,1.30176240790951e-07,0.00537965184916282,5.45109709580012e-08,1
"20174",1.45590234486324e-05,1.57684577160246e-07,0.399383311444197,0.412049100030735,0.188552871817043,4
"20176",0.00024102047038186,6.29511776890885e-08,1.02296177192647e-05,0.000167572759328093,0.999581114201393,5
"20178",5.17619573025481e-07,1.06327135595168e-07,0.999972300746866,2.54799013579169e-05,1.59540506759297e-06,3
"20181",0.994879016522393,1.29296188130521e-05,0.00491761410445328,0.000188159980007089,2.27977433418672e-06,1
"20183",0.0038510068897131,0.00106247188399473,2.86201154844698e-05,0.995052987008984,4.91410182396721e-06,4
"20186",0.01844120217199,0.00381694939606416,6.76024459381611e-07,0.975340174310098,0.00240099809738804,4
"20188",4.40801088946681e-07,1.07131813566434e-07,0.999771795946467,0.00022582587222266,1.83024840766988e-06,3
"20190",0.999898572562218,2.48139394151734e-05,6.72033830259561e-07,7.58896688832946e-05,5.17956537391204e-08,1
"20193",0.00379004761685626,4.33493122994399e-06,0.943103427939566,0.000585683050738577,0.0525165064616094,3
"20195",0.00201280345526366,4.46203248539209e-05,0.830867316405632,0.167069471677023,5.78813722715354e-06,3
"20197",0.995655436059566,0.00054049172327737,2.00632238937563e-07,0.00380373847675319,1.33108164634296e-07,1
"20199",7.57383276898676e-06,1.05673801213837e-05,0.955145466764563,0.044833980980347,2.41104219932107e-06,3
"20205",0.00031207448182394,0.999635779359228,1.25545752552401e-08,5.21332183354413e-05,3.86037270116573e-10,2
"20208",0.00272573346056112,2.18196713666799e-05,0.0285554886299783,0.968637976912651,5.89813254432582e-05,4
"20210",1.48243175637764e-06,2.08384819552196e-07,0.993157549826592,0.00683528478421727,5.47457261452339e-06,3
"20212",0.000183047445624942,8.67225284469463e-06,0.9083869478633,0.0914117634625726,9.56897565809369e-06,3
"20216",0.99680397168386,7.91431591945571e-05,0.000112018538949843,0.00300439337319045,4.73244805438399e-07,1
"20219",0.394385051629045,0.592523192641801,0.000115848583740859,0.012975896834263,1.03111496526283e-08,2
"20223",0.997650386176222,0.000341120831493472,2.15619452231766e-09,2.53070466699818e-05,0.00198318378942041,1
"20226",0.0593128917879732,0.00746694877727026,0.00262509265229929,0.930591978309549,3.08847290866668e-06,4
"20230",0.99986396806584,0.000104683462828614,8.95273508637296e-08,3.12182693098685e-05,4.0674670853882e-08,1
"20233",4.80988355143113e-06,0.996895696422671,4.19512846181157e-05,0.00305637656361272,1.16584554728271e-06,2
"20235",0.963763958140471,0.035313303203968,1.29769864953559e-08,0.000741148134788036,0.000181577543786813,1
"20239",0.973125540371802,0.000964639498821667,2.90620128683838e-06,0.0228228888140777,0.00308402511401187,1
"20254",0.00880612389589794,0.99118787462611,1.35077162033688e-08,5.98795173580455e-06,1.85399928538767e-11,2
"20256",0.999556786722663,0.000296951064814636,1.33004320742096e-08,0.000145728149214083,5.20762876738047e-07,1
"20262",0.000128908754732953,6.31570797295784e-06,0.798652280028349,0.201208624069494,3.8714394510447e-06,3
"20270",0.967941193848263,3.58511115681501e-05,0.00652152171393361,0.0222942536791802,0.00320717964705548,1
"20284",0.0118369020614493,0.337867077502416,5.60535660603255e-05,0.650239402087277,5.64782796388052e-07,4
"20287",0.999838006506181,0.000159041391571088,1.90472703937731e-09,2.76964670125173e-06,1.80550819667886e-07,1
"20290",0.00289412600381924,0.9930660704714,4.34799490417456e-05,0.00399632271601046,8.59728416729885e-10,2
"20293",0.931269669144254,0.00248278396822536,2.94793160770373e-05,0.0662165827656135,1.4848058299884e-06,1
"20296",0.00870598361342498,2.97623351609192e-07,0.748018712567004,0.226418575516931,0.0168564306792877,3
"20301",0.999424508153008,0.000563307849758343,1.03612667285357e-05,1.74034710530025e-06,8.23833992134722e-08,1
"20304",0.0102697001236864,0.98966875001459,3.5043662582653e-07,6.1199063591871e-05,3.61505514689453e-10,2
"20306",0.997855811375371,0.00208681099486572,3.82484871073276e-09,5.73268398332145e-05,4.69650814400926e-08,1
"20309",0.545323752182611,0.00612264126750932,0.00031181314555575,0.448239472995573,2.32040875094104e-06,1
"20311",0.991143407499035,0.00109960990970274,0.000592471269730531,0.00716211464123239,2.39668029965667e-06,1
"20314",0.00370223423430342,0.000114314186907643,0.0517686649263858,0.944413584078848,1.20257355556636e-06,4
"20318",2.63988706088022e-05,2.29009035778597e-07,0.999858025006892,9.58527708667999e-05,1.94943425969318e-05,3
"20320",0.00256636386210198,0.00687248119157189,0.00396181951979679,0.986566602917815,3.27325087140935e-05,4
"20326",0.00510340601707167,0.000258915709019166,0.118462582826781,0.876172136825096,2.95862203175009e-06,4
"20328",0.00131058384982999,0.00263823753852669,2.87530149344991e-05,0.996014772079504,7.65351720472531e-06,4
"20330",0.959036582319838,0.033347748642878,5.06769714364712e-06,0.00760503776879984,5.56357134048137e-06,1
"20336",0.0188483338097742,0.931291878801995,2.68972262011088e-06,0.0498570751024378,2.25631733055581e-08,2
"20338",0.024999222661143,0.972206941926331,0.000165996831938527,0.00262782854118115,1.00394061053964e-08,2
"20340",0.999509263282666,0.000478288340628103,4.66993952450081e-08,1.23062612116769e-05,9.54160989583217e-08,1
"20342",0.000736939714830498,0.998689529034018,0.000202127266245158,0.00031314741382135,5.82565710849502e-05,2
"20344",0.996293992524634,0.000681898861183166,1.00184499453296e-06,0.00302263186802041,4.74901168411813e-07,1
"20349",0.999742964793305,0.000170306548485275,1.0753970175287e-08,8.64687460954227e-05,2.49158144099022e-07,1
"20351",0.912014990599583,0.0159822725039951,0.000937200239927564,0.0710639899451584,1.54671133636482e-06,1
"20353",0.909541477036879,0.0880030335401397,1.77409923953996e-07,0.00245525538925255,5.66238049201977e-08,1
"20357",0.00168893683765318,0.998277101437136,9.07783009429989e-10,3.39604314931465e-05,3.85935215904906e-10,2
"20360",0.0234091170977194,0.974530603832588,2.19698852417949e-06,0.00124598792673908,0.000812094154429509,2
"20364",0.914029222705805,0.00479806044494104,2.64321404811689e-05,0.0811462168148497,6.78939234080445e-08,1
"20366",0.0018194386995893,0.986957160450645,2.62255085167701e-05,0.0111971577818918,1.75593571723024e-08,2
"20381",2.71532893225368e-06,4.95157193195999e-07,0.0226695549016197,0.00386055073774007,0.973466683874515,5
"20391",0.423056939466963,0.0431583713215414,2.04676842272447e-07,0.201013686899009,0.332770797635644,1
"20394",0.000210017609554388,6.31434809916036e-06,0.00161484454585999,0.996043128948387,0.00212569454809962,4
"20396",2.29321332304926e-06,8.29088264380456e-08,0.0253011021920049,0.19848754811822,0.776208973567626,5
"20409",0.560301000842118,0.00112356180730512,0.26550822140383,0.173056042013546,1.11739332011847e-05,1
"20411",0.896394744354657,0.102598886640756,7.00993908262511e-09,0.00100634530032654,1.66943212451114e-08,1
"20416",0.0617823955403323,0.938217223289762,1.01938601676331e-10,3.80493925863286e-07,5.74041252080309e-10,2
"20418",1.85080533020669e-06,4.00090663971835e-08,0.108150466457727,0.106058567952651,0.785789074775225,5
"20420",4.79899206613977e-05,0.972090455572461,0.000376139767672762,0.0274841423129919,1.27242621300792e-06,2
"20422",0.998297771551353,0.00050929184534669,5.94438818587254e-05,0.00113340944534663,8.32760952915777e-08,1
"20424",0.954151529359576,0.0450674335122149,1.87210364307213e-08,0.000781010446735115,7.96043757317559e-09,1
"20426",1.10703849388297e-05,0.99983470341923,0.000134635105733098,1.95897889500934e-05,1.301148108202e-09,2
"20428",0.89561334395029,3.9406507659659e-05,2.45195349466864e-05,0.101828097375454,0.00249463263165046,1
"20431",0.0397724939516782,0.00993008437364024,0.127427072479183,0.822867251288721,3.09790677786782e-06,4
"20433",0.999743683854686,2.3343858800833e-05,2.17726711670349e-08,1.05191100858183e-05,0.000222431403756125,1
"20436",0.00968719815551312,4.3492970408777e-07,1.3385408042526e-05,0.000118134198188794,0.990180847308551,5
"20439",8.32430632859479e-06,1.23233072359043e-07,0.359057873369557,0.352006813284939,0.288926865806103,3
"20441",0.0013808358884012,0.998395581177746,3.09911919113318e-07,0.000223272147476761,8.74457534116515e-10,2
"20444",2.43640315377885e-07,3.18642527682538e-08,0.999869446190796,0.000125156486996267,5.12181763940302e-06,3
"20448",0.0162161327858033,0.00209785600454838,0.363269309075534,0.618061422627045,0.000355279507070112,4
"20536",0.000313761493159158,1.75826932587836e-06,3.4623639567153e-05,0.355640459360411,0.644009397237537,5
"20538",0.291765910262978,0.607799805729956,7.56196122665445e-06,0.100412669833349,1.40522124899054e-05,2
"20541",0.947346313628786,0.0526269165103586,1.18663386077715e-08,2.67577625730376e-05,2.31943991070346e-10,1
"20544",0.220555255188772,0.00116945071051328,0.00865921657062575,0.769611155444993,4.92208509644629e-06,4
"20546",0.99028077699938,0.00690103534054747,3.26577678770116e-08,0.00281813874504518,1.62572594322236e-08,1
"20550",0.393786893341737,0.0361601748243201,0.00500336975399004,0.564982123291149,6.743878880393e-05,4
"20553",0.0471193739198103,0.952880163028819,4.01681558080349e-07,5.75064122301795e-08,3.86340052769665e-09,2
"20555",1.46256715512228e-05,0.99696835804327,2.4821159578711e-07,0.00301620820887742,5.59864705398527e-07,2
"20557",0.184248896849346,0.268938830222759,0.00404520055490957,0.542766619662476,4.5271051012451e-07,4
"20559",0.999312980237903,7.73869958448154e-05,3.54019346631943e-06,0.000606083733941807,8.83884391210042e-09,1
"20561",0.00142838800352928,8.1798573799546e-05,0.44792649238595,0.550555048871622,8.27216509899947e-06,4
"20564",5.17619573025481e-07,1.06327135595168e-07,0.999972300746866,2.54799013579169e-05,1.59540506759297e-06,3
"20566",0.860337217181302,1.80787866818806e-05,0.000167128253008192,0.139409587210772,6.79885682364225e-05,1
"20569",3.70837369640757e-05,8.61892316307066e-07,0.302015560433602,0.697113552428392,0.000832941508724625,4
"20572",1.02443942554099e-05,6.20115725557623e-08,0.968840726972077,0.0304645709219813,0.000684395700113828,3
"20574",0.997282253446271,0.00226796527412403,5.53042262909305e-06,0.000444249270064953,1.58691145349349e-09,1
"20576",2.94727026950236e-06,2.53361838394405e-07,0.999837730449969,0.000158057419721627,1.01149820115162e-06,3
"20578",0.767265802833409,0.000977374774031632,0.00785317718820681,0.223901608901161,2.036303192152e-06,1
"20580",0.790084691038654,8.62438950242349e-05,0.000158155388928279,0.209646940099524,2.39695778700848e-05,1
"20583",2.24325519833228e-06,2.05698158211459e-07,0.999909267524627,8.72350100658628e-05,1.04851195078524e-06,3
"20586",0.868059927446377,0.00200124111295052,9.3285929163225e-06,0.129927980720586,1.52212716961288e-06,1
"20589",0.99970410954125,0.000201711930085347,2.23598413807598e-09,9.39762730770738e-05,2.00019603141583e-07,1
"20591",0.00500307978623736,0.194287046243458,2.04784226094835e-05,0.800643858350033,4.55371976616823e-05,4
"20593",0.999924087272156,7.51935997214394e-05,2.18241884320434e-08,6.7686465694157e-07,2.04392768792198e-08,1
"20595",0.994232474815141,0.000347743900237964,9.53930184095562e-05,0.00532429543883569,9.28273754882747e-08,1
"20597",2.80633994194884e-07,5.70544193672316e-09,1.38727638419863e-05,0.00135346750471234,0.99863237339201,5
"20599",6.15616057999336e-07,5.1761251040265e-08,0.999962491614946,3.43342285611133e-05,2.50677918388091e-06,3
"20601",0.000388718837777234,6.86046219970548e-05,0.0005058788056094,0.99903117529847,5.62243614657275e-06,4
"20604",0.999902724552981,7.39926822187085e-05,1.68220466727498e-06,2.15950398577542e-05,5.52027525396962e-09,1
"20606",0.999884793150352,8.79188461341856e-05,4.36007166931005e-08,2.72365792638136e-05,7.82353328390750e-09,1
"20608",0.998790837312719,1.69102560728127e-05,4.79754999667387e-07,0.00118947787823735,2.29479797147736e-06,1
"20610",1.65670327551021e-05,1.40984582816979e-06,0.998846609267377,0.00113385187054225,1.56198349736184e-06,3
"20612",0.241219204534037,0.113194891103523,0.00138593215549642,0.00276148361041046,0.641438488596534,5
"20614",2.09500276104441e-06,8.54168091604751e-07,0.994808306543465,0.00518746406739822,1.28021828376454e-06,3
"20616",0.00736962677285399,0.000168900006226187,0.00145014423212667,0.990950533347542,6.07956412508258e-05,4
"20618",0.000355328510713137,0.997820541024608,2.81955319753514e-05,0.00179593077809879,4.15460532798277e-09,2
"20620",0.998837769245526,5.14161241791889e-05,5.10920235894688e-05,0.000999989927568439,5.97326791366099e-05,1
"20622",8.14861880064865e-06,3.2466701140632e-07,0.999603895649975,0.000387074155058904,5.56909153717295e-07,3
"20624",0.975502807093033,0.0235495349632077,1.17878053195386e-07,0.000947483715466756,5.63502387515793e-08,1
"20626",0.75998182187187,2.97448795389678e-06,0.00160274736537974,0.0259167006935617,0.212495755581235,1
"20628",0.319275795076437,0.000477061077104409,0.000942784011778655,0.465887157456962,0.213417202377718,4
"20630",0.852071706959581,0.000486183996370369,0.0181639857556154,0.129271503886795,6.61940163813888e-06,1
"20632",2.49182287881012e-07,1.35576012094178e-08,0.994078108172325,0.00483682222722835,0.00108480686055795,3
"20634",0.999891862001613,6.14116579177675e-05,3.31237386853007e-08,4.66768709508417e-05,1.63457800074601e-08,1
"20637",0.0125729214829442,0.987350639376549,1.40634852365128e-05,6.23756286533424e-05,2.66169591985779e-11,2
"20639",2.25311776803142e-05,6.72084168633395e-06,0.780908240493767,0.219056598119291,5.90936757469941e-06,3
"20644",0.449165656002516,0.550820424495665,3.54164955945046e-08,3.14881166817828e-07,1.35692041569784e-05,2
"20646",0.976247020321174,0.0212021833876713,1.18929942347534e-05,0.000348375439119476,0.00219052785780023,1
"20648",0.000213480759010701,6.64203061866204e-05,0.0204115282765857,0.979306556691676,2.01396654082109e-06,4
"20650",0.760020559436855,0.239664566942091,8.25878906827745e-08,0.000314747310408922,4.37227550441054e-08,1
"20653",0.000500678046677174,0.000755490668795898,0.00456896894457073,0.994061610392068,0.000113251947887822,4
"20658",0.999544018188873,7.65402168349048e-06,4.13750091679987e-08,0.000232346332805364,0.000215940081628473,1
"20661",0.0584740617864343,0.930320935685769,3.31027901703781e-06,0.0110337165651752,0.000167975683604882,2
"20663",0.498538710974106,0.0019590968411737,1.33110218783615e-05,0.499484724686127,4.15647671421446e-06,4
"20665",4.19091494246113e-06,1.54747397349823e-08,0.999879158344987,4.04427507331576e-05,7.61925145979927e-05,3
"20667",0.027796340018087,0.000876477965009063,0.00036016307256421,0.94857916075662,0.0223878581877199,4
"20669",1.68467170311535e-06,1.78961060178137e-07,0.000475336419911191,0.0342212155641671,0.965301584383158,5
"20671",0.198047402943391,0.798382068829568,0.000139916305590968,0.0034306113366987,5.84751052647668e-10,2
"20673",1.58424290517118e-07,2.67870757426078e-09,6.45297032210009e-05,0.00115678927143386,0.998778519922347,5
"20675",0.00895126622153135,1.22833410227835e-05,4.5451497158815e-05,0.795101026242549,0.195889972697738,4
"20677",0.463575376137747,0.000321699202459354,9.63585755830501e-06,0.535497546752228,0.000595742050007679,4
"20679",5.00517680897594e-07,8.29610196523557e-08,0.00166099148626381,0.0381363622363424,0.960202062798693,5
"20681",0.000111395850721543,7.083636329719e-06,4.58144854796429e-05,0.94728289506064,0.0525528109668289,4
"20683",0.345612872781979,0.000109599403554675,2.27012017821651e-05,0.650446310952213,0.00380851566047098,4
"20685",1.68233838949466e-05,0.983156052312421,8.3220526049685e-05,0.016741879637347,2.02414028738768e-06,2
"20687",6.93508351296711e-06,2.04574782593762e-06,0.951575916009078,0.0484120345453033,3.06861428013663e-06,3
"20689",0.253297974317434,0.746661395336285,3.2072154973361e-08,6.01926837227913e-06,3.45790057532771e-05,2
"20691",5.32138562929694e-07,1.11803244939114e-07,0.999807834586934,0.00019055668890367,9.64782354428932e-07,3
"20693",0.998789848382021,0.0011771840671035,4.49062932842779e-09,3.28778791692437e-05,8.51810769772335e-08,1
"20695",0.000212202656107001,1.91210424462118e-05,0.00532084895291013,0.994423545195336,2.4282153200815e-05,4
"20697",0.999396041588735,0.000352124074280793,5.41197383422524e-05,0.000197712848659911,1.74998170750644e-09,1
"20699",0.3078867439365,9.9163136561834e-06,0.000215732512875556,0.67703491186534,0.0148526953716278,4
"20701",0.897736116289684,0.000238044289017196,6.52095194458861e-07,0.101322260457365,0.000702926868739857,1
"20703",1.90884055335972e-05,0.00119613734496827,0.000197170938126551,0.0298073733633452,0.968780229948026,5
"20705",0.992462734900649,0.00436365486341009,2.1628059891957e-07,0.00317328566743365,1.08287907901614e-07,1
"20707",0.00355717726127679,0.000281334933588471,2.08804529187643e-05,0.99613563348864,4.97386357648202e-06,4
"20709",0.0290652163533328,8.10802697035147e-06,0.91025520333742,0.0602867607243128,0.000384711557963809,3
"20713",9.11065610429536e-05,0.0125407916845578,0.0308120428489668,0.956354295744419,0.000201763161013355,4
"20715",0.870836221093285,0.105966211473513,0.0231795014267716,1.7327174306621e-05,7.38832124224612e-07,1
"20717",0.000105123315579073,2.40284735587756e-05,0.000178340897118603,0.999646515590947,4.59917227965096e-05,4
"20720",0.985429854390521,0.000336649735263154,2.02118645813055e-05,0.0142030078039689,1.02762056654818e-05,1
"20722",0.976860862275924,7.26601027733387e-05,2.4248482121236e-06,0.0230631141317164,9.38641374215995e-07,1
"20724",3.68467666730271e-05,5.99190483066179e-06,0.207516716105046,0.79241163789732,2.88073261301337e-05,4
"20726",0.998977628681579,0.000981143555481683,2.67050573419248e-09,4.10815624203249e-05,1.43530013748905e-07,1
"20728",3.03001656765133e-05,3.32119971847479e-06,0.000222357851302365,0.991868639785094,0.00787538099820875,4
"20730",0.000760114786677079,5.30985348350385e-05,0.40382137025245,0.595359027866829,6.38855920864769e-06,4
"20732",0.491963119039518,0.112053320454183,0.000121133096006259,0.360719412344011,0.0351430150662826,1
"20734",0.262439274263224,0.00124984209486066,3.74982348012447e-05,0.736268290799638,5.09460747571943e-06,4
"20736",2.35840422830769e-05,6.09993303320244e-07,0.894337393224957,0.105606964846367,3.14478930895546e-05,3
"20738",0.582133916279772,0.0736824777798769,0.327263762645549,0.0122428514333564,0.00467699186144632,1
"20740",0.604083611510281,0.324742029458449,3.33940083873408e-08,0.0708598920990712,0.000314433538190067,1
"20742",8.31180362258062e-05,0.00114238260379437,0.000209846770451623,0.998544355120059,2.02974694696339e-05,4
"20744",2.019129974654e-06,1.38873346137901e-08,0.971167901589941,0.0174777810590082,0.0113522843337412,3
"20746",0.0538881400572336,7.96651106653987e-05,6.59992909179033e-05,0.945886413176301,7.97823648820626e-05,4
"20748",3.60478826052086e-05,2.26373675793744e-05,0.290953480653855,0.708974117592703,1.37165032567784e-05,4
"20750",0.000407436811810939,1.12893302922609e-06,0.676425152816509,0.322950952870761,0.000215328567890246,3
"20752",0.960164927595616,0.000848021232276838,5.09127928194261e-07,0.0389852610802499,1.28096392887451e-06,1
"20754",3.22284239891736e-07,2.06810751560537e-09,1.24943722275094e-05,0.000473701168832624,0.999513480106593,5
"20756",0.0779091870817961,0.000208820782311574,0.26780419509089,0.654055814530418,2.19825145846884e-05,4
"20758",0.00936956366329495,4.53561209921426e-07,0.00632352055694206,0.00316878620795844,0.981137676010595,5
"20760",1.3278553915415e-05,4.00913581339296e-07,0.194144798769807,0.802755394698399,0.00308612706429801,4
"20762",7.10971683009311e-07,1.86477324014685e-08,3.88163207586194e-06,0.00204906364879584,0.997946325099713,5
"20764",4.625085130908e-06,2.62604051642122e-06,0.753462993790342,0.245514454360811,0.00101530072319994,3
"20766",1.87947618339482e-05,3.60663509459952e-06,0.0862599190425432,0.913643131504519,7.4548056009266e-05,4
"20768",0.000456040649186463,1.8881270845671e-05,0.822268723769883,0.177252516172872,3.83813721250693e-06,3
"20770",0.00753195825336815,1.93215179505171e-06,5.58351723961143e-05,0.109042116427805,0.883368157994636,5
"20772",0.999947745925485,1.03395215323738e-05,4.73426223920414e-07,4.13767100064878e-05,6.44167523914229e-08,1
"20774",0.999153285279566,0.000830165530156796,2.3062802736314e-09,1.27239254078815e-06,1.52744914563028e-05,1
"20776",0.000617358065518196,0.000805165347932099,2.10982144861739e-05,0.998547790232979,8.58813908414945e-06,4
"20778",0.291715290679009,0.708284322981246,7.13003239499365e-08,3.12218951787081e-07,2.8204691475235e-09,2
"20780",2.12138881900306e-07,7.2892977781782e-10,1.54216330091515e-05,2.59852402932034e-05,0.999958380258886,5
"20782",1.24725533331284e-07,4.32111769694731e-09,0.000112971615379454,0.000715426958467494,0.999171472379502,5
"20784",1.94765248582928e-06,2.82251208530859e-08,2.98873096603578e-06,0.00296231764584243,0.997032717745585,5
"20786",1.73970608639625e-06,6.64670741332226e-09,0.972628161026334,0.000259636935274255,0.0271104556855985,3
"20788",0.00697448950286589,0.000730266113091404,5.63699045976369e-05,0.992237724871373,1.14960807228576e-06,4
"20790",3.74808923428618e-05,1.74507260949283e-07,0.0916521164907674,0.643036927078313,0.265273301031316,4
"20792",0.0191350092460144,0.00144930986666337,0.41934820207168,0.560064245859576,3.23295606581963e-06,4
"20794",1.45665776582223e-05,7.89848091917732e-08,0.509820573389058,0.331807464741245,0.158357316307229,3
"20796",0.996685902379055,0.00268225869826493,2.74252353964699e-08,0.000631798873062161,1.26243824830438e-08,1
"20798",5.17619573025481e-07,1.06327135595168e-07,0.999972300746866,2.54799013579169e-05,1.59540506759297e-06,3
"20801",1.30391097139419e-05,9.15946550983684e-07,0.999163423647991,0.000815466339711179,7.15495603298964e-06,3
"20803",0.0184352375566412,0.00243374179127885,1.12158917256468e-05,0.97910772278429,1.20819760641635e-05,4
"20805",0.224555468063836,0.00072115543026521,5.19146893977555e-05,0.774661732287752,9.72952874972662e-06,4
"20807",5.17619573025481e-07,1.06327135595168e-07,0.999972300746866,2.54799013579169e-05,1.59540506759297e-06,3
"20809",0.000939549167074281,0.000756020529666459,0.000950539870625333,0.996579283565227,0.000774606867407278,4
"20811",0.00688984171980688,0.00168397667555905,0.967485123996211,0.0239349817480551,6.07586036846574e-06,3
"20813",0.383685571398872,0.00271290919057834,0.0622626204558782,0.550959579962201,0.000379318992469713,4
"20815",3.82947763049199e-07,8.06759677581794e-09,0.747186424276847,0.000245234088619041,0.252567950619174,3
"20817",6.32967836728975e-05,3.42993177197113e-05,0.0274796333017416,0.972417347984654,5.42261221214179e-06,4
"20819",0.236079456635591,0.00484037612912579,1.51527822470429e-06,0.759067751961876,1.08999951831934e-05,4
"20821",0.395320897073775,0.000237298813322446,0.0029837204667863,0.000449423983534603,0.601008659662581,5
"20823",0.0924857997442324,0.00288900123948789,0.0090938348635428,0.895525778977249,5.58517548818825e-06,4
"20825",1.291195593876e-05,1.32064283141275e-06,0.0660495891948001,0.933537289541175,0.000398888665254943,4
"20827",0.000141201888633279,0.000139908712874647,0.835299637343053,0.164409359057191,9.89299824827053e-06,3
"20829",0.997266955587182,0.00123628881857945,1.20639915702395e-05,0.00146991386916292,1.47777335052069e-05,1
