"","V1","V2","V3","V4","V5","V6","V7","V8","V9","V10","result$classification"
"19811",0.000348494324269731,0.0561722218678867,2.51042942531266e-10,1.57893641523025e-05,1.88055253113627e-07,0.000228374145295614,0.0226571829017143,0.920566982966315,1.07648843036169e-05,1.23976680480813e-09,8
"19813",7.79261889898468e-08,7.10283252621533e-08,1.61199225832112e-12,3.14783447250291e-09,5.54591965788806e-09,5.0050978988333e-07,0.99994672839649,5.25680940885667e-05,3.04726168583756e-08,1.48771345084558e-08,7
"19815",0.00972629227182745,0.0209396068329785,1.93560078902327e-05,4.60375371994409e-08,7.02073055212593e-05,0.0037448500553053,2.20689550236396e-07,0.964692198300004,0.000807221360835588,1.1385503671238e-09,8
"19817",0.00339517625291941,0.378002175629793,3.03689523752718e-07,1.45493802834759e-05,3.0247543975015e-06,0.00530007594983167,2.93126450582287e-06,0.613170479701715,0.00011128324855341,1.28476644763036e-10,8
"19819",1.34201757116163e-05,3.68895033716529e-07,0.689316614370332,8.21531138440882e-09,0.258183468039714,0.0498733576053411,8.4053680739123e-12,8.19472309779285e-07,4.16847194767173e-05,0.00257025849836422,3
"19821",0.000269497256642298,0.567787403581843,5.70228443457935e-09,0.0017820391161029,4.31421483126039e-05,0.00531024879534146,0.0132469439978404,0.411560031826085,6.26705243209712e-07,6.08703045991127e-08,2
"19823",0.000181170145665051,0.0513899632919023,0.00134967457981966,1.52835189945595e-06,5.67733750242926e-06,0.00166084805184005,3.12986246404925e-07,0.246295481858195,0.699115338280032,5.11689710425354e-09,9
"19825",0.00184434370103745,0.00191787452722331,2.37865862640967e-05,0.845828617877583,0.00599045117363194,0.00379073459489165,0.000898083223446617,2.74723696512359e-05,1.95751073573056e-06,0.139676678435535,4
"19827",8.46785668563029e-06,0.984518106145729,7.68708956160046e-07,0.00981947708371121,1.09202493778907e-06,0.0010352963416794,2.62502353890871e-08,0.00457347710461632,4.32838626644445e-05,4.62078476298148e-09,2
"19829",0.000190124136149968,0.000705696728316608,6.42929869559577e-05,0.00153793321737042,0.0785665204565363,0.918217176160116,4.40703275941625e-07,1.55627960812429e-05,3.35551432442789e-08,0.000702219260054495,6
"19831",2.70340335082727e-05,7.49295122700549e-07,0.109314218246296,1.58871549374723e-08,0.0892863307418879,0.787226467155308,6.2677484521223e-08,2.76612683679976e-05,0.00209860761567768,0.0120188530791912,6
"19833",0.00235456950306245,1.40292978608586e-07,0.0887435494853074,1.54074688435587e-05,6.30549369686613e-07,3.82450915913904e-07,4.30216257525476e-07,6.12680913476295e-08,0.906758575673108,0.00212625309206492,9
"19835",0.000269497256642298,0.567787403581843,5.70228443457935e-09,0.0017820391161029,4.31421483126039e-05,0.00531024879534146,0.0132469439978404,0.411560031826085,6.26705243209712e-07,6.08703045991127e-08,2
"19837",2.63278256074047e-05,0.932544809523483,1.77007572201188e-07,0.000814062121026962,8.22841910167407e-06,0.0164853317088785,5.61924941024507e-07,0.0501131981064837,7.30197632199039e-06,1.38658344150224e-09,2
"19839",0.000684206509866286,0.000869879888454701,3.06215573425438e-06,0.0097379618233335,0.0400159217890122,0.47751782024074,0.000382893706180375,0.000142264951432335,2.23074530405366e-07,0.470645765860716,6
"19841",5.83263297716657e-09,0.000116532458459059,1.57004501029888e-10,0.999860500769659,3.75422072470377e-08,3.52427705406264e-07,4.58304810519873e-06,9.75200032226300e-09,1.70806903353208e-10,1.79778414195464e-05,4
"19843",0.00116693487201333,8.70655848336665e-09,1.20119137956299e-05,1.67490646885444e-09,0.421693972316657,0.0131128870830956,0.00547441500466268,3.26486510153674e-05,1.86300350919876e-07,0.558506933476945,10
"19845",2.04664862008734e-05,0.000724834919972865,6.61728242239902e-11,2.61619457133196e-07,2.38689471480665e-08,5.05795150789022e-06,0.816859137951749,0.182379765865045,1.04508467413929e-05,4.24205213282061e-10,7
"19847",0.00177949567102056,0.00208534736849759,4.11774199236247e-07,4.06943213458363e-08,7.9431230150225e-05,0.00722035377107773,0.000800298613574668,0.987928272074544,0.000106320878830082,2.79237844006043e-08,8
"19849",1.16622427120787e-08,2.83327634062503e-07,2.80342525466322e-13,6.12081724431166e-09,4.38375671620308e-10,3.96200127368032e-08,0.999885968058631,0.000113654560849741,3.48976096901801e-08,1.31354651954548e-09,7
"19851",0.000314006329553645,0.0458136962273598,1.03980240133983e-07,1.87876831985224e-07,6.1221163561408e-07,0.000351640971595999,4.28268279099802e-06,0.953302986936441,0.000212482763615849,1.99347118183155e-11,8
"19853",2.30613655815673e-05,0.0600216153445741,5.07830216292927e-08,6.51500452837963e-06,2.46880051211582e-09,6.3873701450887e-06,0.00726382232260225,0.852192633841929,0.0804859114784671,2.03499003810067e-11,8
"19855",0.000104785322808718,0.5416080530161,1.26478188661826e-08,0.000145051030925437,2.38531522348329e-08,0.000323321151197809,0.000698746246844337,0.456566406221283,0.000553600496676924,1.31931661217318e-11,2
"19857",0.00679389981994143,0.295691055641271,3.16115827446649e-08,0.00190923064117476,0.000194292784689733,0.350741311500106,0.0137660147275217,0.330900648814091,3.19147024827166e-06,3.22989373047899e-07,6
"19859",0.00234766603560766,0.752915736403733,3.14591018524356e-06,0.000652863265242699,1.49212872040801e-05,0.0566651395715142,4.61697620328912e-06,0.186916039066175,0.000479858888830716,1.25953041837023e-08,2
"19861",3.44620655331498e-05,0.0043525661223549,4.79216344301752e-10,1.4516510006894e-07,1.0444616563053e-07,6.94727694569284e-05,0.0299787148067116,0.965530262692883,3.42711835038216e-05,2.69074351764342e-10,8
"19863",5.55207791728434e-08,1.95148483961793e-05,4.45922520030708e-13,0.00737356455069974,1.88005434960518e-10,1.67779934392952e-08,0.992604162471841,1.69562421918661e-06,1.04883027199012e-08,9.79529317386481e-07,7
"19865",4.26772178995268e-06,0.112658255926738,4.55737758454532e-10,0.887308670119524,2.62511585070876e-08,6.73392893723108e-06,5.27538288325303e-07,2.14937659833159e-05,1.42110090360895e-08,1.00808337636914e-08,4
"19867",0.000397669223139369,0.000716127613346658,3.76083003232053e-08,2.12789932094501e-09,7.48023615211647e-06,0.000210922340041167,0.000419104953009885,0.998219815573086,2.88396236338233e-05,7.01391551178481e-10,8
"19869",1.14512297970579e-07,0.000260444371621516,6.50586540612332e-13,1.98327578961172e-06,5.174948108157e-10,4.35180671715149e-07,0.993832447400165,0.00590429506856285,2.79554228216443e-07,1.18518187159248e-10,7
"19871",0.00046976054407413,0.857696138873308,3.11252470681583e-06,0.00144410616270417,2.51499759883874e-05,0.104023981935119,3.19360189739095e-07,0.0362715528477936,6.58730671338454e-05,4.70898203308408e-09,2
"19874",0.000158216711312558,0.934282392348498,2.87814418189361e-08,0.062336861785163,4.16696002171926e-08,3.75663780431103e-05,6.52770173642788e-07,0.0031686826990609,1.55546927290057e-05,2.16397838319506e-09,2
"19876",2.64117419441274e-06,0.972263109156426,1.40414562007934e-10,0.00737457772049553,3.22300802630716e-09,1.68682166325366e-05,5.80149893334184e-05,0.0202824576246144,2.3277305195554e-06,2.43615858723245e-11,2
"19878",0.997861844723626,1.00260595662525e-05,8.38729971230923e-06,9.21180672100581e-08,0.001603555606931,3.43721923143368e-05,6.59430558799898e-07,0.000439761451575056,5.92901093491016e-07,4.07082165553816e-05,1
"19880",5.13451483495773e-08,0.072611211359207,1.99147839008495e-11,0.927368546828719,2.40544231723547e-10,4.81860860320751e-07,6.90797225798759e-06,1.27583798699298e-05,4.1399123090296e-08,5.94355224997379e-10,4
"19882",0.00221812612305322,0.0348347384126746,2.51223329967984e-09,2.97109758503545e-05,2.41880018694441e-07,2.69031576845295e-05,0.14885936549943,0.813931017726935,9.98908718902698e-05,2.8402298390075e-09,8
"19885",0.00762140612025361,0.238442690776443,5.92836558889361e-07,1.36710961126101e-05,0.000364063250387004,0.164530956878642,3.73795194022886e-06,0.589017293054939,5.58205706769558e-06,5.9776562174125e-09,8
"19907",0.000805113697538817,0.00219807096649886,7.16976312221129e-09,3.81455987252645e-08,3.00887411309608e-06,7.2879515129918e-05,0.00998322348513308,0.986927144744453,1.05129321053723e-05,4.69666254957591e-10,8
"19909",3.63026468014341e-06,2.22773023719106e-05,3.07714080373118e-06,3.88700251181333e-08,0.0402515889668446,0.958905849432519,1.08523278566046e-05,0.000782592947480935,1.0100385154331e-07,1.99917435661115e-05,6
"19911",6.21965605219849e-05,0.0016095093605644,4.15868440706729e-05,0.000901135614771289,0.0090541771764179,0.987572136740771,7.88922518299344e-07,0.000129133904573718,4.21719286438006e-06,0.000625117682926405,6
"19913",5.81060951781057e-09,0.000518994959226432,1.47199510192914e-10,0.999480807263481,4.1135063116504e-10,6.57401499978197e-08,3.63896137169326e-08,9.57028397758032e-09,3.4868137641364e-09,7.62212714448676e-08,4
"19915",2.2376851429569e-05,0.987351862020941,1.11465531093568e-08,0.007368423717741,2.42753723734774e-08,3.76437005836594e-05,1.39050184310845e-07,0.00521287309741137,6.64607276847795e-06,6.70148424097905e-11,2
"19917",3.96919118680424e-05,0.291170569106353,1.86373949621671e-08,0.708255005321003,3.34236727122943e-07,0.000300619216315146,1.03463107756907e-06,0.000230817402700652,1.50971918624828e-06,3.99817374600117e-07,4
"19919",0.00151665490633508,0.974868446994339,2.96726093094114e-07,0.00343394994539831,1.19147197183007e-06,0.00151294703941487,1.25153008649552e-07,0.0186423115648771,2.40744886371957e-05,1.70992494551114e-09,2
"19921",0.000733906792922064,0.00657064944427438,2.82108821966866e-08,1.95010009180884e-08,2.4002183755145e-06,0.000571524150461334,3.00006335163018e-05,0.992059859916446,3.16110571620378e-05,7.49598293981933e-11,8
"19923",0.895923196576884,6.13149864409835e-05,8.65753152146928e-05,1.32220510706724e-09,0.000611215801872372,0.000283321832391889,3.71473423290886e-06,0.102403261028294,0.000626499859488337,8.98542975238602e-07,1
"19925",6.85132087392778e-05,0.823873710337046,1.32980693936173e-08,0.175216935778796,6.12460612027085e-08,4.52836701215208e-05,1.7458719068734e-07,0.000793150744367755,2.15438987824703e-06,2.73973024771676e-09,2
"19927",0.000144998959369983,0.173702970021722,7.84314671453971e-08,2.31852912373844e-06,6.83141006555827e-07,0.0017712847664628,1.02795878106728e-05,0.824202136374453,0.000165250157931426,3.06522269615747e-11,8
"19929",1.25861841583129e-08,0.000593132710491861,7.11073083814743e-13,0.701268649982976,2.69063383502482e-10,9.79390365506309e-08,0.298134787820758,2.28809418273968e-06,1.23850308153971e-08,1.01821156493466e-06,4
"19931",0.000804928817303887,0.462342246345485,3.31940461466592e-06,1.78529229470385e-05,2.66380570277574e-05,0.0111385507440784,2.70374927396383e-07,0.525417731267712,0.00024845920443736,2.86146578584148e-09,8
"19933",9.05285125166613e-05,0.0205731959579876,0.000219340026843588,9.39594634244582e-06,0.0445889900430812,0.92016610590763,3.03771106024637e-08,0.0143429930729762,6.23300936142838e-06,3.1871461499374e-06,6
"19935",0.00994382832628891,0.0905680412808771,4.26969924622277e-07,4.65818509467096e-05,0.0114140010485861,0.152234006254346,0.000313027231102059,0.735473627191887,1.27010288706993e-06,5.18974315381768e-06,8
"19937",0.00121184586377201,0.0318708038576436,3.90326205040004e-06,6.10395433778163e-08,7.18128223792953e-06,0.00152919091278498,4.04370089469268e-07,0.964443396931863,0.000933212401622545,7.83931479233224e-11,8
"19939",0.346961476698447,0.279718199618505,3.27066576148163e-06,3.40267449300655e-05,3.81907253718688e-05,0.00136145532851209,1.75513074505354e-06,0.371829413207772,5.2210256284576e-05,1.62366965660615e-09,8
"19941",4.22480325640762e-06,0.00229174974296013,6.14274749373928e-06,0.0128729893633982,0.0305062960779154,0.900301653523518,4.35832270122e-05,0.000112092459396854,4.64567234864791e-07,0.0538608034878149,6
"19943",9.17071279948228e-07,0.0528305395948718,4.71422092918652e-09,0.947162896944282,3.93646105727483e-09,2.48154057089855e-06,2.81265431629331e-08,2.91509217510323e-06,2.09198060604317e-07,3.78153423112512e-09,4
"19945",0.00261677403087837,0.00131018279821789,0.000620287004311217,3.13290250410217e-07,0.087607093329135,0.896734853638847,1.2248404485873e-08,0.0110480624986118,2.28248657124829e-05,3.95962956317362e-05,6
"19947",0.000167433340682077,0.0137006036790298,7.34334409724841e-06,0.542284644614785,0.00130312104417741,0.4327268299299,0.00891104786883124,0.000169825074715738,5.23371075112954e-06,0.000723917393030281,4
"19949",0.89072624743607,0.000432894833321942,0.000900925239817905,8.17244158344267e-09,0.0152536057715476,0.00266447281923091,6.97244120583184e-08,0.0899031443085977,0.000117057318145243,1.57437641502763e-06,1
"19951",0.0410564348339848,0.853141137110274,5.2957595336528e-07,0.0958100517791047,2.33680507382778e-05,0.00080644585558157,1.80948633928865e-06,0.009153598165389,5.42640163464946e-06,1.19874100038792e-06,2
"19953",0.000817586980087239,1.81943562446e-06,0.888935623261956,3.80682708269042e-10,0.0573205326321999,0.0228317206519019,2.55404308856011e-09,0.000466444318618802,0.0295306161201307,9.56536647552843e-05,3
"19955",0.324078139888199,9.70362797513773e-06,0.0199891061609389,9.60690227902936e-08,0.132170767344732,0.510364046700074,2.08907374121773e-06,0.00098834910881571,0.00120171592592618,0.0111959861005749,6
"19957",0.000209292349343922,0.541390112112554,4.47143859336085e-05,0.397908836912472,4.1937910827823e-06,0.0523568805859907,6.90125872093119e-06,0.00180493413960138,0.00627294919357513,1.18527072548952e-06,2
"19960",0.00560245366093103,0.000117160709888145,6.04793885814555e-05,4.61444858392851e-05,0.298911994363613,0.69445498858211,1.16255728209985e-05,9.52948513792232e-05,7.27406638393721e-08,0.000699785644173814,6
"19963",7.17196950523062e-07,0.00110621354002617,0.00101826656370285,0.938986244854174,1.00745450908419e-06,3.04017205702585e-05,4.11754687941395e-06,1.18029331913603e-06,0.0464501733450288,0.0124016774848401,4
"19965",0.122213064436676,1.00097123292909e-07,0.0002135276352045,4.73953330487735e-10,0.816548789532699,0.0441244942093257,1.11469378363546e-05,0.000184827681059869,5.93073657190748e-07,0.0167034559224639,5
"19968",1.47991741781413e-05,0.0410913477640016,1.12974862546754e-10,0.696165200615515,4.01822218620211e-05,0.0014722434039547,0.260191458415948,0.000968514524333416,1.3060494214642e-09,5.62524611828684e-05,4
"19971",6.61868478891205e-06,7.68173991179841e-05,0.0001420314835003,0.998856997381532,3.69313724147554e-06,1.04849500031722e-05,1.23568541966362e-08,3.56252892170323e-09,2.5234097922242e-06,0.000900817634641018,4
"19973",0.000344964386686484,0.646668379868837,7.16296764427095e-09,0.000116838765179831,1.87626152585324e-06,0.00221962495475462,1.5969217096764e-05,0.350629012538081,3.326563168646e-06,2.8170183012638e-10,2
"19975",3.52908095669578e-05,0.482769562019774,5.39380333693003e-10,0.516217993979493,3.2191184095307e-07,0.000223299619277719,1.49733506509611e-05,0.000738479155356306,3.79103447499995e-08,4.07043141584348e-08,4
"19977",0.000364404671288103,0.00291260111092632,5.51753660734543e-07,0.996505244284324,3.60959020819797e-07,5.38769619390982e-06,1.72620937313844e-05,4.51955097600155e-06,1.1250807626627e-05,0.000178417072251866,4
"19979",7.06896635355469e-06,7.26685285006258e-08,0.00304732704677587,9.00149988420789e-08,0.924517113310187,0.0563211533986842,1.9512827789239e-11,2.1382149066336e-08,3.12753306975686e-09,0.016107150065277,5
"19981",0.000261397340460708,0.0350443537271927,3.04032071699605e-07,5.92999344650633e-06,0.000163067021742769,0.651776469151377,0.000226647496716484,0.312493443305034,2.8349927314914e-05,3.80046429357782e-08,6
"19983",0.163406001060854,0.0064506691694625,3.30937365279134e-06,2.61729199131548e-07,0.000926426443791552,0.184922374604859,0.00014481142738482,0.644091745454182,5.43705497219644e-05,3.01868922285047e-08,8
"19985",3.05902320261446e-05,0.926477251895854,5.05927372119822e-10,0.0701110034978179,5.53735058016608e-09,2.04258524575698e-05,7.25770120995471e-06,0.00335174578609558,1.71880278325423e-06,1.88477603832639e-10,2
"19987",0.000103982036582734,0.573978513917606,7.04424424553242e-06,0.00150878370455789,0.0011687043780843,0.379219426967,6.6244187493028e-07,0.0440041625087242,8.3972664549969e-06,3.22534869379592e-07,2
"19989",3.42777704851676e-05,1.87014543563049e-08,0.0119051110479107,1.62888177017482e-11,0.973625254085349,0.0139023527996045,1.76040576460198e-11,2.40864827108449e-06,1.8009336823062e-07,0.000530396819664509,5
"19993",0.775150453491887,0.136059107958515,0.000198454225620896,0.000691003200577101,0.0407240515881399,0.02857810379329,7.66103679213723e-08,0.0185881064076649,1.54920233458622e-06,9.09352160279624e-06,1
"19995",0.0487025684988109,0.0612232251188739,0.000117022349267797,0.000455630778721357,0.24391094350661,0.60806852893923,1.59651872247688e-06,0.0371037252473017,4.39714750228797e-06,0.000412361894960364,6
"19997",0.000165002144855767,0.703994846547414,1.6137693317698e-08,0.000214481799699051,2.83522318946786e-07,0.00049246968045921,1.2276585599978e-05,0.295067375945789,5.32470505859043e-05,5.85584744044377e-10,2
"19999",1.21035901385827e-05,0.876576385917449,2.14804729546399e-10,0.00141394627459714,1.22638295939396e-08,0.000121444029207363,0.000393928213423657,0.121476759642518,5.41982541520321e-06,2.86163386335623e-11,2
"20002",5.20295154365642e-08,0.000653537063758793,8.82504181404512e-09,0.689344002298672,2.40287784330114e-06,1.23279008252645e-05,0.293582044185946,1.29699099489125e-05,7.2131391497918e-07,0.0163919335945343,4
"20004",3.50043999146763e-06,0.00562933330273191,2.95221383133512e-06,0.000134398038291966,0.0286481139941704,0.961267133565763,3.06645223394949e-05,0.00416471119046051,4.46856714206936e-07,0.000118745875706083,6
"20006",0.461123144719321,0.000224937242396883,0.000332684181462795,0.00010662259884983,0.0560559917896367,0.477077638614802,0.000596397543105658,0.000986551070766549,4.70411168078073e-05,0.00344899112285193,6
"20008",0.84184130160071,9.96584061666526e-05,0.00064053386741897,5.67462812251366e-06,0.0766482281914481,0.0021235671547166,8.35117770968491e-06,0.0021406448859428,5.36149229341128e-05,0.0764384251648305,1
"20010",0.479826339722836,0.000187710082922413,0.0372894930190049,3.44317124957892e-08,0.294110605115861,0.184161102841208,7.21963155826559e-10,0.00426059464291779,0.000116926090151648,4.71933314223995e-05,1
"20012",0.00157778801140108,0.745582279177971,1.5148923133567e-09,0.229468540545916,7.61305037313592e-07,5.18787748478323e-05,0.00767842321230402,0.0156399171592569,3.75135589693793e-07,3.51627836560504e-08,2
"20015",0.000778385356272681,1.42712583359214e-08,3.3524101130257e-06,4.55408891978937e-10,0.990751366031992,0.00541976479800256,3.76295740217957e-08,1.57965246728905e-06,5.06125829415832e-11,0.00304549934429853,5
"20017",2.93470695229471e-05,0.739702970218973,7.54697456007607e-10,0.000907094777815094,9.46094453027807e-08,0.00112737448089743,0.00184764743795451,0.256375653983402,9.81656815947197e-06,9.91330278300932e-11,2
"20019",0.000198672377588832,3.24894420021703e-10,0.0122793932949443,9.38909584770043e-11,0.969043910254215,0.00168083073932856,1.68336894391168e-12,4.05402775381792e-09,4.40746854731496e-09,0.016797184451958,5
"20022",0.00388076484149092,2.46522705283593e-05,0.00145139225314767,1.14187228632577e-08,0.212214152687138,0.782039823034591,7.41531630539223e-10,0.000368350697851853,1.65370593359857e-06,1.91983490637e-05,6
"20024",8.87837251985174e-05,8.31268884168353e-09,0.833746925843783,9.13214239094225e-10,0.150195680683502,0.00429706279469908,2.43469247115407e-09,4.34234155042154e-07,0.00015345497061891,0.0115176460874485,3
"20026",8.87837251985174e-05,8.31268884168353e-09,0.833746925843783,9.13214239094225e-10,0.150195680683502,0.00429706279469908,2.43469247115407e-09,4.34234155042154e-07,0.00015345497061891,0.0115176460874485,3
"20028",2.39945829215606e-06,0.954448443144326,1.06927102401611e-09,0.00260772688045086,1.17536041313611e-08,4.72904863365377e-05,2.04426322088914e-05,0.042859802627531,1.38818442500221e-05,1.03728991316001e-10,2
"20030",4.33780351951127e-06,1.26107699218443e-05,1.30719737797264e-05,2.77767272359387e-05,0.601710786164204,0.331772452297811,1.26720326786206e-06,5.29651864837096e-06,2.14528087174322e-09,0.066452398396331,5
"20033",4.93043699390772e-05,0.9667227580342,6.0770989166369e-08,0.00696547148099968,5.55153790364349e-06,0.0088406876561882,4.12027078191118e-06,0.0174101068760702,1.93367253465522e-06,5.33039373716942e-09,2
"20035",0.000257565341393699,7.50945846794947e-10,0.016359028685932,6.12869638749626e-11,0.980421520816478,0.00143273655596661,4.05878638630318e-12,1.30065313472753e-08,5.36875583600787e-09,0.00152912940865132,5
"20037",0.00039629983455263,1.07727936049208e-10,0.000603986723363573,7.67327676832571e-13,0.9922271664736,0.00164649084496621,2.38058589539422e-10,1.19759212338173e-07,3.09482331741458e-09,0.00512593292292806,5
"20039",1.25568335099423e-05,4.16345828400583e-11,0.998526602674994,2.79024807687092e-13,5.64561135510694e-05,2.56708311489173e-07,8.83870874238158e-13,7.35794885445172e-09,0.00140269591812207,1.42435076459068e-06,3
"20041",0.986327780932701,0.000280987004186799,0.000124924913738269,8.48549390152929e-07,0.000310984304773346,0.0109235978107867,4.62874797311843e-07,0.00187427228309727,0.000155774234214884,3.67092314461178e-07,1
"20044",0.909936851053933,0.00546854231597348,0.00156053025856512,0.000103600337634186,0.00264961509213882,0.0758088993595858,2.95031362017638e-06,0.00385895182032819,0.000606937177528611,3.12227069270321e-06,1
"20047",1.04418025551883e-05,7.50765035908198e-10,0.0560633793563716,5.10038804122139e-09,0.638522067876949,0.00434627591887459,1.54393460998006e-12,5.90088052399655e-10,2.22941245254527e-08,0.30105780630834,5
"20050",0.508147254794552,0.000197007152935507,0.466967924871599,2.64006231925948e-07,0.0218424071507092,0.00142466155126941,1.62566880883522e-11,0.000309465458030418,0.00109201098433443,1.90040140809557e-05,1
"20052",0.0173435405493615,0.807643672882545,0.000112457620317645,0.00125846727083733,0.000406532097345959,0.107385331397492,4.50493965316499e-08,0.0653905511500892,0.000458775873536333,6.2610907861425e-07,2
"20054",0.000104137573477079,3.7633484312241e-06,1.20113684968711e-06,2.32765300104977e-07,0.297317904221023,0.701937380323418,3.20369389791678e-06,2.90774235715342e-05,5.88749743956282e-10,0.000603098925281608,6
"20056",1.22710913058532e-06,0.0552438787756231,1.45785429438678e-07,0.944679111759528,3.55970246853526e-06,5.25959054621336e-05,8.8426445294442e-08,1.33387120407614e-05,1.82488849272692e-07,5.87133502316528e-06,4
"20058",7.11403860794596e-05,5.02940091644653e-09,0.0023995015929782,3.29101271271848e-12,0.981181083708581,0.0158191276237759,3.25406576625701e-10,3.74861874253556e-06,6.54007468389975e-08,0.000525327310997573,5
"20060",0.000652907816086663,0.139752504735154,5.96590385419336e-07,3.13038971628757e-06,4.85540220938337e-05,0.00226787076875363,3.77541540549504e-06,0.857243190147534,2.74687013076343e-05,1.41356257978494e-09,8
"20062",0.15942521379577,0.0401422337441922,1.36677401020072e-06,1.24129132766242e-06,0.00058654646313497,0.00948920033444381,4.82428371466858e-06,0.790338249415523,1.10796321714252e-05,4.42657123482053e-08,8
"20064",0.000100530333760215,0.000902486855311033,2.77046848978542e-05,2.38854756907511e-06,0.0700303443362451,0.928299186249428,5.47956513803659e-09,0.000619553668117351,9.97102417877585e-08,1.77001348641506e-05,6
"20066",1.92011176388558e-06,3.63728262257501e-07,7.23902392241e-05,1.90605673860015e-06,0.907942283700793,0.059242778668192,9.60810487897292e-08,1.51625625536741e-07,4.78710941792500e-10,0.032738109309641,5
"20068",0.00200813106726023,0.0169564150788009,5.77388792270756e-09,2.67397827837652e-07,6.11500375776384e-07,0.000266748652882265,0.000249700624767819,0.980492972093949,2.51477414846878e-05,6.87638504670855e-11,8
"20070",0.00405895427810547,0.0157361413991031,1.71587040860186e-06,1.23287967245426e-07,1.19591309096714e-06,0.000284241005964739,6.59866710776432e-06,0.9726309877892,0.00728004097196168,8.17090905767686e-10,8
"20072",0.00582909536998353,1.54756971538329e-07,1.54460432923499e-05,3.99229901513038e-10,0.913115102538494,0.0757422178423128,0.00162211358921016,0.000736129538136958,7.48486056231754e-08,0.00293966507376352,5
"20074",1.43793721469452e-08,0.00046920717120486,2.5890766179424e-12,0.999462822376379,4.21678323340174e-11,1.21591200076719e-08,6.78102122771767e-05,8.1308108925238e-08,3.86242753269813e-09,4.84863540465691e-08,4
"20076",0.000176624160323289,0.061231897595402,2.38000155800573e-09,0.480464701903184,0.000132524350427891,0.0829440400363463,0.372190428573743,0.00273701315407667,6.12622609637218e-08,0.000122706584234616,4
"20078",0.00100050843399081,0.0005178978920057,0.000455706112648311,1.56404772554278e-06,0.0452688992905189,0.950735398670494,3.00633567564532e-08,0.00172500056326153,2.96617641477271e-05,0.000265333161850602,6
"20080",0.000125501084203492,7.35265451139707e-09,0.00638366843484993,2.52891522086711e-10,0.984072690381718,0.00802960860545488,6.90233191297161e-13,4.09360429819338e-08,4.25424872077745e-09,0.00138847869724543,5
"20082",1.64886721483467e-06,2.67990574252099e-08,0.998905493738221,2.19244293097055e-10,0.000290330304972841,5.47512815178752e-05,6.84691336304124e-14,5.29433007130025e-08,0.000744772401483968,2.9234449181978e-06,3
"20084",0.000156120261001918,0.00311765699611088,0.00331866195298204,0.00272754635189587,0.0194987600360322,0.966348700319546,7.09347969822698e-09,4.90179851696946e-05,5.87977260234195e-05,0.00472473127775801,6
"20087",0.046290940798507,4.62766745821128e-05,0.000233643353295354,6.98289833614126e-09,0.430871454302245,0.481805565683787,5.97407999595272e-06,0.0396613927660112,2.6155774893419e-05,0.00105858958378473,6
"20090",0.0451269223359954,1.07151515534272e-07,0.0984873073575269,1.4343079619181e-09,0.852914132360043,0.00280728130717803,1.62215327706332e-12,6.66338408494279e-07,2.43796309895959e-07,0.000663337917092663,5
"20092",0.0206284390267415,3.49706121600266e-06,0.00623301617207824,7.49762169834949e-11,0.000167499768567057,0.00413534961031066,1.51492134980368e-05,0.0293091088621057,0.939506988849371,9.51361135863203e-07,9
"20096",0.0152336280365076,0.0198121369479084,0.00478760986762741,9.76579539071777e-05,2.24100623635348e-05,0.0163286473411635,1.91737618943747e-07,0.0125015709947185,0.931213626209614,2.52084857086986e-06,9
"20098",7.02933059608779e-05,0.98454090366547,9.00776845618172e-08,0.00388006885104426,9.97363265256676e-07,0.00094558947694403,2.79354516568825e-07,0.010558293944117,3.48349089215159e-06,4.70105358470523e-10,2
"20101",0.000912759415613732,3.59184547849363e-05,0.0105959489464397,3.28718164484485e-05,0.708924264962478,0.254271049005663,1.51324195851881e-10,1.72249474787686e-06,2.85432227340113e-07,0.0252251793202728,5
"20104",1.06947837338606e-05,0.000311547296768739,4.52276122368609e-06,1.33917903271223e-06,8.19099297317542e-09,3.93484014829671e-05,0.00360850865380938,0.00647515007770006,0.989548872423594,8.23166181966859e-09,9
"20106",0.00878391639605353,8.6445426048028e-05,0.00023573742519559,3.60962838599833e-06,0.818122411208991,0.172429227844923,4.59877975260949e-10,2.31763999389177e-05,5.44519540617538e-09,0.000315469765389632,5
"20108",8.37429218047213e-06,0.762068386114819,1.77701624445494e-08,0.000563937004002045,5.50314468154743e-06,0.00750442150057678,5.68970554903562e-05,0.229784482851813,7.97240325039297e-06,7.86302437548252e-09,2
"20110",0.463477082335513,0.380039611517957,0.0149245953600159,0.0094130958424162,0.000107375618837318,0.00401454317221006,1.31997541980684e-08,0.0105167785222967,0.117502524827905,4.37960309452791e-06,1
"20112",0.405874153268404,0.000365509199369625,0.0233110680249763,3.75227025566689e-07,0.539077561043597,0.0297013844627108,1.00082078945682e-09,0.00146966742732888,1.11080420604518e-05,0.000189172303706759,5
"20114",4.68726024221946e-06,0.00979405647814827,0.000117967238289753,0.00211423387444839,0.00630981282500136,0.981405357721335,3.63236006048833e-08,0.000149132023419334,5.43205001331268e-06,9.92842055016215e-05,6
"20116",1.94123025819029e-05,0.000935881379445426,1.18796879761288e-06,0.00193451188824805,0.0251243159416363,0.970817062028301,2.88252130195689e-06,3.13889516431666e-05,5.42090511995781e-09,0.00113335159713928,6
"20118",0.000146221315471952,0.324996013746872,1.39607604653608e-05,0.00162467179834031,0.000472433836475481,0.661504048929585,1.21025855540297e-07,0.0112209875966224,2.11444726096177e-05,3.96517702226301e-07,6
"20120",0.00999661120732663,0.00245358919702198,0.153311120759306,5.97073154412711e-05,0.522434491807498,0.311493156680058,6.04731505751091e-11,0.000115716779616435,1.08728819155e-05,0.000124733311343536,5
"20122",1.93764230065011e-07,0.0334301467715701,1.97918019075659e-10,0.966518378946901,1.19330703235418e-08,4.0285735036044e-05,4.18645279417744e-06,6.75008720883558e-06,2.21609923025962e-08,2.39502793003727e-08,4
"20124",0.000952615191223123,7.34158256719268e-09,0.00652929323807612,3.94845740706656e-11,0.824621639370016,0.153427025222205,9.28695718298514e-09,4.45303078705841e-06,2.06301631369105e-06,0.0144628942633553,5
"20126",5.35149273605131e-05,1.32527848631037e-08,0.959006497632017,1.88487782908881e-08,0.000511786471612708,0.00192697983442008,6.46249497231063e-09,7.09616993268254e-08,0.0372775419678452,0.00122356964098677,3
"20128",2.32585655506927e-05,4.86375534951996e-12,0.876726765004296,1.24329252289733e-11,0.0270227602162967,6.3989502325197e-05,4.3232568047298e-12,1.66564090243251e-10,8.61457370784098e-06,0.0961546119496393,3
"20141",1.60021619727413e-05,0.219190653649951,6.23773995747864e-05,0.00141135898053022,5.57436137555318e-08,0.00148026927937954,5.17854993241825e-06,0.013587070579947,0.764247032740224,9.14874825350759e-10,9
"20143",2.0331280106015e-09,0.000580762386060239,8.29441326344674e-12,0.999418351199424,5.46374728875701e-11,1.76077735923443e-08,8.36496378282968e-07,1.85357909879197e-08,1.70577697126895e-09,9.97273620739455e-09,4
"20145",0.00708756642722326,0.000216688033370078,0.0121176879968746,6.9552692270811e-08,0.552820664890303,0.427121035889314,4.80347644184881e-11,0.00061940336694006,3.12405858698309e-06,1.37597366610334e-05,5
"20147",0.000306993934501206,2.14017003276497e-05,0.000145219249863401,6.75855655571356e-08,0.19604060619892,0.803377635600645,6.06093439637944e-10,5.38611772864298e-05,5.64837691544629e-08,5.41574630278369e-05,6
"20149",3.19243021111859e-07,0.0384832317222026,1.93055835867971e-10,0.961504272761095,9.32420022621364e-10,3.15788446741299e-06,2.1801410391329e-06,6.62515874308996e-06,2.06381349985181e-07,5.5826052122363e-09,4
"20151",0.000124055948897426,0.963721512908822,4.94505387312658e-08,0.00131186913094938,2.83192948014379e-06,0.000729361492887379,3.05717419298165e-07,0.0341081592793905,1.852826470159e-06,1.31514463046013e-09,2
"20153",0.00108540988161303,0.971890443394979,0.000398392883863053,0.0225345307951162,1.3164847096511e-05,0.000601133860268626,1.12102910053361e-09,0.00234495194049205,0.0011318796418964,9.16336462093177e-08,2
"20155",0.0719501005163837,1.11231539427237e-06,0.000438883837608332,1.16580365903098e-08,0.706182945821461,0.221105112081925,3.82321760041868e-09,1.71766612675951e-05,3.04927661439959e-08,0.00030462279193944,5
"20157",6.6962296992379e-06,0.981363014942709,8.59244613570293e-08,0.0137870847944611,6.23337319231791e-07,0.000142491239523069,1.59053562057399e-07,0.00469639701422786,3.44609072470036e-06,1.37331251517792e-09,2
"20160",4.438839625456e-09,0.00137285435090252,4.41558824015223e-11,0.998626913918963,1.84776729377654e-10,6.17182053646258e-08,1.16579169169789e-07,3.32495261930463e-08,3.55473898855811e-09,1.19607224981527e-08,4
"20162",1.73214108323774e-07,0.203531739398174,8.1583196083532e-11,0.796416370974438,6.84187295810949e-10,1.50500843452245e-06,3.66559697109577e-06,4.6416243030395e-05,1.28298888865008e-07,5.00184698999908e-10,4
"20164",0.000971376697636229,0.658704451960639,4.57527115906289e-07,0.338845357062795,1.4911088482146e-06,0.000118970950348899,6.37213626788657e-07,0.00133629035056118,2.06807200844454e-05,2.86408343769681e-07,2
"20166",4.14350228626392e-05,1.0652074548714e-05,3.71547756017429e-06,0.000461893484660111,0.432366218029674,0.0456063410949198,4.5547235331732e-05,2.3149640987015e-06,1.31671731341205e-09,0.521461881299627,10
"20168",1.71457826368413e-06,1.11489742848469e-06,5.60657846399014e-09,0.00070579943666486,7.86341250750343e-05,0.000135281547002319,0.771473203351319,1.65024532726982e-06,1.53127322897357e-08,0.227602580899608,7
"20170",3.25228081473e-05,0.984264849215681,2.70318272143854e-07,0.00681313716907671,3.52630667910319e-07,0.00258314679875429,9.00438430897796e-08,0.00626031483441787,4.53155988890896e-05,5.82250453646267e-10,2
"20172",0.000941104234966533,2.89290097240741e-06,0.00168778238913873,1.01248599654816e-10,0.451810067226565,0.544948377861268,9.74460180409015e-10,0.000604306924586771,1.11402825017938e-06,4.35335854325795e-06,6
"20174",5.88202209356232e-06,0.732841601797857,4.10826597655604e-11,0.0215601754121671,1.74229921734332e-08,9.09392610655986e-05,0.159301230498809,0.086198401296824,1.75167320279312e-06,5.73905974142031e-10,2
"20176",1.61063902006967e-06,6.15768762416187e-07,1.4135505010097e-10,5.31330960395196e-07,4.30308114168297e-06,1.39004118180172e-05,0.999817097109688,4.79879360383215e-05,8.88989085250318e-09,0.000113944691324919,7
"20178",5.25447552081142e-09,0.000701055040384894,1.02681440716227e-10,0.999298827933986,2.00683968240876e-10,3.88991635588784e-08,3.99816057839257e-08,1.14675394041853e-08,3.55675720707905e-09,1.75627222011408e-08,4
"20181",1.45588217111205e-05,0.000126518389603158,2.60678534765578e-05,0.00349932874404026,0.501626039805924,0.422587312278024,2.55402187132713e-07,1.58380744206677e-06,1.45460479228246e-09,0.0721183334429862,5
"20183",0.00176038870416041,0.0138382454912479,4.17518788788589e-05,2.89031002004722e-08,0.000151478507949988,0.0352212257125864,4.29392761166041e-07,0.947033178660256,0.00195327162406974,1.12498906896378e-09,8
"20186",0.00284535982871006,6.05219159934402e-05,1.78375428964654e-05,5.47409359789185e-11,0.000345449968148625,0.00386329887580897,0.000102152531560836,0.990828427798554,0.0019369314984104,1.99851765386275e-08,8
"20188",4.76213927894826e-08,0.0147564536717142,1.8055655711461e-10,0.98524236676651,5.09682188856183e-10,1.32607059393964e-07,1.29301348316737e-07,8.33325430372749e-07,3.0137592125847e-08,5.87871421960129e-09,4
"20190",6.28258954205761e-05,1.78209292815765e-07,4.10575430771941e-05,4.8976902530688e-09,0.979207085220947,0.0201692877632677,8.60662153858482e-10,1.18540053145497e-06,2.32390721709447e-10,0.000518373976720338,5
"20193",3.57431792494769e-05,0.00025811579340148,8.56310237538377e-09,0.925137456409957,1.93187606551113e-05,9.18701427657162e-06,0.00409668126447298,1.41048569068093e-06,9.84915746429226e-09,0.0704420686800364,4
"20195",0.00235619183274505,0.905802973722389,7.73845735315289e-07,0.0871989821225776,2.70864254069062e-05,0.00096575757217714,3.14330539067528e-07,0.00364528445926283,2.13192349354713e-06,5.0376567392284e-07,2
"20197",0.0186873369499372,3.33143070996069e-06,0.00075081122626738,4.80165113804891e-10,0.661976832579365,0.31797670750063,4.23079504371793e-09,0.000545531034029343,4.0630908378985e-07,5.90382590172932e-05,5
"20199",2.45509415583256e-05,0.850166035261786,3.00438057324509e-08,0.14902380173186,9.95359906171307e-09,3.11900394539456e-05,1.6648094139338e-07,0.000730157805435322,2.40571278029256e-05,6.13757431579459e-10,2
"20205",0.000669406754888261,5.56969320102926e-08,0.959880333382151,2.90695553777785e-11,2.63629439353091e-05,6.16840577489791e-06,1.87459417640455e-12,1.72933961703121e-06,0.0394158399368881,1.03508869557447e-07,3
"20208",0.0016937236061018,0.790062216710724,4.72050368963141e-07,0.000486623626460548,6.27766672613649e-05,0.0101536633744965,9.17645877545582e-06,0.19752559911575,5.73360503834604e-06,1.47850236585434e-08,2
"20210",9.92374409734601e-07,0.53089858768245,6.53924935648205e-10,0.468917281021269,3.63990567484995e-09,5.93038623580191e-06,1.13303905742774e-06,0.000175695124848009,3.75620282626242e-07,4.57616494057936e-10,2
"20212",0.000109110475634365,0.900624647658683,7.42488111661594e-08,0.0970411450299887,1.07513203832365e-06,0.000160431784533149,6.67562926534467e-07,0.00206150578017527,1.31906133527659e-06,2.32658740942024e-08,2
"20216",6.53161488880142e-05,8.39127714623721e-05,6.834097154297e-05,1.74925941338575e-06,0.264799362283916,0.734874451300082,1.67068011767665e-08,5.83076135974018e-05,1.70718375572503e-08,4.85258724593338e-05,6
"20219",0.0140426651276244,0.000343637967589273,0.7815568889161,1.72392943871125e-06,0.0553344897601799,0.138742399705173,9.22374010580391e-11,0.000338376316659164,0.0089787932784131,0.000661024906585372,3
"20223",0.000834009211649756,1.27018200919122e-10,6.24065888179741e-05,5.88789771874289e-12,0.674087084780348,0.000664881583684666,0.000111124418716696,2.72997389271506e-06,3.60168486546935e-08,0.324237727293136,5
"20226",0.987347206661778,0.00412115247853166,4.4072885246947e-05,2.42734575022237e-06,0.000437528876766199,0.000638948748025558,8.6299271569913e-09,0.0073989221253164,9.61396431291337e-06,1.1828434464817e-07,1
"20230",1.90483327845612e-05,1.95397176589883e-08,0.000213590079032853,3.1195022174916e-10,0.9905737174789,0.007743316845835,4.21177270246124e-10,5.1884702212628e-07,1.10590336025759e-09,0.00144978703767683,5
"20233",1.07253061469827e-06,1.75389010112816e-06,0.000227637755805915,8.20949285328988e-09,2.51890094002011e-10,1.17212748442182e-08,4.4717578026763e-10,4.0427719951031e-06,0.999765472122558,2.99091694280853e-10,9
"20235",0.129663210432549,4.07905518695233e-08,0.0399242662524932,8.93187024963926e-11,0.72324112155994,0.0687151348901706,2.55018755822121e-05,0.000336087358575902,0.000382629105824717,0.0377120076449944,5
"20239",0.19151821987492,1.3095706687351e-05,0.000138367600534241,4.58749271583015e-08,0.305204794531443,0.468222072283415,0.000956777397931978,0.0160372481907526,4.15894489297096e-05,0.0178677890904593,6
"20254",7.78122353210899e-06,1.24968369930155e-09,0.99938819240793,9.08207298078961e-12,0.000438390072125346,1.66414215351007e-05,6.76286492765007e-15,7.30159247082073e-09,0.000147328823426003,1.65749108672417e-06,3
"20256",0.000179246210330279,2.62432060826479e-08,0.000475228591421592,4.43899780185985e-11,0.5046763043647,0.493937184004417,2.30490420970808e-08,1.30670828074148e-05,2.23221142451264e-07,0.000718697188543418,5
"20262",8.32459893422799e-06,0.976730916180482,1.83185084524291e-08,0.0204226321727899,1.97177491443557e-07,0.000416919785189654,1.24814121045924e-07,0.00241943887360158,1.4276291646456e-06,4.49717267069408e-10,2
"20270",0.00021671733159931,0.00380963596128769,1.24567870151413e-05,0.000880239718835358,0.748612563616356,0.0944129250881217,0.00112344865655673,0.00588538218007562,1.37942980849962e-07,0.145046492717172,5
"20284",0.032545021710152,0.0157905232021501,0.0903744054391898,1.45782960682188e-07,0.00199420914789455,0.006912205449562,2.2966188939415e-08,0.503500565266166,0.348882733588756,1.67446980619474e-07,8
"20287",0.000550088579673098,6.30865370621045e-11,0.000179791107157679,6.06637604627859e-12,0.960666196771923,0.000530828404973174,1.32122107911089e-09,2.90582685352972e-08,3.62457060378853e-10,0.0380730643251729,5
"20290",0.00384936713075476,0.000278258640191595,0.974906599634529,4.06385197810432e-07,0.00037684778930884,0.000161139918929679,5.77997011459247e-12,9.66531801892833e-05,0.0203306042271383,1.23087980791452e-07,3
"20293",3.79510268366704e-05,5.83029644887181e-05,0.000147495830386647,1.0730284692992e-08,0.0118505065819876,0.987054637242572,7.8064820345004e-09,0.000844605971606676,5.68789750401362e-06,7.93947851360239e-07,6
"20296",0.00023849719734914,0.630920162813485,2.0503501450113e-09,0.246191289834773,0.000179416846303581,0.0721290899761685,0.0156947559913496,0.0346264421740795,7.36365040557832e-08,2.02694796376053e-05,2
