"","V1","V2","V3","best$classification"
"19811",0.0801332074745638,0.0324790077998835,0.887387784725553,3
"19813",3.28796992543194e-07,0.999997866182796,1.8050202111866e-06,2
"19815",0.926977967733573,0.0096355106215827,0.063386521644844,1
"19817",0.143414690671288,0.00133267294507672,0.855252636383635,3
"19819",0.233120673615829,0.766879326384156,1.53247905745168e-14,2
"19821",0.175171758654292,0.0714437387881881,0.75338450255752,3
"19823",0.00811585578544177,0.991282038166271,0.000602106048287516,2
"19825",3.01959131639217e-07,0.99999969804082,4.78892507500273e-14,2
"19827",0.0124667581705565,0.00353127514269154,0.984001966686752,3
"19829",0.814074735794038,0.185914112766997,1.11514389650891e-05,1
"19831",0.0373206246531922,0.962679375346799,8.64529643886852e-15,2
"19833",7.11122194456289e-16,0.999999999999999,1.62589916282405e-22,2
"19835",0.175171758654292,0.0714437387881881,0.75338450255752,3
"19837",0.0386416287399963,0.00109059596919825,0.960267775290805,3
"19839",0.068362699418258,0.931632153281159,5.14730058302229e-06,2
"19841",8.93928288440267e-10,0.707208974605838,0.292791024500234,2
"19843",0.0201814766304404,0.97981852336956,3.42612456698646e-18,2
"19845",0.00144938821995725,0.950346764350268,0.0482038474297745,2
"19847",0.925148627639794,0.0722841481773236,0.00256722418288202,1
"19849",7.18345072106589e-08,0.999809892711911,0.000190035453581993,2
"19851",0.0461104240243866,0.00372679219661339,0.950162783779,3
"19853",2.48819104410189e-05,0.965567143693903,0.034407974395656,2
"19855",0.0121737424664631,0.0404916035928292,0.947334653940708,3
"19857",0.696720829772874,0.0347073674652465,0.268571802761879,1
"19859",0.180626067437358,0.00884700789874839,0.810526924663894,3
"19861",0.0311315250695966,0.110943062069261,0.857925412861143,3
"19863",5.02353250335063e-14,0.995566576987682,0.00443342301226802,2
"19865",4.75463742222432e-06,0.00157751718887016,0.998417728173708,3
"19867",0.883208413024214,0.0778470885839565,0.0389444983918297,1
"19869",1.43699059633064e-06,0.976358534006344,0.0236400290030595,2
"19871",0.179663144606217,0.00216479286280664,0.818172062530976,3
"19874",0.00153443637620782,0.00979322799681522,0.988672335626977,3
"19876",0.00084318118456598,0.00232081891340666,0.996835999902027,3
"19878",0.698509739464275,0.301490260530311,5.41437320683364e-12,1
"19880",8.79076825234521e-09,0.000625928378860163,0.999374062830371,3
"19882",0.0132460308421615,0.849704217682851,0.137049751474987,2
"19885",0.730037208038931,0.0018656038669379,0.268097188094131,1
"19907",0.377484427987243,0.476532734474262,0.145982837538494,2
"19909",0.992437942667587,0.0075619935704053,6.37620073927866e-08,1
"19911",0.9452812981587,0.0546839721298299,3.47297114698241e-05,1
"19913",1.78747785697983e-10,0.00695645720010095,0.993043542621151,3
"19915",0.000631437085350287,0.000472140691935633,0.998896422222714,3
"19917",0.000675746639397785,0.0093958944611063,0.989928358899496,3
"19919",0.0248111483337761,0.00105106063025613,0.974137791035968,3
"19921",0.251281434848731,0.00437893639286722,0.744339628758402,3
"19923",0.894200007343565,0.10579915415335,8.38503084403108e-07,1
"19925",0.000259377957739141,0.000818566170951025,0.99892205587131,3
"19927",0.336564174787517,0.00507946136624344,0.658356363846239,3
"19929",9.39677406944756e-14,0.576148781491287,0.423851218508619,2
"19931",0.971714393043455,0.0122581601932564,0.0160274467632883,1
"19933",0.995224015629336,0.00469337771952708,8.26066511367458e-05,1
"19935",0.976043516933132,0.0239326313253818,2.38517414859445e-05,1
"19937",0.367886621449223,0.00865160916179306,0.623461769388984,3
"19939",0.967064905161295,0.0161016010276715,0.0168334938110334,1
"19941",0.61125739433881,0.388728083131888,1.45225293022116e-05,1
"19943",5.47266248292732e-07,0.00260027628261829,0.997399176451133,3
"19945",0.98961210721614,0.0103572890103351,3.06037735248209e-05,1
"19947",0.000353446440138692,0.997520946198601,0.00212560736126086,2
"19949",0.97939184143202,0.0206080946614107,6.39065696411949e-08,1
"19951",0.198814154162969,0.0819622262200359,0.719223619616995,3
"19953",0.0120463792376576,0.987953620762336,6.03395268845877e-15,2
"19955",0.336410156583601,0.663589841191336,2.22506282857423e-09,2
"19957",0.0105970963791701,0.843492956580338,0.145909947040492,2
"19960",0.759323238053803,0.240676724231404,3.77147937144726e-08,1
"19963",1.98316552165205e-13,0.999999999412159,5.87642537698702e-10,2
"19965",0.951534561249637,0.0484654387503613,1.2009872976588e-15,1
"19968",1.68794967918491e-05,0.997252689323768,0.00273043117944027,2
"19971",4.66691751842257e-10,0.999955663564389,4.4335968919531e-05,2
"19973",0.0483383535941024,0.000406114742682436,0.951255531663215,3
"19975",0.00030966361787655,0.00962949347922663,0.990060842902897,3
"19977",4.37050789641149e-09,0.999998461752369,1.5338771230183e-06,2
"19979",0.964242947507858,0.0357570524921306,1.17548441864468e-14,1
"19981",0.990823554078537,0.00447916510946305,0.00469728081200027,1
"19983",0.985534984732608,0.00968669015813492,0.00477832510925731,1
"19985",0.000164115752219468,0.000791984282316749,0.999043899965464,3
"19987",0.931656792619117,0.0409331849216697,0.027410022459213,1
"19989",0.948731513502199,0.051268486497801,2.83225527536231e-17,1
"19993",0.978691756917941,0.0212182757326211,8.99673494382247e-05,1
"19995",0.991390659157878,0.00860278312723912,6.55771488294637e-06,1
"19997",0.085986568563061,0.00327337479186995,0.910740056645069,3
"19999",0.00211697595890073,0.0164872826389129,0.981395741402186,3
"20002",1.04625134820754e-12,0.999999929443855,7.05550985024479e-08,2
"20004",0.950445294500766,0.0495546030167326,1.02482501584359e-07,1
"20006",0.138959302254188,0.861040695987408,1.75840361748011e-09,2
"20008",0.293374728424054,0.706625271528229,4.77172307268176e-11,2
"20010",0.970583566797956,0.0294163294233306,1.03778713610314e-07,1
"20012",0.000673980298976353,0.397931574535105,0.601394445165919,3
"20015",0.942917631911405,0.057082368088595,6.98189770211607e-17,1
"20017",0.00424469546227828,0.00156569621454793,0.994189608323174,3
"20019",0.921818117538888,0.078181882461112,5.20353556688857e-22,1
"20022",0.987599297759377,0.0124005480946282,1.54145994576951e-07,1
"20024",0.00111055805254784,0.998889441947452,4.1763886756736e-25,2
"20026",0.00111055805254784,0.998889441947452,4.1763886756736e-25,2
"20028",0.00105724655596422,0.00105084128570942,0.997891912158326,3
"20030",0.693344743290671,0.306655256705216,4.11367551461801e-12,1
"20033",0.197343265350122,0.0120843338442063,0.790572400805672,3
"20035",0.875586299804264,0.124413700195736,6.24254546769178e-23,1
"20037",0.980848200369862,0.0191517996301382,8.79294746937321e-21,1
"20039",5.83902454717257e-09,0.999999994160975,3.46034627190424e-28,2
"20041",0.961613451687874,0.0383862611484786,2.87163647656376e-07,1
"20044",0.753841042075536,0.246158366205025,5.9171943895605e-07,1
"20047",0.501731987562324,0.498268012437676,5.85942233692934e-19,1
"20050",0.736321431432488,0.263678561158648,7.4088635671085e-09,1
"20052",0.595956261241417,0.0179800920077288,0.386063646750854,1
"20054",0.962962790355595,0.0370372076231135,2.02129110271996e-09,1
"20056",0.00106592944351846,0.674649505723408,0.324284564833074,2
"20058",0.959057149834636,0.0409428501653636,3.19854807607511e-18,1
"20060",0.951265053203892,0.025712799829515,0.0230221469665932,1
"20062",0.978263091354927,0.00391176954658062,0.0178251390984924,1
"20064",0.99641498455291,0.00351419203188505,7.08234152047088e-05,1
"20066",0.658542991047907,0.341457008952089,3.81279196057548e-15,1
"20068",0.409540474233726,0.0126898046091958,0.577769721157078,3
"20070",0.903102244561003,0.0613840243601116,0.0355137310788858,1
"20072",0.677588271691808,0.322411728308097,9.44541673283918e-14,1
"20074",2.38485202637473e-13,0.0118245040444984,0.988175495955263,3
"20076",0.00459972407190153,0.664557436263377,0.330842839664722,2
"20078",0.991584620352404,0.00841469729887344,6.82348723039486e-07,1
"20080",0.987049847429224,0.0129501525707763,6.71388045356052e-17,1
"20082",1.89769195514428e-05,0.999981023080449,3.7698463134627e-17,2
"20084",0.713780225540309,0.286171621239795,4.81532198954967e-05,1
"20087",0.98240170003957,0.0175982954663617,4.49406830575966e-09,1
"20090",0.969335304805743,0.030664695194257,2.4350347390057e-16,1
"20092",0.00540226545765851,0.994597734541809,5.32899564528281e-13,2
"20096",0.0715018054145653,0.928496497089874,1.69749556091762e-06,2
"20098",0.0261524078511315,0.00202049621493778,0.971827095933931,3
"20101",0.97937119690484,0.0206288013341228,1.76103675141237e-09,1
"20104",1.50080695743805e-08,0.999999984917092,7.48381787724068e-11,2
"20106",0.992478319353111,0.00752166910323984,1.15436488960154e-08,1
"20108",0.400575280042613,0.00837596861190652,0.59104875134548,3
"20110",0.143372156878269,0.853762569435514,0.00286527368621776,2
"20112",0.985688042340654,0.0143119524088679,5.25047810081216e-09,1
"20114",0.900338625249033,0.098967859296982,0.000693515453984845,1
"20116",0.892225017461871,0.107508256376463,0.000266726161665451,1
"20118",0.836406060215465,0.00732319521836375,0.156270744566171,1
"20120",0.827071434698273,0.172928560034584,5.26714275178609e-09,1
"20122",1.10650426473013e-06,0.00190457992425741,0.998094313571478,3
"20124",0.921857841423189,0.0781421585768108,1.4438064753428e-16,1
"20126",2.64705039262981e-08,0.999999973529496,6.55341863111814e-22,2
"20128",5.08783621284625e-05,0.999949121637872,4.98226492207541e-28,2
"20141",0.000107852852512074,0.999884346954108,7.80019338007143e-06,2
"20143",1.01971850551339e-10,0.902260178005531,0.097739821892497,2
"20145",0.988999538930905,0.0110001978197875,2.63249307574757e-07,1
"20147",0.997634775547335,0.00236509903755714,1.2541510769685e-07,1
"20149",1.51218952979734e-06,0.00759485710042208,0.992403630710048,3
"20151",0.0212034451431906,0.000573490287137823,0.978223064569671,3
"20153",0.0280941977109303,0.336790295104762,0.635115507184307,3
"20155",0.994398788300453,0.00560121164873853,5.08082130024583e-11,1
"20157",0.0285368496524653,0.0491923201444863,0.922270830203048,3
"20160",1.14265693167284e-10,0.00136194667807157,0.998638053207663,3
"20162",9.8547324825223e-08,0.000352079413821759,0.999647822038853,3
"20164",0.00575833926593464,0.0447680400059093,0.949473620728156,3
"20166",0.0720313361030952,0.927968663715496,1.81408660358678e-10,2
"20168",1.01914726201621e-10,0.999999998924311,9.73774245257459e-10,2
"20170",0.0214647003819618,0.0255713911514303,0.952963908466608,3
"20172",0.989456942586939,0.0105430527290617,4.68399896633075e-09,1
"20174",2.76451759819413e-05,0.00846155576664281,0.991510799057375,3
"20176",8.72614960170672e-07,0.999999123127559,4.25748056546123e-09,2
"20178",6.03831440125965e-11,0.00418832224564737,0.995811677693969,3
"20181",0.560439298966953,0.439560695257648,5.77539957745901e-09,1
"20183",0.826379990213928,0.0321293366000379,0.141490673186034,1
"20186",0.806194427804333,0.193783983240528,2.15889551392044e-05,1
"20188",6.68165472861535e-09,0.00271043989387705,0.997289553424468,3
"20190",0.994095386973658,0.00590461302632649,1.52091968144133e-14,1
"20193",2.2068229878124e-09,0.999953276959572,4.67208336048019e-05,2
"20195",0.148890779397068,0.0570540891393199,0.794055131463612,3
"20197",0.991415776070699,0.0085842212268463,2.7024541935365e-09,1
"20199",0.000207265834860265,0.015370306466563,0.984422427698577,3
"20205",3.45187541987469e-06,0.99999654812458,3.89119186721094e-17,2
"20208",0.655015142839621,0.0374256174723758,0.307559239688003,1
"20210",1.86406814245622e-06,0.000357865191187451,0.99964027074067,3
"20212",0.00268381840859652,0.00706334872251146,0.990252832868892,3
"20216",0.982203981234276,0.0177960173300759,1.43564814149455e-09,1
"20219",0.487076907260424,0.51292305036796,4.23716164580372e-08,2
"20223",0.0392803348604901,0.96071966513951,1.2060471728539e-22,2
"20226",0.979086688976688,0.020893010583687,2.03004396245741e-05,1
"20230",0.991537715854496,0.00846228414550341,1.48020432599975e-16,1
"20233",2.93993281019458e-11,0.999999999970571,3.00311261259763e-14,2
"20235",0.0656535249047763,0.934346475095224,3.63193250245932e-18,2
"20239",0.675585279498646,0.324414719226863,1.27449068767085e-09,1
"20254",5.78349112324166e-05,0.999942165088768,9.29366455990155e-20,2
"20256",0.98370916718638,0.0162908328133333,2.86310061831438e-13,1
"20262",0.00110034902590922,0.000482979162090732,0.998416671812,3
"20270",0.134382916129555,0.865617083761598,1.08847348069203e-10,2
"20284",0.209849380589897,0.790148173988717,2.44542138610222e-06,2
"20287",0.878522950909812,0.121477049090188,3.01006588217459e-22,1
"20290",0.000732895045391071,0.999267104903862,5.0747288410478e-11,2
"20293",0.987640863935043,0.0123459823415084,1.31537234478967e-05,1
"20296",0.0540793574612056,0.27164959180985,0.674271050728944,3
"20301",0.0703315291170086,0.929668470882991,9.92006799775587e-19,2
"20304",1.70861045067912e-05,0.999982913895493,1.64101631902271e-16,2
"20306",0.952540068523781,0.047459931476219,2.11186617358542e-17,1
"20309",0.980635875290469,0.019358642665215,5.48204431657009e-06,1
"20311",0.955494546277038,0.0445054461285929,7.59436851325894e-09,1
"20314",0.0675371889284694,0.0012186261570422,0.931244184914488,3
"20318",1.20312551173457e-07,0.985569199480741,0.0144306802067075,2
"20320",0.737667870432034,0.262223069876581,0.000109059691384573,1
"20326",0.38978438912352,0.00794867410977835,0.602266936766701,3
"20328",0.888819957271545,0.111176002880802,4.03984765244774e-06,1
"20330",0.888317259595602,0.111682740402425,1.97232692658472e-12,1
"20336",0.0199939670358156,0.980005992947737,4.00164470035706e-08,2
"20338",0.00813064012686834,0.991869359848067,2.50643415925138e-11,2
"20340",0.826173246342282,0.173826753657718,7.85661757253401e-17,1
"20342",6.5057685679036e-11,0.999999999934942,8.25767132448985e-18,2
"20344",0.980612846961616,0.0193871530334915,4.89218579959326e-12,1
"20349",0.987953231107524,0.0120467688924745,1.39211958357261e-15,1
"20351",0.9423450782124,0.0576376429800924,1.72788075077783e-05,1
"20353",0.958018231557012,0.0419817684429847,3.39780902228462e-15,1
"20357",0.000128067116764503,0.999871932883236,1.96332145412026e-20,2
"20360",1.67808099861232e-06,0.999998321919001,9.59693107305592e-18,2
"20364",0.99219441753642,0.0078054832944445,9.91691352601009e-08,1
"20366",0.000107351395678677,0.999892648471432,1.32889572576938e-10,2
"20381",7.82743042065235e-09,0.999907416539822,9.25756327474584e-05,2
"20391",0.0464628250542907,0.953537174899903,4.58058839693215e-11,2
"20394",0.774566051500845,0.0297179499400095,0.195715998559146,1
"20396",2.44805779255014e-05,0.270509551083768,0.729465968338306,3
"20409",0.849037493046999,0.150500536720956,0.000461970232044609,1
"20411",0.828596327095662,0.171403672904125,2.13508240076097e-13,1
"20416",3.8768307465385e-05,0.999961231692535,1.27627770143075e-28,2
"20418",9.86657553478343e-07,0.125237817423277,0.874761195919169,3
"20420",2.69819526621287e-08,0.999999972718366,2.99680938316965e-10,2
"20422",0.931319474598893,0.0686805254011071,3.65850671787869e-16,1
"20424",0.952095208789448,0.0479047912101979,3.54311468267112e-13,1
"20426",2.07736576229205e-12,0.999999999997913,9.98172115858585e-15,2
"20428",0.990723016821818,0.00927650977299184,4.73405189746255e-07,1
"20431",0.772127049054571,0.223684508968931,0.00418844197649817,1
"20433",0.137302906222858,0.862697093777142,4.78758351360187e-21,2
"20436",3.70463591100215e-05,0.999962953575987,6.49026007080501e-11,2
"20439",0.000100769920659333,0.0548778805391207,0.94502134954022,3
"20441",0.000440934735175485,0.999559065264786,3.89458009755646e-14,2
"20444",9.14041761461564e-10,0.00199812446857635,0.998001874617382,3
"20448",0.14832483275722,0.845683328393692,0.00599183884908818,2
"20536",0.169400654741121,0.602137702878313,0.228461642380566,2
"20538",0.0116248734506797,0.988375126365571,1.83749257030467e-10,2
"20541",0.843753998116308,0.156246001883692,7.76730004252738e-18,1
"20544",0.994584131755648,0.0054032236091135,1.26446352388216e-05,1
"20546",0.973712998146996,0.0262870018518073,1.19675951679969e-12,1
"20550",0.915731282281865,0.0842686607352945,5.69828406681553e-08,1
"20553",4.60626059816155e-10,0.999999999539374,4.39399227802335e-30,2
"20555",1.78903071885008e-08,0.999999982109678,1.51646767554733e-14,2
"20557",0.948847947142749,0.0511479513911151,4.10146613640445e-06,1
"20559",0.995366123741945,0.00463387554263958,7.15415903185675e-10,1
"20561",0.048444849566256,0.0353103388894256,0.916244811544318,3
"20564",6.03831440125965e-11,0.00418832224564737,0.995811677693969,3
"20566",0.975584771875724,0.0244131096207811,2.11850349545615e-06,1
"20569",0.000943764740867398,0.00533234754075171,0.993723887718381,3
"20572",5.51565034484465e-05,0.114751758984188,0.885193084512364,3
"20574",0.993020637984976,0.00697936179879976,2.16223853057449e-10,1
"20576",4.01465852445718e-08,0.00167642553518295,0.998323534318232,3
"20578",0.99611326148724,0.00257589340981122,0.00131084510294855,1
"20580",0.993956643307634,0.00603541854637615,7.93814598973008e-06,1
"20583",7.60926699941519e-09,0.0015298630476355,0.998470129343097,3
"20586",0.986759197691507,0.0132407946965216,7.61197096601676e-09,1
"20589",0.989784011594916,0.0102159884050772,6.42868075409136e-15,1
"20591",0.132243126968329,0.867755551393053,1.32163861761315e-06,2
"20593",0.945700991839471,0.0542990081605291,1.40500111661211e-20,1
"20595",0.992026253517447,0.0079735814175539,1.6506499854987e-07,1
"20597",8.2361341610421e-07,0.989999653321722,0.00999952306486175,2
"20599",1.55656520742274e-10,0.00237345302192421,0.997626546822419,3
"20601",0.53734603933624,0.00246683181622465,0.460187128847536,1
"20604",0.992311196381247,0.00768880361873764,1.58163005696486e-14,1
"20606",0.98817649221005,0.0118235077899499,2.76384225128801e-16,1
"20608",0.987992155071284,0.0120078449213045,7.41172905515102e-12,1
"20610",1.31819884793416e-05,0.0236246244510333,0.976362193560487,3
"20612",1.0916234026524e-10,0.999999999890837,1.20020370059389e-15,2
"20614",3.83822154614543e-06,0.00056788352710862,0.999428278251345,3
"20616",0.795400775124096,0.204566473705747,3.27511701568605e-05,1
"20618",8.54859854894308e-05,0.999914513949828,6.46830046245356e-11,2
"20620",0.544167566005517,0.455832433988188,6.29494742971881e-12,1
"20622",1.45130057450344e-06,0.00447331458181736,0.995525234117608,3
"20624",0.658183436679842,0.341816563319877,2.8115966872425e-13,1
"20626",0.149769137598494,0.85023072195596,1.4044554553695e-07,2
"20628",0.143637984101249,0.85636189247106,1.23427690643383e-07,2
"20630",0.950773715014951,0.0492260913084579,1.93676591399047e-07,1
"20632",2.85256748338786e-08,0.00542208094991074,0.994577890524414,3
"20634",0.992961011590362,0.00703898840963243,5.27017048185299e-15,1
"20637",0.00161519010036094,0.998384809899441,1.98012306690736e-13,2
"20639",0.00324642482455805,0.170577540855937,0.826176034319505,3
"20644",3.12694490901305e-09,0.999999996873055,9.71952284972539e-30,2
"20646",0.000148506831509128,0.999851493168491,3.074978619253e-16,2
"20648",0.0145005630431804,0.00116134981143773,0.984338087145382,3
"20650",0.0849459910784968,0.915054008921503,5.29316922250627e-17,2
"20653",0.477264169483905,0.522548796838006,0.000187033678089096,2
"20658",0.913703688639879,0.0862963113601008,1.96725666737891e-14,1
"20661",1.1940986168403e-05,0.999988059013823,8.37775487353437e-15,2
"20663",0.99245453519512,0.00694777267930831,0.000597692125571732,1
"20665",6.13803915015869e-10,0.0135513061457839,0.986448693240412,3
"20667",0.6800100012456,0.319988225542877,1.77321152273179e-06,1
"20669",2.42632507309203e-05,0.946715695068732,0.0532600416805371,2
"20671",0.250697753646781,0.749302141439767,1.04913451360961e-07,2
"20673",2.11485644360691e-07,0.897278265875307,0.102721522639048,2
"20675",0.6841029201392,0.312606340077561,0.00329073978323933,1
"20677",0.981662503505439,0.0183330406549051,4.45583965631145e-06,1
"20679",6.75516641475933e-06,0.578891345423603,0.421101899409982,2
"20681",0.127704268349637,0.0830918154761419,0.789203916174221,3
"20683",0.957552055657676,0.0424412320909885,6.71225133548253e-06,1
"20685",8.01969856434422e-08,0.999999919721051,8.19632767694751e-11,2
"20687",0.00019267877802159,0.000828091656369377,0.998979229565609,3
"20689",1.18826438087068e-09,0.999999998811736,3.21236243144308e-28,2
"20691",1.43943716288297e-08,0.00191162463424329,0.998088360971385,3
"20693",0.909506290721511,0.0904937092784891,7.95962173660899e-18,1
"20695",0.0722277392821671,0.00571322214639977,0.922059038571433,3
"20697",0.980709673310263,0.0192903264542638,2.35472836336335e-10,1
"20699",0.989659752212945,0.00997490762121816,0.000365340165837129,1
"20701",0.984232207721775,0.0157677715862669,2.06919580689693e-08,1
"20703",1.23692367575328e-09,0.999999977119525,2.16435516233892e-08,2
"20705",0.959567073429784,0.0404329265701356,8.04245225394636e-14,1
"20707",0.642096208073085,0.0153971989354387,0.342506592991476,1
"20709",0.1910388102695,0.636122289389654,0.172838900340846,2
"20713",0.00500181091569102,0.990663225158579,0.00433496392572973,2
"20715",8.39983186435767e-07,0.999999160016813,3.98928129767642e-16,2
"20717",0.0512392991498347,0.00996213571957897,0.938798565130586,3
"20720",0.985312880676955,0.014687118188797,1.134248558332e-09,1
"20722",0.988358097078946,0.0116418564671833,4.64538711360212e-08,1
"20724",0.00785784949286805,0.000585839505626566,0.991556311001505,3
"20726",0.950997917029806,0.0490020829701935,2.9696634513468e-16,1
"20728",0.0278956920948975,0.00811862332974772,0.963985684575355,3
"20730",0.0315491637363801,0.00152178806011323,0.966929048203507,3
"20732",0.20472191423588,0.795278085762773,1.34760927709972e-12,2
"20734",0.993562554650328,0.00626190390504276,0.000175541444629777,1
"20736",0.000331241890515789,0.00248683717163567,0.997181920937849,3
"20738",4.67585420888907e-07,0.999999532414579,1.85919089080378e-19,2
"20740",0.0478051783405857,0.952194821655818,3.59619215973765e-12,2
"20742",0.419724690225958,0.334174874252633,0.246100435521409,1
"20744",5.06585024431548e-07,0.00931907165678709,0.990680421758189,3
"20746",0.982149610665687,0.0041190241227094,0.0137313652116035,1
"20748",0.00229325905191034,0.000610400547484484,0.997096340400605,3
"20750",0.0063106501987936,0.00150536062828468,0.992183989172922,3
"20752",0.99294893033228,0.00705048491620446,5.84751515851145e-07,1
"20754",6.1209296635965e-07,0.981519059794093,0.0184803281129409,2
"20756",0.373756751866086,0.0135016767471999,0.612741571386714,3
"20758",9.55834554281289e-06,0.99998734475087,3.09690358665027e-06,2
"20760",0.00104064298639197,0.000964715407486973,0.997994641606121,3
"20762",3.53126596000988e-06,0.993089185116502,0.0069072836175379,2
"20764",0.000140221931125739,0.0201345396677568,0.979725238401117,3
"20766",0.00166618419339257,0.000414745471448776,0.997919070335159,3
"20768",0.0049010711934613,0.00105122951655722,0.994047699289981,3
"20770",0.263761064587903,0.735052566893321,0.00118636851877589,2
"20772",0.991331146961319,0.00866885303866015,2.06716544564332e-14,1
"20774",0.0275151335865826,0.972484866413417,1.08728762236169e-25,2
"20776",0.960851390399208,0.0362771648178068,0.00287144478298559,1
"20778",5.92371188185456e-05,0.999940762881181,1.50825282541322e-25,2
"20780",9.44360345919095e-11,0.999993550585893,6.44931967072098e-06,2
"20782",3.92350446820414e-08,0.983003263637069,0.0169966971278866,2
"20784",1.98331489618525e-05,0.997944649597562,0.00203551725347643,2
"20786",5.53935872050873e-11,0.0705820799630261,0.92941791998158,3
"20788",0.629652768358592,0.00850719634836668,0.361840035293042,1
"20790",0.00195768420021109,0.0467326419884401,0.951309673811349,3
"20792",0.729084494807254,0.239635669814952,0.031279835377794,1
"20794",0.000227170865949704,0.031777280671277,0.967995548462773,3
"20796",0.990224727749508,0.00977527225043642,5.56421781074022e-14,1
"20798",6.03831440125965e-11,0.00418832224564737,0.995811677693969,3
"20801",1.94512698239998e-06,0.998995818685626,0.00100223618739174,2
"20803",0.961661087109806,0.0279020879599433,0.0104368249302506,1
"20805",0.993382904652269,0.00660462320000286,1.24721477281138e-05,1
"20807",6.03831440125965e-11,0.00418832224564737,0.995811677693969,3
"20809",0.288080769370859,0.703673999224869,0.00824523140427192,2
"20811",0.000445771312126855,0.999554203825578,2.4862295496717e-08,2
"20813",0.371103224897359,0.628058891484571,0.000837883618070297,2
"20815",1.41630474360368e-13,0.610200525412051,0.389799474587807,2
"20817",0.0335580174835829,0.00100509643437103,0.965436886082046,3
"20819",0.982450013696518,0.0174075448911764,0.000142441412305122,1
"20821",7.37069675795996e-09,0.999999992629303,2.08410608651686e-16,2
"20823",0.973802889813887,0.00891846982989488,0.0172786403562186,1
"20825",0.0218894917164965,0.00359350675800944,0.974517001525494,3
"20827",0.0298297511075431,0.16904630833973,0.801123940552727,3
"20829",0.282722170387798,0.717277829612202,4.5511743259007e-19,2
"20831",0.293244601559464,0.0333950459738891,0.673360352466647,3
"20833",1.03721535006971e-10,0.990284165213427,0.00971583468285183,2
"20835",0.00980918445060646,0.00158227955032936,0.988608535999064,3
"20837",0.06275622636621,0.00421887756268394,0.933024896071106,3
"20839",0.00708193240862877,0.000841454119808435,0.992076613471563,3
"20841",0.376644344705933,0.623355624095775,3.11982916182234e-08,2
"20843",0.89026469448783,0.0119741862615386,0.0977611192506314,1
"20845",0.0727201380718331,0.0922093367224452,0.835070525205722,3
"20847",0.987873684874919,0.0120809397666668,4.53753584145212e-05,1
"20849",0.981780934766868,0.0181714921510551,4.75730820767389e-05,1
"20851",0.982813635250991,0.0171818831868403,4.48156216837205e-06,1
"20853",0.925853343144354,0.0741466568554471,1.99464994578996e-13,1
"20855",0.842165276408041,0.157834723547854,4.41052368277984e-11,1
"20857",0.985958048182595,0.0135424767646948,0.000499475052710411,1
"20859",0.996229256363609,0.00376966990048894,1.07373590175152e-06,1
"20861",1.56128477383059e-06,0.999998429773805,8.94142072158170e-09,2
"20863",0.000840918590698107,0.00337299757159325,0.995786083837709,3
"20865",0.264428207581641,0.233317074446226,0.502254717972133,3
"20867",0.421453771015853,0.578546228984147,6.57072364382554e-23,2
"20869",0.0131330782890305,0.0217827599385325,0.965084161772437,3
"20871",0.0245804915772537,0.975419508422746,3.71204705848543e-17,2
"20873",0.701392758284113,0.298607241693072,2.2815469443837e-11,1
"20875",0.993019401782727,0.0069805759106226,2.23066499617029e-08,1
"20878",3.56853613471055e-13,0.996781659299261,0.00321834070038254,2
"20880",4.05770209186409e-11,0.999538285001852,0.000461714957570423,2
"20882",0.92575112162515,0.0742488783748502,9.36532898259143e-18,1
"20884",0.0185267985076438,0.00152787355422649,0.97994532793813,3
"20886",0.010908865977662,0.00390136057153946,0.985189773450799,3
"20888",2.08310133256354e-07,0.233537837296436,0.76646195439343,3
"20890",0.0128984028697478,0.000409556684977296,0.986692040445275,3
"20892",0.981581762600303,0.0183825861477716,3.56512519249109e-05,1
"20897",0.962324537337031,0.034421178398552,0.00325428426441734,1
"20899",0.963618111660119,0.0200008170218029,0.0163810713180778,1
"20901",3.29825172737514e-10,0.999999999670175,5.40654851240188e-23,2
"20903",2.54280001786293e-05,0.999974571999821,1.24147160648526e-17,2
"20905",0.000342750847403852,0.999657249152182,4.14043851757759e-13,2
"20907",0.882345953582504,0.117654046417137,3.59311680904419e-13,1
"20909",0.424894226142691,0.567515294597569,0.00759047925973993,2
"20911",3.4995056714269e-11,0.999999999965005,1.04506608921406e-29,2
"20913",0.782176030287367,0.033453642672131,0.184370327040502,1
"20962",0.997490652850368,0.00247108636192734,3.82607877051113e-05,1
"20969",0.795153754860953,0.204843439611684,2.80552736318273e-06,1
"20980",0.989446647620868,0.010550104843318,3.24753581368052e-06,1
"20982",0.995122097450371,0.0048778647141799,3.78354487339525e-08,1
"20984",0.670598706590352,0.31593832093034,0.0134629724793075,1
"20994",0.962698534807284,0.0373014631210276,2.07168809272481e-09,1
"21015",0.000110925854644288,0.0479550878163174,0.951933986329038,3
"21023",0.83900239614158,0.160997603858272,1.48482710993894e-13,1
"21040",0.282420460120208,0.717579539876387,3.40549424097736e-12,2
"21073",0.798606933242162,0.201380954185311,1.21125725266737e-05,1
"21222",0.0187198886757173,0.00119127252969578,0.980088838794587,3
"21224",0.986951285041128,0.0115046913816599,0.00154402357721214,1
"21228",0.000493209538531332,0.999506591419571,1.99041897129644e-07,2
"21232",0.979652691161358,0.0203473088385419,1.00155702562635e-13,1
"21237",0.0765097066062275,0.923490293393734,3.83559264163538e-14,2
"21240",0.0461884880539042,0.00330791119047619,0.950503600755619,3
"21245",0.00146176530983802,0.000345952612647871,0.998192282077514,3
"21252",0.925996433107663,0.0740035668909924,1.34422752500465e-12,1
"21254",0.62123027156152,0.37876972227277,6.16570975540044e-09,1
"21258",0.820909328180228,0.179087345120789,3.32669898300238e-06,1
"21264",0.152182814039736,0.00354585624862349,0.84427132971164,3
"21305",0.0117600840027734,0.988226478888855,1.34371083716168e-05,2
"21333",0.981334415642878,0.0186655624951522,2.18619698136802e-08,1
"21366",0.956912547228474,0.0316650094702663,0.0114224433012596,1
"21377",2.60961485475442e-06,0.00439875323807917,0.995598637147066,3
"21380",4.5986262212653e-09,0.999999995401372,1.8759433842456e-15,2
"21387",2.23098316558589e-12,0.999999999997769,5.18020100002158e-30,2
"21390",0.891048609669726,0.108951390327431,2.84264016187348e-12,1
"21392",0.962082691974226,0.0378448356442419,7.24723815319228e-05,1
"21403",0.969002520529669,0.0309920664404883,5.41302984314368e-06,1
"21408",0.961523039016427,0.0384769609822954,1.27743076362329e-12,1
"21412",0.000301959468279183,0.999698040521529,1.01918418900605e-11,2
"21421",0.976460688746999,0.00708044144734912,0.0164588698056514,1
"21424",0.00248084687198784,0.997519153128012,2.28801773956727e-19,2
"21429",0.988599491923669,0.0114005054065828,2.66974799750026e-09,1
"21431",0.98169869817391,0.0170729891290443,0.00122831269704603,1
"21436",0.000157801405586791,0.999662849470318,0.000179349124095428,2
"21439",0.998265677980638,0.00169633089858863,3.79911207736076e-05,1
"21442",0.820238747364593,0.0961051539656825,0.0836560986697247,1
"21444",0.0218091487356477,0.00961504199037732,0.968575809273975,3
"21446",9.61220525103743e-13,0.985999871144381,0.0140001288546582,2
"21448",5.40186677265657e-12,0.999999999994533,6.5589925268004e-14,2
"21450",0.656907586026287,0.343087299727711,5.1142460015814e-06,1
"21452",0.911833409251688,0.088166589721768,1.02654370680576e-09,1
"21466",0.783511900771559,0.216488099228441,1.13924954399883e-16,1
"21470",0.995744741879989,0.00425335548896384,1.90263104701953e-06,1
"21472",0.976549183188968,0.0234508168042666,6.76524484256391e-12,1
"21474",0.931226518362448,0.0687731689578827,3.12679669382098e-07,1
"21477",7.10324642738134e-06,0.998929857036294,0.00106303971727834,2
"21480",6.84558124719788e-05,0.999931544187528,1.59535648682571e-29,2
"21483",0.0624233019051341,0.00288352913659948,0.934693168958266,3
"21491",0.062002293392151,0.0205669333622765,0.917430773245573,3
"21494",2.00904627151151e-11,0.99999999997991,1.30296780623112e-27,2
"21499",0.00423164455295497,0.995768355447045,9.99802401636266e-19,2
"21501",0.0102072014673183,0.98979279853268,1.26367750984485e-15,2
"21506",0.995422718302172,0.00457652799971347,7.5369811409325e-07,1
"21511",0.0161275907932875,0.983872409175258,3.14549638849692e-11,2
"21513",0.321223655706253,0.678776128889258,2.15404489787914e-07,2
"21521",0.824780418325119,0.175157318481487,6.22631933940369e-05,1
"21523",0.963507799247354,0.0330609176471275,0.00343128310551836,1
"21525",0.804950502783609,0.0176290670491337,0.177420430167257,1
"21531",0.986616402517123,0.0133835974828774,1.41766011983399e-17,1
"21536",0.989566643449025,0.0104327119708469,6.44580128074175e-07,1
"21544",0.995691261268254,0.00379004273443164,0.000518695997314507,1
"21547",0.965004818648042,0.0349951812596682,9.22898610903221e-11,1
"21551",0.0307677304680212,0.969231937768367,3.31763611504185e-07,2
"21556",0.905536980536352,0.0944630194636476,3.07974036797273e-17,1
"21559",2.08303442113172e-07,0.999999791696534,2.38960631049462e-14,2
"21563",0.507727549312856,0.492272450687142,1.37263237492046e-15,1
"21565",0.995032799736609,0.00496720026330738,8.35315934987745e-14,1
"21568",0.94365666998073,0.0563433299978801,2.13898024673832e-11,1
"21572",0.915469018088309,0.084530981911691,2.57443760642799e-23,1
"21575",0.00620551495142709,0.993794485048573,1.87271156097556e-21,2
"21577",0.242379755257179,0.00290332302111177,0.754716921721709,3
"21579",0.986064375576831,0.00851885952542708,0.00541676489774166,1
"21581",6.03831440125965e-11,0.00418832224564737,0.995811677693969,3
"21584",6.07802054578878e-08,0.996489614170727,0.00351032504906707,2
"21586",0.898542324907146,0.00531367684882571,0.096143998244028,1
"21588",0.538096200046485,0.461774717317783,0.000129082635732425,1
"21590",0.959503241186561,0.0404967588130782,3.61094266328046e-13,1
"21594",8.78883199208897e-20,0.999999999999964,3.58335592945249e-14,2
"21596",0.00635266976796271,0.000298370484879186,0.993348959747158,3
"21598",0.00139805320469167,0.998601946795296,1.25895823549005e-14,2
"21600",0.482426361290281,0.0483971572332948,0.469176481476424,1
"21602",0.989234262894168,0.010765383494144,3.53611688248849e-07,1
"21604",0.974857475178165,0.0188064676367076,0.00633605718512709,1
"21606",3.96281978908943e-05,0.000895660521700418,0.999064711280409,3
"21608",0.210853786843028,0.789145926256006,2.86900965740774e-07,2
"21611",0.069179077968855,0.930820800806614,1.21224530458671e-07,2
"21613",0.986762075045775,0.0132330988118688,4.82614235617585e-06,1
"21615",0.890166241052945,0.0402876402175122,0.0695461187295424,1
"21617",0.0208058081545047,0.00114696835265918,0.978047223492836,3
"21619",0.967238667984599,0.00639492014846401,0.0263664118669373,1
"21621",3.10855999350684e-08,0.999652458939679,0.000347509974721453,2
"21623",0.0190607219238363,0.00176081547960381,0.97917846259656,3
"21625",3.07096767161261e-08,0.00193289376028869,0.998067075530035,3
"21627",0.853786965922651,0.146067426211736,0.000145607865613556,1
"21629",0.827042840240369,0.0731005581446585,0.0998566016149725,1
"21631",3.11006160087038e-05,0.00052715489055522,0.999441744493436,3
"21633",0.0507071518339939,0.949292847985823,1.80183027004957e-10,2
"21635",0.327632490664324,0.672367509335667,9.07274669908648e-15,2
"21637",0.391249763211231,0.608041703478553,0.000708533310216348,2
"21639",0.966237379646514,0.0337625628227021,5.75307837652964e-08,1
"21641",0.117731067379089,0.881897912678053,0.000371019942857463,2
"21643",0.992364545898486,0.00760501571893976,3.04383825739755e-05,1
"21645",0.00663255512805823,0.00105490690738677,0.992312537964555,3
"21648",0.990868046934884,0.00887529703937374,0.000256656025742134,1
"21650",1.49405398481625e-10,0.999999999850595,9.89224804099673e-27,2
"21652",0.993179003841788,0.00682063804230313,3.58115908423677e-07,1
"21654",2.6412579073175e-07,0.999999735874209,1.40985321487356e-19,2
"21656",0.00618135620483932,0.0502520918157459,0.943566551979415,3
"21658",3.30986739863815e-11,0.00179616690129933,0.998203833065602,3
"21660",1.5830396214961e-10,0.996717287885258,0.00328271195643826,2
"21662",1.31648640388098e-06,0.999998555296777,1.28216818770359e-07,2
"21664",0.00163094264031805,0.000361065252349575,0.998007992107332,3
"21666",2.75272392511659e-08,0.999999965444648,7.02811325961813e-09,2
"21668",0.0266381645360415,0.00146408582493976,0.971897749639019,3
"21671",0.887955962938538,0.112044009430344,2.76311184966431e-08,1
"21673",1.27886972243992e-05,0.920985996846039,0.0790012144567366,2
"21675",0.907663352449453,0.0755889662972855,0.016747681253262,1
"21677",0.993938048150601,0.00606195184939069,8.8854092106443e-15,1
"21679",0.00315239157734497,0.996844965809807,2.64261284840122e-06,2
"21681",0.810834980267828,0.176563371109975,0.0126016486221969,1
"21686",0.920831716312369,0.0791682836874581,1.72262451647203e-13,1
"21689",0.987311565429946,0.0126884344865913,8.34623807561059e-11,1
"21706",0.985283001214603,0.0146884078044944,2.85909809029207e-05,1
"21708",0.983634457740594,0.0163655422592958,1.09974280389316e-13,1
"21711",0.967920243595749,0.00301206100878775,0.0290676953954631,1
"21716",1.07355617957674e-07,0.999999892644382,2.38070818422091e-29,2
"21719",0.971223667805081,0.0287662079261525,1.01242687668035e-05,1
"21722",0.996535061198392,0.00291493970630726,0.000549999095300323,1
"21725",0.990698709585042,0.00928914963125576,1.21407837022856e-05,1
"21728",0.919694183228064,0.080305808189642,8.58229357800965e-09,1
"21732",0.991981785268183,0.00801811170812716,1.03023690044914e-07,1
"21734",0.974206092920108,0.0257939070798826,9.7608605195129e-15,1
"21737",0.984667038597769,0.00940434091911994,0.00592862048311094,1
"21740",9.3527634013969e-08,0.999999904607281,1.86508510276387e-09,2
"21742",6.89274975943975e-10,0.999999999310725,1.21167811363393e-27,2
"21745",0.800475295239054,0.199128850831604,0.000395853929342099,1
"21747",0.00617216035022772,0.993827839649274,4.98459337018606e-13,2
"21749",0.0101161958265445,0.0121219091702354,0.97776189500322,3
"21751",0.963851554879407,0.0361484449658232,1.54770198804866e-10,1
"21753",0.0512692475643449,0.948730752344938,9.07167414244149e-11,2
"21756",0.991791243563401,0.00820875639871978,3.78787399407886e-11,1
"21759",0.414429008483048,0.485170133965685,0.100400857551267,2
"21761",0.929535850823445,0.0704641461531137,3.02344097456384e-09,1
"21763",0.0584993088961293,0.941320645134227,0.000180045969643754,2
"21765",3.11961603357076e-05,0.99996880383966,4.4769904816439e-15,2
"21767",0.96930994244319,0.0306900575541982,2.61220363838091e-12,1
"21769",0.057747384957959,0.942252615042041,2.45442596387189e-22,2
"21771",0.99132348524057,0.00867651474920182,1.02285872462536e-11,1
"21774",0.00354238735803496,0.00062767421993591,0.995829938422029,3
"21776",0.91545285307666,0.0845471469233142,2.56244659771893e-14,1
"21778",0.818438670967993,0.181557979413517,3.34961848998584e-06,1
"21780",7.14489911485892e-18,1,2.08470267503212e-17,2
"21783",0.988299535060224,0.0116471417011083,5.3323238667497e-05,1
"21785",0.936103274825926,0.0638960438372314,6.81336843064277e-07,1
"21788",0.973915433080638,0.0260845669193539,7.56761876464144e-15,1
"21790",0.749394295901303,0.250605704098697,2.6648214123547e-22,1
"21793",0.97361885544732,0.0263810507539839,9.37986964234833e-08,1
"21796",0.976641207210285,0.0139521904587453,0.00940660233096943,1
"21798",7.02421538873786e-06,0.999992975784589,2.25733359219655e-14,2
"21801",0.725623086667392,0.274376913332608,1.09156205618876e-22,1
"21803",0.992038474392847,0.00795624019339396,5.28541375908612e-06,1
"21805",5.83459593215743e-05,0.999941654040678,1.2389972673858e-25,2
"21807",1.81299468044208e-05,0.999981866639962,3.41323349314299e-09,2
"21810",0.969852663459201,0.0301472984393312,3.81014679037302e-08,1
"21812",0.000234545647924545,0.999765454352075,6.08191636519175e-19,2
"21816",0.980519975595811,0.0194799819952372,4.24089523690627e-08,1
"21819",0.000102783105651214,0.999897216894349,2.62217350747236e-19,2
"21821",2.23576489434e-08,0.999999977523762,1.18589407068371e-10,2
"21823",0.000110455285834551,0.00389320280010811,0.995996341914057,3
"21825",0.994911352570732,0.00508855099681326,9.64324550207676e-08,1
"21827",0.0208219392792742,0.979178060720384,3.41411834804933e-13,2
"21829",0.49706425028221,0.502935749717787,2.95162500754251e-15,2
"21832",0.000338346595538987,0.999661531986017,1.21418444095422e-07,2
"21834",0.959254216185335,0.0407457824889867,1.32567780574741e-09,1
"21836",0.959254216185335,0.0407457824889867,1.32567780574741e-09,1
"21839",0.810656215767194,0.0436966924669819,0.145647091765824,1
"21841",0.000197406004278852,0.999788883007181,1.37109885398555e-05,2
"21843",0.0604577399309234,0.0273557144059416,0.912186545663135,3
"21846",0.0265038117431755,0.973496188256824,1.23145055285254e-16,2
"21848",0.0927734669263077,0.907226533058001,1.56910976289557e-11,2
"21850",0.996825490435718,0.00280492540590461,0.000369584158377276,1
"21853",5.25005291029313e-10,0.99936839095375,0.000631608521244302,2
