"","V1","V2","V3","V4","V5","V6","V7","V8","result$classification"
"19812",0.75053893622504,0.0542650629369888,0.000205856427299725,0.000424691307404285,0.194405072449757,6.17703624738485e-05,9.71564183506204e-05,1.45387268505878e-06,1
"19814",0.984372648733221,0.000849698612505848,3.51816135030127e-06,2.58465747625816e-05,0.0124819254251005,1.73658641103352e-06,1.38262866166936e-06,0.00226324327798672,1
"19816",0.00401554129502189,0.0116886105000703,1.18976072124646e-05,0.174986897692791,0.809248709753902,4.75721511029442e-05,6.3724901310118e-09,7.64627409630102e-07,5
"19818",0.44259065162612,0.000440844405016686,1.16242718426843e-05,0.000667325181628923,0.548330936736728,1.74974149007389e-05,2.23176913389581e-06,0.00793888859462899,5
"19820",5.63192932350185e-09,5.26398941589703e-05,0.000206094280873137,0.996571131398162,0.00317012280015724,5.37470756351387e-09,3.47650876027953e-10,2.72360513135205e-10,4
"19822",3.39125499686305e-07,0.0153187796145988,0.111922481995315,0.868612371485563,0.00413577441727926,2.31276362735506e-07,8.99602744921633e-06,1.02605793215476e-06,4
"19824",0.000120032177151973,9.4278179977552e-06,6.90469076250941e-05,0.393277168709174,0.605199720410557,0.000120813517968705,2.33611561884299e-07,0.00120355684796288,5
"19826",0.767374560483031,0.143136342884959,2.27455981868394e-06,0.00175279123233424,0.0749836202568054,0.012714716997537,1.77212808076415e-06,3.3921457434676e-05,1
"19828",0.000119725888730838,0.000304926859436609,0.00206283414080356,0.527246229350754,0.470264215778921,1.33236624138846e-07,1.37263883403237e-07,1.79748084599196e-06,4
"19830",0.91328430322919,0.0779411134091132,1.13979478419682e-05,1.26509365007627e-06,0.00437816301940971,0.00110980834679704,0.00316277015829286,0.000111178795705626,1
"19832",0.131931396712976,0.0414898511123462,0.669875573894295,0.0107545834927146,0.122745854974497,3.04594334003315e-06,0.0231983181799366,1.37568989424663e-06,3
"19834",0.00800135973700546,0.808911650696652,0.00940502610564801,0.0357274436130917,0.137869652087682,3.46066184507312e-07,7.13096270985374e-06,7.739073102642e-05,2
"19836",0.0474981602803536,0.00256155373222361,7.12660355566194e-06,0.00170711746345441,0.925241291099254,0.0229601256196368,2.43380663800914e-05,2.87135141629914e-07,5
"19838",0.998796207977446,0.000547863424686039,2.27189946738177e-06,1.81135337895293e-07,0.000320371805054967,2.50183436471022e-06,4.9240749846357e-05,0.000281361173797383,1
"19840",0.0168699861070353,0.826490892085952,7.49339028149217e-06,0.0365774036701197,0.119332266792194,0.000719022136918375,5.72840098829486e-08,2.87853348969023e-06,2
"19842",0.0493131267326739,0.000327667284342453,9.07713713769264e-10,6.71761806473547e-08,2.13346498146567e-05,0.950325709396612,5.49605955285608e-06,6.59779311000889e-06,6
"19844",5.95136678914446e-06,1.30410509025485e-07,2.07095880730195e-09,1.39811272871184e-06,1.05285560104462e-06,1.14908891164017e-05,1.5129257911486e-08,0.999979959165039,8
"19846",0.926797549513056,5.27575982502845e-06,9.70050205504084e-10,2.51507692970002e-08,0.000197746770166812,0.00273218606156541,2.40465725200668e-06,0.070264811117315,1
"19848",0.974544163634879,1.39151723174482e-05,6.48111030995501e-09,3.87232540418501e-08,0.000227017497594583,0.000124011901219172,2.88260870419396e-06,0.0250879639809208,1
"19850",0.790618396789272,0.000105229923626123,1.7832472423807e-07,2.28031275453632e-06,0.000743042036838605,3.1007675766151e-05,2.07245504347126e-06,0.208497792481975,1
"19852",0.0220737503499867,0.00206404122710471,3.36843769845517e-05,0.0053239276678867,0.970422522085119,1.80317269662936e-06,4.30054738277619e-07,7.98410654835531e-05,5
"19854",0.997582835859747,4.04299749321332e-05,2.15722850543721e-08,3.56170563814814e-08,0.000174113627059353,2.58686596307763e-05,3.84662850891789e-06,0.00217284806077983,1
"19856",0.0121875884630995,0.000422872592586424,1.35610862750773e-06,6.02535445187345e-05,0.00014896705472849,0.000121174407949364,1.59918946080708e-06,0.987056188639029,8
"19858",0.00069174031749798,7.69435993662884e-05,3.56737344938096e-05,0.0029244953724178,0.00679636080169836,1.08647487551287e-05,3.22137300171046e-06,0.989460700052769,8
"19860",0.261454598543892,0.197492412981378,8.23292339092475e-05,0.0145335245313106,0.526388111235338,2.01323720843871e-05,6.18336443438186e-07,2.827276564436e-05,5
"19862",0.988401116593188,1.21047923982927e-05,6.68428651642511e-10,9.26715405699632e-09,8.56701455039083e-05,0.00913172936304349,4.99629023305764e-06,0.00236437288005081,1
"19864",1.15314724912508e-06,3.82764643488477e-07,7.17299008948991e-10,1.49598640264697e-06,1.6397177325575e-05,0.999978559540562,1.19135714194436e-06,8.19309375997657e-07,6
"19866",0.000566363739743111,0.100422409546466,1.07852099625457e-05,0.228568320273216,0.646452906593656,0.023978226584451,1.80583337488958e-07,8.07469167405039e-07,5
"19868",2.36884230210768e-05,0.00221535155743214,0.0478601784110366,7.27827772560276e-07,2.97770762630314e-07,6.2286786364362e-08,0.949872760724692,2.69329984968613e-05,7
"19870",0.981382851863205,4.54568367293514e-05,7.926544860964e-08,1.38556839596485e-06,0.0156573052178821,0.000986024087505535,9.69671354879421e-06,0.00191720044728506,1
"19873",0.62728693194369,0.00143262268346988,1.47849937693189e-06,0.000526219696164658,0.368496356550308,0.00162545968497574,1.19173035837067e-06,0.00062973921165666,1
"19875",0.00108712746400519,0.0712999934944634,0.00308898551848763,0.746323927016639,0.178199234477479,5.67771732120424e-07,1.15760073736854e-07,4.8497120430464e-08,4
"19877",0.850251244397765,0.00565938841451588,2.24685162667766e-06,2.66858618568612e-05,0.141625423971554,7.07151794281677e-05,1.70304313580003e-05,0.00234726489189497,1
"19879",0.0498433540904555,0.00606979743757942,7.70834257829974e-05,0.00110744252577481,0.941846157328713,2.23364338797131e-05,2.43798901419769e-05,0.00100944886767281,5
"19881",0.895346800405943,0.00461959892373072,1.0692023796044e-06,0.000244443302413233,0.0739489920975461,0.0246809841303326,5.95290613869075e-06,0.00115215903151653,1
"19883",0.616240281037179,0.00178072966777984,6.97979678894874e-08,6.88382575201769e-05,0.0279004902031972,0.353956652033691,1.5110299687705e-06,5.14279726957746e-05,1
"19899",0.0112940970140968,0.911014563847295,9.90670483362532e-05,0.00121161726368239,0.0762112370220895,0.000101365924056618,6.58774918893933e-05,2.17438855378188e-06,2
"19908",6.80199740110933e-05,0.980747858394042,0.000128783251104848,0.00124593182261284,0.000672232107974862,0.0162926664784997,0.00063277752289625,0.000211730448858074,2
"19910",0.0353666795961683,0.000281946371968277,3.52390036716267e-06,0.00112792590348427,0.963152561505561,3.13995698306296e-05,5.35985923942354e-07,3.54271666970792e-05,5
"19912",0.461013073972556,0.00302769027820874,3.48341921955095e-09,1.4011041435181e-07,6.60543844988437e-05,0.535472709181182,1.04760398775546e-05,0.000409852549843164,6
"19914",0.13599719301607,0.358784179158994,0.000699498286923936,0.00207886415442576,0.50172844237754,2.91836930772213e-05,0.00016587746344314,0.000516761849525599,5
"19916",5.25857475476246e-05,0.00047541896765826,1.84799458498222e-05,0.45539637560947,0.248407340254157,0.29536338319679,4.73610502643394e-06,0.0002816801735009,4
"19918",0.902243406855206,3.57872042200218e-05,7.6063505218489e-09,2.73216306951005e-06,0.00847540162910241,0.00201438331189873,3.87152634623323e-07,0.0872278940775186,1
"19920",0.11192465781037,5.60455046630582e-05,3.60514678587315e-09,2.22278210043693e-07,0.000105753561567215,2.11552584455573e-05,1.31026385311309e-07,0.887892030955212,8
"19922",0.176864997592664,0.000110608054759986,0.278007139392665,0.000440503662017042,0.0928393002056022,3.46006236257411e-06,0.451724509009407,9.48202052225961e-06,7
"19924",0.814735639648116,0.00750620110393628,1.33479477137496e-06,0.000134374490578455,0.142046789400428,0.000154371425407804,3.06901702915751e-06,0.0354182201197329,1
"19926",0.0184332751443502,0.553606664714277,0.000839644030664551,0.00502114212514622,0.417737597673521,0.0030717148835031,0.00128981548961639,1.45938921503384e-07,2
"19928",3.05435696294793e-07,2.8981341356024e-08,9.09447537398071e-12,2.71963224539768e-09,1.92478585044148e-08,0.999998296035841,9.10501171765922e-07,4.37069364789621e-07,6
"19930",0.978402332289515,0.000116972062566171,7.60840925940554e-07,4.28980155168427e-06,0.0213397908115015,3.525658676354e-05,7.03435576993353e-06,9.35632514066716e-05,1
"19932",0.99876046088696,6.23741776827426e-05,1.35558889419689e-07,9.44008378615732e-08,0.000409070506792555,6.92067153674385e-06,8.18671109479366e-06,0.000752757086206092,1
"19934",0.0171084146439403,0.0805439589767878,0.0150958952296274,0.388106913432286,0.499008952229769,6.99801618247531e-07,2.2409329133135e-06,0.000132924753057919,5
"19936",0.876058231996729,0.0673015083477255,8.60026150530799e-05,0.000196364884705912,0.056112819849231,1.49470728867469e-05,0.000100446967507424,0.000129678266161778,1
"19938",4.61277493169018e-05,0.218598176167087,0.00506886301611889,0.668846502117468,0.107387971479282,6.83201480968965e-06,4.28314232972183e-06,4.12443135873271e-05,4
"19940",0.144728613209295,0.000123649481161404,3.76279140989862e-07,0.00044681251162664,0.846510015107093,0.00806343089791296,1.33022754601053e-06,0.000125772286224371,5
"19942",2.95060949185847e-06,3.49806772188861e-06,1.29725642657916e-11,5.48477092475186e-08,2.3213926468128e-07,0.999993118404783,3.82125494267865e-08,1.07705507255523e-07,6
"19944",0.0151527430480348,0.0035798981489671,6.75131800501125e-06,0.00717050278071587,0.973900340924518,0.00018490223357621,4.4115140588764e-07,4.42039477749233e-06,5
"19946",0.281913777188672,0.00470919416307086,1.11819127000163e-05,0.0013707541838911,0.699565449297328,5.99974989563578e-05,3.24362694901484e-06,0.0123664021284327,5
"19948",1.34273263565264e-05,4.24613561404394e-08,4.14805003784075e-12,3.10993044789868e-08,1.01808703606406e-06,0.99998500436898,1.80789111905996e-08,4.58573907271828e-07,6
"19950",0.00112462914583687,3.5976530165965e-07,2.25934227847278e-09,6.09085023058518e-09,1.02987474023843e-06,2.43584811439512e-07,1.89684117202785e-07,0.998873539595,8
"19952",1.34273263565264e-05,4.24613561404394e-08,4.14805003784075e-12,3.10993044789868e-08,1.01808703606406e-06,0.99998500436898,1.80789111905996e-08,4.58573907271828e-07,6
"19954",0.995617449715794,5.23637520895322e-05,1.01973333524203e-07,5.23872784846946e-07,0.0038774967364053,3.20205276978516e-05,3.73555346096252e-06,0.000416307868434108,1
"19956",0.233387945583576,0.0775641276979311,5.39399740008923e-07,1.44193167922233e-07,1.25788169016433e-05,0.00788540233108687,0.00216983356888442,0.678979428408712,8
"19958",0.000190425417117764,9.61838742935298e-08,0.0144380661434101,7.79415533744817e-07,4.00591128539766e-05,5.95409680787943e-08,0.985269891641229,6.06225450132444e-05,7
"19962",0.503949290971167,0.0226072488144575,0.00123124243214378,0.0215524585959541,0.201094832060667,0.00027001877976109,0.000159121236939853,0.249135787108909,1
"19964",0.263781894925912,7.29267144985681e-05,8.93010529019288e-07,0.000418982053405162,0.718679756933908,0.0110380413593512,1.52509782015464e-05,0.0059922540241939,5
"19966",1.33731863008986e-05,0.0381770497879439,7.05339906091824e-05,0.862996091746814,0.0942285940503374,0.00451410451738199,2.38254927651068e-07,1.44656846125728e-08,4
"19969",0.984131414231227,0.00413173090022057,1.07820555265891e-07,5.49343068999912e-06,0.00378668751398837,0.0078834328978433,2.34055474041429e-06,5.87926507349654e-05,1
"19972",0.708700827021546,7.63547896146948e-05,3.3315338392011e-08,4.96436204307164e-06,0.0485327162357061,0.16862716155085,4.20019628788281e-05,0.0740159407620224,1
"19974",0.0989771412339988,1.33784727332689e-06,4.45410482815982e-11,4.19159022604841e-09,1.40820419991793e-05,0.0341099771623129,1.45049423877153e-06,0.866896006984046,8
"19976",0.582338076493334,0.00316897040802865,1.64843418003887e-06,0.0001734811283189,0.364746559952925,0.000202514645536758,5.01202710554173e-06,0.0493637369105711,1
"19978",0.0171153230525907,0.000221215503611341,7.65651451169167e-07,0.00954362150144455,0.972888688410793,0.000162472038151044,2.87127315126586e-08,6.78851292271057e-05,5
"19980",0.855469671240471,1.92308163436455e-05,1.69888902563005e-08,3.47144457484716e-08,0.000125263680811239,2.1861864514282e-05,4.43107198786888e-06,0.144359489622536,1
"19982",0.13515598581914,0.000877108919018356,1.14601489018583e-06,4.02717558781751e-06,0.000246922164865101,7.06437193995104e-06,1.17476394163678e-05,0.863695997895143,8
"19984",0.000151137916606037,8.56483162447889e-07,3.21274978041418e-09,4.30688870432445e-07,5.03242789491614e-06,1.75119605084918e-06,1.6992097334319e-08,0.999840771082568,8
"19986",1.04258462767252e-07,0.00647913066940067,0.00135322526236433,0.956669650275266,0.0354976585832427,1.98140381263289e-07,3.17186523281515e-08,1.09222989792579e-09,4
"19988",2.21245454790631e-09,0.000319650761942852,0.00175497596156191,0.995089995780134,0.00283536892042156,2.09461476867888e-09,4.04582101795478e-09,2.23049706657076e-10,4
"19992",1.02450679085006e-07,0.0102274864023964,0.00221814549714383,0.984298231818387,0.00325599266654989,1.96647471438494e-09,3.91871219868665e-09,3.52796568210681e-08,4
"19994",0.971024102261026,0.000531834403144482,2.88517031962372e-06,5.32095825425346e-06,0.0283643343165671,2.42821991850818e-05,2.62586894892054e-05,2.09820020137633e-05,1
"19996",3.55548780773481e-07,0.000495646341197132,0.000491985779356365,0.973585374706295,0.0254266003364221,2.65530707895118e-09,8.72633985432267e-10,3.37600072956173e-08,4
"19998",0.0881550998734878,0.44841074565773,7.63875453663258e-06,0.00290112115544532,0.0104278470947442,0.444968944887147,1.94222736455527e-05,0.00510918030326336,2
"20000",0.727620160524794,0.14686454058178,0.00019013110253419,6.00422056935049e-07,0.000135712932291809,0.00179374884808833,0.123173888749502,0.000221216838952571,1
"20003",0.904263480721042,0.00966882735534864,2.7783102953076e-05,8.52757625695792e-05,0.0853259079630085,0.000528646462186205,9.89239125010429e-05,1.15472039047643e-06,1
"20005",0.975404048098846,1.34724176322248e-05,1.00996960609584e-09,1.42791938543389e-08,0.00020811501522365,0.00126129530592747,3.05179558935381e-06,0.0231100020776177,1
"20007",0.0360546580609022,0.249296108441618,0.000721780241885994,0.0121627817739415,0.701435489439165,5.69474485656352e-06,1.19201760068381e-05,0.000311567121623779,5
"20009",8.32537727918343e-05,0.00126019124211353,0.0010110766331018,0.792259323748011,0.20487325108631,0.000261201193305077,3.47215447887489e-06,0.00024823016988857,4
"20011",0.733648902108395,0.000906171830977077,3.28182638765318e-07,4.85842941613948e-05,0.222793718217199,0.0323047711679769,2.15332810485801e-05,0.0102759909176028,1
"20013",0.880281482066804,0.0142029629530757,1.00875140935713e-06,5.00499798080287e-06,0.00363110794937239,9.11011439312863e-06,4.32104657326132e-06,0.101865002120391,1
"20016",8.46833286209128e-07,0.00620462067676509,0.0178314849641478,0.896852183590583,0.0791027645949414,4.17933417049652e-07,2.4105497886749e-06,5.27085707112653e-06,4
"20018",1.45908604867294e-10,4.05476665014111e-06,0.991357521677708,0.00825839853669456,4.80732348248069e-06,8.49083382073506e-10,0.000375216592269939,1.08203436670911e-10,3
"20021",0.0015666452464118,0.000568488924509082,0.00079468948427013,0.123356964528576,0.873709248792761,3.38223240958357e-06,5.51923386863489e-07,2.88676755206396e-08,5
"20023",0.00945509252659887,0.0493157734661549,0.000731924609702701,0.0474310862979149,0.8930153392528,7.23337654782048e-06,6.1642525237164e-06,3.73862177574145e-05,5
"20025",7.89550719930072e-07,0.000312715343457623,0.67342555627276,0.31590518311758,0.0098351306412801,1.61149315038239e-07,0.00052045114586445,1.27790231978697e-08,3
"20027",0.650833663211176,0.00979966796545169,3.05825850883887e-08,1.16442017301286e-06,0.00160068511715294,0.337714663669757,3.78987345157791e-05,1.22262991881599e-05,1
"20029",0.983992267690016,0.00033333867338578,1.34212115387371e-09,1.95337521370808e-07,0.000268414971382986,0.00751763690272499,3.03713307145745e-07,0.0078878413695412,1
"20032",0.993070753893543,0.000332067263712312,1.46923575497107e-07,6.71535177133801e-07,0.00237561007463178,0.00417647101339476,3.63580999973529e-05,7.92119596832545e-06,1
"20034",5.49133361159139e-05,1.52576433701151e-07,4.02373598128518e-11,1.04084057957858e-07,1.3164506086094e-05,0.999931409936003,1.61271159353519e-07,9.42499062166107e-08,6
"20036",0.0212606523239946,0.965584178546066,9.51277006844748e-06,0.000256944426420845,0.000203702275787199,0.00012812051523187,3.58686610336501e-06,0.0125533022763272,2
"20038",3.42861047751964e-05,0.358497598171385,0.0372052436191379,0.505661476758492,0.0985992335674405,1.52580834410435e-07,2.00813541762923e-06,1.06251792856532e-09,4
"20040",1.94875351178343e-07,4.20303391142871e-05,0.0130048781260843,0.906613203606112,0.0802073597020362,5.89190729184669e-05,7.17467578753494e-05,1.66752050817135e-06,4
"20043",0.000652533055340359,0.0161624631757966,0.00912637379280255,0.89076709894013,0.0832911039634244,5.69061279142871e-08,8.55461889173828e-08,2.84620189504293e-07,4
"20045",3.80770610672731e-09,4.07502274359311e-05,0.0294390626723733,0.967565448212079,0.00295465843035959,1.79398752258107e-10,6.32199158024733e-08,1.32507310575529e-08,4
"20048",1.55669492101794e-05,5.54482686046068e-08,1.15427439417151e-09,5.49700310523453e-09,8.98931610875701e-08,1.17292771196639e-07,6.71173576266212e-08,0.999984096647954,8
"20051",0.58502410581451,0.158514143263641,0.0516335113447658,0.0665533089709721,0.125698060049636,6.02177218099378e-07,6.34790798842605e-05,0.0125127892993729,1
"20053",0.000808085192531733,0.00117767494110029,3.36865782032715e-05,0.0511600891147623,0.946738977983505,2.35459288671057e-05,1.75729511790574e-07,5.77645315181539e-05,5
"20055",0.00159776413053965,0.918427923062392,0.0269978972868208,0.0180058885547691,0.034775978501396,5.25072837492274e-06,0.000189293695893476,4.03981452832519e-09,2
"20057",3.34413730074657e-07,7.40881057299097e-09,6.20032886450474e-05,1.82395789011966e-10,1.908969142462e-09,7.45573633418885e-08,0.999933384681034,4.19355905216705e-06,7
"20059",0.000502053531197254,0.000599764522202113,0.000427758083624981,0.0362535414564348,0.962093547181655,7.51223386359368e-05,4.41362191084483e-05,4.07666714109905e-06,5
"20061",0.00475080802298764,0.00249274351616587,3.9781993104782e-05,0.0125009308240025,0.980145370601014,5.02445068436289e-05,2.04325731029682e-06,1.80772785713037e-05,5
"20063",3.05461249410053e-06,0.000179879323536774,5.43375249626674e-05,0.017013354514511,4.87294819971916e-05,0.00031671347710148,5.70767676871397e-06,0.982378223388628,8
"20065",4.01094777485603e-08,0.000125033254997738,0.983794252050655,0.0156207970397898,0.00038400710804282,1.31589134827972e-10,7.58703027255588e-05,2.72260672410765e-12,3
"20067",3.46280169265805e-05,0.0028690645628657,0.105201218928013,0.793037763176733,0.0986526194259386,2.50979164227759e-09,1.95129310439722e-06,0.000202752086627234,4
"20069",0.595881694053564,3.75084288627898e-05,4.55274863216936e-08,8.04805283015353e-08,0.000131355742881369,7.95950785205958e-06,4.85625003652819e-06,0.403936500008789,1
"20071",0.000793456066079502,0.994954219630323,3.76284482597413e-06,0.000184366963902756,0.002897089072961,0.0011462469480773,8.20126060975134e-06,1.26572132212501e-05,2
"20073",0.0811777079343341,2.8199073334284e-06,4.84860546585261e-08,1.52751628769633e-05,0.00522225814221501,0.000316715791852927,5.05017246240834e-07,0.913264669558087,8
"20075",4.49804885646499e-05,0.000487720432737177,0.0818297427856022,2.33831063088197e-07,4.66118462372977e-07,8.52470196836099e-09,0.917636621247992,2.26570877057897e-07,7
"20077",0.000970172927487177,0.784887153206689,5.58850363073793e-05,0.136848292874305,0.0770556771898053,2.73674159479696e-06,2.16070461906717e-08,0.00018006041676497,2
"20079",0.0320741754212533,0.0118226868232606,0.00161597359608795,0.0733649053892573,0.00627148345031464,1.45066837434545e-05,2.81232735200704e-06,0.874833456308731,8
"20081",0.000951980767692508,0.0636829628283008,0.497563884013005,0.143520738082713,0.294091584501724,8.70062520350405e-09,0.000185988950858394,2.85215508113631e-06,3
"20083",0.00284223125491662,0.132248559024709,3.28529909199342e-05,0.000469259569354011,8.60900749305449e-05,0.00108775470275254,4.13459242135226e-05,0.863191906458204,8
"20085",5.17882830644694e-09,0.000583471490813766,0.0142741219897439,0.983418461091972,0.00172392790494689,6.32332050357038e-10,1.16643957917932e-08,4.69677538468669e-11,4
"20088",5.20292068235449e-05,0.00757674885001131,0.011859048168141,0.867221434451848,0.113290552584283,1.88065035375128e-08,1.07751709259608e-07,6.01806795939036e-08,4
"20091",1.14127173982253e-05,0.000286349699888363,0.933133174102325,0.000123726034952689,0.00114528803384704,3.96792265242769e-10,0.0652986956041784,1.35341061807145e-06,3
"20095",0.00229526191414077,0.000492414246481451,1.10519109458059e-05,0.00392756905552293,0.155671334799222,0.0268193799515995,0.000139681304645402,0.810643306817442,8
"20097",1.17786709857942e-08,0.00228113468625252,0.0585865335612228,0.937496322291023,0.00163593134926896,2.9095410756348e-10,6.5968228734824e-08,7.43792387613612e-11,4
"20099",0.00026956070922693,9.88896735934665e-05,9.24546472120314e-07,0.362673014050714,0.52663905875946,0.107957241328543,3.25118575104981e-08,0.00236127842013286,5
"20102",0.000414412957276072,9.49086305855066e-05,0.00726165115212019,5.50385451214037e-05,0.000522074931546148,8.17950896429038e-08,0.0103922732874338,0.981259558700827,8
"20105",0.00136632250450161,0.00171629330078106,0.00271958288846557,0.759574495934739,0.234172119782744,1.70100211540053e-07,7.40587638383753e-08,0.000450941429794152,4
"20107",4.52555747273307e-05,0.122125990032025,0.000454380292842816,0.494883697621143,0.382489604758192,7.32649743997223e-07,4.72747732743722e-08,2.917965522474e-07,4
"20109",0.00514299623364167,1.17161548408541e-05,7.85253106613664e-06,0.115582946710028,0.716664444567224,0.000445433971435202,1.20994666412821e-07,0.162144488837098,5
"20111",0.0311842092162061,3.23855391969075e-06,0.00105044378414003,6.06933088469135e-08,5.51677534565715e-05,9.49641666210011e-07,0.967241645746119,0.000464284611183359,7
"20113",0.000469225886403377,0.824644042662434,1.72633068596466e-05,0.047146459961961,0.123898054858997,0.00382413639744424,6.82448848576147e-07,1.34477052082011e-07,2
"20115",0.98531724280528,1.22978285871292e-05,3.03907370296243e-06,3.31704007393407e-07,0.00358120906546919,0.00290037002312058,0.00799244322078995,0.000193066279042506,1
"20117",9.83648159088253e-05,0.0105256829770064,0.0381748632582804,0.0192167308826548,0.0293441935124066,0.183297492119077,0.719341301012757,1.37142190917393e-06,7
"20119",1.41986178286701e-05,0.0439192389354672,2.85950059012344e-05,0.872514204408128,0.0627401206002648,0.0207835561769672,8.02175854931115e-08,6.03785702229379e-09,4
"20121",3.60996162979923e-06,0.0738952756204365,0.00160061301429729,0.809188836956639,0.115311251187189,3.25138406638092e-07,8.11741628811623e-08,6.94723872003733e-09,4
"20123",1.65180466946601e-06,0.000788238924403053,0.979744943192923,0.000151916939564427,4.77969329230565e-05,7.33664439773827e-10,0.0192654494425709,2.02928138998309e-09,3
"20125",0.924363020416538,0.000807439370553322,4.93422087150618e-07,6.82453891431039e-07,0.00135102175654058,4.90490277321979e-06,1.38352304588307e-05,0.0734586024471576,1
"20127",1.22539824257067e-07,3.13014587688358e-05,0.000722881766340385,0.996632234571401,0.00261328002189186,4.00560826781879e-09,2.07702824710368e-09,1.73559136891533e-07,4
"20140",0.000495902530089942,0.994008773689155,0.00165200135606846,0.000569893997204682,0.00254680360367807,1.22447238046235e-05,0.000714369449287886,1.06507112913673e-08,2
"20142",0.00374695490724821,3.63996751763694e-06,4.89613346459834e-09,9.32240007869854e-09,2.05316037057721e-06,4.93908786486962e-07,6.10045017387623e-07,0.996246233792526,8
"20144",0.925414595268153,0.013794436771695,7.88871753792565e-05,3.39034095351541e-07,0.000576672821873297,2.34450012093516e-05,0.0554733496970453,0.00463827423054934,1
"20146",0.270226125406371,0.357230747584604,0.000166137554843426,0.000148094432463247,0.00216114598963957,2.14252474283151e-05,0.000265420079588881,0.369780903705062,8
"20148",0.945566164371452,0.038345095487138,2.11217751277083e-05,0.00016341928522466,0.0157698956610603,1.01919613540447e-05,3.92665652976979e-06,0.000120184802113613,1
"20150",0.651176330201341,4.63263004665069e-06,5.01531417884114e-10,7.47170960834066e-09,3.92608997642052e-05,0.00193838911496441,2.6908954344497e-06,0.346838688285208,1
"20152",0.859370686749812,0.0447862514294761,4.13308314524401e-05,0.00102875340020654,0.0946104095608712,6.18531783552314e-05,7.47578456653147e-06,9.32390652596656e-05,1
"20154",1.48517329623538e-07,5.73706799358945e-05,0.995481416572964,0.00436438660360528,3.34706169408303e-05,7.14807434859923e-12,6.27926466432414e-05,4.14355432856174e-07,3
"20156",0.0094506546546403,0.484397172884821,0.00115790751724022,0.0155515868751763,0.459242102317562,3.65333411755962e-05,0.00028171669421687,0.0298823257151685,2
"20159",0.471734254487082,0.000100641912631205,8.48420632057406e-08,8.35396385036393e-08,0.000109685131743632,4.76023287144917e-06,9.10730199461128e-06,0.528041382551976,8
"20161",0.0028787902580588,0.00101162108906639,1.06198155153406e-06,1.79952473977173e-05,9.86050323547581e-05,4.24921266841458e-05,6.7480800284409e-06,0.995942686184858,8
"20163",0.872703979145411,0.00163419089552575,0.000421274673104751,0.00235495471143602,0.122016741327483,0.000674344552569657,0.000192354981082981,2.15971338596956e-06,1
"20165",0.000172991268586894,4.52308956781603e-06,6.57313513760876e-06,0.00173638012748667,0.00115293038312287,3.20994277618458e-07,6.94338438525876e-08,0.996926211567977,8
"20167",0.97183926068504,0.000526332376637105,1.11311120682192e-06,5.61783429016003e-05,0.021951243520527,6.8074255042199e-06,3.07655000142621e-07,0.00561875688318308,1
"20169",8.97243889706084e-05,2.24618458334884e-07,1.26589241721004e-09,4.28297803627399e-09,1.85559180119332e-07,1.42679191346763e-07,1.11415544649153e-07,0.999909605789785,8
"20171",9.41162511908237e-09,6.36643597937628e-05,0.997057879132932,0.00268928872547871,6.35688815811117e-06,5.9137568045292e-12,0.000181851540091598,9.49936006917425e-07,3
"20173",0.00024515809030594,1.90289946726151e-05,1.09274554985905e-06,0.0377815653837887,0.00817791728056945,0.749886122624577,1.73967301553747e-06,0.203887375207521,6
"20175",0.939268400072919,0.00245125155854897,5.94350499944232e-07,8.45450081394057e-06,0.0506346180326634,0.000210482670582334,2.36641736307599e-05,0.00740253464034184,1
"20177",0.000524927042490826,0.000716151638225222,1.11778235257257e-06,0.190788062185746,0.304412960103635,0.503472816743704,3.92148855727891e-07,8.35723549896011e-05,6
"20180",2.08326336741546e-06,0.00533424964739607,0.0100678314848139,0.895730113629357,0.088861827108862,2.5165953498925e-06,1.37825250465064e-06,1.83489267886005e-11,4
"20182",0.000126850459492887,2.08731566589206e-08,1.79608781192153e-08,4.16602872425712e-10,3.32101940163509e-08,0.00127762644959213,0.006676571361746,0.991918879268337,8
"20184",0.0249385578281581,0.000142961769443735,4.91702903959278e-08,1.04617880276357e-06,0.000238175923069046,2.96052917758321e-06,4.03983730915633e-07,0.974675844617327,8
"20187",0.000318187742874242,0.00237951274646727,5.56765156413977e-09,0.000281990099031882,0.00230661693180721,0.994040411578797,2.47738650414359e-07,0.000673027594720054,6
"20189",0.00566428697038327,0.000230388303408917,1.62397045341522e-06,0.0531538609309755,0.935820229878265,0.00512814317459071,3.28329892467185e-08,1.43393893410184e-06,5
"20192",0.00101562027187202,0.000179659975854804,0.105487744917499,0.527196436773607,0.324543558545682,0.0162193063109703,0.0253561286956993,1.5445088157002e-06,4
"20194",0.0496449433434381,0.0910434896338381,1.7044429595324e-08,4.00016734493123e-06,2.27292623362044e-05,0.137402410443299,3.05443910483596e-06,0.72187935566621,8
"20196",2.56050073251715e-06,0.00121073978171288,0.710767421643535,0.279648488574808,0.00835576168917945,5.48628488625609e-09,1.49996308321846e-05,2.26929150716795e-08,3
"20198",0.280499560606436,0.184758691378829,0.00114762387350711,0.0156477354102888,0.516762944083675,0.000245422368195308,0.000502608415284083,0.000435413863784479,5
"20204",0.622672894571355,1.19563287594611e-05,1.49302003323169e-07,9.87209841344232e-08,0.000244311018025094,9.29271930507986e-06,2.21168045045211e-05,0.377039180535063,1
"20207",1.33050232444087e-05,0.0199713447048955,0.441974743931018,0.521924211593589,0.0160923331016332,8.35922946025966e-10,9.0971956791748e-06,1.49636140179612e-05,4
"20209",0.178662057378516,0.00540624971865841,0.000210651496148234,1.10048620510906e-06,0.0012253556016825,0.0110863612218574,0.803407774278876,4.49818055746128e-07,7
"20211",2.75683724705571e-06,0.00103991086398663,0.995777397892768,5.34934456799304e-05,2.57259379404373e-05,6.7594783123367e-12,0.00310070204677198,1.29688465301012e-08,3
"20215",0.000524424713878286,0.903582516123991,0.000394129555307822,0.0901987097045815,0.00529552451543989,6.39679663163641e-07,3.95406643379866e-08,4.01616647361396e-06,2
"20218",0.0172914392948072,2.05987169936816e-06,7.94290107005376e-09,1.50588754217968e-08,7.73159665887851e-06,7.21412150165585e-07,7.0481851810567e-07,0.98269732000439,8
"20222",0.00145055990955466,0.0400610156153569,0.373945581027293,0.564240067086499,0.0202540478989554,1.00315743530406e-08,1.15122501243031e-05,3.72061806425675e-05,4
"20225",0.957630633897221,0.0258805164191477,7.69607695161324e-06,2.0906776340164e-06,0.000144772991323312,0.000139959815707138,0.000772880909862238,0.0154214492121526,1
"20229",0.00138155114649983,0.998427492214134,6.18545795292712e-05,1.08392504377996e-05,3.52365096561018e-05,5.62418498998938e-06,7.32027858596711e-05,4.19932889356078e-06,2
"20232",0.00454990775029055,0.6014941867614,0.00307526491171738,0.0143270480536204,0.376458330633216,5.18319411322274e-06,8.70112939266659e-05,3.06740171578888e-06,2
"20234",2.54019104295412e-09,6.92427285425712e-06,0.151116620052987,0.847170857585193,0.00168843442599974,8.38040684684784e-08,1.70772706794799e-05,4.80272753050131e-11,4
"20238",3.72734151896217e-05,0.0143511582992709,0.00418457897637596,0.508891641039404,0.472526853842373,3.77549515695712e-07,1.32331090198139e-06,6.79356696842142e-06,4
"20253",3.60663839038117e-06,0.52236307713524,0.000717907291781281,0.474779802701229,0.00213518846954127,1.85641413316153e-07,1.12378437655849e-08,2.20884560911766e-07,2
"20255",0.994946624950353,0.00225470474506377,2.20407783840195e-05,9.99785439490026e-07,0.00247943187074972,1.11113901122833e-06,0.000183373723759089,0.000111713007239482,1
"20258",9.83129524069499e-06,5.56515095927446e-05,0.000267570209201571,0.823683582707658,0.175982948548299,3.93428303783987e-07,1.13098868759398e-08,1.09918178974551e-08,4
"20269",0.00497075624099877,1.60412481352359e-05,6.11252214907594e-05,0.103547624471852,0.874610938462681,9.57566375341112e-06,2.20372512085162e-07,0.0167837183185773,5
"20271",2.54524835979213e-05,0.000112059519561429,1.05694818199217e-05,0.780263688870462,0.212843532677889,0.00674459777939245,6.04802361013118e-08,3.87070405693311e-08,4
"20285",0.0136123107138692,0.00724178200321005,1.70290386782573e-07,0.000273168531906792,0.00157976307178921,0.976775431773138,5.9231435857433e-06,0.000511450472113874,6
"20288",0.000924842969297082,0.878417090594072,0.000691252813629093,0.0533546614510485,0.0665935210756685,9.68283199827559e-07,6.77296683820887e-07,1.6985516401189e-05,2
"20291",9.59838480525718e-06,0.00416992214636309,0.506071287094934,0.139914678533677,0.348632629222815,8.53281545218308e-08,0.00120081530014241,9.83989109298758e-07,3
"20295",0.0113782620673502,7.2032127680689e-06,2.14221424272161e-05,0.0757793484147212,0.850750716295377,0.0577304739531897,8.47128264094534e-06,0.00432410263152613,5
"20298",0.99830817566214,0.000176992121359128,2.97062290586237e-08,5.13487837307657e-08,0.000200431687376789,2.4604091053619e-05,4.42432016275323e-06,0.00128529106289508,1
"20302",0.347438624888226,4.01081906175313e-05,1.74782317109483e-07,1.46287159888237e-05,0.00739362623212462,0.00164411335986776,7.15700966142111e-06,0.643461566821197,8
"20305",0.998843267990465,3.75010196755973e-05,7.31798518601524e-09,4.09600267436523e-08,0.000202634887659308,0.000757789483778613,5.02252037887406e-06,0.000153735820030744,1
"20307",8.24641174848989e-07,0.00140203452467325,0.00365850010635984,0.90791761564981,0.0870209890084418,3.76755359048359e-09,2.29859017707973e-08,9.31608502513235e-09,4
"20310",1.83017388540144e-09,2.4402154890748e-05,0.0027891917906807,0.996197855246015,0.00098851806633406,1.33702397072919e-08,1.64895194801853e-08,1.05214649996581e-09,4
"20313",0.000436155149393987,4.89632304961727e-08,4.73450174048918e-11,7.32801821941784e-10,1.78245887529343e-07,6.05195572848709e-06,5.77905336395625e-08,0.999557507115079,8
"20315",6.31535615995122e-05,0.0167481068031346,0.000278595131562011,0.684302003425257,0.298599929687533,7.96039131158464e-06,6.83725131736719e-08,1.82627088690352e-07,4
"20319",3.14991798281438e-06,0.00535776868149136,0.893096672095061,0.101016384880991,0.00047951111506188,5.76117189556144e-09,4.65006041628641e-05,6.9440774933268e-09,3
"20321",2.15507624602089e-06,0.00310096238731233,0.000132891008939745,0.98860286319351,0.00815953350110358,1.50972660590487e-07,1.43752761022101e-09,1.44242270050734e-06,4
"20327",1.81811937386572e-06,2.14349319484715e-05,1.74988934715839e-05,0.762379320903852,0.237570882405259,9.00584882037416e-06,3.01441243398988e-09,3.58828623785928e-08,4
"20329",3.6598762440717e-05,1.20023940906144e-06,8.92781787365306e-13,1.02320768095265e-08,7.65268355508278e-07,0.999939309249951,1.42486476723415e-08,2.21019982262474e-05,6
"20335",2.70380522012836e-07,0.000237316151231037,0.640965508510143,0.346729934316216,0.0120635999198513,4.7356040246851e-11,3.20120276456507e-06,1.69471915869985e-07,3
"20337",0.85264730681387,4.45924919813084e-05,1.15920898193037e-07,1.07802469526055e-07,0.000239759204224736,4.57678468859213e-06,7.7011716704245e-06,0.147055839810197,1
"20339",0.00264511105818981,0.484632893027111,0.179731328924406,0.000909838274863699,0.000492659052287154,0.000188484476763042,0.331398592064395,1.0931219847406e-06,2
"20341",2.27290315369342e-06,0.00217539235413612,0.983346163745195,0.00575288269186801,0.00137898782965266,1.23316846924622e-09,0.00703271007290384,0.000311589169921971,3
"20343",2.66062735599712e-07,0.000218916524284244,0.0192898861467948,0.977879938600466,0.0025957315609844,6.73242540196345e-09,2.46993068938703e-07,1.5007379241155e-05,4
"20345",0.899900298279824,0.0112154370804643,1.8466467896986e-06,5.06447701201766e-05,0.0628563732789201,0.0259058824403923,6.69595933348735e-05,2.55791015486931e-06,1
"20350",0.00102350420546166,0.991437845583617,0.00108787137760158,0.00361668728668509,0.000882951463813136,0.000122638514457231,0.00101311432097784,0.00081538724738678,2
"20352",0.000224112601721081,9.91098181337383e-08,3.71663928082223e-09,3.16211241864072e-08,9.73069670720786e-07,1.24470860136399e-07,4.90920633429672e-08,0.999774606318103,8
"20355",0.0102430429192192,0.000333875217853582,8.81620455425793e-06,0.000110318581611707,0.00217564216823232,4.60750840274699e-05,3.24356430062748e-05,0.987049794181495,8
"20358",0.0202149442067176,1.20815803865883e-05,1.32947661204004e-10,2.57683873747412e-07,7.56700078998218e-06,0.973863140345838,1.50890189405645e-07,0.00590185815925631,6
"20363",2.26209159762043e-05,0.00660230476519962,0.000319135793434167,0.959540450158364,0.0335135408851434,7.3615349583316e-08,2.07235273914751e-09,1.87179418066654e-06,4
"20365",0.00421727678545885,0.084550574121847,0.784301340348003,0.024345033074563,0.100777270269764,4.77054196060303e-08,0.00180815567893305,3.02016011113527e-07,3
"20379",0.974182263303708,0.00025225566782364,9.36937495591724e-06,9.03550081283015e-07,0.0172765802154922,0.000145147663821454,0.00760377505784373,0.000529705166273932,1
"20387",7.1270682366545e-05,0.000373134859283452,0.0131515717516691,0.532747779153907,0.453655640054827,2.26460256025165e-08,5.05656153662279e-07,7.51957673612656e-08,4
"20392",4.31484938704943e-07,6.99174978781876e-05,0.998862073456356,0.00013401577634132,2.62130604151353e-05,4.72555018372793e-12,0.00090734835194171,3.67403925949065e-10,3
"20395",0.564620046894246,0.391164240085443,2.732066490676e-05,0.000259277700020591,0.0432873887635825,1.82370927198181e-05,1.61613258205885e-05,0.000607327473260789,1
"20397",1.60905265799239e-05,3.25609083961096e-08,2.19847988332145e-12,1.68591011306205e-09,5.59085439839949e-08,0.997634813151431,2.43777341279979e-07,0.00234876238708721,6
"20410",0.000988146093897018,0.00111094754409859,0.000606860039404082,0.141578761837364,0.855606374111187,0.000106912757675727,1.99436566374265e-06,3.25071027707213e-09,5
"20414",0.82036472446698,1.40976501193126e-05,4.41646902603875e-07,1.29714326669631e-05,0.00446198157736162,3.8555999928306e-05,1.44397754664273e-06,0.175105783248494,1
"20417",1.30548777973534e-09,7.54086337926636e-05,0.711835367071694,0.287191892887264,1.80310449288669e-05,3.6674302764205e-06,0.000875631005847101,6.20708973088339e-10,3
"20419",5.43422902660397e-07,8.28559487307294e-05,2.59675204636482e-06,0.971679351015163,0.0282314727345952,3.02598486161934e-06,4.46227908730503e-11,1.54097077673978e-07,4
"20421",0.166195925451249,0.000526280607576407,0.000998424115012197,2.94670359121465e-05,0.0341049565558108,2.15317424755892e-06,0.0166340799111765,0.781508713149015,8
"20423",0.67536135712276,0.000104742464173239,2.69145021852974e-06,8.86416203269926e-07,0.00315575792785856,2.79728320701738e-06,0.000146034954540967,0.321225732381039,1
"20425",0.323840904022747,0.0241814149584468,2.45395572440981e-05,7.69433938365192e-06,0.000316497070165266,8.35329609353156e-07,2.8605436276282e-05,0.651599509286127,8
"20427",0.707817126804062,0.00681687386721137,9.20619935947759e-06,0.00115261040438929,0.284041996643185,3.55540570500728e-05,8.97242557158271e-07,0.000125734782185417,1
"20429",7.9418603046096e-06,0.0217297059833762,0.00332917065716242,0.856176921049979,0.118518184833944,5.58652482041806e-05,1.22208880552857e-05,0.000169989478973858,4
"20432",0.263003956111971,5.85542653343463e-06,5.53971701541471e-09,5.77532981588662e-07,0.000129571209381431,0.000316591288062765,3.66362676361821e-07,0.736543076528677,8
"20435",0.0185966297383477,0.0657159797215224,0.0063831762655994,0.0300064615668887,0.878874785485774,3.91389496687698e-05,0.00038234301197193,1.48526022669448e-06,5
"20438",1.67673877459964e-05,0.0336818695274876,1.25500438279675e-05,0.952004244193953,0.0141395513400274,1.53230950889269e-05,1.41111494179467e-09,0.000129693000754534,4
"20440",8.67700355783626e-06,1.87674227111111e-05,5.44059795338541e-05,0.815775887890623,0.184134129138194,3.80364069422516e-06,8.45592359772899e-09,4.32046876161876e-06,4
"20443",0.000220197335191071,0.000405354389310375,4.05107766270239e-07,2.93019379731375e-06,4.24134494359613e-05,8.38440567998553e-07,1.82494877700745e-06,0.999326036135154,8
"20446",0.372610200089015,0.0115602295713677,0.00152831888119884,0.142647604773538,0.466718496141481,0.00181666102904287,3.75857688266328e-05,0.00308090374553056,5
"20449",0.00796187590665802,0.818052829404065,0.00154322714579166,0.0107204437376497,0.161665522496155,1.46474327148267e-05,3.9425706645733e-05,2.02817031947341e-06,2
"20537",0.000802226210108574,0.000456592756663267,0.415467632521807,0.0790507799183658,0.501625237811665,2.39480478593366e-07,0.00253840286114764,5.88884397638443e-05,5
"20540",2.32657234042346e-07,5.35090311435339e-06,0.98819728999099,0.000698034787628344,0.000787569237046418,2.70756892710096e-10,0.0103115217636555,3.89574364965009e-10,3
"20543",0.128141123971607,0.000741849860965356,8.22566602470736e-05,0.00133291250922864,0.86900628046571,6.34649102405442e-06,1.11568945179846e-05,0.000678073146699099,5
