"","V1","V2","V3","V4","V5","V6","V7","V8","best$classification"
"19811",0.000325337394829667,1.11812544980735e-07,0.968096226302696,0.0017367998961592,9.792660578078e-10,2.03155942229755e-05,0.029425858341161,0.000395349679120277,3
"19813",9.52235791018722e-07,1.67660104814205e-08,1.02859541698934e-05,6.11856100745338e-07,9.0700496074363e-12,5.29267608880546e-08,0.999988058559599,2.16924976795331e-08,7
"19815",0.0112124666696432,1.21476400026659e-05,0.949517637183047,0.0376954359658645,3.98077346084547e-05,0.00151519178723982,9.74821048777281e-07,6.33819854522331e-06,3
"19817",0.00267569864250521,2.70427397595323e-07,0.992705149784543,0.00420038744326187,2.87266647526855e-07,9.75808456099616e-05,3.35808090407987e-06,0.00031726750913045,3
"19819",0.122167199360463,0.212199940171569,2.44994439454117e-06,2.14821950264719e-05,0.665551809001441,5.70035683906811e-05,8.23944884284241e-11,1.15676320556262e-07,5
"19821",0.0050437987178494,1.09685391125314e-05,0.972399683567139,0.000542754480616551,1.01381179936776e-08,8.3210308535206e-07,0.0096022245908142,0.0123997278632648,3
"19823",0.00234625722102027,1.24255148770733e-06,0.423547727321455,0.000517344785815623,0.00135965649461824,0.572166685215043,8.72243092044482e-07,6.02141674676702e-05,6
"19825",0.00855527449756892,0.0843380596309116,0.000707748664626908,0.00335188894463058,0.00010292210681355,7.03950372208093e-06,0.00307288354503374,0.899864183106693,8
"19827",0.00322877203350932,2.02054882929683e-06,0.646169132518754,6.58950879819554e-05,4.64168564038592e-06,0.000273035094676415,2.44697741130831e-07,0.350256258332868,3
"19829",0.903374812465753,0.0905438704092691,0.000346108438503515,0.000239805577635305,0.000126549412193928,9.92340223949203e-08,1.71024464433198e-06,0.00536704421797865,1
"19831",0.787903589339035,0.0907709072319043,1.93033608936934e-05,6.50767555264828e-05,0.119238600250439,0.00200199797497907,3.54519675907602e-07,1.70567546296537e-07,1
"19833",8.55133995685626e-07,1.86254223849945e-05,2.42687521691782e-07,0.00149807045727003,0.151361553736647,0.847098802696243,1.8069120907159e-06,2.00429538464241e-05,6
"19835",0.0050437987178494,1.09685391125314e-05,0.972399683567139,0.000542754480616551,1.01381179936776e-08,8.3210308535206e-07,0.0096022245908142,0.0123997278632648,3
"19837",0.016715198619527,2.47751894340089e-06,0.963876890262345,9.55360982743582e-05,4.19564075882618e-07,1.84685845748535e-05,1.64674743059498e-06,0.0192893626048286,3
"19839",0.704064820528919,0.261440313879418,0.00123407749432918,0.00177378195507641,1.3413062834847e-05,7.45840390153613e-07,0.00155155608893123,0.0299212911501013,1
"19841",1.60345657079962e-06,1.93493932877077e-06,5.7043047469958e-06,3.01122609625729e-08,1.95032973145722e-09,1.76014807486983e-09,2.44791867683774e-05,0.999966244289846,8
"19843",0.0304752177519397,0.956017931061893,1.71143532189235e-06,0.00242344094612733,2.51759613686452e-05,2.10911176233471e-07,0.0110563044339268,7.49824667439549e-09,2
"19845",1.35388786029367e-05,2.16143770121168e-08,0.0685687823848235,0.000172850114686351,3.28376683195938e-10,1.98301988503393e-05,0.931218543190196,6.43329008674718e-06,7
"19847",0.0498678971640383,7.74163797473297e-05,0.907072124979387,0.035498904595264,3.55439809473074e-06,0.000608740924201041,0.00686316291570623,8.1986435617e-06,3
"19849",1.1248012487895e-07,1.35311752410873e-09,3.27176812822643e-05,1.34023875681919e-07,1.8376859378476e-12,6.78423421680591e-08,0.999966913371477,5.32459422811878e-08,7
"19851",0.000567147014567053,8.45236995239696e-08,0.997863368581735,0.00124348239658393,1.93451022032594e-07,0.000303092525316137,8.96654576832953e-06,1.36649613083998e-05,3
"19853",8.65393640908371e-06,1.10191585339199e-09,0.915633238655537,0.000110859728647343,1.06580930292271e-07,0.0762569474437912,0.00784112012128198,0.000149072431487147,3
"19855",0.000129949646693695,3.63076892705127e-09,0.997284371559695,0.000170594821410242,1.45030856405916e-08,0.000425389987361222,0.000451354097114216,0.00153832175387092,3
"19857",0.160326828589605,7.09605278965841e-05,0.798902121162554,0.0114737663614382,6.68434983727991e-08,4.96228685667862e-06,0.0143591411239036,0.014862153104247,3
"19859",0.0275568021513456,3.88848930737263e-06,0.958448040260679,0.0038276776165494,4.22484664532228e-06,0.000605832730306116,8.7231576159275e-06,0.00954481074755165,3
"19861",0.000346990329839314,1.06346262748109e-07,0.895313038354907,0.000695542498287549,4.26583265543926e-09,0.000139416915005472,0.103489212259488,1.56890303778594e-05,3
"19863",3.1314473312279e-08,5.31806434221877e-09,1.57870474276907e-05,2.43114933971475e-07,3.6991070891097e-12,3.03966337254256e-08,0.994557628800558,0.0054262740042093,7
"19865",3.95240113539149e-06,4.29097454277389e-08,0.00184543306052175,3.46600630506694e-06,8.5906805165866e-10,2.59443909583594e-08,5.66260425466988e-07,0.998146512558408,8
"19867",0.00404339194594771,8.67361184392793e-06,0.974988954562768,0.015548511430605,5.62645966563689e-07,0.000265762169070401,0.00514303639845435,1.10723534471842e-06,3
"19869",9.60985166393789e-07,9.18629465565079e-10,0.00700878535546662,1.22564057347369e-06,4.24634799946794e-12,6.6155840106452e-07,0.992965700158233,2.26653792833063e-05,7
"19871",0.0846086396680996,9.96439215380244e-06,0.879266630436054,0.00122674790814455,7.48011864854214e-06,0.000176431587283735,1.19795195561919e-06,0.0347029079376595,3
"19874",7.12676429030555e-05,9.77950908371313e-08,0.243039671747335,0.000495079423175477,1.31386554113291e-07,6.37143246271897e-05,2.66313538526407e-06,0.756327374544929,8
"19876",3.28031460179671e-05,4.19197941580605e-09,0.859679340783303,1.80068160868637e-05,8.50368976924744e-10,1.00361415729694e-05,0.000151106513263414,0.140108701557408,3
"19878",0.000165866862547456,0.00242726592395172,0.000189733709410448,0.997194454735962,1.80865360832511e-05,1.09356911389113e-06,2.26004511622648e-06,1.23861781534921e-06,4
"19880",2.94682446944805e-07,6.31129398755033e-10,0.00147521843075906,8.02350716791681e-08,5.28034035723796e-11,8.11838925537672e-08,6.59746730984185e-06,0.998517727316587,8
"19882",6.78557165041623e-05,2.37094542413952e-07,0.795961996259718,0.0100288760728208,1.07831841377219e-08,0.000196605374278914,0.193148482199853,0.00059593649909829,3
"19885",0.0958463964824594,3.11524484550648e-05,0.893442775478617,0.0103450120708128,6.54445362311791e-07,6.41927188870748e-06,5.28945816116653e-06,0.000322300344243567,3
"19907",0.000865177524680345,2.82944285073332e-06,0.931027452822801,0.0154469986206138,7.56242650653497e-08,6.53917991104843e-05,0.0525851786356979,6.8955299805305e-06,3
"19909",0.98954397070923,0.00983824748633056,0.000573187637866077,1.2718323716751e-05,4.8088112590115e-06,1.51421198756778e-07,2.63268196952784e-05,5.88790704289545e-07,1
"19911",0.971794595492789,0.0193023784262964,0.00227882428464851,0.000174375999286355,0.000128809387256493,1.2471921502594e-05,4.21877126765201e-06,0.00630432571695285,1
"19913",1.2500345054279e-07,1.1012800387108e-08,7.75567013738955e-06,1.55746302097855e-08,1.03304188571717e-09,2.043922720303e-08,1.47684388280875e-07,0.999991923582324,8
"19915",0.000135159383634211,4.98920651511871e-08,0.715029189411672,0.000159978340459314,8.79090178472383e-08,5.00228045029841e-05,1.01741110278643e-06,0.284624494847545,3
"19917",0.000112183035943335,4.82265216621877e-07,0.00867229235321989,3.00774214333945e-05,2.72530568554949e-08,1.84351228886424e-06,1.17758447340501e-06,0.991181916574367,8
"19919",0.00294935938099345,1.35627851740461e-06,0.87777769141265,0.00529212593555228,1.3443521588241e-06,0.000113313040074555,7.49103215638058e-07,0.113864060496838,3
"19921",0.00245767792467782,8.13446602988054e-07,0.989905143472782,0.00738290346259825,1.43478432771523e-07,0.000111112087716795,0.000138454455741793,3.75167144733127e-06,3
"19923",0.000676314365807539,0.000157157829965677,0.00590020008609952,0.992744535403685,8.4067191265681e-05,0.000430459883698328,7.22045454353616e-06,4.47849351345708e-08,4
"19925",4.52161212217785e-05,9.22699816173191e-08,0.0637770997935501,0.000107690873141064,3.68643516422918e-08,5.65162779410883e-06,4.10756515276167e-07,0.936063801693444,8
"19927",0.00114745931739874,5.75571479618414e-08,0.998311429229317,0.000315445284747936,8.62841956540235e-08,0.000144353858372009,1.13807785188781e-05,6.9787690302066e-05,3
"19929",1.96980369547108e-07,1.03560664586011e-08,0.000136743204288532,7.94713299911273e-08,8.40809191679593e-12,5.85003259722392e-08,0.442654131428446,0.557208780050766,8
"19931",0.00753337519660126,2.60769862267562e-06,0.990580868001144,0.00125321188206916,2.85120906044602e-06,0.000206742207368573,4.12640561533129e-07,0.000419931164572251,3
"19933",0.94453339365749,0.0058422629052277,0.0490591716528893,0.000174875366277137,0.000208630057468494,7.92683466096366e-06,8.62055604958638e-08,0.000173653320425925,1
"19935",0.221682262809405,0.00306120599625598,0.750201752339091,0.0236907413433934,8.49346635579012e-07,2.06850705479573e-06,0.000520240610183184,0.000840879047980642,3
"19937",0.00306218100252658,8.73367208837677e-07,0.990923589993738,0.00460598643317437,6.59619059744373e-06,0.00139302211251305,1.24306188978351e-06,6.50783835211667e-06,3
"19939",0.00162074632445509,5.93303197821837e-06,0.708110690933728,0.289471319254785,3.74313599063323e-06,6.36488913079426e-05,2.6939125165582e-06,0.000721224515238858,3
"19941",0.879088876489417,0.0858212337817348,0.0015757638370711,1.2972677902247e-05,1.72930631603437e-05,1.08736455456364e-06,0.00013568504660547,0.033347087739555,1
"19943",1.33994324242568e-06,8.96077544265441e-09,0.00052094669563599,7.31759490212991e-07,8.21090837048229e-09,3.72283146759042e-07,4.09448686498176e-08,0.999476551201932,8
"19945",0.965891764155061,0.0182538321508225,0.0109335509346972,0.00426276732345854,0.000624297243973198,2.56525896703628e-05,4.57901525185766e-08,8.0898121649349e-06,1
"19947",0.25064564664972,0.00409946256806001,0.00478107757132051,0.00027403552070744,2.10164003227919e-05,1.3459738734888e-05,0.0174317740235981,0.722733527527537,8
"19949",0.00771577784623645,0.00257267275099906,0.0162949230106697,0.972494136136211,0.000811061495572979,0.000110878909512168,2.04430170462571e-07,3.45420628223294e-07,4
"19951",0.00139067658191937,4.24083557059708e-05,0.229795895088217,0.0520326144619943,1.60566752626376e-06,1.54007884831749e-05,5.32630520317306e-06,0.716716072750951,8
"19953",0.0637029716037945,0.0264929444705136,0.000160102701582767,0.001857582851757,0.881074207578927,0.0267121589225107,1.70464627364815e-08,1.48244516128252e-08,5
"19955",0.512917154588519,0.133997069338121,0.000284285238294201,0.328076417849047,0.0235410666953143,0.00117468669004414,8.23832403843049e-06,1.08127662239912e-06,1
"19957",0.0128971679695691,4.71869544010525e-06,0.0552246223430131,0.000201911724171012,5.4535198596067e-05,0.00670993206247831,1.16355446704145e-05,0.924895476462062,8
"19960",0.746043123070362,0.247504496296408,0.00034513150765155,0.00576353019838871,0.00011026173515676,1.59919191914742e-07,3.10171352438351e-05,0.000202280137597065,1
"19963",5.76147086547574e-05,3.57231961374604e-05,0.000110004161645169,1.89481079598626e-06,0.00325752487768081,0.0898467328381349,1.97816678752097e-05,0.906670723739076,8
"19965",0.116990875344324,0.736903054354763,1.51987075280606e-05,0.14570078153493,0.000353482326934677,7.51735367416483e-07,3.58490757401948e-05,6.92041404324659e-09,2
"19968",0.00148468965080172,0.000106614177536871,0.0120189556093734,3.56395420569961e-05,4.43021374123443e-10,3.55661796503647e-09,0.227127413827943,0.759226683192648,8
"19971",3.69629350229637e-05,0.000193254317934452,2.60542825235387e-06,1.02791404644773e-05,0.000797096771298082,1.66148115394853e-05,1.27447797305376e-07,0.998943059147691,8
"19973",0.00139440711538313,2.58137649128763e-07,0.996172287006541,0.000580890339480739,9.86849595979793e-09,3.85071639639058e-06,1.61311120593662e-05,0.00183216570399397,3
"19975",0.000112757013841779,3.46874014735496e-07,0.0254590570213845,3.84781674775876e-05,1.10032508610203e-09,6.87038296253754e-08,1.5452634317369e-05,0.974373838484809,8
"19977",9.0481418385502e-06,7.2940566040501e-06,0.000241626456109212,0.000454864679853384,2.09399957762465e-06,3.11208617970263e-05,5.18776376792704e-05,0.999202074166541,8
"19979",0.086949775853786,0.910036252399403,1.05321803355048e-07,6.26165319880996e-06,0.00300726050643902,5.39702562983325e-09,1.20719380791077e-10,3.3874762520198e-07,2
"19981",0.464501650624212,3.92803132733791e-05,0.533663324373343,0.00105284121832347,7.06914652461153e-07,5.09415254960592e-05,0.000502271169152968,0.000188983861546739,3
"19983",0.229839588586955,0.00020928802563703,0.365505875010651,0.403930392409716,7.56448043006713e-06,0.000104813374904769,0.000388687817579308,1.37902941276708e-05,4
"19985",3.01285807684267e-05,1.18153116457745e-08,0.257097543558598,0.000110420026061949,2.77724419231172e-09,7.46366633646027e-06,2.08948427081135e-05,0.742733534732971,8
"19987",0.368688939761935,0.00035753782855179,0.605472277176685,0.000320531531946616,1.32298111514534e-05,1.92277410203452e-05,2.17109222974825e-06,0.0251260850564796,3
"19989",0.128288668396045,0.843521771929525,2.32243431823936e-06,0.00016245247881438,0.0280241815078248,6.01793143944392e-07,3.44810892585597e-10,1.11551756898976e-09,2
"19993",0.0791805385900336,0.0189208808479471,0.146359836426761,0.744138986921697,0.000345837017535911,4.09304340297817e-06,3.06950659352604e-07,0.0110495202019631,4
"19995",0.748331499369914,0.0950665197428815,0.100068937444524,0.0521920093288695,0.000154403977882019,6.20088903078811e-06,3.67854789048436e-06,0.00417675069900848,1
"19997",0.00036694378711029,7.20501290936351e-08,0.995811686473401,0.000357449297789627,2.49173385180424e-08,6.05898682684931e-05,1.54171601872409e-05,0.00338781644577577,3
"19999",8.95141285651349e-05,4.8640386763334e-09,0.982242764763644,3.9901097111779e-05,5.60832970318479e-10,9.56809317740356e-06,0.000430086336778905,0.017188160155851,3
"20002",3.50926239667341e-05,6.48999841909584e-05,0.00026393351122432,3.38290807912756e-07,5.38292885634435e-08,2.14346674709253e-06,0.549038212573682,0.450595325720092,7
"20004",0.969171592068003,0.0131439281313442,0.0165664734297838,1.37371053985911e-05,5.54810137677854e-06,8.08937648936182e-07,7.18257674623025e-05,0.00102608645898178,1
"20006",0.44105646117956,0.109547261265705,0.00157736537550884,0.444951688399945,0.000734790485375858,8.33278715460121e-05,0.00156703501278287,0.00048207040957674,4
"20008",0.00699495673349361,0.171960108710456,0.000943028517087132,0.818894284981607,0.0010810981968785,6.37019006434501e-05,2.45440851493029e-05,3.82768746842943e-05,4
"20010",0.364812877439239,0.0838953821767582,0.00314549377996361,0.510216401663127,0.037768524354301,0.000159997662740245,4.59109089521959e-09,1.31833278050931e-06,4
"20012",7.53109893971374e-05,1.04719608902786e-06,0.234265869248068,0.00232072879874454,4.83438858969115e-09,8.94898028339972e-07,0.00757903702135068,0.755757107013934,8
"20015",0.0244332746356374,0.974269728668256,6.48723052592865e-07,0.0012884673715997,7.68797354744007e-06,1.35281360505988e-10,1.8683364613333e-07,5.65897992826756e-09,2
"20017",0.000494788645610319,2.15383761566584e-08,0.990021160814794,6.69860995248854e-05,1.31724305899965e-09,1.15319122121054e-05,0.00134766612368733,0.00805784354855238,3
"20019",0.00397898298393621,0.986508558654399,2.77041082868898e-09,0.000108279017516131,0.00940417075542548,5.32763804564559e-09,1.09997096829262e-11,4.79674224101804e-10,2
"20022",0.943536742422781,0.0490790082727818,0.000372945027265722,0.00543062623425606,0.00157781517503189,2.52622843505948e-06,4.17561843338234e-09,3.32463830062244e-07,1
"20024",0.011193503442727,0.214189233871708,2.40519395024104e-07,0.000135099704621323,0.774316231964789,0.000165667037586605,1.68035753661712e-08,6.65559715508884e-09,5
"20026",0.011193503442727,0.214189233871708,2.40519395024104e-07,0.000135099704621323,0.774316231964789,0.000165667037586605,1.68035753661712e-08,6.65559715508884e-09,5
"20028",7.3568711459415e-05,1.00249354720943e-08,0.950336607692756,1.42745932355977e-05,4.28153474022166e-09,3.91253422632789e-05,4.73808539383754e-05,0.0494890284998772,3
"20030",0.372347674784488,0.627543005000265,1.76954262783578e-05,7.50386708765573e-06,1.87234107014456e-05,3.74969452459499e-09,3.39793790711975e-06,6.19958235780703e-05,2
"20033",0.0151610565430157,4.54166122363195e-06,0.82994024786348,0.000220886080237208,2.71163332841655e-07,8.83153815763036e-06,1.64673309629568e-05,0.15464769781959,3
"20035",0.00657555047911195,0.97373478305368,1.40784650381649e-08,0.000242610891218809,0.0194470296446227,1.11378540022207e-08,3.92858012286665e-11,6.75761046115461e-10,2
"20037",0.00915004781114154,0.989303830070026,1.84309824241965e-08,0.000594806304707031,0.000951289937613234,5.53955060355634e-09,1.88998145449251e-09,1.59975829470696e-11,2
"20039",2.12071592966812e-06,0.000100083833263127,3.71152750025691e-09,1.94965306968456e-05,0.998315684658488,0.00156261053311078,1.05893567531387e-11,6.39461583001381e-12,5
"20041",0.0146829797132677,0.000274294097123793,0.00348757282041315,0.980946771156642,0.000272281380889329,0.000314764838399186,1.98003482436866e-06,1.93559584408354e-05,4
"20044",0.105082757580217,0.00263018527055219,0.0217661963854184,0.864326295286024,0.00337879069586392,0.00136533700514035,1.17918133559765e-05,0.00143864596342845,4
"20047",0.00546636039104297,0.963229430076145,1.04809295344952e-09,4.24971726293925e-06,0.0312999309731404,1.91374771073315e-08,7.81826236171147e-12,8.64902059212519e-09,2
"20050",0.00645497925447991,0.0158438436499142,0.000963908476088111,0.425070928922156,0.549811960703762,0.00184609637951043,1.51625810094081e-10,8.28246246357782e-06,5
"20052",0.123545892694883,0.000215105785470656,0.814863191659702,0.0304110080353986,0.000211139502592123,0.00094851185895084,2.04326359793228e-07,0.0298049461366431,3
"20054",0.830508671021962,0.169250072415803,3.80837746999597e-05,0.000189656143208666,2.37236329957494e-06,1.34486082873934e-09,9.42005615898535e-06,1.72288000689333e-06,1
"20056",4.98643523294842e-05,7.90095976744994e-06,0.00109620269958396,1.34574293098899e-06,2.36574068045861e-07,3.01210740352673e-07,1.46834561963467e-07,0.998844001626018,8
"20058",0.140753084563,0.852497682486785,1.60869487191331e-06,0.000376317066415386,0.00637107738893919,2.24063041338577e-07,5.50150782831085e-09,2.3543895175826e-10,2
"20060",0.00322951158251591,5.09007768836319e-06,0.994985320565714,0.00164008261730793,7.44346605766599e-07,3.20690696556948e-05,5.95221859758144e-06,0.000101229521914472,3
"20062",0.0201423003662912,0.000128414549073892,0.666571623797926,0.313061835419873,2.69217177003478e-06,1.95577303799652e-05,1.22832222955368e-05,6.12927423895246e-05,3
"20064",0.979045035390657,0.0182242038993186,0.00246874013391682,0.00018489609277909,3.76294512202769e-05,1.83001116983042e-07,2.18166676121472e-08,3.92902143238675e-05,1
"20066",0.0878911181369081,0.912015764143426,5.46442934821631e-07,2.25236341804512e-06,8.65852568536894e-05,8.24964705721647e-10,2.73723382374459e-07,3.45910811249989e-06,2
"20068",0.000673850485058828,2.26700119462302e-07,0.986354812401092,0.0122095682836021,2.41467781302167e-08,6.73454149413823e-05,0.000671674772279221,2.24977961285702e-05,3
"20070",0.000923738729839369,5.86247716316946e-07,0.960507741070029,0.0236290461157157,5.5976279152097e-06,0.014890308108814,2.84570227518709e-05,1.45250772187236e-05,3
"20072",0.303323225125606,0.674300087959078,6.35956645672589e-05,0.0173281481772203,4.01157899216307e-05,1.48268760382764e-07,0.00494467094849521,8.06635146368683e-09,2
"20074",2.91152308430527e-08,1.96069067343803e-09,2.55826625089721e-05,6.28930846949561e-08,3.04356749624936e-11,2.62440379896433e-08,0.000196978563945538,0.999777318530066,8
"20076",0.0380959695627832,0.000270146954751942,0.0250968920215366,0.000289128599086692,7.45172871674037e-09,1.24835570949899e-07,0.321631834784759,0.614615895789783,8
"20078",0.969828219044012,0.0243146143322067,0.00325458877762332,0.00187491251572771,0.000658559394923032,4.15881436456377e-05,1.35214301295149e-07,2.73825775599172e-05,1
"20080",0.0341181878867267,0.956317475965508,8.977912532166e-08,0.000159078890138804,0.00940515213618767,1.09209634394334e-08,8.84555742687343e-12,4.41250495295783e-09,2
"20082",0.000232609732016764,0.000330740812854016,2.318995830129e-07,3.12363742675262e-06,0.998352392700434,0.00108089599469989,1.02204305092275e-12,5.22196382862035e-09,5
"20084",0.931097155525034,0.0441972850316497,0.00142249072127487,0.000279509354534112,0.00665657804897773,0.000136167632160356,5.03943762564119e-08,0.0162107632919931,1
"20087",0.773333595398031,0.135281069523821,0.00418677937685796,0.086860312746395,0.000295926152040553,2.52292919993845e-05,1.68949369467674e-05,1.92573907616685e-07,1
"20090",0.0152586765397192,0.819822328160278,1.2159762470983e-06,0.0345334237492762,0.130383760225141,5.64860539358339e-07,1.97641677886835e-11,3.04690347700774e-08,2
"20092",0.00994555452880424,0.000111663839939966,0.00253999030314742,0.071872185665808,0.0114060715564326,0.904054283422307,7.02447991680804e-05,5.88439302373402e-09,6
"20096",0.0116778518040219,2.50174466090606e-05,0.0484119430832666,0.020611736952231,0.00647839685424543,0.911415243271043,7.2384424211088e-07,0.0013790867443406,6
"20098",0.00262038499095139,1.00469271847484e-06,0.858783958318773,0.000363569455454862,4.90694220256762e-07,2.11496137376473e-05,1.67212755130753e-06,0.138207770106593,3
"20101",0.279097109668281,0.710380079033737,1.5098384073232e-05,0.000506220442001738,0.00988694293381945,4.11666590689232e-07,7.13549951607791e-10,0.000114137157946839,2
"20104",4.22687245037127e-05,1.45921125450875e-08,0.00735923207804847,4.96557400794719e-05,1.069957287563e-05,0.985315120075172,0.00720505032423192,1.7958892976261e-05,6
"20106",0.424510722294027,0.565259245508841,0.000174856670997121,0.00956239102082502,0.000445254047644286,1.80077999066072e-08,3.24492233529003e-09,4.75092049432475e-05,2
"20108",0.00525466812234731,1.18680764683252e-06,0.987838067340908,2.55255522948863e-05,2.81462049750014e-08,9.76929098968257e-06,6.64372497262147e-05,0.00680431748988242,3
"20110",0.00610956171371627,0.000179375858786562,0.194518908614527,0.451062186538907,0.0256447002011567,0.20388583358056,7.23515101006933e-08,0.118599361140837,4
"20112",0.153281013590717,0.309160232537233,0.00326754090514484,0.496357589827672,0.0378942211570906,2.60436247198556e-05,8.12376825001009e-09,1.33502336558249e-05,4
"20114",0.969745427929061,0.00733994200915284,0.00557382415866547,1.44555436592922e-05,0.000273252427394595,1.50261409951797e-05,2.06704927484394e-07,0.0170378650861444,1
"20116",0.951527148489025,0.0400818457868079,0.000631213666049978,4.44579789620677e-05,3.47075852262753e-06,1.8971762173429e-08,1.1045797498146e-05,0.00770079855137163,1
"20118",0.650210056507333,0.000262438183040288,0.313871361762129,0.000464128356550043,3.57387516978616e-05,6.3931655017754e-05,6.203950233032e-07,0.0350917243892086,1
"20120",0.585737912403406,0.241767337383727,0.0017687142356098,0.00916025401173124,0.1608161976712,2.35696211697689e-05,4.58255126337469e-10,0.000726014214901127,1
"20122",1.71280482531657e-05,3.3011661021655e-08,0.000806566083842901,2.74527734656018e-07,5.23713101696241e-10,4.94570420213899e-08,5.40459334443917e-06,0.999170543754409,8
"20124",0.29868053562476,0.691527118074049,8.05544669316226e-07,0.00143643189680251,0.00835257643534736,2.47528815438861e-06,5.64324712112544e-08,7.03745388659786e-10,2
"20126",0.00193027516315759,0.00180269523172973,1.19349312581359e-07,4.98981845916203e-05,0.965634244291189,0.030582661711287,3.51167947260749e-08,7.09519379486278e-08,5
"20128",0.000223841288965266,0.133188291384265,1.07093571984627e-10,1.73333544463002e-05,0.866561665428535,8.86834162341759e-06,4.1804621103437e-11,5.32670091508081e-11,5
"20141",0.000733321465740921,3.64657051564773e-08,0.19757828383936,3.69847185466782e-05,8.93601105219441e-05,0.787461731370173,1.07466899128089e-05,0.0140895353400391,6
"20143",3.56535717258333e-08,1.54909429209379e-09,1.28449599366096e-05,7.26164248749299e-09,7.33896380968138e-11,1.09663813848653e-08,2.66930089804733e-06,0.999984430235086,8
"20145",0.86150041042719,0.114628893495385,0.00152188162079353,0.00938551300074421,0.0129551143414162,5.62927450558395e-06,3.45268912436288e-10,2.55749469675698e-06,1
"20147",0.937497648273286,0.0617595335323202,0.000125155001270187,0.000429049576105662,0.000187264376117078,1.02623649364432e-07,3.14365003269675e-09,1.24347360158533e-06,1
"20149",1.48724112878384e-06,3.3501855180379e-09,0.000794895596071476,3.831582663908e-07,5.05053845114579e-10,3.88339041096045e-07,2.59486992274002e-06,0.99920024694033,8
"20151",0.0017310662856723,1.69495447674829e-06,0.958272761691435,0.000495296465424027,1.81568766077376e-07,7.09382398344895e-06,1.20636139256456e-06,0.0394906988488501,3
"20153",0.00260268442041199,3.05343938021648e-05,0.350251848079462,0.00372576373118869,0.00161226686926025,0.00586616993322947,1.33689570682622e-08,0.635910719203689,8
"20155",0.446789785117603,0.481968159573317,2.03277827546991e-05,0.0704284242874795,0.000792983474500093,7.68383098926427e-08,2.53847448060857e-08,2.17541291349579e-07,2
"20157",0.000599571787879001,1.05078353974304e-06,0.604198305548532,5.31301892413289e-05,5.49700065858604e-07,2.41676553138856e-05,1.146875066197e-06,0.395122077460361,3
"20160",9.3185808580556e-08,3.03609730571848e-09,2.04864501845139e-05,1.12658509164019e-08,2.64823767061424e-10,1.72801937744496e-08,3.38517316231641e-07,0.999979049999725,8
"20162",7.79046704091772e-07,1.09445858951244e-09,0.00413222942054829,2.23189700938047e-07,1.66417767903605e-10,2.06500734475747e-07,3.22278043634912e-06,0.995863337800999,8
"20164",0.000104326826746572,2.20177459091014e-06,0.044968449175781,0.000806266608025042,7.90553842755648e-07,3.10309231760154e-05,1.0240953602088e-06,0.954085910042477,8
"20166",0.0525339031865115,0.946961857453161,7.71931069432562e-06,3.82031371757418e-05,5.90995171911317e-06,1.98904216911576e-09,7.0122510522386e-05,0.000382282461174097,2
"20168",0.000199574318926819,0.00127101948700256,2.87361325144806e-06,4.88863301697637e-06,2.26040933683935e-08,2.92215282554511e-08,0.998149010466795,0.00037258165538571,7
"20170",0.004840513090173,5.10839482700467e-07,0.749272040613837,0.000195277159809708,1.56936396144534e-06,0.000271708723720801,6.94498431894117e-07,0.245417685710583,3
"20172",0.942803267860964,0.0535522751476756,0.000205891231583511,0.00178302599543421,0.00165402757429394,1.50150713799714e-06,5.20699795906108e-09,5.47591277896008e-09,1
"20174",7.93575325085462e-05,1.49179481833853e-08,0.752621534466368,2.32883108770295e-05,1.49879534230114e-10,3.60721197670037e-06,0.127089832845877,0.120182364564565,3
"20176",3.18825478452051e-05,1.71556138531149e-05,1.5933592156736e-05,6.49546056789272e-06,5.67234707479969e-10,1.45063993485824e-08,0.999927090020244,1.42769169866261e-06,7
"20178",7.07404823301621e-08,4.43382422170934e-09,9.66606490796857e-06,1.3309445816984e-08,6.79092126783091e-10,2.01167022035728e-08,1.45465391668318e-07,0.999990079190154,8
"20181",0.334681372899538,0.661481285345586,2.31094754794648e-05,1.3168311044504e-05,3.3754610396213e-05,2.70947158315665e-09,6.19348776750457e-07,0.00376668729970777,2
"20183",0.0713418049064882,2.15811013974774e-05,0.91607782886382,0.00891272331895518,8.34097281751904e-05,0.0035566346659267,1.96409743898048e-06,4.05331779836167e-06,3
"20186",0.137220873341278,0.00065205240992949,0.644489508524569,0.188757247463603,0.000376593807850355,0.0251471635171431,0.00335648016370601,8.07719219750174e-08,3
"20188",1.3443004200801e-07,2.8270037978631e-09,0.000192955390310652,7.38082470492618e-08,5.53110166752375e-10,7.74087522459769e-08,2.21315575791148e-07,0.999806534266958,8
"20190",0.109001848838114,0.890730023514351,3.06407236807724e-06,0.000156236672238854,0.000108723596510415,9.30978365454033e-10,7.64987103376057e-09,9.47255684485767e-08,2
"20193",5.6427599276882e-05,0.00130855074755232,7.85760465029792e-05,0.000125909649585593,1.01124531150266e-07,6.92256850716788e-08,0.016875987836207,0.981554377770659,8
"20195",0.00212286377045684,4.24462080894809e-05,0.18924827243873,0.00412864589345444,2.50484656558563e-06,7.48751119343671e-06,1.17315022285595e-06,0.804446606181287,8
"20197",0.789896925169373,0.178157735340105,0.000212608159074079,0.0306555930435313,0.00107635369066328,7.34961196656529e-07,2.63465950558937e-08,2.32894608341264e-08,1
"20199",2.86845123269149e-05,1.68601990251014e-08,0.074267898275232,4.76130497153821e-05,8.6428958661053e-08,6.34987925254748e-05,4.49346435876324e-07,0.925591752734607,8
"20205",3.04797522249118e-05,2.4365729056317e-05,1.90343112432882e-06,0.000866430850196858,0.954297293645242,0.0447795253145563,2.05688982041492e-11,1.25703042570324e-09,5
"20208",0.0111104906102831,1.27221246231943e-05,0.978450013031705,0.00284375417413703,7.02345888249984e-07,9.05024445162083e-06,1.4922219165096e-05,0.0075583452497469,3
"20210",3.6709426988899e-06,4.17126631076985e-09,0.0151817745875652,1.29884572369786e-06,1.28781871847693e-09,6.58740561309441e-07,1.27042061234664e-06,0.984811321003753,8
"20212",0.000331514352784982,1.67019772900835e-06,0.154291938666327,0.000266439151351539,2.62275575552087e-07,4.97963848999828e-06,2.25351436138628e-06,0.84510094220338,8
"20216",0.909350455029321,0.0901561680307761,0.000263712742904484,0.000113767971057802,9.78918993482529e-05,3.81131137029357e-08,6.93098025338945e-08,1.78969036756375e-05,1
"20219",0.199984644883863,0.041345339474186,0.00106309702365265,0.0146638221680042,0.732881537759723,0.0100319666932989,6.8940275887273e-10,2.95913078695547e-05,5
"20223",0.00283761177925358,0.99557540956652,5.36316195662998e-08,0.00125457762660534,8.74412849046325e-05,3.23101785625904e-08,0.000244873766585213,3.43337119431367e-11,2
"20226",0.00177431335229732,0.000218631564111848,0.0187546629996541,0.97908089037968,7.80825262553908e-05,2.04511327089239e-05,3.83309389465672e-08,7.29297143530968e-05,4
"20230",0.0518449224102163,0.947618920785345,6.79546924409641e-07,5.20666459962393e-05,0.000483396415288145,3.47860624979665e-09,3.98727415582176e-09,6.73034928686538e-09,2
"20233",3.52854528085705e-08,7.45522261320728e-10,1.4305446664972e-05,2.98892186858453e-06,0.000391607566900248,0.999590894830596,2.45999259885324e-09,1.64743002861512e-07,6
"20235",0.166902397350277,0.62012308891356,1.38775342874098e-05,0.166572338933804,0.0459782349340779,0.000320239195159334,8.98216894830123e-05,1.44935199652297e-09,2
"20239",0.506071576186227,0.20804510811456,0.00112969000834617,0.282599660052318,0.000186493815091764,3.62782317850181e-05,0.00193072263992922,4.70951742944898e-07,1
"20254",8.07930383874492e-05,0.000524420624634211,1.98914235796832e-08,1.01049515977245e-05,0.999170744049971,0.000213917201094602,1.09810161223332e-13,2.42781906915884e-10,5
"20256",0.769938749179667,0.229026294463535,3.03439988998095e-06,0.000368703520897928,0.000662771222804887,3.21558555742045e-07,1.24619077214322e-07,1.03557159946653e-09,1
"20262",0.00107673509107438,3.49778334075652e-07,0.44017301906473,5.53694515180062e-05,1.28007599236358e-07,1.07731305348444e-05,8.8448868962044e-07,0.55868274098752,8
"20270",0.242543660160118,0.742287335838129,0.00944507765398541,0.000555069801369124,2.19826695430504e-05,2.26841289561856e-07,0.00209230577391037,0.00305434126165522,2
"20284",0.0214528341498133,0.000404914599648575,0.421115473248059,0.0829867669210936,0.0948648146303653,0.379164245828283,1.1691991509086e-07,1.08337028213526e-05,3
"20287",0.00183241263444159,0.997572035891544,3.28236222178509e-09,0.000413535455410801,0.000182006812849724,4.30079356687345e-10,5.45763678563441e-09,3.56751279690971e-11,2
"20290",0.000609268524320907,0.000213799492074137,0.000762121413800824,0.00441421909417603,0.963320853181983,0.0306684459538684,5.03013637886964e-11,1.1292289475121e-05,5
"20293",0.996078514310497,0.00235348667378897,0.0012463755003658,0.000107634956997616,0.000204404988896735,9.12319628484162e-06,3.8683954735485e-08,4.21689214469222e-07,1
"20296",0.0411476639333955,0.000181098200960627,0.273642062529544,0.000489703996491025,5.60866717880057e-09,1.44379053907792e-07,0.0159015099810764,0.668637811370811,8
"20301",0.000244027578012167,0.999344319133629,1.69083089584398e-09,5.61464655394492e-05,0.000355062434293023,3.07228018079322e-10,6.93815632667794e-10,4.416966516672e-07,2
"20304",0.00174117895293391,0.000234421269026453,8.97712103549709e-07,2.5841286392736e-06,0.993081968803584,0.00493893523271253,6.42263874565826e-12,1.38945782735198e-08,5
"20306",0.0761305810731443,0.914822543879319,9.9865500243198e-07,0.00024252832208392,0.0088028109591077,5.31632376616441e-07,5.28475595807956e-09,1.94209545913769e-10,2
"20309",0.73929744298725,0.0135886403203602,0.0817019117758829,0.162268924315389,0.00305139984155917,4.736593804129e-05,3.32066960999871e-07,4.39827545572428e-05,1
"20311",0.832996787073899,0.164597784464601,0.000810052816832988,0.000715265570523059,0.000682155432791833,9.08776475391649e-06,4.63124436230567e-07,0.000188403752161992,1
"20314",0.0226956596100667,1.26902337616516e-05,0.962592765269219,0.000930406729945491,5.90310887838998e-06,4.03355911988527e-05,1.61187247542231e-07,0.0137220782696825,3
"20318",2.83450208930466e-06,1.40181600886785e-06,5.11678768745626e-05,3.3217424873282e-08,4.91759408789594e-09,1.49590544338446e-08,3.22128913985933e-06,0.999941321421814,8
"20320",0.00115189536685157,3.68976498690264e-05,0.387828733041926,0.605605177472633,0.000141973840655829,0.00429788822483787,5.47228469474808e-06,0.000931962118532689,4
"20326",0.0344223784565791,1.85749244360286e-05,0.929496059659626,0.000420356353250203,1.41776671890369e-05,0.000147460143159885,4.23969624298023e-07,0.0354805688261357,3
"20328",0.00415173174056462,1.43875701488408e-05,0.752616736613077,0.235974736080696,0.000120689702548695,0.00711440424432542,2.60390574486903e-06,4.71014289470625e-06,3
"20330",0.0193546999444833,0.0720871340997582,3.81596896375759e-05,0.905225481236567,0.00326832783761599,2.57603097006694e-05,2.07142539235725e-07,2.29739697998948e-07,4
"20336",0.0618968319650255,0.000332123522249573,0.0102144600176612,0.00368112381638015,0.600586519389311,0.323288653556488,2.6323195459051e-09,2.85100564993662e-07,5
"20338",0.0278605215155453,0.000947533903913619,0.000221860053402969,0.00386279718955915,0.893561733719192,0.0734752653395217,8.43882183324196e-10,7.02874349827611e-05,5
"20340",0.0758789671695392,0.921294178197681,1.4342218401136e-07,0.000110370806591327,0.00271629093617256,3.20384927988457e-08,1.2415438878074e-08,5.0139000879524e-09,2
"20342",1.19312693027523e-05,0.000468784397619142,2.34797935919666e-05,0.0146335152107283,0.0949956001288653,0.889698544495967,1.3067411595982e-05,0.0001550772923291,6
"20344",0.691652078194967,0.305602041478508,0.000385939612642651,0.000383525620322687,0.00197471223349802,1.47798614668037e-06,1.09921512272017e-07,1.14952402864727e-07,1
"20349",0.331159530963167,0.668123267155955,2.99479133570059e-06,5.33024743066604e-05,0.000660748613565877,9.79368319483531e-08,5.72811690716085e-08,7.83668827542567e-10,2
"20351",0.987423640093652,0.00524854882823867,0.00232892920206629,0.0018632184732973,0.00302845229277565,4.86344695111318e-05,7.01759771084692e-08,5.85064644821532e-05,1
"20353",0.0281803166017501,0.12874048470576,1.97765560715761e-05,0.777369598366034,0.0656691011664824,2.07122063375436e-05,2.20526209781809e-09,8.19230211220362e-09,4
"20357",4.651107175652e-05,0.000289859063077098,4.91946063896739e-07,0.00168211084610736,0.991251528482384,0.00672949853624728,1.46870797811128e-11,3.96767476154962e-11,5
"20360",0.000487569980420585,0.00456209379175326,1.44678702196178e-05,0.821833084635551,0.100917258742093,0.0720405256883035,0.000144660114115505,3.39177543071648e-07,4
"20364",0.436451947137455,0.101461656192661,0.0104891186316268,0.444887092143533,0.00670019306861964,5.73189518186756e-06,8.06162265450358e-09,4.25286929970947e-06,4
"20366",0.00489500895790002,2.22905383407252e-05,0.00257104647885913,0.000736341894116131,0.412170422330941,0.579599594012664,1.98781814827997e-09,5.29379936042034e-06,6
"20381",4.52097329439586e-06,1.17507223110907e-08,0.00220124231906052,2.65676181582449e-06,3.90277686038022e-10,6.29687354312446e-05,0.986175185693206,0.0115534133761924,7
"20391",0.146783578200154,0.0277920750117485,0.00748201615499336,0.597474122539276,0.00196081448686415,0.0198705633302672,0.198636822821858,7.45483901948627e-09,4
"20394",0.00141135514719974,7.75554436235941e-07,0.976285141725777,0.020365227773986,2.85861429214482e-08,0.000109547952414732,0.00137449943018884,0.000453423829854835,3
"20396",7.03547833357357e-06,2.95171845143748e-09,0.293721243447102,4.3294830975351e-05,3.43344815277033e-11,7.83833371707783e-06,0.700141813692887,0.00607877123093274,7
"20409",0.809824088776091,0.023446659399796,0.072652936493514,0.000113694008567475,0.000352061035576635,2.94373218929222e-05,1.51504028504099e-06,0.0935796079242765,1
"20411",0.407988517317051,0.186998057381751,2.34852361782282e-05,0.0334852724774782,0.37128515046064,0.000219514562100266,2.07501545233551e-09,4.89785524985811e-10,1
"20416",6.74234120929661e-05,0.0116972681518176,1.36767475386118e-10,1.62169488239982e-05,0.988201863202664,1.72281440214209e-05,3.16510345508117e-12,6.47691695633335e-13,5
"20418",6.53856456538396e-06,2.53875563218961e-09,0.213821521264243,4.82427534932985e-06,1.91940775882991e-11,3.05723639972543e-06,0.753103974693258,0.0330600814082347,7
"20420",6.29418212733475e-06,1.04951229951391e-08,0.000607152212757224,3.89120220636031e-05,0.00232069203297415,0.997021335847637,1.116557699361e-08,5.59204174082966e-06,6
"20422",0.0395690975563705,0.928111735082186,5.93389728976275e-05,0.031038195651942,0.00120449231046753,3.00027793420954e-08,8.91489988831401e-09,1.71015084573966e-05,2
"20424",0.347911459810231,0.320005219200725,1.94137865787676e-05,0.134088081754745,0.197934321897594,4.15002099089725e-05,1.11760128518047e-09,2.22261586356972e-09,1
"20426",6.74993515785884e-07,2.23354313510752e-06,4.5226975151678e-06,4.86585259373824e-05,0.609181709583982,0.390605209986778,1.2355954775182e-10,0.000156990545577294,5
"20428",0.910876569801883,0.020451572495343,0.00459965959594621,0.0633472170319929,2.37216354694538e-06,4.27963144601718e-07,0.000720461758168177,1.71918997509322e-06,1
"20431",0.0190324450945474,0.00191778649356999,0.5409762085513,0.355303726777279,0.00233583285960506,0.000462835931183537,4.75675790547252e-07,0.0799706886167244,3
"20433",0.00487410747473678,0.994982494994554,2.95068498919836e-08,0.000113103247469221,7.16120368863447e-06,1.19173626627297e-09,2.31017689986373e-05,6.11966766561235e-10,2
"20436",0.00147669632299914,0.00142325012563819,5.04556003180901e-06,1.79358640741366e-05,1.18704043256704e-08,1.33170833239591e-08,0.997074967661025,2.07927874401403e-06,7
"20439",3.39412713856505e-05,1.18145021047268e-08,0.665082526869635,2.73669629253803e-05,7.97101655962196e-11,7.42831795054021e-06,0.208309332934565,0.126539391749326,3
"20441",0.000343606332587759,8.06694977834142e-05,9.03809217487126e-06,0.0147344774959973,0.951158218367136,0.0336739230756775,6.31233238697146e-11,6.70755194844566e-08,5
"20444",1.03835212946198e-07,1.08421618588303e-09,0.000101730373112562,2.29342212697736e-08,1.18834100732452e-10,2.85105466457378e-08,7.51363683555825e-07,0.999897361780173,8
"20448",0.0613892745664056,0.000183833544221458,0.801925979160245,9.00772492650499e-05,0.000164533758720898,0.00229538601252329,9.99331663047422e-05,0.133850982542313,3
"20536",0.00146690767262526,1.22843715421284e-06,0.160288099521859,0.00423388152886361,4.78453449762155e-09,2.23635179702731e-05,0.833984144794867,3.36974212661156e-06,7
"20538",0.716114547431715,0.00228140769521354,0.00678636850278788,0.000159439227580739,0.129365130220049,0.145291565279847,1.30787559202083e-06,2.33767214518308e-07,1
"20541",0.0247928093342643,0.64627938190593,1.68912327307376e-07,0.00217206874857214,0.326753266023202,2.30434737242617e-06,7.23025484241564e-12,7.21101418530026e-10,2
