"","V1","V2","V3","V4","V5","best$classification"
"19812",0.0251013334774934,0.000699820306793195,0.000154519300424529,6.49341671843923e-06,0.97403783349857,5
"19814",0.0028755318798387,2.72705367760384e-05,8.11137238699451e-06,0.00621846489992883,0.990870621311069,5
"19816",0.976075135228612,9.19518537219742e-06,0.000169455917372135,4.07690690915924e-06,0.0237421367617348,1
"19818",0.0572484458666234,6.79859302321978e-05,8.52297340986707e-05,0.022886398403093,0.919711940065953,5
"19820",0.99992025845452,7.7962234356014e-05,2.97368581636479e-07,8.02194934083946e-09,1.47392059316034e-06,1
"19822",0.946874915323734,0.0530878090868312,5.65105797042658e-06,5.32257022903769e-06,2.63019612351955e-05,1
"19824",0.994991358462095,8.25268694485968e-05,0.000572695477103851,0.00311634808476926,0.00123707110658284,1
"19826",0.0386795400909877,2.14657893748017e-05,0.0152501647087683,0.000106611064715312,0.945942218346154,5
"19828",0.998592370541229,0.000330438305529422,9.45998698414213e-07,6.48567952283665e-06,0.00106975947502034,1
"19830",0.000390315507239687,0.000610940930611023,0.00197117569617488,0.000270363664740424,0.996757204201234,5
"19832",0.159097870627333,0.5182848543944,2.04775471576939e-05,7.69286895049244e-06,0.322589104562159,2
"19834",0.873912454320924,0.0127199348760038,7.09147000852296e-06,0.000389413480633404,0.11297110585243,1
"19836",0.279579620138289,0.000295506515235071,0.130299048610215,8.17329074483415e-06,0.589817651445516,5
"19838",9.19420447805832e-05,8.86852323862789e-05,1.38876214761165e-05,0.00134072173153253,0.998464763369825,5
"19840",0.773579016129782,5.76321769593829e-05,0.00469481752915836,3.07559225516185e-05,0.221637778241549,1
"19842",1.90391190847295e-05,7.5009657278046e-07,0.902782313737418,6.06809653895749e-05,0.097137216081535,3
"19844",1.9160532845324e-05,1.98462491359792e-07,5.15424781002423e-05,0.999894756461643,3.4342064919973e-05,4
"19846",2.13571848901092e-05,4.67281335382584e-07,0.00572394669568383,0.234279676005815,0.759974552832276,5
"19848",3.37351022388963e-05,1.58334583702842e-06,0.000448751564205533,0.0959840677468172,0.903531862240901,5
"19850",0.000322149605264243,7.50598501405728e-06,0.000111360534059517,0.373820675574996,0.625738308300666,5
"19852",0.657461171416143,0.000256720302435309,4.47392864993484e-05,0.000980395085753507,0.341256973909168,1
"19854",3.23451705823411e-05,3.42063625509534e-06,0.000113264737040738,0.0111098757691351,0.988741093686987,5
"19856",0.00108341957225887,2.63811848462611e-05,0.000399718468456563,0.976735964701683,0.0217545160727556,4
"19858",0.0266579592987752,0.000215100884603239,7.56983460011456e-05,0.969393989877489,0.00365725159313135,4
"19860",0.306464350993686,0.00014631801901566,8.59349093622342e-05,0.000102972260263885,0.693200423817672,5
"19862",1.160516299048e-05,5.69742983702709e-07,0.0181040394979767,0.0147183266158234,0.967165458980226,5
"19864",4.05555900619195e-05,3.41794315401015e-07,0.999934233800276,6.18463452908735e-06,1.86841808176374e-05,3
"19866",0.951990974263415,3.10321151558524e-05,0.0417770419202958,3.20977113699037e-06,0.00619774192999596,1
"19868",1.90838972861756e-05,0.999719176591047,7.49481290991852e-07,7.37052959207237e-05,0.000187284734454622,2
"19870",0.000520837054734179,5.31774437681027e-06,0.00190096328157394,0.0067774341832119,0.990795447736103,5
"19873",0.0326961487786565,1.34531250289749e-05,0.00310276111929228,0.00197322691572007,0.962214410061302,5
"19875",0.993671258092477,0.000417200607896461,2.80747620039399e-06,2.14399782483366e-07,0.00590851942364333,1
"19877",0.00485696216427296,3.89477848748913e-05,0.000181388463903215,0.00412101348474569,0.990801688102203,5
"19879",0.308036265641557,0.00150682768755048,0.000391778291931007,0.00832186288220128,0.68174326549676,5
"19881",0.0133593278059193,1.82989098371367e-05,0.0307208397291711,0.00285231377775811,0.953049219777314,5
"19883",0.00478320762159811,2.53724575682488e-06,0.272367216968976,0.000233768265185483,0.722613269898483,5
"19899",0.393854430450919,0.00859576066181902,0.00330483499696928,7.09033964332683e-05,0.594174070493859,5
"19908",0.182053156623668,0.0726080487463338,0.719790697203342,0.00611668780907331,0.0194314096175828,3
"19910",0.361741544427158,9.34778323649514e-05,0.000685763011245229,0.00082709443776242,0.636652120291469,5
"19912",4.0893813073514e-05,1.76204230465267e-06,0.473673873238381,0.00176354690271418,0.524519924003527,5
"19914",0.211238623052022,0.00555861796978057,0.000258976225442673,0.00182719762616618,0.781116585126589,5
"19916",0.614514179391819,0.000106412158743779,0.384286198487941,0.000517738620942469,0.00057547134055382,1
"19918",0.000653190699463531,5.91407151762081e-07,0.00375142414530071,0.188633124889034,0.80696166885905,5
"19920",3.90834192001705e-05,3.34923959623053e-07,5.8866994933614e-05,0.903167332047417,0.0967343826144901,4
"19922",0.0213551127093996,0.646745964744393,2.08428278518824e-05,6.38278136587069e-05,0.331814251904697,2
"19924",0.012005477297447,1.86122789457667e-05,0.000339555352704902,0.04537320059331,0.942263154477592,5
"19926",0.569966576977684,0.0227014227613514,0.0281444749022406,3.15841169212791e-06,0.379184366947032,1
"19928",1.81658282675591e-07,3.53853454361737e-08,0.999992009349658,4.10952061941811e-06,3.66408609479829e-06,3
"19930",0.00112011769989291,1.58228144384018e-05,0.000109180780613787,0.000453898709988927,0.998300979995066,5
"19932",6.68113148026328e-05,1.07222843557614e-05,3.50794391291296e-05,0.0039443770242299,0.995943009937483,5
"19934",0.957917874591735,0.00206182467580841,2.98714163180285e-06,0.000181741172326929,0.0398355724184975,1
"19936",0.0115932171921867,0.00058026096773876,4.51717149391194e-05,0.000304493370735961,0.987476856754399,5
"19938",0.996395174629866,0.00289364380948534,3.6718977808301e-05,5.70922890234292e-05,0.000617370293817422,1
"19940",0.0968508670374494,1.60502915178675e-05,0.0365743997086335,0.00151015965424971,0.86504852330815,5
"19942",2.61388682162724e-06,1.67309285942557e-08,0.999964717275693,1.12442880020086e-06,3.15276777565969e-05,3
"19944",0.740090638052303,0.000100254583622848,0.00241932980859454,8.02235412007451e-05,0.257309554014279,1
"19946",0.114229377803295,0.000107147430913331,0.000341939880967157,0.0313019256899756,0.854019609194849,5
"19948",2.73094575780824e-06,5.41693857820997e-09,0.999890922212426,6.40672607493637e-06,9.99346988021876e-05,3
"19950",1.19638725032427e-06,3.25070459599944e-07,1.36702773445006e-06,0.998292500910863,0.00170461060369305,4
"19952",2.73094575780824e-06,5.41693857820997e-09,0.999890922212426,6.40672607493637e-06,9.99346988021876e-05,3
"19954",0.000254584576638935,5.3253783054658e-06,0.000110945888908751,0.00201563585048732,0.99761350830566,5
"19956",2.90962231889287e-05,0.000266457021174072,0.0157928071083581,0.682834708960744,0.301076930686535,4
"19958",0.000224355664362671,0.995088534444758,3.31629081209495e-06,0.00130475513712929,0.00337903846293736,2
"19962",0.192094349078088,0.00305494414505796,0.000726338436607489,0.219094089703537,0.58503027863671,5
"19964",0.0611609933339793,4.34424750707173e-05,0.034916756845568,0.0312759062855684,0.872602901059814,5
"19966",0.9894124579614,9.98300018410993e-05,0.0102120617304328,8.53914236008746e-08,0.00027556491490213,1
"19969",0.000794573572410094,4.42424197732369e-06,0.010481075498232,0.000250952342101427,0.988468974345279,5
"19972",0.00109689089627487,4.919710574787e-06,0.14156180164436,0.127648433593945,0.729687954154845,5
"19974",1.49003581587171e-06,4.25355614241183e-08,0.0236462022348533,0.924469814532706,0.0518824506610627,4
"19976",0.0190118419265013,2.74929511929332e-05,0.000548706278237205,0.0697766910857252,0.910635267758343,5
"19978",0.745370407971227,1.22625997891294e-05,0.00197679584324841,0.00109467613292029,0.251545857452815,1
"19980",2.28206635498825e-05,2.8383686608058e-06,8.34724876804742e-05,0.342188831897139,0.657702036582969,5
"19982",0.000292112418911843,4.29697021046455e-05,2.62741940594934e-05,0.852626489848788,0.147012153836136,4
"19984",2.07604724096132e-05,2.22533171409235e-07,9.79415585283858e-06,0.999493028179319,0.000476194659247323,4
"19986",0.999605003867222,0.000383851341055345,2.841689071393e-06,8.60172047857341e-09,8.29450093124595e-06,1
"19988",0.999366101116989,0.000632956710808776,1.4245236984963e-07,5.20074680366810e-09,7.94519085514844e-07,1
"19992",0.999368479882279,0.000619219225274332,9.52775200667442e-08,3.05654410833773e-07,1.18999605159413e-05,1
"19994",0.00134383758705961,4.69597149169425e-05,7.25823139135333e-05,0.000101425953230012,0.99843519443088,5
"19996",0.999906203410221,7.4068411296699e-05,6.73461804073892e-08,2.44045129800159e-07,1.94167871725508e-05,1
"19998",0.0478776221617345,0.000199095796940119,0.669547121467198,0.0108496430382038,0.271526517535923,3
"20000",0.000154001259709081,0.0171821950670585,0.00481446694920553,0.000768148532783246,0.977081188191244,5
"20003",0.00757497756125597,0.000214806353588292,0.00094112239220808,6.23011299420094e-06,0.991262863579954,5
"20005",1.74151055554695e-05,5.6598332047391e-07,0.0030355608957799,0.0871232239788405,0.909823234036504,5
"20007",0.63548163811088,0.00303429511597436,6.95864421760738e-05,0.00136558061826083,0.360048899712708,1
"20009",0.99713113980954,0.00080768736609431,0.000889585361353247,0.000412357196858257,0.00075923026615362,1
"20011",0.00665922077287634,1.38472733002984e-05,0.0345758059321692,0.0196094710966308,0.939141654925023,5
"20013",0.00088752273411974,2.47575407497043e-05,3.34156333827406e-05,0.118640943094024,0.880413360997724,5
"20016",0.994773455883078,0.00517942865035265,4.48337659524111e-06,1.07274947842889e-05,3.19045951899375e-05,1
"20018",0.0112971560806959,0.98870268753497,9.23545676156755e-08,3.64054843054872e-09,6.03892183635318e-08,2
"20021",0.984996445644181,0.000438654252911512,2.71173925821645e-05,3.72573655977989e-07,0.0145374101366694,1
"20023",0.922069426719209,0.0015498905566906,6.79050358103674e-05,0.000155255114973952,0.0761575225733162,1
"20025",0.54813311198103,0.451806417459812,4.40580736412845e-06,1.86942437936454e-07,5.58778093553288e-05,1
"20027",0.000252573575976991,6.03379914920767e-06,0.254470064665759,6.12575598357882e-05,0.745210070399279,5
"20029",7.86699088037885e-05,3.15542026176246e-07,0.0125856684056033,0.027457901590309,0.959877444553258,5
"20032",0.000240505379970569,1.23794130570992e-05,0.00678597844014081,6.00118073277432e-05,0.992901124959504,5
"20034",1.14522831690814e-05,3.21997411529474e-08,0.999624277650416,1.53318432754231e-06,0.000362704682346078,3
"20036",0.0480808485738548,0.00203992938548582,0.00598856791210904,0.200311622183669,0.743579031944881,5
"20038",0.993090215704638,0.00625878792089283,1.4007849088607e-06,7.3216594805571e-09,0.000649588267900793,1
"20040",0.984452974442881,0.0150200340780194,0.000507444828623062,7.67463446225523e-06,1.18720160141269e-05,1
"20043",0.995369574561931,0.000770865296270901,4.47273284103425e-07,1.19955838661705e-06,0.0038579133101276,1
"20045",0.993060658542859,0.00693808804535259,1.90756422637955e-08,1.99834695863434e-07,1.03450145043675e-06,1
"20048",5.43948794841213e-07,2.26423797787089e-07,9.39337253111803e-07,0.999938640139208,5.9650150946421e-05,4
"20051",0.318424584171179,0.0167963394162067,3.09182092173243e-06,0.0135412327481186,0.651234751843573,5
"20053",0.985872210371613,0.000103919605791485,0.0002482245591532,0.000322351016685621,0.0134532944467575,1
"20055",0.79671443211548,0.130776538151546,0.000150618037471814,1.7596164896656e-07,0.0723582357338523,1
"20057",1.56156586442873e-06,0.998429055916168,5.22959368645667e-05,0.00135352611845262,0.000163560462650317,2
"20059",0.983189596115864,0.0032978775112846,0.000971403631730838,4.4705391344154e-05,0.012496417349776,1
"20061",0.889574008390578,0.00048434258161058,0.000843565956489676,0.000244354766149064,0.108853728305172,1
"20063",0.0166675761845002,0.000751302062105691,0.00197438692333838,0.980549405769121,5.7329060935295e-05,4
"20065",0.146015708676603,0.853970569411317,2.85381783101662e-08,3.3020592557775e-10,1.36930436954821e-05,2
"20067",0.988849672667049,0.0104606937630135,4.43702750654022e-08,0.000284047442298485,0.000405541757363711,1
"20069",2.92636030394634e-05,4.30687539295538e-06,2.81654191208474e-05,0.601270130935361,0.398668133167086,4
"20071",0.365841996522962,0.00625455558488886,0.196662050697577,0.00185285869742923,0.429388538497144,5
"20073",0.000792520860432527,1.2354631931822e-06,0.000574056887882002,0.929981085707313,0.0686511010811795,4
"20075",1.23002190748793e-05,0.999686587504328,1.36530043657941e-07,1.37546809588151e-06,0.000299600278457963,2
"20077",0.983905845093293,0.000110918549416166,3.20332858285404e-05,0.000539446519527749,0.0154117565519344,1
"20079",0.156393016264552,0.00151457392797064,6.7147792069185e-05,0.775554647741415,0.0664706142739925,4
"20081",0.860162322774008,0.130455955790469,1.3944191552734e-07,1.01364534960474e-05,0.00937144554011188,1
"20083",0.00576494532974046,0.00115557352235023,0.00526543492098973,0.971308398309023,0.0165056479178964,4
"20085",0.997263768907908,0.00273464633193316,5.29819845273688e-08,1.47167773117729e-09,1.53030649711931e-06,1
"20088",0.998508866020119,0.000940490818486489,2.02151300708108e-07,2.50412255945491e-07,0.000550190597837934,1
"20091",0.00249201725172915,0.997360587441301,9.31237819045472e-09,3.96680077042535e-06,0.000143419193821566,2
"20095",0.0712259035113919,0.000374928966524406,0.054801994919259,0.857912404393151,0.0156847682096733,4
"20097",0.988974146725009,0.0110228996803635,2.65200699340151e-08,2.00727483064698e-09,2.92506728276738e-06,1
"20099",0.845082734662966,4.21623609557242e-06,0.147146435055953,0.00527680157701827,0.00248981246796798,1
"20102",0.00175370142451304,0.0706223093174156,1.32353189722998e-06,0.924998623092764,0.00262404263340955,4
"20105",0.993123740702583,0.00032822788273825,1.03889798923401e-06,0.000713107720038022,0.00583388479665197,1
"20107",0.999236005840828,0.000131055197987086,3.99315048065561e-06,7.18292557633288e-07,0.000628227518146781,1
"20109",0.663209437271527,2.23690447469805e-05,0.00163528816766146,0.311560509219603,0.0235723962964625,1
"20111",0.000190529378010257,0.523911161725479,6.2083956510707e-05,0.0197839209384836,0.456052304001516,2
"20113",0.953467800595658,0.000262226899065586,0.0271814831073418,2.03053909646859e-06,0.0190864588588379,1
"20115",0.000166892298048932,0.000377070207168937,0.00631869120469614,0.001212048572547,0.991925297717539,5
"20117",0.118990000091886,0.530629114336253,0.348682793848597,7.49087102010751e-06,0.00169060085224446,2
"20119",0.958136924644712,4.753184959597e-05,0.0414883045281469,4.70994992560983e-08,0.00032719187804546,1
"20121",0.999532428658771,0.000371847987991751,2.60395853953551e-06,2.91070975850107e-08,9.30902876007009e-05,1
"20123",0.00143744811760769,0.998528539808562,2.20982230356677e-08,1.72359973862901e-08,3.39727396103667e-05,2
"20125",0.000235384001497498,2.62558574679011e-05,2.33975885393575e-05,0.125744313498218,0.873970649054277,5
"20127",0.999696037164868,0.000287479010349798,2.20472052569932e-07,2.72157883151895e-06,1.35417738984468e-05,1
"20140",0.404463065776265,0.410817706295482,0.00236582854100492,2.5650174129446e-06,0.182350834369835,2
"20142",2.20761262856698e-06,8.51858242124619e-07,2.78412376996463e-06,0.994568891145855,0.00542526525950472,4
"20144",0.000137823502576157,0.00708730271856306,0.000103459423131426,0.00956450894950827,0.983106905406221,5
"20146",0.00675515190486637,0.00329473841154188,0.000126719244321157,0.407406076839844,0.582417313599427,5
"20148",0.00772916762166382,0.000100639475858366,3.4578399391594e-05,0.00033393058659285,0.991801683916493,5
"20150",4.77064653721904e-06,2.678746252603e-07,0.00289916462635619,0.637618074865229,0.359477721987252,4
"20152",0.0334355017015771,0.000155973320423273,0.000165818722010159,0.000252091540868037,0.965990614715121,5
"20154",0.0372861315761481,0.962681543098094,2.20504365888232e-09,9.36927659998187e-06,2.29538441145582e-05,2
"20156",0.751771577136244,0.0182495296862784,0.000499074185897538,0.0721738978745137,0.157305921117066,1
"20159",2.863866208607e-05,8.00165554914823e-06,1.86850404367517e-05,0.662972288260837,0.336972386381091,4
"20161",0.000623257311018308,5.92038988153142e-05,0.00023715677835356,0.989031306901556,0.0100490751102569,4
"20163",0.0456813175291708,0.00125410158598946,0.00126367212339138,1.47269480834628e-05,0.951786181813365,5
"20165",0.00887615523616166,2.21499078688713e-05,2.6837783105521e-06,0.990209745046595,0.000889266031063613,4
"20167",0.00488661896878276,8.58931235797194e-06,2.63471078159481e-05,0.0142038142602056,0.980874630350838,5
"20169",6.41041262326122e-07,2.74163835201019e-07,1.07005901679917e-06,0.999746788285322,0.000251226450563452,4
"20171",0.00870019349621383,0.991289774993351,1.12165151696395e-09,8.56203399663472e-06,1.46835478668144e-06,2
"20173",0.0522366091690488,1.696252128425e-05,0.730879954897402,0.215766515765356,0.00109995764690924,3
"20175",0.00180278865105404,2.22219088299324e-05,0.000428144803563936,0.0123146937986738,0.985432150837878,5
"20177",0.495566047694274,1.03506965918093e-05,0.500320027789731,0.000251781599550179,0.00385179221985297,3
"20180",0.997472630630409,0.00243761015749778,1.84798091095191e-05,2.80916552049869e-10,7.12791220675366e-05,1
"20182",6.42511045002726e-08,2.69380893777545e-05,0.00210960610329227,0.99765698025509,0.000206411301135985,4
"20184",0.000146812632895733,2.61620805636342e-06,1.47241369077745e-05,0.9588018688005,0.0410339782216402,4
"20187",0.00409061159150327,7.75337842642631e-07,0.992314085680647,0.00134508606469684,0.00224944132531012,3
"20189",0.920280414849584,9.24877773451936e-06,0.0215709540369721,2.14646543134415e-05,0.0581179176813961,1
"20192",0.804787668704433,0.155325500061917,0.033908601884712,8.85907896791515e-06,0.00596937026997033,1
"20194",0.000192481739138443,5.0675600933231e-06,0.175961086948632,0.728676907470648,0.0951644562814885,4
"20196",0.83986313594936,0.159972722709462,2.57166268015784e-07,3.73764777768029e-07,0.000163510410131751,1
"20198",0.298854897329221,0.0062210896543958,0.000871158962757632,0.00107460672309898,0.692978247330526,5
"20204",3.77169009036362e-05,1.18785800220344e-05,3.41003053960144e-05,0.600008553290566,0.399907750923112,4
"20207",0.918055664323868,0.0815556821178846,2.98920495809547e-08,4.63870792353333e-05,0.000342236586962704,1
"20209",0.000752920238775442,0.0575661395315958,0.052549071167018,1.05357902920443e-05,0.889121333272319,5
"20211",0.00121295534453229,0.998704564495031,5.69233956681905e-10,1.35831731207101e-07,8.23437594721127e-05,2
"20215",0.977072361767789,0.0010987405384531,2.3873049017793e-05,5.69025465815369e-05,0.0217481220981585,1
"20218",3.66190860405786e-06,8.265136888901e-07,3.10823814176418e-06,0.984204968550009,0.0157874347895561,4
"20222",0.928436861346298,0.0607243175309222,1.73865741860862e-07,0.000129840693305072,0.0107088065637331,1
"20225",0.000242090881241811,0.000638508762193021,0.000450745813729971,0.0317457263494394,0.966922928193396,5
"20229",0.0459760072325534,0.1245145281417,0.00366786444940118,0.00137068893060789,0.824470911245737,5
"20232",0.860673507045793,0.020684031882698,9.73076520586472e-05,3.26351502858217e-05,0.118512518269165,1
"20234",0.876665806636724,0.123327956930364,5.17600406480736e-06,2.91338945365412e-09,1.05751545761629e-06,1
"20238",0.998044960012866,0.00140285387020058,2.75158211547162e-06,1.26035406691556e-05,0.000536830994149066,1
"20253",0.998998406877111,0.000716080821642916,5.81988372500308e-06,2.11478257241261e-06,0.000277577634948485,1
"20255",0.000340718932914185,0.00036522738719603,5.65844532450493e-06,0.000416232365417754,0.998872162869147,5
"20258",0.999758172956948,6.03813476602751e-05,3.2715670049374e-06,1.02808772974431e-07,0.000178071319613526,1
"20269",0.914849039166789,0.000104867982370585,7.61132846097968e-05,0.0537944523178263,0.0311755272484039,1
"20271",0.984635170191679,1.98398169795118e-05,0.0149080544366059,3.82476065881849e-07,0.000436553078669595,1
"20285",0.005207074110544,1.30635282811862e-05,0.952644453651563,0.00156310896952949,0.0405722997400821,3
"20288",0.969505728991498,0.00221153373090474,2.13780919827578e-05,0.000121073855371253,0.028140285330243,1
"20291",0.755572946964412,0.244132727616072,1.35779682304507e-06,3.59742345521139e-06,0.000289370199237555,1
"20295",0.737719181559753,0.000198026473510507,0.170473511949469,0.0240393725544883,0.0675699074627791,1
"20298",4.0586530448983e-05,4.31982015724157e-06,0.000105090809888535,0.00588686428170831,0.993963138557797,5
"20302",0.001133356783963,6.98704928537496e-06,0.00265114513912861,0.726421550997217,0.269786960030406,4
"20305",3.22961450177257e-05,1.8777101941989e-06,0.00198908886809838,0.00117173451835884,0.996805002758331,5
"20307",0.999571246506017,0.0004003594919308,6.64588570786743e-08,5.06108474987223e-08,2.82769323473745e-05,1
"20310",0.997993673380855,0.00200423853446371,1.10190069682118e-06,4.15353441545136e-08,9.44648640175256e-07,1
"20313",1.77005560630336e-07,2.36772304288977e-08,1.84578991835354e-05,0.999371827846983,0.000609513571042528,4
"20315",0.999132439566445,0.000101224247608146,2.83452174732244e-05,6.38119433591627e-07,0.0007373528490401,1
"20319",0.396753596903936,0.602963906503236,5.35909602016183e-07,2.27897891921446e-07,0.000281732785334424,2
"20321",0.999811696494076,7.37212774568972e-05,3.03466045923305e-06,9.07415447324078e-06,0.000102473413534754,1
"20327",0.999880917995612,9.79263035380278e-06,5.40958279060594e-05,2.95127076993099e-07,5.48984190508248e-05,1
"20329",1.6212386112952e-06,2.78889995496622e-09,0.999630409755571,0.00013732035137692,0.000230645865540938,3
"20335",0.899640710733486,0.100330578340972,4.68723096205411e-09,1.70518022835272e-06,2.70010580827837e-05,1
"20337",5.19479049786865e-05,9.67477201882716e-06,2.19162650375264e-05,0.313082087016481,0.686834374041484,5
"20339",0.00761298845976529,0.979293407904464,0.000770592949832351,4.11701625426596e-06,0.012318893669684,2
"20341",0.0274366286489853,0.972046650189825,3.81218348075109e-08,0.000459419011682924,5.7264027671913e-05,2
"20343",0.991380638909424,0.00850118845103112,3.81169448563997e-07,9.52331028770561e-05,2.25583672189542e-05,1
"20345",0.0048637439318949,4.536701734873e-05,0.026399024015195,1.25229139369592e-05,0.968679342121624,5
"20350",0.45787228905433,0.341062534567305,0.0115144544738995,0.0281243985117979,0.161426323392668,1
"20352",2.57522341319627e-06,2.77142928680163e-07,8.14943437479496e-07,0.999539179768659,0.000457152921561867,4
"20355",0.00346949028630087,0.000204944931092465,0.000223472144194021,0.96976587218257,0.0263362204558424,4
"20358",2.4099571768191e-05,8.4636971128593e-08,0.941837221453463,0.0247756532741649,0.0333629410636328,3
"20363",0.999522531619397,6.73146205838518e-05,9.24396225670646e-07,7.19995834286753e-06,0.000402029405450994,1
"20365",0.443153660297179,0.511874110378396,9.62990572420336e-07,2.76266646836827e-06,0.0449685036673845,2
"20379",0.000444154710713527,0.000647863038675354,0.00039075565568946,0.00172729861352576,0.996789927981396,5
"20387",0.998024267903992,0.0012955583455908,2.35892565900341e-07,3.66114264903053e-07,0.000679571743586833,1
"20392",0.00287475278510613,0.997094101412706,7.46396714088948e-10,1.20255341990348e-08,3.11330302564319e-05,2
"20395",0.0171332749439702,0.000265640054122108,7.31778109076219e-05,0.00125640904705163,0.981271498143949,5
"20397",2.41451789188861e-07,1.16357399739239e-08,0.99056276158105,0.00935274798432091,8.42373471001658e-05,3
"20410",0.988521763394121,0.000540554125008208,0.000517783548430927,5.31619873420356e-08,0.0104198457704527,1
"20414",0.00115032667045888,8.36695673841023e-06,0.000121537916099133,0.358769355007379,0.639950413449325,5
"20417",0.0867305248513058,0.913179106419603,9.00553532425613e-05,1.45521832519402e-08,2.98823665544993e-07,2
"20419",0.999937050174418,1.68044244263192e-06,3.12298207000255e-05,1.35173715669891e-06,2.86878252826583e-05,1
"20421",0.00369594811765303,0.0143802113671199,1.36742351113127e-05,0.717896171232534,0.264013995047581,4
"20423",0.000264664482329871,0.000110980531565435,1.26415953860554e-05,0.420260383236414,0.579351330154304,5
"20425",0.00064024654830594,0.000370472595261225,5.04475520474196e-06,0.616086402234794,0.382897833866434,4
"20427",0.0472475095492384,3.38356590615488e-05,0.000108320949916486,0.000393897849022166,0.952216435992761,5
"20429",0.995477562870651,0.00382334307903965,0.000299899911378612,0.000221882180589159,0.000177311958341508,1
"20432",4.92294632675615e-05,4.15527032932132e-07,0.000495388053920487,0.862848686815153,0.136606280140626,4
"20435",0.792649407118636,0.0234646903409726,0.00034428179254891,1.31061255813237e-05,0.183528514622261,1
"20438",0.999133445329104,1.70796120752991e-05,0.000121069733732264,0.000327062189591167,0.000401343135497831,1
"20440",0.999781435117304,2.45693299675466e-05,2.35785942336089e-05,1.92294256488235e-05,0.00015118753284558,1
"20443",0.000214400329043354,3.0743451431691e-05,9.34630633693419e-06,0.998017380095656,0.00172812981753162,4
"20446",0.567158460357462,0.00149635110238985,0.00297062594261437,0.00503378533818341,0.42334077725935,1
"20449",0.792420018099518,0.0132575428241831,0.000337893442823699,2.88162117745925e-05,0.193955729421701,1
"20537",0.724219013703556,0.267512903744817,3.93609444235581e-06,0.00022766176237948,0.00803648469480465,1
"20540",0.00865326265424366,0.991333567336357,1.54981669616733e-08,8.18469429049357e-09,1.31463265378345e-05,2
"20543",0.211308690979581,0.000706314777591496,8.94343144169178e-05,0.00493025826035822,0.782965301668052,5
"20545",0.00123406555080796,0.998709258319876,3.11732459881416e-10,4.67462924484537e-07,5.62083546594105e-05,2
"20549",0.0497736512474945,0.00357045579675026,3.25979435167484e-06,0.0180046693823757,0.928647963779028,5
"20551",0.974448674562426,0.0013898661988652,6.46104441131916e-07,0.000133623432552496,0.0240271897017152,1
"20554",0.995478291967103,9.80274087474836e-05,1.15057410586558e-05,1.37987786594445e-05,0.00439837610443184,1
"20556",0.190179431934407,0.108503112545634,5.52538465248913e-06,0.00148956462593443,0.699822365509373,5
"20558",0.999772607555494,0.000148188160815847,9.40885108575027e-08,3.02727927563727e-07,7.88074672512147e-05,1
"20560",0.97760937229622,7.37408303344722e-05,2.79073078841668e-06,0.00409681518630485,0.0182172809563521,1
"20563",0.999762358296002,0.000225936096994281,3.34888733772821e-07,9.09345984313587e-07,1.04613722855861e-05,1
"20565",0.856890973538963,0.00110104540978433,1.11475356407708e-05,0.0246454435451712,0.117351389970441,1
"20567",7.98467237529536e-05,1.88068691183662e-06,0.0002568171047284,0.908130327504676,0.0915311279799303,4
"20571",0.971241464750284,0.0261473865056547,0.00116990181525683,3.81658178319204e-05,0.00140308111097301,1
"20573",0.953035826886117,0.0038514515243828,5.35560515546395e-06,0.00063671739596939,0.0424706485883758,1
"20575",0.999878410233842,9.47191813641531e-05,4.01225559472727e-06,1.90518200021073e-07,2.26678109993569e-05,1
"20577",0.112668141327225,0.00176479183457086,0.000937147955425149,0.000118416350574037,0.884511502532205,5
"20579",2.1372876080224e-06,2.26939253320414e-08,0.114210522657215,0.884504107263417,0.00128321009783424,4
"20582",0.999884779057385,0.000103414232941013,2.46524628075038e-07,4.6117749813577e-08,1.15140672961675e-05,1
"20585",0.100127419333267,0.878902231651734,8.82282083811658e-08,1.97532519587779e-06,0.0209682854615952,2
"20588",0.00865021236232003,0.980162822861442,2.89247216843756e-06,0.000177159628668712,0.0110069126754012,2
"20590",5.64108268505159e-07,1.08436358477951e-08,0.00156440796292297,0.994511400923272,0.00392361616190023,4
"20592",0.999924382864704,6.89207107794043e-05,1.02687915096576e-07,1.17686137755694e-06,5.41687522389496e-06,1
"20594",0.999697070975412,0.000279963949398976,1.59659331516142e-06,8.60563743996145e-09,2.13598762364487e-05,1
"20596",0.988543810012401,5.25229832379423e-06,0.00230876718620763,0.000491472979773639,0.00865069752329402,1
"20598",0.988845875557153,9.6820075410882e-05,7.27947315136868e-06,7.34318537089753e-06,0.0110426817089141,1
"20600",0.0874246126023064,0.657895178082964,1.51211479491836e-06,0.00153323846580726,0.253145458734127,2
"20603",0.000577485737872544,0.00229007253109724,3.25418404820265e-05,0.00377524578587695,0.993324654104671,5
"20605",0.999182236863109,0.000389555848278264,1.5693468148904e-05,2.6370197628402e-08,0.00041248745026631,1
"20607",0.998545033746896,1.12318679642925e-05,7.61724337195788e-05,5.62173988046251e-07,0.00136699977743216,1
"20609",0.981466206285796,0.000110404104926861,2.29373141310072e-05,3.68506554121729e-05,0.0183636016397344,1
"20611",4.20461263383754e-05,2.12793297186613e-06,0.0108267487262216,0.00036926853621353,0.988759808678255,5
"20613",0.403695228653913,0.00272038053104048,0.000152942335888229,1.54763535257829e-05,0.593415972125632,5
"20615",0.248775045074484,0.0476012848228211,2.15312517993414e-06,0.00258198859775669,0.701039528379758,5
"20617",1.23945044769708e-06,3.5146325389934e-07,1.43804502977053e-06,0.997843749103181,0.00215322193808804,4
"20619",0.999939214197156,3.15752048887231e-05,2.53005235471909e-06,3.36010682048428e-06,2.3320438780612e-05,1
"20621",0.983475730785349,0.000343556620635955,7.18549844543846e-05,3.54279483060522e-05,0.0160734296612542,1
"20623",0.001766880314355,2.74564847579326e-07,0.00125695992550597,0.989214317869356,0.00776156732593585,4
"20625",0.00114124975810133,0.0218814040851999,1.10075218212161e-05,0.0435003616727617,0.933465976962116,5
"20627",0.780317525994771,0.00044426388517632,0.000777893253976306,5.21896651036908e-06,0.218455097899566,1
"20629",0.79621512529174,0.00258246452247152,1.49473363003202e-05,0.000838772829812753,0.200348690019675,1
"20631",0.99986445317247,0.00011348958599107,2.37179725832377e-07,7.93501623088916e-06,1.38850455822796e-05,1
"20633",1.13349151826512e-07,1.1969406998538e-08,9.59343157699081e-05,0.999568980620557,0.000334959745114253,4
"20636",0.000930899921102087,7.50755742031008e-06,0.0609083813943947,0.0275465062829851,0.910606704844098,5
"20638",0.132553643956732,0.0607844834921262,0.00174439649532455,0.000191666183524296,0.804725809872293,5
"20640",0.92754206291658,0.0687181304794952,1.55993007422241e-06,2.01594571094576e-08,0.00373822651439327,1
"20645",0.996313492774569,0.00368320149037334,1.89809710388074e-08,2.91463107242901e-09,3.28383945566726e-06,1
"20647",5.83747732098051e-07,2.65403902769724e-07,1.0494522286614e-06,0.999934499591698,6.36018044388193e-05,4
"20649",0.967777454288151,0.00948753334793026,2.08305266222425e-06,1.33024102650624e-05,0.0227196269009913,1
"20651",0.997127174277685,0.00281937491859096,3.49549128804597e-05,1.05995745718602e-05,7.89631627157519e-06,1
"20656",0.965683613099343,0.0326977216924619,1.43529337589946e-06,4.35146501194265e-06,0.00161287844980759,1
"20660",0.0579673295441291,0.933347451675947,0.000881444511493209,3.31460186924726e-06,0.00780045966656102,2
"20662",0.000393860849282602,2.71805820297476e-06,0.103090674029788,0.838997717329426,0.0575150297332999,4
"20664",0.879647090344364,2.73978968384982e-05,0.00958991169959344,0.100224364318411,0.0105112357407924,1
"20666",0.000544044751538806,0.0426237618306744,7.35490061274896e-05,9.23353330219847e-05,0.956666309078637,5
"20668",8.67822129412334e-05,6.78594856288191e-07,0.000178131402147675,0.512950382092488,0.486784025697567,4
"20670",0.997805083522508,0.000301823862410527,0.000956026582043356,5.05481124257712e-06,0.000932011221795486,1
"20672",5.50779822640247e-05,2.25408628659499e-05,1.51066346363252e-05,0.505419141387055,0.494488133133179,4
"20674",0.916058104756269,0.000135583750096869,0.000260570271823438,0.000169899907455646,0.083375841314355,1
"20676",1.3034736312487e-06,3.31685852134796e-07,0.932411660171188,0.00490517795371357,0.0626815267156153,3
"20678",1.52088201666691e-06,4.57625193804619e-08,0.913543161106644,0.0486036221352551,0.0378516501135647,3
"20680",0.00155761548663849,2.8552106797364e-05,1.69365278015146e-05,0.335302226914464,0.663094668964299,5
"20682",0.00318221813006224,6.83621306384436e-06,0.160716250765411,0.000933487040661498,0.835161207850801,5
"20684",0.794730094306068,0.00381039541116236,0.114307014677385,2.02021628369706e-05,0.0871322934425474,1
"20686",5.49403960422775e-06,9.06263032495094e-07,2.90460832865466e-06,0.983425769366356,0.0165649257226784,4
"20688",4.56297523976325e-07,1.08785625824798e-08,0.943523584349566,0.0549078975673163,0.00156805090703157,3
"20690",0.0405881555082081,0.957401177333925,2.9881903420357e-06,1.01352278088775e-07,0.00200757761524669,2
"20692",2.29432068825617e-07,1.23257103828019e-08,0.0191807407198671,0.979873171032301,0.000945846490052823,4
"20694",2.45170978710427e-05,1.82348457601676e-06,0.000334722155698252,0.0204732463621875,0.979165690899667,5
"20696",0.000700570233038088,2.01632976286636e-05,0.00104193074539631,0.00685288153505866,0.991384454188878,5
"20698",0.892669237250315,0.00788657778039803,2.71941420945034e-05,0.00995402743289554,0.0894629633942973,1
"20700",0.995120559863789,0.000356135328169689,0.000413132481617996,0.00302370528333223,0.00108646704309102,1
"20702",0.109506574913868,0.890314546108442,3.65901824943286e-07,4.40809669355831e-08,0.000178468994898302,2
"20704",0.814219006538331,0.000331272862807697,9.35397817372276e-05,4.34208387919193e-05,0.185312759978332,1
"20706",0.174792437166097,0.00392350411190542,0.402495806349276,0.0100996026278433,0.408688649744878,5
"20708",9.03442891471067e-06,1.10787436350967e-07,0.945111287673044,0.000496185665162932,0.0543833814454419,3
"20710",0.574475084833221,0.361208217983028,1.32102402199871e-06,1.99992129314252e-06,0.0643133762384356,1
"20714",2.24758037932979e-05,4.98234792945245e-08,6.67866211656704e-05,0.990038831421415,0.00987185633014704,4
"20716",0.992840433767346,0.000102762929173344,0.000140756054345178,5.36448559790298e-07,0.00691551080057566,1
"20719",0.109345776341233,7.54429079930082e-05,0.849191140168953,3.61137450448881e-05,0.0413515268367759,3
"20721",0.999915128880746,7.7201520429438e-05,1.4552027583463e-07,1.46408072066542e-06,6.05999782788697e-06,1
"20723",0.138387816804579,0.00113333829212771,0.843369913387757,0.000156395947831813,0.0169525355677044,3
"20725",0.0017056113171073,0.000111902660149916,4.17245420159438e-05,0.000129922021065007,0.998010839459662,5
"20727",3.69842872716556e-06,0.000105840717136412,0.000577991184513262,0.99434216505388,0.00497030461574286,4
"20729",5.38857937461099e-05,3.24980083229276e-06,0.0256872949243177,0.000253890191028873,0.974001679290075,5
"20731",0.000475264891016987,9.9873474575141e-05,0.000229527080273436,1.68055989074507e-05,0.999178528955227,5
"20733",0.87252952786475,0.00344042041222799,0.000261834552690025,1.57425582429961e-05,0.123752474612089,1
"20735",0.349140031057593,0.0128763012025547,0.000122136845242303,9.53857977840469e-06,0.637851992314832,5
"20737",4.85106458524402e-05,3.50779646006166e-07,0.237993864889859,0.0478147016167775,0.714142572067865,5
"20739",1.80440953905184e-07,4.06251701037545e-08,5.5225547638445e-05,0.99947009939714,0.000474453989097912,4
"20741",0.00588557831013458,4.96014059807861e-05,7.90884245491869e-06,0.0397092499937133,0.954347661447716,5
"20743",0.00568615868062555,4.90925532479244e-05,0.0197710387412175,0.000326471682427557,0.974167238342482,5
"20745",0.999647792500909,0.000255944659722659,6.00989187468471e-06,2.27392124446648e-06,8.79790262489612e-05,1
"20747",6.11866583353504e-05,3.79260615876268e-06,0.0267082327155447,0.000204933469020171,0.973021854550941,5
"20749",2.70938698092048e-05,4.15989711528945e-06,0.0118343439677606,0.000504920338007379,0.987629481927308,5
"20751",2.41999166729615e-05,0.00177582870357029,0.000155629490734547,0.00050632659249159,0.997538015296531,5
"20753",9.88017577447126e-05,3.90807178671326e-06,0.0041016653324443,0.000242752866876389,0.995552871971148,5
"20755",7.56904478780799e-07,8.9154690855174e-09,0.999259767477344,5.83827501900945e-05,0.000681083952517939,3
"20757",0.00417842362257716,6.24642177396572e-07,0.986703313167178,0.00742790996423732,0.00168972860382972,3
"20759",0.999628438824322,2.27974469238574e-05,5.82136940534373e-05,0.000174501832621435,0.000116048202078862,1
"20761",0.0235919835083478,6.02126056860529e-05,5.77453811393203e-05,0.00184257796334187,0.974447480541485,5
"20763",0.0670948635391554,0.000798218732965588,0.000210655243879133,0.00737118137146847,0.924525081112531,5
"20765",0.00217383569001629,4.05913251929903e-05,6.80188001932739e-06,0.00402919795543518,0.993749573149336,5
"20767",0.953600793183441,0.000296450038465636,0.0105474605413806,2.02172302783388e-06,0.0355532745136847,1
"20769",0.278523841902464,0.67929884355976,0.00615491320963914,8.9378890946347e-08,0.0360223119492463,2
"20771",0.101684033191026,8.61389994384723e-06,0.00656746520831505,0.230114845614528,0.661625042086187,5
"20773",2.6093712655078e-05,2.64230384175961e-07,0.999801836784415,6.81411850011383e-06,0.00016499115404556,3
"20775",0.00162505266766822,0.000155566541547592,0.000728726289845244,8.20124971913485e-05,0.997408642003748,5
"20777",0.0258064268246069,0.293358288869966,0.000325109365783172,0.000486288389735786,0.680023886549908,5
"20779",0.000848003197878584,4.74451060218269e-05,0.000252501252940754,2.22038320752566e-05,0.998829846611084,5
"20781",1.24639876071988e-05,0.970505622337595,0.00538951364182124,0.0188926047360508,0.00519979529692553,2
"20783",0.0213922789872596,1.29792645161455e-05,0.00278842913189743,0.00343934423122316,0.972366968385104,5
"20785",2.52043268933549e-06,6.73234190091149e-08,0.99902368805919,0.000831583366855042,0.000142140817846556,3
"20787",0.000286335896503335,3.18474135523409e-07,0.0159954125541758,0.0216978372645357,0.96202009581065,5
"20789",0.394695402400663,0.000896293742462451,0.00800945113121891,1.30842214040278e-05,0.596385768504252,5
"20791",1.09575774106684e-05,8.52159838573543e-07,0.00106612801726611,0.0646681235301848,0.9342539387153,5
"20793",0.298434482062901,0.000596647198703591,0.00172782723005508,5.9254725858991e-06,0.699235118035754,5
"20795",0.000199340670775712,2.08551949887907e-06,0.000726100440790101,0.205195457940035,0.7938770154289,5
"20797",6.18396237383499e-07,0.00259884507868638,1.07794771682261e-05,0.996187109987358,0.00120264706054983,4
"20800",0.000101204506183197,1.9610064836968e-05,1.94758530270818e-05,0.00261997185970837,0.997239737716245,5
"20802",0.00661229602500874,4.01648103776445e-05,3.11828712177613e-05,0.00192582809231,0.991390528201086,5
"20804",3.28900319300078e-05,5.58244531806532e-07,0.145309539701216,0.00377477240739078,0.850882239614932,5
"20806",8.90176235843276e-06,6.19444244657226e-07,0.00147112242647041,0.299247337254555,0.699272019112371,5
"20808",0.986575026505119,4.58770467323432e-05,0.000318698773632516,1.79574651815727e-07,0.0130602180998649,1
"20810",0.000893664941242678,1.60998865326508e-05,0.00185124098082492,0.479298349444185,0.517940644747215,5
"20812",0.00344919548404707,0.00407074321451486,6.04066222783686e-06,0.00585125427483532,0.986622766364375,5
"20814",2.80314308208373e-06,7.95572929388047e-08,0.71810493376121,0.175285672350767,0.106606511187648,3
"20816",0.124533439659176,0.00150424570480764,0.870425867076547,3.61951086311217e-07,0.00353608560838383,3
"20818",0.00733173344138351,9.6946766861609e-05,0.000155699133563166,0.00317701858834083,0.989238602069851,5
"20820",2.97176912225708e-07,1.26340451791046e-07,1.19971690059124e-05,0.999830003302548,0.000157576011082494,4
"20822",0.00369185349429587,1.3043383825678e-05,2.59951583470245e-05,0.00140514988193559,0.994863958081596,5
"20824",7.5873133317457e-07,2.88897038818162e-08,0.999761835514039,0.000163441354087665,7.39355108360622e-05,3
"20826",1.71425074589459e-06,4.27478317895197e-07,1.7488341390308e-06,0.995913241714535,0.0040828677222618,4
"20828",5.43948794841213e-07,2.26423797787089e-07,9.39337253111803e-07,0.999938640139208,5.9650150946421e-05,4
"20830",4.61373727252032e-05,5.81816196714068e-06,0.0159506278293165,0.000498407780017355,0.983499008855974,5
"20832",0.351656550252812,0.000188877330371983,0.000233476224728632,0.0520470054185441,0.595874090773543,5
