"","V1","V2","V3","V4","V5","best$classification"
"19811",6.6865775215329e-05,6.84245557799662e-07,0.946902074668302,0.0512995543075737,0.00173082100335133,3
"19813",2.35853038890369e-06,9.85877530744854e-09,9.51754574255565e-05,0.999902133428061,3.22725348967128e-07,4
"19815",0.00182212857419274,0.000625040847004948,0.997523458078519,4.26334997107973e-06,2.5109150311773e-05,3
"19817",0.000214525418537641,2.1028015805546e-05,0.998730461638831,1.51002823742171e-05,0.00101888464445188,3
"19819",0.870097636542234,0.129790424018919,0.000110833372956741,2.33903633514334e-09,1.10372685427518e-06,1
"19821",0.00208088309980249,1.13983027217076e-06,0.93091992831109,0.0216941595871758,0.0453038891716596,3
"19823",0.000778880296737328,0.0585775796732717,0.940121372670355,1.12327916018324e-05,0.000510934568034213,3
"19825",0.154641077355582,0.000805251623503684,0.00552640612498018,0.00712599265397267,0.831901272241961,5
"19827",0.000583931336954429,0.000141622657965801,0.46068415244648,1.88537622231473e-06,0.538588408182377,5
"19829",0.985743323186834,0.000122565169105348,0.00353293079585849,8.26504577256241e-06,0.0105929158024301,1
"19831",0.894318404825572,0.104999699744225,0.000677846728092334,2.64965004234079e-06,1.39905206830354e-06,1
"19833",4.20818181275526e-05,0.99992523768319,6.09158949175622e-06,6.85663693613567e-06,1.97322722548886e-05,2
"19835",0.00208088309980249,1.13983027217076e-06,0.93091992831109,0.0216941595871758,0.0453038891716596,3
"19837",0.00152654710427945,1.82887863526054e-05,0.938235302750861,1.09118390440901e-05,0.0602089495194635,3
"19839",0.957864656715263,4.44698213059234e-05,0.00804359621826656,0.00249950828952439,0.03154776895564,1
"19841",2.56011732498184e-05,7.25013642176694e-08,2.37915568286111e-05,9.67830081344343e-05,0.999853751760423,5
"19843",0.975629069022151,0.000128783499759882,0.000133224492429282,0.0241088234943355,9.94913245412753e-08,1
"19845",7.42037185560373e-06,3.65838551364761e-07,0.0835075182679557,0.916437988426121,4.67070955167703e-05,4
"19847",0.00572329439634745,9.83716557668026e-05,0.987104420294517,0.00704578115788036,2.81324954888215e-05,3
"19849",2.80359746593322e-07,3.56242092363541e-09,0.000142520730904738,0.999856442648569,7.52698358922219e-07,4
"19851",7.81135845523217e-05,2.68783510047472e-05,0.999755473814733,4.57820380550067e-05,9.37522116546273e-05,3
"19853",2.82604963219804e-06,0.000181830720693138,0.9685554203786,0.0299179883564809,0.00134193449459371,3
"19855",1.25044827283376e-05,9.4122447553061e-06,0.990409655549389,0.00177152553417239,0.0077969021889552,3
"19857",0.0112052952600106,3.54747425643416e-06,0.949967217271473,0.0153747352350059,0.023449204759254,3
"19859",0.00150650906546679,0.000134156022032089,0.982933420545529,2.88666860659656e-05,0.0153970476809064,3
"19861",6.18798278646234e-05,2.35452886944901e-06,0.851768770706529,0.148052890613122,0.000114104323615105,3
"19863",3.11948968401515e-07,5.18070829535426e-09,6.08866718350149e-05,0.98888749006612,0.0110513061323684,4
"19865",6.62490551782308e-06,9.4931772342525e-08,0.00266063282899519,3.54420954164602e-06,0.997329103124173,5
"19867",0.00102248678560058,3.64795532678268e-05,0.991278039252371,0.00765569373325218,7.30067550861003e-06,3
"19869",5.55591202253722e-07,1.01635201848291e-08,0.0086187618125766,0.991220209353785,0.00016046307891553,4
"19871",0.00419275400455676,0.000148650442764549,0.937483958339255,5.67260824105929e-06,0.0581689646051823,3
"19874",3.26701029690965e-05,1.51409511690526e-05,0.205072255097451,1.48775872173361e-05,0.794865056261193,5
"19876",7.73489906946239e-06,6.36390096868836e-07,0.56660474465027,0.000752099095535357,0.432634784965029,3
"19878",0.704022851629135,0.0164465743258618,0.277820819663675,0.00127598471166752,0.000433769669660318,1
"19880",2.38761341553476e-07,1.9099102195581e-08,0.001160746801751,2.54355564579564e-05,0.998813559781347,5
"19882",5.01936328052317e-05,6.90026563005185e-06,0.743242054847398,0.254596798830167,0.0021040524240003,3
"19885",0.00678086877697596,1.23008394502338e-05,0.992325428952547,1.70453384537827e-05,0.000864356092573477,3
"19907",0.000402992348293264,1.07859553908614e-05,0.931293442701206,0.0682499185675009,4.28604276092756e-05,3
"19909",0.984187287365907,4.66357579313453e-05,0.0154644052489825,0.000282765740948387,1.89058862305027e-05,1
"19911",0.935120401391816,0.00109446986642307,0.0341421489926384,4.28249768409001e-05,0.0296001547722818,1
"19913",8.90198238958256e-07,1.11497746771054e-07,2.78118562695431e-05,1.2850915871234e-06,0.999969901356158,5
"19915",3.66182676034166e-05,1.2283151343659e-05,0.498861665167673,7.67895241764508e-06,0.501081754460962,5
"19917",7.93784782700111e-05,2.20901497036902e-06,0.0150540384081982,7.22057528490353e-06,0.984857153523277,5
"19919",0.000496738856404772,6.10169583790095e-05,0.851354065840589,4.4533910516105e-06,0.148083724953576,3
"19921",0.000311599092679695,1.37980056915011e-05,0.999292296627459,0.0003598100529803,2.24962211895312e-05,3
"19923",0.0645287536988317,0.0311548641240128,0.903573218008175,0.00073685468270422,6.30948627580072e-06,3
"19925",2.54761146634135e-05,3.71773044502589e-06,0.060295933894156,2.77106990459815e-06,0.939672101190831,5
"19927",9.10311901423633e-05,1.33893232761574e-05,0.999391217472556,5.92895522460978e-05,0.00044507246177947,3
"19929",7.01421710919692e-07,7.36038585159407e-09,0.000221976588030288,0.407256872477834,0.592520442152039,5
"19931",0.00097520197501692,9.32457006513423e-05,0.997407660631958,2.8430935703248e-06,0.00152104859880295,3
"19933",0.666620656972585,0.00105955626045707,0.330278890337464,1.81322330370643e-06,0.00203908320619063,1
"19935",0.0813102328797335,1.24459376566898e-05,0.915544603845358,0.000999272977384841,0.00213344435986695,3
"19937",0.000375025376411157,0.000254981257541712,0.999327265066944,6.49573318989867e-06,3.62325659128665e-05,3
"19939",0.00092630935286997,0.000125304918605277,0.997248309178438,1.36146351734405e-05,0.00168646191491289,3
"19941",0.90787079983201,7.86674101525403e-05,0.00999605469707971,0.000497885856967368,0.0815565922037909,1
"19943",2.16864528598886e-06,7.83430424755105e-07,0.000976490060863064,3.97030190078053e-07,0.999020160833236,5
"19945",0.871023835329267,0.00233794144338752,0.126561778847193,7.71283324138469e-07,7.56730968290807e-05,1
"19947",0.122754401685769,0.000211915260524814,0.0230637362341162,0.0254113893173429,0.828558557502247,5
"19949",0.242248960048609,0.0265369578497971,0.73118725600708,1.20704462224625e-05,1.47556482919888e-05,3
"19951",0.00215912673434633,5.71310396678813e-05,0.351903741401046,2.81084143456134e-05,0.645851892410594,5
"19953",0.178169755796313,0.819188236240682,0.00264168955492662,1.78068929120493e-07,1.40339148717525e-07,2
"19955",0.946707502914902,0.0451237094645477,0.00813021947129367,3.45642818486232e-05,4.00386740854002e-06,1
"19957",0.0014081531841247,0.00162545997367548,0.11194774812107,4.68974370139787e-05,0.884971741284116,5
"19960",0.996285594037804,0.000119089317471882,0.00315861881847616,6.44628937294143e-05,0.000372234932518405,1
"19963",0.000489709170240308,0.0562879584703972,0.000619299818319504,0.000120325186974452,0.942482707354069,5
"19965",0.998911379604075,0.000438813135550725,0.000553593772470713,9.61702723768319e-05,4.32155267803409e-08,1
"19968",0.00198636107664374,2.81952427574804e-08,0.0153681810950117,0.184946457848466,0.797698971784636,5
"19971",0.00153380495540517,0.00395473177435012,5.27360731404551e-05,1.70103281264062e-06,0.994457026164292,5
"19973",0.000214838928597899,1.61465509224534e-06,0.992126881349347,8.34401352119026e-05,0.00757322493175082,3
"19975",6.06481741373864e-05,1.19351804476389e-07,0.0277300033443053,5.55752849708284e-05,0.972153653844782,5
"19977",0.000172958363782568,0.000145811095274337,0.0018944963049257,0.00031644150010967,0.997470292735908,5
"19979",0.999702134459285,0.000290386887547929,5.81954669987864e-06,1.83148942644285e-09,1.65727497763924e-06,1
"19981",0.0169889261747364,2.63447753237921e-05,0.980943399861495,0.00118492073642911,0.000856408452015733,3
"19983",0.0266655967707792,0.000157312960558533,0.9723903363598,0.000737303869710999,4.94500391515277e-05,3
"19985",7.71396453756902e-06,8.27827608466449e-07,0.16484557685911,7.95741686686113e-05,0.835066307180075,5
"19987",0.0513295276765218,0.00012963489416661,0.880865179990977,1.2788699992393e-05,0.0676628687383422,3
"19989",0.9965746699279,0.00335230781980791,7.30066245949143e-05,4.30366437074488e-09,1.13240326143475e-08,1
"19993",0.335394472370149,0.00131303602455362,0.637225957379717,3.40482792392525e-06,0.0260631293976567,3
"19995",0.744436138978994,0.000408923870131534,0.248142955972074,1.45961305571409e-05,0.00699738504824393,1
"19997",7.24144959664286e-05,6.23995959992937e-06,0.986508699770906,9.42043765627856e-05,0.0133184413969645,3
"19999",1.43283691600091e-05,5.53740286025956e-07,0.91603560035773,0.00206611927981399,0.0818833982530098,3
"20002",0.000315484655035658,2.77324357581564e-06,0.000549288369674005,0.500419573937874,0.498712879793841,4
"20004",0.86320209770037,7.26365713353651e-05,0.12492593958173,0.000600795567407741,0.0111985305791567,1
"20006",0.962851153196105,0.00486654038474039,0.0276263835332652,0.00358298072366802,0.00107294216222137,1
"20008",0.928457383760773,0.0212514425176723,0.0493854837304483,0.000486879359032927,0.000418810632073174,1
"20010",0.911473177949947,0.0401454982921355,0.0483744952312035,6.67609133704709e-08,6.76176580056707e-06,1
"20012",9.9120519297984e-05,8.05218792268142e-07,0.17933980756488,0.0129233614717694,0.80763690522526,5
"20015",0.999945480126854,6.46809940461172e-06,4.64323088346654e-05,1.55069372143802e-06,6.87711852156425e-08,1
"20017",4.80129471716183e-05,8.198188655603e-07,0.958681718953675,0.00449963402455427,0.0367698142557336,3
"20019",0.997545507218076,0.00245305357486654,1.42700689577631e-06,6.85478941165375e-10,1.15146827605842e-08,1
"20022",0.990195259993531,0.00163146498099553,0.00817057219595141,5.83002312029512e-08,2.64452929106687e-06,1
"20024",0.541517714904737,0.45844300933056,3.87942657282464e-05,3.59992144421653e-07,1.21506829529363e-07,1
"20026",0.541517714904737,0.45844300933056,3.87942657282464e-05,3.59992144421653e-07,1.21506829529363e-07,1
"20028",1.8680157715093e-05,2.55508953872521e-06,0.785789483773745,0.000338460253927019,0.213850820725074,3
"20030",0.99961926504039,9.12754641977688e-06,0.000194471616952412,1.02290259009097e-05,0.000166906770337209,1
"20033",0.00174792954758632,1.04387779444384e-05,0.707518159093096,6.95862090195448e-05,0.290653886372354,3
"20035",0.996276038651279,0.00372006818473038,3.87793490202656e-06,1.61786199423153e-09,1.36112261925749e-08,1
"20037",0.999560795308134,0.000433928212992343,5.23244769045976e-06,4.35243088259271e-08,5.06874157771155e-10,1
"20039",0.000431157025120937,0.999568142031413,7.00218130324945e-07,5.38518870927836e-10,1.86817005533088e-10,2
"20041",0.25915255620429,0.0575674940468514,0.682163898192482,0.00018051421598998,0.0009355373403864,3
"20044",0.356864970937315,0.0825160560900962,0.550602520061325,0.000188032638035987,0.00982842027322692,3
"20047",0.994271765325989,0.0057275784616882,5.11319357254233e-07,5.09338378198828e-10,1.44383627466624e-07,1
"20050",0.151134123090575,0.827493169158812,0.0213255172898727,6.55308475069838e-09,4.71839076553206e-05,2
"20052",0.0178024452551894,0.0014401471609766,0.948615271942841,1.08874358336233e-06,0.0321410468974098,3
"20054",0.99931887667455,2.76465852767144e-06,0.000642381871447034,2.7506019810598e-05,8.47077566447207e-06,1
"20056",0.000184197459466368,4.28758137178121e-06,0.00177313490231022,1.09255283233372e-06,0.998037287504019,5
"20058",0.998866233762209,0.00107107593123438,6.26440216579801e-05,4.35389743151342e-08,2.74592384425567e-09,1
"20060",0.00107019321802963,3.26777367971057e-05,0.998322608524808,3.13875010120441e-05,0.000543133019352731,3
"20062",0.00828690217665154,5.1319634606183e-05,0.991442474628818,4.16075536077629e-05,0.00017769600631617,3
"20064",0.966416497248849,0.000119954175772369,0.0330829545264216,4.23425048650568e-07,0.000380170623908271,1
"20066",0.99994120831513,2.33067528282259e-05,1.6698485924624e-05,1.54197205590043e-06,1.7244474060763e-05,1
"20068",0.000107891117539887,5.23342368518014e-06,0.998307395926096,0.00147513177307828,0.000104347759601142,3
"20070",0.000173363512663385,0.000469128788329116,0.999204607943258,9.62562805160734e-05,5.66434752335267e-05,3
"20072",0.993993944380018,5.07585860207012e-05,0.000999843683996113,0.00495540043299786,5.29169677598078e-08,1
"20074",2.08318104083397e-07,1.68817252204916e-08,6.89302300744384e-05,0.000641944575722785,0.999288899994373,5
"20076",0.0127201361356542,4.24655923148659e-07,0.051742492350303,0.26684296026454,0.668693986593579,5
"20078",0.946909408330578,0.00298227125444324,0.0499017439705191,1.941519348263e-06,0.00020463492511138,1
"20080",0.998934563539802,0.0010567944221916,8.60016620192882e-06,2.48354154712674e-10,4.16234498855609e-08,1
"20082",0.00828977314696317,0.991682595298774,2.74802994928679e-05,1.29614775083492e-10,1.51125155237143e-07,2
"20084",0.933555276978762,0.0127839571097422,0.0164191576543195,6.55012861235652e-07,0.0372409532443155,1
"20087",0.958358361415094,0.000896535141491262,0.0406842072072107,5.9684314841081e-05,1.21192136293686e-06,1
"20090",0.974154165616744,0.0257409470454109,0.000104660809987098,6.73719157500709e-10,2.25854138541723e-07,1
"20092",0.0287617050143627,0.842064103196583,0.128109209971294,0.00106472734017909,2.54477581548766e-07,2
"20096",0.0106194945114222,0.40406049328994,0.577274701936485,1.5369746931838e-05,0.00802994051522029,3
"20098",0.000496399786478332,2.29338390699998e-05,0.72760472928283,1.09769139096102e-05,0.271864960177712,3
"20101",0.998157776769883,0.00147041263775786,0.000209436573801873,6.26316301189874e-09,0.000162367755394391,1
"20104",0.000246189120770821,0.072896102347733,0.546258147084129,0.378385359706904,0.00221420174046322,3
"20106",0.998452978698984,9.60133042719196e-05,0.00138026755611797,1.89330881566914e-08,7.07215075375202e-05,1
"20108",0.000787184274425036,3.66612715243519e-06,0.964242800707391,0.000352493702646507,0.0346138551883851,3
"20110",0.00885598280877136,0.291621685551646,0.576486283536122,8.07807699259005e-07,0.123035240295761,3
"20112",0.953615593626127,0.0190901721797999,0.0272555426242465,8.7405315903796e-08,3.86041645111993e-05,1
"20114",0.812652028526334,0.00192496349711122,0.0681249820558158,4.54411654736173e-06,0.117293481804191,1
"20116",0.966234622227568,1.2561735461781e-05,0.00753804644809802,6.57931469998159e-05,0.0261489764418726,1
"20118",0.0755005495489701,0.000410782313673318,0.818643708254461,5.74311636943319e-06,0.105439216766526,3
"20120",0.961958181293755,0.0271333175437588,0.00989596661701693,4.80504507466581e-09,0.00101252974042354,1
"20122",8.47107818567134e-06,6.42145755308515e-08,0.0013291296589733,2.14259153892553e-05,0.998640909132876,5
"20124",0.997695290167704,0.00226287097986025,4.15639303212733e-05,2.70074830355017e-07,4.84728450191254e-09,1
"20126",0.0104497379173233,0.989541636768364,8.04644405400576e-06,2.65125798551803e-07,3.13744460388569e-07,2
"20128",0.26921768058992,0.730782060404569,2.50047545995718e-07,5.5974838287416e-09,3.36048116148583e-09,2
"20141",0.000175891566126349,0.0322636346091503,0.848643691227486,0.000187588637644773,0.118729193959593,3
"20143",1.87221828728226e-07,1.8511515974932e-08,3.06625211147723e-05,1.40542159296696e-05,0.999955077529611,5
"20145",0.982185642260933,0.0047337114907449,0.0130700686017979,4.68493587796298e-09,1.0572961588424e-05,1
"20147",0.997358480597891,0.000159795149746848,0.00247317857294723,4.23219262922952e-08,8.50335748870241e-06,1
"20149",1.1958843845658e-06,1.39601087901737e-07,0.00121184052115422,1.31232575852521e-05,0.998773700735788,5
"20151",0.000611433183916921,1.09739490010412e-05,0.891845924728595,9.77089747497211e-06,0.107521897241012,3
"20153",0.00212281613893647,0.0127468058924552,0.374849495076403,1.5395504122446e-07,0.610280728937164,5
"20155",0.99931035712545,0.000238245703778814,0.000450730841911531,1.08970727501711e-07,5.57358131976393e-07,1
"20157",0.000230024642630117,2.31750673435525e-05,0.356518437069835,7.28932060846035e-06,0.643221073899583,5
"20160",3.87234677255798e-07,4.2330725251358e-08,4.82532456011784e-05,2.3756869716791e-06,0.999948941502025,5
"20162",4.62690485010729e-07,4.69677330261961e-08,0.00287254520441588,1.36287756042394e-05,0.997113316361762,5
"20164",0.000179061079160033,4.69413656779352e-05,0.0624429413443927,7.02551810099676e-06,0.937324030692668,5
"20166",0.99836733624411,1.03599238844719e-05,0.000159878978693605,0.000248501914581187,0.00121392293873028,1
"20168",0.00388354832381968,8.03638752156583e-07,5.14963642836638e-05,0.994998558123241,0.00106559354990347,4
"20170",0.000368388472016206,7.68237215348618e-05,0.632554520144353,4.33293172906888e-06,0.366995934730367,3
"20172",0.994026212190713,0.00127686551136341,0.00469677044356597,6.77126485156147e-08,8.41417087811678e-08,1
"20174",1.57075479236001e-05,1.48681586549739e-07,0.466040606487303,0.201318195681573,0.332625341601614,3
"20176",0.000255249189367396,6.41684762957975e-08,0.000157795486588827,0.999576782312084,1.01088434834526e-05,4
"20178",4.54576799673396e-07,8.71075918031544e-08,2.97797546084627e-05,1.22720890873984e-06,0.999968451352091,5
"20181",0.99463780279932,1.31459133756725e-05,0.000210844785403571,2.23079705279972e-06,0.00513597570484793,1
"20183",0.00426699756088113,0.00105368559083838,0.994654695786262,6.78249274527616e-06,1.78385692735758e-05,3
"20186",0.0232844215378132,0.00441274730498074,0.968532202405954,0.00377014813470341,4.80616549127518e-07,3
"20188",4.32669852830775e-07,9.58116892691854e-08,0.000286763523708313,1.65092284433022e-06,0.999711057071905,5
"20190",0.999901957190276,2.51253580684554e-05,7.22982788397763e-05,5.82296425914169e-08,5.60943173312395e-07,1
"20193",0.0031209211519379,3.47042166766103e-06,0.000547349449331055,0.0374786482033155,0.958849610773748,5
"20195",0.00231759651660014,4.6073758125996e-05,0.219423340616738,7.04345019840457e-06,0.778205945658337,5
"20197",0.996192692279149,0.000519533474131062,0.00328747594987239,1.62130858874285e-07,1.36165988280617e-07,1
"20199",9.16930628833951e-06,1.12064277600682e-05,0.064676821304904,2.98284918323742e-06,0.935299820111864,5
"20205",0.00032185765181007,0.999627902690096,5.02300193648219e-05,4.76768804851843e-10,9.16196081085107e-09,2
"20208",0.00267576202242585,1.89728568823418e-05,0.978145017568629,6.46421224624235e-05,0.0190956054296007,3
"20210",1.71153831729026e-06,2.1290023114118e-07,0.0096865426191708,6.18643832950444e-06,0.990305346503951,5
"20212",0.000216796123348755,9.15110579007204e-06,0.126155533072759,1.16879267176282e-05,0.873606831771384,5
"20216",0.99679881244921,7.79038827985657e-05,0.00303292353920003,5.23391164692946e-07,8.98367376267663e-05,1
"20219",0.402423603273168,0.584104777917859,0.0133818174427163,1.23059064906156e-08,8.97890603495141e-05,2
"20223",0.997489688674948,0.00035475695918636,1.95843107427459e-05,0.0021359681523408,1.90278189231463e-09,1
"20226",0.0616124453019557,0.0069233506773111,0.929593987469715,3.82648141179446e-06,0.0018663900696062,3
"20230",0.999863113307804,0.000107736574298695,2.90297510718555e-05,4.5989999362915e-08,7.43768256380907e-08,1
"20233",5.17873076888239e-06,0.996625939519032,0.00333377831983826,1.37430857204743e-06,3.37291217890031e-05,2
"20235",0.964048322830662,0.0351641731979605,0.000581237302182795,0.000206256744622941,9.92457103893652e-09,1
"20239",0.976880259747424,0.000928817543258637,0.0187227307077671,0.00346597299894425,2.2190026059277e-06,1
"20254",0.00861742593183678,0.991376793770678,5.76981941145246e-06,2.13968611658356e-11,1.04566771481452e-08,2
"20256",0.999577931858218,0.000298240577210107,0.000123216956238076,6.00621981436206e-07,9.9863521385315e-09,1
"20262",0.000153627893059882,6.65174989376502e-06,0.27928591881706,4.87362904859874e-06,0.720548927910938,5
"20270",0.968233920685915,3.54537403213208e-05,0.0225732967676708,0.00327630749612909,0.00588102130996361,1
"20284",0.0126670075631761,0.332677498790324,0.654618458235495,7.55421436888299e-07,3.62799895681283e-05,3
"20287",0.999832108928633,0.000165339521947762,2.34892163202467e-06,2.00927095598966e-07,1.70069126992448e-09,1
"20290",0.00303588547699311,0.9925119996254,0.004419182422142,1.07356206005486e-09,3.29314019027811e-05,2
"20293",0.935395865722504,0.00238641318210519,0.0621960643784352,1.75662413214457e-06,1.99000928231516e-05,1
"20296",0.00958348384414388,2.98133410346116e-07,0.263686228185606,0.0184313064377619,0.708298683399078,5
"20301",0.999392652826331,0.000593478039927315,1.80997684627996e-06,8.20623735113936e-08,1.19770945217939e-05,1
"20304",0.0101516611913567,0.989786420344597,6.16496142670242e-05,4.08531393847571e-10,2.6844124833421e-07,2
"20306",0.997805557641505,0.00214520911405507,4.91746766645132e-05,5.56691520081582e-08,2.89862368010369e-09,1
"20309",0.557775263846773,0.00578705104120357,0.436225504330736,2.84053924717374e-06,0.000209340242039944,1
"20311",0.991195907580115,0.00107928860922876,0.00722027735666664,2.60506018441942e-06,0.000501921393805399,1
"20314",0.00350263509764239,9.62810922737915e-05,0.963530064343171,1.30101757443958e-06,0.0328697184493381,3
"20318",2.30892915776897e-05,1.92969409209742e-07,0.000107751455258789,1.51562875075037e-05,0.999853809996247,5
"20320",0.00265467122540272,0.00631285006592079,0.9882040182558,3.95733329767814e-05,0.00278888711989952,3
"20326",0.00486773886217329,0.000221982980364755,0.916068930518144,3.15285621979863e-06,0.0788381947830981,3
"20328",0.00147459858046149,0.00261999113762818,0.995876102674156,1.07941364245295e-05,1.85134713295327e-05,3
"20330",0.961368459030938,0.031987762227764,0.00663334647985992,6.438526597585e-06,3.99373484028223e-06,1
"20336",0.0199330442612901,0.930651073914962,0.049414116588994,2.98406790839738e-08,1.73539407470151e-06,2
"20338",0.0260662005645622,0.970924836348096,0.00287060411207903,1.1645369471471e-08,0.000138347329893658,2
"20340",0.999493473294395,0.000495114545744247,1.1266975716268e-05,1.04238355124191e-07,4.09457896327851e-08,1
"20342",0.000752535740573798,0.998659429978201,0.000321076510098145,5.95838207724369e-05,0.000207373950354884,2
"20344",0.996549812947568,0.000677136131209637,0.00277177430725224,5.58496690971765e-07,7.18117279648974e-07,1
"20349",0.99975047228028,0.00017445864722086,7.47719167590787e-05,2.88980680886338e-07,8.17505937469199e-09,1
"20351",0.912750546387991,0.0152436089257267,0.0713068619321174,1.74590781232816e-06,0.000697236846352988,1
"20353",0.912750706396673,0.0851259525438074,0.00212314442083158,6.96525483079756e-08,1.26986140164952e-07,1
"20357",0.00170799082220341,0.998261831125911,3.01769296721446e-05,4.8422913459998e-10,6.37984489169504e-10,2
"20360",0.0241713295927028,0.973834252426149,0.00110479116662117,0.000887653819896313,1.97299463062321e-06,2
"20364",0.91913101964878,0.00451600034121253,0.0763353419957491,8.46124362587553e-08,1.75534018216311e-05,1
"20366",0.00192372772665489,0.986068121446724,0.0119892648864277,2.18351439342278e-08,1.88641050495931e-05,2
"20381",2.99756556997916e-06,4.97114749046608e-07,0.00435108124963927,0.972083681258947,0.0235617428110948,4
"20391",0.422891097427657,0.0412535513786645,0.148241993432955,0.387613221924617,1.3583610617168e-07,1
"20394",0.000228552665690499,5.931351363151e-06,0.996015214570905,0.00260417865337856,0.00114612275866284,3
"20396",2.3220253248616e-06,7.28179837865771e-08,0.196937769663368,0.783775323674212,0.0192845118191117,4
"20409",0.572415481208992,0.00110444328265747,0.198936917273327,1.20456912149971e-05,0.227531112543809,1
"20411",0.897979588053045,0.101178151188536,0.000842235153885458,2.09432689014967e-08,4.66126495294999e-09,1
"20416",0.0582612264701627,0.941738457550641,3.15275603800124e-07,6.21070450912985e-10,8.25219788400336e-11,2
"20418",1.93781536255049e-06,3.67646370505695e-08,0.114282077740725,0.795481682645311,0.0902342650339639,4
"20420",5.20377925561778e-05,0.968889234312019,0.0307686665339339,1.53934206784155e-06,0.00028852201942257,2
"20422",0.998317590643012,0.000499793159535485,0.00113179993093188,9.3568393696047e-08,5.07226981272986e-05,1
"20424",0.955180169046542,0.044153610417875,0.000666197711671767,9.90995309863585e-09,1.29139581303843e-08,1
"20426",1.13403038723742e-05,0.999834984946545,2.34497464784563e-05,1.37638313530991e-09,0.000130223626720561,2
"20428",0.90984685272926,3.73301508570491e-05,0.0872316381604614,0.00286640640776369,1.77725516583733e-05,1
"20431",0.0385879841329236,0.00873597885991389,0.860233757173607,3.38157740927576e-06,0.0924388982561465,3
"20433",0.999734682961185,2.43151597976154e-05,8.77381568840465e-06,0.000232207364556055,2.06987730355709e-08,1
"20436",0.0103370748636077,4.60413129300035e-07,0.000111756680524974,0.989536464458677,1.42435840614576e-05,4
"20439",8.93345148682705e-06,1.15244456414765e-07,0.392401587294228,0.304610183144657,0.302979180865171,3
"20441",0.00144849683214517,0.998326551946442,0.000224711637460632,1.07918941313173e-09,2.38504762709839e-07,2
"20444",2.33611171742903e-07,2.78535708121514e-08,0.000155405614322777,4.40965788434845e-06,0.99983992326305,5
"20448",0.016453074329276,0.00199221203824278,0.693723624543957,0.000378095181783908,0.287452993906741,3
"20536",0.000312378128328526,1.55240338659902e-06,0.29265011658089,0.70701356763954,2.23852478546975e-05,4
"20538",0.298858883120976,0.607429562527564,0.0936895467441959,1.69279179565385e-05,5.07968930819198e-06,2
"20541",0.946325197732636,0.0536503902994243,2.4402337552302e-05,2.77992963211572e-10,9.35239457975324e-09,1
"20544",0.218993151864499,0.0010689062625057,0.773981647557389,5.58856536319817e-06,0.00595070575024281,3
"20546",0.990813989149777,0.0067632796309917,0.00242268941279806,2.06095374618602e-08,2.11968957924145e-08,1
"20550",0.408238613694792,0.0341610777723264,0.553574757325961,7.97775469715738e-05,0.00394577365994946,3
"20553",0.0429378085913081,0.957061689675312,5.62986301753375e-08,3.42439114844397e-09,4.42010358472607e-07,2
"20555",1.5770805244703e-05,0.997053147718503,0.00293018992782473,7.16167106119617e-07,1.75381322106145e-07,2
"20557",0.189303363369716,0.250798139355738,0.556963469950096,5.50384770322611e-07,0.00293447693967896,3
"20559",0.999331072953708,7.63612415579999e-05,0.000589818518253754,1.0238904513479e-08,2.73704757600831e-06,1
"20561",0.00150892359775621,7.67895935079295e-05,0.650352030319064,9.4012045260836e-06,0.348052855285146,3
"20564",4.54576799673396e-07,8.71075918031544e-08,2.97797546084627e-05,1.22720890873984e-06,0.999968451352091,5
"20566",0.871442509800892,1.69941150083129e-05,0.128340594551276,7.9499718949164e-05,0.000120401813874875,1
"20569",3.81155252809639e-05,7.73495399126759e-07,0.776272434954617,0.000902993323538754,0.222785682701164,3
"20572",1.18716023761625e-05,6.4319646454236e-08,0.0408988476675596,0.00077319568471174,0.958316020725706,5
"20574",0.997311954824402,0.0022412565532667,0.000442377637998454,1.84234692263618e-09,4.40914198574131e-06,1
"20576",2.82464816859101e-06,2.24149453602341e-07,0.000196794569377808,8.84131067819919e-07,0.999799272501932,5
"20578",0.766073581756582,0.000905152862137718,0.227205341724369,2.2999851087988e-06,0.00581362367180243,1
"20580",0.801588360149818,8.27374651808344e-05,0.19819080865301,2.8411490277117e-05,0.000109682241713518,1
"20583",2.08801234605112e-06,1.77580539696121e-07,0.000106309170094988,8.78696455598249e-07,0.999890546540564,5
"20586",0.878505290041909,0.00193664711919729,0.119550185781953,1.88530866276584e-06,5.99174827757002e-06,1
"20589",0.99972200935228,0.00020124430173988,7.65064634808858e-05,2.38245087546606e-07,1.63741177413473e-09,1
"20591",0.00571839137002715,0.198346002850975,0.795858223189551,6.33561193855506e-05,1.40264700610453e-05,3
"20593",0.999920414391831,7.89163236688415e-05,6.2582169265327e-07,2.17691765693511e-08,2.16936304693051e-08,1
"20595",0.994194062209133,0.000338589189925941,0.00539447864086219,1.04812172836608e-07,7.27651479059925e-05,1
"20597",2.84384391167005e-07,5.22326056353654e-09,0.00122391570815567,0.998764957149709,1.08375344833609e-05,4
"20599",5.48387874000035e-07,4.30667609568879e-08,4.05403705061981e-05,1.96283431573117e-06,0.999956905340543,5
"20601",0.000411168638307391,6.27241643086161e-05,0.999200451609994,7.16355976330091e-06,0.000318492027626767,3
"20604",0.999900715168096,7.59852357674922e-05,2.1788624070191e-05,6.06000161015448e-09,1.50491206485656e-06,1
"20606",0.999886056137113,8.91531213945929e-05,2.47458060573242e-05,9.02285323868071e-09,3.5912581966243e-08,1
"20608",0.998948925506425,1.6364864603923e-05,0.00103169402940204,2.65365876770889e-06,3.61940801673688e-07,1
"20610",1.70316005214249e-05,1.31990041785887e-06,0.00146090319937129,1.52529741971235e-06,0.99851922000227,5
"20612",0.252494880179445,0.121928807752393,0.00281827280270287,0.621245211887248,0.00151282737821032,4
"20614",2.36895307164856e-06,8.54414881774732e-07,0.00722842122179926,1.42970900305783e-06,0.992766925701244,5
"20616",0.00755819263329308,0.000157910855544988,0.991258288752764,7.25758020425357e-05,0.000953031956355443,3
"20618",0.000378270698325287,0.997633959518822,0.00196522307256089,5.06118529016276e-09,2.25416491062079e-05,2
"20620",0.998878481392469,5.17711904942479e-05,0.00096114244225633,6.26446823504044e-05,4.59602924293082e-05,1
"20622",8.1498150814155e-06,2.99732734237065e-07,0.000500210287857251,5.20888930932541e-07,0.999490819275396,5
"20624",0.975576160768499,0.023568299369841,0.000855389527083946,6.68260817402677e-08,8.35084940453782e-08,1
"20626",0.760735601259658,2.86267410055378e-06,0.0238853620403947,0.213948890540903,0.00142728348494365,1
"20628",0.333183280984818,0.000460209720811366,0.426802063224844,0.238812573758717,0.00074187231081008,3
"20630",0.85155126213597,0.000454352713459648,0.133382348236679,7.36506755949179e-06,0.0146046718463325,1
"20632",2.73857106602512e-07,1.31193793428466e-08,0.00628355151724954,0.00110687621675697,0.992609285289508,5
"20634",0.999896542661133,6.17744408621515e-05,4.16374829528667e-05,1.90209505982495e-08,2.63941013972284e-08,1
"20637",0.0126425895890197,0.987276292956982,6.89426608731364e-05,3.03385382216411e-11,1.2174762786804e-05,2
"20639",2.68912214536196e-05,7.00559332267525e-06,0.303914822148571,7.4513892469531e-06,0.696043829647406,5
"20644",0.426464627626113,0.57352259670596,2.73344410015909e-07,1.24631122104653e-05,3.92113072052467e-08,2
"20646",0.976226346689107,0.0212548808812497,0.000310434763697956,0.0021964419608234,1.18957051218357e-05,1
"20648",0.000203864134308099,5.52550807269198e-05,0.987327433499606,2.21633457588754e-06,0.0124112309507835,3
"20650",0.756571120404535,0.243143498702474,0.000285267174587669,5.08677872048099e-08,6.28506161691457e-08,1
"20653",0.00051446258652085,0.000687967671843375,0.995506572251785,0.000134043053643952,0.00315695443620706,3
"20658",0.999562256895924,7.69585884140932e-06,0.000191387304714989,0.0002386270992142,3.28413057324018e-08,1
"20661",0.0593284565760337,0.930448106187645,0.0100320685549292,0.000188912250002867,2.45643138874391e-06,2
"20663",0.529704944029218,0.00192813165990306,0.468352992117419,5.46685164347745e-06,8.46534181664607e-06,1
"20665",3.56597440799045e-06,1.24237009010862e-08,4.3784641294333e-05,5.54832024269686e-05,0.99989715375817,5
"20667",0.0320930024161292,0.000906734559736536,0.937549578007039,0.0291582482839647,0.000292436733130272,3
"20669",1.68152255482349e-06,1.59066579423682e-07,0.03171644257082,0.967934782639678,0.000346934200367986,4
"20671",0.202765346358311,0.793383837937177,0.00373975543958399,6.95499442478338e-10,0.000111059569429325,2
"20673",1.64306606160499e-07,2.50265519739088e-09,0.00111108494825124,0.998835052088924,5.36961535630885e-05,4
"20675",0.00989568926110885,1.25019588435613e-05,0.744849950430869,0.245209781008956,3.20773402218291e-05,3
"20677",0.506246645341339,0.000328392023125621,0.492638018391984,0.000780394632885144,6.54961066605121e-06,1
"20679",5.0651668033965e-07,7.34054659303169e-08,0.0364961743362405,0.962244499234658,0.0012587465069554,4
"20681",0.000128318615530378,7.17524401539943e-06,0.930538634294357,0.0692943987479507,3.14730981468856e-05,3
"20683",0.385343074039186,0.000113164928084894,0.609526665712086,0.00500075005888003,1.63452617636624e-05,3
"20685",1.85344516050555e-05,0.981703943117332,0.0182100594834152,2.49160216397267e-06,6.49713454840534e-05,2
"20687",8.50599347312458e-06,2.19941823063504e-06,0.0709979296898654,3.8592615857202e-06,0.928987505636845,5
"20689",0.239896216910225,0.760065313502888,5.12280937464934e-06,3.33174154830205e-05,2.93620292975679e-08,2
"20691",5.23981544919073e-07,1.00316607273985e-07,0.000244512311595834,8.72828034671253e-07,0.999753990562217,5
"20693",0.998755500775049,0.0012161185211096,2.82785734868434e-05,9.85773808411539e-08,3.5529739366731e-09,1
"20695",0.000211091702532087,1.66064075546911e-05,0.996430674940117,2.78217394869201e-05,0.00331380521030923,3
"20697",0.999389823224681,0.000352421305277067,0.000210271878845136,1.93600292335625e-09,4.74816551933616e-05,1
"20699",0.334889964850615,1.00052221399167e-05,0.646713687865262,0.0182287976943071,0.000157544367675918,3
"20701",0.916240167064597,0.000228943327767544,0.0826701816085957,0.000860282430160079,4.25568879244804e-07,1
"20703",1.88349272231856e-05,0.0010853882330269,0.0264374893346867,0.972301455722722,0.000156831782341128,4
"20705",0.992942059462539,0.00428070464399003,0.00277695094635526,1.32493520794384e-07,1.52453594611941e-07,1
"20707",0.00399818687514091,0.000280435875297839,0.995701243327217,7.01883705131067e-06,1.3115085293063e-05,3
"20709",0.0319147742633888,8.3075227431595e-06,0.0747223105177382,0.000420367064997362,0.892934240631132,5
"20713",9.00031302913023e-05,0.0108553226179482,0.96767605382924,0.000215975818032931,0.021162644604487,3
"20715",0.860183824978798,0.11027527119325,2.05927320225105e-05,6.69926395437206e-07,0.0295196411695338,1
"20717",0.0001131342394062,2.25035353083392e-05,0.999694922408871,5.9180276364628e-05,0.000110259540049456,3
"20720",0.986740770524019,0.000320909376813171,0.0129115577488807,1.16423624683406e-05,1.51199878185859e-05,1
"20722",0.979448024835976,6.94415398131439e-05,0.0204797672052793,1.14372672353961e-06,1.62269220827843e-06,1
"20724",3.66964314425171e-05,5.13206421291004e-06,0.857240399464542,3.13186299022609e-05,0.1426864534099,3
"20726",0.998976426581115,0.000989549741407603,3.38541396497499e-05,1.67444542390956e-07,2.09328570360904e-09,1
"20728",3.3607357265194e-05,3.20047755565736e-06,0.989835724437529,0.00997999719995743,0.000147470527693192,3
"20730",0.000792451265727439,4.89344936498997e-05,0.695143258237228,7.21245529972393e-06,0.304008143548095,3
"20732",0.526305641129215,0.110591520449234,0.320811080289236,0.0421925281494625,9.92299828523836e-05,1
"20734",0.287012581072101,0.00124807247061889,0.711707135170109,6.92820766979386e-06,2.52830795021941e-05,3
"20736",2.85990607463779e-05,6.52523149226711e-07,0.148868551376792,3.9000817077033e-05,0.851063196222235,5
"20738",0.56335830498298,0.0717456944354099,0.0130745520934675,0.00430832954840143,0.347513118939741,1
"20740",0.618527833275892,0.324585780135814,0.0564895175786795,0.000396848118044826,2.08915693822933e-08,1
"20742",8.7723906511717e-05,0.00105971271467737,0.998699056157759,2.55466858364078e-05,0.000127960535215703,3
"20744",2.26980786116336e-06,1.38426448157411e-08,0.0223940858207802,0.0119172157848876,0.965686414743826,5
"20746",0.0598750498278105,8.06757601733729e-05,0.939893789131161,0.00010638279542793,4.41024854275211e-05,3
"20748",3.62850555401559e-05,1.98210689685387e-05,0.796114168897424,1.50086646279062e-05,0.203814716313439,3
"20750",0.000462545457115277,1.13244730382239e-06,0.404286617303789,0.000252108674624678,0.594997596117167,5
"20752",0.966245686221825,0.000802942540148447,0.0329494505406211,1.59749833582005e-06,3.2319906930111e-07,1
"20754",3.3422158667587e-07,1.94702367197599e-09,0.00043967554799099,0.999549471967722,1.05163156762888e-05,4
"20756",0.0789831431193253,0.000191947846205048,0.712440241744871,2.39697865139802e-05,0.208360697503084,3
"20758",0.0101047418109615,4.70396854149431e-07,0.00331804869999195,0.979683283772112,0.00689345532008023,4
"20760",1.35084156834315e-05,3.5015892639072e-07,0.856761797391518,0.00329422350746578,0.139930120526406,3
"20762",7.02574375940184e-07,1.67033765918379e-08,0.001744440229219,0.998252001445685,2.83904734293095e-06,4
"20764",5.43615937932989e-06,2.69789761151846e-06,0.325287259386391,0.00119810120654248,0.673506505350076,5
"20766",1.8262338217436e-05,3.00930351770652e-06,0.943870892761371,7.96348445877919e-05,0.0560282007523059,3
"20768",0.000540769675612121,1.99318375482384e-05,0.243513023485671,4.77226575759896e-06,0.755921502735411,5
"20770",0.00724502256323807,1.74416930175624e-06,0.0904352256845418,0.902279695489579,3.83120933398285e-05,4
"20772",0.999950274227923,1.04207285575975e-05,3.88255552495955e-05,7.16902383904992e-08,4.0779803091282e-07,1
"20774",0.999102527575421,0.000880320313266762,1.05709607881038e-06,1.6092733715808e-05,2.28151814666653e-09,1
"20776",0.000695816305163944,0.000795388663045566,0.998483472102827,1.2049823325174e-05,1.32731056386458e-05,3
"20778",0.277094688354094,0.722904942758125,2.92789389555512e-07,2.77717874721121e-09,7.33212123796254e-08,2
"20780",2.34252146341929e-07,7.46353245101302e-10,2.6651296494783e-05,0.999956921063667,1.61926413383176e-05,4
"20782",1.32721016131834e-07,4.1376311376107e-09,0.000715992250862564,0.999183479754734,0.000100391135756505,4
"20784",1.90631669761988e-06,2.51018805408656e-08,0.00246126359664445,0.997534664021917,2.14096286057809e-06,4
"20786",1.57426099059545e-06,5.5800285970718e-09,0.000280374026424536,0.0207864273879193,0.978931618744637,5
"20788",0.00756114163186437,0.000706166586586641,0.991696488640472,1.56303397199842e-06,3.46401071051835e-05,3
"20790",3.83394407742684e-05,1.55381222977143e-07,0.655456688051291,0.274954070565859,0.0695507465608532,3
"20792",0.0197902892877906,0.00135574121039273,0.646770611212214,3.6792134561286e-06,0.332079679076146,3
"20794",1.60611738588368e-05,7.56425437656273e-08,0.382187915210602,0.172213528035403,0.445582419937593,5
"20796",0.996831853279414,0.00262396741882787,0.000544144589405076,1.56126974765299e-08,1.90996557276499e-08,1
"20798",4.54576799673396e-07,8.71075918031544e-08,2.97797546084627e-05,1.22720890873984e-06,0.999968451352091,5
"20801",1.2651296267166e-05,8.11302145165382e-07,0.00096827317902877,6.52511859473284e-06,0.999011739103964,5
"20803",0.0213061733489118,0.00252727179534028,0.976141614744626,1.75360281426382e-05,7.40408297907111e-06,3
"20805",0.245147221729374,0.000721449519941262,0.754083457653564,1.3031100509817e-05,3.48399966108758e-05,3
"20807",4.54576799673396e-07,8.71075918031544e-08,2.97797546084627e-05,1.22720890873984e-06,0.999968451352091,5
"20809",0.000980368614902299,0.000716748644503811,0.996760632366443,0.00091054198582265,0.000631708388328601,3
"20811",0.00730059681855367,0.00171309593631561,0.0305143163258259,6.50428161332282e-06,0.960465486637692,5
"20813",0.386408859880131,0.00253608765703769,0.559679014326349,0.000408327612179988,0.0509677105243024,3
"20815",3.64354191137914e-07,7.10478026992633e-09,0.000273441722329517,0.200654099072591,0.799072087746108,5
"20817",6.07957726373151e-05,2.84093494102793e-05,0.982875024142283,5.93273858739041e-06,0.0170298379970816,3
"20819",0.271562350739907,0.00512064800498074,0.723299901012173,1.61148019792265e-05,9.8544095997783e-07,3
"20821",0.417773131355504,0.000254961761080941,0.000460113085461013,0.577728862555594,0.00378293124236007,4
"20823",0.0922698052985935,0.00261324263951939,0.898912645831359,6.38540176820718e-06,0.0061979208287604,3
"20825",1.26914401761468e-05,1.11126405897581e-06,0.956107259109196,0.000425377746607939,0.0434535604399608,3
"20827",0.00016310638720426,0.000141633577298208,0.214244026900437,1.20577992555496e-05,0.785439175335805,5
"20829",0.997394835454586,0.00122945846544755,0.00134889252663378,1.63034841929634e-05,1.05100691395099e-05,1
