"","V1","V2","V3","V4","V5","best$classification"
"19811",0.0669468642999405,8.92888756885548e-06,8.89473128569756e-08,0.000668245044947491,0.93237587282023,5
"19813",0.999999979720743,1.57268509265553e-26,2.02703983056869e-08,4.67275209722504e-12,4.18647593409098e-12,1
"19815",0.00169315730678473,1.05754484170039e-15,0.000757814369071226,0.1103316272932,0.887217401030943,5
"19817",0.000553459731521967,2.17460889779125e-06,4.37510116974472e-06,0.0274814795600576,0.971958510998353,5
"19819",0.0003697873698841,1.10106242195848e-33,0.828746317959724,0.170883894670392,3.10563994761429e-35,3
"19821",0.816358716221552,5.21352199992612e-05,1.64177997719558e-07,0.0200528994156735,0.163536084964777,1
"19823",4.49434018996141e-06,8.02007556155724e-19,0.999741560520672,9.14396646843193e-05,0.000162505474454069,3
"19825",0.999999999089272,2.60418141035655e-17,2.15598415862318e-12,9.08572392267363e-10,6.73249830840035e-38,1
"19827",0.00284552171823835,0.822309507654642,0.00024320154137493,0.00960314153727232,0.164998627548473,2
"19829",0.125217883621734,3.87934545450845e-10,6.63375886283343e-06,0.874775482231469,1.80579348620061e-19,4
"19831",0.00292365000238536,5.26890662678782e-43,0.932931976748422,0.0641443732491931,4.59564715159129e-26,3
"19833",6.14876877054349e-07,7.27289977130893e-55,0.999999385123123,6.9418271129231e-23,8.22209315111234e-68,3
"19835",0.816358716221552,5.21352199992612e-05,1.64177997719558e-07,0.0200528994156735,0.163536084964777,1
"19837",0.00169429428943615,0.242839652372179,1.21512339137832e-06,0.0343915826786196,0.721073255536374,5
"19839",0.987799580856501,1.01292720315803e-08,2.23814287484977e-07,0.0122001851999396,4.55357667713621e-19,1
"19841",0.907868847110363,0.0921311395303598,1.33588930001641e-08,3.83639839286514e-13,2.5545378491515e-26,1
"19843",0.998724830515159,8.94900638532666e-51,2.53873701568592e-08,0.00127514409747032,9.71654599775349e-38,1
"19845",0.905464322173702,1.77252767758162e-22,1.27504102394769e-07,3.02371074357771e-08,0.0945355200850885,1
"19847",0.467921231776928,1.17225002658473e-19,6.14437535952399e-07,0.0734676438122775,0.458610509973259,1
"19849",0.999999957744018,8.62694549503898e-24,2.55299761673779e-08,5.04142402765565e-14,1.67259550628534e-08,1
"19851",0.000661291461874793,1.72267095784489e-07,2.41146441584998e-05,0.00145681949937164,0.997857602127499,5
"19853",0.0105262336206913,6.10084963032746e-14,0.923813348584393,1.35191125513237e-09,0.0656604164429439,3
"19855",0.00181540980860015,6.94159109045869e-06,0.000348169729301419,8.98845110863983e-05,0.997739594359922,5
"19857",0.258366506548058,1.406537740145e-05,1.12769260624432e-08,0.487723576163354,0.253895840634261,4
"19859",0.00995888496611135,9.50120013048407e-05,7.70330723078164e-05,0.150541274006179,0.839327795954097,5
"19861",0.0250713265554416,2.26653682919764e-11,7.29263595777757e-07,1.31262978333514e-05,0.974914817860464,5
"19863",0.999999966750702,3.31524777558754e-08,9.68200129157228e-11,1.24468872832219e-21,2.98661056835825e-19,1
"19865",0.00109230787581761,0.998888568972835,2.99909363126597e-10,7.82741090432427e-08,1.90445773289141e-05,2
"19867",0.0266636065751149,1.09520829308565e-21,2.79577884677854e-07,0.00222550465455821,0.971110609192442,5
"19869",0.999924979349944,4.98037182622733e-09,2.94623292228911e-08,6.91392149551672e-12,7.49862004405821e-05,1
"19871",0.00128923411312305,0.00941012976340199,4.50473953637095e-05,0.2397830595008,0.749472529227311,5
"19874",0.00803218441716436,0.000994919297861321,6.92924819374033e-06,5.89101491587897e-05,0.990907056887622,5
"19876",0.000438861707531585,8.99833505100147e-05,2.5982137173141e-08,1.4346555818264e-06,0.999469694304239,5
"19878",0.849835862613036,1.18051973417877e-24,1.64804426576856e-07,0.150163972582537,1.83359179583319e-20,1
"19880",0.000238655812359344,0.999761082528604,1.51606932483392e-09,3.99272759652399e-12,2.6013897447136e-07,2
"19882",0.986767093757268,1.29320203831369e-13,4.74867166971464e-07,5.91407111505323e-07,0.0132318399683248,1
"19885",0.00331154074159112,8.16677934148753e-07,1.48086849917199e-07,0.31252859845486,0.684158896038765,5
"19907",0.558666394454078,1.98176015615352e-18,5.36398962842345e-07,0.000634772687864568,0.440698296459094,1
"19909",0.00763452404546345,1.01370243072224e-21,2.90923282322046e-06,0.992362566694764,2.69494117271593e-11,4
"19911",0.259435038487809,2.02526150661305e-08,1.64025014872008e-05,0.740548538758049,3.92437750376789e-14,4
"19913",0.000224788590456553,0.999775198840001,1.25695351402204e-08,7.19042281035558e-15,4.29711425947599e-16,2
"19915",0.000209835778763471,0.982804940679332,1.41036183075718e-06,4.46567229354115e-05,0.0169391564571387,2
"19917",0.0112815321333501,0.988653157222645,9.54568826141133e-07,5.5688444005247e-05,8.66763117348095e-06,2
"19919",0.00274815005158244,0.209856089265837,1.49578931327088e-05,0.0348999712058145,0.752480831583634,5
"19921",0.000948871995715736,6.06075285123537e-12,5.80417431730305e-07,0.00291263282028997,0.996137914760502,5
"19923",0.848601805644059,4.31582522357713e-27,0.000719804180555364,0.150678295629975,9.45454112632513e-08,1
"19925",0.00109145597502779,0.998050624705167,1.8992022290485e-07,2.15462786877631e-05,0.000836183120894404,2
"19927",0.000257779378872568,4.52180350409775e-11,5.52723260944101e-05,0.0111093234813946,0.98857762476842,5
"19929",0.994318825099316,0.00568117472693086,1.73278991732513e-10,3.10494370485502e-20,4.73570853825245e-13,1
"19931",0.0097407731124205,1.86807387950760e-11,0.000200640140581956,0.36560916824698,0.624449418481337,5
"19933",0.00403009028643225,1.34429123351841e-10,7.79248774314663e-05,0.995872007198027,1.99775036798297e-05,4
"19935",0.363500855787227,1.57302622658662e-11,1.5720468257416e-09,0.635350434800779,0.00114870782421644,4
"19937",0.000126067202184803,5.4964663616163e-14,9.13423014015836e-05,0.00504118660096118,0.994741403895397,5
"19939",0.10248906085891,1.9336394567716e-09,8.38242935439863e-05,0.858514852293353,0.0389122606205542,4
"19941",0.931281031769067,3.44514292657838e-08,6.75395807348514e-07,0.0687182583836966,1.29968425729973e-19,1
"19943",0.000951097337337077,0.999040401011252,7.95322915846858e-07,8.38707619606533e-09,7.69794141841419e-06,2
"19945",0.0212708737105296,4.44073572213672e-12,0.000122895646028629,0.97860333423861,2.89640039127213e-06,4
"19947",0.99997854145628,5.34662363316048e-08,1.38959126431754e-06,2.00154862195958e-05,4.56025570926352e-19,1
"19949",0.20991330648548,4.28653785583128e-26,4.20104068978069e-05,0.790044223780708,4.59326914159058e-07,4
"19951",0.43922104478614,0.488988024709745,1.58501450273315e-05,0.0717410683365215,3.40120225665928e-05,2
"19953",0.000175516286912414,5.64292457836856e-47,0.998059230962376,0.00176525275071113,5.16769551000732e-26,3
"19955",0.742110786052192,3.29966414623407e-34,0.00745081042999945,0.250438403517808,5.53531284416923e-17,1
"19957",0.143141663468308,0.00471747727738875,0.828065527567216,0.0240453309694203,3.00007176669979e-05,3
"19960",0.813745638238413,1.7542763971014e-18,2.55699100957166e-08,0.186254336191677,3.56655897165982e-22,1
"19963",8.95696689998723e-05,8.74627384174825e-18,0.999910430331,2.18434825177761e-18,6.73243087813176e-39,3
"19965",0.393667105992664,2.17932059887767e-39,0.000198405679806417,0.60613448832753,4.09525567395721e-29,4
"19968",0.998496973688644,0.00150196203959862,2.23892129775619e-16,1.06352199223259e-06,7.4976529702429e-10,1
"19971",0.227344275325407,1.7419329372972e-07,0.772655550472266,9.03334634575144e-12,1.2743037263478e-43,3
"19973",0.000852090040735777,0.00162295218355857,3.1349959982551e-08,0.00781473857681077,0.989710187848935,5
"19975",0.0226370148280215,0.977186527109514,1.99296642589785e-10,7.17577992818775e-05,0.000104700063885865,2
"19977",0.999987171973922,4.54231296082409e-10,1.28275715587357e-05,2.87852453069412e-13,1.56585466285756e-31,1
"19979",0.0229863159389177,9.34465182157243e-27,5.89635303054137e-05,0.976954720530777,7.53186896479588e-39,4
"19981",0.00461092532126025,1.53058849298636e-11,1.64254778033988e-05,0.952525026874515,0.0428476223111153,4
"19983",0.0372521332661289,2.64922319828761e-15,1.52545593327846e-06,0.93643744389766,0.0263088973802755,4
"19985",0.00300582042838023,0.267737509906942,6.77926889217451e-08,1.49700029750907e-05,0.729241631869013,5
"19987",0.0916049982669096,0.00735036606259065,1.04131861209282e-06,0.884269171562889,0.0167744227889988,4
"19989",0.0151077537019375,2.3221735483425e-42,0.000827607811366186,0.984064638486696,2.78040301435521e-27,4
"19993",0.0320288449042709,9.93792058807637e-08,1.96460082423338e-06,0.967969090134833,9.80865800720868e-10,4
"19995",0.268266474804352,5.03665883456554e-09,5.14986313467081e-07,0.731732996711798,8.46087751169364e-09,4
"19997",0.00117275883396843,1.30670103729296e-05,1.70876953303055e-06,0.00234421989423953,0.996468245491886,5
"19999",0.00262223685426095,0.993146744619826,5.97936697960063e-08,7.35307391788422e-06,0.00422360565832487,2
"20002",0.999999999922436,1.39332330823374e-14,7.75503822488905e-11,1.03833954975683e-19,4.09916012829088e-31,1
"20004",0.214094446833591,3.20907815063349e-12,5.57124525015956e-09,0.785905544613559,2.97839565218576e-09,4
"20006",0.995294974195708,1.37304130803267e-22,1.30503396110541e-06,0.00470372077033114,1.22004552098764e-25,1
"20008",0.991445987479095,2.89012305795782e-24,2.54259404066627e-05,0.00852858658049795,4.51418621827839e-24,1
"20010",0.0723159199867231,3.50722019486334e-20,0.000256532269560885,0.927427547440931,3.02784954779982e-10,4
"20012",0.954142669758699,0.0458543536273719,5.25212308278919e-08,2.54809114384428e-06,3.76001554848143e-07,1
"20015",0.0335940335831958,1.26419380147802e-34,1.30356743695884e-10,0.966405966286447,6.12446999818394e-30,4
"20017",0.00151899169303048,0.00024942378785545,2.00681449032831e-08,0.000114512096434865,0.998117052354534,5
"20019",0.084019846097166,4.17249877849814e-45,6.44423114545415e-05,0.91591571159138,5.61834289396369e-50,4
"20022",0.0240672640393162,1.63666967097031e-18,2.2916266718289e-05,0.975909818973207,7.20758937950229e-10,4
"20024",0.531659281796806,1.29806704059434e-64,0.467130421085744,0.00121029711744984,1.87923656488049e-46,1
"20026",0.531659281796806,1.29806704059434e-64,0.467130421085744,0.00121029711744984,1.87923656488049e-46,1
"20028",0.000991413822396459,0.0214045051424662,1.21868934865285e-06,2.32096459770126e-05,0.977579652699812,5
"20030",0.510501857215433,1.91560445891087e-19,8.12407124884434e-10,0.48949814197216,1.8200895533326e-25,1
"20033",0.00860698801299226,0.849792554041101,8.04919490264813e-05,0.109806567740025,0.0317133982568557,2
"20035",0.0844762943784097,2.45759424001159e-49,0.000122651560982379,0.915401054060608,9.89866994499824e-49,4
"20037",0.041840783124212,2.81574264924236e-51,5.81153900053862e-05,0.958101101485783,1.24593115476997e-42,4
"20039",1.55367313168166e-07,1.0355778050104e-91,0.999999844603288,2.93994452492975e-11,3.17170079999484e-58,3
"20041",0.141486292771249,7.33104382358627e-19,0.00258586325381819,0.85592784396577,9.16303251586181e-12,4
"20044",0.700591500193826,3.50318512208681e-16,0.0555290993811786,0.243879400424994,7.39604288497012e-16,1
"20047",0.221870720161177,7.12444828179037e-39,0.0416039595585152,0.736525320280307,7.62564573017385e-57,4
"20050",0.0506579070520153,6.18828057048573e-21,0.367630208949438,0.581711883998547,5.98632428458165e-20,4
"20052",0.0229211988038726,0.079108067364148,0.00151823551662214,0.878024857719095,0.0184276405962619,4
"20054",0.034440195514835,2.3443245649933e-20,1.06529725070739e-09,0.965559803419868,2.93191285641438e-17,4
"20056",0.196638509918034,0.803357589929233,3.52892842605269e-07,3.54725906129652e-06,8.29186544069471e-13,2
"20058",0.0390548039920133,3.1889309177524e-48,4.81827931434623e-05,0.960897013214843,1.74880335896353e-26,4
"20060",0.0349242224486889,1.98370054251358e-08,2.91170989843916e-07,0.0570420884287803,0.908033378114536,5
"20062",0.0415524886913521,2.38008055100251e-08,3.42670289726375e-06,0.906649283625307,0.0517947771796384,4
"20064",0.0141664860260104,9.12276307724126e-08,1.44948728161794e-06,0.985831948627492,2.46315849685875e-08,4
"20066",0.421601393010218,4.12625417835042e-29,2.19183677037324e-07,0.578398387806105,4.22912483615593e-41,4
"20068",0.00627484706138331,1.94862287297946e-11,4.02658917120353e-08,0.00343075720110656,0.990294355452132,5
"20070",0.00668212469431992,1.33231629852425e-17,0.00580597252387917,0.0204677076766837,0.967044195105117,5
"20072",0.604676180835236,1.01430542590017e-45,4.94800324516103e-06,0.395318871161519,2.68847315345621e-25,1
"20074",0.00981151910761177,0.990188480552036,3.40343584882858e-10,1.1628389755753e-18,8.36515082481584e-15,2
"20076",0.994713598206729,0.0050794617219526,1.10033233960987e-10,0.000206796786454628,1.43174830355579e-07,1
"20078",0.0202969079484295,5.82135491457178e-13,0.000191323001660377,0.979511768855461,1.93866914151296e-10,4
"20080",0.0169483586820436,3.4107655815201e-33,0.000110891555265733,0.982940749762691,1.74703160724803e-38,4
"20082",8.92696006314393e-08,2.95096132399045e-49,0.999994339625942,5.57110445788895e-06,6.57401699389914e-37,3
"20084",0.139183704542669,5.02386987620174e-07,0.00731586955583361,0.853499923514509,7.11749972782839e-17,4
"20087",0.0771333856366771,1.84497135478921e-26,4.42082148347483e-06,0.922862192894257,6.47582123078828e-10,4
"20090",0.0366753553778529,8.07529665171261e-34,0.00148846303607501,0.961836181586072,3.28730572549652e-37,4
"20092",8.93873743606122e-05,6.33905311003324e-58,0.999794295267022,0.000116317358556083,6.1500633439246e-14,3
"20096",0.00136076700617821,8.04571663078946e-17,0.985236643911805,0.0134025831035512,5.97846523058251e-09,3
"20098",0.00282699952525646,0.504359576147336,0.000140351450822814,0.0397597223051511,0.452913350571434,2
"20101",0.0639270601102435,3.22761534148564e-14,0.00126571051973357,0.934807229369991,1.84458622536641e-30,4
"20104",1.25848743546349e-06,3.18867937487241e-40,0.999998741512068,3.41282627771251e-13,1.55407803983992e-13,3
"20106",0.0239934415824971,2.84122391602577e-13,1.1742800699135e-07,0.976006440989212,2.33594090517481e-19,4
"20108",0.00437320597008875,6.23453867880735e-05,5.74326821352294e-07,0.0155041310335224,0.980059743282779,5
"20110",0.12845001136877,1.36084237450622e-06,0.823283012263592,0.0482656152864364,2.38827782637938e-10,3
"20112",0.0264106298754357,2.7001556767953e-19,0.00197520973526248,0.971614160389302,1.19553197751096e-17,4
"20114",0.0624449139613956,1.84611779500391e-05,0.000323881631375975,0.937212743228866,4.11956555470313e-13,4
"20116",0.144414672621217,2.07730485174588e-06,3.84402941327161e-08,0.855583211633553,8.40567192784681e-14,4
"20118",0.00274581391774322,0.0115170020630439,0.00020376230552666,0.964651504785382,0.020881916928304,4
"20120",0.0754077172130576,8.57583340602875e-14,0.00119564847047492,0.923396634316382,2.91614466015366e-21,4
"20122",0.00140702129743337,0.998592825823685,1.1906399363263e-09,2.42937040950528e-08,1.27394537857513e-07,2
"20124",0.0518808405667859,1.62058954678619e-41,0.0138378898616132,0.934281269571601,9.23782831592876e-32,4
"20126",1.18781296759804e-07,5.26252826773846e-62,0.99999988066763,5.510735525393e-10,7.66529865527984e-53,3
"20128",0.000202567372434116,5.19544434532566e-73,0.999795325729198,2.10689836761564e-06,1.40723577712555e-78,3
"20141",4.20440596995354e-07,9.35196895373887e-21,0.999998494982666,3.47251982964667e-07,7.37324753814117e-07,3
"20143",0.990289914763604,0.0097087982563601,1.28698002661876e-06,8.97330490007305e-15,4.36935904639938e-24,1
"20145",0.0174815524019354,3.17568531285752e-15,0.000240046881514638,0.982278400667387,4.91593635416383e-11,4
"20147",0.0101704193936591,2.27869017155756e-14,2.36075567420964e-05,0.989805973044871,4.70454083993525e-12,4
"20149",0.00497276399295075,0.995014729180863,1.36757052599992e-06,4.34448610802527e-09,1.11349111742027e-05,2
"20151",0.00220714428973084,0.271738316828216,7.15984791126989e-07,0.0132627095564877,0.712791113340774,5
"20153",0.0285716080643479,0.803311023411408,0.156436892832766,0.0116804285503553,4.71411225546342e-08,2
"20155",0.0222836515862694,5.80076151160164e-24,1.44025809193826e-06,0.977714908155639,5.64666506947878e-22,4
"20157",0.0344545686377622,0.889262636707515,2.54724607849024e-06,0.00140845644787493,0.0748717909607696,2
"20160",0.000109198754310105,0.999890798506591,2.73904603479867e-09,7.80301428029709e-15,4.51348247001923e-14,2
"20162",0.00023995272148615,0.999601663951467,7.3107951924792e-09,2.71085746307976e-10,0.000158375745165659,2
"20164",0.169645308700592,0.830077510078967,0.000119917606451438,0.0001571742384938,8.93754955895745e-08,2
"20166",0.999055233784341,1.72646368773785e-19,7.14236636940855e-11,0.00094476614423576,6.18872710822963e-37,1
"20168",0.999999999999562,5.73695629483651e-25,4.31871586479346e-13,6.17634710612975e-15,6.14328430195893e-32,1
"20170",0.000357547603856521,0.998424806490596,4.96173426907371e-05,0.00101892582488653,0.000149102737969802,2
"20172",0.00821827415667872,1.17552529341905e-27,0.000231919848357753,0.991549805910829,8.41343113690782e-11,4
"20174",0.0354365127223601,0.00103897085215234,6.62959892725281e-09,1.03284456967551e-07,0.963524406511432,5
"20176",0.999999969935322,4.06503827641526e-25,2.97543540744061e-08,3.10324252275089e-10,1.08004513225912e-21,1
"20178",0.000158956056708986,0.999841036184791,7.75849579951522e-09,2.01156320683734e-15,1.94201312691497e-15,2
"20181",0.640278426470162,1.97343001120869e-13,1.5988170130737e-09,0.359721571930824,1.89852651089672e-29,1
"20183",0.00120999902474455,1.50506827003678e-14,0.000608120666569223,0.0809587094091678,0.917223170899503,5
"20186",0.496892721956801,7.75046665901798e-39,0.0119202118536297,0.417688572011298,0.0734984941782712,1
"20188",0.00068500990574688,0.999314977853466,1.22319038785716e-08,2.28791391153081e-12,6.59494798079927e-12,2
"20190",0.0201173972555399,1.26721728092357e-27,3.5095149413473e-08,0.979882567649311,6.62616722358353e-30,4
"20193",0.999999575504145,4.1983605003738e-07,4.65950113614701e-09,3.04443194771643e-13,2.98051612038449e-32,1
"20195",0.0993846439655258,0.864931468381052,9.13320997367883e-05,0.035592120710126,4.34843559618821e-07,2
"20197",0.01907822519981,2.60523511276283e-23,0.00018422944890977,0.980737545351247,3.34681529335971e-14,4
"20199",0.00102568904020427,0.99895231459683,1.35916820801932e-05,2.26220942752386e-06,6.14247145843486e-06,2
"20205",9.65548216457129e-08,6.83451561976205e-57,0.999999146160163,7.5728501536626e-07,4.66758353484422e-32,3
"20208",0.0624139772432478,0.0196593425895208,0.000248006882454229,0.891218166892052,0.0264605063927253,4
"20210",0.000138074872659993,0.999757826940088,4.58360157526117e-08,1.67417953354423e-08,0.000104035609440409,2
"20212",0.0120913708110554,0.982974725196012,2.82633105964588e-05,0.00115778021059135,0.00374786047174481,2
"20216",0.0339050966586557,6.40035695014335e-16,1.57287685705563e-08,0.966094887612575,2.40338623943795e-16,4
"20219",0.0155262125155524,9.40732811057126e-19,0.384872712013164,0.599601075471283,1.51561897799543e-16,4
"20223",0.997648398360867,5.87056646133936e-68,1.08950949771917e-05,0.00234070654415528,1.54248042897058e-49,1
"20226",0.113458293713851,6.73012312596123e-10,1.91154195666258e-05,0.886522582978761,7.21480895638589e-09,4
"20230",0.0163657749020978,9.2664882964111e-36,9.46967070776708e-06,0.983624755427194,2.54913026445197e-35,4
"20233",5.93003829209727e-10,6.64982004783216e-41,0.999999999406995,7.94735493876113e-16,1.8066032572391e-24,3
"20235",0.387727091574956,5.40069061220225e-57,0.554901294305241,0.0573716141198029,4.28556492602843e-33,3
"20239",0.659902086870105,2.35055911025645e-31,1.76216483109025e-07,0.34009773691321,2.01631916918092e-13,1
"20254",6.44573303236526e-07,2.86350510198193e-52,0.99997494684882,2.44085778764159e-05,1.33867328720068e-46,3
"20256",0.00787776550067831,1.36977841712401e-38,0.000254456212826707,0.991867778286495,2.71729398284354e-21,4
"20262",0.000212324480940497,0.990641587463874,1.79196320399928e-07,0.000196545936558483,0.00894936292230708,2
"20270",0.984378074776846,6.71128006690485e-18,2.22761015354636e-10,0.0156219250003934,3.44928303459025e-21,1
"20284",0.0328821793658851,1.62299956460676e-22,0.892698406546565,0.0744141292631607,5.28482438964447e-06,3
"20287",0.151037722495753,3.20892478049844e-53,6.46863786045074e-07,0.848961630640461,1.54865878308797e-46,4
"20290",6.9907707831157e-05,2.74397282798585e-26,0.999834795953163,9.52963390055101e-05,7.35883418367063e-24,3
"20293",0.00190259172919229,3.71185531844385e-15,0.00155313595401605,0.996544183740283,8.85765049546468e-08,4
"20296",0.543909377529221,0.422788878075367,2.35511629871887e-12,0.0273495497513998,0.00595219464165699,1
"20301",0.988223445602625,5.78901241619724e-34,8.64881830744243e-06,0.0117679055790671,1.17796154354822e-66,1
"20304",5.88436555939683e-09,8.70514637882643e-49,0.999990644025457,9.35009017749141e-06,1.9180737694743e-32,3
"20306",0.028760680034199,9.6936189261753e-46,0.00202760949797216,0.969211710467829,6.2958386367329e-32,4
"20309",0.00313697223900221,7.51308730369045e-16,0.00224643746788961,0.994616589976776,3.16331689079594e-10,4
"20311",0.152633945230626,3.67771859912068e-14,5.46918070314446e-06,0.847360585588634,9.96072914618796e-18,4
"20314",0.0021129361849605,0.409813781264913,5.74453597354827e-05,0.147571639484117,0.440444197706274,5
"20318",0.997899410681145,0.00210058475198226,4.5231734658295e-09,4.36997570832188e-11,6.89706626895063e-24,1
"20320",0.964825457001536,7.08815215354145e-15,0.00680825860821274,0.0283629512002345,3.33319000983715e-06,1
"20326",0.00276453759507012,0.0427570015664754,0.00295984663291277,0.461117903377896,0.490400710827646,5
"20328",0.427069668585639,2.41894153373775e-28,0.027747329490548,0.542079193771761,0.00310380815205254,4
"20330",0.331180875378466,4.95132954081149e-31,4.53839554871604e-05,0.668773740666047,7.36457544234238e-23,4
"20336",4.33179286663138e-06,1.06069055508672e-34,0.995007382087112,0.00498828546892175,6.51099677279018e-10,3
"20338",1.06489838188113e-05,1.33868654421558e-22,0.991952569907225,0.00803678110895642,4.46843520982524e-22,3
"20340",0.271591588373046,8.37897716966933e-42,0.000135838419356749,0.728272573207597,1.54886358673299e-35,4
"20342",0.000890928131770297,5.0153962450403e-43,0.99910907186823,8.80700075038974e-17,1.03859987619242e-50,3
"20344",0.0126662774896017,4.49885660556264e-31,0.000499405574318507,0.98683431693608,3.13438600973681e-17,4
"20349",0.0108434483044509,6.03268497112276e-40,2.38477799701824e-05,0.989132703915579,7.59382834730346e-25,4
"20351",0.00611385807512996,3.69777765062525e-15,0.000793180158695018,0.993092961692675,7.34958866979874e-11,4
"20353",0.0738561108028367,6.29418387655446e-36,0.0314057648385228,0.89473812435864,1.73741140946456e-30,4
"20357",1.63273414980552e-05,2.27853957202061e-66,0.999974563551038,9.10910746377564e-06,4.14633072476981e-36,3
"20360",0.0988512887164688,1.27220500372931e-54,0.901148707232109,4.05142182730665e-09,1.29408890574566e-40,3
"20364",0.0150799390210956,2.41671320926733e-18,5.63231351126321e-05,0.984863737818046,2.57459576945145e-11,4
"20366",1.22515245285144e-07,2.81608443718369e-38,0.999985108688372,1.47687963812125e-05,1.29632866082392e-15,3
"20381",0.999787866323502,8.60686104770861e-10,0.000212132415772224,8.86370161561262e-14,3.99951073589935e-10,1
"20391",0.99614910092402,1.49086785347279e-55,0.00224792529222706,0.00160297378231608,1.43685502329634e-12,1
"20394",0.0710846679786653,3.9712590214053e-09,7.33747331434439e-07,0.0561693917498625,0.872745202552882,5
"20396",0.937565702047581,0.00799032314864673,2.78928850216466e-08,3.31186604414216e-09,0.0544439435990216,1
"20409",0.266747731018924,4.23486108575786e-05,6.37057480525823e-05,0.733146208878684,5.74348151404333e-09,4
"20411",0.0029070187799954,6.05154340253859e-45,0.295272010892204,0.701820970327801,1.85549105766906e-21,4
"20416",1.58703550453345e-05,4.22236792584135e-87,0.999979056715133,5.0729298218465e-06,2.61508403980232e-65,3
"20418",0.80855051690379,0.183059443809893,1.87097931546097e-08,1.27439772767659e-10,0.00839002044908448,1
"20420",2.38604301741638e-09,2.02797806196262e-34,0.999999997579717,3.4239719681791e-11,5.62156478734218e-17,3
"20422",0.0826872460957749,5.11094411439166e-23,2.03280810814199e-09,0.917312751871417,7.56240061138463e-29,4
"20424",0.0153458265774808,7.38757895100794e-41,0.0123808288470621,0.972273344575457,1.40375599180879e-21,4
"20426",7.01075706052393e-09,6.10003613407475e-35,0.999999992989243,9.91928691823102e-17,2.07351471644602e-47,3
"20428",0.0415244210375036,1.06872835390073e-19,9.39095635421058e-08,0.958475476298576,8.75435728005338e-09,4
"20431",0.218060848808836,5.35229764331254e-05,0.024915622320695,0.75697000561041,2.83625937702235e-10,4
"20433",0.973220127512273,1.2467647734929e-48,1.22200972283886e-07,0.0267797502867547,6.09152351809079e-49,1
"20436",0.99999995987664,1.49578923633029e-28,1.92067086772186e-08,2.09166514795954e-08,8.16482075629467e-31,1
"20439",0.0697134724812203,3.73364937442189e-05,4.81877014859386e-09,4.03208510979708e-08,0.930249145885414,5
"20441",6.2651843634859e-06,1.42918990638409e-39,0.999862661928791,0.000131072886844956,8.00208515278935e-30,3
"20444",0.000386329173234216,0.999613649210449,5.37872179360413e-09,1.85887166201827e-13,1.62374094532139e-08,2
"20448",0.0182841266206696,2.478776211981e-07,0.970222069815613,0.0114931009585106,4.5472758604845e-07,3
"20536",0.262716702788488,5.05467195441058e-17,3.62208063812689e-08,0.000312009747286928,0.736971251243419,5
"20538",1.26683466471037e-06,2.71598593354125e-40,0.998573462304944,0.00142527086032735,6.34128916835647e-14,3
"20541",0.0393336022218693,5.4410883412944e-42,0.0176902555251591,0.942976142252972,7.39670872409792e-37,4
"20544",0.00398929082034436,1.02597110017715e-11,0.00040606471886262,0.995448606490814,0.000156037959719091,4
"20546",0.0204981679638406,1.56874816043337e-35,0.000302843481735987,0.979198988554422,1.16094015805043e-15,4
"20550",0.548135405715759,2.13811769310946e-16,1.39866853991418e-05,0.45185060759884,1.29640421253376e-15,1
"20553",9.52528321159321e-05,4.86291211502975e-67,0.999904747164746,3.13811904072036e-12,1.26635466159273e-103,3
"20555",1.96439035495239e-08,2.18526102910471e-54,0.999999980354048,2.04825076929884e-12,2.74722233671925e-22,3
"20557",0.0132500439910382,2.12725704718089e-14,0.0518950910092271,0.934854864998697,1.01605194178816e-12,4
"20559",0.0174070090910781,4.28319216461555e-17,8.96530062077648e-07,0.982592094378859,7.74307916010261e-16,4
"20561",0.002247260560737,0.991764579510405,1.37429684150059e-05,0.00585300694123451,0.000121410019208121,2
"20564",0.000158956056708986,0.999841036184791,7.75849579951522e-09,2.01156320683734e-15,1.94201312691497e-15,2
"20566",0.0128179732343085,4.80835938809053e-13,4.31094765567310e-10,0.987182020214082,6.12003374501256e-09,4
"20569",0.00522860987880671,0.980592670404877,2.39956911914932e-08,1.24829286266511e-05,0.0141662127919987,2
"20572",0.174044956375239,0.825954645362614,2.09295835341398e-09,1.76981964439437e-07,2.19187224440682e-07,2
"20574",0.0184577399551495,5.77360366660321e-19,0.00133020414323138,0.980212055901619,1.36085103507705e-22,4
"20576",0.00039501333721864,0.999604950674557,3.57915356193827e-08,1.96345699845809e-10,3.43253419890547e-13,2
"20578",0.0120245561055107,3.24797189189116e-07,6.68091170141804e-06,0.987964922939654,3.51524594430357e-06,4
"20580",0.02624683895387,2.65207939839189e-12,6.00410371994863e-08,0.973736632408066,1.64685943747724e-05,4
"20583",0.000141893701182883,0.999858095975938,1.03128003345306e-08,8.67255345099421e-12,1.4065561287972e-12,2
"20586",0.0186708760176299,4.73893888658172e-24,1.40932814565413e-05,0.981314179433815,8.51267098285029e-07,4
"20589",0.0189022694401048,8.71143075068941e-43,2.66438875178337e-05,0.981071086672377,9.21718953119708e-25,4
"20591",0.00356094717476383,3.45174412034863e-29,0.981452155432839,0.0149868776259515,1.97664457572916e-08,3
"20593",0.145689554245525,1.40602379344939e-41,2.98024933841005e-06,0.854307465505137,9.59304557983335e-56,4
"20595",0.00240833582056109,6.20375059384783e-15,0.000199504683151416,0.997392159496178,1.03619369620662e-13,4
"20597",0.999657087450512,1.88141166485367e-22,6.88235452719835e-09,1.14851388494683e-12,0.000342905665984541,1
"20599",0.000375866580797056,0.999624131641327,1.77785859278531e-09,1.70044261704085e-14,3.46952346980088e-16,2
"20601",0.00198634739162751,1.17785363985653e-07,1.23355982565759e-05,0.0858311735664005,0.912170025658351,5
"20604",0.019150389627741,4.5053017168271e-26,1.30146655914278e-06,0.9808483089057,1.65137892990205e-35,4
"20606",0.0225801473014997,2.96885059247394e-31,9.51471183741329e-08,0.977419757551382,1.77838332738082e-29,4
"20608",0.0106327697116569,4.50634512511574e-25,1.79132662625425e-08,0.989367212375077,3.02374756545842e-21,4
"20610",0.0034606117415675,0.996534504663186,4.64915893073331e-06,2.34432288309246e-07,4.02750405407382e-12,2
"20612",0.946634263256952,1.96886349326576e-50,0.0533657367430229,2.52901183678454e-14,5.73053581803076e-40,1
"20614",0.000348911039506069,0.999590926555037,1.40284707861117e-07,4.4808282228747e-08,5.99773124668754e-05,2
"20616",0.798472447963715,1.98640637303758e-09,2.87259143662058e-06,0.196608396161291,0.00491628129715066,1
"20618",1.36771063873884e-06,1.0463839640393e-28,0.999991052485512,7.57980384944801e-06,5.03561946196556e-20,3
"20620",0.899266431578512,2.85736338364366e-21,4.31793578290952e-07,0.10073313662791,7.69755700893944e-29,1
"20622",0.00328195773870815,0.996717912026775,7.71813424565383e-08,5.3042222421884e-08,1.09526099630852e-11,2
"20624",0.000441120060165344,2.40771227080651e-41,0.487687652040308,0.511871227899526,6.10141473623516e-23,4
"20626",0.947228954451039,2.4290609970057e-15,3.1408535255016e-09,0.0527710424081049,2.15473338003178e-16,1
"20628",0.965074291353827,2.166140382463e-25,4.1265917876597e-05,0.0348844427282858,1.06199952773087e-14,1
"20630",0.0456446927533292,2.43798166190717e-11,1.21157562748205e-07,0.954355186064728,7.52227036923863e-18,4
"20632",0.00188020492413353,0.998116917751027,4.94379672674664e-10,2.42464062795321e-12,2.87682803515689e-06,2
"20634",0.0161158512411253,6.23897744750542e-31,5.10825974752736e-07,0.9838836379329,4.28694864927703e-28,4
"20637",0.000308783081847773,1.25752941522057e-28,0.999174569146883,0.000516647771269001,4.11079337936442e-38,3
"20639",0.00314179008668471,0.996832819754959,1.19071519529577e-05,1.32333673371983e-05,2.49639065731095e-07,2
"20644",0.0103374112329292,5.40114369897128e-82,0.989662588756279,1.07918390681332e-11,3.04442322451788e-92,3
"20646",0.999104040402001,2.83384914230036e-42,0.00089417250756183,1.78709043771129e-06,5.20636548793374e-47,1
"20648",0.000842287529068605,0.535615157082087,0.000112636750522584,0.0152397810737098,0.448190137564612,2
"20650",0.0257465100561351,6.21240480716887e-49,0.920969540532418,0.053283949411447,4.74410440819146e-34,3
"20653",0.99135340523269,5.62346200335734e-12,8.94550241434476e-05,0.00815077199615987,0.000406367741382787,1
"20658",0.088129451845538,1.75384038408856e-41,1.24733109421141e-08,0.911870535681151,2.37440198969424e-25,4
"20661",1.3336418098706e-07,1.69196919345415e-56,0.999999442495612,4.2414020703581e-07,6.42099409877163e-24,3
"20663",0.00479908699455877,9.02896261937564e-18,0.000185647161016063,0.988341409508436,0.0066738563359893,4
"20665",0.00221678572863086,0.99778321425371,1.75935011012936e-11,6.48247838516046e-14,9.90902270036986e-16,2
"20667",0.971429321385107,8.57229992215347e-17,0.00018400225965318,0.0283866688938799,7.46135979062474e-09,1
"20669",0.931189690196604,3.14600237962771e-19,1.22882588687986e-05,1.2765365469103e-09,0.0687980202679906,1
"20671",0.00104313215715656,8.47428296630132e-19,0.695372152898269,0.303584714944575,6.93920743391858e-20,3
"20673",0.999308184970108,1.66303557806876e-15,2.78458616000539e-09,1.79062484754468e-13,0.000691812245125085,1
"20675",0.749643870254959,6.33752824048079e-22,1.26468854407922e-07,0.0133867288586195,0.236969274417567,1
"20677",0.055108922384423,1.65103170246726e-21,1.43442272304181e-07,0.943800237527318,0.00109069664598728,4
"20679",0.866267043351585,1.49754371215292e-08,4.52405202152697e-06,1.50510548078589e-10,0.133728417470446,1
"20681",0.00323639339551047,1.12329940172536e-19,5.10427598315964e-07,3.29740374564441e-05,0.996730122139435,5
"20683",0.205102236496773,8.94025586170085e-20,2.17134117080176e-07,0.794893018733033,4.52763607690277e-06,4
"20685",4.97970545107948e-08,1.38633532538823e-36,0.999999950169119,3.38266799059915e-11,9.30922293909933e-17,3
"20687",0.000614701033971661,0.0883166197266349,1.73154481555524e-06,1.35165608298229e-05,0.911053431133748,5
"20689",1.28341849172233e-06,6.38501710762932e-90,0.999998716574432,7.0761187361081e-12,6.84129924981982e-70,3
"20691",0.000287695352149428,0.999712181806394,4.81894372269481e-08,1.33131001401867e-11,7.46387063403025e-08,2
"20693",0.0661933089522316,5.28846227358299e-46,0.000281626303518365,0.93352506474425,1.54755379747829e-30,4
"20695",0.0110782412091218,0.057137988825751,0.000635754885140943,0.058028601176419,0.873119413903567,5
"20697",0.0351021083231233,2.2822670371313e-15,3.04222470859395e-06,0.964894849452166,1.28398368225835e-24,4
"20699",0.0501076584663755,7.60646926879778e-16,1.74891421415718e-08,0.94868183042576,0.0012104936187213,4
"20701",0.0374295770663937,1.37292714530598e-31,1.7771362406262e-05,0.962552650677262,8.93938300002341e-10,4
"20703",0.996097806677444,2.76976469229692e-33,0.0039021933225555,8.72451690569184e-18,1.01438844734839e-17,1
"20705",0.09426605796468,4.32689903675258e-31,1.0711844531818e-05,0.905723230190788,3.845975920997e-19,4
"20707",0.00544708134104615,3.36608106739143e-10,8.14359517775309e-05,0.0819916961347364,0.912479786235832,5
"20709",0.960737977809597,0.00132034000635673,5.77391414500066e-07,0.0379411015761287,3.2165025596389e-09,1
"20713",0.000461694797214109,7.84439290416916e-14,0.998705558311855,5.31638177101431e-05,0.000779583073142326,3
"20715",0.96046672683492,1.60391068398582e-28,0.0395331677076047,1.05457475629247e-07,1.66572365963518e-78,1
"20717",0.00494494046940181,3.55349402753138e-05,0.000182844382041563,0.00542435702195813,0.989412323186323,5
"20720",0.0206546121746418,3.86151561226788e-18,0.000254928668061845,0.979090459157292,4.4692631085482e-15,4
"20722",0.0399991217174663,4.71666307484014e-17,8.26491381798195e-08,0.960000795266576,3.66818883177545e-10,4
"20724",0.000245983310991229,0.00169537428361706,1.8579282439793e-07,0.000313915988985133,0.997744540623582,5
"20726",0.0924041859118234,4.52568370061803e-43,0.000139070105520058,0.907456743982657,1.59003336247234e-30,4
"20728",0.000763856406855378,7.22134582314139e-14,2.2467701453725e-07,1.67842531627241e-05,0.999219134662895,5
"20730",0.000566673008089664,0.0110175394664777,9.94216218456186e-06,0.0178393899308751,0.970566455432373,5
"20732",0.997414554207323,1.36461819358577e-36,0.00025052269509434,0.00233492309758295,3.23488958618828e-26,1
"20734",0.0388120063550807,7.38018000316379e-14,3.95638564073773e-06,0.959622916526195,0.00156112073300969,4
"20736",0.000961338482019757,0.998729221389547,2.12869257110403e-08,7.28608334729343e-06,0.000302132758160381,2
"20738",0.999999996669309,5.49844812669314e-30,3.32613548979304e-09,4.55511010230746e-12,6.2735406171111e-47,1
"20740",0.00222563933734124,8.63131511173279e-62,0.98719227306779,0.0105820875948283,3.98277068966587e-14,3
"20742",4.52300884754312e-05,8.09830838042489e-17,0.0828865076702619,0.00188736906660799,0.915180893174654,5
"20744",0.00856804656544767,0.991228533578116,9.93608544958120e-11,3.24369319255978e-10,0.000203419432705578,2
"20746",0.00647373717141681,6.56630901577373e-13,6.65635644560006e-06,0.643841851215797,0.349677755255684,4
"20748",0.000141233294921651,0.0285244453711672,2.45644002508836e-05,0.000178716061376048,0.971131040872284,5
"20750",0.00668059360887079,0.615805295464113,5.80307034843898e-09,0.00478923241504995,0.372724872708896,2
"20752",0.0173713363770377,1.08050176777279e-24,2.55790940138084e-05,0.982602776124798,3.0840415014641e-07,4
"20754",0.999962835875392,1.38805972197826e-16,1.53329322501008e-09,3.03362139123594e-12,3.71625882811646e-05,1
"20756",0.0342891292363775,0.0781275751678253,5.78906679709805e-06,0.874554254101988,0.0130232524270117,4
"20758",0.999999889884613,5.58017722789858e-12,4.18800106380202e-12,1.10105618719885e-07,2.2715812570489e-16,1
"20760",0.0018860597981374,0.0214876871916697,1.9703482504515e-08,1.97574160106737e-05,0.9766064758907,5
"20762",0.999826976365576,5.92134848098711e-21,9.87820442673516e-08,1.08559191977836e-11,0.000172924841523897,1
"20764",0.00731287259776256,0.584203793970313,0.000625065796238358,3.3348685763319e-06,0.40785493276711,2
"20766",0.000929447633603324,0.266820602818064,1.22518112754469e-06,0.000191087777631964,0.732057636589573,5
"20768",0.000370438383277252,0.992848315064525,1.88970668290184e-06,0.00192841665775927,0.00485094018775509,2
"20770",0.994798583785772,9.16366432143577e-21,7.28223950947146e-07,0.00446336439444661,0.000737323595829924,1
"20772",0.0196696460780375,2.11423744954049e-26,8.5562349735996e-09,0.980330345365727,4.59892377910667e-30,4
"20774",0.997218097340386,6.95098609836094e-69,0.00021326926204232,0.00256863339757177,1.29821761309232e-67,1
"20776",0.0719968772762831,3.04240444585089e-24,0.00705076672358143,0.605361864153383,0.315590491846753,4
"20778",0.0064293361184538,1.86269488915491e-59,0.993564192079423,6.47180212326771e-06,7.20797888127484e-81,3
"20780",0.999999999523097,4.06670591812472e-17,4.76903163553356e-10,3.99686114552353e-17,7.37661534304477e-18,1
"20782",0.999969212100285,5.62202825516448e-15,5.12400540953724e-07,9.00647761863306e-14,3.02754990782081e-05,1
"20784",0.999911276712984,1.11513137556337e-19,2.80208008852699e-07,2.51998229288952e-10,8.84428270092768e-05,1
"20786",0.0889537100090886,0.911046289453256,5.36973018957541e-10,1.29380420537089e-15,6.81173562068145e-13,2
"20788",0.00119826658637199,1.63541725061155e-10,0.000266344316779766,0.111913052480262,0.886622336453044,5
"20790",0.0558489761580116,5.9074830714701e-05,1.82938801380665e-08,7.91723762072796e-06,0.944084013479773,5
"20792",0.261626079698632,0.000148560123190535,0.00121672367830016,0.737006801771026,1.834728851392e-06,4
"20794",0.0601316555256663,0.000672780955125116,1.49338134896047e-09,3.74244545772669e-07,0.939195187781282,5
"20796",0.0155692981494111,4.60464110976473e-36,0.000169224258798135,0.984261477591791,2.20046899768777e-24,4
"20798",0.000158956056708986,0.999841036184791,7.75849579951522e-09,2.01156320683734e-15,1.94201312691497e-15,2
"20801",0.999981454782253,1.84859738601625e-05,5.25887200639046e-08,6.65516692715292e-09,5.06676667626018e-22,1
"20803",0.043136075376229,1.08054977443435e-14,0.00778240203531698,0.862770253487403,0.0863112691010399,4
"20805",0.0228471449388577,4.31963312603498e-18,1.77685296194885e-06,0.97570663890263,0.00144443930555043,4
"20807",0.000158956056708986,0.999841036184791,7.75849579951522e-09,2.01156320683734e-15,1.94201312691497e-15,2
"20809",0.156299590015662,2.5202665915925e-17,0.406108347691576,0.0679468724241629,0.3696451898686,3
"20811",0.99998267230175,2.13203420115187e-08,1.14401381873028e-05,5.8662397204597e-06,1.2408980686844e-20,1
"20813",0.93305027136991,1.09009966958003e-06,8.45770592376745e-05,0.0668640600014835,1.46969914997626e-09,1
"20815",0.935657636567685,0.064342362902951,5.29364314223213e-10,2.09815583608083e-20,2.4512213876325e-17,1
"20817",0.000115309431062348,1.80329681255752e-05,3.25402518432917e-06,0.00102574694896805,0.99883765662666,5
"20819",0.0398264453428134,1.19544035088896e-22,0.00052186432762164,0.954185136732895,0.00546655359666984,4
"20821",0.999999999992584,9.3253195465556e-32,2.16444179298722e-12,5.2511176117098e-12,6.82114310099507e-48,1
"20823",0.00243556437721507,5.58438332660666e-09,0.00020563996289563,0.993531490912862,0.00382729916264365,4
"20825",0.000880482282919687,9.78097469703327e-07,1.13478278782829e-07,0.00014395009505867,0.998974476046273,5
"20827",0.445756550130612,0.552260685363323,0.000406702575075515,0.00157441563939699,1.64629159232406e-06,2
