"","V1","V2","V3","V4","V5","V6","V7","V8","V9","V10","result$classification"
"19811",0.903521536476767,0.000260375060777006,1.97172647276346e-10,0.000177181571085522,1.01557513474473e-05,0.0220412592166196,1.17406987016293e-09,2.30177129925793e-07,1.99730143591802e-05,0.0739692873606719,1
"19813",6.67226804710252e-05,5.66374571818954e-08,1.25965105658622e-12,3.51771633238232e-07,2.93948657894454e-08,0.999932726752021,9.29358535115713e-09,6.95969436627612e-09,3.16511102662885e-09,9.33439017033925e-08,6
"19815",0.9567317201643,0.00791870661459133,1.65147023962264e-05,0.0033396616522955,0.00091066662822294,2.11707958052793e-07,1.39952633784852e-09,8.87188001080765e-05,6.25318115162314e-08,0.0309937357987902,1
"19817",0.526859492241195,0.00281893376769907,2.44685656940009e-07,0.0046543083593184,0.000109899424517377,2.69851529033313e-06,2.13497031911718e-10,3.05989829589186e-06,1.86213647667373e-05,0.465532741529763,1
"19819",8.72150610748867e-07,1.42294208687024e-05,0.719611769002686,0.0594897989198837,5.83914798378952e-05,8.55011373930128e-12,0.00440167370542105,0.216422847857692,8.0931008319323e-09,4.0936134902649e-07,3
"19821",0.334691014326067,0.000221193771305681,4.78821540511532e-09,0.00489674771174433,6.13471652873661e-07,0.012559437329297,9.31339547118279e-08,4.24280134180111e-05,0.00210399131198565,0.64548447614236,10
"19823",0.206742590266446,0.00014591713358475,0.00108979421904803,0.0015006244428517,0.722829390471206,2.99629025900562e-07,5.90262679828317e-09,6.06886443979367e-06,1.95005030650071e-06,0.0676833590204645,5
"19825",2.81210317578356e-05,0.00209411632801014,2.55206760309886e-05,0.00436749521128703,2.04649149405021e-06,0.000968084983866517,0.23940623603958,0.00433623108272817,0.747161630901739,0.00161051725350667,9
"19827",0.00318127194075161,7.97633180877345e-06,6.9886228050756e-07,0.00113756164989382,4.24787642334302e-05,2.59497908317144e-08,1.05529126898436e-08,8.57458030977805e-07,0.0120363236643742,0.983592794825923,10
"19829",1.22288939102962e-05,0.000185493735702465,5.56842665415794e-05,0.952239302461646,3.43693588703098e-08,3.72077588677178e-07,0.00182494401524071,0.0439016629005095,0.00124771240951598,0.00053256486998593,4
"19831",3.55769885505908e-05,2.56366632290718e-05,0.106777061526701,0.790941160795813,0.0027902648062264,6.49380293521897e-08,0.0165988482496814,0.082830459845668,1.5306642655887e-08,9.10879458662999e-07,4
"19833",7.09870082224484e-08,0.00276279869051188,0.0772182623529219,3.57718313727857e-07,0.918965729565535,4.64072509115307e-07,0.00103791671004829,5.36829109582474e-07,1.37385362595941e-05,1.24537782234632e-07,5
"19835",0.334691014326067,0.000221193771305681,4.78821540511532e-09,0.00489674771174433,6.13471652873661e-07,0.012559437329297,9.31339547118279e-08,4.24280134180111e-05,0.00210399131198565,0.64548447614236,10
"19837",0.0347972416274864,2.14830042959753e-05,1.44554035693046e-07,0.0156493472287081,6.81195921463867e-06,4.95365722192319e-07,3.26944143838665e-09,6.43077955858533e-06,0.000926833346579931,0.948591208864957,10
"19839",0.000129752919477157,0.000579025310976563,2.5044215777091e-06,0.418565850729678,2.1492216954637e-07,0.000335308854984115,0.545625208047436,0.0263499310422287,0.00774648881964064,0.000665714931831153,7
"19841",7.59159778822799e-09,7.20564691986166e-09,1.7020255403102e-10,4.77361211324647e-07,1.73149105785197e-10,5.31525876076578e-06,3.70516483479423e-05,2.37369221675599e-08,0.999869877153073,8.72397010886722e-05,9
"19843",5.91650514090207e-05,0.00109547722387712,1.26252853809699e-05,0.0120231920453542,2.59348676944348e-07,0.00609770053055633,0.432498971403727,0.548212595413595,1.56837089588609e-09,1.2129052084192e-08,8
"19845",0.194878098872376,1.44949890271486e-05,5.12204546982848e-11,3.69034670824021e-06,9.77975602672934e-06,0.804045429097375,3.11537966309337e-10,3.28629075405083e-08,3.17189180096072e-07,0.00104815652364134,6
"19847",0.990370780245609,0.00112283732655589,2.97854095786538e-07,0.00496715218530035,9.85652317038195e-05,0.000658773483330914,2.70401610253776e-08,8.75930221849194e-05,4.21704000180517e-08,0.00269393144065776,1
"19849",0.00013000547009779,8.06867011874076e-09,2.15931529396949e-13,2.80726032853948e-08,3.21895785858738e-08,0.999869539693679,7.80319472629796e-10,5.65261102853416e-10,6.49065329522039e-09,3.78668921138539e-07,6
"19851",0.92855794073364,0.000256938059031515,9.00455589741474e-08,0.000318395054276387,0.000231240965651398,4.33134472586998e-06,2.77735994317957e-11,7.99428948854957e-07,2.72865931582146e-07,0.0706299914744618,1
"19853",0.820954261623058,1.89260571690928e-05,4.20034487805512e-08,5.47303443327524e-06,0.0790380273849622,0.00788312269887033,1.91611967040207e-11,3.3800925570195e-09,9.42062935031746e-06,0.0920907231694538,1
"19855",0.35826241545713,8.35711790594701e-05,9.42199471365357e-09,0.000265596927077204,0.000488368917587025,0.000644343840431471,1.88897205113845e-11,2.34906753810945e-08,0.000181273092040555,0.640074397655114,10
"19857",0.3269748041247,0.00611387860051165,2.7122097582828e-08,0.315436246999112,3.28869833007496e-06,0.0134550514212401,5.71270522338397e-07,0.000185671479027385,0.00219702297852686,0.335633437305932,10
"19859",0.153196936752922,0.00197137878849844,2.50709897612633e-06,0.0502184041044429,0.000453313942073645,4.16071243782199e-06,2.26876618911752e-08,1.24728246146969e-05,0.000745720465710687,0.793395082622662,10
"19861",0.96554435736619,2.29909141663421e-05,3.58733504966037e-10,5.00992729599158e-05,3.2166672541377e-05,0.028063852498505,2.23131064068635e-10,1.37315650011689e-07,1.79605393890348e-07,0.00628621577272901,1
"19863",1.51999206005569e-06,4.67473755880649e-08,3.52261835844784e-13,1.37380993259283e-08,8.25450817727878e-09,0.993331051483982,6.99113079186873e-07,1.52318555431486e-10,0.00665043037212555,1.62301460990563e-05,6
"19865",1.37285874712718e-05,4.26968471263429e-06,3.95892254348421e-10,7.19551698594083e-06,1.19529073604597e-08,4.97970227965891e-07,2.07202037820859e-08,1.64361365330612e-08,0.916269908932049,0.083704349803413,9
"19867",0.998169929364698,0.000248565553015092,2.7607274314631e-08,0.000146957992203343,2.75810321882751e-05,0.000356520521917177,5.87272605259995e-10,9.68079925334958e-06,2.43214100269938e-09,0.00104073411003741,1
"19869",0.00573524854679848,8.28768868872014e-08,5.06023964150568e-13,3.32246988994333e-07,2.48783448834834e-07,0.993924352996128,1.0110495849434e-10,6.22813464840786e-10,2.32178114404879e-06,0.000337412044179916,6
"19871",0.027548860767316,0.000428839073243255,2.59940376160311e-06,0.101439492524136,6.47481827637745e-05,2.91997854848942e-07,1.13952039022882e-08,1.95208940097951e-05,0.00166576750123256,0.868829868260478,10
"19874",0.00243224997979003,0.000160709022170411,2.62552805910035e-08,4.05201811399753e-05,1.47514170448933e-05,6.78482083855162e-07,3.88956302148608e-09,3.47115783139384e-08,0.0793738096338894,0.91797721642746,10
"19876",0.0136258687421881,2.15450218544993e-06,1.10315563676917e-10,1.52802784775002e-05,1.94439617440554e-06,5.40019297457279e-05,4.0374883333717e-11,2.73395353451863e-09,0.0089218031228835,0.977378944143701,10
"19878",0.000600364631882965,0.99733235255256,8.41529576478482e-06,3.30560167691662e-05,7.11254728712898e-07,6.88434340974394e-07,3.29502403366083e-05,0.00197880555340396,1.02551293073918e-07,1.25534689202938e-05,2
"19880",7.48872495951187e-06,4.71608736439937e-08,1.59991961325914e-11,4.77788085768601e-07,3.17421443063837e-08,6.43624818754027e-06,1.06206899616308e-09,1.49047585172332e-10,0.94661786351538,0.0533676535932531,9
"19882",0.806718741365189,0.00171499702802588,1.98962364260792e-09,2.08207683482685e-05,9.17345082095422e-05,0.145726402121767,2.27824226767044e-09,3.0663518536936e-07,3.62493575335944e-05,0.0456907439478756,1
"19885",0.542846340597069,0.00654999768302181,5.12694279532281e-07,0.153224075243024,6.04323193714455e-06,3.49265661192011e-06,1.18617650097267e-08,0.000367343064168082,1.70347732090584e-05,0.296985148194915,1
"19907",0.987216414297519,0.000556057951914596,5.48347363070762e-09,5.40352598973275e-05,1.01496612181097e-05,0.00898573302245608,4.13939707600756e-10,3.96919040023912e-06,4.54416533030684e-08,0.00317358927752751,1
"19909",0.000869222085088688,3.1512072743245e-06,2.93634176832546e-06,0.959660022431897,1.30134456539552e-07,1.06970270815735e-05,4.08514293969164e-05,0.0393842437236228,4.08550936792581e-08,2.87047643203047e-05,4
"19911",0.00011674512080422,5.90214016151084e-05,3.77714204721142e-05,0.989947409442724,4.49224933001387e-06,7.42237400686365e-07,0.0012758708935549,0.00630049898850386,0.000822008824876563,0.00143543942071897,4
"19913",6.40372986596028e-09,6.80875030281296e-09,1.41832867206901e-10,8.09010749404114e-08,3.10496293720167e-09,3.89659083311719e-08,1.49851105187699e-07,2.37088954713308e-10,0.999643831554827,0.000355882030719458,9
"19915",0.00359635102184436,2.09898224874324e-05,9.61772051490484e-09,3.88850825972142e-05,6.10660577670095e-06,1.3553196998666e-07,1.33192703731777e-10,2.00308488265308e-08,0.00934159643130422,0.986995905722258,10
"19917",0.00016728147248072,3.94070702939254e-05,1.62905101654643e-08,0.000312176242679005,1.36070824118982e-06,1.01843632904426e-06,6.87572647411014e-07,2.29606157810342e-07,0.764531377213867,0.234946445386794,9
"19919",0.0143501871385061,0.00143209107170535,2.53205209613428e-07,0.00150273970678688,2.30916817535462e-05,1.19106119298872e-07,3.24466560631229e-09,9.85277576248881e-07,0.00421247639183936,0.978478053175838,10
"19921",0.989224151155023,0.000533407263705161,2.22702073843166e-08,0.000448595690024788,3.24356533046937e-05,2.76759355899433e-05,8.27839935175602e-11,3.10827427912788e-06,2.52750086345916e-08,0.00973057840007403,1
"19923",0.157618223156816,0.840066139631276,8.61375506275674e-05,0.000262770773553691,0.000836190553596832,4.18018046379325e-06,6.49288376272623e-07,0.00101951802993759,1.83811936705825e-09,0.000106188997232804,2
"19925",0.000594180023140865,7.38884464210178e-05,1.26617010322311e-08,5.1792762816099e-05,2.08836642746689e-06,1.84983063876571e-07,5.72648836134572e-09,4.88357879524066e-08,0.221628497932847,0.777649300261306,10
"19927",0.749011955775601,0.000121656183480356,6.68589247665587e-08,0.00163688789165092,0.000176591727544782,1.03120284677558e-05,4.98798827120144e-11,8.0524386443644e-07,3.30228256604572e-06,0.24903842195802,1
"19929",1.85476750661368e-06,1.17950524909306e-08,6.12429569273074e-13,9.34390284798288e-08,1.01720640711819e-08,0.318615878887487,1.07363346423461e-06,2.01887634267144e-10,0.680902490957527,0.000478586145370495,9
"19931",0.428417005530106,0.000639913132144328,2.75620004902265e-06,0.0101796993481395,0.000250430114226444,2.4797283151779e-07,4.65656581272113e-09,2.62714910124768e-05,2.2367681765301e-05,0.560461303873159,10
"19933",0.0113238663954502,7.46136932566257e-05,0.000193691655401559,0.930198395101528,6.89078772188115e-06,2.66666675404916e-08,7.2274635754201e-06,0.0360312330567796,9.87242894671154e-06,0.0221541827506722,4
"19935",0.727506714332291,0.00809153394279982,3.84963431205892e-07,0.13955668509514,1.38875779555671e-06,0.000298602001750897,7.51438748814348e-06,0.0123558923395656,5.37454231704652e-05,0.112127538756567,1
"19937",0.947196769073288,0.00100487853445255,3.41259105464583e-06,0.00140827235429009,0.0010535589889273,4.02002478551934e-07,1.12664599030076e-10,9.23920708895179e-06,8.70405388124359e-08,0.0493233800952167,1
"19939",0.337573241990512,0.322325115462703,2.81069676835162e-06,0.00128096966980688,5.40177459897451e-05,1.66186780008467e-06,2.36991500745721e-09,4.04031787879824e-05,4.36954351602631e-05,0.338678081582557,10
"19941",9.10887817182623e-05,3.58208301914471e-06,5.36046986289742e-06,0.874363933725601,4.61743849238043e-07,3.92868368837589e-05,0.0935712980365447,0.0194647317940912,0.0106203515341523,0.00183990499427765,4
"19943",1.76714544928885e-06,9.58009517778568e-07,4.05188160221111e-09,2.72386203041109e-06,1.72979251601197e-07,2.66399916166263e-08,8.14187680008753e-09,2.25957809110333e-09,0.962719606874138,0.0372747300362848,9
"19945",0.011724594796928,0.00230583638886356,0.000587910751891357,0.896524714849097,2.84618511313027e-05,1.18557689645348e-08,6.42831143985355e-05,0.0871427489257948,3.54482176556642e-07,0.00162108298394966,4
"19947",0.000155151799748002,0.000186865350383462,6.90358065230935e-06,0.472349575166048,5.45332718933026e-06,0.00910502437652044,0.0017551587866113,0.000856880945679357,0.503905331940458,0.0116736547267097,9
"19949",0.119674351293623,0.854079093953635,0.000931626377809541,0.00272702826637834,0.000157625334263363,7.47434013154784e-08,1.73748905017651e-06,0.0217415031116434,1.09735804914398e-08,0.000686948456615576,2
"19951",0.00789562385920217,0.0435873078292541,5.02379820701956e-07,0.000872582162440072,5.5513934710213e-06,1.88155372910939e-06,1.78518308231865e-06,2.06062588459075e-05,0.117023031537874,0.83059112784228,10
"19953",0.000586230687515336,0.000754391812814453,0.868908973053901,0.0224438654248891,0.0396785374970498,2.62016689385066e-09,0.000103088279636234,0.0675223033106346,4.13804172567262e-10,2.60689958887053e-06,3
"19955",0.001516313839284,0.332938265116305,0.0196032930490854,0.487485253855612,0.00160751537317411,2.23852459883337e-06,0.011450845952409,0.145383747333439,1.02193250767306e-07,1.24247628414052e-05,4
"19957",0.00148639620412251,0.000225894300556724,3.99444921157114e-05,0.0559141345453074,0.00621402567322827,7.15739981173488e-06,2.54119620155736e-06,2.94887267710983e-06,0.44321778873593,0.492889168580049,10
"19960",0.000104542972001735,0.0061249227870345,6.04766467545943e-05,0.752714711556597,8.85749922603102e-08,1.14556021068952e-05,0.00158182872563863,0.239240667557013,4.3427156118951e-05,0.000117878421741978,4
"19963",9.94039583183616e-07,8.26226477048161e-07,0.00100466174225073,3.62920017888069e-05,0.0471023541400269,4.81444372424496e-06,0.0133953714824112,7.06164896279762e-07,0.937544737525859,0.000909242232982461,9
"19965",0.000246868056625236,0.0975658112715338,0.000171054803372981,0.033115234257981,6.8961930488857e-07,9.54864007346236e-06,0.0105202095502428,0.858370470789058,4.01255670274295e-10,1.12610552217926e-07,8
"19968",0.000847355454365105,1.39220852872164e-05,1.07991584870679e-10,0.00153227545687255,1.25509899762509e-09,0.266167706725995,0.000106469152845086,3.14454348821613e-05,0.694074668349942,0.037226155976721,9
"19971",3.10391732037758e-09,1.04169748123283e-05,0.000163547109542739,1.58503243316851e-05,2.89398318435616e-06,1.50202737255813e-08,0.00193045347336912,2.20383577272945e-06,0.997818038592379,5.65775824169727e-05,9
"19973",0.270245197729085,0.00026916868718601,5.62042883141741e-09,0.00190913775074048,3.07344170032066e-06,1.42140050321096e-05,4.5435937159563e-10,1.7782313785636e-06,0.000141525433151942,0.727415898646937,10
"19975",0.000551661679578328,3.49493782052406e-05,4.9010100728406e-10,0.000237619163988687,3.48080759069252e-08,1.49218618305597e-05,8.62319472037589e-08,2.35104165419753e-07,0.580552378490007,0.418608112792101,9
"19977",4.09092182381298e-06,0.000417792809440017,5.29087232446837e-07,5.93053801784046e-06,1.05963727646685e-05,1.87958272205966e-05,0.00020894217955437,2.57662327167479e-07,0.997038561123748,0.00229450347787114,9
"19979",3.02752964321614e-08,1.06135606620498e-05,0.00446322520878275,0.0947408991801063,5.71462583861555e-09,2.56592427101363e-11,0.0528672709850898,0.847917761326495,1.0371050666634e-07,9.00127757531094e-08,8
"19981",0.334299867251078,0.000231932794354547,2.73677011303123e-07,0.616479183760146,3.34011145332728e-05,0.000234309366860759,7.20387444370851e-08,0.000179692356430054,7.6687449620964e-06,0.0485335988958802,4
"19983",0.711957298262402,0.132564078492691,2.63570081160579e-06,0.14587326964806,5.76564929403276e-05,0.000129510576217782,4.02938279454142e-08,0.00101892978848405,2.95734275585972e-07,0.00839628501028892,1
"19985",0.00251637722521926,3.00725065317492e-05,4.459351780094e-10,2.1014309950916e-05,1.56141581803311e-06,7.44495498243848e-06,3.53144530609388e-10,4.63168003774465e-09,0.0888258179126882,0.90859770624405,10
"19987",0.0332605968802809,8.78232849911053e-05,6.21608745371701e-06,0.383798307733839,8.43243049561313e-06,5.94709384341444e-07,8.68238855699324e-07,0.000880974920163745,0.001620594943825,0.580335590770711,10
"19989",2.96035880580021e-06,3.15506515979251e-05,0.0124185531937047,0.0150085293762559,2.57428307511749e-07,1.70129184149579e-11,0.000809071924840933,0.97172905317465,1.58466927204855e-11,2.38589778641505e-08,8
"19993",0.0161187953809713,0.780072955857279,0.000187605950924221,0.0309919600155238,1.70790298854718e-06,7.12876405355024e-08,1.65463513404258e-05,0.0347744953623049,0.000770538702352048,0.137065323188676,2
"19995",0.0352932619754942,0.0456494109964738,0.000112229985873117,0.628146755191939,5.04065234041617e-06,1.5420558530838e-06,0.000676100090885968,0.223922653470978,0.000493717610184878,0.0656992879699768,4
"19997",0.223740295248519,0.000124136994099053,1.23212390845414e-08,0.000411531997375297,4.71391961405011e-05,1.09996443232319e-05,7.61634224489597e-10,2.67475002417075e-07,0.000259350215110867,0.775406266146556,10
"19999",0.0857143355591098,9.13186414167283e-06,1.58862805344181e-10,9.97068753145686e-05,4.44979412250583e-06,0.000348903709693236,4.39458529976065e-11,1.07336067125163e-08,0.00165540441910231,0.912168056842101,10
"20002",1.18018894021344e-05,4.90778270911424e-08,8.83480180373674e-09,1.34776779419929e-05,6.94279768591847e-07,0.331687734658051,0.0191284140400715,1.88713250236306e-06,0.648573434192566,0.000582498217068421,9
"20004",0.00363136603464288,2.85411348118277e-06,2.74613511017692e-06,0.967179326304983,4.84849616297772e-07,2.85332306284915e-05,0.000276352953131985,0.0228276148299319,0.000130182075341143,0.00592053947313278,4
"20006",0.00126298962428357,0.493424277420788,0.000312116458428282,0.448452907253679,5.41361724367639e-05,0.000603669171138182,0.00461840267588676,0.050934656514517,0.00010124323439736,0.000235601474444871,2
"20008",0.00291778244113695,0.847049499824844,0.000663272762805757,0.00212901660966394,6.73950032057822e-05,9.21397231192669e-06,0.0536551973717534,0.0933803656086447,6.2565907758486e-06,0.000121999814857765,2
"20010",0.00514066905021679,0.464718207237792,0.0367235734393591,0.186760122050428,0.000150920221745094,7.01966043246728e-10,6.95614401892057e-05,0.306199844676206,3.84446678474291e-08,0.000237062737429333,2
"20012",0.0121767092573794,0.00152295354228455,1.3041547367902e-09,5.09696936162894e-05,3.39445212610914e-07,0.00758670584313104,5.02595707192375e-08,6.65241080026053e-07,0.264830827770113,0.713830777643458,10
"20015",2.12582811853355e-06,0.000742191423401301,3.45881843314754e-06,0.00548351661648567,6.8302712628301e-11,3.61685704178578e-08,0.00407440696157319,0.98969424726245,4.12245316499352e-10,1.64404194520433e-08,8
"20017",0.193420718650484,2.25374717143198e-05,5.67030782514655e-10,0.000925530700911334,8.42176582447957e-06,0.00165571481431366,1.62323606238177e-10,8.51612732657384e-08,0.00105581433071426,0.80291117637541,10
"20019",6.37003969595008e-09,0.000259930046997924,0.0159701124168992,0.00227432006496967,7.39073294204028e-09,1.95330682360109e-12,0.0305949833106471,0.950900639909308,9.29884675040255e-11,3.95464159254474e-10,8
"20022",0.000428332881336583,0.00367602536527034,0.00141657780897854,0.797720630985871,2.14725174002815e-06,7.02637669006021e-10,3.86122444526998e-05,0.196687952817188,1.19224382196451e-08,2.97080200869755e-05,4
"20024",5.62778251909678e-07,8.75496695070697e-05,0.848757919664694,0.00446793509565632,0.000197786292712999,2.39797351136298e-09,0.0156123382756339,0.130875895654136,7.71140253886145e-10,9.40029432146811e-09,3
"20026",5.62778251909678e-07,8.75496695070697e-05,0.848757919664694,0.00446793509565632,0.000197786292712999,2.39797351136298e-09,0.0156123382756339,0.130875895654136,7.71140253886145e-10,9.40029432146811e-09,3
"20028",0.0284768689742483,1.82503681364491e-06,8.18304855555585e-10,4.12885734160838e-05,1.15416952417923e-05,1.84713152789221e-05,1.55810776733398e-10,9.99878159996654e-09,0.00308521121475689,0.968364782217347,10
"20030",5.58640549341971e-06,4.305382420252e-06,1.41348737073575e-05,0.392926016776349,2.70757920193329e-09,1.28005169486325e-06,0.162223932226373,0.444787592013099,2.48472923244346e-05,1.2302270959738e-05,8
"20033",0.0125303032627405,4.56401950254789e-05,5.19172527215547e-08,0.00908602803425703,1.90727635079901e-06,3.9174688943149e-06,1.19021590205734e-08,4.42778275084788e-06,0.00836271193766619,0.969965000222903,10
"20035",1.93787821201347e-08,0.000333777867000493,0.0209167271109639,0.00194232949544051,8.9074678338835e-09,4.5974031494267e-12,0.0031165717632305,0.973690564465364,6.18365414338962e-11,9.45316360824606e-10,8
"20037",1.6584876345368e-07,0.000350770602868953,0.000568025108454407,0.00149459420854446,4.15947492195354e-09,2.13411589262602e-10,0.00467549703846843,0.992910942695096,6.35854157630611e-13,1.24281643249828e-10,8
"20039",9.5940829205831e-09,1.33353678701442e-05,0.998057813231138,2.69021163845887e-07,0.00186656545352153,9.14140462817944e-13,1.23670607546261e-06,6.07705707236848e-05,2.72881058490809e-13,5.42376223495599e-11,3
"20041",0.0021345530929137,0.98757172580674,0.000104137579256327,0.00940848471953386,0.000168728855786424,4.3359041994966e-07,4.216411689663e-07,0.000301121548534707,9.0250513529716e-07,0.000309490660510548,2
"20044",0.00364798216210958,0.919235219240704,0.00126351877252788,0.0676871007448231,0.00061864959556294,2.63647791093554e-06,4.25190814998165e-06,0.00217015349282543,0.000102391463696564,0.00526809614168939,2
"20047",6.89490242956523e-10,1.19909232189592e-05,0.0606936569515521,0.0052373194104449,3.06272207152271e-08,1.5257653435815e-12,0.491528322847165,0.442528673842697,4.03879460305364e-09,6.67891511119168e-10,7
"20050",0.00031097427394933,0.528308532643467,0.447501761782354,0.00151211961997039,0.0013080635934712,1.55688333592261e-11,2.24425858322617e-05,0.0208186421037241,2.88580100616281e-07,0.000217174801562451,2
"20052",0.0535029149382097,0.0158732797005295,9.65392871876933e-05,0.105399749171967,0.00047086538072926,4.19820723612104e-08,1.05590280473448e-06,0.000339207143446213,0.00146747585563753,0.822848870637416,10
"20054",3.46911335002807e-05,0.00010244416633806,1.2090258930122e-06,0.740453935678854,7.68947072599496e-10,3.15159524915005e-06,0.00130785869414776,0.258092319072981,2.22987632847711e-07,4.16687645677765e-06,4
"20056",8.87519344642757e-06,1.25813747551442e-06,1.42288284710317e-07,6.31286324297485e-05,1.71234070791242e-07,8.8638784801818e-08,1.24290760547624e-05,2.28097526667318e-06,0.956982373636157,0.0429292521880296,9
"20058",4.83466782027931e-06,5.9969382632815e-05,0.00232909033540296,0.0151905800302678,8.85080203004053e-08,2.96067727126241e-10,0.000701521960012496,0.981713908453012,2.97195980997959e-12,6.36379201506025e-09,8
"20060",0.797803175717754,0.000544544622474728,5.55460820203744e-07,0.00223278582121229,3.03198231747974e-05,3.76854817016366e-06,2.48003446682521e-09,5.74315594388477e-05,4.22178760145667e-06,0.199323194179319,1
"20062",0.8045039582966,0.133407265629628,1.17282529989005e-06,0.0083668137124836,1.21727903926564e-05,4.556426316534e-06,5.18450280162989e-08,0.000696579594417614,1.57139090572808e-06,0.0530058574889282,1
"20064",0.000547153962871566,8.75253142478255e-05,2.52969670501265e-05,0.94378338955834,1.14678219185961e-07,4.87344547248767e-09,4.0237886040318e-05,0.0545915722503259,2.37821877325205e-06,0.000922326290686308,4
"20066",1.97079182067926e-07,2.59173661529522e-06,9.90256134853289e-05,0.0919969268091359,7.86682386494545e-10,1.20040280401982e-07,0.104024820953097,0.803873859195971,2.02779101227603e-06,4.29994538644911e-07,8
"20068",0.974458074235224,0.00149211340292862,4.51133439375858e-09,0.000205459800902611,2.43360432555315e-05,0.000230747633773128,7.52334427980025e-11,7.58698804580354e-07,3.37954503533758e-07,0.0235881676440396,1
"20070",0.966955404715057,0.0030618912062684,1.33921929985473e-06,0.000223785335832843,0.00735517053267569,6.27250719561167e-06,6.78315679390773e-10,1.53908501869915e-06,1.62203217607483e-07,0.0223944345171184,1
"20072",0.000908651512856672,0.0041941274405561,1.18921179566018e-05,0.0548171717945414,8.30540658397032e-08,0.00132075877240822,0.00226651295796783,0.936480623116234,3.23774437555443e-10,1.78909638623939e-07,8
"20074",6.03936215919508e-08,1.54346433349043e-08,2.35435052155585e-12,1.31316646715167e-08,3.21751268326841e-09,7.30172523320966e-05,6.82038049432351e-08,2.77350200492734e-11,0.999582716664353,0.0003441056719779,9
"20076",0.00255111745807049,0.000172665771755727,2.13174370762567e-09,0.0810535768100008,6.07183700735208e-08,0.37818354868872,0.000216515878785032,0.000102950581734931,0.482023975933823,0.0556955860269962,9
"20078",0.0018724214510411,0.000925347522184897,0.000434277236026454,0.953155043037481,3.66309287900803e-05,2.9893898045081e-08,0.000410105325689703,0.0425658436418076,1.68851494173226e-06,0.000598612448139328,4
"20080",5.79504973448125e-08,0.00016193632015824,0.00823427231670147,0.0112313117369095,7.23037220881355e-09,7.97301757333835e-13,0.00303559854155183,0.977336806339495,2.74500989306301e-10,9.28901621147515e-09,8
"20082",5.33677344710431e-08,1.75422614409586e-06,0.998709977382535,6.38848274584173e-05,0.000972698062373932,6.90148838897917e-14,4.31101744039522e-06,0.000247290565118346,2.23284391726251e-10,3.03278421291403e-08,3
"20084",3.89937721067041e-05,0.000145417863536396,0.00286711697333929,0.971676153605703,5.95974625227449e-05,6.26638244265308e-09,0.00876171105861619,0.0116740887196984,0.00234743471280856,0.0024294795652865,4
"20087",0.0515828020136378,0.0359629528055605,0.000205833296172052,0.396792628728846,3.18607391086739e-05,5.58708421767164e-06,0.000943322871608004,0.514412890694811,7.2512053981257e-09,6.21145148323437e-05,8
"20090",8.63407663067421e-07,0.0547796972582742,0.112134803128514,0.00344832171426535,3.61411967332842e-07,1.69452968288733e-12,0.00104273319022888,0.828593093769188,1.48836568466035e-09,1.24629839258315e-07,8
"20092",0.0352901452799771,0.014138855459992,0.00421374286575686,0.0025922755171787,0.943543461583004,1.274147322032e-05,4.59402643516464e-07,0.000203623121833183,7.32625761663045e-11,4.69522313206146e-06,5
"20096",0.0119756171160226,0.0139680060257225,0.0038782145474137,0.0142637054851103,0.934744332574666,1.85886508447741e-07,2.5358823598023e-06,2.03117796559436e-05,0.000108674288359807,0.0210384164141805,5
"20098",0.00731634137982896,6.61953189166361e-05,7.71428229455015e-08,0.000987198014105134,3.36679486534933e-06,2.64360098025943e-07,1.04719211547532e-09,7.98495369326461e-07,0.00478505650458383,0.986840700942218,10
"20101",1.91562118399008e-06,0.00120490882552256,0.0126566945407583,0.357367354620989,4.20839601681781e-07,1.72327594877165e-10,0.0584187010633749,0.570277915241994,3.55313822159554e-05,3.65576920318291e-05,8
"20104",0.0069951763968019,9.19725462800543e-06,3.54421664692504e-06,3.20125077051231e-05,0.988690005372134,0.00385195660436853,6.24405082455675e-09,9.46636788635983e-09,1.62817425723709e-06,0.000416463763039237,5
"20106",2.74867182450129e-05,0.0112110660998585,0.000288648067974551,0.237800358336583,8.15560675632463e-09,5.15758267690893e-10,0.000877468874581999,0.749691143558718,4.19588929246827e-06,9.962378338102e-05,8
"20108",0.166045614633063,6.18764353277079e-06,1.40816499027716e-08,0.00662078408324743,7.32202757119772e-06,5.08941199910943e-05,1.31688769888557e-08,4.86034740188144e-06,0.00064902235140179,0.826615287543264,10
"20110",0.00906011594561118,0.481175624349003,0.0132308356233396,0.00405008414076617,0.117205405897864,1.29520348257889e-08,5.53055108808611e-06,8.94854617466388e-05,0.0106709426004312,0.364511962478115,2
"20112",0.00153374805512807,0.409665828690092,0.0227943748897921,0.0319490317443652,1.41436734964898e-05,9.6301829085021e-10,0.000248229520333223,0.533374734183257,4.15069920784205e-07,0.000419493210596746,8
"20114",0.000105984435817846,4.06274198374364e-06,0.000100111493119661,0.98601796771112,5.33768921445641e-06,3.11040303422665e-08,0.000242613526277102,0.00374313309835721,0.00185305399101029,0.00792770420906902,4
"20116",2.55939365070147e-05,1.77041311106738e-05,1.03906877295335e-06,0.979873157929047,5.55259019058136e-09,2.50952273689721e-06,0.0027237296584753,0.0149971974149928,0.00162208926965036,0.000736973516116859,4
"20118",0.00856392190471225,0.000132692773670614,1.20163496693725e-05,0.673118615304719,2.18373839896498e-05,1.10956531714116e-07,9.67313232141343e-07,0.000346314268594297,0.00178775420081264,0.316015769544069,4
"20120",0.00010938619888506,0.011885590205969,0.170918577005822,0.415966503862948,1.42675942273627e-05,6.16902756636658e-11,0.000381349993666603,0.398128136374981,6.48194660926434e-05,0.00253136923571875,4
"20122",4.55261252176466e-06,1.95901128409411e-07,1.72116966318868e-10,4.29181738520158e-05,1.906050227029e-08,4.08568864363427e-06,5.49104470518075e-08,7.15975935708018e-09,0.975029244507717,0.0249189218133121,9
"20124",6.36236182349086e-06,0.00087212548860026,0.00605873978645897,0.139073179927574,2.8268313181554e-06,8.88815044587328e-09,0.0140289223960838,0.839957825371509,3.57952949774418e-11,8.91268590329657e-09,8
"20126",9.44487720516123e-08,6.43453654642241e-05,0.947417914040536,0.00203824042031309,0.048658838790563,7.16537293490849e-09,0.00136915147694568,0.000451376064584655,1.76387668192283e-08,1.45886822344134e-08,3
"20128",2.34187663637058e-10,2.65455020199507e-05,0.895703232757514,6.79909263209494e-05,1.20002505415801e-05,4.43913088310985e-12,0.0807528510744519,0.0234373792355736,9.96688813314536e-12,4.98436379699137e-12,3
"20141",0.0108629268343005,1.54254218894821e-05,5.17975174380533e-05,0.00143968457798911,0.740135203353169,5.32480537355551e-06,1.54614817545814e-09,4.86443341834552e-08,0.00174854779675694,0.245741039502601,5
"20143",1.222496905218e-08,2.26955815716285e-09,7.6944252740019e-12,2.05298002150329e-08,1.44443121858678e-09,8.85482451204357e-07,1.85806799094378e-08,3.25381857951421e-11,0.999592906112118,0.000406153315759814,9
"20145",0.000636037662621151,0.00702297541660715,0.0122699034228144,0.477018351492179,4.10379217673926e-06,4.57509218593913e-11,3.0375912614247e-05,0.502762435294473,7.60563946949214e-08,0.000255740904369365,8
"20147",5.55477736417849e-05,0.000292055778724711,0.000138388124628051,0.837286846805276,7.16572966684814e-08,5.61042914425796e-10,0.000112925736485448,0.162091162890637,6.73157441032823e-08,2.29333565238013e-05,4
"20149",4.2179957366744e-06,3.12979154047275e-07,1.56820399608241e-10,3.1364710103219e-06,1.6537012843123e-07,2.0803505140631e-06,9.37758344112214e-09,5.74127629530542e-10,0.972164162439278,0.0278259142856472,9
"20151",0.0235836273568842,0.000104617430223521,4.11353729423775e-08,0.000708670553174203,1.72392200597983e-06,2.75998519425543e-07,2.46485371167329e-09,2.36197249429222e-06,0.00156111581921371,0.974037563347258,10
"20153",0.00174405889107847,0.00119250036302897,0.000392635969144685,0.000734462080271736,0.00119887378599136,1.16982417326855e-09,1.90054812203251e-07,1.05796643222741e-05,0.0284817890428737,0.966244908978652,10
"20155",2.33752749197763e-05,0.0808654847529554,0.000458425162330595,0.239027712705312,4.29187568931676e-08,3.86789332036267e-09,0.000537385690415805,0.679086258920338,1.19359532723176e-08,1.29877112477756e-06,8
"20157",0.00318093444969796,6.21554015987765e-06,7.92099636140105e-08,0.00015836499057522,3.280856400764e-06,1.55417811867763e-07,3.32798441429311e-09,4.92544862272053e-07,0.0166994369507252,0.979951036711819,10
"20160",2.11063786356376e-08,4.90870398949779e-09,4.0601992892828e-11,7.23283516491674e-08,3.02230414880796e-09,1.20401976759273e-07,2.3635864775121e-08,1.06737061038891e-10,0.999053469967505,0.000946284481575641,9
"20162",2.75318948431515e-05,1.60350273870338e-07,6.6396006192277e-11,1.51506407254325e-06,1.01122391683549e-07,3.43604267578531e-06,9.40435135554397e-10,4.37894676423083e-10,0.844072582802853,0.155894671278164,9
"20164",0.00102292961135462,0.00103148270779741,4.26968249506128e-07,0.000130640638342387,1.99174701806777e-05,6.60880796924963e-07,4.4941532342924e-07,1.20221476153086e-06,0.399355727120623,0.59843656297257,10
"20166",1.8911593294707e-06,3.38770534653988e-05,3.04886225498086e-06,0.040342606944258,1.22520966504686e-09,3.61227968980671e-05,0.70618033855316,0.253090049553638,0.000304669151430917,7.39470035595342e-06,7
"20168",1.92548246386143e-06,1.5299443829966e-06,5.14848260702926e-09,0.000123087422766934,1.52173660857722e-08,0.794331969409839,0.204912786636747,6.30636186874039e-05,0.000564628502574272,9.88616689922459e-07,6
"20170",0.00454181259512391,3.14625491080031e-05,2.35155854888748e-07,0.00270682857368255,4.40085261330465e-05,8.801264997939e-08,1.38780015654439e-09,2.74511724702621e-07,0.00842466845729984,0.984250620230623,10
"20172",0.000717242152566054,0.000822315919897254,0.00159879645246929,0.529554948689847,1.49831688936678e-06,8.97314654000479e-10,7.90802748655746e-06,0.467293386510817,1.06587717820684e-10,3.90292612544991e-06,4
"20174",0.0641391539794626,4.68439210116323e-06,3.17319362716073e-11,7.77174539497877e-05,1.46632078442211e-06,0.150483991660869,8.31654123088639e-10,1.56113206306684e-08,0.0249271714877865,0.76036579823034,10
"20176",5.66150996266369e-05,1.26355009686102e-06,1.16902668427747e-10,1.11214951228433e-05,9.08228697229339e-09,0.999853011148153,7.21211954385022e-05,4.65892249470538e-06,5.04695437302847e-07,6.9469444086035e-07,6
"20178",7.4263963039772e-09,6.11378231150803e-09,9.7390213503324e-11,4.74236637727018e-08,3.09461404284306e-09,4.21640545137673e-08,3.59173170675138e-08,1.14533980245967e-10,0.999520878282947,0.000478979365300936,9
"20181",1.36599667636783e-06,1.50946435340862e-05,2.65230414713582e-05,0.502794874998597,1.64038021086819e-09,2.38913398671311e-07,0.202196261943816,0.29202436792308,0.00284326114175836,9.80097572876884e-05,4
"20183",0.945135698942891,0.00138322226817533,3.52735561239155e-05,0.0306171980120829,0.00218032236009327,4.02204009343279e-07,1.70850633830543e-09,0.00018012616217077,3.69931986269034e-08,0.0204677177927487,1
"20186",0.993825553700331,0.00156190492669832,1.14630966600696e-05,0.00227156233276095,0.00175693636126597,7.58040619291671e-05,1.27292996926969e-08,0.000414226613196725,5.23753020667299e-11,8.25361254832796e-05,1
"20188",5.01015151112007e-07,4.75538979187102e-08,1.56856913798742e-10,1.44431175777907e-07,2.42219990431272e-08,1.25255738160304e-07,1.06720608180635e-08,3.03147209755598e-10,0.989616561862685,0.0103825845272879,9
"20190",1.51050064607858e-06,7.20796748377181e-05,4.95655222151073e-05,0.0261728516393064,3.60590702892304e-10,9.42591237899663e-10,0.00118812176336921,0.972515642239418,5.23130128499725e-09,2.22125723853635e-07,8
"20193",1.42302732756971e-06,4.21182015412095e-05,9.14107298736112e-09,1.09430490400972e-05,1.05461388076305e-08,0.0048549957316908,0.0727405314714287,1.57115897161965e-05,0.922117911066846,0.000216346175197674,9
"20195",0.00288276922350043,0.00256463878845172,7.56358489061451e-07,0.00113675098630373,2.26696723415231e-06,3.3056685661455e-07,9.33680210781987e-07,2.27989757583378e-05,0.109327450083044,0.884061304370151,10
"20197",0.000664266890406631,0.0166299846981845,0.000686912891741433,0.297196103030503,5.34592093757363e-07,3.86878560709395e-09,7.88491340587443e-05,0.684739165003652,4.96144577250799e-10,4.1793944304942e-06,8
"20199",0.000538593131003044,2.64001118567013e-05,2.78919520726435e-08,3.52070371450093e-05,2.28448773688691e-05,1.76891910201123e-07,1.30113793014552e-09,7.78936525588912e-09,0.190419615476716,0.808957125491545,10
"20205",2.11727457756689e-06,0.000754748345210546,0.945691003916869,6.70658486398685e-06,0.0535148708767037,2.03474141203384e-12,9.84468657499916e-08,3.03776610539069e-05,3.50221460861718e-11,7.68567987960837e-08,3
"20208",0.148679547679055,0.00141236907334721,3.82988230480043e-07,0.00950981508409165,5.5700835671458e-06,8.17753005149402e-06,2.53531264343574e-08,5.48169900061538e-05,0.00057140848577599,0.839757886732748,10
"20210",0.000111674544886284,9.9030578949276e-07,5.73223308234241e-10,6.48286931858313e-06,3.27006075975266e-07,1.12765958430765e-06,9.71555087002344e-10,2.55533651123029e-09,0.548629010104793,0.451250383409437,9
"20212",0.00152671924080273,0.000115319985147649,7.09495653773051e-08,0.000188638499988758,1.33864541081307e-06,6.98544280465284e-07,4.81302303468489e-08,8.6971101459912e-07,0.12292646268725,0.87523983360631,10
"20216",5.51838461689853e-05,6.22048591596177e-05,6.71099824287058e-05,0.804029014338796,2.04591369298853e-08,1.52232873896379e-08,0.000141525914762417,0.195558580206652,1.62966856271349e-06,8.47155010458134e-05,4
"20219",0.000359835015637324,0.0144837755629208,0.772375942169465,0.150331104430228,0.0112693691394624,9.35064345757845e-11,0.000932091156930006,0.049864499732486,1.86534836051834e-06,0.000381517351004072,3
"20223",4.45241873465389e-06,0.00068557222862745,5.74334582412302e-05,0.000542992998012273,4.68456037525005e-08,0.000106401811962153,0.17877804053219,0.819825059538664,4.83834941668121e-12,1.63125596710825e-10,8
"20226",0.00771636190356024,0.986311037287058,4.13153900897044e-05,0.000636880709367696,1.08094844818897e-05,8.40486347236796e-09,1.56551531867672e-07,0.000456980198473833,2.9235530045371e-06,0.00482352651756873,2
"20230",6.48702504419866e-07,2.00022494432439e-05,0.000240756737153357,0.00929974062553618,1.67004023317563e-09,4.39174953061615e-10,0.00250572624129035,0.987933098856528,3.13776587946695e-10,2.41645530035369e-08,8
"20233",3.8481087456624e-06,1.00134239581207e-06,0.00018784640742024,1.05888245195835e-08,0.99980515296893,4.69224306255464e-10,1.95613072875321e-10,2.71393707554084e-10,9.77826230908591e-09,2.12986919060912e-06,5
"20235",0.000479298744068686,0.103301058102264,0.0314123635735977,0.0507496673614049,0.0004567133492037,2.23606382584209e-05,0.0208281234663171,0.792750365066801,7.64330091160812e-11,4.96216522710379e-08,8
"20239",0.0259882788550858,0.168802428403648,0.000133543506906569,0.404797759830217,5.35275060976431e-05,0.00100065992077767,0.0160026380768492,0.383202848364675,4.78324743741135e-08,1.82677032692452e-05,4
"20254",7.98041754317839e-09,8.56780526818068e-06,0.99938398859266,1.87245198989728e-05,0.00019642079165364,6.71264452204887e-15,2.16423887293742e-06,0.000390124644237818,8.88271718399678e-12,1.41810077743671e-09,3
"20256",1.86433351179905e-05,0.000166832336311594,0.000461933448022998,0.473907947810289,3.17802881549712e-07,2.26920501274197e-08,0.00100924987928045,0.524435018346259,4.31565889737329e-11,3.43066310495623e-08,8
"20262",0.0017188237583377,8.33946491868801e-06,1.69699348151573e-08,0.000471237949129193,1.40758372268139e-06,1.26333256244591e-07,1.19155342405436e-09,1.54248976220036e-07,0.0258503244509016,0.971949568049269,10
"20270",0.00572798527463182,0.000185574867088692,1.25813751394163e-05,0.101781671557064,1.58583429202307e-07,0.00111574695775486,0.217318724665434,0.668949127355111,0.000861519848078399,0.00404690951626872,8
"20284",0.482171665105219,0.0262915270726546,0.0788012161579884,0.00632259865856112,0.38251292713817,2.13549556553189e-08,1.98375931307817e-07,0.00225573095421427,1.74771524816192e-07,0.0216439404107813,1
"20287",4.41386106776017e-08,0.000540350613622001,0.000187179760301665,0.000532602502394095,5.09895299010058e-10,1.28254691354376e-09,0.0384776733704374,0.960262147744784,5.09494197768249e-12,7.2313485912484e-11,8
"20290",8.76831254469861e-05,0.00422574049876494,0.970723510136463,0.000187912118247878,0.0241102022753439,5.80246014398764e-12,2.06847609778062e-07,0.000343928460558692,4.68818346870154e-07,0.00032034771341566,3
"20293",0.000902982655678803,3.42973738397434e-05,0.000137513167470105,0.987547965403106,7.29041721116239e-06,7.52399387520524e-09,1.6916552489344e-06,0.0112937094275589,1.18861871926514e-08,7.45304897056174e-05,4
"20296",0.0307415612985637,0.000214317798825884,1.88106025310852e-09,0.0711058485257491,7.26479033511221e-08,0.0157040298130104,3.8331659229077e-05,0.000149399717376107,0.265646503552453,0.61639993310583,10
