"","V1","V2","V3","V4","V5","V6","V7","V8","best$classification"
"19812",0.000251612208260429,6.03028486794471e-05,6.27877069811507e-05,0.210522983006174,0.000508896724804316,1.45178092904077e-06,0.0482175021161441,0.740374463608028,8
"19814",4.59358190860277e-06,1.87178582787971e-06,6.91972043300752e-07,0.0125333612613914,3.08355016876974e-05,0.00225448381375478,0.0007636027029531,0.984410559380433,8
"19816",1.04491121852686e-05,4.50955971237114e-05,3.90126191601291e-09,0.806207655238082,0.181095774512389,7.48372518970193e-07,0.00884677009708659,0.00379350316935299,4
"19818",1.51667981852981e-05,1.86988740916231e-05,1.15531251725715e-06,0.547604875471617,0.000771217437061381,0.00805570825505822,0.000358379085622172,0.443174798765847,4
"19820",0.000144975872548471,4.81159278667818e-09,2.41597941837649e-10,0.00289787022801876,0.996918664896205,2.82100183827784e-10,3.84780636985077e-05,5.60423882820523e-09,5
"19822",0.082539261145557,1.92762995019563e-07,6.88300111055104e-06,0.00360326531598616,0.901344285839198,1.00247019650924e-06,0.0125047828712618,3.26593695028932e-07,5
"19824",7.31730498579738e-05,0.000126979908504736,1.63479333903783e-07,0.568914183579994,0.429413605401098,0.00133460832923458,7.47247741880967e-06,0.000129813774557927,4
"19826",2.48729726575454e-06,0.0128398676080943,1.42380060716553e-06,0.0854867857068447,0.00196855530630159,3.40757888867887e-05,0.138518823401975,0.761147981090025,8
"19828",0.00193624258760194,1.3158145063316e-07,7.32650871790814e-08,0.429179774235151,0.568541956746209,1.85621673435614e-06,0.00021977344933642,0.000120191918429342,5
"19830",1.63851287448127e-05,0.0011078170221169,0.00269114355528417,0.00536630120426915,1.57407156329742e-06,0.000110912063763442,0.0820239775189378,0.90868188943532,8
"19832",0.708840141801237,2.6255823958083e-06,0.012752953488716,0.107856265993497,0.0121627364565571,1.2896829011993e-06,0.0343092369001358,0.12407475009456,1
"19834",0.0101636421372153,3.66428301399334e-07,4.44090522260593e-06,0.155484269768549,0.0468088976929603,8.58284472360359e-05,0.778717245577299,0.00873530904321597,7
"19836",7.60892516082923e-06,0.0195723715904987,1.88077188942017e-05,0.935564507705646,0.00165374324764857,2.58314113657339e-07,0.00189251488019079,0.0412901876178469,4
"19838",3.26923223829376e-06,2.65316451638653e-06,2.89402327841506e-05,0.000337765511811453,2.26479582402928e-07,0.000276765581304829,0.000546830491723382,0.998803549306039,8
"19840",7.24714997423276e-06,0.000747252385645758,4.70654159573794e-08,0.147383083847101,0.0418349048293528,3.04982266722523e-06,0.792704892516415,0.0173195223834285,7
"19842",1.11244795435764e-09,0.953655628285161,6.65884641535678e-06,2.63114539753912e-05,6.99873473588438e-08,6.16307077595715e-06,0.00034854085581721,0.0459566263880593,2
"19844",2.33841333928285e-09,1.2421596630481e-05,1.26060438806866e-08,9.88232643535759e-07,1.42647362269017e-06,0.999978965044501,1.29809049700866e-07,6.05389909585462e-06,6
"19846",1.51802900039675e-09,0.00307370769181995,1.79286097740947e-06,0.000214712246900294,2.89514909111712e-08,0.0693866013335266,5.3132455329009e-06,0.927317842151723,8
"19848",9.96297523258609e-09,0.000137056439535483,1.88037364148082e-06,0.000239028353834208,4.57132771250286e-08,0.0247044722702727,1.38479845256003e-05,0.974903658901938,8
"19850",2.41363157216158e-07,3.3535382675709e-05,1.19542450706592e-06,0.000727720668546375,2.65237574292261e-06,0.205421369007925,0.000103511971830997,0.793709773805614,8
"19852",3.91550451922221e-05,1.78588079976123e-06,2.26101814622116e-07,0.970274681416204,0.00606374688524367,8.12876483271967e-05,0.00162583465276421,0.0219132823696545,4
"19854",3.26690914492049e-08,2.85203732788133e-05,2.42829322527618e-06,0.000187287580786239,4.29265405879502e-08,0.00214135156435782,4.0411696446572e-05,0.997599924896273,8
"19856",1.5062900450386e-06,0.000127823482832302,1.15704077342085e-06,0.000141249118708484,6.83413488457676e-05,0.986748500111014,0.000439385113509436,0.0124720374942717,6
"19858",3.86347332423849e-05,1.06759131056056e-05,2.02153688639398e-06,0.00584350999329492,0.00315964806396687,0.990181020829593,6.74662692026036e-05,0.000697022660707824,6
"19860",8.62350361397595e-05,1.99020619581468e-05,3.52136262858241e-07,0.557977356525457,0.0165720529046642,2.82069083688669e-05,0.169815982832813,0.255499911594336,4
"19862",1.0498216410632e-09,0.010224089218235,4.22071279331952e-06,9.96379868762111e-05,1.07243317331225e-08,0.00233824641313819,1.26720005827604e-05,0.987321121894221,8
"19864",8.2283301033212e-10,0.999974123468956,2.00708059142802e-06,2.01206347539693e-05,1.42840291141564e-06,8.25308249703081e-07,3.64526957678648e-07,1.12975474711352e-06,2
"19866",8.77993939894444e-06,0.0203661627816395,1.60768804394134e-07,0.684841370861113,0.216405950929701,7.50819465419854e-07,0.0778742413905585,0.000502582509319673,4
"19868",0.0608127154460699,6.21018411709134e-08,0.936462146827611,3.19772027271394e-07,9.30993939024834e-07,2.80599337210185e-05,0.00267021712323536,2.55478015549985e-05,3
"19870",1.20447306072327e-07,0.00108101242573863,6.61448601160144e-06,0.0174359624440055,1.60808228569026e-06,0.00192845018361431,4.10964469620182e-05,0.979505135484076,8
"19873",1.79125827179594e-06,0.0016716847320077,7.5124675255272e-07,0.391188952805383,0.000578549207227879,0.000619966529813789,0.00119322097320765,0.604745083247336,8
"19875",0.00245851820580053,5.08544453990928e-07,6.34949901081412e-08,0.166398888542592,0.775498243032837,4.65175682964693e-08,0.0546273678136791,0.00101636384807939,5
"19877",3.14348224148234e-06,7.18668663634136e-05,1.04817622742066e-05,0.154899881254559,3.15675349978318e-05,0.00234084663945384,0.00505754673340062,0.83758466572671,8
"19879",9.41529211539546e-05,2.12480114279016e-05,1.43304954482011e-05,0.945369120164609,0.00124267244994973,0.000982977780451253,0.00479319010584067,0.0474823080711193,4
"19881",1.29322996742786e-06,0.0251634135247114,4.60484530724762e-06,0.0791792693896873,0.00027850988100697,0.00115282166789726,0.00432565977912055,0.889894427682302,8
"19883",8.28879919165226e-08,0.367544708451155,1.35782198031197e-06,0.032097022608471,7.5093360715332e-05,5.07296662237008e-05,0.00165453759078936,0.598576467612673,8
"19899",0.000117477223133835,9.99725138404577e-05,5.76661466251785e-05,0.0965167823216869,0.00144248022036603,2.28747011033069e-06,0.890200049843569,0.0115632842606681,7
"19908",0.000116669090878532,0.0138533638988074,0.000779299144126209,0.000775861403429092,0.00124314121389976,0.000196373872155928,0.982973390883206,6.19004934972302e-05,7
"19910",4.25771756704546e-06,3.07599567663549e-05,3.06894392300743e-07,0.964421548965624,0.0012315590110597,3.50966406302835e-05,0.000213857379753026,0.034062613434207,4
"19912",4.41476784775257e-09,0.556480764324971,1.14466544322753e-05,8.14130860190538e-05,1.54086795774777e-07,0.000389315984328154,0.00334350767191063,0.439693393776775,2
"19914",0.000839895107772458,2.76895388697803e-05,0.000107733468607037,0.535876192001856,0.00251336342390466,0.000521780261004403,0.324732993714761,0.135380352483225,4
"19916",1.79693562582348e-05,0.281723978225387,5.39722381371238e-06,0.260693722879153,0.456791097255142,0.000299350889256048,0.000414354445714736,5.41297252747687e-05,5
"19918",1.07432939210633e-08,0.00221973157046945,2.57539592242807e-07,0.00890986460555155,3.10682617963537e-06,0.0871651444275522,3.31351073834214e-05,0.901668749179978,8
"19920",5.01119885054862e-09,2.37353933266264e-05,8.37271001486432e-08,0.000111392976351667,2.5892910686505e-07,0.886392748668954,5.76518572330959e-05,0.113414123436729,6
"19922",0.427755519107588,3.730633032762e-06,0.282285999761607,0.092896190743388,0.000576722403044824,1.04564049419254e-05,9.96926183884923e-05,0.196371688328008,1
"19924",1.74693414749847e-06,0.000162627388891151,1.89363543769488e-06,0.151796024710579,0.000154920621295417,0.0353425530136661,0.00670153677971163,0.805838696916271,8
"19926",0.000930150198385314,0.00272989855854843,0.00120137158654827,0.480055342527659,0.00561733933961815,1.44610253640564e-07,0.491698358723041,0.0177673944559458,7
"19928",1.09105694500488e-11,0.999997372041253,1.8348527787925e-06,2.38701326744517e-08,2.63380951023365e-09,4.32952486952604e-07,3.24114806247311e-08,3.01227147155715e-07,2
"19930",1.09640631481332e-06,3.74842560850483e-05,4.1363366782657e-06,0.0226440761952352,5.09198123452068e-06,9.39202840377199e-05,0.000103374480714744,0.9771108200597,8
"19932",2.033843404849e-07,7.4961062503028e-06,4.82530410545177e-06,0.000430081391749712,1.14778058490882e-07,0.000742704696304763,6.06422182919822e-05,0.998753932120899,8
"19934",0.0141053598394794,6.76944212993336e-07,1.14230641155436e-06,0.453455044801008,0.449144301095522,0.000133982471097758,0.0660627479454733,0.0170967445967955,4
"19936",0.00011026666383682,1.50394725181084e-05,6.23941497888926e-05,0.0603880384512041,0.000234360990377462,0.000129965298798132,0.063124074946068,0.875935860027408,8
"19938",0.00426045296006489,5.97202437731698e-06,3.21322294903026e-06,0.10258632660041,0.710080892520524,4.08230316040252e-05,0.182977607606268,4.47120338017625e-05,5
"19940",4.57115644508464e-07,0.00786606585105911,9.03929847815514e-07,0.857029596673624,0.000460053944229266,0.00012008393552746,9.36424881950057e-05,0.134429196061873,4
"19942",1.38835256986541e-11,0.999992660038451,6.9907039420443e-08,3.00217543124193e-07,5.43904759190879e-08,1.07112840191951e-07,3.91202901348682e-06,2.89629075328546e-06,2
"19944",7.14779118651839e-06,0.000169658113569277,2.86723053506121e-07,0.975210174975287,0.00757581979020596,4.28980881406657e-06,0.00276773254849364,0.0142648902493898,4
"19946",1.38636704749475e-05,5.98750429926346e-05,1.83771785281548e-06,0.703754614184386,0.00156376991721657,0.0123860661076217,0.00398147503215799,0.278238498327298,4
"19948",4.65647559204858e-12,0.999985778527571,2.63283702071645e-08,1.17841416721664e-06,2.88596713604909e-08,4.33661192789342e-07,4.0790167033153e-08,1.25134142033506e-05,2
"19950",3.27172363635639e-09,2.73906222763194e-07,1.2098453589162e-07,1.01109035111314e-06,7.12256530692451e-09,0.998841770805853,3.74842711782069e-07,0.00115643797603676,6
"19952",4.65647559204858e-12,0.999985778527571,2.63283702071645e-08,1.17841416721664e-06,2.88596713604909e-08,4.33661192789342e-07,4.0790167033153e-08,1.25134142033506e-05,2
"19954",1.52434886475275e-07,3.47886467161859e-05,2.24526987039381e-06,0.0041595386877855,6.24247984146928e-07,0.000415792720534424,4.81422978599453e-05,0.995338715694363,8
"19956",7.27140463791411e-07,0.00805154296368898,0.00222578163938919,1.50286798685506e-05,1.70199432130438e-07,0.659254247284811,0.0981485493350825,0.232303952757264,6
"19958",0.0327514523299972,8.56098322477428e-08,0.966812903637144,5.07911265325721e-05,1.36119519299831e-06,9.06190133987364e-05,1.28408238106909e-07,0.000292658679664315,3
"19962",0.00139549601097468,0.000268552694066915,9.72316134506011e-05,0.185234699263678,0.0249056831719796,0.252124345054402,0.0210689122464027,0.514905079945046,8
"19964",1.20174420489242e-06,0.0112904572260803,1.07942802805393e-05,0.724107191332748,0.000446978160930589,0.00595969565547305,5.88438710193025e-05,0.258124837729264,4
"19966",5.54826126154021e-05,0.00399763362676037,2.55409962589231e-07,0.101914084877266,0.862118136614424,1.46172565904375e-08,0.0319014217880194,1.29704536955588e-05,5
"19969",1.37582361593192e-07,0.00843036817671695,1.90288535070757e-06,0.00452372397096431,6.46566174224458e-06,5.91305499682316e-05,0.00416387743878508,0.982814393734111,8
"19972",4.990472022221e-08,0.180882954105007,3.53313810069366e-05,0.0552365872691779,5.37215584003167e-06,0.0731511399824216,6.86665752691217e-05,0.690619898626557,8
"19974",7.02913261167175e-11,0.0392824444791746,1.3677875995563e-06,1.61668745752475e-05,4.65729051042456e-09,0.861004639421666,1.44775528272268e-06,0.09969392895412,6
"19976",2.18443359923664e-06,0.000206242043774319,2.98444146804016e-06,0.383502158709477,0.000194790627792112,0.0486259933480361,0.00270715188478038,0.564758494511073,8
"19978",8.42786239422388e-07,0.00016353484015347,1.74065617467368e-08,0.972996137679782,0.00996496038324674,6.80452606001704e-05,0.000168374326167296,0.016638087317249,4
"19980",2.61750033019262e-08,2.43930753000962e-05,2.69759812898155e-06,0.000129679246895282,4.13768932841303e-08,0.141836224426966,1.93645429298596e-05,0.857987573557883,8
"19982",1.52819050462473e-06,7.76025672369801e-06,7.44558282994083e-06,0.000251741030598864,4.70450121531559e-06,0.861150611983468,0.000904394621912309,0.137671813832748,6
"19984",3.92148658179243e-09,1.89594892506162e-06,1.17188537226554e-08,4.74352849826775e-06,4.75288753476561e-07,0.999837926883196,8.52188404205365e-07,0.000154090521882723,6
"19986",0.000983167120239303,1.63048747594485e-07,2.40656538380478e-08,0.0341550673203316,0.960062963869629,1.07933551455261e-09,0.00479851507877262,9.84172901814938e-08,5
"19988",0.00122328091614661,1.77664873146712e-09,2.89824371840333e-09,0.00261536664616132,0.995925665219226,2.27153144777598e-10,0.000235680155321398,2.16109955219458e-09,5
"19992",0.00149491324300464,1.64685411237151e-09,2.36455501918765e-09,0.00287131324955492,0.987776955964241,3.41769339796708e-08,0.00785668285203496,9.65028212955371e-08,5
"19994",4.1505939438694e-06,2.53154881062336e-05,1.59200708160324e-05,0.0307366801489578,6.4127592832063e-06,2.10669518538322e-05,0.000474198322479454,0.96871625566456,8
"19996",0.000362357616214698,2.36380343956226e-09,4.72054886577343e-10,0.0222810200739774,0.977007767523615,3.33620641312359e-08,0.000348479542437965,3.39045831982975e-07,5
"19998",7.51480743022887e-06,0.426922938556147,1.97009754072132e-05,0.0115353134331166,0.00315834785099516,0.00499805255763242,0.467456637801813,0.0859014940174583,7
"20000",0.000253713513151384,0.00172776594950301,0.114396624961094,0.000155471501780363,7.41092714863163e-07,0.000212889173141575,0.168636584041141,0.714616209767473,8
"20003",3.56169907381166e-05,0.000526522735361531,7.06173313866878e-05,0.0948270374925135,0.000101458111869048,1.15721997539723e-06,0.00875711442553668,0.895680475692619,8
"20005",1.61961911309141e-09,0.00141682573602962,2.27830454519399e-06,0.000236153808247554,1.66722560689131e-08,0.022905469203503,1.37051634858807e-05,0.975425549492314,8
"20007",0.000787096609033473,5.44419466179745e-06,6.95754917754157e-06,0.741265511615694,0.0138355652312811,0.000308446696945597,0.208965680537383,0.0348252975658234,4
"20009",0.00089449431467301,0.000235580632463015,2.65643630719849e-06,0.181833892593253,0.815691337322116,0.000249348098778856,0.00101052289079855,8.21677116107414e-05,5
"20011",4.48906118040169e-07,0.0336314069672167,1.6451079792586e-05,0.251013703857569,5.29322104656015e-05,0.0100713809015014,0.000781437791072609,0.704432238286264,8
"20013",1.35165570575579e-06,9.69095088139408e-06,2.55537620072889e-06,0.00390998542015614,6.10477334371849e-06,0.101157652267013,0.0141894836468321,0.880723175909867,8
"20016",0.0142117316594941,3.48304578779317e-07,1.66232330270533e-06,0.0707047564752936,0.910451588966705,5.12174635836504e-06,0.00462399346789649,7.97056370780669e-07,5
"20018",0.988635977551156,8.6943865726288e-10,0.000420633675229332,5.08895374232207e-06,0.0109340279930134,1.37967416185022e-10,4.27063444063927e-06,1.85012659382177e-10,1
"20021",0.000803524619118881,3.29320496672999e-06,3.28641160002161e-07,0.858875475510261,0.138293645582312,3.02543523140623e-08,0.000432433634003816,0.00159126855382481,4
"20023",0.000783661805945038,6.81514315375986e-06,3.84605232391695e-06,0.892943406376306,0.054927249106847,3.85424404495096e-05,0.0417375326280955,0.00955894644687872,4
"20025",0.639973656158222,1.48391442970955e-07,0.000410928173926633,0.00955492864195458,0.349797682450915,1.38212303460956e-08,0.000261807153386366,8.35208921726178e-07,1
"20027",4.08085264405275e-08,0.350965572543441,4.10140086644463e-05,0.00208587739169455,1.31538237002665e-06,1.2091059999358e-05,0.0103218138227887,0.636572274982515,8
"20029",1.83484555568788e-09,0.00845187655292493,2.45650413133119e-07,0.000315795040790977,2.26868169654544e-07,0.00784269567618761,0.00035127800594408,0.983037880370724,8
"20032",2.10019976293391e-07,0.00442382533429065,2.9905358713846e-05,0.00275962014812499,7.93894856828701e-07,7.93024104440445e-06,0.000325436530166782,0.992452278472826,8
"20034",4.84509349980675e-11,0.999931265308975,2.29431829542155e-07,1.56871159766047e-05,1.01091942693816e-07,9.19274934047023e-08,1.44332241658803e-07,5.24807430904656e-05,2
"20036",8.36616009643733e-06,0.000112114856439544,2.59605259139698e-06,0.000197003643348243,0.000261314822598999,0.0109605701009739,0.969670599342339,0.0187874350216128,7
"20038",0.0310204856765148,1.36167528067168e-07,1.39979295950359e-06,0.102841515400192,0.572007106659994,1.08948601912562e-09,0.294095348751234,3.40064620909201e-05,5
"20040",0.0117875153980387,5.11723115881998e-05,6.70081539968348e-05,0.073175699942573,0.914884459016461,1.73791329270241e-06,3.22105050419613e-05,1.96759007801029e-07,5
"20043",0.00696499702260483,5.04910918679163e-08,4.03742460765061e-08,0.0700227660090888,0.910560738886536,2.65847431100596e-07,0.0118513392164137,0.000599802152587065,5
"20045",0.0216414134158242,1.50392152662265e-10,3.72157856831423e-08,0.00237643040593567,0.97595320241764,1.32761539340684e-08,2.88994010190424e-05,3.71724944591322e-09,5
"20048",1.5470314177296e-09,1.29214064598669e-07,4.84581566177424e-08,8.62872498680439e-08,6.17182307482613e-09,0.999983656945452,5.83319732435288e-08,1.60130442489718e-05,6
"20051",0.053875758314914,6.08293432407293e-07,2.94774148254698e-05,0.113793508263808,0.0799273844235223,0.0126042668805423,0.144127805550351,0.595641190858605,8
"20053",3.50725513405656e-05,2.26564362884443e-05,1.13607342661154e-07,0.941643879215918,0.0564942183019753,6.00176250118208e-05,0.00093082276988753,0.000813219492235744,4
"20055",0.0286163179524677,5.32574480348048e-06,0.000163628912828195,0.0429079520523405,0.0229463692601606,4.47839208559739e-09,0.903628937284102,0.00173146431490518,7
"20057",8.82568660615929e-05,6.60309027664166e-08,0.999907470523195,1.68183647093898e-09,2.00240143241802e-10,3.87427558785174e-06,7.64661948491717e-09,3.22775556395731e-07,3
"20059",0.000485556900248065,6.91667487497225e-05,3.31788334668594e-05,0.959000514026176,0.0394228726520206,4.24291647989825e-06,0.000477041397144416,0.00050742652571458,4
"20061",4.29484408346427e-05,4.60190930400932e-05,1.29213445303191e-06,0.980357380488106,0.0131177184907246,1.76950262969872e-05,0.00191633382810871,0.00450061249843554,4
"20063",4.73865002388504e-05,0.000306128405292499,5.54137389374482e-06,4.37642466792385e-05,0.0167312543014474,0.982682532558351,0.000180298480895802,3.09413320142238e-06,6
"20065",0.979342198877987,1.27229175226254e-10,5.8587736432574e-05,0.000398028805538187,0.020087835443591,3.19881385866573e-12,0.000113302711842936,4.62941799195901e-08,1
"20067",0.0882442908140188,2.15795248905067e-09,8.68924692301158e-07,0.0761479371255151,0.83329895965715,0.000193361058791608,0.00208187145757918,3.27088043011046e-05,5
"20069",6.86353607204111e-08,8.88397906744229e-06,2.86278062266423e-06,0.000134024116436111,9.62516081050445e-08,0.398535729394454,3.79631154563136e-05,0.601280371726994,8
"20071",3.82311138635874e-06,0.0010390548327364,8.47344645217075e-06,0.00357533539029726,0.000201657641805232,1.22944054403794e-05,0.994408013642349,0.000751347529533137,7
"20073",6.50755695646377e-08,0.000343518605419198,3.11610106311038e-07,0.00488492570635989,1.67940694440964e-05,0.913014801677259,2.50227811863495e-06,0.0817370809777229,6
"20075",0.118546725882874,9.13542364482388e-09,0.88078480654622,5.32534351545358e-07,3.40602724757578e-07,2.59001884122782e-07,0.000614139272031907,5.31870244908248e-05,3
"20077",5.22477256212124e-05,2.8063504500188e-06,1.49390508818117e-08,0.0867254487111017,0.161622873245261,0.00019489847836205,0.750376227795948,0.00102548275420562,7
"20079",0.00148886091278306,1.49558760367424e-05,1.56786686786279e-06,0.00544099755207405,0.0813560852434428,0.868163541858578,0.0111377325007569,0.0323962581894606,6
"20081",0.507064016927534,8.07239957120855e-09,9.60563874507195e-05,0.275388893561085,0.166140784117017,2.881305955538e-06,0.0503599474186227,0.000947412209936055,1
"20083",3.20235532711754e-05,0.00106701057327695,3.86565237135647e-05,8.7555202012455e-05,0.000521553551442121,0.845854587685584,0.149555298411881,0.00284331449881894,6
"20085",0.00941848250648088,5.16425073149064e-10,7.56822883125449e-09,0.00149282074382065,0.988665405597319,4.62042415888816e-11,0.000423278096127624,4.92539390831284e-09,5
"20088",0.00907859955833779,1.57716182449291e-08,5.32075804459011e-08,0.0938084918072384,0.891644898526074,5.6743122954808e-08,0.00541990082716439,4.79835588635843e-05,5
"20091",0.965682392738657,2.96951255703242e-10,0.033100058553841,0.000875679900639134,0.000126923249850983,1.15107444366176e-06,0.000204067998468824,9.72618714851696e-06,1
"20095",1.32813634893697e-05,0.0268540721753567,0.000124801556772123,0.162997295955614,0.00393503887695793,0.803434486979387,0.000415105856987737,0.00222591723543506,6
"20097",0.0396122472201136,2.35988576571792e-10,4.17299296844053e-08,0.00142408875321237,0.957259988837721,7.30705872521814e-11,0.0017036219141119,1.1235852381307e-08,5
"20099",8.67915342680911e-07,0.110807744353684,2.91921879353761e-08,0.539092669280106,0.347344010724351,0.00241264551723611,7.68777518102508e-05,0.000265155265281451,4
"20102",0.0094565251810368,7.95089619489869e-08,0.00624207317185119,0.000460772909762556,6.44934008576328e-05,0.98326384807868,8.88124014920056e-05,0.000423395347357563,6
"20105",0.00234680416877404,1.65282612269115e-07,3.35374294232587e-08,0.197831893614497,0.796799276143214,0.000440101139403738,0.00126803088699294,0.00131369522707695,5
"20107",0.000376855290807938,6.50492337824417e-07,3.05011700608112e-08,0.389055756479642,0.517306941013492,2.87631874033103e-07,0.0932167117982723,4.27667924041365e-05,5
"20109",9.11904344336665e-06,0.000509039788536887,7.79671124808288e-08,0.685216057761249,0.128418105434265,0.180209345092815,9.6719830023111e-06,0.00562858292957618,4
"20111",0.00256429808664406,1.42983474319719e-06,0.950199615179773,7.72253567295852e-05,1.08625379659107e-07,0.000671411391479677,4.57388463410196e-06,0.0464813376406168,3
"20113",1.66106622559649e-05,0.00374629615623058,7.33758834563775e-07,0.161951632557219,0.0523492963508369,1.43475506636956e-07,0.781456485052646,0.000478801986470772,7
"20115",4.97580235563598e-06,0.00302112412058468,0.00615691853956827,0.00384755273816234,3.88347343002757e-07,0.000192386876092573,1.15773557818563e-05,0.986765076220112,8
"20117",0.0324202052760446,0.130578582447192,0.787888896821568,0.0258286102664499,0.0157149039871794,1.08967554214044e-06,0.00749119094354755,7.65205824762526e-05,3
"20119",2.18465473496483e-05,0.0188045878517046,9.19168664102994e-08,0.0711132049421297,0.872353861626352,6.16295261294283e-09,0.0376925474159154,1.38535367297356e-05,5
"20121",0.00122321515232321,2.69980285409131e-07,5.64676321491214e-08,0.112199968787753,0.830381630167321,6.78325267330352e-09,0.0561914672561619,3.38540527010758e-06,5
"20123",0.985674964928518,5.97347912858338e-10,0.0133963232944933,4.20533439585013e-05,0.000178440373478644,1.97809261897575e-09,0.000706590414705492,1.62506940581257e-06,1
"20125",7.1991737791283e-07,5.1922013330757e-06,7.91793669184387e-06,0.00139927953808189,8.26658250082262e-07,0.0725146643357774,0.000800059487140628,0.925271339925347,8
"20127",0.000534337365007418,3.73195426487976e-09,1.20665997494524e-09,0.0021715722687183,0.997270511898938,1.76347435198807e-07,2.32750991103173e-05,1.22082176746154e-07,5
"20140",0.00175701744395034,1.11774577010655e-05,0.000694009342239749,0.0030825777111356,0.000665412453144732,1.08243248155996e-08,0.993294647012837,0.000495147754667018,7
"20142",7.13875228969669e-09,5.47203724850827e-07,3.99342595384773e-07,2.08485375184552e-06,1.10449722477407e-08,0.996142834270149,3.91949672813643e-06,0.00385019664932567,6
"20144",0.00012304088545604,2.3307607688361e-05,0.0406291042866569,0.000631344868143382,4.28294545187335e-07,0.00460695615631062,0.0150912805721973,0.938894537329002,8
"20146",0.000193664910193483,2.0998920063023e-05,0.000171758978413845,0.00223048098313733,0.000171582412585191,0.357492141513151,0.374872871022402,0.264846501260054,7
"20148",2.50548699855628e-05,1.04657583824338e-05,2.27208837350225e-06,0.0167651827750799,0.000196161445948407,0.000120273644776793,0.0367642756498344,0.946116313767619,8
"20150",7.9651869067786e-10,0.00222202121265105,2.06656365903115e-06,4.32427178478565e-05,8.63373861247890e-09,0.342525163957634,4.88956556438187e-06,0.655202606552387,8
"20152",4.80708138321277e-05,6.18664217266838e-05,4.58795597702883e-06,0.0978690095652387,0.00121307534433232,9.35548222465302e-05,0.0413315709657467,0.8593782641109,8
"20154",0.994221303798782,7.09172942133633e-12,3.73611960129038e-05,2.92734088419404e-05,0.00565674209524145,4.67978305535132e-07,5.46812317675352e-05,1.70283956581175e-07,1
"20156",0.00135184304843458,3.49103192291981e-05,0.00020236477057366,0.498970479464873,0.0177092356013597,0.0305137524539028,0.441750409457759,0.00946700488386758,4
"20159",1.27688417632154e-07,5.2298685835249e-06,5.42339315859053e-06,0.000112860046115817,1.00983180348041e-07,0.522213335646102,0.000104466055722994,0.47755845631872,6
"20161",1.24803539464673e-06,4.27966340970231e-05,5.215172454563e-06,9.79754665876217e-05,2.03665487933442e-05,0.995817596791115,0.00108352308893236,0.00293127826262565,6
"20163",0.00049964270941728,0.000686189349213093,0.000127427144429327,0.123450438245417,0.00265430227577459,2.16670861982678e-06,0.00141669113447902,0.87116314243265,8
"20165",6.89743445718365e-06,3.37329146347128e-07,3.70511889520195e-08,0.000970431012508503,0.00181737914774074,0.997026953806807,3.79856045088427e-06,0.000174165657700687,6
"20167",1.41503509227182e-06,7.40596782283376e-06,1.56404970884411e-07,0.021963290046679,6.58300596968169e-05,0.00561544125596801,0.000466732997767475,0.971879728232003,8
"20169",1.7559644973382e-09,1.57523143198065e-07,7.78233013518308e-08,1.82482440385691e-07,4.91273177354123e-09,0.999907018711226,2.40337276190423e-07,9.23164539164166e-05,6
"20171",0.996380474093254,5.81489636043774e-12,0.000125878733374426,5.83082460535338e-06,0.00342298145373221,1.0847287034211e-06,6.3739276551868e-05,1.08839637519874e-08,1
"20173",1.0663360273485e-06,0.749608086149582,1.81729334139774e-06,0.0077222109782992,0.0359966172043923,0.206406503889221,1.72228751212774e-05,0.000246475274015594,2
"20175",8.72273765198533e-07,0.000222594484255897,1.57174237291918e-05,0.0575359284415933,9.88006949613039e-06,0.00742688045490231,0.00225912963238247,0.932528997219876,8
"20177",1.06948402215302e-06,0.493417897592711,4.14598550496636e-07,0.323615795912468,0.181775974165246,8.46361732176034e-05,0.000590253118694886,0.000513958955089206,2
"20180",0.00780376577427711,2.08376611623393e-06,1.08911273333358e-06,0.0871219456651611,0.901139395778947,1.80740510358293e-11,0.00392975542140181,1.96446328948004e-06,5
"20182",2.9177562474491e-08,0.00139633719377092,0.00785912920150285,3.4514440100483e-08,4.63723495524772e-10,0.990612706675014,2.4410377505536e-08,0.000131738363608279,6
"20184",6.59641931367766e-08,3.19885099430926e-06,2.49025519645493e-07,0.000241213706030343,1.22834259678147e-06,0.974334960862039,0.000142526954301242,0.0252765562943255,6
"20187",6.00842405785623e-09,0.993390825303516,3.29782476447706e-07,0.0028787893393696,0.000286204908480059,0.000692280108897236,0.00243294996060947,0.000318614588227648,2
"20189",1.57991186896191e-06,0.00496468784683732,2.37250205029271e-08,0.936000794117118,0.0534353504024708,1.42295635719279e-06,0.000173445914183493,0.00542269512614371,4
"20192",0.110243675824456,0.0148977197397891,0.0232813307959727,0.303717599795963,0.546676111758594,1.59470576747488e-06,0.000148431989712563,0.0010335353897448,5
"20194",1.87295133242137e-08,0.142965387084421,3.38561805766932e-06,2.72292005181272e-05,4.3573052080074e-06,0.697750939551467,0.110643040947029,0.0486056415637859,6
"20196",0.648473064979781,5.42806977568389e-09,9.85921519694743e-06,0.00797727184458474,0.342509519895997,2.51937585306524e-08,0.00102745023291768,2.80320969473808e-06,1
"20198",0.00133939026563401,0.000233830778140458,0.00034656518531331,0.531641317880269,0.0176828110256094,0.000437967251609142,0.168297646880771,0.280020470732653,4
"20204",2.30688155810376e-07,1.0183371524434e-05,1.27677364760318e-05,0.000238224607662985,1.18301211871148e-07,0.371282222802651,1.17377776421251e-05,0.628444514714676,8
"20207",0.38045897842452,7.53352220379376e-10,4.75975991080092e-06,0.0136495983233959,0.589534080408872,1.51353565506227e-05,0.0163240462906819,1.340068271657e-05,5
"20209",0.000291583212157013,0.0101023823118242,0.815728616739137,0.00137928498649002,1.23321411656941e-06,4.19907721681467e-07,0.00525801030275326,0.167238469325801,3
"20211",0.997375373490087,5.59727037609332e-12,0.00164396709910327,2.19621567521202e-05,6.27947671902961e-05,1.22313299830429e-08,0.000893261542554701,2.6287073857459e-06,1
"20215",0.000332201012388564,6.3984462243158e-07,2.69203500973176e-08,0.00576477388319112,0.105742067791767,4.22707505307218e-06,0.887612025755331,0.000544037717297221,7
"20218",1.18662404557187e-08,8.14924544567531e-07,4.25800289706944e-07,7.69559605741761e-06,1.79521358532109e-08,0.982239587779567,2.12629102084442e-06,0.0177493197901441,6
"20222",0.321780299168773,9.53011201508915e-09,5.48123699991886e-06,0.0171429106876364,0.626377720221184,3.66119572788677e-05,0.033223469913575,0.00143349728444094,5
"20225",1.0207050177517e-05,0.000144207235551442,0.000579635511590961,0.000158590507653892,2.45557107505091e-06,0.0150320972068318,0.029074816531045,0.954997990386074,8
"20229",5.7099147163753e-05,4.59959153526444e-06,5.80287622860071e-05,3.65588925437369e-05,1.14704480301655e-05,3.63961412593326e-06,0.998627324892834,0.00120127865148114,7
"20232",0.00346478891329357,5.05627098793265e-06,6.34224557958104e-05,0.439810894254931,0.017010272558028,3.21580378099444e-06,0.535012143906457,0.0046302058367252,7
"20234",0.124162297381364,7.496470822009e-08,1.56689970943423e-05,0.00156224505188603,0.874254355631781,5.19839719102202e-11,5.3552527995223e-06,2.66838246291888e-09,5
"20238",0.0037844064980488,3.34873005523282e-07,8.05317498573586e-07,0.453628429999104,0.531710206304285,6.75840343617214e-06,0.010833286096093,3.57725085295011e-05,5
"20253",0.000514654910600467,1.694577593219e-07,8.4199774931391e-09,0.00219599902463866,0.51660022352965,2.25463276883613e-07,0.480685117894655,3.60129944276047e-06,5
"20255",3.1910711032072e-05,1.15645979981674e-06,0.000103769292985716,0.00264758834407735,1.25866094063788e-06,0.000110815255476169,0.00216068607773952,0.994942815197949,8
"20258",0.000228630608992172,3.71368363702621e-07,6.82804661367519e-09,0.160589905803996,0.839131901734279,1.13024605027927e-08,3.94210800414904e-05,9.75127382102411e-06,5
"20269",7.50787577421389e-05,1.12680112856127e-05,1.26814883091647e-07,0.851799189778577,0.123059861016764,0.019385050210001,1.33329445340945e-05,0.00565609246621234,4
"20271",9.4430491390158e-06,0.00667174351687685,5.88720231450938e-08,0.226656448038101,0.766548531324113,4.10054918814478e-08,8.79236448765154e-05,2.5810549379254e-05,5
"20285",1.79877434176703e-07,0.976613905246481,6.96521788300472e-06,0.00178513935079971,0.000284608358377864,0.00050488911869323,0.0074215861909475,0.0133827266393841,2
"20288",0.000708731249627359,1.02285807147392e-06,4.88258864518922e-07,0.0802132768633617,0.065797208015322,1.88741038908969e-05,0.852259815762023,0.00100058288883849,7
"20291",0.516145291468287,7.36783600424524e-08,0.000794016250238183,0.324577263344017,0.155344792434989,9.97064231655501e-07,0.00312810568506095,9.46007481666422e-06,1
"20295",2.56051261652055e-05,0.0627903488725676,6.80822321157832e-06,0.838806154040532,0.0814216203892533,0.00472695644642663,6.01845337805227e-06,0.012216488448466,4
"20298",4.41594664273392e-08,2.66055471164617e-05,2.86370838876979e-06,0.000219396711536413,6.23041812724137e-08,0.00126788590187842,0.000180862752681565,0.998302278914751,8
"20302",2.3928508207807e-07,0.00175639576138584,4.88108020516335e-06,0.00719096669269818,1.64384285645845e-05,0.641163856781848,3.73701893352867e-05,0.349829851780881,6
"20305",1.09923629393946e-08,0.000830350428383648,3.77730629700344e-06,0.000230584877753394,4.82497964274205e-08,0.000152511198476738,3.81262383045596e-05,0.998744590708625,8
"20307",0.00281872564401639,3.16494705937967e-09,1.25815044605998e-08,0.0751157423815295,0.921094866833848,9.07222526794387e-09,0.000969865239356238,7.75082573671901e-07,5
"20310",0.00202977877701539,1.22042128149686e-08,1.28993613326435e-08,0.000920871957675965,0.997030731266707,1.10811687935883e-09,1.85899281907534e-05,1.85871961956649e-09,5
"20313",7.01742573798454e-11,6.93981114071342e-06,4.49896975305427e-08,1.84083191344563e-07,8.3045849612772e-10,0.999545037786186,5.29327789960038e-08,0.000447739496372785,6
"20315",0.000230678080165335,7.32283585518259e-06,4.75268884395858e-08,0.299676202451096,0.687532605846229,1.79483800261418e-07,0.0124933235388819,5.9640237084063e-05,5
"20319",0.856579286772133,5.98715720726959e-09,3.64049161945616e-05,0.000497491933366783,0.137224233058154,8.39368525584018e-09,0.00565875388039923,3.81505891004502e-06,1
"20321",9.73535715267117e-05,1.39000862159273e-07,9.07880738358089e-10,0.00758238855641879,0.989833438790768,1.44298149644064e-06,0.0024831391589751,2.09703207221402e-06,5
"20327",1.52917151604059e-05,8.75321862850287e-06,2.23347628637164e-09,0.234292416925596,0.765666262569073,3.80634409626833e-08,1.53967094471675e-05,1.83856517780698e-06,5
"20329",1.04457373989074e-12,0.999942328058675,2.15691690254433e-08,9.42239284447472e-07,9.84466012646798e-09,2.10194537266626e-05,1.26620449718485e-06,3.4412628942192e-05,2
"20335",0.582451463586796,4.43845000163275e-11,1.68590710660525e-06,0.0105090761839164,0.406853170671839,1.83176636113207e-07,0.000184133206953673,2.87222367665783e-07,1
"20337",1.74602109867052e-07,5.03906387923118e-06,4.32344277451948e-06,0.000241389465756472,1.29711254640257e-07,0.144402300802199,4.4111190208533e-05,0.855302531721818,8
"20339",0.179016539678367,0.000157460175861128,0.313915931778232,0.000497806959546148,0.00102244168117013,1.03695450522951e-06,0.502853482824609,0.00253529994770924,7
"20341",0.986161867120172,1.03270044546949e-09,0.00423846421348745,0.00114352679890281,0.00633887921423094,0.000300618289913988,0.00181444055859791,2.20277199448638e-06,1
"20343",0.0143564436391292,5.77361311173418e-09,1.42207559501467e-07,0.00200260242029346,0.983457237502517,1.46626418013724e-05,0.000168647652644365,2.58162441607133e-07,5
"20345",2.38748535531016e-06,0.0258740643228519,5.83449852806931e-05,0.073995969322217,5.84086505363995e-05,2.56652814753607e-06,0.0106014680707623,0.889406790634849,8
"20350",0.00103760157903019,0.000108212587924063,0.000917846447018914,0.000912920628463628,0.00369174056772534,0.000762390650038004,0.99161030039144,0.000958987148359695,7
"20352",4.98170716544682e-09,1.38696250283454e-07,3.02303826597325e-08,9.01823036175608e-07,3.58782881005314e-08,0.999768416427996,9.94688994709511e-08,0.000230372493440444,6
"20355",1.08268876026917e-05,4.59763111174083e-05,2.22408480512897e-05,0.00202349630952406,0.000124420987711582,0.987053886177312,0.000322986353709653,0.0103961661249709,6
"20358",1.44924022302018e-10,0.976417386876319,1.56667828523158e-07,7.84000091125264e-06,2.46234970221027e-07,0.00527927793625756,1.21671345995476e-05,0.0182829250041904,2
"20363",0.000234964386111099,6.60000207244678e-08,1.10309750959127e-09,0.0295713333686369,0.965162510330156,1.80610009167484e-06,0.00500804481394323,2.12738979431706e-05,5
"20365",0.804659133063068,4.28950283295076e-08,0.000995945208132405,0.0933946418715768,0.028384420138377,2.9526611016984e-07,0.0684697748808126,0.00409574667689459,1
"20379",1.55068156254926e-05,0.000148160682887339,0.00533669535268125,0.0187074982200664,1.083870487023e-06,0.000529184167472102,0.000233640202197468,0.975028230688583,8
"20387",0.0122384252230002,2.0898593800118e-08,2.59376075499982e-07,0.395798980791309,0.591619714352251,7.77504305578506e-08,0.000270626891362996,7.1894716977135e-05,5
"20392",0.999255545211681,4.04524959296461e-12,0.000503014081042636,2.25378560605993e-05,0.000159428934812697,3.64678223110137e-10,5.90429031297098e-05,4.30644549681601e-07,1
"20395",3.35195839544172e-05,1.8338178701047e-05,1.0356745503384e-05,0.0485324667899427,0.000312012261727192,0.000613053137938264,0.383844997161889,0.566635256140344,8
"20397",2.6321234414497e-12,0.997849741446873,3.59375573898347e-07,6.15992447039268e-08,1.54473814535087e-09,0.00213508647231599,3.38460343482011e-08,1.4715712587564e-05,2
"20410",0.000575984826582976,9.75512275193966e-05,1.41238718808679e-06,0.848249093265647,0.149291462568583,3.26196866755847e-09,0.000828271368800501,0.000956221093709681,4
"20414",5.95806929202681e-07,4.27203061421903e-05,7.66318944526703e-07,0.00421076112905815,1.47044409473904e-05,0.173421487535111,1.26525469233787e-05,0.822296311915944,8
"20417",0.641634098608971,3.85126480071869e-06,0.00132458987040897,2.03056832322326e-05,0.356932575637416,7.92864926398457e-10,8.45764862502004e-05,1.65605574074815e-09,1
"20419",1.98320387000265e-06,2.97888305375278e-06,3.27392236367112e-11,0.0277834598967886,0.972147903857356,1.62440127660106e-07,6.29630104715582e-05,5.48675592941751e-07,5
"20421",0.00152709255198358,2.1568389493747e-06,0.00931153563553234,0.0322620719316193,3.58131608527922e-05,0.787039370949524,0.000479192046061908,0.169342766885476,6
"20423",4.21108147922648e-06,2.98395493436019e-06,7.95196759300394e-05,0.00313166850381108,1.06237032622342e-06,0.318126971720625,9.8265640925595e-05,0.678555317051969,8
"20425",3.09659884974122e-05,8.92382314033306e-07,1.62881904329574e-05,0.000321538627086129,9.52158731594274e-06,0.645360183210001,0.025646344803509,0.328614265210843,6
"20427",1.09229910367904e-05,3.62451281496685e-05,4.97907760387785e-07,0.293344645807956,0.00132252499371949,0.000125934651116323,0.00584601405937144,0.69931321446089,8
"20429",0.00286124281786965,4.76855476640467e-05,1.01066949351594e-05,0.11366330754271,0.86528978242087,0.000168961937214231,0.0179512440417382,7.66899699824673e-06,5
"20432",7.63489461048148e-09,0.000359605828292975,2.41938164228942e-07,0.00012989211525364,6.47880137017028e-07,0.732700974615556,5.89316085010892e-06,0.266802736826852,6
"20435",0.0067843786822922,3.45211448582662e-05,0.000248932169793988,0.890762668923884,0.0320532227650466,1.43132192832504e-06,0.0526575948634223,0.0174572501287749,4
"20438",9.37582455030676e-06,1.43678523278827e-05,1.05278986903704e-09,0.013816250999171,0.956770219912583,0.000130226041832042,0.029243117172752,1.64411439943241e-05,5
"20440",4.85847804578801e-05,3.7993659048462e-06,5.54984214368309e-09,0.16772748306248,0.832193115593536,4.54018058156343e-06,1.36370959943959e-05,8.83437120254834e-06,5
"20443",4.97215604016425e-07,8.56251865191817e-07,1.32306887563257e-06,4.38145310136189e-05,3.32878792317133e-06,0.999311318330325,0.000416727891753108,0.000222133922639918,6
"20446",0.0016017739965686,0.0018538782538596,2.47847450299106e-05,0.43664370983989,0.162620489888036,0.00316720958790404,0.0103096622395583,0.383778491449153,4
"20449",0.00170077510446655,1.41300234333883e-05,3.03664075171682e-05,0.184563830827468,0.0134529610660097,2.18239639868709e-06,0.791827348249928,0.00840840592477896,7
"20537",0.474122736526586,2.20031251306851e-07,0.00141354601927112,0.430674074749386,0.09253841341905,6.12892515212307e-05,0.000360559690270086,0.000829160312664417,1
"20540",0.992596860639258,2.08369798582332e-10,0.00605761917656788,0.000618614252584688,0.000722931978511155,3.60374190475123e-10,3.76005181680189e-06,2.13332517545731e-07,1
"20543",0.00010901390309563,6.55201125853779e-06,6.13107846164361e-06,0.863862077236547,0.00161698114898305,0.000713032871503558,0.000618079573920843,0.13306813217623,4
