"","V1","V2","V3","V4","V5","best$classification"
"19811",6.20187850005257e-05,0.938566382450387,6.60431790706467e-07,0.0586212147437548,0.00274972358906708,2
"19813",2.22498265391572e-06,9.95438977762964e-05,9.34673808861069e-09,0.999897817093271,4.04679561129253e-07,4
"19815",0.00151154504431742,0.997892371205835,0.000550175598252638,4.28324231697587e-06,4.16249092783184e-05,2
"19817",0.000195631756418865,0.998039425738426,2.04394012888747e-05,1.73639657839171e-05,0.00172713913808282,2
"19819",0.867046197146541,0.00012912305644813,0.132823350726736,2.27920388168451e-09,1.32679107092604e-06,1
"19821",0.00208119116799464,0.903341845636195,1.16687002900681e-06,0.0263548274923959,0.0682209688333857,2
"19823",0.000707049776747326,0.940963065467843,0.0574791815930087,1.25021041160411e-05,0.000838201058284714,2
"19825",0.174871710091942,0.00568896072709602,0.000895565071076259,0.00814295229837436,0.810400811811511,5
"19827",0.000487741224565298,0.349001118314951,0.000125367671357489,1.99891643675125e-06,0.65038377387269,5
"19829",0.984967988954123,0.00352628892649316,0.000123715292828002,8.56246778919796e-06,0.0113734443587671,1
"19831",0.890972187844706,0.000829980934357649,0.108193543442692,2.55024162368012e-06,1.73753661992748e-06,1
"19833",4.09068448955986e-05,6.49627415004862e-06,0.999928412440789,6.47164710313793e-06,1.77127930622087e-05,3
"19835",0.00208119116799464,0.903341845636195,1.16687002900681e-06,0.0263548274923959,0.0682209688333857,2
"19837",0.00151824204096281,0.902264850312789,1.92320584876892e-05,1.3712873479515e-05,0.0961839627142813,2
"19839",0.957805162118951,0.00817197531190606,4.43350498589546e-05,0.00251317630079142,0.0314653512184926,1
"19841",3.25071153245636e-05,2.26631620744745e-05,9.13147774605409e-08,0.00013438455356309,0.999810353854261,5
"19843",0.978342433109894,0.000172101636174279,0.000125248931814367,0.0213601058619325,1.10460185158291e-07,1
"19845",6.28329692854004e-06,0.0767103194215185,3.18823631810813e-07,0.923216849831374,6.62286265475291e-05,4
"19847",0.00472641028253377,0.988502184755816,8.46098391739468e-05,0.00664453832557544,4.22567969011173e-05,2
"19849",2.53650462725002e-07,0.000135692206930488,3.25369292775135e-09,0.999863110881153,9.40007761318545e-07,4
"19851",6.93500630612328e-05,0.999686178022451,2.54320271345554e-05,5.14443265793484e-05,0.000167595560773696,2
"19853",2.70809404237831e-06,0.960654417127376,0.000186512990206808,0.0368255148479434,0.00233084694043144,2
"19855",1.2279255184081e-05,0.984155952013359,9.88627714237851e-06,0.00226029137552399,0.013561591078791,2
"19857",0.0105184534661694,0.93980482405382,3.43604946683779e-06,0.0169464925503713,0.0327267938801722,2
"19859",0.00142051869430175,0.97484370134974,0.000134703310935946,3.33494638952729e-05,0.0235677271811269,2
"19861",5.46904987657779e-05,0.840551935773435,2.17454712022986e-06,0.159205005097216,0.00018619408346283,2
"19863",2.85408062816148e-07,4.76345966919295e-05,4.71770203983219e-09,0.990491825899519,0.00946024937802462,4
"19865",5.96364548741506e-06,0.00195326381958035,8.77362659877205e-08,3.91835484775518e-06,0.998036766443819,5
"19867",0.000843133658767181,0.991707603252711,3.12847927793878e-05,0.00740614475171194,1.18335440307358e-05,2
"19869",4.63263589700566e-07,0.00706367757491934,8.69316163722596e-09,0.992736062835591,0.000199787632738444,4
"19871",0.00402302137609877,0.90786114247481,0.000151671564612751,6.75467386994475e-06,0.0879574099106081,2
"19874",2.55949756636627e-05,0.145424011635557,1.24931784359489e-05,1.47429068379339e-05,0.854523157303506,5
"19876",6.63804129183478e-06,0.43135194602284,5.75621780648078e-07,0.000851952928316859,0.567788887385771,5
"19878",0.661838698471721,0.320994376960619,0.0154067137488504,0.00121886743670135,0.000541343382107586,1
"19880",2.14408959922372e-07,0.000806835353886573,1.77570222422452e-08,2.89264110865413e-05,0.999164006069045,5
"19882",4.56863385259556e-05,0.715970216115143,6.47348296578022e-06,0.280866286246315,0.00311133781705011,2
"19885",0.00607761771668501,0.992515637813257,1.15620469645675e-05,1.85157049095932e-05,0.00137666671818403,2
"19907",0.000348630007256833,0.929554632648867,9.62452074152011e-06,0.0700183271747304,6.87856484039978e-05,2
"19909",0.981977892567935,0.017653244612643,4.73565813947703e-05,0.000294693173711424,2.68130643156256e-05,1
"19911",0.93036625092933,0.0345949344153525,0.00111436111996478,4.55379829062768e-05,0.033878915552446,1
"19913",1.02257588697559e-06,2.39878211346255e-05,1.30567838422357e-07,1.72469855991345e-06,0.99997313433658,5
"19915",3.03275221689271e-05,0.374220816840935,1.07780697129867e-05,8.30913032662811e-06,0.625729768436857,5
"19917",6.86323565475905e-05,0.0113747116704989,1.98237617891772e-06,7.54804722276505e-06,0.988547125549552,5
"19919",0.000464358365532568,0.786339085399649,6.04465387851947e-05,5.23616140743284e-06,0.213130873534625,2
"19921",0.000262831626692468,0.999315275945203,1.2259099620076e-05,0.000371365334931378,3.82679935536431e-05,2
"19923",0.0490467941329655,0.925948972479276,0.0243955712524471,0.000600302154743199,8.35998056794832e-06,2
"19925",1.99421903576399e-05,0.0413740520093106,3.04595595539302e-06,2.74490721952882e-06,0.958600214937157,5
"19927",8.39549260379227e-05,0.999036899712552,1.31986997501821e-05,6.99342975997487e-05,0.000796012364059922,2
"19929",7.02400744964414e-07,0.000173706781749516,7.3779898771857e-09,0.465032346900288,0.534793236539228,5
"19931",0.000908276002693139,0.996443662329594,9.23233655511654e-05,3.30255166783857e-06,0.00255243575049367,2
"19933",0.652458436027269,0.343418864149191,0.00107659064944518,2.02396484652595e-06,0.00304408520924797,1
"19935",0.0749392662861522,0.920935422001393,1.16609443668401e-05,0.00105480739835123,0.00305884336973677,2
"19937",0.000321110003011627,0.999375377831783,0.000233188026962974,6.91828695395061e-06,6.34058512887594e-05,2
"19939",0.000832359028219949,0.996403141805315,0.000117885156609266,1.49252131051702e-05,0.00263168879675017,2
"19941",0.906771926416009,0.00942207876803461,7.89538761270099e-05,0.000519976041887994,0.0832070648979409,1
"19943",2.00604973300013e-06,0.000725083377219358,7.54179292509777e-07,4.5315286979563e-07,0.999271703240885,5
"19945",0.85024284381934,0.147275864929621,0.00236607400278081,8.1754699453469e-07,0.000114399701263814,1
"19947",0.122458195680302,0.0213250908215144,0.000214541297804494,0.0271095352211764,0.828892636979203,5
"19949",0.199383533755939,0.778115796211004,0.0224689669046459,1.07632160244741e-05,2.09399123872945e-05,2
"19951",0.00183129897146606,0.287746861988463,4.98847071038123e-05,2.84355616433773e-05,0.710343518771324,5
"19953",0.172621131345049,0.00331249947199841,0.824065989625184,1.75126133055652e-07,2.04431634772106e-07,3
"19955",0.943059434270785,0.0107655631285461,0.0461363164947636,3.34067029003557e-05,5.279403005062e-06,1
"19957",0.00117249128220488,0.0875473932009239,0.00143997384487288,4.64214876769916e-05,0.909793720184321,5
"19960",0.995930048873918,0.00345924580999385,0.000118856895600663,6.50639867034356e-05,0.000426784433784575,1
"19963",0.00056448287686018,0.000602394926284337,0.0670417660357764,0.000149064517036799,0.931642291644042,5
"19965",0.998710698414346,0.000765011977692486,0.000435105787832222,8.91271192736351e-05,5.67008554594864e-08,1
"19968",0.00189599611657469,0.0125557644104486,2.65840222199807e-08,0.197300669999624,0.788247542889331,5
"19971",0.0020040613379756,5.73811877040163e-05,0.00523094150660178,2.30848099580287e-06,0.992705307486723,5
"19973",0.000209393276725624,0.986872318280675,1.6542192695838e-06,0.000103468692262373,0.0128131655310674,2
"19975",5.05331026075425e-05,0.019957810943125,1.02251087837427e-07,5.66716481754943e-05,0.979934882055004,5
"19977",0.000188298180151982,0.00182565009152051,0.000161222090723702,0.000374885137460567,0.997449944500143,5
"19979",0.999702564995719,6.43008243790692e-06,0.000289326289305976,1.71102029847301e-09,1.6769215168766e-06,1
"19981",0.015136740538444,0.982292563426597,2.46941630805403e-05,0.0012461449192386,0.00129985695264006,2
"19983",0.0213874465340059,0.977736583895641,0.000131594855208326,0.000673238922441748,7.11357927028822e-05,2
"19985",5.89762187001251e-06,0.111531507168734,6.6496842277305e-07,7.85445758216376e-05,0.888383385665151,5
"19987",0.0503650026302796,0.851035145981723,0.000132894029776652,1.49897306528173e-05,0.098451967627568,2
"19989",0.996526868642391,9.35416019788575e-05,0.00337957040994525,4.08749307864082e-09,1.52581913887468e-08,1
"19993",0.318483650470097,0.645570161808573,0.00127131199213405,3.64730102986321e-06,0.034671228428167,2
"19995",0.729137415815184,0.261134150312923,0.000406213450902145,1.57687759730323e-05,0.00930645164501751,1
"19997",7.11884797983432e-05,0.97751234422137,6.49902344860725e-06,0.000118223514122432,0.0222917447612602,2
"19999",1.43376011805006e-05,0.863334050952076,5.85323485879767e-07,0.00270252505121425,0.133948501072043,2
"20002",0.000333467899167359,0.000466781849104655,2.8961165632933e-06,0.556358686067464,0.442838168067701,4
"20004",0.861046485291213,0.123811719148116,7.3578301061377e-05,0.000656692857024163,0.0144115244025857,1
"20006",0.95812343683452,0.0321772265050423,0.00488019322475996,0.00357379115632419,0.00124535227935323,1
"20008",0.919989094814994,0.058076199724764,0.0209549484926817,0.000480179305915385,0.000499577661645213,1
"20010",0.897531295643155,0.0615945240343642,0.0408637932518435,6.86151582958791e-08,1.03184554788431e-05,1
"20012",8.20770061401921e-05,0.133138138379297,6.7846680612021e-07,0.013049385596397,0.853729720551359,5
"20015",0.999934203930947,5.80060015386858e-05,6.28116230020125e-06,1.42784916290764e-06,8.10560517124645e-08,1
"20017",4.81800637786771e-05,0.93337924461537,8.67286736162287e-07,0.00580183682853893,0.0607698712055765,2
"20019",0.997578807652177,1.80363071986367e-06,0.00241937605553842,6.0234694727468e-10,1.20592182273938e-08,1
"20022",0.988059681985431,0.0102588646996525,0.00167746088642171,6.00686425148133e-08,3.93235985230834e-06,1
"20024",0.538840676439521,4.77457527902181e-05,0.46111111669541,3.25427990311667e-07,1.35684288259923e-07,1
"20026",0.538840676439521,4.77457527902181e-05,0.46111111669541,3.25427990311667e-07,1.35684288259923e-07,1
"20028",1.77746409886146e-05,0.679415249422265,2.57318194509461e-06,0.000422051030234112,0.320142351724567,2
"20030",0.999613854974266,0.000197769132650864,9.01240465526459e-06,9.93403193371205e-06,0.00016942945649394,1
"20033",0.00159348446391945,0.606119259143766,9.9872694504968e-06,7.93892164436219e-05,0.392197879906421,2
"20035",0.996317310352365,4.88250776886625e-06,0.00367779055478825,1.45111850095994e-09,1.51339590152066e-08,1
"20037",0.999566175281597,7.24440158480785e-06,0.000426541396533761,3.83014137220685e-08,6.18870614550922e-10,1
"20039",0.000418408338032335,8.87619277699091e-07,0.999580703320819,4.91273819707029e-10,2.30596967946085e-10,3
"20041",0.221032094180818,0.726561719883676,0.0510529143690917,0.000167099759138009,0.00118617180727653,2
"20044",0.327589746436435,0.58130749860253,0.0784981663578197,0.000189713633022554,0.0124148749701928,2
"20047",0.994322431463827,5.95079761118377e-07,0.00567684031095258,4.46819224994001e-10,1.32698640501569e-07,1
"20050",0.146264035712407,0.0248915224391273,0.828779373558163,6.75078308726691e-09,6.50615395196224e-05,3
"20052",0.0166164477726957,0.935983728672245,0.00142091751601914,1.21758954651547e-06,0.0459776884494938,2
"20054",0.999222562672455,0.000737371840528688,2.74798247315896e-06,2.70768601725779e-05,1.02406443703585e-05,1
"20056",0.00018075125360713,0.00140096880185588,4.2791829538408e-06,1.25589248675818e-06,0.998412744869096,5
"20058",0.998842211122705,8.36783341168478e-05,0.00107406633610446,4.04514739982504e-08,3.75559971423913e-09,1
"20060",0.000996056218312415,0.998016621165992,3.18072326599183e-05,3.59639156082613e-05,0.00091955146742736,2
"20062",0.00701563205929037,0.992629739510304,4.50366049154608e-05,4.13865491787117e-05,0.000268205276311657,2
"20064",0.963180528665153,0.0361650931570522,0.000122606733861516,4.59048705316668e-07,0.0005313123952276,1
"20066",0.999941930460359,1.71879008926616e-05,2.28378551429104e-05,1.44893487895552e-06,1.65948487266731e-05,1
"20068",9.37659152926353e-05,0.998149954029634,4.77475861384436e-06,0.00157778362689525,0.000173721669564398,2
"20070",0.000146037013679114,0.999241311380371,0.000421082060592122,9.90625358992334e-05,9.25070094589706e-05,2
"20072",0.993977554996617,0.00132590143004461,5.00184176571506e-05,0.0046464536955047,7.14601761512375e-08,1
"20074",2.35401152916043e-07,5.94018779914591e-05,1.93021007583829e-08,0.000844929144201174,0.999095414274554,5
"20076",0.0117141382086575,0.0440264634527988,3.92940120519736e-07,0.273360761292176,0.670898244106248,5
"20078",0.939078872538661,0.0575800823285493,0.00305524326104802,2.05181575023714e-06,0.000283750055991186,1
"20080",0.998934995802279,1.06283554577618e-05,0.00105432730175596,2.3076015229341e-10,4.8309747949804e-08,1
"20082",0.00791064934401474,3.07633369568495e-05,0.992058402199488,1.24734689179512e-10,1.84994806064471e-07,3
"20084",0.929008944543418,0.0165461796364881,0.0131514084439531,6.93338576694392e-07,0.0412927740375636,1
"20087",0.945968763612552,0.0530705182374355,0.000898980467220534,5.98845327699239e-05,1.85315002231552e-06,1
"20090",0.974041355528934,0.000133247470042494,0.0258251188036462,6.40382511356245e-10,2.77556994364133e-07,1
"20092",0.0261110138589523,0.165137230117312,0.807734126741475,0.00101722099964255,4.08282618225859e-07,3
"20096",0.00958303452627875,0.58916053951479,0.390581551754812,1.5955717835911e-05,0.0106589184862833,2
"20098",0.000452675315653091,0.621159203434916,2.20748667340251e-05,1.27725468713868e-05,0.378353273835825,2
"20101",0.998118765422429,0.000225218847963324,0.00148366916654603,6.23354077102732e-09,0.000172340329520389,1
"20104",0.000219196330056956,0.536246545532203,0.0696323646527537,0.390894571625615,0.00300732185937167,2
"20106",0.998272025926895,0.00154535152172174,9.62704325744435e-05,1.93455691428349e-08,8.63327732400716e-05,1
"20108",0.00079870796255368,0.942341426879392,3.89966256661472e-06,0.000449284823284816,0.0564066806722025,2
"20110",0.00811234750732013,0.555399109013863,0.282450528460054,8.65775757921875e-07,0.154037149243005,2
"20112",0.947927073309246,0.0326898683380524,0.019328336708643,9.09964726535293e-08,5.46306475856235e-05,1
"20114",0.796450033116646,0.0642710473021876,0.0019521998731988,4.94781878373654e-06,0.137321771889184,1
"20116",0.964380935140083,0.00737268198410284,1.26249923837365e-05,6.87926264280982e-05,0.0281649652570025,1
"20118",0.0717451105480028,0.781564101464087,0.000411713619043669,6.51138815434692e-06,0.146272562980712,2
"20120",0.960262096529274,0.0105989954564106,0.0278615901674622,5.10299629631185e-09,0.00127731274385681,1
"20122",7.97724681577425e-06,0.00101326309021095,6.24224068060964e-08,2.43901527016813e-05,0.998954307087865,5
"20124",0.997660996413848,5.73568747018833e-05,0.00228139382469013,2.4667446683702e-07,6.21229351406149e-09,1
"20126",0.0100841583519703,9.38693573122856e-06,0.989905889192678,2.41597755412431e-07,3.23921865642046e-07,3
"20128",0.269541877670045,3.24072677281456e-07,0.730457790297846,4.74196962741514e-09,3.21746207163369e-09,3
"20141",0.000167962222793465,0.792796270496177,0.0335155758404524,0.000225728867761911,0.173294462572815,2
"20143",2.10751963412536e-07,2.5458016260364e-05,2.12068562584856e-08,1.87932943037647e-05,0.999955516730616,5
"20145",0.979465256076221,0.0156530880329694,0.00486583197419404,4.96865940523943e-09,1.58189479559171e-05,1
"20147",0.996900209934607,0.0029249338016373,0.000163173656107751,4.37343259705346e-08,1.16388733225747e-05,1
"20149",1.10636142130097e-06,0.000905219446189691,1.34101703370356e-07,1.50117545049156e-05,0.999078528336181,5
"20151",0.000599355039865306,0.833862214868412,1.12745175900851e-05,1.21536404395999e-05,0.165515001933693,2
"20153",0.00176582201351023,0.29186082435079,0.0112161203351319,1.57456840988177e-07,0.695157075843727,5
"20155",0.999178413381918,0.000581359080600892,0.00023940012927088,1.05613288667207e-07,7.21794921713591e-07,1
"20157",0.000187153863623678,0.254649747661009,1.97555802231107e-05,7.54779912313178e-06,0.745135795096022,5
"20160",4.22237790656372e-07,3.92703648078157e-05,4.72129464840387e-08,3.09956426437852e-06,0.999957160620191,5
"20162",3.95748650863687e-07,0.00193854031121754,4.17929342116569e-08,1.49009452962163e-05,0.998046121201901,5
"20164",0.000148488271191951,0.0464623056588586,4.0297663556523e-05,7.09896148875011e-06,0.953341809444904,5
"20166",0.998501163952593,0.000157371674775343,1.00288055471062e-05,0.000238121768453433,0.0010933137986307,1
"20168",0.00410263131279937,5.2355232893767e-05,8.25044339207681e-07,0.994899208983258,0.000944979426710029,4
"20170",0.000320749417528143,0.517954320654063,7.14537399769866e-05,4.82313959235925e-06,0.48164865304884,2
"20172",0.992487028130843,0.00620119096704698,0.00131157462148506,6.92365162877272e-08,1.37044108715445e-07,1
"20174",1.36131715099667e-05,0.361205918207015,1.33784921375917e-07,0.222040306525321,0.416740028311233,5
"20176",0.00025357418909565,0.000166200682431952,6.2824651071898e-08,0.999568868442675,1.12938611464125e-05,4
"20178",5.11929275926338e-07,2.49947198088296e-05,1.0020397806111e-07,1.63540709792948e-06,0.999972757739839,5
"20181",0.995014723675843,0.000199816082784179,1.29836996010823e-05,2.21395478903215e-06,0.00477026258698255,1
"20183",0.00352611455597168,0.995509674266494,0.000927904900645473,6.73968601014082e-06,2.95665908786247e-05,2
"20186",0.0174067287293584,0.976017522822176,0.00344439821534216,0.00313062816018566,7.22072937685769e-07,2
"20188",4.2620692540254e-07,0.000216104939635023,9.71458339897587e-08,1.99698351865477e-06,0.999781374724087,5
"20190",0.999890506383627,8.39845484912224e-05,2.47835343524825e-05,5.61415009063762e-08,6.69392028822657e-07,1
"20193",0.00388183687434905,0.000580791632892254,4.20121492527336e-06,0.0476897540682604,0.947843416209573,5
"20195",0.00190975873515555,0.167413792601175,3.92039371024632e-05,7.01210228315146e-06,0.830630232624284,5
"20197",0.995072095922816,0.00439863416791905,0.000528898147376505,1.62586342689474e-07,2.09175545781154e-07,1
"20199",7.03863684303387e-06,0.0434445577007482,9.11824055550257e-06,2.93480434240384e-06,0.956536350617511,5
"20205",0.00030410532874751,6.15204177699921e-05,0.999634360907517,4.6531883506184e-10,1.28806461987168e-08,3
"20208",0.00260681104840716,0.967346745694138,1.93168327927398e-05,7.72540118411005e-05,0.0299498724128207,2
"20210",1.38439156518076e-06,0.00636581739878311,1.79977460417177e-07,6.43552227975059e-06,0.993626182709912,5
"20212",0.000172285278310849,0.088895230686454,7.5656146385204e-06,1.15116381749696e-05,0.910913406782422,5
"20216",0.996514210657933,0.00329239852167305,7.87709039095987e-05,5.4320320073537e-07,0.000114076713283975,1
"20219",0.391107748160689,0.0153699307190932,0.59340438583532,1.25884106899493e-08,0.000117922696487075,3
"20223",0.997814255549878,2.68111180119045e-05,0.000342329239167428,0.00181660193211543,2.16082769878143e-09,1
"20226",0.0530518070048207,0.938287379447741,0.00615572173786358,3.72513877197183e-06,0.00250136667080306,2
"20230",0.99985864932668,3.4801318892095e-05,0.000106416880769594,4.332865713023e-08,8.91450011649529e-08,1
"20233",4.79854458185881e-06,0.00338871418258219,0.996559357115813,1.47141517169404e-06,4.56587418515e-05,3
"20235",0.963517998119757,0.000840391466446354,0.0354540341301258,0.000187562860774363,1.34228960227945e-08,1
"20239",0.971038422377957,0.0246943749448036,0.00092869201605149,0.00333548496445232,3.02569673527831e-06,1
"20254",0.00829815531209671,6.91381829586652e-06,0.991694918003378,2.01882114460793e-11,1.28460416246746e-08,3
"20256",0.999531317408327,0.000166295850839883,0.000301807161790687,5.65941235814988e-07,1.36378066334172e-08,1
"20262",0.000120046870548447,0.194265271936529,5.48416908158914e-06,4.88497343189394e-06,0.805604312050409,5
"20270",0.967689728672312,0.0223030627003545,3.49013491876729e-05,0.00335980238331941,0.00661250489482649,1
"20284",0.0110097075560342,0.682139863966978,0.306792411805189,7.6035216167457e-07,5.72563196375803e-05,2
"20287",0.999836304166642,3.13909832874271e-06,0.000160383145554029,1.71734483098569e-07,1.85499238163989e-09,1
"20290",0.0028792730388766,0.00467467894904501,0.992400697165135,1.13646992076314e-09,4.53497104735318e-05,3
"20293",0.923512448508842,0.0739924061455906,0.00246211767642501,1.87881181118323e-06,3.11488573306394e-05,1
"20296",0.00837828724589685,0.213236481969381,2.63663103113522e-07,0.0187039518942667,0.759681015227352,5
"20301",0.999417494022383,1.95157218141165e-06,0.000570846657407603,7.17389925892844e-08,9.63600903540558e-06,1
"20304",0.0095970230167632,6.85916878204474e-05,0.990334048102956,3.96303822880246e-10,3.36796156216476e-07,3
"20306",0.997788088637904,6.5480325999048e-05,0.00214637552047294,5.16416091951272e-08,3.8740146174689e-09,1
"20309",0.515673476281039,0.478450544792978,0.00555732304133038,2.92590368776249e-06,0.000315729980965145,1
"20311",0.990409928308414,0.00789278364274406,0.001094594871955,2.68307757313214e-06,0.000600010099314228,1
"20314",0.00343558541505499,0.944060528347495,9.9840656917031e-05,1.59436403279836e-06,0.0524024512164998,2
"20318",2.64111863614007e-05,9.28883936259274e-05,2.21021385990399e-07,1.9714097507064e-05,0.99986076530112,5
"20320",0.00237651799290804,0.987694820838861,0.00588417703239763,4.1938605894421e-05,0.00400254552993923,2
"20326",0.0047506263014491,0.875188044829603,0.000229330827517609,3.8270232351964e-06,0.119828171018195,2
"20328",0.00119982180888943,0.996508542188754,0.00225148593925335,1.05099705836454e-05,2.96400925194014e-05,2
"20330",0.958963988635431,0.00880825524530979,0.0322163760538806,6.21142701430394e-06,5.16863836459445e-06,1
"20336",0.0184474820173566,0.0573311023096044,0.924218518172764,3.09612217271614e-08,2.86653905372111e-06,3
"20338",0.0245590529131202,0.00311590114728011,0.972156673559365,1.17343916232245e-08,0.000168360645843306,3
"20340",0.999493189590419,1.40379060681972e-05,0.000492632517335138,9.39943927344814e-08,4.59917847408889e-08,1
"20342",0.000738510579276179,0.000344167609502341,0.998654840842102,5.81067866958436e-05,0.000204374182423849,3
"20344",0.995968107434486,0.00334415704320851,0.000686127575089624,5.67566441334716e-07,1.04038077386065e-06,1
"20349",0.999728848486028,9.63197768894463e-05,0.000174548565123917,2.72219400779656e-07,1.09525581495718e-08,1
"20351",0.903084546472956,0.080196394304492,0.0157465442124679,1.87079338466192e-06,0.000970644216699002,1
"20353",0.910663300872047,0.0029467456628883,0.0863897027505126,6.7824111701334e-08,1.82890440278117e-07,1
"20357",0.00164140280123689,3.98365056639731e-05,0.998318759313026,4.5977609243441e-10,9.20297000248211e-10,3
"20360",0.0237043144805166,0.0014286764757463,0.97404479314907,0.000819927958994634,2.28793567297785e-06,3
"20364",0.902857319174735,0.0925665095064906,0.00454864271700113,8.93555253284295e-08,2.74392462479082e-05,1
"20366",0.00178486575473452,0.0128132433040072,0.985374144288525,2.30584737724719e-08,2.77235942598213e-05,3
"20381",2.60708733810366e-06,0.00349380086911402,4.45288079973337e-07,0.973014943564667,0.0234882031908009,4
"20391",0.399568113089114,0.201028953583284,0.0397122313255199,0.359690491273679,2.10728403039607e-07,1
"20394",0.000204534067871841,0.995200716568872,5.55541410365717e-06,0.00282601837234351,0.00176317557680929,2
"20396",1.9455961400716e-06,0.156207877449295,6.3182682841888e-08,0.819609294356921,0.0241808194149611,4
"20409",0.549842201519074,0.180966227102603,0.00109095626594866,1.29873661277124e-05,0.268087627746247,1
"20411",0.894690569636686,0.00121267193217155,0.104096730840768,2.02874503156604e-08,7.30292395626333e-09,1
"20416",0.0575904475448709,4.32395960257957e-07,0.942409119433469,5.32090850040803e-10,9.36094878472268e-11,3
"20418",1.57513056576481e-06,0.0823495588508265,3.0853818930671e-08,0.814738453863605,0.102910381301183,4
"20420",4.79261245295642e-05,0.03073304566062,0.968804438043473,1.68811697235549e-06,0.000412902054404854,3
"20422",0.998173247839446,0.00127303142269413,0.000494704192526688,9.25851859446974e-08,5.89239601469432e-05,1
"20424",0.953843461537253,0.000946077598909668,0.0452104319815059,9.57897146851664e-09,1.9303360625388e-08,1
"20426",1.07760484290577e-05,2.19216420106754e-05,0.99983416944565,1.41764205257705e-09,0.000133131446268726,3
"20428",0.888860577073613,0.108177962101155,3.68925698671336e-05,0.00289867002973413,2.58982256307599e-05,1
"20431",0.0364598418658952,0.831683880332633,0.00855483436853743,3.72871788919504e-06,0.123297714715046,2
"20433",0.999765718119391,1.11415776353248e-05,2.33902387990037e-05,0.000199728658908376,2.14052668906527e-08,1
"20436",0.0107734038037987,0.000126724764322113,4.6881509617903e-07,0.989084150474015,1.52521427683753e-05,4
"20439",7.66187435075577e-06,0.302910106488735,1.02460839074116e-07,0.329409044257799,0.367673084918276,5
"20441",0.00136712422763005,0.000271149648210392,0.998361404565219,1.06038459615317e-09,3.204985554157e-07,3
"20444",2.35200264253107e-07,0.00011811379633969,2.88486739174333e-08,5.45479882690955e-06,0.999876167355895,5
"20448",0.0155116900394075,0.608595400575324,0.00196475043627928,0.000428033186136815,0.373500125762852,2
"20536",0.00026943884842961,0.298198108699767,1.38020879959932e-06,0.701497374884363,3.36973586407309e-05,4
"20538",0.282102108230067,0.108943331490451,0.608929421402487,1.72137326319586e-05,7.92514436286421e-06,3
"20541",0.945749547202922,3.26313819201338e-05,0.054217809419121,2.56498252350946e-10,1.17395389806862e-08,1
"20544",0.203714443015292,0.786653646368228,0.0010464364165664,6.03332489413287e-06,0.00857944087501945,2
"20546",0.989809359097809,0.00328668819258732,0.00690389799276866,2.0604383482491e-08,3.4112451045886e-08,1
"20550",0.368542206672172,0.594993584272943,0.0314921270091511,7.73248575375132e-05,0.00489475718819682,2
"20553",0.0431382972239942,6.16303377209319e-08,0.9568612957353,2.94981117083194e-09,3.42460557216121e-07,3
"20555",1.47051918608572e-05,0.00342848222215588,0.996555789172615,7.47512845674093e-07,2.75900522491602e-07,3
"20557",0.170701253777713,0.58917378909822,0.236168692335307,5.55595011093923e-07,0.00395570919374888,2
"20559",0.999229205044377,0.000690195879051722,7.70109804935062e-05,1.03300047692941e-08,3.57776607355851e-06,1
"20561",0.00133003146962421,0.54633028079716,7.18266103571396e-05,1.03823449852479e-05,0.452257478777874,2
"20564",5.11929275926338e-07,2.49947198088296e-05,1.0020397806111e-07,1.63540709792948e-06,0.999972757739839,5
"20566",0.851724177025936,0.148002568995759,1.66782079472082e-05,8.26034108551702e-05,0.00017397235950349,1
"20569",3.64185166371938e-05,0.669144933878976,7.72832953572437e-07,0.00111821773277314,0.329699657038661,2
"20572",9.53625497523148e-06,0.0270275271057324,5.3232389445979e-08,0.000784785789751691,0.972178097617151,5
"20574",0.997198681737425,0.000523261098905412,0.00227251368104397,1.84598514467579e-09,5.54163664089423e-06,1
"20576",2.87850966351865e-06,0.000156390610818546,2.35727447890089e-07,1.08265599862062e-06,0.999839412496071,5
"20578",0.746111039803015,0.244970403550327,0.000914019422185007,2.50084924115761e-06,0.00800203637523225,1
"20580",0.778888897131384,0.220833160012831,8.2052038922039e-05,3.01406387024162e-05,0.00016575017816117,1
"20583",2.20247586433646e-06,8.6469401978116e-05,1.92748481419456e-07,1.10539859675746e-06,0.999910029975079,5
"20586",0.856140032173683,0.141896709797639,0.00195141661351838,1.9894347185277e-06,9.85198044058506e-06,1
"20589",0.999690561804014,0.000108066076812133,0.000201149285730441,2.20548014427106e-07,2.28542852038941e-09,1
"20591",0.00456655822656786,0.826532642943268,0.168822112818019,5.77904481075732e-05,2.08955640374917e-05,2
"20593",0.999922698831433,7.7475874615291e-07,7.64869297452194e-05,1.86976622531423e-08,2.07824133939369e-08,1
"20595",0.993547523954162,0.00600721454478357,0.000347164234657469,1.10555578074627e-07,9.79867108184847e-05,1
"20597",2.45046049189795e-07,0.00106996533668044,4.58584060414745e-09,0.998916186492648,1.35985387812984e-05,4
"20599",6.06965768196708e-07,3.31996954589196e-05,4.85990699531096e-08,2.58338122873551e-06,0.999963561358474,5
"20601",0.000359883592918416,0.999047147373702,5.8294990554957e-05,7.79627895910793e-06,0.000526877763865054,2
"20604",0.999898817152777,2.43598225645155e-05,7.51710059428598e-05,5.79292494585834e-09,1.64622579036712e-06,1
"20606",0.999880565901238,3.12521632888958e-05,8.81304759004145e-05,8.36138434589368e-09,4.30981881686163e-08,1
"20608",0.998662863159419,0.00131783726383653,1.62248583932658e-05,2.58364992086487e-06,4.91068430599239e-07,1
"20610",1.60605953416902e-05,0.00113330253640726,1.2839518049434e-06,1.72656684766541e-06,0.998847626349599,5
"20612",0.260363325522562,0.00304339781052753,0.126949919060771,0.608133421112295,0.00150993649384518,4
"20614",1.97776248736087e-06,0.0049984479662778,7.44180400138417e-07,1.51190584885469e-06,0.994997318184986,5
"20616",0.00709762343405322,0.991126718352149,0.000154841729873417,8.15174136689122e-05,0.00153929907025555,2
"20618",0.000353083354521261,0.00212160526871057,0.997495738052569,5.24070394999519e-09,2.95680834955363e-05,3
"20620",0.998784151161699,0.00105223947786407,5.12000284867253e-05,6.11592182257194e-05,5.12501137246881e-05,1
"20622",7.93472914028345e-06,0.00038361203582584,3.01470102822599e-07,6.13113711361155e-07,0.99960753865122,5
"20624",0.974596654296767,0.00110381306940791,0.0242993442101811,6.62054947289358e-08,1.22218148932096e-07,1
"20626",0.757452103823348,0.0256920310063234,2.79957456796001e-06,0.215207718260983,0.00164534733477706,1
"20628",0.304625394668645,0.461922670741307,0.000427232242449397,0.232058688209637,0.000966014137961364,2
"20630",0.842059492036717,0.139103078273014,0.000450358073006537,7.88001125796193e-06,0.0183791916060048,1
"20632",2.30946740301915e-07,0.00423221002998368,1.14474177374378e-08,0.00118907743950757,0.994578470136351,5
"20634",0.999885498541145,5.33509381471623e-05,6.10997194457967e-05,1.77650827836526e-08,3.3036178928311e-08,1
"20637",0.0121973860996862,7.37697853461274e-05,0.987715283586206,2.9947099372366e-11,1.35604988142384e-05,3
"20639",2.08707802665152e-05,0.208484600278237,5.75683770079201e-06,7.56097449282041e-06,0.791481211129302,5
"20644",0.430904353969904,3.43718819753438e-07,0.569085124238388,1.01459542371899e-05,3.2118650979922e-08,3
"20646",0.976639244396861,0.000385133498433697,0.0210098563865198,0.00195403081962857,1.17348985572107e-05,1
"20648",0.000199899174206863,0.978409614150061,5.7936300864808e-05,2.80580031559628e-06,0.0213297445745521,2
"20650",0.752740018231059,0.000364721689825527,0.246895128896765,4.80983022460744e-08,8.30840488118236e-08,1
"20653",0.000479629453760856,0.993873094545907,0.000669217175797061,0.00015130309703781,0.00482675572749697,2
"20658",0.999524997194112,0.000245305431469514,7.55123885940438e-06,0.000222103735689375,4.23998697322798e-08,1
"20661",0.0562197492490805,0.011793651192201,0.931797654611556,0.000185529266338361,3.41568082397954e-06,3
"20663",0.469590616421728,0.528598513845808,0.00179178556267156,5.38952338459081e-06,1.36946464078227e-05,2
"20665",4.16897682112605e-06,3.87809465186155e-05,1.46167040507902e-08,7.41130477684438e-05,0.999882922412188,5
"20667",0.0262503267536897,0.946652941929357,0.000758181559524276,0.0259690591651637,0.000369490592265626,2
"20669",1.39179725643827e-06,0.0262404393633874,1.37037664401318e-07,0.973311730507052,0.000446301294639449,4
"20671",0.194792737795702,0.00410410715883469,0.800962802283446,7.11112110062467e-10,0.00014035205090497,3
"20673",1.39867311797347e-07,0.000917013944227412,2.16938067816857e-09,0.999019185597659,6.36584214210216e-05,4
"20675",0.00864032453289616,0.74829708582592,1.11718309189991e-05,0.243002246643198,4.91711670668499e-05,2
"20677",0.447924296885081,0.551017529401227,0.000299225144649348,0.000748768967240171,1.01796018023813e-05,2
"20679",4.14946273180647e-07,0.0293479730769473,6.26343295897386e-08,0.969089086741943,0.00156246260050667,4
"20681",0.000110565988479808,0.927527402123135,6.48411226304467e-06,0.0723030692496315,5.24785264911091e-05,2
"20683",0.33572759108805,0.659471047837225,9.99870321866603e-05,0.00467740180866989,2.39722338684981e-05,2
"20685",1.70845246520164e-05,0.0192647421830646,0.98062265734068,2.66896208134181e-06,9.2846989522287e-05,3
"20687",6.42681140981944e-06,0.0458853312490066,1.75235270831212e-06,3.78319464729585e-06,0.954102706392228,5
"20689",0.238411397987146,6.34712299576356e-06,0.761553291901742,2.8932989766516e-05,2.99983489416366e-08,3
"20691",5.14329611344329e-07,0.000183984638383873,1.01752231392093e-07,1.05569435116236e-06,0.999814343585422,5
"20693",0.998747951541664,3.74619100843421e-05,0.00121449227405106,8.97656018960329e-08,4.50859918895288e-09,1
"20695",0.00020411529948115,0.993990338323071,1.70001089176984e-05,3.42856386348421e-05,0.00575426062989566,2
"20697",0.999365171648851,0.000227722257936113,0.000353953667146938,1.93073879528161e-09,5.31504953266944e-05,1
"20699",0.303007501777426,0.678470681346301,9.23308758649239e-06,0.018280784797828,0.000231798990858518,2
"20701",0.890422678721522,0.108489743742595,0.00022597086718419,0.000860907197687482,6.99471011365507e-07,1
"20703",1.71677167634689e-05,0.0260952172115966,0.00101306621216162,0.97268061060036,0.000193938259118046,4
"20705",0.992056409515625,0.00362729158486426,0.00431594581040769,1.30451381931611e-07,2.22637720878001e-07,1
"20707",0.00326924515008985,0.996459977376153,0.000242302452994901,6.86549025431284e-06,2.16095305083265e-05,2
"20709",0.0280798853565166,0.0592053337488445,7.4124476764573e-06,0.000425237569862471,0.9122821308771,5
"20713",8.44149118458605e-05,0.956765200521448,0.011043439853746,0.00025115082113233,0.0318557938918284,2
"20715",0.868516328512507,1.9361861689884e-05,0.109972057298041,6.27854728819436e-07,0.0214916244730327,1
"20717",0.000101043763837231,0.999614533551585,2.13914039717441e-05,6.67260438108928e-05,0.00019630523679509,2
"20720",0.983748429226283,0.0158926997263053,0.000325996916897209,1.18760166599149e-05,2.09981138549713e-05,1
"20722",0.974491669113448,0.0254346944453191,6.99042920448472e-05,1.1876960649827e-06,2.54445312327631e-06,1
"20724",3.52328346078367e-05,0.779174517796035,5.22594647744043e-06,3.93340351786756e-05,0.220745689387701,2
"20726",0.99896518807381,4.78307034216771e-05,0.000986828149693341,1.50389149780878e-07,2.68392514449567e-09,1
"20728",3.0594433638745e-05,0.988301639533077,3.07082288718329e-06,0.01140534800427,0.000259347206126831,2
"20730",0.000708672893842662,0.588867444716071,4.64886029159495e-05,8.18245778552391e-06,0.410369211329384,2
"20732",0.477434569725872,0.383312967733481,0.100867785707229,0.0382608776793272,0.000123799154090483,1
"20734",0.24226906937705,0.756597650233539,0.00108928620012594,6.49734679916533e-06,3.74968424857632e-05,2
"20736",2.18928920125627e-05,0.0980007323256828,5.23796567982736e-07,3.84523207408254e-05,0.901938398664996,5
"20738",0.586525699273229,0.0127407991549626,0.073836938389263,0.00442694086787633,0.322469622314669,1
"20740",0.596867445435887,0.0776100878429138,0.325135912565163,0.00038651809383593,3.60622001996552e-08,1
"20742",7.80048576414175e-05,0.998647845258749,0.00101931587893131,2.87739116773702e-05,0.000226060093000401,2
"20744",1.86470619591455e-06,0.0150860131508507,1.17384094784271e-08,0.0123187188363183,0.972593391568225,5
"20746",0.0507518576556213,0.949003321578441,7.1537709197357e-05,0.000104340825090777,6.89422316497046e-05,2
"20748",3.41791796323799e-05,0.693401041680755,1.99146237023766e-05,1.85915196044506e-05,0.306526272996305,2
"20750",0.000384119092739251,0.308711373222546,9.83104303237949e-07,0.000260887971311564,0.6906426366091,5
"20752",0.95477894215028,0.0444019597667583,0.000816921113739432,1.63673506911311e-06,5.40234153387405e-07,1
"20754",2.9402643319555e-07,0.000392521464529029,1.73774513228956e-09,0.999594532791813,1.26499794799166e-05,4
"20756",0.0726008034715779,0.663194943637529,0.000184404643245682,2.57405791161624e-05,0.263994107668531,2
"20758",0.00993459303485766,0.00321557589929346,4.55456561799316e-07,0.979993446342845,0.00685592926644185,4
"20760",1.31962095478276e-05,0.779186945359161,3.59455559568069e-07,0.00418855627156097,0.216610942704171,2
"20762",6.13052781933124e-07,0.00161782368439875,1.48654829279022e-08,0.998377776612848,3.7717844886896e-06,4
"20764",4.27158643647949e-06,0.223168655198065,2.25969298368544e-06,0.001236395812337,0.775588417710178,5
"20766",1.83924855697384e-05,0.904971716799334,3.21296457884497e-06,0.000105617668047675,0.0949010600824696,2
"20768",0.000425544520544688,0.174761331396539,1.65906364233551e-05,4.72010991479908e-06,0.824791813336578,5
"20770",0.00657544076976972,0.0913068113547388,1.60925885492928e-06,0.902062373388607,5.37652280293489e-05,4
"20772",0.999943213655265,4.60372699415789e-05,1.02138024788314e-05,6.76812142251234e-08,4.67591100751125e-07,1
"20774",0.999141016377946,1.40459436473812e-06,0.000844331996906473,1.32448018892289e-05,2.22889324987492e-09,1
"20776",0.000566099945696883,0.998710820675581,0.000689287675729164,1.18365085190401e-05,2.1955194473866e-05,2
"20778",0.27779506562971,3.58982384217236e-07,0.72220450904833,2.3692705622888e-09,6.39703048834205e-08,3
"20780",2.17211787669026e-07,2.39781951059493e-05,6.87110270971695e-10,0.99995887414052,1.6929765476169e-05,4
"20782",1.1390135743157e-07,0.000594410072950614,3.63717420710068e-09,0.999290836252598,0.000114636135919516,4
"20784",1.68115106877592e-06,0.00236113992186848,2.25730558767169e-08,0.997634254487816,2.90186619039338e-06,4
"20786",1.68038081690041e-06,0.000230578764673657,5.99877735311564e-09,0.0258715045053098,0.973896230350422,5
"20788",0.00632081838390846,0.992994002052343,0.000626410953202262,1.57474513340049e-06,5.71938654130364e-05,2
"20790",3.57781668500291e-05,0.582263535197445,1.50298857019616e-07,0.319844717560209,0.0978558187766394,2
"20792",0.0178715782005201,0.567250397128062,0.00126857455540146,3.96211822588085e-06,0.413605487997791,2
"20794",1.35674250992426e-05,0.290824159005483,6.59413784836663e-08,0.183360452027111,0.525801755600929,5
"20796",0.99660663460202,0.000744523073951693,0.0026487989767241,1.51688035615318e-08,2.81785010100376e-08,1
"20798",5.11929275926338e-07,2.49947198088296e-05,1.0020397806111e-07,1.63540709792948e-06,0.999972757739839,5
"20801",1.28001872087647e-05,0.000811188877060033,8.33537965764284e-07,7.70979004178683e-06,0.999167467607724,5
"20803",0.0166979694628686,0.981184460081394,0.00209027749241735,1.59276795927925e-05,1.13652837275128e-05,2
"20805",0.207926836776195,0.791371305198127,0.000637057170934035,1.24223915941701e-05,5.23784631497492e-05,2
"20807",5.11929275926338e-07,2.49947198088296e-05,1.0020397806111e-07,1.63540709792948e-06,0.999972757739839,5
"20809",0.000909340288757929,0.996321222658692,0.000710115925463884,0.0010239289677085,0.0010353921593779,2
"20811",0.00677411225689597,0.0244242526154753,0.00162130094182951,6.86242580196669e-06,0.967173471759997,5
"20813",0.366108048315239,0.569154859875657,0.00246765721735572,0.000421724057875495,0.0618477105338726,2
"20815",3.72864419043684e-07,0.000214337631922321,7.30947412212175e-09,0.239782186230837,0.760003095963347,5
"20817",5.99699431125635e-05,0.970784250417958,2.98921479979695e-05,7.58537491242541e-06,0.0291183021160187,2
"20819",0.217287842211433,0.778433589604696,0.00426281900018273,1.42089861248472e-05,1.54019756285108e-06,2
"20821",0.443800886489677,0.000500252885505556,0.000258466182822308,0.552208051522725,0.00323234291926997,4
"20823",0.0834835051411933,0.90514503991601,0.00250250071583274,6.76009725809846e-06,0.00886219412970604,2
"20825",1.28161242612463e-05,0.925355827958431,1.18937841125161e-06,0.000563739010615851,0.0740664275282804,2
"20827",0.000132942927969647,0.163798455429457,0.00011980847515604,1.20351657968788e-05,0.835936758001621,5
"20829",0.997163868094875,0.00159870374215739,0.00120984288961733,1.55406662038826e-05,1.20446071467988e-05,1
