"","V1","V2","V3","V4","V5","V6","V7","V8","best$classification"
"19811",5.95998908564497e-08,1.14099435263799e-07,0.000440911264877101,2.36475491576801e-05,0.0631743526502019,0.000347598737198192,0.921014620382522,0.0149986957167174,7
"19813",4.6348919501393e-10,1.60007362153364e-08,1.95818290446113e-07,1.22199540094488e-08,2.31701135247294e-07,1.25991049036197e-06,0.000113393387723963,0.999884890498181,8
"19815",0.00035069861506265,1.91648083933907e-05,0.0117178037080688,1.03051768151063e-07,0.0247543672202232,0.00784521865675487,0.955312277694424,3.66245304637912e-07,7
"19817",1.20239391304333e-05,9.25597768278158e-07,0.00394277813912336,1.99318510652831e-05,0.375754970524624,0.00623474390444269,0.614031131312351,3.49473149542276e-06,7
"19819",0.17834297444772,0.688590615245689,4.15012044029516e-05,5.56749974138396e-08,1.45385641588689e-06,0.133020685094376,2.7143581940014e-06,1.18204432945991e-10,2
"19821",1.44616262686845e-07,1.90398678810265e-05,0.000400968655009855,0.00220223143943031,0.584578977114022,0.00988533131844535,0.393372089464849,0.00954121752409951,5
"19823",0.127880127198535,8.61814394673827e-06,0.000562435118693812,5.87482985447005e-06,0.12916404028772,0.00512623158435602,0.737251294624838,1.37821205522427e-06,7
"19825",4.6951646270139e-05,0.0259101151897248,0.00233986027340286,0.962968211982611,0.00265694278100591,0.0043573500385313,4.15592378283813e-05,0.00167900885062506,4
"19827",1.99268296324616e-05,1.08505420581488e-06,1.50379032394149e-05,0.0106586089966638,0.981341028870071,0.00117773130840975,0.00678652931424965,5.17235285699593e-08,5
"19829",2.08225792624292e-05,0.087488910693782,0.000318780793906614,0.00279814679430542,0.00123170000172835,0.908115268845488,2.49412653067341e-05,1.42902622073902e-06,6
"19831",0.142648360222466,0.183809195554909,4.98046440334267e-05,7.30868502123986e-08,2.02285350142704e-06,0.673436127423189,5.40510110282397e-05,3.65204022349495e-07,6
"19833",0.997517724068587,2.1622903184696e-05,0.00242680800580573,3.0216725142129e-05,3.72363234923176e-07,5.35056523108243e-07,2.67446650822471e-07,2.45343087149652e-06,1
"19835",1.44616262686845e-07,1.90398678810265e-05,0.000400968655009855,0.00220223143943031,0.584578977114022,0.00988533131844535,0.393372089464849,0.00954121752409951,5
"19837",3.76057215179849e-06,3.30594036456998e-06,4.42155383138709e-05,0.00100282948051292,0.925685144237928,0.0170524442290609,0.0562075217856179,7.78216050537643e-07,5
"19839",9.18232235854956e-06,0.219033871884038,0.00157811328316971,0.0314119342657302,0.00246264976615423,0.74345148429338,0.000357906240181101,0.00169485794498876,6
"19841",1.12119145800987e-09,4.38830249872507e-07,1.45114094959979e-08,0.999793429305867,0.0001942953767681,6.28536883840873e-07,2.75618436619584e-08,1.11647557862977e-05,4
"19843",1.49499944331253e-05,0.951658818445363,0.00186054884090283,1.01389150864242e-08,3.0062571741493e-08,0.0323690360255102,4.99610561640023e-05,0.0140466454361404,2
"19845",4.18545752067244e-08,2.75947302336057e-08,4.84878777519736e-05,7.71504995570853e-07,0.00162282287682863,1.80505323860405e-05,0.319965639801168,0.678344157957564,8
"19847",1.63512665183543e-05,3.05121003088149e-05,0.0026268414864569,1.16747512413578e-07,0.00320059166347851,0.0132893285530925,0.979802132119068,0.00103412606356489,7
"19849",1.85402320430647e-10,1.43059251278359e-09,3.69824998803674e-08,2.3748167574199e-08,9.21854455451393e-07,1.49891646450201e-07,0.000273588925851966,0.999725276981384,8
"19851",8.33921366636748e-06,1.71482419246705e-07,0.000430828563086576,3.35339841597021e-07,0.050067462511144,0.000636815904780852,0.948851398499241,4.64848581999853e-06,7
"19853",3.68531387145264e-05,1.74531239119952e-09,2.74684299617522e-05,6.97553731391514e-06,0.0551048727160437,8.14501897342261e-06,0.940669921133581,0.00414576228009888,7
"19855",2.66756861582878e-06,1.07948979005689e-08,0.000127614420174033,0.000141121015759423,0.497874617587118,0.000306936742121494,0.501069983125564,0.000477048745750243,7
"19857",7.91254019484277e-07,9.48294085603678e-05,0.00816201594050561,0.00259000351798066,0.352838498021671,0.288386480124811,0.336097995328316,0.0118293864041352,5
"19859",8.78784709763025e-05,8.1362579171695e-06,0.00273365951846302,0.00079706660666916,0.747739327115429,0.0416847300822768,0.206942275877923,6.92607034583522e-06,5
"19861",1.40509913282151e-07,5.13389702483788e-08,5.17550158094278e-05,2.91974560724422e-07,0.00563204813699144,0.00013393788185267,0.973744227716689,0.0204375474252135,7
"19863",1.07728269317679e-10,2.41583566389644e-09,1.05804273922545e-07,0.00898364587823606,3.60007215436122e-05,2.98502733910286e-08,4.07625260517878e-06,0.990976138969504,8
"19865",1.23893441685339e-08,8.65410998082573e-08,8.83564490899213e-06,0.849270766981001,0.150658668349905,1.15156692276444e-05,4.90360022624136e-05,1.07842225119629e-06,4
"19867",2.35557127089291e-06,2.33240631339853e-06,0.000646319495492703,6.63605109638404e-09,0.00112095622771449,0.000667519887183241,0.997104887277064,0.000455622498910186,7
"19869",8.0705177921141e-10,1.23261898842473e-09,4.19924925940037e-07,6.10665024137217e-06,0.00074232926773421,1.66346069228441e-06,0.0152381028135864,0.984011375843149,8
"19871",4.70205854922317e-05,1.15880735580833e-05,0.00062979971254373,0.00168359057304132,0.879230602713503,0.0746760569687766,0.0437208390606437,5.0231244101099e-07,5
"19874",1.61592425093943e-06,7.39448534293496e-08,0.000223724830265821,0.0564986031781759,0.938027128477481,4.93166848087461e-05,0.00519839089634839,1.1460638160193e-06,5
"19876",2.91893467289548e-08,2.9711761335595e-09,4.71246648152315e-06,0.00689756505195124,0.964407529775186,2.40107325479795e-05,0.0286138018847593,5.23479285506217e-05,5
"19878",1.6853853195479e-05,0.00252221057950505,0.996684613977814,2.77582017293141e-07,1.904561552765e-05,0.000150538352977409,0.000604489884816786,1.97015414605154e-06,3
"19880",2.91526125909272e-09,1.21643362417349e-09,1.40838049705399e-07,0.890790987917306,0.109159403067046,8.14955337784313e-07,3.67352265804798e-05,1.19138639859325e-05,4
"19882",5.68516535112319e-07,1.84614785879831e-07,0.0026140244733272,4.10385794532968e-05,0.0401687349189083,5.69018137598404e-05,0.871014280319695,0.086104266763535,7
"19885",6.40197091743024e-06,8.27638602592113e-05,0.00943988028528202,2.28478632586238e-05,0.260126503907907,0.200832244194369,0.529484562950455,4.7949675522878e-06,7
"19907",5.30343081315097e-07,1.01040961690174e-06,0.00120850553549665,8.99729134337543e-08,0.00317689850153135,0.000244871116059787,0.987678450971803,0.00768964314949754,7
"19909",3.83595945225483e-06,0.0133076805682403,6.16027796062676e-06,1.10790081902127e-07,3.63769453084084e-05,0.985890266086446,0.000737753207188517,1.78161653213207e-05,6
"19911",0.00015419837127463,0.020175989277103,0.000152377521405681,0.00255582953538493,0.00394407302405611,0.97271408696672,0.000300314762408622,3.13054164669267e-06,6
"19913",4.22287555566991e-09,6.20214830978581e-09,1.57830236810915e-08,0.99906845941876,0.000931256642248125,1.01731790890054e-07,3.70814843583212e-08,1.18917668987923e-07,4
"19915",7.02028144694202e-07,2.4042021078133e-08,3.66181171343981e-05,0.00713782968471941,0.984694383562744,5.42546667375595e-05,0.00807597749591325,2.10402585456057e-07,5
"19917",5.52862500937327e-07,1.07511990847978e-06,6.02476785292851e-05,0.66644525045212,0.332768707037275,0.000291066431211886,0.000430972437346345,2.12798110734142e-06,4
"19919",7.66108193296252e-06,9.56605083471042e-07,0.00188400786870779,0.00369837791274462,0.967710608511524,0.00165963468494485,0.0250385296488454,2.23686217268505e-07,5
"19921",1.94891561453324e-06,6.46925891192903e-07,0.00104337929267663,4.62080384297825e-08,0.00874574019420193,0.00123759886640217,0.988938810066866,3.1829530309021e-05,7
"19923",0.000823630589196525,0.000461137003958916,0.877887149199879,4.72774369838558e-09,0.000106944711741045,0.00100594346375433,0.119706307044073,8.88325965409801e-06,3
"19925",5.26081768578437e-07,1.11804870985644e-07,0.000103437503732365,0.152298831258534,0.846175716084733,5.76556298968982e-05,0.00136341515548037,3.0648098387755e-07,5
"19927",5.97243591620729e-06,1.91493948402345e-07,0.000197617335787673,3.42867926395874e-06,0.176269039518281,0.00231023417635574,0.821203362476084,1.01538843635696e-05,7
"19929",1.72618543035523e-10,3.50532741071846e-09,2.88631275818532e-08,0.690897684243237,0.000995469318816653,1.45473778846949e-07,5.98087787307777e-06,0.30810068754522,4
"19931",7.80638948351474e-05,9.67396373654764e-06,0.00109106524967106,2.7916980792956e-05,0.455770686430366,0.0153323809033132,0.527689781036101,4.31541184320476e-07,7
"19933",0.000224053855074192,0.0108826382839142,0.000118491919733534,1.49766057107992e-05,0.0191794537477809,0.958468361413369,0.0111119694354688,5.47389487437588e-08,6
"19935",3.02891855831174e-06,0.00395175342965568,0.0129223447994141,8.86617352205149e-05,0.103910947882551,0.279895317818457,0.598882263428476,0.000345681987666704,7
"19937",0.000139640167654465,1.76235731395335e-06,0.00160324670497012,1.2268455547874e-07,0.0360561008468361,0.00282483775002668,0.959373728790876,5.60697766877511e-07,7
"19939",3.89642206071662e-05,1.39175900001255e-05,0.33168857470227,4.57488994795024e-05,0.283968429479812,0.00279206605945569,0.381449901235656,2.39781271971446e-06,7
"19941",1.56603286292105e-05,0.0795409392558048,9.87487382714151e-06,0.0282391675264852,0.0043399936170785,0.887533567777644,0.00019849075665344,0.000122305863878064,6
"19943",1.60424623936049e-07,2.09032371129771e-08,2.12707812222804e-06,0.920530427745671,0.0794545979773426,3.64919642678723e-06,8.93480528361102e-06,8.18692924396638e-08,4
"19945",0.000728609559363061,0.0350252323563685,0.00286312575495975,7.31568130444303e-07,0.0015397394066939,0.950322057351798,0.00952047168973764,3.231294886068e-08,6
"19947",3.38511340484756e-05,0.00304708743597748,0.000280992302896515,0.681610682806975,0.0235013645194414,0.276071164665661,0.000324613636003526,0.015130243498996,4
"19949",0.00189730033738704,0.00649588320625032,0.894036680088644,2.50530990810074e-08,0.000619700401310649,0.00927954953748034,0.0876706714321111,1.89943717249962e-07,3
"19951",5.96147216507033e-06,3.67790968343579e-05,0.0428026346792538,0.0959886940815489,0.847554843464432,0.00127177178387501,0.0123360475826724,3.26783921813023e-06,5
"19953",0.932704737401888,0.0376227782127975,0.00084029640263496,1.16778967076251e-09,2.74731172840131e-06,0.0283253892634026,0.000504042436045556,7.80371375590789e-09,1
"19955",0.0280292021879617,0.208662304280587,0.288675825627061,3.14910339549335e-07,1.93302769310746e-05,0.47324576092494,0.00135905324784592,8.20854433308597e-06,6
"19957",0.00127253973219241,9.66756955748223e-06,0.000267928422435549,0.359695741942155,0.613640090742219,0.0218169060101423,0.00328308858076336,1.40370005348516e-05,5
"19960",2.42703569119149e-05,0.214454791737419,0.00718080131296385,9.42468060129827e-05,0.000206588717813858,0.777895409703039,0.000120004836639614,2.38865291999932e-05,6
"19963",0.0202525285855339,2.45941578345317e-05,1.19782537592278e-06,0.978021442682852,0.00165556620518074,2.55968456106416e-05,3.72765543447146e-06,1.53460421771465e-05,4
"19965",9.24628610458569e-05,0.79575772093759,0.111083038575823,2.07389368351185e-09,2.28457159622825e-07,0.0928256562019592,0.000210296864573854,3.05940279548755e-05,2
"19968",1.46074142806492e-09,6.6545752958986e-05,2.55973056423229e-05,0.72962666398369,0.0497570488876253,0.00212159571616662,0.00115033724768012,0.217252209645495,4
"19971",0.00018246148192776,6.36632411247687e-05,1.08146016496162e-05,0.999590803049613,0.000140007119949293,1.21710577263746e-05,1.32376915497615e-08,6.62103181201583e-08,4
"19973",3.46903387106491e-07,6.73956394113612e-07,0.00048100106193522,0.000152115993713835,0.641962931610659,0.00318699376073478,0.354200145546128,1.57911670482056e-05,5
"19975",1.55071326050224e-08,5.58022814477158e-07,5.70170003464643e-05,0.472111483829773,0.526405647128854,0.000270559471650547,0.00113331308624412,2.14059531841794e-05,5
"19977",8.85492643673621e-06,4.65589958635289e-06,0.000467574576590386,0.99522103941502,0.00422859953391413,7.11797977174907e-06,1.13218290413303e-05,5.08358396395806e-05,4
"19979",7.34856226168836e-05,0.942024959168649,8.78031246650632e-06,2.14620338058738e-07,1.16489110067498e-07,0.0578924184928175,2.51933675573858e-08,1.0063440448843e-10,2
"19981",8.54086284969225e-06,6.24088483251341e-05,0.000425717569234364,1.30057476966363e-05,0.0522038831217335,0.58326146427591,0.363726493434852,0.00029848613939895,6
"19983",4.04004989782603e-05,0.000245127233276187,0.166476176302216,5.83040454570777e-07,0.00906664582934485,0.218000293394401,0.605993321927027,0.000177451774301588,7
"19985",5.89528002037562e-08,8.20747339288638e-09,4.62383261396513e-05,0.0591594465915223,0.935427542515187,2.44688274952471e-05,0.00533342482545369,8.81175392873662e-06,5
"19987",3.87486622414021e-05,0.000464011179694276,0.000171476611105361,0.00210686619738802,0.588574399310214,0.364068925432999,0.0445744252470544,1.14735930345012e-06,5
"19989",0.00162698020896202,0.942854057231552,8.82273456278152e-05,1.37256725831398e-10,6.59492418263475e-08,0.0554259873648902,4.68159123377356e-06,1.71235313647335e-10,2
"19993",0.000137780249828321,0.0201155082602727,0.754969813318581,0.000969281985313994,0.139436335104765,0.0659402188612639,0.0184308842612322,1.7795874285099e-07,3
"19995",0.000127955441229336,0.112806865443858,0.0449813881619784,0.000637917775157928,0.0564590939400394,0.756446842152941,0.028537462635977,2.47444881795419e-06,6
"19997",1.54430981979107e-06,1.76125171396759e-07,0.000224700500261833,0.000265882456459152,0.671545011232499,0.000663922329550613,0.327284594638679,1.41684075592245e-05,5
"19999",4.68609394014353e-08,7.56253039330381e-09,1.89814552352498e-05,0.00142726979420998,0.853509101961109,0.000143565093868493,0.144600225933963,0.000300801338145274,5
"20002",1.90387540220861e-07,2.03667342955756e-05,9.32057825762157e-08,0.659298408998927,0.000779952293130377,1.599432987083e-05,1.97646256814702e-05,0.339865229424772,4
"20004",7.61212387207234e-06,0.0146013183419422,6.85653537447369e-06,0.000258288466951683,0.00726312902192922,0.973790522340063,0.004025447304782,4.68258650853385e-05,6
"20006",0.000779902279123906,0.0891649124226769,0.470774396470911,0.000231735526214846,0.000448840480971312,0.435850675057016,0.00151077780231625,0.00123875996077021,3
"20008",0.00114755048643022,0.196214665591335,0.793538535647316,1.51916836759576e-05,0.000165335177926727,0.00609990814709171,0.00279369059957827,2.51226666453665e-05,3
"20010",0.0211828011951401,0.158122452148491,0.494879003868919,1.10027684528327e-07,0.000298974090113492,0.320694638678978,0.00482201668659272,3.30408157298437e-09,3
"20012",5.53142498786818e-08,9.78414053341271e-07,0.0020464097907284,0.194719449350108,0.775711669376024,0.000106996449227917,0.021077586607691,0.0063368546979174,5
"20015",4.04277133321684e-07,0.975011722374315,0.00147556681118475,2.88334807146116e-09,4.70015002727077e-08,0.0235096445157266,2.43433941495866e-06,1.77797377138865e-07,2
"20017",1.19148899332542e-07,4.42578845288929e-08,4.27186694851825e-05,0.000939089752552148,0.721729396084168,0.00108760414785388,0.274967412880012,0.00123361505914498,5
"20019",0.00017476908923477,0.997335302473736,0.000165709296100345,2.84124936285826e-10,5.52787258098758e-10,0.00232421414964468,4.14501073002199e-09,9.36148274763308e-12,2
"20022",0.000588275642637856,0.0852917897207168,0.00485107994895378,3.76188566367682e-08,4.18926861541404e-05,0.908827311498281,0.000399609938688857,2.94571138775684e-09,6
"20024",0.362580808225742,0.623169940141349,0.000278620975944984,8.04594185450274e-09,4.43514663180808e-08,0.0139689698201768,1.57589550015391e-06,3.25438782907791e-08,2
"20026",0.362580808225742,0.623169940141349,0.000278620975944984,8.04594185450274e-09,4.43514663180808e-08,0.0139689698201768,1.57589550015391e-06,3.25438782907791e-08,2
"20028",1.99159753378892e-07,1.06933477191422e-08,4.34487318013986e-06,0.00275942509168403,0.939119610622602,6.60867451516986e-05,0.0580287723801101,2.15504341715744e-05,5
"20030",2.37889453934975e-06,0.624994891238543,7.27931408822289e-06,6.18376380412056e-05,1.96556861248274e-05,0.374904792613558,5.64055017484239e-06,3.52406493029229e-06,2
"20033",1.04391338937765e-06,3.22297323549348e-06,7.4891793790754e-05,0.00728996200055954,0.961605736833329,0.00952015812160719,0.0214996805168497,5.30384723941957e-06,5
"20035",0.000349147800744031,0.99555293161986,0.000353502771846835,2.79185973878106e-10,1.94815589752155e-09,0.00374439571681227,1.98339120584215e-08,2.94824229135769e-11,2
"20037",3.36518877363996e-05,0.99432870343213,0.000511637940203237,5.0908239167155e-12,3.19501883054238e-10,0.00512584213792013,1.62894851838184e-07,1.38256578721716e-09,2
"20039",0.999608360224475,0.000350731590309685,3.90638476436578e-05,2.9214297601534e-12,2.6834404561928e-10,1.80343729915698e-06,4.06126375038093e-08,1.63692202035312e-11,1
"20041",0.00072689912451614,0.000341119443877956,0.980748878195833,2.08138960361001e-06,0.0005641434842314,0.0142837965237898,0.00333178460679182,1.29723135661104e-06,3
"20044",0.00514231121213088,0.00262739871104766,0.890869019347202,0.00017689257810352,0.00897228172451106,0.0858039025020571,0.00640161984201481,6.57408293279862e-06,3
"20047",0.000598579251211852,0.996326652734042,7.31411411395951e-06,9.49313467152225e-09,9.4407466407539e-10,0.00306744289209265,5.63619408567884e-10,7.71072837059189e-12,2
"20050",0.310408493960203,0.0318046786561024,0.651801064322789,8.42606598138297e-07,0.000387136152699233,0.00498215273321644,0.000615631448547552,1.19844447339464e-10,3
"20052",0.000834967039387639,0.000294191845907398,0.0187967618909995,0.0016637948772868,0.798467031461824,0.103293175810929,0.0766499708274785,1.06246187619031e-07,5
"20054",3.40906252241685e-07,0.156381201237398,0.000153858015325021,6.79930476384487e-07,7.16449465284954e-06,0.843418652640898,3.08203740628949e-05,7.28240093519186e-06,6
"20056",1.05133124455062e-06,1.25768034722498e-05,2.51910555251045e-06,0.935164149191031,0.0647079834011486,8.60928000273328e-05,2.54123191108444e-05,2.15048413189274e-07,4
"20058",0.000434954034528401,0.931022448819194,0.000192048619463019,3.41517502306615e-11,2.12062613042592e-08,0.0683430381944437,7.48609848054444e-06,2.99347773389545e-09,2
"20060",1.37591632110827e-05,1.34674324050309e-05,0.00107496248536255,6.00291243997794e-06,0.159415914828444,0.00548168395002664,0.833989317563984,4.89166412665895e-06,7
"20062",1.37835597386766e-05,0.000202197140004663,0.174147664815183,2.62435600046748e-06,0.0490478416743354,0.0224561400547291,0.754122436087846,7.31231216239817e-06,7
"20064",1.61925082602369e-05,0.0262937660911516,0.000142167783837569,5.11461935104612e-06,0.00113908000294779,0.9718164835174,0.000587181300200029,1.4176851185835e-08,6
"20066",3.89657299252799e-06,0.916980976500309,3.20201424833373e-06,4.47552034805897e-06,6.50136746961983e-07,0.0830063181787538,1.83619655298737e-07,2.97456945902333e-07,2
"20068",6.42228904932203e-07,2.06844266345531e-07,0.00255597272064313,5.07297077100109e-07,0.0209797828203554,0.000498174773209228,0.975745555205899,0.000219158109645419,7
"20070",0.000148784556762579,5.96515895472919e-07,0.00411473466618092,2.21125834075378e-07,0.016760307229828,0.000453953388184667,0.978513240520005,8.16199730890969e-06,7
"20072",1.23921454825544e-05,0.713329097026041,0.0102877257720495,2.60085928611823e-09,5.27130616718387e-07,0.271147165616858,0.00107759090951833,0.00414549879857387,2
"20074",3.26390107948961e-10,7.46143927765783e-10,3.68447171963101e-08,0.998985546556488,0.000877161695773578,2.10873010480783e-08,2.96207281008452e-07,0.000136936535905257,4
"20076",3.63941397649131e-08,0.000216536400292239,0.000246462815121438,0.521146775829452,0.0799182790667375,0.0624128317396976,0.00354451180236839,0.332514565952191,4
"20078",0.000868202109203673,0.0402185545067877,0.00139461782536192,4.38101221971703e-06,0.000843507373904252,0.954452104424595,0.00221853039775563,1.02350172573032e-07,6
"20080",0.000191138533460325,0.981303530792443,0.000187929027819137,1.16259475684646e-09,1.8061266520702e-08,0.0183173190099153,6.34068426487891e-08,5.65761594216398e-12,2
"20082",0.998068156965241,0.00165271517304142,7.52824192605558e-06,2.05989342250593e-09,1.59465646931946e-07,0.000271104622534023,3.334699306426e-07,1.78615505677974e-12,1
"20084",0.00574457908800672,0.0644378278941508,0.000338775528897815,0.00706700346875703,0.00682009336974027,0.915468665891628,0.000123007742804948,4.70160148397101e-08,6
"20087",0.000398073012721494,0.206378158582571,0.0445592815347927,2.37936479989862e-08,6.93741386935333e-05,0.716505873758344,0.0320767693217544,1.24458574754106e-05,6
"20090",0.00451838901451563,0.934778022017852,0.0521390910309101,5.75897015440625e-09,2.43668673858124e-07,0.00856317243075646,1.07606511614706e-06,1.32058776338625e-11,2
"20092",0.699082773185468,0.000725601043509223,0.0895399608505882,1.27071839100438e-09,3.19002135882079e-05,0.0235124089597344,0.186960555575432,0.000146798900961352,1
"20096",0.666116909455401,0.000220316065333544,0.0684306623296452,0.000702707433994841,0.117823910847908,0.0491810481356163,0.0975219387559094,2.50697619187618e-06,1
"20098",1.80064689630719e-06,6.15675175144763e-07,0.000108531156580059,0.00401073989291206,0.980288010040228,0.00127482446712492,0.0143150598801547,4.18240928743437e-07,5
"20101",0.00069662921364553,0.79276759408986,0.000787508440230694,4.88193791890371e-05,4.03330077094702e-05,0.205657286717129,1.82856630396888e-06,5.8593204590864e-10,2
"20104",0.0867641542669656,1.10251476959541e-06,0.000720767815498399,0.000113048282390053,0.0251690339379766,0.00161937889436785,0.642261074466516,0.243351439821516,7
"20106",2.90274703235627e-05,0.608047543376456,0.0136452777570385,1.06689254303813e-05,0.000168701238217368,0.37806494614733,3.38327683148016e-05,2.31688968479144e-09,2
"20108",8.58229690675678e-07,2.64277247449433e-06,1.46539396377371e-05,0.000745670561950911,0.752683914415616,0.00938821839548066,0.237105405365539,5.86363196110307e-05,5
"20110",0.145073144305859,0.000225045403335533,0.415134964250074,0.0109028184450734,0.407135157310369,0.0043024991198564,0.017226329299283,4.18661490622019e-08,3
"20112",0.00697956430233805,0.407417081238917,0.484222303632311,1.14371254607896e-06,0.000622251093632198,0.0987400367447627,0.00201761440745904,4.86803340560421e-09,3
"20114",0.000303063943994492,0.00987467188715551,1.26397013542812e-05,0.00496068142902102,0.0192122855428701,0.965322627762292,0.000313877920465277,1.51812847148911e-07,6
"20116",9.96652432464153e-07,0.0338438695915338,3.96005873475999e-05,0.00406661287955308,0.00174364972285284,0.960245954734965,5.06369476735558e-05,8.6788836417397e-06,6
"20118",9.30844166322525e-05,0.000322999252091311,0.000254489487110674,0.00262362004567145,0.420845002210373,0.559676228163126,0.0161842722711053,3.04153889891311e-07,6
"20120",0.0267739933270129,0.414495607515278,0.0158259572856701,0.000135911977879409,0.00397237140137007,0.538612647571957,0.000183510552161901,3.68670601599779e-10,6
"20122",8.52688480325402e-09,4.89236953002921e-08,4.44967537753153e-07,0.950481543236098,0.0494541833753893,3.88937507686048e-05,1.67322263188613e-05,8.14499330733002e-06,4
"20124",0.00126754712980644,0.819331275272244,0.00097256771216785,1.83822810578543e-10,1.67622233383268e-08,0.178423152380927,5.40021206231114e-06,4.03467455746264e-08,2
"20126",0.996879882537648,0.00209432832084805,4.94429098794804e-05,4.16043265032594e-08,2.71893293887239e-08,0.000976101490370385,1.48548451287311e-07,2.73991474634025e-08,1
"20128",0.261874526184764,0.737508761872759,0.000127130264213009,2.77805164238412e-10,7.37002427554999e-11,0.000489579204618192,1.91769233098392e-09,2.04447914506879e-10,2
"20141",0.0329686566609968,2.73895251253846e-07,8.09845758722501e-05,0.00504440173046714,0.871488860613254,0.0029039179792542,0.0874861653901903,2.67391547134036e-05,5
"20143",5.67697357523228e-10,7.9939127300177e-10,6.1875749126682e-09,0.998895165145333,0.001102641518553,3.07498972744984e-08,7.43432056181087e-08,2.08068834797881e-06,4
"20145",0.00318548057613691,0.214567513407003,0.010100279309043,2.19443337041486e-07,0.000354437166307268,0.771052396975978,0.000739672895401772,2.26793384815309e-10,6
"20147",3.92441060875759e-05,0.0934543333993803,0.000418249486025321,1.98354828821649e-07,3.56887725144043e-05,0.905990992841643,6.12907763706102e-05,2.26314971694722e-09,6
"20149",2.06689564513061e-08,5.9354227083612e-09,7.26884602371616e-07,0.939856375052807,0.0601146864005197,3.70168625581745e-06,2.00580764992363e-05,4.4252949367898e-06,4
"20151",1.04151495381562e-06,1.59457059837583e-06,0.00019755261958085,0.00158471404699007,0.955613287501476,0.00129094506115164,0.0413104060801155,4.5860513335437e-07,5
"20153",0.00311219963773228,1.93767655881428e-05,0.00150221096853763,0.0236712458621111,0.966881781922967,0.000898147905333452,0.00391503347414968,3.46358116914723e-09,5
"20155",7.18307429687507e-05,0.525028728624006,0.0878425980865837,4.71916891780256e-08,2.74401381732785e-06,0.387028689326173,2.534355660966e-05,1.84581532956419e-08,2
"20157",2.0835004223054e-06,5.30844314245853e-07,1.30992003392082e-05,0.0145000456060376,0.978586402744451,0.000243580683583145,0.00665399510498517,2.62315867465939e-07,5
"20160",2.0899154267281e-09,2.23385609978804e-09,1.29733113823084e-08,0.997546812421811,0.00245261587405225,1.01751176166733e-07,1.26671502530725e-07,3.25984375179355e-07,4
"20162",9.86225477569396e-09,2.54041949224494e-09,4.27019064044078e-07,0.72637268056421,0.273500901661617,2.36179826844955e-06,0.000117534240781293,6.0823133852526e-06,4
"20164",1.03229858072871e-05,3.58903339334318e-06,0.00126880593592681,0.307688303672273,0.688582889014506,0.000171993670617823,0.00227293338953547,1.16229794015764e-06,5
"20166",1.04851954499262e-06,0.924238695162479,6.95165158111601e-05,0.000998501026415773,2.03137605632289e-05,0.0745632556373487,3.27857178762024e-06,0.000105390806049768,2
"20168",3.05869576695531e-08,0.000507958853338636,2.25895538525492e-06,0.0010960928322616,1.85548745153438e-06,0.000142381706200503,2.25651186591986e-06,0.998247165066539,8
"20170",9.55330591896306e-06,2.88287527180858e-07,4.8925291193899e-05,0.00678415618013241,0.981932913981337,0.00206736066753731,0.00915665030099285,1.51985360403876e-07,5
"20172",0.000562053945241855,0.110175591943107,0.00133626428219472,4.44411056410788e-10,5.52360785049896e-06,0.887306600095183,0.000613962181071461,3.50094068440577e-09,6
"20174",1.06185862476629e-08,1.62902539675517e-08,1.00427988806787e-05,0.0201958884216158,0.776497284112104,0.000119098979477151,0.110493793116085,0.0926838656629974,5
"20176",2.64984636366673e-09,1.19557369834565e-05,2.39905444338817e-06,1.22786136082828e-06,1.18622260347206e-06,2.96623948239885e-05,6.48328453021555e-05,0.999888733234636,8
"20178",3.59996001660050e-09,2.80697567828282e-09,1.51826725293699e-08,0.998703233238484,0.00129650684134963,6.54831382956963e-08,4.65803799091541e-08,1.2626703976975e-07,4
"20181",3.01936212453941e-06,0.618478977666981,2.11034250532368e-05,0.00512024646285736,0.000165966827257517,0.376208217016106,1.78173868754316e-06,6.87500932394683e-07,2
"20183",0.000854849489877935,3.33147840104757e-05,0.00242499845670284,7.0011286469128e-08,0.0176162613700953,0.0501984518333203,0.928871381072538,6.72982168748284e-07,7
"20186",0.00049279002244488,0.000101033239020236,0.00401343452157042,2.28752753097275e-10,0.000109120699674676,0.00962334456873072,0.985515891191736,0.000144385528070216,7
"20188",1.07953956380669e-08,4.10033973837733e-09,1.2873065635858e-07,0.977063046583811,0.0229335432132126,2.53763987230934e-07,2.67577892005118e-06,3.37033677167908e-07,4
"20190",4.2832869551965e-06,0.914277445787473,0.000169763313544646,3.01671669725309e-08,6.13912181435994e-07,0.0855455240106493,2.3339599387094e-06,5.56209090138443e-09,2
"20193",4.16267240068089e-08,0.000227778198818377,4.82583383905562e-05,0.991965910701251,0.000376380917199894,1.79645814676342e-05,2.70858017955855e-06,0.00736095705596867,4
"20195",5.54671809350761e-06,3.60196533346059e-05,0.00300835933216967,0.0876918176525647,0.902454425224311,0.00164905202692257,0.00515416050734116,6.18885262429035e-07,5
"20197",0.000238520730806094,0.292907831624185,0.0244691880025891,2.28328676748342e-09,7.29083655966886e-06,0.681715578678638,0.00066156937320421,1.8470731024445e-08,6
"20199",2.09154144764223e-06,2.04765172660118e-08,3.77817324750826e-05,0.123131048324281,0.87542667169861,3.20999517001508e-05,0.00136998452249319,3.017524755052e-07,5
"20205",0.999375909645888,3.82442767409264e-05,0.000572053463523453,7.3668741903896e-11,9.02471889068704e-08,1.07395657137304e-05,2.96271727819355e-06,9.99856530635434e-12,1
"20208",5.12734217986204e-06,2.55944936937461e-05,0.00223202696808463,0.000621612040703306,0.776641652163515,0.0167799091761172,0.203681751902512,1.23259131944801e-05,5
"20210",4.64551373483576e-08,8.61727331656297e-09,2.04208503621462e-06,0.393704923216099,0.605916049286829,8.6607827867228e-06,0.000366474988380987,1.79456845781509e-06,5
"20212",1.11852441314443e-06,1.49181188415937e-06,0.000166843667098328,0.0912288886740101,0.905167731558781,0.000269476536273471,0.00316323382986809,1.21539767189016e-06,5
"20216",1.71146136043657e-05,0.107995428390995,0.000110047267579424,4.28499873317423e-06,0.000135069503070968,0.891673814261483,6.41931382368089e-05,4.78262969956719e-08,6
"20219",0.740890090132325,0.0846537933004925,0.0163939244983862,4.46788227493647e-06,0.000545001769758617,0.156972014426357,0.000540707433276078,5.57128869872214e-10,1
"20223",1.46971374616089e-05,0.99664390559612,0.000910380803404313,3.2943629163915e-11,3.47530767802025e-10,0.00214378073268863,3.04447398874522e-06,0.000284190875862303,2
"20226",0.000130087476954802,0.000308105314867737,0.982744292033823,4.94011275782817e-06,0.00564672751474299,0.0017048364115765,0.00946098604393694,2.50913397494009e-08,3
"20230",1.72331114331266e-05,0.968468329288695,4.44820461189811e-05,1.9354168045762e-09,6.18929470319209e-08,0.031468972173009,9.16865195419126e-07,2.68718443680119e-09,2
"20233",0.999376620163509,5.39972437539408e-08,5.76643626528073e-05,6.10667980712102e-07,0.000117443651030878,7.29893750735922e-07,0.000446815617210804,6.16466216794758e-08,1
"20235",0.0203501655651526,0.779640022015142,0.0979647041254145,3.66522924885705e-10,8.56159370834717e-08,0.101601264077689,0.000369948569425305,7.3809664716637e-05,2
"20239",0.000332490396465491,0.269126226716047,0.170110951571587,1.51936007788663e-07,2.27426522015058e-05,0.543970358748022,0.0145533717813696,0.00188370619829999,6
"20254",0.995729358855783,0.00405751014454757,5.33754468427246e-05,1.7002984758853e-10,1.45867240391495e-08,0.000159659460411907,8.1335347597571e-08,3.13129801561471e-13,1
"20256",0.000145017593316985,0.34317062849134,0.00027047085956047,2.53021719640292e-10,7.2586108122084e-08,0.65639589025148,1.78195406078353e-05,1.00424564984324e-07,6
"20262",5.38236544482062e-07,1.71090146127338e-07,1.44910159263482e-05,0.0196422815033261,0.976301940041223,0.000472996995418946,0.00356738145654942,1.99660865471023e-07,5
"20270",1.00942281541439e-05,0.753282639921434,0.000355816375213539,0.00175239512259845,0.00482173724267846,0.232333506160144,0.00539773772081691,0.00204607322896005,2
"20284",0.521244271670305,0.000676967312714436,0.0303220574122306,2.60037706142029e-07,0.0144914828047143,0.0113552410963896,0.421909673743679,4.592226165376e-08,1
"20287",5.00060554934016e-06,0.998213554319701,0.000497750688553402,2.61571262319494e-11,1.34797455291526e-10,0.00128365973323308,2.87925483952869e-08,5.69946034065275e-09,2
"20290",0.994842724815446,0.000325750072809225,0.00406327828999702,6.61676968759444e-07,0.000330578206671667,0.000294975112575147,0.000142031801861547,2.36706895011937e-11,1
"20293",0.000251053043185846,0.00457416756678859,6.71834493300359e-05,3.71345981462807e-08,0.000110690884934787,0.993900069523666,0.00109677389230913,2.45051875723314e-08,6
"20296",3.57534355028919e-08,0.000165478477380763,0.000324229400362375,0.257896698117528,0.629959641182951,0.0645634213841003,0.0333677229997717,0.0137227726844699,5
"20301",7.86262475086619e-06,0.999579396601082,0.000182406554503705,1.46046011810522e-06,6.32138181936574e-09,0.000228865248049916,9.82353716731777e-10,1.20776027078649e-09,2
"20304",0.998084663013071,0.000659101373578743,3.20191258976293e-06,2.79221187584312e-09,3.07840408439607e-07,0.00125209840320968,6.24659179864258e-07,5.75048818787956e-12,1
"20306",0.000702091444698652,0.965640502067779,0.000119835221223505,2.99504140536486e-11,1.26991360589785e-08,0.0335322939356175,5.26178594525456e-06,2.815649455776e-09,2
"20309",0.00208873861398928,0.0264358469516917,0.153704303063663,2.74023709693701e-06,0.0135816676637686,0.755930251677602,0.0482562260222384,2.25769949621919e-07,6
"20311",0.00049079946054753,0.203242637031777,0.000626609531316625,6.77939657948623e-05,0.000503076926773875,0.794733690634479,0.00033501753861987,3.74910691289168e-07,6
"20314",2.66859340448599e-05,1.80616560184176e-05,0.00050285250480614,0.000568735202512537,0.919339756193643,0.0205640942611998,0.058979738410729,7.58370459864222e-08,5
"20318",1.02558740071315e-08,6.81835939946931e-07,2.41620809724471e-08,0.997899203206998,0.00209534356237886,2.0201542065562e-06,4.56758944204343e-07,2.26006357770896e-06,4
"20320",0.00185437874343972,6.7877900516718e-05,0.596793637950665,7.74417413236886e-05,0.114172102086784,0.00142583613431533,0.285604502704401,4.22273855454991e-06,3
"20326",5.89550741066699e-05,2.13389963217844e-05,0.000178253135752341,0.00147745981652609,0.933523565207908,0.0239743103758612,0.0407659490886766,1.68304847419577e-07,5
"20328",0.00107868427573289,1.69150078234457e-05,0.066836300988187,7.10989084252253e-08,0.0120787359877901,0.00232316187459468,0.917665338771764,7.91995199787811e-07,7
"20330",0.00164799716052609,0.0767738477628849,0.906611329777128,5.40733805203358e-08,2.69597650857823e-06,0.0148307853484042,0.000133130733353842,1.59167814220165e-07,3
"20336",0.976818649115329,0.000339288475282669,0.000832472505075582,4.0566903857898e-09,0.000174854586078931,0.0166013657825732,0.00523336493131263,5.47658002714692e-10,1
"20338",0.980769299489759,0.00128635437856716,0.00355765282904774,8.32173776479312e-06,0.000186409673998698,0.0141556408359894,3.63205825967695e-05,4.72276456993619e-10,1
"20340",0.000123326517177187,0.95276804518289,9.97124808921549e-05,2.40914454219503e-09,1.41532507223854e-08,0.0470086107844507,2.78292583939069e-07,1.01796104605908e-08,2
"20342",0.979550933506513,0.000680742399917389,0.0194834089591327,0.000185550356022483,2.14276086378435e-05,9.43523086866782e-06,4.87781128029192e-05,1.97238261045972e-05,1
"20344",0.000475780679978572,0.490202615452538,0.000230184105863499,1.43955895741769e-08,1.85354911393609e-05,0.508357349792316,0.000715446860556989,7.32220182458705e-08,6
"20349",8.1256150724286e-05,0.797868458163598,2.70777236518502e-05,1.58998735642314e-10,5.35264109067821e-08,0.202009259299274,1.38589343752842e-05,3.60429667003195e-08,2
"20351",0.00230589148154504,0.00821729313860527,0.00191810723893078,8.03552780878537e-06,0.00112819121560904,0.985859998694108,0.000562436130483912,4.65729092767634e-08,6
"20353",0.00970366894153614,0.1610496554648,0.812631695901682,7.93971207384023e-10,6.97847390462494e-07,0.0165512069887471,6.30727474674498e-05,1.31440518088403e-09,3
"20357",0.997614083619443,0.00066713050505803,0.00168880567440458,4.19744343285069e-12,1.13064422070923e-08,2.63821158483782e-05,3.5867635901852e-06,1.10158262545601e-11,1
"20360",0.251960138057311,0.00558413436747014,0.741837438487784,1.65559687823569e-07,7.98934996787272e-07,0.000312601891298453,0.000145515455465059,0.000159207245986509,3
"20364",0.00160250598218088,0.164241021935958,0.451966610122431,2.51977063502761e-07,0.00125917645079773,0.373301852519801,0.00762857619406686,4.81770198116057e-09,3
"20366",0.997524046739668,2.20612739061229e-05,0.000259743645912612,1.43728648650059e-07,0.000260996673517086,0.00150349048110512,0.000429516959931697,4.97310407857645e-10,1
"20381",5.27795259241081e-08,1.01186651933254e-08,1.00089069065933e-06,0.00800204857041198,0.00214103990736158,5.26713032225485e-06,0.00103957385890224,0.98881100674412,8
"20391",0.0136412821628361,0.0365891759646982,0.162064229588664,9.3425301410323e-10,8.22209207415196e-06,0.105791516670498,0.548111443915617,0.133794128671359,7
"20394",1.11823720491772e-06,9.26563437097119e-07,0.00674144407172362,2.5199618429318e-05,0.084286344926948,0.00152414845104102,0.906663891633496,0.000756926497719518,7
"20396",7.03288376473316e-09,4.02753215533923e-09,1.76555299352364e-05,0.00129053080751178,0.110766770535257,1.27140301520279e-05,0.206133788056465,0.681778529980263,8
"20409",0.000415284033570314,0.0317328667581675,8.0092296454666e-05,0.0223772563098428,0.193717768558554,0.746377397171247,0.00529819339413535,1.14147802854663e-06,6
"20411",0.135697859435065,0.476930965150469,0.035458245040952,5.44574497301963e-11,3.99013322388168e-07,0.351692319777315,0.000220209755193833,1.7732247559713e-09,2
"20416",0.837455469252412,0.162088769606015,0.000181911100390539,2.55919841920828e-12,4.13357140337913e-11,0.000273839889619013,1.00825213917653e-08,2.51470692601381e-11,1
"20418",3.36467502868383e-09,3.21664717119211e-09,2.1469326600766e-06,0.00935810003208352,0.185888619541293,1.20039953333978e-05,0.070088160685308,0.734650962232,8
"20420",0.994957018805248,2.41074603388043e-07,0.000303092040355133,4.61014122228424e-06,0.00240650442749176,5.10678151650906e-05,0.00227739046568164,7.52302329686773e-08,1
"20422",7.2312414471011e-05,0.920142150666299,0.0468861754517036,5.46285982086882e-06,4.00984239200986e-05,0.0328315593760481,2.22337175835737e-05,7.0901534060223e-09,2
"20424",0.0380581850752374,0.556770438146724,0.145797378698997,2.43642561851738e-10,5.27483829373982e-07,0.259284958661953,8.85109158893932e-05,7.73726983171149e-10,2
"20426",0.999926113110826,1.60356141909651e-06,3.4583908672077e-05,2.60268386752716e-05,1.12946498351805e-05,1.64716025733106e-07,2.13164039254708e-07,5.05077696524214e-11,1
"20428",2.50872842214597e-06,0.0209026431974665,0.0335633747928102,2.41812491426522e-07,0.000140100374337671,0.930632742194625,0.0142957459657177,0.000462642934129414,6
"20431",0.00228143461522057,0.00199275253810244,0.26807823272863,0.00519779361511712,0.670002570775588,0.0119262997801772,0.0405206794545577,2.36492606210943e-07,5
"20433",9.38820949790312e-07,0.99530902097257,0.000104574039139065,9.48517410334029e-10,1.08224777797316e-09,0.00455351486056108,5.059046206178e-07,3.14433713945472e-05,2
"20436",1.94081107912598e-08,0.00086810555561342,9.35284829514042e-06,2.99478788599244e-06,4.96100487354839e-07,0.00142917440610253,1.78105850342318e-05,0.99767204630847,8
"20439",9.70146687443051e-09,1.34085738680722e-08,1.05434980634945e-05,0.0261726198490544,0.647775044965403,5.17666514377061e-05,0.152206329038053,0.173783672887948,5
"20441",0.983405974372667,0.000130373786974321,0.0162778165945097,5.82521426871241e-09,1.5283826388546e-06,0.000177320247047592,6.98075362132243e-06,3.73270940883571e-11,1
"20444",2.20483312686265e-09,1.25002318625851e-09,3.41291329745924e-08,0.98833830399329,0.0116594279031524,1.75639122287416e-07,1.07002198193383e-06,9.84858463704998e-07,4
"20448",0.000906308143946928,0.000228749895239678,4.08804399183906e-05,0.0146334579998748,0.877425270929476,0.0448812882672621,0.0618300838196099,5.39605046727152e-05,5
"20536",1.42833387223849e-07,9.63550004122707e-07,0.000746619310971679,1.96364050347222e-07,0.00121458543465603,0.0011898184019162,0.65127291057146,0.345574763533554,7
"20538",0.544953083316874,0.00466864068088762,5.39404058701291e-05,1.49161669250703e-08,0.000138928528166533,0.434805258444535,0.0153794498011674,6.83906332321302e-07,1
"20541",0.0188272076036562,0.963998368504959,0.00273899323002372,1.60475814977152e-10,1.42576471410326e-08,0.0144350229696093,3.93268135036783e-07,5.49428682285715e-12,2
