"","V1","V2","V3","V4","V5","V6","V7","V8","V9","V10","best$classification"
"19811",0.000378883472159884,0.00292419419470463,4.07017763195347e-10,2.44032026303004e-07,0.000360219729927903,0.0618557103978932,0.934463914770097,4.25177341111877e-09,1.99551050876981e-09,1.68267488894781e-05,7
"19813",8.50633784405834e-09,3.66065573166386e-07,1.56154648294032e-12,6.6012294319457e-09,5.88021016483924e-07,0.99999468420725,4.29703468531995e-06,3.67411896381818e-09,1.66242340397668e-08,2.92639933716839e-08,6
"19815",4.30508426350136e-06,0.0594294372738695,3.41463632330721e-05,9.63140997051532e-05,0.00722875405691507,1.23317671969409e-06,0.931659908893224,4.76206157801744e-09,1.37152303656449e-09,0.00154589491848547,7
"19817",0.00031381594185257,0.00751722683694631,2.28860483532829e-07,1.40743003145516e-06,0.00355043232600723,5.1870705929885e-06,0.988519495340599,1.21563021974653e-09,4.00010473183354e-11,9.22049378554193e-05,7
"19819",3.3637198218548e-08,9.12335650890306e-06,0.731619703458234,0.207481649394236,0.0512196823314784,2.01107280059104e-11,1.45276247263642e-06,0.00961559426390356,3.17577485322281e-06,4.95850010040492e-05,3
"19821",0.0129561264213316,0.000686710012126425,5.28252459788359e-09,2.24692331912969e-05,0.00442513371674392,0.0172282307774812,0.964679967066375,7.81437245597875e-07,1.04882596300105e-09,5.75004154827384e-07,7
"19823",3.56964579838765e-05,0.000575530214014971,0.00107243850451283,3.18091072721818e-06,0.00140743043356444,6.96757879429072e-07,0.340204676928518,1.76703019738275e-08,1.27770789055129e-09,0.65670033084479,10
"19825",0.400566500002509,0.0011150302915965,3.33293378727664e-05,0.00695912781056081,0.0043963197831125,0.000992282234271807,0.000300946489874187,0.552103368121032,0.0335312352077921,1.86072137919971e-06,8
"19827",0.352980216884262,7.56114698101224e-05,3.60453760105358e-06,2.24159534546806e-06,0.00351163792693326,2.28713975230234e-07,0.643217826335769,1.71745663762711e-06,2.37440037517295e-10,0.000206914842225909,7
"19829",0.0028355906611984,0.000118207556224999,8.93045770897577e-05,0.055363190024549,0.895595145546696,6.90489226340893e-07,0.000187283540827817,0.045810217144474,3.21326430116498e-07,4.91332834629474e-08,5
"19831",5.6911173512424e-08,4.07368460442236e-05,0.111209884753984,0.0804738569053295,0.774450595587242,1.34940207364609e-07,1.25315848970284e-05,0.030963987990673,2.38998488973325e-05,0.0028243146315524,5
"19833",4.34256813366251e-07,2.81387333407038e-05,0.00448333837754245,6.85287234561768e-08,2.22455748653779e-08,1.94185108710407e-08,5.37833593525761e-09,7.08489586226829e-07,0.971776294372046,0.0237109701995265,9
"19835",0.0129561264213316,0.000686710012126425,5.28252459788359e-09,2.24692331912969e-05,0.00442513371674392,0.0172282307774812,0.964679967066375,7.81437245597875e-07,1.04882596300105e-09,5.75004154827384e-07,7
"19837",0.0190542134892917,0.000128418976838295,3.215291477935e-07,6.35946418773839e-06,0.0226987019895622,2.11361724973186e-06,0.958093625437514,3.07674757485062e-07,1.01903996720983e-11,1.59378112602127e-05,7
"19839",0.00328702090933637,0.000220162719873691,1.28920309074718e-06,0.0117392120421372,0.137367400579325,0.000147059579204057,0.000162501585942899,0.846935669465648,0.000139602692031245,8.12234102029662e-08,8
"19841",0.997695303927746,1.48272266220896e-08,8.31920107338806e-10,9.81174757192424e-08,1.19904454249573e-06,1.19485889924278e-05,3.9368918565216e-06,0.00228729302828696,2.04122529841986e-07,6.19423462080517e-10,1
"19843",3.16362220919135e-09,0.00180401858470797,1.53376490935998e-05,0.843180888203126,0.021123554221424,0.00902891833616998,1.36551773401518e-06,0.0453575777943342,0.0794881246275564,2.1190223102941e-07,4
"19845",2.43624684005092e-06,0.000111977849146251,5.14966436829711e-11,1.87490653387549e-08,4.90212454970976e-06,0.973093679137044,0.0267789888521372,2.01722607116359e-10,1.71096918056494e-09,7.99507702855672e-06,6
"19847",5.62659102219495e-06,0.0626479843207388,2.34708343645522e-06,0.000374654236094596,0.046174817688267,0.0109431095404432,0.879102022857179,4.05530168385995e-07,2.09028172386801e-08,0.000749011249833456,7
"19849",2.08854911333406e-08,7.89265407156101e-08,2.69905894562572e-13,4.6067065194405e-10,4.72445760487667e-08,0.999986419347622,1.33984801366525e-05,4.70304514773312e-10,9.52628509052467e-10,3.32317595913204e-08,6
"19851",1.14135249331606e-05,0.00220146335671212,1.34376323165105e-07,5.4365646410457e-07,0.000481644215344065,1.5360370216681e-05,0.996972376465893,1.50015488753394e-10,1.52726163865815e-11,0.000317063868825219,7
"19853",0.000151265429257534,0.000179277271077294,5.60568661267786e-08,2.38675464857832e-09,8.46155833542194e-06,0.0159239742442378,0.891117470985377,3.40677172641248e-11,5.05193780521145e-10,0.0926194915288329,7
"19855",0.00192178817230276,0.000301275712343109,9.34519314983216e-09,1.12066651057568e-08,0.000222425194375037,0.000933809431012348,0.996170755565481,1.13362156071963e-10,1.52224507325041e-11,0.000449925244042917,7
"19857",0.0134058578536217,0.0140838587393563,3.40863291310509e-08,0.000138063145035233,0.303149551245547,0.0217660479329714,0.647448996020355,3.99797499200963e-06,2.75543622669235e-08,3.5654474308683e-06,7
"19859",0.0094700712963227,0.0061541039046554,3.54521426081828e-06,9.49706158232908e-06,0.0493439386167412,1.03523145577647e-05,0.934399419116548,3.53886134377405e-07,9.70747529660093e-10,0.000608717618449377,7
"19861",1.19267981994123e-05,0.00111750082764579,1.71061322638879e-09,3.09077563900979e-07,0.000281531705849074,0.209413636253637,0.789036474307967,1.72905597540209e-09,4.83076818447261e-10,0.000138617106391863,7
"19863",0.00561988832580917,1.93214119612767e-07,9.34158197965173e-13,3.54619615118081e-10,2.98516648634038e-08,0.994365737296405,1.0992308614464e-05,1.65149260893957e-06,1.49241723729773e-06,1.47379865041086e-08,6
"19865",0.998764508368127,2.45122912364212e-06,3.62141944822972e-10,9.95135034523614e-09,3.43531864614762e-06,3.75107173340685e-07,0.00122891027857179,3.00698063319483e-07,5.58204822783325e-10,8.12859752111859e-09,1
"19867",7.46261056572778e-07,0.0269718262696511,3.33574349175346e-07,5.87085943496584e-05,0.00240147206379624,0.00969118971944307,0.960576637223454,7.80850431524097e-09,2.9419069419531e-09,0.000299075543489263,7
"19869",9.77872780673734e-06,7.20766409445063e-07,5.72202359223808e-13,3.72044865099581e-10,4.17894087132842e-07,0.997341029200063,0.00264780421059086,2.13688477326415e-10,5.94544054428590e-11,2.48555282916254e-07,6
"19871",0.0338110387014189,0.0015701474399335,6.42912216906386e-06,2.567046589559e-05,0.158031809842538,1.34451189134834e-06,0.806398308853183,6.08719224757086e-07,2.83554962451401e-10,0.000154642060190762,7
"19874",0.800262831072615,0.000562816696509336,7.42157125286559e-08,5.83629708594343e-08,6.92182873842565e-05,2.22340063944555e-06,0.199070438799057,9.60650548763627e-08,2.23106009421111e-09,3.22408689967583e-05,1
"19876",0.177703999008849,2.50738573425965e-05,4.17398968822261e-10,4.69050398552886e-09,3.93834246505011e-05,0.000244322691475139,0.821980540615466,2.70196828737531e-09,8.83764372727275e-12,6.6725835083252e-06,7
"19878",6.97437841363158e-07,0.993859506152421,1.23806393742323e-05,0.00337033458769402,5.88396010188919e-05,1.5181680890801e-06,0.000152055926928404,3.04542221867922e-06,0.00254109352265593,5.28541758834204e-07,2
"19880",0.999099696678408,5.25994737555434e-08,1.68674688534948e-11,9.36901205251385e-11,2.68232675700991e-07,4.76589361675131e-06,0.000895164715973186,2.45215771812203e-08,3.28051718255797e-11,2.72149130043408e-08,1
"19882",0.000496832707892941,0.0124226170456161,3.80570245167568e-09,3.76481596042262e-07,4.74230130054941e-05,0.350623850378818,0.636285227218266,2.18969871744693e-09,1.60332086238955e-07,0.000123506827318043,7
"19885",0.000273597902526019,0.0158429376046663,5.12626782127944e-07,0.000182693640509148,0.121866513632704,7.67176007660221e-06,0.861820458445642,1.00437354002397e-07,1.90045274975946e-10,5.51375969408449e-06,7
"19907",5.36813201508133e-06,0.0240543496247842,3.87013232698088e-08,1.49187643874209e-05,0.000511489044784623,0.110693547701645,0.864661575329999,2.39456691643673e-09,5.79087873660427e-09,5.87045156155052e-05,7
"19909",2.74799210344157e-07,1.00406674487298e-05,3.35560136187315e-06,0.0255959437315149,0.973422110713267,2.30027682130628e-05,0.000423023778834084,0.000522082660089843,1.51327157263293e-09,1.63766788476938e-07,5
"19911",0.00238004824780893,7.3711493315252e-05,5.65565848612488e-05,0.00757963331733301,0.970822072340234,1.63540311542551e-06,0.00106008590838284,0.0180184474246109,1.75528598638057e-06,6.05399435149335e-06,5
"19913",0.999988944781917,7.97222145747203e-09,4.32042002940356e-10,6.0474517644085e-10,1.16145594725058e-07,6.58756279052476e-08,4.9066335577677e-06,5.94292413056459e-06,7.8757828161819e-09,6.7543807642007e-09,1
"19915",0.330037663540596,0.000202108130657734,5.67287426609999e-08,6.05451339054554e-08,0.000143693188329007,1.15123406063247e-06,0.669584937916236,1.22149651373683e-08,7.1843464263737e-11,3.03164294351051e-05,7
"19917",0.992955340353903,2.67448313877415e-05,1.394791790435e-08,1.32990075157367e-07,0.000139508415692176,8.20804095662137e-07,0.00687040684583009,6.15163768996354e-06,1.50925812196785e-08,8.65080827661459e-07,1
"19919",0.12688881411651,0.00772197415434808,1.07613070978811e-06,2.36938375436713e-06,0.00399878039882382,7.99086208931524e-07,0.861306977788049,1.2560452875718e-07,1.54254148965693e-09,7.90817945254034e-05,7
"19921",2.90736823880811e-06,0.0132505983688641,9.17412681873652e-08,6.2028819573397e-06,0.00208407484976916,0.000265205786186598,0.984274068896563,6.21682580115079e-10,1.87558820121254e-10,0.000116849297911242,7
"19923",1.66266872483883e-08,0.995354892790387,4.49415282871322e-05,0.000453856183987594,0.000193473385330465,4.73173400112749e-06,0.00366775511965623,2.4195904328577e-08,1.7239557994336e-05,0.000263068877765395,2
"19925",0.950898120113895,0.000100387361085451,1.91525495446209e-08,4.59956678298212e-08,4.45521601536521e-05,3.22822509769398e-07,0.0489540762820257,9.61814254473242e-08,1.25041892015278e-09,2.3786802689388e-06,1
"19927",6.48482181822658e-05,0.000544156628284724,6.10291353882685e-08,3.18054514340833e-07,0.00131860831845763,1.99402709815918e-05,0.997896338092325,3.36095541081409e-10,3.84305657381936e-12,0.000155729048180112,7
"19929",0.599026720388083,5.28984121038381e-08,2.01456306803839e-12,5.16673737772487e-10,2.04891960812005e-07,0.400868644452514,9.09995429076205e-05,1.30771575519785e-05,2.75622060785985e-07,2.4527821267122e-08,1
"19931",0.000335808529856007,0.00189848415716119,2.25227688755723e-06,1.00202168337826e-05,0.00661725397953141,4.84388706891431e-07,0.990943891786015,3.70200182220243e-08,6.65019826728205e-11,0.000191767578488478,7
"19933",0.000134031696955357,0.000213055819382735,0.000258314169204025,0.0243561865318464,0.916813458996607,8.87006070995541e-08,0.057977162556153,0.000238153900639267,7.05684816295794e-10,9.54692292064819e-06,5
"19935",0.000645344772317298,0.0307340259436714,5.29011428102699e-07,0.00959073525416526,0.176400573110024,0.000771109208577415,0.781818732901398,3.72801243931e-05,1.11078040578061e-07,1.55859598521531e-06,7
"19937",4.87036415118274e-06,0.00772204066126918,5.51826956995266e-06,7.20029628431207e-06,0.00236294756283857,1.82751223611949e-06,0.98834313797117,5.57250624092948e-10,6.33277576788735e-11,0.0015524567419018,7
"19939",0.000622863055578912,0.395683945037639,2.79532066305406e-06,2.53287543852953e-05,0.00113839508035729,3.09330140076841e-06,0.602486505327142,3.17763135057524e-09,1.19363486819016e-08,3.70590088539796e-05,7
"19941",0.00511115253054361,1.99466071657356e-06,2.51338659041096e-06,0.00657789059050469,0.255699122734366,2.06319336423955e-05,0.000313519976219434,0.732271817735458,1.15444273898763e-06,2.02009220584953e-07,8
"19943",0.999665255332118,4.80627486017489e-07,4.03117590310546e-09,1.59312139101366e-09,1.3328973979454e-06,2.18583679821355e-08,0.000332625964586912,1.45396685286787e-07,4.06365448796756e-10,1.31892695237917e-07,1
"19945",4.96209266971004e-06,0.00551127338032239,0.000725257459561755,0.0680360309305452,0.913296763819715,3.82515004670086e-08,0.0120575468476271,0.000337195767560369,9.79172385668134e-08,3.08335332598497e-05,5
"19947",0.514287780481992,0.000143499476499403,1.04746291548809e-05,0.0011194342595239,0.445351547145411,0.0104062994028783,0.00255116610773197,0.0261123052043023,1.00996094428473e-05,7.39368306392453e-06,1
"19949",1.39038342054264e-07,0.975197144586618,0.000590182450122487,0.0105833586816917,0.0021135641099102,1.25897128958126e-07,0.0114461824754129,3.24340737573369e-07,2.32994871047473e-06,6.66484713255584e-05,2
"19951",0.732012360894897,0.0572108995564109,1.01512765265745e-06,3.08371958856026e-05,0.00114613315278333,4.45511079339764e-06,0.209577157553498,7.75168441269596e-06,2.52690589844654e-06,6.86281776796523e-06,1
"19953",4.67068152306096e-09,0.00120415234708266,0.871978719187574,0.0658627120607882,0.0291040059507686,8.14137171523044e-09,0.000112410359475589,3.66425815660392e-05,4.0834840361802e-05,0.0316605098603297,3
"19955",4.54307165161757e-07,0.293937505960145,0.0204083789568143,0.168240518068508,0.508045961691472,3.86927129282638e-06,0.000192472081679574,0.00267129954429051,0.00533953398065659,0.00116000613797664,5
"19957",0.918525141840266,0.000196673985136077,4.15910391834336e-05,2.21083134642567e-06,0.0322937923959105,8.26288139919323e-06,0.0430485615128748,3.32824342329105e-05,1.00223528837173e-07,0.00585038285612149,1
"19960",0.00010091536541802,0.00303942137533666,7.1337232367078e-05,0.270441688034894,0.721456560119405,1.78234846236362e-05,0.000192709795050291,0.00466076616654764,1.86968962858909e-05,8.1530072421391e-08,5
"19963",0.847079124517236,1.19860426024192e-06,0.00254087059192234,1.95007655931477e-06,5.81982429764394e-05,8.16568178821639e-06,0.000100409537556678,0.0628290344880602,0.00356318625322736,0.0838178620064135,1
"19965",1.58507291040402e-09,0.0668292473753006,0.000154948040604682,0.889469116458267,0.0376486977258378,1.32889640260882e-05,6.40999783434806e-06,0.000581216364552811,0.00529671530256548,3.58185937974307e-07,4
"19968",0.735743107083492,2.8307736170408e-05,1.52117037879822e-10,2.85005666467407e-05,0.00145760617972335,0.251581190402377,0.00920028015181257,0.00196085291680724,1.53314454174466e-07,1.49639876713262e-09,1
"19971",0.977637536784107,4.76284078949201e-06,0.000736298929185238,1.33332097833283e-05,3.73453619137489e-05,3.80708612750353e-08,1.81828035178013e-06,0.0203968160091501,0.00116405449823468,7.99601562372755e-06,1
"19973",0.00186406137196156,0.000908600114795487,6.04686925068909e-09,8.74813398131302e-07,0.00158232870029299,2.70641636880623e-05,0.995614133627769,4.73768826859204e-09,2.01174984689178e-11,2.92640342023535e-06,7
"19975",0.981172333180065,3.48522915718891e-05,4.67595376368541e-10,1.3301978971752e-07,0.000124272474075803,1.31379359103073e-05,0.0186537417680222,1.50133208397142e-06,8.44453313754317e-10,2.66864322668908e-08,1
"19977",0.998224249796517,0.000353040852732976,1.16937756955309e-06,6.29830921036983e-07,8.19481890786626e-06,2.43661482629399e-05,0.000180939562214486,0.0004920913782592,0.000701360800519188,1.39574340962975e-05,1
"19979",1.39324404041179e-07,3.032563430564e-06,0.00371547620585407,0.712387925996416,0.0560924783897144,3.57225125292764e-11,7.38336617627099e-08,0.227799048542637,1.82110042724104e-06,4.00773257094385e-09,4
"19981",0.000108655586474704,0.00110670458261558,3.53061171534964e-07,0.000113304986304099,0.642902149232956,0.000559549358228642,0.355163913527105,9.18967497189266e-07,3.10929787380827e-10,4.44503867167818e-05,5
"19983",7.948932532664e-06,0.490652265457363,4.53910541660429e-06,0.0011419876793742,0.259970624819618,0.000458875625519838,0.247681684526535,8.30099606953365e-08,5.49120552670372e-08,8.19359316245616e-05,2
"19985",0.806384886427249,0.000119380633444287,1.21368467359211e-09,7.03168217919389e-09,3.47499577060149e-05,2.15137011783277e-05,0.193436046350622,1.09563874859026e-08,2.15985248348258e-10,3.40351206081663e-06,1
"19987",0.0197046228479731,0.000357922140593694,1.05899525423248e-05,0.000728531194626076,0.427348667749299,2.05162021024918e-06,0.551753624962922,7.80516519154182e-05,2.48590606915793e-10,1.59376313269957e-05,7
"19989",1.43360159183475e-10,4.40762554611803e-05,0.0142135796244182,0.965868792047702,0.0186132963219176,5.61275298140155e-11,7.41873765579704e-07,0.00125878701900596,4.74494801373774e-07,2.52163440476109e-07,4
"19993",0.00871123210018694,0.772412550865177,0.000333110208429487,0.0448874582752089,0.0412846807025047,2.19669469985883e-07,0.132296405204282,7.02265729393539e-05,2.11629193491469e-06,2.0001098661822e-06,2
"19995",0.00328610089535296,0.0571234944833207,0.000140619038168505,0.201851971156595,0.623972988284843,3.63918550841641e-06,0.111118915721216,0.0024886564215099,9.0212361885823e-06,4.59357729775414e-06,5
"19997",0.00334376390631913,0.000576182091053293,1.46818156090204e-08,1.47726454178288e-07,0.000372792694913928,2.17182393265243e-05,0.995636161153585,7.06277276919504e-09,5.82621469740648e-11,4.92123854978758e-05,7
"19999",0.0216567611336968,6.51805015282337e-05,2.89732391275633e-10,8.68122420977246e-09,0.000133698761658284,0.000830900907692248,0.977305780754755,1.15486854245101e-09,5.44793161095966e-12,7.66780939683389e-06,7
"20002",0.385844094907418,2.1705961537958e-07,1.95529424850756e-08,3.33062782230876e-06,2.23050093978724e-05,0.370389600407379,0.000213784569033781,0.243479888144913,4.54515869686718e-05,1.30813450936571e-06,1
"20004",0.000616294057645904,1.11769261743632e-05,3.57786753118035e-06,0.0161151385676018,0.955616304576709,6.55104628699465e-05,0.0142402034311113,0.0133310613896555,5.17141760608015e-09,7.2754928347772e-07,5
"20006",0.000259945996914082,0.292475806821516,0.000439358510061072,0.0885180910364515,0.594038564175412,0.00100681876408943,0.000919499611480994,0.0021667121739273,0.0201253245631606,4.98783469865145e-05,5
"20008",1.7338867221222e-05,0.607773349005139,0.000629736014616788,0.10422867318426,0.00224754304331504,1.23373518464195e-05,0.000716603650967838,0.00377834342267596,0.280563699215982,3.23762439757411e-05,2
"20010",5.39316368921243e-07,0.475072887575622,0.0397300615882682,0.287468349902442,0.195228740776403,2.16599749296639e-09,0.00231006899588142,5.97594481045497e-05,9.80606784132174e-06,0.000119784163072177,2
"20012",0.816947196252882,0.00210124171939984,1.8861529368805e-09,6.28459908261376e-07,5.44277331155808e-05,0.00886855345301798,0.172027355954544,1.98954647817793e-07,7.04335199179783e-08,3.25152811694771e-07,1
"20015",1.2466504491147e-09,0.000468886515923356,3.3735251696004e-06,0.991845823248323,0.00578305185717133,5.86624520669181e-08,2.65205347483223e-07,0.00188179402625438,1.67456678836572e-05,4.4824477303914e-11,4
"20017",0.00991212434606721,0.000108742966201446,7.16285673491949e-10,4.92113219927554e-08,0.000897765395656426,0.0028524722291994,0.986218465909973,2.77087033245889e-09,1.17858215992886e-11,1.03764426387523e-05,7
"20019",1.47511685275667e-10,5.03514893967346e-05,0.0115004510173479,0.978406285655639,0.00163206390801579,2.77143631389065e-12,1.76089610108553e-09,0.0081755940300101,0.000235248433109601,3.55530189142305e-09,4
"20022",1.41141924482537e-07,0.00484250599033995,0.00167788721284947,0.178247548553936,0.814802828882426,2.26369497161271e-09,0.000275883723665196,0.000150826012955215,1.03916720993771e-07,2.27230148804301e-06,5
"20024",1.93489729229167e-09,6.54956434958351e-05,0.823007023157987,0.163066339418833,0.00511027990769515,4.55756241066302e-09,1.36613283039257e-07,0.0081300398134878,0.000456014095146334,0.00016466485761201,3
"20026",1.93489729229167e-09,6.54956434958351e-05,0.823007023157987,0.163066339418833,0.00511027990769515,4.55756241066302e-09,1.36613283039257e-07,0.0081300398134878,0.000456014095146334,0.00016466485761201,3
"20028",0.0559266569511706,2.03464319254654e-05,2.23868419162021e-09,1.19306741830541e-08,7.87078261047479e-05,6.98532000954081e-05,0.943874605829131,8.05445898535286e-09,9.39748340007488e-12,2.98075283577713e-05,7
"20030",9.34258605813604e-06,1.36656636003565e-06,4.27804245106016e-06,0.101612727313133,0.083970444160069,4.95127234552701e-07,4.00576445957023e-06,0.814397166372807,1.7325036815816e-07,8.17059332473939e-10,8
"20033",0.17360508758403,0.000273399517452964,1.97274564167265e-07,8.01734273463698e-06,0.0207736196083005,2.05294297539349e-05,0.805311404656241,1.13715866853308e-06,1.1865838995845e-10,6.60730959568505e-06,7
"20035",1.39720242090093e-10,7.31201715808831e-05,0.0159648983032006,0.981260138778036,0.00157051035585464,7.32032608098864e-12,5.63784523425120e-09,0.00109681014609199,3.45117070941792e-05,4.75325597200908e-09,4
"20037",2.2315506834621e-12,0.000165258569389318,0.000460648366504612,0.997271717468302,0.00153310069120753,3.58513448411388e-10,6.08607481403538e-09,0.000462255723815286,0.000107010597352745,2.13660860565324e-09,4
"20039",1.41923101985229e-12,7.17273079032522e-06,0.99862584239198,9.23027870632777e-05,4.07828969013689e-07,2.06246756248643e-12,1.61616234336577e-09,6.32484826923205e-08,4.80954444913959e-05,0.00122611394857904,3
"20041",1.23881901811674e-05,0.977581742096499,0.000221076583568157,0.000673430442811011,0.0188694676968676,1.50571945319635e-06,0.00236831091214199,1.92878291642828e-07,5.56270647664431e-05,0.000216258415420072,2
"20044",0.00118343550445306,0.817657928265333,0.0033285676349854,0.00589135750226764,0.153593731475297,1.0203130222938e-05,0.0171176289859254,5.03841802857159e-06,0.000197267684419673,0.00101484139906784,2
"20047",3.93484469906103e-09,2.28298533893676e-06,0.0550519385131545,0.57175010120628,0.00383344277335238,2.15971210748387e-12,9.18510471783959e-10,0.368916941496596,0.000445268754900224,1.94148623395907e-08,4
"20050",3.80722571682116e-06,0.314765930317996,0.64896910276558,0.032117376520582,0.0021208410520041,5.65344622194676e-11,0.00071880989830389,8.53077163844727e-06,0.000207785959113245,0.00108781543253097,3
"20052",0.0250595475531544,0.0393154150116027,0.000195566987377627,0.000417946756140604,0.139210821590396,1.65678673598334e-07,0.795029276492132,1.33441547462536e-05,6.24411532630097e-08,0.00075785333462288,7
"20054",7.52404880503619e-07,0.000119230937380682,1.51838384378752e-06,0.245383074799442,0.745883010895416,5.6920810704903e-06,2.33507907450205e-05,0.00858321634285604,1.52497287376988e-07,8.67078136629599e-10,5
"20056",0.998700147037585,9.55354691413321e-07,1.47921068049205e-07,1.67112469838702e-06,3.63578273743996e-05,9.25322256522373e-08,0.0010050873203381,0.000255371493034544,2.89232960905651e-08,1.40465688934334e-07,1
"20058",2.60761863467725e-11,9.81063777698269e-05,0.0026063379888694,0.976420633841457,0.0201405016127405,8.87370114249786e-10,4.3406782106434e-07,0.000733252393661711,6.46567336580188e-07,8.62368974395697e-08,4
"20060",7.84920914412461e-05,0.00239656098899647,5.22097615736055e-07,2.5413666080802e-05,0.00204658442535742,8.69543211470885e-06,0.995416713094762,1.64684090064434e-08,8.33846147504649e-11,2.70016518378885e-05,7
"20062",4.02899631820262e-05,0.416615550079979,1.70836040342731e-06,0.000598789258937247,0.0118293247582074,1.40496535099271e-05,0.570887669471696,8.17093753128543e-08,3.98113378184354e-08,1.24969333716152e-05,7
"20064",2.3066469827219e-05,0.000172104438288774,3.6596488454576e-05,0.0470112696650909,0.949557231853305,1.5829410470765e-08,0.00224604565211632,0.000953507032497379,3.59841325119618e-09,1.58972595752787e-07,5
"20066",1.26636812539968e-06,8.08877382970532e-07,6.02835057541825e-05,0.440190758888793,0.042667734797052,8.99593203663164e-08,2.91420544944938e-07,0.517077890854896,8.7489240498652e-07,4.35726410280409e-10,8
"20068",2.02142484747091e-05,0.0228580360178895,1.40147518007163e-08,1.24198871171232e-06,0.000699862857680683,0.00139435668117048,0.974963211312089,3.53033034370799e-10,5.94911454275045e-10,6.30619312878969e-05,7
"20070",1.07724319871753e-05,0.0404915123852925,3.80733764378737e-06,2.46469852899264e-06,0.000695651178730214,3.93553113920571e-05,0.942687080516101,1.4281746834345e-09,1.02939562797037e-08,0.0160693444181938,7
"20072",1.59016992754887e-09,0.00653284643873332,1.27644812757889e-05,0.911605610456329,0.0791870140714585,0.00205950931232799,2.15845571982152e-05,0.000507026302098806,7.35787741778873e-05,6.40162305348976e-08,4
"20074",0.999872643139541,3.50974665888362e-08,8.40815799846703e-12,8.34356149675499e-11,2.60978144069885e-08,0.000111396942866566,1.45523162116347e-05,1.29953565074783e-06,3.88447792521305e-08,7.93382605513506e-09,1
"20076",0.566200553418473,0.000229926437631573,2.81854417749618e-09,9.50997039282968e-05,0.0680892317138468,0.345581894030019,0.0176376379145043,0.00216451243832764,1.07632269339512e-06,6.52020319958926e-08,1
"20078",1.34519937722328e-05,0.00165371487511128,0.000552873192134874,0.0397690746672431,0.953585078427808,8.33159427128136e-08,0.00270715976933497,0.00167828855493892,1.22449560545103e-06,3.90507081076752e-05,5
"20080",9.23249948399468e-10,5.12113607300437e-05,0.00743580923240293,0.980600608160328,0.009083875673713,1.6485051288426e-12,3.83635186035751e-08,0.00282385180155209,4.59979053790322e-06,4.6923188176423e-09,4
"20082",1.23720210162439e-09,1.11681225771048e-06,0.998887971218738,0.000252216960074893,6.0631804947533e-05,1.68855892776879e-13,1.02616667066854e-07,4.55811437546842e-06,1.65299002946082e-07,0.000793235936566128,3
"20084",0.00671500445132819,0.000133228476232447,0.00432704682767474,0.0146395225738702,0.842364949238791,1.45270043661197e-08,0.000780401080389632,0.130956467221905,6.29043076542778e-06,7.7075172039067e-05,5
"20087",8.06244197405439e-08,0.0930231718804057,0.000216270716108088,0.422011153133327,0.480633371219724,1.37087339604171e-05,0.00359289009140836,0.000448085930872862,3.62236642800723e-05,2.50440054928633e-05,5
"20090",6.14641662754261e-09,0.0108384063677268,0.0940815728777916,0.891767721439621,0.00286040714586746,3.2635486489882e-12,4.52736357394072e-07,0.000212063277390418,0.000239193010200003,1.76995364891425e-07,4
"20092",1.65446163682219e-09,0.0531787387674925,0.0059265955978349,0.00027136889445079,0.00552870254879245,4.07175043821638e-05,0.0012382979701897,3.6523142362172e-08,6.5859364410493e-05,0.933749681174843,10
"20096",0.000899751946337242,0.0217567274326814,0.00527747428418806,2.38345557099676e-05,0.0155580879297536,4.46539451347806e-07,0.0380902574014213,2.773537130021e-06,1.77306965238404e-05,0.918372915676803,10
"20098",0.159741627000571,0.000464348307656264,3.84300262707329e-07,1.9470852567394e-06,0.00302503947892394,1.96660622443863e-06,0.836749925718915,1.05125763999471e-07,6.91293019863874e-11,1.46563072962682e-05,7
"20101",6.69669944633392e-05,0.000322434950909613,0.0128827231751095,0.578734241142778,0.231244049856622,2.74275911689819e-10,1.31565205450824e-05,0.176688356979752,4.77710677828843e-05,2.99037761347467e-07,4
"20104",9.09651068305311e-06,3.95103698244347e-05,4.14665229920799e-06,8.05736581040615e-09,3.9992495311565e-05,0.00508586120241053,0.00368082017815527,4.18386733539979e-09,8.80538471498041e-08,0.991140472296236,10
"20106",1.91977218561295e-05,0.00504521185202986,0.000349370959782753,0.784803971044323,0.205864218096588,1.17540656997187e-09,0.000101071260728774,0.00381540411936727,1.54659964482181e-06,7.17027256768494e-09,4
"20108",0.00620827124752028,3.38649477221633e-05,1.59140624936467e-08,2.27138721843354e-06,0.0054404610841488,9.70771061971211e-05,0.988209153067313,3.93639448353175e-07,1.55656707412751e-11,8.49159080406896e-06,7
"20110",0.107716188810014,0.5188191234083,0.0274149456835045,0.000175584392553459,0.00617390959363782,4.6010415221063e-08,0.189544035367512,9.48701765524569e-06,0.000205958821156177,0.149940720895252,2
"20112",4.83006489978464e-06,0.29786087547998,0.0307110682490343,0.629736525817854,0.0394804728344904,2.90428877943606e-09,0.00197008282430225,0.000181202282414845,4.33105238792624e-05,1.16290188572666e-05,4
"20114",0.00806032301372216,7.44842576230127e-06,0.000169901572908132,0.00404831892143425,0.967673897274421,8.85643642016808e-08,0.00331737140142859,0.016713203595077,1.62814957222754e-08,9.43094938658523e-06,5
"20116",0.00343413570763815,2.05187312834046e-05,1.63298414804441e-06,0.0161044183753592,0.869683973974253,4.40218939110924e-06,0.000309784461965555,0.110441060310683,6.49908308778616e-08,8.27444826531613e-09,5
"20118",0.0216937663004938,0.000383885337653013,2.35787369364232e-05,0.000354405039175527,0.764885027430943,3.9512727086932e-07,0.212553641725932,6.25615446496409e-05,6.92145085698816e-10,4.27380647996473e-05,5
"20120",0.000393619851271235,0.00628531868911718,0.214766882239918,0.413504586392267,0.359854266217664,1.74334229503698e-10,0.0013302402647132,0.0038491393263905,9.10647589235079e-07,1.50361967356073e-05,4
"20122",0.999450635949898,1.90750749050749e-07,2.13297226634504e-10,5.68929806032287e-09,2.57238334656714e-05,3.68238318517038e-06,0.000517555447749199,2.18502734207872e-06,2.36576307324191e-10,2.04684393538659e-08,1
"20124",1.49279205298393e-10,0.000637500032293536,0.0055249642281037,0.851142796120395,0.139477090152117,1.623570321672e-08,3.70291435743425e-07,0.0030141433953812,0.000201278620953279,1.84077433853207e-06,4
"20126",2.59355804502159e-08,2.13469408455103e-05,0.955354890656687,0.000734355824433869,0.00210764481743667,1.00242186531426e-08,6.17689239575372e-08,0.00021908087328203,0.00704683802732623,0.0345157451312651,3
"20128",1.18021160803819e-11,4.98710404309649e-06,0.864012863546882,0.0450026552754554,7.67072621857949e-05,6.54039404844547e-12,4.93620335232875e-11,0.00336905260425199,0.0875271574932408,6.57664623669883e-06,3
"20141",0.0118242161194414,3.57467281757226e-05,6.09266938097892e-05,3.57774764105775e-08,0.00126740829397731,9.59454013544923e-06,0.142094674312292,1.26473713320865e-08,1.53297177516744e-09,0.844707383354349,10
"20143",0.999990412796572,3.59868926482123e-09,2.40205348882599e-11,8.03274504668962e-11,3.21724896551794e-08,1.38445149003037e-06,7.40391132961738e-06,7.57778838445083e-07,1.87195640788262e-09,3.31428615624994e-09,1
"20145",1.14771915860677e-06,0.00768898464756344,0.0155790179021931,0.470421176279758,0.504938194531209,1.77108653651928e-10,0.00121322087376173,0.000153791152764832,1.00186391282301e-07,4.36653009041513e-06,5
"20147",5.72668383617061e-07,0.000329528410804446,0.000186771516074498,0.159185719720165,0.839366897488487,1.70856491116096e-09,9.53181926690508e-05,0.000835066414056546,4.05229374114318e-08,8.33578568219419e-08,5
"20149",0.999499175340324,2.52118312890341e-07,1.84779866265529e-10,4.74466683244085e-10,1.89479407082027e-06,1.73741382043453e-06,0.000496665474870799,1.27815165773648e-07,1.02907029082091e-09,1.453551186962e-07,1
"20151",0.040224634641429,0.0006472422722049,1.2589552788024e-07,3.43936402823702e-06,0.00145572323041036,1.43247199513255e-06,0.957662746155829,1.21130668856326e-07,8.56100831837939e-11,4.53475229698102e-06,7
"20153",0.634268038863491,0.00398683525346766,0.00170851722703603,3.08301700157852e-05,0.00199485896186188,8.81993606951541e-09,0.354044495209028,6.44353515367106e-06,9.62489697916174e-08,0.00395987571103939,1
"20155",5.71912246263492e-08,0.0307587747430659,0.000473970556605596,0.746988537725902,0.221422490645164,7.53316554076057e-09,8.09613692453034e-06,0.000322919873998764,2.51157889261141e-05,2.9805022361012e-08,4
"20157",0.416566556075755,5.96663592434164e-05,3.81795651710907e-07,1.16519395625656e-06,0.000488491068719053,1.17055756366501e-06,0.582866929389887,5.66924969398916e-07,7.78126387018667e-11,1.50725564419484e-05,7
"20160",0.999986278531301,5.86840373791627e-09,9.97273663069279e-11,2.00314047266273e-10,8.5535446973684e-08,1.69733765926654e-07,1.24874287610686e-05,9.66035126369045e-07,1.04190898988134e-09,5.52524484122184e-09,1
"20162",0.997388711993628,1.57169034115653e-07,5.8321637709369e-11,2.20750607661613e-10,7.11951441632324e-07,2.39835477669122e-06,0.00260792736431484,1.96316287424331e-08,2.35483261308517e-11,7.32325557060839e-08,1
"20164",0.960988748381782,0.000707068115111501,4.53556571692794e-07,9.66959086543562e-07,8.775600367611e-05,7.91845165828498e-07,0.0381985828468742,1.57544830039206e-06,4.072842585329e-07,1.3649559172868e-05,1
"20166",8.8121714022887e-05,7.43104082530729e-06,1.44328599519542e-06,0.12284546638808,0.0148763495470793,1.60675836288469e-05,2.31758669147027e-06,0.862008331164393,0.000154471267388054,4.21896147922557e-10,8
"20168",0.000250070115512028,3.19361668280239e-06,8.59527838967366e-09,0.000110530042268556,0.000180016591926742,0.650820547112761,2.0188732644726e-06,0.347082717800873,0.00155087793935981,1.93120730815264e-08,6
"20170",0.275778404400598,0.000254325080461366,1.2604336928931e-06,7.60807959211224e-07,0.00840611173811687,7.47404247618194e-07,0.7153365125921,1.96272677634543e-07,1.11403894306626e-10,0.000221681158742665,7
"20172",2.04226832729090e-09,0.00157424650162816,0.00182449368598576,0.372548210781383,0.623873707286166,3.30577739144413e-09,0.000154750756481533,2.29701357619108e-05,1.33167394981819e-08,1.60218780782153e-06,5
"20174",0.142399109384156,2.86754909684324e-05,5.45804043134663e-11,1.26899390865038e-08,0.000101014847163866,0.232583103896686,0.624885765035223,1.60479837658847e-08,7.99501028950512e-11,2.30247334950027e-06,7
"20176",8.7530631436963e-07,5.17226120725478e-06,1.84798412109177e-10,5.79790886557831e-06,1.91411530783386e-05,0.999907990425816,1.11367014704772e-05,4.603379013853e-05,3.84210175923786e-06,1.01665522984224e-08,6
"20178",0.999992609633681,6.62072162282237e-09,2.73399161407517e-10,2.64481045124102e-10,6.37418826256124e-08,6.64964306017498e-08,5.82591812515401e-06,1.4179599374654e-06,2.80639532657848e-09,6.28494659819031e-09,1
"20181",0.000452884913250306,1.38044135071505e-06,5.44101358277149e-06,0.050238676930376,0.0606177251800442,5.42982764755022e-08,3.39141115649024e-06,0.888680066236766,3.79271073895488e-07,3.04122711835866e-10,8
"20183",2.71543010404992e-06,0.0142203298249029,7.70431502467338e-05,0.000201966258491102,0.0707166367521232,2.78905362260211e-06,0.910089230486307,1.37272282573352e-08,4.09534609120113e-10,0.00468927490743947,7
"20186",4.00628514277279e-08,0.283980448465371,0.000267743496824844,0.00587407938906097,0.0833880342009563,0.00506233333586272,0.585156570071705,1.20035288774322e-07,3.75172730018786e-07,0.0362702557693487,7
"20188",0.999872676251134,4.56885026131506e-08,2.17912016346011e-10,2.93314896567265e-10,1.03143106578522e-07,1.22956709243649e-07,0.000126781662348817,2.43915317469329e-07,4.73768317892542e-10,2.53978862204578e-08,1
"20190",2.14439073457266e-08,4.94484025613664e-05,5.66382734116495e-05,0.969630383455243,0.026988223298172,2.08647570190493e-09,1.23664965084031e-06,0.00327363971163005,4.06357202995304e-07,3.21744709448359e-10,4
"20193",0.76547626281807,6.2154834521478e-05,3.46554656885773e-08,6.55215094217417e-05,2.8031382273732e-05,0.00807639912394388,5.24344092789041e-05,0.206760008286663,0.019479131469778,2.15105835733541e-08,1
"20195",0.819697598458414,0.00413452626033586,1.74676568819864e-06,3.38257927506012e-05,0.00157718255659631,9.31339449067179e-07,0.174538004572597,1.2533568193778e-05,1.02088981381721e-07,3.54859699402081e-06,1
"20197",6.82006507117207e-09,0.0203490420758937,0.0008069029666348,0.633897767624522,0.344751043298107,1.12946671747361e-08,0.000118032009717807,7.60295286340561e-05,6.93213180452055e-07,4.7116857712439e-07,4
"20199",0.945437110259828,4.55398399726073e-05,4.64648477642449e-08,7.88907946487322e-09,3.29744379228287e-05,3.37420063737238e-07,0.0544531737031859,2.94761585903358e-08,4.07302602960727e-10,3.07801016384208e-05,1
"20205",3.5885979791951e-10,0.000439349092242564,0.965147366931618,3.62890675170979e-05,8.23256479514843e-06,4.91385954840813e-12,9.0571138948753e-07,9.29950905851296e-09,5.27356886412531e-06,0.0343625734002911,3
"20208",0.0075607722559127,0.00404786388770776,5.47171626549589e-07,3.73782263897161e-05,0.0097592499834975,1.85937990402111e-05,0.978568396780946,3.68522520078067e-07,2.91937726147976e-10,6.82908042241289e-06,7
"20210",0.989871009962139,9.93714314943276e-07,5.30144527358829e-10,1.31024566007314e-09,3.23755196386877e-06,9.6434162631017e-07,0.0101235214717501,2.16408288579755e-08,2.4927537041175e-11,2.49452059453792e-07,1
"20212",0.870661485048517,0.000263236032952126,1.61235723826382e-07,1.10478815509201e-06,0.000247517059794787,1.76676520759038e-06,0.128820898939203,1.47168612165436e-06,1.60123814507216e-09,2.35684308651991e-06,1
"20216",9.11007878766206e-06,7.86944432287009e-05,9.08211916892367e-05,0.184167892942335,0.812172234746381,4.13978386699511e-08,0.000191682231481178,0.00328948335386836,1.15438388039905e-08,2.80705513635408e-08,5
"20219",1.23926059408831e-05,0.0104995916369474,0.801979283664495,0.0495137344892123,0.127541038457901,2.41444360765398e-10,0.000788387427366697,0.00106759554503279,7.78927334396695e-05,0.00852008319821963,3
"20223",9.52568941513939e-12,0.000676553347887284,5.09383119241811e-05,0.960589590147836,0.000790015437938269,0.000121405078565514,3.253441879954e-08,0.00516916554151761,0.0326022744176076,2.51727789177569e-08,4
"20226",4.27413417093875e-05,0.985169073962906,5.83388792272838e-05,0.000540237629166881,0.000822813519177035,2.3860219292474e-08,0.0133557510300554,1.1371725440448e-07,1.6719711613266e-06,9.23408912255038e-06,2
"20230",1.34495962045833e-09,1.57982425583679e-05,0.00026742622574251,0.985716018975284,0.0102212573009113,9.73526156150598e-10,2.7769745748379e-07,0.00377832830643885,8.8951104777306e-07,1.42207415863475e-09,4
"20233",8.63593215020748e-08,2.25386971744011e-06,0.000280013549413004,4.0023348485906e-10,1.77011350547397e-08,1.14132110896077e-09,9.27334537409533e-06,4.79795414999987e-11,1.57312747207082e-07,0.999708196272758,10
"20235",3.26547182234755e-10,0.0860201844798085,0.0267162361232197,0.805587593546986,0.0599650968160253,3.01689412673334e-05,6.07100280477652e-06,0.000738196638857458,0.0206930179326277,0.000243434191856102,4
"20239",1.91547102636585e-07,0.277592462304152,0.000111372520175794,0.310071816477584,0.404477653952189,0.00137908963510866,0.000804714675823189,0.00318909991052758,0.0023407511114694,3.28478658680667e-05,5
"20254",5.15267125549361e-11,3.1489535333082e-06,0.99933275354932,0.000505417736316022,2.02589728566731e-05,1.80033405696171e-14,8.2424594295227e-09,5.9692517056197e-07,2.16448607779615e-06,0.000135651082722035,3
"20256",2.67299585232799e-10,0.000204029712598005,0.000478697390016897,0.488065761669105,0.510302457899241,5.08486124660908e-08,1.57842752437364e-06,0.000945615424210054,1.52659864845189e-06,2.81762743950714e-07,5
"20262",0.608749411431155,6.23706777591633e-05,8.45233238204933e-08,3.7915943954244e-07,0.00132564391523593,8.91931238394719e-07,0.389854452220613,2.27303861892258e-07,3.21275315649064e-11,6.53880524557551e-06,1
"20270",0.000821270528902037,0.000198894009743736,6.09952727738763e-06,0.20569204504615,0.0415334618473178,0.000659819058908271,0.00391177751964911,0.747172814093646,3.75093635850196e-06,6.7432047375947e-08,8
"20284",5.71304572621078e-06,0.0995156978173435,0.0991219902219513,0.00188404636098796,0.00924517439140966,8.93752112448465e-08,0.38252921339087,2.9835842860117e-07,2.54582885379752e-07,0.407697522455186,10
"20287",9.15497967991835e-12,0.000193399555125004,0.000143503960891806,0.994924096633123,0.000496684972444474,1.5784977158763e-09,1.80523988549926e-09,0.00365456401582679,0.00058774722687181,2.42824718781532e-10,4
"20290",4.47935326313877e-06,0.00236983812146198,0.979186897692838,0.000332359226129623,0.000183833169343304,1.5594155848182e-11,0.000427842151490641,1.89988655732313e-07,9.43870666329821e-07,0.0174936164105566,3
"20293",1.659999315134e-07,8.23034631166287e-05,0.000165252476970856,0.00823573945683685,0.990684500601891,2.40474007060617e-08,0.000805617684038754,1.72512533320909e-05,8.56401781909196e-10,9.1441600794711e-06,5
"20296",0.66850500855905,0.000538625840232926,2.47678097207939e-09,0.00011256962347138,0.0601685910840922,0.0206094769141747,0.24927894547398,0.000786638984302126,5.72280944831161e-08,8.38158210420488e-08,1
