"","V1","V2","V3","V4","V5","V6","V7","V8","V9","V10","best$classification"
"19812",5.49625271968781e-06,0.0482385666212903,2.08341327439507e-05,0.000343898802403021,0.946869502282676,2.42460396615951e-08,6.41910349165019e-09,0.00452167124302391,9.34769183057512e-26,1.99591328295204e-32,5
"19814",7.01285835145567e-09,0.000940116495506595,0.0121472111971169,0.000310501560806811,0.0472578172059374,1.54131356663716e-11,5.23169609248246e-07,2.26064180022028e-05,0.939321200649146,1.6275603323932e-08,9
"19816",0.911228496664482,0.000523322291744598,5.59788500285611e-32,0.0085445836639151,0.0795796822476221,7.68992794240827e-09,2.02002101970973e-09,0.000123905422286879,3.83301292487587e-37,2.52023983545296e-30,1
"19818",0.000101600878073337,2.89925556470076e-05,3.69462122037207e-09,0.0113615956951089,0.987644452416701,4.09968492541171e-08,2.55857256389778e-05,0.000645422921134226,0.000192305087927901,2.82981180124154e-11,5
"19820",0.996717460985979,2.27267346797872e-07,8.84820533290949e-177,0.00326579447460318,6.89707476586339e-10,6.80873339707382e-37,1.65146871373204e-05,1.89522604719251e-09,3.19594573445083e-141,1.24921710245408e-66,1
"19822",1.97858151518041e-05,5.12700408332328e-06,8.92633035962367e-211,0.645267510650019,5.47463530319666e-17,8.01473060219583e-41,0.00527493639318177,0.349432640137565,5.19502351416884e-163,3.75718482062165e-51,4
"19824",0.0138075440425885,1.37401342498851e-17,6.34741206499378e-78,0.985510053951328,1.07033952721983e-07,2.10834701250901e-18,0.000679482331891747,2.81264023962575e-06,2.53409625123157e-66,4.54429766838072e-23,4
"19826",3.45262404608413e-08,0.00390190305733485,0.000715016189734894,0.0286433701651168,0.954228003685393,0.0011751613847863,4.8379634408171e-13,0.0113365109909097,2.34267090025797e-24,1.14757941994234e-20,5
"19828",0.977233706650118,0.000151377571264715,1.62196926123824e-81,0.0214390291775133,0.000605462654434926,3.30327946907524e-26,0.000569918092850251,5.05853819206673e-07,8.63605716515659e-57,1.21694484175482e-36,1
"19830",1.54028514218598e-23,0.672486248458669,0.000100842480097502,1.48421027421337e-09,0.137021321523376,7.22794777128477e-06,3.66699548480071e-06,0.19038069111039,1.10685750541111e-23,1.55947454916321e-26,2
"19832",1.25246458349379e-07,0.996160745780045,2.05442502591125e-23,0.00015115136335958,0.00124028423532355,1.95612923015576e-36,0.00244499566055188,2.69771426187789e-06,8.10486910640014e-63,3.75626195810512e-69,2
"19834",0.0396596204099901,0.712186698116535,4.90808110059822e-48,0.132543643917113,0.0744487179794717,9.30277423067417e-21,0.000182514344550332,0.040978805232339,1.68080158328997e-36,1.81496179185293e-31,2
"19836",6.28695854487506e-07,4.04092583989234e-05,6.14863198681998e-22,0.00495621247146963,0.982184512737753,0.00309952854328467,4.1059581351244e-09,0.00971870418728142,5.15951828746195e-52,1.39022712997222e-48,5
"19838",1.5966749477535e-20,0.00180569129920756,0.989548831320389,2.66663790363459e-09,0.00850269897646528,1.64859100454266e-11,1.99976814850401e-06,0.000140743112919174,3.2839746430174e-08,7.64739448089441e-18,3
"19840",0.0036728495920351,0.05429815168659,2.79654286321268e-30,0.630377855814716,0.308581655471214,1.4444992383799e-06,6.73013836331237e-08,0.00306797563482345,9.15597007579864e-46,1.87464442908605e-42,4
"19842",4.33650981907654e-43,1.55002529331589e-09,0.000190738176998479,6.13222467743471e-11,2.77712903489438e-07,0.99450842781184,3.51310223904863e-06,0.00529704158467182,4.80004258943335e-38,5.15515361326827e-33,6
"19844",5.86769737635849e-31,6.65498153842379e-33,1.06267694100406e-85,0.000379513379322812,8.73224432587867e-27,1.22377915935041e-12,0.000171889938795013,1.64177950764877e-05,1.71247470735359e-43,0.999432178885582,10
"19846",2.85780049056851e-29,9.08311606565827e-12,0.139097603350692,6.98431184504748e-08,0.000159365840653849,0.00755013417382891,7.65253146251515e-08,0.000293705665664696,0.85285280190611,4.62426855344093e-05,9
"19848",9.65511028878902e-25,4.30690602232075e-08,0.000189155865040106,1.08699698918122e-07,0.000451748194796596,1.48152065333566e-06,9.59599350214711e-09,0.000167736803053775,0.992198463289766,0.00699125296193716,9
"19850",6.3052241102706e-17,6.80425416279025e-06,0.0291138991955493,0.00474761201624243,0.00651604044778447,1.56155238574693e-08,2.49795700180838e-06,0.00148643347178478,0.958122600113087,4.09692886372545e-06,9
"19852",0.156640722060496,0.000614635869350216,7.74477270381278e-14,0.0171296982552582,0.825128841777698,5.915119642046e-11,8.21212889588852e-09,0.000486093764722799,1.11726771939168e-12,3.50611202983123e-16,5
"19854",9.70482200972879e-25,2.01341666870416e-06,1.94803757924486e-06,2.4896763963055e-09,0.000102615432682272,3.28443456767959e-09,1.98932277689337e-08,2.02996588038177e-05,0.999861696013908,1.14017730195609e-05,9
"19856",1.24983374790523e-21,2.49934408802437e-11,2.17792408928504e-28,0.34421811839769,6.23224241613033e-10,1.6294624816124e-13,2.10310139071495e-05,0.655179518187186,2.03746602734857e-30,0.000581331752836118,8
"19858",3.05189283897567e-11,3.24271098182839e-16,6.14093213266439e-72,0.98391178821146,1.15735210006402e-11,9.22990132220124e-20,2.88335834244218e-06,0.0154851037821102,6.30601248110942e-37,0.000600224605994525,4
"19860",0.0516569171121777,0.0625060977082966,6.10971460877002e-08,0.111129294516305,0.774526109940879,1.04213635089583e-09,5.3435119912906e-08,0.000181465147939014,9.32880380845873e-17,6.56165671082732e-28,5
"19862",4.88897380932827e-34,1.46228204160511e-09,0.90380001956212,1.30958240350453e-09,0.000328097557660593,0.0954744957815178,6.99535997623662e-07,0.000396684790325837,5.14276634732377e-13,2.54007041357829e-18,3
"19864",5.9200038888427e-44,5.92820759748154e-34,2.77622570744469e-121,7.71588627957523e-09,1.02323153064862e-23,0.918633807843388,0.0596071910101246,0.0217589934306012,2.66448243306919e-122,7.37299586554155e-55,6
"19866",0.000379418628168745,1.8623229572574e-07,1.99603343183582e-62,0.818984293501144,0.0293869047317249,3.12365363033085e-05,2.19981871248416e-08,0.151217938372176,1.61792612024779e-82,3.61047355728076e-49,4
"19868",2.09620174569916e-57,0.00110469836324136,4.51515936481635e-122,2.160101682445e-26,4.18330040773398e-38,5.71794250759997e-56,0.998519777157064,0.000375524479694404,3.32459107254485e-118,2.61398019345491e-62,7
"19870",4.84410273267371e-16,3.16260233055801e-06,0.153002946331066,4.20348835498015e-05,0.782164680089369,0.0563303213508896,0.000370504849446724,0.00775326231449462,0.000333087578853047,3.01137960053193e-16,5
"19873",7.1910871166396e-07,3.58362909124298e-05,1.43914232931519e-05,0.1187785639131,0.878808424283471,0.0011495031433674,0.000275716556365097,0.000936844909086732,3.71692270054481e-10,1.8353217063825e-23,5
"19875",0.858543733088945,0.071264944948091,5.44419176458967e-40,0.0596773434217614,0.0104991377401657,1.62247038892499e-25,1.48391528913292e-05,1.64814599684941e-09,4.10621993478119e-54,3.97826292175541e-56,1
"19877",4.92200760924505e-08,0.00244767878238035,0.000515180328863278,0.000963587940075975,0.985645139119923,0.000436369473626087,5.04722212522462e-10,0.00992122663627122,7.07676369124603e-05,3.57149325060345e-10,5
"19879",2.75326281300785e-05,0.000288626902516936,5.24586536128175e-26,0.00368789861538319,0.948483363228408,1.20923997372244e-08,4.80268642445716e-08,0.0475125185028771,1.16188057896017e-19,3.42104319836341e-12,5
"19881",2.5194374256769e-11,1.25095999736214e-05,2.51821753706829e-09,0.0658101903855803,0.784362120699602,0.00226038288687662,2.78701563531441e-10,0.147554793605838,1.95964560825721e-19,1.57563434033741e-14,5
"19883",1.23467189919685e-14,4.71486700454498e-07,1.55362656766186e-05,0.00211120832630808,0.106714852455937,0.810393130726404,6.32229253534884e-07,0.0807641685097082,5.28213888556841e-23,2.39961727421712e-24,6
"19899",8.81783934300999e-10,0.0519192128995718,9.03079250797824e-34,0.000811894258848057,0.913934960308035,9.33930463602381e-09,1.43390633085513e-10,0.0333339221690665,3.31462935378292e-48,5.78552072616071e-37,5
"19908",2.26307023383022e-35,3.46319092946106e-12,1.81814613331002e-110,1.00386328018353e-07,2.02067763710765e-19,5.94412520508823e-14,0.00380101914321377,0.996198880466936,6.72418379738199e-125,2.83782879488773e-52,8
"19910",0.0175409554089309,4.67302975906609e-05,7.33129561911543e-10,0.0183860167476553,0.961905469478522,1.69339112848766e-06,1.47239772468552e-08,0.00211911921881809,2.45394032874862e-13,2.54256796074397e-15,5
"19912",1.31195678148699e-39,1.20942706698434e-07,0.00123924091743038,4.77062451955526e-10,1.8773929964115e-05,0.953180536702094,1.45678168667905e-06,0.0455598702490553,9.25461495548015e-25,1.57462632040991e-20,6
"19914",3.66277522973508e-05,0.0502393322747813,6.28014158237134e-20,0.007948076971506,0.926227183685544,1.9942345136902e-11,7.41186361730377e-12,0.0155487792885098,2.13552189812325e-24,7.35768211527717e-15,5
"19916",1.02018752470642e-11,3.72497012666664e-25,1.0627609126844e-117,0.980222929678956,1.15477486854882e-12,2.99420493442838e-10,4.34322315724766e-08,0.0197770265780348,2.55118188313721e-114,9.74762003241779e-36,4
"19918",1.78130216942246e-13,1.13327747588363e-09,0.12778955361425,0.00732552945773111,0.168836041985079,0.0724061498818073,3.86032964493339e-08,0.0118795376539609,0.608157163556768,0.0036059841136515,9
"19920",5.18158633797287e-21,1.07720205522082e-09,7.24807519335043e-06,8.62824213069354e-05,0.000169223968328715,8.01956025249962e-06,1.12740874950676e-08,0.00130558500726604,0.000225990910046464,0.998197637706316,10
"19922",4.65513555517955e-14,0.415929279858882,3.68648123830313e-26,2.15648074844374e-11,1.10160662501937e-08,2.71048640806153e-37,0.584070320812244,3.88291196127735e-07,5.75104347276176e-50,8.76194763687121e-66,7
"19924",8.34791285421571e-08,0.000103843678104326,1.83596123112125e-08,0.00566797920664869,0.973828356040583,6.80111474443227e-05,3.07999811811001e-10,0.0169439148129988,1.8697995029463e-08,0.00338777426948477,5
"19926",3.3677302449592e-09,0.194313403285175,3.08734236778346e-40,0.000399887808367199,0.776390472419392,3.39481429339443e-08,3.36877316009025e-12,0.028896199167824,1.25084599246672e-76,1.6959206066503e-45,5
"19928",1.15009712386223e-71,9.56789491597543e-38,2.84409323738762e-97,3.97094065594398e-15,1.64155335251655e-34,0.993979514224893,0.00247737216250357,0.00354311361260005,2.66933397831083e-126,7.25104972008768e-50,6
"19930",1.02856578660583e-10,0.000135574193493228,0.933035185315232,1.70124959297813e-05,0.0667623661994189,1.0308202522131e-06,7.40486912103074e-07,4.66633037224846e-05,1.42708218280814e-06,7.12459402642001e-21,3
"19932",1.88232057821006e-19,0.000118924062843663,0.984619747391978,5.91574267426692e-08,0.0120374300188532,3.8777124583901e-08,1.812104946706e-07,7.43248674271449e-05,0.00314929450488074,8.97142956163095e-12,3
"19934",0.41587242588134,0.171163320659891,3.38652838871457e-42,0.324291560081378,0.0850328772299886,2.73249137756678e-23,5.66491140238248e-06,0.00363415123599936,9.51023686520606e-35,3.27025476900606e-21,1
"19936",1.14519589769985e-08,0.065946799762465,6.8514657462651e-08,0.000544235220278166,0.918955041314331,7.56969001185061e-10,3.01083663774142e-10,0.0145538426782566,1.37482221733835e-17,2.19668283642018e-18,5
"19938",0.000181134719200643,1.18777764733788e-05,1.4546402797299e-108,0.745781708447631,7.28699378045165e-05,3.45650369288426e-23,2.39328895374471e-11,0.253952409094957,2.06118746771792e-108,8.55939195379469e-24,4
"19940",4.0009796316679e-06,1.80568186874162e-08,2.38690239529413e-10,0.0141281442487125,0.960226889051027,0.00852285023604373,1.32475487504361e-07,0.0171179647135869,2.28470388932312e-16,1.15170545392177e-15,5
"19942",1.39304926713744e-48,3.24858250407258e-25,1.50500332276826e-69,5.99633901504228e-09,4.07539010962313e-19,0.962522511339277,5.37856004353457e-07,0.0374769448083793,1.02200923787112e-108,8.18872524020419e-46,6
"19944",0.0198001224464662,0.000167408508373545,9.44253441399518e-15,0.0381332033438647,0.936773415700021,1.6118126073016e-06,1.44518450002656e-13,0.00512423818851273,3.86302145066143e-29,6.9724261600304e-18,5
"19946",0.000509758488298382,3.49629236229116e-05,6.71513079322227e-09,0.0360628997876196,0.958070940008709,1.5151116571011e-07,3.09228662986114e-10,0.00532119319465251,3.12461611062376e-08,5.58154110065084e-08,5
"19948",8.36594494675241e-45,1.54345141081949e-30,1.06762061316948e-45,9.22164513097765e-09,4.76170724043794e-19,0.999805279985911,0.000168850188527417,2.58606039162983e-05,6.05764597826953e-74,4.56864466997694e-45,6
"19950",9.74859508322796e-33,5.45381737718589e-15,7.4290058933397e-19,1.14365701236547e-07,3.2205444110504e-12,1.31854234223734e-13,5.51857388847324e-06,0.000170677387328343,3.01773863911514e-16,0.999823689669724,10
"19952",8.36594494675241e-45,1.54345141081949e-30,1.06762061316948e-45,9.22164513097765e-09,4.76170724043794e-19,0.999805279985911,0.000168850188527417,2.58606039162983e-05,6.05764597826953e-74,4.56864466997694e-45,6
"19954",1.37257347471939e-14,2.73788946987898e-05,0.967665218572748,1.77357292219299e-06,0.0297608747838498,9.11452149883185e-06,2.06050908478552e-07,6.90557594544936e-05,0.00246637784386276,4.32314176052194e-14,3
"19956",1.24198468033508e-52,5.28647533817537e-07,7.84776441960027e-16,1.29771770738248e-12,5.60656523486318e-12,2.02107426362864e-07,3.45887639550134e-06,0.999995810339947,1.14501513806337e-25,2.17923287828726e-11,8
"19958",6.88229690935767e-36,0.00011385398164284,2.24030285193087e-66,2.70705881604272e-18,1.16956111466672e-28,6.70191485669053e-60,0.999885858881797,2.87136559660657e-07,1.06418683473088e-78,1.0616391344457e-59,7
"19962",2.33427744140996e-09,1.75414146511626e-05,3.21358507462048e-20,0.970492045602857,0.00172440518104879,1.27186993591221e-18,5.77031802243441e-09,0.0277659762339996,2.26408777069358e-24,2.34628486004295e-08,4
"19964",2.204935121223e-08,1.4373028331702e-10,1.1782903976426e-21,0.0421570454700718,0.862775978775878,0.00509654015166645,6.82455349196998e-08,0.0899703451039491,4.75267481156614e-18,5.98184687427474e-11,5
"19966",7.91210830816561e-05,4.36718166901686e-08,6.60412994417843e-137,0.67866006040242,8.80217389289983e-05,8.14571897721566e-11,2.01623430811762e-10,0.321172752820672,1.98535013982398e-145,4.79388964787092e-59,4
"19969",5.83521068095894e-16,0.00425533243529821,0.00612623304628715,0.00063770602462338,0.625827612953253,0.331322836036015,2.86149462779615e-05,0.0318016645582445,6.66636872979231e-26,9.28724835356444e-34,5
"19972",2.2595890813505e-24,5.78688032493474e-14,1.19358020275613e-09,6.22376098244895e-06,0.00376157836018806,0.970108049113077,0.00011944613233815,0.0260046958848268,4.88200264953426e-09,6.72947363553244e-10,6
"19974",3.11323921317778e-45,1.05209054526527e-20,3.21730018049502e-06,1.49762869417844e-09,7.39475132386221e-10,0.969403379265408,8.14633666040334e-06,0.000899315385470029,0.00976224358803899,0.0199236958871384,6
"19976",4.65039863325443e-08,3.77750287508416e-06,8.66283578024215e-08,0.00741865773643554,0.981855245192318,0.000202494441126367,2.14256380974315e-08,0.0103805495317886,0.000138508320349066,6.12717125420385e-07,5
"19978",0.406955134032434,2.37068391808552e-07,5.27259827503238e-19,0.0315289564140726,0.561174768022804,6.60546748351188e-06,1.56478748328944e-08,0.000334283346939398,1.47873557403269e-17,3.71139671842376e-18,5
"19980",1.07474162490532e-26,2.7958554100314e-08,0.000395176665745322,1.11589347453712e-08,5.52575423271639e-05,4.00093858728506e-08,6.69344283289508e-08,3.78365509347691e-05,0.995642238885157,0.00386934429453255,9
"19982",3.56909498026914e-21,3.49674901551527e-05,1.48024284832055e-17,0.000758353912375101,0.0001981984851386,1.9179346646066e-10,6.45105052879371e-05,0.206990144324251,4.68544430962963e-06,0.791949139646689,10
"19984",1.44942210914873e-22,1.33633889898832e-19,3.09721272322146e-34,0.00731446387275129,3.08967607039026e-12,1.10638925681241e-10,1.36190664450062e-06,0.00928810644527432,7.46825637745388e-29,0.983396067661601,10
"19986",0.669602219524021,0.000136224160578535,1.73266724497595e-133,0.327797322528536,0.000158752112583319,2.72308499647933e-26,3.30617203096583e-07,0.00230515105707756,8.44010068297005e-140,4.05720992247138e-63,1
"19988",0.932947189255361,5.8339013313348e-06,2.24820234514387e-196,0.0669641467418372,2.78477743581886e-10,4.84107755251216e-42,8.26788582376486e-05,1.50964755401631e-07,1.16716082994546e-159,3.53155722066974e-75,1
"19992",0.987303564873242,0.000132046546856671,3.14479358026406e-124,0.0125638081332536,5.33563715186086e-08,7.87909543335961e-41,1.71739024473496e-07,3.55351251665036e-07,7.45760803166149e-113,4.47873510649733e-46,1
"19994",1.88584713482939e-10,0.00098006968777526,0.937301168157301,2.90462521224905e-06,0.061475370655834,5.40775919323094e-07,9.76699082875377e-08,0.000239844344144047,3.89532059708476e-09,4.35914271822807e-22,3
"19996",0.994394255948028,0.000121231753496542,4.66517795038482e-108,0.0054412267931565,2.52913486194971e-05,1.57414981150462e-33,1.79578955038237e-05,3.62611954775464e-08,3.63912194168119e-88,1.03463066066057e-41,1
"19998",5.10075369675212e-20,1.97085648874412e-08,1.57247616524167e-36,0.0100179498555837,5.32245968315307e-07,4.80410201165481e-06,8.36232521001604e-10,0.989976693251639,1.1301946844516e-56,2.78746291025566e-25,8
"20000",5.69624397046766e-41,0.814796112506231,2.45513146761353e-14,4.52580818528116e-16,1.40432976920951e-07,1.41052956036055e-13,0.000958813757890947,0.184244933302735,2.85627368423458e-53,5.03171014050891e-43,2
"20003",2.53526503213318e-09,0.0173249492133492,9.34460359136454e-07,4.72348473498998e-05,0.978547792686933,2.14792953545385e-05,6.62364557580065e-08,0.00405754072493336,4.94023426250746e-34,1.70009540515335e-40,5
"20005",1.12352202028111e-29,7.93574425565441e-09,2.8551828081911e-06,3.48944003981587e-08,0.000448802722401492,0.000489099453426607,3.11727879133163e-07,0.00130685445917169,0.958582644340605,0.0391693892835634,9
"20007",3.88497403982299e-05,0.00828817168948368,1.23558667980041e-30,0.0447300337609891,0.939117312551638,2.38777917388167e-13,4.7003282179029e-06,0.00782093192903408,1.99375718983791e-24,2.37121108187314e-28,5
"20009",6.47560724559012e-07,1.67787548655975e-13,2.64733018619893e-109,0.9811864847886,5.33315029858865e-09,5.03165580841521e-21,1.19119489403794e-08,0.018812850405408,1.25681085309515e-99,1.90323052081008e-25,4
"20011",3.66224078482523e-16,1.35175204499363e-08,7.18977820587378e-09,0.000560280435151136,0.409151034244459,0.256096412992278,0.000253019684718672,0.33393923185979,5.12594042252055e-11,2.50446602380838e-11,5
"20013",1.8339275415548e-12,0.00850718030248483,0.0224480397135828,0.000741427971201213,0.647357983620848,2.48539406876039e-06,6.19667030865118e-09,0.0560683531072278,0.15822319029614,0.106651333395942,5
"20016",0.00814006693926453,6.32430902979951e-08,1.85515343669447e-160,0.935730259695853,5.77337509545924e-10,2.8114731938123e-31,0.00150687492896422,0.0546227346154903,1.12948911010758e-122,6.96719745298175e-44,4
"20018",4.71826508476312e-16,5.61355143249357e-07,2.72244241049314e-277,2.64044251614551e-09,8.48025702903272e-48,3.05156573713681e-91,0.999999436004336,7.80317272474138e-14,1.39978784090834e-280,7.55548935178966e-147,7
"20021",0.928438297899214,0.00184816936097123,2.73338888167785e-34,0.0230430964845766,0.0466009628841705,1.26565957348764e-19,6.94619295635705e-05,1.14415041557326e-08,2.60642853357008e-51,9.21877985248402e-62,1
"20023",0.0236747521515779,0.00280272937059967,3.40583567589657e-25,0.0561530642894283,0.911751641199987,1.5941117628452e-15,1.30097322134822e-14,0.00561781298838774,4.76965111960112e-38,5.26659321418993e-15,5
"20025",3.95291510437246e-09,7.99590897083087e-05,4.19020144412669e-161,0.00354241980361361,3.0510904184707e-20,1.6609926459638e-63,0.996377617153742,2.10317021095454e-14,1.60037647200319e-168,7.33469291660493e-128,7
"20027",1.67941332578606e-28,5.58075870423755e-05,0.000205117195662317,1.39300425891349e-08,0.0239128117310177,0.963108991050829,6.90996066208494e-08,0.0127171894057993,1.94026510205692e-34,1.05859221077355e-33,6
"20029",4.06613453001393e-24,3.34824610678965e-07,0.00130857921662629,5.70969792614346e-05,0.00804526188502296,0.942859403742143,4.10506135695318e-06,0.0477252182907493,2.29707713267877e-13,6.88800528479155e-17,6
"20032",3.53127191437635e-21,6.81253806434679e-05,0.978396092820452,1.45206700680129e-08,0.0198138381513542,0.000895111560775087,8.98121102675115e-08,0.000826727753994504,2.62087477089591e-17,1.08726799323e-25,3
"20034",2.00659528737044e-37,1.50826778453058e-23,6.46416637435538e-32,4.20508170858091e-08,1.19338259452442e-12,0.99945689274788,2.63413060808388e-05,0.00051672389402917,1.34839745197442e-71,2.37423922051597e-47,6
"20036",1.11069080466363e-17,0.00326748339130044,4.67555363627161e-24,0.0127935482803468,1.76647442578563e-05,2.78509305176842e-12,5.5986534617968e-10,0.983921303020499,5.02790510266396e-33,9.4508823327838e-13,8
"20038",0.699233701564807,0.268354242386147,3.42861699152619e-89,0.0233114102985918,0.00889242201582604,2.14844528156266e-27,6.22315714222648e-07,0.000207601418914243,7.44496519515014e-103,1.71380481433471e-70,1
"20040",5.47844559807652e-08,3.76960382168046e-17,2.25238674350451e-190,0.967767818445368,4.77037149623716e-19,1.5000515754017e-32,0.0278337724289765,0.00439835434119897,2.17327202897022e-180,9.25542982646515e-63,4
"20043",0.755262413211691,0.195548152597127,2.28256561961517e-45,0.0483143767585111,0.000439865602124711,1.71376486776091e-33,0.00043519169636033,1.341851623732e-10,1.52442384560878e-49,3.92454016747391e-45,1
"20045",0.925535931409878,2.00950429043618e-06,6.29309183421537e-194,0.0722228159063474,1.57089846592347e-14,6.25839799890602e-58,0.00223921223200223,3.0947466427318e-08,7.99357195545507e-150,2.3393047580514e-57,1
"20048",2.53957887353237e-39,7.85674579731836e-24,2.63637912408779e-57,4.26791417503659e-08,1.2684395149899e-23,9.23207116718387e-15,0.000154453941089592,5.72406651414928e-05,6.54688415321971e-13,0.999788262713963,10
"20051",3.1605819844732e-05,0.657286546794382,3.85283799937201e-21,0.338649510949154,0.00152097451505565,8.07663813746371e-33,0.00251127444884148,8.74727217437244e-08,2.09071546508298e-17,3.06872099806369e-26,2
"20053",0.0127743114994933,5.83652741581775e-07,2.54780071722711e-32,0.348808360871139,0.618322358441719,1.63549692288182e-12,3.63314464912796e-09,0.0200943819001271,2.77335908114487e-47,1.91544055220285e-16,5
"20055",6.84772512299326e-07,0.989592272164805,3.88849860042274e-78,0.000122286633517687,0.00764899599126602,8.79588982496492e-21,0.000279486304121891,0.0023562741337766,1.3650724471109e-104,1.64478074425294e-86,2
"20057",3.91662196070769e-85,1.25067324868021e-12,1.20291142893235e-131,3.56915011247165e-37,5.5665529772976e-58,1.89326182747073e-54,0.999985643106484,1.43568922647747e-05,2.0017068011798e-136,4.419506381998e-73,7
"20059",0.00174311589422454,3.84253276190722e-06,2.75748787055825e-46,0.583559052332402,0.286320713016098,1.91863808642572e-15,1.8662494803495e-09,0.128373274358262,7.834758012745e-65,1.00007149011661e-29,4
"20061",0.00133918211499347,9.35351842363336e-06,3.82622257204765e-29,0.0801767360394604,0.917459867817949,6.1590233000404e-11,6.4542156815577e-08,0.00101479590542618,2.62789394454565e-33,1.33186226019195e-33,5
"20063",4.44912647320187e-27,6.80836782407432e-31,8.52891788545893e-167,0.343857881549706,8.26193409265636e-41,2.54252074476844e-29,0.656061546026731,8.05724235500068e-05,7.28820780019379e-117,1.33755199974968e-14,7
"20065",0.000196062560168822,0.899745745124537,7.49363018287669e-155,1.16196737755154e-05,2.27347215154636e-15,4.2398258407563e-71,0.100046572636473,5.04400454197749e-12,1.0293749032275e-181,5.65473234637898e-141,2
"20067",0.702482596316489,0.00108419054689393,4.29000520276594e-80,0.296234564168991,1.25223515241488e-06,1.26798816454422e-46,0.000166664296247513,3.07324362259333e-05,7.8964613352118e-70,1.52390923387219e-21,1
"20069",9.77957087458128e-25,3.05480710884473e-07,0.00025107907767455,2.89484928214561e-07,0.000197743791680012,5.38740182848985e-09,4.47056449475255e-07,0.000415686988383091,0.630264699717301,0.368869743015471,9
"20071",3.35096091416688e-16,0.000419828194985676,1.55211916342381e-59,0.000652470425642921,0.00150891004588249,1.76502635715336e-06,1.22937013292314e-09,0.997417025077761,1.08027066434254e-69,2.33959773509892e-35,8
"20073",3.27672170898144e-13,1.42843297326812e-14,6.14041511452253e-11,0.179624604200405,0.000494921959843931,2.24355925841746e-06,4.24564674568363e-06,0.00517529994823949,3.7093035156907e-10,0.814698684252831,10
"20075",3.47882323338885e-47,0.254774862109702,3.41367907649108e-99,2.45967750439821e-26,4.98293995472232e-29,2.65017428466093e-57,0.745096877352845,0.000128260537453744,9.28042918660013e-120,5.95212567045765e-82,7
"20077",0.886756714652518,0.00192266122588177,8.0886949436326e-44,0.0343389521211168,0.0663404677647885,5.69736985293782e-14,3.76081915197642e-12,0.010641204231876,4.0605601798708e-41,1.34177896523698e-15,1
"20079",8.97321226738444e-11,5.98879513994002e-07,1.64542904632017e-51,0.95800462208068,5.38526138104963e-14,6.40587560010465e-30,0.0419947750515201,3.89849969645655e-09,1.2132369890697e-29,8.50489912193483e-18,4
"20081",0.0137545619247155,0.975629563316033,1.1462775855707e-63,0.00799030589207865,0.00129450445789214,1.63213247729096e-38,0.000428813726508217,0.000902250682771817,2.01422658090335e-55,1.05990804736396e-37,2
"20083",4.36441712276027e-30,1.99714894778708e-12,3.74842104973384e-72,0.000295273150508157,3.43405648152494e-18,9.80158068296122e-16,1.71943596664438e-06,0.999703007297899,2.79970783888224e-60,1.13628027605983e-10,8
"20085",0.989529598453738,0.00103019902675821,4.06990870933386e-177,0.00930646802698112,1.66581334362802e-11,3.91490818677187e-50,0.00013373365654829,8.19316826521607e-10,6.31205629511692e-163,3.17870116446085e-88,1
"20088",0.939913508475859,0.0348501096377111,3.83693555741821e-64,0.021298262000586,0.00393747716368937,1.16602653411907e-33,3.42913322028711e-07,2.99808832152861e-07,4.11560168794939e-66,1.85998029642095e-45,1
"20091",7.56377028741522e-15,0.819150027513211,1.32819653923038e-105,1.97324610986139e-11,8.19644412384927e-16,8.76919600565887e-57,0.164748644526718,0.016101327940331,4.24795364184816e-88,3.17079647886928e-55,2
"20095",4.75074720729794e-24,5.92766848431482e-23,6.32740834948642e-77,0.00531964861436742,5.72754866921918e-11,1.29465922338773e-06,0.0154920685652658,0.979186988102861,1.35901824636323e-72,1.00730207006853e-12,8
"20097",0.955118562356229,0.0145143364981389,1.73963815908243e-174,0.0302133040712748,5.95322768166526e-11,1.26323326078343e-55,0.000153795927317303,1.08750792936381e-09,6.58564169542998e-158,3.50370662698807e-90,1
"20099",2.30151251469139e-06,3.91590700854466e-26,1.77714654331431e-99,0.997671502366745,1.76044774264723e-09,3.40158421294324e-05,0.00169052262894114,0.000601655889221527,1.18452783990466e-71,3.59730301806143e-24,4
"20102",2.72745375878326e-25,5.02606360218184e-09,9.24426125593662e-81,7.54056485870985e-07,8.47955304430631e-21,4.38814088389849e-42,0.98981119192449,0.0101880489929457,2.41436138957e-42,1.45369329598726e-14,7
"20105",0.661958148127284,0.000422248439131697,6.79420918627335e-66,0.311023207762144,6.42894392122311e-06,1.3084536868918e-29,0.0265899666509762,7.6542312349417e-11,8.93839432975709e-33,1.36242943077226e-32,1
"20107",0.593551421185837,0.00498886169903079,1.76780172311191e-76,0.094392557968406,0.301418150204413,1.04300396950653e-16,8.02309256544741e-09,0.00564900091922015,3.38154094056617e-68,2.5839637751672e-36,1
"20109",0.011279482319839,1.75845697983944e-18,3.78261375113178e-48,0.988293990569714,1.13198569407825e-05,4.42615427836036e-12,0.000406615875920465,8.42911865094945e-06,3.79010408640165e-38,1.6225450867527e-07,4
"20111",1.47068497071235e-42,0.00999877142874283,4.653635876406e-28,4.06869789653623e-22,3.1677173069821e-17,1.19244769300799e-33,0.988994572989299,0.00100665558195791,1.60382135886689e-37,2.72503291503597e-39,7
"20113",2.85814369083682e-06,0.000763295504363016,1.68172969001335e-61,0.491445116046137,0.278714207219907,5.85539579304881e-06,1.17830088685459e-08,0.2290686559071,1.74941663071713e-85,3.20309135323975e-53,4
"20115",2.06004879489258e-27,0.00117976276311277,0.00753540865516459,2.04886913073645e-09,0.00342159463148125,1.28876902411878e-07,0.972257423647446,0.0156056793770237,1.19444318655271e-27,1.98784015574821e-41,7
"20117",1.12210892531547e-34,5.8171430629528e-13,1.26965821016867e-170,1.13751370171651e-14,1.11091522551822e-25,1.52616856050896e-19,0.570373386655917,0.42962661334349,7.58308624031494e-197,4.13952293026639e-89,7
"20119",0.000245359829919983,2.38073372927737e-08,5.19304266156637e-112,0.966402800667807,5.91352486097531e-06,1.15769226201919e-08,3.32507201615326e-07,0.0333455580859506,1.14077159679389e-145,1.02542951164146e-74,4
"20121",0.848910319733677,0.00511788372341998,3.88639846958718e-88,0.0698778343873792,0.0732697932277199,1.56189256904021e-22,1.9541557596482e-11,0.00282416890826194,2.23355219693335e-103,2.74050510354349e-46,1
"20123",4.6931267076041e-16,0.996789634757083,4.84870278278378e-115,3.19421223303956e-10,7.92517326379034e-18,4.50253646417647e-66,0.00311936817908078,9.09967444142163e-05,6.70458168843748e-145,3.06588565681209e-91,2
"20125",9.54036934390411e-17,0.000248202655341989,0.727074598756428,1.5172373345029e-05,0.0304748819104293,6.43641366439121e-08,3.55570507994506e-09,0.00433554100858348,0.237843839230563,7.69614546776094e-06,3
"20127",0.988646396559423,4.75673094220958e-08,5.34796626773981e-157,0.0105731103567837,1.83621160104085e-13,1.29087488334207e-44,0.000780445511125338,5.17482855076878e-12,9.31181722768489e-106,2.40642705363095e-44,1
"20140",1.45663137738647e-13,0.93720985795346,4.11465269687105e-58,3.21859699333151e-06,0.00615737238854828,1.25481709030814e-17,1.10305363098959e-08,0.0566295400303166,6.31579160199768e-96,2.21810862932598e-61,2
"20142",1.03418060519322e-31,5.47265235263115e-12,4.77317034194246e-14,1.90209157386512e-07,5.08116956264316e-10,4.22330237765591e-11,1.11140357442865e-06,0.00117029189729055,0.00557497249315966,0.993253433440948,10
"20144",8.72268821366755e-30,0.380084154107561,9.64031964553531e-06,1.10302547341271e-10,0.00180466928859169,4.67945517862999e-14,2.71199481125009e-07,0.618101264974371,5.77245549759769e-21,5.7171411513592e-18,8
"20146",3.95923343049009e-19,0.0306249820453549,3.60740225129526e-14,0.00705609690556074,0.000310454002720562,2.2718390387369e-18,5.472058487844e-05,0.9619537418334,3.51814561189788e-15,4.62804568391735e-09,8
"20148",7.96287082896114e-08,0.0530296369828644,0.0334314659059984,0.00956959710608311,0.903803069181019,3.98308866893495e-11,1.08814934340179e-07,0.000166042340560498,1.0026604477912e-15,3.96705024614554e-26,5
"20150",6.23311632284659e-37,1.71723283762739e-13,0.00633534624040446,9.15439532800064e-10,8.1437148254561e-07,0.0025095732145207,2.63463957107214e-07,6.92423555059722e-05,0.990805688443197,0.000279070995321095,9
"20152",5.16599645499869e-06,0.01299717394086,0.000967966072365729,0.01168349296607,0.97188504921274,2.89429778536923e-09,2.87995855333858e-12,0.00246114891432476,5.65925633886326e-15,1.10051697414475e-15,5
"20154",4.47378343471227e-08,0.188764762137631,3.34544496414045e-149,0.000213812672133565,6.69203939766764e-24,3.2257346712292e-84,0.811021371070754,9.38164642972424e-09,5.49726953030044e-115,4.88264894053759e-56,7
"20156",4.59718264514708e-09,3.58806002943265e-05,9.96070623430726e-49,0.0748795306273698,0.0848750637926121,2.11656450680226e-13,1.32607998490487e-08,0.840209507109126,1.52511134064734e-36,1.24035342832078e-11,8
"20159",2.88233072075836e-26,2.72516422282913e-06,4.15885975582079e-12,5.26008974418693e-07,2.77475955764156e-05,4.68672089325828e-13,3.00955374725237e-07,0.00332105562548914,1.08850449851804e-08,0.99664763376069,10
"20161",5.98709156914382e-23,8.46722409887157e-12,3.81394395902486e-34,0.0133899500423993,1.39075654646114e-10,2.30506303070819e-13,1.61905402405719e-08,0.96423523025515,1.85345804408567e-23,0.0223748033641376,8
"20163",3.88593026833974e-08,0.0923662713200499,1.15715783818005e-12,0.0176855141414217,0.815664070333246,3.79279955867765e-13,0.0742832152869206,8.90057522610731e-07,5.249218910333e-44,3.9282724716849e-60,5
"20165",7.20046830360609e-09,2.13555180273044e-16,8.56465720982884e-69,0.977549912646074,5.1062941448387e-14,2.33773801184574e-25,0.0217386857620897,6.97722774727265e-08,1.39604439745506e-34,0.000711324619038886,4
"20167",2.5819954647193e-07,0.000214378641223164,0.019901756790267,0.00322134624445541,0.0872567343971589,1.2546692335033e-08,7.16084906148159e-07,2.15294815455234e-05,0.889383265373001,2.2412042326137e-09,9
"20169",3.65550694427961e-37,2.88065944327948e-19,5.5426447024601e-36,3.26190738688437e-08,4.66099179457518e-18,1.5152363917454e-13,8.90264792655397e-06,0.000111343272318255,6.42054357611045e-09,0.999879715039986,10
"20171",1.5066776312538e-13,0.000499401023577375,1.70698879823674e-197,9.28834081254333e-06,1.87408084714931e-34,4.63982045801339e-94,0.999491309160882,1.4745778041946e-09,1.50002442028119e-146,3.89960938028609e-63,7
"20173",1.21212441517707e-20,1.2719511501351e-36,2.73635550435972e-105,0.999674699566423,2.42905619034873e-24,2.07372140089348e-10,0.000290777234469663,3.4522991734995e-05,1.04497427761209e-82,1.94497353039273e-19,4
"20175",1.59556347307097e-13,0.000274705822971218,0.000187386027274105,0.00012151097430306,0.975942096880814,0.00139534372149053,1.153825794543e-07,0.0185267271108063,0.00355210951904256,4.56055889066448e-09,5
"20177",5.60468099671189e-08,9.56687044787356e-20,4.70812216339118e-80,0.919346486990382,7.39107562421763e-06,1.29226357419446e-05,1.02367366060336e-08,0.0806331330147055,1.06741915560237e-93,6.71670107711354e-24,4
"20180",0.832737023379611,0.0161897141622594,2.01748431607028e-101,0.150683951676032,0.000167763370137343,1.42547429573969e-27,0.000220907345346253,6.40066614363658e-07,1.53427685575519e-147,1.41892166163548e-107,1
"20182",1.4650185766204e-90,4.39955610854932e-32,3.86200935997148e-76,1.02852414046566e-24,1.40289870277293e-46,5.00987651534774e-13,0.999692354445905,0.000307645553547349,2.20234128982624e-49,4.67620645110869e-14,7
"20184",8.05551624719281e-17,3.9868794644906e-09,1.08611824397401e-11,0.000472649347424582,0.00034002677669622,3.73988930878033e-08,1.21795911954755e-09,0.00705766000291835,6.63471983638335e-09,0.992129614623648,10
"20187",4.0266198636261e-22,4.50461236153623e-21,6.96325048510308e-50,0.0109384537419445,3.78707812198297e-08,0.281894012482942,6.93859559020377e-12,0.707167495897394,2.28937725689055e-64,7.02520437844942e-17,8
"20189",0.271017272782789,2.76581497480409e-08,1.71760469097777e-33,0.507255007432912,0.221556012622168,3.76174326194731e-05,2.62028532838016e-06,0.00013144178603399,1.80545805172255e-43,2.03828528877363e-41,4
"20192",3.53108381932137e-13,1.28073434787306e-09,5.84060677440814e-89,0.00311794414721476,6.22268945330171e-18,1.16818387099241e-35,0.996882054475667,9.60312926748536e-11,2.19295634771134e-142,3.83971377451416e-105,7
"20194",1.87173480255236e-40,1.9744842800241e-12,3.49196782694753e-24,1.47841247191908e-06,1.79775681394681e-12,0.0195946537667088,1.98521659769576e-07,0.980403589150161,5.26092764668822e-30,8.01452268435206e-08,8
"20196",0.0587139262085968,0.321188095960604,1.74109240087052e-140,0.000661880738755949,8.82359456541729e-14,4.23810424901849e-51,0.619435669636736,4.27455218158333e-07,8.43838587741495e-123,1.23321896313845e-77,7
"20198",3.77132144923091e-06,0.00876106311556396,1.25442646713913e-15,0.0279918368309563,0.81246769727795,1.51353700559092e-13,2.99090125490023e-12,0.150775631450937,1.16523548190625e-30,1.25356963098037e-17,5
"20204",1.29204916111812e-24,3.80117747110156e-08,0.0010343591703235,1.32313074874254e-07,4.42883610571558e-05,1.2076101023331e-09,7.54388827234828e-07,0.000383228247413824,0.998140223362079,0.000396974937839996,9
"20207",0.117652056973669,0.204764986756963,1.97520578006141e-120,0.675560768509985,3.71312158243938e-08,4.92913425395466e-50,0.000201469162486069,0.00182068146568115,2.89072037184159e-81,7.29539174484468e-28,4
"20209",2.30161547374769e-38,0.397331797792921,2.93311943484756e-33,5.12952229458823e-18,2.93322291117843e-06,1.82367355650481e-08,0.0427316097594145,0.559933640988018,8.38812022091823e-91,1.59421000565084e-72,8
"20211",6.48738733275423e-13,0.934641735798363,4.37492965809396e-87,2.78145355293401e-10,1.96983061711598e-15,5.80407429708112e-74,0.0653573515765424,9.12346298171207e-07,1.97654059734946e-94,7.87090950518654e-77,2
"20215",0.0306371427072878,0.420541465312547,7.54303273424534e-54,0.54840976513537,0.000400569710825428,1.63193139708867e-23,2.71914229738439e-06,8.33799167219759e-06,3.98053193720465e-56,2.01089048314506e-43,4
"20218",1.99526034685947e-28,3.78128679898515e-11,9.74527129336671e-10,3.66254235625872e-07,3.96095091596233e-08,4.28494925283986e-10,5.54187098755669e-06,0.000362489133096076,0.615096031953939,0.384535529737398,9
"20222",0.00123478189155201,0.923216040370424,2.53595584854343e-74,0.0647472824259311,2.58785039104097e-08,5.70197856454269e-50,0.0108018693126966,1.20892323887217e-10,2.89495768474411e-52,1.73501575085837e-38,2
"20225",7.54357150984436e-31,0.179127364853298,3.70742632126839e-07,1.52213064497978e-06,0.00117652436306333,1.45625877097085e-12,0.000126230137383044,0.819567987771523,1.07765043939324e-21,1.55130805191038e-19,8
"20229",9.20756260479998e-22,0.546604106066926,6.98811528835096e-39,1.30291432037162e-06,2.25610340938348e-05,5.51109841553524e-18,1.36576241672119e-07,0.453371893408418,1.14899681926646e-72,3.15285370272878e-46,2
"20232",1.65041516057617e-06,0.279998787477026,9.0533944890582e-40,0.0156680378899062,0.599515983607394,9.07320071060405e-16,3.11846325293478e-06,0.104812422147259,5.46307249983559e-48,5.21398315599295e-36,5
"20234",0.000201889620750858,2.54641923223515e-08,1.28928763419237e-252,0.00145805884070747,1.9548798058473e-27,4.14667194286736e-61,0.99834002607408,2.68818577904093e-13,2.43660234137241e-245,1.09285235472292e-136,7
"20238",0.0099340914908837,5.80610700869589e-05,8.61626145465421e-83,0.979321310254934,0.0102749161065423,5.50833850181513e-26,0.000130786969468519,0.000280834108084812,1.88168695077963e-66,8.04961025311847e-41,4
"20253",0.660254638214666,0.0173106896461842,6.67564315244201e-118,0.322099468520829,6.47706196233917e-07,3.55047604020233e-28,5.72266874280431e-08,0.00033449868543695,1.03869198137762e-100,5.77009578271404e-48,1
"20255",1.45853367456432e-15,0.0140475846755067,0.903173547227387,2.34454600363567e-08,0.0819520175938639,1.57587281865648e-12,9.56897283872387e-06,0.000817245879805378,1.22035606484176e-08,8.90068143803205e-21,3
"20258",0.997179705871358,2.16033395039468e-06,4.05805819306112e-88,0.00271992378721297,3.03897042856562e-05,2.24329802954137e-27,6.7820263352088e-05,3.98404268527644e-11,1.6599752879651e-78,1.22232977432426e-60,1
"20269",0.636382645398488,1.75572631352662e-11,2.3408022810914e-54,0.360969612801221,0.00041900552727343,4.84678484311852e-17,0.00222749521740068,1.24103803017289e-06,2.96818790158859e-23,2.94168061008789e-14,1
"20271",0.0269747781008253,1.32212008561808e-13,3.21264295321581e-115,0.971545038839397,3.30220977791561e-07,1.08958871983423e-12,0.00147947441867267,3.78418905632068e-07,1.09538546977169e-113,1.92462567188194e-73,4
"20285",3.20733906130459e-25,4.89318379294294e-13,3.81232923019894e-47,0.00477126150652325,3.01707254568908e-06,0.00290610318197476,1.40937331085064e-10,0.99231961809753,2.51592397953485e-64,9.39794911622921e-17,8
"20288",0.000421890931878161,0.106374949910246,9.08009192660761e-61,0.792938543277811,0.0940719197132976,3.20327784144229e-18,1.20193874638061e-05,0.0061806767793036,7.78357231742173e-47,1.61686214862707e-35,4
"20291",0.000231037957961176,0.0311268484933525,2.39758107504047e-135,0.00698470172721912,5.12813237670221e-07,1.30893638333944e-35,0.00821157591502697,0.953445323093203,4.49379084021821e-109,2.89861215525723e-50,8
"20295",6.73038731878507e-08,9.95195315710464e-20,2.18998355300246e-50,0.989372876297812,1.51549418374733e-09,7.25426890802766e-13,0.0106270450414494,9.84064563542312e-09,7.83866271694851e-50,1.52424623110342e-36,4
