"","V1","V2","V3","V4","V5","V6","best$classification"
"19812",0.00155119766266248,2.33742963854384e-16,0.0152198437555249,0.980500997294267,0.00154499955925467,0.00118296172829078,4
"19814",3.66177140391196e-06,0.00593886403734261,0.838835986332873,0.154284865359818,7.78714564688275e-06,0.000928835352915064,3
"19816",2.94723534114782e-10,1.35696498617016e-17,2.44725229879218e-12,0.195395881386149,0.800111400945886,0.00449271737079378,5
"19818",2.77476945536063e-07,0.000196661947854979,0.0046693983618948,0.987211446404488,0.00373682485076506,0.00418539095805157,4
"19820",2.20440887568434e-07,1.27574295051168e-47,2.86819708049707e-60,1.89185382095729e-05,0.99051569230465,0.00946516871625264,5
"19822",0.0094278188987625,7.57777820844274e-42,6.71571852031865e-70,2.20848039037751e-05,0.00231313903677021,0.988236957260564,6
"19824",3.13052595106742e-10,5.80021362249557e-14,2.27176702324561e-28,0.000323845514062968,0.152271264438269,0.847404889734557,6
"19826",9.59618851145544e-08,7.73201688449813e-11,0.118603725538037,0.820482901327305,9.66685831554604e-06,0.060903610237138,4
"19828",1.08894984025702e-05,4.28740984660379e-24,2.37061688704445e-28,0.0154322486707101,0.978945802723795,0.00561105910709251,5
"19830",0.00483645280955434,5.16274750670036e-11,0.0304218840466005,0.951031506233907,6.17163381089921e-12,0.0137101568521391,4
"19832",0.907185740129142,2.26452689859005e-36,9.30905672063947e-13,0.0868209510735426,0.00483825170811755,0.00115505708826662,1
"19834",2.53034752052387e-05,1.92660225120571e-19,2.60255366581096e-18,0.771975819203282,0.195475277049297,0.0325236002722156,4
"19836",4.4858268222799e-06,6.46231332672869e-25,4.74647063418723e-08,0.989367083497549,0.000597018641848119,0.0100313645690743,4
"19838",8.12528836604033e-05,1.24152286146461e-07,0.979513312101889,0.0203917259122664,3.37803734002233e-12,1.35849465201745e-05,3
"19840",4.7694331152616e-10,1.8515992872179e-23,1.78681241125726e-11,0.842307760432037,0.122571086663619,0.0351211524095322,4
"19842",7.59204784629618e-08,1.27948789008574e-12,0.811487542451023,0.000161141125574411,1.59271970728924e-24,0.188351240501645,3
"19844",7.20148755190418e-10,0.821011827027454,1.8779708133825e-24,4.22388084338108e-13,6.65688065891527e-19,0.178988172251975,2
"19846",1.57222328170598e-08,0.140601394297046,0.857647506634429,0.000631825744908249,1.60339464407522e-18,0.00111925760138362,3
"19848",2.30199715888736e-07,0.98568248369384,0.0126136292375814,0.00138053423122794,3.51980437503239e-16,0.000323122637634213,2
"19850",5.51213417071459e-07,0.00582422785294518,0.947367683715155,0.0250060495188861,6.72342108489509e-11,0.021801487632362,3
"19852",3.82064770086751e-07,2.36646616242026e-08,5.11417195905231e-06,0.559290761141057,0.43464246513477,0.00606125382278282,4
"19854",3.644012756565e-06,0.987046166406898,0.00909324368844716,0.00357179458909924,3.08120830336069e-15,0.000285151302795902,2
"19856",1.38429775355214e-07,0.00679778684814567,5.92160784775339e-13,0.000316175565767275,2.15632504624685e-15,0.992885899155717,6
"19858",5.5840740540946e-07,3.56739296283311e-05,3.78957619927089e-24,1.0798843726749e-05,2.290596491215e-07,0.99995273975959,6
"19860",1.9369740759767e-07,2.38895857679074e-13,0.000275666181551191,0.639641904844068,0.335836669949729,0.0242455653270056,4
"19862",3.38899840430666e-08,3.11705406543533e-08,0.999286730429584,0.000248122300043313,1.05868244623406e-20,0.00046508220984755,3
"19864",3.00371038206207e-09,6.11526148227395e-31,1.00414841031644e-29,2.86168300016502e-12,2.16576329977496e-24,0.999999996993428,6
"19866",6.55194904358877e-12,2.20836983558542e-26,2.25716434519567e-20,0.805324625006938,0.0362484383022253,0.158426936684285,4
"19868",0.999999959909535,1.13532715120921e-44,8.79104997367381e-47,5.87169606525342e-15,3.51606959152943e-29,4.00904592339953e-08,1
"19870",2.70404915253789e-07,2.05229464754244e-05,0.891836774649133,0.106445645516747,5.69810663401777e-10,0.00169678591291875,3
"19873",7.97141602780731e-10,6.71036780617388e-08,0.00875680724741594,0.942633035283048,0.000385107544425781,0.0482249820242907,4
"19875",2.81547589936402e-06,1.00566242023629e-30,9.00740950357721e-18,0.0184402226535356,0.962061427940319,0.0194955339302456,5
"19877",9.13001991279902e-06,6.97104974215651e-05,0.112096998720174,0.882394788096522,7.88525573120162e-05,0.00535052010865685,4
"19879",1.30194895998771e-05,4.35077012107522e-07,1.23869838210955e-09,0.994641023518387,0.00154272874488265,0.00380279193142047,4
"19881",1.95430981938067e-08,4.59141282435356e-08,0.000158799934147932,0.933877412248701,6.20059102736239e-08,0.0659636603540142,4
"19883",1.45399017181257e-09,1.19423721705357e-09,0.491062261403569,0.403765018110627,1.11502583557253e-09,0.105172716722551,3
"19899",0.000241240862375145,1.08796824062751e-23,9.24231217860092e-12,0.9770686393688,1.81403999658075e-05,0.022671979359617,4
"19908",1.22854186305654e-07,2.83242601337648e-30,1.69105953292643e-35,1.09177257040259e-07,1.20753044740909e-17,0.999999767968557,6
"19910",2.10153673834269e-07,7.1726540886839e-07,0.000238797619475975,0.904790757514564,0.0913498053480677,0.00361971209881022,4
"19912",1.54462611153048e-08,1.25142009247952e-08,0.938813409467693,0.00162942456723734,1.47089831446673e-23,0.0595571380046077,3
"19914",0.000115729493774844,1.14047057379321e-09,3.74950196579256e-09,0.976750056651161,0.00598791613849723,0.0171462928265945,4
"19916",7.64753426582148e-11,8.07174788521758e-25,1.14890876763269e-37,7.88902543355615e-07,1.94902023567985e-06,0.999997262000746,6
"19918",4.03294196714041e-10,0.275858770995262,0.642699678134452,0.0731922941153655,1.30214979752604e-09,0.00824925504947652,3
"19920",8.06369198538827e-10,0.99412973072893,0.00246815991385192,0.000709214047670853,2.3478553996696e-14,0.00269289450315508,2
"19922",0.999991960855243,1.72353474905537e-33,2.777197262434e-13,7.80517064436547e-06,2.20657200435092e-07,1.33166343610399e-08,1
"19924",2.25923539267598e-06,0.0283569150587409,0.0103579152881956,0.948220042146371,1.14070052216029e-05,0.0130514612660783,4
"19926",0.00771472074048804,6.10594042015874e-30,2.87846696358316e-14,0.983372390467339,1.01844982037567e-05,0.00890270429394007,4
"19928",6.32921484891422e-08,4.8487092770167e-29,2.04150099177743e-24,4.76574415729822e-18,4.3010071945332e-39,0.999999936707852,6
"19930",2.16781185640159e-06,5.05497262072398e-08,0.951731142665583,0.048175800600199,8.42597931696785e-07,8.99957747031843e-05,3
"19932",3.4978260639542e-06,5.81336411241454e-05,0.995201552677547,0.00472371759835166,1.36119705604537e-12,1.3098255551889e-05,3
"19934",2.86387421473043e-05,9.66499038848448e-15,4.25622241432254e-17,0.592182463399839,0.373875673829765,0.033913224028239,4
"19936",0.00505394620005644,3.82965911265304e-13,0.00134981144484648,0.986927634184335,6.50796117327896e-06,0.00666210020920619,4
"19938",0.000114488443794947,1.942081753571e-20,1.9476456903709e-37,0.34383787387395,0.00426847115715252,0.651779166525103,6
"19940",1.29922579117492e-08,1.35404017804902e-06,0.00112457307185501,0.989365856588402,0.000252364972199525,0.00925583833510808,4
"19942",1.07921489985274e-10,5.5679173170086e-27,2.79229688311105e-16,1.92226095719724e-09,1.5198452508012e-27,0.999999997969817,6
"19944",1.28336761851084e-07,2.14669520706457e-10,8.04150226782054e-07,0.918555756796571,0.0678134852227847,0.0136298252789868,4
"19946",7.1239741323812e-08,0.00034834470836498,0.000398985800545762,0.95077764171667,0.0218288984345601,0.026646058100118,4
"19948",3.29379913046275e-12,3.91040521842967e-20,2.67046202742206e-10,4.60469427451061e-10,3.90324464315076e-25,0.999999999269191,6
"19950",7.76409846015647e-08,0.998764861340249,8.41494389565221e-10,1.90435496348739e-07,4.01182151036966e-21,0.00123486974177596,2
"19952",3.29379913046275e-12,3.91040521842967e-20,2.67046202742206e-10,4.60469427451061e-10,3.90324464315076e-25,0.999999999269191,6
"19954",5.68734407959748e-07,1.85106886684216e-05,0.987706572315668,0.0122362224658598,1.37460497310988e-09,3.81244207905858e-05,3
"19956",0.000187926394100638,9.6139743585053e-07,2.59955166650932e-05,1.19156374916925e-05,1.03555300567838e-27,0.999773201054307,6
"19958",0.999999999966899,3.90257556673193e-36,3.73479842650698e-32,1.2180425097115e-16,3.0357938736295e-19,3.3100612830874e-11,1
"19962",4.10952385059027e-05,6.13574723787463e-06,7.63543280700823e-10,0.149556590226708,3.45871434157188e-06,0.850392719309663,6
"19964",7.09003994977232e-06,9.71936152437253e-08,1.33348542639574e-06,0.972123514722429,6.31196884399063e-06,0.027861652589735,4
"19966",3.57035500010871e-07,1.1942791971492e-43,3.93818371087897e-42,0.420289882536509,0.00362895843463492,0.576080801993356,6
"19969",2.08110539523628e-08,9.2785264573569e-14,0.218459318849016,0.736580244414636,3.71211264019586e-09,0.0449604122130888,4
"19972",1.90866196970733e-07,0.111994455871218,0.0463611544386546,0.198735203239128,3.01498251708887e-13,0.642908995584501,6
"19974",1.34529187956993e-10,0.981225073679398,0.0105466677166356,1.76629415558156e-07,8.34938619415373e-28,0.00822808184002147,2
"19976",4.42213694973255e-08,0.0107498022611952,0.00763979290323267,0.963860694171446,8.29316618972221e-05,0.017666734780859,4
"19978",1.58782034924467e-09,2.06993080581759e-10,5.13855118101221e-07,0.603820089019402,0.387701875634436,0.00847751969623053,4
"19980",3.42119988288999e-07,0.952681902634272,0.0464293938090076,0.000745541123333657,8.10626034983242e-17,0.000142820313398568,2
"19982",0.00257466465201568,0.517634522960258,9.98967007561319e-05,0.0686818620319974,5.82296599420741e-13,0.411009053654391,2
"19984",5.95390384800657e-10,0.97742040176519,2.44643108477706e-13,3.77992414878943e-07,3.29146563713338e-16,0.0225792196467598,2
"19986",1.00103595651433e-06,1.77948285599445e-40,1.57735331604357e-46,0.0137863435643105,0.911325836970167,0.0748868184295665,5
"19988",7.55061611340828e-06,1.19229336421697e-52,1.64548721285665e-66,1.07815140977154e-05,0.968909151778679,0.0310725160911094,5
"19992",3.14515138110946e-07,1.15441871703059e-32,1.63692474344481e-45,0.000193332316744188,0.979669488883515,0.020136864284603,5
"19994",4.21260750053966e-05,1.96187791783901e-09,0.948085287926354,0.0518339553736275,1.09878809485095e-06,3.7529875039769e-05,3
"19996",9.70926637427773e-08,3.40700092332079e-28,9.49950383451901e-39,0.00159575978087842,0.987215547485651,0.0111885956408064,5
"19998",4.38908142661859e-10,1.36144825477057e-15,2.67305976564386e-13,0.0315916180575654,3.49894205681543e-12,0.968408381499759,6
"20000",0.957435445731815,9.72226123003749e-22,1.98977937836685e-05,0.0373744756963438,3.97980183334076e-20,0.00517018077805815,1
"20003",0.000548090240450439,7.86489739473209e-20,0.00477698445157238,0.993372498874985,3.28620860250005e-05,0.00126956434696717,4
"20005",3.0485630973464e-08,0.998799627333757,7.51018951013909e-05,0.00022896215359483,2.82035069814375e-19,0.000896278131915864,2
"20007",1.06645884078743e-06,5.34454606374596e-15,9.21862720518322e-12,0.967700506625246,0.00659994558217362,0.0256984813245154,4
"20009",1.66674475409058e-07,4.22132903455339e-20,3.42526785785298e-39,0.00121599158513244,0.000117348228096438,0.998666493512296,6
"20011",5.06307899681222e-08,0.00346745396952402,0.00319610765758602,0.846752777535022,9.21034713322564e-10,0.146583609286043,4
"20013",2.39856165175478e-06,0.361979062235131,0.338240691429174,0.292042009754272,1.86183809033984e-08,0.00773581940139103,2
"20016",8.14830912734184e-06,1.5491208522419e-29,8.05985122879314e-54,0.000463244821988151,0.0982016097872668,0.901326997081618,6
"20018",0.999994847363446,1.12450324259722e-92,7.44976462468243e-103,1.39074457037856e-22,3.83730310925546e-08,5.1142635226614e-06,1
"20021",2.89838599042589e-06,1.77153224379276e-31,6.66768356915157e-16,0.019131366929503,0.976229012410972,0.00463672227353398,5
"20023",3.38363103714825e-05,6.15758104284572e-11,2.04282562577648e-11,0.856945632901896,0.0921685984434237,0.0508519322623045,4
"20025",0.754997495504755,9.52628670400029e-72,2.06363041050058e-60,8.93924944595652e-11,0.0025162130707645,0.242486291335088,1
"20027",9.2230138217393e-07,5.74875641059172e-15,0.953165603136135,0.0275625983920096,2.96623972491709e-16,0.0192708761704669,3
"20029",1.25938930703087e-09,1.44148982022767e-07,0.836064045256823,0.0693574907872769,1.40681063375799e-14,0.0945783185475147,3
"20032",4.19852359629813e-06,4.02031486339453e-11,0.995899421061551,0.00403074849904138,1.07344345645641e-13,6.56318755010845e-05,3
"20034",2.77437040180728e-09,1.815320408105e-20,2.44290042337251e-07,4.8153643481638e-07,1.18239539227487e-20,0.999999271399153,6
"20036",1.01715593125821e-06,1.91868992381769e-09,5.11400523661914e-09,0.0779884297593458,3.72449155332286e-10,0.922010545679579,6
"20038",0.000705657509599978,1.79507223525987e-45,6.57203308661598e-33,0.081187491190565,0.91505155013804,0.00305530116179523,5
"20040",0.000269104768122934,1.73079475869538e-40,1.68380089751835e-65,1.94602457730069e-09,0.000509350893116659,0.999221542392736,6
"20043",1.58990072621929e-05,1.37188348446275e-25,7.87950746030267e-20,0.0103520335136358,0.960930050233622,0.0287020172454795,5
"20045",0.000888286210965979,4.96979463527571e-42,2.0131809868592e-68,1.22464778402496e-07,0.943889376896982,0.055222214427274,5
"20048",5.27434928217949e-08,0.990528085205353,1.89679002857418e-15,4.21629545703554e-12,1.34384976743762e-23,0.00947186204693592,2
"20051",0.00206911076225544,2.07846940089566e-14,1.36504554733727e-09,0.509438196355238,0.0243618995899476,0.464130791927492,4
"20053",3.33842620399173e-09,4.1042597897174e-09,2.75255443603811e-15,0.653347411492479,0.118626161545443,0.228026419519389,4
"20055",0.11111841587328,9.80686223759868e-54,6.71711787703994e-28,0.87616706113417,0.00629752174677919,0.00641700124577143,4
"20057",0.999999999999677,5.07168121783389e-51,2.35856337117474e-51,7.12674346094463e-29,5.80112872679844e-44,3.22657558461128e-13,1
"20059",0.00131551583205152,1.16783710680792e-18,3.17716587630928e-18,0.500089687199152,0.122840955010079,0.375753841958718,4
"20061",2.45495595725499e-07,1.85091900254027e-17,1.45358565150523e-11,0.740961542074675,0.173539723439131,0.0854984889760625,4
"20063",3.86265555397367e-08,2.07490732665932e-13,1.80598289371616e-54,3.10059554756465e-19,2.33807923418444e-16,0.999999961373237,6
"20065",0.952788930889598,2.04948000575001e-86,2.9424312714285e-61,1.51790084754202e-08,0.0471799955507618,3.10583806316253e-05,1
"20067",0.000551798674587307,5.80710500204772e-15,3.81193966600623e-32,0.00176335058755619,0.783624763597982,0.214060087139869,5
"20069",4.49628294593799e-07,0.991405314832869,0.00805886765711207,0.000405829493552978,1.46902568906008e-16,0.000129538388170713,2
"20071",3.98215927747146e-07,2.85476209004335e-23,4.78273835144791e-18,0.38450469540981,6.12958602302602e-08,0.615494845078401,6
"20073",2.97303734283072e-09,0.922969869055353,6.51976804276608e-05,0.00643449998081267,2.32000109475364e-09,0.0705304279903682,2
"20075",0.999999999778151,2.67348806904367e-56,5.99345967798683e-39,1.20358195924463e-11,4.46595791556841e-23,2.0981281802226e-10,1
"20077",8.88964173753736e-10,1.63639289621609e-12,5.94935667413419e-16,0.167541767533438,0.820495426596934,0.0119628049790262,5
"20079",6.38694832151733e-08,7.74787258325939e-11,1.13625312480003e-19,4.63418264888375e-05,1.04463312643382e-06,0.999952549593423,6
"20081",0.410153258446371,2.25495872010976e-25,6.36888691740991e-24,0.275185601202822,0.31045540692597,0.00420573342483677,1
"20083",6.9108910782997e-07,1.98529566151014e-09,2.15338862725295e-24,1.81771529977014e-06,1.14165650267846e-18,0.999997489210297,6
"20085",5.4106261677955e-05,2.89351610962923e-58,5.49013908803609e-64,4.60115526539675e-06,0.988893929609392,0.0110473629736647,5
"20088",2.03572844829345e-05,1.4392782548108e-29,4.0909919737281e-27,0.0147789028219928,0.960814016563325,0.0243867233301987,5
"20091",0.999999706567171,7.63113626783311e-38,9.58619307986084e-41,1.2076032574279e-07,1.08504872988996e-07,6.41676301512836e-08,1
"20095",4.02484686298356e-08,3.46998223058579e-08,1.96222223267431e-26,4.53397152142176e-06,1.32633043134411e-14,0.999995391080174,6
"20097",0.000977996927934957,8.14995501557723e-62,5.93292248428642e-64,4.8568148247536e-06,0.983996803965822,0.0150203422914181,5
"20099",3.5277734442987e-15,1.40013968014424e-13,9.26102401039894e-27,0.00102389058442068,0.000327936690777871,0.998648172724658,6
"20102",0.937091347414437,8.70041640657406e-10,3.27872318257751e-28,3.37108907108042e-09,1.12938533742573e-12,0.0629086483433035,1
"20105",5.18406035299845e-08,3.07976814624262e-19,2.19876156997941e-24,0.00347282115695705,0.837185317520357,0.159341809482083,5
"20107",9.62445542808849e-08,2.38916399443758e-24,1.98492650577616e-26,0.319193253470105,0.670596269368655,0.010210380916686,5
"20109",8.34104292175401e-11,0.000159466610046416,9.67734545104833e-16,0.0115973958819079,0.0940359872895614,0.894207150135073,6
"20111",0.999999999312228,1.18444292739875e-22,3.04924738705194e-14,4.9619229687442e-10,3.55259326798373e-23,1.91548960774504e-10,1
"20113",1.2954311634713e-08,4.30092965050794e-31,2.41611785846642e-19,0.941199910071698,0.00209351288854827,0.0567065640854422,4
"20115",0.30932346233279,2.71724177765844e-15,0.627100614523574,0.0561754871654112,3.9398308886334e-13,0.00740043597782813,3
"20117",0.998900076096328,5.73404218804156e-58,6.40300231931921e-53,6.20218023981189e-11,6.2565176050348e-19,0.00109992384165045,1
"20119",9.7187140643672e-10,4.09959903616003e-44,3.03421052320287e-34,0.164573526710185,0.0253410967308647,0.810085375587079,6
"20121",2.81036024645663e-06,1.12662439851317e-31,3.28871399953668e-32,0.132237234736765,0.845235439230206,0.022524515672783,5
"20123",0.999999224976095,9.57302143094157e-63,5.06872170974108e-48,4.15082927483562e-08,1.38849206578176e-07,5.94666405844065e-07,1
"20125",5.90518331830863e-06,0.000533386230135793,0.988666184953116,0.010257468346707,3.95660788446693e-11,0.000537055247156996,3
"20127",1.73378137535281e-06,9.18379104503029e-35,1.2607680804507e-54,8.82467086600178e-07,0.977299542024465,0.0226978417270734,5
"20140",0.122386745845582,3.69628125814544e-41,2.46185542304522e-20,0.858220163037278,7.4501616909282e-07,0.0193923461009708,4
"20142",2.1518365888419e-07,0.998912624503616,2.9728961954928e-05,7.8674988549542e-07,4.93344379058383e-20,0.00105664460088471,2
"20144",0.923282697384072,8.07630233685636e-12,0.019845610143677,0.0514666606319438,9.52562716169303e-16,0.0054050318322297,1
"20146",8.39175791694327e-05,3.39370314645799e-05,3.22098756731779e-07,0.0134131831012354,7.99556054419154e-11,0.986468640109418,6
"20148",9.09696658102558e-06,1.62080651846626e-12,0.0782615393375109,0.901940721183721,0.000175242663497749,0.0196133998470687,4
"20150",1.16661597984109e-08,0.671199042810464,0.327210101151487,5.14321226829345e-05,1.72195657261984e-22,0.00153941224920611,2
"20152",1.94838600548749e-05,3.55122541746422e-09,0.0400642249055174,0.947036062775724,0.000242254588220043,0.0126379703192585,4
"20154",0.999813087311509,5.87778496779507e-42,9.07408299936571e-59,1.41839426807524e-10,8.57257319587235e-05,0.000101186814693267,1
"20156",0.000157870450745175,2.03759743601301e-08,4.43821563700265e-16,0.291101886088403,6.84649160613897e-05,0.708671758168816,6
"20159",1.11772696105139e-05,0.994357848955618,6.50806194250751e-08,0.000653510322288669,3.63491357847665e-17,0.00497739837186331,2
"20161",2.06843908144557e-06,0.00212449852757449,2.71005635625631e-12,5.21862039400777e-06,3.92481709918409e-14,0.997868214410201,6
"20163",0.0273423725398586,5.94103008548925e-29,3.68605443722898e-06,0.908879315510404,0.000403852958156475,0.0633707729371432,4
"20165",6.42345811809988e-08,0.00728973374439681,8.83174428242954e-22,1.51671065476264e-06,1.59907322381245e-05,0.992692694578129,6
"20167",6.25896236056786e-08,0.00140803060288933,0.80622231976997,0.190152825840423,5.75913487210843e-05,0.00215916984837318,3
"20169",3.12783234458183e-08,0.998525559983352,7.05752096095819e-11,2.58574582780353e-10,6.6718491516186e-23,0.00147440840917437,2
"20171",0.999753582952214,1.88629112369687e-46,6.17878133492427e-74,1.32150481873031e-15,2.58801077477642e-07,0.000246158246707582,1
"20173",5.413716109588e-13,1.65079688158981e-14,2.57380287535885e-33,9.61378983618131e-13,8.33113209146863e-13,0.999999999997648,6
"20175",1.62202421086044e-05,0.00146571479741873,0.197089271569309,0.79040754470547,4.77051794396624e-08,0.0110212009805146,4
"20177",4.64773915338993e-09,1.5691707393857e-17,3.1538560879946e-23,0.0284484259378339,2.71444198548066e-05,0.971524424994572,6
"20180",0.000305298245923515,1.85601774026008e-60,9.55014655302899e-38,0.00174725168937393,0.979684090724761,0.018263359339941,5
"20182",0.967767804255988,1.02977053832521e-07,1.23667564269738e-22,3.25445473553292e-22,1.00314193166186e-47,0.0322320927669584,1
"20184",5.75221819510053e-08,0.994683965008113,8.32839902125437e-05,0.00151084288192245,3.85651630693779e-12,0.00372185059371357,2
"20187",6.68104024430415e-12,8.202435788738e-11,1.89199705961679e-13,0.000139806736473563,8.39888277293754e-12,0.999860193166233,6
"20189",6.16678143200346e-11,1.54965809089325e-21,1.39051808051317e-12,0.492637269672083,0.426406213237474,0.0809565170273844,4
"20192",0.305599360325233,1.55397531075997e-54,5.70225380197442e-36,1.15052626297581e-09,4.57115190941844e-05,0.694354927005146,6
"20194",1.22095689885947e-10,4.0587172796563e-05,3.59897105967935e-07,3.07682604576707e-05,3.53447479568068e-23,0.999928284547544,6
"20196",0.280548218167597,2.28666146938314e-48,1.26163004948997e-50,2.54258698313623e-05,0.713088973017158,0.00633738294541311,5
"20198",0.00448105645017591,7.31093373175657e-13,1.47177761937476e-06,0.789035167832715,0.000130329994223961,0.206351973944534,4
"20204",3.79566792137965e-05,0.215609236737838,0.780177959207813,0.00363698996466586,5.84422280002574e-15,0.000537857410463411,3
"20207",0.184608922353469,2.20596504919072e-25,9.2771457520852e-43,0.00551600800582042,0.654757387629066,0.155117682011645,5
"20209",0.999824614949949,9.20315150244338e-44,5.00783267533358e-12,0.000171213930183517,1.18216023944212e-20,4.17111485981754e-06,1
"20211",0.999991838940715,3.42544170105849e-48,3.28689065339489e-37,7.95501393432679e-07,6.67092051755325e-06,6.94637373986586e-07,1
"20215",6.95109195133056e-08,2.96044398957206e-27,2.45792621674868e-21,0.120386776839234,0.757518550739763,0.122094602910083,5
"20218",1.60463526459162e-07,0.998001832739469,0.00162530842243635,1.07099744797047e-05,2.39154102305305e-18,0.000361988400088362,2
"20222",0.164234353237523,5.01651302830902e-26,1.95385538947941e-28,0.0201380030110106,0.606200016747293,0.209427627004174,5
"20225",0.0313931998695584,3.26791431528835e-11,0.00858967686937641,0.0403079541982616,8.3353345865616e-17,0.919709169030124,6
"20229",0.00216089813268333,4.59665955027873e-29,2.49783215878323e-14,0.412921171944303,1.31620695657354e-09,0.584917928606782,6
"20232",0.000836193955783545,5.66859485595263e-21,2.05796121321605e-15,0.982454366452386,0.000490902941901612,0.0162185366499264,4
"20234",0.793657252165137,4.71320184166443e-86,3.44943544703885e-87,1.60218641442085e-13,0.196610743714386,0.00973200412031719,1
"20238",5.09875677658491e-06,1.65818915671306e-23,3.75459614580063e-29,0.0636112925357366,0.349375717221712,0.587007891485775,6
"20253",5.99929000573686e-08,4.48163991394474e-37,2.30461651486037e-41,0.00477521311410637,0.961678770893668,0.033545955999325,5
"20255",0.00106313945746154,5.28806316996973e-09,0.901761373894679,0.0971536226790569,5.26229788182304e-09,2.18534184415416e-05,3
"20258",5.24901389148957e-07,1.21761710018216e-37,3.22833630803943e-33,0.000651782706047925,0.992104343840947,0.00724334855161624,5
"20269",7.55895987374317e-08,7.2892977487176e-10,1.42813292417912e-17,0.022976353213614,0.858788265262634,0.118235305205224,5
"20271",2.87650512722676e-08,2.20104577666343e-44,2.70944278199324e-36,0.00129762019734742,0.521175368538446,0.477526982499155,5
"20285",1.24971263219162e-07,1.73779697991858e-14,4.38007089676268e-14,0.00490116258766379,1.9918171564048e-17,0.995098712441012,6
"20288",1.62533543334429e-06,7.96305119847627e-23,3.19493777724188e-21,0.871318213457399,0.0339214805643245,0.0947586806428434,4
"20291",0.951554016169799,1.13825382164831e-34,3.83807644789903e-46,0.00489096842557119,0.0371807735589691,0.00637424184566096,1
"20295",1.29488634339847e-09,1.35363353254482e-18,9.41559390536311e-19,1.76725165566095e-05,0.000463326614081412,0.999518999574476,6
"20298",1.90527582120339e-06,4.25735826141884e-07,0.991805655504432,0.00806527741205865,8.71340438764196e-14,0.00012673607177478,3
"20302",9.02111096541827e-07,0.867180599309467,0.000104576070271132,0.0313110927064733,4.97917650521701e-12,0.101402829797713,2
"20305",1.10828626843709e-06,1.63086960539629e-11,0.989608345207612,0.00972579915794221,3.84637086466828e-15,0.000664747331864641,3
"20307",5.60695400219122e-05,6.98578442123818e-33,3.14811290756293e-40,0.0161002181272353,0.963721749936404,0.0201219623963394,5
"20310",1.98655634465278e-05,2.29465923480003e-58,3.66024972474877e-73,3.03618554130045e-10,0.516596128023501,0.483384006109434,5
"20313",8.07858756514594e-09,0.971414368398693,9.44042576823738e-12,5.2304516195e-09,3.53574926121418e-27,0.0285856182828276,2
"20315",1.73883197092534e-06,4.32306758227909e-32,5.33225870962281e-33,0.421466397678558,0.552211025922818,0.0263208375666526,5
"20319",0.940463595064965,3.39588223000453e-57,6.61066768783535e-48,5.57935629510121e-06,0.0185609067819118,0.0409699187968281,1
"20321",5.48113860867029e-10,5.85950988450695e-31,3.26628307156598e-38,2.46299677573596e-05,0.915762016261632,0.0842133532224969,5
"20327",5.5972621687767e-10,1.34924836636788e-31,2.12067245624245e-35,0.00144962709009293,0.984078248580053,0.0144721237701278,5
"20329",1.52942736829601e-12,5.05719288335359e-08,2.76398780644256e-07,4.03315121885193e-08,1.99119511976955e-27,0.999999632696249,6
"20335",0.0590043506239709,6.59561697750293e-36,2.21397774929892e-51,4.95435667118495e-06,0.92896584714908,0.012024847870278,5
"20337",1.59366406348899e-06,0.999207051923756,6.44652951409006e-05,0.000594639262075065,1.0678504226055e-15,0.000132249854962975,2
"20339",0.98903382249649,4.59670752545997e-53,5.41133729221013e-27,2.92926131592347e-06,5.01623129906771e-13,0.0109632482416922,1
"20341",0.998783704364492,2.24767933971883e-26,2.37763973627568e-53,5.22545761222843e-09,3.77497950868746e-07,0.00121591291209977,1
"20343",0.000148268108237428,4.99442524910679e-26,1.05918857785931e-53,9.82036314576144e-08,0.0829162989041759,0.916935334783955,6
"20345",5.50950511944601e-05,6.29483978870702e-21,0.000530940385451556,0.986890279333668,7.98827948228853e-08,0.0125236053468916,4
"20350",0.0105614285323668,9.87693089047723e-22,9.83615814926255e-28,4.67368053580217e-05,1.10528319719819e-12,0.98939183466117,6
"20352",6.67766211386378e-09,0.998709663478976,2.70057344445901e-10,4.86652424124523e-09,1.6211939707813e-18,0.00129032470678043,2
"20355",8.80317749512993e-05,0.0229530055322582,4.24163118849642e-13,0.00055859154201424,3.59028481603323e-11,0.976400371114449,6
"20358",2.60064660129663e-12,6.34356332657543e-07,0.000868578693852485,9.16018289124855e-07,2.67460202588376e-25,0.999129870928925,6
"20363",6.79530949198604e-10,3.37597346298061e-27,7.88239152965492e-30,0.000603940587837681,0.966364390026747,0.0330316687058839,5
"20365",0.896310661346783,2.60602350631585e-36,3.26739664834117e-25,0.0923985002614601,0.0112123865770891,7.8451814667248e-05,1
"20379",0.676950634330743,7.36981218993628e-07,0.0850468548788912,0.237437808725883,4.37057495745791e-11,0.000563965039558293,1
"20387",0.000213128176240004,5.50199132470951e-26,3.82524369477453e-24,0.0119998060861851,0.980672885042998,0.00711418069457701,5
"20392",0.999914304398996,2.07982738444045e-62,7.2668814968639e-44,6.90568641130053e-09,8.54197504701316e-05,2.6894484720126e-07,1
"20395",6.54604190214192e-05,1.45600214767414e-05,0.178052223491032,0.779608295159466,0.000108161920802731,0.0421512989882019,4
"20397",5.43040991026819e-12,3.25536786130699e-06,1.57914106673931e-15,4.14625730950477e-17,3.48807483590485e-42,0.999996744626707,6
"20410",1.12652729173779e-05,1.89601866903381e-39,1.99589093646215e-18,0.0768797095541579,0.908525113565,0.0145839116079247,5
"20414",1.06786407265595e-06,0.0270161923939114,0.660401378117776,0.160211605525972,1.2545934912411e-07,0.15236963063892,3
"20417",0.998422122578947,4.00883992230955e-108,2.88515276321141e-116,1.9487840579507e-24,2.62965339720266e-10,0.00157787715808714,1
"20419",9.37792800319748e-14,1.09325597917361e-30,7.57579936999071e-43,0.000290464020870637,0.991416966659563,0.00829256931947262,5
"20421",0.934522876164623,0.000623286892606792,1.13074176354436e-07,0.046807608523463,3.94683233534408e-08,0.0180460758768072,1
"20423",0.00196855399704895,0.146139245060809,0.784960160067587,0.0649298876199364,7.23086694993619e-11,0.00200215318230979,3
"20425",0.00103979411452894,0.124522721657194,0.00413818199113183,0.716863524894372,1.09940693153397e-10,0.153435777232833,4
"20427",1.26844800528924e-06,1.6716938020267e-15,0.000204095199059092,0.937756159376896,0.0260854634244023,0.0359530135516356,4
"20429",8.29983477447631e-08,1.03822209708094e-26,1.68907915335261e-45,3.65470627194124e-06,0.0015112886793282,0.998484973616052,6
"20432",3.72258548132072e-08,0.205698069669705,0.536630288241779,0.00150922432813828,2.90930424961691e-14,0.256162380534493,3
"20435",0.00274277228557306,2.98137978623711e-26,8.80638051680321e-11,0.551812787371501,0.0217812034592546,0.423663236795607,4
"20438",9.71073036408783e-12,6.74736861476294e-15,4.23968494952695e-28,0.010229275105649,0.918605078699543,0.0711656461850904,5
"20440",2.22640580370725e-08,8.91784921213644e-23,4.20880319650742e-38,0.00341294414108099,0.959420229159214,0.037166804435647,5
"20443",1.82274572099997e-06,0.402675422447021,4.65118236052094e-16,1.81405394098218e-05,6.170479988607e-14,0.597304614267786,6
"20446",7.91247417244253e-06,9.93849375605755e-14,1.26221290399695e-13,0.618275216580998,1.1344818753679e-05,0.381705526125851,4
"20449",0.000236520474030558,6.24562900142496e-22,2.62239467679279e-15,0.951189614913829,0.0183623495869389,0.0302115150251993,4
"20537",0.522873812166735,1.05015902866911e-24,1.28822054698713e-28,0.00346548719981072,0.458186060605367,0.0154746400280872,1
"20540",0.999887386163349,1.09435835131027e-65,3.69421860410706e-52,2.98850237637276e-10,0.000112581268398318,3.22694026045309e-08,1
"20543",9.22449615813268e-05,5.65777363438699e-11,3.05259290711624e-09,0.96727211934648,0.0260371040510038,0.00659852853176455,4
"20545",0.9999977614821,6.45278605421426e-46,4.51021773816417e-40,3.52123943808429e-09,2.19341510467561e-06,4.15815561313281e-08,1
"20549",0.00289074012440692,0.00152056159255318,0.00314368100911177,0.981445786873709,0.00967990659064653,0.00131932380957306,4
"20551",3.38964659915086e-05,1.1898271282019e-10,7.42853891278743e-14,0.333601272885077,0.658762956316202,0.00760187421367172,5
"20554",1.21102498917174e-06,1.48388880219361e-16,1.23529309243977e-17,0.0688192642737469,0.927760959197595,0.00341856550366853,5
"20556",0.0135932366149699,1.4680565165393e-17,6.55028290491039e-13,0.981417019045102,6.75122748992246e-05,0.00492223206437373,4
"20558",3.3948618446036e-06,6.23411950480503e-28,5.53615965024963e-33,0.00216783068401732,0.989824865677378,0.0080039087767599,5
"20560",8.64400879932717e-10,1.77691838090591e-07,2.91545251795973e-13,0.0717489913621868,0.89509211983478,0.0331587102465028,5
"20563",1.46847189260636e-06,2.33659768714634e-35,5.45608719716945e-50,4.61136829955012e-07,0.98452448597492,0.0154735844163577,5
"20565",2.79768783185535e-06,9.23101812076908e-11,1.33966982787551e-15,0.118747296501356,0.0582931185297699,0.82295678718873,6
"20567",1.85268430588278e-06,0.93199425889641,0.0185745337455135,0.00148233630067507,1.12241438961413e-14,0.0479470183730841,2
"20571",1.50114735998845e-05,1.46134116240111e-41,3.5579370548358e-45,0.000330419665527443,3.30581715399226e-05,0.999621510689333,6
"20573",2.42276403754052e-05,1.86761744541107e-10,1.19256758506321e-15,0.578743829738023,0.402267867107459,0.0189640753273805,4
"20575",4.17897513411904e-09,7.69772986431657e-34,9.44453197387503e-43,0.00136582844491415,0.825910968141667,0.172723199234444,5
"20577",1.82376282992881e-05,2.98541137033397e-18,2.84620260314444e-10,0.992044052727231,8.16680317661345e-05,0.00785604132808344,4
"20579",7.75580682429159e-13,0.871209366732555,7.44318388705323e-10,4.68884685575722e-11,1.30626500456123e-30,0.128790632475462,2
"20582",2.5202539672238e-07,1.44359496580713e-42,2.81183160162007e-50,4.15989876391028e-05,0.981473371550506,0.0184847774364583,5
"20585",0.958066826307564,1.90522306312735e-39,2.32186886801054e-20,0.0042687248761894,0.0374617583675297,0.000202690448716671,1
"20588",0.999716823747964,4.91968238027756e-26,4.04671445463525e-26,0.000206588709588275,9.65275307868929e-11,7.65874459201331e-05,1
"20590",6.78723835142724e-12,0.995561931100721,0.000153111643359135,1.52315409011609e-08,4.34855172657072e-27,0.00428494201759186,2
"20592",8.18571139556657e-09,1.05465193177463e-27,1.43496923319603e-49,0.000101025036602793,0.986411873832682,0.0134870929450039,5
"20594",3.56470016888175e-06,5.29273883417662e-50,2.29117285908348e-49,5.76854994343016e-05,0.988786235940418,0.0111525138599784,5
"20596",4.42987310961640e-11,4.02123068458125e-12,1.05834989887893e-16,0.691212730824563,0.242854735845005,0.065932533282112,4
"20598",3.13293649909084e-06,9.39298094957585e-15,7.17868740438869e-13,0.302011317553524,0.684581423612281,0.0134041258969688,5
"20600",0.476499653659932,1.60297058927279e-13,1.17010456268116e-12,0.519284094279294,0.000396241633815166,0.00382001042562858,4
"20603",0.139634336722482,5.46681209187195e-06,0.227309089710557,0.608479292355037,3.62550576436466e-10,0.024571814037282,4
"20605",3.58775392583646e-05,5.8911571326982e-37,1.62115314936674e-29,0.473790986953716,0.50918713824393,0.0169859972630955,5
"20607",1.37548816706919e-09,7.8207247628733e-23,2.24988771279712e-20,0.228743491289996,0.76684132270536,0.0044151846291555,5
"20609",1.33630258601968e-06,3.37773493354407e-19,6.04197751660765e-16,0.0382663505754703,0.955977883040145,0.00575443008179766,5
"20611",2.54067409193394e-07,9.80472347976577e-06,0.996432830608938,0.00287319167577541,5.48385081998622e-17,0.000683918924398015,3
"20613",0.000785594029964898,2.23062306985025e-21,1.2602017481215e-06,0.503972010998524,0.493795337578699,0.00144579719106477,4
"20615",0.00318650196493147,7.74875507556383e-10,1.31616281164696e-08,0.987106560094818,0.00402738249778296,0.0056795415059642,4
"20617",7.76468347839081e-07,0.987497483817827,1.52100938998366e-10,1.63859558747288e-06,1.04446097989397e-20,0.0125001009661366,2
"20619",7.86272161591029e-11,4.04459566715696e-25,3.75970973760257e-43,0.00225420151061203,0.98863360934635,0.00911218906441075,5
"20621",4.9312860241393e-06,1.03294188353602e-14,6.65452777396804e-15,0.859250964541287,0.0239400107530153,0.116804093419656,4
"20623",2.1148321966791e-11,0.598701919432279,5.77122172886596e-09,0.000139295682633513,6.28913549866135e-09,0.401158772803582,2
"20625",0.862673756807989,2.50694236893162e-09,0.000256502743551606,0.124191879511366,8.4800471374944e-13,0.0128778584293032,1
"20627",7.88502276639365e-06,1.9038274273543e-18,1.0343353868907e-08,0.92175479816361,0.0681396199553389,0.0100976865149308,4
"20629",7.3649285472663e-05,6.36029816632038e-11,3.83994003660188e-12,0.948419621691777,0.0374591890915228,0.0140475398637847,4
"20631",2.10344330877221e-09,2.70353883819611e-29,6.96548483195029e-49,2.59352005222028e-06,0.934742743490547,0.0652546608859579,5
"20633",9.650228217964e-11,0.995849246423866,5.69923745717434e-12,1.2706755380337e-11,4.97073426911339e-31,0.00415075346122561,2
"20636",2.10710860458128e-07,1.68095320801551e-05,0.00392612832386698,0.23246318990279,2.04230712281532e-15,0.7635936615304,6
"20638",0.000267025513418751,1.48517335195777e-32,8.25193980111493e-13,0.343037796519356,1.23663329542013e-06,0.656693941333105,6
"20640",0.29511535292441,1.05557363419318e-44,7.55776042088888e-28,0.0840556246256531,0.620319501480707,0.00050952096922963,5
"20645",0.000112058019698578,2.93882104770523e-53,1.20504903765096e-55,3.65501359807882e-06,0.987402764513891,0.012481522452812,5
"20647",7.85855387281743e-08,0.987250633211285,1.97588748923194e-18,2.2886848576143e-11,2.32958381237441e-24,0.0127492881802896,2
"20649",0.0385407273916884,6.00803043933825e-23,7.72130743261908e-17,0.0585362200275101,0.872603639929821,0.0303194126509809,5
"20651",2.13085115075147e-07,2.45995093148039e-36,4.96267740797419e-68,3.08641324710856e-07,0.0038829678491138,0.996116510424446,6
"20656",0.172050862254782,5.87590748418695e-41,8.85810749549695e-36,1.06337565089735e-06,0.775743026616017,0.0522050477535503,5
"20660",0.999999478347633,6.0847246886021e-54,1.36547204652266e-33,3.83136216743948e-08,5.1307853982283e-09,4.78207960247582e-07,1
"20662",3.15965346013681e-11,0.0491711852719334,4.94409476012764e-10,0.00015960728141896,2.86606904387861e-20,0.950669206920642,6
"20664",2.32983450560538e-12,1.38715195704829e-12,6.54890853652893e-28,5.19221898769582e-05,0.000148463532863912,0.999799614273542,6
"20666",0.998777209244595,2.96796792167908e-30,8.25733034850113e-06,0.00121437528932321,5.70143172984931e-12,1.58130032442944e-07,1
"20668",1.8190165324804e-09,0.003409536628573,0.992918867212446,0.00272145078979288,5.9994753038943e-13,0.000950143549572124,3
"20670",6.1730508162817e-10,5.47867352225303e-43,1.56893982411974e-37,4.82702795172251e-06,0.00748550846017643,0.992509663894567,6
"20672",4.12515821387918e-05,0.437256706344875,0.55767173326406,0.00463722603424777,5.76790644342491e-14,0.000393082774621124,3
"20674",2.87833728879048e-10,2.25248861576562e-14,8.18707210174377e-12,0.399450767158002,0.580080371197613,0.0204688613483415,5
"20676",1.25820205824042e-05,8.0973966318355e-05,0.328038912254839,2.04682371447157e-06,3.86619957845563e-31,0.671865484934546,6
"20678",3.85398789860161e-10,0.00255795248469749,0.34879835117025,1.67154096572121e-07,8.82717910865601e-32,0.648643528805557,6
"20680",3.70237857110319e-06,0.0509447259218977,0.754798625470957,0.189855519311128,6.65841566717007e-07,0.00439676107587955,3
"20682",4.09348609697779e-07,5.0608801325034e-10,0.0480749114024054,0.783601263732511,4.92330220708998e-09,0.168323410087084,4
"20684",1.61384091300111e-07,2.64701853619002e-33,1.98007899903223e-18,0.0417649080122166,0.000106395570291767,0.9581285350334,6
"20686",5.85848922330383e-08,0.999664571115875,0.000151955540889032,1.13167717662694e-05,1.3099793422728e-17,0.000172097986577292,2
"20688",6.01976571283164e-11,0.00770589390155503,4.18916765501026e-06,1.07432054240399e-11,1.10326325923649e-35,0.992289916859849,6
"20690",0.997623076188278,5.75127982372053e-55,7.90647746702923e-32,0.00190883452039461,1.06371967878065e-05,0.000457452094539769,1
"20692",3.21240197211546e-12,0.987644601798793,4.13874312470485e-10,1.11783515197252e-13,1.67353946035133e-36,0.0123553977840082,2
"20694",3.9071393277523e-07,3.68804011929315e-06,0.99687774899787,0.00294199474661051,3.17136863677088e-15,0.000176177501464582,3
"20696",1.17054676028372e-07,4.60565528760485e-06,0.146801528174484,0.802002177171919,8.9463059415204e-11,0.0511915718541709,4
"20698",5.6898060703886e-06,3.95246941204649e-14,1.06479716156837e-16,0.0704824205869262,0.00895444770764489,0.920557441899319,6
"20700",2.56814639344371e-09,2.65385275533269e-12,1.74540392870838e-28,0.000296052878399015,0.00549133925901248,0.994212605291788,6
"20702",0.99549320957142,3.18136733092977e-60,1.03232233589038e-52,0.00162872313506179,0.00146730595403217,0.00141076133948599,1
"20704",4.71714163793395e-06,5.37933444202669e-16,3.62560507927808e-10,0.923341363776427,0.066373978280121,0.0102799404392529,4
"20706",1.29146709881847e-07,2.20301586787986e-13,1.11537312500407e-14,0.0322376927002012,6.57596941736001e-12,0.967762178146282,6
"20708",6.49392121890317e-09,5.44695337347676e-08,0.929418457020114,2.77340493589396e-05,5.40394287778475e-24,0.0705537479670726,3
"20710",0.338183342606816,2.33768336902614e-36,1.47632481826096e-18,0.593497582907449,0.0636410083021643,0.00467806618357098,4
