"","V1","V2","V3","V4","V5","V6","V7","V8","V9","best$classification"
"19812",0.731465885573452,6.31405045990448e-05,0.000500287077854323,0.0431206094624248,4.9156028675249e-05,0.224598440985277,8.81404015814933e-07,0.000172446281352637,2.91526823496864e-05,1
"19814",0.984046605278415,7.22675806408133e-07,3.73542043961294e-05,0.000577618255222518,6.3578679564514e-08,0.0135825280639791,0.00174692465336584,2.3227819019247e-06,5.86050823382466e-06,1
"19816",0.00374950531386927,2.85456820152937e-09,0.212560976878427,0.00623470623786126,0.00239551338482148,0.775047342097588,5.40255795568111e-07,7.2186941826058e-06,4.19428288668681e-06,6
"19818",0.383341335264987,1.12046380855189e-06,0.000855013225329467,0.000209702410798222,2.5215857173091e-06,0.609540127931889,0.00601401538733201,7.43808032037973e-06,2.87256498178607e-05,6
"19820",3.69311215260421e-09,1.08637193721557e-10,0.998029724190326,1.68937360478959e-05,0.000157856852516281,0.00168172777831234,1.79951858456221e-10,0.000113793439186352,2.1910211195891e-11,3
"19822",2.88521349031534e-07,4.31133778547136e-06,0.88319229468125,0.0085549584718799,0.00445674670491681,0.0024251865043882,1.01591490527175e-06,0.1013651963801,1.48342500066145e-09,3
"19824",0.000147343818193276,1.40301902537618e-07,0.38572406407348,4.21372000274754e-06,0.131929464620419,0.480486161520823,0.00163039075152671,7.22653892138802e-05,5.95580443921396e-06,6
"19826",0.778018942632967,1.09458131644937e-06,0.00144960122714624,0.136634878161929,0.00959681577354832,0.0702854056534874,2.29355513141149e-05,1.60593813470177e-06,0.00398872048015696,1
"19828",7.6928294162189e-05,4.60322289428808e-08,0.666305940416879,8.58484010650797e-05,1.02634051435897e-05,0.332459829033398,1.07807554153531e-06,0.00106005494416449,1.13974171897541e-08,3
"19830",0.881078836846713,0.00316861053363603,1.27767776576676e-06,0.10655528831014,1.05679232495413e-05,0.00691382207449397,8.072627713478e-05,1.20766461636893e-05,0.0021787937107032,1
"19832",0.136811833339962,0.013080958848371,0.0122204673993303,0.0292757910109735,0.00019039905487809,0.0911519438118145,9.33196432799807e-07,0.717267325826158,3.47512080329507e-07,8
"19834",0.00892408582826161,4.0751096745882e-06,0.08198881916871,0.706212162288374,5.99100142701189e-06,0.194515383955631,8.06651768664038e-05,0.00826872682489669,9.064615882856e-08,4
"19836",0.0354833605439499,1.66036623200104e-05,0.00106942116129937,0.00150113893246341,0.0361099517357923,0.922537536840023,1.43535375792302e-07,5.47834912734208e-06,0.00327636523964871,6
"19838",0.998867890740871,3.40656373111063e-05,2.16385840383288e-07,0.00051875961597159,1.24653515165062e-08,0.000362183907301965,0.000200254339916422,1.88510508779538e-06,1.47318023482119e-05,1
"19840",0.0155875202422792,3.26662261895508e-08,0.0471916036345783,0.784992731605446,0.00145862651753858,0.150612313485357,2.07945990315599e-06,4.78870899504468e-06,0.000150303679677035,4
"19842",0.0133125008307841,2.13037474873307e-06,1.07057905268944e-08,0.000158975287210028,0.000111346062767116,8.18010793538436e-06,1.27308506248979e-06,2.59970621499335e-10,0.986405583285731,9
"19844",3.95595574934142e-06,7.11471938646562e-09,6.61739587490923e-07,6.69487785605573e-08,1.09227543199877e-06,4.89658025959072e-07,0.999984923699034,1.11677141633197e-09,8.80149190228527e-06,7
"19846",0.913797684024955,2.01303424440758e-06,1.69656952624465e-08,4.65152983155422e-06,1.37738505396034e-06,0.000206749406914283,0.057797788656713,7.70975303836347e-10,0.0281897182256176,1
"19848",0.978621466358682,2.07681447752383e-06,3.10058386471184e-08,1.17319864960698e-05,1.93388301022565e-07,0.000227024845628338,0.0201535967504687,4.96129027792095e-09,0.000983873888817247,1
"19850",0.814628925365229,1.07477392488723e-06,1.92132903425756e-06,7.80804606953798e-05,1.10953483214843e-06,0.000554189843089458,0.184650708997998,1.2184521042608e-07,8.38678499859904e-05,1
"19852",0.0194237942466061,1.8234459978293e-07,0.00677783082837063,0.000957899894667738,1.90189494117533e-05,0.972740441624636,5.90897449221897e-05,2.13514610313527e-05,3.90905754937007e-07,6
"19854",0.997872617632176,2.85317941341945e-06,3.51552890348526e-08,3.72529660188917e-05,2.50307838595787e-08,0.000199488635408202,0.00162469459193113,1.67422905906971e-08,0.000263016066689377,1
"19856",0.0113480049293563,7.34260728611075e-07,3.6347782383458e-05,0.000290811777739602,0.00013608986290437,7.19293309250823e-05,0.988058699060975,8.87104290437756e-07,5.64958906970918e-05,7
"19858",0.000554866994095078,1.14060229207672e-06,0.00170138824856729,3.0153632368451e-05,0.00080038586253403,0.00283735950719727,0.994051493966944,2.22989846791119e-05,9.12201322695349e-07,7
"19860",0.253390172098132,2.87159388085017e-07,0.0210269093994265,0.141746297478795,6.11641343937867e-05,0.583696009033416,2.01183541596744e-05,5.24940072037211e-05,6.54833508478135e-06,6
"19862",0.892437091687988,4.63507073190906e-06,5.77728772872404e-09,1.23638187110851e-05,1.31698737347792e-06,9.64939873929341e-05,0.00159752903753272,5.31870174557449e-10,0.105850563101112,1
"19864",1.55754795886317e-06,3.62504235606281e-06,1.18582547607124e-06,7.37214165884724e-07,0.0232127812162526,3.95417580688823e-05,1.22555279140441e-06,1.5477254547413e-09,0.976739344295205,9
"19866",0.000189934365968641,4.48371456575794e-08,0.0719146900839806,0.0294316242419037,0.625771702761401,0.272390788465383,2.36516793773675e-07,3.25469903565953e-06,0.000297724028387868,5
"19868",1.69902939274089e-05,0.939192056702692,7.7856491911642e-07,0.00279143562744792,2.54229716761589e-09,2.66758021951355e-07,2.16408021049762e-05,0.0579767627827283,6.59258616184552e-08,2
"19870",0.967358757164131,8.69614513458749e-06,1.45921636049993e-06,3.67466471636753e-05,1.85709692607363e-06,0.0241200150254495,0.00150125361678878,6.99735254825358e-08,0.00697114511452045,1
"19873",0.559204773931985,7.10713375891218e-07,0.000532538561730297,0.000902571105065344,0.000156642220978724,0.436785152105432,0.000443505261806661,1.02533121027411e-06,0.00197308076841577,1
"19875",0.000742482270841569,3.41360752199822e-08,0.85546895327375,0.03088692334188,0.000100234847995932,0.111330172907363,2.42217132406553e-08,0.00147115245244914,2.25479323821126e-08,3
"19877",0.805282951111026,1.08899110889697e-05,3.04510593030231e-05,0.00422926357700471,5.73896383517204e-06,0.188530829085234,0.00181524887806777,1.70661396678508e-06,9.29208004733315e-05,1
"19879",0.0345904520268746,1.16286978958888e-05,0.00110130213613883,0.00271811570166677,2.31873876432815e-05,0.960848551245327,0.000650867131024411,4.78215671951005e-05,8.07410623438031e-06,6
"19881",0.905970119908563,3.73572517603215e-06,0.000156702678633107,0.00347020654929285,0.0199051247858046,0.0599596103276112,0.000860134761518346,8.36202803491026e-07,0.0096735290605978,1
"19883",0.57507345175855,1.24130218427889e-06,4.50442288608248e-05,0.00156436357300542,0.0111848629576977,0.0301732651449131,3.32387976464735e-05,5.49288317166755e-08,0.38192447730831,1
"19899",0.0085701321054638,4.63251523541789e-05,0.00147419181862012,0.877625708605188,4.00538528452222e-05,0.112142066345323,1.36004427010846e-06,7.32314392900175e-05,2.69306366454482e-05,4
"19908",3.47570080022409e-05,0.000426238637174452,0.000668549140926888,0.989169352636317,0.00743732831300589,0.000585036918515552,0.000135138747553081,8.93661113167644e-05,0.00145423248718795,4
"19910",0.0285899091738782,2.59855478472902e-07,0.00110575376307414,0.000122007296057045,6.67014535652279e-05,0.97008041098412,2.27784907321095e-05,2.24568739262629e-06,9.93329570189043e-06,6
"19912",0.139914268822827,3.84819047736717e-06,2.77422343807606e-08,0.00156793899313875,5.95891087495684e-05,2.71014826207046e-05,9.42152253359927e-05,9.98478124699483e-10,0.858333009436138,9
"19914",0.138357405743504,9.78344200387771e-05,0.00251611451564634,0.284838737969352,0.0002992330677297,0.57282543838732,0.000447614069999396,0.000612427028813946,5.19479759544849e-06,6
"19916",2.17311088680457e-07,1.48244085195242e-08,0.000938361354601803,1.26773220095032e-06,0.998316611698464,0.000726049785578624,1.28879071222362e-06,8.11756931464368e-08,1.61073272519355e-05,5
"19918",0.91045048694588,2.51498786891149e-07,2.06845829357457e-06,2.46077667405635e-05,3.0194070866527e-05,0.00830303570475454,0.0750802432245246,5.41837740641586e-09,0.00610910691177593,1
"19920",0.110815172715746,7.6859539317771e-08,2.06097141056515e-07,4.784558602921e-05,9.41818397279073e-08,0.000101231419500044,0.888919844162082,2.32258454813743e-09,0.000115526655537291,7
"19922",0.169336584919399,0.37992440942861,0.000569348183373184,6.50640435752651e-05,1.62761384903991e-06,0.0962058575242982,6.46833826031806e-06,0.353886675252918,3.96469571719489e-06,2
"19924",0.779495515850659,1.93301362108951e-06,0.000166588698848098,0.00538120357866506,6.71149599694521e-06,0.184314211182029,0.0303304497839445,9.08041462385213e-07,0.000302478354774011,1
"19926",0.0149647332509765,0.00102523858975307,0.00416631770925301,0.477620851633762,0.0195236850476628,0.481695959378366,8.36462059401042e-08,0.000776334729462526,0.000226796014557986,6
"19928",3.89260479111067e-07,2.67283742049785e-06,1.18466350087651e-09,6.94615117377275e-08,0.00687156047509409,2.91416154732644e-08,5.83479253120293e-07,1.89561841507589e-11,0.993124694141006,9
"19930",0.973310694269997,4.84060734959148e-06,4.82610893491434e-06,8.31069122478382e-05,7.4858154085202e-07,0.0264253531300631,6.44711556533248e-05,6.1474686147928e-07,0.000105344487351749,1
"19932",0.998892820900992,5.66034752470936e-06,1.00385164539472e-07,5.31828554953056e-05,1.98713486223749e-08,0.000455237570158006,0.000543641199128259,1.06183315237966e-07,4.92306868730207e-05,1
"19934",0.0173494951414595,8.53101601539859e-07,0.567633736206899,0.0410419522919525,0.000175498771007198,0.363309790683288,0.00011387368553554,0.0103747366473557,6.34709013862168e-08,3
"19936",0.873579381073583,6.41307899209186e-05,0.000264177614156411,0.0592361063585263,2.78066718525663e-06,0.0666798722630836,9.30793528617109e-05,6.64277496810561e-05,1.40441310019088e-05,1
"19938",4.40346165245536e-05,2.21893439516567e-06,0.752595389657768,0.143045092615649,0.014244485414882,0.0858315395401707,4.26182993879622e-05,0.00419451381071808,1.07110504206692e-07,3
"19940",0.114423174043815,8.33150050719034e-07,0.000323504321830795,5.9144337739516e-05,0.00172755406704092,0.878524021689719,7.75262987690016e-05,2.56775461710068e-07,0.00486398531557321,6
"19942",6.61045595419472e-06,1.43587037505095e-07,4.88158193834353e-08,1.45485493044742e-05,0.0494400552677269,6.00925218996165e-07,2.19041696839401e-07,3.58818341825735e-11,0.95053777332136,9
"19944",0.0152499280421541,2.46046948328465e-07,0.00680245461420441,0.00210555659392406,0.0068272602897638,0.968989812493803,3.33438408917054e-06,5.23596602091236e-06,1.61715690924038e-05,6
"19946",0.285803527379598,1.61829430735171e-06,0.00147099740904444,0.00280456344074463,0.000195895614697738,0.698589125276048,0.0111041601434189,8.11834669309719e-06,2.19940954477924e-05,6
"19948",9.76973914037761e-06,2.2026401546578e-08,9.54574917393503e-09,4.17464420396607e-08,0.00292544244026885,9.08041461094761e-07,2.96646574141933e-07,3.68979948633979e-12,0.997063509810273,9
"19950",0.000926319887325545,1.03462283838326e-07,4.7276057599647e-09,2.45232826999863e-07,8.00046771242177e-10,7.54464953315544e-07,0.999071072412754,1.4442400211926e-09,1.49756796383879e-06,7
"19952",9.76973914037761e-06,2.2026401546578e-08,9.54574917393503e-09,4.17464420396607e-08,0.00292544244026885,9.08041461094761e-07,2.96646574141933e-07,3.68979948633979e-12,0.997063509810273,9
"19954",0.994563513137038,2.70249614323392e-06,5.7430969575527e-07,4.06181368473621e-05,1.44587036196865e-07,0.00491103829621809,0.000300391593699167,8.06433632441218e-08,0.000180936799959625,1
"19956",0.208569542400763,0.00195258295067633,9.34239689849209e-08,0.138729855427912,1.17434392959357e-05,1.25418523913062e-05,0.627669811350604,4.80538627968925e-07,0.0230533486157603,7
"19958",0.000183360453719382,0.975961107051464,7.122696124757e-07,6.21329314358814e-08,3.61240328457923e-08,3.1366313071706e-05,5.64269456217188e-05,0.0237668720233566,5.66861897011829e-08,2
"19962",0.579567516899577,7.40582670322625e-05,0.0175982719388208,0.0145634109586364,0.0138505883764015,0.115864260863743,0.257429195108165,0.00101551784064681,3.71797469768863e-05,1
"19964",0.242746421277475,1.12137152189442e-05,0.000313407076509094,3.8468805147734e-05,0.00224510858743253,0.741269158036345,0.00469520839668426,7.19535161996546e-07,0.00868029457002567,6
"19966",2.16284916382962e-06,2.93134514637118e-08,0.116667494666936,0.00506665021149184,0.863769226723689,0.0144758468965276,1.99153392192094e-09,1.10169978673987e-05,7.57034933891736e-06,5
"19969",0.972921114285316,1.85540072678158e-06,4.76531027083232e-06,0.0044839102614692,7.90667991254846e-05,0.00468939648633658,4.00820191902655e-05,8.70152449515712e-08,0.0177797224223205,1
"19972",0.356591839171343,2.52206201949656e-05,2.22039408635576e-06,3.56720976426144e-05,8.47073505133117e-05,0.0436316944706878,0.0352377296630045,1.69725975528313e-08,0.564390899259929,9
"19974",0.0629023979089812,1.03316499305687e-06,1.60509198162752e-09,9.82295456932007e-07,1.62589303286359e-06,1.08828515715076e-05,0.562295499976966,2.5431549492688e-11,0.374787576278475,7
"19976",0.511370693114418,2.83053089955365e-06,0.000187117103150343,0.00198715817797184,1.83781079611409e-05,0.445686063743946,0.0404898872698941,1.10336427701617e-06,0.000256768587482188,1
"19978",0.0158026689998661,1.45174148188766e-08,0.00979336231790698,0.000104290609631506,0.000668071387308227,0.973536814029386,5.14262713998512e-05,4.85607778801379e-07,4.28662593076381e-05,6
"19980",0.871768095514258,3.15924626763322e-06,3.36393694318363e-08,1.69414377082339e-05,1.87307406230936e-08,0.000134065480879108,0.12780221089358,1.30317325392001e-08,0.000275462025464503,1
"19982",0.131381996913081,7.60826591632276e-06,4.86365351104308e-06,0.000798316321310244,3.8262594774492e-08,0.000249270061500365,0.867518735781899,8.06253346465216e-07,3.83644868408935e-05,7
"19984",0.000116692855480179,7.25184007678399e-09,2.48230524023763e-07,4.55188375358488e-07,2.71039162658849e-07,2.57948581451805e-06,0.99987808254601,1.7634717319068e-09,1.66163932113777e-06,7
"19986",7.500510340482e-08,1.28474293271618e-08,0.965471141468196,0.00297600911745608,0.00488381337137553,0.0257212118773065,7.75934859397939e-10,0.000947734851137853,6.86061095693994e-10,3
"19988",1.30064713158355e-09,1.24926068856991e-09,0.997252504447912,0.000108172768938871,9.32846724716278e-05,0.00155437622761004,1.42043722398262e-10,0.000991659185580465,5.53616127711211e-12,3
"19992",6.10113767254364e-08,9.04990399495909e-10,0.993779726363823,0.00370274150067305,3.98425365852614e-05,0.00148460713693826,2.26343759460177e-08,0.000992997902762085,8.47550777463534e-12,3
"19994",0.961388448104629,1.92549792129552e-05,6.44248344315362e-06,0.000409235012835594,6.37237586030415e-07,0.0380995652637728,1.3858736853296e-05,2.4429433735533e-06,6.01152382936575e-05,1
"19996",1.83468630586284e-07,1.85704812869049e-10,0.987514216670367,0.000120536975996234,8.6185047784739e-06,0.0121713497811025,1.78846257024455e-08,0.000185076501148419,2.76461433493662e-11,3
"19998",0.0374866413730639,5.53045360564445e-06,0.000676636840752854,0.213311951879943,0.719799066725011,0.00319751834518342,0.0019195313906386,2.7129658098461e-06,0.0236004100259915,5
"20000",0.653767148746847,0.118385683021712,4.38712365427952e-07,0.224502044409459,1.90300900081209e-05,0.000137829443370657,0.000148868719392538,0.000209396133022522,0.00282956072382209,1
"20003",0.890360325489156,7.4736181301415e-05,8.47083550248787e-05,0.0081650730484079,0.000122432458753306,0.100799149307073,6.88075493077774e-07,2.50748265497456e-05,0.000367812258240979,1
"20005",0.963523306042014,2.75755434450251e-06,1.14463379464593e-08,1.34699060763445e-05,2.82897948367344e-07,0.000269100112319208,0.0187971221972535,8.26005501653855e-10,0.017393949017701,1
"20007",0.0260601251099591,5.26602134124737e-06,0.0168403920363158,0.145781236300191,9.40128997149504e-06,0.810661290670119,0.000210808289967808,0.000429733760027559,1.74652210759361e-06,6
"20009",3.2600545672884e-05,6.69481799753003e-07,0.207559716001016,0.000234982086638292,0.748789702366205,0.0429240648240507,0.000102122800309599,0.000355042434108957,1.09946019902368e-06,5
"20011",0.56671599787016,1.74039401599446e-05,4.18970260397472e-05,0.000623706239887844,0.000111651946776879,0.324854103219583,0.00715823172277323,2.41308918485454e-07,0.100476766725701,1
"20013",0.888939922155118,2.53839739746286e-06,6.52027417762132e-06,0.0131327471798401,1.74179063106452e-07,0.00434278803112831,0.0935454240539381,6.97303030238052e-07,2.91884263072286e-05,1
"20016",6.18762440771602e-07,1.0183921991275e-06,0.924220371173368,0.00268203422859355,0.00287963574748153,0.0563962979518741,4.80824898090501e-06,0.0138152117838409,3.71122064530876e-09,3
"20018",8.01394720246237e-11,0.000170096794502889,0.00503835878239863,1.61281237043097e-06,2.57456127314425e-05,1.71226011195582e-06,6.84818635641757e-11,0.994762473586847,2.41646340803355e-12,8
"20021",0.00163243921368229,2.90337432226687e-07,0.163412408017567,0.000283358048305906,0.00087634887052396,0.833102452577609,2.09277812714219e-08,0.000692461864261975,2.20142836779909e-07,6
"20023",0.0117118206724132,3.44724895547744e-06,0.0623688837823312,0.0347510696484645,0.00332501152692509,0.887111139797941,3.82683506584889e-05,0.000689997028923862,3.61943387413143e-07,6
"20025",5.56324938960801e-07,0.000280468072992393,0.327679887224109,0.000152820342337929,0.000187086466251645,0.00680323628872615,8.96984416666345e-09,0.664895933619345,2.69145532817857e-09,8
"20027",0.357298848099313,2.70924041457257e-05,5.19329041654361e-07,0.00867759311210306,0.000168024224124234,0.00152381715677763,4.59190867283862e-06,1.69371647650973e-08,0.632299496828657,9
"20029",0.939153346113439,2.36531769019981e-07,1.4936067284502e-07,0.000356577799087131,5.04029001384385e-06,0.000308905027801835,0.00599069733015121,9.40218579601346e-10,0.0541850466068468,1
"20032",0.983553534866601,3.52277739014552e-05,5.44531955012404e-07,0.000338738384031975,1.83096174327767e-05,0.00300258986319817,4.9253322904838e-06,1.37567335076404e-07,0.0130459920632538,1
"20034",6.0956106128882e-05,2.98381767214378e-07,5.09565280686196e-08,2.1114417019295e-07,0.0121081542094534,1.89287036236167e-05,8.38424053303744e-08,5.7279839622349e-11,0.987811316598643,9
"20036",0.0165549101001437,1.46912438426811e-06,0.000177327250591495,0.973583246832948,0.000120515703273303,0.000117453674441226,0.00941164014385161,5.110679804621e-06,2.8326490561735e-05,4
"20038",2.42646378121543e-05,8.445549244253e-07,0.692654683012229,0.197676744245398,0.000102926209659833,0.085103218493226,5.89442839239069e-10,0.0244373154558959,2.80141093499288e-09,3
"20040",8.11453031067489e-08,2.30415446898905e-05,0.290727240450661,9.02932178404847e-06,0.676620188196832,0.0249523582806426,8.45248468316667e-07,0.0076670850029592,1.3080865987351e-07,5
"20043",0.00039893114935404,1.95133778004056e-08,0.952244001186754,0.00518430193855184,1.59115882522945e-05,0.0384511460278127,1.35345833414909e-07,0.00370555093170091,2.31836275144697e-09,3
"20045",2.43783909206561e-09,1.77229814419821e-08,0.980198983666724,1.12023479699278e-05,2.66295155181225e-05,0.00128233045324971,1.00402416598954e-08,0.0184808238149617,5.14187316643605e-13,3
"20048",1.0681426055367e-05,3.31672811365793e-08,3.27874427874984e-09,3.2844079997282e-08,1.08093190262884e-09,5.12691155658808e-08,0.999988869881669,6.77801168581459e-10,3.26374321342815e-07,7
"20051",0.649465643426194,2.45263882709137e-05,0.106518885638551,0.104524181252037,1.11335447779327e-05,0.0901964551846905,0.0117099514443313,0.037549008555047,2.14566100951833e-07,1
"20053",0.000904917213433575,9.38051205575679e-08,0.0572745398748433,0.000642971482455321,0.0112991069915846,0.929786398351836,6.11656540463445e-05,2.97041506872698e-05,1.10247599280415e-06,6
"20055",0.00137925203844998,0.000143824383089975,0.0299567972801938,0.894564540497605,2.51094061778593e-05,0.0486974075764467,2.48829949400768e-09,0.0252322294830606,8.36846676303131e-07,4
"20057",1.87758772146714e-07,0.999915246316688,6.89233162198554e-11,5.52435628299246e-09,1.72924412923745e-09,9.46479060790279e-10,2.67922535490585e-06,8.18159169678559e-05,6.2513214164179e-08,2
"20059",0.000539364470300861,3.07567786985286e-05,0.0335756949253276,0.000350377379398649,0.0394753062242695,0.925548833260963,3.83111274454621e-06,0.000473594639298926,2.24120899867022e-06,6
"20061",0.00405399182040287,1.03826476090359e-06,0.0123362598722153,0.00131925940678876,0.00119606006323223,0.981046064145436,1.33497513048251e-05,2.92201898295769e-05,4.75648602937534e-06,6
"20063",1.89069436448358e-06,2.21536360162814e-06,0.00659705628730522,9.15714715334662e-05,0.0155372194662807,1.5002346190288e-05,0.97771123453918,3.18171515554588e-05,1.19926799882854e-05,7
"20065",2.87041389830893e-08,3.68964430889572e-05,0.0197278976115871,6.00396230504626e-05,8.69308246900648e-07,0.000249940611987802,1.57815981269148e-12,0.979924327695079,1.24312160622672e-12,8
"20067",2.47208533663102e-05,4.71668207728235e-07,0.896615576714983,0.000840728494032724,1.82390707700364e-05,0.0443672126344107,0.000162798521314263,0.0579702520004419,4.24731450866912e-11,3
"20069",0.616038716942986,3.30381221606018e-06,8.57874163224994e-08,3.29714340647334e-05,1.13182880460485e-08,0.000138706453092942,0.383696330473801,3.43667096536243e-08,8.98394114255249e-05,1
"20071",0.000493714304679322,5.01811370861631e-06,0.000131688205868127,0.995516506626265,0.000570010876656704,0.00312514261926291,7.72512963168874e-06,2.39083962907549e-06,0.000147803284298457,4
"20073",0.0815906827011705,2.75844598773443e-07,1.02577716396696e-05,1.47296607795949e-06,6.29507742921057e-05,0.00361932713419262,0.914292860997194,3.49355115569601e-08,0.000422136875323225,7
"20075",3.63518425036789e-05,0.886918640784566,2.55518685123254e-07,0.000566233138995006,1.75608289405051e-09,3.99980437811698e-07,1.6244673923979e-07,0.112477948414046,6.11794421037374e-09,2
"20077",0.00108233569058338,1.01353131680196e-08,0.231219360935765,0.681378736281048,0.000298608456089915,0.0857807547593209,0.000201700152726053,3.82861852591292e-05,2.0740389491585e-07,4
"20079",0.0303651630151522,9.58684371837351e-07,0.0704880257292762,0.00672359216545275,0.00022369712756313,0.00292954432727087,0.888294580073312,0.0009704636793085,3.97519829260822e-06,7
"20081",0.000761198104584158,8.62020031538579e-05,0.291820934073312,0.0322814595439076,3.84141298676756e-07,0.305313158148742,2.06696874191246e-06,0.369734595859833,1.15642634941638e-09,8
"20083",0.00234620988539133,2.14178843097988e-05,0.000269820221326152,0.129529745861867,0.00208667041019538,4.45262971051104e-05,0.865473568417459,2.24692793564378e-05,0.000205571742990181,7
"20085",3.15487575360356e-09,3.30793130353413e-09,0.9906163513696,0.000196238347469321,6.40445732967986e-05,0.000810425555147092,2.76883087786291e-11,0.00831293366254327,1.44815845414275e-12,3
"20088",3.97388361897376e-05,2.85963701971773e-08,0.934452895768616,0.00267889721225747,0.000200802682037037,0.0560512171928114,3.72644081877192e-08,0.006576382253544,1.93766093219639e-10,3
"20091",7.68279304999705e-06,0.0374091275262242,0.000160718678454425,0.000140909480399771,1.11258193509618e-08,0.000964462252123405,9.67172232753684e-07,0.961316120924058,4.76380871793695e-11,8
"20095",0.00157560370043248,0.000116069422703142,0.00316918245207985,0.000291733413764022,0.00142438368001849,0.191858419182757,0.779479782144058,8.73071719090745e-06,0.022076095286997,7
"20097",6.79739417542032e-09,1.75869141248887e-08,0.965955974397489,0.00079368584402318,2.03121055111502e-05,0.000741131717158414,4.09937097972252e-11,0.0324888715098067,7.10063015153998e-13,3
"20099",0.000170190179508181,1.67775694372381e-08,0.210643974596968,3.67536299049857e-05,0.382739050399577,0.390956021540194,0.00174426128016436,5.10114836565735e-07,0.0137092214812772,6
"20102",0.000297783859478799,0.00502386850069978,4.85721805439731e-05,4.84891472961989e-05,1.73933013615302e-07,0.00032606883376675,0.98812509086783,0.00612991852469834,3.41526726517623e-08,7
"20105",0.000857724590003575,1.77152336780276e-08,0.873984659903313,0.000481438148999873,8.94677696014405e-06,0.123252873109546,0.000284431304529777,0.00112988751648447,2.09349296879985e-08,3
"20107",2.89887188196179e-05,1.66240181081085e-08,0.606584041158549,0.0546825436116725,0.000170254025973658,0.338304563221538,1.78987406853137e-07,0.000229394635927487,1.9016095031953e-08,3
"20109",0.00642540540587726,7.31549027530309e-08,0.127615940351484,5.45387706838837e-06,0.010873701070008,0.630574988225209,0.224362878613291,6.98978750066205e-06,0.00013456951465924,6
"20111",0.024696051184135,0.973653367515491,5.87581045031434e-08,2.42825924172417e-06,1.56536223403985e-09,5.57772268912441e-05,0.000319199610094375,0.00126559578198433,7.5200986951704e-06,2
"20113",0.000352600547014881,4.74791472005714e-07,0.0472377378646723,0.767436108534306,0.0175370691688661,0.167155986459781,8.68193884463166e-08,1.22828168417365e-05,0.000267652997657696,4
"20115",0.97394311863166,0.00882708490022518,2.50044907004775e-07,1.10462347220451e-05,1.03318336374138e-05,0.00440833228879112,0.000136224762680443,3.70637081719459e-06,0.0126599049325593,1
"20117",5.02479782779931e-05,0.785925028255751,0.00978834012254142,0.00702442817455201,0.11360256459041,0.0267486554444922,7.13761938385002e-07,0.0394320068344602,0.0174280148375767,2
"20119",1.06023012033058e-06,4.74156631531425e-09,0.0535593236461557,0.00299632882192215,0.938666590994261,0.00475484031241506,3.76246514523699e-10,2.08137991879388e-06,1.97694973942248e-05,5
"20121",2.68624588978386e-06,3.07024548229544e-08,0.874261605106011,0.0366736063787939,0.00250062516856354,0.0855489337356284,4.63665030391158e-09,0.00101250610980385,1.91620410575593e-09,3
"20123",1.13260613324746e-06,0.00910977750028819,0.000120661727323979,0.000447842614802286,8.68844788983559e-07,2.27769995675593e-05,1.17013388468493e-09,0.99029693852569,1.12718861316278e-11,8
"20125",0.933751936364802,8.16941668275947e-06,7.42625154587285e-07,0.000687673721982346,7.53816130698289e-08,0.00139737195582898,0.0641363903162984,3.60561111159435e-07,1.72796565262078e-05,1
"20127",8.14629707599711e-08,5.5553912895756e-10,0.998513037685469,8.92973223430138e-06,2.33801811349441e-05,0.00109716939650798,1.23812003229312e-07,0.000357277124589866,4.95506041546486e-11,3
"20140",0.000324613707906196,0.000499553224961686,0.000573620721163141,0.994493126682712,1.57647025130121e-05,0.00281731128045205,5.35113479215137e-09,0.00127466476625847,1.33956289823519e-06,4
"20142",0.00322601726769793,3.41669535433446e-07,7.48475614630089e-09,2.90806120725771e-06,1.95615557143026e-09,1.6008419299165e-06,0.996766602712915,3.22250260849869e-09,2.51678330040424e-06,7
"20144",0.93142442415484,0.0469930555925384,3.19162833893165e-07,0.0170670502791265,4.97740567760122e-07,0.000627131995859863,0.00375942584175212,8.37657789903944e-05,4.43294534911454e-05,1
"20146",0.255556752034449,0.00014011314004072,0.000163994360513246,0.386438976520191,4.34599990063749e-06,0.00193197019853751,0.355624068884175,0.000121533184178879,1.82456780137147e-05,4
"20148",0.95187281667239,1.95010596697368e-06,0.000201115254992844,0.0326216392241488,3.43389196381731e-06,0.0151914082511279,8.44859641632537e-05,1.43563386091352e-05,8.79429663769859e-06,1
"20150",0.651048115237507,2.43199141508519e-06,5.38465578826297e-09,4.7200641709491e-06,2.56515736499008e-07,4.40683861202233e-05,0.312996361866812,4.08293164989518e-10,0.0359040401452892,1
"20152",0.887020802077362,3.73385405180476e-06,0.00103850650570626,0.0331286991782995,0.000173936132707946,0.0785201527899326,6.53519390713755e-05,2.91455986802137e-05,1.96719241879756e-05,1
"20154",1.37042071527879e-07,2.54070178062614e-05,0.00624728431252775,2.8208536834896e-05,5.40337274169341e-08,1.63378678091068e-05,4.20267611994368e-07,0.993682150921439,1.72535602920495e-13,8
"20156",0.00793815779442037,0.000167735329439362,0.0199809839084351,0.37045332824276,0.000138191934083744,0.571125958056255,0.029288482432154,0.000900220560573666,6.94174187846272e-06,6
"20159",0.487328130436392,5.9193160344039e-06,8.73262825749756e-08,9.33750032442886e-05,1.36126775286083e-08,0.000111499510731424,0.512423722289065,6.44103326402245e-08,3.71880952401561e-05,7
"20161",0.0024505455613582,3.06377337870005e-06,1.00632295069724e-05,0.000767712482764253,7.31131540700755e-05,5.07147704819258e-05,0.996633386357297,7.00488616269152e-07,1.07001825262392e-05,7
"20163",0.87925595567554,0.000136786175113456,0.00243104763396715,0.00117598316089653,0.000257993361915776,0.115847555840683,1.31307177947556e-06,0.000379845333909933,0.000513519746195218,1
"20165",0.00012730748917338,2.30451636283891e-08,0.00153089361008827,1.59736609303878e-06,1.03780783603653e-06,0.000585748119646193,0.997749870110206,3.38122470402166e-06,1.41227089749633e-07,7
"20167",0.972996025281839,1.51110712462922e-07,7.26857343742418e-05,0.000331179755238766,4.11966503262131e-07,0.0221340092138003,0.00444653724083367,6.96641622013853e-07,1.83030550757327e-05,1
"20169",6.63340954063735e-05,5.67137357002059e-08,2.80776441721274e-09,1.49788602110515e-07,9.12743963286994e-10,1.17243103282877e-07,0.999932845535801,7.62344003625143e-10,4.92140499286449e-07,7
"20171",7.48457012165591e-09,7.93491295475159e-05,0.00366870928683593,3.46996875730806e-05,2.12844426176164e-08,3.32043003100703e-06,1.00383957652097e-06,0.996212888857296,1.26871154307454e-13,8
"20173",8.80745882436077e-06,4.32546636478093e-08,0.000547353832328732,4.25653014926799e-07,0.988557740333177,0.00015062444664784,0.0089971670270736,3.62069357913123e-08,0.00173780178733391,5
"20175",0.905967967137224,1.91993728093594e-05,1.0841252493724e-05,0.00217798295480402,1.12827378778827e-06,0.0848270932470444,0.00615464920500797,4.82021214445517e-07,0.000840656535613673,1
"20177",0.000104531580968142,7.12301317435186e-08,0.0272673485059748,0.000102433631825635,0.900136548567602,0.063077979344326,1.61718703480128e-05,2.01998970277485e-07,0.00929471326985292,5
"20180",1.58791148594673e-06,7.30369509004152e-07,0.906022324533867,0.00281956417844818,0.0106669320741913,0.0719434238554217,1.0421364165566e-11,0.00854541962955825,1.74370971405963e-08,3
"20182",9.1429101850919e-05,0.00839985398455367,1.59540939724967e-10,2.08365204286773e-08,2.0430355536315e-07,2.42560808375186e-08,0.980934159829628,2.07851376790227e-08,0.010574286743132,7
"20184",0.0228105219815244,2.07522457298089e-07,9.77612054901288e-07,0.000101956446853532,1.11448819953397e-07,0.000202399252040158,0.976877269802549,3.0643671475435e-08,6.5252900295056e-06,7
"20187",0.000371391383282406,2.95957890008726e-07,0.000186744399474648,0.00349986218408693,0.815092211069565,0.00316330308708988,0.000846217234712329,6.11588634403347e-09,0.176839968568013,5
"20189",0.00541500585027183,1.86066389666337e-08,0.0417527360123491,0.000116101384902537,0.138018975072646,0.814210611318282,1.01514325672021e-06,1.19557691846119e-06,0.000484341034734497,6
"20192",0.000147294735535781,0.00310108484179722,0.0465347777959968,1.58073966866272e-05,0.898122100122036,0.0304144364912033,1.80548196323376e-07,0.0215967048618933,6.76132066549606e-05,5
"20194",0.0395737616925108,2.13208788616088e-06,2.12604957608877e-06,0.132084619426995,0.000555663213949301,1.83154141463112e-05,0.627686362455243,1.07237783628775e-08,0.200077008935915,7
"20196",1.95701659768716e-06,6.59159331368751e-06,0.400402770534001,0.000513846760734156,7.89700473338001e-06,0.00565136744066218,1.64558858258578e-08,0.593415553027284,1.66788167916119e-10,8
"20198",0.312395191847844,0.000327423540673739,0.0172716487882792,0.159331313533985,0.00246067096544133,0.506752790466865,0.00037803307317624,0.0010431914244222,3.97363593134429e-05,6
"20204",0.647385049083046,1.47447551878528e-05,9.06726938071391e-08,9.09578888109292e-06,4.53473846383735e-08,0.000222021301253167,0.352301668441648,1.21416789854723e-07,6.71631931157051e-05,1
"20207",9.8751974712428e-06,2.6998769371834e-06,0.713777466082991,0.00785568474064092,3.07202012346403e-06,0.00836690879685245,1.19767763338413e-05,0.269972316492251,1.63995744927865e-11,3
"20209",0.11148215805499,0.86759454749849,6.10421087558579e-07,0.00529239209390401,3.2941583052782e-05,0.00127265099675507,1.83702237101655e-07,0.000209715743832308,0.0141147999056514,2
"20211",2.11892362073571e-06,0.00152492752739713,8.61104296427342e-05,0.000687971831618939,6.05739347163605e-10,1.93677662350858e-05,9.18075615538408e-09,0.99767949373438,6.10040749410278e-13,8
"20215",0.000545242040706131,1.69769753553102e-08,0.147391782908603,0.846923659215208,5.91921403356504e-05,0.00481241557306982,3.70663792912985e-06,0.000263934936097073,4.95710762582619e-08,4
"20218",0.0159256318087781,4.1688840935132e-07,1.36548694587382e-08,1.54618521451727e-06,1.71463378255167e-09,6.60741055325814e-06,0.984059664998831,5.47844074837592e-09,6.11186026982579e-06,7
"20222",0.000996013035337075,3.17292785928884e-06,0.786586354747377,0.0161390657430716,7.2233628474665e-07,0.0101358126207446,2.30520039648877e-05,0.186115805509549,1.07581193579619e-09,3
"20225",0.95042257451704,0.000582535844908222,2.03727413563513e-06,0.0357439319591586,7.13739083498135e-07,0.000144793159262663,0.0126474198206425,6.43468094666487e-06,0.000449559004822107,1
"20229",0.000791588290109451,3.19836221770714e-05,7.15498119612735e-06,0.999105679527515,2.63058421999981e-06,2.33246536794867e-05,2.0869561910923e-06,3.46662719862555e-05,8.85112925748483e-07,4
"20232",0.00324611288744872,5.21080357418299e-05,0.0222753147187657,0.427887311750855,7.42724523842651e-06,0.544355329490865,1.95283650863743e-06,0.00217323703245889,1.20600211818401e-06,6
"20234",1.90477712818474e-09,1.11439030817105e-05,0.825079007736344,3.04151996798619e-06,0.00123629579083304,0.0011030732785888,3.64242384640581e-11,0.172567435369736,4.60246786065313e-10,3
"20238",2.4680926133824e-05,4.81953684804257e-07,0.60238306093997,0.00590820265642223,0.000139121256206044,0.389034872923615,4.86626921259218e-06,0.00250470273028243,1.03444738844828e-08,3
"20253",3.11527361784079e-06,4.15672140467807e-09,0.605951220806075,0.391712458258802,0.00041409229699925,0.00148065381188814,1.89175936190287e-07,0.000438263836364417,2.38359538660782e-09,3
"20255",0.994269338902024,0.00013223740345374,1.48463919117058e-06,0.00209716489257107,1.05785941465952e-08,0.00339522787835349,8.00210804612321e-05,1.93085910477238e-05,5.20603430359962e-06,1
"20258",7.58993361678162e-06,4.25428239230992e-09,0.883680867734946,1.83658778296732e-05,0.000475501773569881,0.115653009955116,7.01145226103514e-09,0.00016464437993664,9.07925035190222e-09,3
"20269",0.00598105837956981,1.21082974506102e-07,0.148910807917724,6.87130627575646e-06,0.000249392682868088,0.823862634484421,0.020933542836161,5.21599880573444e-05,3.41132194924042e-06,6
"20271",1.66288630572792e-05,3.26004589113778e-08,0.472761826371416,4.58016597693391e-05,0.379857922175404,0.14710907114538,2.14665384886581e-08,6.6277187769163e-06,0.000202067999199052,3
"20285",0.0234301147559649,9.8147597711467e-06,0.000254420325746164,0.0143403290758375,0.422619318548388,0.00236408350928789,0.000758201455318343,2.62672910760711e-07,0.536223454896775,9
"20288",0.000859702772332332,3.82008988809749e-07,0.112223276489989,0.786667219779066,5.8161789961016e-06,0.0997271571492615,1.56753308253354e-05,0.000500559334670286,2.10955871004916e-07,4
"20291",6.91478449614096e-06,0.000671418652019312,0.181885243993092,0.00179809173429341,5.9726799759357e-05,0.333889008925318,7.72323689112643e-07,0.481688820574727,2.21260483571565e-09,8
"20295",0.00683006278355653,3.30485184971663e-06,0.0273162982568722,1.92880960373499e-06,0.611354964333624,0.346734533936072,0.00243212183654386,1.20296336343044e-05,0.00531475555824336,5
"20298",0.998513604319493,3.10374936358373e-06,4.87138689913727e-08,0.000172833418297461,5.71013307501507e-08,0.000219559230527736,0.000941049404915624,2.2503030549802e-08,0.000149721559171908,1
"20302",0.364328219141381,4.62028842437725e-06,9.76427033308754e-06,2.59174985886596e-05,0.0002112467716417,0.00557546718292572,0.627652835496423,1.38735795714168e-07,0.00219179061448639,7
"20305",0.994036964212705,4.35449893381506e-06,3.27199507266574e-08,3.89242185138697e-05,6.22106750391913e-07,0.000237606270881588,0.000103822577942041,6.14059538990404e-09,0.00557766725372782,1
"20307",5.09377336617672e-07,6.02099552891802e-09,0.951327889855814,0.000400705051072685,5.89358291769336e-05,0.0463794950756458,5.41107026665673e-09,0.0018324533566813,2.22071890751438e-11,3
"20310",1.06734582919667e-09,6.24849714147469e-09,0.997571405236794,8.47576877481191e-06,6.76713145700293e-05,0.000569082819434795,7.15789139011757e-10,0.00178335672791467,1.00879288076785e-10,3
"20313",0.000348232057475509,3.82864798179247e-08,4.32062156982035e-10,3.73996654119317e-08,3.70490045976773e-09,1.34405353253972e-07,0.999599626849029,3.14107954554231e-11,5.19268336239765e-05,7
"20315",3.63650180729076e-05,2.69985197646187e-08,0.741483044278338,0.00666469031637367,0.000222365395470841,0.251459133855423,9.6800015011956e-08,0.000133839801757046,4.37536030095829e-07,3
"20319",3.06543192512923e-06,2.00013259205251e-05,0.11372169952069,0.00340214576719412,0.000105867331186347,0.00023288465398557,5.61513716824643e-09,0.882514330298795,5.51666434234618e-11,8
"20321",1.48429633741912e-06,3.93070127348604e-10,0.994074321165787,0.00129292250957126,0.000233144108406241,0.00433468751001245,1.05963758200061e-06,6.23780651966594e-05,2.31403661336863e-09,3
"20327",1.49086052928505e-06,1.50860524814088e-09,0.788752696708957,8.07570985688594e-06,0.00675310601965396,0.204471879151494,2.81255724450567e-08,1.25067812479134e-05,2.15134083056008e-07,3
"20329",3.08178238285082e-05,1.81745144560658e-08,3.51909646858072e-09,1.64486043551725e-06,0.00273891347473984,8.03276460640009e-07,1.82795254886363e-05,8.09918337327841e-13,0.997209519344626,9
"20335",1.90925404605085e-07,1.01917942357164e-06,0.536360058390452,7.46371780162163e-05,4.81222959028423e-07,0.00723450570127951,1.34253453854794e-07,0.456328973148284,7.27380019092283e-13,3
"20337",0.868692125618227,4.9765898806344e-06,1.16466624237429e-07,3.68138044348205e-05,1.04397983311032e-08,0.000247209136984363,0.130974502670697,8.71954802649522e-08,4.41580778735428e-05,1
"20339",0.0021901610758449,0.229275896844657,0.000560733119727017,0.558569964881309,0.00546607199862617,0.000296655080263133,7.0730652635297e-07,0.203631463421029,8.34627201779245e-06,4
"20341",1.80304340776737e-06,0.00357980575946105,0.00739647265231032,0.00118803787301808,7.20131773784483e-07,0.00096427265324417,0.000333822208852123,0.986535065630703,4.72298695205539e-11,8
"20343",2.44733681866832e-07,8.05865415174679e-08,0.983576997548585,8.79492252634331e-05,0.000550278505516043,0.00107866110191105,1.6601203387673e-05,0.0146891870540885,4.10247307742231e-11,3
"20345",0.893662786720495,5.94131930487318e-05,3.91289905776534e-05,0.0111200790057218,0.00295234934167052,0.0762089628787671,1.57084403844643e-06,1.7177358969142e-06,0.0159539912897832,1
"20350",0.000691664877509131,0.000605726391416785,0.00297176571120769,0.993615852841848,9.83518611416292e-05,0.000679354782975815,0.000588573625690394,0.000729863916511143,1.8845991699169e-05,4
"20352",0.000175593443665382,2.2282539232691e-08,2.1876727024855e-08,5.44159728337692e-08,2.45433786049256e-09,5.56060634213454e-07,0.999823368127507,2.18400774166963e-09,3.79154608962589e-07,7
"20355",0.00928230733504195,1.50765860573717e-05,6.56804987202282e-05,0.00019582534976416,0.000265155736346379,0.00112864380560184,0.989031154535729,6.36882790572742e-06,9.78732483297048e-06,7
"20358",0.00773365580572648,5.60077035844337e-08,4.2115741745741e-08,5.67635933345065e-06,0.000946103183583562,2.2993072396597e-06,0.0019779977685291,4.27716243928408e-11,0.989334169409371,9
"20363",1.52303839087174e-05,4.79122551625373e-10,0.980827275923547,0.0023687481901577,0.000120131548527517,0.0165315701142114,1.21712544114724e-06,0.000135824911193103,1.32389099018047e-09,3
