"","V1","V2","V3","V4","V5","best$classification"
"19811",0.0501956474780521,0.708915409540656,0.240367739374942,4.19059384428888e-12,0.000521203602159518,2
"19813",1.61458623204186e-13,0.999998658124178,4.36964774096257e-28,2.43151384143387e-59,1.34187566068849e-06,2
"19815",0.558836274943142,0.0075962982334568,0.411213793765567,1.46965480273446e-44,0.0223536330578333,1
"19817",0.104003536188038,0.00180071447172442,0.893577675799642,6.16145831799117e-11,0.000618073478981747,3
"19819",0.0466329250367825,0.0129612212385043,9.52786961141202e-121,3.77787897609917e-125,0.940405853724713,5
"19821",0.0716046425195498,0.928368401676968,2.42696310275911e-10,3.49700658221923e-18,2.69555607855506e-05,2
"19823",7.89175458803211e-05,0.000309924859735233,2.44209093547745e-21,2.54630157072988e-74,0.999611157594384,5
"19825",7.7001698911334e-11,0.999999848890864,1.06391706026558e-129,6.43818742049813e-47,1.51032134145292e-07,2
"19827",0.737344993579935,0.175864939491347,0.00425372339133245,0.0037923954674099,0.0787439480699753,1
"19829",0.66024232485591,0.339349572429794,5.59586757312898e-79,2.25949518345579e-29,0.000408102714295912,1
"19831",0.00492323448965025,0.0132133028331442,1.87303797704409e-110,8.85005707120224e-123,0.981863462677205,5
"19833",1.55087822909639e-32,0.000390635475387945,1.12594891983293e-210,1.71971181049773e-160,0.999609364524612,5
"19835",0.0716046425195498,0.928368401676968,2.42696310275911e-10,3.49700658221923e-18,2.69555607855506e-05,2
"19837",0.615512087157668,0.0167161194864713,0.36341745943328,0.00326218537436536,0.0010921485482155,1
"19839",0.00838975943974883,0.991598104366623,4.22360821028599e-70,4.26978066027069e-26,1.21361936283785e-05,2
"19841",2.24591245783093e-15,0.99998981041856,7.49198432478206e-72,1.00924121020463e-05,9.71693354564229e-08,2
"19843",3.35873547182135e-05,0.999958299348031,1.0682081654777e-126,8.13297530369089e-145,8.11329725101534e-06,2
"19845",6.14255100160794e-08,0.981477765891555,0.0185058237061172,1.58042155441095e-42,1.63489768173775e-05,2
"19847",0.548443871358552,0.447873311633994,8.08725013366012e-12,2.46117983925759e-51,0.00368281699936736,1
"19849",3.05123874385063e-15,0.999998440879716,1.41001072616529e-17,9.16932318673436e-56,1.55912028125251e-06,2
"19851",0.000107822044394101,1.06887360932955e-05,0.999868415687054,1.04124221446988e-28,1.30735324584694e-05,3
"19853",5.42361267783465e-10,0.0318135489630372,1.36002398236332e-08,1.17463548284079e-52,0.968186436894362,5
"19855",0.0176335169286442,0.490464398962747,0.250185753380889,2.28940742003472e-12,0.24171633072543,2
"19857",0.781140980499881,0.218845267890172,1.77368940668351e-09,6.97260016726361e-09,1.37428636573938e-05,1
"19859",0.946745054478949,0.0406593634758237,0.000127487246174369,1.47563172571705e-07,0.0124679472358807,1
"19861",3.95811615276327e-06,0.000701420526640486,0.999289845652244,3.88397098365728e-33,4.77570496281239e-06,3
"19863",2.18275616691719e-24,0.999999993052134,2.92116201988823e-40,8.93373808931283e-11,6.85852868399725e-09,2
"19865",2.06650794363395e-06,0.0203743970018839,4.53243407206828e-12,0.97962295326656,5.83219080360745e-07,4
"19867",0.413588185199287,0.541338864928956,0.0367817723867341,9.2992729588907e-62,0.00829117748502265,2
"19869",1.50392309557442e-11,0.464509065118483,0.535483503801926,2.62270908638082e-21,7.43106455090132e-06,3
"19871",0.98317288762018,0.0102081795298023,0.0013050510661011,0.00237220445138848,0.0029416773325277,1
"19874",2.7413479917994e-05,0.0021708332525099,0.0136065464979755,0.984166182282675,2.90244869213476e-05,4
"19876",2.93262048807469e-07,2.65075281434303e-05,0.99298585046205,0.00698729832157797,5.042617958396e-08,3
"19878",0.0528566558198673,0.946050666294761,6.46340002883143e-64,4.48279972974171e-84,0.00109267788537168,2
"19880",2.33027325604537e-12,0.00018947829981036,1.26602978585009e-08,0.999810494262776,1.47747859007296e-08,4
"19882",3.20936231542732e-06,0.999855254432061,2.3842554170125e-09,4.02381818998878e-32,0.000141533821368324,2
"19885",0.9770694774352,0.0171349191622996,0.00544081211870235,7.5963738591581e-12,0.000354791276201634,1
"19907",0.0071379176272172,0.991759400642228,3.42433377536876e-05,2.39315421120397e-55,0.00106843839280137,2
"19909",0.973586867109632,0.0262776773714065,1.91887415648319e-45,1.74785775029401e-61,0.000135455518961001,1
"19911",0.71623421285336,0.283135849591429,1.07104472875831e-56,3.96107135809181e-23,0.000629937555211566,1
"19913",3.21240070502325e-18,1.06192549404353e-05,2.40916821263081e-43,0.999989380524837,2.20222274708672e-10,4
"19915",4.33775477819266e-05,8.10832291664008e-05,0.92142389258176,0.0784437551336551,7.89150763609757e-06,3
"19917",0.00269708555052096,0.390159519799528,1.56007875046578e-11,0.606668478184479,0.000474916449871154,4
"19919",0.087217806148965,0.00662515941381001,0.712609143834297,0.19274981403488,0.000798076568048315,3
"19921",0.00218705630360384,0.00019130102575421,0.997602425348478,6.48042407202197e-35,1.92173221641379e-05,3
"19923",0.261673013626973,0.68371079346742,1.36169163859291e-20,4.03162842549489e-94,0.0546161929056071,2
"19925",0.000162806599000583,0.00382047734516367,0.000213096632977896,0.995780291413283,2.33280095753359e-05,4
"19927",0.021290916832706,0.000571291178966611,0.977597839456737,2.21275996448981e-19,0.000539952531590105,3
"19929",2.19139175218078e-23,0.234087981371059,2.54855148124849e-32,0.765912018416127,2.12813488220951e-10,4
"19931",0.0216331328630762,0.000288738439873191,0.977928116624925,3.28340207902229e-16,0.00015001207212514,3
"19933",0.991045882825177,0.00686437770457424,5.1107419325196e-22,5.62286328777404e-36,0.00208973947024915,1
"19935",0.865964265118601,0.134029093014595,4.65403294958156e-17,1.96979406975908e-30,6.64186680435628e-06,1
"19937",0.00138708448692443,2.36022485136712e-05,0.998446999382259,1.56531826533265e-41,0.000142313882302735,3
"19939",0.882668023280736,0.111357620944114,7.82122155159758e-10,8.10238990091343e-24,0.00597435499302793,1
"19941",0.0438331222548258,0.956142363293336,6.69059390185254e-66,9.08947131344923e-23,2.45144518383155e-05,2
"19943",1.80040417193459e-11,1.33630211684806e-05,3.03733157296388e-18,0.999986617105585,1.98552424008768e-08,4
"19945",0.973701205299728,0.0206607575943953,4.80180036805716e-26,1.18672248552756e-42,0.00563803710587655,1
"19947",9.31304340565824e-07,0.999978242574369,4.7061408932106e-66,1.67155697264403e-13,2.08261211232835e-05,2
"19949",0.905313166574246,0.087423984825962,6.07495557135273e-26,4.62378302072786e-86,0.00726284859979207,1
"19951",0.19828481915442,0.799785239636852,3.06348013865738e-13,2.67654572936361e-08,0.00192991444296359,2
"19953",0.000363013887863879,0.00105781406617445,2.3333000162419e-88,2.79540125848677e-171,0.998579172045962,5
"19955",0.315433711249476,0.583083205870629,3.61486697346965e-70,7.28427306915291e-83,0.101483082879895,2
"19957",0.00199374494118618,0.353062028682717,1.3554545835771e-28,2.67661725831938e-11,0.64494422634933,5
"19960",0.237028378179822,0.762957900130743,3.09774526290372e-83,2.31160528689766e-50,1.37216894353024e-05,2
"19963",2.65745358962621e-23,0.0851027856627675,7.40993908156734e-131,7.40900138557998e-58,0.914897214337232,5
"19965",0.365849858551917,0.632655008980712,2.0566848040731e-103,7.58771810580104e-134,0.00149513246737097,2
"19968",1.37387373489503e-06,0.999998625856851,9.41481666953287e-37,5.41409682887199e-14,2.69359596030652e-10,2
"19971",2.88782978967489e-17,0.967017060975189,1.8379261302445e-137,9.8734494498892e-24,0.0329829390248113,2
"19973",0.0810638072249235,0.00390111414929305,0.914982131430039,1.61273640351273e-05,3.68198317091071e-05,3
"19975",0.0113665652449525,0.886598619538281,7.14162058663525e-06,0.102003519861978,2.41537342020266e-05,2
"19977",1.65162449834218e-14,0.999755336398986,1.24668498057064e-56,2.23950508602375e-10,0.000244663377047594,2
"19979",0.908775122335573,0.0884753997942403,1.92212179389925e-139,6.5460627222968e-85,0.00274947787018642,1
"19981",0.99035516543283,0.00912962395248508,7.34012871787537e-09,1.10983546850926e-17,0.000515203274556192,1
"19983",0.967468109090402,0.0319663498427155,4.19262693993497e-11,3.75842024311676e-35,0.000565541024955824,1
"19985",1.65134787724002e-05,0.00115922498579653,0.264828191444257,0.733993613421121,2.45667005271356e-06,4
"19987",0.958428814361879,0.0407630743734554,4.55891387606944e-17,4.99390656962235e-13,0.000808111264166214,1
"19989",0.961009638744184,0.01512128929978,2.20540200993704e-102,2.20888911158547e-151,0.0238690719560365,1
"19993",0.936455310613153,0.0624890287182476,5.59080896903627e-37,1.01008379586217e-35,0.00105566066859901,1
"19995",0.905888707258821,0.0940087948008791,1.05571676383526e-35,6.82103046725218e-35,0.000102497940299404,1
"19997",0.0218297726191084,0.00305284224966243,0.974907364036823,3.03179270357922e-06,0.000206989301702043,3
"19999",2.93014181701277e-06,7.15630133910466e-05,0.956755427972386,0.0431696893574121,3.89514994078507e-07,3
"20002",3.64950026934592e-22,0.999999968751522,3.25721633866787e-88,7.048183058237e-35,3.12484781224971e-08,2
"20004",0.864107718833487,0.135874408099883,2.96764605515508e-44,2.66113840008479e-36,1.78730666300994e-05,1
"20006",0.00318007036447756,0.996573673039749,3.86928587997318e-79,3.00076548098494e-53,0.000246256595773783,2
"20008",0.00992318061906677,0.987244518771247,5.02752937632735e-77,3.40752370019542e-85,0.00283230060968583,2
"20010",0.929059039699987,0.0495106782585027,4.1013469973072e-38,4.04772220705449e-69,0.0214302820415099,1
"20012",4.88569198113228e-06,0.999984157373461,4.73561779075193e-19,3.62197735936764e-12,1.0956930935737e-05,2
"20015",0.900463870986099,0.0995330823230566,6.15535157097042e-116,1.46237208538621e-119,3.04669084486798e-06,1
"20017",0.000763860904174826,0.00270497325503159,0.995915871305437,0.000609538317527407,5.75621782935331e-06,3
"20019",0.773942687878,0.211803147305198,2.59209633625946e-173,1.28800112383028e-145,0.0142541648168023,1
"20022",0.970077862363028,0.0245011963388782,1.35352719447906e-43,3.20036187593075e-57,0.00542094129809392,1
"20024",1.78907635437595e-06,0.101990679507693,4.41063338100081e-184,9.09141246528236e-204,0.898007531415952,5
"20026",1.78907635437595e-06,0.101990679507693,4.41063338100081e-184,9.09141246528236e-204,0.898007531415952,5
"20028",0.000152499215761985,0.00122491245408403,0.997523298309472,0.00105487340794316,4.44166127386087e-05,3
"20030",0.310860523319341,0.689127617545451,4.89831947507668e-107,5.69492588868795e-59,1.18591352076633e-05,2
"20033",0.879815515640008,0.117466017801297,3.38900554511958e-08,3.62008530386237e-05,0.00268223181560019,1
"20035",0.707898168796895,0.262390123157764,1.07069421859593e-173,6.84272136652572e-163,0.0297117080453414,1
"20037",0.897378588919015,0.1002446682919,8.83363339491017e-141,2.38003747612358e-177,0.00237674278908417,1
"20039",4.25854609382319e-16,1.68392676388235e-05,1.68307441346595e-184,1.34838061446655e-303,0.999983160732361,5
"20041",0.743505685610837,0.21588217664539,5.97039734021802e-43,2.10379067018345e-49,0.0406121377437735,1
"20044",0.073993641425678,0.837932313893024,7.49429836874048e-57,1.34503620981752e-48,0.0880740446812984,2
"20047",0.0797050001735162,0.743533835000859,5.64813124124254e-195,4.30707638801951e-124,0.176761164825625,2
"20050",0.20804899629371,0.0664636559784637,9.33025836897445e-56,6.96060859873245e-86,0.725487347727826,5
"20052",0.94864195934455,0.0393061720098696,1.87567242102989e-07,3.26514365561091e-08,0.0120516484269014,1
"20054",0.928835133390451,0.071161965604173,2.48687842689176e-74,1.8958646158347e-56,2.90100537594588e-06,1
"20056",2.67262683788106e-05,0.999854581165035,1.28555715365442e-36,1.44812675806523e-06,0.00011724443982866,2
"20058",0.959313046329485,0.0337020932544725,2.21026777857278e-106,4.28607160970099e-161,0.00698486041604272,1
"20060",0.934181376951732,0.0631586350395783,4.03495084830933e-09,2.38431297593311e-30,0.00265998397373903,1
"20062",0.958349419566152,0.040787988500642,6.10904883770259e-09,3.85286306595542e-32,0.000862585824156808,1
"20064",0.971121691682998,0.0284871813525493,6.12518297361589e-31,7.39121977766233e-29,0.000391126964452245,1
"20066",0.0915355704074976,0.908409278822286,2.62561386945846e-149,8.07317717627588e-90,5.51507702166041e-05,2
"20068",0.311194847643066,0.113599793846463,0.574096572520151,3.03084436253023e-23,0.0011087859903205,3
"20070",0.55686370170445,0.114924408235479,0.000112731840748679,8.72513830713691e-43,0.328099158219322,1
"20072",0.0724295930349875,0.92745804463482,6.97631717129831e-95,3.64493070689771e-144,0.000112362330192267,2
"20074",3.75400184076414e-22,0.000328026598093888,3.44673601873391e-35,0.999671973300393,1.01512816001706e-10,4
"20076",0.000175884662399363,0.999824040346509,1.02489975114504e-27,2.3711807178869e-08,5.12792847271548e-08,2
"20078",0.978614594880061,0.018334864910985,9.59888831230766e-44,1.52217568417797e-41,0.00305054020895418,1
"20080",0.971669432190195,0.0251275916377251,4.39854103924614e-126,5.57276753020997e-116,0.00320297617207974,1
"20082",3.09769050719214e-08,1.76625108301557e-05,4.68506850145413e-126,9.13402458944415e-177,0.999982306512265,5
"20084",0.637284774571738,0.333823393448905,1.168868246325e-60,1.17205486399963e-21,0.0288918319793569,1
"20087",0.965659045348996,0.0336863990065384,2.35876446408707e-40,2.61817023161439e-82,0.000654555644465259,1
"20090",0.898547791725771,0.0647834975826803,8.45200364607978e-117,7.62464695881585e-123,0.0366687106915488,1
"20092",1.07751391828056e-05,0.00250630106505433,4.00484901515489e-62,7.49798560128218e-162,0.997482923795763,5
"20096",0.00251216725500422,0.0100825879665993,1.24669516117191e-46,6.3174514122902e-50,0.987405244778397,5
"20098",0.866975149781175,0.115877305344605,0.00102216810396615,0.00114430656666406,0.0149810702035897,1
"20101",0.83843294181587,0.158464649078135,2.99955003115848e-98,1.36559251218506e-49,0.00310240910599502,1
"20104",3.67734487986664e-16,0.000858279541723633,1.52420598775805e-60,4.70428978096963e-103,0.999141720458276,5
"20106",0.955225590386929,0.0446373798704442,5.47916179299968e-70,1.72274535442484e-50,0.000137029742626459,1
"20108",0.834615063804962,0.0718360137073929,0.0928588996904805,6.46861192344071e-07,0.000689375935972627,1
"20110",0.0119961511622844,0.179155593617123,3.87769526255399e-28,2.23267370148049e-26,0.808848255220592,5
"20112",0.944513125193761,0.0382898205085409,1.34503810754213e-59,1.05412720912117e-81,0.0171970542976983,1
"20114",0.865902788088658,0.131471032363083,2.52552343233849e-41,1.17214594767827e-16,0.00262617954825902,1
"20116",0.75677311282727,0.24321296970164,3.09618783006004e-56,1.82573373086971e-18,1.39174710900865e-05,1
"20118",0.988686539407425,0.00898048814588509,1.64373060292797e-11,4.35731108340276e-06,0.00232861511916896,1
"20120",0.901065453749348,0.0660135168982207,3.29768520647861e-66,2.41769775229239e-49,0.0329210293524318,1
"20122",5.80809779962332e-08,0.00399161243646314,4.8564146369854e-15,0.99600817953355,1.49949004355481e-07,4
"20124",0.790286926291765,0.184782057871161,4.83375149842538e-115,1.54474812638264e-134,0.024931015837074,1
"20126",5.92648285200639e-15,7.21184703652386e-05,2.2933605474946e-193,8.10247422882958e-176,0.999927881529629,5
"20128",4.55123558685538e-10,0.0104080242530976,3.62388044855163e-258,5.29937765265863e-232,0.989591975291779,5
"20141",1.75913520810638e-08,0.00027817492091539,9.17870541221011e-33,1.10842538242874e-49,0.999721807487733,5
"20143",2.24364074332167e-20,2.79477017060892e-05,7.41068319135753e-35,0.999972052108463,1.89830866972926e-10,4
"20145",0.960215417268723,0.0236743514769627,1.9415859879944e-40,3.04343401028741e-59,0.0161102312543141,1
"20147",0.982493226199756,0.0163999873613399,1.66207987285367e-49,2.06040822144451e-46,0.00110678643890363,1
"20149",8.90561523266433e-09,0.0573538538104478,1.82466154364205e-15,0.942631196617177,1.49406667582873e-05,4
"20151",0.335486509273325,0.0242156282784971,0.638952973879922,0.000708433172533212,0.000636455395723219,3
"20153",0.0408329724527916,0.20608787012779,2.07385117076319e-10,8.55329457093667e-10,0.753079156356703,5
"20155",0.973977150754063,0.025755033296691,9.35439902346482e-81,1.27220806338801e-74,0.000267815949245601,1
"20157",0.207338056822419,0.775105925004402,2.09673591764678e-08,5.48624887227004e-06,0.0175505109569482,2
"20160",3.06998302865352e-17,1.894000827159e-05,1.12508053116613e-32,0.999981059610432,3.81296704923348e-10,4
"20162",1.15239629895129e-10,0.000130992968332412,2.64663954655642e-06,0.999866326273972,3.40029098127883e-08,4
"20164",0.00156640436501934,0.993179182567446,1.95887617410068e-18,7.94086485905087e-06,0.00524647220267554,2
"20166",0.000286062890059136,0.999713905190618,4.5983980059618e-123,5.10198789887132e-61,3.19193232325164e-08,2
"20168",8.68321379605092e-18,0.999999999724007,1.30748298860961e-111,2.36439198799344e-49,2.75992883976281e-10,2
"20170",0.00737781638924916,0.00255675850155101,0.175286396334717,0.814114225792907,0.000664802981575671,4
"20172",0.976719567744451,0.0118502828324465,6.24420269162164e-44,9.44485084419613e-93,0.0114301494231027,1
"20174",1.86504711175285e-07,0.027233740005372,0.969828370524128,0.00293721706642154,4.85899367382506e-07,3
"20176",3.18903019435509e-12,0.999999817944545,1.31985057970482e-70,2.54643480904272e-70,1.82052266107246e-07,2
"20178",5.84598756160982e-19,6.11189422235063e-06,1.83406736267483e-40,0.999993887988749,1.17028678416305e-10,4
"20181",0.213104184445632,0.786891580478186,1.48712492342899e-103,4.39266655978021e-36,4.23507618230825e-06,2
"20183",0.896620292698985,0.0101790778173306,0.0156454672504866,1.75027111356843e-47,0.0775551622331982,1
"20186",0.542237331954504,0.280570195080467,6.24940778455432e-09,1.42007743845861e-112,0.177192466715621,1
"20188",6.10933281591335e-13,0.000473653423009659,5.0568138128275e-20,0.999526251473263,9.51031162492965e-08,4
"20190",0.970981876287465,0.0289936363951756,8.95126485476596e-106,5.96839410857032e-100,2.44873173597173e-05,1
"20193",1.80979084879939e-15,0.99999998109204,3.85637146508974e-93,6.92920584194058e-25,1.89079581686834e-08,2
"20195",0.309759189736918,0.68545487287936,2.59572517698294e-15,1.60943396081388e-07,0.00478577644032319,2
"20197",0.961989474215476,0.0341942786685024,8.92236299285973e-54,3.91589244439958e-87,0.00381624711602179,1
"20199",2.32451731230105e-05,0.00691748223507097,0.00352791951135423,0.988975630887383,0.000555722193068626,4
"20205",5.30873601473328e-10,2.02346955083982e-05,8.31524879383091e-108,5.20652056552164e-199,0.999979764773618,5
"20208",0.930610918471942,0.0651677322295454,8.12781117321678e-13,1.36515871202316e-16,0.00422134929769986,1
"20210",2.20913559828648e-08,0.000168750008512971,6.22916923060749e-05,0.999768534620114,4.01587710742078e-07,4
"20212",0.0639409892711271,0.921307541700919,3.77419252320422e-10,0.00119072876199706,0.0135607398885377,2
"20216",0.969585427237414,0.0303652456401431,5.97502477029754e-68,1.32362627979109e-49,4.93271224424946e-05,1
"20219",0.34516390786922,0.0313615306133405,2.2168544489718e-61,1.59285445921805e-68,0.62347456151744,5
"20223",1.64155813195758e-05,0.999832865194391,4.80150788792951e-160,1.34208263608916e-217,0.00015071922428911,2
"20226",0.86351898314424,0.128814648494931,1.02521951743424e-22,3.73095498607949e-37,0.00766636836082966,1
"20230",0.963131995407354,0.0364448632521034,4.55540090731065e-121,5.63570119133775e-132,0.000423141340542726,1
"20233",1.77873238920974e-20,6.83067427244234e-07,2.91531753790186e-86,3.02529712647682e-151,0.999999316932573,5
"20235",0.00204320834476661,0.790766438537157,3.73548193113792e-124,6.684351307872e-184,0.207190353118076,2
"20239",0.321759090360398,0.677754950191759,9.18485129860511e-56,2.51937965346754e-83,0.000485959447842529,2
"20254",2.22041184253193e-07,6.39429818998613e-05,2.09594067326613e-140,1.78540538002553e-192,0.999935834976916,5
"20256",0.983019286399243,0.0143699589483133,6.148866675064e-86,1.63991057386139e-110,0.00261075465244411,1
"20262",0.000536793678285388,0.000270352983742757,0.0518236407348375,0.947362007090885,7.20551224897668e-06,4
"20270",0.0306539146967359,0.969336778688856,3.90718364510477e-77,1.46639348479016e-65,9.30661440777446e-06,2
"20284",0.0218304066112648,0.00484136371264725,7.27436066843506e-23,2.48216909984528e-97,0.973328229676088,5
"20287",0.440674236642552,0.558523232746957,4.43733827268317e-169,3.40063046336819e-174,0.000802530610490934,2
"20290",7.59835426733833e-06,0.000447770524176856,2.20501024426851e-62,1.66787290553713e-108,0.999544631121556,5
"20293",0.984153435407514,0.00741800711387758,4.88404071426091e-30,2.3031179429922e-49,0.00842855747860886,1
"20296",0.0986287584197947,0.90137083581414,4.8628458689772e-14,7.64379585424404e-08,3.2932805827233e-07,2
"20301",0.000217915478616177,0.999567988041174,4.88550991508283e-207,1.72673868357648e-108,0.000214096480209705,2
"20304",6.21909722363405e-08,3.83379618543549e-06,1.1669060266599e-115,8.11256233931618e-163,0.999996104012842,5
"20306",0.934045525166145,0.0459308129588771,1.21782027787436e-108,9.35050990293737e-168,0.0200236618749776,1
"20309",0.965362652762222,0.0128320162321331,1.87256410398873e-40,2.22493020492942e-61,0.0218053310056448,1
"20311",0.895520723527511,0.103636126210593,7.04746060871325e-69,3.60103853755027e-46,0.000843150261896463,1
"20314",0.687961936005492,0.0118083489692017,0.296141257124992,4.15790801187556e-06,0.00408429999230261,1
"20318",2.09227302537623e-11,0.999998369580091,2.44403283712584e-53,7.3442867673329e-07,8.95970309560977e-07,2
"20320",0.0568841347543859,0.828944528828841,3.46636672810663e-23,6.01277175429194e-45,0.114171336416773,2
"20326",0.96701865382754,0.0172465944481717,9.44877527757548e-07,4.65183664899812e-09,0.0157338021949242,1
"20328",0.711957008363654,0.189713268859811,0.000177259307973914,4.3870673974496e-60,0.0981524634685602,1
"20330",0.597846889486343,0.391013170221663,2.55247266701799e-78,9.31597766027325e-91,0.0111399402919934,1
"20336",0.00273798013059419,8.97040857719333e-05,1.39377145475054e-35,6.59217393448183e-122,0.997172315783634,5
"20338",0.00019510065576324,0.00129180656930949,1.20892019856784e-92,2.25523106163099e-75,0.998513092774927,5
"20340",0.513637831279877,0.471947015005278,4.55927044690778e-143,1.00370490662298e-128,0.014415153714845,1
"20342",1.7691168990746e-21,0.0245095843838493,5.54202073763073e-152,1.14154971053259e-133,0.975490415616151,5
"20344",0.978014048738836,0.0176607397670862,1.33231690669145e-65,3.98108040265275e-109,0.00432521149407781,1
"20349",0.982116519344474,0.0168047110168671,6.48629627743832e-93,2.93776124106868e-135,0.00107876963865835,1
"20351",0.976645272107655,0.0117346231260237,1.64291864511705e-45,1.1656779426548e-39,0.011620104766321,1
"20353",0.755197825022639,0.156163633511714,2.50768452273469e-89,1.59807371032354e-130,0.0886385414656468,1
"20357",1.18927764715715e-07,0.000126819089810015,1.29545936792955e-109,5.46076624607084e-235,0.999873061982425,5
"20360",5.05654601930505e-13,0.429091542901886,2.25433450924062e-135,7.08060389721502e-159,0.570908457097609,5
"20364",0.965135142351736,0.0269299954023538,8.56886552727657e-42,1.150313023705e-70,0.00793486224591012,1
"20366",9.47145179907239e-07,2.25122116389882e-05,3.91129411600731e-54,1.95694395718003e-114,0.999976540643181,5
"20381",8.00095510092329e-16,0.999862332542231,2.34492052630422e-35,5.69475429646419e-20,0.000137667457768524,2
"20391",0.000356420306013257,0.949958840763993,4.23707733657474e-46,2.22423049397681e-163,0.0496847389299938,2
"20394",0.749171239890187,0.246225047235153,0.00334309484418173,4.07369060931732e-14,0.00126061803043666,1
"20396",1.66770568011638e-10,0.00394475319612843,0.996054878175404,1.75391207848847e-07,1.93070489402659e-07,3
"20409",0.830993547192889,0.166154281716984,5.60712326144504e-36,8.82247902662802e-22,0.0028521710901263,1
"20411",0.625037916619119,0.0131863835103733,7.9497557779613e-80,4.93646866660522e-153,0.361775699870508,1
"20416",3.380094173255e-09,0.000442913201313884,1.52544028080089e-217,2.90941813726741e-281,0.999557083418592,5
"20418",4.37876341088146e-12,0.00332658252919739,0.996564200529747,0.000109177837108074,3.90995689841952e-08,3
"20420",4.05267369023855e-14,2.27061976524835e-06,1.23900206564145e-57,4.83563198558656e-116,0.999997729380194,5
"20422",0.849627674145699,0.150203923080462,1.64282309096109e-110,1.31903901064097e-82,0.000168402773839099,1
"20424",0.92098407280886,0.015470904859265,1.52266781573216e-77,2.84908008169713e-128,0.063545022331875,1
"20426",6.77936925623871e-23,5.79392373760895e-06,6.79679949383979e-131,4.12607653062384e-129,0.999994206076262,5
"20428",0.945561336184288,0.054410779189212,4.10453071877106e-38,3.37984549244355e-54,2.78846264996718e-05,1
"20431",0.548977168598708,0.296271088200074,9.22387498295792e-29,1.58375937175341e-29,0.154751743201218,1
"20433",0.00157356555264139,0.998416680959317,1.98918643819827e-147,4.11531096437121e-147,9.75348804180742e-06,2
"20436",1.21298697549091e-10,0.999999961648209,1.06041059785274e-96,1.32156624999976e-72,3.82304924270743e-08,2
"20439",2.24611861196582e-08,0.00775589480753887,0.988568035278349,0.00367595405021178,9.34027140058822e-08,3
"20441",1.36175456248644e-06,0.000335536802439202,2.29384540471088e-92,2.01784177789922e-132,0.999663101442998,5
"20444",2.26604067889429e-16,7.32961577947416e-06,3.15080019720758e-21,0.999992670255191,1.29029842951555e-10,4
"20448",0.00614408083977648,0.472188107804705,1.1055235924902e-32,3.08094561031467e-33,0.521667811355519,5
"20536",0.00300338863479136,0.961591400433045,0.0352320631910265,2.07232564796301e-38,0.000173147741136787,2
"20538",0.000578969678708244,0.000133065315812401,1.05005154237434e-55,3.37390884105971e-136,0.999287965005479,5
"20541",0.784908244679697,0.0557303614691706,3.44029027607852e-121,2.17103967514889e-146,0.159361393851133,1
"20544",0.990248754661949,0.00583501101590362,2.63677534071853e-16,7.62014190805696e-17,0.00391623432214777,1
"20546",0.96381947091025,0.0148197335079027,4.76582900261354e-59,3.75307351153402e-128,0.0213607955818467,1
"20550",0.456234786464064,0.537751293317642,1.85373462501191e-49,2.77911852405762e-49,0.00601392021829346,2
"20553",9.0263393121968e-19,0.00867044383318932,3.40204252367898e-302,8.23400979039331e-200,0.991329556166811,5
"20555",1.6648435639638e-15,2.86847294933698e-06,2.65893845310679e-68,1.36176907466237e-192,0.999997131527049,5
"20557",0.654313630627705,0.0720022649302048,5.99377503543382e-41,5.93683356802409e-50,0.273684104442091,1
"20559",0.975374876312807,0.0241708964151818,9.14278461468696e-64,1.67308280858942e-61,0.000454227272010909,1
"20561",0.00745034327579276,0.00190431397961055,0.000519240168762403,0.990023541307153,0.000102561268681366,4
"20564",5.84598756160982e-19,6.11189422235063e-06,1.83406736267483e-40,0.999993887988749,1.17028678416305e-10,4
"20566",0.929737025540977,0.0702285020830945,3.24664469392901e-41,1.42336047287473e-53,3.44723759288082e-05,1
"20569",0.000651486429524926,0.0138902237722815,0.972343300614938,0.0130726703700848,4.23188131713958e-05,3
"20572",4.84059073701447e-07,0.0129366599999716,0.000191111076448049,0.986871492319154,2.52545353044664e-07,4
"20574",0.967997724463884,0.0251176383207655,5.20992554276495e-81,5.0982117555116e-73,0.0068846372153508,1
"20576",7.31100283399106e-12,0.000131014666721308,1.19538106741147e-27,0.999868955030507,3.02954607226715e-08,4
"20578",0.984786132118981,0.0148196918886294,3.32487265746823e-26,2.5212527719756e-17,0.000394175992389663,1
"20580",0.97571046044536,0.0241285242677125,2.80734450883595e-25,9.27548594751405e-46,0.000161015286927911,1
"20583",7.58662551598744e-14,2.90781201369094e-05,1.67369170830705e-32,0.999970919222516,2.6572713817005e-09,4
"20586",0.983356530694173,0.0116749799048759,1.41366216033908e-33,1.98331568590994e-78,0.00496848940095138,1
"20589",0.976015033570081,0.0231183635063626,1.99991560513591e-93,4.49764343750111e-136,0.00086660292355574,1
"20591",0.00238781202520391,0.0128388929431334,4.88040533294692e-28,2.68528203472654e-94,0.984773295031663,5
"20593",0.463345125311602,0.536261314580774,4.67158098401206e-182,3.54374952348667e-130,0.000393560107623991,2
"20595",0.987830660036043,0.00932222696972358,1.67965884474558e-56,1.29342291509911e-49,0.00284711299423304,1
"20597",1.91448495833916e-13,0.999999369485238,2.96074731177122e-07,2.56597471805041e-39,3.34439839158745e-07,2
"20599",2.64623932265788e-16,0.00013874061198443,2.99165634849618e-35,0.999861257491225,1.89679046040619e-09,4
"20601",0.708003184876075,0.0126423632158879,0.275066415690379,4.09939546154452e-17,0.00428803621765837,1
"20604",0.962924873535693,0.0369414518780612,9.26767739658302e-122,1.12363524105957e-91,0.000133674586245511,1
"20606",0.968342344827035,0.0314864288072056,4.28409332885623e-108,1.54227092853167e-108,0.000171226365759168,1
"20608",0.958661000788462,0.0412919935806399,1.0761966162511e-77,8.83317058872065e-93,4.70056308976412e-05,1
"20610",5.08920204965033e-06,0.667362275481637,1.09531549020137e-26,0.330984669116249,0.00164796620006482,2
"20612",1.29285766668272e-19,0.986351289768943,3.31386757497421e-151,1.26208235377457e-133,0.0136487102310573,2
"20614",3.175140465683e-08,0.000290509328041745,4.88942482239981e-08,0.999708503231331,9.06794974109385e-07,4
"20616",0.817969261318164,0.168865889454307,3.56014301846681e-24,8.79808202633944e-43,0.013164849227529,1
"20618",9.78610367989202e-08,0.000110656632302255,8.41655929403337e-76,6.40408486151379e-100,0.999889245506661,5
"20620",0.146004112171775,0.853939642462176,2.11409137350393e-83,3.76626488243517e-68,5.62453660495248e-05,2
"20622",5.66940457798396e-09,0.000536382174214068,8.05392058355563e-22,0.999463449457038,1.62699342986037e-07,4
"20624",0.369293379912999,0.00895570047005731,6.13019443179648e-90,9.97252333073093e-139,0.621750919616944,5
"20626",0.0184690675298484,0.981530464898169,3.00646524610455e-66,8.20853201351159e-58,4.6757198239254e-07,2
"20628",0.00548407180590674,0.994118156684584,1.97920562839307e-57,5.97279640969212e-65,0.000397771509508852,2
"20630",0.903029266558338,0.0967481751310886,7.61189664705459e-62,5.15831823911842e-51,0.000222558310573717,1
"20632",1.7382164636053e-12,0.000475905522499678,0.000412495704293297,0.999111585600444,1.31710246862847e-08,4
"20634",0.975526250388433,0.0242877322364124,5.08966101336841e-101,9.33340645344456e-114,0.000186017375155069,1
"20637",1.438989427474e-05,0.00270320421315994,2.46902093782529e-112,4.22875016511409e-105,0.997282405892565,5
"20639",2.23238142228123e-07,6.03534580346617e-06,0.625484228619995,0.37450924931278,2.63483279007797e-07,3
"20644",2.00891951413805e-18,0.371394968055879,3.68723426076517e-303,3.08488128766519e-234,0.628605031944121,5
"20646",5.99329078510249e-09,0.998437766192464,1.81780841530442e-157,2.80233714748966e-120,0.00156222781424465,2
"20648",0.000255489465122363,9.70974819786679e-06,0.999724340924858,3.32641455728877e-08,1.04265976759921e-05,3
"20650",0.00804188192227527,0.0368881711870405,5.48658196702759e-119,2.80563772489718e-181,0.955069946890684,5
"20653",0.0633076249071731,0.87943828812339,1.79727151450066e-22,5.46863403359077e-40,0.0572540869694372,2
"20658",0.65982424176393,0.340159865902786,1.00546710220821e-98,3.92233276411801e-129,1.5892333283505e-05,1
"20661",2.95130291686591e-09,6.20754127530493e-05,1.38204932478318e-91,2.03006343471503e-162,0.999937921635944,5
"20663",0.979919965393893,0.00971405532274995,2.70024631189165e-13,7.5531374800903e-52,0.0103659792830866,1
"20665",4.28466223092606e-15,0.00184561461787667,1.17485688229532e-39,0.998154385192959,1.89160382254657e-10,4
"20667",0.0353917149230346,0.961037496485635,1.19102264822885e-31,5.73161467881038e-58,0.00357078859133019,2
"20669",2.00250426123784e-10,0.999467514816373,0.000464496613290486,1.00945767535889e-29,6.79883700859342e-05,2
"20671",0.109287202082609,0.00830492393954467,8.59236085000202e-67,2.84271319228448e-65,0.882407873977847,5
"20673",3.98187523155474e-14,0.999998042703395,1.68477344791981e-06,2.43753789372414e-27,2.7252311763366e-07,2
"20675",0.0878096274588453,0.911820080281501,1.69218882297536e-09,1.33511543651491e-65,0.000370290567464383,2
"20677",0.962101502068807,0.0373835840476433,9.32074037684772e-23,1.124297237973e-65,0.000514913883549748,1
"20679",1.32954875175779e-10,0.957142073503247,0.0426139561524174,1.71894592075748e-16,0.00024397021138097,2
"20681",2.38655975116768e-05,0.00063051905286453,0.999336725109047,8.91428248342778e-46,8.89024057683324e-06,3
"20683",0.86504305866902,0.134660789849051,4.46795375778394e-28,4.37556749359741e-76,0.000296151481928956,1
"20685",1.34406617761824e-14,1.56589400960628e-05,4.36433070664433e-62,7.22879793066924e-120,0.999984341059891,5
"20687",1.60266826192884e-06,6.92989908912009e-05,0.0529104578305345,0.947017509248333,1.13126197887186e-06,4
"20689",7.27987806678215e-18,0.00255884579983225,4.67858391424816e-245,4.61529465377443e-265,0.997441154200168,5
"20691",2.26583061343518e-14,6.06236968733864e-06,1.18906585619466e-20,0.999993936738946,8.9134361376645e-10,4
"20693",0.909716789252942,0.0783879439789903,9.55553627880737e-114,5.58866572546386e-156,0.0118952667680674,1
"20695",0.643130317416753,0.0580513327013185,0.275005236332893,1.39039894546367e-13,0.0238131135488961,1
"20697",0.953387911331832,0.0459199117552472,9.33109927534607e-89,7.58383393111077e-55,0.000692176912921202,1
"20699",0.935295004130599,0.0646930081386741,1.01072104391661e-16,4.98687611104207e-41,1.19877307265306e-05,1
"20701",0.942345518544181,0.057035572686702,4.76422524755867e-40,2.90155844891841e-100,0.000618908769116688,1
"20703",4.03247863656127e-20,0.966739757149619,4.87455645425709e-43,6.30183408341833e-102,0.0332602428503809,2
"20705",0.946943972766509,0.0477530104027728,4.6486253759612e-67,4.93707858174264e-118,0.00530301683071814,1
"20707",0.0250594959947578,0.000819213223276201,0.9733741608086,2.13296560894062e-42,0.000747129973365591,3
"20709",0.019684585063133,0.980302934359464,9.42996934126736e-38,1.29591037338754e-15,1.2480577401435e-05,2
"20713",8.62610150331364e-06,0.00576847388530452,1.70732515715863e-21,6.65959761651861e-38,0.994222900013192,5
"20715",3.43288151382982e-12,0.99306119277091,2.25219252105022e-215,7.08986399280979e-67,0.00693880722565766,2
"20717",4.91878511944259e-05,7.68034138391582e-06,0.999936134896015,4.33742547367836e-27,6.99691140664928e-06,3
"20720",0.955772007397204,0.0428268101769454,4.19679876419129e-66,3.01282834054102e-65,0.00140118242585068,1
"20722",0.909897888133962,0.0894509872081399,3.92213797394849e-37,5.74944440062773e-69,0.000651124657898072,1
"20724",0.000465199554139941,0.000159188332451162,0.977921319112231,0.0214491092037222,5.18379745536059e-06,3
"20726",0.870428997266478,0.125877632433676,1.38284760862181e-107,5.38467822709227e-140,0.00369337029984673,1
"20728",1.13472329389091e-05,8.41104332281598e-05,0.999902174623588,1.14237461434924e-31,2.36771024432753e-06,3
"20730",0.139385117548514,0.00718151598536292,0.0572364439374355,0.795267241486499,0.000929681042188459,4
"20732",0.000104153394364774,0.991227243588011,9.53861100364079e-78,4.59950537295239e-111,0.00866860301762411,2
"20734",0.96021806975646,0.0369428933378727,3.3284385502533e-14,4.71721323017899e-50,0.00283903690563364,1
"20736",2.00974456406849e-05,0.000323390580744818,0.125758886110332,0.873896710824562,9.15038720462653e-07,4
"20738",2.44099161433194e-13,0.999904541510854,2.82196718683368e-155,1.72499935552492e-87,9.54584889024359e-05,2
"20740",0.00352953143160894,0.0126065867218067,5.0813714677935e-53,1.00494442704918e-202,0.983863881846584,5
"20742",0.0255758889193505,0.00422064100349968,2.24128477544946e-06,5.19582647864389e-49,0.970201228792374,5
"20744",5.31517625211236e-10,0.00259145044273065,0.00583455336269749,0.991573981470474,1.4192580315161e-08,4
"20746",0.987497297366943,0.0110749844993355,7.27797986787457e-06,4.56198381046886e-36,0.00142044015385391,1
"20748",0.000238913175552684,0.00014723053926478,0.999339522650423,0.000194522483700026,7.98111510596838e-05,3
"20750",0.0218306734869728,0.0113196614463911,0.00488627067626029,0.961956456297783,6.9380925927126e-06,4
"20752",0.973426634298918,0.0229303375097116,1.00329156398649e-29,1.27116918101921e-71,0.00364302819137034,1
"20754",5.10170305511472e-13,0.999999700917257,1.58567395812796e-10,3.74291963026397e-30,2.98923664973975e-07,2
"20756",0.956367417394123,0.0416138012534173,2.28383415738718e-13,0.00130605980358198,0.000712721548649323,1
"20758",3.61254591018364e-08,0.999999946497543,1.43268695254836e-51,8.2950126543003e-28,1.73769980317153e-08,2
"20760",2.51237347149734e-05,0.000381187855724363,0.980993440381133,0.0185995999599224,6.48068505063047e-07,3
"20762",4.17237156913809e-12,0.999987400489437,6.87859853639454e-08,8.92108608485513e-51,1.25307204049551e-05,2
"20764",0.000227917919967609,0.778408844282786,0.120194382850913,0.00124196681578863,0.0999268881305452,2
"20766",5.32924646384133e-05,5.34224948192558e-05,0.999675714562528,0.000214180780005803,3.3896980088279e-06,3
"20768",0.00148501153346868,0.000335826352779363,9.30427060897068e-05,0.998073193877052,1.29255306107878e-05,4
"20770",0.00428095943264189,0.995663432172265,1.15104886261853e-16,1.34651007340487e-55,5.56083950930302e-05,2
"20772",0.962010813733292,0.0379770073051026,3.60227551532493e-111,1.9100390684474e-96,1.21789616051822e-05,1
"20774",4.00470040231416e-06,0.999412671898391,2.19462546067221e-224,2.14057837505019e-220,0.000583323401206641,2
"20776",0.00534758718109253,0.000244426119263975,0.994118191085658,2.27163899402957e-51,0.000289795613985152,3
"20778",1.81892810404908e-09,0.0825641971754559,5.95624409834688e-253,1.77282605512367e-178,0.917435801005616,5
"20780",2.07018649410332e-19,0.999999977991267,2.73059936659936e-39,7.08449455040565e-38,2.20087326025441e-08,2
"20782",2.48074757809194e-15,0.999997037199374,3.06211955782977e-13,5.89825461984061e-25,2.96280031751978e-06,2
"20784",2.15947842167726e-10,0.999966434346948,1.05542030078534e-07,1.5494580511159e-50,3.34598950737806e-05,2
"20786",2.414144875334e-17,0.0735904988262104,1.31119528293249e-28,0.926409499286261,1.8875279934514e-09,4
"20788",0.278580657444413,0.00353532116784341,0.707657867471974,2.48704540236731e-38,0.0102261539157695,3
"20790",0.000324849437489505,0.684785119972508,0.314822417142687,3.47519670636541e-05,3.2861480252513e-05,2
"20792",0.500838489591056,0.470988893692858,5.74979993636353e-29,6.09221351565698e-20,0.0281726167160861,1
"20794",1.78517281046523e-06,0.0767095613870851,0.904638945614501,0.0186494210499416,2.86775661895212e-07,3
"20796",0.97349351546323,0.0203361787543099,7.13261588045863e-84,8.93644139652289e-129,0.00617030578245978,1
"20798",5.84598756160982e-19,6.11189422235063e-06,1.83406736267483e-40,0.999993887988749,1.17028678416305e-10,4
"20801",1.48595458963588e-08,0.999676109694884,8.75992846598845e-31,0.000301103237505912,2.2772208063901e-05,2
"20803",0.903042641280833,0.0387987941180197,8.4782171323127e-08,5.93687584466944e-56,0.0581584798189759,1
"20805",0.982503934074416,0.0160627520779345,3.00349397632165e-14,5.30329808258027e-43,0.0014333138476188,1
"20807",5.84598756160982e-19,6.11189422235063e-06,1.83406736267483e-40,0.999993887988749,1.17028678416305e-10,4
"20809",0.0361199111534969,0.0668147771652578,4.11473065191483e-15,5.84369838528505e-54,0.897065311681241,5
"20811",2.08603907114958e-05,0.988515849629911,2.13444359373342e-63,2.38686167017082e-35,0.0114632899793774,2
"20813",0.166897851880329,0.830543811166911,1.27099458750356e-31,1.51955716605987e-22,0.00255833695276064,2
"20815",1.10952269461841e-23,0.0427518901874561,1.00031943507471e-28,0.957248109139025,6.73518571600316e-10,4
"20817",0.000351236390328762,2.26219752080367e-05,0.999615063799738,4.68956236975992e-08,1.10309391017821e-05,3
"20819",0.953500146563205,0.0265496140623682,2.82628766656297e-11,3.76727137074528e-86,0.0199502393461642,1
"20821",4.77414358621486e-15,0.999999991541216,1.45525915152021e-152,5.26828817192745e-85,8.45877886079113e-09,2
"20823",0.991462449558111,0.00496693177043626,2.35236829220577e-14,1.2213795390473e-15,0.00357061867142763,1
"20825",4.72124366545422e-05,7.69499962817286e-05,0.999611210153488,0.00026391733703269,7.10076543295123e-07,3
