"","V1","V2","V3","best$classification"
"19812",0.943727038557539,0.00923355319850091,0.0470394082439602,1
"19814",0.0939203120049907,0.00146423243259096,0.904615455562418,3
"19816",0.987820718110974,0.0121490604198997,3.02214691258067e-05,1
"19818",0.643253745344379,0.0051363129042587,0.351609941751362,1
"19820",0.977864128630815,0.0221358713691851,5.48811387661361e-21,1
"19822",0.0534981511974876,0.946501848802512,4.29972138944764e-22,2
"19824",0.46779265160553,0.532207306317106,4.20773636531312e-08,2
"19826",0.78410031346891,0.0396052293634823,0.176294457167608,1
"19828",0.990222935507075,0.00977706441357618,7.93485559888156e-11,1
"19830",0.543372457242576,0.24981952132926,0.206808021428163,1
"19832",0.387482366648295,0.612517604771616,2.85800890329223e-08,2
"19834",0.98207270277467,0.0179268507546425,4.46470687795899e-07,1
"19836",0.974424549967669,0.0250532396350499,0.000522210397280834,1
"19838",0.0381543228716331,0.00421726243239124,0.957628414695976,3
"19840",0.95126728127676,0.0487119702880401,2.07484351998739e-05,1
"19842",5.61868319259624e-05,0.34394513521618,0.655998677951894,3
"19844",8.23407132511902e-09,0.824999101243699,0.17500089052223,2
"19846",0.000192904434355093,0.0013474769874897,0.998459618578155,3
"19848",0.00169594938796347,0.00266357696985518,0.995640473642181,3
"19850",0.0039026654903652,0.00615024600986,0.989947088499775,3
"19852",0.979547021256305,0.00640713070989062,0.0140458480338047,1
"19854",0.00601696176557933,0.00621486776707091,0.98776817046735,3
"19856",0.000418660884982926,0.888701786336669,0.110879552778348,2
"19858",0.00119232843505323,0.998754456465778,5.32150991690158e-05,2
"19860",0.973696962124662,0.00989211520579935,0.0164109226695384,1
"19862",0.00071033516914997,0.00661249622537327,0.992677168605477,3
"19864",4.13857089708666e-10,0.999999997375723,2.21041961929956e-09,2
"19866",0.641691832950873,0.35830769849599,4.68553136867857e-07,1
"19868",9.36519420803122e-12,0.999999999990635,1.02602498179638e-21,2
"19870",0.0337980896780533,0.00378586676162354,0.962416043560323,3
"19873",0.645998623811687,0.0425447353906981,0.311456640797615,1
"19875",0.986393670843878,0.0136063137720176,1.53841048356592e-08,1
"19877",0.688053451223297,0.00576308127064945,0.306183467506054,1
"19879",0.987622585634778,0.00842260566470136,0.0039548087005204,1
"19881",0.807691460844973,0.099337404098535,0.0929711350564924,1
"19883",0.0839495851238906,0.0492051429721637,0.866845271903946,3
"19899",0.955248071229746,0.0447419337585783,9.99501167593395e-06,1
"19908",5.18596526438045e-07,0.999999481278571,1.24902136998831e-10,2
"19910",0.957042583106575,0.00498797377158576,0.037969443121839,1
"19912",0.000300474392280377,0.0774027931967994,0.92229673241092,3
"19914",0.977287400360847,0.0215582088024528,0.00115439083670027,1
"19916",0.000314588566390656,0.999685411381747,5.18621166580545e-11,2
"19918",0.0197916415944446,0.00354170179853954,0.976666656607016,3
"19920",0.000385578134477332,0.00276916076366876,0.996845261101854,3
"19922",0.00085369610330667,0.999146303699323,1.97370414247418e-10,2
"19924",0.719224741081947,0.00680095861615497,0.273974300301898,1
"19926",0.914462550029326,0.085537245622088,2.04348586173205e-07,1
"19928",1.48430469829404e-15,0.999999972512038,2.74879607854715e-08,2
"19930",0.125345795785628,0.00153915510638691,0.873115049107985,3
"19932",0.00905993518149371,0.000613477653356182,0.99032658716515,3
"19934",0.984620975118552,0.0153771417480069,1.88313344102843e-06,1
"19936",0.924398088696273,0.0310170841075103,0.0445848271962165,1
"19938",0.74067913523949,0.259320864722453,3.80565928214925e-11,1
"19940",0.823224962883202,0.0133597988113855,0.163415238305412,1
"19942",3.48275204575605e-09,0.999991054632146,8.94188510198868e-06,2
"19944",0.985373098344893,0.0119689151568247,0.00265798649828184,1
"19946",0.818339468044965,0.0172602169597601,0.164400314995275,1
"19948",5.44275199102567e-09,0.998244817799968,0.00175517675727977,2
"19950",1.88299561655141e-07,0.00301796995157531,0.996981841748863,3
"19952",5.44275199102567e-09,0.998244817799968,0.00175517675727977,2
"19954",0.0325276057602463,0.000664975904376071,0.966807418335378,3
"19956",1.27920555788144e-06,0.770901010503985,0.229097710290457,2
"19958",2.24390744875633e-11,0.999999999977561,1.68442734711784e-18,2
"19962",0.256563446365865,0.731080937282855,0.0123556163512799,2
"19964",0.910667797805254,0.0792767199625261,0.0100554822322195,1
"19966",0.556889666425285,0.443110333574708,7.24067525815857e-15,1
"19969",0.261754667788961,0.0518093662195859,0.686435965991453,3
"19972",0.00231529823824212,0.0326236701256056,0.965061031636152,3
"19974",3.5235754627446e-08,0.00360209511036283,0.996397869653883,3
"19976",0.430186339289853,0.0128876139253539,0.556926046784794,3
"19978",0.98840718631884,0.0093496266430187,0.00224318703814157,1
"19980",0.000298611389337624,0.000669714703992375,0.99903167390667,3
"19982",0.00626661648937115,0.0618263740491483,0.931907009461481,3
"19984",1.83335241311728e-06,0.0192461893384394,0.980751977309148,3
"19986",0.936314459241044,0.0636855407589558,4.37327899562592e-16,1
"19988",0.926204026475783,0.0737959735242169,2.12589405813853e-22,1
"19992",0.958301434942466,0.041698565057527,7.13147747887348e-15,1
"19994",0.232163360800321,0.00221574446706112,0.765620894732618,3
"19996",0.991560533938915,0.00843946606098911,9.60036547075565e-14,1
"19998",0.00705270156307786,0.992865858634865,8.14398020573101e-05,2
"20000",0.0020357710691643,0.997823569290484,0.000140659640352094,2
"20003",0.939776522857643,0.0141261907045435,0.0460972864378138,1
"20005",0.00184064697944901,0.0307483281021817,0.967411024918369,3
"20007",0.974383721545855,0.0254455821060132,0.000170696348132118,1
"20009",0.133640439485158,0.86635956049579,1.90515337275748e-11,2
"20011",0.0780576000153912,0.0545583093704141,0.867384090614195,3
"20013",0.108179936777847,0.00361704071211146,0.888203022510042,3
"20016",0.37191145303588,0.628088546964115,5.21954181769517e-15,2
"20018",2.57202028393861e-09,0.99999999742798,2.85776442728161e-42,2
"20021",0.986348664328867,0.0136512499528562,8.57182765059084e-08,1
"20023",0.9601683379634,0.0396249504439653,0.000206711592634366,1
"20025",0.00167676178900785,0.998323238210992,2.50636943545348e-25,2
"20027",0.0390850672958197,0.0641721536809252,0.896742779023255,3
"20029",0.0358920743546788,0.115910613680061,0.84819731196526,3
"20032",0.0374757382779481,0.00682091615942123,0.955703345562631,3
"20034",1.50285321433642e-06,0.996691459645954,0.00330703750083125,2
"20036",0.0602874465636562,0.914268842192816,0.0254437112435273,2
"20038",0.980564919009751,0.0194350809902068,4.22631110665121e-14,1
"20040",0.000311374514318079,0.999688625485682,3.74768710453388e-21,2
"20043",0.978361929112716,0.0216380685240175,2.36326650976257e-09,1
"20045",0.585051421390004,0.414948578609997,7.79769949630952e-22,1
"20048",5.83894258831365e-09,0.330245651024587,0.66975434313647,3
"20051",0.876809648262069,0.122913189904657,0.000277161833274863,1
"20053",0.877111344432709,0.122831152150556,5.75034167343813e-05,1
"20055",0.884260955464584,0.115739044535201,2.14645298555897e-13,1
"20057",8.105063034422e-22,1,2.96510666160532e-27,2
"20059",0.774273115807052,0.225726455201003,4.28991945260609e-07,1
"20061",0.970049226133464,0.029822324170298,0.000128449696237502,1
"20063",2.73811311596332e-11,0.999999999634518,3.38100884672956e-10,2
"20065",0.0102237567489141,0.989776243251086,6.97298268473624e-29,2
"20067",0.713455757618975,0.286544238280394,4.10063035983004e-09,1
"20069",0.000232297806567647,0.000704399538372705,0.99906330265506,3
"20071",0.203271241711256,0.796726862435687,1.89585305712027e-06,2
"20073",0.00427434157136053,0.0358831820519119,0.959842476376728,3
"20075",7.23988417568395e-10,0.999999999276012,2.39902194442925e-23,2
"20077",0.950052763361175,0.0499299137414089,1.73228974167025e-05,1
"20079",0.0278099461651241,0.972161766745689,2.82870891874641e-05,2
"20081",0.833809184364222,0.166190815459708,1.76069078505323e-10,1
"20083",9.14463940906356e-06,0.99994359163442,4.72637261710976e-05,2
"20085",0.940090591860582,0.0599094081394179,1.74464669474891e-23,1
"20088",0.978798492486743,0.0212015074535626,5.96948086278779e-11,1
"20091",2.39587442554389e-05,0.999976041255744,9.28815234882629e-19,2
"20095",2.93370765394728e-05,0.999881876519648,8.87864038124968e-05,2
"20097",0.897047574889381,0.102952425110619,1.08824131818042e-23,1
"20099",0.0431993437473987,0.956796902074414,3.75417818712525e-06,2
"20102",1.64514040430041e-07,0.999999748305743,8.71802161967923e-08,2
"20105",0.964682098942585,0.0353178934007042,7.65671050908547e-09,1
"20107",0.988329020953402,0.0116709778290508,1.21754695975945e-09,1
"20109",0.641278827458073,0.355972291922733,0.00274888061919429,1
"20111",1.89770602014617e-08,0.999999980475697,5.47242851031693e-10,2
"20113",0.857093239121301,0.142906675729418,8.51492808111043e-08,1
"20115",0.0126769633687557,0.902072893099271,0.085250143531973,2
"20117",3.43054049021867e-08,0.999999965694595,2.06936295557616e-23,2
"20119",0.387945595652651,0.612054404345636,1.71332092237641e-12,2
"20121",0.971956636504184,0.0280433634903467,5.46896116098509e-12,1
"20123",1.83771778855854e-05,0.999981622822114,1.44435252701279e-24,2
"20125",0.0179481943474462,0.00411068892867966,0.977941116723874,3
"20127",0.946217172557565,0.0537828274424351,5.01800929605996e-18,1
"20140",0.704016046839172,0.29598395304211,1.18718059420522e-10,1
"20142",6.67170377231958e-07,0.00190979592027546,0.998089536909347,3
"20144",0.0170267151290222,0.905707200369115,0.0772660845018624,2
"20146",0.0114880570422414,0.487717653394361,0.500794289563397,3
"20148",0.661233443488747,0.0105895482085801,0.328177008302673,1
"20150",7.62555412928149e-06,0.00108063438468224,0.998911740061188,3
"20152",0.781156887609716,0.0111851143190161,0.207657998071268,1
"20154",0.000188631063051246,0.999811368936949,1.45166357709657e-22,2
"20156",0.326487197656486,0.672096317931497,0.00141648441201623,2
"20159",0.00203156767060236,0.184136597560535,0.813831834768862,3
"20161",2.56457180182446e-05,0.837502976693008,0.162471377588974,2
"20163",0.853676488655588,0.145625192614586,0.000698318729826229,1
"20165",0.00908333610489855,0.975919928155421,0.01499673573968,2
"20167",0.14291150758238,0.00181909344576733,0.855269398971853,3
"20169",1.24211373943549e-08,0.0155830876133392,0.984416899965524,3
"20171",7.00838651639369e-07,0.999999299161348,1.55960465905589e-25,2
"20173",4.56049193152446e-08,0.999999936871237,1.7523843320753e-08,2
"20175",0.353927953918346,0.0117032608295271,0.634368785252127,3
"20177",0.0826423629154785,0.917357544330603,9.27539190503242e-08,2
"20180",0.901114143039445,0.0988858569605546,8.3909793286823e-17,1
"20182",7.89106400634488e-20,0.999998274793301,1.72520669949787e-06,2
"20184",0.00100635950353675,0.00301800083154708,0.995975639664916,3
"20187",2.41904111160915e-05,0.999227579281196,0.000748230307687904,2
"20189",0.962196532375464,0.0377890815235241,1.43861010124078e-05,1
"20192",0.000175714188340654,0.999824285811659,2.06920395410896e-18,2
"20194",2.94166794569792e-06,0.869204826729929,0.130792231602125,2
"20196",0.254542882971837,0.745457117028163,2.77039146638834e-20,2
"20198",0.828606820128668,0.157561662147429,0.013831517723903,1
"20204",0.000544060736897182,0.00262135614276762,0.996834583120335,3
"20207",0.543975432932011,0.45602456706792,6.93985556971489e-14,1
"20209",0.000547044129102496,0.99945295315277,2.71812782201346e-09,2
"20211",0.000233478660971251,0.999766521339029,8.36242386094901e-19,2
"20215",0.957169598596228,0.0428303898517876,1.15519844977896e-08,1
"20218",5.42334897448206e-06,0.000868071495247317,0.999126505155778,3
"20222",0.901614890438908,0.0983851095396228,2.1468883389747e-11,1
"20225",0.00289102703914294,0.136515318396766,0.860593654564091,3
"20229",0.156199938459378,0.8437973466331,2.71490752231679e-06,2
"20232",0.940090952723844,0.0599087729350345,2.74341121888413e-07,1
"20234",0.00121231515813042,0.99878768484187,1.83562458990384e-35,2
"20238",0.893768697232181,0.106231300884949,1.88286990585076e-09,1
"20253",0.902650294944902,0.0973497050550508,4.76222420412788e-14,1
"20255",0.206090875352176,0.0100832654290549,0.783825859218769,3
"20258",0.988920367962298,0.0110796320375764,1.25538882716031e-13,1
"20269",0.946390221320683,0.053600031852606,9.74682671104556e-06,1
"20271",0.605614601441672,0.394385398558215,1.13077993955028e-13,1
"20285",0.00330024412929473,0.996611093847047,8.86620236586593e-05,2
"20288",0.973311408403611,0.026688563159849,2.84365404339118e-08,1
"20291",0.161411105395226,0.838588894604773,1.24170159932912e-16,2
"20295",0.0494044993326551,0.950595023652941,4.7701440350104e-07,2
"20298",0.028318609083553,0.00276192199054879,0.968919468925898,3
"20302",0.00959333571469837,0.0620834581558579,0.928323206129444,3
"20305",0.0119151979829779,0.00525374573636073,0.982831056280661,3
"20307",0.977050558409177,0.0229494415908001,2.30182440189154e-14,1
"20310",0.231427499314508,0.768572500685492,2.86287658624144e-25,2
"20313",2.42900311436417e-09,0.0207571813507366,0.97924281622026,3
"20315",0.988902359099763,0.0110976408993785,8.58877681740207e-13,1
"20319",0.0615941729350684,0.938405827064932,4.04672561675244e-21,2
"20321",0.850121640018399,0.149878359980019,1.58187135475991e-12,1
"20327",0.976025916150067,0.0239740838492452,6.87983395532269e-13,1
"20329",1.02316914084489e-08,0.950726188082886,0.0492738016854228,2
"20335",0.407542161694293,0.592457838305707,5.7791677036912e-18,2
"20337",0.00158610738604883,0.00719362036636352,0.991220272247588,3
"20339",5.33800804134752e-05,0.99994661991955,3.68958482508309e-14,2
"20341",1.25616509713541e-05,0.999987438349029,9.65981920552796e-17,2
"20343",0.0881467535291688,0.91185324647083,1.69260405104892e-15,2
"20345",0.93204126454034,0.0358239644900124,0.0321347709696472,1
"20350",0.00103019226211055,0.998969804119171,3.61871875975766e-09,2
"20352",2.23509007871551e-07,0.00785368677464063,0.992146089716351,3
"20355",0.00101199336375292,0.915784341359288,0.0832036652769586,2
"20358",3.13326033929419e-07,0.50494830905614,0.495051377617826,2
"20363",0.959055912369753,0.0409440875403736,8.9873158807762e-11,1
"20365",0.524490207784075,0.475509792212181,3.7435225684034e-12,1
"20379",0.347343194424309,0.437290654135118,0.215366151440573,2
"20387",0.972593693927871,0.0274063058352602,2.36868493620474e-10,1
"20392",0.00014612044458444,0.999853879555416,5.18733272176048e-23,2
"20395",0.656059612470262,0.01545830517452,0.328482082355219,1
"20397",9.05231927545964e-16,0.974227652169794,0.0257723478302055,2
"20410",0.97051826370497,0.0294817313247091,4.97032046833123e-09,1
"20414",0.0150700477621325,0.0129602928070338,0.971969659430834,3
"20417",3.04636792152168e-10,0.999999999695363,6.50148311397286e-46,2
"20419",0.898494090668993,0.101505909330926,8.07527594303882e-14,1
"20421",0.0140166467486696,0.945754862368417,0.0402284908829132,2
"20423",0.00417777898554798,0.00500942451779908,0.990812796496653,3
"20425",0.0298532065706945,0.0368900716128129,0.933256721816493,3
"20427",0.961718215389123,0.0185240933320105,0.0197576912788659,1
"20429",0.00583204341438012,0.994167956582381,3.23850822046205e-12,2
"20432",8.02831003449724e-05,0.00805760106927012,0.991862115830385,3
"20435",0.883735361870505,0.116234970475872,2.9667653622917e-05,1
"20438",0.438976471883479,0.561023473624049,5.44924718850906e-08,2
"20440",0.973163824754652,0.026836175243506,1.84232780852358e-12,1
"20443",3.1836046001544e-05,0.342765629528248,0.657202534425751,3
"20446",0.738843309967768,0.261128099793697,2.85902385355736e-05,1
"20449",0.961910240231447,0.0380881321487266,1.62761982635122e-06,1
"20537",0.151152170425152,0.848847829569015,5.83338172933754e-12,2
"20540",1.51706460675846e-05,0.999984829353933,6.40723671479646e-27,2
"20543",0.974760659062362,0.0249597257292314,0.000279615208406637,1
"20545",1.296950656091e-05,0.999987030493439,1.42214044475919e-20,2
"20549",0.577932972426436,0.022485502745175,0.399581524828389,1
"20551",0.988729838156871,0.011210268138544,5.98937045854249e-05,1
"20554",0.992282185138041,0.00771759228516543,2.22576793618763e-07,1
"20556",0.958404164116919,0.0415883699256982,7.46595738308665e-06,1
"20558",0.991375744433215,0.00862425556596865,8.1633254835563e-13,1
"20560",0.973035257169019,0.0266281571320152,0.000336585698965843,1
"20563",0.95649776068275,0.0435022393172497,3.22587323454373e-17,1
"20565",0.947472174256281,0.0525109111910382,1.69145526804733e-05,1
"20567",0.000306103081798286,0.0101985179848319,0.98949537893337,3
"20571",0.121230502067711,0.878769497932287,2.2911601802022e-15,2
"20573",0.980430940679816,0.0195061671532712,6.28921669126113e-05,1
"20575",0.93742120062917,0.0625787993708142,1.56909647722487e-14,1
"20577",0.986631712665049,0.0132880944302007,8.01929047499256e-05,1
"20579",4.9824306346984e-11,0.118704578915263,0.881295421034913,3
"20582",0.981751564682083,0.0182484353179172,2.00083302795973e-18,1
"20585",0.210052461915846,0.789947538045715,3.84384193067669e-11,2
"20588",0.000395879202466974,0.999604120794154,3.37886015295285e-12,2
"20590",1.12853204395915e-08,0.0039171683365305,0.996082820378149,3
"20592",0.978005525625222,0.021994474374774,3.88325683797172e-15,1
"20594",0.964211587523133,0.0357884124768668,2.34608062781087e-19,1
"20596",0.945109802990133,0.0548852972875069,4.89972236012537e-06,1
"20598",0.988538551233317,0.0114525918509772,8.85691570623969e-06,1
"20600",0.506913042875632,0.49304296991463,4.39872097379768e-05,1
"20603",0.0421430476010037,0.0715972618069125,0.886259690592084,3
"20605",0.982652085304824,0.0173479146924109,2.76530723624361e-12,1
"20607",0.982656518627005,0.0173434710187371,1.03542584207148e-08,1
"20609",0.99210426120094,0.00789534001084868,3.98788211634463e-07,1
"20611",0.00427266689851287,0.00529012340226446,0.990437209699223,3
"20613",0.982221186349434,0.0174979961125374,0.000280817538028379,1
"20615",0.966367400222464,0.0325082984169218,0.00112430136061446,1
"20617",5.63453552919783e-07,0.0155752279323212,0.984424208614126,3
"20619",0.945348780433413,0.0546512195658269,7.59989200452989e-13,1
"20621",0.940652607974794,0.0593451990355724,2.1929896339023e-06,1
"20623",0.00102513727858066,0.339164599005756,0.659810263715663,3
"20625",0.0289884889574131,0.875066681056225,0.0959448299863623,2
"20627",0.988734922686636,0.0109951797372421,0.000269897576121841,1
"20629",0.988643155013863,0.0112854223563318,7.14226298052017e-05,1
"20631",0.881276443136083,0.118723556863911,5.70572689078577e-15,1
"20633",3.96407531913071e-11,0.00762066796579656,0.992379331994563,3
"20636",0.126002568279699,0.646570877090588,0.227426554629713,2
"20638",0.358898509959963,0.641097487057389,4.00298264859129e-06,2
"20640",0.778102056814884,0.221897943184975,1.40840608792994e-13,1
"20645",0.951192697930757,0.0488073020692431,2.4950467471335e-21,1
"20647",6.00484984345907e-10,0.0323220213984221,0.967677978001093,3
"20649",0.913833999081821,0.0861659784471777,2.24710013322656e-08,1
"20651",0.0177107008561293,0.982289299143871,3.23756711975325e-19,2
"20656",0.409772969128692,0.590227030871308,2.75947458465587e-16,2
"20660",2.74721763124092e-05,0.999972527823688,1.35474047626044e-18,2
"20662",1.41350964079774e-05,0.436896851169379,0.563089013734213,3
"20664",0.0351799924908633,0.964819717848271,2.89660865668011e-07,2
"20666",0.00456664918482384,0.995428470024357,4.88079081955093e-06,2
"20668",0.0030056874528384,0.00269221946375795,0.994302093083404,3
"20670",0.154573030680453,0.84542696931954,6.8436042134789e-15,2
"20672",0.000352821198359055,0.00143494288846323,0.998212235913178,3
"20674",0.965014805563178,0.034856500923325,0.000128693513496804,1
"20676",1.21704227160695e-07,0.178412065784541,0.821587812511232,3
"20678",3.0099546020638e-09,0.0271814892738607,0.972818507716185,3
"20680",0.0274767223652232,0.00253416850758074,0.969989109127196,3
"20682",0.490922884533789,0.128001939180245,0.381075176285966,1
"20684",0.177973962035904,0.82202600016653,3.7797565693012e-08,2
"20686",7.68120503588734e-06,0.000577017011348349,0.999415301783616,3
"20688",6.26605110902929e-12,0.236545293165145,0.763454706828589,3
"20690",0.0126707639445841,0.987329236055415,6.94537700563772e-16,2
"20692",5.92249023641836e-13,0.0182457660402266,0.981754233959181,3
"20694",0.0119546602612844,0.00311753387273184,0.984927805865984,3
"20696",0.0770366470323483,0.036800405649387,0.886162947318265,3
"20698",0.783179748178173,0.21679816249599,2.20893258368625e-05,1
"20700",0.0373530147077733,0.962646299176394,6.86115833132182e-07,2
"20702",0.141020603926905,0.858979396073095,3.81966219708951e-22,2
"20704",0.992153094184124,0.00782300257914887,2.39032367272778e-05,1
"20706",0.00627145274121918,0.99346853250042,0.00026001475836048,2
"20708",7.81806608096519e-06,0.0605608416397096,0.939431340294209,3
"20710",0.746204582866608,0.25379541048333,6.65006202397161e-09,1
"20714",0.000102014315516762,0.0315126108685805,0.968385374815903,3
"20716",0.977620878750022,0.0223785376713433,5.83578634608761e-07,1
"20719",0.114487489534853,0.885505860269048,6.65019609904301e-06,2
"20721",0.943001614553736,0.0569983854462641,3.1161645594154e-16,1
"20723",0.0010317705767527,0.998968228730202,6.93044725802542e-10,2
"20725",0.162921560438076,0.00516506316015522,0.831913376401769,3
"20727",5.1160148936252e-10,0.987172387337101,0.0128276121512971,2
"20729",0.00247564849606157,0.00393272270105329,0.993591628802885,3
"20731",0.0707143289092882,0.0110413100047124,0.918244361085999,3
"20733",0.956747332051882,0.0432385137339836,1.41542141340757e-05,1
"20735",0.982748924670694,0.0165141530540363,0.000736922275269478,1
"20737",2.14046769098469e-05,0.00412485299728344,0.995853742325807,3
"20739",1.37805684785803e-10,0.00611097801491386,0.99388902184728,3
"20741",0.155482599019585,0.00411234739357852,0.840405053586836,3
"20743",0.290062684197749,0.0817527287415026,0.628184587060748,3
"20745",0.921863128959873,0.0781368710401265,1.92099119152403e-16,1
"20747",0.00190192068094975,0.0263626329008539,0.971735446418196,3
"20749",0.00108411282794935,0.0257000654246654,0.973215821747385,3
"20751",0.0336287510293907,0.939898923203692,0.0264723257669172,2
"20753",0.0476605158989391,0.0123912378778091,0.939948246223252,3
"20755",2.59909672521671e-08,0.774564834840434,0.225435139168599,2
"20757",4.0663746562221e-06,0.999804171917985,0.000191761707358757,2
"20759",0.646359067077579,0.353640917938671,1.49837503958877e-08,1
"20761",0.584451942884306,0.0031099279077926,0.412438129207901,1
"20763",0.335509911539077,0.662099132356543,0.00239095610437971,2
"20765",0.0849408294522396,0.00131315076084045,0.91374601978692,3
"20767",0.976616060036191,0.0233838853188103,5.46449984403897e-08,1
"20769",0.0616988526440166,0.938301147355952,3.1633798827162e-14,2
"20771",0.571880084910575,0.0210839591332461,0.407035955956179,1
"20773",6.88649862797979e-07,0.999988543434485,1.07679156528599e-05,2
"20775",0.833655536576018,0.0328825018609597,0.133461961563022,1
"20777",0.0277808237173218,0.972218949250985,2.27031693536639e-07,2
"20779",0.193559640224564,0.00542001777586519,0.801020341999571,3
"20781",3.71435566344987e-17,1,3.34221570770786e-17,2
"20783",0.634080283959835,0.0117214475695268,0.354198268470638,1
"20785",6.88536898463081e-12,0.999914566927867,8.54330652480066e-05,2
"20787",0.00804785522308022,0.00188730949307373,0.990064835283846,3
"20789",0.9867199907223,0.0126554624709384,0.000624546806761662,1
"20791",0.000627324973443169,0.00115795531205559,0.998214719714501,3
"20793",0.966719474972616,0.0306650646603115,0.00261546036707245,1
"20795",0.0328477472477692,0.0188675774535689,0.948284675298662,3
"20797",4.53285144054443e-15,0.99999997163709,2.83629051768854e-08,2
"20800",0.0351748042495888,0.0414153742740343,0.923409821476377,3
"20802",0.165105317813202,0.00373269725234439,0.831161984934454,3
"20804",0.00028559134677295,0.00570062489176606,0.994013783761461,3
"20806",7.55700476425336e-05,0.00133641441982438,0.998588015532533,3
"20808",0.98795074583779,0.0120475641267071,1.69003550281545e-06,1
"20810",0.0716254119755367,0.213657025789158,0.714717562235305,3
"20812",0.145979993332929,0.028930203358973,0.825089803308098,3
"20814",4.57343735154649e-08,0.0473386807377423,0.952661273527884,3
"20816",0.00442510318577671,0.99557489681422,2.98290489977659e-15,2
"20818",0.824723981647885,0.0180110449712663,0.157264973380849,1
"20820",1.51572840126482e-10,0.0485980834666885,0.951401916381739,3
"20822",0.146958507032254,0.00109397222953421,0.851947520738212,3
"20824",1.24287412261425e-12,0.999889050401253,0.000110949597503768,2
"20826",5.44258493590916e-07,0.000741744259997279,0.999257711481509,3
"20828",5.83894258831365e-09,0.330245651024587,0.66975434313647,3
"20830",0.00565069668938048,0.0144583829819558,0.979890920328664,3
"20832",0.905050786705782,0.0290804549280884,0.0658687583661293,1
"20834",0.986208419079054,0.0137913707999677,2.10120978688672e-07,1
"20836",0.109123758016843,0.00337199169454896,0.887504250288608,3
"20838",2.36789263595049e-06,0.0711484070780164,0.928849225029348,3
"20840",0.984756616339843,0.0152427363597897,6.47300366972438e-07,1
"20842",0.0307902756239512,0.115210184333861,0.853999540042187,3
"20844",0.00025629175093313,0.980156456557994,0.0195872516910724,2
"20846",0.0395570911472345,0.0181132497079639,0.942329659144802,3
"20848",0.976112495563833,0.00861362419637374,0.0152738802397933,1
"20850",0.972493382886174,0.027480853190317,2.57639235089646e-05,1
"20852",0.772591686471402,0.227184260902257,0.000224052626341058,1
"20854",3.19403717065395e-05,0.00180182860828025,0.998166231020013,3
"20856",1.18461934916466e-06,0.999998815380651,2.69946318808384e-20,2
"20858",0.95162975751792,0.0483702424087021,7.33774747302413e-11,1
"20860",0.0110482865199132,0.983420763222862,0.00553095025722519,2
"20862",0.835084338577564,0.164915661420863,1.57233742041493e-12,1
"20864",8.21639194803815e-06,0.00219089191170709,0.997800891696345,3
"20866",0.525214511395023,0.474785488604978,4.68880925873691e-26,1
"20868",0.985952584003647,0.0140472644295335,1.51566818930439e-07,1
"20870",0.7874522145069,0.0115234627502198,0.201024322742881,1
"20872",0.0536184863529975,0.000883169261410565,0.945498344385592,3
"20874",3.61595287274037e-10,0.00846402289554751,0.991535976742857,3
"20877",0.971628145398161,0.0283718138914431,4.07103963357826e-08,1
"20879",0.978820415153244,0.0211795848446811,2.07508187372214e-12,1
"20881",0.040507740945669,0.00263405021488508,0.956858208839446,3
"20883",1.18070700244463e-05,0.976328701364672,0.0236594915653038,2
"20885",0.0145982202935063,0.00170080270056758,0.983700977005926,3
"20887",0.974759637619835,0.0252389202346671,1.44214549801472e-06,1
"20889",0.702567420236762,0.0317929323456367,0.265639647417602,1
"20891",0.981493592381271,0.0185064076158086,2.92011237026564e-12,1
"20896",0.883934612838724,0.116065264439533,1.22721742719176e-07,1
"20898",0.298770987981609,0.00408295140365824,0.697146060614733,3
"20900",8.8877971945724e-14,0.999999999086228,9.13682985691249e-10,2
"20902",0.122075038570038,0.877924961334889,9.50733287855709e-11,2
"20904",0.00595047388090582,0.901811990574238,0.0922375355448565,2
"20906",0.877780629534874,0.122219370238039,2.27086135832778e-10,1
"20908",0.280244373619817,0.023107741078453,0.69664788530173,3
"20910",0.0300055440658039,0.581800158815318,0.388194297118878,2
"20912",1.0155633471866e-15,0.999999999999999,7.16354253404264e-20,2
"20914",0.890871464547236,0.109128535452764,8.06745353449905e-24,1
"20968",2.3129324398338e-10,0.999954133617713,4.58661509934382e-05,2
"20970",0.978094798563228,0.0219039383561608,1.26308061130972e-06,1
"20981",0.705341405168489,0.294658071457605,5.23373906014826e-07,1
"20983",3.50015086391542e-08,0.0173607723111207,0.982639192687371,3
"20988",0.987001940902993,0.0129980583495487,7.47458094354056e-10,1
"20995",4.93197312268135e-07,0.999999506792471,1.0217062799414e-11,2
"21017",0.75504115038231,0.0168260362163516,0.228132813401338,1
"21038",0.946050527928152,0.0539494718454925,2.26355360454431e-10,1
"21072",0.924508057230943,0.0754919386745661,4.09449067808626e-09,1
"21075",0.804316355464389,0.195683644535575,3.58306676682677e-14,1
"21223",0.960467809231637,0.0116921373684534,0.0278400533999095,1
"21225",1.35046396571771e-12,0.99999999999865,1.64754747961433e-34,2
"21230",3.02876593295618e-09,0.00108546580076784,0.998914531170466,3
"21236",0.771606811999407,0.0192769186638167,0.209116269336776,1
"21238",0.0986710046725864,0.901328956679663,3.86477509328659e-08,2
"21241",0.684100086942457,0.31589991305585,1.6935873357158e-12,1
"21246",0.983312325740218,0.01665617211083,3.15021489516283e-05,1
"21253",1.60495267333402e-05,0.000548520601713311,0.999435429871553,3
"21256",0.0661500687693829,0.0279776591604161,0.905872272070201,3
"21260",1.28642626303587e-05,0.99998713573737,2.58193249626888e-23,2
"21266",0.981918518099792,0.0180812679726861,2.13927521858392e-07,1
"21332",0.980869135244523,0.0191260548955355,4.80985994186539e-06,1
"21334",0.684757275687676,0.0173629847066629,0.297879739605661,1
"21375",0.741761633493975,0.258238366506025,1.78426389329585e-16,1
"21378",0.518177067784319,0.481822932215681,1.97325298460039e-23,1
"21381",0.631672694024377,0.368327305975616,7.24433203257049e-15,1
"21389",0.00886985149093829,0.00687144535516368,0.984258703153898,3
"21391",0.0677756006655199,0.932166572532696,5.78268017846585e-05,2
"21402",0.923562873231136,0.0764368479594347,2.78809429750913e-07,1
"21404",0.62563867038623,0.374361329578309,3.54605730031297e-11,1
"21409",0.963571720841851,0.0364282790907663,6.73824175762075e-11,1
"21413",0.726767362363798,0.27323125636206,1.38127414129471e-06,1
"21423",0.00650238903920388,0.993497610960796,1.32863249107667e-19,2
"21425",0.778706777971124,0.221293221694859,3.34016712106389e-10,1
"21430",0.00349858227901618,0.996501401097664,1.6623319771708e-08,2
"21432",0.989167097101111,0.0107132635366265,0.000119639362262826,1
"21438",2.29084598107567e-05,0.999977091540188,1.33197225511356e-15,2
"21440",0.961606192639006,0.038392912137283,8.95223710588969e-07,1
"21443",0.0324244840799397,0.00101366010762005,0.96656185581244,3
"21445",1.05543462609382e-05,0.999989445653738,8.35997290688787e-16,2
"21447",0.925099104063108,0.0749008959368911,1.32357707131986e-15,1
"21449",0.92702870016989,0.0729712998229636,7.14593118666979e-12,1
"21451",0.92702870016989,0.0729712998229636,7.14593118666979e-12,1
"21455",0.979836984564776,0.0201630149396798,4.95543855919307e-10,1
"21469",0.116554503322478,0.883445496677522,3.58600189520782e-28,2
"21471",0.858483040330142,0.141516959669858,3.93144152223416e-17,1
"21473",0.0608618585115166,0.177863610527446,0.761274530961037,3
"21476",0.970358628548729,0.0283982969977198,0.00124307445355128,1
"21478",0.00163389651699756,0.920237176831109,0.0781289266518934,2
"21481",0.0437739026767575,0.0122665704548034,0.943959526868439,3
"21490",0.903345502237213,0.0966544975689139,1.93872963449095e-10,1
"21493",0.00463782390534084,0.995362176094659,2.82991894107889e-25,2
"21495",0.992639768305488,0.00721752039238337,0.00014271130212886,1
"21500",0.971622125115323,0.028377676012651,1.98872026371323e-07,1
"21504",0.582573135438502,0.417420728333466,6.13622803140223e-06,1
"21507",0.94079429721929,0.0592057027807096,5.79316879919793e-17,1
"21512",0.980304970596661,0.0196950289811149,4.22224023369767e-10,1
"21519",0.83296248847315,0.101470979991439,0.0655665315354112,1
"21522",6.55597065954689e-05,0.999934440063361,2.30043613808925e-10,2
"21524",0.931622783138574,0.0683764844103712,7.32451054374935e-07,1
"21528",0.983736697520739,0.0162633024706141,8.64696410821205e-12,1
"21532",0.947704541696572,0.0522935695601293,1.88874329855673e-06,1
"21543",0.836235290414921,0.163763249045286,1.46053979344698e-06,1
"21546",0.973241367070912,0.0267223906139675,3.62423151205498e-05,1
"21550",0.985587413198366,0.0144125868016337,5.45872015281063e-16,1
"21554",0.976057454953986,0.0239425450459147,9.97332683569251e-14,1
"21557",0.0982474890184393,0.807251108366156,0.0945014026154045,2
"21560",0.816100637849374,0.183899362150626,1.79180387898438e-18,1
"21564",0.925024398642268,0.0120908912801377,0.0628847100775942,1
"21566",0.980399799282742,0.0196001998779448,8.39312873406355e-10,1
"21569",0.96674898596197,0.033242114863453,8.89917457750363e-06,1
"21574",0.0027484398518329,0.0065718692976484,0.990679690850519,3
"21576",0.117195201975494,0.00225463783386287,0.880550160190643,3
"21578",0.00431454623238034,0.0016636870239311,0.994021766743689,3
"21580",0.346129614423005,0.00817513175057633,0.645695253826419,3
"21583",0.955946548428896,0.0440534515710993,5.13086152740217e-15,1
"21585",6.75042393488238e-09,0.183732103240707,0.816267890008869,3
"21587",0.0414034205675873,0.00432093022445172,0.954275649207961,3
"21589",0.0193932291559717,0.288908028420558,0.69169874242347,3
"21593",2.68839645676045e-21,0.999999999999999,6.13516727788924e-16,2
"21595",4.6808121506357e-06,0.999988148476005,7.17071184481376e-06,2
"21597",0.89653482440785,0.0713137691116264,0.032151406480524,1
"21599",1.13431717169467e-05,0.0140987684379429,0.98588988839034,3
"21601",0.00212677641711085,0.997873157686071,6.58968185776335e-08,2
"21603",8.56723901945214e-07,0.0184842942241905,0.981514849051907,3
"21605",0.000604475895066936,0.000869740697526888,0.998525783407406,3
"21607",0.770338343957854,0.0848306212333128,0.144831034808833,1
"21610",0.85828486724968,0.136880306281496,0.00483482646882392,1
"21612",0.0222144661308331,0.00215792636120772,0.975627607507959,3
"21614",0.986794575023342,0.012932302535426,0.00027312244123164,1
"21616",0.968204414231904,0.0168590376448032,0.0149365481232932,1
"21618",0.421423176942307,0.57857682305757,1.2291140146541e-13,2
"21620",0.00770370190940038,0.00416238801719473,0.988133910073405,3
"21622",0.0898684668852388,0.91013153311476,1.10484002846828e-15,2
"21624",0.0882049893660593,0.911411173137823,0.000383837496118026,2
"21626",0.859411696547949,0.0834741552171702,0.0571141482348806,1
"21628",0.991211061252198,0.00878853745098125,4.01296820717925e-07,1
"21630",0.273699988011375,0.103570144544584,0.622729867444041,3
"21632",0.672854222622457,0.325904069913371,0.00124170746417232,1
"21634",0.977422939455959,0.0223790417883721,0.000198018755669385,1
"21636",0.159550522478757,0.0101654019867379,0.830284075534505,3
"21638",0.000182402032137875,0.0121976856467052,0.987619912321157,3
"21640",0.969978375690482,0.0269063712515928,0.00311525305792542,1
"21642",0.000579674323160469,0.00549940169179976,0.99392092398504,3
"21644",1.33431007255582e-09,0.999998908461007,1.09020468333279e-06,2
"21647",0.038126445365455,0.0149613478387488,0.946912206795796,3
"21649",0.184033689258848,0.00710066299878365,0.808865647742368,3
"21651",0.254564284840465,0.273740100128553,0.471695615030982,3
"21653",0.000115008165502289,0.999884835607356,1.56227141372205e-07,2
"21655",1.73834745706701e-06,0.00201460973363899,0.997983651918904,3
"21657",0.0669548043530446,0.00193985619308013,0.931105339453875,3
"21659",1.45757502935909e-11,0.998269342199316,0.00173065778610784,2
"21661",0.0272636159859903,0.00247145679425663,0.970264927219753,3
"21663",0.00116447518238935,0.03676569127829,0.962069833539321,3
"21665",0.0257458112887183,0.0459811782899889,0.928273010421293,3
"21667",0.994760715304634,0.00516683159938571,7.24530959808076e-05,1
"21670",0.985851015170959,0.0140362297973281,0.00011275503171275,1
"21672",0.654115821059811,0.0164268384102997,0.32945734052989,1
"21674",0.982492300858289,0.0175076991416548,5.64958237285676e-14,1
"21676",0.977322922409213,0.0226769110648378,1.66525948586239e-07,1
"21678",4.46833329339108e-07,0.999999553166659,1.17218682828518e-14,2
"21680",0.044142557444648,0.0119540407885187,0.943903401766833,3
"21685",0.984076190490856,0.0158548643916036,6.89451175403674e-05,1
"21687",0.0434184699552521,0.956576942678255,4.58736649340323e-06,2
"21690",0.0549642348442331,0.00643769560743187,0.938598069548335,3
"21707",0.979250201284144,0.0207497987154361,4.20460965829869e-13,1
"21710",0.0168585525845901,0.983141447415409,5.81395242505628e-16,2
"21713",0.927999569586596,0.0720004254859657,4.92743836099542e-09,1
"21718",0.709007993642386,0.29099200613466,2.22953351048316e-10,1
"21721",1.30823684614811e-10,0.999999999869076,1.00786278134524e-13,2
"21723",0.881602750038675,0.118397249961325,2.84640654737221e-18,1
"21726",0.959846752289327,0.0401532477106287,4.42496700688042e-14,1
"21729",0.000374667457547576,0.995127829949644,0.00449750259280879,2
"21733",3.80606698828822e-05,0.00714297558155687,0.99281896374856,3
"21735",0.000155271238930062,0.99984472876103,4.0024847198315e-14,2
"21739",0.989807693861756,0.010188662776825,3.64336141871341e-06,1
"21741",0.99152044618722,0.00847909869285331,4.55119926315219e-07,1
"21744",0.0677941754868749,0.932204895807052,9.28706073491906e-07,2
"21746",0.963370289986892,0.036629710013108,1.80329771913372e-17,1
"21748",0.969302824907147,0.0306971734028276,1.69002514724437e-09,1
"21750",0.0381250168139791,0.00226782934474299,0.959607153841278,3
"21752",0.969269295987827,0.0307261586258573,4.54538631559376e-06,1
"21755",0.972826147622135,0.0187947185250582,0.00837913385280697,1
"21757",0.687097084490855,0.311946458517552,0.000956456991593019,1
"21760",4.93197312268135e-07,0.999999506792471,1.0217062799414e-11,2
"21762",0.00818876873196181,0.991811231268038,4.35225409972146e-21,2
"21764",3.49926810112635e-08,0.00342832011780323,0.996571644889516,3
"21766",0.967705983582024,0.0322940164179758,3.45103726572159e-16,1
"21768",0.962639651203108,0.0296295015168424,0.0077308472800494,1
"21770",0.961217440991415,0.0362627522100543,0.0025198067985306,1
"21773",0.878027541031663,0.121972458968337,4.59487624849833e-23,1
"21775",0.0691983139700333,0.860861341520283,0.0699403445096839,2
"21777",0.0174870955327243,0.00259371787352915,0.979919186593747,3
"21779",0.96570916381454,0.034061787532225,0.000229048653234708,1
"21781",0.950183253652603,0.0498034271185904,1.3319228806738e-05,1
"21784",0.979671676370437,0.0203283236275328,2.02986062139401e-12,1
"21786",0.885393094182396,0.114457874887383,0.000149030930221402,1
"21789",0.973340428040487,0.025649244384139,0.00101032757537366,1
"21791",0.975076464360178,0.0249235354138912,2.25930969518053e-10,1
"21794",0.922179518994019,0.0777718401184588,4.86408875218435e-05,1
"21797",0.0142575737736202,0.985742411925046,1.43013338293615e-08,2
"21800",0.00311085441966942,0.996889145580331,2.35033163008298e-21,2
"21802",0.898341740750136,0.101658186127195,7.31226687857104e-08,1
"21804",2.65423627088366e-11,0.999999999973457,1.27800730247137e-16,2
"21806",7.08315336609741e-06,0.999992916838996,7.63806579784862e-12,2
"21808",6.6089257784029e-06,0.999993261158948,1.29915273234014e-07,2
"21811",0.107521059403002,0.892478940592424,4.57361820663044e-12,2
"21815",0.943969952913502,0.0560300467743727,3.12125747318702e-10,1
"21817",6.68077783218617e-08,0.999999933192219,2.88335894028399e-15,2
"21820",0.246644258243894,0.7533557415389,2.17206664033208e-10,2
"21822",0.64403308011067,0.141089378011542,0.214877541877789,1
"21824",0.0207206010895745,0.10403703730022,0.875242361610206,3
"21826",0.983008738398366,0.0169912616015817,5.26696396484371e-14,1
"21828",0.406564791662633,0.593311292956323,0.000123915381043964,2
"21830",0.30825938623409,0.00976453485734873,0.681976078908561,3
"21833",0.949888016329057,0.0310947037708757,0.0190172799000678,1
"21835",0.949888016329057,0.0310947037708757,0.0190172799000678,1
"21838",0.609801024352902,0.390198975647084,1.38812181568272e-14,1
"21840",0.911512386881766,0.0884876131182336,2.59673864401081e-17,1
"21842",0.0052079826476883,0.994792017352312,6.86138248227564e-18,2
"21844",0.327744671862385,0.667057082503596,0.00519824563401894,2
"21847",0.991489331968587,0.008510467041364,2.00990048608126e-07,1
"21849",0.67119587663286,0.328786669225121,1.74541420193698e-05,1
"21852",0.96096603333793,0.0390339665987007,6.33689179664287e-11,1
"21854",4.1227859487364e-06,0.00099996379740588,0.998995913416645,3
"21857",0.986730034761092,0.0132699652363719,2.53608383792294e-12,1
"21859",0.434891859310436,0.00894810877040441,0.55616003191916,3
"21863",2.38569704087805e-08,0.0182004374298422,0.981799538713187,3
