"","V1","V2","V3","V4","V5","V6","V7","V8","best$classification"
"19812",0.729969261127284,0.225105901014576,0.000644101232464341,0.000215725869913457,8.99952587686345e-05,1.26201507516535e-06,6.09086657895964e-05,0.0439128448161295,1
"19814",0.987412103530413,0.0100027116547816,4.27712705075484e-05,3.30110791775627e-06,1.17831110952149e-06,0.00191104976063505,2.10652086885016e-06,0.000624777843766868,1
"19816",0.00415821197628363,0.759520978959275,0.228336399349016,1.24245116750446e-05,5.92101177682096e-09,7.10348734203938e-07,3.76071233093698e-05,0.00793366181069544,2
"19818",0.495426431611186,0.495328579291624,0.00118248941727238,1.23836400256142e-05,2.11676123335961e-06,0.00771738580538221,2.08570296551942e-05,0.000309756443621407,1
"19820",6.72810984502032e-09,0.00248710786583666,0.997252909582508,0.000224694699627973,3.45610458762715e-10,2.95391870822705e-10,3.12622689839523e-09,3.52773566883713e-05,3
"19822",3.91666509206467e-07,0.0031650294214814,0.871050969731545,0.112852608879565,8.80083576262591e-06,1.06823361456546e-06,1.35055794438974e-07,0.0129209961757281,3
"19824",0.000147729673888624,0.457894309040187,0.540408643435019,7.70185246326445e-05,2.46824949791424e-07,0.00136881951855996,9.64737393806616e-05,6.7592433828759e-06,3
"19826",0.757321914941356,0.0894198865157419,0.00250695951294295,2.47053441138822e-06,1.75437180331573e-06,3.08082708699223e-05,0.0124324425470608,0.138283763305814,1
"19828",0.000134437781156824,0.336935931392571,0.660650207541715,0.00210430426309135,1.24342153113333e-07,1.75676735053274e-06,1.07983302383982e-07,0.000173129928659137,3
"19830",0.901679204762523,0.00693348211892201,2.08783781784531e-06,1.29021016604697e-05,0.00320894754475877,0.000102252095649438,0.0013048276521998,0.0867562958864688,1
"19832",0.138490312663951,0.112657958562216,0.0148147048792608,0.676998288484074,0.0218360895969498,1.26076416378098e-06,2.68029317014302e-06,0.0351987047562156,4
"19834",0.0107170693424944,0.152178953393317,0.0598715749919676,0.0112689484572443,7.77436564348952e-06,8.80449637851959e-05,3.57187449422927e-07,0.765867277298099,8
"19836",0.0324599852278064,0.950068811660931,0.00168629878195314,5.96841897897918e-06,1.76307157289515e-05,1.92351366839745e-07,0.0142975074038273,0.0014636054394072,2
"19838",0.9988736148416,0.000321905528606419,3.19293643380862e-07,2.27939300329374e-06,4.55395147790938e-05,0.000242277605834993,3.47115039564787e-06,0.000510592672137691,1
"19840",0.0184380926498909,0.157171753066741,0.050010950442863,8.80434709597004e-06,5.96013978258894e-08,2.88638340652114e-06,0.000666576687419743,0.773700876821185,8
"19842",0.033897865124569,2.81665175376769e-05,7.20688481657593e-08,8.4375191440168e-10,4.68292998417082e-06,4.60620671532026e-06,0.96574376371592,0.000320842592674057,7
"19844",6.49880609168046e-06,6.86824572863642e-07,1.78328361886028e-06,1.99480634118356e-09,1.46171067883621e-08,0.999978552286365,1.23362716686473e-05,1.25915769577666e-07,6
"19846",0.930720395402729,0.000212234020135553,4.66490404910513e-08,1.04902001212987e-09,2.43111882013302e-06,0.0648481507121005,0.00421143650627287,5.30454188134879e-06,1
"19848",0.977204070407941,0.000222466937225945,7.15632951210139e-08,6.64410974240692e-09,2.76041382163472e-06,0.0223761068543385,0.000181261944184561,1.3255235083712e-05,1
"19850",0.814450938782661,0.00057814987485361,3.87228998669349e-06,1.68316521538479e-07,1.88105189095412e-06,0.184829420620521,3.90492947370904e-05,9.65197688282418e-05,1
"19852",0.0260797394895155,0.963288528800598,0.0090094204627745,3.73154530998431e-05,4.20373938611593e-07,8.21869597873563e-05,1.71436392989283e-06,0.0015006740963562,2
"19854",0.997825715482102,0.000179616850317092,6.55358602057229e-08,2.23501425523411e-08,3.66596061669477e-06,0.00191384461027886,3.88672762403739e-05,3.82019344421752e-05,1
"19856",0.0139183281225239,0.000107764440884697,9.14918072161581e-05,1.34453800461535e-06,1.61949296798534e-06,0.985278101534633,0.000135323289305657,0.000466026774464176,6
"19858",0.000790108416582644,0.00418055030031049,0.00403747176009914,3.31226132192353e-05,2.98887883490376e-06,0.990882391548422,8.98605342816365e-06,6.43804291039437e-05,6
"19860",0.278846195439505,0.54313338502739,0.0218900606834265,8.59979203471711e-05,5.74562692887534e-07,2.62145206480606e-05,1.90149329456376e-05,0.155998556913045,2
"19862",0.982798462574425,0.000113694337070544,1.70760474265568e-08,7.78436924414937e-10,5.34504160019883e-06,0.00221585894279103,0.01485320589254,1.34153570883605e-05,1
"19864",1.09902391327374e-06,2.77649723278778e-05,1.62927346216926e-06,9.51976020437429e-10,1.42445670646188e-06,8.68089157969275e-07,0.999966800011698,4.13220758448474e-07,7
"19866",0.000460489452504262,0.704293640709477,0.212912662632826,9.96943425830676e-06,1.49049676886952e-07,6.45270279161336e-07,0.0131564860912332,0.0691659573597456,2
"19868",2.51391572127962e-05,2.9925867878898e-07,8.44368758476835e-07,0.0496041556726954,0.947639435309431,2.58319460457454e-05,6.90866032991876e-08,0.00270422520057464,5
"19870",0.978370202730706,0.0184627190815067,2.45299625167519e-06,8.76777730426999e-08,9.4862525597575e-06,0.00176284590145823,0.00135477012475453,3.74352349895058e-05,1
"19873",0.609432504101215,0.386423182142825,0.000805739631962779,1.525258994444e-06,1.09444821579477e-06,0.00055903023990078,0.00172231373304319,0.00105461044384284,1
"19875",0.00106048348085405,0.139563380166283,0.810564666203809,0.0028550770762292,9.61526214892398e-08,4.10885987744436e-08,3.90565818142763e-07,0.0459558652657863,3
"19877",0.838093814833796,0.155262776860605,4.45418440413255e-05,2.25730105735466e-06,1.51159437242356e-05,0.0020601725630366,7.33937651299256e-05,0.00444792688860921,1
"19879",0.0509913652316529,0.942067884684375,0.00169756159272461,7.75970994320184e-05,2.16482043553462e-05,0.000922035883285405,2.00463258075946e-05,0.00420186097836747,2
"19881",0.889336269787118,0.0797413530688578,0.000381301147434039,1.1331255991812e-06,5.92440867678645e-06,0.00105794741629205,0.0251483247987831,0.00432774624723943,1
"19883",0.566767484255717,0.0357484009745086,0.000100164321039174,7.7670919033478e-08,1.52976301631728e-06,4.56358273250998e-05,0.395699748786298,0.00163695840117614,1
"19899",0.0120063783195253,0.118661028578502,0.00169489345699369,0.000117598533114713,6.68088548035217e-05,2.15193861428408e-06,9.22334585037892e-05,0.867358906859942,8
"19908",5.55930506550374e-05,0.000843677207479989,0.00105747920848279,0.000118559648882757,0.000540558178727365,0.000173612914896179,0.0101563627222623,0.987054157068614,8
"19910",0.0363477814092007,0.961643451503151,0.00175766521715299,3.69234577709276e-06,4.90267961702646e-07,3.28617726689621e-05,2.88731844521807e-05,0.000185184299635598,2
"19912",0.364201333996893,8.79078279500653e-05,1.80990599892869e-07,3.45733293034291e-09,9.67412855386536e-06,0.000316710262659212,0.63206848813903,0.00331570119698155,7
"19914",0.142941710685606,0.546117764112834,0.00318447615621518,0.000709607830993217,0.000152629824635227,0.000479942850678216,2.43623990091907e-05,0.306389506140029,2
"19916",5.92875182845273e-05,0.2778092740562,0.522522290117861,2.2265547463526e-05,5.40577233699818e-06,0.000322693228968425,0.198805523117926,0.000453260640959454,3
"19918",0.909826079719381,0.00805966946815506,4.82717494909247e-06,7.82029054230486e-09,3.70095391241082e-07,0.0795271222867984,0.00255124037654362,3.06830584914314e-05,1
"19920",0.126630798829059,9.6864884977805e-05,4.16047403523784e-07,3.77815827316896e-09,1.30545654171455e-07,0.873183434623759,3.03414103913369e-05,5.80098805966325e-05,6
"19922",0.185365659870722,0.0839816518064937,0.000659108723621241,0.296704630086552,0.433195554660882,8.85325764993037e-06,4.02522694576674e-06,8.05163671336529e-05,5
"19924",0.825882433178821,0.136392126285271,0.000220209924147597,1.33587530809903e-06,2.74422413312689e-06,0.0315613736450287,0.000170617514202249,0.00576915935308806,1
"19926",0.0152824451942451,0.544820818350321,0.00548903221034549,0.000827261077269479,0.00110594560868703,1.16551260551515e-07,0.00203528465946265,0.430439096348409,2
"19928",2.6063914092614e-07,3.09526814191254e-08,2.73631138847503e-09,1.09876446330352e-11,1.04874297015288e-06,4.20122181686682e-07,0.999998198108537,3.86871904411275e-08,7
"19930",0.977147421729796,0.0226188110151516,7.49565723723586e-06,8.02101429980548e-07,6.57996021421994e-06,8.31788262016705e-05,4.42798250500357e-05,9.14308849189181e-05,1
"19932",0.998864492862637,0.000406308746776934,1.71575989827271e-07,1.37833226976189e-07,7.61646849376859e-06,0.000655552376105196,9.86277630741946e-06,5.58573604630954e-05,1
"19934",0.019657423542522,0.35591803400511,0.550449107910812,0.0147454856354017,2.06033006641388e-06,0.000127530353064173,5.89877531166444e-07,0.0590997683454926,3
"19936",0.884345299410005,0.0585054359175859,0.000303549272169789,8.75377555680799e-05,9.06616021211891e-05,0.000114004573088172,1.57028263443085e-05,0.0565378086431175,1
"19938",4.94356095735768e-05,0.0893312181636697,0.732518322906928,0.00492319884324949,3.89753947956326e-06,3.97063204223736e-05,4.08203122259907e-06,0.173130138585455,3
"19940",0.128893299348271,0.862828520037619,0.000628072596069957,3.76730818215029e-07,1.16952484106182e-06,0.000105910851105477,0.0074631616628671,7.94892484084836e-05,2
"19942",2.69487446392284e-06,4.08160028467521e-07,6.04962802203403e-08,1.64766369952226e-11,4.58002781198784e-08,1.0727846036433e-07,0.999991796065899,4.88730811291349e-06,7
"19944",0.0144582787587489,0.973323617496419,0.00960909328251084,6.70272562359023e-06,3.8916648010169e-07,3.87171247556603e-06,0.000135962323985424,0.00246208453375627,2
"19946",0.311906538077519,0.669937443143047,0.00232007954891179,1.15842242224069e-05,3.05724568835756e-06,0.0120287001377485,5.77052252981271e-05,0.00373489239756519,2
"19948",1.05364246242874e-05,1.36314757343881e-06,3.22502201163993e-08,4.51596249681044e-12,1.83171352111302e-08,3.90291506204012e-07,0.999987617196598,4.23678270830172e-08,7
"19950",0.00130051945627055,7.98615131366516e-07,1.09313014757013e-08,2.27843990420346e-09,1.8701337533938e-07,0.99869775123986,3.57702574412607e-07,3.72763047124189e-07,6
"19952",1.05364246242874e-05,1.36314757343881e-06,3.22502201163993e-08,4.51596249681044e-12,1.83171352111302e-08,3.90291506204012e-07,0.999987617196598,4.23678270830172e-08,7
"19954",0.995445233679738,0.00409389664752824,9.46631679932311e-07,1.07230093336826e-07,3.51306746006877e-06,0.000369434638171775,4.36662330676884e-05,4.32018722607845e-05,1
"19956",0.234870057241537,1.65060531492134e-05,2.16252949089283e-07,5.69189833745772e-07,0.00222808670312807,0.636196369410539,0.00986603496587658,0.116822160182988,6
"19958",0.000210856706927484,3.2276836946758e-05,1.11218179609241e-06,0.0151766361138825,0.984517979326388,6.09856551164937e-05,6.8780656451117e-08,8.43982857480644e-08,5
"19962",0.559920865610607,0.146281728408251,0.0322780196734413,0.00118260898445289,0.000150298075489709,0.239389995669261,0.000243097907622236,0.0205533856708752,1
"19964",0.26421617541242,0.717885424346492,0.000655333599954385,9.63598087614397e-07,1.46816056531133e-05,0.00562910492602858,0.0115454056425272,5.29108688370037e-05,2
"19966",1.33989716349106e-05,0.112068294100114,0.85273577430887,7.99265800836859e-05,2.45264861801605e-07,1.43141725859004e-08,0.00269329812612221,0.0324090483341411,3
"19969",0.980356211371694,0.00518457013300075,9.06634069600982e-06,1.2361143577569e-07,2.44484007634181e-06,5.45169889460153e-05,0.0100978134832066,0.00429525323094444,1
"19972",0.662527963760106,0.0602279997321096,7.82120529887185e-06,3.64267541659654e-08,4.06146455523673e-05,0.0671838765043057,0.209948606617159,6.30811087147715e-05,1
"19974",0.100543666502421,1.67241216581437e-05,7.3978478298817e-09,5.05783668365515e-11,1.55791178641924e-06,0.844243068688167,0.0551934284390601,1.54688848013829e-06,6
"19976",0.58828836353187,0.364322250524706,0.000282424391889482,1.64155763211793e-06,4.43880511208736e-06,0.0445196351875089,0.000207715370212925,0.00237353063106894,1
"19978",0.0191189963836054,0.96557100728126,0.0149273652520521,8.67795288961294e-07,2.86633994386784e-08,6.89365782207666e-05,0.000157155667341152,0.000155642378831926,2
"19980",0.871672814956613,0.000113320779573939,6.41505758226456e-08,1.68807864202808e-08,4.12945489233283e-06,0.128158561639393,3.29986728108171e-05,1.80934653547932e-05,1
"19982",0.154500879997799,0.000209731490318239,6.86691333809129e-06,1.18817266306526e-06,1.1481186952672e-05,0.844377498877505,9.99222907751522e-06,0.00088236113234577,6
"19984",0.000172250901643284,3.44722179730534e-06,6.71196997783885e-07,3.11528899289118e-09,1.64774482498184e-08,0.999820751538528,2.01759245461943e-06,8.41955841899286e-07,6
"19986",1.14979110445999e-07,0.0352538563301612,0.958599894775307,0.00144697153747006,3.05892988337876e-08,1.12157430025738e-09,1.0297072433689e-07,0.0046990276963542,3
"19988",2.74433511894762e-09,0.0025158101670896,0.995273177394517,0.00197822115971005,4.13356767435926e-09,2.52581940624631e-10,1.16185246519535e-09,0.000232782986346,3
"19992",1.18210808043055e-07,0.00236303887194517,0.988027546111156,0.00213669144468637,3.52510324087518e-09,3.53307311462361e-08,1.08027101959918e-09,0.00747256542529914,3
"19994",0.967151007632,0.0323402650111877,9.21213256594301e-06,3.0904328839015e-06,2.46773700639729e-05,1.86166741829346e-05,2.9713405002018e-05,0.000423417342113764,1
"19996",3.79358143013647e-07,0.0164631177180027,0.982808211693856,0.000450786114662856,7.2297611845578e-10,3.12511663507615e-08,1.53493247785128e-09,0.000277471606260502,3
"19998",0.0850466814860454,0.0117019150286718,0.00361631250306053,7.82913724608943e-06,1.9527489167183e-05,0.00469083890902045,0.374385294704806,0.520531600741983,8
"20000",0.683661192607838,0.000186348265661515,8.74305172716201e-07,0.000200053197935152,0.123254921300432,0.000192967042861371,0.00210812631675606,0.190395516963344,1
"20003",0.881549683619534,0.109236465425818,0.000134099402512213,3.08287138333242e-05,9.72551971812195e-05,1.03211919720145e-06,0.000570147160085317,0.00838048836183829,1
"20005",0.97649000714186,0.0002473381484404,2.67748679455573e-08,1.1115159403129e-09,3.07171910820288e-06,0.0212816565702449,0.00196430472388939,1.35938100729703e-05,1
"20007",0.0391732186270783,0.751356431240451,0.0178556365602113,0.000750838725554523,1.08957301532046e-05,0.000297233204369621,5.08474190781399e-06,0.190550661170274,2
"20009",8.55488444602593e-05,0.144091981874832,0.853547246935524,0.000949273835502116,3.17321036913019e-06,0.000236180160289357,0.000153514672495269,0.000933080466527197,3
"20011",0.683331686575325,0.269946171369477,7.42535263601415e-05,3.49363974810861e-07,2.00547749288726e-05,0.00909683960199499,0.0368358742500571,0.000694770537882723,1
"20013",0.895676772670347,0.00333559337226912,8.48404925968643e-06,9.54683229693667e-07,3.78127371612217e-06,0.0882825364402487,1.0728768929198e-05,0.0126811487420003,1
"20016",9.17836339773962e-07,0.0630296094092939,0.915519703421891,0.0171395094925504,2.15883408714208e-06,5.21425907931187e-06,2.26587665619497e-07,0.00430266015909234,3
"20018",1.59197017155061e-10,3.61762189730065e-06,0.00663589370819926,0.992989648794594,0.000367437449150143,1.11609973835844e-10,4.59227562489593e-10,3.40169612434929e-06,4
"20021",0.00172363546196221,0.829427055730253,0.167587851952283,0.000878562135938946,5.41204553286447e-07,2.85923997865001e-08,2.74675431287584e-06,0.000379578168296999,2
"20023",0.0110099457549638,0.875973891419097,0.0714861815991224,0.000790828837004851,6.08070693544952e-06,3.82980534671741e-05,5.60724364025759e-06,0.0406891663857694,2
"20025",8.40876445100687e-07,0.00851748008862184,0.296075597263607,0.694692681665766,0.00048849387420791,1.27454080221293e-08,1.00798674419098e-07,0.000224792687270592,4
"20027",0.574532632284201,0.00272188873277369,1.67482608514051e-06,3.55719503216458e-08,3.89242324735407e-05,1.06616401151708e-05,0.412022694984626,0.0106714877277746,1
"20029",0.981031269368893,0.000325454276877669,3.41536574550985e-07,1.48194659712875e-09,3.11841408978552e-07,0.00723783322362252,0.0110457882664075,0.000359000004268848,1
"20032",0.990412569436928,0.00339495449830184,1.16554705772071e-06,1.76424331981054e-07,3.91068582527295e-05,7.42657014413959e-06,0.00580625010003136,0.000338350564952542,1
"20034",4.52404837768026e-05,1.99485490399592e-05,1.17493768808686e-07,4.6937346701489e-11,1.70968255341103e-07,8.41632766858794e-08,0.999934286870338,1.51424606775667e-07,7
"20036",0.0183381698950819,0.000160867968418362,0.000277850499607482,7.60263208760465e-06,2.81645239108356e-06,0.00953223289493538,9.80841298203882e-05,0.971582375527658,8
"20038",3.78774552210933e-05,0.106549681407054,0.578726467196485,0.0408593163968698,1.94479724020798e-06,1.04801538705737e-09,1.03265883962244e-07,0.273824608433231,3
"20040",2.21175495671305e-07,0.0723800815786777,0.913044835194485,0.0144328370246653,7.5090975253889e-05,1.86637328979313e-06,3.27644580386876e-05,3.23032200938595e-05,3
"20043",0.000623977891487444,0.0497970382064329,0.932552460659123,0.00763622970286377,6.60002448343412e-08,2.28948299890626e-07,3.86146689048324e-08,0.00938995997687858,3
"20045",4.67639798903277e-09,0.00188970344850035,0.968742888924026,0.0293406892859231,5.9146826007898e-08,1.43073171741363e-08,9.68287539578188e-11,2.66401141813638e-05,3
"20048",1.76360439814274e-05,6.3514284030445e-08,8.48267132687501e-09,1.11708996838858e-09,6.48658801370577e-08,0.999982017632567,1.50698334190702e-07,5.76451921191347e-08,6
"20051",0.64320274436998,0.0797385058880312,0.0954875657660528,0.0459837036836171,5.43439620832185e-05,0.0111779355310226,5.75060585329501e-07,0.124354625738628,1
"20053",0.000952234906080498,0.922161669428005,0.0758719293594996,3.73719435022466e-05,1.78050095042681e-07,6.1780230626995e-05,1.79778373913373e-05,0.000896858244799187,2
"20055",0.00185351897442264,0.0510804192771894,0.024354339128234,0.0345308146621432,0.00021068217854928,4.27883540149408e-09,5.07203622109189e-06,0.887965149464405,8
"20057",3.22807770652619e-07,1.79282734875619e-09,2.10844891552875e-10,6.24092257429062e-05,0.999933257775949,3.91697167868179e-06,8.24951383972525e-08,8.72004785240116e-09,5
"20059",0.000516014562388184,0.953597871786384,0.0449185135054518,0.00044737198552827,4.1279849983314e-05,3.95188879229374e-06,4.9203238719348e-05,0.000425793182752389,2
"20061",0.00466161486362002,0.977388195505397,0.0161744135901191,3.94542703250008e-05,1.78502775963072e-06,1.63336210488544e-05,3.63863094909154e-05,0.00168181681223993,2
"20063",3.27405545459916e-06,2.95450634579155e-05,0.0160758343922289,4.94882824065997e-05,5.40311232046984e-06,0.983426617269056,0.000226907204740851,0.000182930620334863,6
"20065",4.20522712948501e-08,0.000323849005849735,0.0146866474089524,0.984834132648209,6.87393358499671e-05,2.57145818903652e-12,7.83515646411268e-11,8.65894679454145e-05,4
"20067",3.64947753568747e-05,0.0491792640328603,0.865392176516607,0.0835523337872332,1.4799866166799e-06,0.000176956781594958,1.45399831126493e-09,0.001661292665733,3
"20069",0.631785490469174,0.000113496231925696,1.49476686455946e-07,4.52907861385165e-08,4.55218066738052e-06,0.368048598914926,1.19732334562984e-05,3.56942023778043e-05,1
"20071",0.000712952054531137,0.00416005008730426,0.000207399575252882,3.80131120763393e-06,7.436483178962e-06,1.09514708678391e-05,0.000828233174492808,0.994069175843164,8
"20073",0.0901884444611159,0.00400194595002946,2.66195075768371e-05,4.97718896481426e-08,4.99255722288525e-07,0.905394696612472,0.000385339854880019,2.40458631346417e-06,6
"20075",4.71414619218579e-05,4.76441269385508e-07,2.91340675896918e-07,0.0851437546990533,0.914245345410851,2.12141397914278e-07,9.36763478338241e-09,0.000562769137196368,5
"20077",0.0012057668986793,0.0771783638909646,0.195259308633346,6.17541935312292e-05,2.19361271913708e-08,0.000193919909909152,2.22724440949924e-06,0.726098637293033,8
"20079",0.0372042305162402,0.0035571715669402,0.0989093118309057,0.00148124975797972,2.62647466314694e-06,0.848119747206435,1.45021592490687e-05,0.0107111604875868,6
"20081",0.0011124383376585,0.24786427502453,0.192151172517324,0.515326662099272,0.000169372331428265,2.81427749189905e-06,7.31488683765028e-09,0.0433732580974086,4
"20083",0.00302892407423935,7.16173478049146e-05,0.000575741723114667,3.15318608093635e-05,4.07195766987718e-05,0.828645130698733,0.000989641163409017,0.166616693555191,6
"20085",6.31914413242738e-09,0.0014191437883183,0.982650628769253,0.0155010617647569,1.17123532172469e-08,5.12199428795352e-11,3.53325664433951e-10,0.000429147241628408,3
"20088",5.16197592932824e-05,0.0716564135163388,0.913639248456461,0.010122526359717,8.54081139303918e-08,5.09556844350635e-08,1.06446231530325e-08,0.00453004489976871,3
"20091",1.29030771790887e-05,0.000999375936163548,0.00016138478266394,0.93880777168043,0.0597970946591732,1.33508886693639e-06,3.24947287600197e-10,0.000220134450576408,4
"20095",0.0023470518446084,0.159507426476833,0.00491556511851258,1.18666910040864e-05,0.000134415253643403,0.807446490287232,0.0252567544006174,0.000380429927548984,6
"20097",1.4335091310809e-08,0.00134992748780705,0.93434261663151,0.0625857255024474,6.49120428860942e-08,7.99645267463006e-11,1.6300137385845e-10,0.00172165088813508,3
"20099",0.000281650033723304,0.486147254236904,0.420958398634166,1.02863383602435e-06,3.30254925624865e-08,0.00242415287394056,0.0901178752845162,6.96072774213515e-05,2
"20102",0.000479241775117145,0.000362125177535187,7.78925181848953e-05,0.00677331711909388,0.00945652835948925,0.982766802410091,7.82754319623623e-08,8.40143650568955e-05,6
"20105",0.00137687968155191,0.124529174818231,0.870517036045762,0.00225518628595831,5.7280068624731e-08,0.000380744959558517,1.29167706700566e-07,0.000940791761162399,3
"20107",4.6781968789311e-05,0.365220111939545,0.553930574325074,0.000450945814737646,4.10923389243244e-08,2.70232391153423e-07,4.55263767705012e-07,0.0803508193633557,3
"20109",0.0073143237200129,0.579721109477338,0.20496669739012,9.96984934994141e-06,1.45152270483182e-07,0.207459506294229,0.000518626053297985,9.62206338220949e-06,2
"20111",0.0328710051829668,5.39511184290573e-05,9.88054846694967e-08,0.00113725667144432,0.965493277355705,0.000439946028691422,1.43808745976791e-06,3.02674981949145e-06,5
"20113",0.000471562853576722,0.19308422518603,0.053730413101895,2.04412005914028e-05,6.98075616862501e-07,1.32035371471743e-07,0.00283181650791734,0.749860711039001,8
"20115",0.982672291327189,0.0046732905896026,5.72334282779559e-07,3.53799206011202e-06,0.00839855799668016,0.000183365477169889,0.00405655267087594,1.1831612138862e-05,1
"20117",8.97908362355678e-05,0.0406633630605971,0.0178445407658054,0.0444792267212558,0.746163928802143,1.31175046888251e-06,0.141367465208965,0.0093903728545296,5
"20119",1.43724638334534e-05,0.082843472002328,0.864182760291361,3.39393263062823e-05,8.66820124577234e-08,6.13960845563363e-09,0.0130629920743571,0.0398623710201933,3
"20121",3.75380976393245e-06,0.10975690266307,0.836547171393995,0.00159872559078887,7.25826026024145e-08,6.55714971357126e-09,1.72739863573635e-07,0.0520931946627671,3
"20123",1.7989769594643e-06,4.31293940316198e-05,0.00017250401047023,0.980622623444816,0.0184145265009751,1.96095365666625e-09,5.08360972606886e-10,0.000745415203432478,4
"20125",0.934501483933137,0.00120429983914088,1.19128990189453e-06,4.65596033880419e-07,1.21144029548875e-05,0.0635519826473694,5.98490759074335e-06,0.00072247738387135,1
"20127",1.40514751464415e-07,0.00146140820994299,0.997831598938304,0.000687193761837622,1.86157297294064e-09,1.72791102225273e-07,2.57087331062718e-09,1.94813516150788e-05,3
"20140",0.000489858604702964,0.00380950762552581,0.000660030263548825,0.00186627434910322,0.000701910523733468,9.88219752301787e-09,9.88913582434222e-06,0.992462519615364,8
"20142",0.00433049393724734,1.73969933376149e-06,1.69000079383146e-08,4.99093661786392e-09,6.04370260536411e-07,0.995662418049706,7.06476410415117e-07,4.01557609714691e-06,6
"20144",0.927523653683435,0.000671165155245877,5.57005096234572e-07,8.00438952438583e-05,0.0522010190108895,0.00413609472450017,2.7338676349124e-05,0.0153601278492401,1
"20146",0.284083519839624,0.00196687415062954,0.000213604340198357,0.000155770979705841,0.000237652385276978,0.335246911134601,2.16482388895704e-05,0.378074018931074,8
"20148",0.95117913003543,0.0151047877288856,0.000252659048494154,2.06261504960195e-05,3.51276105471923e-06,0.00010381835109463,1.08159299632912e-05,0.0333246499945817,1
"20150",0.669741315966645,4.24954647241959e-05,1.40394349603368e-08,5.48477653364575e-10,2.77252275994292e-06,0.326980068570536,0.00322831659394264,5.01629347970825e-06,1
"20152",0.870501465521705,0.0896269939615,0.00157141641172286,4.11621845222144e-05,6.84684300565047e-06,8.22207881218884e-05,5.96688004182018e-05,0.0381102254890043,1
"20154",1.97037939235056e-07,2.00620556905149e-05,0.00533586561438559,0.994531882535994,6.21384715964084e-05,4.55563544115436e-07,5.55196246113926e-12,4.93987152983071e-05,4
"20156",0.0107901412799763,0.508695991123376,0.0221282088512446,0.00123945313916577,0.000269155050899386,0.0306982511048584,3.02054951957873e-05,0.426148593955283,2
"20159",0.510314672132317,9.77360845675468e-05,1.55818191604985e-07,8.46270854338828e-08,8.60024508867822e-06,0.489470518509666,6.87926149907165e-06,0.000101353321584588,1
"20161",0.00323752825570738,8.14067271385784e-05,2.62976642215661e-05,1.04078239586247e-06,6.62819731068751e-06,0.995434915866516,4.11303482169477e-05,0.00117105215849334,6
"20163",0.869673580630208,0.124236101191993,0.00336668651398915,0.000461390228987393,0.000189365753202664,1.95849911483812e-06,0.000762537272855918,0.00130837990964932,1
"20165",0.00020273735189274,0.00061345478564778,0.00236974077772209,6.05354430441322e-06,6.24379841625058e-08,0.996804341252733,3.19096751827441e-07,3.29075296421018e-06,6
"20167",0.977544641720286,0.0171759865784701,9.26974481312386e-05,1.04536398922383e-06,2.64519693486511e-07,0.00479421096210517,8.08190201894444e-06,0.000383071505305744,1
"20169",0.000102524157328453,1.40513139942168e-07,7.03064387614889e-09,1.24552223431097e-09,1.08510643023829e-07,0.999896786618005,1.90366816738738e-07,2.41557900413598e-07,6
"20171",1.23824449629433e-08,4.08330601681333e-06,0.00294685492606938,0.996811254965506,0.000178857036288152,1.06313200888039e-06,4.26918581025396e-12,5.78742473970977e-05,4
"20173",0.000300712587477616,0.00748621238632487,0.0487789663392714,1.33712040490887e-06,2.13270756248313e-06,0.248057817407343,0.695351723916796,2.10975348198257e-05,7
"20175",0.932000181900479,0.0590857458665099,1.41902626196172e-05,6.23962065887247e-07,2.1659000229452e-05,0.00663521626389135,0.00024980648027241,0.00199257626393235,1
"20177",0.000562836162770501,0.350538004249019,0.226488844225565,1.37656640778494e-06,4.35698919248988e-07,8.98602760804813e-05,0.421709080290371,0.00060956253086744,7
"20180",2.15298153827697e-06,0.100155330318971,0.884693647834842,0.0113099620363771,1.36181791435285e-06,1.80806739401061e-11,1.47321783539269e-06,0.00383607177444151,3
"20182",0.000128285319025207,3.31247675169242e-08,5.80083417851083e-10,1.94068721868603e-08,0.00721787638502527,0.990761645739296,0.00189211238103383,2.70638966591879e-08,6
"20184",0.0289565075910127,0.000202822186049732,1.89900151392068e-06,5.02763315346543e-08,3.94084508410351e-07,0.970693289860079,3.75730751729257e-06,0.000141279692988162,6
"20187",0.000386107841326911,0.00408534481560033,0.000409503920421503,7.97972306633366e-09,3.26900259567102e-07,0.000838629378816131,0.991015043668311,0.00326503549554163,7
"20189",0.00554949086419011,0.922509375462882,0.0676582729199772,1.74268705838621e-06,3.16247416083257e-08,1.33444994330799e-06,0.00412256271324054,0.000157189277966844,2
"20192",0.00100549326912882,0.305166008910654,0.542044478940861,0.114268983461036,0.025779190354718,1.51643439252962e-06,0.0115903453548699,0.000143983274339236,3
"20194",0.0485886465338816,2.69173013607974e-05,5.31541160995726e-06,1.7633603726409e-08,3.10790607502803e-06,0.667480855836163,0.156194083918556,0.127701055458749,6
"20196",2.82928618464004e-06,0.00586094328560276,0.297555156195922,0.695759956344634,1.37026633373068e-05,2.1845594470788e-08,3.8553691453724e-09,0.000807386523356215,4
"20198",0.293219952632897,0.521927067230446,0.0218668389316208,0.001188508534401,0.000471030899276677,0.000407549546837852,0.000209590991557506,0.160709461232963,2
"20204",0.6568248460256,0.000200172667308384,1.84078955476595e-07,1.46601288271898e-07,2.06868750963324e-05,0.342929509062383,1.34187080360937e-05,1.10359813328412e-05,1
"20207",1.52366978098349e-05,0.009417204494662,0.584024188044404,0.392819927893262,7.65177497229188e-06,1.4172713778225e-05,5.39145861745525e-10,0.0137016178419653,3
"20209",0.15765772462403,0.00200477663698635,1.47947734541562e-06,0.000243972430896735,0.821543161599132,3.9170631862718e-07,0.0128116952753964,0.00573679824989433,5
"20211",3.2326192170129e-06,2.19172497878904e-05,6.8081537219505e-05,0.996087062672527,0.0028960184936716,1.27935359983942e-08,5.6689945097377e-12,0.000923674628372265,4
"20215",0.000622307637152774,0.00503010870820503,0.116030061836782,0.000419560676697853,3.9475136348635e-08,4.09765711874679e-06,5.32340984540498e-07,0.877893291667923,8
"20218",0.020095569628995,6.37743720944594e-06,2.88488353346434e-08,8.20518918372788e-09,7.02386104202474e-07,0.979894073284656,1.11823049907126e-06,2.12197851146528e-06,6
"20222",0.00155163954471339,0.0112309083326518,0.63693374081025,0.323447382869873,9.38580539874425e-06,3.24679376156108e-05,8.12702078569795e-09,0.0267944665724775,3
"20225",0.95535963420119,0.000153198208965956,3.12856176106727e-06,7.73328297005588e-06,0.00073017387705351,0.0136489259526758,0.000175849735229594,0.0299213561801538,1
"20229",0.00110695991930791,3.67374317121492e-05,1.09463504230247e-05,5.06863806617015e-05,5.64678595541856e-05,3.04869125318128e-06,3.96028177101856e-06,0.998731193085317,8
"20232",0.00498532199440966,0.488993475572386,0.0196586745412853,0.0035019831114512,8.43695709588385e-05,3.03830607520944e-06,4.54086203188665e-06,0.482768596041402,2
"20234",3.18706744302614e-09,0.00161867192235332,0.806841596275587,0.191514520299267,1.97360918546902e-05,5.83634799872698e-11,5.47317255867618e-08,5.41743378104775e-06,3
"20238",3.99886623914491e-05,0.41080107960828,0.575709585391522,0.00409313748003522,1.14921008810461e-06,6.53696892028914e-06,2.35227789776456e-07,0.00934828745097313,3
"20253",4.19560865692735e-06,0.00191985114569721,0.511592765942172,0.000743126081516846,1.09861712971026e-08,2.25783181221166e-07,1.19721976055892e-07,0.485739704730629,3
"20255",0.995180891211354,0.00260007427408271,1.72799778466076e-06,2.21887583883557e-05,0.000165483760019924,9.60880013480119e-05,1.43493157032034e-06,0.00193211106545233,1
"20258",1.00788629477518e-05,0.127270429499239,0.872424764731782,0.000263540822398805,9.92798241352923e-09,1.01842710980971e-08,2.56243646102342e-07,3.09097277326743e-05,3
"20269",0.0079567395199865,0.759282767147072,0.209215951683579,8.49179203217986e-05,2.83128227131939e-07,0.02343329256415,1.25686727347338e-05,1.34793639293569e-05,2
"20271",2.50315933487565e-05,0.217893378162205,0.777241018344989,1.19848708137825e-05,6.06767259789637e-08,3.79311146126792e-08,0.00475217490137936,7.63135194236924e-05,3
"20285",0.0134196860921601,0.00194043340259624,0.000346720777934525,1.95707133111245e-07,6.46218980785116e-06,0.000495796247307534,0.975455632464641,0.00833507311841942,7
"20288",0.00121035962702501,0.0826403742242831,0.0802259037005284,0.000857013046074425,7.40738607691079e-07,1.95032321499734e-05,9.42534352078928e-07,0.835045162896979,8
"20291",1.05234531470112e-05,0.316742816217892,0.160993945799578,0.518434558299112,0.00109084434988298,9.78873380448267e-07,5.40793150793627e-08,0.00272627892769235,4
"20295",0.0138923948455928,0.806057706440011,0.114814964737032,2.68035692843231e-05,9.97796011493691e-06,0.00508130803357419,0.0601107594384381,6.08497595228824e-06,2
"20298",0.998439719849404,0.000215577415967375,9.33560567893862e-08,3.06993799321743e-08,4.2079676571722e-06,0.00113104072910054,3.46486301409648e-05,0.000174681352293088,1
"20302",0.372201377618188,0.00622268007189865,2.50926520700379e-05,1.8031491762082e-07,7.08409135510913e-06,0.61952653773834,0.00198043017212865,3.66173411020899e-05,6
"20305",0.998402840624551,0.000257688785136771,7.42292837689975e-08,8.33693950424806e-09,5.21106208379971e-06,0.000141497088661946,0.00115358180474736,3.90980685958598e-05,1
"20307",8.67593581774651e-07,0.0611798352084629,0.934638432126672,0.00337699630206392,1.90883489390478e-08,8.56969739281369e-09,2.0054248897714e-09,0.000803839105747705,3
"20310",2.3782269632039e-09,0.000871772252450373,0.995732881662021,0.00337671905143213,1.82757439226962e-08,1.27523741945313e-09,8.96761346699776e-09,1.85961372746835e-05,3
"20313",0.000482423575803679,1.53855648819341e-07,1.2682943941057e-09,4.93191142407251e-11,5.90707658219713e-08,0.999508097614064,9.21009032922224e-06,5.44757753288701e-08,6
"20315",6.23368031871516e-05,0.271275044748744,0.718067699018314,0.000280774324827449,5.99320263050544e-08,1.64961468285718e-07,5.5072572215058e-06,0.0103084129542117,3
"20319",3.62482393149474e-06,0.00035142639663485,0.10732548857336,0.887477140902369,4.52596934419039e-05,6.93382785551109e-09,3.84031984269094e-09,0.0047970488361154,4
"20321",2.33466573287164e-06,0.00568027265171851,0.992011815355283,0.000124612172357724,1.2596364350952e-09,1.37974051714084e-06,9.25088102856698e-08,0.00217949164594448,3
"20327",1.89436053478408e-06,0.199867522447281,0.800093912125875,1.85157644719716e-05,2.81777702732994e-09,3.53985232865277e-08,5.76412239948591e-06,1.23529631376308e-05,3
"20329",3.05853153717398e-05,1.14028453174686e-06,1.17875396476205e-08,9.91403195553486e-13,1.48278600970603e-08,1.97050330223204e-05,0.999947119840573,1.42291011007473e-06,7
"20335",3.23579633797887e-07,0.00743853193754023,0.385519880051349,0.606893382411631,2.80544682003094e-06,1.71403100682619e-07,2.99558147518534e-11,0.000144905139969613,4
"20337",0.871264317381058,0.000200567246294519,1.95566854282029e-07,1.11064494806543e-07,6.92480011606975e-06,0.128481431546987,6.56058959923141e-06,3.98918045958081e-05,1
"20339",0.00231644834584837,0.00052310928925077,0.000889914829339872,0.165524361253496,0.295894886376624,9.01062623274396e-07,0.000128648304849694,0.534721730537968,8
"20341",2.84308529989766e-06,0.00103226104606207,0.00711241674030559,0.982953288636773,0.00668882709882019,0.000336547487231595,8.93473845214798e-10,0.00187381501203392,4
"20343",3.07818864738532e-07,0.00136198860413132,0.981324697089786,0.0171412704409558,2.17713866906511e-07,1.49722085241209e-05,3.79200167528961e-09,0.000156542331869636,3
"20345",0.867705634068631,0.093383385230017,7.84700455913944e-05,2.16521183954306e-06,6.95858162317437e-05,2.35441692864376e-06,0.0278867012189042,0.0108717039918568,1
"20350",0.000967736350480469,0.000862796984305688,0.00361911343493777,0.00102737550538912,0.000885896081594418,0.000710400489514624,9.32167290874709e-05,0.99183346442469,8
"20352",0.000260107438833082,6.48334217309016e-07,5.28322650132327e-08,3.60858333992011e-09,4.74205470772425e-08,0.999738876149875,1.67666640921756e-07,9.65490379904331e-08,6
"20355",0.0115957359337231,0.00164882544265846,0.000168603985870857,8.6370234028102e-06,3.14223751666018e-05,0.986172219817076,4.39936203927681e-05,0.000330561801709284,6
"20358",0.0145970369634281,6.58171591316782e-06,2.73868842892958e-07,1.1242236149209e-10,1.25425082750365e-07,0.00420255096471844,0.981181975369632,1.1455579960635e-05,7
"20363",2.26764369012723e-05,0.0207971208609527,0.974810327002867,0.00027089520149688,1.64300615404517e-09,1.61328335919063e-06,4.35569333339662e-08,0.00409732201448389,3
"20365",0.00461589594201326,0.090525910640013,0.0324622180065716,0.808474553132919,0.00166445089020531,2.82520075210725e-07,4.1832030337734e-08,0.0622566470361718,4
"20379",0.970460185316907,0.0212984893756583,1.56709861835313e-06,1.03100301291148e-05,0.00734412900407804,0.000484484095867228,0.000181597562871852,0.000219237515870118,1
"20387",8.01830004417777e-05,0.319967391158257,0.666721252604439,0.0130055256101172,4.55129684413618e-07,7.30604243678584e-08,1.51945989290359e-08,0.000225104242037776,3
"20392",4.94936828051164e-07,2.11397354899897e-05,0.000158095045008435,0.998918167473153,0.00084543987349136,3.60463866438782e-10,3.67279138120519e-12,5.6662571892761e-05,4
"20395",0.590367664650739,0.0477532837952416,0.00040762236929975,2.796375473055e-05,1.48438931118729e-05,0.000551773868703368,1.82239653085771e-05,0.360858623702865,1
"20397",1.16270807953379e-05,5.9072196990708e-08,1.62605135692074e-09,2.02443708972412e-12,2.18231380679699e-07,0.00181342583947111,0.998174634582162,3.35659176246118e-08,7
"20410",0.000909962869898796,0.840946184633691,0.156754602181462,0.00061623780206018,1.78906962444533e-06,2.82090764034327e-09,7.22454397757193e-05,0.000698975182580981,2
"20414",0.84157940587257,0.00319417154098018,2.1669026029096e-05,4.18623549873635e-07,1.29327532039389e-06,0.155141446432751,5.06823042363174e-05,1.09129245632756e-05,1
"20417",1.41737036759462e-09,1.55871029931612e-05,0.212167525267806,0.786783689248436,0.000956569544741931,6.71012659056997e-10,2.12037776337536e-06,7.45063698760359e-05,4
"20419",5.72096710591867e-07,0.0209239767857524,0.979019678952895,2.59116604165664e-06,4.0772386417849e-11,1.49659961719517e-07,1.86650743344729e-06,5.11647904324608e-05,3
"20421",0.188163571777261,0.0291137738826742,5.11391621068283e-05,0.000994153010049608,0.0154061850932016,0.765821969306069,2.34920949425172e-06,0.000446858559143031,6
"20423",0.707918938762192,0.00269586108215557,1.58764321384642e-06,2.60821945068719e-06,0.000129716613333211,0.289160977556716,3.64636526545319e-06,8.66637576729676e-05,1
"20425",0.36598232781123,0.000259015449589468,1.31426199959374e-05,2.37243771498027e-05,2.65842811327174e-05,0.608793788276385,1.09413053530265e-06,0.0249003230539809,6
"20427",0.722963812194211,0.269926601586092,0.00181725787130081,9.27148977864411e-06,8.09562735346528e-07,0.000112091194394575,3.57416323027266e-05,0.00513441446918453,1
"20429",8.48171301993302e-06,0.10608891021091,0.872649009973023,0.00327656248481141,1.13370347410554e-05,0.000171235279089874,2.99969610181408e-05,0.0177644663433865,3
"20432",0.286811137027562,0.0001084836051218,1.0199202155444e-06,5.77552421265016e-09,3.69281222969557e-07,0.712603793351529,0.00046928825371751,5.90278510709936e-06,6
"20435",0.0165841064580851,0.898933860885905,0.0337788812808127,0.00596969405648049,0.000311472910424765,1.21802825635951e-06,2.70938958378013e-05,0.0443936724841978,2
"20438",1.74922808970046e-05,0.0100981171615993,0.963363350455716,1.15127011182592e-05,1.23718862498555e-09,0.000121149822912771,9.11416234998778e-06,0.0263792621782179,3
"20440",9.06213586178703e-06,0.118804810472254,0.8811161803267,5.28455201751703e-05,7.49138947320382e-09,4.10174595942743e-06,2.60940979903347e-06,1.03828978612744e-05,3
"20443",0.000249833253180435,3.67270326033031e-05,4.30636442669239e-06,3.96818371880552e-07,1.7120587676469e-06,0.9992923621659,8.49270352878479e-07,0.000413813036397413,6
"20446",0.415386713536077,0.360532668146439,0.207643979350934,0.00159359626161226,3.80533116541716e-05,0.00303238153297741,0.00174819665561877,0.0100244112046873,1
"20449",0.00885579303484537,0.195082937404746,0.0153567344074908,0.0017033678697735,3.96183123451906e-05,2.02169655602658e-06,1.12305576987147e-05,0.778948296716544,8
"20537",0.00104188394945914,0.411601844936936,0.12091285135831,0.463349183448855,0.00266283564770905,6.69349442028987e-05,1.94308887416991e-07,0.000364271405640217,4
"20540",2.45709077292166e-07,0.000656515224562025,0.000748507548211224,0.989267878750354,0.00932323272568926,3.73927588014903e-10,1.7818227282081e-10,3.61948999603341e-06,4
"20543",0.155292084437752,0.840821013332195,0.00248056876412012,9.30952825693951e-05,1.14176664131819e-05,0.00071479672026882,6.6843896169904e-06,0.000580339407064585,2
