"","V1","V2","V3","best$classification"
"19812",6.73911213022962e-15,0.000187482364699301,0.999812517635294,3
"19814",1.73129990117979e-08,0.23466389697991,0.765336085707091,3
"19816",0.43825475518723,0.561745179229699,6.55830710997326e-08,2
"19818",2.28421679607603e-07,0.740555299331564,0.259444472246756,2
"19820",0.999847794003553,0.000152205996444864,1.90330753717402e-15,1
"19822",0.957916865217807,0.0420831338759201,9.06273209550706e-10,1
"19824",0.162834971428131,0.837164513310672,5.15261197046392e-07,2
"19826",1.97365041565283e-06,0.947267266113793,0.0527307602357909,2
"19828",0.999915039337266,8.49606627323896e-05,1.79553133290005e-15,1
"19830",1.33133103758933e-06,0.95026394847992,0.0497347201890423,2
"19832",0.978300761387281,0.0216992384599241,1.52794386329642e-10,1
"19834",0.021200607407831,0.978793209947013,6.18264515626308e-06,2
"19836",6.41914082263161e-14,0.000671402917312021,0.999328597082624,3
"19838",5.1375225484501e-17,1.00633112716604e-05,0.999989936688728,3
"19840",0.000129753487859189,0.998316819001177,0.00155342751096348,2
"19842",1.48066093529879e-13,0.000885069081924084,0.999114930917928,3
"19844",8.41206263495173e-10,0.0193856674853923,0.980614331673401,3
"19846",7.4800960725161e-15,0.000190432844904186,0.999809567155088,3
"19848",3.65404730981137e-18,2.58646959533261e-06,0.999997413530405,3
"19850",1.10174366357246e-14,0.000127061615411213,0.999872938384578,3
"19852",0.00194097132178021,0.998037354879721,2.16737984992726e-05,2
"19854",3.01275069559698e-17,8.90911039797189e-06,0.999991090889602,3
"19856",2.5114169229635e-13,0.000444416363097773,0.999555583636651,3
"19858",2.46639263304243e-13,0.000573520930566193,0.999426479069187,3
"19860",1.79990612329321e-05,0.993844416883482,0.00613758405528474,2
"19862",9.47818345341275e-19,1.40696480018408e-06,0.9999985930352,3
"19864",1.45369366868679e-11,0.00520536247500938,0.994794637510454,3
"19866",0.00530573038516982,0.994688306032637,5.96358219291862e-06,2
"19868",2.39266944699348e-09,0.0145068537326457,0.985493143874685,3
"19870",2.8320681506496e-12,0.00396782439647471,0.996032175600693,3
"19873",0.000260286304966973,0.99933087950989,0.000408834185142739,2
"19875",0.712892854701075,0.28710713559535,9.70357502796073e-09,1
"19877",1.02420795903879e-07,0.827247102101755,0.172752795477449,2
"19879",0.00178336400760379,0.998153060648011,6.35753443847331e-05,2
"19881",2.25901101935756e-07,0.8182846521097,0.181715121989198,2
"19883",5.85179430514706e-06,0.972817489246176,0.027176658959519,2
"19899",3.49648042957914e-05,0.997341019488455,0.00262401570724913,2
"19908",5.50444441650716e-10,0.0296431741812462,0.970356825268309,3
"19910",2.75916374310902e-05,0.999248425689345,0.000723982673223783,2
"19912",7.81619839563798e-15,0.000151911258123698,0.999848088741869,3
"19914",1.56489035892162e-06,0.942105244891843,0.0578931902177977,2
"19916",7.77285401138926e-09,0.183641637783975,0.816358354443171,3
"19918",3.40703590673933e-11,0.0125562096648681,0.987443790301062,3
"19920",1.32261770374944e-12,0.00143917600624617,0.998560823992431,3
"19922",0.00284145685847823,0.996843977977348,0.000314565164173884,2
"19924",3.3535602056061e-07,0.802506890467355,0.197492774176625,2
"19926",0.161852763881827,0.838147091546735,1.4457143842455e-07,2
"19928",3.64586722505641e-18,2.173390944232e-06,0.999997826609056,3
"19930",8.22523056696951e-14,0.000812907368607655,0.99918709263131,3
"19932",5.09653756216017e-18,3.77222447557084e-06,0.999996227775524,3
"19934",0.000461377738228333,0.99908214171697,0.000456480544801055,2
"19936",2.60844766298848e-10,0.0453928839793129,0.954607115759842,3
"19938",1.54705624136775e-06,0.90737126645045,0.0926271864933084,2
"19940",3.74077670567304e-05,0.999653357790297,0.000309234442646119,2
"19942",3.43863424764627e-14,0.000286352025435283,0.99971364797453,3
"19944",0.818351500879225,0.181648498655719,4.65055953171842e-10,1
"19946",8.56494928164373e-06,0.994900586487321,0.00509084856339686,2
"19948",4.16821583829544e-14,0.000336153547091889,0.999663846452866,3
"19950",4.23575046592713e-21,5.1766737008397e-08,0.999999948233263,3
"19952",4.16821583829544e-14,0.000336153547091889,0.999663846452866,3
"19954",1.24591557024192e-15,7.29523201887552e-05,0.99992704767981,3
"19956",4.12076058348618e-13,0.000700763571808379,0.99929923642778,3
"19958",1.67936263886641e-06,0.598398525763708,0.401599794873653,2
"19962",2.60822584700971e-14,0.000219202030742234,0.999780797969232,3
"19964",0.000662731596985268,0.999099307225671,0.000237961177343497,2
"19966",0.000903394721680179,0.998994554134204,0.000102051144115469,2
"19969",1.73415933530471e-07,0.75975799686047,0.240241829723596,2
"19972",2.19558539148725e-08,0.320199561674218,0.679800416369928,3
"19974",3.97885438851192e-19,6.72446720441433e-07,0.99999932755328,3
"19976",9.56963286565958e-10,0.0819346078115446,0.918065391231492,3
"19978",0.999926311993201,7.36880067987297e-05,2.1246167756253e-16,1
"19980",2.3367167309672e-18,1.83224162272437e-06,0.999998167758377,3
"19982",3.71521130341598e-16,1.55322680718059e-05,0.999984467731928,3
"19984",5.87401835050808e-16,2.07239591666445e-05,0.999979276040833,3
"19986",0.892351761036222,0.10764823871373,2.50047822996863e-10,1
"19988",0.999706109228609,0.00029389077137627,1.45624126109282e-14,1
"19992",0.999971148260426,2.88517395744581e-05,9.93205251638667e-17,1
"19994",8.39257256408008e-18,5.03936752109189e-06,0.999994960632479,3
"19996",0.928313856744466,0.0716861421197762,1.13575805142242e-09,1
"19998",0.341624584612696,0.658375276255444,1.39131859636646e-07,2
"20000",3.95804406051731e-11,0.00737662431581124,0.992623375644608,3
"20003",5.03234868564992e-10,0.0451801468275557,0.95481985266921,3
"20005",7.83938389471526e-18,4.20858027032268e-06,0.99999579141973,3
"20007",1.28005898537818e-07,0.622850912324576,0.377148959669526,2
"20009",3.93177748064857e-05,0.996075088736881,0.00388559348831267,2
"20011",2.57438832022912e-06,0.994745097302408,0.00525232830927219,2
"20013",2.8059613165249e-15,7.20307095903257e-05,0.999927969290407,3
"20016",0.000964268289911544,0.998929553876219,0.000106177833869273,2
"20018",0.997677878931231,0.00232212105140384,1.73647116401063e-11,1
"20021",2.59639038955256e-08,0.350679107057949,0.649320866978147,3
"20023",4.44324903068597e-06,0.988932212363224,0.0110633443877449,2
"20025",0.881267323912779,0.118732663224503,1.28627176200218e-08,1
"20027",3.2868150020325e-10,0.075187226248717,0.924812773422602,3
"20029",3.45315651981567e-11,0.0107668116052727,0.989233188360196,3
"20032",3.04715893503361e-13,0.00155008788138501,0.99844991211831,3
"20034",6.11280744558813e-18,3.54512497225377e-06,0.999996454875028,3
"20036",0.0480049807570075,0.951988769905895,6.24933709786307e-06,2
"20038",0.999953809604332,4.61903956680261e-05,3.40726118841113e-16,1
"20040",0.589408677679733,0.410591278292982,4.40272851110086e-08,1
"20043",0.999990789095565,9.2109044354206e-06,2.38832523675579e-17,1
"20045",0.99996872029544,3.12797045594872e-05,3.62344280998028e-16,1
"20048",6.37541499199539e-21,5.16941636283312e-08,0.999999948305836,3
"20051",6.03303307439687e-08,0.21919639256166,0.780803547108009,3
"20053",1.76717043122586e-13,0.000705982401962392,0.999294017597861,3
"20055",0.978234806706597,0.0217651932373119,5.60906148172885e-11,1
"20057",2.18524042044655e-14,3.73697243238113e-05,0.999962630275654,3
"20059",0.000313488521654793,0.999137976623599,0.000548534854745723,2
"20061",0.000160326847382768,0.99873135938898,0.00110831376363687,2
"20063",2.09357769254707e-05,0.924275021966037,0.0757040422570372,2
"20065",0.999980230984919,1.97690150813557e-05,1.86817838316977e-16,1
"20067",0.964484995841051,0.0355150034960253,6.62923266018576e-10,1
"20069",2.15513288389723e-17,5.13535183038358e-06,0.99999486464817,3
"20071",7.34611422602706e-06,0.988215951652298,0.0117767022334761,2
"20073",2.51800086348145e-07,0.661794329749921,0.338205418449993,2
"20075",0.99544806063367,0.00455193925039841,1.15931461043139e-10,1
"20077",0.999999384037686,6.15962314129757e-07,9.17463912568945e-21,1
"20079",1.44160437019741e-08,0.0713918893153883,0.928608096268568,3
"20081",0.601153235513028,0.398846605366813,1.59120158785832e-07,1
"20083",7.17067420367167e-05,0.983772761991283,0.0161555312666805,2
"20085",0.999999966542337,3.34576626262863e-08,1.68151855444767e-22,1
"20088",0.445204406915217,0.554795475026685,1.1805809741761e-07,2
"20091",0.996260094537386,0.00373990545219941,1.04143330178155e-11,1
"20095",6.74208856390211e-14,0.000397820784955833,0.999602179214977,3
"20097",0.999999923043334,7.69566654506302e-08,1.06821348118288e-21,1
"20099",2.73270220636355e-05,0.988534150870057,0.0114385221078797,2
"20102",0.869645278907049,0.130354687417028,3.36759225382756e-08,1
"20105",0.00658630377187959,0.993318036491786,9.56597363339154e-05,2
"20107",0.0132642610325922,0.98673151651894,4.2224484675589e-06,2
"20109",2.8818956309462e-05,0.989547291740727,0.0104238893029638,2
"20111",0.996517422640395,0.00348257733469701,2.49081249371344e-11,1
"20113",0.0455657369132337,0.954433738452524,5.24634242316203e-07,2
"20115",1.85582857865341e-09,0.0640827144223587,0.935917283721813,3
"20117",0.00498356416755601,0.994915262464059,0.000101173368384612,2
"20119",0.850165882306789,0.149834117063676,6.29535094876154e-10,1
"20121",0.0722978834088624,0.927701728325579,3.88265558147651e-07,2
"20123",0.999996979259674,3.02074032556969e-06,5.05748687491053e-18,1
"20125",3.93611337600979e-13,0.00135505999989477,0.998644939999712,3
"20127",0.995755712256189,0.00424428773088213,1.29288322183829e-11,1
"20140",0.990842191738591,0.00915780825297625,8.4333171361821e-12,1
"20142",1.86869279105917e-19,3.50305482247651e-07,0.999999649694518,3
"20144",4.58220606942633e-07,0.699022333296453,0.30097720848294,2
"20146",3.84025472904777e-07,0.561886947071932,0.438112668902595,2
"20148",3.80973876924378e-08,0.354701653262225,0.645298308640387,3
"20150",1.74732115357788e-18,1.57950363187946e-06,0.999998420496368,3
"20152",5.70070601159209e-07,0.874736725447327,0.125262704482071,2
"20154",0.999998511114343,1.48888565663539e-06,6.10981459290306e-18,1
"20156",3.22339169047419e-07,0.817767551984007,0.182232125676824,2
"20159",4.854108661592e-16,2.84424466461209e-05,0.999971557553353,3
"20161",4.32094038881625e-16,2.12305747569688e-05,0.999978769425243,3
"20163",0.0153720067349745,0.984593134096845,3.48591681804101e-05,2
"20165",4.45303754069757e-13,0.000455103176991857,0.999544896822563,3
"20167",5.55615164730708e-13,0.00104638297599609,0.998953617023448,3
"20169",1.34213153581421e-19,2.24352720664717e-07,0.999999775647279,3
"20171",0.999989612920518,1.03870794819453e-05,5.05803785164987e-16,1
"20173",5.11155786627933e-08,0.245872122385189,0.754127826499233,3
"20175",6.02375388605881e-08,0.707871914227275,0.292128025535186,2
"20177",0.0305191112236075,0.969474580954802,6.30782159022477e-06,2
"20180",0.99999990485166,9.5148339852292e-08,6.53575715363992e-22,1
"20182",2.95266985639288e-18,5.81148411415291e-07,0.999999418851589,3
"20184",2.0350051237636e-11,0.00642233783078321,0.993577662148867,3
"20187",1.49070077226702e-07,0.588642614125061,0.411357236804862,2
"20189",0.0146731104446805,0.985324831122024,2.05843329581218e-06,2
"20192",2.38716606763949e-08,0.172175420053492,0.827824556074848,3
"20194",4.36394999639015e-10,0.0243580167375784,0.975641982826027,3
"20196",0.98879906425876,0.0112009356384174,1.02822601064797e-10,1
"20198",2.55421881946912e-05,0.990417136323164,0.00955732148864128,2
"20204",1.27116886503241e-17,3.80735876994175e-06,0.99999619264123,3
"20207",0.732571006135029,0.267428919477122,7.43878486048882e-08,1
"20209",0.00372334539040195,0.996226770562707,4.98840468913674e-05,2
"20211",0.999999996927244,3.07275576791826e-09,1.02881901093824e-23,1
"20215",0.760450992829624,0.239548985254057,2.19163190594002e-08,1
"20218",1.44852598956462e-19,3.08201593934376e-07,0.999999691798406,3
"20222",0.999955740100321,4.4259899675612e-05,3.14914965849798e-15,1
"20225",2.83856317010752e-12,0.00164160988878603,0.998358390108375,3
"20229",5.359907673956e-15,0.000109439597178459,0.999890560402816,3
"20232",8.93305967062681e-06,0.996404345088303,0.00358672185202645,2
"20234",0.99999652711705,3.47288295033919e-06,9.25069961865949e-18,1
"20238",0.0137204407671274,0.986276045429031,3.51380384186151e-06,2
"20253",0.999988056798567,1.19432014335447e-05,3.08696666246258e-17,1
"20255",7.55612337988972e-14,0.000377599516042808,0.999622400483882,3
"20258",0.989587072474165,0.0104129275069141,1.89204845987459e-11,1
"20269",1.37889127873343e-05,0.978058162054872,0.0219280490323406,2
"20271",0.999990408792542,9.59120745833955e-06,1.31520208997979e-18,1
"20285",4.27123610665678e-08,0.354570151118698,0.64542980616894,3
"20288",0.549667172174767,0.450332799491832,2.83334001863083e-08,1
"20291",0.266098003807223,0.733901576092072,4.20100704323111e-07,2
"20295",3.13520639623382e-05,0.98093273159207,0.0190359163439674,2
"20298",1.52436540263454e-17,5.69494433466502e-06,0.999994305055665,3
"20302",4.7586708488898e-07,0.710607737891699,0.289391786241216,2
"20305",1.34148518890828e-17,6.07660184684605e-06,0.999993923398153,3
"20307",0.998455482136974,0.00154451786286735,1.58897881297219e-13,1
"20310",0.0336828094354003,0.966295912345619,2.12782189810379e-05,2
"20313",2.44095948875813e-19,3.43804588656533e-07,0.999999656195411,3
"20315",0.99864817868633,0.00135182131355134,1.18515403875844e-13,1
"20319",0.999997865403303,2.1345966966051e-06,3.75881988026896e-18,1
"20321",0.966536244264888,0.0334637554509622,2.8414991595242e-10,1
"20327",0.0840302682938644,0.915969071320364,6.60385771250561e-07,2
"20329",2.06435144637085e-13,0.000771362389153876,0.99922863761064,3
"20335",0.997416240811417,0.00258375918378063,4.80201297849204e-12,1
"20337",1.67017083149654e-19,4.20784250867771e-07,0.999999579215749,3
"20339",8.06896499018432e-06,0.933320989012664,0.0666709420223455,2
"20341",0.992835067827544,0.00716493211807987,5.43761765641803e-11,1
"20343",0.0027240798306837,0.996910042700374,0.000365877468942141,2
"20345",1.27900304422877e-08,0.549626286046035,0.450373701163934,2
"20350",1.55103054584216e-14,0.00012296273440949,0.999877037265575,3
"20352",9.67822784691239e-20,2.13075286416802e-07,0.999999786924714,3
"20355",3.06684151282283e-20,1.59197050991596e-07,0.999999840802949,3
"20358",0.446834207616458,0.553165235938657,5.56444885330934e-07,2
"20363",0.0245555733520782,0.975432655615495,1.17710324268867e-05,2
"20365",0.999999457293521,5.42706478631e-07,1.03136521755234e-19,1
"20379",8.12579866668647e-08,0.489983604166715,0.510016314575298,3
"20387",0.99237120068635,0.00762879931125719,2.39303711932054e-12,1
"20392",0.999993359263827,6.64073617313279e-06,5.31908675886936e-17,1
"20395",0.00183251234134839,0.998119699628123,4.77880305291605e-05,2
"20397",4.9181341158009e-20,1.95941050451352e-07,0.99999980405895,3
"20410",0.990071840009696,0.00992815998799489,2.30953893432037e-12,1
"20414",9.15099676137682e-16,3.15908579128879e-05,0.999968409142086,3
"20417",0.616711217808545,0.383287721846617,1.06034483755085e-06,1
"20419",0.992144454867132,0.00785554512663668,6.23132730667743e-12,1
"20421",0.0133962317978771,0.986577866276346,2.590192577638e-05,2
"20423",6.35926977731966e-14,0.000305265107305024,0.999694734892631,3
"20425",2.73476925880759e-10,0.014753716323278,0.985246283403245,3
"20427",3.22923602378272e-05,0.994037906928791,0.00592980071097111,2
"20429",2.73948887001597e-14,0.00023138928548741,0.999768610714485,3
"20432",1.8521606094347e-14,0.00013351766126521,0.999866482338716,3
"20435",8.9665172718242e-12,0.00859113632003868,0.991408863670995,3
"20438",0.991430599077856,0.00856940091119845,1.09450443829654e-11,1
"20440",0.968632311863054,0.0313676880423523,9.45939945020896e-11,1
"20443",1.50786180841236e-15,3.8961744429276e-05,0.999961038255569,3
"20446",0.557658008522069,0.442341878857805,1.12620126472796e-07,1
"20449",9.96711882781004e-09,0.220479469336441,0.77952052069644,3
"20537",0.00111121061620529,0.998474363423983,0.000414425959811648,2
"20540",0.999999971092518,2.89074823897682e-08,3.9731035316325e-22,1
"20543",3.12219229469826e-07,0.931203619581845,0.0687960681989258,2
"20545",0.999999995441988,4.55801170174572e-09,3.96645556985531e-23,1
"20549",7.04589046985869e-06,0.947117944825955,0.0528750092835752,2
"20551",0.999999610273733,3.89726266522763e-07,1.086779418769e-20,1
"20554",0.999648871133153,0.000351128866843343,3.63871230307177e-15,1
"20556",0.998916361680578,0.00108363831905526,3.66735634683462e-13,1
"20558",0.99997478388047,2.52161195294326e-05,3.98508908088593e-17,1
"20560",0.978983456305362,0.0210165436447708,4.98669601186503e-11,1
"20563",0.994166691243403,0.00583330874687764,9.7191284531634e-12,1
"20565",0.000354495268763155,0.996975126098568,0.00267037863266893,2
"20567",4.12496454235866e-15,8.1508517327984e-05,0.999918491482668,3
"20571",0.0389297238237299,0.96105321484399,1.70613322797475e-05,2
"20573",0.989429079034774,0.010570920956658,8.5678184263863e-12,1
"20575",0.0017619707008948,0.998174238539561,6.37907595439338e-05,2
"20577",1.55524172948806e-06,0.889975474582798,0.110022970175473,2
"20579",3.6984351352196e-13,0.000894921460882414,0.999105078538748,3
"20582",0.999993759127738,6.24087226182866e-06,5.41938115212778e-18,1
"20585",0.987005841382973,0.0129941585052219,1.11805498772291e-10,1
"20588",0.999998559923048,1.44007695249232e-06,6.53921227393769e-19,1
"20590",6.59732329687045e-16,2.85374579502875e-05,0.999971462542049,3
"20592",0.948544106436759,0.0514558929052038,6.58037155042667e-10,1
"20594",0.999999704294929,2.95705071460128e-07,1.07202540334537e-20,1
"20596",0.000211322707534247,0.999076658396945,0.00071201889552108,2
"20598",0.651820419730103,0.348179573831799,6.43809832026481e-09,1
"20600",0.999949344047557,5.0655952442393e-05,7.68345569407628e-16,1
"20603",7.83376339557515e-15,0.000133253095884456,0.999866746904108,3
"20605",0.999999974498086,2.55019136890646e-08,5.48432401068232e-23,1
"20607",0.999472700408703,0.000527299591289557,7.81059733978336e-15,1
"20609",0.000825243522090104,0.999024648855129,0.000150107622780601,2
"20611",3.64216312886473e-13,0.00227613530604379,0.997723864693592,3
"20613",2.59702191461092e-13,0.00149887480308201,0.998501125196658,3
"20615",0.734889847509521,0.265110115766941,3.67235378141718e-08,1
"20617",2.32762557159733e-19,3.39836984732884e-07,0.999999660163015,3
"20619",0.990197170553934,0.00980282943350621,1.25600776567866e-11,1
"20621",0.999827575174427,0.00017242482557196,1.35656891454592e-15,1
"20623",0.00109694199518354,0.998451771319803,0.000451286685013888,2
"20625",5.53512723717269e-05,0.986661168240508,0.0132834804871202,2
"20627",1.34224679861041e-05,0.997696439212302,0.00229013831971175,2
"20629",0.518098248483028,0.481901662998814,8.85181577849582e-08,1
"20631",0.998589085883197,0.00141091411613899,6.63778417208502e-13,1
"20633",2.2781896544885e-19,3.27944944436799e-07,0.999999672055056,3
"20636",6.44636339619609e-10,0.0325454118812704,0.967454587474093,3
"20638",7.26851918122215e-06,0.937013119725417,0.0629796117554022,2
"20640",0.0705978568590362,0.929398411110386,3.73203057716839e-06,2
"20645",0.999998780093408,1.21990659142461e-06,3.86872930333949e-19,1
"20647",2.30260160513834e-20,8.40224026731986e-08,0.999999915977597,3
"20649",0.0897007781954253,0.910296196290061,3.02551451385789e-06,2
"20651",0.31737830687328,0.682621311373356,3.81753364694427e-07,2
"20656",0.999753541235162,0.000246458764750328,8.80129615907112e-14,1
"20660",1.56242926639572e-08,0.159914992646195,0.840084991729512,3
"20662",5.7287192831796e-14,0.000402196296017682,0.999597803703925,3
"20664",8.55119112720088e-17,7.98288135639442e-06,0.999992017118643,3
"20666",1.1938513637778e-14,0.0001112933405649,0.999888706659423,3
"20668",1.55459579929248e-14,0.000161774109727485,0.999838225890257,3
"20670",0.00763560036332588,0.99231625786039,4.81417762845933e-05,2
"20672",1.66081972946107e-14,0.000121794751870402,0.999878205248113,3
"20674",0.997855409093572,0.0021445909060972,3.31279108254492e-13,1
"20676",3.63451200649492e-15,9.78547386594973e-05,0.999902145261337,3
"20678",4.09976867644666e-20,2.00665342813673e-07,0.999999799334657,3
"20680",6.35214629501758e-18,2.89265859132427e-06,0.999997107341409,3
"20682",6.77022553613889e-05,0.998434574418395,0.00149772332624369,2
"20684",0.000350623397188012,0.99943999948758,0.000209377115231979,2
"20686",3.08521196099235e-19,4.76860898770831e-07,0.999999523139101,3
"20688",1.07438319873213e-19,3.29944712512447e-07,0.999999670055287,3
"20690",0.000718460287024446,0.998973222577504,0.000308317135471819,2
"20692",8.24024615851986e-20,2.31576620796046e-07,0.999999768423379,3
"20694",4.26970723080968e-12,0.00272442663858111,0.997275573357149,3
"20696",2.04996825514122e-09,0.0607076824883098,0.939292315461722,3
"20698",1.44963339922922e-09,0.0359195330878799,0.964080465462487,3
"20700",2.87777696732682e-05,0.995153347087656,0.00481787514267024,2
"20702",0.701351096553904,0.29864885620438,4.72417155073671e-08,1
"20704",0.00145057402593078,0.998501615094661,4.78108794088244e-05,2
"20706",9.21421578714515e-17,1.4725759834852e-05,0.999985274240165,3
"20708",1.15817597149338e-17,6.23305968672863e-06,0.999993766940313,3
"20710",2.39518485970489e-12,0.00205638741081474,0.99794361258679,3
"20714",1.0818294643876e-13,0.000354811264589769,0.999645188735302,3
"20716",0.0012980429022787,0.998673755063624,2.82020340977087e-05,2
"20719",0.0882120085505127,0.911786744569059,1.24688042837425e-06,2
"20721",0.978352027253879,0.0216479726946887,5.14319537376027e-11,1
"20723",1.52968318786472e-09,0.0594175645007225,0.940582433969594,3
"20725",3.77064871296995e-10,0.0523268414743928,0.947673158148542,3
"20727",1.46683818230108e-07,0.34181497825084,0.658184875065342,3
"20729",4.24461263662613e-18,4.5174985064661e-06,0.999995482501494,3
"20731",7.41509731602483e-18,7.21356847075004e-06,0.999992786431529,3
"20733",0.000962196636616746,0.998740195294913,0.000297608068470429,2
"20735",4.41169942504866e-05,0.999600716845929,0.000355166159820667,2
"20737",2.4238682912755e-14,0.000208713475607857,0.999791286524368,3
"20739",1.92257767098942e-19,3.44411698883286e-07,0.999999655588301,3
"20741",1.03068328384283e-09,0.0480035009168013,0.951996498052516,3
"20743",1.07347067767779e-17,6.40230000228886e-06,0.999993597699998,3
"20745",0.989409915265108,0.0105900846647696,7.01219358902599e-11,1
"20747",1.13580150976974e-17,8.48663261332575e-06,0.999991513367387,3
"20749",1.32873502097337e-16,2.927105194155e-05,0.999970728948058,3
"20751",8.81350639562899e-10,0.0561204701288107,0.943879528989839,3
"20753",4.51656155537085e-18,3.23789629186203e-06,0.999996762103708,3
"20755",3.43808999306068e-17,1.1001509781807e-05,0.999988998490218,3
"20757",4.5207616072444e-14,0.000296043671088266,0.999703956328866,3
"20759",0.720311089067436,0.279688903427121,7.50544311745538e-09,1
"20761",3.77192592428012e-10,0.0598923227602958,0.940107676862512,3
"20763",3.5566931333978e-12,0.00198160530455253,0.998018394691891,3
"20765",3.61071287754787e-17,7.13222649280841e-06,0.999992867773507,3
"20767",7.60848226338411e-05,0.999253869904638,0.000670045272727869,2
"20769",0.994570338077735,0.00542966190973742,1.25279971177182e-11,1
"20771",8.49723603249529e-08,0.416989390708312,0.583010524319327,3
"20773",1.15162056791817e-06,0.813339220655011,0.186659627724421,2
"20775",5.99264783521732e-11,0.0266960820363464,0.973303917903727,3
"20777",0.983579083949461,0.0164209157488634,3.01675992410489e-10,1
"20779",7.18822691707149e-09,0.186712239197874,0.813287753613899,3
"20781",0.00394305583414405,0.99552122278507,0.000535721380785628,2
"20783",1.39605110279194e-05,0.99895221462482,0.00103382486415202,2
"20785",8.79510844383933e-19,8.35275184947089e-07,0.999999164724815,3
"20787",2.12946496108122e-07,0.818780519302822,0.181219267750682,2
"20789",5.65788253089574e-15,0.000191153293350074,0.999808846706644,3
"20791",2.2218594999576e-16,2.82815232905156e-05,0.999971718476709,3
"20793",3.82534035154523e-07,0.768786622691971,0.231212994773994,2
"20795",5.68448188027066e-16,3.78460567468426e-05,0.999962153943253,3
"20797",1.19919664045899e-11,0.00137968584583061,0.998620314142177,3
"20800",1.94619052965423e-16,3.284710556675e-05,0.999967152894433,3
"20802",3.21743008747903e-13,0.001111751786681,0.998888248212997,3
"20804",4.86764010721221e-15,0.00016535609520397,0.999834643904791,3
"20806",2.74548440993881e-18,2.14214500816695e-06,0.999997857854992,3
"20808",0.00140588855108209,0.998569271326071,2.48401228466728e-05,2
"20810",2.46146175898787e-12,0.00343264542211411,0.996567354575424,3
"20812",3.719948881313e-11,0.00818227349021892,0.991817726472582,3
"20814",1.59970654301949e-17,6.17411153024485e-06,0.99999382588847,3
"20816",1.13476473256279e-07,0.467339712488586,0.532660174034941,3
"20818",1.71955905173467e-13,0.000912329373976606,0.999087670625851,3
"20820",4.30607590847198e-19,4.56470909622109e-07,0.99999954352909,3
"20822",1.19140025797158e-07,0.603071292993163,0.396928587866811,2
"20824",5.82435622109203e-14,0.000273600521848756,0.999726399478093,3
"20826",4.86869616265703e-20,1.67114741793674e-07,0.999999832885258,3
"20828",8.35855177454627e-21,5.63319157349372e-08,0.999999943668084,3
"20830",1.17363009578242e-12,0.00335741593379129,0.996642584065035,3
"20832",0.00704892101807709,0.992938580850382,1.24981315412418e-05,2
"20834",0.0355480414367607,0.964449777392313,2.1811709261441e-06,2
"20836",4.18550132659648e-19,9.7372154305204e-07,0.999999026278457,3
"20838",1.28933815432773e-16,2.30161969159416e-05,0.999976983803084,3
"20840",1.86887806945639e-14,0.000238960543291611,0.99976103945669,3
"20842",1.79928800243228e-06,0.892620801391723,0.107377399320275,2
"20844",1.45769494869218e-08,0.279579264037583,0.720420721385467,3
"20846",1.62784119719258e-07,0.353602855049058,0.646396982166823,3
"20848",2.23498853003742e-09,0.102181163164933,0.897818834600078,3
"20850",0.0698123150004123,0.930184218857202,3.46614238570903e-06,2
"20852",0.17678670131284,0.823212329339771,9.69347389548842e-07,2
"20854",3.76381769504759e-19,5.4450071247164e-07,0.999999455499287,3
"20856",0.998171101733837,0.00182889826546301,7.00239961526154e-13,1
"20858",1.28628158944477e-06,0.717436086391451,0.28256262732696,2
"20860",6.73106492198636e-12,0.00432456135275825,0.995675438640511,3
"20862",0.998102596126407,0.00189740387335973,2.33083457764726e-13,1
"20864",1.38550227543645e-12,0.00089362738278304,0.999106372615832,3
"20866",0.999912633420391,8.73665796066471e-05,2.35682164889965e-15,1
"20868",7.44257256702439e-05,0.998499474993125,0.00142609928120455,2
"20870",6.42128646428967e-10,0.0668739255800229,0.933126073777848,3
"20872",2.87726991661355e-12,0.0035106380145791,0.996489361982544,3
"20874",4.15401424263902e-19,5.28458689492616e-07,0.99999947154131,3
"20877",0.988630877327054,0.0113691226588334,1.41130320791941e-11,1
"20879",0.00170556558802934,0.998275755124254,1.8679287716621e-05,2
"20881",5.78983986964736e-14,0.000576393482650059,0.999423606517292,3
"20883",0.000369117961236217,0.998020758386989,0.00161012365177445,2
"20885",7.41127959422936e-20,3.251775006823e-07,0.999999674822499,3
"20887",0.145953388480617,0.854045357127671,1.25439171220468e-06,2
"20889",8.17742208583006e-12,0.00808892909128369,0.991911070900539,3
"20891",0.999999929348021,7.06519793418646e-08,3.06008764720245e-22,1
"20896",0.0142936707136107,0.985695822689833,1.05065965564501e-05,2
"20898",5.79124813179998e-14,0.000613222965769901,0.999386777034172,3
"20900",0.000363800579863553,0.989347994305393,0.0102882051147436,2
"20902",0.0343015785601141,0.965693385798671,5.035641215249e-06,2
"20904",1.25868778511287e-07,0.277762403557169,0.722237470574052,3
"20906",0.9999666521495,3.33478504997551e-05,1.05535279167817e-16,1
"20908",3.12566416873534e-16,1.77262763203411e-05,0.999982273723679,3
"20910",0.0549326676815892,0.94506688898801,4.43330400430398e-07,2
"20912",2.06309962309771e-05,0.904515690763601,0.0954636782401675,2
"20914",0.999999912471856,8.75281442969337e-08,1.18730032153376e-21,1
"20968",1.89364165286276e-14,0.000109675177665733,0.999890324822315,3
"20970",0.307681468504278,0.692318040919113,4.905766087289e-07,2
"20981",0.0109028983143801,0.98908020493816,1.68967474602112e-05,2
"20983",2.22766300477913e-19,4.03360729851621e-07,0.99999959663927,3
"20988",0.987289557483083,0.0127104424823234,3.45940039068267e-11,1
"20995",2.4246337938636e-20,1.47822630077709e-07,0.99999985217737,3
"21017",8.29965909814138e-06,0.968728073218262,0.0312636271226401,2
"21038",0.924071601650597,0.075928398059329,2.90074145702115e-10,1
"21072",0.999969847371747,3.0152628252672e-05,3.52539495365083e-16,1
"21075",0.999991867082755,8.13291724537589e-06,6.60227963061536e-18,1
"21223",6.46969953099376e-11,0.0394839437878891,0.960516056147414,3
"21225",0.949241885184898,0.0507581062654638,8.5496378299931e-09,1
"21230",3.56930045251941e-20,1.55548724986908e-07,0.999999844451275,3
"21236",1.46800606143263e-06,0.871760124928162,0.128238407065777,2
"21238",0.00664718854976701,0.99329097084773,6.18406025033881e-05,2
"21241",0.82258654759581,0.177413430208108,2.21960817089087e-08,1
"21246",0.99999415055923,5.84944077042665e-06,1.13754327041793e-18,1
"21253",2.79585854633928e-17,4.58437105143485e-06,0.999995415628949,3
"21256",1.62910420170231e-19,4.44812997048712e-07,0.999999555187003,3
"21260",0.223716741576965,0.776278948401205,4.31002182986236e-06,2
"21266",0.088556237634741,0.911443095663184,6.66702074868131e-07,2
"21332",0.992620790338778,0.0073792096578622,3.3595821876639e-12,1
"21334",1.02911735516916e-09,0.0716127053422251,0.928387293628658,3
"21375",1.27823519251673e-13,0.000372626118222902,0.999627373881649,3
"21378",0.816863438427248,0.183136536247551,2.53252012199813e-08,1
"21381",0.997144347257721,0.00285565274105312,1.22566056313615e-12,1
"21389",3.14578365641014e-13,0.00177306434848859,0.998226935651197,3
"21391",4.39279756883443e-05,0.997704321178992,0.00225175084531965,2
"21402",0.844640376528702,0.155359622596362,8.74936279975385e-10,1
"21404",0.608482598099357,0.391517333352475,6.85481681067481e-08,1
"21409",0.228427875958803,0.771572092349787,3.16914100098276e-08,2
"21413",0.858786596834186,0.141213402691114,4.74700261971566e-10,1
"21423",0.0154173934353393,0.984554253773231,2.835279142944e-05,2
"21425",0.988243364512527,0.0117566354631199,2.4352523582154e-11,1
"21430",0.999959101820107,4.08981798908668e-05,1.48991036130852e-15,1
"21432",0.105529279709061,0.894470334968204,3.85322734483026e-07,2
"21438",1.01989298866684e-06,0.783520470502506,0.216478509604505,2
"21440",0.000812824546162802,0.999132275665391,5.4899788445924e-05,2
"21443",2.44472030589918e-14,0.000416722932073906,0.999583277067902,3
"21445",0.999999472148342,5.27851658160942e-07,3.57835550348025e-19,1
"21447",0.958283507138395,0.0417164923661239,4.95481290760026e-10,1
"21449",0.999975581539342,2.44184606577911e-05,3.43327855202567e-17,1
"21451",0.999975581539342,2.44184606577911e-05,3.43327855202567e-17,1
"21455",0.999999817442443,1.82557556676267e-07,5.392581896635e-22,1
"21469",0.997574971655946,0.00242502833967999,4.37385527803091e-12,1
"21471",0.99999860703346,1.39296653999893e-06,1.40457267284105e-18,1
"21473",0.000314010330921668,0.997933607295064,0.00175238237401481,2
"21476",0.657598341953834,0.342401640208938,1.78372284064121e-08,1
"21478",3.6269839651931e-15,7.19994134029803e-05,0.999928000586593,3
"21481",2.59285373919047e-14,0.000159699388589872,0.999840300611384,3
"21490",0.0034748176483513,0.996371555564919,0.000153626786730202,2
"21493",0.999940185994029,5.98140059690585e-05,1.51406057393884e-15,1
"21495",0.377322318094342,0.622677640114894,4.17907635443888e-08,2
"21500",9.03634663185022e-05,0.999169996845654,0.000739639688027371,2
"21504",1.71292869573538e-08,0.380720232050716,0.619279750819997,3
"21507",0.999999999675578,3.24421990181442e-10,2.19088674496476e-26,1
"21512",0.88499786881908,0.115002130052794,1.12812576722497e-09,1
"21519",0.989926083777915,0.0100739162007753,2.13098136072119e-11,1
"21522",2.81001645834117e-07,0.500386005960549,0.499613713037805,2
"21524",0.953739159030685,0.0462608407523269,2.16987778576041e-10,1
"21528",0.989793498975335,0.0102065010196869,4.97827605212467e-12,1
"21532",0.00142078671449713,0.99850202807044,7.71852150630364e-05,2
"21543",0.000267363146633684,0.999091528376927,0.000641108476439203,2
"21546",0.402027644234547,0.597972146222764,2.09542689611035e-07,2
"21550",0.999994942728955,5.05727104525932e-06,5.16726084057212e-18,1
"21554",0.923864346291237,0.0761356516795037,2.02925920780056e-09,1
"21557",0.999102830792678,0.000897169206922479,3.99543843940597e-13,1
"21560",0.999976515406081,2.34845939182768e-05,1.28766521224362e-16,1
"21564",0.148116817621643,0.851883074036897,1.08341459818007e-07,2
"21566",0.998528641100669,0.00147135889905865,2.72235136228249e-13,1
"21569",1.82801271314978e-06,0.801347542489803,0.198650629497484,2
"21574",3.20017270869892e-07,0.397306155670364,0.602693524312365,3
"21576",4.82058630259087e-17,8.56449166247275e-06,0.999991435508337,3
"21578",6.02040231924649e-16,4.11282261971603e-05,0.999958871773802,3
"21580",2.02128155645285e-08,0.489230518892324,0.51076946089486,3
"21583",0.0653537242500413,0.934646163460613,1.12289345123452e-07,2
"21585",1.78837002166265e-12,0.00166309967248987,0.998336900325722,3
"21587",5.380158475657e-14,0.000531101789110013,0.999468898210836,3
"21589",4.49583803744605e-05,0.99081087129613,0.00914417032349527,2
"21593",1.3169645500944e-18,8.27822682992643e-07,0.999999172177317,3
"21595",5.3791889468016e-05,0.98838845638337,0.0115577517271618,2
"21597",0.822042385188096,0.177957614726456,8.54478282310021e-11,1
"21599",5.02107750259242e-15,0.000137779424266477,0.999862220575729,3
"21601",0.0296830473662324,0.970301881638863,1.50709949049657e-05,2
"21603",2.59784072055219e-17,7.37109717043137e-06,0.99999262890283,3
"21605",1.55411025367863e-16,1.55988233989845e-05,0.999984401176601,3
"21607",3.73463955759318e-10,0.0470686981971727,0.952931301429363,3
"21610",2.48461842621199e-15,0.000116998490961697,0.999883001509036,3
"21612",2.46067314195209e-17,9.28348884156251e-06,0.999990716511158,3
"21614",9.29230862142486e-06,0.980307557396082,0.0196831502952963,2
"21616",1.80025590835832e-05,0.98614335980067,0.013838637640246,2
"21618",0.00195749315653018,0.998025560950683,1.69458927872687e-05,2
"21620",9.70280786844606e-16,9.3720553300345e-05,0.999906279446699,3
"21622",0.999997468295833,2.5317041670953e-06,4.90076226756696e-18,1
"21624",7.8251308613852e-12,0.00579825606178956,0.994201743930385,3
"21626",4.26933826088197e-10,0.0254704839751272,0.974529515597939,3
"21628",0.136891241333313,0.863107038052075,1.72061461231605e-06,2
"21630",9.6037882690089e-06,0.981202816947927,0.0187875792638037,2
"21632",1.57012837361646e-06,0.955267817747677,0.0447306121239497,2
"21634",0.0117817217711833,0.988216820589542,1.45763927440854e-06,2
"21636",1.85166208813156e-10,0.0181277486206328,0.981872251194201,3
"21638",1.10047589003603e-14,9.70492703367815e-05,0.999902950729652,3
"21640",2.91950995748253e-15,9.93211603089057e-05,0.999900678839688,3
"21642",5.65758803172366e-17,7.63693256696009e-06,0.999992363067433,3
"21644",6.16949619414099e-10,0.0110868821700004,0.98891311721305,3
"21647",2.53086290786486e-17,7.76902570409638e-06,0.999992230974296,3
"21649",7.21275408415857e-09,0.312333957091596,0.68766603569565,3
"21651",0.000298659310457557,0.998803497855283,0.000897842834259377,2
"21653",1.32246053874027e-15,3.47891352994005e-05,0.999965210864699,3
"21655",4.54955208237258e-19,5.61552240792972e-07,0.999999438447759,3
"21657",9.37181875063807e-14,0.00100774017453417,0.998992259825372,3
"21659",4.96800786380296e-19,9.96718495705532e-07,0.999999003281504,3
"21661",1.69191514947112e-16,3.67512831537753e-05,0.999963248716846,3
"21663",8.32194078787826e-19,1.81081549209009e-06,0.999998189184508,3
"21665",1.21015966061604e-06,0.854445944286679,0.14555284555366,2
"21667",1.12662152626575e-10,0.0260087741559652,0.973991225731373,3
"21670",2.26426937743469e-07,0.958554755992977,0.0414450175800853,2
"21672",4.29770805360447e-08,0.534794054649918,0.465205902373002,2
"21674",0.986753876456159,0.0132461235338206,1.00203737789626e-11,1
"21676",0.0026515955452545,0.997169331192636,0.000179073262109339,2
"21678",0.0055178822004863,0.994031746677539,0.000450371121974547,2
"21680",1.00927401355172e-09,0.0585207465458041,0.941479252444922,3
"21685",8.82121140496503e-10,0.0932210981584238,0.906778900959455,3
"21687",0.000100159883371264,0.997668297557343,0.0022315425592857,2
"21690",0.0056986894948959,0.994248744683732,5.25658213724122e-05,2
"21707",0.84502455177329,0.154975447348361,8.78348300957476e-10,1
"21710",0.999728116216325,0.000271883783620697,5.48571195784053e-14,1
"21713",0.797352869274385,0.20264712119482,9.53079503756437e-09,1
"21718",0.99918877568695,0.000811224312898144,1.51488961506189e-13,1
"21721",0.00349343446197754,0.995880764346464,0.0006258011915585,2
"21723",0.999998110870783,1.88912921659816e-06,2.12973226212905e-19,1
"21726",0.99999990237976,9.76202403043102e-08,4.22050538246082e-22,1
"21729",1.88831005337571e-13,0.000380608840972139,0.999619391158839,3
"21733",3.22176882344603e-10,0.0184412737447993,0.981558725933024,3
"21735",0.99987162305586,0.000128376944104245,3.60521371130382e-14,1
"21739",0.00217917614136825,0.99780757743517,1.32464234614302e-05,2
"21741",0.00535237074882991,0.994644979634397,2.64961677308456e-06,2
"21744",0.000789128310208911,0.999012422983643,0.000198448706147989,2
"21746",0.999999951026086,4.89739143916991e-08,1.0384618478223e-22,1
"21748",0.999999825683882,1.74316117645218e-07,2.86481335827541e-21,1
"21750",1.85166441245074e-09,0.105695290158193,0.894304707990142,3
"21752",0.00221878313480355,0.99776914128286,1.20755823361934e-05,2
"21755",6.05314387422567e-05,0.996563290034822,0.00337617852643518,2
"21757",3.13709515573037e-13,0.000937690593619822,0.999062309406066,3
"21760",2.30370516316408e-21,4.0479443360412e-08,0.999999959520557,3
"21762",0.000626462437830917,0.999048414395125,0.000325123167044047,2
"21764",1.91870990918967e-16,1.29799840587005e-05,0.999987020015941,3
"21766",0.00288249502143748,0.997053491969518,6.40130090450436e-05,2
"21768",0.0737834098738462,0.926214851654157,1.73847199705367e-06,2
"21770",0.00493282994589274,0.995061009267699,6.16078640842815e-06,2
"21773",0.999997730709564,2.26929043563769e-06,2.64529592193316e-18,1
"21775",7.72852561177206e-12,0.0103742786305562,0.989625721361715,3
"21777",2.75113518953186e-13,0.00109473407957886,0.998905265920146,3
"21779",0.997699847420044,0.0023001525779957,1.9598738532957e-12,1
"21781",0.787475227997488,0.21252477025711,1.74540176799465e-09,1
"21784",0.999972424193551,2.75758064483314e-05,3.75858014229181e-16,1
"21786",0.893647258553499,0.106352739410145,2.03635678282084e-09,1
"21789",0.000516060575039236,0.998858924113882,0.000625015311078293,2
"21791",0.999999662928255,3.37071745021072e-07,2.02549849542219e-20,1
"21794",0.00316751451521829,0.996769476119247,6.30093655349697e-05,2
"21797",0.977414385645355,0.0225856142656613,8.89831204581995e-11,1
"21800",0.948545630971374,0.0514543652016456,3.82698058748013e-09,1
"21802",0.0284562678762776,0.971538023360362,5.70876336050433e-06,2
"21804",0.252063522721378,0.747907659933239,2.88173453838246e-05,2
"21806",0.00770184324489857,0.992146431610049,0.000151725145052088,2
"21808",1.23717221209428e-14,0.000155258273912561,0.999844741726075,3
"21811",0.993697270339863,0.00630272965261131,7.52573181933787e-12,1
"21815",0.0886431472552322,0.9113564974236,3.55321167818614e-07,2
"21817",0.95624689356502,0.043753105380856,1.05412411263048e-09,1
"21820",4.0118405886737e-05,0.991157867930122,0.0088020136639918,2
"21822",3.07130062736311e-10,0.0204562231306865,0.979543776562183,3
"21824",1.98533752458666e-05,0.958872034895602,0.0411081117291523,2
"21826",0.999229386121488,0.000770613878499397,1.23724824592372e-14,1
"21828",0.999910332519766,8.96674802339621e-05,2.02571030332839e-16,1
"21830",3.26985178721902e-07,0.773988573625449,0.226011099389372,2
"21833",0.63207925988199,0.367920721893555,1.82244558320914e-08,1
"21835",0.63207925988199,0.367920721893555,1.82244558320914e-08,1
