"","V1","V2","V3","V4","V5","V6","V7","V8","V9","result$classification"
"19811",1.67845526211528e-05,0.000414376043663186,0.9491353627776,3.05630638483335e-07,6.35280332608557e-10,0.000408116905127904,0.0022169187833977,2.51002766537262e-09,0.0478081321616435,3
"19813",5.19785605629066e-08,8.39766462543654e-07,5.9167846925769e-06,7.6870479782621e-09,2.74530565192273e-12,1.23334760130146e-08,5.55037045915741e-07,1.57287467425725e-08,0.999992600681222,9
"19815",0.00118373946489709,0.00719677162428249,0.959737065003531,0.000113128597388881,3.842294488864e-05,5.10013113622564e-06,0.0317247555457678,2.55403215961258e-09,1.0141340752797e-06,3
"19817",6.88970086447243e-05,0.00345761811501942,0.992106171558609,2.07345270837748e-06,2.92129490240483e-07,0.000327066903489464,0.00403371537980768,1.81413852640535e-10,4.16527081760289e-06,3
"19819",6.83919868501841e-05,0.0645197387499349,2.14413713089896e-06,0.275148243935719,0.655805547852437,6.24577447732591e-08,9.8829233226167e-06,0.00444598792577364,3.1086887265931e-11,5
"19821",6.08616487461815e-07,0.00487239840697991,0.966349941989139,3.24978345384366e-05,7.39623561451664e-09,0.0136185973892685,0.000493945766134248,9.09135795851604e-08,0.0146319116876374,3
"19823",0.560193928553969,0.00189219672067981,0.436121539371894,5.6531601789378e-06,0.00133519877423079,5.17020974962803e-05,0.000398986226973884,8.26848427502777e-09,7.86826093144695e-07,1
"19825",3.77825826725462e-06,0.00647150279756832,0.000407742199503712,0.0102752017424222,5.62209386749859e-05,0.554793336031693,0.00224404964783752,0.424327916202024,0.00142025218200866,6
"19827",0.000163463676297924,0.00402834550407269,0.627179282785581,4.2292623168014e-06,4.437488316154e-06,0.368572158866569,4.77996876523958e-05,5.97154622616031e-08,2.23013732197648e-07,3
"19829",6.48572081681825e-08,0.909458788598062,0.000224704956158493,0.0844602558967695,9.53072680593214e-05,0.0035108579750578,0.00011307734684633,0.00213611879581854,8.24306020289823e-07,2
"19831",0.00311330052236436,0.810960992652948,1.55037011879461e-05,0.0832531653264877,0.0868125919210979,8.73443272383845e-08,3.81533160664397e-05,0.015806052992651,1.52222869875773e-07,2
"19833",0.876697185170991,5.91350541541536e-07,1.4815657534372e-07,1.36112900991516e-06,0.119859286781471,1.15212804514198e-05,0.00144750454662262,0.00198182132531059,5.80259026702958e-07,1
"19835",6.08616487461815e-07,0.00487239840697991,0.966349941989139,3.24978345384366e-05,7.39623561451664e-09,0.0136185973892685,0.000493945766134248,9.09135795851604e-08,0.0146319116876374,3
"19837",1.23126267470016e-05,0.0238504822103483,0.955652132058344,1.16038100537554e-05,3.92041036251596e-07,0.0204010930070388,7.00980163061138e-05,6.98110592413812e-09,1.87924902022265e-06,3
"19839",3.18051185783891e-07,0.417847492488894,0.000462143873369187,0.0334269041513955,3.81950124514771e-06,0.0103075516522003,0.000710548095996679,0.536826088739664,0.000415133446049139,8
"19841",9.85371891681496e-10,1.68472570062094e-06,4.1690606539791e-06,1.75203596596956e-07,1.20649408358019e-09,0.999778659957236,2.26256210891007e-08,0.000200093434189314,1.51928011357249e-05,6
"19843",4.13659261380328e-07,0.0232034801893929,1.72391735400765e-06,0.538996527503993,1.65933011930163e-05,4.88176969461872e-09,0.00287800369130964,0.425643924609238,0.0092593282464878,4
"19845",1.13884741917749e-05,7.43453288552619e-06,0.0366607700405567,2.76661451659221e-08,1.03964862396087e-10,3.51870130011513e-06,0.000125981799120669,4.83191405361214e-10,0.963190878198644,9
"19847",0.000617451217916334,0.0466039968529919,0.906777408572547,0.00039860922705868,2.65826846525548e-06,6.60990098578163e-06,0.0373727182066936,1.88901981701027e-07,0.00822035885135992,3
"19849",5.47393977019216e-08,7.35929527710473e-08,1.80199330612754e-05,5.97684738774131e-10,4.94769474511395e-13,2.96646169024923e-08,1.10540256028033e-07,1.45794715220257e-09,0.999981709473589,9
"19851",0.000229392456756536,0.000494203634117476,0.998120130551807,7.40190093978337e-07,1.67018039173319e-07,1.25754262050161e-05,0.0011309194765624,4.13348452474677e-11,1.18712050837851e-05,3
"19853",0.0747169139597378,9.81643921710602e-06,0.912219645325775,3.48784512423606e-09,7.96750853395727e-08,0.000159555156628441,0.000126280794827062,3.79898918476695e-11,0.0127677051228942,3
"19855",0.000351041929407858,0.000226890744120472,0.996624222208921,1.858652684664e-08,1.31331428943611e-08,0.00187648984224049,0.000182574068825891,2.11011219816884e-11,0.000738749465713633,3
"19857",3.79686123078487e-06,0.291754577579284,0.665475977508999,0.000182241923150216,4.70825760753427e-08,0.0140416712726201,0.0107962238329696,5.93809899973097e-07,0.0177448701292698,3
"19859",0.000462886527594066,0.0491485290437226,0.936918511964552,1.46978112233484e-05,4.24506138372633e-06,0.00981440649471742,0.00362784791038377,2.95877266360911e-08,8.8455986966961e-06,3
"19861",0.000128876469750096,0.00033173666493599,0.83779471929779,3.84985237464668e-07,2.45091011189386e-09,1.38865536930031e-05,0.000770477262469641,1.17241501705694e-09,0.160959915142798,3
"19863",2.43557706860859e-08,4.29445795588844e-08,1.16466350995733e-05,4.6339696678828e-10,1.64012582646353e-12,0.00549241588044679,3.35338200817048e-07,2.38838260461697e-06,0.994493145998261,9
"19865",9.91061290640794e-09,4.51181241493353e-06,0.00130733883614917,2.01980086797393e-08,6.22030955274126e-10,0.99868506643397,2.6053696259766e-06,2.18178229521302e-08,4.24999364853597e-07,6
"19867",0.000248555151877405,0.00247193426235964,0.974629754001351,6.02263396631828e-05,3.9393589458732e-07,8.75689884987849e-07,0.0155304633618726,6.50662359977977e-09,0.00705779075047291,3
"19869",3.5470290061548e-07,6.56482229575553e-07,0.00348484046980805,6.28934770096797e-10,1.16029964001007e-12,1.30783240437048e-05,8.36750576730235e-07,1.80016579195113e-10,0.99650023246033,9
"19871",0.000122550475263239,0.150980176562603,0.812649084442629,4.36691537834503e-05,7.64299940608246e-06,0.0352765250698349,0.000919123789806932,2.57302179668567e-08,1.20177645510132e-06,3
"19874",2.99371445214786e-05,8.61318089598887e-05,0.204126734714974,1.08010940314321e-07,1.15265637240336e-07,0.795296840506558,0.000457878039232172,1.26671581793567e-08,2.24184201918478e-06,6
"19876",5.92667146590332e-06,4.83195673998795e-05,0.824082034719993,9.2646090906434e-09,6.73046319004965e-10,0.175627440478523,1.76126542641517e-05,1.85546193986379e-10,0.000218655785153031,3
"19878",6.26149420432239e-07,5.32583267201581e-05,0.000140170971134302,0.00208907199803072,1.377225564997e-05,7.05573894738405e-07,0.997668669197558,3.24898429093996e-05,1.23568468244804e-06,7
"19880",3.26517933650093e-08,3.83637191598914e-07,0.000968294993496457,2.17435785827887e-10,3.06735904956494e-11,0.999025813209921,5.78018588226123e-08,1.57035113796858e-09,5.41588727834721e-06,6
"19882",0.000146034081988787,5.7438628299193e-05,0.692202902956806,4.58401000385791e-07,6.66610331414457e-09,0.000557874101510197,0.0120449817485463,5.48640089209454e-09,0.294990297929345,3
"19885",4.60303248184747e-06,0.114570780692978,0.876177937676669,0.000248891022719635,6.21537832106278e-07,0.000302703552799012,0.00868820621685639,9.20480937483284e-09,6.24706285448415e-06,3
"19907",5.65126012430432e-05,0.00053680024577393,0.899757337490541,1.62631892601224e-05,5.26106379689769e-08,6.06815337142705e-06,0.0162142277476614,2.83296174396479e-09,0.0834127351285492,3
"19909",1.81781007312662e-07,0.968231287667864,0.000493253665251336,0.0312084666682767,3.10361322728533e-06,3.8588095548694e-07,7.06157556252773e-06,3.41940811928392e-05,2.20650666623206e-05,2
"19911",7.1207079780394e-06,0.98431183991002,0.00114112313225117,0.00983152343825199,5.95051402579419e-05,0.00290241154434269,6.98562411993012e-05,0.00167491934925365,1.70053644516743e-06,2
"19913",9.5220320723473e-09,1.66840770430638e-07,5.30345063893145e-06,1.25567783172035e-09,6.96085699149814e-10,0.999993815503515,1.15679273360056e-08,6.05264331910297e-07,8.58990207256461e-08,6
"19915",2.57603653214978e-05,0.000168564651053982,0.670476825490538,1.174569488699e-07,8.46302899441979e-08,0.329189185872238,0.000138359606264871,8.99473673473303e-10,1.10102787073156e-06,3
"19917",9.5055784473491e-07,0.000173051749697724,0.00692120961854926,2.28647937761941e-07,2.07392215967938e-08,0.992876659910469,2.63909572353182e-05,6.23180774408202e-07,8.64638270190335e-07,6
"19919",6.63464694245991e-05,0.00428004124990482,0.862775221197104,3.9333475773245e-06,1.47483199786271e-06,0.127740132729318,0.00513209721174975,1.32156804555723e-08,7.39747242623623e-07,3
"19921",9.32856448926125e-05,0.00206510682969955,0.990370100937437,7.17501403828123e-06,1.14180940575334e-07,3.27897347324016e-06,0.00726514948569945,3.09206112561911e-10,0.000195788624613331,3
"19923",0.00032899557438393,0.00024216735263165,0.00480138012588312,0.000411876701907329,6.31194796881923e-05,2.50920375124451e-08,0.994147232894499,3.41846670558964e-07,4.8609322982049e-06,7
"19925",2.39945012480853e-06,5.47832503504393e-05,0.0501096891870794,8.69535056980981e-08,3.07049015261255e-08,0.94974496122538,8.7703878310886e-05,1.00169743976719e-08,3.35333373238745e-07,6
"19927",0.000112953999107416,0.00133144808572236,0.998193317058053,4.80326257966001e-07,7.54782016211226e-08,6.95880776566529e-05,0.0002764731328714,4.43285257596391e-11,1.56637978012352e-05,3
"19929",3.90313318746411e-08,3.03156625097929e-07,9.50046399692878e-05,8.36879032371948e-10,3.59307726693954e-12,0.576936599530022,8.67315213704106e-08,4.82080059900525e-06,0.42296314526946,6
"19931",0.000140745048127397,0.00706544454023475,0.991398081007139,1.49020162504113e-05,2.63571444816577e-06,0.000378754576077148,0.000999017583448294,3.57055810346049e-09,4.15943716157322e-07,3
"19933",8.02498209845417e-06,0.905779216184144,0.0594863056227906,0.0342018378075601,0.000235003500656191,0.000165903105570217,0.000116299533941073,7.3250186002538e-06,8.42446390552445e-08,2
"19935",1.65409096106101e-06,0.183792175589392,0.78233175700254,0.0105816845188748,6.58569976627162e-07,0.000754411330395816,0.0218877602458545,8.08782154756937e-06,0.000641810830456789,3
"19937",0.00108375043151407,0.0023098129744348,0.992801077277638,9.2805901177527e-06,6.2251121059055e-06,5.52449677421454e-06,0.00378289047947325,1.72759884119639e-10,1.43846518193126e-06,3
"19939",3.79386488997083e-05,0.00125796136888691,0.701019151234193,3.65903710046516e-05,4.37455378194097e-06,0.00073182478810207,0.296909137068836,2.30022844426989e-09,3.01966606700571e-06,3
"19941",7.56848878276088e-07,0.848123551862942,0.000951586812937855,0.0249052593294091,7.45841968151112e-06,0.0181566908900393,5.91519041878858e-06,0.107784748993288,6.4031652404476e-05,2
"19943",1.50326779342902e-07,1.75691341589397e-06,0.000361294582155154,3.55418833258407e-09,6.5583301922071e-09,0.99963623436764,5.1687353052919e-07,1.04141305537206e-08,2.64098299168992e-08,6
"19945",2.805732004966e-05,0.909948635912957,0.0127023940781566,0.0730880421220983,0.000665558773637314,6.50039984405825e-06,0.00350382429779601,5.69511872884228e-05,3.59081728462316e-08,2
"19947",9.83307313508743e-06,0.441703866854383,0.00282768448779974,0.00171845502434649,1.26153298761842e-05,0.540111796541438,0.000162359087071022,0.002460278954004,0.0109931106479459,6
"19949",8.97930152680971e-05,0.00300524720603592,0.0172942818024005,0.0128604434721711,0.000897037379551212,2.47506457282417e-07,0.965851594348549,1.19661057983731e-06,1.58658987405158e-07,7
"19951",7.75029159669519e-06,0.00132200085990438,0.208896052178535,4.18196450287342e-05,1.5337440772036e-06,0.735314196618451,0.0544089051216336,3.31430499648161e-06,4.42723577693778e-06,6
"19953",0.0387434330114539,0.0342573478798105,0.000156406357604618,0.0687581627799742,0.856744605667363,8.40281697824674e-09,0.00121662967861386,0.000123396123272454,1.00990904198221e-08,5
"19955",0.00144405825598416,0.512121754727594,0.000235643680589973,0.140733304599212,0.0203204020472558,6.30735500852192e-07,0.315846262509794,0.00929391433680316,4.02910726566449e-06,2
"19957",0.00524814689705591,0.0336178438290698,0.0444191191775713,3.90141566999277e-06,4.96372844982293e-05,0.916484876975276,0.000165213768669429,2.91817433892909e-06,8.34247785068105e-06,6
"19960",1.23105027885117e-07,0.680192982987584,0.000233997289964403,0.314590492031592,8.27681328960676e-05,0.000129260141237901,0.00333972733402275,0.00141121549667806,1.94334809961781e-05,2
"19963",0.0973589817489553,7.5155256401491e-05,9.7952738585726e-05,2.66015456742527e-06,0.00258957563115387,0.853701771394454,1.70295291013885e-06,0.0461623390823841,9.86104058818347e-06,6
"19965",8.5613482788757e-07,0.0532303574419458,1.13395934611072e-05,0.819339473993996,0.000228562190888251,3.32777573834122e-09,0.118478747883866,0.0086913636884636,1.9295744776114e-05,4
"19968",2.14526867350206e-09,0.00178673407993454,0.00937479025290376,4.21528644020757e-05,2.34753202877154e-10,0.747910572446636,3.17903119730094e-05,0.000138266182525249,0.240715691481604,6
"19971",1.20732858623188e-05,4.3997299279908e-05,2.02930528209071e-06,2.10526126091794e-05,0.000875990150527607,0.989449908471772,7.94264995949043e-06,0.0095869517337704,5.4490937087286e-08,6
"19973",2.50144958388582e-06,0.00168968187233077,0.99577069422283,1.35991606201956e-06,8.51496351235308e-09,0.00197160925123531,0.000541744502841969,4.57558457458235e-10,2.23998125936022e-05,3
"19975",3.00629149713311e-08,0.000154529433514868,0.0192481457041438,2.45956920981873e-07,7.65325288381363e-10,0.9805514357812,3.21997891915041e-05,8.43505413964057e-08,1.33281562475684e-05,6
"19977",1.9574576154863e-05,1.10220754654105e-05,0.000194998592075895,8.81920854994526e-07,1.76550493154232e-06,0.998647460350509,0.000552179047972967,0.000542936969615632,2.91809624195011e-05,6
"19979",6.24253357927922e-09,0.0641108748330275,1.0198730651913e-07,0.899270617951182,0.00338324106357872,2.29049884687144e-07,3.49938074205369e-06,0.0332314294392131,5.2531614469824e-11,4
"19981",3.89304625124311e-05,0.621446397743703,0.377114516401523,0.000156116005745146,4.03368878639105e-07,0.00012700688578855,0.000658536181853851,7.72481115558324e-08,0.000458015701883569,2
"19983",9.43562636769386e-05,0.277435363999455,0.326725706350419,0.00148121685390118,6.71441937475461e-06,1.11636402215556e-05,0.393805644609035,6.56592994966425e-08,0.000439768204617014,7
"19985",3.37282170441943e-06,4.34440816552943e-05,0.201677174516748,1.38581583792848e-08,2.10342970021694e-09,0.798154255221295,0.000100679873928911,1.1633344574053e-09,2.10563597452149e-05,6
"19987",1.24502816522689e-05,0.432811363350755,0.544076213062948,0.00120337383298145,1.12535498350526e-05,0.0216859650496162,0.000196256828084206,1.27450570839554e-06,1.84953841917508e-06,3
"19989",3.24413816427823e-07,0.0212958430091261,1.01022288823097e-06,0.965877862475188,0.0120575814943214,2.59035012643153e-10,3.95047121746595e-05,0.000727873342037898,7.14122063729376e-11,4
"19993",2.56888860713904e-06,0.0501369770748919,0.165484780064181,0.0656463802042373,0.000485804593793791,0.0115376020612441,0.706680500954934,2.51205594255769e-05,2.65598684501528e-07,7
"19995",5.13870046381943e-06,0.624701346150145,0.110455222010488,0.214395264118885,0.000156558839355804,0.00382987183676793,0.0458270010896344,0.000626189007025515,3.40824723483352e-06,2
"19997",4.00801212632006e-05,0.000437047232543927,0.995588564757016,2.34243904070287e-07,2.05442715772423e-08,0.00355710224892203,0.000358346671023777,9.45918207107426e-10,1.86032351375847e-05,3
"19999",6.53252352735759e-06,0.000153428480323569,0.977574923579743,1.57724741475088e-08,4.49949858902497e-10,0.0215318769718036,4.24071330307739e-05,9.0650386611527e-11,0.000690814998497586,3
"20002",2.17281303478133e-06,3.83874554385001e-05,0.000249743895276406,5.35545381364456e-06,2.89397868337646e-08,0.471043223507374,3.66002625342793e-07,0.0609558452571487,0.467704876675502,6
"20004",6.96339763226488e-07,0.963679761788625,0.0139612044422569,0.021270793184182,3.34920277227835e-06,0.000728668528860416,7.37670804538037e-06,0.000289763292635796,5.83865128591292e-05,2
"20006",7.39978067298477e-05,0.53595240375315,0.00105158850869217,0.0802441199666443,0.000533872885551577,0.000305769321069797,0.375452003756131,0.00540249707099795,0.000983746931033061,2
"20008",5.21448068490676e-05,0.00281269177315665,0.000827589421999016,0.0795368170853659,0.000807708137070225,2.37022577236372e-05,0.870423836403144,0.0455018836441235,1.36264705682331e-05,7
"20010",0.000137784951495725,0.221053629532089,0.00307845595240648,0.319941318820159,0.0451375560873738,8.5620191085262e-07,0.410585382059504,6.50138403564459e-05,2.55470482399658e-09,7
"20012",4.26797037558263e-07,6.63124131286087e-05,0.182569992820486,1.00289680681621e-06,3.41488893187383e-09,0.806424902787137,0.00222000234881372,7.73247002681148e-08,0.0087172791970012,6
"20015",9.89608172107562e-11,0.00762552236136822,4.21551070495869e-07,0.988576246978489,4.4894713034482e-06,2.4051069457629e-09,0.000697827965795875,0.00309540663946922,8.25284357662682e-08,4
"20017",8.9484014652469e-06,0.000957655261977307,0.986747163923713,8.42277030554075e-08,1.05834196983269e-09,0.00992523608538654,6.97537944070861e-05,2.20296416716405e-10,0.0022911570267095,3
"20019",6.95216762928176e-09,0.00201599448671218,2.81274821236863e-09,0.967180770117431,0.0119528956201535,2.88218093501822e-10,7.86543402357749e-05,0.0187716753778608,4.47301034953465e-12,4
"20022",2.37939361979558e-06,0.795089602624904,0.000336876744211228,0.199405966681209,0.00160695656318691,2.06749819841836e-07,0.0035247812871821,3.3227566396456e-05,2.38947079694549e-09,2
"20024",0.000248525667985401,0.00645637538273605,2.14788056221166e-07,0.184242569446431,0.791222124801419,3.63566027912657e-09,8.93010751435074e-05,0.0177408783766637,6.82590428902058e-09,5
"20026",0.000248525667985401,0.00645637538273605,2.14788056221166e-07,0.184242569446431,0.791222124801419,3.63566027912657e-09,8.93010751435074e-05,0.0177408783766637,6.82590428902058e-09,5
"20028",2.48487036575339e-05,9.88729921485234e-05,0.941971469868316,2.27728126069967e-08,3.32785545077396e-09,0.0578286534278121,1.34057897621109e-05,5.17078093977075e-10,6.27226005570253e-05,3
"20030",4.32780743628126e-09,0.370132571962771,1.81365704513297e-05,0.4925483094164,1.56331211389478e-05,4.98798845493755e-05,5.1999501428034e-06,0.137228037058797,2.22770794197953e-06,4
"20033",5.85193964130446e-06,0.0218088843705426,0.802151483699274,1.43156930748448e-05,2.51040838385822e-07,0.17582799897205,0.000172312092053235,3.99548885325673e-08,1.88622376369749e-05,3
"20035",8.37389929861218e-09,0.00175592582307996,8.5772297526325e-09,0.980453601532375,0.0157618187162175,2.5351719359388e-10,9.75240605355926e-05,0.00193111265221996,1.09257310727983e-11,4
"20037",5.35346332750004e-09,0.00231204175063242,1.19327936716458e-08,0.993180745456866,0.000600893320093407,5.58795996757901e-12,0.000299110662531305,0.00360719089011091,6.27920621673264e-10,4
"20039",0.00180421588223894,5.21907919791366e-07,2.63738442514318e-09,9.72827745072727e-05,0.998085775269044,2.68821933720646e-12,1.043185709823e-05,1.76966584792307e-06,3.27111424820911e-12,5
"20041",0.000259670355456795,0.0169593619712252,0.00275723989560671,0.000670010593512836,0.000285313266195559,1.45120510758782e-05,0.979051687276084,7.58032352023231e-07,1.4465584912082e-06,7
"20044",0.00125244310814138,0.136059221933728,0.0195953487225068,0.00663778177574074,0.00419000936125701,0.00133530397759459,0.830909811331314,9.7990334888384e-06,1.02807562289085e-05,7
"20047",3.48345587916957e-08,0.00450888223532667,1.3186978153211e-09,0.585865592436724,0.0480182373969111,6.83929957139931e-09,3.48055011817835e-06,0.361603764384909,3.45463483045744e-12,4
"20050",0.00118101037161615,0.00219984322837791,0.000821726262911918,0.0318172853474386,0.676556153775924,4.99274403158373e-06,0.287390269492202,2.87187122593261e-05,6.52390717377051e-11,5
"20052",0.000638908519218169,0.145170680514352,0.800096056877822,0.000589908614550016,0.000225763641381877,0.0275279168818339,0.025748771347419,1.83616337534156e-06,1.57440047671357e-07,3
"20054",1.22910389195289e-09,0.730211533787899,2.82027455322316e-05,0.268618379587321,1.55143400836242e-06,1.03387320903601e-06,0.00010992908335401,0.00102345228990767,5.91596966405435e-06,2
"20056",1.56354737205208e-07,4.55644221298947e-05,0.000955480660555518,2.82776074531997e-06,1.89997340444888e-07,0.998980660015146,9.47799987538339e-07,1.40706140419427e-05,1.02375316234458e-07,6
"20058",1.23306905938276e-07,0.02413414012854,6.47090314086715e-07,0.972704451391695,0.00243043198936096,5.06772025477526e-11,9.6671744727467e-05,0.000633533144284041,1.15349580065882e-09,4
"20060",2.12163724396489e-05,0.00216995345835953,0.996381317258798,3.5154314702207e-05,6.3956202641925e-07,8.94594368773292e-05,0.00129511286577782,2.24952111489934e-09,7.14448149753535e-06,3
"20062",1.37178563164266e-05,0.01367495647169,0.671593937218793,0.000731810477832381,2.503842807578e-06,5.28858626126543e-05,0.313916750379385,6.64020408035437e-08,1.33714885229582e-05,3
"20064",1.57638499493071e-07,0.93738616477532,0.00240597766903868,0.0599912831556254,3.4677216256835e-05,2.9770987927737e-05,0.000111952361882123,4.00004865339902e-05,1.57089156262056e-08,2
"20066",1.09176840474729e-09,0.0729245155303426,5.78070857852144e-07,0.854892709809375,8.75067559563157e-05,2.88430712648777e-06,1.43660623744025e-06,0.0720901857078265,1.8212050907783e-07,4
"20068",5.37374094139587e-05,0.00070665435848173,0.9840132573712,1.47718804041604e-06,1.9646346065366e-08,2.17884624105751e-05,0.0141724655001633,2.26616688786983e-10,0.00103059983732684,3
"20070",0.0127960626753987,0.000749035418483327,0.96101200389829,2.79486236283911e-06,4.724648678719e-06,1.23077243163072e-05,0.0253914416981966,1.98617498685753e-09,3.16270880984587e-05,3
"20072",1.3505451739567e-07,0.101825438257815,3.54525156651732e-05,0.88422941194981,1.70486578630244e-05,3.06017286926944e-09,0.00922460004501507,0.00206186846350982,0.00260604199563181,4
"20074",1.25240131641466e-08,4.06255146609189e-08,1.63702048910438e-05,1.64449339895604e-10,1.61530149504847e-11,0.999845317412787,5.91808518690546e-08,3.56395060337878e-07,0.000137843476279793,6
"20076",9.31150159989007e-08,0.0744145312108156,0.0185004199561623,0.000133294557685311,4.11179932894177e-09,0.581174496312083,0.000259208218766729,0.000245393462963301,0.325272559054708,6
"20078",3.97712123435049e-05,0.953265254901979,0.00286543204730296,0.0416283090992995,0.000519190536909489,1.75021633212211e-05,0.00126688109894522,0.000397578169715378,8.07701837598269e-08,2
"20080",7.20701492718853e-09,0.00983228404389284,5.27684880342452e-08,0.981336371773207,0.00680387750270731,1.57491755221328e-09,5.70000304218826e-05,0.00197040509706828,2.28232501488921e-12,4
"20082",0.00102631935036561,8.62961603409891e-05,1.69683757305313e-07,0.000400847838847302,0.998479165182764,2.43479220320252e-09,1.28567698852576e-06,5.91367184774276e-06,2.95963416378792e-13,5
"20084",8.78584185586554e-05,0.952822812610356,0.000888697814033082,0.0209570131513998,0.0043627117819971,0.00873763180851779,0.000129163793546117,0.0120140930097349,1.76118567178288e-08,2
"20087",3.2083423501629e-05,0.545451649467504,0.00443304151741385,0.363543860377589,0.000239032495733126,1.26792165446971e-07,0.0854986819247535,0.000787874836483174,1.36491648569176e-05,2
"20090",2.88092111142438e-07,0.0032364486113887,6.55888775908612e-07,0.879993044901618,0.102432782815685,1.04753647820996e-08,0.0136314430501631,0.000705326160159625,4.73302815337671e-12,4
"20092",0.940426409706759,0.00528264447815357,0.00144927549246895,0.000210522891921483,0.00587138571373494,2.25932444762517e-09,0.0467235831685107,6.60772480011661e-07,3.55155166470384e-05,1
"20096",0.908577084547732,0.0181269105162389,0.044708259593363,3.16521823273701e-05,0.00654603813030856,0.00114267298530001,0.0208626335879526,4.2641851717954e-06,4.84271605989395e-07,1
"20098",1.23685287803633e-05,0.00322795050167849,0.836498153951419,3.61267340537467e-06,5.07742824802722e-07,0.15996826159422,0.000287294026113069,4.94403484244836e-09,1.84603752371087e-06,3
"20101",4.27819293496971e-07,0.251448779758968,1.59962331617574e-05,0.692058016032509,0.0125576175534973,9.39837754075463e-05,0.000357401134842564,0.0434677773267101,3.65609639893648e-10,4
"20104",0.990287673430139,4.97435814275944e-05,0.00453059952333977,1.16302713344738e-08,5.40108950924652e-06,1.12401311958573e-05,3.92801506687767e-05,1.12301071104841e-08,0.00507603923334172,1
"20106",8.51932183527676e-09,0.184670560824896,0.00010675628673224,0.810141920283616,0.000333707134547649,2.30508455254728e-05,0.00410658880104526,0.000617406081636127,1.2226792906343e-09,4
"20108",7.17713496346953e-06,0.00634745241620633,0.986621832261982,3.83846707637713e-06,2.03220854470803e-08,0.00691499598113557,2.01836317861217e-05,1.49513880630599e-08,8.44848333761799e-05,3
"20110",0.146403616309995,0.00681477465516242,0.200390492732616,0.000228826687852298,0.0352857390955432,0.118573222451224,0.492290355265773,1.2923227881484e-05,4.95739525533992e-08,7
"20112",1.46091147277957e-05,0.0432730135286144,0.00239255180093624,0.650294186346399,0.0335603134566417,6.85919358862147e-06,0.270208319322851,0.000250143817502903,3.41873835438954e-09,4
"20114",9.00502067235461e-06,0.980402006154752,0.00338575660125512,0.00622883532135934,0.000157879630625652,0.0094590550419351,5.42805843407367e-06,0.0003519420207956,9.21501701905246e-08,2
"20116",1.10840714437065e-08,0.967391512667411,0.000364914134333376,0.0246675067213889,1.83060317402532e-06,0.00437400653480481,1.96322920000444e-05,0.00317551514526947,5.07081754694002e-06,2
"20118",3.51964365911915e-05,0.760490528843012,0.214754003381031,0.000581838357002588,2.48464236027102e-05,0.023884003825749,0.00022765597687178,1.55320139215172e-06,3.73554747977819e-07,2
"20120",1.32267123361066e-05,0.311766474537447,0.00133344586169769,0.504628104712641,0.177350846698312,0.000440927725381706,0.0041375138838345,0.00032945968636303,1.81985932675106e-10,4
"20122",2.42888066930334e-08,3.27371415194623e-05,0.00055351187942836,1.21205430895912e-08,3.37391604071115e-10,0.999409345221014,2.01508155749959e-07,7.88503611334111e-08,4.08865277965772e-06,6
"20124",3.38479961690295e-06,0.174581155995952,6.06354309798196e-07,0.807550837343301,0.00589813679894614,3.06922227797493e-10,0.000888970058037217,0.0110768852651336,2.30777809794031e-08,4
"20126",0.0536457627013327,0.00232536784586701,9.10658322279511e-08,0.000806222478299925,0.941392200257806,4.15306810853493e-08,3.52894233386196e-05,0.0017950103070929,1.43897491242214e-08,5
"20128",1.50481974155646e-05,0.000102506442277636,8.65164893811753e-11,0.0410119131391493,0.869422628305411,2.4867363792964e-11,1.12935931834454e-05,0.0894366101990854,1.20933331165881e-11,5
"20141",0.79788212689102,0.00164165453339069,0.185019511227133,8.13885416408235e-08,8.97778902613188e-05,0.0153240765544219,3.14876142361e-05,3.20027746666959e-09,1.12807007174927e-05,1
"20143",4.87493582382839e-09,4.79220838093777e-08,8.20467990119368e-06,1.765370701193e-10,4.28154803207562e-11,0.999989880950293,5.4154021668451e-09,8.37834620862847e-08,1.77215456971686e-06,6
"20145",4.12111504510622e-06,0.463336389201303,0.00132936726114705,0.516632342795879,0.0137452883158647,1.53096138674126e-06,0.00492445389268675,2.65062760044954e-05,1.80682310049344e-10,4
"20147",9.54068001898066e-08,0.816867366656218,0.000112004244885228,0.182493077208006,0.000175184751594741,8.09115828122698e-07,0.000251120806293151,0.000100339971658699,1.83871588878139e-09,2
"20149",1.81861504088108e-07,2.53837111429191e-06,0.000534620186363221,9.82333617141147e-10,3.21007543508577e-10,0.999460361630448,3.01516675954481e-07,1.46539651006732e-08,1.98047658758972e-06,6
"20151",3.91329256363951e-06,0.00165755023200594,0.955445654560421,5.90943984422676e-06,1.71640831005736e-07,0.0424822927581578,0.000403171889797955,7.2422965415891e-09,1.32894408208135e-06,3
"20153",0.00323278682258309,0.00220884128674516,0.344274237331888,5.08924773160457e-05,0.00199954467293552,0.645406931195042,0.00282587948052917,8.77478490886616e-07,9.2544705305271e-09,6
"20155",4.70130739880674e-08,0.222436064046578,1.11757985523701e-05,0.742228168664599,0.000543374909843754,8.86323903809563e-08,0.034401258663029,0.00037981318165711,9.09027676811654e-09,4
"20157",1.24258152295349e-05,0.000577777840371639,0.572843854605432,2.28812423145658e-06,5.08267703604609e-07,0.426523643361612,3.83454332963595e-05,1.7982730745106e-08,1.13856939282327e-06,3
"20160",7.58070267527475e-09,1.23690749678096e-07,1.35816434030074e-05,4.40940130396283e-10,1.68225674954748e-10,0.999985982638283,8.04851031546152e-09,7.97840283641345e-08,2.1600515688867e-07,6
"20162",8.24442211130507e-08,9.89766951947507e-07,0.00279016299440281,5.09863077512008e-10,1.02923581196946e-10,0.997205934506392,1.58289077778773e-07,1.1248689757191e-09,2.67026129896864e-06,6
"20164",1.53378215275562e-05,0.000105100912566016,0.0379494166332856,1.48416877846189e-06,6.91087700774409e-07,0.961208873303153,0.000717734262576455,5.36777063053773e-07,8.25033349785156e-07,6
"20166",1.95694535909417e-09,0.0414255577128306,6.58857622146665e-06,0.317945188241102,4.01829166752381e-06,0.00028504655739508,2.67025084816504e-05,0.640260028888233,4.68672671229323e-05,8
"20168",3.42320813819064e-08,0.000230094386232569,2.22203122634127e-06,0.000108673117879608,1.05001335952588e-08,0.000285955673654739,5.44823735670291e-06,0.318363884543748,0.681003677277687,9
"20170",0.000173935701049797,0.00889139869773395,0.713225388390672,1.4570300592697e-06,1.61633098695238e-06,0.277547220312109,0.000158275592383456,7.74001689913501e-09,7.00204988731168e-07,3
"20172",1.68320370265589e-06,0.600594593405311,0.000196161675351393,0.396503606294638,0.00164314326780654,3.24134465866326e-09,0.00105435144734389,6.4540299814549e-06,3.43452114818012e-09,2
"20174",2.42386935495727e-06,0.00012466210900232,0.653228235028071,2.34324827497819e-08,9.27586633952452e-11,0.142846091155547,2.35687891291754e-05,1.70970060445037e-09,0.203774993813953,3
"20176",1.79473730559794e-08,2.55804095529179e-05,1.33014535393656e-05,5.71600374878277e-06,2.54814474949316e-10,1.11393139461578e-06,7.46595943826904e-06,0.000105436596047921,0.999841367444091,9
"20178",8.81847440658635e-09,9.16829803461845e-08,6.39735493934955e-06,5.78311885197589e-10,4.57152581737328e-10,0.999993264890006,9.50619521479051e-09,1.39525622674962e-07,8.71863175474107e-08,6
"20181",2.64558513608696e-09,0.398486257504779,2.32608747821199e-05,0.416833420442999,3.30023892292471e-05,0.00345422625595984,8.9347339297909e-06,0.181160495650926,3.99501809347976e-07,4
"20183",0.00328918774290038,0.064933670450241,0.924524605094636,0.00024428799159323,7.91144138394122e-05,3.22625079930145e-06,0.00692372747634499,3.39339857319534e-09,2.17718624731672e-06,3
"20186",0.0335926039277113,0.0870816620291102,0.682607264488862,0.00552271705365399,0.000296886650739496,5.70656023711776e-08,0.186763670328535,2.94657293881066e-07,0.0041348437984924,3
"20188",3.11221614263512e-08,1.49967719863507e-07,0.000134706606592188,6.38516940657017e-10,3.70391478319661e-10,0.999864887090157,5.45747131273999e-08,2.0559141601749e-08,1.4907060627981e-07,6
"20190",4.74725006921268e-10,0.0274027720718494,1.51458290411855e-06,0.971619180039427,5.38369412517247e-05,3.19797127112369e-08,4.75723408533564e-05,0.000875089142792395,2.42648383443785e-09,4
"20193",3.93763839421709e-08,3.64529264653298e-05,5.11773229828453e-05,6.88373160301488e-05,4.83266851833355e-08,0.742327954255755,0.000112647052327756,0.248457115833111,0.0089457275902587,6
"20195",3.72950048006569e-06,0.00180209690325741,0.171847901835367,5.14977730689275e-05,2.39334836372592e-06,0.822841393352621,0.00344812363797762,1.91530115173372e-06,9.48347712859847e-07,6
"20197",6.02586059155855e-07,0.35926876190386,0.000156290882035865,0.622645861755683,0.000822513324490244,1.09664702464028e-08,0.0170439338145492,6.20121962295449e-05,1.25706233643117e-08,4
"20199",2.86107737782042e-05,4.08537267673572e-05,0.0569225933219877,1.63031208574016e-08,7.30352123553721e-08,0.942969279139962,3.82163317784745e-05,2.74263014046005e-09,3.54624763075241e-07,6
"20205",0.0387956355103002,9.45984390068331e-06,1.28220644271433e-06,4.05537432541831e-05,0.960689545499744,5.66602743929122e-10,0.000463401722138161,1.20900957338169e-07,6.660235609553e-12,5
"20208",5.8587711538385e-06,0.0102131176030148,0.979446248284943,5.72751681050909e-05,6.74240047291919e-07,0.00787969577356789,0.00238065895533055,2.93046216520595e-08,1.64418992154579e-05,3
"20210",2.61861759474575e-07,4.29509621967766e-06,0.0107094787189497,2.96673946739167e-09,8.88902343104179e-10,0.989284008690851,8.97321206971969e-07,1.1455345672809e-09,1.05330983698594e-06,6
"20212",2.30581583090426e-06,0.000299780987779079,0.130554642827766,2.02471176363867e-06,2.28507808803775e-07,0.868933711588757,0.00020536799432547,1.0746471952792e-07,1.8301012494984e-06,6
"20216",3.06169434530777e-08,0.76128582685618,0.000216087555013077,0.238210655580731,8.45963084005621e-05,1.18626815193965e-05,5.69676129384817e-05,0.00013392983632237,4.29519519250842e-08,2
"20219",0.00908520342731128,0.142673024680833,0.000946931497178508,0.0564729340434661,0.780184180477351,1.80235016232392e-05,0.00968421848699694,0.000935483592559229,2.92680481525199e-10,5
"20223",7.60033487579464e-08,0.00131241222184581,6.43945279985288e-08,0.825784782147651,7.42310290513271e-05,2.33675933020433e-11,0.00159311090833347,0.171036054165691,0.000199269106183428,4
"20226",1.17556006160429e-05,0.00102390136062184,0.0176205731008001,0.00070522058881508,9.3514588484602e-05,5.98295608964128e-05,0.980484955882462,2.21165345710057e-07,2.81519585710553e-08,7
"20230",2.2705311861094e-09,0.0115464463029121,3.7321635652532e-07,0.986215478443987,0.000251009513619715,2.27902426176435e-09,1.6781413069781e-05,0.00196990530580178,1.2546981136864e-09,4
"20233",0.999635301576451,2.40231474239859e-08,1.16504576943809e-05,5.54346566328716e-10,0.000350337119225188,1.15550464094003e-07,2.56878067174933e-06,5.4600128341744e-10,1.39199809874812e-09,1
"20235",0.000493027468934991,0.0816934554452448,1.08218655793119e-05,0.727485954011003,0.0330527496604239,6.83338725829073e-10,0.139894258338706,0.0173262682023816,4.34643243874858e-05,4
"20239",4.53721444980614e-05,0.439319536335258,0.000984740532919009,0.241157035225462,0.000125696379705087,2.78660163992378e-07,0.306425246854539,0.0106229420284557,0.00131915183899842,2
"20254",0.000194656239799742,2.55480053461851e-05,1.33074757345292e-08,0.000639325168512021,0.999133610966744,9.97614242442913e-11,4.06468143553388e-06,2.78153089563142e-06,3.01756029440031e-14,5
"20256",4.06121787803632e-07,0.533618070121194,2.22752886317576e-06,0.464967704581991,0.000447053121348414,4.68173163126989e-10,0.000203717662288819,0.000760761179003713,5.92153505171183e-08,2
"20262",5.51621019146954e-06,0.00149790208893914,0.389055551810329,7.69377452731292e-07,1.16425988596527e-07,0.609398557811551,4.07178825838832e-05,6.21737511554299e-09,8.62175588677508e-07,6
"20270",2.29811292460488e-07,0.139472574724368,0.0110465136925177,0.629135195761957,1.69986907846843e-05,0.00277851379226157,0.000485009747885747,0.215232181066704,0.00183278271222915,4
"20284",0.344260079543391,0.0110071040286407,0.463197451956179,0.00247603071529224,0.112058921516128,8.29107038976597e-06,0.0669917213832047,3.05491551999077e-07,9.42952221421456e-08,3
"20287",6.41201330366789e-10,0.000762151610624071,3.47652421020694e-09,0.971785214636412,0.000191045299614937,2.157630440943e-11,0.000385413892932209,0.0268761676334816,2.78763373598816e-09,4
"20290",0.0158792880696861,0.000189806010917344,0.000494380365136882,0.000436134116791482,0.981095767256742,5.72264620722562e-06,0.00189866115117262,2.40364925281514e-07,1.84216346704699e-11,5
"20293",9.00583224060418e-06,0.987810174977914,0.000992216157861138,0.010975109896427,0.000157411132784937,2.46732610515617e-07,5.41498127022535e-05,1.66062707658142e-06,2.48303824346332e-08,2
"20296",9.60890754890528e-08,0.0669453205102795,0.239456837345106,0.000157416769117586,3.47032529930015e-09,0.675119132188272,0.000465097988774992,4.25321654629321e-05,0.0178135634735854,6
"20301",1.75888664239189e-10,6.21358047587613e-05,9.04091613918682e-10,0.11410110702193,0.00021534795321688,1.71938611611909e-07,2.61547706503577e-05,0.885595081280519,1.50332422806229e-10,8
"20304",0.00537341107656444,0.00105722986153624,6.52627134927294e-07,0.000381529228013627,0.993183453794505,6.87568922377992e-09,1.05813095074253e-06,2.65840342420912e-06,2.18142532041534e-12,5
"20306",4.09273251630175e-07,0.015094243483901,5.24989994035536e-07,0.978525424604089,0.00403499063257844,5.29498611045306e-11,8.09786486434193e-05,0.00226342686366964,1.4509229226074e-09,4
"20309",4.87353317402134e-05,0.612089268289118,0.103297184387181,0.133827972626201,0.00476949913824923,4.5968274686709e-05,0.145918426294528,2.60790815902342e-06,3.37750135515072e-07,2
"20311",8.62960958858778e-06,0.839791135921278,0.000702868246569045,0.145148225754497,0.000516902314926679,0.000122723935610375,0.000479992337966649,0.0132292553340604,2.66545502473832e-07,2
"20314",2.46803000272238e-05,0.0234756003461006,0.962017305477948,6.30146430823998e-05,6.16224361025097e-06,0.0137423462894844,0.000670715520696402,1.94213393638566e-08,1.55757711457437e-07,3
"20318",8.16343546694624e-09,2.8295361962891e-06,4.09246843211574e-05,1.98174120866227e-07,3.14399072876191e-09,0.999909907220747,2.42223209448676e-08,4.38685208629027e-05,2.23633400505807e-06,6
"20320",0.00285295537220368,0.000756002827560023,0.369151991647485,0.000104057382427289,0.000148464851747886,0.000829016543325472,0.626152004360616,1.03110094178127e-07,5.40390454055199e-06,7
"20326",9.90424053966188e-05,0.0379617755677197,0.925927680001261,6.78960237792888e-05,1.40528214815765e-05,0.0356332168998595,0.000295842786906879,9.72957722236776e-08,3.96197823282921e-07,3
"20328",0.00575953462002151,0.00255151081741464,0.766831066524714,0.000120243283453703,0.000123945372883901,3.85453898802613e-06,0.224606942842349,3.00307163909333e-09,2.89899710377185e-06,3
"20330",2.41874909158198e-05,0.0128306512133723,3.11479047626111e-05,0.0744374676006153,0.003051151813812,1.31250879349108e-07,0.908378297033334,0.00124686219035929,1.0350194895683e-07,7
"20336",0.315357322972619,0.0381494325872172,0.00875416499507933,0.00208211698269147,0.633650966013993,1.65917890851575e-07,0.0020057039572316,1.25073761466067e-07,1.49951662348802e-09,5
"20338",0.0618622066582613,0.0258653917645221,0.000153213340608606,0.000946373153486716,0.908890671316256,4.08441263151771e-05,0.00219535997260187,4.59393693036111e-05,2.98644774691866e-10,5
"20340",3.71056358198547e-08,0.0404740870577483,1.14151029144714e-07,0.936887623317385,0.00227045223290259,2.51771309387111e-09,6.37022634455652e-05,0.0203039765883002,4.7658401855148e-09,4
"20342",0.878498370400677,6.22205458861205e-06,1.77255571788185e-05,4.35265681464751e-05,0.0698583123159315,9.36040866016141e-05,0.0161576621236455,0.0353193870907639,5.18980246629578e-06,1
"20344",1.22089805399281e-06,0.223879335292216,0.000281423803202766,0.774113640571733,0.00122432850190559,5.15308230710533e-08,0.000158371552820405,0.000341575442647892,5.24065964669535e-08,4
"20349",8.56260992896083e-08,0.10146005274358,1.73306780872198e-06,0.896323664691795,0.000302820506828229,2.50890391721353e-10,1.9127069806906e-05,0.00189249594835068,2.00948405001677e-08,4
"20351",3.27688928769738e-05,0.98040143257416,0.0014317484409033,0.0148393257971026,0.0024408898940322,3.21284307508462e-05,0.000817165641526585,4.50657672491403e-06,3.3751923111577e-08,2
"20353",1.88912255344232e-05,0.0110105632355176,1.61007935609865e-05,0.344498902888291,0.0727758627368745,4.34941433463797e-09,0.571609439961601,7.02337765076021e-05,1.03269824889261e-09,7
"20357",0.00649696066680901,1.20603340375232e-05,3.57921668656813e-07,0.00056567504447667,0.991965110035043,1.65348550258111e-11,0.000959308895467795,5.27080798579965e-07,5.16408918424363e-12,5
"20360",0.0775788056108076,0.000242871354047421,9.28676016855826e-06,0.00130900592975297,0.0717077563280429,1.64307918662775e-07,0.842478772309177,0.00662045942098708,5.28779790975811e-05,7
