"","V1","V2","V3","V4","V5","V6","V7","V8","best$classification"
"19811",0.000337486490411141,2.02614155779764e-05,1.67125411771976e-07,0.000426122096077303,0.00184012255033702,7.6342394542377e-10,0.965658860248011,0.0317169793107498,7
"19813",1.99989352826163e-08,5.61033204368769e-08,1.91151601060522e-08,1.12424736761038e-06,5.71605007061859e-07,7.27058579671307e-12,9.09830336257547e-06,0.999989110619576,8
"19815",5.14511705345771e-06,0.00177692897855923,1.96724128145407e-05,0.0133170350956209,0.0420928597802355,3.19448720935563e-05,0.942755279476602,1.13426702030499e-06,7
"19817",0.000254535741483907,0.000100681165459544,4.36117394337235e-07,0.00344048870636475,0.0044009630150707,2.22960722020647e-07,0.991799045829416,3.62646408854426e-06,7
"19819",1.0948766865262e-07,8.2343968191454e-05,0.25698183507563,0.0972927616900522,2.18859057724675e-05,0.645618704312785,2.35947207979939e-06,8.78207211768723e-11,6
"19821",0.0104564684371014,8.40954377848488e-07,1.57336289659239e-05,0.00537288515446089,0.000543911945723296,8.04852887820521e-09,0.974009859803335,0.00960029202750621,7
"19823",4.6873056293576e-05,0.595835445398492,1.81084989794123e-06,0.00260797192813418,0.000541589821898272,0.000976041034623581,0.399989368138907,8.997717539483e-07,2
"19825",0.911047743185805,6.25818531628268e-06,0.0750732641324069,0.00708927579192411,0.00310541499408494,0.000110429065446207,0.000716188426157752,0.00285142621885844,1
"19827",0.297808050137905,0.000256910109566848,2.99637147417237e-06,0.00348188741678812,6.99407907709272e-05,3.79717584616136e-06,0.698376173475724,2.44521924453954e-07,7
"19829",0.0055103184513269,1.29152164823789e-07,0.12047584139173,0.873267379144369,0.000239477939014611,0.00013239874710588,0.000372662105529405,1.79306875976996e-06,4
"19831",1.65518499043165e-07,0.00295851385590555,0.113624320696278,0.773840853035074,6.48175789594777e-05,0.109493115296883,1.78309618820825e-05,3.83056519017422e-07,4
"19833",2.31527228313288e-05,0.819909748067832,1.5740384281922e-05,8.98856394909914e-07,0.00163746642963919,0.178410758735263,2.60538596683764e-07,1.97426516121511e-06,2
"19835",0.0104564684371014,8.40954377848488e-07,1.57336289659239e-05,0.00537288515446089,0.000543911945723296,8.04852887820521e-09,0.974009859803335,0.00960029202750621,7
"19837",0.015389132792864,1.85058012850663e-05,3.87020874338808e-06,0.0186400364640398,9.52731367272516e-05,3.18231823591268e-07,0.96585123779169,1.6255728271346e-06,7
"19839",0.03132636805897,8.88952785550619e-07,0.307420861471837,0.656596714875085,0.00177970698000334,1.36267066504694e-05,0.00127845818678642,0.00158337476788226,4
"19841",0.999970243261808,1.39682711995762e-09,1.83013569053672e-06,1.25958366691326e-06,2.78889507631273e-08,1.89753192012157e-09,6.12895624525721e-06,2.05068792800754e-05,1
"19843",7.7857993793991e-09,2.97672963308968e-07,0.958374555773179,0.027077076843111,0.00233668213578011,2.63119329698873e-05,1.52694042933072e-06,0.012183540915768,3
"19845",5.23654286423666e-06,1.87424900057334e-05,2.78492585514021e-08,1.64030467074183e-05,0.000168448379419079,2.3887147075882e-10,0.061781868987083,0.938009272465791,8
"19847",7.19476514565781e-06,0.000753580182023641,0.000121491328369477,0.063816920002563,0.0387660485016232,2.95612428889969e-06,0.888454094879921,0.00807771421606536,7
"19849",4.83780362430197e-08,6.83546811760241e-08,1.60182284715051e-09,1.31618310052959e-07,1.30181249527015e-07,1.42942669136896e-12,2.99001498776823e-05,0.999969719714593,8
"19851",1.09583044855372e-05,0.000328221018323511,1.4102718706701e-07,0.000732751053630524,0.00136661468470664,1.46689742000478e-07,0.997551066366827,1.0100855098139e-05,7
"19853",0.000124826253305775,0.0714747986932687,1.62982377080726e-09,1.20825420810763e-05,0.000120836686352403,7.82699353250194e-08,0.919854934671425,0.00841244125380756,7
"19855",0.00124972554650457,0.000401908221176223,5.67490009640458e-09,0.000180237748778621,0.000174715569806374,1.06466523616738e-08,0.997528740954666,0.000464655637515195,7
"19857",0.0127070468765585,5.19453161425765e-06,0.000100679683742995,0.195183099522035,0.0108966857804828,5.41117274389733e-08,0.766655666040816,0.0144515734530225,7
"19859",0.00789218234966904,0.000613343182662194,5.88952400328501e-06,0.034091655131415,0.00387546300788341,3.33587387202294e-06,0.953509139881875,8.99104861992399e-06,7
"19861",1.34333235558178e-05,0.0001528244930577,1.67454533446005e-07,0.000466474466673998,0.000757379963368419,3.24391370571954e-09,0.882517948113443,0.116091768941454,7
"19863",0.00607494380375774,2.62901134976675e-08,5.62905500747298e-09,3.59836944508034e-08,2.56184672589869e-07,3.72055504285676e-12,1.77738258963388e-05,0.99390695827909,8
"19865",0.997743777740198,2.23160529083204e-08,5.66082678853935e-08,4.32859954206424e-06,3.7960041670933e-06,8.61048474425623e-10,0.00224744279753192,5.75073191854348e-07,1
"19867",9.57409740718751e-07,0.000328702419121638,1.40372127171297e-05,0.00513091358754333,0.0176714945392708,4.60798687581735e-07,0.97063283654279,0.00622059749012844,7
"19869",1.98668459366956e-05,6.22050886008794e-07,1.22104523457827e-09,1.20675283801781e-06,1.22435055152017e-06,3.20544015172172e-12,0.00677405264407366,0.993203026131463,8
"19871",0.0280850957510703,0.000178473949795078,1.51215291399415e-05,0.099274336458265,0.00120042209191014,5.83463218166117e-06,0.871239526204343,1.1893832946347e-06,7
"19874",0.712123450912033,5.663176128292e-05,1.4187392871811e-07,8.72034042307474e-05,0.000565240864707046,1.21842047946612e-07,0.287164350870359,2.85847141093094e-06,1
"19876",0.113446027641163,8.29038550365587e-06,6.04430512895592e-09,3.87624390112178e-05,1.81313548261898e-05,6.33686302441732e-10,0.886344833168924,0.000143948332580678,7
"19878",1.09700127382826e-06,1.07163114345796e-06,0.00237402781779587,0.000142255364375645,0.997284314172562,1.83072182396601e-05,0.000176507960303702,2.41883430551716e-06,5
"19880",0.998195294730908,6.71015446614767e-08,8.49872313566742e-10,3.45602418639308e-07,8.77877306384808e-08,4.94164080607746e-11,0.00179767753410149,6.52634400808733e-06,1
"19882",0.000510795586732324,0.000180321952603717,3.09337702820527e-07,8.38807131123082e-05,0.0104516673438642,8.74338115335638e-09,0.783882297093866,0.204890719228737,7
"19885",0.000261032860031657,7.24397224805337e-06,5.00372774029169e-05,0.113276686804895,0.0105448361247497,5.22717927256314e-07,0.875853948899807,5.69134293824511e-06,7
"19907",5.92168128873604e-06,7.38090663328863e-05,4.26443923591721e-06,0.00107598322720898,0.0168699640940816,6.18365536600987e-08,0.921269739428233,0.0607002562270655,7
"19909",5.29364863862571e-07,2.24937853383387e-07,0.0145565872584588,0.984867662900792,1.22664856614035e-05,4.0225324100042e-06,0.000530966763353274,2.77397566071005e-05,4
"19911",0.00597674233768796,1.46979711476572e-05,0.0245490412842255,0.966902989314063,0.0001680119551304,0.000118849286211443,0.00226545795802185,4.20989351190219e-06,4
"19913",0.999990865446713,1.54981186478557e-08,1.14967067440419e-08,1.15563675536168e-07,1.5401963382541e-08,1.00453944791709e-09,8.84544740497263e-06,1.30140878282937e-07,1
"19915",0.234802112329189,4.2342361914408e-05,7.18239499070535e-08,0.00015363644843113,0.000166828347688402,7.05228740116318e-08,0.764833935571507,1.00259444588316e-06,7
"19917",0.98955071714902,1.69772337954447e-06,6.57514140825132e-07,0.000128430679445081,3.33270514808568e-05,2.64719711365296e-08,0.0102839217432498,1.22166731270311e-06,1
"19919",0.0927398499280163,0.000101264903520202,1.92160549185738e-06,0.0033498696918302,0.00536961415219831,1.08945891945439e-06,0.898435644122956,7.46137067527657e-07,7
"19921",3.12431164676912e-06,0.000130240729402583,1.3647689044614e-06,0.00324447583253031,0.0082171856262476,1.13467139430451e-07,0.988240769908381,0.000162725355748076,7
"19923",3.54142851723269e-08,0.000451102473688657,0.000179611472016651,0.000658981687475469,0.993563934049724,6.98680030198889e-05,0.00506864290342807,7.82399636223928e-06,5
"19925",0.920954682299296,5.16157882062281e-06,1.361988567473e-07,5.53704231867913e-05,0.000125614308529057,3.61982767595894e-08,0.0788585497226004,4.49270433886356e-07,1
"19927",5.58927159200769e-05,0.000155674084708141,9.78459396634975e-08,0.00150160804968983,0.000337117638561778,6.38404029228337e-08,0.997937156953285,1.23888714923039e-05,7
"19929",0.591778627711209,4.68812572793609e-08,1.09900548488759e-08,2.12377194408711e-07,7.98614265380176e-08,7.92447898400193e-12,0.000152523373647639,0.408068498797286,1
"19931",0.00033423109095092,0.000218010308255197,4.14884837996662e-06,0.00856968050770843,0.00133407858704881,2.19512314808518e-06,0.989537215940951,4.39593557453445e-07,7
"19933",0.000154707921875204,1.0683942382652e-05,0.0094795723639142,0.938724564585762,0.000188956979395551,0.00018298845533352,0.0512584304288682,9.53224690396379e-08,4
"19935",0.000725300619882107,2.37040812567453e-06,0.00438952863610281,0.227359077804882,0.0245571766938022,7.3027316583812e-07,0.742404394792301,0.000561420771738302,7
"19937",5.23161743272001e-06,0.00159596534318712,1.46591897040986e-06,0.00384516118487701,0.00512149304730148,5.12314400178953e-06,0.989424127150882,1.43259334724215e-06,7
"19939",0.000576044748514015,6.05432722539795e-05,8.18335306718102e-06,0.00181023800820603,0.297904241135188,3.13977227471727e-06,0.699634742965743,2.86674475289727e-06,7
"19941",0.0358194611008121,1.40956504644492e-06,0.1150021711688,0.847265160326008,1.37004760736978e-05,1.7459280163268e-05,0.00173796552360358,0.000142672559492413,4
"19943",0.999362291049078,3.11499613060944e-07,1.1565212928382e-08,1.48952018850032e-06,7.96633414443689e-07,8.14437612498355e-09,0.00063505079354621,4.07945711014012e-08,1
"19945",7.12892523233706e-06,3.43838472153911e-05,0.0270389134145007,0.957093781700831,0.00453118998633159,0.000553682629884093,0.0107408681655579,5.13304474284095e-08,4
"19947",0.710300382521984,1.40573616564632e-05,0.0047377688846526,0.26369437258118,0.000246506655058026,1.95895010817482e-05,0.00477911351210846,0.0162082089822786,1
"19949",2.6864985727488e-07,0.000119529992570757,0.0030757506580545,0.00687419115771384,0.974862800533396,0.000689465791091573,0.014377773383232,2.19834083825134e-07,5
"19951",0.678385113781881,1.41117233523909e-05,5.52735554764637e-05,0.00148974222624202,0.0578837547486567,1.59015352419774e-06,0.262164689878597,5.72393227001956e-06,1
"19953",1.42612894533708e-08,0.0395123851441074,0.0351838260503802,0.0644793139635923,0.00208980520257114,0.858576570121987,0.000158064503755408,2.07523169114643e-08,6
"19955",9.87755501742531e-07,0.00146477710828676,0.149527505136188,0.512880543536386,0.313928049621817,0.021939069360774,0.000250264682801326,8.80279824512425e-06,4
"19957",0.913842346841557,0.00684783207913886,6.75551039097049e-06,0.0169489736844284,0.000214860023347384,5.00903652386876e-05,0.0620769918723037,1.21496235950871e-05,1
"19960",0.00019361354802311,1.98030498155087e-07,0.290812258860816,0.703179264246437,0.00533915965247601,0.00011076554076547,0.000332976653991601,3.17634669929839e-05,4
"19963",0.920745067143008,0.0759896534616416,3.33028397575538e-05,5.00496747859094e-05,1.89110233493874e-06,0.00304687940853914,0.000115526164625537,1.7630205307487e-05,1
"19965",6.22752371913707e-09,1.00343803241041e-06,0.765585574262473,0.0991259281551217,0.134904241192026,0.000332536332659067,1.27210105104949e-05,3.79893816532498e-05,3
"19968",0.763819938388657,3.4392016837059e-09,0.000129693423490185,0.00148329959802496,3.53736769356502e-05,4.28588189926332e-10,0.0130828189162751,0.221448872128828,1
"19971",0.998954647745078,1.33456889995644e-05,0.000161725114012094,2.85848620509656e-05,9.2799943009889e-06,0.000829606125687386,2.70272752330074e-06,1.07742347676039e-07,1
"19973",0.00146220623529411,3.78290432565259e-06,4.02776568963379e-07,0.00165284686236305,0.000595645966353818,7.53061472077760e-09,0.996268497120416,1.66106040638875e-05,7
"19975",0.969280778108861,6.41797281810379e-08,4.97742648860534e-07,0.000132847342096904,4.25742892635666e-05,1.07551313830803e-09,0.03052694263876,1.62946231282756e-05,1
"19977",0.999201208153093,2.38936076447753e-05,6.8082563538159e-06,8.46595735326702e-06,0.000450845678402652,2.132015676817e-06,0.000258422639695345,4.82236917798389e-05,1
"19979",3.083100353128e-07,7.01148413845896e-09,0.938464849751668,0.0585820287041323,5.50459730541264e-06,0.00294720728724297,9.42247083370834e-08,1.13423183474015e-10,3
"19981",0.000144198375918816,5.67708029105177e-05,5.84670821109046e-05,0.536647123005112,0.000951939936265107,4.88654793613537e-07,0.461656906277602,0.00048410586528664,4
"19983",1.11208136324404e-05,0.00012067236819818,0.000299973729008402,0.28236619895635,0.388842764544774,6.04476703970287e-06,0.327933786093257,0.000419438727739913,5
"19985",0.696953400747052,6.55491433055825e-06,1.7669234969134e-08,3.92780989178698e-05,0.000123729955037544,2.50529563645852e-09,0.302854824895819,2.2191214313107e-05,1
"19987",0.0206954284465872,2.06817812334144e-05,0.000534629868682731,0.377138471336412,0.000315924616291432,1.06176462215266e-05,0.601282094212815,2.15209175627116e-06,7
"19989",8.77237151716669e-10,7.94400338458925e-07,0.891572086181383,0.0847249655890925,0.000142338602736622,0.0235579735870823,1.84043090950689e-06,3.31220572155949e-10,3
"19993",0.00931630952336409,4.11344815221752e-06,0.023371623999274,0.0688086291564136,0.750967165885231,0.00032550689149301,0.147206334945395,3.16150677021812e-07,5
"19995",0.00386081992435629,7.31562097227973e-06,0.128373203489859,0.707333556657939,0.0556730855707554,0.000149583685489388,0.10459840050413,4.0345464984839e-06,4
"19997",0.00270460284415383,5.62989859325988e-05,1.08501504375264e-07,0.000432298913319348,0.000372309784555957,1.8640586922183e-08,0.996418699349268,1.56629806790311e-05,7
"19999",0.0137913345072825,8.40072946945725e-06,7.31221409607414e-09,0.000112597173802224,3.98898921078139e-05,4.09869834479515e-10,0.985627761020649,0.00042000895460533,7
"20002",0.488237255690097,1.96081203166341e-06,6.5217459817014e-05,3.06499669126964e-05,3.44340075795443e-07,5.2922117154403e-08,0.000287696598212894,0.511376822210736,8
"20004",0.000975583684350511,1.06840875944637e-06,0.019602978199322,0.962167918871126,1.41844830887662e-05,4.98392259584988e-06,0.0171571868372326,7.60955935248816e-05,4
"20006",0.000463922140911145,9.34970742134312e-05,0.117071666244758,0.466572506633616,0.411969819892373,0.000734224251457766,0.00147266102923612,0.00162170273343441,4
"20008",3.5134081198533e-05,6.53580719786122e-05,0.164912117404389,0.00559286141843791,0.827409149313357,0.0010785608357692,0.000881192846753609,2.56260281156049e-05,5
"20010",1.11488067823235e-06,0.000195949477310462,0.105566008078718,0.337752091589114,0.518399684705215,0.0351696377292702,0.00291550844677685,5.09291790982243e-09,5
"20012",0.722760558208674,7.92186256358477e-07,1.36875042722804e-06,8.57631957224302e-05,0.00249623128082311,4.58799538849545e-09,0.26676414401254,0.00789113777756144,1
"20015",5.01535551894691e-09,1.75569255658737e-10,0.981602337119983,0.0172435797561462,0.00114578358168689,7.55484467430214e-06,5.51888177269852e-07,1.87618406993799e-07,3
"20017",0.00661423253148268,1.0919602264764e-05,3.3335592897997e-08,0.000647953122233172,6.69127472281166e-05,9.79248238888549e-10,0.991310531000966,0.00134941668098414,7
"20019",4.86492335055293e-10,7.65804529961956e-09,0.985985408106213,0.00288499068671672,0.000106649607536541,0.0110229408161952,2.62668215972224e-09,1.21188974082592e-11,3
"20022",2.94421475836819e-07,3.51905362752735e-06,0.0682895269214156,0.92442015718548,0.00546163830055719,0.00147240733419043,0.000352452115495183,4.66775783463058e-09,4
"20024",6.33902928166788e-09,0.000218269867089851,0.210580262360583,0.00895912332357327,0.00012744200068937,0.780114665722817,2.12914356128159e-07,1.74718618562026e-08,6
"20026",6.33902928166788e-09,0.000218269867089851,0.210580262360583,0.00895912332357327,0.00012744200068937,0.780114665722817,2.12914356128159e-07,1.74718618562026e-08,6
"20028",0.0393155774948142,3.33175546712266e-05,1.45978269229008e-08,8.40389866835253e-05,1.44573448239884e-05,3.10214173116409e-09,0.960507407139803,4.51837792350492e-05,7
"20030",5.9157479844486e-05,4.79859439308188e-09,0.717639007477553,0.282256954501001,6.88233490826725e-06,1.79785546391248e-05,1.67582756932545e-05,3.25657776579359e-06,3
"20033",0.128772422943952,8.73446616899642e-06,6.8514331855045e-06,0.0167169113687132,0.000220641528247153,2.13393077463627e-07,0.854258131026259,1.60938403964667e-05,7
"20035",6.45302596636167e-10,1.55363809379678e-08,0.973552934327549,0.00468233700065011,0.000229738471040543,0.0215349611159196,1.28612105748215e-08,4.19471210361486e-11,3
"20037",1.46822012296499e-11,8.13096983579705e-09,0.991928176511387,0.00655208686981204,0.000555034958232954,0.00096467592852139,1.55609849811029e-08,2.02540967911455e-09,3
"20039",5.88818587832342e-12,0.00191347350756352,9.39196560821703e-05,1.72762290657176e-06,1.9565721895749e-05,0.997971310160848,3.31332626425462e-09,1.14898317684894e-11,6
"20041",1.73773710213767e-05,0.000345683751502426,0.000338223036763913,0.0175344385670671,0.978157906420898,0.000257907500597583,0.00334627351076715,2.18984138213719e-06,5
"20044",0.0013078474118115,0.0014742437886051,0.00320545565550009,0.118805346199879,0.850543723467787,0.00322000749585357,0.0214308063415415,1.25696390221171e-05,5
"20047",9.23591471503151e-09,2.76784361011676e-08,0.959270296322443,0.00388511609230653,4.20526895294269e-06,0.0368403443611317,1.03250879068706e-09,8.30593186259189e-12,3
"20050",7.01804104431673e-06,0.00195010533425707,0.0174379567710871,0.00534484725087709,0.440721840789657,0.533611642609298,0.000926589041186613,1.62592041555544e-10,6
"20052",0.0244914645468249,0.000951953612983444,0.000302705812217598,0.129743624799209,0.0311137144368221,0.00017408906594176,0.81322223954031,2.08185690319483e-07,7
"20054",1.6735452442845e-06,1.95456376025439e-09,0.223291487880301,0.776476452765049,0.000181401926901325,2.32572328175354e-06,3.66040484447002e-05,1.00521562141238e-05,4
"20056",0.998644270816605,2.72427361558549e-07,9.61867514225398e-06,4.50673226602498e-05,1.46174853453111e-06,2.3855256776553e-07,0.00129892559661953,1.44860509593445e-07,1
"20058",1.86965018614067e-10,3.04044418467922e-07,0.896677850981475,0.0976172361046314,0.000324654353477346,0.00537870323965223,1.24572792046104e-06,5.36145941846995e-09,3
"20060",8.13937101824403e-05,3.42376500985565e-05,7.90432518971073e-06,0.00356892355028454,0.00175559361944422,5.91878089399346e-07,0.994544872809719,6.48245699208258e-06,7
"20062",5.00095750995161e-05,2.13390055584574e-05,0.000185848464550284,0.0218895292301485,0.330323345274525,2.25102097097398e-06,0.64751406986776,1.36075613876605e-05,7
"20064",3.68733264244627e-05,2.57392481712702e-07,0.0284216890139805,0.968714857155622,0.00019793687997646,3.56519679434987e-05,0.00259270974504445,2.4518527048609e-08,4
"20066",3.23418235779346e-06,1.05745228306313e-09,0.939848892434942,0.0600613121650783,1.94455850581312e-06,8.38701662918807e-05,4.93955411689049e-07,2.51479960366412e-07,3
"20068",1.88308043054372e-05,7.18666244664939e-05,3.57953038847889e-07,0.000912156497912179,0.0132592869326746,1.93635080476721e-08,0.984968855233991,0.000768626590103383,7
"20070",1.2073061155921e-05,0.0160577657630729,9.04535399318267e-07,0.00118582165363165,0.0266447199191976,4.41354055732261e-06,0.956061502401916,3.27991250694294e-05,7
"20072",6.94780088830207e-09,2.01860126762321e-07,0.726319683783097,0.253456436130878,0.0151430020823073,3.46474161598657e-05,5.09395682596895e-05,0.00499508221136974,3
"20074",0.999799252354724,1.86831336313479e-08,1.95545258908646e-09,2.90026033098269e-08,6.09950382674247e-08,2.87122415996412e-11,2.82634869582003e-05,0.000172373493377764,1
"20076",0.614121685399517,1.29883231263222e-07,0.000344969696955065,0.0429653622541942,0.000279249353795758,6.91862700793632e-09,0.0263315337389373,0.315957062754743,1
"20078",2.48356227519483e-05,5.40994541263192e-05,0.0335363942906077,0.960693755198913,0.00193131872498541,0.000591787935791701,0.00316766227180572,1.46501017960378e-07,4
"20080",3.81573135752783e-09,1.43033933507916e-08,0.967945115511742,0.0227120363919284,0.000142324100548397,0.00920042871177594,7.71561700013778e-08,8.71100498766036e-12,3
"20082",5.03022880140671e-09,0.00146074981811152,0.00040163503536977,0.000203836216485991,3.41584583513429e-06,0.997930122951142,2.35101680078872e-07,1.1472555728187e-12,6
"20084",0.0164055739369674,0.000167803569374711,0.0585990067242961,0.916304237776252,0.000295882062807245,0.00668552252740015,0.00154191996083194,5.34420700491942e-08,4
"20087",1.66936957243394e-07,3.36617173432646e-05,0.173052270686137,0.735587793235818,0.0873309158264075,0.000258888283244283,0.00371756116909005,1.87421450023136e-05,4
"20090",2.69486548693355e-08,6.91316092325385e-07,0.819050737039507,0.0109384286018302,0.0330488511363469,0.136960162173056,1.10276373512749e-06,2.07777271112371e-11,3
"20092",4.05114578155735e-09,0.921932745164533,0.000113694581312037,0.00974001067729397,0.0589924755534974,0.00739884408317772,0.00175782746086349,6.43984281767553e-05,2
"20096",0.00119862047578379,0.911252105809686,3.17797418972495e-05,0.0137842911058697,0.0212684607574189,0.00541821118829403,0.0470457764600052,7.54461045416976e-07,2
"20098",0.111715462507267,1.95094137020427e-05,1.47641359398076e-06,0.00284466668883878,0.00036514305125639,3.85148127057127e-07,0.885051730637943,1.62613927151175e-06,7
"20101",0.00010604035380244,4.96497382678546e-07,0.780509992348039,0.209012053136887,0.000479954038727808,0.00987686559653105,1.45973304566299e-05,6.98172943628835e-10,3
"20104",1.57475393546014e-05,0.985705655916236,1.87175954808642e-08,5.71973134176944e-05,4.98337562094218e-05,7.9476862950521e-06,0.0068447551148362,0.00731884395605509,2
"20106",4.1650155727288e-05,2.14388691586663e-08,0.659627884361528,0.330741586939322,0.0089844904569148,0.000438333272876398,0.000166030109533843,3.26522813865003e-09,3
"20108",0.00553299330235069,9.97087381921529e-06,1.85551636196899e-06,0.00581434783797157,2.60761711990147e-05,2.08466582823618e-08,0.988548587728237,6.61477234024591e-05,7
"20110",0.1045785808381,0.18149575687197,0.000212601248172083,0.00643217375241145,0.480161767076195,0.0239586723574776,0.203160372294099,7.55615743273572e-08,5
"20112",1.10223869846052e-05,2.95374062244974e-05,0.353174154252632,0.118781894763469,0.490003382068341,0.0349871964513557,0.00301280425336239,8.41763060346172e-09,5
"20114",0.0163831914375982,1.86957906994474e-05,0.0106126565876505,0.966764047916609,1.48896705676251e-05,0.000252268708596676,0.0059540370253925,2.12862886155165e-07,4
"20116",0.00793540542267242,2.48741298766909e-08,0.0556789013429077,0.935644638007253,4.491300729027e-05,3.50270335307552e-06,0.000681073997775205,1.1540644617865e-05,4
"20118",0.0282874140929289,6.77329162093823e-05,0.000382719814588866,0.669333429789449,0.000440895940029785,2.75270496612864e-05,0.301459688516655,5.918804781602e-07,4
"20120",0.000673034982212333,2.87608975014592e-05,0.313191954635466,0.508755718461549,0.00954597102776348,0.165943267068745,0.00186129243161834,4.95144278197621e-10,4
"20122",0.999036237693348,4.41365371793879e-08,4.38454728004566e-08,1.9699987789281e-05,2.83443927412681e-07,4.92710635523065e-10,0.000938454724682631,5.23567553259296e-06,1
"20124",6.25715566637012e-10,3.58914645880128e-06,0.74554639477871,0.245570487322169,0.00130183547028486,0.00757697438250987,6.59903800744263e-07,5.83703506113645e-08,3
"20126",7.15142746928919e-08,0.0382148143654071,0.00177802468547749,0.00192056152177215,4.73468017780841e-05,0.958039035504962,1.09374487181894e-07,3.62318416798061e-08,6
"20128",5.07634353447199e-11,1.12092449111155e-05,0.103801564986092,0.000149733901469288,1.522514092031e-05,0.89602226654725,8.81879480309850e-11,4.04059181058034e-11,6
"20141",0.0124937183643231,0.778585619246728,5.45678875038405e-08,0.00102261953711965,3.91759364223689e-05,7.04240726865325e-05,0.207777236183021,1.11520918120747e-05,2
"20143",0.999982939435117,8.12487301068993e-09,1.64026933659917e-09,3.47703481549848e-08,7.15658659912743e-09,6.98246937268699e-11,1.46607047817901e-05,2.34809819945648e-06,1
"20145",2.32440337523622e-06,7.88016054401476e-06,0.166837311281998,0.808624798977097,0.0101642050690663,0.0128057278623843,0.00155775184341059,4.02124225139186e-10,4
"20147",1.18394645342835e-06,1.52657809230252e-07,0.0906962514986603,0.908541732399999,0.00044945435957775,0.000184201913735681,0.000127019646624789,3.57713942071394e-09,4
"20149",0.999055707361646,3.23866298744565e-07,4.30950281656093e-09,1.75154477468745e-06,4.07216824789245e-07,4.75228762416089e-10,0.000939269416538009,2.53580918612354e-06,1
"20151",0.0310826043471105,6.4470397418895e-06,2.4339477706336e-06,0.00176719198051715,0.00049933595110371,1.40872030841763e-07,0.96664067152955,1.17433217495568e-06,7
"20153",0.580656653921394,0.00555400836320874,4.24227396635989e-05,0.00270435482725745,0.00425648742524763,0.00152472603360598,0.405261332370939,1.43186835582275e-08,1
"20155",1.92923031427013e-07,9.95438733533939e-08,0.545490875035228,0.389228839190633,0.0644824329706618,0.000779499397809311,1.80343309407388e-05,2.66078227002778e-08,3
"20157",0.33706113138066,2.18485193971538e-05,1.51884928058181e-06,0.00062580367867875,5.64038253997925e-05,4.61273591862527e-07,0.662231688700406,1.14377258569279e-06,7
"20160",0.999975774940343,1.3271587060102e-08,3.3693802885694e-09,9.129145096014e-08,1.13737704870504e-08,2.5437627118277e-10,2.38007123704476e-05,3.04786721093141e-07,1
"20162",0.994884350687617,1.7650354465265e-07,1.54910473378896e-09,9.38492108985437e-07,2.50460083222072e-07,1.56636728380266e-10,0.00511099788140191,3.28426950227992e-06,1
"20164",0.944847409238807,2.80208941978079e-05,2.90646553458992e-06,0.00011589127752651,0.0009265656732423,7.98107588699845e-07,0.0540773037401708,1.10460293225355e-06,1
"20166",0.000392971104225118,2.37867940731775e-09,0.959977427273607,0.0395121627014861,3.56089771918605e-05,6.27459877085459e-06,7.62971499676974e-06,6.79232510426693e-05,3
"20168",0.000427815933133799,3.22970283585096e-08,0.00124520964115915,0.00018668197384305,4.81389418200275e-06,2.42591161321833e-08,2.95814166015397e-06,0.998132463859877,8
"20170",0.205263466661133,0.000255320138634696,7.75921778451421e-07,0.00579009988622813,0.000199994404353317,1.248604836151e-06,0.788488404058409,6.90324627366645e-07,7
"20172",4.77835164385036e-09,2.33029710050085e-06,0.0788558278377939,0.917637140907067,0.00181827341480729,0.00149606134156782,0.000190355404697468,6.01861460194474e-09,4
"20174",0.103375539876896,3.17386344162385e-06,2.1230378105434e-08,9.87209141765248e-05,2.3183808867022e-05,1.14640518554514e-10,0.773741468636125,0.122757891555475,7
"20176",1.41534072953764e-06,1.63168853528167e-08,1.87054033335719e-05,3.09345909217401e-05,6.29458455914929e-06,5.0659705665817e-10,1.49866921900313e-05,0.999927646564784,8
"20178",0.999988617410482,1.51524410197587e-08,4.71416741061645e-09,6.72273841479832e-08,1.32591920457206e-08,6.61791123400634e-10,1.11522748506446e-05,1.29299692087993e-07,1
"20181",0.00372667804395961,3.24787094962292e-09,0.741296169123557,0.254906471850602,1.21738662994305e-05,3.46458470402619e-05,2.32710133111023e-05,5.87007359749001e-07,3
"20183",3.31384314420819e-06,0.0044404493588705,3.647907968506e-05,0.0901058170335467,0.00972773283652774,6.57690331522697e-05,0.895618151198817,2.28761625636427e-06,7
"20186",6.78460091806343e-08,0.0337618035421465,0.000990961774518722,0.167296891982143,0.204744354274203,0.000300982249883248,0.588867082582913,0.00403785574818267,7
"20188",0.999766609100648,6.08762290863817e-08,3.40465081109424e-09,1.38590012726123e-07,7.95424885478429e-08,5.39184313695539e-10,0.00023289568731973,2.12259467011427e-07,1
"20190",7.79226192102698e-08,1.15751436727862e-09,0.927678437271116,0.0720882726922783,0.000133002945263648,9.76420091576847e-05,2.55887413888649e-06,7.12791158751882e-09,3
"20193",0.984146580594838,5.5513646734096e-08,0.00108333753016647,4.16957476591487e-05,0.000115947131330197,1.01630300354615e-07,7.90452385780595e-05,0.0145332366134808,1
"20195",0.770053066621468,7.31816284119497e-06,5.95137160597248e-05,0.00222030576052494,0.00469428072416364,2.46203566241973e-06,0.22296178628461,1.26669467059751e-06,1
"20197",2.04258829177132e-08,1.0717332005319e-06,0.239894848294763,0.728106426479205,0.0308070962076944,0.000996267376536125,0.000194239698244632,2.97844728845482e-08,4
"20199",0.908117742314762,5.76515544545034e-05,2.5492498333843e-08,3.74545654495893e-05,5.56200395694408e-05,8.24213467737275e-08,0.0917309329804893,4.90631430385061e-07,1
"20205",1.17636016097802e-09,0.0562066220170514,2.89699542279848e-05,3.06548863660236e-05,0.000970690626539993,0.942761170234666,1.89108049412376e-06,2.429385505132e-11,6
"20208",0.00611872240896655,9.17080356770973e-06,1.89088896476293e-05,0.0117417636465786,0.00288820844194311,5.55016046082465e-07,0.979207572293345,1.50984999056102e-05,7
"20210",0.980934777890229,5.9048910681015e-07,6.22894066470124e-09,4.49183166301836e-06,1.49836633814714e-06,1.22650167997912e-09,0.0190572923685129,1.34159870759101e-06,1
"20212",0.813511907236204,4.80262810195692e-06,2.46910365572731e-06,0.00036847305502253,0.000306105488699938,2.50706226037492e-07,0.185803567591955,2.42419013512682e-06,1
"20216",1.74252056729597e-05,5.45855721973876e-08,0.12981224400571,0.869680085054824,0.000116760003013266,9.90070519696228e-05,0.000274347139458617,7.69537794450241e-08,4
"20219",2.787874507651e-05,0.0125565461535478,0.052970449695104,0.191948904196123,0.0160877697554531,0.72531946181634,0.00108898885834942,7.80005880024542e-10,6
"20223",3.66241387398062e-11,5.03937841229797e-08,0.996017138277914,0.00232453126562964,0.00127548452741254,9.68324033978776e-05,4.87144222299639e-08,0.000285914380815832,3
"20226",5.886165805701e-05,1.93892212361987e-05,0.000258105827502192,0.0016884590549705,0.980081565037213,7.06209187227495e-05,0.0178229581123127,4.01699856494613e-08,5
"20230",5.55680781370833e-09,4.52410571671916e-09,0.966545150414991,0.0329815035613762,4.48294974447537e-05,0.000427945981799634,5.5672267658592e-07,3.74079784675917e-09,3
"20233",1.5834291686871e-07,0.99962554419968,9.18715318134033e-10,4.34276637062988e-08,3.54171016441804e-06,0.000355353186796662,1.53554034614972e-05,2.81060162439852e-09,2
"20235",1.32416234682267e-09,0.000450927945615012,0.649504104233314,0.150656231604129,0.15693915184893,0.0423407394099672,1.14541249275142e-05,9.73895089552572e-05,3
"20239",4.23237711018038e-07,4.53508559037051e-05,0.233184563732562,0.496325893665174,0.267243093588304,0.000168854815117144,0.000967656827055403,0.00206416327817232,4
"20254",2.23026514806303e-10,0.000276385243690828,0.000562184980409279,6.61273414576314e-05,1.03169536860617e-05,0.999084966548011,1.87095993496272e-08,1.19181980453902e-13,6
"20256",9.48147745658319e-10,5.07654808272987e-07,0.289043538880905,0.709997337345335,0.000348245304184811,0.000607603434472147,2.63057586867858e-06,1.35856278170596e-07,4
"20262",0.498048569891947,1.02724498348414e-05,5.46715145756114e-07,0.00127041161403883,6.00519870804635e-05,1.10274954522958e-07,0.500609123171702,9.13895296698366e-07,7
"20270",0.00268416830984915,2.48112177043137e-07,0.815004886010885,0.171059022995288,0.000520328884198081,1.9289908355658e-05,0.0087625357574394,0.00194952002180688,3
"20284",8.57561495233522e-06,0.414160076263883,0.000550133008565086,0.0216533760829609,0.0889338301020442,0.0771799880472128,0.397513892034092,1.28846289814529e-07,2
"20287",3.6896274247535e-11,6.49168384148731e-10,0.998014891469619,0.00135965365002798,0.000412755067730616,0.00021268985195786,3.0492133172089e-09,6.22538598721528e-09,3
"20290",1.02160010756674e-05,0.0337688500950987,0.000266592041032629,0.000585723181414434,0.00493889713634187,0.959621771373749,0.000807950114289163,5.69981078492973e-11,6
"20293",3.40759006998647e-07,1.23083483713415e-05,0.00341238138555629,0.995223824668653,0.000100313435278068,0.00015906141029356,0.00109173056577079,3.9427070552164e-08,4
"20296",0.641657355255333,1.49006645093356e-07,0.000253238792266051,0.0457264983198114,0.000502870419632877,5.11775144631758e-09,0.295598765322106,0.0162611177664547,1
"20301",5.7135715887152e-07,4.36307576865745e-10,0.999216806382738,0.000184080599717124,6.50646224635593e-05,0.000533473738092583,2.02584752292423e-09,8.37675302465139e-10,3
"20304",1.38251780026194e-08,0.00714642421179227,0.000314892674373379,0.00177558067114867,2.86094999939415e-06,0.990759294656762,9.33003285822674e-07,7.46089039430374e-12,6
"20306",1.57291252628662e-10,7.26197091502373e-07,0.940805001914441,0.0515082256689724,0.000214076592662641,0.00747118250780198,7.81783804759074e-07,5.17793471363942e-09,3
"20309",3.68253159029502e-05,5.90453397851342e-05,0.0196047037028829,0.733249921780303,0.165256237414812,0.00267603865209992,0.0791168651286238,3.62665590043557e-07,4
"20311",0.000184982615597127,1.17302682619197e-05,0.211238068857636,0.786319269582562,0.000742611180845637,0.00067731349393219,0.000825522047270232,5.01953895000998e-07,4
"20314",0.0108226268056759,4.03347784705978e-05,1.92206078005906e-05,0.0236473813208492,0.000942195737732122,4.59439381918238e-06,0.96452348540319,1.60952462299746e-07,7
"20318",0.999935651537152,1.2284263515413e-08,1.47231178923956e-06,2.35635523616505e-06,3.31653628583564e-08,4.80882115773359e-09,5.75892302263984e-05,2.88030714838812e-06,1
"20320",0.000756397994392448,0.00387180272344763,4.41919423085437e-05,0.00120078678269475,0.619856881205211,0.000121835146091856,0.374142382779236,5.72142661824213e-06,5
"20326",0.0284858501608434,0.000148800591212517,2.78714154824901e-05,0.0355558080500167,0.000425982165502278,1.09327247689758e-05,0.935344337396368,4.17495805975796e-07,7
"20328",3.79743859349652e-06,0.0078119149874812,2.11531995510189e-05,0.00489861868233868,0.257962117662898,9.89631500203312e-05,0.729200427742614,3.00713650381976e-06,7
"20330",2.15877706515025e-07,3.04953188945862e-05,0.0754577243302312,0.0183999495381644,0.902655544413246,0.00342059480409863,3.52438859646908e-05,2.31831693892022e-07,5
"20336",2.37681242456404e-07,0.417071023433853,0.000486375234285031,0.0680599377102992,0.00393681156049954,0.500740881825924,0.00970472955297328,3.00092306934515e-09,6
"20338",6.80229480959287e-05,0.0887366418543844,0.00120528692227673,0.0301501449141372,0.00413653665577951,0.875472950681488,0.000230415092735582,9.31103195319578e-10,6
"20340",4.52861958170512e-09,4.38914915608826e-08,0.942047769086953,0.0552496662591839,9.73378269215184e-05,0.00260504490126748,1.21262765522959e-07,1.22427978808756e-08,3
"20342",0.000174729094170347,0.872014922998153,0.000424489117495283,1.16988879641738e-05,0.0170307146767086,0.110302891670092,2.57349766084631e-05,1.48185788080961e-05,2
"20344",1.0252751530429e-07,2.20302164129502e-06,0.420206978013309,0.577253573655038,0.000395246653171232,0.00177777247183485,0.000364002546761694,1.2111072801669e-07,4
"20349",6.50610612117971e-10,1.41060240345491e-07,0.7568741509358,0.242521601683516,4.72871518318486e-05,0.000554355988889762,2.40584436854268e-06,5.66847434033356e-08,3
"20351",4.82052321826061e-05,5.73530601115772e-05,0.00680619806932104,0.986799858389955,0.00166768982695869,0.00253308471163964,0.00208754208726217,6.86225694883412e-08,4
"20353",7.20474518195964e-09,2.65436829150084e-05,0.141304862692561,0.0245792497023555,0.768524086501432,0.06554752315032,1.77245977525891e-05,2.46791840497427e-09,5
"20357",3.59355680557374e-11,0.00856956910578749,0.000316680763821658,4.26778200963628e-05,0.00180836668354128,0.989262248512723,4.57060821774907e-07,1.72726172848285e-11,6
"20360",3.31733047114309e-07,0.0777883592284065,0.00409572914601292,0.000476324647035972,0.815709803339311,0.101761116190956,1.30374567066306e-05,0.000155298258524223,5
"20364",3.57058578092932e-06,7.17430003917439e-06,0.136004151147852,0.391767797803247,0.455851225929955,0.00629057564855998,0.010075495604495,8.98007027731014e-09,5
"20366",4.41815957873538e-06,0.646752522875958,2.93638809857351e-05,0.00539804536106618,0.000744004376153214,0.34462624835795,0.00244539488835922,2.09994903213965e-09,2
"20381",0.0117500295437364,5.75312802685969e-05,1.42718773351424e-08,5.84168864760243e-06,2.77173589975049e-06,3.35543952454748e-10,0.00232631360395509,0.985857497540071,8
"20391",6.27720450815487e-09,0.0253315042050723,0.0314501500245157,0.153145359695555,0.566341646652956,0.00157924493796683,0.0059566340389625,0.216195454167767,5
"20394",0.000386992967101939,0.000110293027845393,1.14264228959351e-06,0.00182758550921371,0.0217772250513822,2.31195727888086e-08,0.974387136258436,0.0015096014241587,7
"20396",0.0052800891900123,6.77911821614262e-06,4.02156823978808e-09,9.02527345298863e-06,4.4214258628129e-05,2.6357632731745e-11,0.296440606098522,0.698219282013243,8
"20409",0.0937695616014608,3.69356535284801e-05,0.035530203094118,0.786588722765743,0.000129351378153068,0.000343347255663634,0.0836002125333365,1.66571799628911e-06,4
"20411",4.31276921945016e-10,0.000334307678639216,0.237008627233597,0.383849993657534,0.0336900483358733,0.345096327682413,2.06925821942701e-05,2.3984727047961e-09,4
"20416",5.91265566040357e-13,2.3122498438991e-05,0.0101357451852524,4.87277946447094e-05,1.4773545785502e-05,0.989777630860157,1.11873928368309e-10,3.25600257682636e-12,6
"20418",0.0297593081200396,2.67411847027124e-06,3.52977581045153e-09,8.34260431271701e-06,4.9755844631099e-06,1.50647893487631e-11,0.224785459531132,0.745439236496742,8
"20420",4.96609609090344e-06,0.997342457563868,1.37817840270186e-08,8.09472978158943e-06,4.18428795556411e-05,0.00198174621796529,0.00062086661717056,1.21137838074998e-08,2
"20422",1.49852314302836e-05,3.2859602310343e-08,0.941633200700754,0.0281408813362731,0.0289170347916209,0.00123862233049229,5.52338683869705e-05,8.88144095613535e-09,3
"20424",1.90253403387195e-09,5.74526614575558e-05,0.372450000225148,0.312652208822563,0.127857956083396,0.186965701029832,1.66780394956893e-05,1.23557334189264e-09,3
"20426",0.00015715553591769,0.353828159049437,2.19019576099013e-06,6.22842726488351e-07,5.38880611278173e-05,0.645952997547875,4.98663819414029e-06,1.28960303623837e-10,6
"20428",1.42659173323314e-06,5.29154832164097e-07,0.025542939984113,0.913163804394053,0.0566853623815956,1.94607956682227e-06,0.00387399016589786,0.000730001248208821,4
"20431",0.0662298472484561,0.000429565973524839,0.00234246605033171,0.0168092075103151,0.363906934664275,0.00208222039461204,0.548199281467697,4.76690788490602e-07,7
"20433",6.52220290136392e-10,1.77868905114603e-09,0.996066908095476,0.00378755760496253,0.000112034613629047,7.89068917393785e-06,2.71993165188204e-08,2.55793665321249e-05,3
"20436",2.15364530722893e-06,1.6399408829218e-08,0.00150083342334003,0.00143515448606997,1.66392294906287e-05,1.12625678173961e-08,4.67635091985977e-06,0.997040515202896,8
"20439",0.110522044512698,6.35142956501837e-06,1.62951144236404e-08,4.16216889890643e-05,2.79634844523617e-05,6.13260751335849e-11,0.686809982910089,0.202592019617766,7
"20441",6.1603992325829e-08,0.0391681564923945,9.28052399155028e-05,0.000364186460540822,0.0154027420963899,0.944963247664429,8.80037106785939e-06,7.12696808096885e-11,6
"20444",0.99987808573167,2.23735617281402e-08,1.30177614841926e-09,1.09936680912972e-07,2.3965764946431e-08,1.13410309405308e-10,0.00012105301518779,7.03561948306917e-07,1
"20448",0.115492421974115,0.00242463664384194,0.000259919727691347,0.0602399206497185,9.24336767914845e-05,0.000129888579720622,0.821263292270295,9.7486477825961e-05,7
"20536",2.7070942480332e-06,2.34696939970717e-05,1.65228668270072e-06,0.00182202419102988,0.0039968464155776,3.4905811599738e-09,0.138775592984395,0.855377703843488,8
"20538",1.83357697463507e-07,0.190047439358996,0.00309079743361164,0.708435541245055,0.000149366395424164,0.0926274004820027,0.00564796227528308,1.3094519299979e-06,4
"20541",6.31171996968504e-10,3.06204993261021e-06,0.655033063658426,0.0180287847109134,0.00203986317032897,0.324895080466075,1.45305577984582e-07,7.57357529361922e-12,3
