"","V1","V2","V3","V4","V5","V6","V7","best$classification"
"19812",0.926432401191802,0.0022834906581393,0.000430349938466671,0.00136193226995823,0.069320164413357,0.000171661528276724,1.10075087235588e-22,1
"19814",0.102843889324005,0.00108121643264839,2.65858332514911e-08,2.90007334881704e-06,0.895875385700464,6.34098587446956e-07,0.000195947785112863,5
"19816",0.197109387711275,0.00170942974574376,7.83336944949801e-12,0.801179901025331,2.57355946153181e-13,1.28150956015036e-06,3.81441427909709e-23,4
"19818",0.990248418869102,0.00424588484388875,3.3731331080823e-08,0.00240041033912882,0.00309543996185009,9.25060800029095e-06,5.61646698683908e-07,1
"19820",7.07541720402444e-06,0.00466983446954968,1.60714017577277e-08,0.995323074041845,3.73543270094982e-67,1.89713240392471e-28,5.17639806374542e-56,4
"19822",2.34787017082875e-06,0.991190128253298,0.00703262488552002,0.00177489899101095,7.82778770408447e-76,1.03045678808157e-29,8.42529738807085e-46,2
"19824",3.1932026953699e-05,0.884903491801898,6.01837121305054e-09,0.115064570151845,5.14328716003774e-38,9.3245977894582e-13,1.10909546071266e-17,2
"19826",0.886768826084504,0.0275320352803613,1.81257811467414e-09,1.97385195032674e-05,0.000892686028056003,0.0847867122749871,9.95395354766554e-15,1
"19828",0.0210080815072786,0.019014916107677,6.39508062834907e-07,0.959976362876982,1.18987231089411e-31,2.56184939959446e-19,6.35161809307923e-29,4
"19830",0.981487896953328,0.0127514711129217,0.00321555764152379,4.23117644858839e-12,0.000371438782404837,0.00217363550559074,2.5972266433012e-17,1
"19832",0.032006278293052,0.0182998947917129,0.944489139353064,0.00520468755594161,6.22962555509736e-12,5.89180859867159e-22,1.76193550464957e-46,3
"19834",0.808137829358273,0.0439163441321348,1.35555576913734e-06,0.147944470953823,2.44830040961819e-17,1.9675849400073e-17,3.61273292520457e-25,1
"19836",0.944622090228431,0.007513638806602,1.94302127237738e-05,0.00137214219664262,2.67218244631069e-08,0.046472671833776,2.10016613634396e-36,1
"19838",0.0120525675479006,3.60938470915675e-05,7.02483401508086e-06,5.89276593186727e-13,0.987904270931344,4.2737651347393e-08,1.01408259174955e-10,5
"19840",0.837691324576524,0.0120107819314434,3.895343633313e-13,0.150295881438718,2.59981041043648e-13,2.01205266524675e-06,1.20501589988335e-32,1
"19842",3.96624578533508e-06,0.000440610104545275,2.11372810455791e-09,2.84839479237767e-26,5.17978977670308e-11,0.999555421484143,8.14166672989193e-21,6
"19844",5.58260731068253e-15,0.0424326856479794,9.66455376216437e-12,3.46238474775629e-20,4.71416574554348e-36,2.08046960748423e-11,0.957567314321546,7
"19846",0.000366933221717997,0.000134759148577839,4.24555899806158e-09,2.97419521285079e-19,0.93402827513829,0.0468887723921817,0.0185812558536736,5
"19848",0.00260932968269155,0.000213047617433208,4.72416699385002e-08,2.28399383056208e-16,0.0791731090339566,0.0149032553514121,0.903101211072836,7
"19850",0.0102565981800708,0.0139699277652189,1.04657388188262e-08,2.855370174989e-11,0.975208398624441,7.75729054712189e-08,0.000564987363071804,5
"19852",0.507442987487204,0.00240706664326993,6.29529239964284e-08,0.490148370307227,1.33134232979107e-06,1.81262415148813e-07,4.63048024376752e-12,1
"19854",0.0159472332715883,0.0006298600143525,7.54634478651981e-07,3.59295633611845e-15,0.0853025125341827,0.0511582969171305,0.846961342628264,7
"19856",6.79168500166529e-05,0.997868198987366,1.14487197681762e-08,1.56587884952518e-15,8.33336239400636e-19,3.97857090901892e-08,0.00206383292818687,2
"19858",1.82508431695175e-06,0.999962077455544,6.16487748206528e-07,2.45754312952021e-07,1.86406924969782e-24,1.32207149428222e-15,3.52352180760254e-05,2
"19860",0.575340360961796,0.00681995932377682,1.48403265867306e-09,0.417677269832298,0.00016214007022395,2.68327872584884e-07,3.33008909430904e-19,1
"19862",7.20965179506214e-05,2.65280030399281e-05,5.57899341832151e-09,1.02126091847449e-21,0.996402078115336,0.00349929178036009,4.32018208599984e-12,5
"19864",1.66968575901608e-14,0.00905793218144701,3.28554963719529e-07,3.37012658256765e-26,3.62788282529408e-56,0.990941739263573,1.02245135588259e-43,6
"19866",0.526491033644102,0.348980019254629,5.64016206589029e-11,0.124238986443411,7.95637585637187e-28,0.000289960601456349,9.68349190790821e-38,1
"19868",9.35810999526462e-17,1.34448633139737e-06,0.999998655513669,4.87166602211491e-32,1.65948470384064e-66,1.16857796162556e-36,9.12831719063731e-49,3
"19870",0.225614553323484,0.0012987861431699,3.43206125290892e-07,5.56131427771037e-10,0.635211069745936,0.137875244084894,2.94025900191304e-09,5
"19873",0.942512593607234,0.0368359330399236,5.15643932736688e-10,0.000722751822099958,0.000235779011502479,0.0196929420034271,1.69023147453665e-13,1
"19875",0.0126571243033025,0.00737910704880069,1.589383969736e-08,0.979963752754057,1.17324014045512e-20,9.73861985705042e-18,1.6640573012606e-39,4
"19877",0.927133752614939,0.00416053278791598,2.50851558880216e-06,8.61807588212715e-05,0.0658823962746863,0.00273456007500255,6.89730463529954e-08,1
"19879",0.996041911038216,0.0031308987340658,1.12461128865328e-05,0.000809315706768148,4.47635869957112e-11,6.62781641304431e-06,5.46886513311978e-10,1
"19881",0.878063491897378,0.0525495453039736,5.34444592502387e-08,1.33995256229927e-07,3.63075222760136e-05,0.0693504677908464,4.5810679380109e-11,1
"19883",0.0502126391518885,0.00457162961727434,4.27020498533674e-10,2.19975889676239e-10,0.000260469811516332,0.944955260772324,7.06512781326474e-16,6
"19899",0.968837703490295,0.0311411069448348,9.09574320249966e-06,1.18044545354777e-05,1.6010863056265e-15,2.89367130380206e-07,5.85016259774986e-32,1
"19908",3.93977313386808e-09,0.999999879423689,1.16632366686536e-07,8.64931788395319e-18,9.40313131911191e-62,4.17143096752328e-12,8.78737089327523e-41,2
"19910",0.884227766780582,0.00244452091039534,1.38681310588075e-07,0.112205737035978,5.90263212537519e-06,0.00111593381437496,1.4523337358162e-10,1
"19912",0.000301518428497711,0.00212058440358987,1.44096428422171e-09,1.54037083206556e-24,1.79277828319472e-05,0.997559967943929,1.86941803066625e-13,6
"19914",0.978505280101012,0.0142095817556467,7.6642436392829e-05,0.00720832374042862,5.19163052540348e-10,1.71446574378829e-07,7.82106307428405e-13,1
"19916",8.88213032350511e-09,0.999997907776366,6.53736623369203e-09,1.96448190651063e-06,1.19984745494634e-51,1.1232223060743e-07,4.1304955642789e-32,2
"19918",0.0665355279525764,0.00370690311349207,1.8201907972001e-10,1.02477091330134e-09,0.772614850206935,0.110590754951028,0.0465519625691776,5
"19920",0.00056081370386102,0.0011945045360499,3.04409132820849e-12,1.09083252599457e-14,0.00185463614802564,0.000175605724422032,0.996214439884586,7
"19922",4.65942031896007e-06,8.79827743130232e-07,0.999994428558639,3.21932982430853e-08,4.12816695381213e-16,1.82671152638828e-21,1.37378049302799e-42,3
"19924",0.973542771452579,0.0126118922390561,7.42197915414166e-08,4.66503583633795e-06,0.00211851629806942,0.00377040474941514,0.00795167600525232,1
"19926",0.980681907138555,0.0137459051740164,0.00551160451870406,9.97878068646135e-06,1.38070595425457e-17,5.06043880380794e-05,3.28729257859951e-38,1
"19928",3.26151063208328e-22,0.000125204034511936,1.07404608455738e-06,5.83758865947063e-42,1.71869442655909e-51,0.999873721919403,5.42162455295361e-40,6
"19930",0.0338504297733856,7.19335420062623e-05,3.80610191075325e-07,4.51352319140515e-07,0.965974015973194,0.000102788747522882,1.38119276646209e-12,5
"19932",0.00242157356500939,1.07592854019881e-05,1.7098500291768e-07,2.36254003668651e-13,0.997564014248658,3.14682553202846e-06,3.35090159879829e-07,5
"19934",0.582418980585065,0.0534099034818585,2.99627029526039e-06,0.364168119662779,1.01304958214288e-15,3.96453554298366e-16,6.5952178665261e-17,1
"19936",0.978239746645488,0.0188944190566073,0.000277147402650937,5.05011136422863e-06,0.00258359260310033,4.41807889615113e-08,4.04289310448472e-16,1
"19938",0.209390907023524,0.785609451852801,3.09610297440331e-05,0.00496868009392267,5.09085787587018e-48,9.06520422831925e-15,3.20552462048534e-21,2
"19940",0.835417920005917,0.00396162893018454,3.84509812078024e-08,0.000253058277945113,2.58406110191493e-06,0.160364770119166,1.54704771061676e-10,1
"19942",1.87927334621178e-12,0.00733613207174165,1.48911964424121e-10,3.05120232245959e-29,5.92155304400171e-34,0.992663867777467,1.3575856963538e-37,6
"19944",0.86475500454944,0.00833588101091013,1.23240693064401e-07,0.125211338874541,6.86473195368611e-09,0.00169764545963855,4.574758388179e-14,1
"19946",0.948934356737166,0.0135567426747657,3.03855534872102e-08,0.0373709367048603,8.99589224676325e-05,4.4528888367317e-05,3.44568681969e-06,1
"19948",2.71240855501307e-13,0.00048645021259204,1.17404310915197e-11,1.63053789705674e-27,3.35239115706158e-28,0.999513549775396,1.95669243583343e-31,6
"19950",8.4803801847762e-08,0.000799022966849233,2.0467456291071e-09,7.12280188960207e-22,1.03119022462906e-12,1.49158579425243e-08,0.999200875265714,7
"19952",2.71240855501307e-13,0.00048645021259204,1.17404310915197e-11,1.63053789705674e-27,3.35239115706158e-28,0.999513549775396,1.95669243583343e-31,6
"19954",0.00731994635980641,1.95133398793159e-05,4.440510327868e-08,3.98140629868381e-10,0.99249069191343,0.000169788521446095,1.506219438066e-08,5
"19956",3.27387033896494e-06,0.999980645318989,1.36405039756121e-05,7.40263035418133e-28,1.39103968206511e-08,2.42058017817124e-06,5.81612157036309e-09,2
"19958",1.20349231991742e-17,7.85882386105738e-10,0.999999999214118,1.55578649301685e-20,3.9372273496425e-43,3.20628704127017e-36,9.50793001231549e-42,3
"19962",0.066663278225506,0.933314879070228,1.47006187032672e-05,5.75305516039209e-06,7.31764445685531e-12,2.43852209348569e-10,1.38877923256508e-06,2
"19964",0.960669186108217,0.023968474634815,1.18766824672953e-05,4.04356545148517e-06,1.3561848511222e-06,0.0153450624437403,3.80457900614268e-10,1
"19966",0.12144986547211,0.874428634954683,3.79228201358445e-07,0.00412100592294591,8.35039224762335e-46,1.14422058983271e-07,2.55109548552254e-53,2
"19969",0.680668082650663,0.0279860793650372,7.22147482980811e-09,4.53050109126709e-09,0.218925150229765,0.0724206760025593,2.19426948546771e-21,1
"19972",0.00371455278021688,0.00167505368342203,1.42965815927265e-08,2.62523442720455e-15,1.78092874905352e-08,0.99460660841736,3.75301312886414e-06,6
"19974",5.49156105204596e-08,0.000369288652111096,7.85342375878114e-11,8.47544438668688e-29,2.70409476447787e-05,0.598156424757007,0.401447190649093,6
"19976",0.986673241872431,0.00912362642388218,6.92206433161863e-09,0.000101094834520228,0.000943999928963442,0.00306699462540371,9.10353927349167e-05,1
"19978",0.580805223376023,0.00492298584774335,1.24921524823415e-10,0.414212677634818,9.53379692559554e-08,5.901767850827e-05,1.63241514970034e-14,1
"19980",0.00088573944031052,0.00012131525628849,1.9906218498218e-08,2.21025364628138e-17,0.297483213754298,0.000151785099788149,0.701357926543096,7
"19982",0.0215558755004625,0.517403698640345,4.65823556665117e-06,3.8081443520079e-14,9.34005606644743e-07,5.5186178916711e-09,0.461034828099363,2
"19984",1.45541272846054e-07,0.0262130062281718,4.43183981189412e-11,2.09538878392725e-16,3.77445452251332e-18,4.00926507438812e-08,0.973786808093586,7
"19986",0.00565172619509089,0.0291655724800217,1.16180326397777e-06,0.965181539521623,1.74469082529083e-59,1.88483915231293e-18,3.01820715281647e-50,4
"19988",3.10592659155266e-06,0.00962836489714654,1.26124117744007e-06,0.990367267935085,1.29189924870042e-75,5.11751296494403e-32,2.93072114956439e-63,4
"19992",6.16254825948849e-05,0.00114132054542196,3.48353365121531e-09,0.99879705048845,5.56634489690159e-57,1.73596041425092e-29,1.37529773472643e-37,4
"19994",0.0334710929490714,3.76613973341347e-05,6.75584449031138e-06,4.38317572001473e-07,0.966339424571308,0.000144626920197622,2.65016419391626e-14,5
"19996",0.00130173134018351,0.00263942301960748,1.27700750828241e-09,0.996058844363201,5.98968005199115e-48,2.06754990421138e-24,2.62435637770887e-33,4
"19998",0.00639259697388665,0.99334690179792,8.97311041898587e-10,8.30051800464242e-12,2.49235393937592e-18,0.000260500322581778,2.75642142995977e-20,2
"20000",0.0308340525762759,0.010761410492904,0.958404264475357,1.29679915980108e-20,2.33500769697209e-07,3.89546933770841e-08,6.50812770558678e-29,3
"20003",0.93129436073294,0.0015121407705171,0.000299895916665944,3.00216014489593e-05,0.0652793452755912,0.00158423570283646,3.74886043894779e-28,1
"20005",0.000368108882551096,0.000164820700880188,5.19045529511825e-09,1.44840714042704e-19,4.83101713371897e-05,0.10995272479452,0.889466030260256,7
"20007",0.975404499188596,0.0169570597365547,6.82890103636491e-08,0.00763837274584066,1.22425514158203e-12,3.87737601830441e-11,1.0868491676851e-21,1
"20009",0.000176458974027426,0.999637221350703,1.6350645576377e-06,0.000184684610370203,5.43979698880229e-46,3.41277398172283e-13,2.28553019021774e-22,2
"20011",0.231479702313807,0.0105045827510725,2.0625826560704e-08,1.53780604190141e-10,5.89213630743509e-09,0.758014872310914,8.15952463087464e-07,6
"20013",0.275048715869977,0.00841614351719936,3.25645169754846e-08,9.30166293504898e-09,0.596211880146804,4.32521305320596e-05,0.120279966469307,5
"20016",0.000260792405239807,0.773363195678768,7.48560193006571e-05,0.226301155896692,8.4267248820306e-64,1.60603870228483e-22,6.64415434796622e-36,2
"20018",5.68822323222253e-26,7.38264954044998e-06,0.999992610668285,6.68217471766464e-09,7.54162358560341e-131,1.60864419221193e-60,2.94332435081497e-109,3
"20021",0.00858622911410046,0.0054186480371843,1.99140667827326e-06,0.985993131441869,1.30137118002073e-15,1.66821687014153e-13,7.93667649171004e-43,4
"20023",0.819741290832758,0.0255890716803601,1.55447501429239e-05,0.154654067407004,1.6494003543456e-13,2.53285262000633e-08,1.04310103016559e-12,1
"20025",8.08631317416014e-13,0.645414783650147,0.35380441677195,0.000780799577093892,6.36881085131039e-71,4.54932276706123e-45,2.71494467649881e-93,2
"20027",0.0157246292721732,0.00262979031693334,1.10696401627777e-07,9.17453153479522e-17,0.0017890702773849,0.979856399437107,3.33201823507817e-23,6
"20029",0.027297804775288,0.0240505904351369,5.442660213287e-11,3.76765928698257e-15,0.910905483091356,0.0377461216027932,4.09956855715461e-11,5
"20032",0.0194504107142723,7.8759543318651e-05,8.78099254299341e-06,2.07368322296031e-13,0.765634565549231,0.214827483200427,1.58429386780611e-15,5
"20034",1.3607899152838e-09,0.000775666802144125,1.01095826431968e-08,1.65657973015246e-22,5.27019726653e-25,0.999224321727483,3.0144204052665e-32,6
"20036",0.0567687573581367,0.943231237627812,2.13850740571599e-09,1.18761442495572e-09,9.68094498129268e-13,1.61668814279986e-09,7.02730644918842e-11,2
"20038",0.100646484400886,0.0070375499159961,9.10749854698703e-05,0.892224890697648,3.95995039924909e-35,2.75337617535993e-19,6.25560041391401e-56,4
"20040",7.03021706170418e-11,0.972699985061481,0.0261298100442221,0.0011702048239948,5.55317138991331e-90,1.24005853343312e-20,5.89116207428111e-49,2
"20043",0.00614533185680898,0.0261083458637725,1.05705791151148e-07,0.967746216573627,5.24748291758745e-24,1.01863400084007e-21,5.35626516696324e-31,4
"20045",1.31738355514906e-08,0.0226826782555642,0.00036852985335936,0.976948778717241,3.69001314956095e-79,1.14695784789978e-40,1.78630480774508e-47,4
"20048",1.11488214664277e-13,0.00218670393151291,1.42134258558469e-09,4.50898541145455e-25,2.99642879234392e-16,1.66404520754774e-15,0.997813294647031,7
"20051",0.16261248046113,0.819243881778728,2.8925311413891e-05,0.0181146524292673,6.00194607757821e-08,5.13597950255209e-25,1.40441605473889e-17,2
"20053",0.528805222218122,0.170769443201711,2.25177908530032e-08,0.300424929761314,2.63686744984666e-23,3.82283303693168e-07,1.77574430139002e-11,1
"20055",0.896727441696213,0.0888918441721023,0.0120704535312272,0.00231026060045698,4.00552355915429e-25,7.77042837728057e-17,2.38468442608047e-68,1
"20057",3.09061677308955e-31,1.94167224338302e-14,0.999999999999981,5.7845406003476e-47,1.01507586657935e-66,7.54695445750721e-37,3.92462648334379e-56,3
"20059",0.304942737838476,0.393412900982461,0.00421685987912276,0.29742747444031,2.77804684320128e-26,2.68596308453154e-08,1.07086724922047e-23,2
"20061",0.558837292746878,0.050274790048747,2.73195807634995e-07,0.390887593417283,4.45767688819073e-13,5.05908389085122e-08,1.16918630259973e-25,1
"20063",6.33575130849983e-22,0.99999998506896,1.49309425778312e-08,2.58364272933404e-16,1.00865948126377e-79,2.1502273704767e-23,9.75789967493213e-14,2
"20065",1.64403440727989e-09,0.00130130073217555,0.960422464696871,0.0382762329269196,2.4241861858992e-62,7.30852264858664e-49,1.55443931783321e-105,3
"20067",0.000585120155614824,0.0926183284276538,0.000107972645424381,0.906688578771306,1.47832635742651e-38,4.30669153521095e-29,3.04617222800604e-16,4
"20069",0.000405348475085004,0.000144251086365855,1.09377183497122e-08,3.30842824905375e-17,0.0311196798989811,4.65038530546279e-06,0.968326059216544,7
"20071",0.167596422639294,0.832402514131748,7.50342669428022e-08,6.19678380928076e-08,5.06637041814305e-22,9.26226853583388e-07,2.85407895496126e-32,2
"20073",0.00483991237222771,0.0710725519632984,3.0947263871193e-09,2.06825319775977e-09,3.03487297643466e-06,0.000484490674221463,0.923600004954296,7
"20075",5.90816506756071e-13,3.03983435701216e-08,0.999999969601066,2.41382034557554e-25,1.20253317977467e-42,1.05579230170674e-39,2.94946270198194e-63,3
"20077",0.166135513905025,0.000802206463605746,7.02131382815712e-13,0.833062279618601,5.74048896531648e-20,1.20562732201201e-11,9.81827398997442e-15,4
"20079",4.55864219821425e-06,0.999994887061536,3.938378679769e-10,5.53900529551745e-07,2.96018992429113e-21,9.80032149662457e-24,1.89864356782644e-12,2
"20081",0.441313956397248,0.12404862875235,0.117292182976848,0.317345231873554,5.13937616393787e-29,1.37620136137307e-23,3.89788642843998e-29,1
"20083",1.01587502586719e-07,0.99999986376162,3.42293746652292e-08,7.09989049507168e-19,7.86371294112452e-33,3.78256858874445e-12,4.17719732229258e-10,2
"20085",9.21352019085153e-07,0.0055031003528239,1.58420002512249e-05,0.994480136294906,5.49912899756901e-71,8.3494268423283e-36,2.17499454440884e-69,4
"20088",0.00789675402863382,0.00821719754422895,4.02724315584113e-06,0.983882021183981,2.12123313137956e-26,7.24273601786296e-23,3.81167096703257e-35,4
"20091",8.83114780042017e-08,5.42680467225047e-06,0.999994450045619,3.48382306624241e-08,1.73401592614884e-45,2.43877932581335e-36,3.0182917990518e-43,3
"20095",4.36267126779676e-06,0.999898156782526,1.62942573038659e-07,8.5963811417937e-15,3.93338323580948e-54,9.73153583626171e-05,2.24526207524643e-09,2
"20097",8.74865704136235e-07,0.00591150914822426,0.000138719526439938,0.993948896459632,4.8534042068052e-67,5.68138563668899e-41,3.5988955726118e-73,4
"20099",0.000134834494081443,0.999563787886505,1.45590310117357e-14,0.000138142338995211,1.42020776626931e-41,0.000163235280403917,5.62616812805023e-19,2
"20102",4.0412873853092e-10,0.173873449313116,0.826126550258407,7.26816980558685e-13,4.05370281940365e-32,3.40521588003735e-30,2.36209267748625e-11,3
"20105",0.00200588003298739,0.149320867168056,5.40450851178544e-10,0.848673252258506,7.4569301678925e-23,6.62691812323819e-25,6.88671640130968e-24,4
"20107",0.414222747631182,0.00305077413100645,3.24497115651488e-09,0.582726474992422,7.63900198993666e-32,4.18359294119074e-13,7.16868551019484e-31,4
"20109",0.00343553168985944,0.946062062479459,5.0955621311503e-11,0.0504882627129467,2.50553004201267e-22,1.42846741316594e-08,1.41287821051978e-05,2
"20111",1.79009738691372e-10,1.50711794806889e-09,0.999999998313872,1.34214868481581e-25,2.85320620034326e-20,6.61681147907501e-20,1.05170207908406e-26,3
"20113",0.909881502743897,0.0871203018380211,6.74196806364944e-10,0.00298594992576375,1.53332577050832e-29,1.22448181211521e-05,4.59230265746553e-43,1
"20115",0.0384188621171145,0.00213497135357554,0.943956102725392,1.21405032481498e-13,0.014819026170652,0.000671037633144675,4.60567365889879e-24,3
"20117",1.80819275922738e-12,2.98633730819084e-05,0.999970136619041,1.94178619816944e-21,1.6713705264574e-92,6.06841962417683e-12,4.1757906221647e-69,3
"20119",0.0209961698546702,0.953950040959596,1.98176275491009e-09,0.025051408426376,5.13050682160611e-46,2.37877759477816e-06,2.91344867241393e-58,2
"20121",0.100857076157328,0.00570076200806671,5.69322332679292e-07,0.89344159251227,9.33534920514345e-41,3.07319308612353e-15,3.43040822470704e-38,4
"20123",8.45386395265591e-09,3.30502779371991e-05,0.999966743787357,1.97480842285499e-07,4.41266430364798e-48,1.31297630844687e-42,1.56784381140836e-71,3
"20125",0.0111540197067403,0.000970521008505081,3.24213989340176e-07,3.2064104870035e-11,0.987811486966985,4.37457479461798e-08,6.36043259683327e-05,5
"20127",2.04316970770889e-07,0.0190765515268588,1.89419450008319e-08,0.980923225214225,1.44002924288283e-60,4.43505426602548e-35,4.72649711736996e-38,4
"20140",0.81316121309035,0.167006588135071,0.0198319247968491,2.73967250640005e-07,1.65761533542115e-28,1.04789510801486e-11,1.24581998206372e-50,1
"20142",2.97050624926216e-07,0.000886653075541731,3.52270536494075e-09,1.16883341316133e-20,2.43644807988435e-05,2.73044894175895e-10,0.999088681597284,7
"20144",0.0790787803432107,0.0493596751655187,0.818884206448941,1.20658363764651e-15,0.052677337809649,2.32666670159797e-10,1.31923913469885e-14,3
"20146",0.00898686942510087,0.991011955491549,5.23365659499991e-07,2.23501695750048e-10,2.35125160897682e-10,3.03950554571674e-13,6.51258760117577e-07,2
"20148",0.825726191941441,0.0183904345997374,1.16134904420349e-07,0.00023386520677404,0.155649387131941,4.98520216702101e-09,2.70163321819277e-17,1
"20150",5.42513759406822e-05,0.00033565356406084,2.62630160144473e-09,3.70282674740146e-23,0.516787492152972,0.0681057742896135,0.414716825991111,5
"20152",0.930503461703957,0.0107475714376767,1.34371788160883e-06,0.000347528412412995,0.0583752672080037,2.48275079098998e-05,1.21586385141645e-11,1
"20154",8.72612324241281e-12,0.00495061641551478,0.994917530416546,0.000131853159212759,3.71788389134524e-62,3.68193418071683e-57,2.1440044833501e-44,3
"20156",0.391248806354619,0.608589333607343,2.31565482364187e-05,0.000138702652052788,6.72221809105991e-23,7.27723149975008e-10,1.10025100620484e-10,2
"20159",0.000632567121628043,0.00383405877477074,1.69151666832245e-07,1.60191454754197e-17,6.02883739396418e-08,4.33679605976621e-05,0.995489776702963,7
"20161",1.22589822539558e-06,0.998436283153193,2.30753666072392e-07,1.03412306767081e-13,5.0664890568999e-15,9.88202220179466e-11,0.00156226009598652,2
"20163",0.70530267959081,0.287141559635779,0.00714207673045761,0.000326124063867155,8.7558564122886e-05,1.41496267478128e-09,6.41908037684181e-39,1
"20165",3.11144870047143e-07,0.995440060036915,5.41260341874569e-10,7.99231749298719e-06,2.66394930866416e-27,4.6056229578679e-20,0.00455163595946147,2
"20167",0.103147826101097,0.00115521056511061,3.53763958334988e-10,2.1406499058859e-05,0.89564874281978,1.32600788615557e-06,2.5487653303878e-05,5
"20169",2.21944578554725e-11,0.000598332311360119,5.76579910601733e-10,5.55057397683784e-24,6.86118187542441e-12,1.66167843046361e-13,0.999401667082838,7
"20171",2.73452872205577e-17,0.00544142830290054,0.994558102651275,4.69045824051742e-07,1.7471493418613e-86,2.98530834965095e-65,2.40976591478312e-50,3
"20173",2.47271765976973e-15,0.999999991623823,1.81490450898686e-11,3.58322676279997e-13,1.20177939392645e-47,8.35766765410191e-09,1.70476226358003e-17,2
"20175",0.940460924721107,0.00857114804018187,1.13342200805164e-06,2.86659930853786e-08,0.0248493666307895,0.026113438832944,3.95968697695725e-06,1
"20177",0.00453529266191745,0.995097122499308,1.08636255006166e-09,9.25490578490725e-06,1.21760890519304e-44,0.000358328846626963,6.43455834882326e-21,2
"20180",0.000551029694112968,0.025696056667231,0.000254662574239896,0.973498251064416,8.96656844141777e-48,5.26696128965543e-18,1.10771627346014e-78,4
"20182",7.64272237518031e-26,2.33224972775376e-06,0.999997663871642,4.85013422826549e-52,2.1516127401521e-38,2.8374349165795e-09,1.04119525260514e-09,3
"20184",0.00143531090915169,0.00414341470037617,1.20426480738507e-09,2.028078831195e-12,7.61033331967507e-05,1.39730351293515e-06,0.99434377254747,7
"20187",5.56977920024863e-06,0.854646291088405,1.98482360566141e-12,8.11748130363181e-12,4.51747572681696e-30,0.145348139122292,8.56873001421183e-16,2
"20189",0.249383714230561,0.0829532792658029,1.82464281027149e-10,0.667338621216357,1.00527667024171e-12,0.000324385103809531,2.46269638425743e-30,4
"20192",2.42000813874104e-12,0.188437600987171,0.811557600269317,4.79874109128191e-06,2.81650462368983e-52,1.7967277926021e-21,8.25795249896628e-72,3
"20194",5.80690050392175e-06,0.975777780449744,5.83075777166077e-13,3.05890935843162e-23,7.42790210229148e-15,0.02421468564674,1.72700242222822e-06,2
"20196",1.02836359936493e-05,0.12676161074375,0.236209258093828,0.637018847526429,1.80458665704342e-56,8.51301149754405e-34,5.93599990850957e-57,4
"20198",0.785711324915525,0.213395189007806,0.000628941631146061,0.000264489169428641,1.73911233371293e-09,5.35369795295104e-08,2.47578305866726e-15,1
"20204",0.00101741514736306,0.000300696490826373,2.74726841753111e-06,4.58096857160915e-16,0.958867022455842,1.37534758728648e-07,0.0398119811027914,5
"20207",0.00207896768522625,0.282391755974584,0.018623232235722,0.696906044104468,2.56323723694647e-43,7.43748687415879e-36,6.09781316131794e-26,4
"20209",0.00012543035612833,1.83944064906173e-06,0.99987252039899,4.02980288562083e-22,4.32340817873772e-12,2.09799909585483e-07,3.51480557166214e-56,3
"20211",1.44184255891411e-07,0.00021442069815069,0.999782063042624,3.37207496998287e-06,1.46514689488768e-38,6.27091523250645e-49,8.77954848689734e-57,3
"20215",0.0777622441383779,0.0169642075001559,2.35094488242772e-11,0.905273548337957,6.36698574722179e-22,4.01903040827007e-20,5.75660531461267e-34,4
"20218",4.86343382849248e-06,0.000336091547260265,4.26291793976323e-09,3.26565363133855e-19,0.00660321530137955,1.53646088755899e-09,0.993055823918153,7
"20222",0.00286358997934046,0.781653832027132,0.000487960527188062,0.214994617466339,9.53842516118068e-31,9.0635076697546e-36,4.20283320350818e-29,2
"20225",0.0101121626102746,0.988791926463376,0.000138805369604479,2.00384633604726e-17,0.000957105544519949,1.22157696367716e-11,9.26199274663851e-15,2
"20229",0.104863594692671,0.895087518196621,4.88861045619583e-05,1.006138866809e-09,6.0825771752881e-15,7.76480407215461e-16,7.3573452896584e-38,2
"20232",0.963900925964122,0.0358160661144969,4.80123833657159e-05,0.000234995108167594,1.79882537219235e-25,4.29847779056184e-10,1.65826844811391e-27,1
"20234",1.92555441814773e-15,0.0408367523198895,0.9079144238809,0.0512488237992085,2.06592208885195e-111,1.03980684764775e-41,5.61794513350488e-104,3
"20238",0.0512948611053302,0.224700445096017,1.34121281086149e-06,0.724003352585842,2.50582298269703e-36,9.39086501976446e-19,1.42677070613937e-31,4
"20253",0.0020514454962289,0.00327527836618566,9.2132246582364e-11,0.994673276045453,6.2311528278167e-42,1.0745835915696e-24,1.92636684344357e-43,4
"20255",0.048919391837251,8.39796551798104e-05,9.47013293506798e-05,9.13771613622083e-10,0.950901912229218,1.40348662829735e-08,3.62486724394788e-13,5
"20258",0.000340852084173803,0.0085677531385893,5.2523900625303e-08,0.991091342253336,7.11912101130872e-35,6.50738867681936e-21,6.3808711137484e-47,4
"20269",0.0179973117439531,0.260542430942341,1.51230590824704e-08,0.721460242181114,2.20681862660066e-16,6.84580837980972e-15,9.52598263378064e-12,4
"20271",0.000221487794106981,0.707170878322121,1.07006945878665e-08,0.292607622970905,5.37150716380656e-43,2.12172920999432e-10,2.71421266375771e-58,2
"20285",0.00146276341569362,0.926919472943528,5.94517652866853e-08,1.56505062585993e-17,2.08893472679118e-23,0.0716177041890127,6.43764171178105e-16,2
"20288",0.927531609947375,0.0433702491775562,2.20962054906441e-09,0.0290981386654477,1.2732333825373e-24,8.45418162291863e-16,8.36600848476501e-30,1
"20291",0.00388961311137409,0.0167079717303804,0.961464731075641,0.017937684082604,3.50492599895222e-54,3.69613904834575e-23,2.57439605091153e-41,3
"20295",7.9262967092194e-07,0.999763158190443,4.57375754640227e-08,0.000236001702801734,9.04092507235064e-26,1.73950851500629e-09,1.94086513035729e-25,2
"20298",0.0138019461334293,0.000284576242678576,2.26209194592771e-07,7.69073570316225e-14,0.985899375380918,1.38714444562354e-05,4.58924622392234e-09,5
"20302",0.0253673811677384,0.0825527107887221,6.08580958135784e-07,3.44814659840019e-12,3.91103311450431e-06,0.00706734029937285,0.885008048126646,7
"20305",0.00372748926324428,0.000135816954225373,8.43783209106582e-08,7.73057949794307e-16,0.995910043918326,0.000226565485882159,7.59113347160062e-17,5
"20307",0.0142475895915829,0.00590559197219198,1.08150012636835e-05,0.979836003434961,6.37926783968056e-41,1.49461557132957e-23,1.99472044272091e-38,4
"20310",1.25305112131951e-11,0.655410794703134,2.94423298188357e-06,0.344586261051354,3.79499060000469e-99,6.38940243377219e-37,6.02431563530985e-73,2
"20313",9.30998170717507e-10,0.00277384694454743,3.36189244577752e-10,2.67267861167558e-28,4.53067250227988e-19,0.000341334692413174,0.996884817095852,7
"20315",0.618562700129384,0.0438532298477268,2.18710518711627e-08,0.337584048151563,1.63749592065557e-38,2.74952377232277e-13,1.90396176848512e-39,1
"20319",3.39355409398628e-07,0.275562099300273,0.69828160181337,0.0261559595309474,8.66725259852057e-50,4.81675670106307e-42,3.36090496383829e-66,3
"20321",6.30296908402265e-06,0.00690581682798764,8.10496137351697e-13,0.993087880202118,1.50836139344947e-43,9.26615645952444e-27,2.79149663440937e-38,4
"20327",0.000737259747686682,0.0200550924276463,3.34569649915816e-10,0.979207647490016,1.28477986898261e-45,8.10094345633009e-14,4.19307161954963e-41,4
"20329",3.8961422167683e-10,0.0273280520983836,3.28632878319646e-12,2.40868088912217e-28,1.40226045187833e-25,0.972671947506954,1.76149355448671e-12,6
"20335",1.11922590023107e-06,0.0320534247920833,0.0211731095963196,0.946772346385697,5.82081492384957e-59,2.84827932032355e-42,7.70211390704521e-42,4
"20337",0.000669771979970584,0.000154471720723857,5.73880621456652e-08,3.33549728555007e-16,0.000330844588754042,1.8712961069609e-05,0.998826141361419,7
"20339",2.25813876011759e-07,0.0393084227590459,0.960691351426259,8.18705994754315e-13,2.20808756462746e-33,1.12265738953791e-24,1.68353684515831e-66,3
"20341",1.24902838139721e-09,0.00844688570599572,0.991552674577063,4.38467912648975e-07,3.26101136193056e-63,1.4871091354965e-39,2.67908002477271e-27,3
"20343",1.03240912202907e-08,0.7489608882922,9.14704470013503e-05,0.250947630936708,3.53794573190538e-65,9.62924077541058e-36,2.10676667806433e-27,2
"20345",0.876596480527231,0.00693528387853618,4.22941000995544e-05,1.11772093551764e-07,0.0168407082410292,0.0995851214810111,1.52763331325919e-29,1
"20350",6.78849918140709e-06,0.999936516598411,5.66949021180203e-05,2.8802407351444e-13,1.10246697355717e-53,1.75433373022399e-15,3.38658206149141e-24,2
"20352",5.81105051947419e-10,0.000714537944825816,1.38442033437143e-10,1.7861945729348e-19,2.95078174814281e-11,3.82787521217515e-14,0.999285461306081,7
"20355",0.000180123160190059,0.975505452156948,3.00203130907807e-05,5.20669666008898e-11,2.07864168371173e-17,6.1445661213895e-09,0.0242843981731374,2
"20358",7.42010497592365e-09,0.00884827677561001,2.5963612583968e-13,7.43650989114286e-27,6.80577116707554e-11,0.991151715647209,8.87585960597741e-11,6
"20363",0.000296881966478327,0.00253892948880503,3.1362720986468e-12,0.99716418854158,3.12788374630173e-30,1.72839419093862e-24,1.62718890312616e-33,4
"20365",0.144843595426513,0.0111065601455664,0.835315279952447,0.0087345644754737,1.11541647929407e-22,1.83224458468955e-23,1.76271986446108e-41,3
"20379",0.413670045077399,0.000928253828945695,0.576650460616633,1.36533525801324e-11,0.00233180567791518,0.00641943316086486,1.62458862716889e-09,3
"20387",0.00598245226887688,0.00847256149375867,0.000128127406808346,0.985416858830556,3.2071695508674e-26,1.19868243863767e-20,4.73644761372801e-31,4
"20392",6.05606317074089e-10,7.78910590806918e-05,0.999874363020466,4.7745314846866e-05,1.90684375704404e-45,5.07327781349767e-54,3.6159716334973e-75,3
"20395",0.963859744122688,0.0255102775277949,7.89739128326693e-07,0.000178829497235933,0.0104150127423219,3.51667590211367e-05,1.79611809330659e-07,1
"20397",4.36009214014402e-21,4.41965847230264e-05,1.19458873563583e-11,1.80605726580927e-45,8.3415225405824e-46,0.999955802994378,4.08952753946767e-10,6
"20410",0.0293190960794215,0.0149594031001899,2.09288895561438e-05,0.955700569869875,3.16483370799622e-19,2.06095792868326e-09,6.47317367374758e-54,4
"20414",0.0693353542414435,0.131566676284308,3.41177215426133e-08,3.5892305360204e-08,0.798126403898724,2.27102076122304e-07,0.000971268463422438,5
"20417",3.93364510216838e-29,0.000288175046120673,0.999711824947624,6.25516138230579e-12,1.01012303394473e-143,1.07988819689239e-51,7.41654553564845e-127,3
"20419",0.00015384748370443,0.00582117761174939,5.27448774792003e-15,0.994024974904541,3.22908268168602e-45,2.78952435638949e-16,3.86598297756958e-38,4
"20421",0.0501122867451416,0.0708108012307421,0.879024977279104,3.30394114275479e-08,5.69830656983459e-08,3.06168967690821e-13,5.18447222294111e-05,3
"20423",0.0297988420435597,0.00245512415552619,0.000114513837956603,1.09702695808845e-11,0.956792439127583,1.66653580781293e-08,0.0108390641590457,5
"20425",0.401169320513668,0.520141297281044,5.25375533866907e-06,2.88038736678102e-11,0.0180573244951144,1.34647888928885e-12,0.0606268039246844,2
"20427",0.927667626865761,0.0259325967287664,6.35176352992109e-08,0.0454947273732105,0.000904918310191198,6.72044353743479e-08,3.04152457238299e-21,1
"20429",8.56747882455084e-07,0.989430689586158,1.26707861942901e-06,0.0105671865873401,8.44484994175405e-56,4.98277182009731e-19,2.55109422000397e-33,2
"20432",0.000900715233958151,0.202321123913926,9.08291319700436e-10,1.25686308500507e-14,0.719056869132715,4.94715178497812e-05,0.0776718192932463,5
"20435",0.360081063724863,0.592813740161575,0.000948736569924802,0.0461564595362848,7.86461669259573e-16,7.35194827316531e-12,1.80818256173904e-38,2
"20438",0.00329491808633406,0.00836696475504259,9.92498167380364e-15,0.988338117158261,2.97270556493424e-41,3.51806237399071e-13,1.36155377809598e-16,4
"20440",0.00272380266048509,0.0883570131788398,4.77195151104894e-09,0.908919179388723,4.63126446252819e-43,5.46527457741917e-16,6.57154290960883e-26,4
"20443",8.00814789108605e-06,0.454799312585399,4.20676630379756e-08,7.0977615590543e-14,3.68034372708212e-24,1.91177550133356e-10,0.545192637007799,7
"20446",0.283811412968022,0.716170467485667,4.89797154470509e-06,1.32179963549556e-05,5.45736157071334e-14,3.57835454756893e-09,1.36215698041745e-15,2
"20449",0.946798991642517,0.023038580865391,0.000114170395625563,0.0300482558247581,1.26529712461201e-14,1.27169584787038e-09,3.03455835701359e-27,1
"20537",0.00067878867047081,0.0307858807711632,0.57844300512515,0.390092325433216,7.0252554369838e-31,5.42719480853697e-25,2.96474247580574e-29,3
"20540",7.87166257343184e-11,3.10512535484002e-06,0.999895983818938,0.00010091097699017,1.5438173933651e-59,2.69407284150979e-43,2.26219210267002e-78,3
"20543",0.964261534273863,0.00921020542793175,8.94714725140531e-05,0.0264387416959345,3.56362572731386e-08,1.14934576099959e-08,4.22516849744518e-14,1
"20545",2.65636147073794e-10,1.97664270373603e-05,0.999979336113618,8.97193708242616e-07,1.37917347259356e-41,2.44892947082245e-54,9.41606269815195e-52,3
"20549",0.982890966578187,0.00491113913412339,0.000997981980679268,0.00741917900104955,0.00372847512943633,2.75399604126027e-10,5.22579011252342e-05,1
"20551",0.408140147899232,0.00435223369130411,1.42209876987177e-06,0.587506196304958,1.35067252005918e-15,6.042963600342e-14,5.67380088541926e-12,4
"20554",0.0667825444125239,0.00629853633705325,4.61255701093407e-07,0.926918457988778,1.09525695410426e-21,5.94418586789119e-12,3.32377098922056e-20,4
"20556",0.943415961346959,0.0561813857130793,0.000369735769953644,3.29171695538629e-05,4.54013001575898e-13,2.18996018071875e-18,4.76039467681935e-20,1
"20558",0.00183373977463872,0.00442530409570012,4.64517670796964e-08,0.993740909677894,3.6810869984331e-41,5.42860899980252e-24,6.37553222424135e-33,4
"20560",0.0708832428597007,0.00464011191522544,5.01508247755859e-12,0.924476629877306,4.63717076988374e-15,1.56615321114235e-14,1.53427325196432e-08,4
"20563",1.08490267062275e-07,0.0149380705422858,7.08598542881136e-08,0.985061750107593,6.60289189932358e-61,3.60035212755242e-32,7.79460367651474e-41,4
"20565",0.236975022616896,0.627633160263804,1.9570151928493e-10,0.135391816920706,8.62109343148977e-21,4.28783302955459e-19,2.892361702095e-12,2
"20567",0.00158797053204909,0.0532993974112709,4.10324254174703e-08,7.40449625875553e-15,0.0038705567140442,0.000895286384796711,0.940346747925406,7
"20571",3.89417473030404e-05,0.999946046394453,4.08993801100578e-09,1.50077683063606e-05,1.05731616073344e-71,1.03783664193653e-21,5.02472407463513e-50,2
"20573",0.631385902695739,0.00787294779960151,6.40978418264164e-06,0.360734739718072,6.59327585288831e-17,1.91450011396382e-12,4.90606945911613e-13,1
"20575",0.000424029824816566,0.127582999647695,1.66487548368942e-08,0.871992953878734,2.86020028002715e-52,1.45713923702446e-18,1.81874469574047e-43,4
"20577",0.987481544640446,0.0124456801549308,3.40644319486072e-06,6.91189958795246e-05,2.56171792343246e-09,2.47203830915938e-07,2.17066007716063e-23,1
"20579",1.23925184046139e-12,0.00838450759711303,2.80618473211458e-12,1.83328126720382e-31,1.2995008182688e-20,0.727401848724152,0.26421364367469,6
"20582",1.27953977428549e-05,0.00759902701969101,6.02644939691173e-09,0.992388171556117,7.02617891732572e-52,4.77284522521433e-30,4.28935428547181e-49,4
"20585",0.00192365677616927,0.018134458042255,0.930421994622067,0.0495198905595082,1.97496463546104e-18,4.36401690926717e-35,5.7732324085448e-49,3
"20588",0.000100973810099797,0.00160412893464047,0.998294897235397,1.98631501651452e-11,1.06368864993332e-32,1.537459242848e-21,4.95159007599645e-28,3
"20590",3.29098070875156e-09,0.000636568555374005,1.6296722292345e-12,5.42550387459151e-28,8.71943405876273e-07,0.0274153862140269,0.971947169994583,7
"20592",5.06688339083774e-05,0.00205785287538933,1.60753778595137e-10,0.997891478129948,9.67940828444557e-58,1.52774706673265e-27,3.34605052169547e-31,4
"20594",1.94834477652965e-05,0.0250724635053718,7.54232468917353e-07,0.974907298814394,2.74367050167431e-54,6.58588828718706e-25,5.03617650772048e-60,4
"20596",0.755401466959294,0.0579908628887228,5.88931265707598e-13,0.186600301399267,8.1900991296032e-29,7.3687521267877e-06,5.93687892831403e-16,1
"20598",0.291483861557284,0.00686194838060269,1.19235235889907e-07,0.701654070744322,6.51530729718572e-16,8.25550861830135e-11,3.41588392030682e-17,4
"20600",0.655147921238115,0.0580726808077428,0.286376182517858,0.000403215436245131,3.89846309047989e-14,2.08976633346404e-18,7.26005572224105e-16,1
"20603",0.824570810374213,0.104622361417182,0.0328704555916956,4.9037576335262e-10,0.0379363030606779,6.70296240646219e-08,2.03623194400298e-09,1
"20605",0.569872802103047,0.0167125946443504,2.64540326497434e-06,0.413411957848121,8.46653575179612e-38,1.21669483214761e-12,2.99522682263363e-47,1
"20607",0.262414455275337,0.00142324250711277,4.44194556692301e-12,0.736162299455295,2.62394067510566e-29,2.75781377957013e-09,1.18672948850314e-27,4
"20609",0.0438102856130548,0.0120993238929368,5.05936220106902e-08,0.944090339900274,1.44617558386844e-18,1.12467857872554e-13,2.35292842511454e-24,4
"20611",0.00794818005901844,0.000285283155496404,1.83088470736286e-07,8.38797566543129e-17,0.233586480201196,0.758179868451232,5.04458653564142e-09,6
"20613",0.397023418391389,0.00431613973631346,0.00096657725101136,0.59768561280235,8.24220386805933e-06,9.61506786976039e-09,1.75755911020835e-29,4
"20615",0.963894844612074,0.0330312710486223,0.000139508016317695,0.00293437589049756,4.16424828676892e-10,4.5256135203947e-15,1.60595629971354e-11,1
