"","V1","V2","V3","best$classification"
"19811",5.72207220211491e-05,0.999942779277978,5.6279242751283e-16,2
"19813",1.99225461589135e-06,0.999998007745384,1.02312015711621e-18,2
"19815",8.5937760461571e-06,0.999991406223954,1.47886721337569e-17,2
"19817",0.00056625761812422,0.999433742381852,2.36932873314313e-14,2
"19819",0.0996868971850259,6.64680040087125e-10,0.900313102150294,3
"19821",0.00135016659791048,0.998649833401575,5.14749243059765e-13,2
"19823",0.0469235021381367,0.953076497251655,6.10208275551854e-10,2
"19825",0.736442705610601,3.2569377773609e-07,0.263556968695621,1
"19827",0.000579295019863448,0.999420704979936,2.00878380648799e-13,2
"19829",0.96703248062249,9.74918762326956e-07,0.0329665444587478,1
"19831",0.694337913020549,1.72787647257814e-08,0.305662069700686,1
"19833",0.662692988071593,4.53934380470927e-07,0.337306557994027,1
"19835",0.00135016659791048,0.998649833401575,5.14749243059765e-13,2
"19837",0.0541762028428253,0.945823796916822,2.40352848889744e-10,2
"19839",0.046864574017743,0.953135425552979,4.29277744305134e-10,2
"19841",0.00532031522311622,0.994679684734181,4.27028084661824e-11,2
"19843",0.00121615350790147,0.99878384649131,7.88610772183988e-13,2
"19845",0.000483216853756091,0.999516783146176,6.78551650589855e-14,2
"19847",4.45294443626291e-06,0.999995547055564,6.62152703402129e-18,2
"19849",3.6264774355716e-08,0.999999963735226,1.0511789110441e-21,2
"19851",1.5722016036798e-06,0.999998427798396,4.05686977900437e-19,2
"19853",0.000531354721310197,0.999468645278635,5.48383148746718e-14,2
"19855",0.560419738055187,0.439580233344489,2.86003237501585e-08,1
"19857",0.996860320366722,0.00313582747752452,3.85215575336807e-06,1
"19859",8.54935258783151e-05,0.99991450647412,2.05741972717977e-15,2
"19861",1.0821731239666e-06,0.999998917826876,2.68367390825659e-19,2
"19863",1.12109503236671e-07,0.999999887890497,1.90592445974537e-20,2
"19865",8.10600991265699e-05,0.999918939900866,7.369357972801e-15,2
"19867",0.000243581720824635,0.99975641827917,5.91091419200467e-15,2
"19869",0.00022383076778379,0.999776169232197,1.86246651624572e-14,2
"19871",0.000200931652100956,0.999799068347893,5.79637703001741e-15,2
"19874",1.98085322836019e-06,0.999998019146772,3.38427621890482e-18,2
"19876",3.75696928540931e-07,0.999999624303071,1.02502582174914e-19,2
"19878",0.998670865092226,0.00128205905468829,4.707585308596e-05,1
"19880",1.7368930732941e-08,0.999999982631069,7.80674226576432e-22,2
"19882",6.79834790161627e-07,0.99999932016521,2.35259776140062e-19,2
"19885",0.00606255958019868,0.993937440415261,4.54026162400182e-12,2
"19907",5.70470762444306e-05,0.999942952923755,6.5754186655604e-16,2
"19909",0.9992887927297,2.19405614232906e-05,0.000689266708876662,1
"19911",0.0293187311819007,0.970681268644137,1.7396234040893e-10,2
"19913",3.10054914937542e-08,0.999999968994509,6.34338705019827e-21,2
"19915",1.95717032143198e-07,0.999999804282968,4.31286987060328e-20,2
"19917",2.37788314710485e-06,0.999997622116853,5.24178445886675e-18,2
"19919",0.000103017237367657,0.999896982762629,3.02773416567313e-15,2
"19921",0.00113311614972007,0.998866883850212,6.76275542145756e-14,2
"19923",0.381720906255402,0.618279071737429,2.20071684540744e-08,2
"19925",0.00203312059158909,0.997966879406521,1.8894521292657e-12,2
"19927",2.3290009847969e-05,0.999976709990152,1.05428533997526e-16,2
"19929",7.01766644923384e-08,0.999999929823336,1.02911843235468e-20,2
"19931",2.2113898197195e-06,0.99999778861018,2.17899252586803e-18,2
"19933",0.999559846665713,0.000160595560737422,0.000279557773549197,1
"19935",0.912282408411133,0.0877164400028477,1.1515860196136e-06,1
"19937",9.18646055241473e-08,0.999999908135395,4.23626166128669e-21,2
"19939",0.998696350480474,0.001253699033631,4.99504858951902e-05,1
"19941",0.0570505740131111,0.942949425030797,9.56092321461951e-10,2
"19943",0.000119248309126862,0.999880751690853,2.05263296335667e-14,2
"19945",0.000147066142261885,0.999852933857732,6.43588121460677e-15,2
"19947",0.000148551138396456,0.999851448861594,9.77145763185209e-15,2
"19949",0.53615219645693,0.463847757056824,4.64862456320459e-08,1
"19951",0.00109941328849902,0.998900586710986,5.15282139133992e-13,2
"19953",0.446370282463454,1.21764446776015e-08,0.553629705360102,3
"19955",2.17091451053284e-05,0.999978290854894,1.21460657602596e-16,2
"19957",0.00508310899266037,0.994916890999781,7.55826259224911e-12,2
"19960",0.00388430991272679,0.996115690082454,4.81920226500105e-12,2
"19963",0.000170530476737648,0.999829469523075,1.87211239386163e-13,2
"19965",0.825293725671122,2.1231306214788e-08,0.174706253097571,1
"19968",6.91568387934495e-05,0.999930843161203,3.59280416817516e-15,2
"19971",0.000200689664608555,0.9997993103353,9.12168284049662e-14,2
"19973",5.06123287269907e-05,0.999949387671272,7.9002071972006e-16,2
"19975",0.000135553137281109,0.999864446862708,1.09756394674851e-14,2
"19977",5.61312567987576e-08,0.999999943868743,7.88764633929141e-21,2
"19979",0.0040128629742353,4.80308015807474e-13,0.995987137025284,3
"19981",0.000185753662234245,0.999814246337762,3.60070921268354e-15,2
"19983",0.999877568826083,0.000103200340993779,1.9230832923411e-05,1
"19985",2.04127739031573e-06,0.99999795872261,3.08802251046751e-18,2
"19987",0.0265656571873772,0.973434342685664,1.26958904268656e-10,2
"19989",0.0885420826251733,2.3428387558392e-10,0.911457917140543,3
"19993",0.665761338227201,4.35856745361232e-08,0.334238618187124,1
"19995",0.999571568218747,0.000123927338514236,0.000304504442738782,1
"19997",9.95354863109013e-05,0.999900464513688,1.36609944974446e-15,2
"19999",6.27354308989512e-07,0.999999372645691,2.01767017848519e-19,2
"20002",0.744354991556817,0.25564258756254,2.42088064251501e-06,1
"20004",0.0067321918937632,0.993267808094257,1.19798027627447e-11,2
"20006",0.99372876799323,0.00626797810452829,3.2539022414214e-06,1
"20008",0.155833294494435,0.844166700299388,5.20617690926688e-09,2
"20010",0.297507661256552,1.35043614081394e-09,0.702492337393012,3
"20012",0.000152135377961136,0.999847864622023,1.53558772019035e-14,2
"20015",7.44830293158083e-10,4.65627402141991e-28,0.99999999925517,3
"20017",0.0288154954429232,0.971184504455822,1.01255191505284e-10,2
"20019",0.153185673313725,1.25758861858415e-09,0.846814325428687,3
"20022",0.987552899417749,9.04016378181965e-07,0.0124461965658732,1
"20024",0.455860723950645,3.64779615417684e-08,0.544139239571393,3
"20026",0.455860723950645,3.64779615417684e-08,0.544139239571393,3
"20028",2.96957890551243e-06,0.999997030421094,5.98629881982397e-18,2
"20030",0.0581670706544201,1.17614161184697e-10,0.941832929227966,3
"20033",3.96668256331466e-06,0.999996033317437,1.00084709385413e-17,2
"20035",0.0990259114987148,5.86310508197764e-10,0.900974087914975,3
"20037",0.853441813548199,1.73034466858853e-07,0.146558013417334,1
"20039",0.152513479601209,4.42996735479046e-09,0.847486515968824,3
"20041",0.380713951272934,8.79310976094914e-10,0.619286047847755,3
"20044",0.999602305095943,0.000195982865986093,0.000201712038070456,1
"20047",0.000141994675641733,7.54792738575738e-16,0.999858005324357,3
"20050",0.000113901888575863,4.14019121704581e-16,0.999886098111424,3
"20052",0.000594668084389596,0.999405331915499,1.11617183166196e-13,2
"20054",4.98492683491776e-05,1.27182965291178e-17,0.999950150731651,3
"20056",1.30138111559544e-06,0.999998698618884,4.52160479611587e-18,2
"20058",0.00299560114754955,6.5492728077912e-14,0.997004398852385,3
"20060",0.000896754464828737,0.999103245534996,1.74999477866407e-13,2
"20062",0.307752538743554,0.6922474524058,8.85064651866873e-09,2
"20064",0.999526394962936,5.11911291932679e-05,0.000422413907870667,1
"20066",0.79214293779949,2.71300598801238e-07,0.207856790899911,1
"20068",0.00699962167812451,0.993000378317334,4.54193511639018e-12,2
"20070",0.0185880409776554,0.981411958999423,2.29220102381444e-11,2
"20072",0.989111897610445,1.19131008543199e-06,0.0108869110794693,1
"20074",1.10099432207869e-08,0.999999988990057,3.38574094812191e-22,2
"20076",0.304111919860897,0.695888052127759,2.80113431831003e-08,2
"20078",0.0526833386298063,0.947316661146636,2.23558025416925e-10,2
"20080",6.21836857618002e-08,1.80465704193238e-23,0.999999937816314,3
"20082",2.25695369227277e-08,2.35479669123308e-23,0.999999977430463,3
"20084",0.995743806476766,1.82861527950493e-05,0.00423790737043892,1
"20087",0.999808951277039,3.58834460687898e-05,0.000155165276892338,1
"20090",1.826668994804e-07,2.66405502394185e-22,0.999999817333101,3
"20092",0.00170284118720854,8.39727882617846e-15,0.998297158812783,3
"20096",0.994019196378743,9.21113179811009e-06,0.00597159248945924,1
"20098",0.247345334929538,0.752654648843023,1.62274389809954e-08,2
"20101",0.99919381367584,0.000164877075813044,0.000641309248346794,1
"20104",7.6362428105152e-05,7.71115138399953e-17,0.999923637571895,3
"20106",0.955703366409377,1.01111066757199e-06,0.0442956224799557,1
"20108",9.4379506484363e-05,0.999905620493513,2.21449443887143e-15,2
"20110",0.679437402563706,8.6428758105295e-08,0.320562511007535,1
"20112",0.999365720328984,0.000425631346644286,0.000208648324371889,1
"20114",0.0274768812339562,0.972523118496202,2.69841759020395e-10,2
"20116",0.980581094594103,0.0194146508038574,4.25460203965514e-06,1
"20118",0.327400541062666,0.672599446771444,1.21658901501008e-08,2
"20120",3.63395887645681e-07,2.85074229832138e-21,0.999999636604112,3
"20122",0.000164846529032048,0.999835153470949,1.87209704499425e-14,2
"20124",0.999592551095772,0.000301054190292535,0.000106394713934994,1
"20126",0.999008361103594,0.000211127612563472,0.000780511283842076,1
"20128",0.000828430684338686,3.41172387754955e-14,0.999171569315627,3
"20141",0.777445162708734,0.222554384905431,4.52385834230383e-07,1
"20143",8.71304700521272e-09,0.999999991286953,3.87433147761046e-22,2
"20145",0.997997455843956,1.9711236040333e-05,0.00198283292000407,1
"20147",0.98783228697319,6.44354830952982e-07,0.0121670686719785,1
"20149",8.97396101028737e-05,0.99991026038989,7.57606559588581e-15,2
"20151",0.0272790078041029,0.972720992043221,1.526763545582e-10,2
"20153",0.662181971291515,1.85662575446369e-07,0.337817843045909,1
"20155",0.99746359526475,5.46056999110042e-06,0.0025309441652593,1
"20157",8.01247115150042e-08,0.999999919875288,1.2522200939076e-20,2
"20160",1.86594497800221e-08,0.99999998134055,1.93750133244637e-21,2
"20162",9.37993882810046e-08,0.999999906200612,2.17592821011531e-20,2
"20164",1.09831617220387e-06,0.999998901683828,1.60675598752425e-18,2
"20166",0.99855803663023,0.00131272674728191,0.00012923662248782,1
"20168",2.26314411165177e-06,0.999997736855888,5.30034545951365e-18,2
"20170",8.63343509767163e-06,0.999991366564902,3.78618273469836e-17,2
"20172",0.99967727874249,0.000284980776372019,3.77404811374579e-05,1
"20174",9.92681714505213e-06,0.999990073182855,3.28135324357989e-17,2
"20176",0.998809278717806,0.00113563415911166,5.50871230821128e-05,1
"20178",7.73720262916918e-09,0.999999992262797,3.9336735763152e-22,2
"20181",0.962677088726416,2.34609499197965e-06,0.0373205651785918,1
"20183",0.0114531777599174,0.98854682223006,1.00224352615898e-11,2
"20186",0.869808523222027,8.12068404735694e-08,0.130191395571133,1
"20188",2.69965189271642e-06,0.999997300348107,2.45210107104808e-17,2
"20190",0.000340011830054913,1.28975319090476e-15,0.999659988169944,3
"20193",0.519571705229995,0.480427916045123,3.78724882162593e-07,1
"20195",0.000751087122590174,0.999248912877081,3.28720739905001e-13,2
"20197",0.385837222911712,2.5847685187639e-09,0.614162774503519,3
"20199",0.00435971383231997,0.995640286156682,1.09979130504127e-11,2
"20205",0.0174220586748964,2.32355340053547e-11,0.982577941301868,3
"20208",0.363049517670738,0.63695046461646,1.77128022245511e-08,2
"20210",3.87695253585836e-08,0.999999961230475,3.30077359906785e-21,2
"20212",3.27372434362215e-05,0.999967262756563,1.03139443909247e-15,2
"20216",0.334104861789681,5.31773832951048e-09,0.665895132892581,3
"20219",0.000158939546438235,2.4926213844951e-16,0.999841060453562,3
"20223",0.998557476821794,2.40343443031111e-05,0.00141848883390236,1
"20226",0.10492003173459,2.70397777276698e-10,0.895079967995012,3
"20230",0.636492228432738,4.04860838510602e-08,0.363507731081178,1
"20233",0.996996055062267,0.00282102969649424,0.000182915241238814,1
"20235",0.16128295820316,4.20923826666862e-10,0.838717041375916,3
"20239",0.998945552117632,0.00104491181763315,9.53606473536165e-06,1
"20254",2.70238285299639e-08,2.47806722778333e-23,0.999999972976172,3
"20256",0.95694138874374,8.09316014652187e-08,0.0430585303246587,1
"20262",0.000318319075717148,0.999681680924242,4.11369405513318e-14,2
"20270",0.601662818842437,0.398336905058184,2.760993787637e-07,1
"20284",0.975013425401156,0.0249813473504072,5.22724843709783e-06,1
"20287",0.00414383063170605,1.50419052852753e-13,0.995856169368144,3
"20290",3.3840234197892e-08,4.41042855077197e-23,0.999999966159766,3
"20293",0.923855887872895,0.0761440037001011,1.08427004496994e-07,1
"20296",0.29787104666544,0.702128936561796,1.67727643669014e-08,2
"20301",1.94241830046261e-06,2.29003837991144e-19,0.9999980575817,3
"20304",3.70975707066352e-06,5.59871088598847e-19,0.999996290242929,3
"20306",0.0178665472810584,2.71754457930941e-12,0.982133452716224,3
"20309",0.983543131132275,0.0164545713073984,2.29756032691557e-06,1
"20311",0.990326435831094,0.00966727636101364,6.2878078919374e-06,1
"20314",0.0339232508733699,0.966076748899663,2.269669712181e-10,2
"20318",5.33613070258161e-05,0.99994663869296,1.46159630895194e-14,2
"20320",4.86328075610351e-08,0.999999951367192,3.19204321437659e-21,2
"20326",0.000473046604585477,0.999526953395339,7.5384851040794e-14,2
"20328",1.88724238783681e-07,0.999999811275761,2.05015825948282e-20,2
"20330",0.831677025282341,2.53208322509004e-08,0.168322949396827,1
"20336",0.255800745808355,3.72376496052408e-09,0.74419925046788,3
"20338",6.6122940064477e-06,3.96494050199066e-19,0.999993387705994,3
"20340",0.0502135410198413,1.73957678771872e-11,0.949786458962763,3
"20342",6.26852102094967e-05,0.999937314789785,5.60286731135553e-15,2
"20344",0.999642819716631,8.85448324768197e-05,0.000268635450892244,1
"20349",0.878269468145616,6.44191452109308e-08,0.121730467435239,1
"20351",0.997881970215806,0.00210498074879563,1.30490353985553e-05,1
"20353",0.0622036500450307,2.82999317795763e-11,0.937796349926669,3
"20357",0.00416785079159467,8.2786021105064e-13,0.995832149207577,3
"20360",0.0121933355435885,3.28749308538989e-12,0.987806664453124,3
"20364",0.998345479647496,1.55172399269894e-05,0.00163900311257697,1
"20366",0.801751686735098,3.1453925254854e-07,0.198247998725649,1
"20381",0.997943540538578,5.04235743234569e-05,0.00200603588709897,1
"20391",0.618350777384022,9.50395360278598e-09,0.381649213112024,1
"20394",0.0129794344473099,0.987020565545249,7.44128120213789e-12,2
"20396",2.24831610159872e-07,0.99999977516839,3.16267156052468e-20,2
"20409",0.998115485547637,0.00179370593890387,9.08085134589595e-05,1
"20411",0.00110613613053044,7.904744722598e-15,0.998893863869462,3
"20416",7.26084013692591e-06,1.46782401575349e-18,0.999992739159863,3
"20418",1.56822197476743e-08,0.99999998431778,3.66428327120971e-22,2
"20420",0.473486942101762,0.526512832997423,2.24900814909975e-07,2
"20422",0.87624277987052,4.38141346125085e-07,0.123756781988134,1
"20424",0.000120552328427078,3.22236197725822e-17,0.999879447671573,3
"20426",0.374909425259509,4.45758263593322e-07,0.625090128982228,3
"20428",0.999195697136031,0.000780583435538325,2.3719428430753e-05,1
"20431",0.496796769893436,0.503203034528265,1.95578298430344e-07,2
"20433",1.78355104652255e-05,0.999982164489535,2.10734622456381e-16,2
"20436",0.986559265457344,2.17267014375639e-06,0.0134385618725118,1
"20439",3.13760152646949e-08,0.999999968623985,1.33739990813348e-21,2
"20441",0.000405295873977042,4.12765399968198e-15,0.999594704126019,3
"20444",2.80498198794342e-08,0.99999997195018,3.95018204568495e-21,2
"20448",1.01150457636629e-06,2.48907027270359e-20,0.999998988495424,3
"20536",0.00476500595844495,0.995234994040747,8.08557726310414e-13,2
"20538",0.806447772675802,1.73539869489928e-07,0.193552053784329,1
"20541",1.23838894219566e-05,1.09784553313422e-18,0.999987616110578,3
"20544",0.827970510501055,0.172029420968644,6.85303008407942e-08,1
"20546",0.232560325297939,7.49145817018168e-10,0.767439673952915,3
"20550",0.998849090429432,0.00109685615036485,5.40534202026308e-05,1
"20553",1.48808013186696e-07,4.35762713486583e-21,0.999999851191987,3
"20555",0.999008302285213,0.000191174552508168,0.000800523162278673,1
"20557",0.00666992028971466,9.70455429015253e-13,0.993330079709315,3
"20559",0.00292635179822009,3.44962522912306e-14,0.997073648201745,3
"20561",2.45082378445212e-05,0.999975491762155,1.77548835956666e-16,2
"20564",8.81767445234149e-09,0.999999991182326,6.12122697714297e-22,2
"20566",0.0968877759367388,9.4759018383633e-11,0.903112223968502,3
"20569",0.00027283616479474,0.999727163835179,2.59664407443968e-14,2
"20572",0.0128405814439032,0.987159418471906,8.41909326639143e-11,2
"20574",0.994130939457763,8.43076365982862e-06,0.00586062977857729,1
"20576",5.22676410717138e-08,0.999999947732359,8.54895500963721e-21,2
"20578",0.962816125091284,0.0371824579365152,1.41697220116152e-06,1
"20580",0.996167422300934,0.00382372216759477,8.85553147097382e-06,1
"20583",2.0791596817171e-08,0.999999979208403,1.40237569285904e-21,2
"20586",0.00113207165219258,0.998867928347529,2.78091743869933e-13,2
"20589",0.00372390487305682,7.59750202731998e-15,0.996276095126936,3
"20591",0.998454033679348,8.98053434183002e-06,0.00153698578630964,1
"20593",0.898222564028147,2.59966526419251e-07,0.101777176005327,1
"20595",0.6664324281311,9.9002374495857e-09,0.333567561968662,1
"20597",0.557202227961442,3.50807091335572e-08,0.442797736957848,1
"20599",3.0785679915937e-08,0.99999996921432,5.84005341306016e-21,2
"20601",0.0296601477962629,0.970339852177941,2.57962507159499e-11,2
"20604",2.80461259947811e-06,7.77034186191712e-20,0.9999971953874,3
"20606",6.84149850770204e-05,2.70315824701455e-17,0.999931585014923,3
"20608",0.00319616616311316,2.52199804753579e-14,0.996803833836862,3
"20610",7.05648956767654e-07,0.999999294351043,1.14285479819854e-18,2
"20612",6.82681694292167e-06,0.999993173183057,5.57311467080176e-17,2
"20614",7.98033733129628e-08,0.999999920196627,1.39062851317805e-20,2
"20616",8.28673241688616e-05,0.999917132675829,2.40645851901063e-15,2
"20618",0.959329671532346,2.46460025839461e-06,0.0406678638673955,1
"20620",0.0138032501102479,5.07583050695506e-12,0.986196749884676,3
"20622",6.13289440716914e-06,0.999993867105593,9.51341127606322e-17,2
"20624",0.00467237745427955,3.13489176061474e-13,0.995327622545407,3
"20626",0.985269387672005,8.93669132699349e-07,0.0147297186588627,1
"20628",0.989042284968035,4.83139160933475e-07,0.0109572318928041,1
"20630",0.962956244032641,1.70190466717652e-06,0.0370420540626913,1
"20632",4.17240888844798e-08,0.999999958275911,3.15766878783498e-21,2
"20634",0.972632801480386,1.17340276260526e-06,0.0273660251168518,1
"20637",5.40426074355482e-11,1.51973932377252e-28,0.999999999945957,3
"20639",4.98871194187153e-07,0.999999501128806,2.5325825305651e-19,2
"20644",0.0925253554594094,8.40830613326912e-10,0.90747464369976,3
"20646",0.714753741676591,0.28524612119597,1.37127439183805e-07,1
"20648",0.0309099281146791,0.969090071772124,1.13196600824679e-10,2
"20650",0.928804307314105,8.30038577931547e-07,0.0711948626473173,1
"20653",0.24145474624249,0.758545237764877,1.59926334776777e-08,2
"20658",0.364186246056151,3.7432064373805e-09,0.635813750200642,3
"20661",0.0632075399711815,0.936792459077073,9.51745974641925e-10,2
"20663",0.0999902270269041,0.900009772560591,4.12504800556898e-10,2
"20665",0.0029324145130208,0.997067585478896,8.08303960647111e-12,2
"20667",0.682722197003973,0.317277737948169,6.50478579782872e-08,1
"20669",0.000664906952783773,0.999335093047058,1.58110188688432e-13,2
"20671",0.0220960228133479,2.88543298857225e-11,0.977903977157798,3
"20673",1.59717832348515e-07,0.999999840282168,1.092338115772e-20,2
"20675",0.179997431672219,0.820002567009521,1.31825922972198e-09,2
"20677",0.99069979908782,0.00929900956957542,1.19134260479292e-06,1
"20679",1.76684744895918e-05,0.99998233152551,9.17268546185879e-17,2
"20681",2.35651092510199e-06,0.999997643489075,5.62493607699441e-19,2
"20683",0.00143689468663272,0.998563105312892,4.747258887827e-13,2
"20685",0.99483312153859,0.0051254570036572,4.14214577521376e-05,1
"20687",2.80721812472478e-08,0.999999971927819,1.47783070050065e-21,2
"20689",0.0331601993151314,8.09945260761680e-11,0.966839800603874,3
"20691",6.37198599758221e-09,0.999999993628014,1.19003252534593e-22,2
"20693",0.651693979451321,1.04413565591085e-08,0.348306010107322,1
"20695",2.56967689255239e-06,0.999997430323108,2.86465154233691e-18,2
"20697",0.107736004573951,5.92682608662421e-10,0.892263994833366,3
"20699",0.998588190882824,4.70881250024907e-06,0.00140710030467572,1
"20701",0.995977310945563,0.0040194931658443,3.19588859304358e-06,1
"20703",0.117847055342265,0.882152937631994,7.02574048487606e-09,2
"20705",0.997543052184861,0.00243287291199126,2.40749031476617e-05,1
"20707",0.00105595460993422,0.998944045389976,8.9435710425416e-14,2
"20709",0.000274240198827125,0.999725759801123,4.95622260804026e-14,2
"20713",0.999117554842694,0.000800008896243658,8.24362610624121e-05,1
"20715",0.926513437468523,8.47784894376406e-06,0.0734780846825328,1
"20717",8.10836921133591e-06,0.999991891630789,6.16935823548902e-18,2
"20720",0.127657951259097,1.20296664624458e-10,0.872342048620606,3
"20722",0.999230421959316,2.46345131560954e-05,0.000744943527528245,1
"20724",1.32799360262505e-06,0.999998672006397,1.01976687663703e-18,2
"20726",0.394313978553738,4.50101447723774e-10,0.605686020996161,3
"20728",7.18679784960141e-07,0.999999281320215,9.64122707760592e-20,2
"20730",0.0007212040906322,0.999278795909296,7.18879678549467e-14,2
"20732",0.27194829655825,0.728051695982069,7.45968174528557e-09,2
"20734",0.658217888813615,0.341782050996454,6.01899311289733e-08,1
"20736",4.79268784593245e-07,0.999999520731215,2.5517156557343e-19,2
"20738",9.37406649825047e-09,0.999999990625933,2.24975360388361e-22,2
"20740",0.937156141393088,0.0628424505156416,1.4080912707e-06,1
"20742",0.327887352919635,0.672112631821972,1.52583926961629e-08,2
"20744",0.000556119909455028,0.99944388009041,1.34909804621041e-13,2
"20746",0.0308322608100727,0.969167739140297,4.96307360851878e-11,2
"20748",1.15363141643154e-06,0.999998846368583,9.82915781276731e-19,2
"20750",0.00820503680637231,0.99179496318367,9.95810953495477e-12,2
"20752",0.979018122812877,2.16600730378577e-07,0.0209816605863929,1
"20754",1.54133282137396e-06,0.999998458667179,6.42023410766771e-19,2
"20756",0.0646835927701681,0.935316406738789,4.91043226282717e-10,2
"20758",5.30882681437982e-05,0.999946911731855,1.44135467084241e-15,2
"20760",3.9768870327626e-06,0.999996023112967,6.50428625979129e-18,2
"20762",6.41738334332897e-08,0.999999935826167,1.96039799561939e-21,2
"20764",8.30475981441969e-05,0.999916952401852,4.03842504944337e-15,2
"20766",8.0391939716944e-07,0.999999196080603,3.6361640791721e-19,2
"20768",1.59605447275521e-07,0.999999840394553,2.8250308559574e-20,2
"20770",0.0063144458271058,0.993685554167822,5.07194823665246e-12,2
"20772",0.0040457094439399,1.43040698547981e-13,0.995954290555917,3
"20774",0.999297468024065,0.000438616122902784,0.000263915853032659,1
"20776",7.99225648664727e-09,0.999999992007743,1.07938796638102e-22,2
"20778",0.118032326689384,1.8542255103152e-09,0.881967671456391,3
"20780",6.17092646081058e-06,0.999993829073539,1.99009999451347e-17,2
"20782",5.68216949656999e-05,0.999943178305033,9.43666609526444e-16,2
"20784",2.66687814493011e-08,0.999999973331219,6.92540140936548e-22,2
"20786",9.77730870769466e-08,0.999999902226913,1.86079945773663e-20,2
"20788",0.0144753272121233,0.985524672780465,7.41207354642075e-12,2
"20790",0.000161774871390935,0.999838225128605,4.6988503833495e-15,2
"20792",0.899775010952451,0.100222133408383,2.85563916603545e-06,1
"20794",2.63790726930468e-05,0.999973620927307,2.59698709108153e-16,2
"20796",0.587544300675205,4.55678394439811e-09,0.412455694768011,1
"20798",5.22725516643682e-09,0.999999994772745,1.04394549125713e-22,2
"20801",2.40194900752388e-07,0.999999759805099,1.09978435301739e-19,2
"20803",0.00989293755624764,0.99010706244184,1.91237809966689e-12,2
"20805",0.172531914348468,0.827468082575291,3.0762406855701e-09,2
"20807",5.9572220817054e-09,0.999999994042778,1.62449353816884e-22,2
"20809",0.0110828617855173,0.988917138178743,3.57400710047828e-11,2
"20811",2.35330666747132e-06,0.999997646693332,1.33033191733e-17,2
"20813",0.99218889696052,0.00780752701594693,3.57602353272648e-06,1
"20815",1.21914793803041e-08,0.999999987808521,4.29524389435214e-22,2
"20817",1.19740666205701e-07,0.999999880259334,1.22802813829777e-20,2
"20819",0.999800385136798,6.75921083334968e-05,0.000132022754868346,1
"20821",0.00977487761396684,0.990225122331219,5.48143643623349e-11,2
"20823",0.238061541008532,0.761938455754304,3.2371639472602e-09,2
"20825",5.7682201300902e-07,0.999999423177987,1.72261941568303e-19,2
"20827",0.0144302743925638,0.985569725490317,1.17119106233956e-10,2
"20829",0.987812332852925,3.40791660349443e-06,0.0121842592304715,1
"20831",0.0012130734220035,0.998786926577491,5.05767312646327e-13,2
"20833",4.11885327722877e-08,0.999999958811467,1.48490098399414e-21,2
"20835",5.39913030863571e-05,0.999946008696913,7.88914350305167e-16,2
"20837",2.13012159286102e-06,0.999997869878407,1.46505028755411e-18,2
"20839",0.000732260473584497,0.999267739526328,8.72853928983427e-14,2
"20841",0.014705298682668,0.98529470128439,3.29416736949384e-11,2
"20843",0.0366775353120774,0.963322464624009,6.39132702580516e-11,2
"20845",0.000761805989397527,0.999238194010499,1.03441876137755e-13,2
"20847",0.980854284180364,0.0191451440922415,5.71727394704124e-07,1
"20849",0.00473176615631413,0.995268233838798,4.88730548094491e-12,2
"20851",0.00200966830713843,0.997990331691901,9.61008325704499e-13,2
"20853",0.619385549136638,3.99742528916856e-08,0.380614410889109,1
"20855",0.924713856065305,2.34395746443282e-08,0.0752861204951202,1
"20857",0.999557858777218,0.000391732960901812,5.04082618806293e-05,1
"20859",0.997888621004856,7.93463616402191e-06,0.00210344435898011,1
"20861",0.519312391287747,6.76441164317521e-08,0.480687541068137,1
"20863",0.000128224194806488,0.999871775805184,9.15837416363097e-15,2
"20865",3.0179589874158e-05,0.999969820410126,2.73026629653835e-16,2
"20867",0.000554739962172981,7.12780138087815e-15,0.99944526003782,3
"20869",1.81167843712664e-05,0.999981883215629,1.31010366579348e-16,2
"20871",0.00299401668583796,7.31569438491644e-13,0.99700598331343,3
"20873",0.0113835265650495,3.84197930401871e-12,0.988616473431108,3
"20875",0.999572367754934,7.87628956071092e-06,0.000419755955505141,1
"20878",1.11631000163356e-05,0.999988836899984,2.12486796489964e-16,2
"20880",9.06241573258519e-08,0.999999909375843,6.85438934687797e-21,2
"20882",0.217161347489942,0.782838632327905,2.01821530160328e-08,2
"20884",4.41186120955486e-08,0.999999955881388,1.81424668914274e-21,2
"20886",0.00217746265630537,0.997822537341719,1.97550155027678e-12,2
"20888",0.000108545583124792,0.999891454416868,6.94951012920797e-15,2
"20890",0.400359179922868,0.599640807575563,1.2501568202232e-08,2
"20892",0.999781911191118,0.000114654532076375,0.000103434276805862,1
"20897",0.99024858105001,3.24729677171461e-06,0.00974817165321786,1
"20899",0.999469982078362,0.000113703993767574,0.00041631392786993,1
"20901",0.000463947722219047,5.73021963889089e-15,0.999536052277775,3
"20903",0.829945105635725,2.26500823821746e-06,0.170052629356036,1
"20905",0.316318921540175,0.683681022315197,5.6144627865083e-08,2
"20907",0.530724533875125,1.60116798364545e-09,0.469275464523707,1
"20909",0.42004741424904,0.579952568692062,1.70588984874996e-08,2
"20911",2.9308716046951e-05,3.6183718268652e-17,0.999970691283953,3
"20913",0.294691081087515,0.705308898868802,2.00436824869618e-08,2
"20962",0.999568978916777,2.82938980074805e-05,0.000402727185215539,1
"20969",0.227542307534167,8.73575383929619e-09,0.772457683730079,3
"20980",0.0296488508234713,1.04402476058333e-12,0.970351149175485,3
"20982",0.672220589322851,9.97142913913106e-10,0.327779409680006,1
"20984",0.998378690985395,0.001602309260299,1.89997543058691e-05,1
"20994",0.000174284393447897,7.53402152113167e-16,0.999825715606551,3
"21015",0.0280133942972261,0.971986605220544,4.8222963555254e-10,2
"21023",0.000889382631571696,6.48578838724637e-15,0.999110617368422,3
"21040",7.38655232617497e-09,2.83762052101958e-25,0.999999992613448,3
"21073",0.946018353329492,6.44552727294812e-07,0.0539810021177809,1
"21222",0.0377964208935475,0.962203578862928,2.43524482926284e-10,2
"21224",0.994919590851277,6.86925468115865e-06,0.00507353989404206,1
"21228",0.997754256855652,7.73533110184856e-05,0.00216838983332952,1
"21232",0.457615897248014,1.75450710921714e-09,0.542384100997479,3
"21237",0.08308135952667,0.916918638543335,1.92999466444695e-09,2
"21240",0.000997667961179433,0.999002332038562,2.58546207480046e-13,2
"21245",0.00199841434584645,0.998001585652906,1.24776994823328e-12,2
"21252",0.996486452692169,0.003503552846577,9.99446125440179e-06,1
"21254",0.0322970846614094,8.73457435857321e-12,0.967702915329856,3
"21258",0.997991408251709,2.19348929962821e-06,0.00200639825899185,1
"21264",0.0150293296599399,0.984970670303632,3.64284637248163e-11,2
"21305",0.377611924788784,0.622388028844636,4.63665805916543e-08,2
"21333",0.294172483657711,2.99336602103661e-10,0.705827516042952,3
"21366",0.0719607159434254,0.928039282971974,1.08460040495744e-09,2
"21377",0.000466510869184566,0.999533489130609,2.06532627617951e-13,2
"21380",0.991252043996605,0.00873006878697623,1.78872164191359e-05,1
"21387",0.998735047459345,0.000722540630994585,0.000542411909660044,1
"21390",0.999066455829405,6.94786185494248e-05,0.000864065552045616,1
"21392",0.999781057669344,0.00018304854618154,3.58937844744027e-05,1
"21403",0.00549430121404137,0.994505698780707,5.25130005413057e-12,2
"21408",0.416317145359891,2.03091054807603e-08,0.583682834331003,3
"21412",3.84902448881269e-05,3.39327810350661e-16,0.999961509755112,3
"21421",0.999774255608976,0.000134753817897022,9.09905731268163e-05,1
"21424",3.24324444985913e-08,1.63717115790604e-23,0.999999967567555,3
"21429",6.81633714160133e-05,4.05488508802182e-17,0.999931836628584,3
"21431",0.999031498947959,0.000951378790370281,1.71222616709667e-05,1
"21436",0.000622432663184789,0.999377567336774,4.11468663297548e-14,2
"21439",0.138479489139858,1.98665483884778e-10,0.861520510661477,3
"21442",0.706318619874004,0.29368119717957,1.82946426612449e-07,1
"21444",2.02936038221123e-06,0.999997970639618,1.52561242089725e-18,2
"21446",0.995041737600208,8.90162926482284e-05,0.00486924610714377,1
"21448",0.0196591065625866,0.980340892785273,6.52139747111594e-10,2
"21450",0.243535940325379,0.756464046961128,1.2713492757481e-08,2
"21452",0.20066772487601,4.6515731914364e-11,0.799332275077474,3
"21466",0.0391047103479625,1.3300000231883e-11,0.960895289638737,3
"21470",0.986248976188839,1.59487289236852e-07,0.0137508643238713,1
"21472",0.999493630064919,9.85814388466528e-06,0.00049651179119576,1
"21474",0.0142267265132094,8.71283526354142e-12,0.985773273478078,3
"21477",0.582236697952114,4.4335749055617e-08,0.417763257712137,1
"21480",1.61733516027731e-11,1.38104526764551e-30,0.999999999983827,3
"21483",4.91376656761759e-07,0.999999508623343,1.53944548288394e-19,2
"21491",0.173798901807546,1.8003882866444e-09,0.826201096392066,3
"21494",3.05479930678219e-05,7.65569256810878e-17,0.999969452006932,3
"21499",0.998511475833189,0.00141399734133535,7.45268254762499e-05,1
"21501",0.00981117620295069,2.03298048848486e-12,0.990188823795016,3
"21506",0.998563685508045,3.85987627263089e-06,0.00143245461568232,1
"21511",2.16307413048011e-05,3.79726116402806e-18,0.999978369258695,3
"21513",0.0130123206977157,2.55956142381566e-12,0.986987679299725,3
"21521",0.99847668688942,0.00151317615284246,1.0136957737002e-05,1
"21523",0.516918271095621,0.483081701905858,2.69985210007376e-08,1
"21525",4.69471087346989e-05,0.999953052891265,3.25446871587027e-16,2
"21531",0.960031934877162,1.15781445825963e-06,0.0399669073083801,1
"21536",0.999436022466391,0.000456024126399464,0.000107953407209524,1
"21544",0.0679467293056585,4.65112801902042e-11,0.93205327064783,3
"21547",4.74678276143697e-07,3.4705654107771e-22,0.999999525321724,3
"21551",6.97643948785139e-05,1.05397452383153e-16,0.999930235605121,3
"21556",0.0116930485856652,5.50901886030148e-12,0.988306951408826,3
"21559",0.983930108764865,1.28032696807615e-06,0.0160686109081667,1
"21563",4.93547065017426e-05,6.85730365108257e-17,0.999950645293498,3
"21565",0.000696491228388402,4.8384635442617e-15,0.999303508771607,3
"21568",0.99862517714611,5.9700737812539e-06,0.00136885278010871,1
"21572",0.00109133400853368,1.26001110291382e-14,0.998908665991454,3
"21575",0.999288393545259,0.000427148109631365,0.000284458345109912,1
"21577",1.34312384561018e-06,0.999998656876154,1.43395378890659e-18,2
"21579",0.997796529905296,0.00219676928988895,6.70080481497503e-06,1
"21581",8.44171522309505e-09,0.999999991558285,5.28232472219799e-22,2
"21584",4.38317371654367e-06,0.999995616826283,7.43335774018416e-18,2
"21586",0.00693901028419596,0.993060989709486,6.31783765992046e-12,2
"21588",0.76995278043065,0.230046862074336,3.57495013862782e-07,1
"21590",0.700944872336441,0.299054986660055,1.41003503996917e-07,1
"21594",1.17850046379863e-07,0.999999882149954,2.59292390538993e-20,2
"21596",5.36322727143791e-05,0.999946367727285,8.7080157703416e-16,2
"21598",0.885476009269304,0.114522775483752,1.21524694341991e-06,1
"21600",2.78527141860705e-05,0.999972147285814,2.78025806111925e-17,2
"21602",0.447601510201326,0.552398467934654,2.18640199602322e-08,2
"21604",0.995917137685374,3.78841087980336e-06,0.00407907390374581,1
"21606",1.5888796559047e-05,0.99998411120344,3.4212459534899e-16,2
"21608",0.483845156737824,0.516154793471314,4.97908629732324e-08,2
"21611",0.559611133350113,0.440388735048681,1.31601205931208e-07,1
"21613",0.995853069122725,0.00414347518743555,3.45568983976768e-06,1
"21615",0.0876237410828613,0.912376258096129,8.21009653942507e-10,2
"21617",2.38340976187301e-05,0.999976165902381,2.86925308037295e-16,2
"21619",0.0111023743527651,0.988897625639537,7.69770554962810e-12,2
"21621",0.000360968709675033,0.999639031290299,2.65204037120444e-14,2
"21623",0.0831670518388241,0.916832947851359,3.09817091027967e-10,2
"21625",1.50057643473801e-07,0.999999849942356,7.0052565092048e-20,2
"21627",0.886303072914922,2.2453147876678e-07,0.113696702553599,1
"21629",5.49866069359653e-08,0.999999945013393,2.05069583811909e-21,2
"21631",7.21305143913668e-05,0.999927869485603,5.73168116532078e-15,2
"21633",0.053000209630287,0.946999789027984,1.34172902708323e-09,2
"21635",0.98611969604425,0.0138763477679378,3.95618781285126e-06,1
"21637",0.276655455938895,7.25998573584068e-09,0.723344536801119,3
"21639",0.99622535776174,0.00376499058183493,9.65165642504104e-06,1
"21641",8.87819639866623e-05,0.999911218036012,1.51268221109493e-15,2
"21643",0.99847714799672,0.00147731334956277,4.55386537169676e-05,1
"21645",1.32678698667487e-08,0.99999998673213,2.77872320170887e-22,2
"21648",0.00629978701955746,0.993700212973916,6.52632942346158e-12,2
"21650",0.964363112435197,1.74186559760354e-06,0.0356351456992057,1
"21652",0.406416892979868,0.593583099101487,7.91864525388197e-09,2
"21654",0.0830767600936136,8.72643572879935e-10,0.916923239033743,3
"21656",1.36482369645122e-05,0.999986351763036,7.40614932642583e-17,2
"21658",3.54623432236257e-08,0.999999964537657,3.81594146827848e-21,2
"21660",0.000866801032137899,0.999133198963474,4.38790520599595e-12,2
"21662",0.86963283511943,1.07732315509811e-06,0.130366087557415,1
"21664",1.67067227968425e-07,0.999999832932772,2.11119561592104e-20,2
"21666",0.381467040263724,0.618532863864449,9.58718273518078e-08,2
"21668",6.66550075567635e-05,0.999933344992443,3.61923024924034e-16,2
"21671",0.938143595572543,7.80005184255072e-08,0.0618563264269384,1
"21673",1.82062541462511e-05,0.999981793745853,1.39057116991681e-16,2
"21675",0.000393746347815247,0.999606253652165,1.99853566905768e-14,2
"21677",2.4646307080805e-06,8.99263062225504e-21,0.999997535369292,3
"21679",6.58606487184401e-06,0.999993413935128,1.02175183456356e-17,2
"21681",0.943277273635068,0.0567220262524051,7.00112526990425e-07,1
"21686",3.70198998985448e-07,1.53255325574857e-21,0.999999629801001,3
"21689",0.96956521737841,8.09431618004317e-07,0.0304339731899722,1
"21706",0.999768942856157,0.000164644754970063,6.64123888730766e-05,1
"21708",0.367836360603513,1.35925897019438e-09,0.632163638037228,3
"21711",0.256914394377436,0.743085603186165,2.43639930615151e-09,2
"21716",0.00268484280933004,2.455453275305e-13,0.997315157190424,3
"21719",0.997807479816975,4.71353801827748e-06,0.00218780664500713,1
"21722",0.908915528566015,0.0910843256169696,1.45817015222683e-07,1
"21725",0.25579660671571,0.744203387649687,5.63460267850089e-09,2
"21728",0.459953938892353,4.78276424708753e-09,0.540046056324882,3
"21732",0.999684031897066,0.000108705192624894,0.00020726291030908,1
"21734",0.174538330264087,1.00097218894294e-09,0.825461668734941,3
"21737",4.2557747076096e-06,0.999995744225292,3.2683460665578e-18,2
"21740",4.62855637654017e-05,1.65291667587075e-16,0.999953714436234,3
"21742",0.000710669592070684,1.56900390382339e-13,0.999289330407772,3
"21745",0.696055228524606,0.303944678758459,9.27169342393798e-08,1
"21747",0.929750864578549,0.0702462883349188,2.84708653257117e-06,1
"21749",2.57098543492721e-05,0.99997429014565,2.90737114668296e-16,2
"21751",0.0709052528865786,6.9940885786163e-11,0.929094747043481,3
"21753",0.0444478902419977,1.75149641435757e-10,0.955552109582853,3
"21756",0.157018494257038,4.68743779380803e-10,0.842981505274218,3
"21759",0.000216669921766508,0.999783330078219,1.44031809115461e-14,2
"21761",0.104622990698068,1.43192576708196e-10,0.89537700915874,3
"21763",0.00162678775165846,0.99837321224753,8.12026758129241e-13,2
"21765",0.00700004655742048,2.04553736671098e-12,0.992999953440534,3
"21767",0.843800938502092,0.156198746420308,3.15077599333991e-07,1
"21769",0.00020232604864974,9.78026635358647e-16,0.999797673951349,3
"21771",0.940749200195876,3.15649905847188e-07,0.0592504841542182,1
"21774",0.296379517003735,0.703620472867173,1.01290921013618e-08,2
"21776",0.97037090525012,1.04225815014721e-06,0.0296280524917299,1
"21778",0.010299280683238,3.34090765215152e-12,0.989700719313421,3
"21780",0.000435273864585755,0.999564726135204,2.10409365565709e-13,2
"21783",0.983851582646895,0.016146580610169,1.83674293651506e-06,1
"21785",0.994674517294415,0.00532369391458204,1.78879100247904e-06,1
"21788",0.823782533484553,2.29968623775871e-08,0.176217443518585,1
"21790",1.42163304393531e-05,5.13312804252753e-18,0.999985783669561,3
"21793",0.650551731101221,0.349448223517911,4.53808677039306e-08,1
"21796",0.00190917952882817,4.16423040735043e-14,0.99809082047113,3
"21798",0.227951126522498,1.0402266431417e-08,0.772048863075236,3
"21801",0.0654607041811552,8.61135427115436e-11,0.934539295732731,3
"21803",0.00442142852607226,7.26627402300121e-14,0.995578571473855,3
"21805",0.0136085124953139,3.60231839654738e-11,0.986391487468663,3
"21807",0.998568048000733,0.000170488620433372,0.00126146337883367,1
"21810",0.994832878551269,3.95479567154543e-07,0.00516672596916369,1
"21812",0.0117521849133109,8.21111338413865e-12,0.988247815078478,3
"21816",0.955599669749864,8.95985687446432e-08,0.0444002406515675,1
"21819",0.00836823878367823,8.09565287328685e-12,0.991631761208226,3
"21821",0.761618425613257,0.23838058391581,9.90470932932049e-07,1
"21823",0.000868331448985295,0.999131668550405,6.101490146767e-13,2
"21825",0.999228004136634,4.08489555717963e-05,0.000731146907794547,1
"21827",0.998989306982461,0.000771774864471021,0.000238918153067823,1
"21829",0.0262188650857552,8.69266341198894e-12,0.973781134905552,3
"21832",0.0104979904153281,0.989502009396208,1.88463481910741e-10,2
"21834",0.9997702029144,2.53817448578918e-05,0.000204415340742461,1
