"","V1","V2","V3","V4","V5","result$classification"
"19812",0.974182893580962,0.024947769374236,0.000728739346596392,0.000134697775016492,5.89992318914517e-06,1
"19814",0.9913849513133,0.0028546381843793,2.80364445154009e-05,6.57292525645425e-06,0.00572580113254896,1
"19816",0.0238301079950827,0.97600091635268,9.98314493116537e-06,0.00015524813133477,3.74437597151049e-06,2
"19818",0.922060527019128,0.0566720567335876,6.99200292936768e-05,7.09018767636014e-05,0.0211265943412269,1
"19820",1.49689270860812e-06,0.999911795440067,8.63836192287446e-05,3.16378187123919e-07,7.66980873232262e-09,2
"19822",2.71500230807849e-05,0.943223340967416,0.0567380338149563,6.22325248025213e-06,5.25194206625099e-06,2
"19824",0.0012723180797122,0.995056535979499,8.63594955076997e-05,0.000566283020071987,0.00301850342520873,2
"19826",0.948034182128166,0.0382472430070224,2.21305093702673e-05,0.0135983996160123,9.80447394290638e-05,1
"19828",0.00107944059925259,0.998553976818959,0.000359617966307047,8.83869899874249e-07,6.08074558173693e-06,2
"19830",0.997065946806099,0.000378876788470892,0.000595691537256633,0.00171001903708613,0.000249465831087158,1
"19832",0.316932802127801,0.15501726590808,0.528024359693729,1.86017601496215e-05,6.97051024051086e-06,3
"19834",0.114191947095173,0.871848606487365,0.0135868985494632,6.51698318604897e-06,0.000366030884813092,2
"19836",0.599228808547389,0.278813992223889,0.000306158919204248,0.12164347615698,7.564152537748e-06,1
"19838",0.998575006093646,9.04412249754775e-05,8.83721893766495e-05,1.12562754405082e-05,0.0012349242165608,1
"19840",0.223865921211185,0.771704381684371,6.16008808563611e-05,0.00433944104522729,2.86551783599371e-05,2
"19842",0.109276051939903,2.04964976375183e-05,8.0192949114764e-07,0.890639183397157,6.34662358114298e-05,4
"19844",3.51893263420797e-05,1.85203194458127e-05,1.90364258255921e-07,4.82739380713517e-05,0.999897826051882,5
"19846",0.773665646128008,2.10113534940602e-05,4.5201547741221e-07,0.00468644934718978,0.221626441155831,1
"19848",0.910034958798754,3.30891623985466e-05,1.54088989374194e-06,0.000362305238346268,0.0895681059106073,1
"19850",0.641666570238318,0.000323159609498545,7.55730086542418e-06,9.39189129870302e-05,0.357908793938331,1
"19852",0.342634864625198,0.656151383286901,0.000270669673319299,3.9476270464507e-05,0.000903606144116361,2
"19854",0.989614918972781,3.16846361604232e-05,3.35528318951395e-06,9.0295185966972e-05,0.0102597459219024,1
"19856",0.0227950966419786,0.00109200080780121,2.68221546659074e-05,0.000374366381721343,0.975711714013833,5
"19858",0.00382448049283862,0.0268467383463532,0.000220312616490414,7.4079308376422e-05,0.969034389235941,5
"19860",0.693634830193577,0.306040007640968,0.000155664056329965,7.51503900188213e-05,9.43477191065314e-05,1
"19862",0.97160243329873,1.12697373637351e-05,5.44194119006258e-07,0.0147047171601052,0.0136810356096824,1
"19864",1.89072065810168e-05,3.82373557459978e-05,3.20061797120473e-07,0.999936560682374,5.97469350203102e-06,4
"19866",0.0063575034984542,0.951361569815432,3.29626187237083e-05,0.0422449136405421,3.05042684799919e-06,2
"19868",0.000198392449017808,1.90899647227015e-05,0.999705913825169,7.6647104922601e-07,7.58372900414537e-05,3
"19870",0.991700776928685,0.000508783414742474,5.23123466114859e-06,0.00154790874542868,0.00623729967648305,1
"19873",0.963324632088534,0.0322226069608236,1.37233118733628e-05,0.00262704200966545,0.00181199562910313,1
"19875",0.00589958215231273,0.993639949771847,0.000457639416294719,2.63137598718225e-06,1.97283558024237e-07,2
"19877",0.991245687574966,0.00477736222187982,3.91547068640376e-05,0.000152959607124266,0.0037848358891659,1
"19879",0.68646237040907,0.303917005838329,0.0015443984518508,0.000347134184156376,0.00772909111659329,1
"19881",0.957154945806864,0.0131183561584832,1.83693517906581e-05,0.0270732112317517,0.00263511745111072,1
"19883",0.750109952637607,0.00483977149704005,2.63023857819804e-06,0.244825252978179,0.000222392648595398,1
"19899",0.599263167872047,0.388696673870892,0.00888198777688838,0.0030919819481258,6.61885320459254e-05,1
"19908",0.0194053568540371,0.171079050907691,0.0692902422676312,0.734347100110159,0.00587824986048121,4
"19910",0.639092141117924,0.359452704416119,9.72271567254707e-05,0.000599187814549279,0.000758739494683043,1
"19912",0.562898800828135,4.2071544217584e-05,1.80094590787943e-06,0.435296384168988,0.00176094251275168,1
"19914",0.784110122431713,0.208270367338432,0.00569121683463017,0.000235579032674773,0.0016927143625499,1
"19916",0.000582290920511208,0.593530713679595,0.000105623299972367,0.405283731515547,0.000497640584373916,2
"19918",0.819169795835212,0.00064625849503722,5.87857269751392e-07,0.00312018685557245,0.177063170956909,1
"19920",0.102263309322418,4.00600346798317e-05,3.42809886267049e-07,5.08235563059608e-05,0.89764546427671,5
"19922",0.330506204375949,0.0208947026967179,0.648522023769234,1.82491531865803e-05,5.88200049118229e-05,3
"19924",0.945800871152706,0.0118127093446016,1.88555082531173e-05,0.000285436580673343,0.0420821274137656,1
"19926",0.384385893398168,0.56464457116827,0.0235047589289118,0.0274618368369221,2.93966772766917e-06,2
"19928",3.6839106317248e-06,1.68493812098571e-07,3.16548312096538e-08,0.999992135874201,3.98006652373452e-06,4
"19930",0.998372702574763,0.0011076751096251,1.60033299761383e-05,8.93117543687608e-05,0.00041430723126701,1
"19932",0.996264849272042,6.57105466068464e-05,1.06248654364593e-05,2.81024894590116e-05,0.00363071282645548,1
"19934",0.0400596928903646,0.957547104640784,0.00222114555753002,2.73868682045758e-06,0.000169318224500769,2
"19936",0.987608421600316,0.0114765870376794,0.000595986580902479,3.88964153609758e-05,0.000280108365740889,1
"19938",0.000635189696166803,0.996182373234319,0.00308866084361528,3.83211568452659e-05,5.54550690538953e-05,2
"19940",0.871144906846149,0.095587631603299,1.6347577579566e-05,0.0318606198532304,0.00139049411974184,1
"19942",3.21163507815694e-05,2.49655410911919e-06,1.5846064749964e-08,0.999964283397577,1.08785146788973e-06,4
"19944",0.259383644211689,0.73820762419793,0.00010538330873461,0.00222943231796503,7.39159636818576e-05,2
"19946",0.857567195839906,0.113008127770919,0.000109417534044413,0.000298362999085857,0.0290168958560446,1
"19948",0.000107319488578176,2.76208396975817e-06,5.41136784410997e-09,0.999883418787962,6.49422812211199e-06,4
"19950",0.00178315426491469,1.19829802582708e-06,3.20160671481506e-07,1.1858530599834e-06,0.998214141423328,5
"19952",0.000107319488578176,2.76208396975817e-06,5.41136784410997e-09,0.999883418787962,6.49422812211199e-06,4
"19954",0.997807841977435,0.000250762181717706,5.31756893889333e-06,8.93198057942044e-05,0.00184675846611387,1
"19956",0.311059588185881,2.84841391168851e-05,0.000253512413525782,0.0144609337061156,0.674197481555361,5
"19958",0.00358490626138422,0.000227998069869678,0.994863173473475,3.24328706647141e-06,0.00132067890820458,3
"19962",0.595642635397672,0.191418365792237,0.0031219707438867,0.000671758020924595,0.209145270045279,1
"19964",0.88017009722662,0.0600904153727257,4.34426545390837e-05,0.0305779092569308,0.0291181354891844,1
"19966",0.00028335429073021,0.988640978779192,0.000107254870925607,0.0109683301749069,8.18842452585288e-08,2
"19969",0.990132976316144,0.000779021441903627,4.42736032091241e-06,0.00885302992287828,0.000230544958752686,1
"19972",0.753613169912017,0.00108788028704242,4.84250498614392e-06,0.122712525542857,0.122581581753097,1
"19974",0.0549167411529606,1.49670640951177e-06,4.12219893950429e-08,0.0205481392824142,0.924533581636226,5
"19976",0.915872944839112,0.0187272812718907,2.76819576706043e-05,0.00046660100019027,0.0649054909311365,1
"19978",0.253543708735538,0.743674508727117,1.29077112521853e-05,0.00175566845491811,0.00101320637117432,2
"19980",0.673397905904466,2.27247129772396e-05,2.80250284068945e-06,6.790570293135e-05,0.326508661176785,1
"19982",0.153988153320786,0.000296430839506407,4.39468608896968e-05,2.30032238462627e-05,0.845648465754972,5
"19984",0.000496125671800481,2.06718565021088e-05,2.20920215193437e-07,8.93631873120466e-06,0.999474045232751,5
"19986",8.46496459183814e-06,0.999568275421739,0.000420179103745085,3.07229118507344e-06,8.2187386065172e-09,2
"19988",8.10620256265906e-07,0.999300461200996,0.000698566929501345,1.56228786011678e-07,5.02046005787656e-09,2
"19992",1.20794109944574e-05,0.999306123314323,0.000681403588346681,1.00039798124383e-07,2.93646538274037e-07,2
"19994",0.998469782361934,0.00133014219604508,4.77314397243905e-05,5.99873652733343e-05,9.23566370236028e-05,1
"19996",1.95915681046951e-05,0.999898176818861,8.19337891792007e-05,6.71135257439951e-08,2.30710328831701e-07,2
"19998",0.282181615805566,0.0478613977924023,0.000202998144891802,0.65916235072557,0.0105916375315693,4
"20000",0.978428149053001,0.000148260933835013,0.01641191243417,0.00429262752439694,0.000719050054596786,1
"20003",0.991463805230214,0.0074948814834748,0.00022031554842967,0.000815339683847918,5.65805403330632e-06,1
"20005",0.916202941817082,1.69793874233773e-05,5.43604564349307e-07,0.00244539319326391,0.0813341419976669,1
"20007",0.363483542421447,0.631992219852142,0.00318416007679775,6.27425329707394e-05,0.00127733511664261,2
"20009",0.000784101524859846,0.997034937039206,0.000847488141659659,0.000931271424786195,0.000402201869487768,2
"20011",0.945851922670811,0.0064952170652679,1.36768171115076e-05,0.0293902597706951,0.0182489236761145,1
"20013",0.887852181999242,0.000876115552794978,2.48882311166365e-05,2.7795000862153e-05,0.111219019215984,1
"20016",3.29649969106365e-05,0.994414757867609,0.00553694113112264,4.80982029420275e-06,1.05261840637026e-05,2
"20018",6.01230164221519e-08,0.0107347243849382,0.989265107442526,1.04532731872257e-07,3.51678717550527e-09,3
"20021",0.014552554639642,0.984948817702304,0.000473101140447924,2.51856754336658e-05,3.4084217238169e-07,2
"20023",0.0769132769199436,0.921240083173634,0.0016375207313394,6.4368895919549e-05,0.000144750279163011,2
"20025",5.59709757639198e-05,0.533611180467646,0.466328055926012,4.61454898317767e-06,1.7808159449103e-07,2
"20027",0.77178010672199,0.000253092487002256,6.08803406453932e-06,0.227902324203224,5.83885537188284e-05,1
"20029",0.96408866918153,7.66696749078706e-05,3.08298726222079e-07,0.0102956548602073,0.0255386979846292,1
"20032",0.994000183250134,0.000235562013422041,1.22669189944564e-05,0.00569711890974454,5.48689077052281e-05,1
"20034",0.000388545505758599,1.16343637986129e-05,3.24709949462875e-08,0.999598252304312,1.53535513581315e-06,4
"20036",0.752809004637411,0.0471563036657148,0.00205225863032835,0.0055895930481714,0.192392840018374,1
"20038",0.000654402260197076,0.992462353700951,0.00688183554817686,1.40167354520623e-06,6.81712980365577e-09,2
"20040",1.24202112950183e-05,0.983735596185793,0.0156651545021849,0.000579155830675444,7.67327005205614e-06,2
"20043",0.00385172242794794,0.995299636922845,0.000847116433550969,4.15041879478124e-07,1.10917377649015e-06,2
"20045",1.05674927087782e-06,0.992433577893283,0.00756515000252618,2.07530815199273e-08,1.94601838768466e-07,2
"20048",6.14348591455871e-05,5.29810325298916e-07,2.15879984462328e-07,8.40354501767793e-07,0.999936979096043,5
"20051",0.652516137750755,0.317167703693014,0.017646859429106,2.71314179974343e-06,0.012666585985326,1
"20053",0.0136846427279906,0.985663969002175,0.000109671529512627,0.000237918642016003,0.000303798098305572,2
"20055",0.0726021792764319,0.788013936904506,0.139239854600711,0.000143866330864243,1.62887487298044e-07,2
"20057",0.000185107375713541,1.64114359804927e-06,0.998260350656683,5.75055196202229e-05,0.00149539530438483,3
"20059",0.0127712920083358,0.982780175391555,0.00343384939030104,0.000972246921813247,4.24362879949637e-05,2
"20061",0.110350408933705,0.888124111491201,0.00050661274456278,0.000790151807184869,0.000228715023345786,2
"20063",5.79863514109264e-05,0.0158257535337942,0.000719719752483085,0.0020560745000609,0.981340465862251,5
"20065",1.29880320770512e-05,0.136364742632761,0.863622240687503,2.83536861354144e-08,2.9397246656539e-10,3
"20067",0.00041115778907732,0.988091005057902,0.0112255721610376,4.3626178428105e-08,0.000272221365804586,2
"20069",0.414678068174766,2.95969518152955e-05,4.33163825000444e-06,2.34165614757803e-05,0.585264586673693,5
"20071",0.438940684782038,0.359639521317577,0.00634403764291932,0.193299431445686,0.00177632481177987,1
"20073",0.0728871341374581,0.000815902412187093,1.27361527364279e-06,0.000514975127860108,0.925780714707221,5
"20075",0.000311104198132237,1.22184826962773e-05,0.999675178353581,1.34996964946363e-07,1.36396862550015e-06,3
"20077",0.0156335333162707,0.983704750008148,0.00011917484644186,3.05796762234118e-05,0.000511962152916173,2
"20079",0.0692294399923324,0.158874971603687,0.00160337752023652,6.30259315111981e-05,0.770229184952233,5
"20081",0.00936066902228919,0.851397428080677,0.139232340640468,1.29837101795111e-07,9.43241946360587e-06,2
"20083",0.0170781716522597,0.00566355918610294,0.00114590550338928,0.00520869347454784,0.9709036701837,5
"20085",1.55249227659853e-06,0.996965457749051,0.00303293089174201,5.74607536456975e-08,1.40617701766487e-09,2
"20088",0.000550771319743751,0.998418849347229,0.00102995018006517,1.96933828526601e-07,2.32219132958168e-07,2
"20091",0.000143435694642375,0.00241306967102783,0.997439728818838,9.00463673578481e-09,3.75681085535415e-06,3
"20095",0.0164288583093521,0.0706141158943439,0.000374671662608877,0.0532504780857359,0.859331876047959,5
"20097",2.96041855600772e-06,0.987809426524024,0.0121875824879081,2.8653388600417e-08,1.91612314194303e-09,2
"20099",0.00259622000383495,0.846498522125569,4.42328395781e-06,0.14570757347284,0.00519326111379826,2
"20102",0.0027173893091322,0.00173254136708735,0.0694616842873652,1.26800449622476e-06,0.926087117031919,5
"20105",0.00588533014812764,0.993085494549478,0.000354730397572534,9.44860004587247e-07,0.000673500044817451,2
"20107",0.000636219380435284,0.999216140091296,0.000143039756450956,3.92541643744935e-06,6.75355380128252e-07,2
"20109",0.0244475253918607,0.669995577631819,2.34918628529718e-05,0.00152546684440221,0.304007938269066,2
"20111",0.470405354451208,0.000188814807064224,0.510107664553177,5.46093794776957e-05,0.0192435568090729,3
"20113",0.0195762162804267,0.952862281556502,0.000279255500884433,0.027280313695936,1.93296625071924e-06,2
"20115",0.993023220839745,0.000161957869339141,0.000360451798023023,0.00533382128458752,0.00112054820830526,1
"20117",0.0017144179482202,0.113568725261085,0.517274674283977,0.367434951098431,7.23140828749834e-06,3
"20119",0.000335932493359008,0.955226629572147,5.09943069263524e-05,0.0443863985600792,4.5067488519882e-08,2
"20121",9.43073139226657e-05,0.999496166846451,0.000406796303074417,2.70211968427849e-06,2.74168673395556e-08,2
"20123",3.35702448287094e-05,0.00138147279537165,0.998584918442423,2.24242980024363e-08,1.60930784273862e-08,3
"20125",0.881784568389504,0.000232535857789387,2.60527988319126e-05,1.93405565205037e-05,0.117937502397354,1
"20127",1.37587373028018e-05,0.99966862937904,0.000314762354914733,2.24752129131791e-07,2.62477661368117e-06,2
"20140",0.182405188383141,0.394322221421479,0.420962965295142,0.0023072362043244,2.38869591260037e-06,3
"20142",0.00568629444300953,2.22016579054557e-06,8.4200821787098e-07,2.43245616815442e-06,0.994308210926814,5
"20144",0.984037880703196,0.000133745652205618,0.00679301828890783,8.97560142491518e-05,0.00894559934144183,1
"20146",0.595232992560312,0.00670375335687697,0.00330932497828843,0.000114617927018205,0.394639311177504,1
"20148",0.991874618871865,0.00768493314949162,0.000104215411887487,2.93502820941133e-05,0.00030688228466143,1
"20150",0.374956243725801,4.7835733150016e-06,2.62183621650457e-07,0.00241803022079354,0.622620680296469,5
"20152",0.96623539404443,0.0332269866133741,0.000161896083650663,0.000144646074904689,0.000231077183640269,1
"20154",2.22416700403218e-05,0.0352351427807384,0.964733899735804,2.15716676086485e-09,8.7136562499764e-06,3
"20156",0.161786461245703,0.748898379248029,0.0187671893311311,0.000481471604811631,0.0700664985703252,2
"20159",0.351417009797175,2.90211936312984e-05,8.04450492392879e-06,1.5771609928826e-05,0.64853015289434,5
"20161",0.0104758223979842,0.000622155486258757,5.88776666267292e-05,0.000227540994532901,0.988615603454597,5
"20163",0.9522638259741,0.0453223707321088,0.00129820893630691,0.00110210406449171,1.34902929931314e-05,1
"20165",0.000925310920126337,0.00893204727549561,2.29434554932883e-05,2.49637517503998e-06,0.99011720197371,5
"20167",0.982029267396716,0.00485076312953999,8.83432934739151e-06,2.14058277951447e-05,0.013089729316601,1
"20169",0.000260252899062372,6.31138470679255e-07,2.6430246101059e-07,9.48482864570258e-07,0.999737903177141,5
"20171",1.45318024689423e-06,0.0082925345554123,0.991697751103962,1.16115788678276e-09,8.25999922097633e-06,3
"20173",0.0011171348285615,0.0502282775891742,1.64067563042901e-05,0.737432549198552,0.211205631627408,4
"20175",0.986477975142836,0.00176401756952014,2.20542850925894e-05,0.000355973737520513,0.0113799792650305,1
"20177",0.0039684555662626,0.491528308768257,1.07155730785583e-05,0.504248850823542,0.000243669268859844,4
"20180",7.21846605966851e-05,0.997243008120549,0.00266533220304362,1.94747526874238e-05,2.63123274026611e-10,2
"20182",0.000210588610265622,6.03281973406833e-08,2.3623508654506e-05,0.0019355545249394,0.997830173027943,5
"20184",0.0433899164504096,0.000150309634627822,2.69213776441374e-06,1.30879288549834e-05,0.956443993848343,5
"20187",0.00230254985934616,0.00397751740262578,7.60494315838618e-07,0.992413565466236,0.00130560677747599,4
"20189",0.0589270203966203,0.920928193357316,9.81758986650649e-06,0.020115027356573,1.99412996241066e-05,2
"20192",0.00613245443438775,0.799588119905867,0.158764581492538,0.0355062785106184,8.56565658949567e-06,2
"20194",0.100069730843077,0.000191853082235056,5.01225713091102e-06,0.166430620089005,0.733302783728553,5
"20196",0.000164338646169225,0.828298163176702,0.171536887855147,2.56977337502395e-07,3.53344644594205e-07,2
"20198",0.69622295923701,0.295589668132844,0.00637957254920421,0.000805996064870334,0.00100180401607128,1
"20204",0.416235043010033,3.81480146057986e-05,1.1894893545965e-05,2.86272072202429e-05,0.583686286874595,5
"20207",0.000345479458136064,0.912080569356051,0.0875295213631074,2.97973901208627e-08,4.44000253152406e-05,2
"20209",0.895637237993247,0.000729937221022502,0.0556957752757291,0.0479272313490658,9.81816093551341e-06,1
"20211",8.01084309480733e-05,0.00115513294059708,0.998764633095133,5.37291759103816e-10,1.2499602991973e-07,3
"20215",0.0219821632993393,0.976752973098502,0.00118816981668334,2.28300005090099e-05,5.3863784966328e-05,2
"20218",0.0166499251530883,3.7233332359391e-06,8.29638171929987e-07,2.66514640919118e-06,0.983342856729095,5
"20222",0.0107315968493769,0.923743087493806,0.0654026269779045,1.61305816633593e-07,0.000122527373096484,2
"20225",0.968807442245728,0.000235445958689237,0.00061998549593187,0.000387615483646319,0.0299495108160042,1
"20229",0.826500487738555,0.0446242622396676,0.124108792127434,0.00347266365645246,0.00129379423789079,1
"20232",0.120270699938448,0.857710753656371,0.0218963068251363,9.15442508785495e-05,3.06953291659786e-05,2
"20234",1.08316371344423e-06,0.868345312470636,0.1316477391535,5.86236497623315e-06,2.84717424989454e-09,2
"20238",0.000546975253838997,0.997935158412109,0.001503070782612,2.74426075316836e-06,1.20512906863169e-05,2
"20253",0.000282579267384692,0.998927249125271,0.000782122139444382,6.0158542272156e-06,2.03361367218214e-06,2
"20255",0.998908772010446,0.00033622846873903,0.000368113166784619,4.62928294554978e-06,0.000382257071085227,1
"20258",0.000179137263436535,0.999751594206864,6.59852734103235e-05,3.18743328427514e-06,9.58230049577126e-08,2
"20269",0.031778527107118,0.916735117690031,0.000110442599134489,6.88118313510528e-05,0.0513071007723657,2
"20271",0.000447499349852807,0.984319340909866,2.12263151203383e-05,0.0152115679658654,3.65459296097952e-07,2
"20285",0.0430178047508609,0.00528272250539073,1.34633246280343e-05,0.950127663631689,0.00155834578743149,4
"20288",0.0285901404109505,0.968899892149527,0.00237474053137542,2.0198502601668e-05,0.000115028405545471,2
"20291",0.000293363742491382,0.744482917813333,0.255218901699405,1.3870489021175e-06,3.4296958686782e-06,2
"20295",0.0701190607453776,0.741955547817116,0.000203818823706231,0.164336995457602,0.0233845771561988,2
"20298",0.994440823568472,3.97997233943767e-05,4.24871820313808e-06,8.48964787968959e-05,0.00543023151113336,1
"20302",0.283224997261235,0.00115187681113768,7.09615628624047e-06,0.0023703926106682,0.713245637160672,5
"20305",0.997272918597049,3.15676824056906e-05,1.83257175621397e-06,0.00161581890429115,0.00107786224449775,1
"20307",2.84912078448323e-05,0.999530831879957,0.000440562057745333,6.7349564961983e-08,4.75048882486061e-08,2
"20310",9.72212417494792e-07,0.997808240406051,0.0021895369737061,1.2095484626356e-06,4.08593624010458e-08,2
"20313",0.000635231673998186,1.74851301427966e-07,2.26844749737668e-08,1.60326931126456e-05,0.999348538097113,5
"20315",0.00074917406493817,0.999112082349259,0.000110495933173572,2.76450258168419e-05,6.02626812480913e-07,2
"20319",0.000274163032421834,0.379693139761451,0.620031950024892,5.37632320927368e-07,2.0954891486475e-07,3
"20321",0.000104120914851516,0.999803905526002,8.01842883902701e-05,3.06349173879478e-06,8.72577901761226e-06,2
"20327",5.58940194931576e-05,0.999878790423091,1.062108389201e-05,5.44145584719372e-05,2.79915051766978e-07,2
"20329",0.000247806198462444,1.63505137744512e-06,2.75325676080467e-09,0.999610712067813,0.000139843929090436,4
"20335",2.72050250013611e-05,0.891922994010146,0.108048169158627,4.73518522703758e-09,1.62707104073536e-06,2
"20337",0.701783458871846,5.18007022997366e-05,9.62633570263558e-06,1.7861660819171e-05,0.298137252429332,1
"20339",0.0125610768006239,0.00748144581241764,0.97915909351295,0.000794412469489446,3.97140451858738e-06,3
"20341",5.76475639878858e-05,0.0265338405473059,0.972962135819063,3.8902749084531e-08,0.000446337166894045,3
"20343",2.3130756412551e-05,0.990784843032641,0.00909793115218984,4.0558718565829e-07,9.36894715710519e-05,2
"20345",0.971840031563158,0.00478923339791719,4.58058211463896e-05,0.0233134873573595,1.14418604185527e-05,1
"20350",0.165520374268876,0.45048867202915,0.34473872630206,0.0115901290726756,0.027662098327239,2
"20352",0.000475963925351297,2.56699234666392e-06,2.73170613390802e-07,7.17378964947051e-07,0.999520478532724,5
"20355",0.027656577440392,0.00350880700456189,0.000207599003141976,0.000214174163237935,0.968412842388666,5
"20358",0.0378869020951432,2.60380275718235e-05,9.01764794180316e-08,0.935512602931761,0.0265743667690451,4
"20363",0.000405056469820176,0.999513707498061,7.35429335443846e-05,8.97631435962647e-07,6.79546713778957e-06,2
"20365",0.0437685611133871,0.427327700934608,0.528900380267122,8.69949610770957e-07,2.487735272159e-06,3
"20379",0.997015511126447,0.000432740494662257,0.000629564342425365,0.000329938383594121,0.00159224565287099,1
"20387",0.000680553027548894,0.997910780629038,0.00140810084432772,2.26947896903736e-07,3.38551189022643e-07,2
"20392",2.99702111579982e-05,0.00271853702454736,0.997251481134548,7.10433509205368e-10,1.09193135463216e-08,3
"20395",0.981572391681033,0.0169312151547245,0.000272317994937108,6.36551613636154e-05,0.00116042000794142,1
"20397",9.14140213512001e-05,2.41967171618041e-07,1.11550784242202e-08,0.990104177989897,0.0098041548665016,4
"20410",0.0104972405174817,0.988422892838378,0.000580909262508476,0.000498908480419328,4.89012123625837e-08,2
"20414",0.656101209237636,0.00115637097631002,8.5096383440152e-06,0.000100943834681961,0.342632966313028,1
"20417",3.01212903779438e-07,0.0827554972146752,0.917138376054827,0.000105811211775789,1.43058186297634e-08,3
"20419",2.92228283542061e-05,0.999936128242799,1.8387570519708e-06,3.15188501842571e-05,1.29132161032068e-06,2
"20421",0.275726922460771,0.00373879777991296,0.0144952118417152,1.24206268231961e-05,0.706026647290777,5
"20423",0.595872666067851,0.000265369283933111,0.000111043306997909,1.06072800499924e-05,0.403740314061168,1
"20425",0.396668854705221,0.000645962405780449,0.0003799612862783,4.36614693806371e-06,0.602300855455782,5
"20427",0.952417506261815,0.0470948573016977,3.53341328641731e-05,9.2190201224589e-05,0.000360112102398718,1
"20429",0.000184356199600083,0.995269154561626,0.00399862311809326,0.000327552277234167,0.000220313843447004,2
"20432",0.143971239122957,5.02748304779494e-05,4.21400740666111e-07,0.00042717468508772,0.855550889960736,5
"20435",0.185294258075685,0.789808900763438,0.0245592377521812,0.000325382550006889,1.22208586883601e-05,2
"20438",0.0004111708603173,0.999128871495969,1.83584204770226e-05,0.000123643507902827,0.000317955715333689,2
"20440",0.00015422891742749,0.999777679854313,2.65226386138194e-05,2.31829521730609e-05,1.83856374727415e-05,2
"20443",0.00179366505051249,0.000212164035787363,3.04361973211359e-05,8.75866563665895e-06,0.997954976050742,5
"20446",0.427667910329494,0.563321537988254,0.00155393794516108,0.00273248663914522,0.00472412709794543,2
"20449",0.196095736311895,0.78960105758764,0.0139503725090856,0.00032596362475852,2.68699666215636e-05,2
"20537",0.00809762260976132,0.715924442758804,0.275759381513557,3.83728100792365e-06,0.00021471583687023,2
"20540",1.28902101047439e-05,0.00827082565326164,0.99171626104351,1.55326847206387e-08,7.56043860010179e-09,3
"20543",0.785012456438966,0.209643543466739,0.000728622066477894,7.80095360155707e-05,0.00453736849180157,1
"20545",5.489549359044e-05,0.00118118337812616,0.998763488097702,2.94040034545919e-10,4.32736541148644e-07,3
"20549",0.930324313911552,0.0493588198982002,0.00366362190985148,2.75860145157357e-06,0.0166504856789448,1
"20551",0.0241484775982028,0.974227022297624,0.00149955704041535,5.9217119752162e-07,0.000124350892560657,2
"20554",0.00443023771176823,0.995440935205211,0.000105360175821271,1.06580775104026e-05,1.28088296892671e-05,2
"20556",0.698769613818302,0.187164062161361,0.112673199229868,4.92236963638339e-06,0.00138820242083336,1
"20558",7.92145770736503e-05,0.999757117706996,0.000163292437989817,9.14927302651822e-08,2.83785209984064e-07,2
"20560",0.0183533454070344,0.977712698334483,7.92323232640786e-05,2.5384366819681e-06,0.00385218549853644,2
"20563",1.062461496009e-05,0.99974180026304,0.000246358554627988,3.43005182111346e-07,8.73562189960941e-07,2
"20565",0.11871174089384,0.856601153776114,0.00117559106518514,1.00307326951859e-05,0.0235014835321657,2
"20567",0.0964730699377868,8.11395039840728e-05,1.8970257993461e-06,0.000228493603120658,0.903215399929309,5
"20571",0.00145511646208169,0.96938829969006,0.0278665133892622,0.00125205801750263,3.80124410930199e-05,2
"20573",0.0430259116056889,0.95228269256921,0.00408752780309303,5.01540898551136e-06,0.000598852613022353,2
"20575",2.30993538391082e-05,0.999869194199539,0.000103402864041879,4.12197025757731e-06,1.81612322216992e-07,2
"20577",0.886077251728789,0.111137831285905,0.0018289035299459,0.000846941970008974,0.000109071485350824,1
"20579",0.00134634542635476,2.09440758170769e-06,2.13865027523694e-08,0.10685039466847,0.891801144111091,5
"20582",1.16174429549225e-05,0.999873507792309,0.00011457912749857,2.51973417837547e-07,4.36638191060312e-08,2
"20585",0.0199899223063292,0.0948694879447678,0.885138761409621,7.82633914187856e-08,1.75007589053687e-06,3
"20588",0.0111619793044234,0.00847694869891167,0.980188504723204,2.8100499518299e-06,0.000169757223509516,3
"20590",0.00411823701612013,5.60284774021299e-07,1.04304987789494e-08,0.00137336764619767,0.994507824622409,5
"20592",5.50615432930264e-06,0.999917369782668,7.58856238722618e-05,1.06073494330213e-07,1.13236563634129e-06,2
"20594",2.16108155853076e-05,0.999667456274054,0.000309296260787152,1.62853144575984e-06,8.11812807797759e-09,2
"20596",0.0088433905646058,0.988512034300685,5.59271510001633e-06,0.0021709171718713,0.000468065247738073,2
"20598",0.0110599949332569,0.988821707277877,0.000104799111527549,6.73203048485625e-06,6.76664685311259e-06,2
"20600",0.25040424373779,0.0847947974615738,0.66338206962943,1.36356758213842e-06,0.00141752560362367,3
"20603",0.993649928614602,0.000565318870499841,0.00224942185111085,2.77176594657442e-05,0.00350761300432159,1
"20605",0.000418092770608267,0.999141254036266,0.000424842967487467,1.57854887998483e-05,2.47368382362608e-08,2
"20607",0.00138097196157172,0.998532001758559,1.2278564162741e-05,7.42222609561373e-05,5.25454750308649e-07,2
"20609",0.0184641293423125,0.981362329497388,0.00011867909243523,2.06834411669257e-05,3.41786266970889e-05,2
"20611",0.990637534881274,4.10100669345389e-05,2.07517064323603e-06,0.00897980540619047,0.000339574474957789,1
"20613",0.594064418026096,0.402922117485038,0.00286405551700253,0.000135312043447233,1.40969284163228e-05,1
"20615",0.701375480621637,0.246309479381343,0.049912205397674,1.89680430549261e-06,0.00240093779503989,1
"20617",0.00225401516898969,1.24313321181018e-06,3.46576276455942e-07,1.24702929704715e-06,0.997743148092225,5
"20619",2.38035581743921e-05,0.999935722562102,3.45986623382742e-05,2.63042626959654e-06,3.24479111545315e-06,2
"20621",0.0162447337156855,0.983283975307239,0.000368644782787618,6.93688498510097e-05,3.32773444372353e-05,2
"20623",0.00816000943521165,0.0017916026410559,2.81939476070141e-07,0.00116548758271914,0.988882618401537,5
"20625",0.93631701324373,0.00111736569861322,0.0215696214150738,9.55825833437415e-06,0.040986441384249,1
"20627",0.219502643956808,0.779298400982274,0.000472053067412065,0.000722121879491603,4.78011401413664e-06,2
"20629",0.201902998087039,0.794546035306229,0.00275349088662883,1.36658686269876e-05,0.000783809851475868,2
"20631",1.41184896590418e-05,0.999853923177494,0.000124047883108908,2.4387222585851e-07,7.66657751211034e-06,2
"20633",0.000347886501000577,1.10892440917037e-07,1.12910921480286e-08,8.41045154979535e-05,0.999567886799968,5
"20636",0.919719666263655,0.000907467039003169,7.41029506880793e-06,0.0532815017314244,0.0260839546708491,1
"20638",0.806288827561341,0.129854636288966,0.0620601881806284,0.0016168614246791,0.000179486544385454,1
"20640",0.00373632064405257,0.922110194416913,0.0741519527935762,1.51362227887893e-06,1.85231793265723e-08,2
"20645",3.31671200994643e-06,0.99590877205015,0.00408788838059976,2.00872932763364e-08,2.76994661987653e-09,2
"20647",6.54838112030294e-05,5.68301656666514e-07,2.52837947060688e-07,9.41465461350643e-07,0.999932753583732,5
"20649",0.022741388564934,0.967071430364873,0.0101729369127727,1.92128667059669e-06,1.23228707495101e-05,2
"20651",8.21864493866117e-06,0.9969415582856,0.00300042792591004,3.92372376442915e-05,1.05579059069831e-05,2
"20656",0.00162438765072265,0.96328368564593,0.0350864341603202,1.37950598063918e-06,4.11303704700856e-06,2
"20660",0.00795763515880996,0.0569155845347354,0.934252329021998,0.000871291792049399,3.15949240709532e-06,3
"20662",0.0609655738354843,0.000395116409241216,2.69382771243275e-06,0.0955121531279386,0.843124462799623,5
"20664",0.0108590510216923,0.881115372648443,2.89470930983071e-05,0.0093148740895474,0.0986817551472187,2
"20666",0.957381322876636,0.000532794162711419,0.0419381034716468,6.25809227033462e-05,8.51985663024201e-05,1
"20668",0.504549027614091,8.76238949352417e-05,6.85552838881338e-07,0.000147257153652243,0.495215405784483,1
"20670",0.00095206378952385,0.997748805864417,0.000324197026305536,0.000970081569545205,4.85175020874964e-06,2
"20672",0.511423926135808,5.55303681214744e-05,2.25988724464566e-05,1.25271014864026e-05,0.488485417522138,1
"20674",0.0843192884139716,0.915133806978164,0.000144431168900285,0.000243689222171677,0.000158784216792285,2
"20676",0.0722818781893411,1.41976288286327e-06,3.46444496421676e-07,0.92241194541643,0.00530441018684895,4
"20678",0.0441308561561549,1.67261928525425e-06,4.85833083430461e-08,0.90239828588867,0.053469136752582,4
"20680",0.679129565326639,0.0015656570429128,2.90739081626423e-05,1.41310504142172e-05,0.319261572671871,1
"20682",0.851595656800381,0.00315903263997934,6.83807476711768e-06,0.144363888085347,0.0008745843995258,1
"20684",0.0891426733691899,0.791875270190346,0.00395997426028119,0.115002893153973,1.91890262101557e-05,2
"20686",0.017486434884344,5.59527807497423e-06,9.12855486678789e-07,2.49290558078306e-06,0.982504564076513,5
"20688",0.00176349379005476,4.78767620648064e-07,1.09047122405218e-08,0.939222997411557,0.0590130191260556,4
"20690",0.00197304648205304,0.0388686501048556,0.959155310278824,2.90001525795379e-06,9.31190095773573e-08,3
"20692",0.000984661018044748,2.23146154129924e-07,1.14600713809045e-08,0.0171609818043018,0.981854122571428,5
"20694",0.980755421193908,2.39465026761438e-05,1.76910943343853e-06,0.000269222515228483,0.0189496406787541,1
"20696",0.992083133024205,0.000683372507336278,2.00323883594383e-05,0.000864648955570044,0.00634881312452933,1
"20698",0.0907597202755971,0.891283699624077,0.00837048076948286,2.58360590450257e-05,0.00956026327179801,2
"20700",0.00112123601253741,0.995118368405913,0.000371965554144245,0.000427343849954006,0.00296108617745103,2
"20702",0.000171921251227124,0.102684176687111,0.897143500351667,3.61618420181968e-07,4.00915741268527e-08,3
"20704",0.186475291391096,0.813045530343458,0.000355422272809202,8.35812871025205e-05,4.01747055346255e-05,2
"20706",0.421949125173187,0.172637370417388,0.00393436963121436,0.391683669025164,0.00979546575304755,1
"20708",0.0626932968361445,9.93636293820851e-06,1.19530211224506e-07,0.93676526519196,0.000531382078745625,4
"20710",0.0632520427334226,0.561090003378872,0.375654920169513,1.21787973720315e-06,1.815838454675e-06,2
"20714",0.0104058287910147,2.28129497556462e-05,5.04929464996629e-08,5.89109147435732e-05,0.98951239685154,5
"20716",0.00697790064010466,0.992773261072965,0.000110825317159309,0.000137515468735376,4.97501035185996e-07,2
"20719",0.042100187403149,0.107485767383115,7.7221928729995e-05,0.85030249758266,3.43257023458554e-05,4
"20721",6.15985673395733e-06,0.999907961917682,8.43237173226966e-05,1.49546181582424e-07,1.40496207985563e-06,2
"20723",0.0170043993471595,0.132750058493158,0.00112934304814429,0.848967773859007,0.00014842525253128,4
"20725",0.998042809211421,0.00169041771177199,0.000113893157407246,3.44273063475705e-05,0.000118452613052081,1
"20727",0.00514763135667817,3.59302704711816e-06,9.83249328868294e-05,0.000540831306502585,0.994209619376885,5
"20729",0.978341683708056,5.26331014865464e-05,3.16683607817157e-06,0.0213685047938212,0.000234011560557885,1
"20731",0.999222420338024,0.000469335247212614,0.000100835619372227,0.00019208774405362,1.53210513371659e-05,1
"20733",0.124528928611797,0.871557089362732,0.00365065813494833,0.00024866211462092,1.46617759016805e-05,2
"20735",0.639464328485409,0.346950047297371,0.0134660886534701,0.000110802205205729,8.73335854388382e-06,1
"20737",0.748676052007751,4.8922615071625e-05,3.48606525804576e-07,0.204706514956505,0.046568161814147,1
"20739",0.000492000925825582,1.76546643387523e-07,3.83516323239712e-08,4.90732297186389e-05,0.99945871094618,5
"20741",0.957247537985731,0.00585192014093283,5.10250606040375e-05,6.49811875830095e-06,0.0368430186939741,1
"20743",0.977191224602851,0.00556172304036793,4.88024260624366e-05,0.0168984260115925,0.000299823919126139,1
"20745",8.93968418289973e-05,0.999625776013262,0.000276687831779316,5.96809213631402e-06,2.17122099302962e-06,2
"20747",0.977478492951622,5.97866223514579e-05,3.70031103830332e-06,0.0222691669341873,0.000188853180800817,1
"20749",0.989768556300881,2.63801120283935e-05,4.0211360608178e-06,0.0097359602597808,0.00046508219124937,1
"20751",0.997666079683298,2.35165046950493e-05,0.00170792730632528,0.000132215646950984,0.000470260858730208,1
"20753",0.996278477152222,9.6828378827235e-05,3.84817773915681e-06,0.00339819903965854,0.000222647251553199,1
"20755",0.000755319955205063,7.89060437881396e-07,9.03585170917251e-09,0.999182955554221,6.09263942848757e-05,4
"20757",0.00173036930528073,0.0040640871573572,6.09545323786403e-07,0.986977680723071,0.007227253268967,4
"20759",0.000119551064340132,0.9996263269342,2.44032614406125e-05,5.96193413286077e-05,0.000170099398690976,2
"20761",0.974792120007296,0.0234124892887494,6.19393622132042e-05,4.8117752686326e-05,0.00168533358905472,1
"20763",0.925747059152428,0.066400067631406,0.000819650362686277,0.000178831197653543,0.00685439165582615,1
"20765",0.994090230042038,0.00215692080559632,4.16277953474969e-05,5.51643840004991e-06,0.00370570491861809,1
"20767",0.0363155213482733,0.953106886296789,0.0003175613771956,0.0102581286212231,1.9023565192434e-06,2
"20769",0.0358294480061659,0.270341197231128,0.687609669908232,0.00621960239916357,8.24553105790706e-08,3
"20771",0.675227378492737,0.101464354196997,8.83686642502753e-06,0.00566335085006971,0.217636079593771,1
"20773",0.000167843169099165,2.48746848461118e-05,2.5040633361841e-07,0.99980046997728,6.5617624408478e-06,4
"20775",0.997536342171885,0.00159921564104936,0.00015587964301248,0.000633486737654093,7.50758063987705e-05,1
"20777",0.679407087906466,0.0251403276329209,0.294697926140967,0.000296750956869578,0.000457907362776597,1
"20779",0.998883446452911,0.000837968209987431,4.82350692990811e-05,0.000210123250269114,2.02270175328428e-05,1
"20781",0.00585747287114584,1.30354764113283e-05,0.9674177698642,0.0059745932399594,0.020737128548283,3
"20783",0.973454893021223,0.0210256794589392,1.31124341791887e-05,0.00235261396074181,0.00315370112491649,1
"20785",0.00015140668039174,2.49729788370492e-06,6.51523251289433e-08,0.998993510013824,0.000852520855575263,4
"20787",0.966582042694902,0.000280039780983528,3.12391123907511e-07,0.0130662800804884,0.0200713250525017,1
"20789",0.60008868178899,0.391698194821486,0.000929007643088358,0.00727213659003008,1.19791564057594e-05,1
"20791",0.938865194198416,1.06867942855997e-05,8.19653857340644e-07,0.000854173653846362,0.0602691256995945,1
"20793",0.700197108068916,0.297611813238187,0.000631562714904078,0.00155409208943142,5.42388856204393e-06,1
"20795",0.80591697398729,0.000196849893783935,2.05290667294805e-06,0.000606657068634638,0.193277466143619,1
"20797",0.00123662117335327,5.95358871251775e-07,0.00237386459226433,9.77590417330859e-06,0.996379142971338,5
"20800",0.997455574364264,9.97292760239483e-05,1.95430106256566e-05,1.56498866130327e-05,0.0024095034624727,1
"20802",0.9915994187875,0.00657002813157945,4.12603677169779e-05,2.58649033835638e-05,0.00176342780981961,1
"20804",0.873552216262729,3.25989125888046e-05,5.47123350510543e-07,0.122834486036381,0.00358015166495096,1
"20806",0.714008905955506,8.78413207757509e-06,6.00037945884124e-07,0.00119700177890105,0.284784708095569,1
"20808",0.0131279788016218,0.986522939455686,4.96431212580326e-05,0.000299273941564908,1.64679869573642e-07,2
"20810",0.53446753690393,0.00088889679700775,1.60312515400865e-05,0.00160731434598482,0.463020220701538,1
"20812",0.987045439805447,0.00340080832560889,0.00410474464259336,5.21098035161166e-06,0.00544379624599893,1
"20814",0.122361688589138,3.04519911599008e-06,8.33081806690743e-08,0.688176287745065,0.1894588951585,4
"20816",0.00342479005012943,0.115552105213093,0.00146220683988921,0.879560567999666,3.29897222273688e-07,4
"20818",0.989636092981734,0.00720727675620716,9.79506203844742e-05,0.000130509645115741,0.00292816999655878,1
"20820",0.000162352157617809,2.88413197575996e-07,1.1916513187097e-07,1.08078930759961e-05,0.999826432370977,5
"20822",0.995007886531603,0.00367042117472288,1.34360801014877e-05,2.14057549839647e-05,0.00128685045858886,1
"20824",7.80526429484347e-05,7.43715119093269e-07,2.76515771001139e-08,0.999755205663405,0.000165970326949888,4
"20826",0.00428627712724533,1.72809848168088e-06,4.24349088344436e-07,1.50850338010227e-06,0.995710061921804,5
"20828",6.14348591455871e-05,5.29810325298916e-07,2.15879984462328e-07,8.40354501767793e-07,0.999936979096043,5
"20830",0.986077355836216,4.48595423502198e-05,5.66176640173988e-06,0.0134109508370463,0.000461172017985681,1
"20832",0.601346656745166,0.349571553170155,0.000195595900594269,0.000208663829669419,0.0486775303544144,1
