"","V1","V2","V3","V4","V5","V6","V7","V8","V9","result$classification"
"19812",0.219897763501434,7.27427082546717e-07,0.0586647275967637,0.000157224227994337,0.000485685442734675,1.92893193328257e-05,0.720617259025403,6.14927424117468e-05,9.58307168427401e-05,7
"19814",0.0101134393914405,0.00130933258732875,0.000734454880112359,1.73521570881017e-06,3.35684316078402e-05,1.76036139945918e-08,0.987797687492389,8.57078692279347e-06,1.19361087577491e-06,7
"19816",0.80066876715019,4.22245623561722e-07,0.00633419278755287,7.23251619592121e-06,0.188669200105437,0.000856490554185538,0.0034566614765764,7.02918104245179e-06,3.98319651892314e-09,1
"19818",0.534578757866827,0.00532658755170509,0.000306499460422232,6.42600358098059e-06,0.000825575798274922,7.79628565454964e-07,0.45890863796359,4.47075206103953e-05,2.02820642371341e-06,1
"19820",0.00238654829875195,1.73394681304879e-10,1.52446036419229e-05,0.000154660459131808,0.997312036521123,0.000131505784620068,3.9648974517995e-09,3.50825722302138e-11,1.5935651248815e-10,5
"19822",0.00298837735866675,9.72920952939498e-07,0.00666116609984052,0.117832357542828,0.865799902335298,0.00671164684871427,2.94193536089151e-07,1.9736004673277e-09,5.28072656298726e-06,5
"19824",0.635920138886298,0.00146146986025533,4.03773238269989e-06,6.62512507216681e-05,0.30318967202521,0.0591964896290636,0.000154474207896125,7.26936287372143e-06,1.97045298634733e-07,1
"19826",0.0793073573663707,2.06667251729297e-05,0.159695929933487,1.59252649306055e-06,0.00150098700013787,0.00475226439846517,0.74753079292131,0.0071889461954367,1.46293312717466e-06,7
"19828",0.362877402353763,9.50492592942981e-07,0.000101232590708103,0.00115725089895435,0.635771382587916,4.04582565621095e-06,8.76361781573361e-05,1.86246333538125e-08,8.04476185578276e-08,5
"19830",0.00509111597026225,7.07386932840357e-05,0.137771205482057,9.40937167374684e-06,1.25923898311691e-06,7.87234775819702e-06,0.850187957265094,0.00321473590743795,0.00364570572344911,7
"19832",0.110543843016807,7.86848232064192e-07,0.0371045971291219,0.681038588582903,0.0114882156318566,0.000102742162439898,0.137213131176022,7.64286970513634e-07,0.0225073311656473,4
"19834",0.146661789434524,6.68617953580856e-05,0.752527573839057,0.00806914068062829,0.0832340722413616,4.57159252471767e-06,0.00942955892823256,1.3568747561282e-07,6.29580083820593e-06,3
"19836",0.949341849487871,1.12888888096969e-07,0.00170347881204118,4.50887490388333e-06,0.000838743494100633,0.0131929651599966,0.0295868076057687,0.00531413810004585,1.73955763841815e-05,1
"19838",0.000278541863018376,0.000160602962690086,0.000712161618230374,1.3909517466952e-06,2.07332940056033e-07,4.66192043491223e-09,0.998771159973321,2.32667710668623e-05,5.26638650661079e-05,7
"19840",0.133229616039592,1.78881628115596e-06,0.802286887435904,5.05481791653638e-06,0.0487222843963964,0.000963817274643886,0.0145655370623231,0.000224973914263106,4.02426799229673e-08,3
"19842",6.50860891107368e-06,9.94843998711279e-07,0.000147510108084316,1.76346729379527e-10,8.65957707770531e-09,5.92388842967791e-05,0.00915903869095849,0.990625207362509,1.49266531803306e-06,8
"19844",4.58190090074798e-07,0.999987773285919,5.69145131371676e-08,8.71809011958466e-10,6.10529130967262e-07,9.23193323808732e-07,4.24559277954353e-06,5.92362304684391e-06,7.79938744333932e-09,2
"19846",0.000177064980621281,0.0506639928419843,6.07406333126784e-06,5.21619502790293e-10,1.52544313000432e-08,4.49009580967204e-07,0.915893574252132,0.0332562845595429,2.54451675672083e-06,7
"19848",0.000186018399884247,0.0167660639095637,1.53739137085095e-05,3.35082073430614e-09,2.78332572408609e-08,6.08912067655861e-08,0.981768290218974,0.00126127946807839,2.88201450617093e-06,7
"19850",0.000489115265106764,0.154475358328908,9.31739163644183e-05,8.84545652011894e-08,1.76448373771941e-06,4.18176842805062e-07,0.844831412166613,0.000106989432329202,1.67977553355217e-06,7
"19852",0.968006927453361,5.407619820287e-05,0.00134473469409229,2.11443324275886e-05,0.00682889980584611,7.99226052035468e-06,0.0237351670964415,7.16671933299054e-07,3.41487175427817e-07,1
"19854",0.000155111347660758,0.00133132910655757,5.10532964895837e-05,1.17431850951308e-08,3.27676617056202e-08,7.92454895819843e-09,0.998092349857233,0.000365990755563129,4.11320109974355e-06,7
"19856",8.20886345199579e-05,0.986826516161245,0.000287065221871258,7.92971090297262e-07,3.7945124234123e-05,0.000103492351947027,0.0125948843801648,6.61538237923539e-05,1.06133113544502e-06,2
"19858",0.00337609496006228,0.993682757317639,2.98277375696507e-05,1.99605063765616e-05,0.00160904386064969,0.000613089350345827,0.000666420472255702,1.0403499330073e-06,1.76544516778417e-06,2
"19860",0.533942782456586,1.70411632134359e-05,0.176908049988702,5.24047961876185e-05,0.0216208056238659,2.82300045839091e-05,0.267418237563315,1.19681577738962e-05,4.80245771731371e-07,1
"19862",8.39140810920496e-05,0.0014327583619151,1.68651355837524e-05,3.77022650412923e-10,5.41969112772043e-09,4.71078607795897e-07,0.863739053648253,0.134721444159489,5.48773834539657e-06,7
"19864",5.34211902134296e-05,1.64569121619477e-06,8.59930443022154e-07,1.6861330080263e-09,1.28881897878113e-06,0.0291083846012049,1.68485188970994e-06,0.970829867847885,2.8453820361459e-06,8
"19866",0.323366401741384,2.36552537320745e-07,0.0297708460008363,3.79984500227926e-06,0.0729785575357164,0.573233701480832,0.00018908414753987,0.000457322668009036,5.00281423195053e-08,6
"19868",1.96293371627113e-07,2.05334544706597e-05,0.00272097376287185,0.047769833419782,8.09660627974153e-07,4.87723840616979e-09,1.65537594927789e-05,6.40484799019823e-08,0.949471030723665,9
"19870",0.0187262228847983,0.00124775177229656,5.16409213432714e-05,4.96612405222252e-08,1.26538424203216e-06,5.44651787599243e-07,0.970803731569855,0.0091573105777972,1.14825766393399e-05,7
"19873",0.402771073218568,0.000390184828186458,0.00121647984034533,8.94071865149547e-07,0.000500648143402357,5.55722107327561e-05,0.592030688790624,0.00303339530975103,1.06358652506495e-06,7
"19875",0.121687308513644,1.97687140175475e-08,0.0324912526664112,0.00166885453416237,0.843378763458695,5.06072615970133e-05,0.00072309542191582,4.28155541013448e-08,5.55593067726366e-08,5
"19877",0.141306332016594,0.00150450584241887,0.00564640477086029,1.30709452048143e-06,2.80196694476311e-05,2.39938811160181e-06,0.851357950846753,0.000137446783455149,1.56335878388522e-05,7
"19879",0.946444809342681,0.000688941784625201,0.00426458768149347,4.94076694770657e-05,0.00124295461237152,1.36787461629159e-05,0.0472602641850723,1.45801121603829e-05,2.07758659566885e-05,1
"19881",0.070591153259586,0.000781072297120357,0.00412471425488504,7.38557374048401e-07,0.000148673469563952,0.00864391201687474,0.899441053344063,0.0162636304166219,5.05238391062143e-06,7
"19883",0.0285064829351526,2.57004767834742e-05,0.00162175067662432,4.1778928947776e-08,3.64374051622614e-05,0.00367332313872049,0.452549858250591,0.513585178378416,1.22695962133652e-06,8
"19899",0.0752504348414861,1.08476653021201e-06,0.915579077329826,6.27157331059608e-05,0.00136807965945646,3.17863331979186e-05,0.00762442199226316,3.51877143056706e-05,4.72116298286537e-05,3
"19908",0.00053799865668418,0.000169656401138525,0.970236213050984,0.000104218733500326,0.000842880170431584,0.0262045542961106,3.91346902759471e-05,0.00147795176355322,0.000387392237321174,3
"19910",0.966881589153332,1.98700592663967e-05,0.000169224915528304,2.02034795737306e-06,0.00100958995705032,2.15886508543388e-05,0.031878440029719,1.72569701606894e-05,4.19916130929927e-07,1
"19912",2.05472703769234e-05,7.61894499316368e-05,0.00152817559988736,6.93523292201872e-10,2.42867780276445e-08,3.37770977047761e-05,0.105959158720522,0.892379025281575,3.10159970108322e-06,8
"19914",0.501638600084638,0.00039587174778575,0.343572096098898,0.000553458666432696,0.00249750186492,0.00021515481827671,0.150974139866775,8.75605535835738e-06,0.000144420796915007,1
"19916",0.00110884183785282,1.35703241189535e-06,1.08964844473215e-06,8.34804940679148e-08,0.00081469911386326,0.998055374725952,2.14446688844066e-07,1.8325181917607e-05,1.4532374935848e-08,6
"19918",0.00738700233297765,0.0633128866153631,3.03358316262217e-05,3.88093820670653e-09,1.79831634556565e-06,9.03561136332771e-06,0.921564195330913,0.00769439896509738,3.43115376045184e-07,7
"19920",8.31602540712121e-05,0.866672121012978,6.16776628651174e-05,1.85955173358848e-09,2.21991927823391e-07,4.95850009412643e-08,0.133048813462549,0.000133833951338055,1.20219718193008e-07,2
"19922",0.0855723026466136,4.52460623439518e-06,8.20502297064656e-05,0.238388133211522,0.000407267400836441,4.44627454005238e-07,0.14774457603054,6.07338881906869e-06,0.527794627858274,9
"19924",0.137249157077713,0.0253593121741654,0.00668182547204113,7.15549037128679e-07,0.000157521681957238,2.58292005033688e-06,0.830146429164062,0.000399733397326095,2.7225636471312e-06,7
"19926",0.459355232228506,6.91813628387697e-08,0.508348781334896,0.000703072168330908,0.00370988150289239,0.0136455203870111,0.0128328262417344,0.000381337097303398,0.0010232798579623,3
"19928",4.6444784523296e-08,8.50078294711288e-07,7.80276310740791e-08,2.03794055662478e-11,1.37795640927497e-09,0.0118784404409114,4.11170372864113e-07,0.988118201432515,1.97100715466364e-06,8
"19930",0.022582137793108,5.13164081890209e-05,0.000119573481131065,4.62426687326977e-07,4.24994093112817e-06,1.96023218871149e-07,0.977060896342674,0.000173700311833274,7.46727222772616e-06,7
"19932",0.000357479594705039,0.000433644879034501,7.38987300368122e-05,7.49408832365611e-08,9.20346823561768e-08,5.99985023548877e-09,0.999052738676232,7.34706786775734e-05,8.59446589807733e-06,7
"19934",0.383201500125104,9.28861071269746e-05,0.0430602460691177,0.0104451334024378,0.544905861490579,8.29240027396213e-05,0.0182098228224888,1.12791393421939e-07,1.51318901266929e-06,5
"19936",0.0540853466175052,7.47687348922097e-05,0.0751470991240836,5.5174922303083e-05,0.000255441533351922,1.19394023765344e-06,0.870263957976152,2.32614694659706e-05,9.37556820086728e-05,7
"19938",0.0937931043427514,4.03182438945472e-05,0.124764240212348,0.00463856371077657,0.760240488817947,0.0164738001092229,4.65427470919186e-05,1.49520924342734e-07,2.79229504317995e-06,5
"19940",0.879204553339589,6.53753305560091e-05,7.57372360911976e-05,2.08877160869599e-07,0.000269570433582164,0.000478942214850957,0.112598791897806,0.00730575181683176,1.06885353246004e-06,1
"19942",7.62138401604248e-07,2.44229151040364e-07,1.29605152769226e-05,3.45341907288541e-11,4.89195502012784e-08,0.0621677396948785,5.51834683004961e-06,0.937812631497682,9.46236949881828e-08,8
"19944",0.975863505804087,2.56735527058904e-06,0.0022375514210062,4.45472990595878e-06,0.00550831469690274,0.00251330618634538,0.0138435600751084,2.64253477196494e-05,3.14383654046216e-07,1
"19946",0.655176993207316,0.00992357418184573,0.00361308118782056,7.03851197730461e-06,0.00140247619166628,8.96008914932884e-05,0.329750211477749,3.43345584158003e-05,2.68979171633132e-06,1
"19948",1.18029549110241e-06,3.22779374000245e-07,4.33902108914223e-08,3.2962057592679e-12,8.86577378134071e-09,0.00201465519961806,8.56649703474975e-06,0.997975206203303,1.67658977561469e-08,8
"19950",6.01958667664177e-07,0.998850313076759,3.01154637555296e-07,1.07766991830702e-09,4.91335460735502e-09,5.09894907957164e-10,0.00114719271760792,1.42731293211748e-06,1.57278476392955e-07,2
"19952",1.18029549110241e-06,3.22779374000245e-07,4.33902108914223e-08,3.2962057592679e-12,8.86577378134071e-09,0.00201465519961806,8.56649703474975e-06,0.997975206203303,1.67658977561469e-08,8
"19954",0.00391573422516875,0.000239255463825076,5.75882684911149e-05,5.78034890077684e-08,5.09463314787146e-07,3.85310895680415e-08,0.99551105454054,0.000271747024502994,4.01467957889232e-06,7
"19956",9.03013024855349e-06,0.627047574298642,0.142204537272639,3.66324163384221e-07,1.02088982002853e-07,1.83804123304545e-05,0.207201246107174,0.0215904301671595,0.00192833319866123,2
"19958",2.3859521372665e-05,3.64120667774203e-05,5.78061315610981e-08,0.0119497972770992,4.10559135091624e-07,1.5051990201354e-08,0.000139702546078297,5.05052934973758e-08,0.987849694666122,9
"19962",0.134550254784768,0.22340730694095,0.0149200720243806,0.000865145420674257,0.0159810118317899,0.00758772933300312,0.602517559227752,5.47127494018147e-05,0.000116207687280491,7
"19964",0.741765185134883,0.00396524002318668,4.74665908005185e-05,5.42391635706223e-07,0.000253159796210105,0.00062588504790461,0.241758965366503,0.0115695517052367,1.40039436397166e-05,1
"19966",0.0213903994153522,2.01690202762929e-09,0.00456193799555584,1.40865025339338e-05,0.118583616249832,0.855435482098916,2.0457769679208e-06,1.23994044606732e-05,3.05394790861361e-08,6
"19969",0.00450467727613682,3.67500798862147e-05,0.00594123956636698,7.74936419632243e-08,4.91439635659665e-06,3.69244425598805e-05,0.960358711907936,0.0291142470024816,2.45783463458402e-06,7
"19972",0.0333744973662537,0.0314439688622986,4.58262113857684e-05,1.17919094621195e-08,1.88714768496768e-06,3.30025386738902e-05,0.355326776477782,0.57974729828217,2.67313218418557e-05,8
"19974",9.41779752344002e-06,0.581082897605215,1.26026241181272e-06,1.82160283507169e-11,1.59343018315226e-09,8.60698257979017e-07,0.068189525657468,0.35071488977628,1.14659119796168e-06,2
"19976",0.356824751572823,0.0371349709085797,0.00273465619344764,9.16115578204402e-07,0.000183599104020971,8.47936599372464e-06,0.602755012661913,0.000353235263255147,4.3788143886972e-06,7
"19978",0.975542992583659,4.17527234691601e-05,0.000121126934583976,4.24676699666302e-07,0.00826158837604923,0.00018885029626518,0.0157799181983831,6.33254307549172e-05,2.07801356702097e-08,1
"19980",9.7802969154068e-05,0.105058853411685,2.18530898884273e-05,8.56635296299491e-09,3.05357008518947e-08,6.41248574678092e-09,0.894496075692571,0.000320867891335823,4.50143082535947e-06,7
"19982",0.000197578535783958,0.841175635471911,0.00100847919731029,6.72746962712154e-07,5.42069045714601e-06,2.29358382650353e-08,0.15755632565188,4.40680653003083e-05,1.17967045566534e-05,2
"19984",2.44719061639104e-06,0.999857916202572,4.61148281480363e-07,1.41730509346795e-09,2.46887216784674e-07,1.91189654497614e-07,0.000137197776950482,1.52807792960169e-06,1.01094731485245e-08,2
"19986",0.0318094003073424,7.43109186168342e-10,0.00267786998919599,0.00121491552694308,0.958513313553005,0.00578440461792214,7.7710282570266e-08,1.11314225045316e-09,1.64390579297501e-08,5
"19988",0.00195172861451705,1.36895674010555e-10,9.37355567655137e-05,0.00132042489465526,0.996521640498068,0.000112467201430245,1.38954407844501e-09,8.2302194794348e-12,1.69989412645044e-09,5
"19992",0.00159272347429368,1.99837128114918e-08,0.0029599575832693,0.00120709012974858,0.994193332560568,4.68122015300353e-05,6.27564418200504e-08,1.19279732370733e-11,1.29850818254561e-09,5
"19994",0.0321937414153212,1.11152497383029e-05,0.000600859966590109,1.89960684387489e-06,5.85944871781887e-06,1.8410087313322e-07,0.96705065938754,0.000106353404337231,2.93274200384032e-05,7
"19996",0.0136735216908377,1.61092860474917e-08,0.00011694640600392,0.000227965656153142,0.985975474053745,5.87051461499721e-06,2.05218691931879e-07,4.30278780330525e-11,3.0763903719186e-10,5
"19998",0.00359178691275114,0.0018104866010166,0.184851399270316,2.53210883990667e-06,0.000664578902849794,0.745606667668916,0.0335022025743704,0.0299647304612722,5.61549966852147e-06,6
"20000",0.000117057111166921,0.000135974614196368,0.262602755302633,0.000166756999074578,4.50999947913747e-07,1.97807297052112e-05,0.602744898340788,0.00408764485370352,0.130124681048785,7
"20003",0.107002151868435,5.95966101044579e-07,0.0116592227719853,2.28590089445173e-05,8.27763099897198e-05,4.6070997966177e-05,0.880298992184617,0.000778044650149397,0.00010928624181198,7
"20005",0.000205023487674749,0.0162262416480098,1.8130395773397e-05,5.5409451907058e-10,1.0426911709462e-08,9.86749971440472e-08,0.963168740585298,0.0203783313556993,3.42287154146946e-06,7
"20007",0.726614885306451,0.000224403607156344,0.216410725342559,0.000492492388890546,0.020765197703251,7.88801281251373e-06,0.035471601538327,3.08719111369831e-06,9.71890943948257e-06,1
"20009",0.0761219078177422,0.000116869628730068,0.000245066001172281,0.00043934012932854,0.219319739335083,0.703714068819086,4.01282819583532e-05,1.84340315004296e-06,1.03658374977345e-06,6
"20011",0.259797803792142,0.00664744053367867,0.000857391096104617,1.93373970958539e-07,3.93607306644997e-05,4.71088048517254e-05,0.607608268255898,0.124981143851594,2.12895610944984e-05,7
"20013",0.00278996408348335,0.0743463720994611,0.0151334375047821,5.05198673202331e-07,6.21335818789565e-06,8.58886331207897e-08,0.907684292100266,3.55502730365873e-05,3.57949347662068e-06,7
"20016",0.0625586881165658,4.84323100126543e-06,0.0024654744686378,0.0159765165892026,0.914977606328815,0.00401478008909842,7.1237083452124e-07,4.88138857706665e-09,1.37392445625192e-06,5
"20018",2.1972554967424e-06,6.01421437835928e-11,1.1382963657144e-06,0.995799482908132,0.00398081997379075,4.56825948423232e-05,6.87336714185274e-11,2.71148227794679e-12,0.000170678839784705,4
"20021",0.87761812842335,1.44344349999002e-08,0.000287332209000623,0.000599143613256836,0.119885158326506,0.000248124658469711,0.00136131754583062,3.78628416165371e-07,4.02160735650241e-07,1
"20023",0.896189059879696,3.05459794873411e-05,0.0355279224950786,0.000621477011809706,0.0543449046369538,0.00177984606197131,0.0115006931582251,6.03661041905577e-07,4.94711573689907e-06,1
"20025",0.00799288186857057,8.22748753875884e-09,0.000149068589548296,0.703468667170589,0.28783118537803,0.000199290539094006,5.52047127928526e-07,3.63143908298439e-09,0.000358342548114056,4
"20027",0.00108985916103538,3.45928040951282e-06,0.00894738782118305,1.16598461205655e-08,4.26721532948541e-07,7.84230248896666e-05,0.260760641901912,0.72909821576056,2.15746686316039e-05,8
"20029",0.000258839899172593,0.00539808479090108,0.0004438186750705,7.34594728355712e-10,1.49706845230957e-07,2.15242483983537e-06,0.925259301038514,0.0686373601945881,2.92535473365983e-07,7
"20032",0.00312215655738584,4.50079133416729e-06,0.000500863237797535,1.16763373034856e-07,5.42318975435152e-07,6.5588519734745e-06,0.97263493092423,0.0236836388813401,4.66916735905324e-05,7
"20034",2.15876301823006e-05,7.59379483668243e-08,2.03322461771232e-07,4.38040317224251e-11,3.95670251484751e-08,0.0062374011500294,4.58934009971239e-05,0.993694594591238,2.04356313675598e-07,8
"20036",0.00011624927284889,0.0098727854887678,0.97125664437851,5.43379122892037e-06,0.000222465185613316,0.000177348488671655,0.0183091601214734,3.78975846955813e-05,2.01568818998147e-06,3
"20038",0.0856570411364863,4.91883967958559e-10,0.196166395356161,0.0285600531880296,0.689508827050463,8.34079039165689e-05,2.3123302555842e-05,5.22708782157076e-09,1.14634341599719e-06,5
"20040",0.0341182796478945,7.92838680255625e-07,7.17861582234807e-06,0.00743063364717796,0.22131566929317,0.737104108600514,7.71289717980754e-08,1.4470570259871e-07,2.31155220661813e-05,6
"20043",0.0440335239527636,1.11048520745581e-07,0.00544778686019093,0.00421849663744256,0.945884434417717,7.28826345672405e-06,0.00040831873791998,4.38601853584389e-09,3.56959697744528e-08,5
"20045",0.00177480721161446,1.00245932584905e-08,1.03569532666542e-05,0.0237270481697895,0.974457881852646,2.98636541023411e-05,2.90774707243199e-09,7.80945562539593e-13,2.92254599160427e-08,5
"20048",3.99295083823517e-08,0.999987126536039,3.33119063302355e-08,4.9068816992944e-10,3.2079639101938e-09,9.47218962358156e-10,1.25125905377316e-05,2.40786757476986e-07,4.21993801508336e-08,2
"20051",0.0815200690797993,0.00906648151668573,0.11112682440164,0.0328107774913061,0.099972528413359,5.35376067686905e-06,0.665451938721804,3.32571568790477e-07,4.56940431597702e-05,7
"20053",0.946399818416803,4.96859849053384e-05,0.000629658193251766,2.61993114403395e-05,0.0463581287574189,0.00564368915123072,0.000891143249420402,1.55040391335365e-06,1.26531616482999e-07,1
"20055",0.0396322274377872,1.91125940029207e-09,0.906431253882916,0.0246233826099194,0.027978082012276,1.77204545749311e-05,0.0011548172910813,1.37309722320183e-06,0.000161141302962342,3
"20057",1.01003925765538e-09,2.89304090098943e-06,6.29953321341358e-09,5.98014963222592e-05,6.37104086399678e-11,2.67548329546828e-09,1.95430793350107e-07,6.06398810207958e-08,0.999937039343336,9
"20059",0.955726879443079,2.90038271554522e-06,0.000327620767751502,0.000371262563606515,0.0238037199273994,0.0192637444343341,0.000467073308348235,2.99926280989104e-06,3.37999099564211e-05,1
"20061",0.982186277786278,1.18730566742921e-05,0.00158924459299076,2.74032631900603e-05,0.0111897836949483,0.00064111762959929,0.00434538244746789,7.42037038368099e-06,1.49715846779004e-06,1
"20063",1.64542913910216e-05,0.96778090603457,5.76763709146745e-05,2.7867846620746e-05,0.00583006738166654,0.0262754079969818,1.80524773172612e-06,7.74520805054146e-06,2.06962207238856e-06,2
"20065",0.000274153847196396,1.20364770121009e-12,5.44211151250258e-05,0.983649154524139,0.0159745112002782,7.26738224899732e-07,2.45756831189001e-08,2.05854497113816e-12,4.70079960915895e-05,4
"20067",0.0498538287974341,0.000149373203444099,0.000859761118162407,0.0626456076826456,0.886445690658749,1.43647973145373e-05,3.04542042448267e-05,6.58223933506533e-11,9.19472183059653e-07,5
"20069",0.000102163127214833,0.328883424810124,4.2967331404938e-05,2.37687388628409e-08,8.22823736274468e-08,4.39445165588237e-09,0.670861635957403,0.000104697958588094,5.00036970071824e-06,7
"20071",0.00244565488782848,7.72097206905578e-06,0.995757790570777,2.40636117876755e-06,0.000145837150832582,0.000961972634148261,0.000493184785363264,0.000180575665292423,4.8569725097411e-06,3
"20073",0.00414226352991341,0.897471419296874,1.89479776992114e-06,2.83324616414959e-08,9.66995191693665e-06,2.30207911584374e-05,0.0978105510989971,0.000540699926178326,4.52274729515619e-07,2
"20075",3.03118603951785e-07,1.29174916391094e-07,0.000547962338864927,0.0823670562125863,2.25468645663849e-07,2.05758003099638e-09,3.07027849324291e-05,7.22517231963504e-09,0.917053611618698,9
"20077",0.0775391325039912,0.000187098178245083,0.663590333097871,4.29781423720505e-05,0.257150728412185,0.000286302917099242,0.0012031150458086,2.96562621899744e-07,1.51398059443804e-08,3
"20079",0.00346854404056136,0.875656816627797,0.00674772883467574,0.0010078302383925,0.0772413667690227,0.000165284138251889,0.035705451396455,5.21259626539297e-06,1.76535857817999e-06,2
"20081",0.268191477898463,1.80311425179389e-06,0.0401374345961657,0.388558874969548,0.302071349183727,2.45506179209166e-07,0.000886895236572815,2.00458362331674e-09,0.000151917490509052,4
"20083",4.41291812838567e-05,0.889365860137374,0.104096419604797,2.10986456937509e-05,0.000296671480587201,0.0035497031504649,0.00240330768890024,0.000199381915691753,2.34281952072523e-05,2
"20085",0.00109352807759791,2.56636853609561e-11,0.000170565292237748,0.0111858822712489,0.987479292095812,7.07241090696182e-05,3.25881709295832e-09,2.49259216088014e-12,4.8670610625681e-09,5
"20088",0.0728227917509115,3.21452294435012e-08,0.00277302083722492,0.00774654183352702,0.916496152776023,0.000118910567177991,4.24973612253529e-05,3.96687478495439e-10,5.23319930725786e-08,5
"20091",0.000903207569805571,9.73082268730082e-07,0.000190791118793805,0.936531503550076,0.000167709426265104,1.28715569964448e-08,9.87648295802643e-06,7.62065023258612e-11,0.0621959258220694,4
"20095",0.15595813709164,0.819597114420764,0.00032076890691981,7.43857712104233e-06,0.00298679410361619,0.00122987279039997,0.00181722189107982,0.0179629100791472,0.000119742139311835,2
"20097",0.000919698814997499,3.66743423867954e-11,0.000681852770386994,0.0420220114636048,0.956352552067091,2.38523106459622e-05,6.87404626105111e-09,1.19534809550513e-12,2.56613576941616e-08,5
"20099",0.526160776031321,0.00200533679671099,4.06896043995701e-05,5.93276071844314e-07,0.216859059114461,0.238734875172042,0.000202814835575254,0.0159958341044825,2.10649355135229e-08,1
"20102",0.000269706707332258,0.986732308999046,5.45721685771726e-05,0.00484172498966491,4.68127027681828e-05,2.07044258347371e-07,0.000377152458903856,3.33859370344299e-08,0.00767748154351212,2
"20105",0.128148626192952,0.000251533802847501,0.000534869797440474,0.00120796439676578,0.868848745603275,4.10854674693715e-06,0.00100408586064587,3.12247534750856e-08,3.45745735639229e-08,5
"20107",0.314394657165602,1.62241594489804e-07,0.0563666855585441,0.000267363395478276,0.628797620102963,0.000142057217064104,3.1401029632421e-05,2.98091584064795e-08,2.34799624048712e-08,5
"20109",0.702112341947559,0.188658347600178,5.36416037157455e-06,5.71562592233331e-06,0.0990988466091627,0.00333848696115642,0.00663532194771072,0.000145470732154107,1.04415785051361e-07,1
"20111",3.36719632978041e-05,0.00020596987032541,2.60768408896725e-06,0.000627712165568527,3.82050779128106e-08,5.43982261890588e-10,0.0190884299800108,7.01433461236757e-06,0.980034555253036,9
"20113",0.155551512941508,8.32194110479987e-08,0.775037086529677,1.39447609945876e-05,0.0499428237925419,0.0187384968284311,0.000336091268117716,0.00037948127119817,4.79388120733725e-07,3
"20115",0.00430527286676009,0.00012092505539855,1.66548536118488e-05,2.62435955083398e-06,2.14355613077675e-07,3.7143437364713e-06,0.965278864775327,0.0188310293076617,0.0114407000823403,7
"20117",0.0348714721943372,8.79111239247917e-07,0.0082650570575281,0.0458092402616192,0.0107203501000742,0.172848776725655,5.43479612175138e-05,0.0229146655312637,0.704515211057066,9
"20119",0.00663872425391791,3.64222814400926e-10,0.00251733892825729,2.58090189609385e-06,0.0519301295759045,0.938880413900226,9.21162809182521e-07,2.98863982022013e-05,4.51456429258751e-09,6
"20121",0.0961802520905062,4.14873729070201e-09,0.033945148201568,0.00121894062345709,0.866217507143846,0.00243539623736515,2.70745673477835e-06,3.29045830525712e-09,4.08073271081374e-08,5
"20123",2.72860190611472e-05,1.06200008659022e-09,0.00046703013365404,0.986522225967953,0.000115848729916024,1.15782423626654e-06,1.14107288682743e-06,2.05489540566386e-11,0.0128653091697434,4
"20125",0.000963782587794575,0.0503460951847824,0.000835517013470699,2.42879200448546e-07,6.68362775533571e-07,3.14537912938679e-08,0.947820314395852,2.14884907121154e-05,1.1859631620859e-05,7
"20127",0.0015209636796765,1.17652509637689e-07,8.23209754382156e-06,0.00044723004355417,0.998007680437658,1.56833827219477e-05,9.17015856979485e-08,7.23669717149956e-11,9.3238349249599e-10,5
"20140",0.00221268264417569,4.47927598981044e-09,0.995222774768781,0.00121362394546905,0.000567642687609902,1.74961260460757e-05,0.000279185887204122,1.96368208680888e-06,0.000484625779351209,3
"20142",1.24504877435961e-06,0.996029956352315,3.5833376272778e-06,2.43002347217607e-09,7.98086395989035e-09,1.41542529549317e-09,0.0039621839910043,2.50601297198096e-06,5.13430994457561e-07,2
"20144",0.000462868484994489,0.00315808806140934,0.0211712083250795,5.77974527109391e-05,2.99285191245471e-07,3.62468172509915e-07,0.916018674582812,5.98139020734719e-05,0.059070887437556,7
"20146",0.00139926799231118,0.319290251795219,0.406337597559992,9.98550358701232e-05,0.000171700136969316,4.62543266953081e-06,0.272481408891001,2.05739768236111e-05,0.000194719179144817,3
"20148",0.013203699735921,6.81354859309799e-05,0.0402844329297655,1.24459233703527e-05,0.000198838051359168,1.49221921685831e-06,0.946212645407163,1.51474873425343e-05,3.16275993037562e-06,7
"20150",3.5437123804136e-05,0.286247616190687,6.16448379323652e-06,2.76636786239475e-10,5.09030023283607e-09,1.00262710662172e-07,0.675426099754071,0.0382815365294107,3.04028858582147e-06,7
"20152",0.0811641591044361,5.36685830320235e-05,0.0399217987325612,2.61495250413229e-05,0.00100243733457602,6.96260646826958e-05,0.877719101501173,3.71658880836357e-05,5.89326641376626e-06,7
"20154",1.84496098355461e-05,3.65248523008333e-07,2.54771760971761e-05,0.994079524207967,0.00583314197369711,5.77685345698284e-08,1.47826257899415e-07,2.45214490476493e-13,4.28361888429615e-05,4
"20156",0.47297343436186,0.0316244097559012,0.460482982064939,0.000926515690548272,0.0231124782601085,0.000178102388188542,0.0104488015133795,8.98480113869589e-06,0.000244291163936865,1
"20159",8.2371984271072e-05,0.452986598786957,0.000121618485782867,4.56929787466585e-08,8.6785286813736e-08,6.51749687333145e-09,0.546756228975067,4.39197876497059e-05,9.12298450973072e-06,7
"20161",4.95131499723999e-05,0.996391452089077,0.00073052308929795,5.87774699855897e-07,1.02682836019157e-05,8.37283837639765e-05,0.00271896817136013,1.09841778643748e-05,3.97488036285762e-06,2
"20163",0.143091000859541,1.12379672449357e-06,0.00162717129505936,0.000356345689852703,0.00228227891070065,7.54921610995126e-05,0.851317129579804,0.00103492245628852,0.000214535250930079,7
"20165",0.000596976748329245,0.997711248169922,1.70523609181694e-06,3.1148746310064e-06,0.00152304212279699,6.22224354085196e-07,0.000163110013730176,1.40423067311912e-07,4.01870771127291e-08,2
"20167",0.0174516501242909,0.00337893318572162,0.000410069119461614,5.27513853354263e-07,6.4585033276567e-05,1.09549948808268e-07,0.978667691622068,2.61850939578064e-05,2.48757420951027e-07,7
"20169",9.00559185345766e-08,0.999920152180002,1.62103527043499e-07,5.57197784348319e-10,2.84250381276843e-09,7.68619425112634e-10,7.91151862628995e-05,3.99984952429986e-07,7.63210163362583e-08,2
"20171",3.29642489109404e-06,9.29664277253765e-07,2.9220000815559e-05,0.996332088624432,0.00351901603653513,3.80854790995901e-08,8.24011844560194e-09,1.40657584230787e-13,0.000115402923310489,4
"20173",0.000281286070083585,0.011557570176369,4.20974269876085e-07,4.06993929016499e-08,0.000571433574818588,0.985674923494033,1.05601388536371e-05,0.00190371179353342,5.30786460121427e-08,6
"20175",0.0564565307734094,0.00507889249428479,0.00289328623921951,3.49531087138668e-07,9.87456376493969e-06,4.58575919028873e-07,0.934486730188267,0.00104896403218205,2.49136018661289e-05,7
"20177",0.131230858790626,2.52796932635544e-05,0.000153130855196354,3.27928712873341e-07,0.0390710407783766,0.812077585934459,0.000157448417002103,0.0172842183561796,1.09246183686161e-07,6
"20180",0.101718681451205,9.66976425408783e-12,0.00292839281284976,0.0109596316582314,0.875835274033329,0.0085555120609719,1.52501246604663e-06,3.51916771703461e-08,9.47769600542082e-07,5
"20182",1.97737937951059e-08,0.98689172186915,2.03067423471768e-08,1.23499652666709e-08,1.33583692975989e-10,2.12353684679535e-07,8.73912961627519e-05,0.0062904508487401,0.00673017106817751,2
"20184",0.000168555367408278,0.97098678605682,0.000127777719158009,2.5516412497096e-08,1.06898782753229e-06,7.03782817239991e-08,0.0287076457236438,7.73627618115791e-06,3.33974266977692e-07,2
"20187",0.00284104037663995,0.000765325304634223,0.0026788620887465,4.94947039135155e-09,0.000156374310555838,0.849328049308196,0.00030224627777465,0.143927890214395,2.07169587261722e-07,6
"20189",0.92640720768761,7.52399528184296e-07,0.000110631189668018,1.01640049273078e-06,0.0306248913437027,0.0377644230492801,0.00438904103291741,0.000702015612871822,2.12839287296731e-08,1
"20192",0.0764883755369682,2.52982391326842e-07,2.4372650483458e-05,0.0310592346784982,0.0553036627729938,0.83134638450847,0.000200430460128546,0.000154168347776132,0.00542311806229024,6
"20194",1.52539928505519e-05,0.660711585421978,0.120286237894989,9.51673263101896e-09,2.45052560458336e-06,0.000829900938473206,0.0390986585155403,0.179053873875046,2.02931878577159e-06,2
"20196",0.00616197192502954,1.36323930771441e-08,0.000482542738711393,0.632591358230946,0.360746813306567,5.67253729058601e-06,1.92071797290696e-06,2.60520960350806e-10,9.70665056780438e-06,4
"20198",0.500032564035438,0.000315494368611624,0.176270877920858,0.000907093085052314,0.0158639605128229,0.00136431486707062,0.304742193770526,6.24018649620734e-05,0.000441099574658903,1
"20204",0.000180568676634256,0.299126091040594,1.19384633462266e-05,8.15723367495682e-08,8.24336677707757e-08,1.59931819888803e-08,0.700575731658654,8.27331847465931e-05,2.27569768384938e-05,7
"20207",0.00838335167935325,1.02448092466364e-05,0.00722411444418352,0.284830529686222,0.69953362454705,2.74130574178072e-06,1.08895204272584e-05,2.40279849126059e-11,4.50398374742393e-06,5
"20209",0.00123071850449817,1.70838642829289e-07,0.00729586047992204,0.000172323690506511,5.90580740887957e-07,2.21218348724078e-05,0.10108430519095,0.0230707170636913,0.867123191816176,9
"20211",1.75124808457759e-05,8.27021858095561e-09,0.000807519318707532,0.996490635088191,9.03750105903258e-05,7.64504294529728e-10,2.39025844589685e-06,1.04095550142146e-12,0.00259155880745529,4
"20215",0.00478745133698522,3.44758055372193e-06,0.821908306983015,0.000319981951273737,0.172339350332571,6.21238086017455e-05,0.000579232126026514,7.91877107231225e-08,2.66932618884707e-08,3
"20218",5.3931761186245e-06,0.979890830544546,2.09039441715166e-06,4.18161793144829e-09,1.45854857882353e-08,9.28129218078198e-10,0.0200942182037787,6.75937098473687e-06,6.88614922085425e-07,2
"20222",0.00989764588657165,1.8646796995424e-05,0.0161591837321378,0.191659887931297,0.781222143532109,4.08188508850828e-07,0.00103637256164556,1.65530093244431e-09,5.70971543351602e-06,5
"20225",0.000113606033141675,0.0113159565200291,0.0419891105217328,5.05619534450045e-06,2.13275829653229e-06,5.41527016144045e-07,0.945268741319666,0.000553895407284493,0.000750959717488759,7
"20229",1.8703755612928e-05,1.97894420344529e-06,0.999122731774947,3.39237738779185e-05,8.23700967057044e-06,4.71491228339981e-06,0.000771832934501253,1.22515175566406e-06,3.66517431477802e-05,3
"20232",0.423677665034469,1.82815197079868e-06,0.545935258882768,0.00228353326475884,0.0243615746466021,6.33909429113453e-06,0.00365976521264374,1.90517984197048e-06,7.21305326539302e-05,3
"20234",0.00182340176523621,3.78806534644014e-11,2.92262432140663e-06,0.224146680240434,0.772678267724658,0.00133484713128281,1.97837207723367e-09,6.9500823588457e-10,1.38778028064446e-05,5
"20238",0.378038050443214,4.70311151728823e-06,0.00650698150391617,0.00280422102877269,0.612482950399917,0.000132995369363366,2.93412866743504e-05,1.48842318159465e-08,7.41972393105928e-07,5
"20253",0.00157948057188473,1.76807000797953e-07,0.317290323281108,0.000559335036479193,0.679974851230088,0.00059267590277334,3.14809725704469e-06,3.47688676517252e-09,5.59652215359213e-09,5
"20255",0.00238368630221751,6.20657086472845e-05,0.00292696134795472,1.41801655262309e-05,1.38820237635258e-06,3.99346464232789e-09,0.99439993569398,8.30678270374719e-06,0.000203471803129825,7
"20258",0.165424164568908,6.41525519011476e-09,2.0776252773801e-05,0.000198049298595375,0.834151789425222,0.000196971325196282,8.21874990794056e-06,1.68306281788787e-08,7.13351342606159e-09,5
"20269",0.858245623590305,0.0169828737226716,7.39875888023192e-06,4.33347174467933e-05,0.118259495382186,6.80297213222649e-05,0.00638887380562353,4.17391055176202e-06,1.96391012271681e-07,1
"20271",0.260536412671139,2.48283923458205e-08,5.53403345583271e-05,9.18081165204728e-06,0.511497739464705,0.22753056735548,1.88712952604044e-05,0.00035181945133029,4.37874826325121e-08,5
"20285",0.00283138983668988,0.00073979284544436,0.0132478554171539,2.44565990329589e-07,0.000249709288026951,0.314954922496244,0.0207577102998526,0.647209487933407,8.88731719077558e-06,8
"20288",0.0714020721303671,1.36467260995957e-05,0.808011508578026,0.000520001870757778,0.119141788632842,5.435173489432e-06,0.000904752590407686,2.75650273066807e-07,5.18647737773329e-07,3
"20291",0.329868084841729,7.29230310652249e-07,0.00202117965114424,0.49624958081953,0.170854578933615,5.86003263780872e-05,7.99013432735897e-06,3.31179204756192e-09,0.000939252751173232,4
"20295",0.665342448516426,0.0029826090821429,2.76999714589933e-06,1.38597127759269e-05,0.0284100834229102,0.28524448616415,0.00907231111629368,0.00892567197181109,5.76001634467782e-06,1
"20298",0.000173173508758331,0.000778546598389307,0.00023267503071884,1.62537953522969e-08,4.66011973452576e-08,2.09189660397562e-08,0.99859333576028,0.000217731316639007,4.45401125529607e-06,7
"20302",0.00606374009156302,0.58831630629904,3.16557618147502e-05,1.07973365184326e-07,9.04730329979134e-06,8.168117646121e-05,0.402639080662307,0.00285168386476215,6.69686738709626e-06,2
"20305",0.000219371207169324,9.23479036700306e-05,5.63699474110761e-05,4.71709886804608e-09,3.19098814161666e-08,2.13232911374272e-07,0.991040556469177,0.00858515454238596,5.95007029468423e-06,7
"20307",0.0567698070783192,4.91430016585021e-09,0.000410438337905306,0.00224929252712592,0.940527659682929,4.22145858615129e-05,5.72765621948961e-07,4.04534977078685e-11,1.00674831933368e-08,5
"20310",0.000749468311862694,7.31297196127834e-10,7.57691782829619e-06,0.00237464542548108,0.996789489620023,7.88093679734676e-05,1.16038902000813e-09,1.30104242563783e-10,8.33504051619123e-09,5
"20313",1.06443706266644e-07,0.999561329056488,4.23789883124736e-08,2.19250097174029e-11,4.24005036916318e-10,2.40579212421886e-09,0.000396651615722211,4.18203509584025e-05,4.73024149349631e-08,2
"20315",0.250355589238034,8.69987670015437e-08,0.00691574301565181,0.000154263575711865,0.74240175644187,0.000134523191154148,3.73509239786594e-05,6.51258088763037e-07,3.53567436846583e-08,5
"20319",0.00028955013591005,4.38372870522283e-09,0.00268880569893143,0.898719593495111,0.0981726007423232,9.94127596449105e-05,2.62291617165845e-06,8.95825747754445e-11,2.74097785958782e-05,4
"20321",0.00480860615159228,9.66907800163177e-07,0.00110480798783816,7.36735058492758e-05,0.993798705097674,0.000211685719841719,1.55105197057295e-06,3.00154780568587e-09,5.75885786661177e-10,5
"20327",0.27775183061989,2.68028163755281e-08,8.49217506981639e-06,1.47214015871588e-05,0.718893582274218,0.00332942829836687,1.59119403300363e-06,3.25142469803484e-07,2.09154921694887e-09,5
"20329",9.73658445313773e-07,2.22466726118401e-05,1.77174702062188e-06,7.70455177088235e-13,3.82653049405728e-09,0.00300202242952957,3.0766905342644e-05,0.996942200239687,1.45200618688748e-08,8
"20335",0.00752764003944226,1.17179322356342e-07,7.44331424812509e-05,0.494313001743897,0.498082396895855,4.04727640196098e-07,2.1927522421685e-07,1.08424522199115e-12,1.78699505312722e-06,5
"20337",0.000175576401549929,0.104594826018029,4.68390649764794e-05,5.73771525987991e-08,1.04823862815691e-07,3.58444767551802e-09,0.895122507239518,5.26368238422958e-05,7.44866662106741e-06,7
"20339",0.000348495348466548,6.70940791262026e-07,0.537434606559861,0.197870858389625,0.00056230060282332,0.00929568351827717,0.00196591292722495,1.3081154204356e-05,0.252508390558726,3
"20341",0.000917206646615825,0.000342061408557409,0.00122983839002811,0.98438496642482,0.00768685893944816,1.24016063488011e-06,2.29368554471849e-06,5.77359731910655e-11,0.00543553428661455,4
"20343",0.00156582450715847,1.65504054744238e-05,7.55580390127129e-05,0.0174970683330645,0.980231327087686,0.000613250157691255,2.86199422702472e-07,5.73799457289476e-11,1.35213109686542e-07,5
"20345",0.0857416360010249,1.44436200204617e-06,0.0152871167062519,1.58550318802906e-06,3.88707191786208e-05,0.00129797038659236,0.866316865489639,0.0312392850706385,7.52257614843738e-05,7
"20350",0.000628833923408409,0.0006341890231519,0.992728780496487,0.000783906655331842,0.00358589408025402,0.000178495052398908,0.000757410588304314,2.16616326282192e-05,0.00068082854803486,3
"20352",4.89430835348247e-07,0.99978223929753,6.235664679359e-08,1.67513936857897e-09,2.205562697622e-08,1.53998867368273e-09,0.000216798803257114,3.50099453303523e-07,3.47415227634767e-08,2
"20355",0.00125536942629657,0.987353573755069,0.000209484307178606,5.39405659972019e-06,6.46499263282746e-05,0.00020742940911527,0.01087001599736,1.18704656399907e-05,2.22126564130205e-05,2
"20358",2.59249491405508e-06,0.00192009894072627,5.51581803801814e-06,3.42450030813305e-11,3.96656772887639e-08,0.000547766517108139,0.00675218688193066,0.990771747498483,5.21488773670175e-08,8
"20363",0.018404147086107,1.06773588287267e-06,0.00219568600299431,0.000157925492378837,0.979140119594923,8.48436994027262e-05,1.62075744569817e-05,2.0148053010019e-09,7.99049157507813e-10,5
