"","V1","V2","V3","V4","V5","best$classification"
"19812",0.000799164863554263,0.0242167059131548,0.974849148268159,0.000129514588079895,5.46636705182873e-06,3
"19814",3.01688181360412e-05,0.0027238573185826,0.991886386448913,6.44697403834793e-06,0.00535314044033005,3
"19816",1.11671449576938e-05,0.975283855225935,0.0245588394618604,0.000142614834630622,3.52333261598161e-06,2
"19818",7.3295546505787e-05,0.0540989520480788,0.926174103866354,6.72687684650696e-05,0.0195863797705961,3
"19820",9.04854464192643e-05,0.99990769940402,1.53528699750728e-06,2.72512484142272e-07,7.35007945450821e-09,2
"19822",0.0591010612714869,0.940860132135143,2.79687895136983e-05,5.61042008231067e-06,5.22738377407165e-06,2
"19824",8.64385602521262e-05,0.995181670764207,0.0013161862976591,0.00050609173669475,0.00290961264118719,2
"19826",2.47793324960511e-05,0.0374858598572146,0.949337770845972,0.0130599938633553,9.15961009621441e-05,3
"19828",0.000380931346048846,0.998488566952379,0.00112384861749351,8.12138794316414e-07,5.8409452841306e-06,2
"19830",0.000658662176881022,0.000365787483968625,0.996994492108044,0.00174414854299067,0.000236909688115465,3
"19832",0.53923950957567,0.149020851936285,0.311715820768472,1.73242916621354e-05,6.49342791034003e-06,1
"19834",0.015377803733945,0.865110119964679,0.119145486732369,6.30844418361685e-06,0.000360281124823688,2
"19836",0.00033126844787548,0.27749592325773,0.607259179759597,0.114906613245036,7.01528976098067e-06,3
"19838",9.56950036661033e-05,8.6873089430512e-05,0.998635711854728,1.15590672285887e-05,0.00117016098494712,3
"19840",7.13731676895068e-05,0.766957088246928,0.228793818975684,0.00415048324273406,2.72363669654609e-05,2
"19842",8.50226914802543e-07,1.94466098625937e-05,0.104343602985432,0.895578473024916,5.7627152874836e-05,4
"19844",1.92013510708277e-07,1.80465661667342e-05,3.57844368881023e-05,4.76115189373472e-05,0.999898365464497,5
"19846",4.83311185963135e-07,2.04926686022382e-05,0.783090520659931,0.00487695946517491,0.212011543895106,3
"19848",1.64552276363597e-06,3.19133032565561e-05,0.914496552337187,0.000371738999374078,0.0850981498374185,3
"19850",8.10724625838854e-06,0.000314844028459336,0.652598559273988,9.49064329694782e-05,0.346983583018325,3
"19852",0.00029545748692268,0.645133886585983,0.353675372187317,3.68453811800491e-05,0.000858438358596593,2
"19854",3.61973602408969e-06,3.04561159272608e-05,0.990184139538639,9.30987257322579e-05,0.00968868588367705,3
"19856",2.84840852994232e-05,0.00107801362214871,0.0234013796433791,0.000372698603378849,0.975119424045794,5
"19858",0.000225390651206035,0.026532299698495,0.00396653963883952,6.97573296356181e-05,0.969206012681824,5
"19860",0.00017435813774254,0.297940861181617,0.701725462423937,7.09387899521251e-05,8.83794667520319e-05,3
"19862",5.86377950848675e-07,1.09580381848972e-05,0.971656292207354,0.0154138725029786,0.0129182908735314,3
"19864",3.30638467054552e-07,3.86371922173373e-05,1.91935988378163e-05,0.99993605583247,5.78273800734986e-06,4
"19866",3.66921150565343e-05,0.954682612583913,0.00651682484802079,0.038760975106423,2.89534658632427e-06,2
"19868",0.999712366016171,1.80612999149058e-05,0.000193743565203582,7.87106133458407e-07,7.5042012576643e-05,1
"19870",5.53431286214119e-06,0.000489545966475693,0.992166230939106,0.00154880493557037,0.00578988384598517,3
"19873",1.46798477359655e-05,0.0311173564815636,0.964684969197152,0.00251206716785356,0.00167092730569457,3
"19875",0.000509279699136838,0.993431050787664,0.0060570539016411,2.42757633809349e-06,1.88035219865147e-07,2
"19877",4.23773048290409e-05,0.00454731725533461,0.991739498196716,0.000147355946539436,0.00352345129658116,3
"19879",0.00165061760575206,0.292925077761066,0.697810738249437,0.000327184102425404,0.00728638228131888,3
"19881",1.97228153561787e-05,0.0127844456804018,0.958809478595575,0.0259234294195556,0.0024629234891111,3
"19883",2.87704011495448e-06,0.00477699611738397,0.753512788515171,0.241500586019201,0.000206752308129578,3
"19899",0.0100757523658154,0.379654750208401,0.607210675261574,0.00299574754186698,6.30746223433661e-05,3
"19908",0.0762517663379189,0.16932441077591,0.0197411468003745,0.728810828061086,0.0058718480247108,4
"19910",0.000103673659019373,0.349780821411431,0.648855952365658,0.000555972640273146,0.000703579923618755,3
"19912",1.96599625798736e-06,4.03854786644494e-05,0.549804258368148,0.448512346810594,0.00164104334633554,3
"19914",0.00620588267590827,0.200375508722035,0.791591541427406,0.000221354525578369,0.00160571264907285,3
"19916",0.000112011608982279,0.620792137854537,0.00061897359641739,0.37797637939154,0.000500497548523513,2
"19918",6.27724185819496e-07,0.0006272153815895,0.829053810337936,0.00309092153731595,0.167227425018972,3
"19920",3.81365596955786e-07,3.95548684697695e-05,0.106369318714541,5.30390368910954e-05,0.893537706014502,5
"19922",0.645873165970628,0.0205242980440819,0.333528582759262,1.80416748878172e-05,5.59115511407541e-05,1
"19924",2.04422094667084e-05,0.011245512526905,0.949080711882172,0.000275673695062654,0.0393776596863939,3
"19926",0.0260197502068,0.55878325548088,0.389102420621718,0.0260917958894409,2.77780116016718e-06,2
"19928",3.15450717349035e-08,1.64876138233525e-07,3.58169766935957e-06,0.999992440865706,3.78101541451002e-06,4
"19930",1.70636018563141e-05,0.00106701536929975,0.998444845384876,8.78468484342453e-05,0.000383228795534237,3
"19932",1.14193665541137e-05,6.31040204049272e-05,0.99647742115862,2.86732046756851e-05,0.00341938224974555,3
"19934",0.00243623793862823,0.955666303534993,0.0417297562904365,2.56993231422101e-06,0.000165132303627175,2
"19936",0.000654855809684012,0.0110277076413081,0.9880163013703,3.78712910781419e-05,0.000263263887630198,3
"19938",0.0033781333323291,0.995870295827165,0.00066148744143172,3.50866175014501e-05,5.49967815730557e-05,2
"19940",1.71928076855897e-05,0.0929741681626069,0.875776132725261,0.0299575420194086,0.00127496428503772,3
"19942",1.6930620010975e-08,2.48602658572484e-06,3.18342496012115e-05,0.999964623632784,1.03916040903727e-06,4
"19944",0.00011541794763911,0.731842276288558,0.265918774574956,0.00205403770009383,6.94934887530659e-05,2
"19946",0.000116526189587922,0.108346190682343,0.864052313071943,0.000277662556103791,0.0272073075000222,3
"19948",5.58208016518196e-09,2.74294623294227e-06,0.000106283170135059,0.999884867205875,6.10109567701611e-06,4
"19950",3.36178758119655e-07,1.16209200145422e-06,0.0018289384680069,1.23345743731857e-06,0.998168329803796,5
"19952",5.58208016518196e-09,2.74294623294227e-06,0.000106283170135059,0.999884867205875,6.10109567701611e-06,4
"19954",5.69243961143101e-06,0.00024093098663855,0.99794594159899,8.93988968556292e-05,0.00171803607790435,3
"19956",0.000279968935666461,2.75572165017522e-05,0.312032927913252,0.0153997991056454,0.672259746828934,5
"19958",0.994527989362347,0.000237509761090307,0.00384537116026352,3.4645897383162e-06,0.00138566512656087,1
"19962",0.00327103896319668,0.187297105954102,0.605678218754536,0.000633933332500318,0.203119702995665,3
"19964",4.48081309157027e-05,0.0582868431088676,0.885716268886151,0.0289161190115488,0.0270359608625172,3
"19966",0.000116086725975865,0.989816459909151,0.000286893390123064,0.00978048257574154,7.73990085012753e-08,2
"19969",4.90602628406406e-06,0.000759988669059194,0.990117227436692,0.00890250000139783,0.000215377866566933,3
"19972",5.09900795709609e-06,0.00105605900740683,0.76007568082946,0.123491116969074,0.115372044186102,3
"19974",4.48633580771421e-08,1.49851480584574e-06,0.0569932914675605,0.022349023237694,0.920656141916582,5
"19976",2.9651853661698e-05,0.0178578512202755,0.920899203568602,0.00044609058033805,0.0607672027771226,3
"19978",1.39621563070171e-05,0.736749009476046,0.260656012895309,0.00163006757532523,0.000950947897012865,2
"19980",3.01732396615862e-06,2.20186887392375e-05,0.684038610663723,7.09950677666189e-05,0.315865358255805,3
"19982",4.80411556124648e-05,0.000289543647314966,0.158360536067018,2.39247693437953e-05,0.84127795436071,5
"19984",2.30620964393215e-07,2.01886581560685e-05,0.000510178534714323,8.89211133516575e-06,0.99946051007483,5
"19986",0.000452509272112371,0.999536093275647,8.7105280926083e-06,2.67901215070167e-06,7.91199787171904e-09,2
"19988",0.000736476920286363,0.999262548495628,8.34493443589191e-07,1.35217408973763e-07,4.87323333148478e-09,2
"19992",0.000745008881045279,0.999242070782907,1.25415229505012e-05,8.88149477885831e-08,2.89998149177381e-07,2
"19994",5.14152406971743e-05,0.00128149019635156,0.998522559060355,5.9086419397033e-05,8.54490831986391e-05,3
"19996",8.83386342209079e-05,0.999890986233076,2.03920156566012e-05,5.94635124041045e-08,2.23653534118695e-07,2
"19998",0.000227300959186991,0.0481918142773352,0.290043143046455,0.651090004123703,0.0104477375933195,4
"20000",0.0179047753689405,0.000144497150423502,0.976732557423425,0.00451814272162092,0.000700027335590645,3
"20003",0.000240084920181487,0.00731553778320779,0.991644942130357,0.000794201894987347,5.23327126597547e-06,3
"20005",5.85310365727008e-07,1.63980068447536e-05,0.920330933406014,0.00254284211324861,0.0771092411635269,3
"20007",0.00356104650780906,0.619889159595554,0.375256351615537,6.03245371212646e-05,0.00123311774397858,2
"20009",0.00086896752282864,0.99710100245873,0.000807248513196297,0.000830838808418386,0.000391942696826856,2
"20011",1.45411630040006e-05,0.00624993384244169,0.947882294012124,0.028901761277786,0.0169514697046439,3
"20013",2.74497431750018e-05,0.000832995181929091,0.892851098050354,2.7749150434491e-05,0.106260707874108,3
"20016",0.00582108291063248,0.994129777465485,3.43864835897212e-05,4.31768319253902e-06,1.04354570999921e-05,2
"20018",0.988773337449246,0.0112264963865949,6.3589279757752e-08,9.89052433401613e-08,3.66963619499977e-09,1
"20021",0.000502742813749069,0.984575299178805,0.0148987349716345,2.2904071373678e-05,3.18964437555833e-07,2
"20023",0.00180465634815666,0.918106557702055,0.0798889894407936,5.95062731362957e-05,0.000140290235859109,2
"20025",0.466623993278996,0.533314649224126,5.69667270990114e-05,4.21709902432203e-06,1.73670754364257e-07,2
"20027",6.7927899330682e-06,0.000247049505394493,0.765996544688397,0.233695171677497,5.44413387779285e-05,3
"20029",3.40212944274454e-07,7.42442539491926e-05,0.965212523868287,0.0105978649547383,0.0241150267100814,3
"20032",1.3338768014752e-05,0.000230561437494366,0.993915180983899,0.00578980688304428,5.11119275476076e-05,3
"20034",3.39850846816125e-08,1.17018445372108e-05,0.000389773694674149,0.999597043415998,1.44705970567875e-06,4
"20036",0.00230438997934254,0.0457639930116004,0.757054486537168,0.00551995916362997,0.18935717130826,3
"20038",0.00768174642326556,0.991644055997873,0.000672905639712675,1.28539462487616e-06,6.54452424441739e-09,2
"20040",0.0152331325352406,0.984240643961241,1.27082917371548e-05,0.000506041501805394,7.47370997581543e-06,2
"20043",0.000926501240900875,0.995099564315795,0.00397248398688213,3.83402822027685e-07,1.06705359993422e-06,2
"20045",0.00768761895795344,0.992311074721156,1.0961110410582e-06,1.80051507484159e-08,1.92204699110922e-07,2
"20048",2.18871570632218e-07,5.07524086997582e-07,6.21657602206394e-05,8.53726016120909e-07,0.999936254118106,5
"20051",0.0188411061672679,0.307707133984184,0.661209942003833,2.59270154223907e-06,0.0122392251431732,3
"20053",0.000118058492053458,0.985117565509917,0.0142553128326245,0.000216325674349449,0.000292737491054975,2
"20055",0.154058507035295,0.77292507514964,0.0728787138474428,0.000137550336410752,1.5363121151089e-07,2
"20057",0.998124875268111,1.70820152589349e-06,0.000196543909330803,6.46065105615481e-05,0.00161226611047052,1
"20059",0.00358786143342949,0.982326522428055,0.0131622703410127,0.000882620925179295,4.07248723233578e-05,2
"20061",0.000550127905702567,0.884375122293631,0.11412045276006,0.000735514411981758,0.000218782628624881,2
"20063",0.000704836392965185,0.0153508374217541,5.79499423765947e-05,0.00191085035238364,0.981975525890521,5
"20065",0.866028553463625,0.133958443772499,1.29771184749817e-05,2.53653514054282e-08,2.80050016125146e-10,1
"20067",0.0118281584163381,0.987466089786535,0.000432948988384509,3.97210995784151e-08,0.000272763087642679,2
"20069",4.70358020267226e-06,2.88619243132081e-05,0.425483067714395,2.46102588355462e-05,0.574458756522253,5
"20071",0.00727822199544337,0.354010775053646,0.447468650234449,0.189511198738147,0.0017311539783151,3
"20073",1.35410052767915e-06,0.000824262638130443,0.0769186548039662,0.000518787696188858,0.921736940761187,5
"20075",0.999682512847968,1.16481641359863e-05,0.00030436893156368,1.37501262871037e-07,1.33255506887497e-06,1
"20077",0.000138118764831912,0.982948183025368,0.0163786652979112,2.8778252462463e-05,0.00050625465942679,2
"20079",0.00169712307059277,0.157465833143168,0.0713462498233896,6.13060401102725e-05,0.769429487922739,5
"20081",0.150518450738826,0.839783427464766,0.00968880279447704,1.22684331211705e-07,9.19631760003792e-06,2
"20083",0.00122503792662029,0.00549479046707792,0.0171833713761983,0.00513098184438633,0.970965818385717,5
"20085",0.003187328696327,0.996811028841824,1.59124670251093e-06,4.98542826429769e-08,1.36086388327679e-09,2
"20088",0.00111203266641098,0.998318327245103,0.00056924029695226,1.7590337171446e-07,2.23888162476363e-07,2
"20091",0.997521319324947,0.00232954242612543,0.000145441407882138,8.58646933544138e-09,3.68825457615678e-06,1
"20095",0.000394794859450072,0.0707950353263375,0.0172441154244358,0.0530129718181145,0.858553082571662,5
"20097",0.0129139448491484,0.987082991061851,3.03710095188538e-06,2.51207686935739e-08,1.86728040368092e-09,2
"20099",4.64404216355022e-06,0.856287546369774,0.00270081561485821,0.135995694711641,0.00501129926156309,2
"20102",0.068328740631723,0.00165849633471412,0.00275558296320928,1.23615568115956e-06,0.927255943914672,5
"20105",0.000379942438592956,0.992806010910153,0.00615454322993171,8.85163679767061e-07,0.000658618257642801,2
"20107",0.00016171564227685,0.999170246416642,0.000663794442002174,3.58940570831027e-06,6.54093370252459e-07,2
"20109",2.41966236044204e-05,0.675679982965648,0.0256796940442444,0.00142899206801705,0.297187134298486,2
"20111",0.506942559240604,0.000183728691659698,0.473991002929972,5.78865697687471e-05,0.0188248225679959,1
"20113",0.000320585697137599,0.953780137959875,0.0200602638637021,0.0258371640632858,1.84841599936013e-06,2
"20115",0.000369265205404439,0.000158226632373489,0.992961278690272,0.00545596044780998,0.00105526902413985,3
"20117",0.52574913733985,0.113652111438667,0.00173280082455861,0.358858925703222,7.02469370213948e-06,1
"20119",5.5519873911068e-05,0.95976319772483,0.00033933791400686,0.0398419020492041,4.24380480068334e-08,2
"20121",0.00045086649377321,0.999449293101512,9.74165578409457e-05,2.39740774813575e-06,2.64391263786663e-08,2
"20123",0.998628615474185,0.00133801796748415,3.33301183986037e-05,2.08209798011285e-08,1.56189526719076e-08,1
"20125",2.81728723796282e-05,0.000221917589879198,0.886817004463831,1.9436125294489e-05,0.112913468948615,3
"20127",0.000325273685539564,0.999657768577272,1.41981482446512e-05,1.99210040368878e-07,2.56037890371497e-06,2
"20140",0.452061564095619,0.370294148776811,0.175490587453217,0.00215150487895123,2.19479540168641e-06,1
"20142",8.98248486023852e-07,2.14975158212877e-06,0.00582101255752833,2.53224849482999e-06,0.994173407193909,5
"20144",0.00729097567718876,0.000128332301064297,0.983809065470151,9.21533455444807e-05,0.00867947320605151,3
"20146",0.00362825332690893,0.00645169650653526,0.600814821449643,0.000114750316946209,0.388990478399967,3
"20148",0.000115202668009625,0.00741277061115611,0.992154981022422,2.85944422429134e-05,0.000288451256169129,3
"20150",2.8548947063182e-07,4.7324404685288e-06,0.385872471893775,0.00260446500068013,0.611518045175606,5
"20152",0.000177111610915903,0.0321663267462546,0.967303003043175,0.000137418422432145,0.0002161401772228,3
"20154",0.965160992608859,0.0348073677853184,2.28498856655917e-05,2.00504885215884e-09,8.78771510817124e-06,1
"20156",0.0208506637059025,0.739772004262545,0.169022356680704,0.000466119446963495,0.069888855903885,2
"20159",8.76788916183647e-06,2.82391859063032e-05,0.360345026040826,1.65198239676119e-05,0.639601447060138,5
"20161",6.24315457589984e-05,0.000605592082708787,0.0106607596556703,0.000223371889906335,0.988447844825956,5
"20163",0.00136913129338574,0.044722133803708,0.95282388502114,0.00107231605281916,1.2533828946772e-05,3
"20165",2.34513647179411e-05,0.00880840836134617,0.000961886337168198,2.39959179777937e-06,0.99020385434497,5
"20167",9.475377566221e-06,0.00463619486536105,0.983131215177458,2.07810472264545e-05,0.0122023335323886,3
"20169",2.73174858330251e-07,6.05783467725452e-07,0.000264136694932696,9.71914196738481e-07,0.999734012432544,5
"20171",0.991776634747702,0.00821336080266601,1.50000078604382e-06,1.09255006904945e-09,8.50335629541499e-06,1
"20173",1.72652227466218e-05,0.0532718416157174,0.00120423438084589,0.72632635486751,0.21918030391318,4
"20175",2.38785539764478e-05,0.00168078307752396,0.98730225143707,0.000351744884652,0.0106413420467775,3
"20177",1.17478593869033e-05,0.512063193714617,0.0042046239419164,0.483479980560214,0.00024045392386638,2
"20180",0.00282237876934451,0.997087512995431,7.29241974149529e-05,1.71837912942507e-05,2.46515115198543e-10,2
"20182",2.26380137044182e-05,5.8211506745355e-08,0.000209224902168517,0.00207219545377697,0.997695883418843,5
"20184",2.96019257375626e-06,0.000147392055408627,0.0451139032005576,1.33399956196436e-05,0.95472240455584,5
"20187",8.6713373475194e-07,0.00411920644011794,0.00243611277813754,0.992126558662015,0.00131725498599501,4
"20189",1.04737559241028e-05,0.921524532758264,0.0600745319925082,0.0183719530882057,1.85084050980681e-05,2
"20192",0.154525723976854,0.806576353719623,0.00618145929566274,0.0327082781225341,8.18488532550977e-06,2
"20194",5.62993500660128e-06,0.000187187525042223,0.100716924348402,0.17282727664919,0.726262981542359,5
"20196",0.176410643492062,0.823420280663886,0.000168496353778814,2.35880261515506e-07,3.43610011821917e-07,2
"20198",0.00689993385541916,0.288505574030457,0.702877783865024,0.000761314735834474,0.000955393513266145,3
"20204",1.2650872564601e-05,3.72942449834745e-05,0.427365505806042,2.98086988462218e-05,0.572554740377563,5
"20207",0.0932178234247829,0.906377310886389,0.000360340936430695,2.74212225037308e-08,4.44973311746731e-05,2
"20209",0.0591559435138939,0.000716967919590709,0.8903668382162,0.0497509401210108,9.31022930407246e-06,3
"20211",0.998835653126135,0.00108580077833233,7.84259827827268e-05,5.0130467241871e-10,1.19611445300955e-07,1
"20215",0.00136709995584136,0.975831603934972,0.022726523549504,2.17433937375487e-05,5.30291659450805e-05,2
"20218",8.88087214347817e-07,3.64019536376996e-06,0.0172035995012695,2.80337764184962e-06,0.98278906883851,5
"20222",0.0703220126558076,0.918465192536549,0.0110915400659417,1.53961714961661e-07,0.000121100779986621,2
"20225",0.000680010018190081,0.000227883434155032,0.969470942500146,0.000403626923622701,0.0292175371238867,3
"20229",0.138123486396952,0.0426219617130534,0.814590346056484,0.00341767957400869,0.00124652625950174,3
"20232",0.0247904986168735,0.850451260516453,0.124639601610924,8.88471787155552e-05,2.97920770339623e-05,2
"20234",0.127756295531691,0.872237448243534,1.09576727997348e-06,5.1577139726677e-06,2.74352292443326e-09,2
"20238",0.00163172161109827,0.997781829734541,0.000572107244650337,2.51310003212126e-06,1.18283096785708e-05,2
"20253",0.000886337004545258,0.998814448826301,0.000291684562680895,5.52056291459882e-06,2.00904355820397e-06,2
"20255",0.000399056368326255,0.000321711010660545,0.998914283433418,4.6906253684307e-06,0.000360258562227289,3
"20258",6.88365325139127e-05,0.999744815032031,0.000183442685710205,2.81560037410523e-06,9.01493704223019e-08,2
"20269",0.000113863682918457,0.916805694627271,0.0332442685355807,6.41979416886897e-05,0.0497719752125407,2
"20271",2.19788738125835e-05,0.985917128945387,0.00045145738075229,0.0136090951820034,3.39618044981544e-07,2
"20285",1.48604442445788e-05,0.00532828806620001,0.0440173360847789,0.949117487497221,0.00152202790755531,4
"20288",0.00274216190094909,0.967220297303567,0.0299043954980734,1.9566079210455e-05,0.000113579218199697,2
"20291",0.263366621928341,0.736325147727619,0.000303610192051812,1.26662065747515e-06,3.35353133102544e-06,2
"20295",0.000204209774792037,0.751170402952852,0.0723572337748471,0.153804278489866,0.0224638750076429,2
"20298",4.63918582887057e-06,3.82544472486019e-05,0.994733000062011,8.70175739306048e-05,0.00513708873098087,3
"20302",7.56491474055285e-06,0.00114919867854146,0.294461545595352,0.00238511938914722,0.701996571422218,5
"20305",1.98882176487057e-06,3.07245179731249e-05,0.997282921843101,0.00167141127032292,0.00101295354683797,3
"20307",0.000473090802359729,0.999497196106185,2.96080390696345e-05,5.912534065399e-08,4.59270447924611e-08,2
"20310",0.00222124022100818,0.997776660892759,9.93418875818199e-07,1.06583196448928e-06,3.96353925051795e-08,2
"20313",2.37515867737641e-08,1.70460615104863e-07,0.000650469251312357,1.68995059247503e-05,0.999332437030561,5
"20315",0.000121934111750815,0.999077702289477,0.000774295234182329,2.54922888671827e-05,5.76075722576717e-07,2
"20319",0.628845756354765,0.37088095184509,0.000272607615252699,4.82511518707856e-07,2.01673373873988e-07,1
"20321",8.70654250216289e-05,0.999794030748847,0.000107609268270631,2.75891812540788e-06,8.53563973521554e-06,2
"20327",1.10137362734055e-05,0.999883739630057,5.72919480555788e-05,4.76917240362472e-05,2.62961578366832e-07,2
"20329",2.92577445901078e-09,1.59969035126778e-06,0.000244879071534624,0.999621042277757,0.000132476034582138,4
"20335",0.11105105324674,0.888918930098145,2.83969125731524e-05,4.27432842071069e-09,1.61546821329512e-06,2
"20337",1.0326366636031e-05,4.99577964329935e-05,0.711731598545026,1.8482654106487e-05,0.288189634637798,3
"20339",0.980352233754629,0.00701373980337996,0.0118912422945415,0.000739082585082517,3.70156236704235e-06,1
"20341",0.973867090405957,0.0256261195042578,5.87755615925337e-05,3.61126571467025e-08,0.000447978415535011,1
"20343",0.00926659950680615,0.990615253352662,2.39849097565968e-05,3.59904404929851e-07,9.38023263699792e-05,2
"20345",5.03538504668025e-05,0.00470239977207155,0.972410001697386,0.0228266363433734,1.0608336702282e-05,3
"20350",0.368646255732491,0.430188031977056,0.163175655857016,0.011150567906692,0.0268394885267449,2
"20352",2.81138512114263e-07,2.49212862563316e-06,0.000487652987375333,7.30404069209938e-07,0.999508843341418,5
"20355",0.000217450410568616,0.00345622087439576,0.0285250782873557,0.000208423570908784,0.967592826856771,5
"20358",9.36398758302049e-08,2.50867163625746e-05,0.0369112806864851,0.938187943618789,0.0248755953384873,4
"20363",8.06425637468512e-05,0.999491748888558,0.000420182751646762,8.10625072056144e-07,6.61517097590656e-06,2
"20365",0.549780358136358,0.406935396744009,0.0432811212856549,8.04537444424477e-07,2.31929653336367e-06,1
"20379",0.000659620436579662,0.000415928742545084,0.99709630898515,0.000331138881435039,0.00149700295429088,3
"20387",0.00147531737820386,0.997820032045876,0.000704125003758806,2.01773315674718e-07,3.23798845770383e-07,2
"20392",0.99733606820934,0.00263397386319964,2.99466820240604e-05,6.63918647255486e-10,1.05815174939047e-08,1
"20395",0.000304569365772683,0.0161997537425071,0.982337750808996,6.15206978423789e-05,0.00109640538488149,3
"20397",1.0921616597987e-08,2.289839054383e-07,8.75094869040019e-05,0.990737732261172,0.00917451834640167,4
"20410",0.000613999966046459,0.988297880694373,0.0106369634757174,0.00045111058626749,4.52775954336663e-08,2
"20414",8.93633548901279e-06,0.00113117120940257,0.669436043691204,0.000101451819567186,0.329322396944338,3
"20417",0.913412906856677,0.0864870121612231,3.12774214393377e-07,9.97535089596091e-05,1.46989260249192e-08,1
"20419",1.9562442669197e-06,0.999939122661687,3.00538918152484e-05,2.76391225185681e-05,1.22807971254127e-06,2
"20421",0.0149668233204849,0.00362765621848446,0.283690133658451,1.23413324129307e-05,0.697703045470167,5
"20423",0.000117701978254223,0.000255813008347025,0.6076112343896,1.08130838936667e-05,0.392004437539906,3
"20425",0.000418158233713705,0.000621230446729617,0.403611676467029,4.48945267586178e-06,0.595344445399852,5
"20427",3.83865680409124e-05,0.0454210853002101,0.954120246824697,8.69938468439347e-05,0.000333287460207703,3
"20429",0.00421086380292003,0.995083583365743,0.000191097713031243,0.000295383332671816,0.000219071785634143,2
"20432",4.56264981699583e-07,5.02953677468417e-05,0.14963973943669,0.000447703128914867,0.849861805801666,5
"20435",0.0266872012821175,0.783644064895859,0.189348716990225,0.000308346058141808,1.16707736570399e-05,2
"20438",2.03475608849768e-05,0.999128409122971,0.000425955738814609,0.000111999048897423,0.00031328852843167,2
"20440",2.72972917913187e-05,0.999775120880516,0.000159360702209191,2.0660845014215e-05,1.75602804689196e-05,2
"20443",3.24152443705549e-05,0.000203400832443201,0.00182790828591165,8.67599645919498e-06,0.997927599640815,5
"20446",0.00162550239401215,0.557335074587645,0.433968207779842,0.00256353414271322,0.00450768109578777,2
"20449",0.0156682643264986,0.782607495271737,0.201392129764602,0.000306151212084081,2.59594250778703e-05,2
"20537",0.278090686300669,0.713302319606519,0.00839288232504223,3.51747817543513e-06,0.0002105942895935,2
"20540",0.991608106801277,0.00837845857576249,1.34124279307426e-05,1.46636650540776e-08,7.53136498082475e-09,1
"20543",0.00076192349684268,0.201904378169992,0.793023925169881,7.21845731550399e-05,0.00423758859012945,3
"20545",0.998787357023852,0.00115634669296354,5.58661362087148e-05,2.81479586834561e-10,4.29865496220974e-07,1
"20549",0.00380147390264398,0.0468168917289084,0.933747135097398,2.60898466032893e-06,0.0156318902863897,3
"20551",0.00168772998171902,0.972736959772003,0.0254524895181108,5.57183314969582e-07,0.000122263544852254,2
"20554",0.000110109381813303,0.995275762215106,0.00459235544917641,9.64164632442151e-06,1.21313075802343e-05,2
"20556",0.124199369949625,0.177468410537767,0.697000945270778,4.76500236616405e-06,0.00132650923946443,3
"20558",0.000174720735160529,0.999742675791032,8.22483684313709e-05,8.173613966089e-08,2.73369236544554e-07,2
"20560",8.76665984319087e-05,0.976822270701,0.019297369178453,2.36367331249647e-06,0.00379032984880243,2
"20563",0.000251493163506376,0.99973641636325,1.09451714522724e-05,3.00713682773822e-07,8.44588109031635e-07,2
"20565",0.00131299405987232,0.851805596422246,0.123568282664494,9.77038576933582e-06,0.0233033564676175,2
"20567",2.09583304886372e-06,7.99111601106192e-05,0.0999293150786713,0.000236345601450583,0.899752332326719,5
"20571",0.0314517943811874,0.965817658368849,0.0014849766874968,0.00120762912321222,3.79414392548731e-05,2
"20573",0.00457288708289829,0.94945269340014,0.0453783204698576,4.73268494899433e-06,0.000591366362155143,2
"20575",0.000108162233634815,0.999864241934627,2.38042378504469e-05,3.61790514004087e-06,1.73688747452412e-07,2
"20577",0.00204041605888821,0.10781551363125,0.889229652387906,0.000811522861927159,0.000102895060028346,3
"20579",2.26695960170808e-08,2.07177494408842e-06,0.00137701333625148,0.111028637241028,0.887592254978181,5
"20582",0.000120745897339344,0.999867085616785,1.190647044716e-05,2.20121361703545e-07,4.18940667600442e-08,2
"20585",0.891692778684065,0.0889193751211416,0.0193861548867886,7.13250201824575e-08,1.61998298498779e-06,1
"20588",0.981257469249694,0.00780894615090253,0.0107716516917989,2.61196302030031e-06,0.000159320944584544,1
"20590",1.12853186193985e-08,5.54403189209949e-07,0.00425450554700114,0.00146399432803576,0.994280934436455,5
"20592",8.09226019896567e-05,0.999912140754446,5.73336769296068e-06,9.30566176081083e-08,1.11021925346826e-06,2
"20594",0.000320511204512386,0.99965604722075,2.20019732425699e-05,1.43193097393962e-06,7.67052146068378e-09,2
"20596",6.08530870318499e-06,0.988354845833398,0.00917500763322202,0.00201746186214002,0.000446599362536596,2
"20598",0.000114621597422752,0.988413060290545,0.0114597191168638,6.14303097919435e-06,6.45596418944859e-06,2
"20600",0.681162093504215,0.0770146316303474,0.240512952095028,1.25112153871903e-06,0.00130907164887046,1
"20603",0.0024136563149147,0.000541239479658935,0.993663201631731,2.79252152474346e-05,0.00335397735844813,3
"20605",0.000471005352879738,0.999083889854643,0.000430741909708801,1.43393127231146e-05,2.357004552181e-08,2
"20607",1.38657496042477e-05,0.998496233275907,0.0014220095136691,6.73915581595332e-05,4.99902660299141e-07,2
"20609",0.000125859774154758,0.980726290181049,0.0190962982648327,1.91661791709785e-05,3.2385600792662e-05,2
"20611",2.2857786995675e-06,4.00337472452382e-05,0.990346686737282,0.00929207444160059,0.000318919295173121,3
"20613",0.00300005233756667,0.396189005607776,0.600671670540771,0.00012620721824465,1.30642956409868e-05,3
"20615",0.054901558926758,0.235340647946794,0.70745194353836,1.82447489581324e-06,0.0023040251131928,3
"20617",3.65211883549579e-07,1.20535584038e-06,0.00231181464594598,1.29828178172323e-06,0.997685316504549,5
"20619",3.80791620553537e-05,0.999931681796313,2.47158274837663e-05,2.3385290863497e-06,3.18468506179751e-06,2
"20621",0.000411423056982575,0.98271503899668,0.0167771896161757,6.40822593791383e-05,3.22660707827932e-05,2
"20623",3.0275292720181e-07,0.00180393384338694,0.00854533652447451,0.00115354370211146,0.9884968831771,5
"20625",0.0230233853163484,0.00106701483029715,0.935996500846644,9.6485929060844e-06,0.0399034504138041,3
"20627",0.000521398584098603,0.774519352190083,0.224286712979514,0.000668044472318449,4.49177398581781e-06,2
"20629",0.00312897335344406,0.786228742814287,0.209862547052151,1.30608758283289e-05,0.000766675904289554,2
"20631",0.000131184068474612,0.999846403058677,1.46494449705814e-05,2.15064847327951e-07,7.54836302999027e-06,2
"20633",1.17580342830233e-08,1.08353900592697e-07,0.00035545434634384,8.88440443800341e-05,0.999555581497341,5
"20636",8.44571301064273e-06,0.00087962465475995,0.919325019684824,0.0547458439764121,0.0250410659709931,3
"20638",0.0687791344878487,0.126142570471208,0.803314182893662,0.00159200120530814,0.000172110941972686,3
"20640",0.0790164596305464,0.917167638200648,0.00381449692336327,1.38766659721515e-06,1.75788454540259e-08,2
"20645",0.00431435014478406,0.995682221824024,3.40775781891774e-06,1.75859037841651e-08,2.68746913990635e-09,2
"20647",2.56723718197438e-07,5.43905036555163e-07,6.6196088997878e-05,9.55589317467335e-07,0.99993204769293,5
"20649",0.010634820654086,0.965953563695948,0.0233980124819451,1.77955952608396e-06,1.18236084949643e-05,2
"20651",0.00307934768725251,0.996867171848292,8.48852131067369e-06,3.45537931467041e-05,1.04381499979341e-05,2
"20656",0.0352956900156443,0.963041639098538,0.00165744104331828,1.27126016957838e-06,3.95858232913395e-06,2
"20660",0.933671142273894,0.0572931686107829,0.00818217560608776,0.000850452677016688,3.06083221843163e-06,1
"20662",2.96334498873879e-06,0.000392597845261471,0.0633311028918792,0.0993894492071335,0.836883886710737,5
"20664",3.06953994455044e-05,0.883244815023734,0.0111728319674073,0.00876678562109898,0.0967848719883145,2
"20666",0.0428994421776343,0.000518901814725241,0.956436957423333,6.40151937738631e-05,8.06833905337722e-05,3
"20668",7.46175794964249e-07,8.58669221484589e-05,0.518656091850561,0.00015256457490491,0.48110473047659,3
"20670",0.000336169176199702,0.997822500731431,0.000960686588747807,0.00087602432019513,4.61918342600052e-06,2
"20672",2.39180236918953e-05,5.40429923258776e-05,0.522780128291672,1.30068133648733e-05,0.477128903878946,3
"20674",0.000164994933749925,0.911862549414544,0.087590166353059,0.000228665967602747,0.000153623331044546,2
"20676",3.47536761138853e-07,1.31691575523724e-06,0.0682087787125991,0.92700071008981,0.0047888467450745,4
"20678",4.89236033640459e-08,1.55694279991021e-06,0.0418703293784536,0.909450351473574,0.0486777132815688,4
"20680",3.09146587074741e-05,0.00150887384800983,0.692048133091131,1.4030887762064e-05,0.306398047514389,3
"20682",7.39907240495475e-06,0.00310262210525093,0.855520926989978,0.14055042569185,0.000818626140516332,3
"20684",0.00427967731752473,0.797034689575974,0.0907428384450401,0.107924400499491,1.83941619705823e-05,2
"20686",9.78386428210946e-07,5.47578462027521e-06,0.0181158184693495,2.61475643224133e-06,0.98187511260317,5
"20688",1.08697405009448e-08,4.52406540873945e-07,0.00169571171538261,0.943316118245822,0.0549877067625139,4
"20690",0.961995634854947,0.0361100717345503,0.00189157826800239,2.62991731203478e-06,8.52251879192225e-08,1
"20692",1.19880760961164e-08,2.2109883631229e-07,0.00100734392648177,0.0183701592813958,0.98062226370521,5
"20694",1.92016028080042e-06,2.2994239905772e-05,0.981774126248189,0.000277294474961916,0.0179236648766625,3
"20696",2.20259853424326e-05,0.000657551426059223,0.992442264745345,0.0008782666904852,0.00599989115276811,3
"20698",0.00946154511805543,0.886926152354236,0.0940000575183443,2.4961971259523e-05,0.00958728303810513,2
"20700",0.00039224185787203,0.995131689681968,0.00116567989886406,0.000385518501854679,0.00292487005944167,2
"20702",0.90578224320939,0.0940547012712647,0.000162700170458545,3.18652153363437e-07,3.66967330778917e-08,1
"20704",0.000401891479782318,0.806794211936327,0.192685397548962,8.0207151433627e-05,3.82918834943396e-05,2
"20706",0.00435556696351169,0.169765097821097,0.430601427106257,0.385776455987345,0.00950145212178878,3
"20708",1.23051782368221e-07,9.5128929194796e-06,0.0607007233798473,0.938805193503673,0.00048444717177799,4
"20710",0.399486107200473,0.537426877241145,0.0630841886922541,1.12336123431317e-06,1.70350489318797e-06,2
"20714",5.58178423322778e-08,2.25209243607915e-05,0.0108185105750396,6.07393093575254e-05,0.9890981733734,5
"20716",0.000124758092101103,0.992561063658812,0.00718885443072225,0.000124850455617179,4.73362747197509e-07,2
"20719",9.03206423120002e-05,0.111593155301104,0.044201655816801,0.844080669366045,3.41988737381504e-05,4
"20721",8.75047863270603e-05,0.999904588732242,6.40947789997451e-06,1.29951430767487e-07,1.36705209986123e-06,2
"20723",0.00127385936779945,0.136729349801381,0.0176622715872514,0.844185775099152,0.000148744144415583,4
"20725",0.000120740064088234,0.00163155172850134,0.998104098812316,3.38618256764999e-05,0.000109747569417799,3
"20727",0.000101931628853077,3.44664296068969e-06,0.00517331199113209,0.000560898441750113,0.994160411295304,5
"20729",3.42533990021553e-06,5.16135160929086e-05,0.977591376737442,0.0221347312252505,0.000218853181314562,3
"20731",0.000109573799479683,0.000457761797654771,0.999224513129486,0.000193856962786455,1.42943105924723e-05,3
"20733",0.00401860580219347,0.86880492008542,0.126929636150045,0.000232774663609622,1.4063298732029e-05,2
"20735",0.0147719766685212,0.337984727688875,0.647130313995308,0.000104795520615726,8.18612668051505e-06,3
"20737",3.66421165295777e-07,4.76349257505032e-05,0.745524906971081,0.210796221054091,0.0436308706279123,3
"20739",4.03199865876186e-08,1.70936883284428e-07,0.000499356020440402,5.13602910974971e-05,0.999449072431592,5
"20741",5.43064971349765e-05,0.00558938396938346,0.959624902197382,6.30800674762616e-06,0.0347250993293523,3
"20743",5.17942427332087e-05,0.00539504003559469,0.977672343942356,0.0166045185339071,0.000276303245409033,3
"20745",0.000276692564596607,0.999624526683194,9.1414356727439e-05,5.30095769256645e-06,2.06543778893585e-06,2
"20747",4.00306909707548e-06,5.8659349463082e-05,0.976713251510885,0.0230475223300059,0.00017656374054871,3
"20749",4.32754348174891e-06,2.58127695391546e-05,0.989373630815772,0.0101596502991939,0.000436578572012896,3
"20751",0.00186635405612605,2.28019370933046e-05,0.997516281696753,0.000139852487035193,0.000454709822992785,3
"20753",4.1750714987031e-06,9.47419001023253e-05,0.996221603318661,0.00347109232565412,0.000208387384083978,3
"20755",9.22643116447598e-09,7.58330852838912e-07,0.00073112890532794,0.999212026733647,5.60768037410642e-05,4
"20757",6.79759688526009e-07,0.00428930474743852,0.00185998721200822,0.986436810280825,0.00741321800003921,4
"20759",2.63866691740702e-05,0.999628099751441,0.000124993761529985,5.36282387584683e-05,0.00016689157909659,2
"20761",6.52377229318901e-05,0.0223999509747779,0.975936235256303,4.55708998104015e-05,0.00155300514617692,3
"20763",0.000844551749996681,0.064622038883421,0.927916329956158,0.000173264702397895,0.00644381470802615,3
"20765",4.47468892793222e-05,0.00205776561010133,0.994427616066754,5.42451027096835e-06,0.00346444692359398,3
"20767",0.000359078396523467,0.952712211764802,0.0372231427852514,0.00970376330790152,1.8037455211273e-06,2
"20769",0.700406410404666,0.259461270117783,0.0344825053356564,0.00564973857844867,7.55634456319391e-08,1
"20771",9.25641498950041e-06,0.0992611281835483,0.690347760568458,0.00541251404665942,0.204969340786345,3
"20773",2.73577179657873e-07,2.47524691837596e-05,0.000168934232461956,0.999799708459198,6.33126197699224e-06,4
"20775",0.000170778211301281,0.00155198362226348,0.997584059773464,0.000622732281581681,7.04461113896412e-05,3
"20777",0.314687913086489,0.0238560286922494,0.66072721733283,0.00029401683240129,0.000434824056030497,3
"20779",5.27766488731422e-05,0.000814785672170571,0.998902706473183,0.00021093816427926,1.87930414935796e-05,3
"20781",0.966978193437509,1.26050461262327e-05,0.00578284697530167,0.00628562647317159,0.0209407280678911,1
"20783",1.39239530379221e-05,0.0201762811633457,0.974670240207046,0.00224247475757925,0.00289707991899107,3
"20785",6.57248484911924e-08,2.38934539240913e-06,0.000145932736248359,0.999051645887917,0.000799966305593567,4
"20787",3.33889417188497e-07,0.000270939074726222,0.967987275775064,0.0130844171869206,0.0186570340738717,3
"20789",0.000988504398917464,0.385616031439288,0.60657938377998,0.00680502480906678,1.1055572748008e-05,3
"20791",8.83953911761549e-07,1.03181923460697e-05,0.941777811191525,0.000892783009883365,0.0573182036523335,3
"20793",0.000689183301844613,0.294474159217857,0.70335619641374,0.0014754114456627,5.04962089588252e-06,3
"20795",2.22920043239806e-06,0.000189528835607906,0.814765713713783,0.000609231505248347,0.184433296744929,3
"20797",0.00226795854125434,5.68446340873116e-07,0.00123291173415245,1.02934922945125e-05,0.996488267785958,5
"20800",2.10020899607979e-05,9.57097781374585e-05,0.997599209697516,1.58967657292594e-05,0.00226818166865589,3
"20802",4.37034616489608e-05,0.00630704973050856,0.991987042118945,2.47898974707969e-05,0.0016374147914271,3
"20804",5.86665865915279e-07,3.17959770046312e-05,0.869245427013564,0.127375657407764,0.00334653293580146,3
"20806",6.48397119003884e-07,8.55616043245658e-06,0.723947535142262,0.00126622409032765,0.274777036209858,3
"20808",5.44092993116631e-05,0.986246719858185,0.013425752165531,0.000272965508308356,1.53168663948201e-07,2
"20810",1.77002847575601e-05,0.000862435333832109,0.547268770253919,0.0016407973813975,0.450210296746093,3
"20812",0.00446793331766823,0.00324419379312378,0.987056448930488,5.13612952181395e-06,0.00522628782919769,3
"20814",8.50423078021232e-08,2.88612450067842e-06,0.118592592907445,0.705765425584145,0.175639010341601,4
"20816",0.00169068630904466,0.120274291261952,0.00356288761414319,0.874471805830681,3.28984179934527e-07,4
"20818",0.000106074012193256,0.00687207727854319,0.99016418970059,0.00012769210937779,0.00272996689929637,3
"20820",1.2423192618994e-07,2.75960905308604e-07,0.00016340527937399,1.11340375433836e-05,0.999825060490251,5
"20822",1.458877250244e-05,0.00351775278810313,0.995249977735322,2.07307115413896e-05,0.00119694999253073,3
"20824",2.82242737113075e-08,7.06313513223652e-07,7.44900824926985e-05,0.999769928059225,0.000154847320494837,4
"20826",4.49223461625457e-07,1.68132331533436e-06,0.00441024551108019,1.57699813237074e-06,0.99558604694401,5
"20828",2.18871570632218e-07,5.07524086997582e-07,6.21657602206394e-05,8.53726016120909e-07,0.999936254118106,5
"20830",6.32778347652742e-06,4.38030459318841e-05,0.985469060462421,0.0140434281919439,0.000437380516226366,3
"20832",0.000213075565360956,0.338805591710099,0.614280004348,0.000194432321125349,0.0465068960554148,3
