"","V1","V2","V3","V4","V5","V6","V7","V8","V9","result$classification"
"19812",0.000544131860903256,0.721649064488025,5.3485073388106e-05,0.232820329671826,8.30487264591691e-07,0.0446752510375738,1.61550828503262e-05,0.000155227267350005,8.55250308187529e-05,2
"19814",4.17214420398154e-05,0.986441222220541,6.68935253952292e-06,0.0114264702064796,0.00155622668429702,0.000524698024341003,2.42148403753643e-08,1.85748393136449e-06,1.09037099022869e-06,2
"19816",0.212665673482735,0.00364021563354749,7.25419855417359e-06,0.776773532579263,4.90917816109146e-07,0.00561199835058336,0.00129340079256809,7.4302150259495e-06,3.82990757619214e-09,4
"19818",0.000974913715635571,0.429330506643563,3.49752610408096e-05,0.563434931744881,0.00600778231339064,0.000207067588031141,1.39503747338242e-06,6.60825067598267e-06,1.81944530836534e-06,4
"19820",0.997525292684772,4.1451775710924e-09,4.32802929705384e-11,0.00197683565121206,1.82293151475026e-10,1.55522971302425e-05,0.000328336487104915,0.000153978350799586,1.58229827118665e-10,1
"19822",0.85885504104265,3.14599016947289e-07,2.70121862954779e-09,0.00274830505154379,9.94900886445991e-07,0.00829271403721603,0.00861776025026444,0.121479290363761,5.57705344348791e-06,1
"19824",0.314406767259488,0.000149400545230693,7.90980125028314e-06,0.499919284620008,0.00152196179391691,3.87868753514881e-06,0.183922734404523,6.78728178120544e-05,1.90070235203492e-07,4
"19826",0.00156559079687042,0.762252677243075,0.00694368982436928,0.077855723651457,2.26204562437597e-05,0.148054757400934,0.00330204707391979,1.560584823219e-06,1.33296830749543e-06,2
"19828",0.6818341284039,8.23273722087839e-05,1.64128284456222e-08,0.316880350035728,1.0072215436789e-06,7.18421573405641e-05,1.13766169512127e-05,0.00111887997481153,7.18046872171116e-08,1
"19830",1.39094213578752e-06,0.866158558472905,0.00298047886670716,0.00659993757293246,7.94765201784624e-05,0.120655793325985,3.41082857781909e-06,9.76782308814674e-06,0.0035111856474902,2
"19832",0.0126223222423338,0.142183870045566,7.28112035636101e-07,0.105574935829988,8.86522971673739e-07,0.0313418567374701,0.000128798515616997,0.687816532940497,0.020330069053521,8
"19834",0.100472386004515,0.0102519763942173,1.43376249028663e-07,0.184851132101174,7.94903243032017e-05,0.695399675832155,5.00117555815828e-06,0.00893373215270096,6.46263912746796e-06,6
"19836",0.000906530468604439,0.0306513024312128,0.00539418596911677,0.948226292382033,1.29785309101379e-07,0.00147854480012345,0.0133216587508068,4.57051571525003e-06,1.67848970784501e-05,4
"19838",2.47881870370291e-07,0.998890157422967,1.80460936492612e-05,0.000326819731246034,0.000186569814084839,0.000528976672862871,3.753514821494e-09,1.46207917831234e-06,4.77165506259834e-05,2
"19840",0.0530988662271003,0.015811356246664,0.000240836667623657,0.15115070403297,2.05433992286224e-06,0.778910616199398,0.000780275455318012,5.25090653772021e-06,3.99244653978653e-08,6
"19842",8.95854314459221e-09,0.00997949340774391,0.989832590487523,7.29915578020082e-06,1.11505531197647e-06,0.000154215547619649,2.37632033994375e-05,1.84909224780938e-10,1.51399916890796e-06,3
"19844",6.32560803478251e-07,4.16948294875325e-06,6.14226444911697e-06,4.36097623001565e-07,0.999987124817493,6.34639892452504e-08,1.42227771723373e-06,9.53809948380974e-10,8.08116684291779e-09,5
"19846",1.79877446340612e-08,0.914142694467933,0.0273967681571003,0.000195503555648013,0.0582570745486976,5.09080144058078e-06,4.04824450158177e-07,5.68693133433372e-10,2.44508829326647e-06,2
"19848",3.35226908863927e-08,0.979272624806474,0.00101740677008865,0.00020863680520514,0.0194861225373662,1.23982498732459e-05,5.75434612804309e-08,3.64372952146224e-09,2.71612111093264e-06,2
"19850",2.04253380671444e-06,0.827396771298525,8.93054513079754e-05,0.000506699486515526,0.171924125773219,7.8941965840183e-05,4.84063492031951e-07,9.40550601849237e-08,1.53537223368802e-06,2
"19852",0.00755617622986282,0.0219151144698712,6.1783600541883e-07,0.96946535381488,5.85385919019125e-05,0.000970140856196801,1.30426836000195e-05,2.07166753153169e-05,2.98842365808027e-07,4
"19854",3.96361930617308e-08,0.997933901468562,0.000283143103199901,0.000179988700469946,0.00156045589381178,3.86443747771721e-05,6.97120161382256e-09,1.26060126827466e-08,3.8072457722292e-06,2
"19856",3.88565709486449e-05,0.0122350674175309,6.57361521938869e-05,7.46928544930584e-05,0.987175987905723,0.000310421013322877,9.74290866355752e-05,8.094420760376e-07,9.99557076472537e-07,5
"19858",0.00167399622357325,0.000632009914496544,1.10736907196435e-06,0.0029647797962525,0.993603533030971,3.13977248310246e-05,0.00107075041022418,2.07249703857095e-05,1.70056019402281e-06,5
"19860",0.0240685815880622,0.265903484917173,1.07475060292372e-05,0.570163129095202,1.91443103253128e-05,0.139751458563323,3.07824364380424e-05,5.22416982394417e-05,4.29885208004966e-07,4
"19862",6.30647801615969e-09,0.886332431915928,0.111880247805314,9.59672360130112e-05,0.00167149128208559,1.42146367715227e-05,3.34404312705022e-07,4.0889456466729e-10,5.30600420328061e-06,2
"19864",1.02001016646914e-06,1.50217705011368e-06,0.980563807738246,4.47725532758271e-05,1.4317010070286e-06,8.41013272619007e-07,0.0193839501969096,1.49455373824353e-09,2.67311551831903e-06,3
"19866",0.0791197578069799,0.00021825183574543,0.000622901609380578,0.354103733305144,2.78122459932881e-07,0.0360289626357407,0.529901885144239,4.17398161067329e-06,5.55586994561884e-08,7
"19868",8.03003273086818e-07,1.67644872000767e-05,6.20876899402192e-08,2.30816948077804e-07,2.03254170512475e-05,0.00263168709805486,2.83371997952252e-09,0.0490433100973407,0.948286814158722,9
"19870",1.53228212856951e-06,0.969268407328907,0.00738006633007453,0.0218164301824936,0.00148407742071931,3.78120040139756e-05,6.32916798584736e-07,5.38673535890649e-08,1.0987667510606e-05,2
"19873",0.000560728785303985,0.574103794941396,0.00258100048769776,0.421321899308264,0.000438501732638835,0.000923167551568335,6.90298597653634e-05,9.08898940694364e-07,9.68434424608412e-07,2
"19875",0.862369807844884,0.000715823560764193,4.06021446428596e-08,0.108994485910138,2.1003129377589e-08,0.0262745019607214,7.60177949302376e-05,0.00156925304495775,4.82783304734809e-08,1
"19877",3.28906580424898e-05,0.825059058466934,0.000118378131321265,0.168725025481907,0.00171847713353362,0.00432800030012125,2.23728279101025e-06,1.3650207782178e-06,1.45675245708419e-05,2
"19879",0.00126816772774054,0.0401290464232938,1.18085967890187e-05,0.954905720683597,0.000681218335097609,0.00292662334801757,1.46279733939973e-05,4.52739842375614e-05,1.75129278330227e-05,4
"19881",0.000159729514085381,0.904542208286945,0.0159198481374711,0.0676330544873509,0.000858834780166291,0.00393731078535114,0.00694355052726945,7.46597091223607e-07,4.71688426960189e-06,2
"19883",3.96165278606426e-05,0.473948160386009,0.493016333428591,0.0287553848767209,2.93825900557269e-05,0.00150058905781414,0.00270930489758333,4.29858328560884e-08,1.1852495331167e-06,3
"19899",0.00162822521289089,0.00866283578936488,3.93320119776488e-05,0.104962274637625,1.33253069418566e-06,0.884561730078303,2.2263998753195e-05,7.06701945471117e-05,5.13355458438413e-05,6
"19908",0.000604913682180711,3.22334717461644e-05,0.00152279889665439,0.000521257367492819,0.000130409995845643,0.988725476430292,0.00804828169004902,8.41153438301287e-05,0.000330513121908747,6
"19910",0.00114504030163711,0.0302471279514918,1.50100765174654e-05,0.968409913035849,2.23070800491544e-05,0.000122988015313031,3.52040161589414e-05,2.02969663500372e-06,3.79826348382697e-07,4
"19912",2.63027582441405e-08,0.11570600166756,0.882559020668217,2.45317637299004e-05,8.68591539821944e-05,0.00160743223841514,1.29501863103861e-05,7.45859873558882e-10,3.17727316721302e-06,3
"19914",0.00266885336625542,0.143782838538564,8.49663226204285e-06,0.555130187608927,0.000419058112461879,0.297152985569949,0.000160913312182172,0.000544690957369497,0.000131975902028362,4
"19916",0.000540507150141596,1.56927912778181e-07,1.78901395800241e-05,0.000644773715582556,9.68623760387886e-07,1.00178471648626e-06,0.998794630207282,6.06220573740713e-08,1.08289668930981e-08,7
"19918",2.12626242094537e-06,0.912670833605241,0.00665959720249478,0.00781105102154585,0.0728201105692618,2.56148543545987e-05,1.03348757933078e-05,4.18802982930017e-09,3.27420857936857e-07,2
"19920",2.37891734040872e-07,0.119283915145024,0.000104427304120966,8.80654673031907e-05,0.880473790645054,4.94125259503183e-05,4.37378463663196e-08,1.85600900087651e-09,1.05426958743355e-07,5
"19922",0.000497389628520535,0.153468403036076,4.99876205641287e-06,0.0870914988497506,5.46711540654421e-06,5.66456477981844e-05,9.67360113406995e-07,0.258637101474814,0.500237528125465,9
"19924",0.000186359802974144,0.806192015748611,0.000340488102572836,0.159301470082695,0.0287942639144989,0.00517937290373464,2.69824410618558e-06,7.52393615630988e-07,2.57880719174743e-06,2
"19926",0.00382046410292801,0.013286800730877,0.00041400117318849,0.494918212142682,7.58261463480052e-08,0.477682315501312,0.00819062982954461,0.000692067781353514,0.000995432911967696,4
"19928",9.77196284701967e-10,3.54339048169997e-07,0.995398369175199,3.52732359143008e-08,6.75614078573755e-07,8.60320899778234e-08,0.00459872805803336,1.70216476096448e-11,1.75051409768068e-06,3
"19930",5.16437800799708e-06,0.97476477532902,0.000137514085708882,0.0249391921233017,6.13565707256806e-05,8.4435704652949e-05,2.46003979788467e-07,4.88912259941294e-07,6.82689234288158e-06,2
"19932",1.12403419779268e-07,0.998956991470864,5.65566673534812e-05,0.00041167887720583,0.000512374360462687,5.43254230853777e-05,5.82604714402296e-09,8.02093608482147e-08,7.87476220144058e-06,2
"19934",0.587629957196027,0.0176133704201062,1.05934500367963e-07,0.348385651367626,9.8588138000819e-05,0.0359888020029201,0.000124756913518678,0.0101574283862589,1.33964104232154e-06,1
"19936",0.000298408102257822,0.879214041068563,2.00154567637739e-05,0.0621140073018766,8.63755967110037e-05,0.0581223469078222,1.09721301517789e-06,5.70838723689746e-05,8.66244806215461e-05,2
"19938",0.751828820952194,4.6450651360056e-05,1.82282425499573e-07,0.0896070165839892,4.04849248562027e-05,0.137196752996523,0.0167067705035328,0.00457075611870928,2.7649864099124e-06,1
"19940",0.000308879435418811,0.111745108395924,0.00663646592877206,0.880490183412032,7.56053163566315e-05,5.96924764871543e-05,0.000682826419117172,2.17137925564629e-07,1.02147796691097e-06,4
"19942",3.61469299080348e-08,4.96532939271001e-06,0.979958181155601,6.07649788342016e-07,2.0402646080189e-07,1.46942620866793e-05,0.0200212274320837,2.89816833288819e-11,8.39686750927552e-08,3
"19944",0.0062192837213931,0.0142638652995086,2.76529371315076e-05,0.974264511888278,2.96702543697419e-06,0.00201944177288515,0.0031973601048836,4.6136568558675e-06,3.03593627310686e-07,4
"19946",0.00155683714507632,0.308493825367057,3.08835079152664e-05,0.676158447469139,0.0107238868681391,0.00291212196308606,0.000114477084975726,7.0980271232469e-06,2.42256748847059e-06,4
"19948",7.6541835643616e-09,8.25148952849972e-06,0.998715498908562,9.86456766516773e-07,3.07985250143096e-07,4.52072871538034e-08,0.0012748863699187,3.09810955564166e-12,1.59254048148395e-08,3
"19950",5.30259970089576e-09,0.00102781005541282,1.12930024240429e-06,6.36703586794282e-07,0.998970024841748,2.49094957127374e-07,5.57249971838356e-10,1.11268971202781e-09,1.43031513314578e-07,5
"19952",7.6541835643616e-09,8.25148952849972e-06,0.998715498908562,9.86456766516773e-07,3.07985250143096e-07,4.52072871538034e-08,0.0012748863699187,3.09810955564166e-12,1.59254048148395e-08,3
"19954",6.26439139418023e-07,0.994979318947512,0.000211908461531547,0.00447651352115579,0.000286575774208802,4.12358385394588e-05,4.38401378906514e-08,6.20238743145017e-08,3.71515390018654e-06,2
"19956",9.98007810561928e-08,0.203095229015782,0.0211381409425022,1.1148162924126e-05,0.617825571874979,0.156060860666925,5.57845774751651e-06,3.73333454774218e-07,0.00186299774490474,5
"19958",4.75199014769098e-07,0.000143127752677239,4.57391518330021e-08,2.37144499872391e-05,4.10206697796043e-05,4.74262302745628e-08,3.45805089518703e-08,0.013412717151778,0.986378817030872,9
"19962",0.0172564804611556,0.597399797205327,5.56054859462077e-05,0.121899282234133,0.237588211551818,0.0149652613453532,0.0098355609330487,0.000891721121973245,0.000108079661244431,2
"19964",0.000297994332136948,0.242098915196783,0.0106732666618631,0.741237077357156,0.00461604265285366,3.8917477631333e-05,0.00102338951188907,5.84085701887418e-07,1.38127239850565e-05,4
"19966",0.123099696806278,2.41513620208034e-06,1.81898294720502e-05,0.0205815703774547,2.31119842654151e-09,0.00599084245641968,0.850292128088414,1.51206698127376e-05,3.43247490263264e-08,7
"19969",5.2812234746619e-06,0.964593652714539,0.0254232818553209,0.00486870637855006,4.0828646961341e-05,0.00504339200805097,2.253697027033e-05,7.75940675741628e-08,2.24260876490038e-06,2
"19972",2.32667965932477e-06,0.376328019425365,0.543394895229046,0.0417112286913643,0.0384580462169683,3.98070148815304e-05,3.6935599748137e-05,1.37533339152275e-08,2.87273896336674e-05,3
"19974",1.75801997753744e-09,0.0669432964835047,0.302921573093207,1.05813388502183e-05,0.630121602012076,1.16356720177718e-06,6.4253444548893e-07,1.98262916505647e-11,1.13919286864134e-06,5
"19976",0.000206225221187731,0.55606425427708,0.000296613533369275,0.40111154139932,0.0402560583781594,0.00205067711144659,9.71765481739852e-06,9.31634326744504e-07,3.9807902932828e-06,2
"19978",0.00982636364255957,0.0162715597101498,6.11015070150528e-05,0.973302776511593,4.97741034738972e-05,9.99435945380395e-05,0.00038800379776559,4.56810643597519e-07,2.03222610217338e-08,4
"19980",3.70249706421297e-08,0.878877120560707,0.000249540381048788,0.000113733212229817,0.120738293060537,1.70391558349946e-05,6.35796641071609e-09,9.35440016208624e-09,4.22089230536584e-06,2
"19982",5.84571264775815e-06,0.143442003031319,3.38585015629449e-05,0.000212359191415731,0.855517115527836,0.000777648345723769,2.20858516897473e-08,6.73129108141775e-07,1.04744745348139e-05,5
"19984",2.61201822367559e-07,0.000128539465724943,1.44256414510636e-06,2.37190049156887e-06,0.999866676447695,4.61359448558976e-07,2.35857958288e-07,1.48819866567595e-09,9.71451543525059e-09,5
"19986",0.957410715030049,8.27485920548103e-08,1.49973007288475e-09,0.0302955487292327,7.89296983656968e-10,0.00298775842820847,0.00808110511196419,0.00122477073874224,1.69241843498562e-08,1
"19988",0.996543336730301,1.47815109690766e-09,1.08584816926095e-11,0.0017779465195452,1.44074299690198e-10,0.000101127512089584,0.000235830299552132,0.00134175555448405,1.75094395550879e-09,1
"19992",0.99403127649729,6.48862281758158e-08,1.48367971635658e-11,0.00148834469533073,2.05366465914858e-08,0.003200130108176,7.55428358101116e-05,0.0012046191506387,1.2750434347822e-09,1
"19994",7.04991130034007e-06,0.963108841325164,8.44023165966098e-05,0.0363384981392184,1.32185975853706e-05,0.000419138262299354,1.97494634698942e-07,1.97723766075723e-06,2.66767155409349e-05,2
"19996",0.987893462903662,1.95956218244027e-07,4.45645751098589e-11,0.0117766388953259,1.63014412319748e-08,9.93159141409669e-05,1.38929142710499e-05,0.000216476790753754,2.7962193597096e-10,1
"19998",0.00096284156291842,0.0527063436148284,0.054219069024748,0.00527666294933972,0.00278481505281061,0.355356208070637,0.528681865797293,3.82529794753518e-06,8.36862947731696e-06,7
"20000",4.60555782166377e-07,0.615635335107371,0.00387854070500148,0.000138050116189198,0.000143418277409816,0.257326634974528,6.53497035089075e-06,0.000167632416853247,0.122703392876514,2
"20003",9.11744545737835e-05,0.879947916399165,0.000670468869613482,0.110182811172244,6.76944152623759e-07,0.00895035641576193,3.66575657404677e-05,2.24767310656932e-05,9.74614476832129e-05,2
"20005",1.24434813123389e-08,0.964322559592701,0.0165166923077252,0.000243923709065466,0.0188988105705109,1.4620784966434e-05,8.09686831759594e-08,6.06723779765111e-10,3.29901614274969e-06,2
"20007",0.0210507194170319,0.031370888753707,2.60541485001962e-06,0.791442389506885,0.000224200975042159,0.155436162371513,7.73305943437276e-06,0.000457005781320166,8.29472021697223e-06,4
"20009",0.152628931427825,2.85274899914922e-05,1.63889731045297e-06,0.0429644567328352,8.36456721933923e-05,0.000202614192490769,0.803777445665804,0.000312013539298256,7.26382251301318e-07,7
"20011",4.42983492284069e-05,0.585802927861887,0.106631806711175,0.299364124265843,0.00743327198746982,0.000656164870967918,4.67459487595673e-05,2.01444959778642e-07,2.0458559709998e-05,2
"20013",7.43362502459023e-06,0.899351559827644,3.05127714344464e-05,0.00350858971631424,0.0845200877796002,0.0125778039957136,6.62206933317087e-08,5.43087742934145e-07,3.40297583344345e-06,2
"20016",0.913932620868682,7.1584806960291e-07,6.22134014369524e-09,0.0608965175392626,4.91373246862287e-06,0.00268357134841574,0.00620096013493599,0.016279285570157,1.40873666811411e-06,1
"20018",0.00359569416654283,7.25584518578741e-11,3.65631305187251e-12,1.78812238727922e-06,5.81396969253591e-11,1.35923273430525e-06,8.31470371353768e-05,0.996142663947155,0.000175347359690217,8
"20021",0.14537776020463,0.00152523406448284,4.02772113176672e-07,0.851596352983474,1.8140246909015e-08,0.000249674555386664,0.000592097826379711,0.000658056274698499,4.03178588502086e-07,4
"20023",0.0600140875053588,0.0116171272872701,6.47776951782784e-07,0.892153509185182,3.38415256550117e-05,0.0333359595810393,0.00220545127125765,0.000634670020428366,4.70584685653089e-06,4
"20025",0.282214005489293,5.6807535002363e-07,4.11299680199741e-09,0.00718655966819514,8.52065305750557e-09,0.000139826372781503,0.000452659661042109,0.709655452020931,0.000350916078757309,8
"20027",4.72300240713141e-07,0.284652048532483,0.705513286759561,0.00133688375916119,4.06844594052257e-06,0.00843590124777909,3.5438913064029e-05,1.24379039534364e-08,2.18876038659349e-05,3
"20029",1.68505394620347e-07,0.93452022534085,0.0587102106601583,0.000294271965543756,0.00608324672081471,0.000390256649014597,1.34156397236592e-06,7.73166198507329e-10,2.77821085173799e-07,2
"20032",6.00601320032604e-07,0.976699297045749,0.0195687059150062,0.00328798918420935,5.12572120133768e-06,0.000391119840792048,4.52094098243811e-06,1.17461699879511e-07,4.25232890390933e-05,2
"20034",3.53326846413247e-08,4.47302378412526e-05,0.995776556944183,1.84304278689251e-05,7.51186144267842e-08,2.0217884275828e-07,0.00415977562342951,4.14458656201472e-11,1.94095089708354e-07,3
"20036",0.00019038622857556,0.016116401799289,3.53476707811671e-05,0.00010916810260629,0.00859792144927927,0.974872165115949,7.22275363219951e-05,4.72058261749163e-06,1.66151458075889e-06,6
"20038",0.709805954446126,2.40162213757779e-05,5.71298634077332e-09,0.0863999977964344,5.31862745043262e-10,0.176028988143973,8.98697524151758e-05,0.0276500814024581,1.08599236905958e-06,1
"20040",0.114954242768702,4.31111196722216e-08,1.09527099570577e-07,0.015230584896508,4.34219066041227e-07,4.68079018723061e-06,0.865626297998731,0.00417025248276195,1.33542058243403e-05,7
"20043",0.955106809875653,0.0003873502233961,3.89844389044912e-09,0.0364420898990424,1.13746091828415e-07,0.00417981098832614,1.34744802006103e-05,0.00387031709334915,2.97954968304726e-08,1
"20045",0.974594231152668,2.92544427910727e-09,9.61289333456096e-13,0.00148120316404252,1.01585167842313e-08,1.05396561389811e-05,8.74435965663541e-05,0.0238265405084274,2.88372341013501e-08,1
"20048",3.43942802217536e-09,1.17523579643634e-05,2.19407294808972e-07,4.27394533163456e-08,0.999987906164745,3.25015566020715e-08,1.12620917476963e-09,5.32217207597424e-10,4.17311319596981e-08,5
"20051",0.114266675875083,0.66748957790673,2.96318133664764e-07,0.0812983091350852,0.0100503164680036,0.0928705817115463,8.44171430478251e-06,0.0339748524994886,4.09483716244029e-05,2
"20053",0.0521167638214857,0.000917222981126439,1.76948564879195e-06,0.936594221785901,5.62367835217113e-05,0.000620014376564996,0.00966570354940357,2.79402236327242e-05,1.2699271498765e-07,4
"20055",0.034159025990911,0.00141454312240568,1.58587631004879e-06,0.0511754263283463,2.46407290977974e-09,0.884949964114882,1.56340663354452e-05,0.0281055986580787,0.000178219378657976,6
"20057",6.13743935763142e-11,1.91619294755609e-07,5.91235381469936e-08,1.00062700290301e-09,2.79978466489989e-06,6.29874214052091e-09,2.24774366018588e-09,6.21836501216599e-05,0.999934756213893,9
"20059",0.0267528373085707,0.000497465213194818,3.56448107203919e-06,0.937189454288522,3.35299545376748e-06,0.000327433723052353,0.0347875296532929,0.000403293017832819,3.50693190090179e-05,4
"20061",0.0118829953552691,0.00418309600754441,7.31326408295113e-06,0.981623053875229,1.28089099911066e-05,0.00132117110862871,0.000940848332456719,2.73287662889631e-05,1.38438050875475e-06,4
"20063",0.00567462553487176,1.94461074556608e-06,1.07353029628138e-05,1.49073762180346e-05,0.955487350614744,8.70730668853595e-05,0.0386898210430918,3.12141582838839e-05,2.32829219632173e-06,5
"20065",0.0163444192379819,2.61983604983854e-08,2.31264901236811e-12,0.000250308937910039,1.30241173198403e-12,4.91152072076068e-05,1.39363686085701e-06,0.983309363768754,4.53730093098521e-05,8
"20067",0.896640914571294,2.76667409432373e-05,6.52990274533249e-11,0.0426257385175439,0.00014560982787597,0.000736858355159308,3.29713959022494e-05,0.0597894319696801,8.08556302404621e-07,1
"20069",9.67700503697812e-08,0.636477742814941,7.94116614098842e-05,0.00011596880231247,0.363289478128745,3.2713484832145e-05,4.42245315349823e-09,2.5221488505495e-08,4.55869376745122e-06,2
"20071",0.000128912897788077,0.000456206405533325,0.000190824109479401,0.0027778666587312,7.18228724402615e-06,0.996107680414598,0.000324685959614149,2.18109283839552e-06,4.46017417300361e-06,6
"20073",1.02196625071645e-05,0.0869251065470869,0.000444654176809856,0.0035811324883945,0.908999691969846,1.5387910271097e-06,3.7232652568577e-05,2.8089077203947e-08,3.95622683140854e-07,5
"20075",2.39208424189597e-07,3.25501431208718e-05,7.01580020746443e-09,3.49699724960401e-07,1.38035517680567e-07,0.000513213479501928,1.34633136317888e-09,0.0865927939069877,0.912860707164591,9
"20077",0.264665676441286,0.00118509837906083,3.18483526509744e-07,0.0819929172328995,0.000193436160694062,0.651649662138511,0.000270454926637641,4.24219883125025e-05,1.42490712573532e-08,6
"20079",0.0790851281384946,0.0345332026893729,4.95324976501525e-06,0.00299565176807135,0.87549213011643,0.00662209597630856,0.000254820464433267,0.00101042596943351,1.59162769135002e-06,5
"20081",0.32446941691143,0.000827527099439923,1.72154173398836e-09,0.274323499756394,1.88743535089532e-06,0.0277169111961297,4.12489428729604e-07,0.37252649645531,0.000133846934974953,8
"20083",0.000284206696261303,0.00243868959912924,0.000234710148078451,4.47448651479192e-05,0.85745502566431,0.137659107850231,0.00183827286462728,2.1604115920968e-05,2.36381962933764e-05,5
"20085",0.987524127372694,3.49706949201303e-09,3.22486232203528e-12,0.000955570547417436,2.71261684450804e-11,0.000182891338713817,0.000139393114792955,0.0111980092271224,4.87183915528814e-09,1
"20088",0.929514292459701,4.13508543718314e-05,4.08986074832325e-10,0.0605029754989524,3.32620506605351e-08,0.00242960271627249,0.000216711561100614,0.00729498739320157,4.58453630512206e-08,1
"20091",0.000178472291809087,9.29923855939103e-06,7.1187977610588e-11,0.000981211527267946,9.99300527126489e-07,0.000147379053197272,1.81920159858128e-08,0.940248878434577,0.0584337418908581,8
"20095",0.00300114682589198,0.00166627081280281,0.0173163400141874,0.165074095474685,0.810848720985091,0.000279188844066081,0.0016865863825419,7.6047695809644e-06,0.000120045891153186,5
"20097",0.956488741094761,7.34207509219564e-09,1.5118064627226e-12,0.000829220025269974,3.86087163259034e-11,0.000715205107956091,4.39918881967498e-05,0.041922809117658,2.53839622576109e-08,1
"20099",0.186516655061263,0.000171337259799337,0.0148710476529536,0.391756795725727,0.00178074163487722,3.41190154662663e-05,0.404868766361902,5.19008337893112e-07,1.8279674087208e-08,7
"20102",5.00769348220772e-05,0.000351091020257646,3.18705310575344e-08,0.000291923578064182,0.986641952085133,4.94854228930983e-05,3.2108591859039e-07,0.0051622566341851,0.00745286136819583,5
"20105",0.889183113147425,0.00089997539656993,2.61632508139605e-08,0.108134920117273,0.000250603082298592,0.000389430581810245,1.0306126428721e-05,0.00113159635404627,2.90308969328366e-08,1
"20107",0.631763817307517,3.01928058552216e-05,3.12930050222344e-08,0.319015025516997,1.66617501861459e-07,0.0487667326012238,0.000169930778406778,0.00025408131353272,2.17659608204893e-08,1
"20109",0.120055085848624,0.00699188792260607,0.00015330838761652,0.638349401383296,0.2225373975387,5.13269312652178e-06,0.0119010888853731,6.5876860075315e-06,1.09654650080196e-07,4
"20111",4.71840022082523e-08,0.0198043117338519,5.6024538896048e-06,3.97473791254192e-05,0.00024436613526037,1.91967947037218e-06,7.54867609432068e-10,0.000714015118685864,0.979189989560847,9
"20113",0.0481485548407798,0.000344234839472159,0.000430223825917047,0.169995530644673,8.68652582412121e-08,0.769342041685666,0.0117253796214652,1.34769079999801e-05,4.70768768234929e-07,6
"20115",2.45437005069972e-07,0.968984465014811,0.0154917494152968,0.00460814617129201,0.00013996001713899,1.26957635832789e-05,4.02755951949381e-06,2.79257523082597e-06,0.0107559180461229,2
"20117",0.00987823122744251,5.55785790752796e-05,0.0262787317785576,0.034117067823789,8.76660703657716e-07,0.00838056778205304,0.136464353834472,0.0451224005321749,0.739702191781732,9
"20119",0.0571719817922249,1.19260378995124e-06,4.80562928889334e-05,0.00695138125541942,4.51452928419406e-10,0.00367155058117215,0.932152839235138,2.99229171132724e-06,5.49620248930778e-09,7
"20121",0.868380261799748,2.7876023458195e-06,4.03899846534142e-09,0.0927475589277667,4.36847146766807e-09,0.0348104718645266,0.00286774537767242,0.00119112625673028,3.97637406806778e-08,1
"20123",0.000116808013769517,1.18550825881588e-06,2.32701443892932e-11,2.63860854804112e-05,1.10326246011191e-09,0.000471875762771492,1.15663942142963e-06,0.987037926123494,0.0123446607402717,8
"20125",8.12526822996889e-07,0.940056778021244,1.79688629109193e-05,0.00116868910753823,0.0580662306141245,0.000678040955768186,2.92359222675498e-08,2.64810316379679e-07,1.11858653519579e-05,2
"20127",0.998328943843049,9.05039051434664e-08,7.75192084142387e-11,0.00117661726396859,1.19069243899249e-07,7.63925564700848e-06,4.91392668332236e-05,0.00043744984878177,8.71051668439777e-10,1
"20140",0.000612995868758027,0.000313157759422696,2.22708432921587e-06,0.00280574723672005,5.13529133746235e-09,0.994471997532878,9.41148593147623e-06,0.00127764277375883,0.000506815122910795,6
"20142",8.55035166462987e-09,0.00357264205723601,2.02185545047612e-06,1.36472098303904e-06,0.996420459996313,3.03361192215133e-06,1.27594801760876e-09,2.49645234255314e-09,4.65435343651125e-07,5
"20144",3.39037389195256e-07,0.921037631373012,5.35899896448866e-05,0.000575974203162802,0.00351036945591794,0.0185691003885256,2.07707071880504e-07,6.13995078108004e-05,0.056191388337465,2
"20146",0.000184162458956882,0.26982081612383,1.9679083168117e-05,0.00167905194510527,0.335013471447428,0.392990734933973,3.23293421008944e-06,0.000104566589278997,0.000184284484049919,6
"20148",0.000225864373385464,0.952852178335205,1.30095551275261e-05,0.0143849999539641,7.73672684305094e-05,0.0324297302500716,1.3594494429916e-06,1.26713907481304e-05,2.81942362455643e-06,2
"20150",5.804028895094e-09,0.653660870802467,0.0303078342506958,3.95774332208631e-05,0.315983670357723,5.09213562957316e-06,8.1390543872408e-08,2.95924908987555e-10,2.86752976539657e-06,2
"20152",0.00112140805948642,0.883541148141913,3.38837295706998e-05,0.0812837830665827,6.04236008066782e-05,0.0338619395258903,6.5857621337824e-05,2.62629548040143e-05,5.29329960858333e-06,2
"20154",0.00594196820636061,1.45751871097863e-07,2.58352786290104e-13,1.60113543579934e-05,3.6414932659639e-07,2.41810756471815e-05,1.21296106791605e-07,0.993977291017528,3.99171485434887e-05,8
"20156",0.0231448447452649,0.00943747832663799,8.7426678177582e-06,0.539741489142696,0.0309677321635224,0.395413457923151,0.000158860929271672,0.000900654056237525,0.000226740045401365,4
"20159",9.94366506074457e-08,0.51170112099379,3.39746182082994e-05,9.41920138165829e-05,0.488067208007897,9.51264586147155e-05,5.8489243795065e-09,4.77935624601712e-08,8.22482853628523e-06,2
"20161",1.0486057088395e-05,0.00266666883587857,1.18637280257065e-05,5.06158823559761e-05,0.996342260063571,0.000846204054760412,6.7392099945796e-05,6.16664112871022e-07,3.89261426158623e-06,5
"20163",0.00251440686572357,0.865462265239244,0.000855553546872771,0.129313038345999,1.28509664812656e-06,0.00120050944462508,0.000109715515520043,0.000353988652056792,0.000189237293310721,2
"20165",0.00162151779340992,0.000149517677951033,1.25583093994826e-07,0.000531507234607876,0.997690893438447,1.46501164915536e-06,1.71432610370242e-06,3.22163854027296e-06,3.72961975463717e-08,5
"20167",7.95360813948956e-05,0.976580841540834,2.09746735353992e-05,0.0190186013702738,0.00399535483739991,0.000303737630715154,1.60839408112512e-07,5.64914804711375e-07,2.2811163445784e-07,2
"20169",3.04949350232467e-09,7.32993801219739e-05,3.50436552712164e-07,9.81557602739937e-08,0.999926022679828,1.51583375657971e-07,8.04873116728415e-10,5.9415492098623e-10,7.33158398670924e-08,5
"20171",0.00339992075593734,8.01024021930674e-09,1.55663995868554e-13,3.04106414641338e-06,8.83179572376399e-07,2.92824017794276e-05,7.20291792424976e-08,0.996456093408431,0.000110699150558076,8
"20173",0.000320436908234814,6.39574096848011e-06,0.00142370271403291,0.000128037623835566,0.0067865368243572,3.28238985467589e-07,0.991334503876351,2.53184536492866e-08,3.27547803985637e-08,7
"20175",1.18386684477282e-05,0.919706005040673,0.000873737495840427,0.0713177045961903,0.00590830388606045,0.00215766663410119,4.44142481039957e-07,3.756500302252e-07,2.3923886176014e-05,2
"20177",0.0292822792127314,0.000122494037952394,0.0150783526175021,0.0852509054958246,2.01447019104945e-05,0.000122270584570039,0.870123217263286,2.51360045792937e-07,8.4726177077703e-08,7
"20180",0.881667832705869,1.66372167951881e-06,4.30971117867099e-08,0.0917602611558638,1.06961483052964e-11,0.00289813091514731,0.0127971879977769,0.0108739407126435,9.39683211926621e-07,1
"20182",1.35941201307606e-10,8.64001235716359e-05,0.00604100709123807,2.11312830694482e-08,0.986733669556101,2.17713466888603e-08,1.7644242545656e-07,1.37336394565134e-08,0.00713869001445393,5
"20184",1.14553029876149e-06,0.0255931835533525,6.3595889613896e-06,0.000179079610609224,0.974114361209923,0.000105482781051094,6.45510818056382e-08,2.54718525515838e-08,2.97702869565753e-07,5
"20187",0.000208780614161881,0.000441290488373266,0.256325083927706,0.00413682542067473,0.0010973200654556,0.00479585111798102,0.732994531910977,7.20195727642696e-09,3.09252713139369e-07,7
"20189",0.0365502261392173,0.00502632571757227,0.00080521930847072,0.883983672911695,9.46497107435824e-07,0.00011078069659708,0.0735216628798446,1.14334027319678e-06,2.25092226034183e-08,4
"20192",0.0282491132296505,0.000110533303284331,9.29757625128008e-05,0.0306264758206597,1.40641913036311e-07,1.31140484356853e-05,0.921619009583794,0.0165098332116026,0.00277880439814722,7
"20194",2.27833470500891e-06,0.0383890693316052,0.185913628411082,1.69147120078302e-05,0.631780565131651,0.143624581365415,0.000270986852416675,9.43726113392563e-09,1.96642385597724e-06,5
"20196",0.371877071921676,1.93710361575161e-06,2.70407818248669e-10,0.00547097706815415,1.42580402378724e-08,0.000420125522581658,1.10739723592314e-05,0.622209641668481,9.15821468417375e-06,8
"20198",0.0173320072720315,0.308884607809698,6.19722208590295e-05,0.51186443888833,0.000348764349444086,0.158710299982531,0.00145496993078736,0.000927504223200492,0.000415435323117464,4
"20204",9.76692554253403e-08,0.667063071416505,6.41574661289915e-05,0.000195279117042632,0.332647218332954,9.24309156496595e-06,1.82034475836743e-08,8.71239041457964e-08,2.08275791973221e-05,2
"20207",0.711613569375175,1.03210254003366e-05,2.4422264500632e-11,0.00758933720734527,1.01469212064335e-05,0.00638248735958045,4.93287999435258e-06,0.274385122222281,4.0829845949649e-06,1
"20209",6.39620361149669e-07,0.108201185266079,0.0215819304014768,0.00143750452590729,1.95769807343407e-07,0.00631094938526566,1.12378577828477e-05,0.000179232753787046,0.862277124419532,9
"20211",9.54520120200874e-05,2.37280184268286e-06,9.97984189889587e-13,1.90350541496123e-05,8.62405226509101e-09,0.000668888132530248,8.89264441719932e-10,0.996825860251386,0.00238838223375674,8
"20215",0.173447221539485,0.0005916821878513,8.40694455662732e-08,0.00487871394051801,3.57806042765139e-06,0.820711464055013,5.46578778408675e-05,0.000312573628806462,2.4640611904398e-08,6
"20218",1.57626802921348e-08,0.0176482899744296,5.00674149912481e-06,5.65395170795956e-06,0.982338836532825,1.59145962848127e-06,9.65174300257264e-10,4.20315403769852e-09,6.00408901207417e-07,5
"20222",0.798531671146375,0.000971115894533779,1.40152384974086e-09,0.0086036441217528,1.87007032695432e-05,0.0121900416100744,7.8314522074161e-07,0.179679228128954,4.81384829632494e-06,1
"20225",2.29672257859218e-06,0.949084252545659,0.000478590656956706,0.000132150637327108,0.0121609773524338,0.037440863906337,3.29652775608653e-07,5.23670431594366e-06,0.000695301821615649,2
"20229",7.37736937402037e-06,0.000728477829716167,1.2175460132822e-06,2.09200221801089e-05,1.84797582085657e-06,0.99917576732052,1.44321240536411e-06,3.07690144184348e-05,3.21797095518404e-05,6
"20232",0.0270731724433628,0.00370811484685191,1.85788399176065e-06,0.529085599747054,2.04802672372647e-06,0.437707930485888,5.94157894683845e-06,0.00234465622683316,7.06787603479839e-05,4
"20234",0.761843626931605,2.17837000294766e-09,9.01264853345998e-10,0.0014792654769418,4.04354916834277e-11,3.08212519280212e-06,0.00398731278873043,0.23267200754208,1.47020153789402e-05,1
"20238",0.614994433240323,2.76175637584025e-05,1.54897868636864e-08,0.376465505204588,4.75435974095096e-06,0.00555815019382566,0.000224841596040531,0.00272399315327474,6.89198661724371e-07,1
"20253",0.640424050999249,3.21245309298292e-06,4.20345285420318e-09,0.00150367408191863,1.74566555608615e-07,0.35701671997134,0.000518555719355119,0.000533602695212347,5.30982324422555e-09,1
"20255",1.69145393893921e-06,0.99471413478013,6.44807461988384e-06,0.00293985724851791,7.32572377682841e-05,0.00206375871311093,3.51221845737512e-09,1.49852312531355e-05,0.000185863748442357,2
"20258",0.867308555155451,8.15839563031739e-06,1.6862089981671e-08,0.131885807560313,6.91489671761699e-09,1.68997418151968e-05,0.000587911703086198,0.000192637152211208,6.51450662655228e-09,1
"20269",0.150670231429088,0.00677689994923938,4.14033847012108e-06,0.821433363000318,0.0207796694377608,6.35888490038289e-06,0.000278690207909044,5.04431102304851e-05,2.03642083499592e-07,4
"20271",0.427537098783252,1.66974807283192e-05,0.000335631794329124,0.178118190194109,2.26194695872878e-08,4.51221366384835e-05,0.393939473740792,7.72651813937663e-06,3.67325413976469e-08,1
"20285",0.000257773492230398,0.0229704677850562,0.767956943840508,0.0028003922691561,0.000811944530502909,0.016383699569774,0.188809048774197,2.60160842897542e-07,9.46957773274453e-06,3
"20288",0.139662349170902,0.000994480722002119,3.01980126594989e-07,0.0932475135835336,1.60736933850383e-05,0.765496563896767,5.83781077814583e-06,0.000576332426026764,5.46716478619369e-07,6
"20291",0.175811508257111,7.60672437615519e-06,3.51215075137736e-09,0.331731908648738,7.46754185139934e-07,0.00169485336918612,9.76094818502927e-05,0.489748249056069,0.000907514196333309,8
"20295",0.0218670493372087,0.00662950740291025,0.00669893379488186,0.381567869847293,0.00236257953583209,1.90256612955696e-06,0.58085748353258,1.05938710128171e-05,4.08011215107998e-06,7
"20298",5.53026539514005e-08,0.998534594862177,0.000174217826415166,0.00020219115314015,0.000901646269861929,0.000183160975914461,1.5793970564553e-08,1.72350334536993e-08,4.10058083371159e-06,2
"20302",9.80946020380801e-06,0.375175657617967,0.00247288370936138,0.00558630956607635,0.616624021300148,2.74383789884209e-05,9.76640600314347e-05,1.09685460832558e-07,6.10622176230633e-06,5
"20305",3.64356963542038e-08,0.992791686053332,0.00681223501570961,0.000240372455858251,0.000106117286342436,4.39510480694166e-05,1.62577138020419e-07,4.90447806902507e-09,5.43422337609569e-06,2
"20307",0.948306569715563,5.52650319589859e-07,4.37654434727467e-11,0.0491104227882582,5.03694350978186e-09,0.000358050007198253,8.77678910876771e-05,0.00213662266664838,9.20021562003816e-09,1
"20310",0.996632512317791,1.25160652192683e-09,1.65152874016023e-10,0.000661582067408528,7.73096061224806e-10,7.9899156474458e-06,0.000221618823498335,0.00247628592037563,8.76542390891904e-09,1
"20313",4.49069003580384e-10,0.000363101441613695,3.47640860722501e-05,1.12537943249169e-07,0.999601936297496,3.81341467383953e-08,2.27974507999034e-09,2.30154704707013e-11,4.47508985022257e-08,5
"20315",0.754911530603917,3.6596514742731e-05,6.48499191749231e-07,0.239025580641612,9.12165541189436e-08,0.00567657679178083,0.000201030693532557,0.000147911855219289,3.31834502036725e-08,1
"20319",0.0981631317851829,2.82534939048734e-06,1.06703845980152e-10,0.000246222321239178,4.59911441233665e-09,0.00293637323347982,0.000142855135057139,0.898482419689057,2.61677807748256e-05,8
"20321",0.994039251163415,1.58328915188231e-06,3.46604987240148e-09,0.0043391269282246,9.9765253400686e-07,0.00114142899777205,0.000403689451174113,7.39184969170292e-05,5.5476163396936e-10,1
"20327",0.754731878280264,1.63487682884808e-06,3.64749582667539e-07,0.23568573311589,2.94340369105578e-08,7.73626098977167e-06,0.00955759918851067,1.5022012743678e-05,2.08115451044194e-09,1
"20329",3.12413165234256e-09,2.77979318392091e-05,0.9987954351719,8.63116387851306e-07,1.97127490702307e-05,1.92263650840637e-06,0.00115425196134616,6.91518058772985e-13,1.33081250570612e-08,3
"20335",0.511445916756423,2.07259301113535e-07,1.0988975947802e-12,0.00671379659152207,1.17909824022023e-07,6.0872519557232e-05,1.12368064478251e-06,0.48177632919704,1.63608458965238e-06,1
"20337",1.28590666696683e-07,0.879048127650525,4.08569351828282e-05,0.000205188042370697,0.120662755644937,3.59269630884578e-05,3.86215796741192e-09,6.27518630482843e-08,6.94955920907632e-06,2
"20339",0.000485626398515308,0.00193425019298816,1.43358162161074e-05,0.000321138508209325,6.27301589818669e-07,0.587338007172922,0.00427770520817428,0.180487359704863,0.225140949696521,6
"20341",0.00767528904295713,2.1390691508953e-06,6.16865341806823e-11,0.00093213601980443,0.000327936180489515,0.00115807746423648,1.81031852440387e-06,0.984666130913939,0.00523648092921119,8
"20343",0.979248031018341,2.90061713268308e-07,7.12155647284104e-11,0.00126120890845087,1.65817972335783e-05,8.58929756035691e-05,0.00152986817234011,0.0178579941410091,1.32854093142749e-07,1
"20345",4.10710249671537e-05,0.870302644044656,0.0286037376111246,0.0872747118288462,1.60619904334497e-06,0.0128810617214591,0.000825070595030698,1.5502476461885e-06,6.85467272272325e-05,2
"20350",0.00324446199987792,0.000719621781241888,2.20903092903071e-05,0.000653911686382086,0.000589969619534713,0.993294644177494,0.000104908875655041,0.000737003822883344,0.000633387727641011,6
"20352",2.37442218831091e-08,0.000197117720860936,2.91113074900609e-07,4.84760657646781e-07,0.99980199223749,5.44080442966389e-08,2.19879293557996e-09,1.7517615138462e-09,3.20650957166189e-08,5
"20355",6.69695543223755e-05,0.0102454150723883,1.19386731399567e-05,0.00117346358230475,0.988027674733078,0.000214289683246518,0.000233834867132987,5.51679026530327e-06,2.08970441218162e-05,5
"20358",3.93122389949842e-08,0.00698038073585842,0.990673537557538,2.41534503936861e-06,0.00200375457557913,6.23651519973954e-06,0.000333584608724731,3.53742975885751e-11,5.1314447240949e-08,3
"20363",0.981531613641454,1.58349251573768e-05,2.12156268909395e-09,0.0161001284312148,1.08960528368218e-06,0.00204204885962384,0.000157002624019845,0.00015227907049765,7.21185989956919e-10,1
