"","V1","V2","V3","V4","V5","V6","V7","V8","V9","V10","result$classification"
"19812",0.000113998124925181,0.20678122679062,0.00055813575848289,0.135212797968176,1.46025330567485e-05,0.656917871352689,0.000283216589659527,6.79367452403094e-07,1.749880452243e-07,0.000117296526892688,6
"19814",1.20252949633464e-06,0.0139707574172268,4.57800147726089e-05,0.0016819843595439,3.52181161009111e-06,0.982392477170833,3.82352196879711e-07,0.00190192527786223,4.18242607839486e-09,1.96488403193512e-06,6
"19816",8.22442745769367e-06,0.625623258778194,0.336382596404636,0.0210992363688341,2.45180666587739e-06,0.00371375055732941,0.0131698163628026,5.03144363297071e-07,1.57545851532249e-07,4.60386541250536e-09,2
"19818",3.80699443242244e-06,0.667009559418069,0.00111035301188017,0.000403850779427544,1.56456004360833e-05,0.32557554066073,1.2283422822116e-05,0.0058667136637346,1.69637187583214e-08,2.2294847495398e-06,2
"19820",0.000161058446481769,0.00071501960765308,0.998971184195111,1.81429882796016e-05,8.24982430497666e-12,1.99753418490111e-09,0.000134478251992649,9.55426587640106e-11,1.14325200435133e-07,8.39551124801591e-11,3
"19822",0.151742467959233,0.00125491944622738,0.836767643279901,0.006387056825829,7.55358375788066e-10,1.86370598158122e-07,0.00180205383231307,6.31380565341484e-07,0.00204213246943817,2.9076805353626e-06,3
"19824",6.03032877673314e-05,0.251989326664505,0.552004028519252,2.80503496949735e-06,3.00978163004368e-06,0.000106599114684055,0.19455350920265,0.00127810132560627,2.1827924942612e-06,1.34276440985526e-07,3
"19826",1.01269989246402e-06,0.0436406875081794,0.00152159454818427,0.213276595366552,0.00220719677352839,0.706180790180419,0.0331412874518196,1.6595281727952e-05,1.3072045593764e-05,1.16814410299604e-06,6
"19828",0.000983538459987255,0.224296331823938,0.774409823828324,0.000228979280461978,4.97204767179838e-09,4.90211624835405e-05,3.14022561065965e-05,8.16615159320274e-07,3.85059549501708e-09,7.77508958926509e-08,3
"19830",6.48765315009958e-06,0.01078152462117,1.2837937059004e-06,0.0915658790325304,0.00156984205118559,0.892231748864436,1.86074686073838e-05,6.40344839444389e-05,0.000251834285136967,0.00350875774613362,6
"19832",0.677805630136099,0.0685091315389198,0.0140219250220711,0.0767586572222387,1.70244353062258e-07,0.128839984547489,0.000556605350271045,7.2535466198145e-07,3.64726529933468e-06,0.0335035233185963,1
"19834",0.00530820803260598,0.152960172972554,0.0592102860777937,0.777366478515024,3.18053749125266e-08,0.00497898348994352,5.66024720899822e-06,4.39318503324777e-05,0.000122203447387315,4.04356177493919e-06,4
"19836",3.80414994106267e-06,0.81440153863618,0.00135880572727163,0.00204110769595158,0.00180748021488151,0.0300486368229762,0.150321101493732,9.67570927367444e-08,9.52923176195244e-07,1.64755787968478e-05,2
"19838",8.46148774579234e-07,0.00037850521345272,2.17373291869653e-07,0.00130541601617267,9.47893196647136e-06,0.998029219801387,5.65077171076907e-08,0.000194357581174438,6.22015502271176e-09,8.18962059083541e-05,6
"19840",3.5021337292848e-06,0.110178269391534,0.0414453719023474,0.834875321148341,7.16654412214201e-05,0.011068285989488,0.00219698938241209,1.19686267162249e-06,0.000159372972254683,2.47760007968367e-08,4
"19842",1.26645171350165e-10,6.55986710941967e-06,9.50413795529644e-09,0.000130930333427821,0.986363434389427,0.0132815930864211,0.000214342968650133,9.3513236189666e-07,7.447586305527e-07,1.44983318876671e-06,5
"19844",5.72724608096462e-10,2.8820300114527e-07,6.67808217494553e-07,1.46074023091544e-08,8.02173303019119e-06,3.24030513236525e-06,4.81438530404487e-07,0.999984821755493,2.45900391898327e-06,4.57255007765097e-09,8
"19846",2.48875605029635e-10,0.000179754438620395,1.88037040351419e-08,4.87126397681897e-06,0.022608564774648,0.917549568773728,5.56150942120261e-06,0.0596489369327684,7.04468520677074e-09,2.71620957289334e-06,6
"19848",1.68957347028427e-09,0.000201064525723759,3.40162645427919e-08,1.54568561366156e-05,0.000694983350666089,0.978285416407857,8.56331080975691e-07,0.0207986988449798,4.07058700903265e-09,3.48390713142329e-06,6
"19850",4.96754182926632e-08,0.000407741515600874,2.13812112577682e-06,8.25067419016214e-05,5.28762604850008e-05,0.81030351839245,3.16392428750891e-06,0.189145979865143,1.3290710592892e-07,1.89259648181959e-06,6
"19852",1.34780032048361e-05,0.974689604690457,0.00873672921057384,0.00124057546933624,1.63571936360441e-07,0.0152099306848497,6.21016974965383e-05,4.68084809964307e-05,3.31255847313829e-07,2.76935302594052e-07,2
"19854",6.1300441841779e-09,0.000195759401735699,3.68486061381895e-08,6.87381585620081e-05,0.000182978652906983,0.997903159493955,1.25365914065175e-07,0.00164354111178234,1.59795943184058e-09,5.65323853395144e-06,6
"19856",5.22879735030512e-07,3.59116653440287e-05,3.77870946413629e-05,0.000221020030552996,4.18315689470317e-05,0.0107913026245668,0.000155553299216398,0.988693677083555,2.16228874985954e-05,7.70865942352143e-07,8
"19858",1.59279018935437e-05,0.00176591886378044,0.00225666367592105,1.31803676139714e-05,5.71114820733402e-07,0.00049302400220734,0.00069202554075962,0.994657812509919,0.000103727785294632,1.14823778948191e-06,8
"19860",3.59362866557986e-05,0.512978174490365,0.0229349094718848,0.254583905309933,2.91989730262952e-06,0.209255017123234,0.000189514255868165,1.47835111325912e-05,4.40181992487966e-06,4.37833699550385e-07,2
"19862",1.77827383940104e-10,8.89079391144455e-05,5.9611688257504e-09,1.39587118084285e-05,0.0891919465912862,0.909186371004538,5.36964800322829e-06,0.00150750805840893,7.9603659438555e-09,5.9239474783534e-06,6
"19864",9.11232322981318e-10,2.93417234886455e-05,1.02466803219276e-06,1.38194103707151e-07,0.989223770700235,1.04374297282113e-06,0.010714766991408,6.92631039845429e-07,2.82812978806069e-05,9.39139606899659e-07,5
"19866",3.35349680737557e-06,0.218563788427739,0.0849643439205179,0.0182832763066778,0.000169623755306223,0.000149321998740061,0.676159489192094,1.41086361356085e-07,0.00170663879535986,2.30203961163329e-08,7
"19868",0.0439578107857411,2.74151933985942e-07,4.69871289771962e-07,0.00142583724400527,5.68518032042736e-08,1.2619546125563e-05,6.29193449148181e-10,1.55606117733931e-05,0.000537481396824148,0.95404988891131,10
"19870",2.97171548475571e-08,0.0316312063692551,1.86460583733349e-06,5.47641488043659e-05,0.00519518995607409,0.961579342873689,9.50978172476869e-06,0.00151333594036308,1.07616786523791e-08,1.47458454187136e-05,6
"19873",5.84594093010625e-07,0.469596617964258,0.000701442948851363,0.00141142037741677,0.00122670595417319,0.52601740287346,0.000649020245645361,0.000395449031171848,2.814389871457e-07,1.07457194372626e-06,6
"19875",0.00152409237592646,0.0633547591524429,0.855096301519945,0.0792607607463358,8.7901525109248e-09,0.00052099408576904,0.000242559802847197,1.5119904465043e-08,4.55597777412377e-07,5.28088998764087e-08,3
"19877",8.04477931771579e-07,0.256233575722924,3.71827707943315e-05,0.00426890956191058,5.09803961072527e-05,0.737773451407898,1.87786230711736e-05,0.00159857289637023,2.74809674949474e-06,1.49960462433696e-05,6
"19879",2.22148584334837e-05,0.974660196905837,0.00106371659178666,0.00234561414168207,3.24670456022107e-06,0.0214217720266728,4.70197473665545e-05,0.000422605430387687,2.53979677095927e-06,1.10737965023254e-05,2
"19881",4.74910690899594e-07,0.0383556034884429,0.000189243170126889,0.00521994027352481,0.00589794364007275,0.871492026140134,0.0781196539788893,0.000718495995279585,2.42545178623553e-06,4.19295105301891e-06,6
"19883",3.40070250864406e-08,0.0233185311701222,5.67040436302483e-05,0.00338830011661147,0.308720786746886,0.604206113375011,0.0602783850072995,2.95021247650812e-05,2.20287482730384e-07,1.42312116613209e-06,6
"19899",7.16560436168292e-05,0.213032185797828,0.00190320560972957,0.773106479444437,2.00827703952557e-05,0.00906662407125991,6.3628135811582e-05,1.17576556545595e-06,0.00268573067013828,4.92316912185596e-05,4
"19908",3.60159307791673e-07,3.29396048897308e-06,2.2962150115389e-06,0.000482876851205619,5.49973404577412e-06,1.17583472240759e-07,3.64630593258812e-06,3.34339171719833e-07,0.99950105587099,5.18980374244966e-07,9
"19910",1.32138310520664e-06,0.974574143949873,0.00152463081540123,0.000188487657434261,4.71453496259765e-06,0.0233607533608193,0.000326778837611793,1.87581913834034e-05,2.73739148493665e-08,3.83895494117019e-07,2
"19912",4.64838679309484e-10,2.35900714148294e-05,2.50570708829895e-08,0.00146298154241527,0.852522403433388,0.145787906804812,0.000119220103509406,7.72425107116557e-05,3.66035664986818e-06,2.96965519001123e-06,5
"19914",0.000401714940856295,0.635385057850365,0.00278040903044085,0.24508292155472,2.41138862117351e-06,0.11459858673849,0.000498969092027656,0.00032847038711057,0.000817731034429161,0.000103727982939538,2
"19916",1.4581454213535e-07,0.000714880369362822,0.00226985582021114,4.94203274346373e-07,1.91077881756897e-05,3.10196151371571e-07,0.996641888814642,1.52760208256442e-06,0.000351778858923004,1.05326355407514e-08,7
"19918",2.16769573368946e-09,0.00708394893242812,2.6837638494302e-06,2.99642554467678e-05,0.00424676591890594,0.910006509741167,0.000140653469208455,0.0784890937321126,2.84857305537149e-08,3.49533455257005e-07,6
"19920",8.20339953150578e-10,9.03790123107545e-05,2.09424711829208e-07,3.0026215589135e-05,7.94191279706739e-05,0.102351524437736,1.70016922567386e-07,0.897447780272291,3.98917240033436e-07,9.1754887849395e-08,8
"19922",0.135486312937498,0.0522321772213542,0.000371164466025807,0.000123681256358505,1.3148041173353e-06,0.0817694527592752,4.48486574719575e-06,3.25303321713877e-06,1.55675205390042e-09,0.730008157099655,10
"19924",4.64914713774555e-07,0.22228003054869,0.000211786871649437,0.00791777386596607,0.000196423185986368,0.737805064146617,2.7088660880286e-05,0.0315576132617436,9.47452880176583e-07,2.8070908737011e-06,6
"19926",0.000617612113442011,0.445440216522371,0.00412281084067052,0.499455338906247,0.000115134447204889,0.0113576692448032,0.0376927711762604,4.82528403056621e-08,0.00043005055294063,0.000768347943220339,4
"19928",8.37745990217454e-12,1.36124256275782e-08,7.70432613927171e-10,7.35779848829224e-09,0.998140112868587,2.53459239807445e-07,0.00183338283736366,2.81277739851583e-07,2.54441144136063e-05,5.03693622017935e-07,5
"19930",2.94427623973047e-07,0.0292465697001995,6.21053623197649e-06,0.000202800958292087,6.38221406532703e-05,0.970400693497936,5.42182920125346e-06,6.29816018756143e-05,1.6967803595251e-09,1.1203611205508e-05,6
"19932",4.19268578004903e-08,0.000457445145813452,1.08744763738032e-07,0.00011421840637858,3.17995999972162e-05,0.998835574987079,1.10245822151621e-07,0.000547764193413151,1.18878093356546e-09,1.29355610938512e-05,6
"19934",0.00948936471325463,0.212633568586364,0.636236519107153,0.127598842757816,2.73538690389847e-08,0.0134230543544015,0.000523408159598303,9.26394623211811e-05,1.00268252187111e-06,1.57282270061625e-06,3
"19936",3.92458839490845e-05,0.0707993638319567,0.000293288707576215,0.109663496379854,7.74002899343126e-06,0.818984469840322,1.10268163340262e-05,8.22744621872202e-05,1.60873565715076e-06,0.000117485313169799,6
"19938",0.00488221160822259,0.0581063156103314,0.816700330922068,0.101774348555139,5.41931025940149e-08,3.18283665512676e-05,0.0104816916274545,2.96369727206816e-05,0.00799209865574903,1.48348866162278e-06,3
"19940",1.52813725299847e-07,0.877025163370959,0.000492544870182121,0.000107921710982709,0.00318228896087337,0.107760315193737,0.0113579716064701,7.24927712319378e-05,1.98256063784276e-08,1.1288762317343e-06,2
"19942",2.17201057505075e-11,3.13316624370725e-07,3.89559682388683e-08,3.46471897931182e-06,0.97420780500267,5.36705169770679e-06,0.0256825886475346,1.23724504344165e-07,0.000100262344417841,3.6215883073002e-08,5
"19944",4.69341925617283e-06,0.936451362241705,0.0113627511758247,0.00358116719351136,9.15554559136526e-06,0.0157577855633677,0.0328282736398252,3.05299217340707e-06,1.41939731785699e-06,3.38831427213023e-07,2
"19946",4.568059340508e-06,0.726354222411014,0.00199163172961025,0.00240590174033829,1.09990564794213e-05,0.25883409201123,0.000516756235208569,0.0098660446383675,1.36167993055286e-05,2.16731910618426e-06,2
"19948",1.79023082833535e-12,4.74409438721192e-07,8.47469232696932e-09,1.53059337574861e-08,0.996889975134924,7.6849566765268e-06,0.00310160069068772,1.85059312358988e-07,4.76990284939635e-08,8.26751557220534e-09,5
"19950",4.69621740752008e-10,6.31720420681712e-07,4.23600990019618e-09,1.00339965452452e-07,1.07375027416988e-06,0.000762077834237273,7.6804113365385e-10,0.999235958436987,3.65223938245012e-08,1.15922049026017e-07,8
"19952",1.79023082833535e-12,4.74409438721192e-07,8.47469232696932e-09,1.53059337574861e-08,0.996889975134924,7.6849566765268e-06,0.00310160069068772,1.85059312358988e-07,4.76990284939635e-08,8.26751557220534e-09,5
"19954",3.37774317554726e-08,0.00545146109116688,6.98215375248536e-07,8.73436202629661e-05,0.000116866194378526,0.994033227671185,9.62089730935043e-07,0.000303526767622141,1.0939611707596e-09,5.87947888599014e-06,6
"19956",1.64065497977166e-07,1.09647743164129e-05,5.57229978727264e-08,0.0208797219698897,0.0166224211560503,0.163321444028152,3.17248470075223e-06,0.391393962809991,0.406871972114583,0.000896120873819774,9
"19958",0.00652139639081105,1.31747019378261e-05,3.39755009580696e-07,2.05853459421624e-08,1.79211166868452e-08,6.9393931227099e-05,1.86494370012248e-08,2.29722599846377e-05,9.17819197393971e-09,0.993372656626938,10
"19962",0.000755693375707693,0.0713090922065104,0.0238133418598197,0.0153479783439451,2.18303801648206e-05,0.601221780823012,0.028475053434554,0.258654883088125,0.000285089141916651,0.000115257346244911,6
"19964",4.10899377729727e-07,0.730476767846224,0.000508927493890271,5.57526686749031e-05,0.00633019659746133,0.243798651841471,0.0137270149196772,0.00508620955072884,7.07144236996438e-08,1.5997468071048e-05,2
"19966",1.28207007093797e-05,0.00649715903038332,0.112766532709581,0.00415569764091909,3.73887236119198e-06,1.37608505841729e-06,0.876481724707229,9.93963370482324e-10,8.09365115956953e-05,1.27481995983342e-08,7
"19969",4.5524327539735e-08,0.00425742757160499,5.04288325902418e-06,0.00761736204602826,0.0125991366478138,0.975195795984385,0.000289456269399883,3.28670508466269e-05,5.0198236655729e-07,2.36403996790539e-06,6
"19972",7.43360156517111e-09,0.0656509357093346,3.03717195122096e-06,2.42178068001631e-05,0.532898237148634,0.364529943268875,0.000245403397893029,0.0366210537208344,1.12645474143241e-06,2.60378873347708e-05,5
"19974",7.56541331905846e-12,1.01878835357072e-05,1.6195273094397e-09,3.91386503421657e-07,0.377916193522406,0.0612472759659941,2.63739515192396e-06,0.560822288039472,2.07420163303508e-07,8.1675968065882e-07,8
"19976",4.75648022485918e-07,0.547653000887403,0.000218009261078351,0.00131111530661125,0.000134791774477381,0.416839308290451,4.14156687363214e-05,0.0337894073059708,9.3031416325805e-06,3.17271561669709e-06,2
"19978",3.92069172767004e-07,0.961749964553866,0.0175143107964317,0.000199443744566507,2.7197858191771e-05,0.0163625299682696,0.00409136469398632,5.47309839696433e-05,4.08652385479682e-08,2.44663073683229e-08,2
"19980",4.36122190910163e-09,0.000132361495007298,3.53766306029506e-08,2.00506350656804e-05,0.000199631002045037,0.861770399014185,6.45736758517225e-08,0.137871752041987,8.5758350044713e-09,5.69292434682446e-06,6
"19982",3.36773199144638e-07,0.000223623576657441,4.46990994570051e-06,0.000674635094277018,2.72920449213384e-05,0.114386654872271,6.19373407857257e-08,0.884670667462151,1.50183202068248e-06,1.07564972153726e-05,8
"19984",7.7338150759105e-10,1.59824443981105e-06,2.52827420553855e-07,1.71877377237925e-07,1.19489040103857e-06,9.7382345642039e-05,2.26214271821639e-07,0.999898758736046,4.0791959457224e-07,6.17142549324494e-09,8
"19986",0.00133490012054202,0.0161995702188057,0.977512121213802,0.00193172292308159,2.65415579193671e-10,4.39042160278222e-08,0.00284407126481359,3.82848742873018e-10,0.000177562438755305,7.26771955243274e-09,3
"19988",0.00158501185701094,0.00089918388937115,0.997391868371321,7.07534612549447e-05,2.17920631286408e-12,7.26933123409532e-10,4.35709167886301e-05,7.35958333457278e-11,9.60986252811186e-06,8.39017116687728e-10,3
"19992",0.00146079518435639,0.000864526350271723,0.994826043022172,0.0027120908873018,3.39962878256286e-12,3.92499184830114e-08,1.96710901097883e-05,1.35719803092634e-08,0.000116819903388406,7.37101782345961e-10,3
"19994",1.25071972912167e-06,0.0453972550554888,8.07341006395189e-06,0.00112344191533103,3.58846687859533e-05,0.953371982552992,4.73542090428213e-06,1.31449839456378e-05,3.55370987168707e-09,4.42277190496946e-05,6
"19996",0.000209907728853855,0.0066919298682794,0.992938323215559,0.00015021072411512,9.78330028493387e-12,1.01850253796156e-07,9.3856174692927e-06,1.05697024281923e-08,1.30229043102943e-07,1.86941330172187e-10,3
"19998",2.48391291254213e-06,0.0022135131297373,0.000815336653337241,0.144192064945138,0.0206730733599332,0.0431984160989995,0.740359692309037,0.00166201488582076,0.0468796497444166,3.7549606684381e-06,7
"20000",0.000120401444386274,0.000145012848982719,3.56587503085784e-07,0.199422310672165,0.00227464325726232,0.666247875871664,2.0554699055445e-05,0.000113008204824263,0.00126930376152206,0.130386532652635,6
"20003",1.63252016920862e-05,0.0951108127050379,0.000101740996064327,0.0258698451558675,0.000216266860343732,0.877724702897415,0.000821208328620202,5.65954783147896e-07,6.40135778609792e-08,0.000138467886598058,6
"20005",2.64492124328702e-10,0.000293069022058225,1.24092776751352e-08,1.25472901960814e-05,0.0138106887711173,0.967080104717382,1.02860645626035e-06,0.0187988455815521,1.74652534136128e-08,3.68587221526578e-06,6
"20007",0.000233101183008649,0.874365091983077,0.0140402004225122,0.095433844540024,6.59877590531595e-07,0.0155921205285957,9.78543024814174e-06,0.000120272377238714,0.000200171453124571,4.75220458083466e-06,2
"20009",0.000360527778557233,0.0184726595399638,0.253712921317174,0.000152169671893557,5.44282980165227e-07,2.3634021967472e-05,0.727074542136319,7.07970993871064e-05,0.000131739772689026,4.64379068157352e-07,7
"20011",1.07141993867897e-07,0.434644303779218,4.91831502511254e-05,0.000548514367348872,0.0727826486087245,0.485471108397583,0.000321628126385002,0.00616340355154472,1.73831003557316e-06,1.73645669152552e-05,6
"20013",3.26755432866376e-07,0.00535041112650966,7.12256511562886e-06,0.0149529555106238,1.89983301260845e-05,0.883214608230811,4.2079796904716e-07,0.0964457916841596,5.49261768643304e-06,3.87238156562355e-06,6
"20016",0.0162493741648851,0.0425012091494467,0.934527847504827,0.00106134590597221,1.62332676424246e-09,3.64344172026458e-07,0.00100992026629541,2.74204441604825e-06,0.00464661282862604,5.82168033250118e-07,3
"20018",0.997537715006955,4.85545018532686e-07,0.00236441005112963,3.88504286122468e-07,7.3542004667179e-13,2.68412087484791e-11,2.42793454226887e-06,1.97420898844968e-11,2.07250638531637e-05,7.38478468967587e-05,1
"20021",0.000871101125635979,0.710487404767379,0.280608148010023,0.00106917573884799,1.20284799074058e-07,0.0016478740003324,0.00531543689874856,1.92449447578588e-08,1.51003946698073e-08,7.0482889466087e-07,2
"20023",0.000701527478178738,0.833714541823709,0.0970106581997493,0.0475006641960797,1.86551581153371e-07,0.0117831963500351,0.00916570856774531,3.51117208626928e-05,8.3421792824762e-05,4.98331923483265e-06,2
"20025",0.726428738559376,0.00429089874213128,0.268800369235559,6.38636252733799e-05,1.09913368268395e-09,2.97052341179547e-07,6.45236537160502e-05,4.15160280165227e-09,0.000109170844162285,0.00024213303670361,1
"20027",9.39439733661239e-09,0.00181659948181675,5.57461221656506e-07,0.0101788789631331,0.595938511192546,0.39152034967327,0.00051052177209031,3.82823866860484e-06,5.27295381609312e-06,2.54708690407206e-05,5
"20029",3.7078973350005e-10,0.000270489003322591,1.52129329385767e-07,0.000450803435723108,0.0439674124936154,0.949658355211005,1.68525481194535e-05,0.00563554039947131,1.22398148659333e-07,2.7201047492239e-07,6
"20032",6.62254950239789e-08,0.00268731803745628,5.97604688301946e-07,0.000848006899621439,0.00941074646209988,0.986872162730076,0.000120613370304845,4.25986584730362e-06,6.31669611390633e-09,5.62224877145523e-05,6
"20034",3.21495719173081e-11,1.23223297815746e-05,5.44617196975728e-08,1.07383751639546e-07,0.979335589970731,5.39570967339988e-05,0.0205976945315015,5.69440133420097e-08,7.2705714272115e-08,1.4454390298515e-07,5
"20036",6.59016896054537e-06,0.000148541096894049,0.000276475457699563,0.83266833591576,3.4674330600459e-05,0.0286160159067621,0.000119176434327855,0.0133093764953154,0.12481879980164,2.0143920397849e-06,4
"20038",0.0275018671016715,0.0551336700234376,0.564269209590164,0.352941148017418,9.85650918919558e-10,1.37620944980702e-05,0.000129483068940628,2.85870845583231e-10,1.00576928359744e-05,8.01139512304279e-07,3
"20040",0.0155525792908077,0.0235623579804518,0.563574287560223,3.83547485229377e-06,1.10455145625604e-07,8.23097631442016e-08,0.395299561735632,7.83912663363536e-07,0.0019878945690413,1.85067114197796e-05,3
"20043",0.00388835081752524,0.0187445736092797,0.958345688001707,0.0187004357783158,9.06047339486471e-10,0.000276781165589625,4.40060783130339e-05,9.38123872155741e-08,3.15328183760467e-08,3.82980170128357e-08,3
"20045",0.0257754922878187,0.000627443654830923,0.973575452862932,7.07419635106185e-06,1.82246189690827e-13,1.29051965650884e-09,1.1937489032922e-05,5.58494107161316e-09,2.57736230026344e-06,1.52710912346506e-08,3
"20048",2.60334042688411e-10,4.1437579064447e-08,2.93176863847625e-09,7.38358358150146e-09,2.69395365305031e-07,8.65078856934547e-06,4.84601355429986e-10,0.999990695328524,3.0496707872892e-07,2.70225958221366e-08,8
"20051",0.0282622081130739,0.0604268471810409,0.112407250589996,0.217384706013907,1.0110146942641e-07,0.570964885250572,2.33495717175304e-05,0.010457018770469,1.24180343546547e-05,6.12153734000774e-05,6
"20053",2.92525751309502e-05,0.879165347337452,0.0952920564616489,0.00058989127703979,5.91554527036782e-07,0.000847140196072915,0.0239960420844709,5.41443056698587e-05,2.542860140331e-05,1.0560658410624e-07,2
"20055",0.0115489362954755,0.0199512121724238,0.0111191832864629,0.956843821453547,1.89989237512263e-07,0.000433499819832463,1.96790816231475e-05,6.45901001375831e-10,5.4980716366879e-06,7.79791838600533e-05,4
"20057",4.88334582336491e-05,8.56607593185283e-10,5.27485367029378e-11,1.49706513104627e-09,6.43896379421065e-08,1.56516161501614e-07,4.9207368418892e-10,2.130428513658e-06,3.95936660212469e-07,0.999948416372298,10
"20059",0.000465572435706315,0.869369619059621,0.053714145790228,0.00023393703776316,1.1997914743497e-06,0.000485477124303172,0.0756336660517476,3.06031646328315e-06,6.0819191250013e-05,3.2503201443836e-05,2
"20061",2.04491963476549e-05,0.978332596942942,0.0156014586235396,0.000826173852048696,2.12853104269691e-06,0.00311780673350559,0.00206229266176616,9.11331029288901e-06,2.6951762337573e-05,1.02838617789172e-06,2
"20063",2.55803670763589e-05,5.95379779251308e-06,0.00551041066688805,9.74307502458642e-06,8.95763913351014e-06,1.29856229043802e-06,0.00179471977685001,0.686420724696945,0.306221759916365,8.51501634233215e-07,8
"20065",0.9880130264444,0.000108021468046215,0.0117810218559211,6.05345833371524e-05,3.30765990139646e-13,1.17242872444946e-08,4.6746445094021e-07,5.49541138945133e-13,9.04502391646903e-08,3.68260084377848e-05,1
"20067",0.0542898774873022,0.0255161950204611,0.919307588037151,0.000730342952046997,1.46496092864069e-11,1.50602422741949e-05,1.47450181753022e-05,0.000111471196648458,1.41107156487258e-05,6.09315642974164e-07,3
"20069",1.16871942017295e-08,0.000134843271094182,8.71346713429489e-08,3.51468735155833e-05,6.29928546763195e-05,0.587072347387772,3.21503508518818e-08,0.412688690683191,2.39380156002376e-08,5.82401951874452e-06,6
"20071",2.58576458430376e-06,0.0057592190555819,0.000163098628561784,0.389967317729927,0.000137445509418948,0.000560734085503478,0.000331706033579021,6.48304736038913e-06,0.603068516965025,2.89318045878697e-06,9
"20073",1.41011353598668e-08,0.00227111445284374,1.29165093780791e-05,1.17354294389776e-06,0.000264929024805239,0.0721810647543729,0.000179545733212946,0.92508884617176,3.64891408897341e-08,3.59220406519498e-07,8
"20075",0.0608396914643545,2.53032383216931e-07,1.16501124351977e-07,0.000434951539998458,3.05622433119806e-09,1.95275324168108e-05,6.92667966024197e-10,7.92891246070165e-08,2.20576632010247e-06,0.938703171125385,10
"20077",4.35901237850718e-05,0.0882175392771201,0.305120822202944,0.599883118018281,1.2224845898591e-07,0.00104941207819588,0.000334133409465033,0.000180899732251086,0.00517035265826779,1.02512314032541e-08,4
"20079",0.00079995891622995,0.00142285197551817,0.0753892127473493,0.00855449759068184,2.58490940907978e-06,0.027900541955108,0.000245080857687822,0.885614900351582,6.87925878503971e-05,1.57810858397357e-06,8
"20081",0.340482481807618,0.308274485448058,0.287845960490763,0.0627326248654998,4.8187790529634e-10,0.000502352087568314,6.80287709760119e-07,1.49667576125302e-06,1.82023941255204e-06,0.000158097615731613,1
"20083",1.4495145397882e-05,2.22982533524507e-05,0.000198073553752809,0.0379051738050519,0.000147236291758052,0.00183619423433787,0.000588756854456213,0.624352182473839,0.33492515926553,1.04301225240862e-05,8
"20085",0.0147943771186693,0.000406552610847296,0.984516348371622,0.000239658800813909,5.58621830681809e-13,1.87565970730212e-09,4.14941531300967e-05,1.48161175695878e-11,1.56401275705215e-06,3.04112597394443e-09,3
"20088",0.00711862168022918,0.0259089064506851,0.961333487986842,0.00524885565285876,6.21492030960746e-11,2.53535401274852e-05,0.000364291309579357,2.22050458340255e-08,4.21182110607525e-07,3.99303719700616e-08,3
"20091",0.934171075611371,0.00142951263157687,0.000169327171941323,0.000121099529437864,2.6589573789002e-11,5.8433781371572e-06,8.29378775525747e-09,7.79757593097625e-07,6.15463194213488e-06,0.0640961989676234,1
"20095",5.38349749721482e-06,0.271199915547865,0.00384500481615582,6.95035050460661e-05,0.0199369432633218,0.00123827915047894,0.000875112107571948,0.698992827068151,0.00377022191326292,6.68091306485964e-05,8
"20097",0.0579395288152539,0.000413247865627312,0.94075632978926,0.000872087379137095,2.73537693270786e-13,4.18237782504717e-09,1.16702912344232e-05,2.22838567673743e-11,7.11407305878811e-06,1.75814928157483e-08,3
"20099",3.914645375205e-07,0.239320547219663,0.258515933478102,2.24626355389222e-05,0.00955515483630756,0.000116864875473032,0.491164109161514,0.00129613081254505,8.39614691130323e-06,9.36940703446316e-09,7
"20102",0.00408192642617519,0.000426315929780776,5.41243371337912e-05,1.24913637108898e-05,2.43650427636879e-08,0.000260893918728406,6.17858127314633e-08,0.987243708031693,0.00149351930507664,0.00642693453684571,8
"20105",0.000928706257400442,0.0725603110492334,0.92476204094732,0.000943145481803187,8.95778932835437e-09,0.000568275548118986,1.68459040817295e-05,0.000220540594820646,9.43182193590124e-08,3.09412130764982e-08,3
"20107",0.000240402899538851,0.308512643417759,0.639094395992496,0.0518585863209417,7.9274620883014e-09,1.88351221571388e-05,0.000187668770924228,1.08513123826198e-07,8.73378253938565e-05,1.32102033946012e-08,3
"20109",5.80107614567351e-06,0.445515657391494,0.235863693870085,6.97075627078027e-06,9.97067248579117e-05,0.00640935230866526,0.0359350472606172,0.276163431638892,2.22007524945374e-07,1.16965447422477e-07,2
"20111",0.000234429405056106,2.7120717312124e-05,2.21676067854337e-08,1.41048521684789e-06,2.44580166192463e-06,0.00878897755533353,1.41197143197162e-09,0.000126353633605874,1.46977948599067e-09,0.990819237352456,10
"20113",1.72469326952769e-05,0.246746389312941,0.0667489237941363,0.650466752383932,0.000226138850359478,0.000377494474916221,0.0218624289404123,7.01602319237337e-08,0.0135542122823482,3.42868027136896e-07,4
"20115",1.5811922802145e-06,0.00492803676312001,2.90997108822144e-07,1.24412387477681e-05,0.00945061012062355,0.969847101185698,3.85487816302331e-05,0.000120353267377623,3.37126783264351e-08,0.0156010027407354,6
"20117",0.073155414498934,0.044904363367539,0.0157335839890072,0.00702526623752797,0.0284361648465072,6.21160491175036e-05,0.118761758511406,7.77990295527344e-07,0.00753975586875727,0.704380798640908,10
"20119",2.93677030680434e-06,0.00253333223200924,0.0589868665638994,0.00267446052921999,1.21343387746216e-05,8.06346254026324e-07,0.93569519452692,2.08455704442372e-10,9.42662354115112e-05,2.24874857650284e-09,7
"20121",0.0012801381240944,0.057519129309517,0.906902984364578,0.0318245512151871,7.23267167400294e-10,1.71522566534566e-06,0.00226948532621327,2.49628688279959e-09,0.000201971665093662,2.15500970900315e-08,3
"20123",0.988868915623758,1.37176565271626e-05,8.85539430297113e-05,0.000360510709856539,4.43322132142953e-12,7.07517219862278e-07,4.3785640793807e-07,5.98493104053126e-10,1.23169956250463e-05,0.0106548390946494,1
"20125",1.45729007261958e-07,0.00158804663601774,8.24230843089614e-07,0.000655192495684905,1.06751266578262e-05,0.932110906441046,2.02094500734802e-07,0.0656192294704212,7.10232524340949e-07,1.40675432969703e-05,6
"20127",0.000423363851762925,0.000408889186880758,0.999131807587962,1.17219371850116e-05,2.01961730896106e-11,4.68634082592504e-08,2.40577656576307e-05,8.0689825375046e-08,3.1469372131803e-08,6.27749208116501e-10,3
"20140",0.00136985685154679,0.00364621864946057,0.000540973361587867,0.992362147142608,8.92426426330288e-07,0.000285222395395258,1.65062764060064e-05,3.57484795481023e-09,0.00131938184835945,0.000458797473361976,4
"20142",1.10146366523745e-09,1.50859979827297e-06,6.87891126214943e-09,1.03652582479583e-06,1.81423386744622e-06,0.00285520439891578,1.73066693160908e-09,0.997139437087453,6.14899927730352e-07,3.74543171442817e-07,8
"20144",3.76281249538944e-05,0.000793148349908779,3.00216469279433e-07,0.00996712930254324,2.85865510746982e-05,0.921018207854661,6.74118992015988e-07,0.00319296492509813,0.00022351236506011,0.0647378481912391,6
"20146",9.19194559416047e-05,0.00284161027832653,0.000201367106581178,0.183342088436432,1.53921351475324e-05,0.32141404034369,3.2051244106525e-06,0.398438674674672,0.0934518154743252,0.000199886970472663,8
"20148",8.60180228638451e-06,0.0133116606018553,0.000216769825964234,0.0633592762163022,4.62806232450138e-06,0.923010542034237,1.18004393503588e-05,7.18472221921748e-05,1.04596054791273e-06,3.82783494009322e-06,6
"20150",1.22208067579256e-10,4.04600212478662e-05,5.46930650554664e-09,3.67747168921077e-06,0.0309888566080646,0.644370081598597,7.13141293381867e-07,0.324593182819167,2.3064721631565e-08,2.9996837050762e-06,6
"20152",1.92169410430679e-05,0.0567263302689171,0.00124164037376936,0.0775216005251002,1.00675492533157e-05,0.863584369799499,0.000832563397174009,5.65998464367032e-05,8.884578540652e-07,6.72284095312732e-06,6
"20154",0.995396453463786,7.07539766273354e-06,0.00453334147757386,2.59410311980501e-05,6.22149288052393e-14,7.40487043123315e-08,2.26991081031784e-08,2.46042973255028e-07,6.66462324694861e-07,3.61793766074381e-05,1
"20156",0.000461470511559892,0.643506783516588,0.0160791437836453,0.0706438700327363,2.8507959215417e-06,0.00457099904355026,5.40816466793764e-05,0.0163317171645436,0.248261952557385,8.71309473901219e-05,2
"20159",2.2383227291898e-08,0.000114352801160512,8.72312952577964e-08,7.18531649703038e-05,2.51548725303745e-05,0.468261702871299,2.80168200460781e-08,0.531517026102584,2.88854677889881e-07,9.48370143529782e-06,8
"20161",4.37219763803917e-07,4.02036874038738e-05,1.14728639428992e-05,0.000193667151837022,8.22920142583456e-06,0.00256232682125241,3.802500221287e-05,0.987905137624413,0.00923803278978823,2.46763795978258e-06,8
"20163",0.000294091853007283,0.0832214993565516,0.00313763662389553,0.00539666310141487,0.000337024884134705,0.905141957757626,0.00209119361639566,1.21415902736223e-06,5.82794782920577e-09,0.000378712819999252,6
"20165",2.04380928479443e-06,0.000371038362733264,0.00173601983816695,8.77807337568501e-07,8.72063880918745e-08,9.60756537999013e-05,9.17563082990342e-07,0.997792428708366,4.81513618701469e-07,2.95372217212487e-08,8
"20167",3.60017792618638e-07,0.0206878407445924,9.30802131062254e-05,0.000884612255027048,1.10226590814153e-05,0.973472566293399,2.48231871335637e-06,0.00484765705745578,5.0702490482478e-09,3.7337058270918e-07,6
"20169",2.77389147253669e-10,1.01575308890225e-07,2.52380119445013e-09,3.69450786397317e-08,3.86649685553102e-07,5.57380257075335e-05,4.94434006141484e-10,0.999943219762964,4.63466810191877e-07,5.02788209986235e-08,8
"20171",0.997435117244698,1.80171014154815e-06,0.0023622409653999,1.07165950532307e-05,4.96017039755782e-14,3.72112489748288e-09,2.91670467190472e-09,5.26219769636844e-07,0.00011758816091479,7.20024661431359e-05,1
"20173",4.91146780249867e-08,0.000105080376824693,0.00121273228196229,1.71135191340093e-07,0.00251910493954406,1.31590221236652e-05,0.983149552452899,0.0128226213858914,0.000177492586040768,3.67048448972489e-08,7
"20175",2.13644117929861e-07,0.134647701200893,1.30608993413421e-05,0.00197432069316953,0.000560457514601512,0.856905833412642,3.45933196223583e-06,0.00586653728332295,2.04324241960883e-06,2.63727775303196e-05,6
"20177",1.0316508055753e-07,0.0210508952337638,0.0206703717495054,4.23661867760472e-05,0.00404516407507189,4.84230692037713e-05,0.954130431477476,7.19103209569973e-06,5.03074943042184e-06,2.32615968279008e-08,7
"20180",0.0122187749488225,0.0422300023433299,0.92740745789692,0.00403184461658346,7.13710433286262e-09,1.00383081263437e-06,0.0141066031420622,5.0883437319077e-12,3.65969723575969e-06,6.46382041034688e-07,3
"20182",7.97506339060103e-09,2.28278743849236e-08,1.37608713873614e-10,3.20172825527836e-09,0.0146705131277658,8.51253243059447e-05,6.75598882273549e-08,0.979667209585729,1.07243904867586e-05,0.00556632586954947,8
"20184",1.23186328081688e-08,0.000185718737020351,1.00830652701827e-06,6.04229586479165e-05,4.1688690411625e-06,0.0199700749832657,1.64337349653857e-07,0.979776536184128,1.66082295176972e-06,2.32482435128482e-07,8
"20187",5.64219867849172e-09,0.00357196667477569,0.000280229999633505,0.000675868764441294,0.199381771161078,0.000441755731690713,0.51161566968604,0.000776589857685207,0.283256024423172,1.18059284307629e-07,7
"20189",8.16728290559017e-07,0.387359201150876,0.049285544281005,0.000187977894481702,0.000215978337374077,0.00376689984827323,0.559182889976136,6.35003567146388e-07,3.90008718401158e-08,1.77791237820037e-08,7
"20192",0.019402444250978,0.012718757050062,0.0479885014391824,9.8467228411312e-06,3.43428537395573e-05,9.93825743617674e-05,0.916879183764373,9.76191041570312e-08,9.23571064278813e-06,0.00285820801471507,7
"20194",5.42578735314807e-09,1.41850237255159e-05,1.67138220492094e-06,0.0315335285578317,0.194216621311659,0.0380034491539513,0.000214768384725325,0.496223825458678,0.23979100855584,9.36745597109183e-07,8
"20196",0.676294256114539,0.00281354800736052,0.319727543856679,0.0011466174110035,6.4933883570116e-11,1.03554291115988e-06,8.09884467836874e-06,9.13255450682670e-09,1.20207456265562e-07,8.77081788385448e-06,1
"20198",0.000843959312015535,0.482175475304867,0.0232689390318013,0.165081410212142,2.33599045932857e-05,0.321176961330801,0.00612438020128322,0.000342565322443307,0.000487155893446328,0.000475793486607724,2
"20204",4.18127838117504e-08,0.000195326407164543,9.73805188040202e-08,1.0585858296456e-05,4.52043048455586e-05,0.618373252318348,1.49699990213923e-07,0.381347359829637,9.57016604717554e-09,2.7972818249496e-05,6
"20207",0.303033387002739,0.0050992111523543,0.682456929409886,0.00936644626671316,6.49480842124845e-12,6.327081228421e-06,2.46964853124091e-06,8.52465437519448e-06,2.3000711018018e-05,3.70406665939205e-06,3
"20209",0.000107045119905882,0.00125432386071416,4.71522457357777e-07,0.00643038806305008,0.00998035924285772,0.0885443430040937,7.03760459085201e-05,1.13561599521082e-07,2.26937012958528e-06,0.893610310209283,10
"20211",0.996348007474874,1.91549911398173e-05,6.68972980592473e-05,0.000752183152785767,2.68092523202231e-13,1.4467662189306e-06,3.36437520513638e-10,5.86051616469392e-09,2.31378875438162e-06,0.00280999033094639,1
"20215",0.000255200664038212,0.00291696786127778,0.122776155871961,0.8729162975655,2.19596735048298e-08,0.000392700999171751,4.53603396308356e-05,2.26160183943275e-06,0.00069501693318783,1.62037193791349e-08,4
"20218",1.71065162588659e-09,5.70366649925831e-06,1.24636856024408e-08,9.10825355997652e-07,4.12155810775997e-06,0.0134107417451607,2.52499969238619e-09,0.986577921152121,2.37389847368962e-08,5.60614433266346e-07,8
"20222",0.19442877802585,0.00581710825650466,0.751934820096165,0.0470539036722394,5.06741077275862e-10,0.000737007060311657,1.26855345447643e-06,1.90275176784406e-05,4.65497666748227e-07,7.62081338898824e-06,3
"20225",3.07462302604656e-06,0.000141940162608031,1.78373953662503e-06,0.0224316889509587,0.000334598577676349,0.96494500248128,8.39214561303061e-07,0.0111092782178612,0.000249863466182465,0.000781930566309603,6
"20229",5.47930967087226e-05,4.94323297661865e-05,1.09088754184939e-05,0.8991888210497,1.13093942332623e-06,0.00141401927664916,2.14672258826498e-06,2.64526757533557e-06,0.0992299888331409,4.6113609029386e-05,4
"20232",0.00142952844030244,0.65052511863879,0.0178020534510438,0.328061677644966,4.99096853090807e-07,0.00189658624929031,7.71941235441331e-06,1.0561486341095e-06,0.000232963245828568,4.27976719375192e-05,2
"20234",0.262597246625713,0.000485410110747923,0.736310701995618,2.20223065993845e-06,2.09779995510408e-10,9.68046119068661e-10,0.000595033580594121,1.72040700230563e-11,8.18844158496084e-07,8.5854174781674e-06,3
"20238",0.00228261021853657,0.372373212864236,0.621986780081754,0.00255343003400316,4.0486173220012e-09,1.49836245072977e-05,8.2787101610211e-05,2.82110183869878e-06,0.000702994043015491,3.76881881346896e-07,3
"20253",0.000699846340315367,0.000982511943603549,0.633877221565546,0.358954042488701,1.30318123634063e-09,2.58244724723584e-06,0.000234233228904137,1.31753473775879e-07,0.00524942552996527,3.39906272012724e-09,3
"20255",9.65837911951981e-06,0.00456082707597202,1.59402948337448e-06,0.00521047716682473,3.22736003931138e-06,0.989799813678607,4.7810224771071e-08,7.76751290853317e-05,2.26886954364082e-08,0.000336656681947994,6
"20258",0.000156237071982314,0.0505029939146765,0.948110714997113,3.34698474061108e-05,3.21508436328862e-09,4.32223161930433e-06,0.00119224580181164,4.02998869197999e-09,3.68488833090204e-09,5.20542937206303e-09,3
"20269",4.59471158602366e-05,0.686220822557564,0.279784301387675,1.36592030690822e-05,2.32154861292092e-06,0.00599932958165717,0.0011266573658779,0.0268066624923522,1.97732846221071e-08,2.7897404624759e-07,2
"20271",4.93288797913182e-06,0.0514181018688503,0.402350403111741,3.65550545737608e-05,8.30438603168195e-05,8.07913378201012e-06,0.546098611302773,9.40783871493738e-09,2.46421863955822e-07,1.6950281723296e-08,7
"20285",1.5096089591475e-07,0.00103363443387796,0.000216017121164322,0.00993748691744056,0.390213047083178,0.0180742060163856,0.579785817175921,0.000499860862997123,0.000235064291169567,4.71513697032414e-06,7
"20288",0.000521136953068729,0.137718791548091,0.123100695903492,0.736329437611438,1.24548054186542e-07,0.000722624231083951,5.53145657536749e-06,1.23902286333505e-05,0.0015888498263807,4.17693182477744e-07,4
"20291",0.473989054798404,0.342330950688495,0.181771682233007,0.0011658840186954,9.11807319887688e-10,3.93531599981151e-06,4.18111338466111e-05,4.54218062752622e-07,0.000104045006937509,0.000592181674743472,1
"20295",4.94902513548808e-06,0.106755769743677,0.0236521093176555,9.01736409232878e-07,0.00199905168868987,0.00338410793031683,0.862994520232618,0.00120612931400652,2.81357491515676e-07,2.17965399963016e-06,7
"20298",8.48840921216614e-09,0.000213482547398606,4.99165264890271e-08,0.00026396921673278,9.76622959643978e-05,0.998521009663972,2.41502085934939e-07,0.000898067736395322,1.27381840957717e-08,5.49589433128814e-06,6
