"","V1","V2","V3","V4","V5","V6","V7","V8","best$classification"
"19812",0.934350798625692,0.0236673018939372,0.0383287039628469,0.00362255065111957,1.3572080067075e-10,7.43625994093643e-09,3.06372944231346e-05,2.49402536240861e-28,1
"19814",0.138190840838092,0.000448133320942223,0.858728173005248,0.00261893190241474,5.22154550649499e-09,1.83647185127911e-11,3.21608423182339e-08,1.38835325504378e-05,3
"19816",0.336631277802213,3.0466188900906e-06,1.6206325712036e-14,0.00191836862783016,5.10175419070337e-09,0.661447072548651,2.29300645540404e-07,1.99149534728389e-27,6
"19818",0.993320240392553,0.000745018907790679,0.000486622084132869,0.00544735984632494,2.3191686122391e-10,3.54327128131426e-08,6.93726599940323e-07,2.93779690529864e-08,1
"19820",2.2677252876333e-05,1.22233218694629e-10,2.11783730406021e-82,0.0111473258939514,0.000790134398541326,0.988039862332398,1.45867930174806e-36,2.39187308801059e-67,6
"19822",5.17515048180315e-10,4.86417805877212e-07,5.40915988258783e-92,0.996318730223396,0.00359578843473174,8.49944065511889e-05,4.05145312603594e-38,1.29873280059295e-54,4
"19824",3.31520237160122e-05,3.87381788631127e-11,4.90257427823612e-46,0.999401386899809,0.000256575551392914,0.000308885486343723,3.11376424903022e-16,3.19732547810946e-20,4
"19826",0.80083606694815,6.62765806950789e-07,0.00154004847136189,0.13495321183019,2.75007140050454e-05,3.90288211498111e-10,0.062642508880198,3.17749346337639e-18,1
"19828",0.013319483223099,0.000533468893072567,1.71767736869288e-39,0.0464985219994147,6.98660247638249e-07,0.939647827224166,3.34430009535663e-24,7.52379999479538e-35,6
"19830",0.133884447856558,0.641167352073039,0.00247018464152878,0.21964304229402,3.0512774829075e-07,2.72855002829118e-29,0.00283466800710619,6.22304610866286e-21,2
"19832",0.010603692086736,0.96666179291324,9.17056905396336e-14,0.0226914651537703,4.29528519397635e-05,9.69942227995357e-08,2.47046719450262e-29,4.2070953939859e-60,2
"19834",0.895912037465761,0.00864042241710251,1.82862958650474e-17,0.0944344439687954,1.36980901833465e-09,0.00101309477853266,1.64739791888169e-21,2.68257337230098e-29,1
"19836",0.92164904748861,0.00172595975836966,1.17711397994083e-09,0.0292743953212111,1.25294431409644e-07,7.13852094673294e-10,0.047350470246412,1.89756160434387e-43,1
"19838",0.0036525763936979,0.00118143250236864,0.994890597506882,0.000275389885419404,5.20247207697304e-10,8.88719737222164e-25,3.19112892392339e-09,2.55801228322895e-13,3
"19840",0.92136627241232,3.88969458998474e-08,1.16551816135452e-13,0.077877578823362,4.70298285383836e-05,0.000709003999153519,7.60395629673041e-08,5.9818419647624e-39,1
"19842",5.22954825800277e-10,3.83532973208721e-11,3.11746455020329e-11,9.13003020807674e-05,0.000138354617210977,1.95000859000221e-46,0.999770344488225,1.23491791318744e-27,7
"19844",2.13764347555287e-23,2.00273647745578e-29,2.09067493874716e-44,5.56928381445128e-06,0.0496281294394838,2.16431213978832e-29,2.79613959325005e-14,0.950366301276674,8
"19846",2.45328830237107e-05,1.12014181867133e-07,0.935777365111003,0.000162050924459877,4.76286465660361e-07,1.72992452175978e-36,0.0540700625732632,0.00996540020760239,3
"19848",0.000956515800978641,1.43161749448628e-05,0.262575659127296,0.000824628439196609,1.71908452062236e-07,8.63311055785243e-31,0.019330335734536,0.716298372814596,8
"19850",0.000872286026186732,4.40795519799325e-07,0.976506805723242,0.022379440538205,4.44565372430953e-05,1.4011048592739e-21,3.83294629551911e-09,0.000196566546656603,3
"19852",0.996615634295788,0.000813370803824232,2.58946036257945e-07,0.00104611340437857,1.03765883065339e-09,0.00152461222379217,9.28833939542578e-09,1.8284587286021e-13,1
"19854",0.0139944690227419,0.00152469488496469,0.643331320377185,0.0058951090746687,2.86032049177148e-07,2.4372777532575e-28,0.0647494472849943,0.270504673323397,3
"19856",1.19280249805501e-08,1.12425329373771e-12,2.52323220596433e-19,0.969572175929139,0.0257728416993337,2.45816253254741e-24,2.04586052391065e-09,0.00465496839651802,4
"19858",9.71505044241182e-09,2.86404821088252e-12,5.23532005165713e-29,0.989922374801077,0.00999937501175915,8.31093378010559e-13,1.47277541724316e-18,7.82404684183957e-05,4
"19860",0.993929188905737,0.000414245081191627,0.000149432705017981,0.00444236965410429,5.13618227516859e-08,0.00106470894760593,3.34452058135189e-09,3.33609770267918e-23,1
"19862",4.17103794024457e-06,2.02103053225725e-07,0.994389690860173,3.95520324357081e-05,7.23979778237428e-07,1.29353042855902e-40,0.00556565998642747,1.92571655877705e-13,3
"19864",4.97559286110091e-25,3.32438541402032e-23,1.89207544103147e-71,1.50203889478635e-07,0.571214540927041,5.64148577922541e-42,0.428785308869069,7.37901268508127e-54,5
"19866",0.0968109891071939,3.79951795879650e-10,4.30864477109387e-30,0.903104201511227,1.34481761449401e-05,2.11274943626228e-05,5.02333311201887e-05,7.82122900418139e-45,4
"19868",6.16399560553803e-33,0.0011832199931664,2.58680040938205e-83,3.78610882794436e-11,0.998816779968973,1.49234272151832e-46,1.37924449159825e-48,5.24746643738381e-64,5
"19870",0.22039634824043,0.00198359712659542,0.597644235046437,0.00850627168690603,2.95653252243444e-08,2.56476829099275e-22,0.171469518258951,7.53555845957043e-11,3
"19873",0.888735595220017,0.000144431944986889,0.000318491316361768,0.103348027751399,1.06361573851687e-08,4.03331837663762e-11,0.00745344309074401,1.65704460764704e-16,1
"19875",0.171074734648088,9.56216032426546e-05,2.36867911087285e-23,0.0106470509041147,1.61278513693646e-05,0.818166464993186,2.25170182489053e-23,1.07513940398519e-49,6
"19877",0.934938369385264,0.00458198121332782,0.0548341052017178,0.00332435955438214,8.33791301176567e-10,9.43102349352629e-14,0.00232115240976439,3.14016585109333e-08,1
"19879",0.984514853064015,0.00724745229365121,1.63703511040362e-12,0.0082349586877467,4.68322252990865e-12,1.2423766462002e-09,2.73458014137747e-06,1.25749089035989e-10,1
"19881",0.364512495328494,2.74502486630996e-05,0.000142083411590808,0.404994605101936,4.70775630986061e-08,1.86962920472588e-16,0.230323318829057,2.69571744100449e-12,4
"19883",0.00377132239223722,5.79821521071175e-07,0.00035418205995427,0.0264704806333235,2.26519110732102e-08,3.58494396946105e-20,0.969403412441053,4.93393095967296e-20,7
"19899",0.827056301657869,0.000568436326668712,2.32849810112234e-17,0.172317257758018,5.79799369309946e-05,6.88924050008572e-11,2.42516207407819e-08,7.12983649002715e-37,1
"19908",4.23505638303105e-16,1.65617693240675e-16,4.72094884772674e-69,0.0279390901072716,0.972060909892723,4.69605444360918e-32,4.62372227728784e-15,2.08783202396899e-48,5
"19910",0.996954575342189,0.000855713318947549,3.85742300307988e-07,0.00172029633803843,1.33204387931801e-10,1.5726399852176e-05,0.000453302722059821,3.40838138096017e-12,1
"19912",1.69594880170801e-07,2.0759125465195e-09,8.50753836620003e-05,0.00235096423180067,3.77004942474216e-05,1.81872813191044e-44,0.997526088219497,4.34380547846926e-17,7
"19914",0.973218629904572,0.0139330704095753,6.28090414819267e-10,0.0128482641483211,9.62988061988088e-11,1.18452201956601e-09,3.36285552668828e-08,6.44858231720344e-14,1
"19916",1.41515420295098e-10,1.5370713057629e-20,8.00035037688301e-62,0.713893107696765,0.286106882754711,5.86900734414696e-12,9.40113992171325e-09,3.16124238316148e-36,4
"19918",0.0219830858855139,2.78933819501832e-07,0.787529517459636,0.00771691839149611,3.53281914961042e-08,1.04935746305118e-20,0.148364709674704,0.0344054543266395,3
"19920",4.28614494538551e-05,8.08766513967169e-11,0.00652336263700015,0.00190122620944782,9.18106034066476e-06,4.61333850090243e-26,0.000103819435247585,0.991419549127633,8
"19922",1.99242502145252e-08,0.999872548368699,3.81404678369545e-21,7.42030466012633e-06,0.00012001140236088,2.98234816688056e-14,5.01972962717359e-28,5.23837282905334e-56,2
"19924",0.986025211666408,9.62408110159583e-05,0.000321159692596179,0.0088503065505771,6.65249446091e-09,3.45371634314605e-12,0.00121026773714413,0.00349680688630984,1
"19926",0.809347947593328,0.0487389763635584,8.16951123075252e-21,0.141887982108284,9.22314260741184e-07,1.29480319936659e-11,2.41716076215895e-05,7.43462483144973e-46,1
"19928",1.05400531149137e-36,1.81768291640074e-29,7.76857346173038e-64,6.30326208741352e-13,0.0787196366113148,3.82246398459491e-67,0.921280363388055,5.53104935521669e-50,7
"19930",0.0688467503696893,0.000691176438625686,0.930106248619033,0.000316700119547749,2.34820116787213e-10,2.55744069816025e-15,3.91242182752969e-05,5.81455318515318e-15,3
"19932",0.00214609835924604,0.000100911340894659,0.997682503998372,6.92319198428426e-05,1.0351927183988e-09,9.19244131654995e-25,1.23392654565179e-06,1.94199060664015e-08,3
"19934",0.880072191038874,0.00355400146404766,2.56958126940613e-17,0.0531066665806399,2.39637244623126e-09,0.0632671385200659,1.139802687489e-19,3.80259458463315e-20,1
"19936",0.930112563335687,0.0105680633440662,0.00357913409586409,0.0557231580245743,1.70755752382727e-05,3.32708711911121e-10,5.29186178929381e-09,1.97958790158241e-18,1
"19938",0.0120760549099737,5.86844207212695e-08,1.69089913042618e-57,0.987842006049376,2.99184273349529e-05,5.19619288949758e-05,3.78576561273681e-18,7.27555211798331e-24,4
"19940",0.777643463825795,0.000150942714009189,1.52966045445553e-07,0.0173278459537293,6.03292510064892e-10,1.67170180415724e-10,0.204877593767422,2.53614276549395e-12,1
"19942",1.69013576219561e-21,7.26825569954329e-27,8.59618016660485e-40,2.06241456076086e-06,0.036376662866309,4.82908697441532e-47,0.96362127471913,2.56881037672746e-46,7
"19944",0.995430735179327,8.15264411692947e-05,4.87431128512168e-10,0.00331219144858483,2.47199795852934e-09,6.47288863142935e-05,0.00111081508517474,3.74285311705471e-16,1
"19946",0.991471983488447,7.93871607375486e-05,7.71170423134618e-05,0.0083590773696006,9.70658106717959e-09,3.80248289534195e-08,1.08029665743485e-05,1.58424091718665e-06,1
"19948",3.1122680299689e-21,2.51105604279601e-23,1.59587488861488e-33,6.54862326015269e-08,0.00545938699128143,1.11059524291046e-45,0.994540547522486,8.33026922471195e-40,7
"19950",1.03220421714543e-11,7.18298320009833e-12,2.19846846396404e-13,4.5900986712859e-05,0.000139670059992813,1.89462880474132e-36,4.01585323518052e-10,0.999814428533984,8
"19952",3.1122680299689e-21,2.51105604279601e-23,1.59587488861488e-33,6.54862326015269e-08,0.00545938699128143,1.11059524291046e-45,0.994540547522486,8.33026922471195e-40,7
"19954",0.0140686126979709,0.000126789722475824,0.985578106132643,0.000106537289696577,2.72506027172106e-10,4.77871799040207e-20,0.000119953176178384,7.08529515400808e-10,3
"19956",2.03060405151234e-12,3.576650331103e-10,4.07689975345777e-08,0.0165747531376884,0.983425035243985,8.57225857520185e-53,1.70162177100046e-07,3.27456276487296e-10,5
"19958",4.72647343292102e-27,0.803191539699091,1.70532308343738e-56,2.78597503241661e-13,0.196808460300631,1.67196380720907e-33,4.44672852646965e-48,1.897875441185e-54,2
"19962",0.00419748396253474,1.08071484975818e-06,4.07331692301841e-13,0.995602867898288,0.000198483890990693,5.78558090777153e-12,6.26609888849441e-13,8.35265173386643e-08,4
"19964",0.798695583943105,0.000112337952270508,3.29757668992716e-08,0.16477180552212,6.89963917899302e-06,1.63258498812767e-12,0.03641333978082,1.85104879961814e-10,1
"19966",0.00229344947464802,1.63612773763707e-11,6.90255071289813e-55,0.99668079491407,0.000952396604353856,7.33570702124095e-05,1.92035469278105e-09,6.72232749791017e-64,4
"19969",0.091600703755501,0.000188793176593626,0.722045771809871,0.135236137124947,1.3284750913405e-07,5.30380654379333e-21,0.0509284612855784,5.16078094781721e-26,3
"19972",0.00011402597974871,2.04311635996242e-07,5.89553011678276e-10,0.00179335354996132,1.97728489116422e-06,1.40779081990437e-31,0.998090124119678,3.14164531663587e-07,7
"19974",4.4548038417309e-12,1.64523680250396e-14,1.44672064850651e-05,5.61545569756542e-06,0.000396834541357454,3.66427983826909e-52,0.718186054103805,0.281397028688184,7
"19976",0.985572855678776,7.03955938710193e-05,0.000497391367120495,0.0118081228512139,2.83438169951133e-08,6.28759141186598e-13,0.0019882374671735,6.29686973994364e-05,1
"19978",0.973397471450925,1.10032871412725e-06,5.95455309381295e-09,0.012658855958993,9.36254060042097e-07,0.0139154339883853,2.6196064369228e-05,3.64229032078444e-16,1
"19980",0.00010797205557856,4.31251149996154e-06,0.519542634282002,0.000219337519330894,2.01350538761319e-07,7.94729695591083e-32,6.93142482589682e-05,0.480056228032791,3
"19982",0.00018759006165566,3.37404240035468e-07,9.96038205673597e-08,0.583728800673165,0.0523379167691643,7.20208835428347e-22,1.78495473454858e-10,0.363745255309459,4
"19984",1.05672255786251e-11,1.08753140181739e-17,1.70151641876919e-20,0.00238597061899857,0.00141964407612714,4.97534526907287e-26,1.88664026182632e-09,0.996194383407667,8
"19986",0.0801257506052976,8.86921436368101e-07,5.31081893309258e-70,0.174604372864548,2.266798235785e-05,0.74524632162636,3.61009450259963e-23,1.01557306838343e-59,6
"19988",1.27487306961011e-05,2.79387512951447e-09,1.56071427840281e-92,0.0234027246606327,0.00218442161324412,0.974400102201552,5.45072219157828e-42,6.8234053982074e-76,6
"19992",0.000584317874969555,1.54764268947754e-10,1.11706964879773e-66,0.00308868852013809,0.00020896646990062,0.996118026980227,1.11461709481512e-38,2.10308214368271e-44,6
"19994",0.0681382689363038,0.00181011089727504,0.929758278405428,0.000211371090722757,6.32090130837761e-11,9.07377337861912e-15,8.19706070524955e-05,4.00175130757064e-17,3
"19996",0.0111891894968777,1.01027387340592e-07,1.42358968392849e-57,0.00722433762378348,1.54642153017251e-05,0.98157090763665,2.65233784299251e-31,3.11607702605478e-39,6
"19998",1.21348243999067e-06,1.27425435464128e-12,1.61107321527979e-17,0.999665996154157,0.000292975155854198,3.62725886816801e-23,3.9815206274662e-05,8.36224135230583e-24,4
"20000",2.37779628790156e-07,0.993311204483099,9.86408831347567e-08,0.00635794577143277,0.000330513180253313,8.94198409029019e-43,1.44703325685884e-10,1.51891133641085e-37,2
"20003",0.918438757203669,0.0222421407004477,0.0523920532798803,0.00627268926519109,4.90681710148759e-10,1.09296263288097e-12,0.000654359059036986,1.31190610698703e-34,1
"20005",0.000103275174257219,2.21087565279443e-06,0.000300630356720801,0.000450659000460212,8.83621235812442e-07,2.36548360276067e-37,0.20387218660165,0.795270154370023,8
"20007",0.981502211432879,0.000722078536243859,2.71045290723554e-13,0.0177755106015124,7.7181328813144e-09,1.91710862900192e-07,9.76227077166677e-14,8.59984349508645e-25,1
"20009",4.78884122819114e-06,4.46154971597911e-11,4.32458969092568e-55,0.999922697127652,7.2437785422893e-05,7.62010810301991e-08,3.60098563870102e-16,1.36307697225233e-25,4
"20011",0.0421770770739331,3.46315450985185e-05,5.86129775681506e-10,0.045954124320382,4.63411397821759e-08,1.29926774801546e-22,0.91183408749474,3.26385772544203e-08,7
"20013",0.152935423391915,9.89009235079362e-05,0.736851761229592,0.010377643389704,1.5029078282061e-08,5.91161789361807e-18,1.22791957307839e-05,0.0997239768404715,3
"20016",9.57741952143614e-06,3.67152827112529e-07,4.38909307361176e-76,0.998141714972589,1.60397912754967e-05,0.00183230066378648,1.51592327732215e-29,3.49307801319298e-42,4
"20018",1.79896667347334e-34,1.77776947422442e-05,9.36032427187715e-165,1.32470159451851e-10,0.999982221956014,2.16773278918397e-10,2.85035645804574e-83,6.9137204290403e-140,5
"20021",0.411972826149697,0.00404228573431059,9.94659632684451e-18,0.014581489905044,1.04331297787717e-07,0.56940329387965,7.7584538956193e-17,1.35427696661689e-52,6
"20023",0.992984789399535,0.000240697520418085,1.60035459823132e-15,0.00638992192838246,4.00380605378723e-08,0.000384550331579474,7.82006380123093e-10,1.64218874990343e-14,1
"20025",9.45869310222646e-15,0.000149973126124599,3.09792229227309e-89,0.000595870210418702,0.999247547075983,6.60958746370654e-06,6.0049783841845e-63,1.48451856820374e-117,5
"20027",0.000952819575014093,3.74319670994014e-06,0.00124266321407017,0.0111914404914702,1.07751536756981e-05,3.35247368923368e-32,0.98659855836906,8.00100692600102e-29,7
"20029",0.000964309342289386,1.15003482588897e-07,0.876059821059327,0.0557881170084165,6.45940774382796e-06,1.27774519801768e-29,0.0671811781749849,3.75620036818511e-12,3
"20032",0.0158607611026151,0.00185065772672149,0.69036642118402,0.00133328804202847,1.27631914438582e-08,9.68161579132345e-26,0.290588859181424,5.11946829649014e-20,3
"20034",5.69428120774e-15,2.55424612675488e-16,2.97971592698021e-30,3.83889579841958e-06,0.00285316406136547,1.94347703029985e-39,0.99714299704283,2.72630397183447e-41,7
"20036",6.39686378508681e-05,1.85237704491712e-12,1.42090187345927e-12,0.97238860669988,0.0275474246574474,7.9033356617517e-18,1.19876354530694e-12,3.49823607380969e-13,4
"20038",0.219673261671204,0.0151998116063728,6.36821107947857e-41,0.0142391154196426,1.59424238728515e-07,0.750887651878542,2.00390895460504e-24,8.29337050275619e-69,6
"20040",3.3835584473843e-13,3.9875169431649e-09,6.56601963026431e-113,0.345831705170208,0.654167789900667,5.00941269675174e-07,5.19356270095313e-27,1.00769857459171e-58,5
"20043",0.0532225267209506,0.000457284172477251,2.01202219237909e-27,0.0386258077862498,1.91924053740746e-05,0.907675188914948,1.37884120070885e-28,2.69673961911631e-39,6
"20045",8.92574363015745e-09,3.00758279168626e-07,3.440175506987e-99,0.0196267364489012,0.00335979969686215,0.977013154170214,7.65139439550028e-54,4.62768886471084e-57,6
"20048",2.85923026152458e-21,6.28502771461492e-19,2.1491621007836e-20,9.18679501357428e-07,0.00402334345445705,7.1747862881405e-40,1.22308140820484e-18,0.995975737866042,8
"20051",0.129004825765112,0.0129791771486166,1.60015434762584e-08,0.857804579566424,0.000189012333332946,2.23891849712396e-05,5.72170636494791e-33,5.83655625432453e-22,4
"20053",0.902989160078176,2.60399944983203e-06,7.21603552884261e-26,0.0969143292582986,2.46410234777588e-08,9.38593430803267e-05,2.26792963212474e-08,6.75957381551198e-13,1
"20055",0.0868982665280224,0.398529485342231,7.20777138243624e-29,0.514550251242214,9.36549432926618e-06,1.26313932035516e-05,3.2119420410326e-21,6.04207843452249e-85,4
"20057",1.7749278586826e-53,0.000413398640220002,2.14508714220376e-88,4.69505104230744e-24,0.99958660135978,1.12712767044402e-74,1.73800341896012e-48,1.61365678330753e-73,5
"20059",0.376019158951611,0.000293464523451947,4.06914800757054e-33,0.622487532173472,0.00115428941188826,4.55545660073741e-05,3.73569308516841e-10,6.57665668572002e-28,4
"20061",0.97226533033274,3.07546557119406e-05,7.1981599387933e-15,0.0276939339035673,1.99177613666895e-06,7.98899728316495e-06,3.34553657594082e-10,1.46040614448431e-29,1
"20063",2.38840341611756e-32,1.54682507844423e-34,3.33112273305386e-96,1.06771607508777e-05,0.999989322839247,1.50526272328854e-22,2.34899561679967e-31,1.69808544983938e-15,5
"20065",3.06706644318567e-11,0.918946325509508,1.88173269473226e-78,0.000134726559512685,0.0185862458461423,0.0623327020541659,3.72025844906661e-66,1.00834511348328e-134,2
"20067",0.00188839276537444,0.000419443534444979,7.32335088581365e-46,0.229047550637014,3.84105721357551e-05,0.76860620249103,1.00471453589363e-37,1.59173796674666e-18,6
"20069",3.77534193049386e-05,1.01984154015411e-06,0.0635484715595773,0.000249931416124183,5.39818152185261e-07,5.43714234371824e-30,1.3058357994418e-06,0.936160978109502,8
"20071",0.00150559151344746,1.08417136292963e-08,1.76953114302387e-22,0.998349689465529,0.000144649280227062,1.20586426081996e-18,5.88990827270995e-08,2.14272029388629e-36,4
"20073",0.000276962730859337,2.1358699358913e-09,7.22559587939427e-07,0.0662208118853729,4.93241077604205e-05,7.46711891803864e-19,0.000167941884140452,0.933284234696409,8
"20075",1.94794429596314e-25,0.925136904207596,1.85599295843665e-54,2.1031046701555e-10,0.0748630955820938,5.96583775379939e-39,1.11928663799067e-51,5.59517678681429e-83,2
"20077",0.78355285549227,5.84270820205163e-10,8.46354969264709e-21,0.00388377191963098,1.73125554719789e-05,0.21254605944829,6.61171353156714e-14,8.18611840387321e-16,1
"20079",2.47579458021228e-08,1.06600237152829e-10,1.06331881263196e-22,0.932002461806366,0.0679975132299297,9.91513264350861e-11,4.78809083154853e-31,7.12473947471661e-15,4
"20081",0.0073440013623989,0.824337976829117,7.2828811289929e-37,0.128266471232,2.17911096453026e-05,0.0400297594668393,5.18120318663003e-31,2.04149559094325e-36,2
"20083",5.66815901174891e-14,4.04028557608518e-17,4.22580277583481e-35,0.394391613863851,0.605608385828632,1.5548329114123e-28,3.29647092415479e-14,3.07427822825855e-10,5
"20085",4.51742901790742e-06,2.10680371748926e-06,7.76166081705412e-86,0.00358765649439227,7.58800151681755e-05,0.996329839257704,1.30642913244909e-47,1.25736298907193e-85,6
"20088",0.173053667661483,0.000487716366160961,3.30157654765111e-30,0.00465868503439184,4.28618832689254e-07,0.821799502319131,2.21328279786289e-29,8.64663510525042e-43,6
"20091",9.90628665303085e-14,0.999905513021165,3.41433105607609e-59,3.09773006990048e-05,6.35096779789564e-05,5.80616567222066e-14,3.93501811099844e-47,4.09581062272818e-54,2
"20095",2.53399140276818e-10,9.1042561631951e-14,8.89986562305666e-66,0.237870507162462,0.762099074837612,7.00846257575219e-25,3.04166717538246e-05,1.07468177073671e-09,5
"20097",4.34113334655261e-06,1.27102400895385e-05,3.88416545618178e-81,0.0034434558885139,0.000736046407314218,0.995803446330736,1.40412618194086e-54,3.52182855442759e-90,6
"20099",1.05099452073959e-07,3.38232292938995e-19,8.79754433779511e-51,0.992883406873667,0.00708738911940405,4.68570501488075e-07,2.86303369754948e-05,3.92286814283705e-22,4
"20102",2.92502496192321e-16,0.00100286308213035,5.19624829320336e-40,0.00318729608679154,0.995809840830878,1.55143567154147e-24,1.11244673291149e-39,1.99951864187748e-13,5
"20105",0.0168368771619522,1.85205103450529e-05,3.50065020627411e-26,0.481412899610207,2.40883585434917e-05,0.501707614358953,4.39690501435154e-32,2.03283276208893e-28,6
"20107",0.90075430751495,4.47976749585085e-06,1.29174160913928e-36,0.00345136740957079,6.0774469381782e-08,0.0957897845335131,3.98121058734857e-16,1.22069147868091e-35,1
"20109",0.00059743792571581,6.37996880156491e-12,1.60572095729369e-27,0.998510073452612,0.000680961450620325,0.000208131041288565,1.40974954930725e-10,3.39598240901578e-06,4
"20111",3.75485729439663e-18,0.992889583611843,1.2868412157009e-26,1.36754304739146e-10,0.00711041625140234,2.03048008356403e-42,1.33709086887131e-25,6.24289329181325e-36,2
"20113",0.340064843892648,3.91708683831595e-09,3.06897978530244e-33,0.659604599502757,0.000328272694290431,1.03216939319345e-06,1.24782382406071e-06,3.31619913145216e-51,4
"20115",0.000111743008660442,0.998994317533205,0.000297476960904042,0.000257795066667935,0.000334804334345919,2.93444833143845e-33,3.86309621669647e-06,1.86337345228242e-31,2
"20117",2.09754411120088e-23,5.42895093401881e-07,1.02985324177531e-119,3.89924130632139e-07,0.999999067180774,7.15987938959593e-31,1.67137365118895e-15,3.52720025091881e-88,5
"20119",0.000311817789014495,4.53165159293452e-13,1.53622003096123e-53,0.997720123900276,0.0016209510569652,0.000347084868532743,2.23847579697722e-08,4.68687484205188e-72,4
"20121",0.720702488797306,4.21276343706766e-06,1.36825365640288e-47,0.00592168513910423,1.24240153015508e-06,0.273370370898622,5.82617061856886e-19,3.66782682008968e-45,1
"20123",4.88245783997734e-14,0.997992008908492,8.60240583018456e-60,1.06896506997024e-05,0.00199730143977186,9.87937340814301e-13,5.44416041448972e-56,3.83865795712821e-91,2
"20125",0.00394961862940507,3.7725154014098e-05,0.994317329750129,0.00161107367570931,3.08654598320603e-07,6.13936284018084e-22,1.18386991528323e-08,8.39322974452706e-05,3
"20127",4.81580690682124e-08,8.13046291334978e-12,4.74551051680439e-75,0.0190761936101963,0.0103292291276441,0.97059452909596,2.71864772042202e-45,9.72362014022456e-46,6
"20140",0.0162048640142626,0.0134986257061558,3.9653489992356e-34,0.965201324613932,0.00509518565810333,7.53603059317895e-12,1.04236751617049e-14,7.96866166532828e-63,4
"20142",1.13449604986506e-10,1.00496700738507e-11,6.2094018864346e-06,9.1372431513074e-05,0.000127688475229997,2.47794681592625e-35,7.50269255149305e-12,0.999774729560369,8
"20144",0.000348552705444525,0.849565276714044,0.0388945168548582,0.0954389452985742,0.0157527084195596,3.25360757956575e-32,7.51938522210415e-12,8.40117167693504e-17,2
"20146",8.79906837435497e-05,5.76076359152625e-07,5.35709312473006e-10,0.952555131612145,0.0473562605114593,5.91510979841161e-21,2.51866616931448e-17,4.05805836905021e-08,4
"20148",0.806145282405093,0.00105317874467891,0.162098311369721,0.0307022000646519,1.02677862078987e-06,6.08049971676415e-10,2.91842170098144e-11,5.57931829858954e-21,1
"20150",4.58429332635026e-07,7.89878354384205e-09,0.666767789626255,0.000107272601821417,1.64787258203075e-05,1.06197960357955e-42,0.07315675291759,0.259951239800397,3
"20152",0.933719263456459,0.000388624752180665,0.0535377782950438,0.0123499696294133,1.01209701227429e-07,3.13672427125755e-08,4.23128991607992e-06,4.32435933373128e-14,1
"20154",1.67759743170878e-15,0.599541278992773,8.436371986841e-77,0.00422825115501203,0.39610944437938,0.000121025472833293,3.59303226217367e-75,3.56263111944093e-55,2
"20156",0.0548320851661229,4.50411786587095e-06,2.47718080327645e-27,0.943397526194785,0.00176588444752901,5.2195098329047e-11,2.93445599772606e-12,1.85671709749094e-11,4
"20159",1.58756818235385e-05,3.84029960488879e-06,5.93746651431383e-07,0.00350977687091259,2.51133200075446e-05,2.10374850039711e-31,6.36465257417684e-06,0.996438435428426,8
"20161",5.75939886719556e-10,1.92387625615759e-14,5.93798354243789e-16,0.603551346364943,0.392985699564421,2.16807961335174e-24,1.29435321261841e-12,0.0034629534933812,4
"20163",0.412309650137251,0.175638625130272,4.07598831773803e-06,0.410352961666677,0.00169467760737907,9.4693316739966e-09,7.7175636592402e-13,1.16821875319493e-50,1
"20165",2.62452595597774e-09,1.03360177134997e-13,5.58689606312389e-33,0.510653627606719,0.479569945391737,1.51053131217058e-08,1.16780877181842e-25,0.00977640927160174,4
"20167",0.188009814566192,5.89507818621315e-05,0.808793174767527,0.00313485285930459,4.56488620812075e-09,2.50758891779247e-10,1.62093265994053e-07,3.04011620303359e-06,3
"20169",3.22895763526689e-17,9.35572782287462e-17,2.70005854659686e-14,2.74129781294606e-06,0.000468742327692961,5.71800572103256e-39,6.01718505582391e-16,0.999528516374466,8
"20171",1.56182993368167e-24,0.00013706008031116,1.22213367244463e-108,1.45689525980541e-05,0.99984834415103,2.6816061332549e-08,3.05097496006919e-88,5.05467686233862e-63,5
"20173",4.30508077713223e-21,1.59352717783443e-30,2.78861508833017e-57,0.00190637345862301,0.998093626463498,9.45403269159732e-21,7.78792437374748e-11,1.06151713332681e-19,5
"20175",0.948788416771671,0.00190082720126149,0.00909329915847691,0.0218295517986854,5.01412868350306e-07,2.59185387856432e-18,0.0183863058017848,1.09785525217029e-06,1
"20177",8.59679164292101e-06,1.28151884501403e-18,2.03336748767081e-55,0.8983766730222,0.101505784544632,5.54502129114607e-08,0.000108890191311784,1.24720273901281e-24,4
"20180",0.00435763005976979,0.000484673337575744,2.0726330607903e-58,0.0297529954405387,0.000191741788124498,0.965212959373991,6.3702047071167e-24,1.61796036210774e-99,6
"20182",1.32219465934549e-45,3.09861421831592e-16,4.46835856992e-51,2.1456291912538e-18,0.999999999999884,3.98793934974705e-87,9.19229666775637e-14,2.39317802953966e-14,5
"20184",0.000147782920565062,2.11120992688755e-09,4.62495452652283e-05,0.00604847675123508,3.70608910427622e-06,1.95765451942628e-21,5.56098537476429e-07,0.993753226484083,8
"20187",1.66458345914357e-09,1.85627297658097e-25,2.04350232254776e-34,0.19696911003908,0.701108014952731,6.75748442506224e-23,0.101922873343605,1.1324442621039e-17,5
"20189",0.562305232840384,4.2794660846351e-07,2.9335604435364e-14,0.423589369371137,3.5504173806022e-06,0.0139461667483947,0.00015525267606591,4.45423742033228e-36,1
"20192",1.07161404788835e-14,8.76781208622401e-06,2.70144055686767e-66,4.71915708162556e-05,0.999944040614265,2.82179148462682e-12,1.33232333972452e-30,5.5653380523392e-93,5
"20194",3.642037900883e-12,3.41380324007937e-21,5.20665133379154e-14,0.0729374275661867,0.919649890039416,1.30284012824856e-40,0.00741232474617431,3.57644528860966e-07,5
"20196",3.73027869685881e-08,0.559732539177862,8.47685729544858e-70,0.109128409705339,7.00437735978995e-05,0.331068970040414,2.30992415596696e-45,1.15562824865529e-72,2
"20198",0.405116125398301,9.16874521363055e-05,5.56480741083795e-11,0.583040774503441,0.0117509978191379,4.13249286694758e-07,1.52204920032881e-09,4.05836221883728e-18,4
"20204",8.66323698696623e-05,5.80924490899564e-05,0.933680486377494,0.000830986415949473,1.23363985257625e-06,2.01193723930418e-29,5.69161439262138e-08,0.0653425118316005,3
"20207",9.5115707745197e-05,0.00407962802662698,1.57471074906927e-53,0.462113520736109,0.00249492451984654,0.531216811009672,6.11813743158281e-46,6.35909834049983e-31,6
"20209",2.04029219751165e-08,0.998321066426509,2.38244914287447e-15,1.8177955392556e-05,0.00166070591341137,4.79884065350075e-39,2.93017628825824e-08,1.90818444017086e-70,2
"20211",2.21948538920535e-12,0.999473225956551,1.74573583013796e-47,8.43279312044276e-05,0.000442445219222291,8.90803180793175e-10,2.13330709287289e-65,4.34433358746087e-73,2
"20215",0.573114589274448,1.06709914380992e-07,3.85433691722326e-22,0.253059775607066,0.00206089303576798,0.171764635372804,6.33268995178584e-26,1.62282240111097e-40,1
"20218",1.33472368521747e-08,2.29436815624822e-09,0.00262101158230856,8.47233870072954e-05,8.99606133940796e-06,5.07459220514e-33,9.0628514454489e-11,0.997285253237111,8
"20222",0.000223048855854049,0.00878075857408456,5.39243594645307e-37,0.871853200828463,0.0302062050476198,0.0889367866939782,3.3433529164474e-47,5.83040177367058e-37,4
"20225",2.46381554968203e-05,1.33832117893079e-05,0.00124497592781997,0.507231607317731,0.491485395387142,5.25733801558095e-30,2.15938707573484e-14,1.01863068635578e-17,4
"20229",0.000313584106861155,0.00011472397543372,6.7365718525543e-14,0.995740513320392,0.00383117859724551,8.07833704328149e-21,7.43140623913273e-20,3.50964436050639e-45,4
"20232",0.63282170390238,0.0230262880635522,9.83536792772401e-30,0.344149098372159,2.74340617756361e-06,1.6625198964734e-07,3.74157135902771e-12,1.52770616110523e-32,1
"20234",1.90513930223572e-20,5.72549515848492e-07,3.6589304020371e-145,1.13336001597617e-05,0.96726554024804,0.0327225536022843,8.89728533073676e-58,6.34753593749505e-133,5
"20238",0.387414689760228,1.92268254115874e-05,4.29201907181877e-43,0.601916672762654,0.000351219973256414,0.0102981906784495,1.17223933341271e-24,8.51047850529854e-37,4
"20253",0.00390308701720529,1.22797391407175e-11,5.14142165052942e-46,0.0214296019900282,0.00124825426595065,0.973419056714536,1.47768400799122e-31,3.96236739828939e-51,6
"20255",0.0238642132640389,0.00480141361458549,0.970763734440599,0.000570637829971219,3.07761409430706e-10,1.25198925998626e-19,5.4304349092155e-10,2.97773288225862e-16,3
"20258",0.00168264161078543,5.33798550012174e-07,3.85948628259721e-43,0.00864676159903982,6.41994665847339e-05,0.98960586352504,8.66200199772064e-27,2.95864254998199e-57,6
"20269",0.0261513601717934,6.56627569664052e-07,1.34486309119043e-20,0.867446806123423,0.000252626440141998,0.106148550636411,6.17742800138688e-18,6.60775286124736e-13,4
"20271",1.37783524632345e-05,5.93606684107548e-13,6.92841966244083e-54,0.708498446573162,0.15027823684141,0.141209538231919,4.52398446258098e-13,2.96093284999098e-71,4
"20285",5.41240448630614e-07,2.92486144907007e-15,3.9806896848419e-27,0.883870645011194,0.0433357347277174,3.20888574321303e-26,0.0727930790206367,1.13703892473758e-18,4
"20288",0.851604487151975,6.00210467175889e-06,2.05116960214895e-27,0.148196331837236,2.93700136188613e-05,0.000163808892498787,3.76491038553929e-20,1.3062114324739e-34,1
"20291",1.42934550181327e-05,0.849729362714866,1.57652641979123e-69,0.150213700195412,7.26546388441778e-06,3.5378170819426e-05,9.06167574473442e-30,1.02555859374382e-49,2
"20295",1.06106276887092e-06,3.00920152218143e-10,1.53499412545733e-30,0.915754642914875,0.0842442934786304,2.22913795220031e-09,1.36678141684982e-11,1.23424336522092e-29,4
"20298",0.0135154161987869,0.000160105697123687,0.984521424982286,0.00178292470962884,1.15958777106049e-07,2.35712623756169e-26,2.00110039719155e-05,1.44942516961593e-09,3
"20302",0.00136914758439862,9.77457696176797e-08,4.72457311233133e-07,0.116347353756598,3.7194509836203e-05,1.69396968443619e-22,0.00595455077954812,0.876291183166539,8
"20305",0.00133649346382705,3.72795913492769e-05,0.997872424415004,0.000552830930852766,5.5924867963108e-07,1.39299242559754e-30,0.000200412350286754,1.80915896556474e-19,3
"20307",0.14314082105862,0.000210042316782274,2.06201229170229e-49,0.00805914435145619,3.65837113045282e-06,0.848586333902011,1.467132870996e-29,4.36624894146902e-45,6
"20310",5.83125303358673e-13,1.28819274115524e-11,4.64869780844777e-123,0.0405523263759727,0.659706959927234,0.299740713683328,1.22707539982864e-50,1.72825468975226e-90,5
"20313",2.06849198853142e-15,4.19285248105164e-16,8.40186512396287e-20,7.75673138166191e-06,0.00379018455576484,8.16722077539328e-48,6.27482469214659e-05,0.99613931046593,8
"20315",0.222856854989152,3.46032138232207e-06,3.10201431404539e-46,0.391726446664266,2.88249068777788e-05,0.385384413118321,6.81666843059926e-16,1.53617613542091e-46,4
"20319",7.4471395141919e-08,0.339553656166029,9.28427776267532e-59,0.179862552625409,0.471734201482542,0.00884951525462451,1.81695208464277e-56,1.51564279655784e-84,5
"20321",0.000196615406741459,2.50300209666918e-14,6.6010056884057e-50,0.0868531753437829,0.0703076195034106,0.84264258974604,2.87128642689454e-35,4.41107146859466e-45,6
"20327",0.00132170569939289,1.99727189669242e-10,9.3725768673825e-57,0.0634100112339316,9.18282158066716e-05,0.935176454651142,3.14383294938172e-17,3.65486882855297e-49,6
"20329",5.49918959531688e-17,4.08198048499913e-26,1.53804463446328e-28,7.76925188044751e-05,0.0780052787246348,2.86537339368552e-49,0.921917028756553,7.58622992430255e-15,7
"20335",2.11880213423452e-07,0.0427505595162055,8.95338975027704e-74,0.0291163739931638,0.000129258565587428,0.92800359604483,1.23856172881879e-56,1.88869911888019e-51,6
"20337",0.000112738784933356,2.1129034718945e-05,0.00221829304590697,0.000437733980360133,1.71593064980222e-07,9.89666744144455e-29,5.02589643750698e-06,0.997204907664578,8
"20339",7.91268141818924e-12,0.0517911457840521,1.86269022143118e-37,0.00197077255515929,0.946238081652876,2.93436132053876e-24,7.03580067959324e-33,2.94261990487078e-85,5
"20341",3.88344248575747e-14,0.0610607838325027,1.70696750231858e-79,0.0920252850479053,0.84691392976914,1.35041275365683e-09,3.80139749542494e-50,1.56999916831774e-31,5
"20343",2.32124010629206e-09,2.36873209944538e-10,3.53480388241525e-79,0.58493639930554,0.22624427101194,0.188819327124407,2.02336363862393e-47,2.03356317979406e-32,4
"20345",0.77108017029989,0.00446645468948037,0.0244132501146096,0.0383642132629158,1.63346482497549e-07,4.32756072918783e-17,0.161675748286622,7.61447004094898e-35,1
"20350",1.90276875092877e-10,4.73156264233141e-14,1.00574496349778e-62,0.358864219735443,0.641135780074233,2.15007555956107e-17,1.00787611839575e-19,1.08636180725559e-28,5
"20352",1.49937869418586e-14,5.33104224115046e-15,2.86158576896545e-13,1.37267201464377e-05,0.000187756897781388,2.48826352593605e-31,5.47056830519777e-17,0.999798516381766,8
"20355",8.08357467311772e-07,7.39879461418512e-10,5.46078735541829e-20,0.94823789947785,0.0176656194402368,8.55023650942409e-20,2.24033300896417e-10,0.0340956717605327,4
"20358",3.47277032590148e-15,2.2986417664513e-20,4.44011645429674e-11,8.85317904910487e-05,0.0116094909994755,5.5217824690034e-45,0.988301977165495,1.34224638267989e-13,7
"20363",0.0167690810177361,1.31292744478059e-09,2.04842497112302e-33,0.0143718948328628,0.00029393866120188,0.968565084175272,8.79656775431344e-32,1.614329340903e-39,6
"20365",0.00207170525209204,0.961302826811903,3.45371858871743e-28,0.0365275773775737,4.70132993545723e-07,9.74204254375577e-05,1.23897717665596e-29,3.54237858345263e-52,2
"20379",0.0253243702355714,0.968772368008537,4.39210309686637e-05,0.00459477777845168,1.68075008426833e-05,9.43552645784807e-25,0.00124775544295166,2.67703919868508e-12,2
"20387",0.0621395280366573,0.00419910334478547,4.29133038565009e-32,0.0058256760370623,2.43371975356323e-07,0.927835449209519,2.30032905459404e-26,5.48356537484086e-38,6
"20392",1.01577402034648e-13,0.997979048461765,1.63871975772434e-56,8.45958701701495e-06,0.00201203082307274,4.61128043550102e-07,3.70617931551886e-73,3.14454447307121e-97,2
"20395",0.954562812257182,0.000581223201958342,0.0131574227368106,0.0316877052273423,7.48349777016103e-06,1.23911251158969e-09,3.34026496917492e-06,1.15748552184914e-08,1
"20397",6.91000770158314e-35,4.10380589876525e-32,9.23495910776107e-53,7.93354083082571e-13,0.0145941012811806,5.52998618255993e-74,0.985405898717155,8.70814300954581e-13,7
"20410",0.713471499428358,0.00800638519776116,2.0490467401942e-22,0.0809494121305099,7.09189296943883e-07,0.197571994035727,1.83468031916967e-11,4.69355458387753e-67,1
"20414",0.0222200455483825,4.69184937887458e-05,0.775864162191427,0.201576775799425,0.000174040882694644,9.4890106135287e-17,2.87536127403031e-09,0.000118054208920967,3
"20417",8.31578285154444e-42,1.25865849495944e-13,1.47282618981961e-182,1.76727839674845e-12,0.99999999999806,4.7232115938267e-14,1.26630901119075e-71,3.50439438981426e-163,5
"20419",4.68037384224509e-05,4.0891260150335e-16,6.37658542157489e-54,0.0134854908802885,0.00012636025204446,0.986341345129244,2.04492181115123e-20,5.52044119538234e-45,6
"20421",0.000381791248380176,0.870535225722039,1.98199911926398e-10,0.128315819041024,0.000751503512419877,7.39290196115261e-20,3.57835214528146e-16,1.56602779369329e-05,2
"20423",0.00753256536547091,0.00538864992134839,0.95756005008091,0.00944160445908353,1.94182198622876e-05,1.93752884841878e-22,2.1408967048093e-09,0.0200577098124287,3
"20425",0.00655979806913852,0.000488039703969983,0.0216709968631723,0.93847130087549,0.0002357922598641,2.2319624602149e-20,3.03751149196674e-15,0.032574072228362,4
"20427",0.982137125576558,0.000964129635699802,0.00110038317073604,0.0157929732869074,3.87423658752163e-07,4.99817403823197e-06,2.73240130569001e-09,4.51508115877122e-24,1
"20429",1.78156363616749e-07,2.83523282374593e-13,3.01823132296305e-65,0.965580215207219,0.0344192303701104,3.76266022916485e-07,9.38829554959736e-25,5.38286814447331e-38,4
"20432",8.25694139506277e-06,2.76130578671707e-10,0.852590916623618,0.0874513280347414,0.0256031551568087,1.10169118377159e-26,5.90420871210659e-06,0.0343404387585943,3
"20435",0.58422253468732,0.0194152994373322,9.52486443886115e-19,0.395253366466596,0.00110720252236157,1.59688639047959e-06,3.54054989945766e-16,5.18813437553485e-48,1
"20438",0.00130674803673487,2.20063552081355e-20,1.6722149462662e-46,0.101611929015717,0.0502232720282252,0.846858050919322,1.33205879870012e-16,2.55644556346828e-18,6
"20440",0.000220255184288919,4.38679186770409e-10,1.28878342632696e-54,0.143795877425787,0.000104205417836312,0.855879661533408,1.94707238393228e-19,1.96498172808704e-30,6
"20443",1.41880377811669e-09,1.85377091874037e-13,1.59815560270021e-27,0.0696293455268162,0.0417225830221582,3.0924829531784e-25,4.37386316987326e-13,0.888648070031599,8
"20446",0.0214031477642464,9.62339041490519e-06,1.94135860198952e-16,0.978575458893134,1.1768816489891e-05,1.10310756684836e-09,3.26074063285926e-11,1.98424555885782e-19,4
"20449",0.986123666066667,0.00294159593706587,3.28884207189036e-15,0.0109336373560659,7.18378972700457e-09,1.0934255033669e-06,3.09053409889175e-11,1.65298999698529e-31,1
"20537",0.000497247924779791,0.843421359996259,4.89626976956896e-38,0.155662869255966,7.48878575614067e-05,0.000343634965433862,5.3980309084365e-32,5.91250904634988e-35,2
"20540",8.82299022772365e-16,0.991576126807332,7.53643047046189e-79,4.47294930721952e-07,0.00842309776849519,3.28129240722279e-07,2.95825481868006e-58,2.92313879133469e-100,2
