"","V1","V2","V3","V4","V5","V6","V7","V8","V9","V10","best$classification"
"19812",0.000102547545251417,8.74313435984421e-07,3.85681436066387e-05,0.0071576663309915,6.35339005399241e-28,0.978304510573911,3.17787754541953e-15,5.76618460958845e-06,0.0143645610276933,2.55058804980108e-05,6
"19814",7.83363820263796e-07,3.45583727808577e-05,7.69941487430864e-11,0.000153121372988199,8.97046360968247e-07,0.0524922043316328,0.947273453448492,7.93135268394128e-10,2.41269346331652e-05,2.0854259162447e-05,7
"19816",0.0360184482929537,3.9369037445721e-06,0.852935742061436,0.000162057338749645,1.1510635167816e-24,0.104842537096113,5.18000956131791e-39,1.13713193028675e-06,0.00603614117507317,1.13038355699109e-26,3
"19818",0.000469475111260772,0.000384723367591964,2.49044940171392e-06,0.000704825114108994,4.27723832847383e-08,0.998285522221766,3.09384379868532e-06,2.88829919775047e-07,0.000149537143092255,1.14667665068658e-09,6
"19820",0.0385228477291844,0.000266453040899721,0.951324140672867,8.10401853844454e-09,2.68077158358874e-61,3.57067513626772e-09,4.04405284982592e-164,8.1936498602214e-30,0.00988654688235508,6.89392894092849e-152,3
"19822",0.60247165496609,0.0686579921764698,3.69108913757776e-05,0.309967683597586,1.5384551835974e-48,3.50611888008666e-15,4.08559231747836e-217,1.19570546715874e-32,0.0188657583684742,1.34581603018509e-185,1
"19824",0.996117635183422,0.00366349703839713,0.000218458324409041,1.07987871696898e-07,8.59224316155128e-18,2.78030405915582e-07,5.35784165683324e-105,1.64348001185234e-14,2.34354778222516e-08,1.76595802025114e-84,1
"19826",0.0364154312371828,5.50301956414343e-09,3.34094006962809e-09,0.00649583555600977,1.65493719951604e-17,0.895774439202884,1.80674322861574e-16,0.0612026121279504,1.4692754926553e-05,9.69802770871616e-05,6
"19828",0.0125307996036723,0.00162737845428879,0.96761850164094,2.21192628201152e-06,5.52766586436547e-34,0.00117335758918968,1.89330448723965e-65,1.00256809356134e-21,0.0170477507856277,5.05512696952654e-71,3
"19830",4.01459967356421e-10,0.000196920295139251,1.31083680941287e-23,0.48177271236192,1.83477008289002e-20,0.517993803863505,1.00685578197455e-20,2.98450799539765e-05,6.39861690476892e-06,3.19381117058321e-07,6
"19832",8.41081092047025e-06,0.0336365695718905,1.18051571455199e-06,0.00869668489554542,5.64997375274345e-57,0.0106619202606598,7.24537432284141e-44,9.11836722853305e-29,0.946995233945269,6.34213415695237e-20,9
"19834",0.0035034532921249,0.00544685349577103,0.0149232344667401,0.0756034906189834,2.72467120389974e-24,0.555515848891179,1.4301410049529e-51,9.2893595452871e-20,0.345007119235202,5.36737788998944e-44,6
"19836",0.00847454831552642,1.53231728255044e-07,2.00409802987747e-06,0.00194498806405847,1.8934785522768e-41,0.95957320652048,2.64705375478485e-34,0.0299393369202381,6.5762849939234e-05,2.0973396857009e-19,6
"19838",3.90885044540076e-12,3.30800999654191e-05,4.98129976986112e-22,0.000858632582230893,1.90171909634674e-14,0.0119093533748448,1.15447298347945e-05,2.26095981241293e-10,9.75925556117702e-08,0.987187291390545,10
"19840",0.0269967004874345,0.000342353474626741,0.00034146942781522,0.0148185994867924,1.08704903572826e-33,0.456996471869272,3.49279048411682e-38,4.47390363128639e-06,0.500499931350427,8.82314895425967e-26,9
"19842",1.66224226481313e-11,0.00020313647635873,1.21124704236094e-46,0.00422724362500689,1.28177729031989e-28,2.71436079780673e-07,3.37045802034594e-27,0.995436240438857,5.16236191682997e-22,0.000133108007075313,8
"19844",3.50765935916847e-06,0.0212032336681924,8.74690999948051e-38,5.81436219079321e-07,0.978792677098544,1.19532124776255e-24,3.69875805621129e-61,1.37685102047024e-10,8.90109663089034e-26,3.25023390141764e-93,5
"19846",1.45660423667266e-08,2.32325876474752e-06,8.22459024229724e-34,2.48308588798358e-05,0.000126992453794595,4.73782366738342e-05,0.985244617653025,0.00667049035508267,4.34612269293003e-21,0.00788335261773659,7
"19848",1.33105033256726e-08,7.50936088711125e-07,1.52181828224527e-28,5.70995811272806e-05,0.0149444984354873,0.000569896950921109,0.984400475570398,2.69213162886262e-05,9.32133076713485e-16,3.43899184466387e-07,7
"19850",2.322038241888e-05,3.01729756618644e-05,1.55289806224e-22,0.000227082507313645,4.8741919993472e-05,0.00440745891696912,0.995263257285934,6.59705685736481e-08,3.20184589389929e-12,3.79385473001435e-11,7
"19852",0.00861264189243269,7.42205550456199e-07,0.0516850569509004,0.000561784960556623,1.39120961747985e-11,0.924569343661741,2.8780092781441e-18,1.22045974157477e-08,0.0145704181102986,1.01669680242626e-14,6
"19854",8.27851739868974e-12,1.06030244142363e-06,7.37514928143562e-28,3.03700915121623e-05,5.82189457986503e-05,0.000179851398286447,0.999730333119509,8.68874910928192e-08,7.17856273828967e-13,7.9245964829845e-08,7
"19856",0.945387993256176,0.00396799168892844,7.36138863018945e-27,0.0459873660063821,0.00465660225542263,3.81911958616617e-08,1.0920769083982e-52,8.60189429119207e-09,3.94232149312166e-16,4.85980232159888e-37,1
"19858",0.996848453945233,4.95064323203227e-05,9.60465838875083e-15,0.000893443279144202,0.00220859623856668,1.03556138121538e-10,3.32628219762284e-61,2.20708749912754e-15,1.16797209765262e-12,1.30323354522572e-71,1
"19860",0.00633863759444507,3.60493460428632e-05,0.00558544262803406,0.00167321745788295,3.23794987250683e-20,0.847971964449574,7.81984449658081e-14,2.99646456300984e-08,0.138394636442953,2.21163440783424e-08,6
"19862",6.85473472832878e-11,3.08545386044073e-05,1.91848195079844e-37,0.000161186738077931,1.64908899014492e-15,0.000194485583017177,7.09906560515222e-09,0.0787988659032365,6.71842279449243e-20,0.920814600069449,10
"19864",1.34940524425131e-09,0.188053590977041,3.68150020175121e-48,0.000125918715262181,2.56340550088272e-53,2.8782480320066e-26,2.68552540785562e-125,0.811820488958292,1.60459388644179e-28,2.44805412688114e-116,8
"19866",0.970977439137188,5.82171505053137e-06,2.72066106189156e-05,0.0180792885246258,2.55827205812416e-38,0.0106737096664177,1.07751438108943e-102,5.43171341133004e-05,0.00018221721198501,1.40970366963305e-56,1
"19868",1.02790550584601e-36,0.999418066285615,3.13234620260237e-53,0.000581895235237107,2.5288261349912e-67,2.32286971939739e-35,2.0169399882917e-133,2.10262373899111e-50,3.84791475275198e-08,1.94508409901216e-116,2
"19870",2.04955830380846e-07,0.00381317517704788,1.80106948490477e-18,0.00929547550583252,7.21013073421335e-12,0.811434266882414,0.0218988596648125,0.0700325029351621,1.28107037844756e-08,0.0835255020609866,6
"19873",0.00250995988902453,0.00407528847250187,1.26434508966769e-09,0.00103632560772062,1.17606548776554e-15,0.991253567934443,2.11378010870109e-12,0.00110138648996226,2.3394146419425e-05,7.61934684362499e-08,6
"19875",0.0255218563044727,0.00117337924791984,0.812449435967648,9.19782513894213e-07,9.27364132960869e-47,0.0489184158159444,2.48829495854352e-53,6.27402837517413e-21,0.111935992881501,1.82925478018391e-37,3
"19877",0.000212747453914205,1.52091340913612e-07,1.11238673812955e-08,0.0038132894042433,2.00714038110142e-07,0.992212750760766,0.000644698696221268,0.00226692683967814,0.00051319370383176,0.000336029212099147,6
"19879",0.0043987402313937,3.45818590716253e-06,5.25334071109307e-05,0.0185597141692421,8.19268313854509e-10,0.975922052425968,1.20947090332297e-30,3.36302817975291e-07,0.0010631644582921,3.54633793709776e-26,6
"19881",0.71372839353513,9.72931475020902e-08,9.58466355829135e-13,0.00350989118325244,6.49068076922133e-11,0.224880937029104,2.64654585986626e-18,0.0578806623032319,8.67957688108012e-11,1.85034741540118e-08,1
"19883",0.0129236738815202,7.64734477775431e-05,2.78731312029791e-16,0.00915607129581027,3.42532537076182e-19,0.0258892629685622,1.45122853103877e-18,0.951929825364839,1.58058866402334e-12,2.469303991014e-05,8
"19899",9.02486259646658e-07,1.65519019250857e-07,5.12558425627715e-09,0.0267737414175249,3.60682480666861e-35,0.751741241134855,8.5509142223908e-41,1.30772009315806e-07,0.221483813544748,4.72616488030464e-34,6
"19908",1.51940496101138e-09,0.155475131544313,7.99932950848979e-39,0.844524866919536,1.35214755870013e-44,1.45248988891693e-17,5.12073155440364e-182,9.01867860130486e-14,1.6655875103038e-11,1.35736154893306e-107,4
"19910",0.0110037371933923,9.39891487424284e-07,0.0072357914294871,0.000931461755881734,1.29695529689613e-11,0.979277299092487,9.84615171701557e-18,9.81078298864735e-05,0.00145266251108362,2.83324555812413e-10,6
"19912",1.02447309362895e-09,0.000207507964542582,6.50462717409181e-43,0.0282273545681249,6.98402649482583e-17,2.14649871788392e-05,9.23625353387451e-19,0.971456121123514,1.60725237298285e-20,8.75503321670421e-05,8
"19914",0.021075184557586,1.28421209298431e-09,5.91962173715611e-05,0.00166256173941126,1.50931924304822e-11,0.968371576149257,4.26189909729433e-36,6.57192921577325e-09,0.00883147346513985,2.08592064576593e-19,6
"19916",0.999486012670773,6.36665762987407e-07,1.0545273521462e-14,0.000513050591922568,2.3937212399222e-30,7.11287809854093e-14,4.92349612807388e-147,3.00071422103423e-07,3.73845698812557e-14,3.31621775562306e-110,1
"19918",0.0262313257934696,2.81455666953417e-05,2.53078229909666e-16,0.00293153580504656,0.0933463191136944,0.153726627703416,0.227689794233076,0.492536225763222,1.70283267388398e-13,0.00351002602120895,8
"19920",1.40232892216104e-06,9.95737730756132e-06,4.74116157245707e-26,0.000712709926824924,0.998630315883893,0.000583221122323998,5.50608143919411e-07,6.18427523396647e-05,7.23772381751545e-14,1.7249771731705e-13,5
"19922",4.83156832543833e-16,0.875945791489697,9.12767624038986e-13,0.000595772687744002,2.53260081660628e-60,7.94369925907189e-09,5.86119934246301e-44,7.96218122021295e-32,0.123458427877947,3.83924619214274e-22,2
"19924",0.00313488594101136,1.5873651944863e-06,6.25528778261301e-08,0.00909449389827069,0.00280454142772364,0.982613849713092,2.44818204963623e-08,0.00231573677533369,3.48122257636263e-05,5.61891186240711e-09,6
"19926",0.0014715269457043,5.52669894644319e-10,3.30944506320192e-07,0.00362104962448065,7.30372736272575e-45,0.962653048253346,6.88113589484337e-66,1.90674038900885e-05,0.0322349762754031,1.2805329113292e-42,6
"19928",8.37610774960143e-14,0.00438707680722738,4.82147288847557e-79,1.41825909082649e-05,1.02948395982633e-49,7.27297372112837e-37,6.34084327155988e-117,0.995598740601781,2.65627950828017e-46,3.44179241589568e-92,8
"19930",3.39602569759651e-07,2.87989516567141e-05,7.64682534627622e-12,0.000329017425750786,7.5169706271089e-16,0.124062539914704,0.00453786644294681,1.4013012264346e-05,3.36407282910391e-06,0.871024060569631,10
"19932",4.11237472231201e-10,1.17812719613549e-05,2.9373877144843e-21,0.000362952134268761,1.73257880749564e-09,0.0243981962358751,0.018691153816863,7.34044578414313e-07,3.4768097820544e-09,0.956535176875827,10
"19934",0.472702232513303,0.000354003411064755,0.13039435703961,0.00780417522237042,1.31652303602659e-17,0.347207485077614,1.20780535498502e-46,4.26614567181493e-18,0.0415377467360366,8.20556581852719e-36,1
"19936",5.60525760889567e-06,2.09339381941612e-07,3.91193774386361e-08,0.0188737010030791,4.68780627908086e-19,0.972967977169088,7.7643461101753e-11,1.61745010335611e-07,0.0081509837145227,1.32257428774681e-06,6
"19938",0.92888903461981,2.78790638284846e-08,0.000207312046338563,0.0648638073694798,8.39012092440639e-24,0.000102765104464239,2.7819339215559e-153,6.61658354793937e-16,0.0059370529808428,7.8955523158273e-99,1
"19940",0.0482006738290686,1.59278758268e-05,2.16879136546726e-06,0.00376285919771278,2.10587493641101e-12,0.854513439320874,5.51627400098733e-18,0.0935047199253829,2.09500486583611e-07,1.55717751212676e-09,6
"19942",3.59584024931881e-07,3.9959873014458e-05,2.35942442827333e-53,0.00125127577276986,1.54891138864842e-43,8.76349055258688e-21,2.37022316038885e-93,0.998708404770191,2.23996702339838e-33,1.49342271535462e-65,8
"19944",0.057601653494491,8.08845471789014e-11,0.0260820944204718,0.000271933544913919,1.48582242838748e-14,0.913973123843301,2.6374907380647e-34,0.000980788920881945,0.00109040569496847,7.28138062986856e-14,6
"19946",0.0269656343591203,5.02801649812605e-08,1.84013528516196e-05,0.00172825008849693,4.60192437244891e-05,0.971097087605761,2.72405801526415e-16,9.24160288363495e-06,0.00013531546451205,2.48478626395028e-12,6
"19948",1.21788497482208e-08,0.00114811639431191,8.89019683340184e-51,1.84982653898988e-07,8.25715495400953e-40,2.46170251444598e-20,7.52817583594259e-64,0.998851686444185,1.41244881236386e-35,4.67425046567582e-43,8
"19950",2.31595594417181e-10,0.000207099535501828,4.05022603337448e-39,3.11560228055719e-05,0.999761743999823,1.98301968112279e-10,3.34576707463901e-21,1.19716624987294e-11,4.49580497176474e-19,1.03511253077078e-29,5
"19952",1.21788497482208e-08,0.00114811639431191,8.89019683340184e-51,1.84982653898988e-07,8.25715495400953e-40,2.46170251444598e-20,7.52817583594259e-64,0.998851686444185,1.41244881236386e-35,4.67425046567582e-43,8
"19954",1.93718323507131e-08,1.11110889249456e-05,3.38991982872701e-16,0.000220147268196033,5.30094128212834e-11,0.0420760040253556,0.0412227105187019,5.85466824293059e-05,3.34722909285136e-08,0.916411427519259,10
"19956",2.44737060405968e-14,0.000422317436592485,2.72746798216501e-58,0.999576660456637,5.91436107539995e-09,4.76534833551798e-10,1.73578530647753e-25,1.01571585034864e-06,2.29458206117241e-19,4.09689442280221e-17,4
"19958",2.6657598492399e-24,0.999997870073168,1.01492660100045e-37,2.0920239972609e-06,5.15243903523943e-58,3.94657868626531e-29,2.99380049055744e-82,4.21178539748352e-52,3.79028342220144e-08,1.11020785913642e-65,2
"19962",0.992813259676782,1.17498333325287e-07,2.93770400365845e-12,0.00253854334491592,5.11544969283071e-07,0.00464750427049263,4.13688220432437e-38,1.49488867759254e-12,6.36600739739433e-08,9.13891041393353e-31,1
"19964",0.248682722663911,1.72624918467079e-05,4.34264159351886e-08,0.0174418610446216,3.13657367420281e-11,0.617920905197785,8.8178601341525e-15,0.115937200653159,4.49088713158705e-09,6.4488054024177e-19,6
"19966",0.982217420155232,1.64317872393483e-07,4.35749689977098e-05,0.0176657515854088,9.54968644721435e-57,1.20788140960573e-05,4.54248816147185e-141,9.82847604841852e-08,6.09118736330446e-05,5.25718593794572e-120,1
"19969",7.57102905174174e-05,0.00276572919400223,1.97129377641071e-18,0.0583169799157974,8.69509381205585e-24,0.648093694137976,1.16887400860892e-12,0.281790552010622,9.06543928073966e-09,0.00895732538447668,6
"19972",2.3232002892936e-07,0.00226526021821092,1.15855206787677e-27,0.0124041463803017,1.18223367900576e-07,0.00160423837768676,1.64438527847635e-12,0.983726004351698,1.18512910817785e-14,1.27049278586243e-10,8
"19974",7.7832516205304e-11,0.00041592851019277,2.45176039232764e-52,0.000121456942451036,0.0645609712454219,5.83259813304928e-10,0.00173534604494054,0.933166278590831,1.84383577765942e-30,1.80050700891895e-08,8
"19976",0.000603331857669998,4.63034208548037e-06,5.15128414629103e-10,0.00798739282154175,0.000180725046118986,0.990417346054826,4.36769067654596e-10,0.000752470250790754,5.41010828480487e-05,1.59222090873971e-09,6
"19978",0.0478845368455473,7.66277998792211e-06,0.188523735057464,0.000279818228420094,1.3196990001253e-14,0.762366334424456,1.72285256514331e-16,0.000236390626045815,0.000701522038065565,3.72620708520031e-18,6
"19980",3.1696231456101e-11,2.13471190767322e-06,4.5481831688089e-31,1.74963270509539e-05,0.00696347592743462,9.37643769092847e-05,0.992922345703107,2.44076681684695e-07,2.68536636308968e-15,5.38845210368625e-07,7
"19982",2.57901149262604e-07,0.0502084210282318,8.58421153781158e-23,0.775094718384678,0.17042366628465,0.00421516886159892,5.75904060925241e-05,4.37044061341051e-08,1.3342919293687e-07,2.48547330242118e-18,4
"19984",0.0021542272007322,0.00021734781568807,1.8616995564909e-28,0.000457235168968538,0.997171152669288,3.11567650126104e-11,1.91687944425162e-45,3.71141663167074e-08,7.30356752124164e-20,5.38720307478973e-45,5
"19986",0.502215051814518,1.06445085103094e-05,0.404655378391885,0.00128509710926385,1.06208238322926e-54,0.000168174685787022,4.67063273516014e-194,6.25183302071255e-21,0.0916656534900358,8.98589714416627e-118,1
"19988",0.164879124071928,0.000586407261365089,0.746002654359034,3.69752731907536e-07,5.24883743586423e-68,8.43518672066978e-10,1.38569409847043e-196,5.70532733155855e-35,0.0885314437114222,2.5002177690572e-170,3
"19992",0.0509519317417716,1.17766734775122e-05,0.924593028197418,2.64922707556669e-06,6.74046023653983e-41,1.08594269981443e-06,7.31406273226988e-166,3.0603579305013e-33,0.024439528217557,1.45700050813491e-115,3
"19994",3.16000048954466e-08,2.40153530178911e-06,9.73322264458824e-11,0.000461360239604267,1.05618502694509e-18,0.04176273000355,1.47304896570164e-05,5.87554063211222e-06,2.63019930811446e-05,0.957726568500836,10
"19996",0.030813018679271,0.000265772995060264,0.958187220255805,1.57108133263526e-07,2.93694014973091e-37,0.000101034516008768,2.21283960639962e-123,1.18415149713303e-27,0.0106327964457218,4.49180389971319e-99,3
"19998",0.83083104489955,9.53922759838972e-07,5.92675693621456e-23,0.168967835933548,7.68307799468899e-19,2.05335914298978e-06,1.00809061770451e-72,0.000198111884993826,5.97208003892019e-15,6.67093259247573e-34,1
"20000",3.66340963362399e-16,0.00456649605022509,3.22529178526368e-41,0.99543128092,2.62378925446141e-36,2.22300775269105e-06,1.76999388506072e-41,3.11832814363952e-12,1.8903794633124e-11,2.83374114819709e-17,4
"20003",3.06505523058489e-05,4.14059529044625e-06,1.57009404138612e-08,0.00645968787759928,3.52414026697094e-34,0.992763673992005,4.91021308889295e-18,0.000490000446047872,0.000251556274851412,2.74560959679977e-07,6
"20005",8.26236820096461e-10,5.31116604305845e-05,7.43177102230378e-34,0.00143326014758523,0.263264648798845,0.00125743522111804,0.730522973418583,0.00346834623006939,2.92600319471942e-16,2.23697131761942e-07,7
"20007",9.75398479223425e-05,0.000152730815598335,2.55450911792098e-06,0.00541161962573916,4.28835349490257e-21,0.9007024712404,1.18597331478045e-32,6.32820671907717e-13,0.0936330839605889,4.8775253841767e-29,6
"20009",0.998491505383619,1.33529604388082e-06,1.7804784508152e-07,0.0015069408183408,1.23015287458008e-21,1.72250536790043e-08,2.54196590158733e-140,9.12578193068211e-14,2.32290065240506e-08,7.18271065474933e-98,1
"20011",2.97878027819346e-05,0.00847233124264474,2.85098250890937e-18,0.242080490766041,2.38906405465644e-08,0.363173445304945,5.4844142032677e-18,0.386243904688206,1.51108828603386e-08,1.19385750183606e-09,8
"20013",3.93399679165758e-05,7.21223004013479e-06,1.67745866391877e-14,0.019679049580126,0.322402079036761,0.65384663055764,0.00035739759030853,1.58855381194826e-05,1.03550256963196e-05,0.00364205047337547,6
"20016",0.975106236750794,0.00666495204722782,0.00226753879128477,0.0116722088883071,1.38029874336819e-36,4.51625745329396e-09,6.73188735955648e-199,3.19785846669409e-27,0.00428905900612882,1.83818231440712e-144,1
"20018",3.11005663489571e-12,0.995151289123996,6.42879822230027e-17,2.0100396489759e-13,1.67191071326949e-134,4.91820597776886e-46,0,2.65097642372778e-78,0.00484871087269247,2.49633571110788e-246,2
"20021",0.0176705500175104,0.000378387479144934,0.875507958177815,3.61259181517267e-07,3.34513238905859e-49,0.0886090225576658,2.77176052547352e-43,7.28774940621587e-16,0.0178337205086813,7.26006613505178e-30,3
"20023",0.0842227734091181,3.27958427309086e-12,0.0265849383427889,0.000384546611630012,5.26056012785486e-13,0.879895808760663,1.12466415197144e-51,1.15171321148007e-09,0.00891193172028126,2.36820005590449e-24,6
"20025",2.72445966142021e-08,0.198547408711546,1.20708955217202e-10,6.1173825154709e-14,9.91847938951688e-111,1.47178913938829e-20,1.62258017364216e-168,1.23922586900186e-56,0.801452563923087,2.20145619026603e-146,9
"20027",1.02975642653342e-09,2.17345472255444e-05,2.5429525799377e-29,0.0158654013476721,1.35901047412884e-29,0.0205521587931653,5.61614460709131e-19,0.963559798599073,6.46509421242484e-12,9.05676642981805e-07,8
"20029",1.10781947821223e-05,0.00205802516384599,1.07403501323964e-27,0.0196930301936391,3.99616500389636e-12,0.0045457820907409,8.32459129946966e-07,0.972966572207923,2.9220927623282e-15,0.000724679685939469,8
"20032",2.35490310526259e-08,9.5052717836963e-06,5.70190366762409e-21,0.00235581100066191,1.91159063073995e-22,0.0494776133178961,1.00162786687649e-09,0.0147719541897953,1.86565201376515e-10,0.933385091482639,10
"20034",3.27803202044059e-07,0.000253872085920807,2.05266093572715e-41,1.75220796484401e-05,1.95177848291815e-42,4.8334626058293e-14,4.09384996371082e-61,0.99972827803118,5.05504277237929e-28,4.2026456189388e-30,8
"20036",0.00145685966521305,1.68952915127211e-06,1.69625379526984e-21,0.998108455509941,1.32588371547527e-10,0.000432735872351534,4.74274653512228e-45,4.42281624801242e-10,2.58848473179055e-07,4.93664973624746e-27,4
"20038",0.000870924426249962,1.2040714902951e-05,0.967197915784803,0.000796284397483143,3.47908072195613e-65,0.0043120968311731,1.20316371936687e-107,8.08463715431596e-23,0.0268107378453881,1.50892645813956e-78,3
"20040",0.984034802457519,0.0157813353964486,3.25513473819517e-10,0.000181443996756777,4.55254459209162e-55,3.70675869641007e-20,9.61712066183591e-256,2.09028037315574e-25,2.41782376278573e-06,1.39634769186313e-173,1
"20043",0.0630836401621474,0.0122444866982709,0.772209397988066,2.0790561477134e-07,1.51292301313141e-38,0.0100734846742699,3.51796037249227e-59,6.2660753364704e-27,0.142388782571631,3.63744520621529e-45,3
"20045",0.198032470527378,0.00263984722317875,0.699842932142974,7.57502204876703e-08,2.69727409558826e-52,1.0331884063263e-13,3.96763559744701e-204,6.35326492132958e-47,0.0994846743561457,9.90528044224633e-174,3
"20048",7.12290083535995e-11,0.00329403518478011,4.34684243778738e-46,3.22275455220011e-06,0.9967027419894,7.30260111845394e-21,1.21129748515171e-21,3.90144011860937e-14,2.61084249071057e-24,6.19773574741275e-58,5
"20051",0.0267116403155806,0.199524448680074,1.38703293799119e-06,7.93991606367091e-05,2.0792287254706e-18,0.430366199544216,4.32275437007763e-16,7.68226131820292e-28,0.343316925266554,1.70991741792308e-24,6
"20053",0.391059545810935,2.7746365768676e-07,0.00254097035631176,0.00251298131167207,2.42159085935853e-12,0.603247668355109,2.49179805131628e-91,9.23553887055305e-09,0.000638547464353664,8.13357324251777e-38,6
"20055",2.32958510225841e-08,0.00432097056825689,5.20487282256848e-05,0.0465933990019838,1.56312343958824e-81,0.00721338342005884,3.48780878074447e-81,1.21242164851207e-18,0.941820174985624,1.00835250358735e-77,9
"20057",3.69844345883547e-41,0.999996432440598,9.44690422848227e-86,3.56755940193509e-06,4.19678812989659e-76,6.22748927553272e-57,1.4209800514107e-140,5.57258452760661e-49,8.89398365276232e-25,2.91951608101187e-121,2
"20059",0.841973978504561,4.85777217360829e-09,0.000828911176171395,0.0313377308443361,3.30373959909271e-26,0.0970247877041376,3.16701293679255e-80,8.2012260288309e-10,0.0288345860928991,2.50354715262126e-45,1
"20061",0.0162884643503101,1.21717434614976e-06,0.000178983909497679,0.00104056063982606,7.66375725674236e-25,0.958102966786327,3.50998780428616e-36,6.32713259089696e-09,0.0243878008125603,1.1074305817278e-28,6
"20063",0.00240892549229948,0.997590933603887,1.26716726143645e-35,1.40903788541588e-07,2.45708307612901e-14,1.00963182932873e-37,3.56654465769522e-180,1.48216485719115e-24,9.04921290821904e-21,8.35051290208582e-177,2
"20065",1.19604793397115e-09,0.0509810158368949,0.00312380704868017,4.65808261344918e-09,5.0310993612619e-129,4.71995352681782e-16,6.48719854822338e-168,5.52394921222839e-61,0.945895171260294,2.75777101541161e-130,9
"20067",0.65586137777869,0.000842142087836823,0.297763886769482,7.67897280432566e-05,2.46560882304886e-18,2.63905663179548e-05,1.1318647934138e-119,9.13209323569481e-37,0.0454294130696297,1.36508697156027e-82,1
"20069",2.25506256177243e-10,1.2910842130322e-05,3.95879523529139e-29,0.00012708089134075,0.19621450005831,0.000302771789198843,0.80334267084175,4.62293681305016e-08,1.97079640491749e-13,1.91221983829214e-08,7
"20071",0.00050459692659869,2.72900629121353e-06,8.88730201351383e-17,0.995822433654036,2.76828247028909e-29,0.00360781775825537,1.16323423493061e-76,1.0761832362146e-06,6.13464715824421e-05,8.14596307146446e-63,4
"20073",0.128070433841789,0.000185360493401342,8.55198322178692e-18,0.00025142211671258,0.870773281141369,0.000570197611913441,5.98223300495386e-16,0.000149304794813816,3.12614679728967e-16,7.03463539461879e-23,5
"20075",3.08214104173223e-33,0.985389858205891,1.29992248961331e-41,0.0145576041206451,2.93114473057734e-84,3.93618342414737e-27,3.43917434517634e-113,3.50758420967364e-51,5.25376734640288e-05,1.65407233576771e-95,2
"20077",0.089457808028929,1.81130728542241e-07,0.351388339356774,0.0292195284960265,6.54542550573673e-13,0.318563771124496,1.47161873244683e-66,2.79274476468637e-11,0.211370371834465,6.79365476302169e-42,3
"20079",0.152600407701177,0.847399413165425,7.49668283027579e-15,2.77509600409128e-08,7.44743399714584e-13,4.92928687459076e-09,4.27589718671211e-50,5.66557807154583e-26,1.46452398580106e-07,9.21037696061565e-61,2
"20081",6.84626933387463e-06,0.00492442422302748,0.558508388336286,0.0282894427399333,1.35750992000869e-37,0.00115467540287068,1.49095543063311e-64,4.23161155139475e-31,0.407116223028549,2.66216712190531e-56,3
"20083",0.00921977509856,0.00186888323616151,6.76050116577236e-34,0.988911336242605,5.4123957116554e-09,5.64748720623828e-15,1.3352394209707e-95,1.02720178157093e-11,3.71364382512795e-16,5.63177043132335e-69,4
"20085",0.0107436887157189,0.000337052964798516,0.971769285090504,9.61550025575949e-09,1.97360242786488e-78,1.56932030480928e-10,1.32221533947501e-199,1.08066064200607e-41,0.0171499634565463,3.19392887495447e-152,3
"20088",0.0549181663832282,6.9032554295083e-06,0.914891296993049,4.27269501917865e-06,1.05389726125129e-37,0.0143431979038212,2.80302928818269e-78,4.12283677736819e-26,0.0158361627694527,2.24915937598324e-56,3
"20091",7.05262089751487e-16,0.0563063139673466,6.59986763418507e-12,0.0584450996993794,1.06030565088239e-53,1.82982617334318e-16,3.99352119330982e-111,1.15517879748049e-49,0.885248586326673,9.49101826154574e-97,9
"20095",1.66059273707968e-05,0.796333932735676,2.718423300062e-27,0.20363506957709,1.54998207804381e-11,1.07207990730343e-11,9.60042887113735e-111,1.43917127832249e-05,2.08597350901269e-11,1.59178674445792e-78,2
"20097",0.00917879086547365,0.000276240602571075,0.959806386163208,2.60738932227731e-08,1.74092544620802e-81,2.5861027820268e-10,2.79097281842942e-178,1.33519621484469e-46,0.030738556036244,6.14981297188037e-149,3
"20099",0.889529533662915,0.110330086568741,2.3500241017542e-08,7.88384080916392e-06,2.75852981646747e-20,8.50577690096439e-10,3.02919642504003e-100,0.000132471572927979,3.78800185195911e-12,2.09857766037523e-92,1
"20102",5.30511241434707e-10,0.99818060826878,5.09166897299619e-29,0.00181925797699903,5.10964299619906e-12,2.35279020893648e-18,7.28136946688206e-71,5.98698455423527e-38,1.33218600439625e-07,6.23970892976395e-80,2
"20105",0.489994775312542,0.157526254168596,0.139696732773371,2.31671445602826e-09,3.61597852170889e-24,0.00393861046663694,7.01681722848321e-45,9.16602732785201e-27,0.20884362496214,5.20612849916044e-61,1
"20107",0.068669325522934,4.02589201348523e-06,0.479118818218917,0.00489087609784092,9.97600990156826e-32,0.343308297339769,1.86129208904567e-93,4.36939966121842e-14,0.104008656928481,1.98629133867341e-68,3
"20109",0.989029218238471,0.0108730646965741,6.40844546507882e-05,3.73254805286462e-07,6.41540704805257e-06,2.68419027895747e-05,7.68802976092125e-56,1.70880475149237e-09,3.3685617183419e-10,3.97188065699136e-59,1
"20111",7.02446944723235e-30,0.984930677547196,3.96185656174134e-41,0.0150692913952844,2.6452610365145e-40,5.24934027138742e-17,3.93824276366435e-39,3.8651386727912e-30,3.10575191470564e-08,1.13555743234338e-25,2
"20113",0.0633699966907503,3.6815417178446e-05,1.14129142618623e-06,0.318084921086326,1.52762203106786e-46,0.280237112713901,6.92158767978081e-90,3.8230633795292e-05,0.338231782166623,3.23357163627507e-57,9
"20115",2.0236583665956e-12,0.890820510164127,3.65549474302862e-30,0.10178781693555,1.09131525962317e-33,0.004190898460413,2.51984040248203e-16,1.08528382780444e-06,1.72451805635555e-10,0.00319968898160615,2
"20117",3.45083667452015e-16,0.837319375381665,2.47813947651416e-32,0.162680624592099,8.13014869324294e-94,9.39665742546668e-28,1.77629992631281e-220,3.28723444922381e-16,2.62349330902533e-11,7.87107406664002e-168,2
"20119",0.998052291175538,3.26867968625538e-05,1.69936120325025e-05,0.0018843205422696,4.71901842968918e-65,9.32044622889957e-07,1.62822436508269e-157,2.23102965612391e-07,1.25527257087887e-05,7.63742167523203e-98,1
"20121",0.110526828429232,6.16434249612906e-09,0.766844489355186,0.00157910271943235,1.68461071694263e-41,0.0605264128917941,1.44662897988067e-136,1.14516926867641e-16,0.0605231604400135,1.52088578409781e-77,3
"20123",6.81377571766899e-12,0.00292973018707787,2.72885269315961e-13,0.0149310491439621,6.76812491663163e-86,3.14085798721307e-17,2.80728492663597e-141,7.54155058712741e-54,0.982139220661873,3.48396779269506e-99,9
"20125",7.14347181112485e-08,1.87212355064873e-07,8.04169708922362e-20,0.00059971795296783,2.42937088539719e-05,0.0089778155316856,0.961381614574511,1.54900078868222e-07,1.3739444489823e-08,0.0290161309453855,7
"20127",0.126331392231821,0.00680747725951682,0.857615205032421,9.59371302363557e-11,2.74167636385854e-42,1.42414549954361e-11,3.35617104156452e-123,3.64241035962757e-36,0.00924592536606222,3.27469622985999e-141,3
"20140",1.92113212230491e-09,6.70719755902133e-06,1.20610102550218e-10,0.33487754081684,3.15971687155207e-63,0.0102603469916181,8.7283592440975e-82,6.04502833235422e-14,0.65485540295218,8.95728413250974e-58,9
"20142",2.69774253002549e-10,5.67724353170831e-05,1.44754491735282e-37,0.000342217171597415,0.999597601600768,1.0095232360869e-08,3.39806565335575e-06,3.61657362963185e-10,7.0168717398997e-17,7.07733713131974e-20,5
"20144",3.13361886440446e-12,7.0420977069231e-06,1.81019557458966e-29,0.991811288899467,5.52586951921693e-17,0.00816318516847208,2.50927538764615e-11,2.17884332819081e-11,2.77019742814422e-06,1.57135869109539e-05,4
"20146",3.70239257056995e-07,0.00268474898581894,6.65719651813648e-24,0.99125953537138,1.45686839277399e-06,0.00597976754350161,4.03588820063539e-28,2.67926007247189e-16,7.41209916497534e-05,1.47709451811654e-25,4
"20148",4.82466947659038e-05,3.40924558623064e-05,1.05688947611693e-09,0.00256225167378035,4.90186741345038e-19,0.993634066997283,5.24147761242554e-06,1.35137468674189e-09,0.00191518330885859,0.00180091498357299,6
"20150",1.17009566693082e-11,8.10366222255117e-06,1.18420670533608e-42,1.10909408111505e-05,0.000879909602723247,7.64836184809989e-07,0.996732761447568,0.00223653106276357,1.18148555994355e-23,0.000130838436025797,7
"20152",0.0132913300805931,3.35757716571402e-09,1.40393184386496e-06,0.00137204073319673,3.13288903790001e-13,0.984533486903456,6.54780328886006e-09,6.85178197732947e-06,0.000330284916843338,0.000464591746396362,6
"20154",3.93991982083607e-07,0.111083897910783,1.82016117506446e-08,1.46474072741353e-07,1.27810394502815e-53,1.12870953166555e-21,1.84216529937276e-147,7.2652022354415e-71,0.888915543421551,7.88225999516391e-134,9
"20156",0.00209586558285153,2.12460942502579e-06,7.12087436337184e-10,0.791656951960385,3.07292701806016e-10,0.0639550625480425,3.55124197194764e-63,2.15696318126746e-11,0.142289994258346,3.75553535874438e-48,4
"20159",1.02727609951697e-09,5.5620902894075e-05,5.39696130124596e-31,0.00389948098812957,0.995725002209448,0.000319894080421117,4.6136217425137e-10,3.23853305666498e-10,6.6157714398731e-12,5.80765804881794e-22,5
"20161",0.0560958522071343,3.58972246272962e-06,5.49103118647093e-28,0.720470444321243,0.223430104167564,8.15071206077479e-09,1.12625445691608e-41,1.43080374001395e-09,8.10305921926364e-14,6.60910814322107e-42,4
"20163",3.48894856182883e-05,0.245809432903624,5.63545980827258e-09,0.000135693203447197,6.70392751208009e-53,0.752320563541505,3.69064343443559e-26,4.08899008260711e-11,0.00169941444759381,7.41862175155522e-10,6
"20165",0.109261463457412,0.865677878338867,3.5488666866599e-12,4.41419689548135e-08,0.0250605818918949,1.61509681927539e-10,4.98913924102677e-53,1.37625829730667e-21,3.20047987306009e-08,1.24933394412479e-83,2
"20167",5.65415074933449e-05,5.78663471143418e-05,7.47418318908309e-10,6.57228813159911e-05,9.25224816157266e-07,0.0894013694626958,0.910391778553285,1.18913634383734e-07,4.26704322301012e-06,2.14093190036085e-05,7
"20169",5.08896380736101e-11,0.000277932469819904,8.71934271892765e-44,1.4847258800077e-05,0.999707220219494,6.98287791356258e-16,6.13244530975087e-16,9.95233480054713e-13,8.57461480962141e-22,3.65987341140363e-40,5
"20171",2.69633839112551e-10,0.416614603553098,1.01414870432463e-13,3.18835839918979e-09,3.53444325939341e-60,1.59047148613567e-31,4.86590793405939e-196,2.22412529106766e-81,0.583385392988809,2.750121966043e-182,9
"20173",0.980559237458746,0.0194402326087294,1.04484905991157e-26,2.90927800547714e-07,4.72645390492786e-16,1.10137381922366e-23,8.78766643234992e-110,2.39004723177081e-07,3.15822379875361e-26,6.45690669803138e-111,1
"20175",2.02645758376296e-07,2.46081098854328e-05,1.1671088283348e-14,0.0208545304253579,1.98717189312819e-07,0.973623256555164,0.00183294459324708,0.00348247150676289,0.000106004194525156,7.57832520985263e-05,6
"20177",0.988611851333271,2.62656481914853e-05,4.45966402137022e-09,0.00559596617436439,1.44403369037614e-25,2.02919085403825e-07,2.03625583149049e-102,0.00576570936739096,9.80330988910856e-11,3.16398443833881e-74,1
"20180",0.0302923691203201,0.000750048313650938,0.645599374795112,7.32688463343221e-06,8.23290892793318e-95,5.45367414721843e-05,5.97393339505719e-148,6.04076168281027e-22,0.323296344144811,3.13610499087316e-86,3
"20182",1.34537095391982e-27,0.99999911305506,2.22459016528823e-99,8.86942121204108e-07,3.5425603474671e-15,1.16848834285913e-44,2.78921213436365e-58,2.81527682713848e-12,1.19439354500642e-44,2.2122257954627e-74,2
"20184",0.000178610496829082,1.56827900995812e-06,7.4588628220833e-20,0.00246596846864812,0.996537129856268,0.000814757299091001,3.52285147878863e-13,1.96557651776369e-06,2.32762450460827e-11,7.79962528733471e-15,5
"20187",0.0254470614132135,2.65189400637469e-08,1.57654063622734e-26,0.463588049426494,5.29008711390637e-15,2.14279374153179e-09,2.99974425530166e-84,0.510964860498553,6.82708640631451e-16,3.95856847949121e-51,8
"20189",0.707943251775473,0.000221200995956973,0.110714284558003,2.47133281449183e-05,2.66230374707861e-32,0.180531312169088,6.99952782608976e-36,0.000547952083522735,1.72850898110487e-05,4.03277064001528e-28,1
"20192",0.000428773383270437,0.999570832136861,1.26017356900821e-15,8.86124044728714e-10,1.14791265101573e-90,9.25214305425509e-18,1.16731715262428e-133,1.72510685893277e-28,3.93593743296944e-07,1.57417788890887e-89,2
"20194",3.53516808908407e-07,0.00102840386017932,4.4801736138584e-47,0.965169209046698,5.97932020411245e-06,7.76950783827216e-11,9.72622646770622e-44,0.0337960541784147,1.32010228535179e-21,8.61558107218861e-26,4
"20196",9.18505438837288e-06,0.106882347042568,0.131077475048241,6.49026106679392e-06,1.32892428739009e-70,2.40159170589925e-12,1.88892210500396e-154,2.35451573429085e-44,0.762024502591334,5.57006861668936e-122,9
"20198",0.00916065085871682,3.34245960304422e-10,1.52896364743601e-06,0.089062360959839,1.03823428894797e-17,0.896578126970709,1.97848763720567e-26,8.04541625301545e-09,0.0051973238674256,2.14330596141871e-17,6
"20204",1.36280356453234e-08,1.83547389811103e-05,4.37148927780711e-28,0.000172193293626936,0.000921146725164028,0.000128225412902383,0.998714243626722,3.19661592555154e-08,1.33540855412858e-14,4.57906083950382e-05,7
"20207",0.115583118789739,0.00119683393444679,0.19559127497593,0.0091957833556566,1.2372941408809e-28,3.28176478695769e-07,1.62400640281579e-103,7.60066984250922e-40,0.678432660767749,3.96148834813265e-105,9
"20209",3.19236246104826e-20,0.0293144347038791,3.68271754536331e-34,0.970685018525125,1.7298209622099e-74,4.9638516775311e-07,2.02566018955642e-65,3.74153898586915e-08,1.29704382013696e-08,3.72685581415634e-46,4
"20211",3.54750075030861e-17,0.037041270813353,8.18588100898448e-11,6.52292364306501e-05,1.29928129045256e-70,3.79944578058545e-15,1.54572252457316e-103,1.51761280892845e-65,0.962893499868354,8.04300735144209e-77,9
"20215",0.0375899639953947,0.00226044823312997,0.00343435412533183,0.000369600956181733,4.77979873357635e-34,0.0217947552248739,5.78035287871932e-63,3.59238918988603e-21,0.934550877465088,4.41484471739231e-48,9
"20218",1.22929247560507e-09,0.00026888109948319,1.86761080381031e-33,0.000158186544931377,0.805234745941626,8.23214582980579e-07,0.194337358060929,3.90887786877053e-09,4.06661651417923e-16,2.7619787551753e-13,5
"20222",0.000219616498957045,0.0425854929943602,0.00136832337343402,1.7212285234816e-07,5.52937401830009e-37,2.42986877802588e-06,5.43463166756344e-56,5.37247080309995e-42,0.955823965141618,3.92032760042896e-68,9
"20225",3.37671638399581e-13,0.00315405063490294,8.16734738457612e-35,0.994742055797385,3.71674063418412e-18,0.00210387606821248,3.83092220447653e-11,1.06376896411951e-11,1.53209587814226e-08,2.12925623706255e-09,4
"20229",5.44608431358647e-09,3.8943238385382e-05,1.59101270557516e-22,0.999284489292434,9.47705828304264e-38,0.000504466787509034,6.3291819293607e-60,1.01309161604887e-16,0.000172095235587438,3.06651622450608e-37,4
"20232",1.2653317276303e-06,0.000140150669980942,3.71060678909214e-06,0.0701489354792713,4.5159873159289e-34,0.153189382397953,8.00243864406827e-63,8.88077644366749e-14,0.77651655551419,5.74311465208489e-39,9
"20234",1.40796274696929e-05,0.511715500690428,4.62179426591624e-05,4.9969389764535e-13,2.74086957696587e-130,1.77585456889121e-28,9.16731574254307e-261,4.13997957176149e-51,0.488224201738943,7.51895809973271e-220,2
"20238",0.0952416923204245,0.000807496746557906,0.001794878127685,0.00028963456589833,1.82997894905301e-32,0.0121298133509681,2.27776818134192e-100,1.22370491269397e-22,0.889736484888466,2.0940619437179e-78,9
"20253",0.277711527855067,7.25811004147263e-05,0.264497554739469,0.0024883863532169,1.45079713083549e-41,3.36173303444384e-05,2.31981105010918e-118,3.05948821651061e-24,0.455196332621489,5.5901474300473e-101,9
"20255",4.37977900789426e-12,0.000246878025736083,9.63402833123745e-16,0.00997547550978598,6.67894227286956e-17,0.112425116101939,1.5787394412569e-05,4.04425802713572e-11,0.000423767678819632,0.876912975244483,10
"20258",0.0216915289877362,0.000407306156367462,0.972729438103599,6.91924721733347e-10,2.09543617481162e-53,7.5591912718066e-05,2.13692492881607e-75,3.50419474700932e-22,0.00509613414765444,1.67086112273495e-76,3
"20269",0.923089001451357,0.0294813853953432,0.0446323696617939,8.50252698736147e-07,1.58288538467134e-11,0.00277651415696148,4.33713964886707e-27,2.76348151389186e-14,1.98790659890488e-05,2.93258868250522e-52,1
"20271",0.964303670103801,0.0308202379056908,0.00480923577101211,1.02325757458452e-07,1.99587436140363e-67,1.13862516974257e-07,3.41955634502663e-98,3.04734847486897e-10,6.66397264871583e-05,4.24458849535933e-97,1
"20285",0.285625869505952,1.07908183401379e-06,2.13804495232091e-26,0.0683974990903775,1.09961652240203e-18,4.16007034301244e-07,8.64826184265455e-60,0.645975136314803,1.78407078942313e-17,2.20004566567765e-44,8
"20288",0.00014143726380897,0.000919474071510332,5.09072666701174e-05,0.004235890802031,8.71291430597582e-31,0.109526693048268,1.65662658414012e-58,1.47791776102002e-17,0.885125597547712,1.12514183722365e-55,9
"20291",0.000127854303565229,0.00321278609735041,0.00154688707310258,0.339668312108662,4.96765704822299e-48,3.23475538493221e-08,1.28132212827309e-146,5.48617891095486e-30,0.655444128069766,1.26894808470881e-123,9
"20295",0.932338426751803,0.0676615611687847,6.35406341410118e-11,1.32727598736103e-09,3.18384294255659e-28,1.04474694205699e-08,5.06427972614699e-56,2.40480109893787e-10,6.4620727762446e-13,2.03816113551244e-59,1
