"","V1","V2","V3","V4","V5","V6","V7","result$classification"
"19811",0.000373904855891432,0.0265946040576235,0.000631002401659759,7.87457476656153e-08,0.970441958675423,0.00195831753113464,1.33732520206334e-07,5
"19813",1.64048976852354e-06,0.999977562682947,4.58805450906257e-08,1.3015554474733e-08,1.97584002604265e-05,9.78701621651191e-07,8.2930303648641e-10,2
"19815",0.0107110402498211,1.22496078011514e-06,1.17817940188501e-05,1.35489147231027e-05,0.957123550748287,0.0315088304746141,0.00063002285775525,5
"19817",0.00256708025387959,4.2675244798056e-06,0.00054734679440067,3.1950073415204e-07,0.9923948100581,0.00447489475124744,1.12811171579483e-05,5
"19819",0.240742287137884,3.47681071861434e-10,3.56803604875385e-07,0.599608534852781,7.38012555795867e-06,3.26258230648971e-05,0.159608814909426,4
"19821",0.00729793624383607,0.0100236542814922,0.0201286070759541,7.53375912826623e-06,0.96186641053193,0.000675671964288406,1.86143370770617e-07,5
"19823",0.00347118945403411,2.32252213607219e-06,0.000171151237970804,3.88528802757313e-06,0.888807206352678,0.000881726513545214,0.106662518631608,5
"19825",0.0138408909401575,0.00419746104655787,0.896576572053935,0.0800198911761595,0.000869956700539185,0.00436704874383185,0.000128179338819721,3
"19827",0.0031621015879567,3.62270061443612e-07,0.419818095131555,2.47141931856172e-06,0.576845462418739,7.56620182903612e-05,9.5845154078083e-05,5
"19829",0.920114805097754,2.3806178898248e-06,0.00625809880828291,0.0730175806302158,0.000362595843731632,0.000217850249849519,2.66887522760805e-05,1
"19831",0.755590709593675,7.24462137364941e-07,3.25300220919502e-07,0.127716403432294,3.91574632017974e-05,6.227723338895e-05,0.116590402515083,1
"19833",9.62296245726575e-07,3.57654869838771e-06,1.86201354850106e-05,6.79043621443384e-05,4.86086002223655e-07,0.00164704766361735,0.998261402907807,7
"19835",0.00729793624383607,0.0100236542814922,0.0201286070759541,7.53375912826623e-06,0.96186641053193,0.000675671964288406,1.86143370770617e-07,5
"19837",0.0174609210633263,2.32541881065106e-06,0.0309098314674502,2.6029359077278e-06,0.951499282206195,0.000116577313955794,8.45959435404163e-06,5
"19839",0.816053264733908,0.0019420542950279,0.0316741982521749,0.147360577048512,0.00136614665869055,0.00159331881909163,1.04401925950666e-05,1
"19841",3.49632296168549e-06,4.32418644966204e-05,0.999943332493269,2.25245803300807e-06,7.61192515609473e-06,5.81323350208221e-08,6.80374912635925e-09,3
"19843",0.0785484686186708,0.0205186066474365,2.25329751376144e-08,0.897353414914818,4.99239328720573e-06,0.00355601021457693,1.84846782355385e-05,4
"19845",2.15156887841636e-05,0.901467830421272,1.36457419565297e-05,1.9143347302215e-08,0.0982380420959631,0.00025886509183582,8.18168406982661e-08,2
"19847",0.0455955027181309,0.00622683455407295,1.41254679705337e-05,5.35318031022449e-05,0.918429178501667,0.0296021508208312,7.86761342247593e-05,5
"19849",2.1275092119115e-07,0.999940006874358,1.12362412551379e-07,1.09121488099542e-09,5.94350111510964e-05,2.31563827652789e-07,3.46114521265013e-10,2
"19851",0.000555022387939378,1.01512194286663e-05,2.52889151282314e-05,9.08758174784364e-08,0.998141856134962,0.0012544582167377,1.31322499861883e-05,5
"19853",7.86771832653985e-06,0.00736573092369612,0.000215352177284688,1.45323890053569e-09,0.99221435154993,0.000129791776151663,6.69044013720665e-05,5
"19855",0.000116465754393851,0.000468792532460942,0.00228703357846738,4.36097728101582e-09,0.996919118123021,0.000205736218511829,2.84943216790549e-06,5
"19857",0.160227148418028,0.0140553186787662,0.0217993251188601,4.72393790200989e-05,0.79165406917359,0.0122157824090492,1.1168226861901e-06,5
"19859",0.0232964557497298,1.16329825689281e-05,0.013655911957024,4.54178373970151e-06,0.958933983854541,0.00398502403774613,0.000112449634650534,5
"19861",0.000361293201063887,0.0842033013899224,2.66666558419935e-05,7.21953043278804e-08,0.914696306081549,0.000711693784799562,6.66691518916514e-07,5
"19863",5.5976851096985e-08,0.994581510876383,0.00539724006866463,4.36671410278512e-09,2.07753421050279e-05,4.13089852128027e-07,2.79430207494695e-10,2
"19865",5.72889268483459e-06,8.17674121138104e-07,0.998296993141762,4.91764302208177e-08,0.00169124270093244,5.15660074594137e-06,1.18133230994152e-08,3
"19867",0.00427153843144821,0.0044587359609383,2.10645809707087e-06,6.04461768670558e-06,0.977859797870853,0.0133830948678848,1.86817930918373e-05,5
"19869",1.64916198717839e-06,0.989605519349101,4.4316135508763e-05,7.91378827611907e-10,0.0103463199394578,2.19310835801382e-06,1.51420774401177e-09,2
"19871",0.0730933177854144,1.7077158204008e-06,0.0505560887751955,1.19913741672834e-05,0.874879674510951,0.00134369619712644,0.00011352364132508,5
"19874",7.70965734357765e-05,3.62468149552609e-06,0.789814057771647,1.27388047347613e-07,0.209503796909026,0.000596287919620165,5.00875672793831e-06,3
"19876",3.99035091988228e-05,0.000178894062162219,0.189953674666775,4.5152010947942e-09,0.809801005563553,2.63947490033663e-05,1.22934106407467e-07,5
"19878",0.00032000813295054,3.49320045291609e-06,2.14247638271354e-06,0.00281439814012864,0.000257209003378594,0.996581122435922,2.16266107841772e-05,6
"19880",4.19359865222501e-07,9.04983461549015e-06,0.998525000691305,7.75955237785942e-10,0.00146538701072188,1.38988853808496e-07,3.33868328069667e-09,3
"19882",8.71812055953869e-05,0.16505136400773,0.000892595794506465,1.98416736483479e-07,0.822245900519771,0.0117213280988256,1.43195683565776e-06,5
"19885",0.0992503918488332,6.64495496881168e-06,0.000597360335640327,2.72931866645758e-05,0.889726027658323,0.0103857828712999,6.49914426974762e-06,5
"19907",0.00105474262854697,0.043303182742553,1.26666222526831e-05,2.03948364133473e-06,0.940480554743261,0.015143690633585,3.12314616014882e-06,5
"19909",0.993606445331175,3.06881179308829e-05,1.10543247286694e-06,0.00562827620956271,0.000717920084728095,1.10996692674775e-05,4.46515486326903e-06,1
"19911",0.971180617718681,6.44332161454027e-06,0.00845607269598913,0.0170992770957247,0.00286101387050738,0.00018287488918291,0.000213700408300314,1
"19913",2.31823409982863e-07,3.0578078223606e-07,0.999988930543631,1.931554608443e-08,1.04660338272435e-05,3.20684358027119e-08,1.4434367674602e-08,3
"19915",0.000151496456610546,1.43146055572252e-06,0.357674946748949,6.68631520170311e-08,0.64196059638743,0.000207190773346849,4.27130995641978e-06,5
"19917",0.000131726422321906,1.76180706215833e-06,0.991479779876092,5.39903263548122e-07,0.00834708629536386,3.86278372728353e-05,4.778586233855e-07,3
"19919",0.00307888438825818,1.13303044600549e-06,0.153422697309309,1.82737173776999e-06,0.837340975526046,0.0061237727261723,3.07096480311037e-05,5
"19921",0.00245630664715011,0.000137563871741189,7.21666101542012e-06,6.81991932582127e-07,0.990554234804949,0.00683742979221009,6.56623100178754e-06,5
"19923",0.00106801266497955,1.16520962978892e-05,1.05842486693558e-07,0.000224496357020472,0.00932448508749927,0.988733185125227,0.000638062826489428,6
"19925",5.06767660766625e-05,5.63652808438326e-07,0.946233579835187,1.12666557409572e-07,0.053580967075556,0.000133154559718623,9.45444095849885e-07,3
"19927",0.00106376811108814,1.30995752777686e-05,0.000124157648305062,6.12739203166124e-08,0.99845935851437,0.000333531327913294,6.02354912547888e-06,5
"19929",3.44604592305344e-07,0.480024541917693,0.519806577896772,8.73815641530847e-09,0.000168378324808818,1.47847054037845e-07,6.70923482720502e-10,3
"19931",0.00763523249879408,5.86666617372332e-07,0.000722771690745495,2.92617195120538e-06,0.990285302239313,0.00128863742280377,6.45433097756874e-05,5
"19933",0.945204153484561,1.24771142375811e-07,0.000286747509718402,0.0047935137471955,0.0493125093059925,0.000152791738027191,0.000250159443362753,1
"19935",0.27894188734377,0.00053734889367219,0.00137637219598821,0.00168033073852561,0.695621946238986,0.0218382343302624,3.8802587962191e-06,5
"19937",0.00278842851323412,1.49725199474143e-06,1.2140842340914e-05,1.01334576203818e-06,0.992808358440527,0.00417332600410917,0.000215235602031637,5
"19939",0.00198103090469876,3.5991358739222e-06,0.0011932934511102,7.82100844858917e-06,0.697095980243171,0.29967363216628,4.46430904184928e-05,5
"19941",0.915630762154523,0.000166119966139532,0.0357619351907817,0.0467552501208598,0.00165620134618955,1.22696597443164e-05,1.7461561762246e-05,1
"19943",1.82837613261415e-06,7.26929407105861e-08,0.999445151316377,1.54294077210808e-08,0.000551578343149866,1.19766489150397e-06,1.56177100799366e-07,3
"19945",0.967308526105742,7.26743184331619e-08,1.43145607477028e-05,0.0159219499287721,0.0126342638342307,0.00339712150039012,0.000723751395798489,1
"19947",0.240875453911475,0.0198776427744743,0.72982013796786,0.00361136063408383,0.00544522684460341,0.000314939355180063,5.52385123232871e-05,3
"19949",0.0126266378214432,3.71035787077447e-07,8.27270216914023e-07,0.00364841063003394,0.0233328939024126,0.958613839450522,0.00177701988958384,6
"19951",0.00173084183830402,7.09335115943981e-06,0.751193097501318,4.35334674289515e-05,0.193495885020843,0.053517671122033,1.18776989134148e-05,3
"19953",0.0506940998421527,2.44441744573679e-08,2.33032658119769e-08,0.0334506347265966,0.000214856107671542,0.00120733600061746,0.914433025575521,7
"19955",0.526865719986311,1.42110423508116e-05,1.86791852342661e-06,0.17162296627669,0.000479174555146916,0.274642724679574,0.0263733355414042,1
"19957",0.00957696328882274,1.72636133416606e-05,0.928403114924517,7.25913355348363e-06,0.0604411242991445,0.000231241447529755,0.00132303329309133,3
"19960",0.815168539901416,3.6259723659089e-05,0.000269619328786939,0.179081827748205,0.000385136294625565,0.00502905593182025,2.95610714868943e-05,1
"19963",8.65117768912613e-05,4.99359059100853e-05,0.946604221821446,9.61288815725793e-05,0.000213605410914091,3.3209400449437e-06,0.0529462752632213,3
"19965",0.194832425532221,5.82814867770397e-05,1.60858644705908e-08,0.674420049378795,2.90980977567291e-05,0.130547414685167,0.000112714733419521,4
"19968",0.00228861929896668,0.199591493481474,0.787473095601475,4.8316072429666e-05,0.0105527858278908,4.56872254335956e-05,2.4923301130159e-09,3
"19971",6.53104235425389e-05,3.47512825063789e-07,0.998488137054452,0.000560763606722548,4.57117196001595e-06,1.80975116572636e-05,0.000862772718840263,3
"19973",0.00168026036960464,2.01995314215406e-05,0.00323411074928654,2.45910869673746e-07,0.994350512752184,0.000714262014220139,4.08672412971122e-07,5
"19975",0.000136951015727774,1.82269618047809e-05,0.978985607823762,2.83599870525688e-07,0.0208107487985649,4.8164789618518e-05,1.70106520488132e-08,3
"19977",1.55931161159903e-05,9.99466480855301e-05,0.99877618598734,1.34080182214967e-05,0.000342255538562399,0.000731460924406488,2.11497672679012e-05,3
"19979",0.108591968216816,2.41082341329435e-10,4.95734532656522e-07,0.891326568416466,1.48396093964042e-07,5.2565248349951e-06,7.55624701742853e-05,4
"19981",0.399038150971354,0.000565294811404017,0.000341038862524201,3.01077556938789e-05,0.598966740677049,0.00104522197187458,1.34449501001297e-05,5
"19983",0.217227415582249,0.000427202353026789,2.65816985148873e-05,0.000189165183792665,0.417981187993948,0.364072229760304,7.6217428164799e-05,5
"19985",3.24127151668388e-05,2.44981709156261e-05,0.785544498940904,1.29565510527753e-08,0.214256636123311,0.000141742001601369,1.99091550235123e-07,3
"19987",0.374715282010333,3.05735722526967e-06,0.0381224112577956,0.000319160024698081,0.586424663014988,0.000347082675412977,6.83436595474808e-05,5
"19989",0.163053771215307,6.47953260018618e-10,2.29018009419167e-09,0.834857676253142,3.50567675475956e-06,0.00012065630807592,0.00196438760858755,4
"19993",0.115834736018158,4.87404414224128e-07,0.0162688902011245,0.0208125560365862,0.139752480827473,0.707090100079814,0.000240749432430355,6
"19995",0.810328256961693,4.28576234330544e-06,0.00521483588092288,0.059923835962109,0.08465491582196,0.0397360013456013,0.000137868265370864,1
"19997",0.000412280188437878,2.00118586412469e-05,0.00532422841902367,7.69741584538384e-08,0.993812350019287,0.000429115482948103,1.9370575037909e-06,5
"19999",0.00010269468840297,0.000485105056604956,0.0261380002036692,4.90128954484896e-09,0.973217624144177,5.64775746703102e-05,9.34311858701002e-08,5
"20002",5.83999016008352e-05,0.605257319928616,0.394326913439533,4.48053830907449e-05,0.00031152036913848,4.87766362803527e-07,5.53211658114192e-07,2
"20004",0.975729863613373,7.75502612891704e-05,0.00142090896235942,0.00670268393976622,0.0160471300348206,1.2713924620887e-05,9.14926377058254e-06,1
"20006",0.467969812225982,0.00193098640860698,0.000650815042976712,0.107267626642781,0.00213608512398498,0.418988368814478,0.00105630574118933,1
"20008",0.0129722737974348,4.12917536782935e-05,6.1166996814703e-05,0.182637215295923,0.00138325878800149,0.801688802127709,0.0012159912404387,6
"20010",0.430749990218734,9.05630836276653e-09,2.6230945981481e-06,0.117254352026828,0.00430420906409778,0.425789761962047,0.0218990545773866,1
"20012",0.000105923674984589,0.00725272696653634,0.79687942703565,8.65402075934268e-07,0.192922200506728,0.00283875704836303,9.93656620333884e-08,3
"20015",0.0690082619599632,4.25145068117045e-07,1.75135076124229e-08,0.929283141643191,1.44662917483677e-06,0.00170610240455593,6.04704539204214e-07,4
"20017",0.000517846112390692,0.00140240703526088,0.0124502751242248,1.9612430610415e-08,0.985540549903506,8.87363961467455e-05,1.65816039950513e-07,5
"20019",0.00488596581907777,1.97942741618279e-11,6.86110321175456e-10,0.994907861847926,3.90988915079193e-09,7.19495639124864e-05,0.000134218153289737,4
"20022",0.944947770370855,7.1537816872871e-09,6.40300086406635e-07,0.0496258205023586,0.000484498755136867,0.00434819139740483,0.000593071520376845,1
"20024",0.0256851109811312,6.49881904505864e-08,2.21428457592454e-08,0.69610597352215,9.03376764762659e-07,0.000238196609866332,0.277969728379052,4
"20026",0.0256851109811312,6.49881904505864e-08,2.21428457592454e-08,0.69610597352215,9.03376764762659e-07,0.000238196609866332,0.277969728379052,4
"20028",8.67933976044567e-05,6.01079512024385e-05,0.0704352207829029,1.0947182548219e-08,0.929397318765141,1.9970585395108e-05,5.77570571165157e-07,5
"20030",0.585280684692394,5.6305013861037e-06,0.000100491323071365,0.414577137205411,2.49831950660596e-05,8.33890789507999e-06,2.73417477595438e-06,1
"20033",0.0160779625172967,2.15276519334159e-05,0.211873453000029,4.45273210475718e-06,0.771760892065908,0.000257788060541858,3.92397218663501e-06,5
"20035",0.00784294566109401,6.39759539755059e-11,9.86771300650103e-10,0.991716375601241,1.85107593074286e-08,0.00015816976585009,0.000282489410308358,4
"20037",0.0159921375411859,3.72036567983485e-09,3.82719108507218e-11,0.983478131374565,3.63829404586294e-08,0.000491953688225703,3.77372544449016e-05,4
"20039",5.79419097627218e-06,5.50844979237383e-11,2.58463700362042e-11,0.000755511692129239,1.80151016003866e-08,3.9108213244678e-05,0.999199567807617,7
"20041",0.015705987536687,3.16396270460017e-06,3.32977582848551e-05,0.000456295454768707,0.00502214700093082,0.977571850985104,0.00120725730152008,6
"20044",0.106865144591438,1.74826618765531e-05,0.00209240453683826,0.00418635082332254,0.0278972624133594,0.849287049060028,0.00965430591313742,6
"20047",0.00568619062939481,1.44939605199614e-11,9.67318792796267e-09,0.993898420491303,1.42967496669438e-09,2.74668307173908e-06,0.00041263107887319,4
"20050",0.0119370604146929,4.78951046523632e-10,1.89311128210678e-05,0.0479396051306098,0.00180318620456252,0.515684913261011,0.422616303397351,6
"20052",0.118174281760445,3.33152503543351e-07,0.0412492050276289,0.000268614010083391,0.809764179418952,0.0290322171059201,0.0015111695244674,5
"20054",0.91676103358715,1.06470829167073e-05,2.65027751651323e-06,0.0830327305122246,4.27471464249044e-05,0.000149802453466895,3.88940300426249e-07,1
"20056",7.68153400632728e-05,2.41382784553791e-07,0.998828648485459,8.77783137752678e-06,0.00108257544681325,1.89094238082056e-06,1.05057112122246e-06,3
"20058",0.193946458438316,1.00170606207826e-08,5.5139036229823e-10,0.805211765753966,2.71473976847116e-06,0.000299299074405481,0.000539751425092594,4
"20060",0.00399364652190854,7.3579272745537e-06,0.000193030221199525,4.85855090331495e-06,0.993997352458053,0.00178960103505284,1.41532856077745e-05,5
"20062",0.0254441974040664,1.55474148039018e-05,0.000114909507974271,0.000115613689870872,0.684462950827522,0.289826011257466,2.07698982967567e-05,5
"20064",0.984572421980255,3.16612701384178e-08,6.19432283934681e-05,0.0126821515103854,0.00251338267342726,0.000151462976864664,1.86059694041117e-05,1
"20066",0.16699705013363,5.44848219535139e-07,6.53389220325695e-06,0.832987339050782,9.61142765398968e-07,2.81860766327547e-06,4.75232473639684e-06,4
"20068",0.000709630519813543,0.000648151791545261,4.04685853354799e-05,1.96993034869221e-07,0.986109427885557,0.0124903288950042,1.7953297093733e-06,5
"20070",0.000821623564800453,3.19278620470421e-05,2.33538549181076e-05,6.61719457192171e-07,0.978404903673394,0.0203302215898643,0.000387307735518647,5
"20072",0.513490591057096,0.00635074723304692,2.0023121155976e-08,0.463587197102371,0.000114742882683243,0.0164414133813641,1.52883203178292e-05,1
"20074",5.77299879366462e-08,0.000318852534435052,0.999646100022049,2.82803106053749e-09,3.48481631497315e-05,1.37223379516662e-07,1.49896768125785e-09,3
"20076",0.0429881193105879,0.290481993763558,0.642028461673187,0.000139749170752528,0.0240327653399254,0.000328856755672333,5.39863166999637e-08,3
"20078",0.970914502219236,2.24001164424182e-07,4.55676747011391e-05,0.0223347043724651,0.00417469138847665,0.00161859679444688,0.000911713549510394,1
"20080",0.0418979390098034,1.68353711442509e-11,7.07692065284763e-09,0.957795795660181,1.20766951254228e-07,0.000110725722982036,0.000195411746326125,4
"20082",0.000590479677642994,6.64587279063392e-12,2.12423933844798e-08,0.00231720567543651,1.02043709683167e-06,6.92409765182285e-06,0.997084348863132,7
"20084",0.917263950865297,1.00766017500961e-07,0.02028462037718,0.0539919792255685,0.00184005946289563,0.000280756819995035,0.00633853248304633,1
"20087",0.844811071328631,2.09275095147846e-05,3.59428555257291e-07,0.0877759824455191,0.00520928420003465,0.06182623006395,0.000356145023794876,1
"20090",0.0170184350559576,3.3335308725812e-11,4.0676827925236e-08,0.958481574129995,1.36610667315495e-06,0.020597998162436,0.00390058583477542,4
"20092",0.0275310116524559,0.000317556227570558,3.9686206926006e-08,0.000596616342489576,0.0148482846040266,0.193549292239756,0.763157199247494,7
"20096",0.0333893843559799,4.5940009071426e-06,0.00661236223518768,0.000178776278124806,0.235565321777891,0.0727829282458884,0.651466633106021,7
"20098",0.00293397836822184,2.40536881213886e-06,0.192767851206465,1.24746508343748e-06,0.803840357108318,0.000445354139082406,8.8063440175831e-06,5
"20101",0.299085151407006,1.29418176402611e-09,0.000132702529103063,0.69968267110334,1.69924584405834e-05,0.000381609637745172,0.000700871570183198,4
"20104",0.00142440781196344,0.376521744925823,0.00108186433860974,1.15119409030509e-06,0.491921386186228,0.00246539206403515,0.126584053479251,5
"20106",0.532113004280654,5.18634476017549e-09,6.81968359900879e-05,0.460072305604689,0.000179344170189099,0.00753359352895852,3.35503931742744e-05,1
"20108",0.00603050915967011,8.13303879495296e-05,0.0110422937444409,9.5480384180389e-07,0.982812681715581,3.11706499767837e-05,1.05953853958855e-06,5
"20110",0.00574324887065575,1.27897459623978e-07,0.128609952919377,0.000362978006556322,0.203975192478912,0.428266823336421,0.233041676490618,6
"20112",0.212284621689371,1.49476535964628e-08,2.25715027822472e-05,0.383493401383508,0.00387346614713722,0.39131983250091,0.00900609182863754,6
"20114",0.962325982786234,3.55556671841375e-07,0.023341546612463,0.00727558052504156,0.00663162186380932,1.57295181668901e-05,0.000409183137613144,1
"20116",0.967535333533916,1.37772203020001e-05,0.00883267380124928,0.0229547812395827,0.000621774192489338,4.02856586509248e-05,1.37435380987076e-06,1
"20118",0.609074604875568,1.00751908641969e-06,0.0528496349130253,0.000284796485901911,0.33709290725738,0.000499755649735828,0.000197293299302273,1
"20120",0.627492165803098,8.86952589662029e-10,0.000991161303597766,0.336508104460206,0.00189458496456209,0.00776333632816179,0.0253506462534215,1
"20122",2.11005149632906e-05,7.66955654625257e-06,0.999141036823358,3.59756155698886e-08,0.000829718004159327,4.28042920645672e-07,1.10824365552198e-08,3
"20124",0.328945623329313,9.73563629186469e-08,1.39354687175935e-09,0.668703593822718,1.44918819423706e-06,0.00104547274594324,0.00130376216392156,4
"20126",0.00139332852226425,6.14836945135768e-08,8.37360805970571e-08,0.00399317061459751,2.23537259125279e-07,4.08002170973282e-05,0.994572331889007,7
"20128",0.000893405365322525,3.15820937975098e-10,2.57068395867429e-10,0.862135873232454,7.78391467853265e-10,4.43016799612867e-05,0.136926418370982,4
"20141",0.0018730052220862,5.61546732362643e-05,0.0644445417011565,2.81182462573301e-07,0.883403881830296,0.000165030195476396,0.0500571051952859,5
"20143",6.71809367946232e-08,4.76238960182424e-06,0.999978291274575,2.45600143202264e-09,1.68587931266167e-05,1.57874295727379e-08,2.11832894911395e-09,3
"20145",0.869619870432563,5.87424486977612e-10,4.3525148240726e-06,0.118912507635471,0.00165151293438764,0.00688154549914768,0.0029302103961818,1
"20147",0.94996575359004,5.07248598141223e-09,2.11663874664969e-06,0.0495107058673306,0.000148210558759246,0.000332586417143581,4.06218554937158e-05,1
"20149",1.95056468066007e-06,3.95922151953214e-06,0.999120681895928,4.62498296728338e-09,0.000872739095320931,6.3946955406155e-07,2.51280138730637e-08,3
"20151",0.00231352382883038,1.81581044189407e-06,0.0626238249990329,1.91520144801298e-06,0.934421226583951,0.000634368728582099,3.32484771387143e-06,5
"20153",0.00261924984722215,2.29724807194506e-08,0.671388274046395,5.27861789384707e-05,0.310856187607115,0.00380052469061118,0.0112829546572379,3
"20155",0.510223146761477,3.94096890082845e-08,3.70088976096969e-07,0.437219540969101,2.63958699760575e-05,0.0524495669701199,8.09399306617191e-05,1
"20157",0.000705849430811267,1.56569596121503e-06,0.483874673657628,1.18986481360924e-06,0.515340227676983,6.63795322946069e-05,1.01141415086865e-05,5
"20160",1.6454244183306e-07,6.32425988178778e-07,0.999973412369189,4.91816344369072e-09,2.57571099213904e-05,2.29160404840109e-08,5.71825583210929e-09,3
"20162",1.02745218646192e-06,4.35321870539113e-06,0.996115594621334,1.33677182295781e-09,0.00387865478260816,3.58906209790821e-07,9.682184230627e-09,3
"20164",0.000129853405637536,1.46581898074636e-06,0.957957732760995,2.77318733645626e-06,0.0409329223790774,0.000963520948194996,1.17314997782975e-05,3
"20166",0.141431165861603,0.000147228007770122,0.00077560127743017,0.857564716414151,1.567010263601e-05,6.42667386875629e-05,1.35159772172252e-06,4
"20168",0.000308795087312915,0.998612817997791,0.000378721660958079,0.000689947682399111,3.92981989492106e-06,5.73540411635602e-06,5.23475277192651e-08,2
"20170",0.00419775731535323,9.91603149264216e-07,0.303475134649668,6.70457421039565e-07,0.692051675756923,0.000225398855012608,4.83713624727584e-05,5
"20172",0.949003282791854,8.15794737239744e-09,1.22853740672373e-08,0.0488976539279293,0.000276230188790949,0.00132443911482958,0.00049837353327502,1
"20174",9.76801460144709e-05,0.117407991236431,0.158458587709267,1.18387729233387e-08,0.724001942466909,3.37635388560017e-05,2.30637487258883e-08,5
"20176",5.71897692009772e-05,0.999898245603158,2.23600965521408e-06,9.92650344218178e-06,2.43964927556149e-05,8.00112690773262e-06,4.49488093484805e-09,2
"20178",1.29806635061674e-07,2.92185049064233e-07,0.999986783898159,8.04910286675746e-09,1.27468518031704e-05,2.78599327206012e-08,1.13493183614219e-08,3
"20181",0.505861623848497,1.05672298058167e-06,0.00498070773913547,0.489109215490717,2.90191121328619e-05,1.4884261576392e-05,3.49282496075567e-06,1
"20183",0.0563206453395092,2.279932364362e-06,7.56175002696523e-06,2.21703584648754e-05,0.934856487236863,0.00730878286884243,0.00148207251392891,5
"20186",0.119202816553903,0.00305217561920189,1.62375609944125e-07,0.00050842855558643,0.735893198899011,0.135248741878443,0.00609447611824483,5
"20188",2.23520485458226e-07,3.85355027802784e-07,0.999785916705444,4.35439958625757e-09,0.00021331849917892,1.35890715264874e-07,1.56747489199107e-08,3
"20190",0.208551489903588,1.51789288621615e-08,2.15962496543303e-07,0.791272977281715,4.95447747543334e-06,0.000164394153077104,5.95304271861151e-06,4
"20193",0.000132490080809785,0.0251785447026545,0.973245507155031,0.00114591332606286,0.000105493415814682,0.000191820402721079,2.30916906078244e-07,3
"20195",0.00256436733875462,1.60235819660178e-06,0.839691753901233,4.30577559424172e-05,0.153480630663145,0.00420639051007714,1.21974726517912e-05,3
"20197",0.834012927887975,3.90321519005066e-08,4.50409063278743e-08,0.145016258153934,0.000263469493398179,0.0204841042767797,0.0002231561148548,1
"20199",2.87866777619273e-05,6.4388450084821e-07,0.933516301215818,2.51426198772237e-08,0.0663886790414575,6.12852146688616e-05,4.27882317282512e-06,3
"20205",2.07717116912259e-05,3.26407518914003e-11,1.47375658023472e-09,5.85760665301654e-05,2.3308166904769e-06,0.00049848312485878,0.999419836773832,7
"20208",0.0138428397414594,2.05021864427159e-05,0.012401889465941,1.3041926872331e-05,0.970504861683073,0.00320965530370801,7.20969250360165e-06,5
"20210",4.45098652252493e-06,1.69435529079129e-06,0.986744170717689,5.08780511795981e-09,0.0132477577459327,1.86841020593417e-06,5.26965541220093e-08,3
"20212",0.000388756641223576,2.98932434120955e-06,0.874482391195339,1.79568077320604e-06,0.124822937983418,0.000298478246063251,2.65092884223461e-06,3
"20216",0.936894872879398,9.31944961932857e-08,2.69555265465479e-05,0.0626882288377118,0.000276213824968585,9.49349673691133e-05,1.87007695093381e-05,1
"20219",0.205922293910021,1.60754267215299e-09,4.73513409006076e-05,0.076022407429545,0.00157332330028719,0.0129784256215936,0.70345619679011,7
"20223",0.00764537525252408,0.000462612878535834,1.04026078808719e-10,0.990363190584578,1.53221319551538e-07,0.00151178466085985,1.68832981564896e-05,4
"20226",0.00253120436715553,6.56969121502381e-08,0.000124673287288655,0.000325908396019764,0.0213906219393741,0.97542653595166,0.000200990361590033,6
"20230",0.097955544501298,8.23950553057146e-09,1.57782252224306e-08,0.90196774889189,1.19782136976848e-06,5.16332947522403e-05,2.38514729587929e-05,4
"20233",8.69320453317381e-07,1.25786378647347e-07,5.83633646478182e-06,7.36025325970814e-08,0.000635303453476681,9.06582714873301e-05,0.999267133229207,7
"20235",0.190089803100784,0.000130623586140746,2.81336729575241e-09,0.671279136276569,2.56752333735099e-05,0.118739738117472,0.0197350208722938,4
"20239",0.608332353074971,0.00242236757267745,8.74491825782652e-07,0.149861604252021,0.00170077878086331,0.237377367919208,0.000304653908433519,1
"20254",0.000380146798295787,1.25730407973841e-12,1.83370713892471e-09,0.00673867611391383,1.63010384807546e-07,3.77252176122334e-05,0.992843287024829,7
"20256",0.810427044542218,1.96523503409483e-07,2.21876311667016e-09,0.189152439620369,5.08752380420157e-06,0.000282336271589273,0.000132893299753136,1
"20262",0.00106315778749484,1.15608133990521e-06,0.637948581284693,3.79686844461314e-07,0.36091888128815,6.50842245407715e-05,2.75964693667758e-06,3
"20270",0.512440984834326,0.00316535245838951,0.0052814568052249,0.466047401774911,0.0123744012590935,0.000677063359948325,1.33395081067975e-05,1
"20284",0.0154116311024309,1.34814596317011e-07,1.4092078479371e-05,0.000494164797440544,0.359314480522252,0.0520907891771545,0.572674707507646,7
"20287",0.00384158505506492,1.11734634166215e-08,8.16632192775289e-11,0.995770452576223,6.7551027068802e-09,0.000382997577950059,4.9467805325419e-06,4
"20290",0.000438866688841831,7.25631059487016e-11,1.12733420219963e-05,0.000410883497844855,0.000665780287388229,0.00280831073088908,0.995664885380451,7
"20293",0.99504418933983,6.93849940046307e-08,9.77131908293223e-07,0.00260585036267066,0.00191670191512365,0.000106893737042887,0.000325318128430754,1
"20296",0.0462254883139968,0.0142865633044393,0.719831069524647,8.25780256143031e-05,0.219059649423466,0.000514600689289761,5.07185466247368e-08,3
"20301",0.000466128191542486,1.36083693240189e-09,5.15447119487602e-07,0.999478332940282,2.46496601417881e-09,4.98265919693207e-05,5.19300328420208e-06,4
"20304",0.00191798539021394,2.03645039870407e-11,3.02558179664932e-08,0.000844783356403006,2.11403228759498e-06,3.08178590454689e-06,0.997232005159008,7
"20306",0.111628098904079,1.00118331642467e-08,4.54182331810825e-10,0.887279196529259,1.79615965637568e-06,0.000194288456326777,0.000896609484662737,4
"20309",0.767264845618738,4.83763023278664e-07,7.62653415419419e-05,0.0151909407036032,0.0858882095161335,0.129225789364468,0.00235346569249196,1
"20311",0.870549231060508,6.95903683973735e-07,0.000259645160237861,0.127119161511334,0.000967672123521029,0.000619257825787433,0.000484336414926995,1
"20314",0.0251708706488392,2.57186458788566e-07,0.0222254391360347,1.53722797161289e-05,0.951478050360553,0.0010521792111813,5.78311772163287e-05,5
"20318",5.48267151311604e-06,5.35992735575422e-06,0.999927664799719,1.50779082755267e-06,5.98957322823007e-05,5.90298043768476e-08,3.00484978850158e-08,3
"20320",0.00136496764374465,7.16769783209578e-06,0.00135071484389832,5.20012052475261e-05,0.401994260895974,0.593146778642128,0.00208410907117499,6
"20326",0.035332723782345,6.58595224625393e-07,0.0521126649716846,2.19577558192102e-05,0.911925704310656,0.000456800330752235,0.000149490253518638,5
"20328",0.00414513429424937,3.15974241063317e-06,8.63463436412594e-06,1.8045485179238e-05,0.791658330794666,0.201816293348539,0.00235040170059191,5
"20330",0.0282751602522438,4.01283869724102e-07,4.46421659868495e-07,0.103559015703732,6.71326422057804e-05,0.865918266075235,0.00217957762105384,6
"20336",0.0179603025645096,1.78063927148527e-09,2.03279035877761e-07,0.000255749970342379,0.00532696850952195,0.00113660333184442,0.975320170564106,7
"20338",0.0139762289958868,1.21440814855238e-09,5.83082476763638e-05,0.00156063966646966,0.000212391961965931,0.00215348911598362,0.98203894079761,7
"20340",0.100778418911026,2.29385585884538e-08,9.14783615077732e-09,0.89899789506497,2.40159743329775e-07,9.17501939778446e-05,0.000131663583887902,4
"20342",2.10861723770213e-05,3.14520737789509e-05,0.000208161466406942,0.00143340950506389,5.29518123302637e-05,0.0202801567455545,0.977972782224488,7
"20344",0.783402725484847,1.54224209977152e-07,2.0944319149203e-07,0.21543509773652,0.000457460758729215,0.000272588299388695,0.000431764053113274,1
"20349",0.472807318417828,1.00771978647395e-07,1.91521410994889e-09,0.527044825683967,5.30500432981849e-06,4.62984270730656e-05,9.61497796096497e-05,4
"20351",0.982885519306295,1.33684168511346e-07,0.000111245365494153,0.00807969047095853,0.00345464040112881,0.00202679866500994,0.00344197210694529,1
"20353",0.0433634402779131,5.03568088370214e-09,1.94479858605244e-08,0.241383862622147,3.70880718372487e-05,0.700596182096294,0.0146194024481421,6
"20357",6.62738580774148e-05,4.05650962563942e-11,9.87574862732948e-11,0.00103979061474148,1.16035400286697e-06,0.00173375473780094,0.997159020296055,7
"20360",0.000593196712769336,0.000245269379693511,4.79383871988982e-07,0.00947329109653226,2.80722782615896e-05,0.728913562719695,0.260746128429177,6
"20364",0.531818177760495,1.30459267820971e-08,7.91716716700959e-06,0.111878949046091,0.0113816405234142,0.343047432746883,0.00186586971002287,1
"20366",0.00133767463374985,1.36867604471901e-09,3.04522506733869e-06,2.27153167172107e-05,0.0013319819393163,0.000256187270636214,0.997048394245837,7
"20381",5.20379020347549e-06,0.98495495664567,0.0122135026859789,1.04183269158572e-08,0.00282247124671072,3.75758528060275e-06,9.76278291886112e-08,2
"20391",0.179988005400158,0.231209885985665,1.80478729242245e-08,0.0261150349919156,0.0139361196739673,0.532634157445224,0.0161167784551969,6
"20394",0.00148138375634122,0.00142005376377134,0.000700730868369429,6.36852022679713e-07,0.975661462124374,0.0207336156083768,2.11702674426081e-06,5
"20396",9.98510730944183e-06,0.661469019306825,0.00910104005189191,2.47838103150451e-09,0.329352785908934,6.71547362864239e-05,1.2410371840784e-08,2
"20409",0.810521689318037,2.13327277943115e-06,0.106292797440655,0.0172308543965545,0.0653887900178432,0.000101687074361053,0.000462048479770458,1
"20411",0.510803436280302,4.92554565883144e-09,1.38658682345276e-09,0.340501593773886,5.0455290647292e-05,0.0294817830793258,0.119162725263707,1
"20416",0.000811810419244909,7.68246063284738e-11,1.22391178401907e-11,0.283509739186633,3.21613559606748e-09,0.000128306429408108,0.715550140659515,7
"20418",9.55363403461562e-06,0.715040742719692,0.0471061517484036,2.09339265273141e-09,0.23783543882411,8.10466595442207e-06,6.3144129680592e-09,2
"20420",3.71345405206848e-05,1.48117270633509e-07,5.94448916347011e-05,2.79228249654829e-07,0.00682106589914983,0.000338363065986663,0.992743564257188,7
"20422",0.0658764111407653,1.54517425833246e-08,2.65101456472793e-05,0.905976502447971,6.92448434629616e-05,0.0279681690861219,8.31468842889085e-05,4
"20424",0.381831199402781,2.20269127005494e-09,4.92698041640758e-09,0.480304966722708,3.27308592214053e-05,0.101294232410941,0.0365368634746767,4
"20426",2.93802906052306e-07,1.17347722046923e-10,6.05762386987332e-05,3.94820115505285e-06,2.71143396762576e-06,2.17051162454183e-05,0.999910765089679,7
"20428",0.934645526645514,0.000730480873857503,2.9777235259663e-06,0.0111456339042663,0.00527178885341225,0.0482002636709069,3.32832851695265e-06,1
"20431",0.0250908589793673,7.91106401933253e-07,0.104268384618422,0.00277770527222053,0.51690986980533,0.346225827482184,0.00472656273607522,5
"20433",0.0155390752051458,5.56153059308587e-05,1.96498050107327e-09,0.984234794064797,9.17417548513198e-08,0.000169212713014028,1.20900437739107e-06,4
"20436",0.00234977047864254,0.996848875008736,3.19354991748791e-06,0.000769058059788962,8.27001633340131e-06,2.0802776724241e-05,3.01098577492696e-08,2
"20439",4.32333965408832e-05,0.195631444409961,0.158928501582167,8.74266342414401e-09,0.64535784822726,3.89448441225133e-05,1.87972852398162e-08,5
"20441",0.000228188133135657,1.06426414584122e-10,7.77598947163778e-08,0.00021015353848494,1.12684114873307e-05,0.00947252708909717,0.990077784961474,7
"20444",1.6909072196097e-07,1.25491807593264e-06,0.999882230026036,1.62885703873842e-09,0.000116295950131408,4.43138004355858e-08,4.07237730048463e-09,3
"20448",0.0600755892251201,0.000126693132995273,0.161556429362553,0.000183486254618226,0.77640600806185,9.12952428036715e-05,0.00156049872005988,5
"20536",0.00188623585400301,0.774871434368503,7.30236033190254e-06,9.20033936499771e-07,0.218079007091246,0.00515468625136441,4.14040615202272e-07,2
"20538",0.458639431321454,1.73235411255117e-06,3.876580445065e-07,0.00266937134953849,0.00888444160154926,0.000113546849839817,0.529691088865461,7
"20541",0.0298728265676303,1.6087374845e-11,1.32525895668695e-09,0.952842348043295,2.7660157300596e-07,0.00156679636771056,0.0157177510784446,4
"20544",0.858372819840703,5.64044404001129e-07,0.00134513926673247,0.000700559870659402,0.138233003517055,0.00101974269760908,0.000328170762837398,1
"20546",0.635208473891469,4.68379160818361e-09,6.73551278852124e-09,0.345961127229225,0.000257332172228751,0.0125343659236135,0.00603868936415882,1
"20550",0.00230260083075952,4.0908506960364e-07,6.00831581744656e-05,0.000844380542260989,0.00140114672458261,0.995230267013268,0.000161112645884706,6
"20553",0.000157587388253244,4.46119835744452e-10,1.23629134413682e-07,0.563744675483592,5.42717468941074e-10,3.71036056216196e-06,0.436093902149621,4
"20555",2.35971874018435e-06,7.31207493231525e-08,2.34184340168973e-08,3.86970846195952e-07,0.00041163657055945,0.0015339655019713,0.9980515546987,7
"20557",0.00797581285134367,7.92601463282225e-09,0.000212359763989902,0.00139779421139708,0.00951329712573164,0.96888071938805,0.0120200087334725,6
"20559",0.738576318333745,2.14975470336161e-09,1.27729314212724e-06,0.261014829757321,5.86232682826455e-05,0.000317528884244745,3.14203135091877e-05,1
"20561",0.0198417507756892,2.80092512287466e-06,0.335393687573842,3.98632793828759e-06,0.644138120205481,0.000572437352795064,4.7216839131656e-05,5
"20564",1.29806635061674e-07,2.92185049064233e-07,0.999986783898159,8.04910286675746e-09,1.27468518031704e-05,2.78599327206012e-08,1.13493183614219e-08,3
"20566",0.791985835462763,2.66983761977257e-05,5.5420282445607e-05,0.050405810287061,0.0237694668326528,0.133754077809778,2.69094910182791e-06,1
"20569",0.000131528591163134,0.000189226481445794,0.0776613736352305,3.36237050400243e-08,0.921977102304091,4.06102992485264e-05,1.25065115931048e-07,5
"20572",5.19941599584525e-05,0.0004156465755849,0.912656382584262,4.10603855045203e-08,0.0868736462392544,2.27357703557589e-06,1.58035189960841e-08,3
"20574",0.353160029538244,3.39673011014752e-10,2.79164589785791e-06,0.642974625160587,3.88109055899782e-05,0.00250807965703909,0.00131566275296847,4
"20576",2.46582067363554e-06,2.05111901846616e-07,0.999906187788635,2.50998734690811e-08,9.09510606750516e-05,1.26138380438416e-07,3.89798600747217e-08,3
"20578",0.970872244892739,1.72863851023338e-07,0.00125994103014956,0.00476399255871558,0.0151628800928376,0.00782060115037058,0.000120167411336804,1
"20580",0.958692210554389,3.80999388562345e-06,1.72195651409018e-05,0.011257006234364,0.0290960531792392,0.000918576679717788,1.51237932634356e-05,1
"20583",1.4002432416966e-06,2.04677751990945e-07,0.999953221118686,2.2361291808538e-08,4.50450514079493e-05,7.81907944335855e-08,2.83568258657058e-08,3
"20586",0.972669811376544,1.74971819961155e-07,6.53435179808155e-07,0.0134544418587866,0.0123681415698827,0.000905742410657871,0.000601034377128967,1
"20589",0.362799519734464,9.3522936272148e-08,4.99394580383823e-10,0.631278651996179,3.2447188826056e-06,0.00584013083779412,7.83586903487594e-05,4
"20591",0.00450561803550173,7.9809512412699e-06,2.29530711606967e-06,3.27154732691826e-05,0.102758614809291,0.810878586360794,0.0818141890627866,6
"20593",0.00405665446013607,9.76920886757635e-10,1.37328006594493e-09,0.995890644180052,1.47620233333135e-09,5.06930416031002e-05,2.00449180595629e-06,4
"20595",0.964621369268418,1.13208263509071e-08,1.64961244107745e-05,0.0347580028178098,0.000398993373945201,0.000117235940246787,8.78911543432015e-05,1
"20597",4.60461862285735e-07,0.999061890860738,2.19210837331295e-06,5.87069929802233e-10,0.000934769267045317,6.86081971328771e-07,6.32939457989496e-10,2
"20599",2.03391613223825e-07,5.2284201224233e-07,0.999977419281396,9.09324112472288e-09,2.18230604873122e-05,1.64120739374249e-08,5.91917599713524e-09,3
"20601",0.00353103082686141,2.10262978286648e-06,0.000193016355460992,1.28198483505002e-06,0.972627202685009,0.0236055079686182,3.98575494321384e-05,5
"20604",0.116033518495913,9.46672965419924e-10,4.96653689842056e-07,0.883915497568937,8.89680791562823e-07,3.3677120077083e-05,1.59195339185286e-05,4
"20606",0.0774629734957164,1.29335543823506e-09,8.35868284857148e-09,0.922079763981709,5.97760957451248e-07,0.000440947313342494,1.57077962358441e-05,4
"20608",0.495966650863763,1.41797579972727e-06,2.1457538898863e-07,0.465795735563299,0.000106260801371166,0.0381255308811191,4.18933925927344e-06,1
"20610",1.05303314721191e-05,3.18090789469665e-07,0.999344641247901,2.05283057427729e-07,0.000637235535401534,6.85799027437811e-06,2.11521103928877e-07,3
"20612",0.0659061488386248,0.744107162231217,0.00066993157783693,0.0927988269135885,0.000411800511699773,0.000161541010278441,0.0959445889167552,2
"20614",2.70628159730621e-06,2.80042842820363e-07,0.993794985300851,1.17591836904049e-08,0.00619195396980465,9.88582545380401e-06,1.76820266203713e-07,3
"20616",0.038677599560429,2.32159063030488e-05,0.000389198310765565,5.78295112367886e-05,0.959665012736486,0.00108270612340003,0.000104437851379535,5
