"","V1","V2","V3","V4","best$classification"
"19812",0.963103441726921,0.0355239645965817,0.00135773579763869,1.48578788584358e-05,1
"19814",0.985142535452423,0.00616737621231692,9.17102291116028e-05,0.00859837810614882,1
"19816",0.0336029400478488,0.966367504804841,2.0203187443971e-05,9.35195986612056e-06,2
"19818",0.8911714760207,0.0826393569835435,0.00016716455557615,0.0260220024401802,1
"19820",4.25390469929725e-06,0.999856808953368,0.000138907250421335,2.98915110278627e-08,2
"19822",5.75354626341786e-05,0.94043709733678,0.0594942210696046,1.11461309816274e-05,2
"19824",0.00256980359292084,0.993073855695127,0.000128471989528748,0.00422786872242313,2
"19826",0.960798043548719,0.0389853292749682,3.43598557152356e-05,0.000182267320597548,1
"19828",0.00146444974730833,0.99792087537519,0.000602468347125555,1.22065303758539e-05,2
"19830",0.997908345223436,0.000632226160135399,0.000978520430860513,0.000480908185567815,1
"19832",0.259407388516125,0.179602303286501,0.560977205582054,1.31026153199138e-05,3
"19834",0.0908168716114018,0.888415226285623,0.0202971263665441,0.000470775736431127,2
"19836",0.75863191395654,0.2409902777071,0.000357433985640213,2.03743507199007e-05,1
"19838",0.997354189696192,0.000233522621044328,0.000251612680642606,0.00216067500212052,1
"19840",0.271585509698423,0.728240290452161,0.000105753713119454,6.84461362965545e-05,2
"19842",0.998870376386851,0.000160355718245745,6.39276243165861e-06,0.000962875132471444,1
"19844",9.62102743354518e-05,4.11224880757596e-05,4.73622649227526e-07,0.99986219361494,4
"19846",0.783914397599259,3.67370265284502e-05,9.54227454818944e-07,0.216047911146758,1
"19848",0.903406125931844,6.88986050151535e-05,3.91385283465813e-06,0.0965210616103064,1
"19850",0.659650626077729,0.000680014838814025,2.04410903868377e-05,0.33964891799307,1
"19852",0.300137924704845,0.698206229706712,0.000499963072933357,0.001155882515509,2
"19854",0.985627219291965,7.30320962754105e-05,9.37773979320705e-06,0.0142903708719663,1
"19856",0.0375983595147015,0.0021872913533331,6.20812318883322e-05,0.960152267900077,4
"19858",0.00757785939683039,0.0496311676733372,0.000492141357266897,0.942298831572566,4
"19860",0.636399060862824,0.363107109405412,0.000323566464146826,0.000170263267617257,1
"19862",0.982239112554138,1.86125654284026e-05,1.01717598829169e-06,0.0177412577044453,1
"19864",0.535163375016434,0.304538745304813,0.00234044934979876,0.157957430328954,1
"19866",0.0160091887403627,0.983923456704362,5.57388681202428e-05,1.16156871550814e-05,2
"19868",0.000284743028756899,3.94163691143557e-05,0.999531586092576,0.000144254509552872,3
"19870",0.990388603788032,0.000780141107706448,1.06820203401906e-05,0.0088205730839218,1
"19873",0.960413456401386,0.0368750916055683,2.54639147794521e-05,0.00268598807826564,1
"19875",0.00710133062601355,0.99213233746064,0.000765795950303326,5.35963043227909e-07,2
"19877",0.986387740813414,0.00804844933370835,9.53429006148061e-05,0.00546846695226344,1
"19879",0.641482492680593,0.346433901858323,0.00257187207974946,0.0095117333813348,1
"19881",0.982509239266073,0.0140302102507362,2.70973688846709e-05,0.00343345311430636,1
"19883",0.994092534230031,0.00542653218036209,4.20041327187798e-06,0.000476733176334894,1
"19899",0.599052542622627,0.389181513815963,0.0116213583174997,0.000144585243909924,1
"19908",0.131489635255224,0.607026732494788,0.219463322227558,0.0420203100224301,2
"19910",0.625066365965061,0.37364321485732,0.00017063126970886,0.00111978790791035,1
"19912",0.995397024669473,8.26092302002578e-05,3.83092641394539e-06,0.00451653517391276,1
"19914",0.727165594870306,0.26115006422575,0.00937515869473144,0.0023091822092125,1
"19916",0.00338739017117335,0.994339983308085,0.00021602544293824,0.00205660107780302,2
"19918",0.831536344864846,0.000954952280949243,1.3038401554487e-06,0.16750739901405,1
"19920",0.130801069056185,0.000100396633211095,1.19961481570479e-06,0.869097334695788,4
"19922",0.284257650232143,0.0279801411107329,0.687654334795178,0.000107873861945578,3
"19924",0.932189813848929,0.0178930449968408,4.60300444648339e-05,0.0498711111097652,1
"19926",0.465206664086504,0.510785808396004,0.0239989691300251,8.55838746679984e-06,2
"19928",0.532111538929531,0.00789350593178829,0.00103731606762078,0.45895763907106,1
"19930",0.997241974023294,0.0019807801844135,3.90397184397605e-05,0.000738206073852271,1
"19932",0.994224532196076,0.000158387649038461,3.08017827467297e-05,0.00558627837213934,1
"19934",0.0352660180795284,0.961048589041147,0.00347506042450674,0.000210332454817928,2
"19936",0.977896088221502,0.0201805541193688,0.00137684190841498,0.000546515750713875,1
"19938",0.00106882862254449,0.994679323175703,0.00415400922350289,9.78389782493551e-05,2
"19940",0.912224142635893,0.0857036998906302,2.34017938826573e-05,0.00204875567959438,1
"19942",0.940689999541506,0.0256529139314134,0.00015332617686839,0.0335037603502124,1
"19944",0.298769397672403,0.700929180669016,0.000166346792788915,0.000135074865791576,2
"19946",0.82206245055945,0.146722529145233,0.000225492842673878,0.0309895274526435,1
"19948",0.934181912924377,0.00929624409183986,1.85665959617627e-05,0.0565032763878218,1
"19950",0.00321705433625778,4.36415707149614e-06,1.27265681034374e-06,0.99677730884986,4
"19952",0.934181912924377,0.00929624409183986,1.85665959617627e-05,0.0565032763878218,1
"19954",0.996551381816231,0.000496681408013563,1.41294939742944e-05,0.00293780728178102,1
"19956",0.339869458980335,5.1916646059149e-05,0.000377677338146744,0.659700947035459,4
"19958",0.00464332182467057,0.000438913775669413,0.993030612869705,0.00188715152995458,3
"19962",0.581515974934986,0.236141308091263,0.00471103456721679,0.177631682406534,1
"19964",0.909352713549698,0.0577130361328185,5.97151865765272e-05,0.0328745351309071,1
"19966",0.000941745261348789,0.998902958377143,0.000154868070515434,4.2829099294712e-07,2
"19969",0.998558038668253,0.0010181723275986,7.77698963047181e-06,0.000416012014518455,1
"19972",0.854974831183197,0.00130725635754432,7.45134026504755e-06,0.143710461118993,1
"19974",0.0797315965454066,2.92043242440663e-06,8.85973176565953e-08,0.920265394424851,4
"19976",0.901524276899302,0.0268772796404934,6.26042446834922e-05,0.0715358392155217,1
"19978",0.291854158849797,0.706571662823002,2.36052149040165e-05,0.0015505731122962,2
"19980",0.672748390147976,5.49949801036699e-05,8.10347951057481e-06,0.32718851139241,1
"19982",0.17040455411877,0.000661139155026604,0.000117858108064576,0.828816448618139,4
"19984",0.001116576604464,5.84538702871297e-05,7.71751541806717e-07,0.998824197773707,4
"19986",2.23401638467057e-05,0.99936247598085,0.000615150716852189,3.3138450919172e-08,2
"19988",2.25346803023368e-06,0.999001899701258,0.000995827304169218,1.95265423447846e-08,2
"19992",2.19721262690107e-05,0.998921526377543,0.00105583372847017,6.6776771804048e-07,2
"19994",0.997276747120993,0.00241785474033286,0.000113721013456712,0.000191677125217017,1
"19996",3.50649559010701e-05,0.999816053671194,0.000148326619250692,5.54753653595095e-07,2
"19998",0.861896250330849,0.10488414965425,0.000529341699892901,0.0326902583150083,1
"20000",0.978203947864918,0.000257307983400627,0.0202605238719527,0.00127822027972897,1
"20003",0.989727574285261,0.00989669252532789,0.000361686051822052,1.40471375894415e-05,1
"20005",0.90989206112523,3.15025637495235e-05,1.23127430002518e-06,0.0900752050367208,1
"20007",0.3125808222178,0.680412711749562,0.00526574710531448,0.00174071892732288,2
"20009",0.00168181239839723,0.996576955231818,0.00107653805326197,0.000664694316522694,2
"20011",0.96915773530765,0.00716845914573518,2.14310141338906e-05,0.0236523745324807,1
"20013",0.873087623904389,0.00192814872899979,7.72796317283231e-05,0.124906947734883,1
"20016",6.84489447372999e-05,0.99295123140233,0.00695960539675787,2.07142561746785e-05,2
"20018",2.67090147166982e-07,0.0183112561264255,0.98168845798274,1.88006876545649e-08,3
"20021",0.019261248282068,0.980007672694427,0.00073012346909202,9.5555441299248e-07,2
"20023",0.0778135414660177,0.919556255511473,0.00242477606533114,0.000205426957177879,2
"20025",0.000116353233695681,0.569294676675137,0.430588375207018,5.94884148590652e-07,2
"20027",0.999493245219142,0.000341673836745424,9.48117922574592e-06,0.000155599764887344,1
"20029",0.969008242161193,0.000117293443341986,6.51994116129954e-07,0.0308738124013489,1
"20032",0.999535898195313,0.000330601903193132,1.97672539743747e-05,0.000113732647519771,1
"20034",0.983065611647141,0.0120359087128623,3.41568155086387e-05,0.00486432282448813,1
"20036",0.744011266295651,0.0593026425694608,0.00309659353482546,0.193589497600063,1
"20038",0.000967371554213277,0.989446749395633,0.00958585309659912,2.59535545943813e-08,2
"20040",4.28043912692854e-05,0.98491926903055,0.0150167357224637,2.11908557170959e-05,2
"20043",0.00416487484728426,0.994442271610987,0.00139058369451308,2.26984721513229e-06,2
"20045",2.29522513501284e-06,0.990662875312072,0.00933439182913554,4.37633657506036e-07,2
"20048",0.000149347927283129,1.91315854807874e-06,7.72708670411821e-07,0.999847966205498,4
"20051",0.502827675294572,0.450854263389479,0.0332636263168141,0.0130544349991352,1
"20053",0.019353962854894,0.980005580029395,0.000180562995407825,0.00045989412030323,2
"20055",0.0803234164591706,0.764587042677717,0.155088965778618,5.75084494449864e-07,2
"20057",0.000458219952810101,4.83633335610525e-06,0.996332000904502,0.0032049428093316,3
"20059",0.0201788707699684,0.975510182827896,0.004224037032595,8.69093695409546e-05,2
"20061",0.129914005974897,0.868941344712472,0.000759153273038587,0.000385496039592667,2
"20063",0.000157884488881177,0.0206772466135098,0.000869972510632794,0.978294896386976,4
"20065",2.36687139234903e-05,0.160142790090987,0.839833539835612,1.3594779146269e-09,3
"20067",0.000427110553225114,0.984065036555836,0.0152454550625395,0.000262397828399663,2
"20069",0.431130390077051,7.66249507264327e-05,1.34952061167332e-05,0.568779489766105,4
"20071",0.609103203009825,0.379119508463963,0.00816127068382532,0.0036160178423868,1
"20073",0.109679358817545,0.00156733401513102,3.37151176610905e-06,0.888749935655558,4
"20075",0.000391922569333388,2.55861155070783e-05,0.999579328687885,3.16262727441292e-06,3
"20077",0.0176063365436625,0.981479056872378,0.00022096530984276,0.000693641274116879,2
"20079",0.0845506323616058,0.232958966099373,0.00307056430482298,0.679419837234198,4
"20081",0.00735468740892554,0.822935561495341,0.169695297473783,1.44536219499318e-05,2
"20083",0.027626121931513,0.00863786869831593,0.00172013646962444,0.962015872900547,4
"20085",3.72768227025261e-06,0.995985597811965,0.00401066896785726,5.53790732763755e-09,2
"20088",0.00070415090023744,0.99770241312216,0.00159294096802055,4.95009581683536e-07,2
"20091",0.000149805657351727,0.00341681062573112,0.996427608036841,5.77568007654485e-06,3
"20095",0.0260087055776148,0.0685652825528854,0.000439275610523931,0.904986736258976,4
"20097",6.05973161298188e-06,0.984831190800151,0.0151627425524239,6.91581172893055e-09,2
"20099",0.00872761792737582,0.978136644274191,8.83529289142322e-06,0.0131269025055418,2
"20102",0.00422162455778288,0.00416607100040174,0.129102503351076,0.86250980109074,4
"20105",0.00607298956524176,0.992527942293478,0.000614597839902276,0.000784470301377759,2
"20107",0.000995577661439046,0.998746147983498,0.000256523901231478,1.75045383175065e-06,2
"20109",0.0362627779460369,0.677320837315683,3.99891575535985e-05,0.286376395580726,2
"20111",0.405089531719369,0.000353907839151108,0.570407099576271,0.0241494608652085,3
"20113",0.0396325659925026,0.959927587606818,0.000432010364100178,7.8360365795141e-06,2
"20115",0.997453625976384,0.000247876240312472,0.000474724808047855,0.00182377297525575,1
"20117",0.00995880212219568,0.238890111307476,0.751086205615129,6.48809552002936e-05,3
"20119",0.00127638317532858,0.998645325458327,7.80053411032337e-05,2.86025241489799e-07,2
"20121",0.000182344527751863,0.999181288317478,0.000636275573707321,9.15810624042273e-08,2
"20123",5.13671629715282e-05,0.00223899888354206,0.997709588131298,4.58221884751348e-08,3
"20125",0.869472799561301,0.00056788996188039,7.97501298411987e-05,0.129879560346978,1
"20127",2.73115979777943e-05,0.999483735765219,0.00048350734976853,5.44528703484623e-06,2
"20140",0.20172121551091,0.38914154945869,0.409130001017413,7.23401298714732e-06,3
"20142",0.00923389351921953,7.79184187743783e-06,3.2005405432086e-06,0.99075511409836,4
"20144",0.973696470280407,0.000319087434359582,0.0130191301720583,0.0129653121131753,1
"20146",0.585822126136941,0.0124115703418071,0.00675270186246606,0.395013601658786,1
"20148",0.985092055744159,0.0140675675929315,0.000272162880353134,0.000568213782556184,1
"20150",0.41082219458523,9.73432748904815e-06,6.12355863130872e-07,0.589167458731418,4
"20152",0.950973809161346,0.0482865672447731,0.000339756753282206,0.000399866840598454,1
"20154",2.61218496726473e-05,0.0437005707342247,0.956262221464408,1.10859516951606e-05,3
"20156",0.153112761860865,0.754038138262313,0.0244385099518876,0.0684105899249341,2
"20159",0.372863889658714,7.95870999389379e-05,2.55983551849735e-05,0.627030924886162,4
"20161",0.0183064438050935,0.00136025429523611,0.00013638469334111,0.980196917206329,4
"20163",0.946353064639394,0.0518478705079953,0.00176693025278773,3.21345998224087e-05,1
"20165",0.00181623617374581,0.0183419669519095,6.59641284476828e-05,0.979775832745897,4
"20167",0.973389928000173,0.0092041311776564,2.74282640536309e-05,0.0173785125581165,1
"20169",0.000556250633898238,2.34078917585302e-06,1.0026970792931e-06,0.999440405879847,4
"20171",2.26890957784509e-06,0.011698685112739,0.988287218239653,1.18277380298866e-05,3
"20173",0.00972111824749738,0.157521817309073,5.91796360422009e-05,0.832697884807387,4
"20175",0.980993890890776,0.00295576141606058,5.17726774872219e-05,0.0159985750156758,1
"20177",0.0235281950898468,0.974992010838029,3.23917109844037e-05,0.0014474023611396,2
"20180",0.0001814983665753,0.996443735558806,0.00337476437913798,1.69548036131366e-09,2
"20182",0.000454795048113029,1.43550381407079e-07,2.96205427182237e-05,0.999515440858787,4
"20184",0.0609550572210462,0.000394565299864215,9.54720219029387e-06,0.938640830276899,4
"20187",0.453867196188167,0.335265846372121,8.4832951283976e-05,0.210782124488428,1
"20189",0.106505834661906,0.893422886896776,1.69297344359817e-05,5.4348706882143e-05,2
"20192",0.0149377612647445,0.848781089154789,0.136251790102859,2.93594776075265e-05,2
"20194",0.153701843136646,0.000304219904908044,8.92739924799405e-06,0.845985009559198,4
"20196",0.000234574771201728,0.817370150784971,0.182394438747369,8.35696458092241e-07,2
"20198",0.661563337303692,0.328128345992237,0.00882428137035491,0.0014840353337161,1
"20204",0.444348098809717,9.83858870526106e-05,3.40542517527601e-05,0.555519461051478,4
"20207",0.000346739636435875,0.894973945821096,0.10462732674539,5.19877970772415e-05,2
"20209",0.951690722210782,0.000912427781597246,0.0473692377426733,2.76122649478298e-05,1
"20211",7.00948574605471e-05,0.00163304882004788,0.998296642508742,2.13813750156461e-07,3
"20215",0.0234664767750174,0.974545091102086,0.00189746966832548,9.09624545707487e-05,2
"20218",0.0245188755252658,1.26043659776601e-05,3.20192273816911e-06,0.975465318186018,4
"20222",0.0084100578999744,0.908498571415577,0.0829430360044409,0.000148334680007762,2
"20225",0.957705158425333,0.000480112074768223,0.00120949952017353,0.0406052299797252,1
"20229",0.793413225357574,0.0563635982725354,0.148098816804263,0.00212435956562764,1
"20232",0.117454944971985,0.85289864551761,0.0295828125446145,6.3596965790528e-05,2
"20234",3.9059262010564e-06,0.883145042818499,0.116851035276763,1.59785363176989e-08,2
"20238",0.000798550254863972,0.996937546173424,0.0022412771290538,2.26264426579109e-05,2
"20253",0.000467717933338124,0.998323851956414,0.0012037510905483,4.67901969990084e-06,2
"20255",0.997314538149882,0.000857305868439152,0.00106082630804365,0.000767329673634884,1
"20258",0.000351604386400732,0.99953702036922,0.000111065079878474,3.10164501234366e-07,2
"20269",0.0367176007455051,0.914716419798462,0.000185809105347365,0.0483801703506851,2
"20271",0.00153045438683923,0.99843442733154,3.32331843386014e-05,1.88509728210141e-06,2
"20285",0.90006583421298,0.0649967341607997,0.000194218223841509,0.0347432134023784,1
"20288",0.0292569932610882,0.966752168900673,0.00379547200745662,0.000195365830782294,2
"20291",0.000421188874363857,0.738147180778071,0.261424727663673,6.90268389228405e-06,2
"20295",0.146497511037167,0.813161350762099,0.000290741328226104,0.0400503968725076,2
"20298",0.991998132990823,9.21104449368258e-05,1.19578828081714e-05,0.00789779868143176,1
"20302",0.348373187744766,0.00188337428760762,1.47151415606742e-05,0.649728722826065,4
"20305",0.998179285344612,5.652406760921e-05,3.83434534240099e-06,0.00176035624243603,1
"20307",4.8663392584318e-05,0.99924413978141,0.000707072952348351,1.23873657913544e-07,2
"20310",3.0660787795832e-06,0.997255444991973,0.00274132810467324,1.60824573858548e-07,2
"20313",0.00130286654443482,5.74614214873502e-07,7.86240109354017e-08,0.998696480217339,4
"20315",0.00139425814256595,0.998411592991458,0.000192182390834634,1.96647514132057e-06,2
"20319",0.000383481339522637,0.406531276188228,0.59308474753162,4.94940629995558e-07,3
"20321",0.000190927943684676,0.999654095076064,0.000137338566731724,1.76384135195942e-05,2
"20327",0.000156622043381031,0.999823601650167,1.87538888086462e-05,1.02241764275657e-06,2
"20329",0.682804472212486,0.00214517012431143,3.90871920939172e-06,0.315046448943993,1
"20335",3.39771871127164e-05,0.876299588842213,0.123663874887711,2.55908296264866e-06,2
"20337",0.694924220253502,0.00013337056740151,2.9727681329616e-05,0.304912681497766,1
"20339",0.0210254998303421,0.0117102726436286,0.96725212602378,1.21015022490364e-05,3
"20341",7.03361793659252e-05,0.0335658858790306,0.965899700601553,0.000464077340050761,3
"20343",4.01799101107198e-05,0.9889600827764,0.0108781863213531,0.000121550992135975,2
"20345",0.994755688788165,0.00515699138462216,6.12854139228567e-05,2.60344132902981e-05,1
"20350",0.185466694770276,0.448888521565823,0.328032267042648,0.037612516621253,2
"20352",0.000994085933964858,9.15495317784322e-06,1.0884480032635e-06,0.998995670664854,4
"20355",0.0452422670479234,0.00712119963211677,0.00045995250354252,0.947176580816417,4
"20358",0.635261733561794,0.000341011157619064,1.32466882948637e-06,0.364395930611758,1
"20363",0.000584539649506864,0.999269582438498,0.000133668265966664,1.22096460285019e-05,2
"20365",0.032441840774479,0.414631958486133,0.552921746279902,4.45445948660224e-06,3
"20379",0.99544160209063,0.000790212845339406,0.00112644297934961,0.00264174208468096,1
"20387",0.000877373860678959,0.997032135536533,0.00208977738073847,7.132220497777e-07,2
"20392",3.34214309649233e-05,0.00385661009203762,0.996109942535698,2.59412993792542e-08,3
"20395",0.968350362512038,0.029041512588899,0.000666772727312544,0.00194135217175009,1
"20397",0.0166476047627297,2.20091085652088e-05,8.51742840003692e-07,0.983329534385865,4
"20410",0.0185148724950639,0.980666593816909,0.000818331574779912,2.02113247517446e-07,2
"20414",0.666857754953157,0.00213963182871614,2.16802019260418e-05,0.330980933016201,1
"20417",1.97704305132307e-06,0.131822247586884,0.868175664408222,1.10961842500802e-07,3
"20419",8.24042676306034e-05,0.999910010223529,3.71231485566981e-06,3.87319398509792e-06,2
"20421",0.297607524201944,0.00822906803867328,0.0302887640305363,0.663874643728847,4
"20423",0.591618840968948,0.000652496222367467,0.000312804122590897,0.407415858686093,1
"20425",0.397902837104058,0.00164287728329014,0.001140590875597,0.599313694737055,4
"20427",0.932101923088653,0.0672047074534558,8.37482935231446e-05,0.000609621164367819,1
"20429",0.000408007092783226,0.994446780871433,0.00475669631549628,0.000388515720287827,2
"20432",0.183122331729487,0.000106353494116139,1.14449550683653e-06,0.81677017028089,4
"20435",0.190854252989721,0.779517302409328,0.0296014334752757,2.70111256758652e-05,2
"20438",0.000811934175432834,0.998629352367256,3.32407785397322e-05,0.0005254726787717,2
"20440",0.000341430632535249,0.999571873863138,4.57467357105951e-05,4.09487686163607e-05,2
"20443",0.00319069576929782,0.0005238138310795,8.51535337007111e-05,0.996200336865922,4
"20446",0.445958701477912,0.546343090005485,0.00198828122185862,0.00570992729474469,2
"20449",0.195237579874695,0.786783923500165,0.0179296656175207,4.88310076191169e-05,2
"20537",0.00825985761469442,0.71730728981237,0.274181300652019,0.00025155192091624,2
"20540",2.31388712950285e-05,0.0122283543089347,0.987748481171832,2.56479377650017e-08,3
"20543",0.725111653255546,0.268038603466961,0.00137241203743305,0.00547733124005947,1
"20545",5.03954128241528e-05,0.00173705004850508,0.998211907726559,6.46812111454241e-07,3
"20549",0.873741211101809,0.0959094632493601,0.00943412066072677,0.020915204988104,1
"20551",0.0198832574169634,0.977415903151702,0.00254957978733744,0.000151259643996876,2
"20554",0.00622994423511401,0.993565423002618,0.00017950747493627,2.51252873322015e-05,2
"20556",0.534909746998987,0.267094537523467,0.195996064885526,0.00199965059202062,1
"20558",0.000124348820562293,0.999589930392122,0.0002850463392166,6.74448099329494e-07,2
"20560",0.0171949786851379,0.979072763175808,0.000152888903086974,0.00357936923596748,2
"20563",2.29706235914062e-05,0.999600885046942,0.000374062767502529,2.08156196464332e-06,2
"20565",0.0959951017392266,0.879804239744222,0.0020047261722804,0.0221959323442712,2
"20567",0.124427657016929,0.000178542160400769,5.26314876651594e-06,0.875388537673904,4
"20571",0.00275603116748454,0.964956469784216,0.0321849038748671,0.000102595173432449,2
"20573",0.0373426858316389,0.955694913589029,0.00628158789982725,0.000680812679505312,2
"20575",5.63623072187259e-05,0.999777946211014,0.000165136718568706,5.54763198096371e-07,2
"20577",0.864248522811906,0.132632148712093,0.00291645274951392,0.000202875726488041,1
"20579",0.00325820012521611,3.92663438372845e-06,4.1927042727645e-08,0.996737831313358,4
"20582",2.50540073899497e-05,0.999787141500117,0.000187672623348578,1.31869144750159e-07,2
"20585",0.0131912012620745,0.10075795056337,0.886048218579485,2.6295950707777e-06,3
"20588",0.0101491065601786,0.011157505496499,0.97846101493246,0.000232373010862592,3
"20590",0.00756849303512971,1.34958266330908e-06,2.87691130796805e-08,0.992430128613094,4
"20592",1.14306992743557e-05,0.99985439319643,0.000131811590125609,2.36451416964826e-06,2
"20594",5.21019287004659e-05,0.999486981080299,0.000460883306174155,3.36848264993229e-08,2
"20596",0.016462904990782,0.982548052397028,1.10433077186177e-05,0.000977999304471186,2
"20598",0.0131057135352913,0.986693429641563,0.000187872131567142,1.29846915783979e-05,2
"20600",0.144390819911916,0.0960773983361358,0.758205908190594,0.00132587356135394,3
"20603",0.987916291511796,0.00130801162236718,0.0051017959388571,0.00567390092697921,1
"20605",0.00080218220149811,0.99852768203628,0.000670033490027035,1.02272194414634e-07,2
"20607",0.00257421029368961,0.997399982378543,2.41391445627594e-05,1.66818320451536e-06,2
"20609",0.022794555561336,0.976933086527394,0.000206595631501646,6.57622797686595e-05,2
"20611",0.999331685565193,6.36067188109246e-05,3.70665115216672e-06,0.000601001064843647,1
"20613",0.563103801844353,0.432714056103598,0.00415342447561431,2.87175764348527e-05,1
"20615",0.533369514922245,0.365894067336402,0.0976571741713037,0.00307924357004959,1
"20617",0.00398084287666707,4.54219971899846e-06,1.38542638141852e-06,0.996013229497232,4
"20619",5.18278758450896e-05,0.999878754286298,6.2270351662397e-05,7.14748619454149e-06,2
"20621",0.0204423531311339,0.978907518511361,0.000589537532119684,6.05908253848735e-05,2
"20623",0.0151345265668989,0.00297681591165173,7.169632279105e-07,0.981887940558221,4
"20625",0.897173891016376,0.00274680490301717,0.0477066410840853,0.0523726629965214,1
"20627",0.245874537584103,0.753409147550255,0.000705345967359815,1.09688982821282e-05,2
"20629",0.163315654247761,0.831161387216497,0.00456454324008237,0.000958415295660214,2
"20631",2.70280762679934e-05,0.999755028014877,0.000204717541900802,1.3226366954388e-05,2
"20633",0.000766483081350153,3.28136610330856e-07,3.40083901003832e-08,0.999233154773649,4
"20636",0.963604232391523,0.00117625652863762,1.26684973897604e-05,0.0352068425824494,1
"20638",0.771659028610983,0.151381159906291,0.076608523013731,0.000351288468994284,1
"20640",0.0044730459141048,0.909646145604544,0.0858807484598832,6.00214678709272e-08,2
"20645",6.66090551336835e-06,0.994480492909648,0.00551283666244784,9.52239082522095e-09,2
"20647",0.000158272647343258,2.0400558945011e-06,8.94412752934362e-07,0.999838792884009,4
"20649",0.0217898134419979,0.964686645675415,0.0135029587125821,2.05821700046494e-05,2
"20651",2.36392855442096e-05,0.996411866645645,0.00354085806528479,2.36360035261427e-05,2
"20656",0.00208201067179259,0.957763317906003,0.0401462302849154,8.44113728960309e-06,2
"20660",0.015599938697613,0.0775948302082752,0.90679352878804,1.17023060720189e-05,3
"20662",0.0914650240732793,0.000543696659545204,4.56256991434078e-06,0.907986716697261,4
"20664",0.0194633765233656,0.860771072281553,4.64545583653676e-05,0.119719096636716,2
"20666",0.936638983370254,0.00104642385178396,0.0621283966796727,0.000186196098289376,1
"20668",0.527804384125367,0.000183909116973373,2.01819971502342e-06,0.472009688557944,1
"20670",0.0021744200644836,0.997368600869362,0.000443232495726574,1.37465704282078e-05,2
"20672",0.524763149545872,0.000147082946260395,6.68037788361434e-05,0.475022963729032,1
"20674",0.093394933959963,0.906094975284054,0.000254087059076084,0.000256003696907319,2
"20676",0.926540651380139,1.81147188224093e-05,3.87742794968829e-06,0.0734373564730888,1
"20678",0.497710730282255,1.76840874142575e-05,5.15939506617326e-07,0.502271069690824,4
"20680",0.678372760322741,0.00337913648205352,8.77087610810295e-05,0.318160394434125,1
"20682",0.995001575620354,0.00356543180061892,9.91840518085174e-06,0.00142307417384679,1
"20684",0.166627526458765,0.828530498991503,0.00478534985514283,5.66246945891016e-05,2
"20686",0.0256035768880765,1.85557259951842e-05,3.54185872079445e-06,0.974374325527208,4
"20688",0.0477614152126196,8.99228926498272e-06,1.91148502451838e-07,0.952229401349613,4
"20690",0.00249670327980359,0.0474505895893017,0.950052409140392,2.97990502249716e-07,3
"20692",0.00210454937109355,4.56696895153102e-07,2.26237424759242e-08,0.997894971308269,4
"20694",0.975389051565723,5.23329049183407e-05,4.70747585981229e-06,0.0245539080534987,1
"20696",0.989591605893489,0.00113501753792021,4.34140506257782e-05,0.0092299625179653,1
"20698",0.0763047174027416,0.902494032562821,0.0119538797371847,0.00924737029725288,2
"20700",0.00206905480917419,0.993525893525103,0.000524308425234544,0.003880743240488,2
"20702",0.000235503411948464,0.114071476383124,0.885692898353575,1.21851352116866e-07,3
"20704",0.18456071358381,0.814730278350944,0.000627720676984695,8.1287388262146e-05,2
"20706",0.745883386364809,0.226176840829506,0.0059719274162461,0.0219678453894395,1
"20708",0.989582739698854,0.000128044554953276,1.62005152819454e-06,0.0102875956946651,1
"20710",0.045810538777028,0.544241155779198,0.40994497565942,3.32978435397305e-06,2
"20714",0.0172037757644426,5.74958978442294e-05,1.84842853430322e-07,0.98273854349486,4
"20716",0.0108876470522256,0.988922754485157,0.000188147956891736,1.45050572601408e-06,2
"20719",0.442671982532668,0.556287994836099,0.000519410128376122,0.000520612502856119,2
"20721",1.31492428802218e-05,0.999843113105186,0.000140842034420178,2.89561751362311e-06,2
"20723",0.217194622871521,0.773423489075186,0.0070937310547698,0.00228815699852367,2
"20725",0.996327475667956,0.00316603703032382,0.000266679957038493,0.000239807344681352,1
"20727",0.00855913445185351,8.84930642951749e-06,0.000175602235856928,0.99125641400586,4
"20729",0.999485433994594,7.4396807657273e-05,4.92127180638441e-06,0.000435247925941918,1
"20731",0.99894150512026,0.000822645198424089,0.000198524927570812,3.73247537449166e-05,1
"20733",0.132879974878699,0.862183441375939,0.00490719792224128,2.93858231205835e-05,2
"20735",0.584960567472675,0.395113545129912,0.0199061293416129,1.97580558006575e-05,1
"20737",0.937401171960482,7.19460109971978e-05,6.08346249520971e-07,0.0625262736822709,1
"20739",0.00103745721652018,5.48375117945114e-07,1.18556077801264e-07,0.998961875852284,4
"20741",0.942873363771697,0.0123814465896535,0.000161630587329316,0.0445835590513202,1
"20743",0.993256668001368,0.00612270355926525,6.87614452890081e-05,0.000551866994077464,1
"20745",0.000192584098355083,0.999399447694587,0.000402338706369132,5.6295006887622e-06,2
"20747",0.999552638097608,8.35435923514415e-05,5.66695272635347e-06,0.000358151357313844,1
"20749",0.99913295333928,4.13159529665467e-05,6.61621464108282e-06,0.000819114493112056,1
"20751",0.995764364950968,5.74419547785254e-05,0.00326632076208841,0.000911872332165214,1
"20753",0.999436231733136,0.00015103465993136,7.00050969526478e-06,0.000405733097237445,1
"20755",0.92463079613766,0.000529069900443221,5.85064065854284e-06,0.0748342833212386,1
"20757",0.218595241294513,0.21233284827343,4.04116172997345e-05,0.569031498814758,4
"20759",0.000265452900615364,0.999387821501889,4.33962848262495e-05,0.0003033293126691,2
"20761",0.960267101276987,0.0370051791493758,0.000151514279816216,0.0025762052938208,1
"20763",0.898916884805963,0.0900818900644831,0.00146051864749766,0.00954070648205676,1
"20765",0.989240820120697,0.00480034485254544,0.000134615167887144,0.00582421985886993,1
"20767",0.0638386602206824,0.935668209428042,0.000486229242443653,6.90110883173692e-06,2
"20769",0.062306638661983,0.310567759374949,0.627125223991848,3.77971220307269e-07,3
"20771",0.68890896023158,0.103503828166221,1.55471470952208e-05,0.207571664455104,1
"20773",0.908324249590468,0.052944766074489,0.000524921200347389,0.0382060631346961,1
"20775",0.99704860746514,0.00251995998148101,0.000283064436616806,0.000148368116762275,1
"20777",0.60794156153552,0.0345945273605607,0.356629583476404,0.000834327627515132,1
"20779",0.998448452793681,0.00140273991274134,0.000100422102438081,4.83851911389539e-05,1
"20781",0.0120413705591766,3.23524826114512e-05,0.950504907879373,0.0374213690788392,3
"20783",0.970561135568341,0.0248962724183109,2.4738965484269e-05,0.00451785304786404,1
"20785",0.189395644786375,0.00141348989285264,3.31095149468443e-05,0.809157755805826,4
"20787",0.975562932079035,0.000377538759598089,6.13728192197494e-07,0.0240589154331745,1
"20789",0.646027924971087,0.352799655870582,0.00114499032245283,2.74288358788525e-05,1
"20791",0.930719360727051,2.22111880540571e-05,1.99916493240355e-06,0.0692564289199627,1
"20793",0.706384579236557,0.292721436387036,0.000880828270790128,1.31561056171784e-05,1
"20795",0.808859333526734,0.000365801053825253,5.16630957168889e-06,0.19076969910987,1
"20797",0.00211999652997248,1.88800238061258e-06,0.00395996659980885,0.993918148867838,4
"20800",0.995824682264934,0.000245607854782923,5.78930472335362e-05,0.00387181683304949,1
"20802",0.985309556216786,0.0119229228560942,0.000109320572486075,0.00265820035463316,1
"20804",0.994273808390586,4.64352714137724e-05,8.97277877394063e-07,0.00567885906012241,1
"20806",0.717461186786988,1.79621838427381e-05,1.43126655613798e-06,0.282519419762613,1
"20808",0.0216439590685342,0.978268523309648,8.69104247654686e-05,6.07197052398062e-07,2
"20810",0.547586733334092,0.00142123642458425,3.40085896505057e-05,0.450958021651673,1
"20812",0.972696931713556,0.00817219955801998,0.0109054896561968,0.00822537907222777,1
"20814",0.441018649134957,1.15590937041741e-05,3.25046945116121e-07,0.558969466724394,4
"20816",0.0760053909958274,0.91207003039292,0.0119106377866724,1.39408245795775e-05,2
"20818",0.983142596931371,0.0118476886957085,0.000229772379232869,0.0047799419936874,1
"20820",0.000368334604813648,9.47641250563602e-07,3.81547485542823e-07,0.99963033620645,4
"20822",0.990863125451802,0.00703090434440677,4.00877648544999e-05,0.00206588243893674,1
"20824",0.364550244348164,0.00155249205488674,5.06512900327983e-05,0.633846612306917,4
"20826",0.00714925943808186,6.18340727654968e-06,1.69041892619588e-06,0.992842866735715,4
"20828",0.000149347927283129,1.91315854807874e-06,7.72708670411821e-07,0.999847966205498,4
"20830",0.99909829455283,6.95761497676664e-05,9.6257168961854e-06,0.00082250358050657,1
"20832",0.546751961505362,0.407409790094864,0.000379921987533152,0.0454583264122413,1
"20834",0.0376735337020766,0.960394035172894,0.00192923831913068,3.19280589839209e-06,2
"20836",0.999212612565879,0.000673645114671166,4.10728173744928e-05,7.26695020754377e-05,1
"20838",0.93377944909827,1.83798667457635e-05,7.99043314287808e-07,0.0662013719916697,1
"20840",0.130451624205466,0.86886968282235,0.000486289746172135,0.000192403226012445,2
"20842",0.999198292274307,0.000506390120836743,1.73230941833256e-05,0.000277994510672398,1
"20844",0.963886299388307,0.0332753408079781,9.49445804269396e-06,0.00282886534567269,1
"20846",0.259670030882205,0.0139479854017269,7.59786206104547e-05,0.726306005095458,4
"20848",0.82315722678302,0.17460307398227,0.00100255070190238,0.00123714853280699,1
"20850",0.0255645871243825,0.968225482209646,5.98708287774043e-05,0.006150059837194,2
"20852",0.0133629676870938,0.948602085826186,0.00109834204072261,0.0369366044459976,2
"20854",0.0861806615639747,2.94516978784016e-05,7.072198875974e-06,0.913782814539271,4
"20856",0.0269303331555232,0.0162082975423018,0.956831061328071,3.03079741043672e-05,3
"20858",0.00102877494157595,0.998008156410332,0.000946259789471983,1.68088586204714e-05,2
"20860",0.987545557626903,0.0122933739465838,0.000111099834234558,4.99685922790371e-05,1
"20862",0.000385979076434033,0.999577305063697,3.65852555375753e-05,1.30604331644212e-07,2
"20864",0.00660089119703821,4.71333779493826e-05,1.63976496401451e-05,0.993335577775372,4
"20866",1.78505592873067e-06,0.998754335553094,0.00124382645791649,5.29330611158801e-08,2
"20868",0.0101617185897388,0.986764646492795,0.00294903647065393,0.000124598446812249,2
"20870",0.967464145190357,0.0270439063375929,0.00118940537523394,0.00430254309681663,1
"20872",0.993245515085584,0.000704804807998548,3.25234963706078e-05,0.00601715661004651,1
"20874",0.00132347863063194,7.08301337092742e-07,3.32777539708277e-08,0.998675779790277,4
"20877",0.0135327521034082,0.967844841078306,0.0186214344872342,9.72331051873649e-07,2
"20879",0.000553931548512321,0.996805877854324,0.00264014691487941,4.36822841692933e-08,2
"20881",0.996197973447953,0.000116378764770004,1.5032357182083e-05,0.00367061543009453,1
"20883",0.967801529397835,6.78528371244167e-05,0.00015584394998238,0.0319747738150584,1
"20885",0.997682745639175,0.000289766548571651,7.01859384570809e-05,0.0019573018737959,1
"20887",0.590761281280869,0.404082116097694,0.00514659427015882,1.00083512776433e-05,1
"20889",0.997312986325369,0.00164998627003471,0.000823171413844513,0.000213855990752171,1
"20891",0.000268198031134936,0.996205742673428,0.00352590861997406,1.50675463070043e-07,2
"20896",0.288195380533935,0.633160336803197,0.0786159862200117,2.8296442856795e-05,2
"20898",0.993361245343738,0.00645287698699504,8.02173782226395e-05,0.000105660291043655,1
"20900",0.215410597661623,1.79247954096027e-05,0.112093965999957,0.672477511543011,4
"20902",0.0418273976515086,0.126745991183372,0.831426421229434,1.89935685301109e-07,3
"20904",0.00639487646405551,0.0119616595184571,0.000883585576208748,0.980759878441279,4
"20906",0.00916333434540942,0.971865143671166,0.0189699812080603,1.54077536447181e-06,2
"20908",0.66883394156608,0.0276636915424309,0.000130082127905415,0.303372284763583,1
"20910",0.980556144403778,0.00928048951351424,2.39700834385563e-06,0.0101609690743638,1
"20912",0.0524740549487161,4.50852540186019e-05,0.947157548789971,0.00032331100729475,3
"20914",4.13403524056246e-05,0.989324200104651,0.0106344565418618,3.00108132621206e-09,2
"20968",0.0158977027154799,0.000929199645862843,0.00101613029227756,0.98215696734638,4
"20970",0.0264195654302336,0.971585709082698,0.000638332968290118,0.00135639251877857,2
"20981",0.0171907301691346,0.982606958611539,8.14200444100138e-06,0.000194169214885036,2
"20983",0.00796507459547216,7.27275508522328e-07,5.70307882875682e-08,0.992034141098231,4
"20988",0.0022291265822756,0.997491547313313,0.000104790728752643,0.000174535375658742,2
"20995",0.0568771292270584,0.151373618637283,0.78738981883923,0.00435943329642879,3
"21017",0.802685389788443,0.146294731939457,3.77598907566485e-05,0.050982118381344,1
"21038",0.00582050199799451,0.986729070776022,0.00744973491896861,6.92307014770699e-07,2
"21072",0.0227567989852408,0.971600233224732,0.00527838974788599,0.000364578042141707,2
"21075",0.00111948750427371,0.936966762570244,0.0619137321579993,1.77674832955356e-08,2
"21223",0.952623011413878,0.0450377112927419,0.00178167685859789,0.000557600434782338,1
"21225",3.33313102070412e-05,9.36811555576662e-05,0.999872901741102,8.57931333184757e-08,3
"21230",0.00516737072262936,6.78547109838003e-07,6.05640828305945e-08,0.994831890166178,4
"21236",0.993022169082155,0.00417106114657949,3.96984344487429e-05,0.00276707133681638,1
"21238",0.456350486869425,0.0753557279611352,0.46814666377624,0.00014712139320019,3
"21241",0.000552676421987074,0.998049566712323,0.000323646058753018,0.00107411080693691,2
"21246",0.0248309289314177,0.974886133417666,1.78760311086714e-05,0.000265061619807877,2
"21253",0.0435164880886076,2.8136716385784e-05,5.35317016544707e-06,0.956450022024841,4
"21256",0.800077558596869,0.0051041455476935,0.000209589347008294,0.194608706508429,1
"21260",1.19910774055272e-05,0.004343349672201,0.99564337920681,1.2800435832863e-06,3
"21266",0.0186215486818506,0.981106330847033,0.000255264784080374,1.6855687036041e-05,2
"21332",0.00782159636045033,0.992089471067713,4.09151724926524e-05,4.80173993443622e-05,2
"21334",0.990805935796527,0.00638458560114624,0.00275013802279117,5.93405795354775e-05,1
"21375",0.000157998480076246,0.999384229917608,0.000456309301805022,1.46230051032487e-06,2
"21378",5.80799661549121e-06,0.997412433248861,0.00258155828563908,2.00468884007752e-07,2
"21381",0.000258309074190064,0.989478790489609,0.0102504291206465,1.24713155544835e-05,2
"21389",0.983023855813932,0.000367871452608823,2.61509779659441e-06,0.0166056576356628,1
"21391",0.00764399895141455,0.959235706302644,0.000464947059865682,0.032655347686076,2
"21402",0.0030420519876827,0.996940795069171,4.53187381320172e-06,1.26210693333324e-05,2
"21404",0.0204116296033857,0.638814022786738,0.340773904799701,4.42810175517085e-07,2
"21409",0.0658216393537389,0.888865643274863,0.0453090880406193,3.62933077904207e-06,2
"21413",0.808709382509477,0.158799479071786,0.0324878427815548,3.29563718189578e-06,1
"21423",0.000529242936983466,0.997041712558347,0.00242795332507035,1.09117959901162e-06,2
"21425",0.227149727171136,0.746952708084993,0.0258922610526969,5.30369117383995e-06,2
"21430",0.00857819268257752,0.00342756399031124,0.987950473385477,4.37699416346552e-05,3
"21432",0.051833990350155,0.948017188801403,0.000130194681283221,1.86261671588187e-05,2
"21438",0.000872701260443394,0.997925302629947,0.000583810495697401,0.000618185613911881,2
"21440",0.188897426989016,0.808621018923388,0.0023935153345417,8.80387530534414e-05,2
"21443",0.990010090003528,0.000249119574269433,4.86615197044454e-06,0.00973592427023182,1
"21445",0.000670616685105716,0.000494774260394953,0.998830316802738,4.29225176138655e-06,3
"21447",4.90827554595235e-05,0.997060170013641,0.00289001882734202,7.28403557040855e-07,2
"21449",0.00083707712076401,0.999143746732634,5.84426070702382e-06,1.33318858953968e-05,2
"21451",0.00083707712076401,0.999143746732634,5.84426070702382e-06,1.33318858953968e-05,2
"21455",0.000913490718379418,0.9990787502663,6.19745274561121e-06,1.56156257489101e-06,2
"21469",9.93840839686831e-06,0.880859100638086,0.1191309342534,2.67001168675666e-08,2
"21471",0.000621188558986967,0.740022741746304,0.259355554683736,5.1501097311539e-07,2
"21473",0.464937381388239,0.0579060432286498,0.00599123118295881,0.471165344200152,4
"21476",0.862246251379766,0.129296105962558,0.00798919559829459,0.00046844705938073,1
