"","V1","V2","V3","V4","V5","V6","V7","V8","V9","V10","best$classification"
"19811",0.00631649582421475,4.51610220187863e-40,1.9044714398482e-12,0.0771550840768593,6.15681079292515e-11,0.0648135979011314,3.17197305786923e-16,1.51802143092666e-09,0.851680749931431,3.40706848696407e-05,9
"19813",0.00310632199320294,7.48711196575911e-53,2.1608677728272e-31,1.69428758582272e-40,1.08320286280689e-133,7.43858518570453e-11,1.7520288428562e-55,3.88882273584026e-21,0.993252119584887,0.00364155834752368,9
"19815",0.000238646620704004,2.63995075462673e-15,0.00621062621349066,0.600470713811507,7.42120056611694e-06,0.389561471847391,2.43187104502348e-55,0.00304508721057661,7.32299476757228e-16,0.000466033095761584,4
"19817",0.00032280415844158,1.20361973089198e-23,8.10402569023172e-05,0.948565122453956,0.000156473614390901,0.0507850175173418,7.16565513555809e-20,8.56309704149183e-05,8.00615422374583e-10,3.91022793727614e-06,4
"19819",0.000429855668257923,0.378179490319499,0.50296366544036,1.18158453450003e-56,8.55851641589273e-184,2.24734486902926e-11,2.30236982795921e-80,0.00606070922057622,4.7980489640206e-85,0.112366279328833,3
"19821",0.926763702681191,6.41363811037378e-23,1.39150094328452e-15,0.0292206610911309,9.53052662515924e-28,0.00195526519597323,2.53798339456443e-11,0.000516051260513622,0.0273997049646956,0.0141446147811147,1
"19823",4.34684479946713e-08,1.30127239767601e-28,0.910466754760729,3.61303986670176e-06,1.40238692239307e-35,3.88831806021338e-05,3.01091443742332e-65,4.2247685331934e-09,2.33213551282396e-33,0.0894907013255853,3
"19825",0.0855163522061854,1.42618890391347e-29,1.03898057709511e-24,1.43948937070181e-65,1.29296227011029e-67,8.35144671574049e-22,1.05155176507307e-28,2.34747825975617e-15,1.43883440725118e-30,0.914483647793812,10
"19827",0.000588529111896704,4.96574959315936e-25,0.000203759226016928,0.0943138270573592,0.902907823204477,1.01076005363388e-05,1.08659985517307e-06,0.000253743682469904,2.35032499300413e-19,0.00172112351738847,5
"19829",0.338240321942566,0.000440774518940633,4.65600304040289e-11,5.87774826943023e-30,9.93049131500863e-136,1.14978558492908e-06,6.15929422622681e-15,0.661255611745954,9.95665903030642e-36,6.21419603884022e-05,8
"19831",0.00399501120189573,8.81316355709751e-05,0.398853653926777,1.54628537188189e-44,1.38976383773157e-133,2.86256518943435e-10,1.81619998146584e-116,0.269051733818071,8.16676137670893e-46,0.328011469131428,3
"19833",3.80286022741607e-09,4.20771032883823e-59,3.12835193340057e-07,8.42299055355674e-137,4.04652834425746e-286,1.00495925234103e-30,4.76943549836004e-110,8.83532965647177e-49,5.08038409679096e-80,0.999999683361946,10
"19835",0.926763702681191,6.41363811037378e-23,1.39150094328452e-15,0.0292206610911309,9.53052662515924e-28,0.00195526519597323,2.53798339456443e-11,0.000516051260513622,0.0273997049646956,0.0141446147811147,1
"19837",0.00011185106229445,1.03140830773282e-19,8.87301947274765e-07,0.997910766990012,7.4785723550769e-05,0.000100485772640847,1.42146078086835e-07,0.00175767112960867,6.97863417007812e-13,4.34098731702062e-05,4
"19839",0.930147281811571,5.16796786840307e-11,6.49800157307535e-18,6.27229479786029e-37,8.70121509224278e-112,0.00054473712750917,2.20322958892899e-09,0.0693076255090457,1.45888870115072e-12,3.53295505657354e-07,1
"19841",0.0190358922461009,8.69589365588273e-39,2.13504994949424e-31,2.37611239677669e-44,3.8472221542097e-95,1.18172174049732e-27,0.948287603505112,1.38908922587463e-17,1.59275100913671e-19,0.0326765042487867,7
"19843",0.986236170180161,4.82434851878616e-09,1.98048394522437e-24,5.50221646054788e-90,7.28273251723008e-204,2.4862647648952e-09,1.22495696732659e-103,2.97328613814382e-07,1.25374149071369e-18,0.0137635251806123,1
"19845",0.000139398165098598,3.00591111543302e-54,3.69549877270757e-19,7.33152972216299e-07,2.57056072332122e-20,3.94850899900881e-06,1.11401247016988e-67,3.68349955229835e-18,0.996181091725124,0.0036748284478061,9
"19847",0.00244095925596846,1.85905474815827e-20,3.05142291458029e-08,0.00108046260170121,9.23639589958213e-13,0.982310740485208,2.96939236709407e-74,0.00118919130039656,1.38865163350132e-05,0.0129647293252382,6
"19849",9.99747322578598e-06,6.33741305045703e-63,9.89280756361501e-33,1.27245702072034e-29,1.21705883239308e-95,1.25813596541692e-13,6.66288690399226e-60,6.5392329492907e-25,0.999413451767787,0.000576550758861717,9
"19851",1.57891288308093e-06,3.69280576204145e-30,6.14669111859047e-06,0.997199590336747,8.32033635999902e-09,0.00274104949855547,4.81711247335053e-33,3.56450985038794e-07,2.1090917944515e-10,5.12695784650128e-05,4
"19853",1.03333968802625e-07,8.09338093668623e-70,0.000700079181624672,0.000566696424318904,2.64704127210219e-26,1.50668248492729e-05,1.69600643162649e-51,3.86416902989718e-21,5.50424205279563e-06,0.998712549993186,10
"19855",0.000341117146904745,4.13764769438923e-47,3.69831574483095e-06,0.996980173840129,2.10569559787551e-20,0.0017047485046161,2.61278053838514e-17,4.8667945407922e-11,7.37434829346578e-06,0.00096288779564367,4
"19857",0.282494876926084,4.30878038797211e-20,7.65702290883493e-12,0.226942318659855,2.36896449495241e-23,0.454943212007969,9.68580943514075e-10,0.00866596722918909,0.0269498318003643,3.79240029997682e-06,6
"19859",0.00650760763351776,6.85732579070051e-22,0.000616044205858932,0.775243708836281,3.6989712203646e-08,0.216735453916465,9.8545155877193e-16,0.000882716832211421,4.38471839310343e-12,1.44315815676399e-05,4
"19861",0.000718176276166966,8.21687252221271e-42,1.16736760785589e-11,0.0195524954470973,4.1168428564936e-22,0.0559516327570049,1.35436692797118e-37,9.69473871950069e-10,0.920425534879521,0.00335215965906231,9
"19863",0.00465935501575115,2.64154168694246e-78,5.81726164452136e-43,2.03658880464939e-46,5.0779566584744e-95,8.34435128111305e-23,3.89653685655127e-11,7.39244648484296e-36,0.994093836319773,0.00124680862551087,9
"19865",0.00312526458291975,1.0316707651014e-36,6.54585174690147e-16,6.90610392875658e-08,3.66819951089865e-07,8.91094220963129e-11,0.996851205021054,9.93618351740301e-12,2.25130823907107e-13,2.30944157643171e-05,7
"19867",0.000543916444890467,3.82155905298851e-24,3.39582145255296e-08,0.139886083504627,2.26291478713418e-11,0.821168085422148,1.23893144987307e-79,0.000121928825053076,0.00045457902695695,0.0378253727954807,6
"19869",0.000197567457453159,1.09337407498451e-66,1.11278602139913e-25,6.59398222161743e-14,4.87708567586036e-58,1.52183828624445e-09,2.3939498158222e-22,4.24276965065435e-21,0.994210948564047,0.00559148245659569,9
"19871",0.00104941826225621,1.80108324323724e-18,0.000147592383274462,0.982884999829499,3.99984705580853e-11,0.00352001142821631,4.75946726856684e-08,0.0123929087476252,7.64602208319371e-16,5.02171445667058e-06,4
"19874",0.0168990116607416,6.09536999478355e-38,7.28513544608263e-07,3.73049982242764e-05,0.982874974082456,0.0001139149932743,2.83894562629962e-08,2.15404436417017e-10,4.46356837513898e-13,7.40371464524869e-05,5
"19876",1.92614754270749e-05,1.11498266525017e-47,2.38327612253214e-12,0.000322658257718152,0.999643094001627,9.27001198144056e-08,6.19474413807796e-10,2.57297881868197e-12,6.52546885740491e-06,8.36747181974883e-06,5
"19878",0.40863064082194,1.3713410265831e-12,3.80981189700057e-10,2.59819826202976e-39,1.57845439364878e-52,0.590991877412555,6.49828240726131e-60,3.2211531334031e-09,1.00611331801067e-29,0.000377478162000043,6
"19880",9.53873633989736e-05,7.86970838922522e-57,1.14557626982981e-18,4.06753230899378e-08,1.51731799531625e-14,6.90336896522882e-16,0.999868568860224,9.35439948175325e-18,4.51757006193168e-10,3.60026492804488e-05,7
"19882",0.0228044516456964,1.64930121933036e-51,9.77399436251787e-14,3.23552011468203e-07,8.77419689381791e-13,0.00301067224866756,2.40573424650538e-40,6.9529601950402e-17,0.916650845144882,0.0575337074077668,9
"19885",0.00111671448978508,1.89478392655518e-11,3.58521842568866e-06,0.888602138626208,1.35007280468221e-05,0.068895674673557,7.42940968351902e-19,0.0413672356436057,2.72129176501786e-08,1.12338850651063e-06,4
"19907",0.0435293111184715,2.65196732690262e-31,3.2773154271877e-11,0.00695079528601724,7.24405357676214e-25,0.549535307743859,4.93054412247109e-61,1.26410372785676e-07,0.0991426034770353,0.300841855931471,6
"19909",0.0204178241443021,0.0365950404295414,1.34518279819354e-10,8.27147522588907e-19,2.05571968084819e-110,6.14500575713713e-05,2.08356027161549e-49,0.942089238870022,6.77641257718157e-16,0.000836446364043668,8
"19911",0.211524205623056,1.37030479762079e-10,2.99684251924391e-08,2.368695250484e-22,7.06282741510494e-57,4.94684144728945e-07,7.28459579068081e-17,0.788287129714958,2.96191445096447e-22,0.00018813987238577,8
"19913",6.12068047644696e-05,5.12990530125391e-50,4.00859394836083e-21,1.60539845031208e-25,3.73273458789191e-33,4.58794176034559e-25,0.99989149379327,8.65519113784039e-21,1.87810147411723e-21,4.7299401965637e-05,7
"19915",0.000377591390893284,2.25595650823739e-36,1.37300999034323e-06,0.857970690900758,0.091361039125424,4.75477135882199e-05,0.0501627610600425,2.89195785613156e-08,2.49023185724764e-14,7.89678796998725e-05,4
"19917",0.0360948177016756,8.47766233673865e-32,4.98040505662335e-10,2.04902049698315e-06,1.87487510922294e-11,7.09508521832552e-06,0.963892077181146,6.01414882410995e-08,1.35933883546827e-12,3.90035182647476e-06,7
"19919",0.0030575361846863,3.47435316326947e-24,0.000120148957334301,0.947444031054164,0.0252370185967116,0.023657167307285,0.000454438452369265,2.84785238655101e-05,6.52753659125434e-15,1.1809235768713e-06,4
"19921",3.20389724675339e-05,6.33172604839105e-25,3.37590241085347e-07,0.976345892268657,5.22584629265973e-10,0.0235729436624813,5.08129627589231e-42,7.90433254408117e-06,9.98504996446484e-06,3.08976010597157e-05,4
"19923",0.0200055374621609,1.08086150380173e-16,5.77693354197607e-05,1.15229236595307e-18,2.63330884807401e-44,0.979764359381109,4.00965502577672e-85,1.38787142810134e-06,1.51853430121152e-22,0.000170945949882656,6
"19925",0.0040156743119966,1.2228174670082e-35,2.04320152898604e-08,0.00203767118886875,0.100647621634823,8.26168089577306e-06,0.893262616028634,2.26148854452128e-09,1.00628995320726e-14,2.81324612681081e-05,7
"19927",0.000174516920143497,4.91292498662315e-26,0.000171390240895615,0.914055765709941,0.00474857418013559,0.080530554987826,5.80931919372984e-32,5.34273848646214e-05,1.04513851830584e-06,0.0002647254376757,4
"19929",0.00370904579230039,1.01056380805856e-75,4.70504192499606e-40,1.46123366908061e-28,1.10772546527295e-50,4.57675969023417e-27,2.10358691469014e-05,3.07568909900541e-31,0.984600982986759,0.0116689353517935,9
"19931",0.000768576831869933,4.27592197220657e-17,0.00112448495649988,0.000428470359136447,0.848252714752091,0.144558111124392,1.22699759695672e-37,0.00430764373815561,7.41763619848792e-13,0.000559998237113092,5
"19933",0.00266470468872727,0.00904942678046557,0.000302194675349858,0.000238358021488181,2.46224356019664e-23,0.000461951216577695,2.91589301374464e-33,0.983335909179785,9.37271206473157e-26,0.00394745543760598,8
"19935",0.597885904590209,1.28174640825899e-09,4.40556137564521e-11,2.49141169636342e-05,1.4732060225872e-09,0.276381769084124,1.12377993671492e-32,0.120307146391616,1.8868939174877e-05,0.00538139407890407,1
"19937",3.31550092302388e-06,1.74942419192548e-21,0.000700384780161763,0.969579649101935,0.000434651294321364,0.0288739499258807,3.53776402179846e-53,6.56683863533002e-05,2.12926646429883e-14,0.000342381010403867,4
"19939",0.0679137340381378,7.57195742605906e-21,0.000278328114375932,0.000142474231869604,6.00954264949823e-09,0.931544359730637,2.26622871384111e-27,3.57961793774859e-05,5.50129118890135e-16,8.53016960593038e-05,6
"19941",0.706958294549355,4.56541289041191e-11,6.89999445655584e-16,2.30052462707061e-32,4.16756038206904e-83,4.03668154414793e-11,5.12480210688545e-11,0.29065852192415,5.51374503835427e-18,0.00238318338922465,1
"19943",0.00444487151991286,4.2538955919289e-42,5.6848932765488e-11,5.82773149261417e-10,4.24317585243453e-08,2.31998765776208e-13,0.995132956232692,1.73006760959557e-13,1.91377570276741e-20,0.000422129175609331,7
"19945",0.00301651578684806,0.00247063170822542,0.00226261026183639,2.48217291867695e-07,2.13462757035886e-27,0.130288885228578,3.7128858744508e-38,0.861940792625022,1.56072880125374e-25,2.03161721982653e-05,8
"19947",0.997300141637458,9.28464203020597e-26,1.47549855034062e-18,9.97761264890539e-36,4.51467388052146e-148,7.48110936535493e-14,5.49022163204351e-10,1.62319742758739e-07,6.37238978168893e-20,0.00269969549370253,1
"19949",0.00969127423383384,3.45207059015081e-08,0.000703440503235625,2.60321427703132e-13,6.68563310591414e-19,0.969372904969702,8.02711881726563e-93,0.0186791799903184,3.94521774750292e-30,0.0015531657819436,6
"19951",0.542689748330332,1.05160444364464e-22,5.84899549681917e-07,4.37326448646789e-06,8.62682672161051e-12,0.430911738274957,0.0263650989124992,1.48948957865627e-06,1.87006970112671e-14,2.69668199507387e-05,1
"19953",1.56733989924814e-08,2.23440638591649e-08,0.974898103277218,2.41767491875037e-46,2.02109913497339e-98,1.48280309903097e-10,6.52410385054066e-142,1.34925639389033e-05,4.04972002053988e-60,0.0250883659931001,3
"19955",0.880041837505772,4.4691876656188e-07,0.000299469407663302,1.18001370990329e-33,5.62306038106242e-97,0.109627914928282,5.72109411014475e-87,0.0100289306600292,1.60379966617918e-29,1.40057948743365e-06,1
"19957",0.968371275155786,2.38616524987584e-32,0.0235435433846904,7.00408525206182e-09,2.80447873332905e-41,4.45716700178455e-06,4.63043417587168e-08,8.18027824461499e-06,1.77289346625532e-21,0.0080724907058501,1
"19960",0.992435909616448,2.35132573289642e-07,1.05652809773206e-14,7.70491561222367e-36,1.17240521398317e-127,4.2224789770904e-06,1.14960606656328e-32,0.00724769745932605,9.98864620230417e-29,0.000311935312664676,1
"19963",3.08811345749478e-07,1.82584631453594e-54,7.98467931306892e-10,4.27185652705127e-69,3.0842959755187e-123,1.07829422259545e-35,1.00625047117159e-37,7.23541297198906e-27,1.27517254696221e-50,0.999999690390186,10
"19965",0.298638803449132,0.000172548415954999,1.59886317304155e-11,5.74244847836346e-64,2.51069593561391e-235,0.696046592382133,6.27992273994457e-73,0.00514166779701936,2.68328839564816e-27,3.8793977215134e-07,6
"19968",0.958635797383873,8.64704843098687e-28,1.39409076552397e-35,7.45402752741768e-18,1.2998550298575e-38,1.16019029395617e-12,0.000629077797426989,3.10593200161775e-09,0.00332735912076925,0.0374077625908388,1
"19971",0.0284238638873011,2.80616452467396e-32,4.0152846456926e-12,1.80164797717449e-74,1.65921648622815e-177,8.05870472467521e-28,4.74964939960786e-12,2.36889682980687e-21,5.64815169345348e-65,0.971576136103934,10
"19973",0.000573540495355352,4.06171628910838e-24,2.94174520646359e-08,0.968298437682141,0.0221955755517002,0.00882050132830421,3.47651378390962e-09,7.70850615466457e-05,2.95581164004506e-05,5.26887058593831e-06,4
"19975",0.102684605248141,5.49129743512711e-30,2.14390537327372e-14,0.00269584089452828,1.23275816864521e-07,4.03381505518571e-05,0.894517959448222,3.74873312557129e-07,1.77721502198927e-07,6.05803879032894e-05,7
"19977",0.996434698041122,1.13709281922797e-47,2.5167486509538e-16,4.52788922864625e-53,4.84924501788599e-84,7.47436573371586e-13,1.38917154143854e-06,1.02330139350405e-22,5.80535275064094e-32,0.00356391278658881,1
"19979",0.0084287410936455,0.983331009182185,4.10376543101793e-08,3.82126182581632e-62,9.71086630702925e-180,1.90653667798023e-11,1.75824511992833e-50,0.0078533737401014,2.30245746471616e-72,0.000386834927348598,2
"19981",0.00504546280434252,2.98503064208117e-14,4.45433204892301e-06,0.393492461104316,8.55155246863725e-27,0.419292437806452,1.68492646387708e-26,0.182113858122131,4.79221788412754e-05,3.40365183920943e-06,6
"19983",0.0075995324261715,1.68762480711223e-15,2.13379450210039e-06,0.000785654258442772,3.79484072330106e-34,0.984167487349519,3.18279042440433e-41,0.00744410026349081,4.23230213366202e-09,1.08767556989443e-06,6
"19985",0.00160558540204538,1.22275546573087e-44,1.88819010822067e-10,0.0204718743568886,0.960776236997073,7.76635461637696e-06,0.0171323420216412,9.88092883552728e-12,1.86905503736224e-07,6.00776353205061e-06,5
"19987",0.0058916079346423,5.66184532275612e-11,6.58674758425583e-06,0.0862717422450238,1.51570402727606e-07,0.000221772046886972,1.02517781631301e-13,0.89959676495391,1.14318719285499e-17,0.00801137444482908,8
"19989",0.000103404922567259,0.953508644223821,0.000305006577322473,1.73856705963206e-42,9.71319759063892e-106,1.88239530139814e-08,4.49171745739326e-124,0.0409547269626117,2.09459199096223e-63,0.00512819848972402,2
"19993",0.119515772967989,4.82723461316115e-06,2.82333930864578e-05,1.03432221228032e-11,3.63968311395625e-33,0.71393646839234,3.01232930132506e-17,0.166430237573131,1.5141627362297e-33,8.44604284966302e-05,6
"19995",0.623025768565046,3.62896794428233e-05,1.76058175121908e-07,1.57933024000787e-11,7.52954031105816e-22,0.147060484501698,4.27645789352629e-23,0.228227384569319,7.59047807353328e-18,0.00164989661052624,1
"19997",0.000273671735745404,1.84338047877035e-31,8.73512847990871e-07,0.051435981803016,0.935722315669947,0.0125597301949247,7.48474167514984e-16,6.31427937865924e-07,5.23332216778139e-07,6.27232336264996e-06,5
"19999",0.00141101064445867,2.45025619877215e-45,2.3347107000206e-10,0.898115753582278,1.5112555689859e-11,0.000234398879507367,0.0996530181992619,1.2131573294357e-09,0.0002722368233878,0.000313580409365378,4
"20002",0.000257878029853511,1.97201142726183e-53,7.18972753594354e-37,6.90552096230271e-59,2.35195680963742e-84,2.80599438926955e-34,4.12689138981312e-26,2.11089857668825e-22,3.84884579264498e-11,0.999742121931658,10
"20004",0.0159104042509388,5.262262182874e-07,1.97461907010012e-12,5.85136541096141e-12,1.02445885315061e-26,4.66030166992648e-10,1.12194085627201e-36,0.96338142093403,1.81741937379461e-13,0.0207076481147751,8
"20006",0.997946507944987,1.26916684710074e-18,3.33161407723275e-12,3.17921967231777e-51,1.61996234863265e-140,0.00195670393448651,5.69338005916697e-33,2.30571679381812e-07,7.5071377305587e-27,9.65575455151266e-05,1
"20008",0.98628270811845,4.42384103054641e-13,1.38577383416465e-09,6.39786838610371e-46,1.33831294841962e-67,0.0127047820368713,1.76023421790012e-58,2.34563709356478e-07,1.22808028762811e-27,0.00101227389475253,1
"20010",0.00643021960550669,0.0321243080598936,0.0192194002098772,1.70912124176482e-15,7.79602256247917e-31,0.243136480993267,5.99363124571362e-65,0.698983220074266,1.52348878394634e-44,0.000106371057188218,8
"20012",0.991057238842894,1.76030354640773e-41,8.17604486564312e-19,2.39590885633908e-09,6.66118739661631e-40,2.95757451869274e-06,0.00405557014014835,1.02115050024512e-13,1.74493839378186e-06,0.00488248610803458,1
"20015",0.0242444407585282,0.974420668822826,1.37872860060092e-17,7.29345526403706e-51,4.26133164111345e-131,2.76482088683358e-05,1.30902453787369e-74,0.00128485648813574,1.56040922230048e-32,2.23857216410499e-05,2
"20017",0.000424550322674741,1.16773900109201e-39,3.3905154588844e-11,0.994148338065723,4.06596505878405e-07,0.000126811205768503,1.63248281750811e-10,2.14348336257506e-08,0.00527186685598508,2.8005321356236e-05,4
"20019",0.00662881210899721,0.99100623005432,5.90181653089232e-07,6.61643273493507e-87,6.26652885329083e-181,7.30806791320046e-10,2.89823490338774e-99,0.000910367529435462,4.36278969574499e-86,0.0014539993947877,2
"20022",0.00295402981874621,0.135411983949299,0.00114072561270467,4.57389212098372e-14,1.57282808417085e-47,0.0440620954790507,1.6274834768442e-54,0.816414755002407,8.34851663537216e-37,1.64101377468258e-05,8
"20024",1.06705825985393e-07,9.37363063363583e-08,0.00012097045564491,3.30914559159053e-86,1.58761813023406e-164,1.10366466994051e-20,1.77260758701445e-190,1.14219947662593e-07,4.0574738451998e-83,0.999878714882275,10
"20026",1.06705825985393e-07,9.37363063363583e-08,0.00012097045564491,3.30914559159053e-86,1.58761813023406e-164,1.10366466994051e-20,1.77260758701445e-190,1.14219947662593e-07,4.0574738451998e-83,0.999878714882275,10
"20028",7.84830913988873e-05,1.75817077433069e-42,1.0271414518873e-08,0.302082340824902,0.697642398233074,2.22752302516503e-05,2.563923510046e-08,3.67726779863924e-09,2.75992124541397e-06,0.000171703111211314,5
"20030",0.260367794138142,0.321160461579804,6.55874878863041e-18,4.99191079833653e-43,1.02343249737336e-107,4.83142683560714e-12,2.6052927289425e-36,0.375162927798308,2.17558103370575e-31,0.0433088164789146,8
"20033",0.145835036951477,3.66026224614033e-19,1.63986337792934e-06,0.277852392634119,9.1566665400203e-32,0.0191894938248827,0.485211378352413,0.0714500980653014,2.39458244535331e-11,0.000459960284484518,7
"20035",0.0268062768088309,0.881965613540222,1.02919013636193e-05,7.09705027516042e-80,1.66527731912295e-187,8.20463658807325e-10,3.88100562041333e-116,0.00222474344109545,1.99816629207006e-87,0.0889930734880248,2
"20037",0.0267303854831657,0.969189416057839,2.68477675282673e-09,3.86655310580711e-82,2.39745405231656e-236,4.4930293753625e-05,2.34905632231276e-107,0.00395098571990943,1.20380711725601e-58,8.42797605555789e-05,2
"20039",9.21589910038673e-16,4.63686726985073e-16,0.984513190418818,8.23618123851069e-103,1.48758865522964e-214,1.95385297993582e-24,1.26010472068692e-270,4.41597116887887e-23,5.61058555686545e-119,0.0154868095811808,3
"20041",0.0269082805049179,3.26696441656208e-18,0.00129063506763562,2.25575026265131e-20,7.3280628535224e-79,0.971797604691405,5.59458196851097e-38,3.33619045362208e-06,8.00740227540425e-27,1.43545588160402e-07,6
"20044",0.720652508971638,6.17158010559732e-19,0.000572428025322187,2.90326456619421e-25,6.97869520794388e-110,0.278368569616332,6.08054793777824e-30,3.76912821415924e-06,2.16407857502772e-32,0.000402724258492803,1
"20047",0.0333973249990754,0.96005209254134,3.28827664185575e-06,6.6506241992419e-100,3.96752719931813e-244,1.67066612453175e-14,3.10222995956071e-77,0.000589742142696991,3.80473709423787e-94,0.00595755204022883,2
"20050",0.00301974222638847,2.90898710845257e-06,0.977041063015471,3.91076930297721e-30,6.00845455497856e-55,0.0140025999172448,1.03362555595415e-63,0.000107185750934106,4.0105204418953e-73,0.00582650010285341,3
"20052",0.027992639535443,7.72130980197803e-13,0.0380260288852977,0.162223264846107,8.36462528307629e-11,0.700395315183158,1.44088977329077e-06,0.0713520540121621,4.71865545234458e-22,9.25656363981749e-06,6
"20054",0.102496491708888,0.376809157843391,1.06118199787673e-15,1.73446595561702e-26,1.48874107377164e-119,0.00113439862522149,1.1424140030738e-38,0.51955598268236,1.46286293328185e-18,3.96914013841725e-06,8
"20056",0.260391411975735,1.74061201928709e-26,5.14280030119904e-12,6.62126023113317e-17,1.34123282497249e-11,1.82895048146312e-14,0.00896814094997604,9.02499258430744e-07,4.61470509139364e-23,0.730639544556457,10
"20058",0.000265420524331085,0.933209764537104,1.19297533603958e-06,1.88115337567603e-45,6.540614276215e-118,1.65342710826762e-07,4.36092898890737e-139,0.0632112880763055,9.03687713662206e-54,0.0033121685442121,2
"20060",0.000306136661433506,7.63704794781242e-20,5.49678401160797e-06,0.0513704388302491,0.880526598431467,0.0228491529208478,2.89161197230905e-40,0.01643759595576,9.91250296296424e-11,0.0285045803171063,5
"20062",0.0145377363628801,3.54580465829105e-12,1.86137987644094e-05,0.0376698592321351,1.43890321874099e-15,0.935066622191439,1.49545030017251e-24,0.0127029450389312,5.00343756856229e-10,4.22287195973681e-06,6
"20064",0.0118461671078204,0.351418669712857,1.15867165664802e-05,2.24622512205983e-09,4.9647588146594e-43,0.0144847100759534,1.75373975199171e-17,0.622188205814188,9.37922706214072e-26,5.06583263897806e-05,8
"20066",0.086372479287273,0.880615646851588,1.57915082210616e-18,5.54636093461689e-70,1.60447587222357e-218,2.1225095239159e-17,2.06509755857726e-48,0.00186020556361071,1.99732782401477e-51,0.031151668297528,2
"20068",0.00109663532056888,1.7307361043872e-31,5.76947146279619e-08,0.755346265605938,0.00136932181461153,0.237411422432045,4.15937494061008e-38,2.75990285996358e-07,0.0046317710783638,0.000144250063471775,4
"20070",0.00066255274768157,2.42966297928607e-29,0.0151055091023474,0.113046421328638,7.08623477988373e-06,0.870043231431508,1.14827361477111e-57,4.0589711304594e-07,1.90993444351904e-10,0.00113479306693868,6
"20072",0.99619609188945,0.000741704713650214,8.18036136239515e-19,1.99442806365033e-53,6.23409380534135e-233,0.00121476956634139,4.68837315125533e-97,0.00171004411854228,2.57900556671225e-18,0.000137389712015782,1
"20074",0.000672078972812256,6.20889994595675e-69,1.79741571880731e-29,3.00669467897243e-27,7.9940361027018e-38,3.90367320109369e-24,0.999039995643192,3.41165698134451e-29,3.2337353387986e-08,0.000287893046642122,7
"20076",0.915362075795799,5.1131620295819e-25,6.63502263356781e-26,3.00659251149373e-14,3.69424963434968e-69,6.73668670338453e-07,0.0165652682987172,3.47803680212124e-06,0.0680540501752269,1.44540247539607e-05,1
"20078",0.00575203463437866,6.33415823471598e-06,0.000485255744343472,7.19047388554707e-15,9.60703123127977e-44,0.0146798395778768,3.59162618349928e-33,0.979071105276119,2.80684644941308e-25,5.43060904053204e-06,8
"20080",0.00354428275357924,0.989937731627023,2.59311397214837e-05,1.49291401943594e-61,6.25476759154612e-163,8.56826006774611e-07,5.42349392010323e-68,0.00633359373409067,1.77011350290562e-79,0.000157603919579041,2
"20082",3.49929439106064e-11,3.79514491695922e-07,0.98642885063349,7.18993983090132e-58,7.61878694985932e-151,1.63443216142064e-18,7.71340891657494e-145,3.76774545666454e-11,8.87204562008553e-112,0.0135707697793479,3
"20084",0.121172905225677,4.18163758314052e-08,0.00039182917415952,1.96058554368116e-25,4.2539372356058e-65,1.01652044249956e-06,1.13522296496475e-13,0.878293097179664,1.20415091833946e-40,0.000141110083567425,8
"20087",0.00994284380742455,8.24409081917649e-05,9.93572923744212e-07,3.49098940749151e-17,4.89016495529249e-47,0.264187550906739,2.17786633527367e-75,0.725776607947751,4.09006575183614e-16,9.56285696912028e-06,8
"20090",0.00477830784680382,0.991553328520853,0.00222800905137665,2.13665308234122e-58,3.20274289338571e-137,0.000412448194094859,4.33239825872207e-77,0.000898701933101233,6.8130872451566e-86,0.000129204453770729,2
"20092",1.6596271466937e-05,4.92655517797827e-23,0.931336348708917,1.2668378192845e-27,2.20110683480486e-105,0.000190836494265924,1.24526596834967e-157,4.45573293095467e-10,9.53151437601585e-26,0.0684562180797769,3
"20096",0.00146760296309864,2.97804867765856e-28,0.998030163473596,8.45273377780893e-16,1.64890940902666e-36,9.03013322820161e-05,1.71145887568947e-42,9.75926961806287e-08,1.23552158484694e-31,0.000411834638326294,3
"20098",0.0106262608236304,7.09968550203135e-23,1.59728199396402e-05,0.979690524254542,1.91791257403265e-14,0.00238926995069276,0.00627198134082356,0.000815650565357005,1.9394332107989e-15,0.000190340244994035,4
"20101",0.25559879827638,0.133171232364012,3.66725497014799e-05,1.47210456568529e-45,1.07176042624739e-148,0.000198194559785966,3.86108107681549e-20,0.61091857905094,1.4665998599899e-60,7.65231991803974e-05,8
"20104",3.85629784023565e-07,1.10108067486094e-61,0.00176545777530964,1.55558558322093e-24,1.45008246978826e-102,8.56132433659368e-12,1.2386666205946e-97,1.11884433792619e-25,2.01089864533274e-17,0.998234156586345,10
"20106",0.00189196819269782,0.974842464867446,4.11862542418376e-08,3.02372581787048e-26,7.22897941539457e-78,0.00252322044176904,1.16839474201686e-23,0.0207413408374969,6.89197596991934e-46,9.64474335894911e-07,2
"20108",0.00140921584536722,7.33049998796814e-23,1.45326823183462e-08,0.958203507635082,0.0356759068369839,0.00135294473886351,1.7501659971253e-14,0.00259294520557097,2.7242963766747e-05,0.000738222241665834,4
"20110",0.0432770853222577,3.55657743774593e-25,0.942066065475938,2.69660424226892e-15,1.90817067805644e-16,0.00729142881897781,9.7161321012463e-20,2.18072790253053e-08,3.46618238921962e-42,0.00736539857554466,3
"20112",0.0653274710227323,0.0177660251811566,0.0112394023965718,5.84804062010339e-24,6.52690926089718e-79,0.738594407017057,1.77375808399693e-48,0.166983073539566,2.43103823621799e-51,8.96208429166242e-05,6
"20114",0.0378449289668608,5.66763736927816e-08,6.92341846305933e-06,1.09300634464763e-17,4.53726068641297e-56,8.11776591927574e-09,4.20497793639585e-10,0.959791862867028,4.14521486681226e-32,0.00235621953301112,8
"20116",0.0873490149518984,0.000793196213898384,1.15772377095647e-14,1.08551093386184e-22,1.4983976541643e-97,1.33214696594861e-05,6.01445366531654e-08,0.91184004861035,4.29925838905403e-20,4.358609645508e-06,8
"20118",0.0103202218796743,1.7390325770424e-09,0.00117892188630428,0.189707557024286,4.7776801378126e-21,0.02650553564638,1.85978134398438e-06,0.772274058188487,1.53994272535063e-18,1.1843854491339e-05,8
"20120",0.0087252491723065,0.00545884017293743,0.0152473422475035,3.67859519752205e-26,7.48400681138047e-69,7.49160242344107e-06,8.00411295549092e-30,0.940351896694676,6.40917309785567e-76,0.0302091801101527,8
"20122",0.00525610634292645,6.1618225399373e-39,4.24949847842096e-17,6.75385586697933e-09,3.45932809975573e-25,1.9826011804816e-12,0.994733710260609,1.38062355459525e-10,5.05552119202944e-11,1.01764520090638e-05,7
"20124",0.155619766650689,0.020076722933102,4.68923563431518e-05,4.97939495976411e-69,2.08811510584997e-242,0.00512083140383265,2.36477753963079e-83,0.819095163246819,4.04742703505832e-47,4.06234092141049e-05,8
"20126",1.38198327877309e-07,3.70675851485926e-22,0.0864546381119327,6.99965637976082e-99,1.09137210966306e-277,5.11563166807579e-23,2.90646550889315e-140,1.20884328436876e-16,5.62941064390112e-78,0.913545223689739,10
"20128",0.000211797606298454,0.000243940902307484,0.00120286177082168,8.12965927684522e-150,0,1.65210442900836e-20,2.86355827156666e-156,2.22830659202979e-12,1.12888266431217e-109,0.998341399718344,10
"20141",8.64237033981273e-08,6.74473692851475e-50,0.893502980272978,2.00857552010786e-09,8.13801889622406e-30,3.62449730139104e-11,6.12300338819047e-51,1.30586560974085e-14,4.11786422611525e-23,0.106496931258485,3
"20143",0.184722610057422,7.54961898621509e-60,2.03733364758211e-22,2.04786737772447e-31,2.92628367969423e-68,6.78001105905944e-22,0.104103258382063,2.54399019397274e-21,6.76270033133286e-18,0.711174131560514,10
"20145",0.00152013349765572,0.704182192865781,0.00707503577657168,2.64938118277609e-13,1.91562502631206e-38,0.00494252721035247,2.54944592838055e-47,0.282027794051157,9.02030964399886e-49,0.000252316598217709,2
"20147",0.0051030599507689,0.613401451459122,0.000112453491886524,9.39590011590569e-15,8.022663464633e-71,0.0734797625060314,6.46981503129669e-33,0.307902624536623,5.52336929730407e-32,6.48055558698503e-07,2
"20149",0.00279847936885435,8.34672295385772e-51,6.03115747286695e-15,2.57588369563949e-09,1.02283279991551e-15,1.53790977897882e-13,0.997167057200133,1.59845931867598e-15,1.33767261540264e-10,3.44607211994691e-05,7
"20151",0.00156492842391852,1.30615963127366e-21,4.82224600249081e-07,0.973983777091288,0.0209781484731252,0.00279954224256072,2.97601993810291e-05,0.000563831852845984,1.65026671710299e-12,7.95294906297548e-05,4
"20153",0.0263067552025596,4.77513650968994e-23,0.680823470193554,1.02713966583986e-05,3.66295996462769e-11,0.000324071673211448,4.51521376749815e-06,8.19227261809488e-05,4.39662761526914e-44,0.292448993557439,3
"20155",0.00464500870176429,0.11202026914543,8.587808557097e-07,7.69924004419017e-37,8.07211605216846e-134,0.810012957830629,1.35468796473286e-44,0.0733208954001451,1.68563352479523e-41,1.01411760689177e-08,6
"20157",0.000278728137352757,2.86314415039952e-29,3.2414881564955e-07,0.00516550296206753,0.984639065420806,1.537087307615e-07,3.78443811112824e-09,2.44580398105829e-05,8.10658717470164e-18,0.00989176379797838,5
"20160",1.96530565654203e-05,2.59306435615768e-53,1.23076830598562e-21,5.02640088970904e-21,1.04482898775333e-29,4.67260417857164e-24,0.999959043574048,7.67835636715213e-21,2.61857555946221e-18,2.13033693862084e-05,7
"20162",0.000141905193965336,3.74226508786014e-52,9.53825204578206e-16,9.03511372269554e-06,3.60477353316229e-07,8.99020827500989e-14,0.99981223156155,1.69969734948266e-15,2.72649890397515e-10,3.64673806664268e-05,7
"20164",0.883186398885507,7.55924501525056e-33,5.73824628414428e-07,1.03278871347546e-09,5.2141070138389e-10,0.000137572604871518,0.0918862982552693,2.03506428498302e-09,3.47958692543746e-17,0.0247891528404598,1
"20166",0.989818481019984,2.95519547275217e-06,6.94791617829694e-28,3.23276308461873e-63,3.91173925027795e-148,4.65700559524866e-16,1.90035744438868e-28,3.74663568387202e-06,6.19941343387796e-25,0.0101748171488586,1
"20168",0.934519023943664,2.8422876580845e-32,2.24726756235879e-43,3.57463918971249e-70,8.34184988465625e-138,8.80437912204866e-24,2.39491397165138e-50,1.93114411389826e-18,9.84524693411644e-06,0.0654711308094015,1
"20170",0.00204314597814979,1.85621192629139e-28,0.000192410587958538,0.0826833183771421,1.46344870687083e-16,0.000203155471912092,0.914723470210507,3.99300539847995e-05,2.43473261973976e-19,0.00011456932034591,7
"20172",0.000444541910844169,0.805183798550072,0.00105241344707978,5.85051159146715e-16,1.06887633555266e-72,0.00521189230471813,1.93164390296287e-82,0.187978664735192,6.85532419092574e-38,0.000128689052093161,2
"20174",0.00709113530596945,9.85886009038427e-52,9.39830812313753e-19,0.14476131171423,7.97258032739417e-14,7.13578051233873e-08,1.20115736216837e-07,2.18738527913819e-13,0.847155550559216,0.00099181094674517,9
"20176",0.996724192032583,9.55851433750018e-34,5.78571710967795e-37,6.44263195035427e-56,5.02986286203755e-204,4.63431303767162e-11,9.25841602558475e-42,2.35497322801795e-14,0.0028266375843664,0.000449170336684518,1
"20178",2.85448051339385e-05,5.71325236303156e-53,5.29523636643075e-21,1.89315808508166e-24,6.49547505065199e-31,7.97809611455e-26,0.999890208007402,4.6675926741536e-22,2.32517638076114e-21,8.12471874640281e-05,7
"20181",0.733242436141439,0.103130440137607,1.26720694988759e-17,4.06293770021712e-46,4.06085479169685e-122,8.68266771970612e-13,1.68068068874371e-14,0.149696324025765,1.92943352860479e-39,0.0139307996943034,1
"20183",8.06948639757437e-06,1.17676600853145e-15,0.00547814024637455,0.944319360654812,3.74709202098649e-09,0.0389207054885995,7.96145219821331e-59,0.00930441597818348,7.64171966032504e-16,0.00196930439853837,4
"20186",7.43061440325902e-05,3.10766075378378e-16,0.000591872866805491,1.95757393027682e-05,4.42720691684818e-25,0.792774978606412,1.19115264327261e-138,0.00168700380798768,3.30000345105086e-09,0.204852259535456,6
"20188",0.000121488928786106,4.51873605782475e-52,7.65013241037765e-17,9.15445182749355e-15,8.25253730198788e-15,7.77393754015925e-18,0.9997099399356,6.49689508029649e-18,1.02996953979405e-18,0.000168571135596465,7
"20190",0.00488769283263648,0.992312411430355,1.13245589356988e-12,2.88633311650691e-46,7.95262583927894e-141,1.46455135235597e-07,5.88393574953592e-54,0.00271940399045131,1.2908679266569e-47,8.03452902898247e-05,2
"20193",0.992670940896899,1.64588103987384e-37,6.2741134608033e-36,1.85707702896044e-60,2.77691979345422e-123,4.89508284335307e-19,5.05574135727655e-07,7.86240240121132e-20,2.14220022881053e-12,0.00732855352682338,1
"20195",0.734809117180673,5.60224161654644e-20,1.32048845887289e-06,1.33292064231744e-05,4.45434880942799e-27,0.0566395932468398,0.207343978074185,0.000722604154918321,2.93298417965101e-20,0.000470057648501681,1
"20197",0.00210459285829943,0.393711140102122,0.000134510082436262,1.89618778891853e-25,2.59575668599609e-120,0.326519407842948,2.11858676627769e-53,0.277530255669773,1.80961131905138e-36,9.34444210530737e-08,2
"20199",0.00202560666689795,1.03574556550838e-43,1.76304493267113e-06,0.00191324562356439,8.54565514770821e-08,1.29585038975646e-06,0.995922922610123,3.43115818709753e-11,4.79179757657133e-19,0.000135080713228794,7
"20205",2.47644297761778e-09,3.26886393310303e-15,0.948512479149557,5.06332532701084e-55,1.40228245884851e-166,4.39455449288818e-11,4.12510870526196e-162,2.31642581954658e-16,1.933283628933e-99,0.0514875183300514,3
"20208",0.130867357254881,4.24965715462928e-16,1.02992704945307e-05,0.00802414328941874,1.11567217627985e-33,0.718727005352874,6.7003847884124e-07,0.141979012363533,8.26290466121084e-14,0.0003915124302375,6
"20210",0.000194280934556796,1.89015539783989e-45,1.24290177640706e-12,0.000314926944372631,5.01926696593553e-09,5.89778392046921e-11,0.999462285031978,1.16532400243075e-12,1.78885588029807e-13,2.8502008260965e-05,7
"20212",0.418193901715358,9.72455435771025e-26,5.01796138225331e-07,0.00240934130576298,3.03138534983663e-14,0.00109594674531256,0.576785931859738,3.62907756775948e-05,1.0804535204397e-16,0.00147808580198292,7
"20216",0.0263671356813628,0.0724600273348084,4.65843577431629e-09,5.8663658707049e-23,4.47926923303243e-77,6.37187541582459e-07,3.53639918584217e-33,0.898295898994047,6.75965384453887e-38,0.00287629614380417,8
"20219",0.00305681325790079,1.25091655772909e-05,0.899236914680302,1.88561640025268e-25,1.27091095465525e-47,8.66111947820914e-05,4.25802844056244e-57,0.0946117983542199,3.25407083618844e-59,0.00299535334721829,3
"20223",0.987685603446105,4.29278203998542e-05,4.97470957005934e-23,3.01561547300744e-115,0,2.10198355781431e-09,6.72920280298434e-140,1.01689180709152e-07,1.17636076452084e-34,0.0122713649423305,1
"20226",0.0164441351316391,2.9802119780908e-12,0.000625857599442606,1.15870981354929e-11,2.06306230901657e-21,0.982837241335184,1.12151523749173e-26,8.17340138916932e-05,7.42052285836206e-33,1.10319052751031e-05,6
"20230",0.0126504514905709,0.977000810660732,1.46065850349073e-10,4.43870693154003e-57,2.54747041069016e-187,5.16844443576941e-08,2.69185220129966e-74,0.00951964116061542,1.64136958489562e-54,0.000829044857570985,2
"20233",2.11103835742221e-15,4.10571802963964e-60,0.944403852795621,4.72777538515672e-44,7.46787833387585e-91,6.63012701690665e-19,5.75994354735295e-118,1.19037991257239e-32,7.98804262406217e-63,0.0555961472043773,3
"20235",0.99752467210198,2.78289881564173e-06,1.40473670281978e-07,3.21826186213838e-81,0,0.00235881927876299,2.69140408059971e-124,2.29879044755654e-05,5.17034834997013e-42,9.05973422955804e-05,1
"20239",0.563409361180263,1.8837406666227e-07,2.56981728991459e-11,5.23963591242396e-33,8.15414799498127e-73,0.408041886492491,1.05259245060396e-80,0.0285090044916673,3.20091011680556e-13,3.95594354940478e-05,1
"20254",5.14520623279335e-10,2.74835903407431e-06,0.978974871935763,1.39949474731172e-76,2.9504635247837e-189,2.00045630558795e-16,2.57994488893119e-139,8.0045505349247e-11,1.05436952914193e-121,0.0210223791106365,3
"20256",0.0182005114508888,0.165292645026866,5.48499387545948e-06,8.36370757550897e-38,3.44613307790196e-161,0.00711636826994748,3.8567757828404e-91,0.809379705176478,1.5630068771526e-32,5.28508194465104e-06,8
"20262",0.000462583675157819,4.16602740259051e-28,1.10752832241114e-07,0.685770755366707,6.82432938331193e-05,5.59486731495252e-06,0.313648575085969,1.15239175934646e-05,1.73992401476809e-15,3.26130405913003e-05,4
"20270",0.172819873649544,1.66208744272953e-09,1.54606353336604e-21,8.71711493818256e-36,2.46397099989618e-79,2.73402312651709e-10,8.14308955427436e-34,0.473156891449625,1.45642850078546e-22,0.354023232965341,8
"20284",4.42704625834949e-08,1.11116916638791e-17,0.817416775918142,3.9767549860704e-10,1.97339927196445e-12,0.000629419829132872,9.14215306251149e-100,0.000241778919813902,5.99673496396845e-44,0.1817119806628,3
"20287",0.0290921412630312,0.970663003087823,1.11314025160164e-14,8.1619779554874e-91,1.1461548342154e-220,2.15402399890802e-07,2.16886981152908e-117,0.000192174629058551,9.10036734308922e-58,5.246561767656e-05,2
"20290",2.01623651858668e-09,1.39570160755592e-17,0.97300920803763,1.9139056347423e-33,1.44997701314433e-58,2.56072883150604e-10,9.8308905801523e-87,8.28481603823754e-10,7.05168578091445e-92,0.0269907888615789,3
"20293",0.00225493377620624,0.00382665162811548,0.00925920013679694,3.22053093832531e-13,2.1259794477203e-80,0.0133587998499259,3.02459861678206e-39,0.971113675701381,6.93107780628536e-29,0.000186738907252409,8
