"","V1","V2","V3","V4","V5","V6","result$classification"
"19812",0.000466229952723786,0.0166085745677884,0.0468961541469336,0.000125353246890577,2.55821202052668e-06,0.935901129873643,6
"19814",9.66663653611893e-06,0.00118794105312432,0.00101417408825053,4.15832233113552e-06,0.00257152970271586,0.995212530197042,6
"19816",3.66070882679509e-06,0.975267087685735,0.0105907198353396,9.11084887294184e-05,1.50259489783265e-06,0.0140459206864716,2
"19818",2.79664190967354e-05,0.0344683221436956,0.000643560573183911,4.22714165833705e-05,0.00914371739201047,0.95567416205543,6
"19820",3.47595751416878e-05,0.999802384194642,0.000162561403924525,5.44117265221642e-08,2.2379944641601e-09,2.38176570498893e-07,2
"19822",0.0497337097254528,0.920661334851001,0.0295923189364902,1.65609756068887e-06,4.31355568378649e-06,6.66683381125452e-06,2
"19824",3.67394802427769e-05,0.998081567439833,1.18350165744986e-05,0.000172607442152326,0.00108517446503623,0.000612076156160932,2
"19826",7.44393658523992e-06,0.0250130795878913,0.128965292407867,0.0153832025430106,5.61269556610123e-05,0.830574854568984,6
"19828",0.000206171188629564,0.999096496451099,0.000217417745077281,2.83304531887918e-07,2.0125585370594e-06,0.000477618752125348,2
"19830",0.00027476925201055,0.000136175441307894,0.08864875316309,0.00179306290649353,0.000164449429800642,0.908982789807298,6
"19832",0.625668398855062,0.115624872905274,0.0417988971329038,1.00679631501793e-05,2.78295725574573e-06,0.216894980186354,1
"19834",0.00352013016804267,0.271626207165997,0.696954835421152,1.25273641996469e-06,0.000130996337815699,0.027766578170573,3
"19836",0.000176937042905946,0.278764893331842,0.0151118202902266,0.143208008007674,2.82202643747798e-06,0.562735519300914,6
"19838",3.59151172515727e-05,2.58189239676446e-05,0.00106876295722236,8.63974741231478e-06,0.000549761626417882,0.998311101627728,6
"19840",6.25273253956356e-06,0.204959666981834,0.750214119497391,0.00119619444962885,6.38829872273982e-06,0.0436173780398844,3
"19842",1.11203481270118e-07,3.75070940827656e-06,0.000778015561899536,0.9476652401629,1.79533496328115e-05,0.0515349290126778,4
"19844",4.1204484185333e-08,6.94279018652018e-06,3.9479005353033e-07,2.22599508428939e-05,0.999950931506278,1.94297581543156e-05,5
"19846",9.38785519837066e-08,5.276995038993e-06,1.50731669547792e-05,0.00455695868148158,0.0945074904146419,0.900915106863331,6
"19848",3.43498051716404e-07,7.92676746514948e-06,3.61538672065264e-05,0.000280733929534639,0.036205251540037,0.963469590397705,6
"19850",2.31870906998429e-06,0.000122765677357899,0.000202513008565221,6.97998937897347e-05,0.234137987853265,0.765464614857952,6
"19852",0.000143893301657139,0.653841543186609,0.0109608334149916,2.31164995664155e-05,0.000512572068694108,0.334518041528482,2
"19854",8.30051600436487e-07,7.48050669636663e-06,0.000101689812683313,7.10845053326208e-05,0.00389473972173598,0.995924175401951,6
"19856",8.94892835754827e-06,0.000451996908603873,0.000653946573346651,0.000222689365561485,0.981551510836652,0.0171109073874781,5
"19858",0.000109195742703019,0.0196064058908517,0.000142674438996261,2.97516872717772e-05,0.977324405774364,0.00278756646581333,5
"19860",6.42760568854931e-05,0.237819726758085,0.199317817326743,5.16599449553328e-05,5.363218589438e-05,0.562692887727437,6
"19862",1.04080429534302e-07,2.4576080258356e-06,3.99320069747112e-05,0.0161219738757163,0.00475926578549564,0.979076266643358,6
"19864",8.14843475649104e-08,1.80544075810247e-05,1.50656335379484e-06,0.99997052945572,2.41580920248756e-06,7.41227979555242e-06,4
"19866",1.04308330258301e-05,0.881538188365121,0.0894781665999438,0.0263643265845088,1.5427853375298e-06,0.00260734483206329,2
"19868",0.994927521976641,5.04560979515799e-06,0.00492683170150163,3.57128617239195e-07,7.27069578370032e-05,6.7536625608155e-05,1
"19870",1.40656811075004e-06,0.000174397050968346,6.97470229218008e-05,0.00125470604991366,0.00195973205920694,0.996540011248879,6
"19873",4.69043618107951e-06,0.0204056850025638,0.00175945210340611,0.00218307869568236,0.000757154898178832,0.974889938863988,6
"19875",0.000233942918817299,0.958803027407985,0.038468325579629,1.11113109950673e-06,7.8714181016453e-08,0.00249351424828771,2
"19877",1.32658158820504e-05,0.00220418023362193,0.00516299696095096,0.000106926677244653,0.0020163695769012,0.990496260735399,6
"19879",0.00095284240074468,0.250282404584964,0.0314566973214891,0.000241833064690506,0.00542809832566116,0.711638124302451,6
"19881",6.72121783597292e-06,0.00745554424616645,0.0048831419164702,0.0265534440236425,0.00134399528959889,0.959757153306286,6
"19883",7.54776719195379e-07,0.0024285208885109,0.00230936174188213,0.312807879884658,8.30951280277985e-05,0.682370387580202,6
"19899",0.000386296168767744,0.0246800778901515,0.93987968609597,0.000240365759970212,4.82656583309421e-06,0.0348087475193074,3
"19908",0.00100124967648163,0.0032384366301481,0.977045325887651,0.0181699670372104,0.000307472152762746,0.000237548615745913,3
"19910",4.69903906363505e-05,0.328576145054775,0.00236325988505991,0.000425836456045401,0.000321646199335896,0.668266122014147,6
"19912",3.3262384912831e-07,9.57252411970853e-06,0.00621971366591831,0.585512904338881,0.000878725507673092,0.407378751339558,4
"19914",0.00230571410416302,0.0986849799570014,0.450135946561642,0.00010123470788415,0.000954173252914724,0.447817951416395,3
"19916",4.82584439626078e-05,0.750685320658326,0.000589249189324978,0.248061244213255,0.000331777552023142,0.000284149943108049,2
"19918",1.29168953694882e-07,0.000237792046732319,5.7762660265284e-05,0.00250137662817564,0.0783025190977012,0.918900420398172,6
"19920",8.20064687730959e-08,1.41833611734344e-05,0.000111808328494697,4.29742028638292e-05,0.872494693348092,0.127336258752907,5
"19922",0.751696696265425,0.0109564056743887,0.000138780313121195,9.08331253083e-06,1.2686449415599e-05,0.237186347985118,1
"19924",5.75961913847743e-06,0.00569148340076875,0.00653274944254943,0.000215238885331189,0.0270378591363647,0.960516909515848,6
"19926",0.00524376218038098,0.148582828573692,0.759549606443384,0.0084017419388501,5.20056153304928e-07,0.0782215408075398,3
"19928",5.68453354869321e-09,4.27254769609236e-08,1.59800401907706e-07,0.999997011173249,1.57749487740603e-06,1.20312146067653e-06,4
"19930",5.49642272676571e-06,0.000442689212524068,0.00016093623174545,6.4773638919365e-05,0.000120268823741648,0.999205835670343,6
"19932",3.14169664163897e-06,1.73167697547525e-05,0.00013687122666216,2.04246872403803e-05,0.00131016090972987,0.998512084709971,6
"19934",0.0016414078553836,0.933687896348324,0.0369975270199633,1.27445048288784e-06,0.000112208789131913,0.0275596855367146,2
"19936",0.000288753726938223,0.00622103941686962,0.0580720970334184,3.19870349273917e-05,0.000168190406332976,0.935217932381513,6
"19938",0.00166685155507342,0.867602485762478,0.130450704116039,1.33702770416393e-05,4.84476064768572e-05,0.000218140682891113,2
"19940",6.13571119785511e-06,0.0698554637512374,0.000497140501185728,0.0289115477990383,0.000467954827284578,0.900261757410056,6
"19942",2.21049330286603e-09,6.77957064795888e-07,1.27348041970102e-05,0.999976166341077,4.36592372511249e-07,9.98209479575947e-06,4
"19944",5.09593430455038e-05,0.755699503231385,0.018457684341778,0.00165921621921532,3.56323182784405e-05,0.224097004546297,2
"19946",4.42696571248534e-05,0.0809337959510679,0.00821961200192713,0.000182925065937414,0.0189230415194528,0.89169635580449,6
"19948",7.70887594624527e-10,7.94322418471229e-07,2.10370104046526e-07,0.999952948514167,1.64671126713956e-06,4.4399311155818e-05,4
"19950",9.05985977627981e-08,3.42625797121044e-07,1.07041895804772e-06,7.17598488888933e-07,0.998175790390297,0.0018219883678609,5
"19952",7.70887594624527e-10,7.94322418471229e-07,2.10370104046526e-07,0.999952948514167,1.64671126713956e-06,4.4399311155818e-05,4
"19954",1.48556657589655e-06,7.9034671868651e-05,8.98633761894027e-05,6.53936895558232e-05,0.00056939421793124,0.999194828477879,6
"19956",4.84764839492396e-05,4.55327337296321e-06,0.112157878017217,0.0101984138687838,0.710591644546816,0.166999033809862,5
"19958",0.99791903960242,7.17728471014656e-05,1.00898537898671e-06,9.30161640973726e-07,0.000330497827985576,0.00167675057547338,1
"19962",0.00201676168332064,0.15710649583644,0.019929800022472,0.000443820967175408,0.196191828216564,0.624311293274028,6
"19964",1.62608531216044e-05,0.0387964023652907,0.000195415150940245,0.0253239755626396,0.0109844732640733,0.924683472803934,6
"19966",4.21485696103616e-05,0.96252631597874,0.0315966733082186,0.00575652950417336,3.53837541426303e-08,7.82972555038757e-05,2
"19969",1.3462327746576e-06,0.000329674443383836,0.00605316875100882,0.0107097426696015,0.00010858866385987,0.982797479239371,6
"19972",1.25262596195844e-06,0.000442964752639125,0.000113616102361759,0.12805573986689,0.0553632596982707,0.816023166953877,6
"19974",1.05828601674805e-08,5.28471958000523e-07,3.99705301785356e-06,0.0356961617143921,0.871710425358903,0.0925888768188692,5
"19976",8.56881544240614e-06,0.0101238645929659,0.00353589392320286,0.000311616015677423,0.0402773920855831,0.945742664567128,6
"19978",4.76623089687488e-06,0.758214347022232,0.00130169865144017,0.0012696734978211,0.000432650256633742,0.238776864340976,2
"19980",7.45469473346658e-07,5.92614056848565e-06,4.82046232503893e-05,5.50416482291355e-05,0.1818585425818,0.818031539536679,6
"19982",1.44321256497331e-05,0.000104106964442112,0.00138735480066334,1.70284602268921e-05,0.846888577093125,0.151588500555893,5
"19984",5.34574262384223e-08,7.37976127508915e-06,2.21184761413915e-06,4.33364529953394e-06,0.999614339636633,0.000371681651752287,5
"19986",0.000196831584515187,0.993241221809621,0.00655968471388263,6.7731644020534e-07,3.36217076926523e-09,1.58121336997891e-06,2
"19988",0.000330581013606322,0.998730978572698,0.00093829932010637,2.4364048967225e-08,1.86811931686933e-09,1.14861421007372e-07,2
"19992",0.000318328870317302,0.97897350500647,0.0207054265246278,1.96520936825026e-08,1.93855223324063e-07,2.52609126818333e-06,2
"19994",1.95277884848399e-05,0.000563057279442991,0.000641428114898573,4.72763321283108e-05,2.91185846062275e-05,0.998699591900439,6
"19996",3.44884420656493e-05,0.999352313159639,0.000608301954726265,1.3264888375731e-08,9.16895741365009e-08,4.79148910701452e-06,2
"19998",4.5531609841099e-05,0.0176695148868405,0.436735951504283,0.416973579363939,0.00684595050964542,0.12172947212545,3
"20000",0.00940432823060565,4.05516045561751e-05,0.256754536158986,0.00440162853865669,0.000529161890056172,0.728869793577139,6
"20003",0.00012583473480367,0.00447025505496599,0.00968977481318496,0.000863424846129439,2.0603245671979e-06,0.984848650226349,6
"20005",1.01105355881697e-07,3.80089430963734e-06,3.68262165843154e-05,0.00222612257550572,0.0328349598580382,0.964898189350206,6
"20007",0.00123390395627554,0.374223124848439,0.420619993699696,2.68703086729264e-05,0.000767923939483628,0.203128183247433,3
"20009",0.000471092675507002,0.997674083606909,0.00096894946568272,0.00033127517930654,0.000228963398805175,0.00032563567378945,2
"20011",4.09024036458592e-06,0.00312828449679787,0.00104583074076421,0.0284704304914187,0.00850152407855815,0.958849839952096,6
"20013",7.30372586441018e-06,0.000301808635756229,0.0156510431793824,1.93012266193918e-05,0.0953116409742513,0.888708902258126,6
"20016",0.00356000337750379,0.991149178705494,0.00527376096395364,1.08653023988723e-06,7.21026524584615e-06,8.76015756292364e-06,2
"20018",0.994037950348164,0.00594379753999502,1.82338958954819e-05,1.16681421736726e-08,9.64884795340552e-10,5.58291860601881e-09,1
"20021",0.00027636996880571,0.991462614900513,0.00076313639625034,1.06419712366042e-05,7.90515205399994e-08,0.0074871577116739,2
"20023",0.000957125838912614,0.87334237687011,0.0729772257827757,3.20475095626268e-05,9.2883965757577e-05,0.0525983400328819,2
"20025",0.465430512101524,0.53368093878272,0.000873647460461749,1.15707503222719e-06,6.41126190891145e-08,1.36804676426813e-05,2
"20027",1.54465575462031e-06,8.59791939528232e-05,0.0152010875085463,0.349369247590518,2.60095150325539e-05,0.635316131536195,6
"20029",5.70855707834548e-08,2.10557869270122e-05,0.000737317979905168,0.0115138490794414,0.0133759086678273,0.974351811400328,6
"20032",4.39281884175208e-06,8.54684914285703e-05,0.000605424940666695,0.00691167813614521,1.72641180748763e-05,0.992375771494843,6
"20034",5.69592266287107e-09,3.80792373914155e-06,6.1519393234139e-07,0.999823464792378,3.27298478536949e-07,0.000171779095549048,4
"20036",3.75644374613841e-05,0.001216515391524,0.953935958886021,0.000239357548067244,0.0174905265270134,0.0270800772099124,3
"20038",0.00402293866565357,0.78858141102773,0.207230943974517,4.36573093716895e-07,2.57289657780968e-09,0.000164267186108573,2
"20040",0.0105849186261114,0.989220935058344,6.30467823510954e-05,0.000125509064418111,2.83977444917346e-06,2.7506943264479e-06,2
"20043",0.000521086904042149,0.987268519139039,0.0104757492931235,1.54463588974595e-07,4.73548710384258e-07,0.00173401665149592,2
"20045",0.005045195345154,0.994829105535949,0.000125443801393324,2.5410320077386e-09,7.73663489333063e-08,1.75410122368697e-07,2
"20048",4.93538965934661e-08,1.28078159473491e-07,1.89728147114239e-07,3.45529602825261e-07,0.999960383162971,3.89041472227752e-05,5
"20051",0.0137806263553375,0.258211532832616,0.105898842307921,1.46057776327565e-06,0.0110149958725076,0.611092542053855,6
"20053",4.86618070307766e-05,0.988794105245945,0.00263705994015498,9.88486384598308e-05,0.000155772742096835,0.00826555162631223,2
"20055",0.0202277618668916,0.107499077122104,0.866554900803632,1.75423266381967e-05,1.44670636258362e-08,0.0057007034136714,3
"20057",0.999201771568312,3.33406262167302e-07,2.5075847919719e-06,2.36848311416568e-05,0.000702809328761855,6.88932807307578e-05,1
"20059",0.00205158936645568,0.988631387723303,0.00197293188785044,0.000426737056188459,1.7021914596989e-05,0.00690033205160536,2
"20061",0.000248750651049439,0.903861341064202,0.013089082650587,0.000453750572686995,0.000118917049320577,0.082228158012154,2
"20063",0.000188876139678866,0.00689003735691863,0.000324573346120683,0.000523843504955374,0.992058751322649,1.39183296769799e-05,5
"20065",0.904941719094693,0.094207435556795,0.000848806680113272,4.69362992424818e-09,6.19276357901343e-11,2.03391284106555e-06,1
"20067",0.00870571045725144,0.988885096600477,0.0020479484075934,8.97166185806218e-09,0.000191718536535827,0.000169517026479994,2
"20069",1.38087745741403e-06,9.23734260678096e-06,8.16550677585029e-05,2.01355027816519e-05,0.438610050345246,0.56127754086415,6
"20071",2.49841941801521e-05,0.00227699889663549,0.99336941142851,0.00180580508486278,2.38683292991818e-05,0.00249893206651201,3
"20073",6.52312908780454e-07,0.000680980388231798,6.50999981079937e-06,0.000570121434356037,0.857132385760564,0.141609350104128,5
"20075",0.999028962156898,2.66015063194454e-06,0.000876295210346172,4.79977136239392e-08,6.31090009979509e-07,9.14033944007123e-05,1
"20077",1.88466497215571e-05,0.395680873092051,0.600306214800089,6.67868491726166e-06,0.000265685467221073,0.00372170130599959,3
"20079",0.000832795361535946,0.111200776095276,0.012800310330962,3.10477308840194e-05,0.824738541763254,0.0503965287180881,5
"20081",0.139881619417037,0.793333360715511,0.0619094596161476,4.86854151681565e-08,5.69298549920314e-06,0.00486981858039007,2
"20083",0.000202769887488827,0.00113710233978262,0.139952015082894,0.00160348912807561,0.852731147195786,0.00437347636597361,5
"20085",0.00189265077283239,0.996390590451987,0.00171651857779664,9.17739972567265e-09,4.83831642793274e-10,2.30536152633619e-07,2
"20088",0.000633820650556643,0.994792681397128,0.00438207551448029,5.08261968244072e-08,9.05284237185965e-08,0.000191281083214047,2
"20091",0.998778388985715,0.000939097470758724,0.000241417611847825,1.60010576332189e-09,1.43760428573501e-06,3.9656727287066e-05,1
"20095",0.000168442467921921,0.0572151891893713,0.00108961321516862,0.0425213278397282,0.885646721662132,0.0133587056256785,5
"20097",0.00847859482487481,0.98507114072289,0.00644979246806681,4.77044646947951e-09,7.69989036261075e-10,4.66443732832079e-07,2
"20099",1.3547293713595e-06,0.900519040679219,0.000140014045901076,0.0952184714038628,0.00266399444104602,0.00145712470059955,2
"20102",0.0512158626410211,0.000770310705542524,0.000203589536945612,3.67102414639039e-07,0.94621224634034,0.0015976236737358,5
"20105",0.000196372429372502,0.994893625808083,0.00113239960430719,3.28852200953551e-07,0.000370530199753364,0.00340674310628343,2
"20107",5.77217031242028e-05,0.936125955345023,0.0635978218722772,1.34914665681542e-06,3.83411266054666e-07,0.000216768521653189,2
"20109",1.11310038649e-05,0.79695831841869,2.37495742049732e-05,0.000882301326216859,0.177990008115388,0.0241344915616356,2
"20111",0.543868458095225,6.05929367808357e-05,9.48023023025442e-05,3.90852859288534e-05,0.00799568243033666,0.447941378949426,1
"20113",2.59196734557276e-05,0.219558451056215,0.772504809240949,0.00571808762239899,3.44403610432019e-07,0.00219238800337067,3
"20115",0.000168175109679106,5.4560792301137e-05,2.83133900141563e-05,0.00473324707174119,0.000291203393844012,0.99472450024242,6
"20117",0.554814965521565,0.0918028838060208,0.0198908979123332,0.332803003291878,4.0694019507647e-06,0.000684180066252309,1
"20119",1.79821546583633e-05,0.930981218363992,0.0434171182105094,0.0254937481917674,1.85116855534876e-08,8.99145673875049e-05,2
"20121",0.000186097617346649,0.956951346209817,0.0428383701717785,7.47318557830201e-07,1.30431263426966e-08,2.34256393735571e-05,2
"20123",0.998619795578516,0.000520815544877327,0.000852961882929941,3.97138443318901e-09,5.09927216436271e-09,6.41792301979103e-06,1
"20125",7.68523018393056e-06,7.13720346501421e-05,0.00125185130032971,1.2456390063729e-05,0.0774438991251284,0.921212735919644,6
"20127",0.000151068376509232,0.999735731087678,0.000108803456643195,4.46972442571024e-08,1.04189435213801e-06,3.31048757340678e-06,2
"20140",0.0056637612696184,0.00491858992093378,0.987798142280017,3.59346670283141e-05,3.45171964277068e-08,0.00158353734520587,3
"20142",2.08381576798436e-07,5.62116342021519e-07,9.40857517203456e-06,1.39848023765403e-06,0.994741304281835,0.00524711816483661,5
"20144",0.00375925407259765,4.1823379904069e-05,0.0236079248545371,7.30487194694558e-05,0.00717600760102161,0.96534194137247,6
"20146",0.000808864965916861,0.00178458921091738,0.361012377756105,4.45919079682886e-05,0.342271994751239,0.294077581407853,3
"20148",4.37064768429209e-05,0.00415359203871078,0.0388983258609454,2.30662297057806e-05,0.000182901996222106,0.956698407397573,6
"20150",6.64435712679828e-08,1.39179688170991e-06,1.38211473692486e-05,0.00315849299686079,0.425390522046857,0.571435705568461,6
"20152",7.68683061189241e-05,0.0216020466553476,0.0386608329955267,0.000118093989683371,0.00012969512295943,0.939412462930364,6
"20154",0.980636974198097,0.0189854981996361,0.000368688406213295,2.82207598800909e-10,4.13371943778429e-06,4.70519440780333e-06,1
"20156",0.00426733329596972,0.26022974786202,0.644159623515448,0.000116777087765966,0.0416199299877325,0.0496065882510631,3
"20159",2.55259594390323e-06,8.84851354362889e-06,0.000205372818708643,1.24753766023614e-05,0.552835567570903,0.446935183124299,5
"20161",1.37591283111e-05,0.00019146194239442,0.001691442479356,8.98026245680745e-05,0.992613688338299,0.00539984548707118,5
"20163",0.000936431229151863,0.0355844762334585,0.00197965115598025,0.00116605303457909,4.1585955048144e-06,0.960329229751326,6
"20165",1.0423603722063e-05,0.00702427983901619,1.00576451374267e-05,1.03196612056231e-06,0.992215519173061,0.000738687772943209,5
"20167",2.65387664977596e-06,0.00213889943001122,0.000615169256572018,1.34545678911331e-05,0.00574584373731991,0.991483979131556,6
"20169",5.81709053295159e-08,1.46187690251175e-07,7.0292414887056e-07,4.21704342052333e-07,0.999816946865144,0.000181724147769232,5
"20171",0.995163421825392,0.00454489583764874,0.0002857068217516,1.4524447125991e-10,5.71549309649384e-06,2.59876866384449e-07,1
"20173",8.17861887810293e-06,0.0646184854389682,4.15687716160896e-05,0.705187369069311,0.229188902823342,0.000955495277885273,4
"20175",6.39756064318808e-06,0.000706966596430459,0.00253785489430838,0.000281589766059386,0.0060875088499225,0.990379682332636,6
"20177",3.71389907320108e-06,0.538585735769326,0.000955815736707426,0.458027490333628,0.000129902054180505,0.00229734220708501,2
"20180",0.00161400421448916,0.993850292515722,0.00451443808669807,6.00262809279953e-06,6.02653687412385e-11,1.52624947325941e-05,2
"20182",1.13457669146155e-05,1.49857214351635e-08,9.21587214608425e-08,0.00188771112812674,0.997916699191415,0.000184136769101063,5
"20184",7.17876153678508e-07,5.27353310439544e-05,0.000263262065946881,7.83114018564773e-06,0.957642239448453,0.0420332141382173,5
"20187",1.55348488519484e-07,0.00256533278293284,0.00468544671123744,0.990211237490343,0.00124342362115304,0.00129440404584577,4
"20189",3.58770000841041e-06,0.945578481277715,0.000628158335623596,0.0141713549960212,5.7001181272037e-06,0.0396127175725042,2
"20192",0.151348981139585,0.827755288907938,0.000208174317303258,0.0179991738729682,2.22372423568419e-06,0.00268615803796964,2
"20194",5.60784644838151e-07,3.47587657720085e-05,0.111951378300376,0.115068933164193,0.730781434531881,0.0421629344531332,5
"20196",0.202858338556517,0.793759934589816,0.00333203775684402,6.88975533448491e-08,1.48340089405038e-07,4.94718591801003e-05,2
"20198",0.0035507832503255,0.228908369575376,0.199714953484094,0.000585275145754318,0.000689709992292123,0.566550908552158,6
"20204",4.80133585510791e-06,1.31001662541498e-05,2.70764161895849e-05,2.39515152351317e-05,0.394172582885064,0.605758487681402,6
"20207",0.082996279814066,0.889930197891496,0.0269063810383432,7.33092758364109e-09,3.79659019465025e-05,0.000129168023220459,2
"20209",0.0524500088658987,0.000335561335022117,0.035344114381681,0.0781455314118433,4.60732916012093e-06,0.833720176676395,6
"20211",0.997560739097187,0.000422063598436685,0.00199860243666945,9.14489167051128e-11,5.1712783275393e-08,1.85430634747723e-05,1
"20215",9.61734318705392e-05,0.151402379127658,0.846630740851066,2.12136892621623e-06,9.92983937976437e-06,0.00185865538109915,3
"20218",2.77179620566086e-07,1.22026965990407e-06,5.37938537837808e-06,2.03335952873339e-06,0.978110620642437,0.0218804691633752,5
"20222",0.0611141864723481,0.882920194427155,0.0500567833061867,6.41803559808417e-08,8.99080109007284e-05,0.00581886360305369,2
"20225",0.000235775567366922,7.8856581523326e-05,0.0508961237223438,0.000385052951837173,0.028597892676696,0.919806298500233,6
"20229",0.000329689016348359,0.0001031749826403,0.997230871514996,1.40774164661948e-05,9.11194118784069e-06,0.00231307512836156,3
"20232",0.00476302167473519,0.243900196978103,0.726768612935685,1.9968854026911e-05,7.82858043073285e-06,0.024540370977019,3
"20234",0.118105506148122,0.881853991245561,3.92511878159687e-05,1.10004722138287e-06,6.1155507611198e-10,1.5075972419673e-07,2
"20238",0.000761398488017952,0.989534944900927,0.00949630446833534,7.69515555655272e-07,7.13296626234359e-06,0.000199449660901745,2
"20253",0.000141485618326241,0.379934313153264,0.619889801352918,8.85517885249777e-07,8.36759807710677e-07,3.26775977994996e-05,3
"20255",0.000180386808102361,0.000115911750073654,0.0031060166867152,3.40237417615939e-06,0.000174980324353937,0.996419302056579,6
"20258",2.80197759944141e-05,0.999865939269845,5.11028149777751e-05,8.51517539669342e-07,1.99324247585761e-08,5.4066689217863e-05,2
"20269",5.49077651927363e-05,0.950214137379385,3.36372340381953e-05,3.00750445915863e-05,0.0229581754581762,0.0267090671186165,2
"20271",6.995675624299e-06,0.992113510739657,0.000138123895243686,0.00759882181261747,8.38413196860957e-08,0.00014246403553758,2
"20285",3.29269296704482e-06,0.00224972997096337,0.0105239223624906,0.963136832995867,0.000920026701869678,0.0231661952758419,4
"20288",0.000304465053520258,0.22430353992328,0.771343222283426,2.91188556796175e-06,3.13268560358753e-05,0.00401453399816974,3
"20291",0.275762841924782,0.719475762335803,0.00465623068347865,3.74193524200079e-07,1.78970607381076e-06,0.000103001156338822,2
"20295",0.000105466639458895,0.820029613989071,2.31310085578141e-05,0.111413120190199,0.00841040290233814,0.0600182652703746,2
"20298",1.07463428384173e-06,9.99403126192076e-06,0.000404259744404295,6.90503475838516e-05,0.0023980786956708,0.997117542546795,6
"20302",3.10856931542319e-06,0.00068585499884746,6.94468853308785e-05,0.00246251487176547,0.564893970704587,0.431885103970154,5
"20305",4.43276904352215e-07,8.283751466146e-06,0.000104224403833307,0.00164361324950836,0.000350083074375118,0.997893352243913,6
"20307",0.000229724171130737,0.998743730825124,0.00101953551908348,1.29728988013751e-08,1.70207424104276e-08,6.9794910202896e-06,2
"20310",0.00115001909938445,0.998698612601298,0.000151001827903173,2.10443448246452e-07,1.35541759829875e-08,1.42473789918714e-07,2
"20313",5.15402752925621e-09,4.61227045888835e-08,1.73596388310917e-07,1.24238414060032e-05,0.999320682354634,0.000666668930839287,5
"20315",4.82349006410443e-05,0.989204158231657,0.0104570451558326,1.25547893023112e-05,2.69577841018702e-07,0.000277737344726411,2
"20319",0.667252285671323,0.306299802194689,0.0263770489798507,1.36370748147952e-07,9.87807375272312e-08,7.06280026512334e-05,1
"20321",2.79281044823988e-05,0.993723353257757,0.00621274190964151,8.21819384996736e-07,5.41377071648267e-06,2.9741138018243e-05,2
"20327",3.43219740089565e-06,0.999943635220109,2.29938538596503e-05,1.48373056980802e-05,6.17582619310211e-08,1.50396646705607e-05,2
"20329",2.9019136726787e-10,3.91293781155954e-07,4.9764843000608e-06,0.999824065362994,6.29232382218353e-05,0.000107643330511583,4
"20335",0.109641743420812,0.889732965738176,0.000617265981256268,7.42927803819697e-10,7.67436057219855e-07,7.25668077061537e-06,2
"20337",2.91208825900736e-06,1.44290980483288e-05,9.70660661006213e-05,1.27929044422237e-05,0.173162736502078,0.826710063341072,6
"20339",0.609983475848027,0.00256996923001578,0.383764550355898,0.000318205251262955,1.90972900270919e-06,0.00336188958579377,1
"20341",0.980810621461218,0.0160333207665345,0.00272336062324879,7.34913441782066e-09,0.000415269996217186,1.74198036473539e-05,1
"20343",0.00611005412157196,0.993158971589229,0.000662340545809699,7.25252905432454e-08,6.24458224723544e-05,6.11539562628815e-06,2
"20345",2.00493713537904e-05,0.00273721212369788,0.0120972217690566,0.0303632492087351,4.54658600748976e-06,0.954777720941149,6
"20350",0.00517965521694076,0.0080406304431906,0.982914693014279,0.000250744303433614,0.00124605537913205,0.0023682216430235,3
"20352",8.34965966167576e-08,8.86343962646864e-07,3.11060193937922e-07,3.80905777833865e-07,0.99954394135837,0.000454396835098531,5
"20355",8.79873270169564e-05,0.0018130299582261,0.000584356273833457,0.000111207847882177,0.974623110830798,0.0227803077622429,5
"20358",1.24147413877185e-08,6.20301964824587e-06,3.75173155690919e-05,0.964719080692698,0.0116228128467601,0.0236143737105837,4
"20363",2.86865888933562e-05,0.993087527895429,0.00673855165747713,2.49186988549374e-07,3.82226668926966e-06,0.000141162404522275,2
"20365",0.56071516814406,0.297878511354296,0.120151045189703,3.62259356726609e-07,1.07771681769798e-06,0.0212538353357667,1
"20379",0.000295691328360511,0.000151966677582666,0.000353514716382789,0.000262259428025743,0.00058223295012386,0.998354334899524,6
"20387",0.000939753861350191,0.998578595544883,0.000225895936585674,5.40039428627244e-08,9.00052964651193e-08,0.000255610647941739,2
"20392",0.998672020771288,0.001084988725762,0.000237367363627305,1.0001673787909e-10,2.76996548750601e-09,5.62026934080211e-06,1
"20395",8.07949201222099e-05,0.00699372456016863,0.319742247265463,3.75410946360895e-05,0.00074462874708787,0.672401063412522,6
"20397",1.52208664493705e-09,5.09047060817498e-08,1.90350883134071e-07,0.994767336386962,0.00518820088445129,4.42199509103208e-05,4
"20410",0.000341152734700584,0.993202898528962,0.00144092185475246,0.000253004710055916,1.02604950334837e-08,0.00476201191103364,2
"20414",2.96406210722458e-06,0.000531801479361752,2.60436030118579e-05,7.33823277513167e-05,0.166472539542628,0.83289326898514,6
"20417",0.93596397419953,0.0637265504123055,0.000285282394113819,2.41534597099979e-05,5.3476041162667e-09,3.41867371031546e-08,1
"20419",4.80858281088041e-07,0.999845694779496,0.000137235288570822,8.62355355021541e-06,4.4813635195111e-07,7.51738374932669e-06,2
"20421",0.0115620677849683,0.00210402235200091,0.000862141987896625,7.00213548857934e-06,0.651885152638498,0.333579613101148,5
"20423",4.55434255359726e-05,9.66187020279088e-05,0.000170851908553499,6.97033129059896e-06,0.26610234568794,0.733577669944652,6
"20425",0.000132593469665104,0.000191164067971017,0.0294223926214075,2.43393108763758e-06,0.644362772492717,0.325888643417152,5
"20427",1.39117423839825e-05,0.0323598632391698,0.00685189650462034,6.76669103540774e-05,0.000165720400048247,0.960540941203424,6
"20429",0.00198477599674498,0.978422019572307,0.0192485173334691,9.54206614197656e-05,0.000192151764250546,5.71146718085779e-05,2
"20432",1.42067892793382e-07,2.48708940594491e-05,1.38837219070439e-05,0.000518712789485853,0.755838867541453,0.243603522985202,5
"20435",0.0165661324140837,0.72339200273122,0.142751712938748,0.000194369333424754,5.87353606879023e-06,0.117089909046455,2
"20438",5.14095110607625e-06,0.951681137454681,0.0478126985034444,4.64560420480791e-05,0.000310182377453862,0.00014438467126666,2
"20440",1.05486035238862e-05,0.999903117877654,1.92772153422773e-05,6.8411297861418e-06,5.53028062084382e-06,5.4684893073087e-05,2
"20443",5.57828846188865e-06,5.03222676478817e-05,0.000779436558402419,2.46598621670512e-06,0.998449500053559,0.000712696845712608,5
"20446",0.00114843211613868,0.559116367185075,0.00863996164169544,0.00224804155034309,0.00290620586157643,0.425940991645171,2
"20449",0.00217582924917492,0.156518765605648,0.812430707882335,4.76818644108986e-05,4.88594967918153e-06,0.0288221294487515,3
"20537",0.313839251865157,0.680969886025673,0.000654500521495295,1.0872279792641e-06,9.31806686328641e-05,0.00444209369106251,2
"20540",0.996101941370459,0.00388570146997823,1.01049962525175e-05,2.05047034063408e-09,1.24458954432995e-09,2.24886825003041e-06,1
"20543",0.0004344689203657,0.165462057423967,0.00242239313054636,4.51676506013133e-05,0.00218057684818623,0.829455336026333,6
"20545",0.999518878585394,0.000413186494184474,5.54991316099109e-05,3.89064936101574e-11,1.2304343111775e-07,1.23127064741003e-05,1
"20549",0.00233043535401747,0.0295771007180653,0.00251709166226401,1.313586491277e-06,0.00876516814834998,0.956808890530812,6
"20551",0.000903061940646024,0.905906594496263,0.0780418375950111,2.3448229643409e-07,9.00281515298369e-05,0.0150582433342539,2
"20554",5.3071493117849e-05,0.997541352459037,4.88948778133741e-05,3.74060272370467e-06,3.24319966482413e-06,0.00234969736764313,2
"20556",0.00634234497331172,0.00904292617892765,0.944546771485847,2.46996940445e-07,0.000124687606660121,0.0399430227583126,3
"20558",7.635773971603e-05,0.99956459468434,0.000335871469387555,2.05680307235043e-08,9.42347339270275e-08,2.30613037920853e-05,2
"20560",3.47266323416388e-05,0.974497934811134,0.00985896497524307,9.94069141806958e-07,0.00306396188398871,0.0125434176281512,2
"20563",0.000110284726188565,0.999860960973395,2.60379548273567e-05,6.13938608536636e-08,2.59623126402195e-07,2.39532860219053e-06,2
"20565",0.000520172491050178,0.698958253731542,0.195819143866692,5.20309185848198e-06,0.023530370701792,0.0811668561170649,2
"20567",4.57082253847846e-07,2.78370286835222e-05,0.000346653262841175,0.00018577158453706,0.896828891945211,0.102610389096473,5
"20571",0.000282819278504037,0.0165687491704925,0.983122773837974,1.56649862857342e-05,1.20868865341094e-06,8.78403809074443e-06,3
"20573",0.00240497068489368,0.816472957762424,0.153990905123724,1.95876427912591e-06,0.000475374448204672,0.0266538332164747,2
"20575",4.71092921443022e-05,0.999727364505097,0.000219010577438941,9.16128863122138e-07,5.76194597588071e-08,5.54187699681298e-06,2
"20577",0.000356660402361676,0.0249879806530515,0.732597021093294,0.00025595088043104,2.86491987749364e-05,0.241773737772086,3
"20579",3.4783036020652e-09,6.10388264137684e-07,3.64810999779927e-06,0.110639101048189,0.888255463530672,0.00110117344457344,5
"20582",5.13086519289028e-05,0.999611895853782,0.000334276187322552,5.16498147969714e-08,1.40371470076082e-08,2.45362000442632e-06,2
"20585",0.905745402262018,0.0543391090681745,0.0317328646778365,2.22910420553571e-08,6.66703365582151e-07,0.00818193499756357,1
"20588",0.915657411202597,0.00405708723434006,0.0746717546945995,1.18572243677269e-06,0.000136366380122615,0.00547619476590415,1
"20590",1.95715061909057e-09,1.55854511567923e-07,1.61297136197472e-06,0.00149590615473647,0.993785970519069,0.00471635254317032,5
"20592",3.03213089015136e-05,0.999427641764794,0.000540266423738983,1.85417920090547e-08,5.66877965500982e-07,1.18508280743958e-06,2
"20594",0.00016972048340475,0.999672486877034,0.000152618015850648,4.01945747985082e-07,1.87157565519307e-09,4.77080638736344e-06,2
"20596",1.63572540352391e-06,0.992157146793449,0.00114089866755237,0.00128134706966182,0.000227158731458244,0.00519181301247524,2
"20598",4.97443450275578e-05,0.990929840671721,0.00284125824135569,2.87008361685015e-06,2.6326186343869e-06,0.0061736540396446,2
"20600",0.210123808369344,0.0167948871461805,0.714224772495515,2.14552910493418e-07,0.000505589193234952,0.0583507282428158,3
"20603",0.00113545404523296,0.000215503117485037,0.0101517186591973,2.01484657845318e-05,0.00225698549685286,0.986220190215447,6
"20605",0.000196458785817754,0.971414645443,0.0282568875198527,6.06986830994953e-06,9.65772163086953e-09,0.000125928725297943,2
"20607",3.85025633052416e-06,0.962831790115306,0.0366144453015033,3.50432568475691e-05,2.54700655594193e-07,0.000514616369356726,2
"20609",5.81525257469553e-05,0.988161234137485,0.000188736470431049,9.47311439393968e-06,1.00275856816046e-05,0.0115723761662618,2
"20611",5.37926446898526e-07,1.16341918980259e-05,0.000648256710627195,0.0111206099740972,0.00012960244759485,0.988089358749336,6
"20613",0.00245984727517162,0.406236291193451,0.00186814790344129,9.73108228822688e-05,4.30730793214404e-06,0.589334095497122,6
"20615",0.0098101052141196,0.0423317009532185,0.801818393691888,2.75812631176396e-07,0.000650395885506737,0.145389128442636,3
"20617",9.57028241788824e-08,3.47389474442868e-07,1.48687649786288e-06,7.53075842735321e-07,0.997704332432952,0.00229298452240889,5
"20619",1.19026058037432e-05,0.985916144378797,0.0140630130041745,6.78728113547881e-07,2.38211248236563e-06,5.87917062930804e-06,2
"20621",0.000159647863330246,0.868008149642942,0.123730345324154,3.40786285881671e-05,2.12368723268327e-05,0.00804654166865877,2
"20623",7.78455852897524e-08,0.00123605168674105,2.34469502934217e-05,0.000950034780520946,0.989109218041501,0.00868117069535815,5
"20625",0.0134196420887497,0.000418398795689268,0.0601135924121611,6.5268182856823e-06,0.0390476112645546,0.88699422862056,6
"20627",0.000269823339566587,0.768878938751342,0.0662559009626883,0.000528205709576876,2.09261819005812e-06,0.164065038618637,2
"20629",0.000758567342037561,0.315722674327379,0.612373554734014,3.83967507545126e-06,0.0003594733586439,0.0707818905628502,3
"20631",5.08206497787165e-05,0.999234470543975,0.000706977041721459,4.48731932949229e-08,4.29805338992023e-06,3.38883794170999e-06,2
"20633",2.3512666038101e-09,2.86599694717161e-08,1.01583687086759e-07,7.09231663968025e-05,0.99958282955283,0.000346114685849995,5
"20636",1.22250577760446e-06,0.000248837422387971,0.311847171310457,0.0571480320081511,0.0218260556643432,0.608928681088883,6
"20638",0.00173731945078102,0.00362409115848681,0.971706332271088,6.11445910560872e-05,7.77901035620086e-06,0.0228633335182312,3
"20640",0.0784887870785977,0.902592721006347,0.0174064332922169,5.98982051539763e-07,5.73319875359508e-09,0.00151145390758823,2
"20645",0.00262724088140745,0.995539535645012,0.00183267068849931,3.21896452852129e-09,9.68259815287562e-10,5.48597857056704e-07,2
"20647",5.56687634206803e-08,1.32930025204766e-07,2.65182307422699e-07,3.76115556485202e-07,0.999959427327884,3.97427754629725e-05,5
"20649",0.00857332665096742,0.976767566447487,0.000916253675517201,7.76474023003687e-07,4.08177730106628e-06,0.0137379949747047,2
"20651",0.00171743928342022,0.996355350547381,0.0019101218203365,8.42505437915012e-06,6.88493035266804e-06,1.77836413091802e-06,2
"20656",0.0319414575079305,0.967253346231176,0.000138113963380762,4.34306222645981e-07,1.14585599364275e-06,0.000665502135296787,2
"20660",0.962093515969663,0.0341438338695717,0.000158683958388651,0.000362644449759511,6.65587117238048e-07,0.00324065616550019,1
"20662",6.17358629452683e-07,0.000156261301455824,0.001077136521872,0.0964729347504136,0.847730454399473,0.0545625956681561,5
"20664",1.05690569738881e-05,0.89183396687182,0.0037498002631202,0.00640650614419435,0.0909839806101214,0.00701517705377023,2
"20666",0.0406295569419635,0.000218138775920944,0.000294048532845961,5.08845980804852e-05,2.5358174531373e-05,0.958782012976658,6
"20668",1.7945402894255e-07,3.09710522324773e-05,4.44512576662156e-05,0.000131737946502664,0.313071060327632,0.686721599961938,6
"20670",0.000163361053739731,0.996797236742714,0.00227887464069873,0.000422615903645637,1.96226109693639e-06,0.000335949398105378,2
"20672",9.14818565139056e-06,1.85203921716553e-05,3.20307411705407e-05,9.37988588848611e-06,0.302615383939872,0.697315536855246,6
"20674",3.91146300807489e-05,0.567788346421482,0.395197108268672,9.56781972901709e-05,8.68360235887176e-05,0.0367929164588864,2
"20676",4.76711712528677e-08,2.21143191823346e-07,9.74146226909448e-06,0.953176482505895,0.00160567770675944,0.0452078295107139,4
"20678",5.75606534448349e-09,2.72899238184201e-07,5.80414925756965e-06,0.951081832086189,0.0200082995467927,0.0289037855624575,4
"20680",1.03261351805056e-05,0.000680554859740465,0.000197764444515263,8.48265632226588e-06,0.190555398704977,0.808547473199264,6
"20682",2.03478926037648e-06,0.00158138994125965,0.00184080348260519,0.160856412116626,0.000375884974518764,0.83534347469573,6
"20684",0.0021266553957944,0.665249416310209,0.208102187397482,0.0795236340680726,9.47032231355393e-06,0.0449886365061282,2
"20686",3.1237697711345e-07,1.94102496944555e-06,5.70632060514846e-06,1.87716325265114e-06,0.976607804387169,0.023382358727026,5
"20688",1.32886563786456e-09,9.3214685348284e-08,5.16835184937558e-07,0.970278737703893,0.0286270005108424,0.00109365040652873,4
"20690",0.913651959209025,0.0234762794596109,0.0622281325210032,1.05388727791472e-06,4.02010819695239e-08,0.000642534722001204,1
"20692",2.39354138376181e-09,6.55739996886485e-08,2.57881346790732e-07,0.0224013715894308,0.976518561699925,0.00107974086175616,5
"20694",3.751070719925e-07,5.53891027364431e-06,0.000144524426209263,0.000218959754529513,0.0080294487827503,0.991601153019165,6
"20696",6.55800402324677e-06,0.000252509273599534,0.0119940182803195,0.000849980674408171,0.00414554059174461,0.982751393175905,6
"20698",0.000630649652893081,0.105448254161403,0.884060655706455,1.97009841352711e-06,0.00203698225701644,0.00782148812381978,3
"20700",0.00015208417738359,0.993115199727261,0.00377420216404573,0.000140776477071834,0.00233242508373747,0.000485312370500324,2
"20702",0.465809127421144,0.0346497809267698,0.499520109427697,5.95875268028222e-08,1.44474519853649e-08,2.09081894102844e-05,3
"20704",0.000168353451110529,0.728849177788191,0.136130499391876,5.93833964244732e-05,2.23112172153844e-05,0.134770274755183,2
"20706",0.000506857300417275,0.0356702592237607,0.753362104260363,0.116171317537392,0.00327354017256525,0.0910159215055025,3
"20708",1.73220231868729e-08,2.02603155692604e-06,6.3425573421819e-06,0.961483305805959,0.000121847615548326,0.0383864606675706,4
"20710",0.285384578674716,0.363668397609648,0.324203565139061,4.11261297485205e-07,7.46579857618653e-07,0.0267423007354202,2
"20714",8.96836552818543e-09,7.47480999021208e-06,3.08863840349499e-05,4.09181993216691e-05,0.990080288560481,0.00984042307780692,5
