"","V1","V2","V3","V4","best$classification"
"19812",0.0295130297754265,0.958988482229176,0.0114984879911254,4.27171827724491e-12,2
"19814",0.892759192398448,0.0823790735687314,0.00190241087839844,0.0229593231544221,1
"19816",4.16204507582687e-10,0.986754990672579,0.0132450089101779,1.03850738509476e-12,2
"19818",0.0213621704532199,0.96886753023472,0.00811728344572588,0.00165301586633449,2
"19820",7.06267188687005e-45,0.976164238056787,0.023835761943213,5.05844948752791e-33,2
"19822",6.89668429186626e-50,0.122984166392352,0.877015833607648,3.33649028457779e-28,3
"19824",7.00706212738707e-22,0.524649184709334,0.475350814724613,5.66052571811039e-10,2
"19826",0.218520126876033,0.708462985800461,0.0730168540783177,3.32451882074031e-08,2
"19828",2.49327964622203e-21,0.992077510897129,0.00792248910287121,5.75335868844008e-17,2
"19830",0.0981468220294346,0.420877113125034,0.48097599798628,6.68592507733109e-08,3
"19832",4.84063748254385e-10,0.299979772794855,0.700020226721081,3.39494535437709e-26,3
"19834",1.34610401005835e-13,0.96982288725273,0.0301771127470467,8.92137054076033e-14,2
"19836",4.30744260993931e-07,0.969796802930066,0.0302027663256729,1.09582171866826e-18,2
"19838",0.994196124583318,0.00466895146143551,0.00113195214745881,2.97180778785812e-06,1
"19840",1.00163468487357e-09,0.941950884921232,0.0580491140771331,6.1258356409194e-18,2
"19842",0.793440193034014,8.77064911457534e-06,0.206551014784876,2.15319956628862e-08,1
"19844",8.53710390642677e-18,4.95825756310425e-10,0.0288822426637197,0.971117756840455,4
"19846",0.890774394471994,0.000248951005321363,0.00183153740724052,0.107145117115445,1
"19848",0.00957255401929711,0.000476048102933248,0.00102097623165566,0.988930421646114,4
"19850",0.979473525998514,0.00545461266956067,0.0125658307465018,0.00250603058542368,1
"19852",4.99415588616818e-05,0.992345285384108,0.00760400306759407,7.69989436494807e-07,2
"19854",0.00253773059524126,0.00065579337167643,0.00141436738995664,0.995392108643126,4
"19856",1.34285824682652e-09,0.000830794616928192,0.90461216780941,0.0945570362308038,3
"19858",2.24832654163579e-17,0.00261246032237774,0.995695147435765,0.0016923922418576,3
"19860",0.0009400352200258,0.985616966393699,0.0134429982298231,1.5645229932905e-10,2
"19862",0.998537076530765,8.12766755286635e-05,0.00138156670717615,8.00865303142721e-08,1
"19864",4.22012907413937e-22,1.32000197005627e-10,0.999999999868,2.14921540838033e-20,3
"19866",4.17795259830174e-16,0.624297939814888,0.375702060185112,7.88559798162455e-19,2
"19868",2.28797353831351e-35,1.0895648555563e-12,0.99999999999891,1.34784411830492e-32,3
"19870",0.949860800205331,0.0434341525665535,0.00654466891084615,0.000160378317268834,1
"19873",0.0352641084502732,0.903338558070101,0.0613886964054707,8.63707415510388e-06,2
"19875",1.79796944905311e-13,0.982789966877155,0.0172100331226657,2.55859591907781e-21,2
"19877",0.0884865778420042,0.902395353899797,0.009033870386108,8.41978720908162e-05,2
"19879",8.52992169751657e-08,0.993411751213669,0.00656998896907833,1.81745180361396e-05,2
"19881",0.00132130722403905,0.901175282700927,0.0974980538687945,5.35620623969758e-06,2
"19883",0.852559527885421,0.0797312870041492,0.0677080719439856,1.11316644438634e-06,1
"19899",2.19023969265682e-09,0.930099599740254,0.0699003980695063,9.20180406401004e-18,2
"19908",1.09906981784833e-25,1.52396742100177e-07,0.999999847603258,9.61743508958086e-21,3
"19910",0.000633959880953739,0.993658931735045,0.00568977702226457,1.73313617371553e-05,2
"19912",0.942625024988689,7.62924475100723e-05,0.0572952433693543,3.43919444691339e-06,1
"19914",1.77437612978713e-07,0.979762501527982,0.0202372301265858,9.0907819343692e-08,2
"19916",2.69210721445147e-29,0.000291647369060321,0.99970835263094,3.16964986231808e-18,3
"19918",0.740529896607101,0.0432351587348722,0.0057138386525604,0.210521106005467,1
"19920",0.00410687942773685,0.000253341304632696,0.00165388599814132,0.993985893269489,4
"19922",1.11672598027249e-10,0.000410796009731317,0.999589203878596,7.16688318399354e-24,3
"19924",0.010874759310351,0.952586863329459,0.00362780477852745,0.0329105725816622,2
"19926",1.71463680891985e-11,0.947286950205034,0.0527130497778201,5.93780129470226e-22,2
"19928",1.56256232696336e-18,2.14385559331971e-16,1,7.24463690569938e-20,3
"19930",0.955597971281359,0.0435726157618383,0.000828472415180629,9.4054162235955e-07,1
"19932",0.997582375890691,0.0019971097055983,0.000253995069781373,0.000166519333929048,1
"19934",6.2056725105428e-13,0.990675344389601,0.00932465543387603,1.75902028949205e-10,2
"19936",0.00850252244786202,0.927626079661718,0.0638713977521793,1.38240657279516e-10,2
"19938",1.17275665480584e-27,0.954443554577081,0.045556445422918,8.67332803213611e-16,2
"19940",0.00339393571699736,0.981847187630873,0.0146846988301119,7.41778220182959e-05,2
"19942",3.41780365027952e-12,1.39292992329405e-09,0.999999998603652,1.23921533974129e-18,3
"19944",5.1344694856263e-06,0.9874541667646,0.0125406660781273,3.26877871989744e-08,2
"19946",0.00179424335855258,0.976399981889133,0.0211685165477064,0.000637258204607592,2
"19948",1.76742119663962e-07,2.35906053938662e-09,0.999999820898386,4.33827580981867e-13,3
"19950",1.05721251930237e-08,8.78685938544012e-08,0.00108457339006589,0.998915328169215,4
"19952",1.76742119663962e-07,2.35906053938662e-09,0.999999820898386,4.33827580981867e-13,3
"19954",0.990166635526248,0.00946051188294218,0.000302982707997175,6.98698828126141e-05,1
"19956",0.000220141301041442,4.01463581411086e-07,0.999772197882643,7.25935273376804e-06,3
"19958",3.08355423038802e-26,4.17433747796514e-12,0.999999999995826,1.79660574126916e-27,3
"19962",1.30562801704721e-07,0.248172419685288,0.751594440491828,0.000233009260082308,3
"19964",6.65249079176284e-06,0.96588309454792,0.0341094514159556,8.01545332653244e-07,2
"19966",4.64330462659758e-33,0.73219799910174,0.26780200089826,8.23412842915803e-31,2
"19969",0.573024484815132,0.311566453208409,0.115409061852362,1.2409742970345e-10,1
"19972",0.0662941942234445,0.0324450612373401,0.494022680672,0.407238063867215,3
"19974",0.0182601998151047,5.70295837098604e-08,0.00593229636687643,0.975807446788435,4
"19976",0.032450571990775,0.924661790384884,0.0261730158649232,0.0167146217594175,2
"19978",1.95045799948297e-06,0.989080085872507,0.010917956360463,7.30903034531813e-09,2
"19980",0.0513441795898037,0.000215777521138679,0.000645994312694817,0.947794048576363,4
"19982",0.00239203114209551,0.024311877706202,0.209195582823234,0.764100508328468,4
"19984",2.51564356840991e-10,1.32561981128031e-06,0.00415011624220852,0.995848557886416,4
"19986",2.01842385747655e-34,0.931060108685521,0.0689398913144786,4.62291539305477e-28,2
"19988",1.02773244003444e-48,0.911855193866406,0.0881448061335936,3.87438399630886e-36,2
"19992",1.74030449984032e-32,0.949839078691355,0.0501609213086451,5.05033358613528e-23,2
"19994",0.927734487552411,0.0711841397806065,0.00108122913004942,1.4353693325493e-07,1
"19996",1.10508819995037e-28,0.991056849032725,0.00894315096727476,3.32227205741889e-20,2
"19998",2.27553802948532e-10,0.00493935765478923,0.995060642101819,1.58377905235243e-11,3
"20000",5.87487846273096e-05,0.000346445938813847,0.999594805276559,1.58245194026968e-16,3
"20003",0.0097145619984982,0.969508810456869,0.0207766275446278,5.39617786543561e-15,2
"20005",4.31640164805134e-05,5.72684678579002e-05,0.00158012589719311,0.998319441618468,4
"20007",3.79064159721967e-09,0.971568219089655,0.0284317771008552,1.88482425568369e-11,2
"20009",2.3304864643229e-29,0.252018431699598,0.747981568300345,5.6179972002884e-14,3
"20011",0.0199434951409713,0.431629030244151,0.418398207250425,0.130029267364453,2
"20013",0.48112229258989,0.179793495140723,0.00561337819062807,0.333470834078758,1
"20016",7.97042391301444e-39,0.250725358354871,0.749274641645129,7.30337159407752e-20,3
"20018",7.28881917911582e-75,4.41070802407644e-10,0.999999999558929,2.96637987632264e-62,3
"20021",7.5923714221017e-13,0.986386420298382,0.0136135797008592,2.99868049018346e-22,2
"20023",4.13324418878071e-09,0.964858064371395,0.0351419185132039,1.2982157026709e-08,2
"20025",4.87430810269641e-45,0.00362345932966024,0.99637654067034,2.88942849055826e-49,3
"20027",0.967780044831055,0.00691533541355539,0.0253046197077747,4.76150585711989e-11,1
"20029",0.870326430802506,0.0233700588568747,0.106303074526199,4.35814420999452e-07,1
"20032",0.995972222385816,0.00300792951655692,0.00101982261867566,2.54789507526856e-08,1
"20034",1.72199767552275e-05,6.82253179407854e-07,0.999982097769892,1.73513465793447e-13,3
"20036",1.28019760189302e-06,0.0264878530073731,0.973510693927888,1.72867136684534e-07,3
"20038",2.37926944733081e-24,0.985312142701223,0.0146878572987768,5.29722863881611e-31,2
"20040",2.59770567778113e-49,0.000165658178727988,0.999834341821272,2.09527431870104e-28,3
"20043",9.70036165441517e-15,0.971896161517693,0.0281038384822971,1.78742335502092e-17,2
"20045",6.14100704856976e-49,0.568527910685161,0.431472089314839,1.31384330095381e-28,2
"20048",1.52091076896606e-10,1.54926718138999e-10,0.00601418648282131,0.993985813210161,4
"20051",1.88175315005186e-07,0.843478045069781,0.156521766730528,2.4375807514564e-11,2
"20053",2.67283541947519e-12,0.876442252712067,0.123557299479761,4.4780549862995e-07,2
"20055",1.44804533890278e-21,0.884202836488141,0.115797163511859,3.96221834834562e-37,2
"20057",8.06266192533934e-41,1.92748679394353e-23,1,3.08654598292458e-39,3
"20059",1.21717399566695e-14,0.68933221368326,0.310667786316712,1.6221075812623e-14,2
"20061",8.35521466239365e-10,0.97540588788578,0.0245941112786711,2.72460431515195e-14,2
"20063",3.62086974224917e-39,1.17061851838249e-11,0.999999997073119,2.91517512669089e-09,3
"20065",4.82560002983358e-45,0.0100042733130281,0.989995726686972,8.87444816219533e-59,3
"20067",7.29840454754804e-23,0.760275887186824,0.239724112655288,1.57887467653516e-10,2
"20069",0.010078353127663,0.000114848906278101,0.000407959219014749,0.989398838747044,4
"20071",5.41498862679525e-14,0.144345966467749,0.855654033532197,2.24579261339491e-17,3
"20073",0.000288767327490265,0.00557098572958389,0.025577962859995,0.968562284082931,4
"20075",8.71820096051466e-30,1.47745278280604e-10,0.999999999852255,2.54883188667224e-41,3
"20077",5.28795399842004e-12,0.939190917199754,0.0608090822760625,5.18895135238876e-10,2
"20079",5.33931305504745e-14,0.0205331299322167,0.979466656672803,2.13394926653534e-07,3
"20081",1.44067691219079e-17,0.882953459974871,0.117046540025129,3.56425427372835e-18,2
"20083",5.17580721641224e-17,1.22263257476449e-05,0.999986193912697,1.57976155562691e-06,3
"20085",2.23313509960675e-46,0.936149188654487,0.0638508113455125,4.63352604816188e-39,2
"20088",1.16119572940176e-20,0.978107430626388,0.0218925693736121,7.38723543218337e-21,2
"20091",4.75958953712686e-30,2.35699602625279e-05,0.999976430039737,2.35593273752477e-27,3
"20095",1.25060868712413e-20,2.96547263194412e-05,0.999968428881192,1.91639248830405e-06,3
"20097",2.16105375372497e-46,0.889117345240577,0.110882654759423,5.97911185588484e-42,2
"20099",5.57364109247204e-20,0.0430857644452489,0.956914232706466,2.84828472711118e-09,3
"20102",7.35269032179983e-21,1.19821912463398e-07,0.999999823781916,5.6396172055312e-08,3
"20105",1.64929970270505e-18,0.959354080433133,0.0406459195668237,4.37157935467973e-14,2
"20107",3.06597879569934e-20,0.98746980245094,0.0125301975490601,9.3350992256259e-18,2
"20109",3.45544859737124e-12,0.765751340589841,0.232746501210346,0.00150215819635784,2
"20111",1.94494506439004e-12,4.22827285213059e-09,0.999999995769782,1.92529623720306e-17,3
"20113",7.17172775529107e-15,0.841416093994297,0.158583906005696,4.19028391158017e-22,2
"20115",0.146635340796993,0.0061635507313154,0.847201108469852,1.84033357943824e-12,3
"20117",1.25139891114553e-39,1.9945753166261e-08,0.999999980054247,7.53771510764962e-41,3
"20119",3.25117194324965e-26,0.363634412945973,0.636365587054027,3.8151106697847e-30,3
"20121",4.13533713970119e-24,0.974969463113923,0.0250305368860773,8.67792187360299e-23,2
"20123",5.37057396480745e-36,1.18063353722055e-05,0.999988193664628,3.05791312529574e-45,3
"20125",0.994894813279078,0.00366990377347879,0.00125395626429186,0.000181326683151711,1
"20127",9.59941844246362e-40,0.942589276979757,0.0574107230202425,3.32400492046774e-24,2
"20140",3.01663351758297e-15,0.617802662340523,0.382197337659474,2.156910414769e-29,2
"20142",0.000836644865126092,6.15725773756125e-07,0.00179764916252557,0.997365090246575,4
"20144",0.039288221622014,0.00471513648554329,0.95599664179202,1.00422937453646e-10,3
"20146",6.58641739812704e-05,0.0139598639651273,0.984868887030507,0.00110538483038442,3
"20148",0.208824894131589,0.768339280195954,0.0228358253844092,2.88048299229159e-10,2
"20150",0.419273088826823,1.56153435960221e-05,0.00270362097245703,0.578007674857124,4
"20152",0.100161265577753,0.879568665924139,0.0202696983960479,3.70102059959734e-07,2
"20154",1.48386379951646e-41,0.000161130803340145,0.99983886919666,5.97363696952352e-29,3
"20156",8.55361431296154e-12,0.293192143115812,0.70680683602809,1.02084754436865e-06,3
"20159",2.0133300287728e-08,6.35152857982314e-05,0.010012078459986,0.989924386120915,4
"20161",7.86557498865823e-09,2.19022786966099e-05,0.988920400896693,0.0110576889590354,3
"20163",2.95520942176861e-05,0.729337059769311,0.270633388136472,1.7212360969872e-21,2
"20165",8.21250920062598e-15,0.0122484401566365,0.796035689152876,0.191715870690479,3
"20167",0.876399754674067,0.1186663085329,0.00196021948756662,0.00297371730546684,1
"20169",1.39804426065414e-07,1.57101517693553e-09,0.0015152121722404,0.998484646452318,4
"20171",4.50668063131837e-52,2.75686927450207e-07,0.999999724313073,6.2654740242993e-32,3
"20173",1.40450785186994e-25,4.81834678701984e-08,0.99999995167805,1.38482175064769e-10,3
"20175",0.267488763812671,0.698759251735641,0.0289178924524778,0.00483409199921085,2
"20177",4.94030558542186e-18,0.161790048443889,0.838209951555902,2.09387551062294e-13,3
"20180",5.13814371076609e-28,0.906483457229543,0.0935165427704574,1.83052935874603e-40,2
"20182",4.82895315223381e-19,8.31630520750772e-21,0.999999586438968,4.1356103251624e-07,3
"20184",0.000728002224755859,0.00098312473416481,0.00117555714457669,0.997113315896503,4
"20187",2.54006153623033e-11,2.06197578989654e-05,0.999979378554483,1.6622179304371e-09,3
"20189",2.28902359896212e-11,0.961155012423293,0.0388449875538161,1.81547752323815e-16,2
"20192",5.54145621683699e-29,0.000123624792064157,0.999876375207936,2.09284226320252e-38,3
"20194",8.35726954828396e-06,1.699255965201e-06,0.999797112232981,0.000192831241505624,3
"20196",5.41006187815059e-36,0.177199549166288,0.822800450833712,8.36447882584606e-32,3
"20198",8.37421455820853e-05,0.553223421191853,0.446692836273696,3.88868627066703e-10,2
"20204",0.928847170761464,0.00073517329176196,0.00313471934477341,0.0672829366020007,1
"20207",2.78953691404997e-30,0.744878355501425,0.255121644498575,5.04555480347216e-18,2
"20209",8.51690018697364e-10,0.000211367445092016,0.999788631703218,2.36298636108867e-32,3
"20211",8.24472273678503e-27,0.000148375264665345,0.999851624735335,1.56298482417551e-33,3
"20215",2.09590690722919e-16,0.943487807211657,0.0565121927883424,2.23308065848421e-20,2
"20218",0.0211391642084187,7.26041277662136e-06,0.000937737074389696,0.977915838304415,4
"20222",8.88039139002264e-21,0.871842904537785,0.128157095462215,1.57296585569836e-18,2
"20225",0.0684421515643341,0.00278977404302452,0.928768072657229,1.73541230887619e-09,3
"20229",1.1257786450812e-10,0.0682891363590687,0.931710863528353,8.79757322235486e-22,3
"20232",5.9162322563007e-12,0.931645276021045,0.0683547239730342,4.65402715917445e-15,2
"20234",2.18838602739107e-64,0.000515994195235904,0.999484005804764,1.79306696796503e-58,3
"20238",5.18725869706792e-22,0.913086303337084,0.0869136966629162,2.39499343934219e-17,2
"20253",1.33198889289239e-30,0.873267892944231,0.126732107055769,2.19637292322516e-26,2
"20255",0.959236894982553,0.0372708190686402,0.00349183705575259,4.48893054200819e-07,1
"20258",5.82285477248416e-26,0.986342606315997,0.0136573936840026,6.36990781134225e-27,2
"20269",6.3813951288021e-14,0.96228117279866,0.0377187997047552,2.7496521171283e-08,2
"20271",1.00507435415689e-28,0.550369812375228,0.449630187624772,1.62670767826827e-31,2
"20285",3.73123823210191e-10,0.0153244888268784,0.98467551040221,3.97787976691627e-10,3
"20288",2.78856305271752e-16,0.96672872354718,0.0332712764528197,5.02555799312583e-17,2
"20291",5.00802013486536e-34,0.217023969387159,0.782976030612841,2.04050619046926e-24,3
"20295",6.32818304425293e-15,0.070706922584885,0.929293077414923,1.85756866618022e-13,3
"20298",0.995236472150726,0.00401301664329564,0.000749955360851198,5.55845127378786e-07,1
"20302",0.000439644403286522,0.0173846966781112,0.0346385927309376,0.947537066187665,4
"20305",0.994579255474703,0.00270917977148813,0.00271156459282837,1.60980163201852e-10,1
"20307",1.61679616413583e-30,0.980089075034796,0.0199109249652043,1.45155723848797e-23,2
"20310",7.648817829171e-53,0.182956340047876,0.817043659952124,1.23315023260619e-38,3
"20313",4.81313126576169e-11,2.11192220785088e-09,0.0149858043019005,0.985014193538046,4
"20315",9.4511160686524e-26,0.992056379683716,0.00794362031628461,4.5156748717976e-23,2
"20319",2.17846225836177e-35,0.039682301226321,0.960317698773679,2.07732521170436e-39,3
"20321",1.55525183406765e-28,0.870435234377343,0.129564765622657,1.40388044108462e-22,2
"20327",2.13220634287169e-27,0.974295551423656,0.025704448576344,2.27003731414199e-22,2
"20329",4.91344973196852e-06,7.52964858138431e-09,0.999988415339289,6.66368133097552e-06,3
"20335",2.2102606429904e-36,0.404817240773837,0.595182759226163,4.16868330442759e-24,3
"20337",2.82594589138626e-05,9.41751429895819e-05,0.000625768314511135,0.999251797083585,4
"20339",1.33579957037303e-20,1.38937756132048e-05,0.999986106224387,8.30647983082497e-38,3
"20341",8.20471038228449e-38,1.51795361870545e-05,0.999984820463813,3.01197463153179e-19,3
"20343",1.5040617218608e-38,0.0807998496733415,0.919200150326659,4.07410803994992e-18,3
"20345",0.00094360644899836,0.948767438512534,0.0502889550384672,1.72563935220654e-16,2
"20350",1.69309757403215e-21,0.000133003714773026,0.999866996285227,2.07669913876286e-17,3
"20352",2.17255871984458e-07,4.26907136584433e-08,0.000981991230410372,0.999017748823004,4
"20355",5.38055255998808e-10,0.00156877889716876,0.903747388303855,0.0946838322609213,3
"20358",0.00768136937835192,3.34303113686434e-07,0.992230853736842,8.74425816924036e-05,3
"20363",7.68938050985406e-23,0.961498214835754,0.0385017851642461,4.22903579542004e-20,2
"20365",2.58131668845677e-18,0.76479831203371,0.23520168796629,3.35824722384006e-25,2
"20379",0.0804317067496282,0.316593421409381,0.602959501315173,1.53705258183259e-05,3
"20387",2.14281434428303e-18,0.97385946962706,0.0261405303729402,2.74731305490961e-18,2
"20392",4.12198927981637e-32,0.000113990791576188,0.999886009208424,5.13457237535318e-43,3
"20395",0.275499889663702,0.684564035622902,0.0398335444440149,0.000102530269381767,2
"20397",1.95848890289253e-12,2.50398151925957e-16,0.998768094677929,0.00123190532011191,3
"20410",5.50791893939783e-15,0.968591184518065,0.0314088154819292,1.83564075512873e-27,2
"20414",0.811554500264896,0.0865560875899915,0.0756804734143243,0.0262089387307878,1
"20417",5.16663845432737e-85,2.82693441846800e-11,0.999999999971731,9.35207560198774e-73,3
"20419",3.65508949127722e-33,0.889734667281903,0.110265332718097,7.06424590498927e-22,2
"20421",7.10491509968274e-06,0.0151984229444159,0.984144856222778,0.000649615917706194,3
"20423",0.932313148401996,0.00974859714823411,0.0136280020967038,0.0443102523530661,1
"20425",0.154336972795468,0.155143401262334,0.231742622638045,0.458777003304153,4
"20427",0.000136240013676072,0.970546588778195,0.0293171712080813,4.79482422134507e-14,2
"20429",1.90860289039295e-33,0.00544451360273634,0.994555486397264,4.04696307213471e-19,3
"20432",0.830309388542815,0.000700875383294194,0.0830370679644807,0.0859526681094099,1
"20435",1.98988169671233e-08,0.917564874552494,0.0824351055486886,5.94274132170971e-19,2
"20438",3.41579990361651e-21,0.417833187969025,0.582166812027256,3.71854972432807e-12,3
"20440",4.33735499880969e-29,0.987147753322597,0.0128522466774026,1.42297395845055e-16,2
"20443",1.03913386349261e-11,3.7144197772079e-05,0.356365917890207,0.64359693790163,4
"20446",1.00921414403096e-10,0.839989033305615,0.160010965975346,6.18117570041316e-10,2
"20449",2.31221060724078e-12,0.966896899236628,0.0331031007610595,1.18953821229448e-16,2
"20537",2.95699660136507e-22,0.157585774305891,0.842414225694109,1.48209183322758e-18,3
"20540",1.79009867038302e-39,1.00658186617951e-05,0.999989934181338,6.46539193215232e-47,3
"20543",1.79599916288758e-08,0.980818441481576,0.0191815398539886,7.04443031123668e-10,2
"20545",1.97633974688162e-29,8.50316408354749e-06,0.999991496835916,6.9264701336376e-33,3
"20549",0.0268587354579151,0.923418617918686,0.0345248723623647,0.0151977742610341,2
"20551",3.30895738983218e-10,0.99275155472846,0.00724837452724024,7.04134036003859e-08,2
"20554",6.48032729542862e-14,0.993938237511647,0.00606176248441699,3.87053837690698e-12,2
"20556",2.94966966037039e-09,0.957127382556733,0.0428726144925715,1.02602018993408e-12,2
"20558",1.3139604660152e-24,0.990501208825182,0.00949879117481813,5.21431361511547e-20,2
"20560",5.90963151246302e-10,0.973176408456712,0.026815973339963,7.61761236171119e-06,2
"20563",1.2905781470099e-36,0.940748285826926,0.0592517141730745,1.05258037497581e-24,2
"20565",5.31015537903811e-12,0.921173719220186,0.0788262655209753,1.52535288575895e-08,2
"20567",0.0615820780336154,0.00125783293138885,0.0386007005095583,0.898559388525437,4
"20571",2.5438981357647e-32,0.0488304449801073,0.951169555019893,3.51072484602772e-29,3
"20573",7.91798072038153e-12,0.983009619743158,0.0169903153559357,6.48929879759908e-08,2
"20575",7.08193041934575e-32,0.89053323964682,0.10946676035318,9.59961491398101e-23,2
"20577",3.19173040570782e-08,0.988965964497922,0.0110340035845368,2.37296594403411e-13,2
"20579",4.71019330540423e-08,3.40060487048647e-11,0.0574498514477812,0.94255010141628,4
"20582",7.94714769572595e-38,0.980626845581569,0.0193731544184312,1.07410167719834e-29,2
"20585",9.64586767665232e-15,0.189590740470199,0.810409259529791,3.69999485374164e-27,3
"20588",7.92468562871537e-20,0.000607952377120764,0.999392047622879,2.22271484619123e-20,3
"20590",0.00120624647394148,1.07177966278404e-08,0.00221278334859855,0.996580959459663,4
"20592",4.682525000168e-36,0.979096336056322,0.020903663943678,1.24982751024745e-19,2
"20594",1.29186406175515e-36,0.965064305698377,0.0349356943016229,1.77091284258094e-33,2
"20596",1.1761926962833e-13,0.953399251930199,0.0466007473505594,7.19123783420554e-10,2
"20598",3.4088114469071e-10,0.988285442116116,0.0117145574987301,4.42725188790744e-11,2
"20600",5.35986598095139e-09,0.513954650644653,0.486045343033748,9.61733527915552e-10,2
"20603",0.438110181416912,0.100672206410495,0.461110216793233,0.000107395379359459,3
"20605",6.75963935294155e-23,0.982524214501413,0.0174757854985874,1.73630615224962e-26,2
"20607",6.01351138613117e-16,0.983289510080319,0.01671048991968,4.31503400657872e-17,2
"20609",1.31128064438813e-12,0.991018227387923,0.00898177261072234,4.31780993084672e-14,2
"20611",0.994438929662997,0.00122247375951338,0.00396852719418346,0.000370069383306613,1
"20613",8.62867228461284e-06,0.978200690793925,0.0217906805337892,8.56661087906151e-16,2
"20615",5.43222983270531e-06,0.967132986138554,0.032860796730383,7.84901230656598e-07,2
"20617",6.88557157267714e-10,4.26786301249806e-07,0.010081694856522,0.989917877668619,4
"20619",1.80557562577021e-31,0.952135879954659,0.0478641200453413,4.29543940346085e-18,2
"20621",1.12983085382515e-11,0.946267325962678,0.0537326740164761,9.54773475494737e-12,2
"20623",5.99876120964311e-07,0.00156548258245987,0.312190675145913,0.686243242395506,4
"20625",0.00596960990485519,0.0111813754855844,0.982848958518972,5.60905886033723e-08,3
"20627",1.78127188323326e-07,0.989003394318728,0.0109964275540058,7.84770490051277e-14,2
"20629",2.14113750658303e-09,0.995849691994731,0.00415028951312715,1.63510044356492e-08,2
"20631",7.96422984134931e-36,0.870542317124066,0.129457682875934,1.46973867747716e-20,2
"20633",1.08538800755186e-10,1.30316320537671e-11,0.00210887430949789,0.997891125568932,4
"20636",0.00799784322167744,0.0948893879325374,0.896873377574771,0.000239391271014766,3
"20638",2.8263617158434e-09,0.362543731342541,0.637456265831097,1.0275523284585e-22,3
"20640",7.5023981864968e-21,0.87384717023074,0.126152829769261,6.39682221732765e-31,2
"20645",4.21350241270218e-40,0.948958846559271,0.0510411534407287,8.31857970574112e-36,2
"20647",7.76341706617879e-15,2.09329739414823e-10,0.00902037227717808,0.990979627513484,4
"20649",5.97358334226426e-13,0.875008509440059,0.124991490559343,1.37957965964397e-16,2
"20651",1.29311219078243e-49,0.0101631817639315,0.989836818236069,2.01949547717959e-24,3
"20656",6.9358863549415e-27,0.290672891502692,0.709327108497308,3.45656854866312e-28,3
"20660",1.27082379738046e-26,1.05781342494013e-05,0.999989421865751,5.18552073502218e-38,3
"20662",5.2601587945956e-08,1.91310472136863e-05,0.735823640126506,0.264157176224692,3
"20664",1.1273952491522e-20,0.0548377246387439,0.945162270401425,4.95983094786616e-09,3
"20666",6.56681781427812e-05,0.00158564510224579,0.998348686719611,5.27535802776091e-23,3
"20668",0.997593350870354,0.000820210459693409,0.000694633652833198,0.000891805017119491,1
"20670",9.28848779608935e-29,0.11049636659982,0.88950363340018,3.86591514241514e-29,3
"20672",0.73363666297987,0.000863266730761327,0.00444384507157238,0.261056225217797,1
"20674",2.06174891231193e-09,0.959423337717094,0.0405766601878335,3.33234421827869e-11,2
"20676",0.130378713413752,1.95711284457811e-07,0.868106140775055,0.00151495009990807,3
"20678",0.618225995672312,1.86743690974725e-08,0.349736052284246,0.032037933369072,1
"20680",0.935409820015049,0.0459338331097788,0.00410138435631333,0.0145549625188588,1
"20682",0.076996653961671,0.681307514723906,0.241695810684811,2.06296117018627e-08,2
"20684",2.55340719991715e-14,0.154872643012196,0.845127356987779,5.05663578644099e-23,3
"20686",0.0012371757619919,5.40219129165412e-06,0.000308719951038583,0.998448702095678,4
"20688",9.31218651713539e-05,1.48742125351719e-11,0.874274648577551,0.125632229542403,3
"20690",4.57251147609501e-24,0.0105538324934873,0.989446167506513,1.00094945206003e-38,3
"20692",6.93435578057495e-09,1.10823861715952e-13,0.00393741864762508,0.996062574417908,4
"20694",0.997858807351065,0.00146756350097453,0.000671656584531952,1.97256342856448e-06,1
"20696",0.73739909996854,0.110084403946407,0.151993640952631,0.000522855132421433,1
"20698",4.29564813278769e-12,0.644242593422525,0.355757406438825,1.34354067600443e-10,2
"20700",2.17378549163175e-21,0.0396228091757916,0.96037718867738,2.14682863518554e-09,3
"20702",1.68589344542727e-37,0.166666389084639,0.833333610915361,8.66864746000029e-41,3
"20704",2.47372836841609e-08,0.990853068717034,0.00914690653704923,8.6333490510475e-12,2
"20706",2.4091343658002e-11,0.00478274183506525,0.995217256728507,1.41233642764896e-09,3
"20708",0.931562577507277,4.1572977757135e-06,0.0684213165879433,1.19486070036603e-05,1
"20710",2.77162152152625e-14,0.703600752776926,0.296399247223047,8.15120582452732e-27,2
"20714",1.41388247797618e-05,0.00016499958728318,0.0340989820323247,0.965721879555612,4
"20716",1.71241328235109e-14,0.972917791434094,0.0270822085658893,4.16646963013028e-19,2
"20719",5.22791993506059e-11,0.145545429035712,0.854454570912009,5.9755941815144e-16,3
"20721",7.27050062257912e-39,0.938051724418449,0.0619482755815508,7.59371600080867e-22,2
"20723",9.28437457919511e-20,0.000493493945938459,0.999506506054062,2.11093874080072e-21,3
"20725",0.97034961923262,0.0281097440464991,0.00154031058298114,3.26137899978083e-07,1
"20727",1.27840381089955e-09,2.06159902623e-10,0.999849054770385,0.00015094374505112,3
"20729",0.999009901936521,0.000200114622891135,0.000789981398490644,2.04209680013705e-09,1
"20731",0.995809332614939,0.00296487728485425,0.00122577642865263,1.36715539732864e-08,1
"20733",1.89780997952046e-09,0.944801418564939,0.0551985795372506,1.55226027589851e-20,2
"20735",1.33979654188066e-05,0.979119398467443,0.020867203567135,3.36285363279296e-15,2
"20737",0.996067230248985,1.20499780791479e-05,0.00346815486067308,0.000452564912262958,1
"20739",8.10215330842746e-07,4.78227608325446e-11,0.00216118970755744,0.997838000029289,4
"20741",0.804851708757411,0.187223114051364,0.00589480031886978,0.00203037687235513,1
"20743",0.299191487737857,0.487051040384036,0.213723392762252,3.40791158557394e-05,2
"20745",3.04948191419076e-32,0.906437621015436,0.0935623789845641,4.39968053347509e-25,2
"20747",0.971860652574808,0.000615908689039706,0.0268323078989107,0.00069113083724106,1
"20749",0.896445450214164,0.00108675441331457,0.0858360030783433,0.016631792294178,1
"20751",0.0527565695761894,0.00743420792691088,0.9398092224969,2.96130256067548e-18,3
"20753",0.964467915146588,0.0221519831046622,0.013380101747973,7.76556703447673e-13,1
"20755",0.00250031989742762,1.49001673546454e-08,0.997499610343238,5.48591674975012e-08,3
"20757",1.07842783877663e-13,4.68434240447578e-06,0.999995256755178,5.89023101708646e-08,3
"20759",3.46130239406511e-26,0.626169422645127,0.373830577334699,2.0173997633575e-11,2
"20761",0.248906433910075,0.746262674326758,0.0047886179174371,4.22738457299935e-05,2
"20763",9.84990242996419e-06,0.377946238117895,0.622043892859139,1.91205364329562e-08,3
"20765",0.922324236806329,0.0606044575408789,0.00133892007654521,0.0157323855762467,1
"20767",2.77559468843291e-15,0.981335064814864,0.0186649351851333,1.53072932346105e-19,2
"20769",8.68671048266174e-21,0.0377956515230588,0.962204348476941,4.47013064111774e-46,3
"20771",0.00210125890570379,0.95830632792041,0.0223304047588834,0.0172620084150028,2
"20773",4.62941727897096e-13,4.68385719963553e-07,0.999999531613802,1.52863974334003e-14,3
"20775",0.0553810542351072,0.871661238117585,0.0729577076466321,6.75669036025854e-13,2
"20777",1.40859590552153e-11,0.01936130010513,0.980638699880784,2.60844410502192e-26,3
"20779",0.953685276190601,0.0438090068403051,0.00250571692162569,4.7468142895317e-11,1
"20781",1.10774027875953e-28,1.1980102037314e-18,1,1.54489510830471e-28,3
"20783",0.033985107466039,0.927359366833549,0.0169625847423266,0.0216929409580849,2
"20785",2.40179779601363e-14,2.57953482487364e-12,0.999999997135429,2.86196714418987e-09,3
"20787",0.990536467146065,0.00496030845712757,0.00122621762279439,0.00327700677401282,1
"20789",1.95276183781313e-06,0.984630083228751,0.0153679640094104,1.18926907850354e-15,2
"20791",0.999017992733068,0.000146506358966155,0.000448149125048722,0.00038735178291693,1
"20793",0.000744355104539581,0.937288169833708,0.061967475061751,1.32036194334826e-15,2
"20795",0.00204590241071531,0.00919816958964517,0.00537676184359399,0.983379166156046,4
"20797",3.32041072614388e-18,8.33594129135724e-16,0.999999998368336,1.63166313085834e-09,3
"20800",0.000665160361909361,0.0018173460128113,0.00513525171080331,0.992382241914476,4
"20802",0.804043975871565,0.142349332867891,0.00429045275685046,0.0493162385036937,1
"20804",0.99835225969228,4.18139832226809e-05,0.00160587656671966,4.97577780730296e-08,1
"20806",0.0569944562448391,5.95964960668794e-05,0.00155991782223147,0.941386029436863,4
"20808",1.17190700619588e-11,0.986230182198327,0.0137698177899535,6.70728234689667e-20,2
"20810",0.0341047936444816,0.224100076622517,0.734170963050026,0.00762416668297527,3
"20812",0.75292087209537,0.160987776928874,0.0860664127579067,2.49382178499634e-05,1
"20814",0.926969092576018,4.77327895367333e-08,0.0729224893718464,0.000108370319346461,1
"20816",6.02257750356884e-30,0.00342002908043593,0.996579970919564,1.74080627069112e-41,3
"20818",0.0209639711728236,0.951100753227361,0.0272985620073594,0.000636713592456284,2
"20820",6.05039768355967e-13,7.37699240978003e-11,0.0277281787127456,0.972271821212879,4
"20822",0.942668060995859,0.0565388609102188,0.000698973844837624,9.41042490844999e-05,1
"20824",2.84472820442442e-13,3.03384045378833e-13,0.999999999319533,6.79878845420543e-10,3
"20826",4.59327367095237e-05,2.28047794847027e-07,0.000232425907259676,0.999721413308236,4
"20828",1.52091076896606e-10,1.54926718138999e-10,0.00601418648282131,0.993985813210161,4
"20830",0.993754295359398,0.000688394627431511,0.00555674184558293,5.68167587790349e-07,1
"20832",3.99354371083156e-05,0.969072940448849,0.0287034604272927,0.00218366368674972,2
"20834",8.21038527151512e-14,0.981555818846225,0.0184441811536932,1.54750561170076e-20,2
"20836",0.983324508067623,0.0157105757840854,0.000964915805913915,3.42377390046315e-10,1
"20838",0.961406009335536,6.09315228559393e-07,0.0385933426657036,3.86835318484441e-08,1
"20840",3.18097013743341e-13,0.986136426911106,0.0138635730885757,4.43871622209642e-19,2
"20842",0.827813763906105,0.0125796302622982,0.159606605818866,1.2731309247735e-11,1
"20844",0.000573389179806272,0.000201017414625597,0.999225592338328,1.06724021188104e-09,3
"20846",0.00068986973386984,0.0479217115138956,0.0144385800099865,0.936949838742248,4
"20848",0.000889746683495237,0.987567435231703,0.0115428146470796,3.43772257452276e-09,2
"20850",2.97110288308688e-12,0.974747073350018,0.0252528314916003,9.51554107101242e-08,2
"20852",3.32641959093295e-17,0.72332446680536,0.276650442904624,2.50902900155381e-05,2
"20854",1.82822212684571e-05,7.30571096600751e-06,0.000414113370256266,0.999560298697509,4
"20856",1.40026412861242e-27,9.23892344952863e-07,0.999999076107655,1.25495763931777e-36,3
"20858",9.27393077665979e-22,0.896806754535958,0.103193245464042,9.68256747337126e-19,2
"20860",0.00890488613008033,0.00420387869737475,0.986891235172544,4.02868651760353e-16,3
"20862",2.23997813436962e-23,0.774409626348393,0.225590373651606,2.16851031028552e-25,2
"20864",2.63096597633846e-06,2.46940675540206e-06,0.000437918616554065,0.999556981010714,4
"20866",7.44938052530179e-57,0.43469861146188,0.565301388538121,1.68015952207476e-37,3
"20868",2.33849885196345e-16,0.988336738978098,0.0116632610200137,1.88832396278195e-12,2
"20870",0.0531373557254871,0.931362384947405,0.0154464135372315,5.38457898768143e-05,2
"20872",0.982293160693533,0.016139227943783,0.000399688502846541,0.00116792285983779,1
"20874",1.3635071106814e-09,2.15423148202933e-10,0.00310833074391758,0.996891667677152,4
"20877",5.96752940663887e-14,0.973122213902151,0.0268777860977896,1.91844236161087e-19,2
"20879",2.73031099102877e-23,0.978647523689268,0.0213524763107319,9.83489870639619e-28,2
"20881",0.990548185506757,0.00823853329623307,0.00121080805428695,2.47314272281423e-06,1
"20883",0.00265111841570801,3.02846237627374e-06,0.997345850725523,2.39639270665144e-09,3
"20885",0.946462540265431,0.0117399433219292,0.00297758914065294,0.0388199272719871,1
"20887",2.6055843306286e-10,0.951944855309574,0.0480551444298676,5.65431073333327e-25,2
"20889",0.434761813648224,0.500642121322525,0.0645960650246129,4.63798215446909e-12,2
"20891",5.88820974842156e-22,0.980732933032843,0.0192670669671568,1.3482717893508e-22,2
"20896",6.30326357333756e-12,0.94696488087517,0.0530351191185266,1.56082974235496e-18,2
"20898",0.925878670612714,0.0723050269253007,0.00181585736834793,4.45093637768148e-07,1
"20900",6.03959586918662e-15,8.06565262484869e-15,0.999999999999986,8.15485519077218e-17,3
"20902",8.33883359961986e-12,0.108951845862928,0.891048154128733,3.57220330025842e-32,3
"20904",2.54568157220424e-11,0.00566930933342063,0.548827993608365,0.445502697032757,3
"20906",6.34323171936493e-18,0.859103338029669,0.140896661970331,1.79498558433452e-24,2
"20908",0.00855581608209677,0.635575992375235,0.0250464589185631,0.330821732624106,2
"20910",0.0287174387223079,0.0493186279158004,0.921926318333785,3.76150281070978e-05,3
"20912",7.13331060205703e-25,2.48213759198731e-17,1,1.21390589165642e-41,3
"20914",6.10611700492993e-43,0.896992155979557,0.103007844020443,3.34775393957353e-46,2
"20968",1.16640073109003e-17,5.73332700342985e-11,0.999999996637416,3.30525049097748e-09,3
"20970",1.2760626195136e-14,0.99498555823772,0.00501443838840296,3.3738643546273e-09,2
"20981",4.260116440057e-15,0.709120438271921,0.290879561728074,1.64560928322564e-17,2
"20983",0.560793870955245,1.84372323569512e-07,0.0702253216819923,0.368980622990439,1
"20988",5.40606565497175e-21,0.988643631922641,0.0113563680773276,3.11834455191797e-14,2
"20995",1.11770664679023e-25,6.58728955058527e-08,0.999999934127105,4.12653794521846e-32,3
"21017",0.00969693922589372,0.967499106666422,0.0196879381598799,0.00311601594780418,2
"21038",5.49538620073838e-17,0.949447233295191,0.0505527667048089,3.3113516795303e-22,2
"21072",9.67059572022016e-19,0.931009341372219,0.06899065862778,1.00211854580923e-15,2
"21075",3.33745155987071e-21,0.830319143169435,0.169680856830565,1.37888195598089e-31,2
"21223",0.0027362102673392,0.981388451964517,0.0158753370521526,7.15990843661952e-10,2
"21225",1.04448273929763e-45,1.48417651800401e-13,0.999999999999852,1.34948876277965e-61,3
"21230",4.78507684773367e-05,1.33376826763293e-09,0.00037940853491447,0.99957273936284,4
"21236",0.0383475279784022,0.933132162843454,0.0285202951953789,1.39827650656571e-08,2
"21238",5.11302426251081e-12,0.0245182587952859,0.975481741199601,2.50748227621935e-25,3
"21241",1.40781355074186e-29,0.722865436322556,0.277134563677443,1.26623823192587e-15,2
"21246",1.98937342907992e-11,0.983610370808282,0.0163896257700188,3.40180583316146e-09,2
"21253",0.00259331582449905,1.14270745362727e-05,0.000306407253170837,0.997088849847794,4
"21256",9.9507748162748e-05,0.0298906044271241,0.0127915984617899,0.957218289362923,4
"21260",1.30421885791264e-40,8.33590091471135e-06,0.999991664099085,2.36216862406913e-34,3
"21266",5.42707842150724e-13,0.989157994682824,0.0108420053165989,3.45886602236217e-14,2
"21332",9.45622349262914e-13,0.975284759476413,0.0247152405199861,2.65487525852992e-12,2
"21334",0.561804214801799,0.41256553916955,0.0256302460278092,8.40997606976879e-13,1
"21375",1.24642199203662e-34,0.596030064388544,0.403969935611456,1.96057862107078e-29,2
"21378",2.78630188523826e-49,0.477211917186468,0.522788082813532,5.89380541206784e-38,3
"21381",1.32760643965093e-31,0.762896453447441,0.237103546552559,2.46110465363433e-21,2
"21389",0.970173123446101,0.0147752554771966,0.0136837878757982,0.00136783320090403,1
"21391",3.06180825882742e-20,0.0844699169944546,0.915527665554183,2.41745136244941e-06,3
"21402",6.35392770596582e-16,0.920616495968534,0.0793835040314636,1.96281320007125e-15,2
"21404",2.79447348156237e-15,0.62655325363455,0.373446746365448,4.70949789252472e-29,2
"21409",1.25863304784237e-18,0.973684690593964,0.0263153094060362,9.10499834803828e-28,2
"21413",1.32923463876434e-10,0.653806472442003,0.346193527425074,6.34129505593131e-34,2
"21423",6.53173381966079e-35,0.0038529406085616,0.996147059391438,1.28538772519551e-34,3
"21425",5.52865700281018e-17,0.875971774986551,0.124028225013449,1.55396703410496e-26,2
"21430",5.59037891800433e-12,0.00147335884039717,0.998526641154012,2.19203932922547e-19,3
"21432",2.32414559074298e-08,0.985987028342681,0.0140129484037619,1.21011895884426e-11,2
"21438",5.99707951363931e-39,1.1959639904559e-05,0.999988040360095,2.41460596740678e-25,3
"21440",4.68779043070082e-11,0.966434564074591,0.0335654358785252,6.05485415900708e-15,2
"21443",0.978598650686269,0.0174485372403948,0.000673750059328517,0.00327906201400812,1
"21445",3.59577699641509e-22,3.83176954031493e-06,0.99999616823046,8.16872335639879e-28,3
"21447",2.10648797490151e-34,0.913231643108049,0.0867683568919509,6.39934160395108e-26,2
"21449",2.01657606572116e-27,0.927868370043798,0.0721316299562019,4.50927920553211e-20,2
"21451",2.01657606572116e-27,0.927868370043798,0.0721316299562019,4.50927920553211e-20,2
"21455",1.56658960616656e-21,0.977544870986623,0.0224551290133767,2.02238869518463e-19,2
"21469",7.7043461431546e-50,0.108441024447388,0.891558975552612,2.87131963464861e-44,3
"21471",7.7251543001129e-29,0.832108669711493,0.167891330288507,4.69741967277211e-32,2
"21473",0.00321750133746761,0.154211556000111,0.841862574160146,0.000708368502274726,3
