"","V1","V2","V3","V4","V5","V6","V7","best$classification"
"19812",0.236180417489984,0.716725100849998,7.14591428065613e-05,0.00103383578476596,0.0454807237538609,2.20485270330847e-06,0.000506258125881662,2
"19814",0.0182114544499693,0.977775978014366,2.07816972950839e-06,7.27536248732725e-05,0.000917433645703614,0.00301095497045344,9.34712490481163e-06,2
"19816",0.786942640439458,0.00376479009607581,4.99498352938341e-05,0.200454068391099,0.00878551949860596,1.12584801260292e-06,1.90589145479379e-06,1
"19818",0.607546043524586,0.381566204714531,1.83736659247007e-05,0.00134860868376357,0.000374908060689438,0.00912455249259311,2.130885791292e-05,1
"19820",0.00244340751338102,8.59705328608828e-09,1.16657291527338e-08,0.997499636038166,5.0952175850781e-05,5.31430230999e-10,5.98347838950401e-06,4
"19822",0.00268005478201907,4.33505422475976e-07,4.38285428418194e-07,0.972014374590661,0.012741721393918,1.25936631008839e-06,0.0125617180762407,4
"19824",0.50126844448791,0.000166167409659371,0.000201112909946915,0.496562499718433,1.02035435582393e-05,0.00175673747713672,3.48344533555477e-05,1
"19826",0.104718983838956,0.751066572427122,0.012077411934013,0.00255560415771693,0.129528509290784,4.76245782466299e-05,5.29377316138037e-06,2
"19828",0.324123519734037,0.00011616325042835,1.82273722649302e-07,0.675335891416343,0.000230005848838753,2.4023949546843e-06,0.000191835081675455,4
"19830",0.00784529468331781,0.917587797334331,0.0012111680827578,3.52243830185849e-06,0.0728876709922973,0.000141931428518293,0.000322615040475004,2
"19832",0.0957912174553058,0.139356873775478,4.74656859522845e-06,0.0285138936754983,0.0355165482336395,1.97870186363155e-06,0.700814741589619,7
"19834",0.169617422748351,0.00895299211771578,5.57694506222416e-07,0.0793550382431193,0.739284565157244,0.00011122499949776,0.00267819903956593,5
"19836",0.933457401849556,0.0418346035139588,0.0206997347239584,0.00221420232696618,0.00176515764514589,3.97276457365864e-07,2.85026639578028e-05,1
"19838",0.00051536248385073,0.998494086128577,2.84479013055674e-06,6.47966460581294e-07,0.000602690504895056,0.000357852960901654,2.65151651841122e-05,2
"19840",0.187568869436403,0.0183701500043824,0.000803474721694315,0.0465843477023149,0.74666504006851,4.67457577700336e-06,3.44349091872863e-06,5
"19842",6.17846490946557e-05,0.0720775941056213,0.927368979930588,1.35540549232978e-07,0.000479854773562818,1.15781566367419e-05,7.28439465200439e-08,3
"19844",1.5670436080038e-06,8.73687417144955e-06,1.66250386569615e-05,1.83635789648754e-06,2.05968147023888e-07,0.99997101053667,1.81808496180967e-08,6
"19846",0.000358110862882827,0.921566076589569,0.00234848350440257,5.8554407668705e-08,6.28909163883676e-06,0.0757209245783521,5.68187472948798e-08,2
"19848",0.00039166351896652,0.971201576836649,0.000120643053064073,1.05805949016284e-07,1.65141506231021e-05,0.0282692791555344,2.17479213884715e-07,2
"19850",0.00104210262336804,0.780425588851191,3.32197889140901e-05,5.33641432833129e-06,0.000121205338721439,0.218371039055262,1.50792821494339e-06,2
"19852",0.96848966418302,0.020203902109839,2.30396585781471e-06,0.00954609952320373,0.00162967770927996,0.00010465246854379,2.37000402560027e-05,1
"19854",0.000314449235801169,0.996953581542041,2.60026139647764e-05,1.08819180134042e-07,4.74276386116019e-05,0.00265790704973287,5.23100668085231e-07,2
"19856",0.000189433802017609,0.014635272208157,0.000150518239485939,0.000104586091728128,0.000539126477523886,0.984376031455302,5.03172578549128e-06,6
"19858",0.00613016080748395,0.000841662413557493,1.73274779191099e-05,0.00451203846958069,8.63667665660055e-05,0.988351037383359,6.14066815332801e-05,6
"19860",0.598740185395861,0.225804238528356,2.14416175101712e-05,0.0238053211528955,0.151553700669153,3.73835952769306e-05,3.77290409475895e-05,1
"19862",0.000171894260910923,0.989652045707216,0.00738091341380355,2.15130712970632e-08,1.41702930068539e-05,0.00278090004002166,5.47719694110666e-08,2
"19864",2.77219038499717e-05,1.67399523173872e-06,0.99996769952459,1.29093469915386e-06,4.38741689301975e-07,1.14136979782904e-06,3.35301416517346e-08,3
"19866",0.709911649690591,0.000582169659807344,0.0243955914710699,0.192981309620293,0.0721222680961081,1.13600743740961e-06,5.87545469273473e-06,1
"19868",5.20625741656125e-07,4.65956437273849e-05,1.72200598811806e-07,2.93355578593394e-06,0.00382531089124562,4.1905520580417e-05,0.99608256156232,7
"19870",0.0262327099068851,0.970274346065856,0.000951894012222407,3.39830747690742e-06,4.72565256443475e-05,0.00248874846881015,1.64671310472886e-06,2
"19873",0.457848714782813,0.537959633979855,0.00140552972182263,0.000860153345278687,0.00116268385172011,0.000759539427129649,3.74489138133949e-06,2
"19875",0.126213226890256,0.000912302587806219,6.34989513874252e-07,0.826650471612491,0.046055174233299,6.34091390638213e-08,0.000168126277494798,4
"19877",0.207523475139721,0.784352993934457,8.02567629163585e-05,6.37890265763676e-05,0.00506032233576436,0.00290158021310764,1.75825874581662e-05,2
"19879",0.950789366684467,0.0415648055448348,2.48841712329594e-05,0.00201840687986161,0.00433951896863156,0.00109065760764782,0.000172360143324284,1
"19881",0.093751719125473,0.877225147857272,0.0228999328733841,0.000416274598546341,0.00428206501276809,0.0014192088523711,5.65168018471245e-06,2
"19883",0.0464374138147975,0.657439708657469,0.294134332077119,0.000111719288876151,0.00180056872590879,7.56807195368851e-05,5.76716291600012e-07,2
"19899",0.130480204434031,0.013256954745872,0.000151382705478642,0.00229849085665493,0.853474531550198,3.62577929480766e-06,0.000334809928470235,5
"19908",0.00114038414785453,9.18559336390554e-05,0.0226178055142073,0.00143671802450058,0.973650933805397,0.000256883899374481,0.000805418675026496,5
"19910",0.966952912977417,0.0308699193256138,3.37589024301454e-05,0.00187802010963202,0.00021415298993885,4.56174236120129e-05,5.61827135588316e-06,1
"19912",0.000167799616757598,0.547065747424191,0.448411714522717,2.74478579602183e-07,0.00379656607157443,0.000557705576204032,1.9230997622259e-07,2
"19914",0.57533909801428,0.130504839640488,3.92430685737054e-05,0.00448496837355372,0.287468210979097,0.000632107604762165,0.00153153231924567,1
"19916",0.230886503901606,7.3059868396691e-05,0.413797974735406,0.354357423597153,0.000465825458808767,0.000382794718187137,3.64177204423582e-05,3
"19918",0.0132679572170755,0.885566480889639,0.00185546372525249,5.55928747635676e-06,3.89848830280556e-05,0.0992654478261096,1.06171418449062e-07,2
"19920",0.000189250636008016,0.113412454019977,2.21204100439869e-05,4.79717093265197e-07,6.82208006541878e-05,0.886307425684175,4.87320483514445e-08,6
"19922",0.0442357402227958,0.112555914675365,3.13255794686072e-06,0.000856809954463206,6.18675589117204e-05,7.91938855644e-06,0.842278615641961,7
"19924",0.20756357570882,0.744294798507414,0.000162826656510457,0.000267341403803109,0.00698430026770725,0.0407208794459154,6.27800983055766e-06,2
"19926",0.515402624350513,0.0204910088140128,0.00410581543638838,0.00866494920975535,0.44798549220225,2.38691082134094e-07,0.00334987129599846,1
"19928",3.86129334052455e-08,4.99102360974674e-07,0.999998833617218,2.650554325764e-09,4.10141935167327e-08,5.83079760075628e-07,1.92297979088913e-09,3
"19930",0.0311924616115315,0.968497843041223,3.87296126928995e-05,1.20294261690187e-05,0.00011873835370607,0.000133921364835757,6.276589841818e-06,2
"19932",0.000678869093947302,0.99828098787069,7.52375620614097e-06,3.08562540106218e-07,7.10566581496044e-05,0.000958954803763463,2.29925470297689e-06,2
"19934",0.341200031762219,0.0143800528624933,8.31127041970475e-07,0.585884557468182,0.0567521242043711,0.000144028429233184,0.00163837414645898,4
"19936",0.076598350213891,0.858695336180715,1.9226705642812e-05,0.000474612357936343,0.0637035594656001,0.000178768159486497,0.000330146916728361,2
"19938",0.0869686671693917,5.08907863263996e-05,1.07928502047186e-05,0.739958072856192,0.171692679834252,4.8995439954791e-05,0.00126990106367943,4
"19940",0.874897746595958,0.117779418409014,0.0064794917290974,0.000605581581273255,9.02895904870329e-05,0.000145910184835665,1.56190933450364e-06,1
"19942",5.41656455957244e-07,4.82101487786075e-06,0.999989518881517,5.51938580527119e-08,4.89102243419532e-06,1.715237566845e-07,7.07100133989261e-10,3
"19944",0.972328748185288,0.0143960339482162,0.0002108713167448,0.0103042311530996,0.00274641858501975,6.20746097222551e-06,7.48935065942237e-06,1
"19946",0.737696358634068,0.242666582912068,6.63970161594653e-05,0.00239354549551438,0.0037664260457666,0.0133874969672965,2.31929291271961e-05,1
"19948",2.41432204718361e-06,2.29052618965854e-05,0.999973772057428,3.81789478464583e-08,6.63704777659227e-08,8.0351758844148e-07,2.91614512221808e-10,3
"19950",1.85130321572155e-06,0.00139904780561598,3.36139701971187e-07,1.63841453348024e-08,5.44270178304982e-07,0.998598148952418,5.51447248443757e-08,6
"19952",2.41432204718361e-06,2.29052618965854e-05,0.999973772057428,3.81789478464583e-08,6.63704777659227e-08,8.0351758844148e-07,2.91614512221808e-10,3
"19954",0.00635606832335112,0.992983945778743,3.40129290373124e-05,1.52833818714771e-06,5.68673751496671e-05,0.000566157661895052,1.41959363685629e-06,2
"19956",2.71839414899068e-05,0.261851361826562,0.00853164563879751,3.02917129701208e-07,0.0942295592427205,0.635320393933206,3.95525000939447e-05,6
"19958",8.09776990460708e-05,0.000656543303126285,3.14825789155292e-07,6.97781851218125e-06,2.99175572026824e-07,0.000185930486356909,0.999068956691597,7
"19962",0.175162272531082,0.506551220865329,0.000348332396233864,0.0372721954994988,0.0214972237567795,0.257248212142017,0.0019205428090604,2
"19964",0.747168194916148,0.235113136918398,0.0103293392166761,0.000615150254576923,6.14465928755689e-05,0.00670497329698705,7.7588043393516e-06,1
"19966",0.110793836830782,2.05190931926255e-05,0.0071680179425793,0.843918824388738,0.0380700490322763,2.91461991738572e-08,2.87235662320657e-05,4
"19969",0.00676903746373286,0.982251162942521,0.00676913891305544,1.12267765980947e-05,0.00411791103055709,8.05928760844068e-05,9.29997450793876e-07,2
"19972",0.0822902195308535,0.689841969239109,0.144736790748818,8.58222667850781e-06,7.5821282658821e-05,0.0830451044287069,1.51254317586949e-06,2
"19974",3.09948242236772e-05,0.10879236037598,0.0285205406939985,7.92750694590858e-09,1.79343497602436e-06,0.862654295914362,6.8289529871074e-09,6
"19976",0.463009265022786,0.482907572259794,0.000201047929975784,0.000306858785824109,0.00257313615113721,0.0509940433124401,8.07653804351016e-06,2
"19978",0.972381771838328,0.0154540772480424,0.000165222127090395,0.0117329837823363,0.000176561982120385,8.87324173593832e-05,6.50604723411799e-07,1
"19980",0.000218586844526315,0.846902941655963,2.23463092084518e-05,1.00543074436862e-07,2.33530617255871e-05,0.152832178080885,4.93504616788455e-07,2
"19982",0.00038513386203016,0.139111922676644,8.49758508947994e-06,8.85922064553543e-06,0.00105190666288142,0.859423441361276,1.02386314333614e-05,6
"19984",7.5763904552167e-06,0.000196462533268091,2.44573932887912e-06,7.91149305451223e-07,1.23841191328447e-06,0.999791460112704,2.56630251845497e-08,6
"19986",0.027882730232628,1.34314814478488e-07,3.67525967222781e-07,0.96704201674145,0.0049807218360509,1.82782961793409e-09,9.40275212598941e-05,4
"19988",0.00209555980442266,3.26165336399656e-09,4.84412105773974e-09,0.997563651807741,0.000281538651246646,4.02344412347546e-10,5.92412284704799e-05,4
"19992",0.00237293269151006,1.22916420460449e-07,3.76208687336292e-09,0.989321367871049,0.00824802377932483,4.94784090481971e-08,5.74995011998446e-05,4
"19994",0.041569751004264,0.957811844458426,2.77654434148807e-05,1.56679710189775e-05,0.000519740325251713,3.10938904500306e-05,2.41369071745554e-05,2
"19996",0.0173604519028088,3.85182888438363e-07,4.37316269319817e-09,0.982251322128284,0.000375606718579772,4.7936067440378e-08,1.21817582087721e-05,4
"19998",0.0145462861478406,0.0987856244875544,0.437859406189413,0.00358808736796833,0.439319243530949,0.00587325240564291,2.8099870632343e-05,5
"20000",0.000234262035545537,0.829776262105097,0.00211824312799514,1.85832396060709e-06,0.160199132071999,0.000270608300747754,0.00739963403465442,2
"20003",0.110425499584838,0.880253559488851,0.000557601726254617,0.000203179693422155,0.00842038305858774,1.76522438883022e-06,0.000138011223657707,2
"20005",0.000419623277961739,0.972139232412901,0.0011240808549959,3.57802570004768e-08,1.5914880807186e-05,0.0263010462777694,6.6515307743568e-08,2
"20007",0.769889091477893,0.0308105805130602,6.76236543130386e-06,0.0202897612792853,0.178131596407672,0.000357173343752697,0.0005150346129048,1
"20009",0.145053216698603,0.000102910520725645,0.000401403765096018,0.852572815477036,0.00113462365903968,0.000307808291686419,0.000427221587812938,4
"20011",0.32775950317506,0.633776533544492,0.026363441513346,7.8643615859806e-05,0.000756305206219056,0.0112610672527595,4.50569226370942e-06,2
"20013",0.00633120179522221,0.864138785609502,1.06704843594355e-05,1.3366003488056e-05,0.0152302013720367,0.114269153562806,6.62117258560792e-06,2
"20016",0.0524274561160425,9.44029630335184e-07,7.09277985730294e-07,0.940717955572166,0.00444487985491085,6.06834571031207e-06,0.00240198680355405,4
"20018",9.61156816138363e-06,9.37147543662741e-10,8.86778447652906e-09,0.0441798666013972,1.50826108109987e-05,6.05245772068767e-10,0.955795428809453,7
"20021",0.777770869897925,0.00186670939783883,5.22232269739031e-06,0.219651767960881,0.000509727492615923,5.52762798784997e-08,0.00019564765176152,1
"20023",0.861760146521822,0.0103307319809793,1.15580575009277e-05,0.0846893657915251,0.0426700970285345,5.39826283024769e-05,0.000484117991335935,1
"20025",0.0101696542660419,1.70732098566518e-06,5.45685407012137e-07,0.679863670356895,0.000435039755925374,3.14408265883298e-08,0.309529351173918,4
"20027",0.00354336923360411,0.699753775053897,0.286464770939564,2.15738979332513e-06,0.0102167297853334,1.80098096385842e-05,1.18778816952537e-06,2
"20029",0.000564421307854366,0.983741262497283,0.0060183140980803,3.98681874889843e-07,0.000381478995535513,0.00929409592489628,2.84944751821388e-08,2
"20032",0.00387191578905501,0.992016938702817,0.00376089978224186,1.6120116582254e-06,0.000334000243510364,1.12599950934896e-05,3.37347562363512e-06,2
"20034",2.71555782620262e-05,8.54300200237507e-05,0.999886901437747,1.35013308357935e-07,2.07023942197351e-07,1.68215621120601e-07,2.71109603758032e-09,3
"20036",0.000292345407661432,0.021826202698277,0.000144345955378217,0.000365099422586522,0.964858738545252,0.0124946556735145,1.86122973306306e-05,5
"20038",0.0786159021514097,3.51832733179793e-05,2.30550914529931e-07,0.6747707772129,0.243551807978931,1.66227176041235e-09,0.00302609717025479,4
"20040",0.0518848900530642,2.98494226695898e-07,0.000123422460704461,0.939641201730606,3.90002292157961e-05,2.42117339834913e-06,0.00830876585878399,4
"20043",0.0459087991518986,0.000487813101974464,5.92815763367911e-08,0.943659486761469,0.00966703633976704,3.06561362977939e-07,0.00027649880195186,4
"20045",0.00144689093280824,4.71300776462835e-09,3.99812234398408e-10,0.997579948263601,3.16676016590099e-05,1.74386615457702e-08,0.000941470650449748,4
"20048",1.62197486341353e-07,2.27473076169296e-05,1.88756985605704e-07,1.26982255785143e-08,9.37559575157962e-08,0.999976768183519,2.71002087260084e-08,6
"20051",0.111676671223518,0.564955129476267,8.43300175241007e-07,0.146915687937322,0.147391718784449,0.0142733680138771,0.0147865812643917,2
"20053",0.922628439152068,0.000927423980653311,3.52511847993467e-05,0.0752692624913144,0.00103753366445881,8.3671858892579e-05,1.84176678134505e-05,1
"20055",0.0478294787366089,0.00213225287579379,9.03050530026949e-06,0.0401376755268039,0.892785011875219,8.30497091639324e-09,0.0171065421753033,5
"20057",1.61978503463086e-07,4.22230675381185e-05,1.18964209897768e-05,4.73497193539149e-08,8.40090660590716e-07,0.000352833111816291,0.999591997980772,7
"20059",0.936452971478352,0.000687566145576204,0.000145067263322137,0.0612537029487917,0.000595284419490049,7.08893137803579e-06,0.000858318813089883,1
"20061",0.975234183758217,0.00469686191318305,6.49627076922479e-05,0.0179880851744345,0.00194635556165141,2.45818148626681e-05,4.49690699592243e-05,1
"20063",5.04966571599421e-05,4.92486159827695e-06,0.000562762575921261,0.0156266709404022,0.000251823989978669,0.983410686166165,9.26348087747209e-05,6
"20065",0.0014414348072125,3.45343807013433e-07,2.01562146992094e-09,0.183701589410747,0.000659004891348416,3.09300773943413e-11,0.814197623500333,7
"20067",0.0451351742784791,2.84396437628231e-05,3.74035375895595e-09,0.946942475958507,0.00179872639326544,0.000176065441008623,0.00591911454462347,4
"20069",0.000220580165400203,0.588530955242969,8.5621304835029e-06,2.271582320112e-07,4.54915149909444e-05,0.411193210027533,9.73760390749666e-07,2
"20071",0.0058268151917408,0.00101610148435687,0.00158476704894079,0.000290624545323479,0.991244361372665,1.87944646899022e-05,1.85358922828579e-05,5
"20073",0.00605191375224817,0.0822521922678843,0.000330577479963069,2.69727289770162e-05,3.1272615679739e-06,0.911334820423054,3.96086305522802e-07,6
"20075",5.13156100570068e-07,6.18584121732418e-05,1.72373313206207e-08,8.73782615470761e-07,0.000571380273078753,2.89364307072583e-07,0.999365067774394,7
"20077",0.0985067933140686,0.00108848040226331,4.08722237563953e-06,0.178887284202604,0.721254766279962,0.000248012458074028,1.05761206526263e-05,5
"20079",0.00562297880257681,0.0339805544214235,1.80027513024323e-05,0.107575733811602,0.0125309407769,0.83980513462435,0.000466654811845958,6
"20081",0.338744125920286,0.00140213460629939,2.29036968020603e-08,0.424551444333233,0.0725231506313229,5.66764528415254e-06,0.162773453959878,4
"20083",0.000122188196881439,0.00365120200553942,0.00145492006602699,0.000670654169845311,0.162192479159365,0.831786497893725,0.000122058508616336,6
"20085",0.000995433641947835,6.47645623748578e-09,1.25661730741641e-09,0.998294332938734,0.000436576659241839,7.42361116161764e-11,0.000273648952766295,4
"20088",0.0563538520310556,4.22089472506152e-05,2.37604473886164e-08,0.93876082696912,0.00443291561972085,6.76847662863192e-08,0.000410104987639389,4
"20091",0.000427554063638038,6.78027528935454e-06,4.65887608628753e-10,0.000188649335797754,0.000125610668246996,8.2980100649205e-07,0.999250575390134,7
"20095",0.187594662283364,0.00239962568726465,0.0298341181984201,0.00415358810124515,0.000447719680537088,0.775471655247065,9.86308021037791e-05,6
"20097",0.000928545880255224,1.41214380649347e-08,5.94015304129682e-10,0.996139537493254,0.00166091575330348,1.12560733166195e-10,0.00127098604517314,4
"20099",0.59529300984924,0.000330763780714649,0.11574950264378,0.285371904237763,9.75042372800483e-05,0.0031565214918689,7.93759353100555e-07,1
"20102",0.000525766446088695,0.000536036085611117,1.72362549800201e-07,0.000148778653340887,0.000113119559086514,0.950374630230675,0.0483014966626474,6
"20105",0.144282622935699,0.00108140226479516,1.83055209738903e-07,0.852887099721309,0.00116925353903105,0.000435431884367622,0.000144006599588189,4
"20107",0.360196906615676,4.54586255404606e-05,1.03860789735408e-06,0.553580805215433,0.0861265295618568,4.13932264626978e-07,4.8847441331727e-05,4
"20109",0.651431111403504,0.00599733546349556,0.00057462718540268,0.143955893354129,1.25777580406516e-05,0.198022400280424,6.05455500442078e-06,1
"20111",0.000632929916765015,0.35564138289635,1.41830223032903e-05,2.45504581336545e-06,3.80541076134662e-05,0.00530148799979472,0.63836950701136,7
"20113",0.20170438123047,0.000589977515613628,0.00502643940004419,0.0535736811404699,0.739088726351689,2.42263249977398e-07,1.65520984631293e-05,5
"20115",0.00472862389919487,0.991877467350334,0.00294594204457311,9.08436779333564e-07,1.24380511160389e-05,0.00023980056815075,0.000194819649851769,2
"20117",0.0418926658718532,0.000184514016117616,0.357026975887051,0.03221241497245,0.0132181133462085,2.66668109927068e-06,0.555462649225221,7
"20119",0.0846242245439664,2.31868451782189e-05,0.0314998572656798,0.837575700225578,0.0462665877111519,1.32366102648385e-08,1.04301718351216e-05,4
"20121",0.0911405631314127,3.95783663408395e-06,5.27512617560993e-07,0.856647507721488,0.0520739210823196,1.05528401422694e-08,0.000133512162687465,4
"20123",2.92955238766258e-05,1.98524677363947e-06,1.59893760847221e-09,0.000368147448922225,0.000651248027486952,2.5953517275342e-09,0.998949319558651,7
"20125",0.00218530753805225,0.915100742864317,5.97198612730765e-06,2.00153455209677e-06,0.00090243020332393,0.0817967476878459,6.79818578172942e-06,2
"20127",0.00168570431988237,1.58474522118938e-07,7.51946128793548e-09,0.998260933371009,2.98311010275572e-05,2.52997004631779e-07,2.31122170930945e-05,4
"20140",0.00400534820863315,0.000666040730810521,2.16342765642256e-05,0.00117080740827175,0.989162870415617,1.96670566786707e-08,0.00497327929304626,5
"20142",3.8284940969366e-06,0.00451696816918511,6.80487834003695e-07,2.5128575859201e-08,5.28913680996257e-06,0.995473073591683,1.34991815496095e-07,6
"20144",0.000881901683418287,0.975142354093582,3.28592934873539e-05,1.14720980268764e-06,0.0148612490624746,0.00525521592801682,0.00382527272921833,2
"20146",0.00307707114844827,0.270845244412669,2.79044934424323e-05,0.00030090101308912,0.363567826333845,0.361479174320938,0.000701878277568174,5
"20148",0.0223310453379061,0.939171802265885,1.20906709915982e-05,0.000393941515874405,0.0378867900026445,0.000167056766490322,3.72734402082697e-05,2
"20150",7.69599442547369e-05,0.650793648979851,0.00164638440107367,1.72911999154629e-08,5.78160910891458e-06,0.347477168450433,3.93240780350402e-08,2
"20152",0.113249316579004,0.842811355049709,7.30764986508103e-05,0.00216444177037126,0.0415032349961378,0.000128698989707645,6.98761164187121e-05,2
"20154",0.000126551403093998,1.34492217257528e-06,1.25641956448474e-10,0.064165680865005,0.000387430353874173,3.4257778595348e-06,0.935315566552353,7
"20156",0.537213409566675,0.00937062589367761,5.42060554410623e-05,0.0234843794235802,0.395363110705076,0.0317956618261603,0.00271860652938939,1
"20159",0.000184856967107917,0.47087648303422,5.45080798033785e-06,2.39068188834512e-07,0.000121424999800853,0.528809664355861,1.88076684161713e-06,6
"20161",0.000138458586739565,0.00361962474657954,6.32657734454051e-05,3.16847664931351e-05,0.00128635974355794,0.994852070734704,8.53564848040981e-06,6
"20163",0.123705598708397,0.868556916489216,0.000714566369788867,0.00462632423477228,0.00149766179276315,3.27663870614339e-06,0.000895655766356372,2
"20165",0.00111814056276803,0.000204993536714246,4.85712035618989e-07,0.00252607161648435,5.41106947578874e-06,0.996139912789507,4.98471301498458e-06,6
"20167",0.0315403194317368,0.960408055410217,7.65259322534721e-06,0.000139538056366772,0.000565398079548885,0.00733658340955301,2.45301935165273e-06,2
"20169",3.4723979555629e-07,0.000123346208929925,2.20003093853911e-07,1.05783912430909e-08,3.64442665866012e-07,0.999875677908424,3.361869970662e-08,6
"20171",1.70827612620999e-05,5.97614065602965e-08,7.54863877060093e-11,0.0223056920876748,0.000290151640313023,4.84666560936024e-06,0.977382167008248,7
"20173",0.00688651824694484,0.000292017125931343,0.77509977977759,0.0249677750881939,1.95691286520031e-05,0.192730965476427,3.3751562614279e-06,3
"20175",0.0868995001858277,0.901231648721787,0.000231812363260372,1.97592317851241e-05,0.00239891821525781,0.00920961860635636,8.7426757252654e-06,2
"20177",0.328779488550494,0.000619365726105775,0.532143151055523,0.137675527604308,0.000665034914479445,0.000115387589133637,2.04455995565619e-06,3
"20180",0.0611386393624477,2.39334119433765e-06,3.84126924564249e-06,0.934068521741976,0.00368705738399096,3.26255015502157e-11,0.00109954686852001,4
"20182",6.46211651787373e-08,0.000211827452709952,0.00187528063478835,1.04415296861917e-09,3.90015019322918e-08,0.997902093255615,1.06939900670523e-05,6
"20184",0.000380373248341611,0.0264119351073957,3.6989803185622e-06,2.3576278708005e-06,0.000170360293440259,0.973030837595248,4.37147385283784e-07,6
"20187",0.00377819480083547,0.00037879461480277,0.992456557109171,0.00021919353171991,0.00236317616745129,0.000804021975806342,6.18002130637853e-08,3
"20189",0.929189306159842,0.00599894042200614,0.00524400829510578,0.0593685664293443,0.000195888001625859,2.26265416022433e-06,1.02803791566096e-06,1
"20192",0.190974846756913,0.00121467866851205,0.0223150572123919,0.599025495617918,0.000151442521326696,2.10394858328307e-06,0.186316375274355,4
"20194",5.1470723237803e-05,0.0573163681372132,0.125798568935696,5.23785794565695e-06,0.112401847462371,0.704426185954638,3.20928897724292e-07,6
"20196",0.00992593326937915,5.87229082281677e-06,1.93662524815368e-08,0.891544366224791,0.00190259420973966,6.22891187754027e-08,0.0966211523498959,4
"20198",0.5313500125631,0.278507918144462,0.00033266373019765,0.026138190078875,0.160258928700184,0.000555962905183209,0.002856323877998,1
"20204",0.000355474943391102,0.619750941335769,1.03789775855325e-05,2.9564590177712e-07,1.42699090541174e-05,0.379864905859348,3.73332895076329e-06,2
"20207",0.0114282208920735,1.66168195980291e-05,1.94790417756426e-09,0.931711112566037,0.0187733678252048,2.00125199979782e-05,0.0380506674291848,4
"20209",0.0077232737058056,0.850479827515568,0.0538061571185466,1.24295269057296e-05,0.0223828774498647,2.78093920680929e-06,0.0655926537441025,2
"20211",3.25623436030449e-05,5.52485451562682e-06,2.68872520783865e-11,0.000282529740893622,0.00156262303675756,2.8430930504483e-08,0.998116731566412,7
"20215",0.00651591085918665,0.000614284559890498,9.49779181685486e-07,0.127896361205482,0.864925141471968,5.93304052759033e-06,4.14190837632104e-05,5
"20218",1.34419464325164e-05,0.0194623597868567,9.04399532453711e-07,4.26543209982924e-08,2.85379948418634e-06,0.980520214177086,1.83236287478969e-07,6
"20222",0.0140497944803837,0.00144602888361853,1.5751375432071e-08,0.92357595415998,0.0344186562462912,4.43559461604035e-05,0.026465194532191,4
"20225",0.000234278057515405,0.954690299336414,0.000155726844350438,4.66786503524218e-06,0.0285201525064437,0.016258243739059,0.00013663165118264,2
"20229",5.88841213591444e-05,0.00162213630073688,7.96162265372495e-06,2.26294640295061e-05,0.998053458422233,5.40142481859168e-06,0.000229528644169047,5
"20232",0.481343423002714,0.00476953807404123,7.75986501860791e-06,0.0261706221841453,0.484524687623399,4.57329700254724e-06,0.00317939595367998,5
"20234",0.00105200407381868,4.5067378445575e-09,2.1681931006116e-07,0.975096412178919,7.11085146110641e-06,9.65254926871628e-11,0.0238442514732275,4
"20238",0.381056689838335,3.84362758870323e-05,6.08954933920883e-07,0.607668360021111,0.0104568185910935,8.6803271590749e-06,0.000770405991480434,4
"20253",0.00223376511917033,4.61319542759319e-06,3.18274664835085e-07,0.517749497717729,0.479972387461663,3.32075678879574e-07,3.90861556663702e-05,4
"20255",0.00387691948888845,0.99343404815971,1.39648018066381e-06,3.71504381071993e-06,0.00233710612853588,0.000151409330241051,0.000195405368632828,2
"20258",0.119702348968611,1.10170654235489e-05,5.83663293622354e-07,0.880220824741737,4.49367885065734e-05,1.80773852730388e-08,2.02706950438105e-05,4
"20269",0.802988365401929,0.00599775704984512,1.46592718403444e-05,0.167683681455295,1.77059913539789e-05,0.0232659341461435,3.18966835931553e-05,1
"20271",0.243456067026295,4.00285809672528e-05,0.010199175885636,0.746174235001841,0.000125059420766854,8.40935718305814e-08,5.34999092230646e-06,4
"20285",0.0024978043417765,0.0169512690213709,0.971327148385848,0.000314340809708462,0.0082363648772862,0.000671327348239395,1.74521577110181e-06,3
"20288",0.0947447789687179,0.00107796480243426,1.55171534337392e-06,0.0867026753279267,0.817241304673847,2.59273224391546e-05,0.000205797189291339,5
"20291",0.325302087869407,1.49773373348539e-05,2.36928793585709e-07,0.325395102720633,0.00423249781667012,1.78580935596246e-06,0.345053311517805,7
"20295",0.80540001843264,0.015124284196059,0.0752334899616282,0.0978603979894748,8.20332184968004e-06,0.00631974332289562,5.38627754527653e-05,1
"20298",0.000365611410100841,0.997814352640849,2.56087571809011e-05,1.53668673774845e-07,0.000203126804718809,0.00159047481254402,6.71905933009612e-07,2
"20302",0.00896821851363899,0.3458593304873,0.0016767880371702,2.70932886925934e-05,4.32860284008808e-05,0.643422971394306,2.31225049070411e-06,6
"20305",0.000370708764328783,0.998709259701134,0.00067777942563119,1.04765046252387e-07,4.21809449411987e-05,0.000199711757602559,2.54641315819945e-07,2
"20307",0.0492227486683789,8.05482518079001e-07,6.11717629778479e-09,0.949727759343722,0.00090862698392093,1.23639368535651e-08,0.000140041040347305,4
"20310",0.000773263637803736,3.0509312008953e-09,3.09973279285758e-08,0.999063568955828,2.52817645162813e-05,1.9645931703735e-09,0.000137849628999809,4
"20313",3.72738859455512e-07,0.000573160841855117,7.42795410473793e-06,1.70056602574456e-09,7.95335341626091e-08,0.999418954313045,2.91803564469519e-09,6
"20315",0.283899160093025,6.63993827124821e-05,1.02921554912117e-05,0.703158157951582,0.0128271289290776,2.75165201927687e-07,3.85863229098629e-05,4
"20319",0.00112146648124641,1.57255180068887e-05,4.54721796703561e-08,0.653497617566723,0.0186199466850485,3.89187216818837e-08,0.326745159358074,4
"20321",0.00766361749041944,2.82840460134028e-06,2.64467643755588e-07,0.989288155221159,0.00303622942828072,2.20941941001253e-06,6.69556848600427e-06,4
"20327",0.21820244554582,2.56799475419836e-06,1.50861345414208e-05,0.781756278140961,2.08905845351457e-05,6.9524142773676e-08,2.66207524537804e-06,4
"20329",2.12275237664232e-06,5.83450939951803e-05,0.999904346769523,1.22985700488691e-08,1.82468099675985e-06,3.3348300783219e-05,1.03755027909529e-10,3
"20335",0.0108690564635455,5.22941599135597e-07,1.78440117043685e-10,0.936284606014284,0.000311877726179379,3.67580149534072e-07,0.052533569095802,4
"20337",0.000390076263472241,0.84285134149057,5.07590811948005e-06,3.30397914950743e-07,5.32272362585128e-05,0.15669781999363,2.12871003471382e-06,2
"20339",0.000396556605296878,0.00268723207550821,0.000243260378782522,0.00144915222848853,0.37133687977596,1.15267407340662e-06,0.62388576626189,7
"20341",0.00107811135758753,3.19998397917193e-06,3.50232924160917e-09,0.0130631301518381,0.00225595531623446,0.000367652805825482,0.983231946882206,7
"20343",0.00132438494332734,3.13865700132624e-07,1.29369440307177e-08,0.997403445810321,0.000185805585343369,1.62914448867029e-05,0.00106974541347736,4
"20345",0.0895024260909786,0.876396016891468,0.0242095384687614,9.55595537602425e-05,0.00977317472683284,3.75899918679619e-06,1.95252690123183e-05,2
"20350",0.00113816140924015,0.00119349675996666,0.000184021524755985,0.00452215043390577,0.988419204214371,0.000918279386752655,0.00362468627100842,5
"20352",1.52651320317427e-06,0.00029173479673959,1.81461095211109e-07,7.50918820337939e-08,1.53167855345076e-07,0.999706283391566,4.55776589859194e-08,6
"20355",0.00240246619487895,0.0119663957786515,6.82042049725701e-05,0.000203718197038411,0.000385332810209672,0.984915060509841,5.88223044080561e-05,6
"20358",1.89608721832941e-05,0.031448477770072,0.959816384653649,4.27334550697665e-07,2.07638205908865e-05,0.00869497981188692,5.73706727801293e-09,3
"20363",0.02525580904343,2.29119883315876e-05,1.02901166258263e-07,0.969583880170755,0.0051238518059203,2.39444371138833e-06,1.10496466856779e-05,4
"20365",0.150931994085708,0.0080435542956062,1.48518261133767e-07,0.109556221055105,0.125405196446162,8.06761188970297e-07,0.606062078837969,7
"20379",0.0243998168228425,0.974027196753848,0.000178460176904447,2.74569920306892e-06,0.000250695584816731,0.000676095581920683,0.000464989380464477,2
"20387",0.245580234509588,6.90855296585103e-05,3.53739525543306e-08,0.753071414689261,0.000261261967583231,1.0350590344652e-07,0.0010178644240528,4
"20392",4.59952256288535e-05,1.47385538469683e-06,3.13906785143268e-11,0.00104418206213267,0.000169646729879858,1.45266955468028e-09,0.998738700642914,7
"20395",0.066327664891498,0.560669111665875,2.36130650148436e-05,0.0005771069856384,0.371514751263863,0.000806815597332701,8.09365307789382e-05,2
"20397",1.4452234740646e-07,2.69355254252679e-05,0.997045294145529,2.15278453200747e-09,5.61760090142859e-08,0.00292756691756102,5.60343583458645e-10,3
"20410",0.778627830397445,0.00121121286907453,0.00015269843323172,0.21880297809171,0.00096268443071403,6.49170252617038e-09,0.000242589286121802,1
"20414",0.00566872934604179,0.802722734269806,3.98711447618974e-05,2.92559616074208e-05,1.59504658709643e-05,0.191521136383035,2.3224288763048e-06,2
"20417",2.19399393044699e-05,4.820149311996e-09,1.68491235577929e-05,0.54898656166412,0.000162792814672682,1.95137076630902e-09,0.450811849686825,4
"20419",0.031704054106448,8.69668123201378e-07,5.42060271461023e-06,0.968194212181813,9.49588314119216e-05,3.11733462292251e-07,1.72876027376075e-07,4
"20421",0.0364233090097889,0.170786171194474,3.46235130304732e-06,8.83352925429546e-05,0.000530637538756236,0.777970438754097,0.0141976458590381,6
"20423",0.00449458523482529,0.658704543624445,3.5689003494098e-06,2.69054858416647e-06,0.000115219746865961,0.33662790155931,5.14903856199469e-05,2
"20425",0.000492516475958428,0.327025090974962,1.06595697270232e-06,2.1128198127565e-05,0.0275329583673903,0.644826209000732,0.000101031025857269,6
"20427",0.341400405676868,0.650138920780615,3.89777625209339e-05,0.00226255093704368,0.00597536493019429,0.000171672199254013,1.21077135047645e-05,2
"20429",0.102518693055899,1.04412419441752e-05,0.000103447399416352,0.876334781377987,0.0191678886470119,0.00021440879426605,0.00165033948347485,4
"20432",0.000196895414846898,0.267046729900891,0.000297464214313381,1.10157289472688e-06,7.28223764538352e-06,0.73245044441016,8.22492487502474e-08,6
"20435",0.87128746479563,0.0188562145087259,5.52827002706363e-05,0.0510441693404751,0.0510126179452645,2.18810858165514e-06,0.00774206260105197,1
"20438",0.0175427024956711,2.48080196414339e-05,2.70698457786949e-05,0.943233026174699,0.0389670331915889,0.000203760967971471,1.59930464947188e-06,4
"20440",0.143973181118441,1.0944999863933e-05,5.88079541613312e-06,0.855977737309262,1.79660676609939e-05,6.65187568130642e-06,7.63783367499242e-06,4
"20443",7.16670180516803e-05,0.000278848308192911,1.37857650822437e-06,5.73527785203714e-06,0.00051503199841395,0.999123902992612,3.43582836925208e-06,6
"20446",0.382463045394825,0.381382061771054,0.00205805904086136,0.2185696186,0.010699637173713,0.00371500517355557,0.00111257284599122,1
"20449",0.201113837735206,0.0098104749391069,2.5195714571101e-05,0.0229006920173499,0.764516106608609,3.38113841823851e-06,0.0016303118467384,5
"20537",0.393026087259398,0.00120845682953676,6.29216776633577e-07,0.222136791666473,0.000513250786621878,9.89858405913049e-05,0.383015798400602,1
"20540",0.000455937933189937,3.16047881191087e-07,7.12688630825924e-10,0.00172816113767742,4.72655022577461e-06,6.16934966319973e-10,0.997810857001402,7
"20543",0.868092820574102,0.1270754188578,8.70118327417671e-06,0.00310749313602304,0.000661744240583872,0.000896395114758689,0.000157426893458235,1
"20545",2.37018280377106e-05,3.62337663712252e-06,1.09222978069487e-11,0.000296722507173155,3.69307303327425e-05,7.12785696962806e-08,0.999638950268327,7
"20549",0.46782481493748,0.514421771164616,6.04151019553877e-07,0.00177499618550284,0.00207902706322057,0.0110408780854075,0.00285790841275321,2
"20551",0.662996159323624,0.00393538687587158,1.0400596083702e-07,0.248481700264158,0.0837922305333099,8.84425641357214e-05,0.000705976432940101,1
"20554",0.808070676188468,0.000412699541235534,1.74954049414123e-06,0.191449617500417,2.89420423875672e-05,2.65334527310823e-06,3.36618417250181e-05,1
"20556",0.0079599924343092,0.0190540234412568,8.94935679812546e-08,0.00185608925307079,0.966063330740768,8.98404290478394e-05,0.00497663420797884,5
"20558",0.0435694356927166,2.96737578540177e-06,8.55191528304218e-09,0.956129563502245,0.000258300357231904,6.56058313751853e-08,3.96589142746086e-05,4
"20560",0.379738535139487,0.00534175267747548,7.22831651964416e-07,0.596102181860694,0.0140295497629147,0.00475780674092642,2.94509868500191e-05,4
"20563",0.00559580172569077,1.44376636992498e-07,1.623433687439e-08,0.994366970256618,9.17047605924482e-06,9.54983142391037e-08,2.7801432344078e-05,4
"20565",0.100247096814295,0.0441691849216511,2.98999712376863e-06,0.586585690692666,0.242246425820603,0.0263944916712699,0.000354120082391668,4
"20567",0.000393445568492191,0.08278622449651,0.000109320144542593,9.36360699755828e-07,0.000217608015985519,0.916492164621707,3.00792063544224e-07,6
"20571",0.000121399634170914,2.14629741634668e-06,9.70935881718005e-06,0.0352615615743955,0.964491348569834,5.88731646235295e-07,0.000113245833719922,5
"20573",0.839723559072594,0.00348303596412266,5.44862620146226e-07,0.0730337826506551,0.0823273497156679,0.000270343255134676,0.00116138447920549,1
"20575",0.0430730621496666,6.0550783500222e-07,5.35224711277908e-07,0.956741706457755,0.000159743485424663,4.06488248354363e-08,2.43065257822884e-05,4
"20577",0.0660776236563368,0.151993345341978,0.00014485791349983,0.0029231561633891,0.778565004142377,2.18383915231834e-05,0.000274174390895774,5
"20579",6.32950286537906e-06,0.000820601112979683,0.121994495756498,2.08967905001424e-08,1.71326133638496e-06,0.877176837608882,1.86064754517641e-09,6
"20582",0.00201645990478447,1.28956332339145e-07,9.36385759858878e-09,0.997867833659502,0.000107469801165392,3.18710076199584e-09,8.09512725748848e-06,4
"20585",0.0110871574871179,0.00360840164958218,7.83110069373896e-09,0.0278681804248144,0.0288550196501535,4.44291237087699e-07,0.928580788665994,7
"20588",0.00553242896725192,0.00171281049952574,4.75992114386401e-07,0.000510579407637165,0.051643342825317,8.93476873682269e-05,0.940511014620786,7
"20590",3.25622312411524e-06,0.00442680682691457,0.00112626794651561,3.6205233719026e-09,7.71482495538704e-07,0.994442892811484,1.0889423710327e-09,6
"20592",0.00383999250702526,5.5861664845037e-08,4.28672243957071e-09,0.995935253100765,0.000218453239080415,1.92812268004511e-07,6.04819247445014e-06,4
"20594",0.00741437744518858,3.77759402504261e-07,1.15100976377693e-07,0.992472910153989,6.57201457290413e-05,6.01668606542832e-10,4.64987930461368e-05,4
"20596",0.864014578134513,0.000747645422194448,0.000678486969154907,0.133841284726768,0.000560623731411257,0.000156741208138026,6.3980782079406e-07,1
"20598",0.635157793971745,0.00207177634650866,1.8252550736248e-06,0.359587956231513,0.00313742302207086,2.80122066631128e-06,4.04239524218532e-05,1
"20600",0.03528776554646,0.024372312893154,8.50554476641672e-08,0.0023997343135539,0.704158413801376,0.000433050890227089,0.233348637499782,5
"20603",0.00654782984672968,0.982073596601333,1.07334064049687e-05,7.9731790477834e-06,0.00771636827815044,0.00221739975919225,0.00142609892914143,2
"20605",0.384790574545987,2.61964736525345e-05,5.05131858930259e-06,0.580479394608517,0.0345172185918087,8.99956167729974e-09,0.000181555461883761,4
"20607",0.250467476694093,0.000160126707502648,3.27002683329471e-05,0.696496452841654,0.0528402265162902,2.68111899989942e-07,2.74886022766107e-06,4
"20609",0.785905523993608,0.00268125544516244,4.37630972970934e-06,0.211248255078456,0.000116463447224837,8.10214449211773e-06,3.6023581325943e-05,1
"20611",0.000560983229862333,0.993800930811513,0.00527358902307613,1.47383690334465e-07,0.00029231841010199,7.17184192162224e-05,3.12722539532204e-07,2
"20613",0.890311109854518,0.0957168294002598,1.78643152743689e-05,0.0126054417454114,0.000468304972940548,1.31202228572727e-06,0.000879137689310133,1
"20615",0.0459608974804253,0.0702171420410921,1.01529153945563e-07,0.00849901348504545,0.866579291342366,0.000546728687404568,0.00819682543451286,5
"20617",2.0500945875826e-06,0.0018091909633571,3.52251375499239e-07,1.59391836742285e-08,7.67215331909458e-07,0.998187564687383,5.88487814276673e-08,6
"20619",0.0059960708460646,4.29686101743981e-07,2.21734044285522e-07,0.986180259145603,0.00781949530858716,9.44264679732993e-07,2.57901491954359e-06,4
