"","V1","V2","V3","V4","V5","V6","best$classification"
"19812",0.0458519639762583,0.00010889119580587,0.938626109626928,0.0149615520470748,2.91987806027603e-06,0.000448563275872521,3
"19814",0.00114925793304385,3.18553250609487e-06,0.994652811507789,0.0011785691088245,0.00300620797312361,9.96794471296377e-06,3
"19816",0.014144342440506,0.000102363221650361,0.0148533584165562,0.970894593288909,1.75011867249128e-06,3.59251370587421e-06,4
"19818",0.000812384480904781,3.53410329651903e-05,0.953061867665679,0.0355016361389945,0.0105602037205549,2.85669609012545e-05,3
"19820",0.000258654298178917,8.17147898352559e-08,2.3847393534367e-07,0.999708936714834,2.29995712744992e-09,3.20864983050608e-05,4
"19822",0.0411274588153939,2.59235761972992e-06,6.82584813701878e-06,0.909968841109399,4.39337993718388e-06,0.0488898884895125,4
"19824",1.57488491358969e-05,0.000196016310445141,0.000563162416665607,0.998141475021875,0.00104991338204327,3.3684019834577e-05,4
"19826",0.116582955829451,0.0142702397975539,0.847089652891237,0.0219877141487619,6.2312929236934e-05,7.12440375926504e-06,3
"19828",0.000333162472194193,2.94872177509935e-07,0.000451005228652448,0.999024226064561,2.11210704922654e-06,0.000189199255365181,4
"19830",0.0696369229019833,0.00149037326798193,0.928294869722412,0.000117435872373914,0.000185114558290391,0.000275283676958062,3
"19832",0.0444992573972367,1.01059703463106e-05,0.219251332388068,0.111002057309942,3.1290373294977e-06,0.625234117897077,6
"19834",0.754447785143828,1.1459633087643e-06,0.0236412697997145,0.218821727841123,0.000123156189302932,0.00296491506272233,1
"19836",0.014648804702064,0.142076526093143,0.585385563217194,0.257716931296782,3.19862238128568e-06,0.000168976068434921,3
"19838",0.000983861680717675,6.12816104642081e-06,0.998311988230268,2.40876512310344e-05,0.000637024053013128,3.69102237238713e-05,3
"19840",0.778239832295271,0.0012208230083387,0.0438086197828621,0.1767180648051,6.90707510572424e-06,5.75303332213898e-06,1
"19842",0.000668463290903426,0.930184994575429,0.0691171309306826,3.99043900503498e-06,2.52842843874169e-05,1.36479593056964e-07,2
"19844",4.41424656523154e-07,2.19409652063678e-05,1.91314470075263e-05,7.13145487620376e-06,0.999951311627876,4.30803770716e-08,5
"19846",1.27184258250363e-05,0.0030888863823292,0.891863561108742,4.96595336183907e-06,0.105029772378387,9.57513553335442e-08,3
"19848",3.21947305722704e-05,0.000195138561981336,0.958716592305537,7.57800609056251e-06,0.0410481399856404,3.56410178840115e-07,3
"19850",0.000195311323572799,5.34377465067119e-05,0.743579225056797,0.000118278933998881,0.256051357783845,2.38915527974009e-06,3
"19852",0.0139965379097208,2.32014446331384e-05,0.332092210634034,0.653166996536654,0.000577615831489455,0.000143437643468636,4
"19854",9.10501927931198e-05,4.81180910206739e-05,0.995362631695484,7.05153870309696e-06,0.00449029341744233,8.55064556583629e-07,3
"19856",0.000644483053710471,0.000205783846733137,0.0163075492591405,0.000422360770533122,0.982410919329911,8.90373997181988e-06,5
"19858",0.000174106002550286,3.34922293777543e-05,0.00266630867231554,0.0200675764505024,0.976947003537476,0.00011151310777758,5
"19860",0.223226398589419,4.87602203070866e-05,0.558106898462246,0.218496119828904,6.00496205898743e-05,6.17732785334252e-05,3
"19862",3.06540492502538e-05,0.0106318368543623,0.983984347925528,2.22079614047629e-06,0.00535083594220233,1.04432516782319e-07,3
"19864",1.23902813842847e-06,0.99997270192059,7.60824946142862e-06,1.59640838105806e-05,2.41165949680213e-06,7.50585029649726e-08,2
"19866",0.103710168562714,0.036231589481679,0.00293764543587684,0.857108297265492,1.78363109131773e-06,1.05156231463961e-05,4
"19868",0.00437889358026176,3.32503701448453e-07,6.59204729187381e-05,4.47329438219061e-06,7.29398900267383e-05,0.995477440258709,6
"19870",6.71225318011581e-05,0.000899058277174226,0.996618290223288,0.000167252229623447,0.00224686438798826,1.41235012515536e-06,3
"19873",0.00187483245850788,0.00182705101126083,0.975975902164926,0.0194611580492742,0.000856470219807383,4.58609622408886e-06,3
"19875",0.0524678065017899,1.29732369784481e-06,0.00260875746512611,0.94469310914335,9.05115505449622e-08,0.000228939054485164,4
"19877",0.0052200516012372,9.15374854240314e-05,0.990292321935506,0.00208700839904225,0.00229559324132405,1.3487337466568e-05,3
"19879",0.0374522432247183,0.000235591716067384,0.709723477218612,0.245560180953132,0.00607151158008867,0.000956995307381202,3
"19881",0.00446221864212668,0.0238557025973982,0.963404998455795,0.00679970988574609,0.00147082530701653,6.54511191774147e-06,3
"19883",0.00208777814280822,0.267299215694788,0.728266163429917,0.00224941023800658,9.66863971845173e-05,7.46097295605233e-07,3
"19899",0.940688297277681,0.000255925575746341,0.0365046499953775,0.0221627225375091,5.46509636437111e-06,0.000382939517321209,1
"19908",0.968844903397503,0.0262555483052869,0.000282821623188947,0.00314613572470568,0.000353759008073866,0.00111683194124148,1
"19910",0.00284421996297801,0.000401934684920314,0.669156320270952,0.32718535709041,0.000365754001889304,4.64139888502386e-05,3
"19912",0.0049900077199104,0.506963083017771,0.486920087388241,9.23974443871248e-06,0.00111720796755048,3.74162088533647e-07,2
"19914",0.465646822834056,0.000105095203667196,0.441016650901179,0.0899230334542709,0.00103356317988855,0.00227483442693844,1
"19916",0.000593194758073752,0.324341707409293,0.00026920972702195,0.674446568553325,0.000306380638899054,4.29389133875105e-05,4
"19918",5.61851080306019e-05,0.00191897963702589,0.910520406937916,0.000230102320740746,0.0872741949892512,1.31007035510607e-07,3
"19920",0.000100761596669139,3.06941158678188e-05,0.115897395727652,1.2640976059126e-05,0.88395842810652,7.94772324894397e-08,5
"19922",0.000156246994664909,7.314739120306e-06,0.234504941344254,0.0111653542677283,1.44053487902245e-05,0.754151737305442,6
"19924",0.0071528606819861,0.000181322392715478,0.95667594608776,0.00548270705839287,0.0305013331454853,5.83063366035185e-06,3
"19926",0.757302189299379,0.00999972966184963,0.0874003505720915,0.139925759943674,6.18061188573279e-07,0.00537135246181684,1
"19928",1.0785854414528e-07,0.999996956293741,1.29251887610004e-06,3.74472614452821e-08,1.60033845362265e-06,5.54312390609915e-09,2
"19930",0.000161588705359521,4.82450732763377e-05,0.999218004977836,0.00042653949138894,0.000140098191378289,5.52356076052692e-06,3
"19932",0.000127361903204669,1.41823816660632e-05,0.998316114350825,1.6510465396201e-05,0.00152258574643153,3.24515247716944e-06,3
"19934",0.0504194993606129,1.3761969652448e-06,0.0271521378510015,0.920697779257538,0.000122687708480398,0.00160651962540139,4
"19936",0.0582838001066539,2.75124529135705e-05,0.935453082935898,0.00575588400059475,0.000191056090943704,0.00028866441299591,3
"19938",0.16771835799541,1.90055981586368e-05,0.000220795903459479,0.830360876956403,5.01347347507988e-05,0.00163082881181744,4
"19940",0.000535919256525911,0.0252360810102997,0.905895243933713,0.0677999709901247,0.000526844690087887,5.94011924840332e-06,3
"19942",8.57076730537597e-06,0.999979959697966,1.04720713268314e-05,5.55350539482182e-07,4.40065148448871e-07,2.04771434551182e-09,2
"19944",0.0213609290036508,0.00183536539498875,0.23399223415376,0.742719676383722,4.08936554713023e-05,5.09014084071501e-05,4
"19946",0.00937312452900968,0.000178420257022934,0.889199787856732,0.0800694206247372,0.021133972833279,4.52738992193418e-05,3
"19948",1.7997949072084e-07,0.999943981954766,5.30696515210519e-05,8.01795220612104e-07,1.96578959581163e-06,8.29405741336241e-10,2
"19950",1.02496974273748e-06,5.24144490701085e-07,0.00166171956329949,3.2304115813693e-07,0.998336316928432,9.13528764573405e-08,5
"19952",1.7997949072084e-07,0.999943981954766,5.30696515210519e-05,8.01795220612104e-07,1.96578959581163e-06,8.29405741336241e-10,2
"19954",8.7216857145416e-05,4.64771531602066e-05,0.999125944810919,7.59508367904231e-05,0.000662899823734861,1.51051825063947e-06,3
"19956",0.0778549268708547,0.0087541903086076,0.16921095679498,3.86401269761075e-06,0.744125615454216,5.04465586436307e-05,5
"19958",1.0116595481062e-06,7.71903599534709e-07,0.00155404312955404,7.18923535723256e-05,0.000333683013967733,0.998038597939758,6
"19962",0.0216863530789716,0.000460160011257527,0.61342527580185,0.15440887612274,0.207961122205533,0.00205821277964734,3
"19964",0.000212112405402191,0.0221878113859909,0.926480867990943,0.0388805121844523,0.0122224942497011,1.6201783510117e-05,3
"19966",0.0386424496576845,0.00890202986142325,8.98042154279146e-05,0.95232337214089,4.04816743253717e-08,4.23036429002854e-05,4
"19969",0.00501389818633153,0.00820456867196064,0.986374084783243,0.000285091326977454,0.000121069655153822,1.28737633365323e-06,3
"19972",0.00010707951104355,0.0997999317137292,0.837038761498886,0.000431005303576045,0.0626219429911861,1.27898157931236e-06,3
"19974",2.99264807294039e-06,0.0235025120155072,0.0875555755617185,4.66578311815119e-07,0.888938442889904,1.03064858807174e-08,5
"19976",0.00386011053603591,0.000274487681440699,0.940783926704976,0.00988237726144678,0.0451903469812357,8.7508348643994e-06,3
"19978",0.00162278115914395,0.00123513257521677,0.238863770004901,0.757790155008647,0.000483530457941221,4.63079414919414e-06,4
"19980",4.40952322282315e-05,3.71457130917443e-05,0.797132230536989,5.6583476796356e-06,0.202780097082499,7.73087511946166e-07,3
"19982",0.00133628023956353,1.24724623160566e-05,0.138665882152155,9.4112324373377e-05,0.859877195368364,1.40574532281264e-05,5
"19984",2.34746686404464e-06,3.89915986315022e-06,0.000351540317909983,7.23192499468292e-06,0.99963492654221,5.45881583508706e-08,5
"19986",0.00952073391960208,1.12276029493779e-06,1.69314292053407e-06,0.990283682970112,3.65868366445749e-09,0.000192763548387355,4
"19988",0.00147844780578239,3.99204918915969e-08,1.17143426277635e-07,0.998208652535298,1.92906450393130e-09,0.000312740665936915,4
"19992",0.0315514470434524,3.0655663202395e-08,2.56926420376137e-06,0.968135650975127,2.02511584646343e-07,0.000310099549968718,4
"19994",0.00062996430083363,3.57424882865085e-05,0.998750390066494,0.00053055463971104,3.39124937102259e-05,1.94360109645816e-05,3
"19996",0.000988917543174551,1.76729442084036e-08,4.6716927836542e-06,0.998974115562091,9.53561750723916e-08,3.21821728312256e-05,4
"19998",0.379045714513807,0.468592789560689,0.129166954167152,0.0157857200779408,0.00736308774897003,4.57339314409287e-05,2
"20000",0.193141745141333,0.00387651847225395,0.792259467595435,3.63020397660434e-05,0.000615489731381044,0.0100704770198312,3
"20003",0.00879635245810679,0.000710292694259052,0.986398037760923,0.00397321549470198,2.33682740278212e-06,0.000119764764606018,3
"20005",3.0690092344055e-05,0.00149701827905873,0.961475912378209,3.5358805984011e-06,0.0369927399557246,1.0341406542933e-07,3
"20007",0.474073141208132,2.57675044787572e-05,0.1905707300007,0.333378803512095,0.000801574373085151,0.00114998340150983,1
"20009",0.00122467321110244,0.000456956381228502,0.00032548600769782,0.997301951831578,0.00023217770001769,0.000458754868375393,4
"20011",0.00103254456428585,0.0227104169771838,0.96378138932888,0.00295335683126549,0.00951825798655236,4.03431183228475e-06,3
"20013",0.0156338768810543,1.56038862758267e-05,0.877495867859624,0.000281907515703482,0.106565200547419,7.54330992387541e-06,3
"20016",0.00760495293038194,1.64952057123031e-06,8.79041864865619e-06,0.988902749613146,7.34988531849799e-06,0.00347450763193354,4
"20018",2.45047971390581e-05,1.90783730763153e-08,5.81692140120542e-09,0.00613140712844872,9.73556304430986e-10,0.993844062205561,6
"20021",0.001004465130479,1.15132810927719e-05,0.00759198250680187,0.991127807848157,8.93721145965109e-08,0.000264141861355173,4
"20023",0.0883050220329553,3.85045501915224e-05,0.0536026050913328,0.856986088225186,0.000103046936061176,0.000964733164273319,4
"20025",0.00116714528618349,1.57175411593571e-06,1.39691575894068e-05,0.543000259484791,6.73099359823772e-08,0.455816987007384,4
"20027",0.011735339304649,0.287057815709155,0.701097677109938,7.65235182750571e-05,3.10707614153127e-05,1.57359656785204e-06,3
"20029",0.000607444990079876,0.00816180820652697,0.976329576064778,1.87135986907639e-05,0.0148824006341706,5.65057539374913e-08,3
"20032",0.000487948352287929,0.0049545493711575,0.994458702622768,7.50928275497101e-05,1.94931800655931e-05,4.21364617073879e-06,3
"20034",5.21093381108231e-07,0.99979268261037,0.000202609453963167,3.78918062426255e-06,3.91643399857332e-07,6.01826236291999e-09,2
"20036",0.947774518583369,0.000278721920917857,0.0303957753570026,0.00117820032914259,0.0203307076079942,4.20762015736145e-05,1
"20038",0.26863993000662,5.60651303011864e-07,0.000168148292662743,0.727424620050894,2.81811901366717e-09,0.00376673818040182,4
"20040",8.15178604176552e-05,0.000193184348816106,2.70690703827481e-06,0.989740454228695,2.73804129206131e-06,0.0099793986137408,4
"20043",0.0151977851955071,1.7214415650763e-07,0.00174119992109385,0.982558309258655,5.26552673905069e-07,0.000502006927914022,4
"20045",0.000201306274984962,3.86132858120166e-09,1.64578578299095e-07,0.995150460760638,7.42823960695863e-08,0.00464799024207376,4
"20048",1.944589010021e-07,2.92992546562724e-07,3.69233516233711e-05,1.26918627629964e-07,0.999962410436775,5.18415260975012e-08,5
"20051",0.130274542267461,1.37542750532268e-06,0.590903739026373,0.252961699305232,0.011996913327739,0.0138617306456898,3
"20053",0.00338755522053162,0.000120153212731557,0.00829001956794341,0.987986268249238,0.000168068039057433,4.79357104976494e-05,4
"20055",0.886726688522349,1.74671861101006e-05,0.00554939155509882,0.0897833947634069,1.52750279225296e-08,0.0179230426980068,1
"20057",1.91970270889004e-06,2.0311589904531e-05,6.50769813128315e-05,3.05283736349882e-07,0.000671473077505144,0.999240913364832,6
"20059",0.00232794517428079,0.000533237660897403,0.00700179184280569,0.988089581545922,1.83212101167475e-05,0.0020291225659777,4
"20061",0.0156667368910311,0.000511386584062599,0.0844347228858875,0.899004234691538,0.000133358802730933,0.000249560144749822,4
"20063",0.000392642335898201,0.000739824069166584,1.46350141463479e-05,0.00729262577561166,0.991356231037764,0.000204041767413226,5
"20065",0.0011902229227661,6.58599712533604e-09,2.14930934109152e-06,0.0965417313545627,6.89377844755186e-11,0.902265889758395,6
"20067",0.00308812497770037,1.12041149298105e-08,0.0001558565624455,0.988243334914338,0.000189702123063612,0.00832297021833728,4
"20069",7.54362708238291e-05,1.35654686354979e-05,0.528595698188771,8.63462644854598e-06,0.471305267237536,1.39820778554616e-06,3
"20071",0.992450655283526,0.00236942420957754,0.00294576327914827,0.00217781055385011,2.87799475456823e-05,2.75667263518729e-05,1
"20073",6.66493228836734e-06,0.000450297599416422,0.130038816525466,0.000657964577635054,0.86884562296792,6.33397273904141e-07,5
"20075",0.000774218415456219,4.34921947042211e-08,9.00114074542412e-05,2.38005613083132e-06,6.57930556318942e-07,0.999132688698208,6
"20077",0.668016144233396,7.31951679480821e-06,0.00333087294657836,0.328376443365065,0.000252775056747566,1.64448814183561e-05,1
"20079",0.0154101847147162,3.01202430138229e-05,0.0474342917178705,0.10746560419045,0.828845050609599,0.000814748524349888,5
"20081",0.0865870072385918,5.18820265591809e-08,0.00469550568497862,0.773839895902421,6.14128142419332e-06,0.134871398010558,4
"20083",0.131292252381594,0.00180735523848734,0.00443788809922293,0.0010368879649532,0.861216971279729,0.000208645036013748,5
"20085",0.00268846907388155,1.47557405306915e-08,2.36833716569687e-07,0.995512431496,5.08540787564813e-10,0.00179884733212093,4
"20088",0.00633842103964905,6.61273244226874e-08,0.000191988432194658,0.992855608390806,9.8506870556773e-08,0.000613817503155848,4
"20091",0.00029624314677211,1.74332807751367e-09,3.79025188249211e-05,0.000922517356013011,1.49179542859364e-06,0.998741843439633,6
"20095",0.00122138899975889,0.0419107989175729,0.0129115318013882,0.0554284250597207,0.888364442898388,0.000163412323171225,5
"20097",0.00990821469872008,7.64910739707058e-09,4.80823188321235e-07,0.981916665979914,8.15227227212411e-10,0.00817463003384312,4
"20099",0.000179135128117971,0.104535623594986,0.00144768555089178,0.891111903130654,0.00272439242772933,1.26016762096795e-06,4
"20102",0.000235301431860621,3.71735276504067e-07,0.00150004438904216,0.000781220895693067,0.943761314588594,0.0537217469595334,5
"20105",0.00170377628401766,3.31156008302545e-07,0.00318354375569424,0.994543120547817,0.000384758030834803,0.000184470225628298,4
"20107",0.0895348996647377,1.79366305523648e-06,0.000225088840754631,0.910181490833797,4.2530504662793e-07,5.63016926086441e-05,4
"20109",3.13827895401635e-05,0.00083736212801968,0.0219175359888328,0.802153480688448,0.175049934011102,1.03043940565163e-05,4
"20111",8.81612058277284e-05,2.69280637473238e-05,0.432638562562234,5.92646999355536e-05,0.00872313054254535,0.55846395292571,6
"20113",0.798182811672895,0.0069655837156474,0.00232172351317304,0.192505103119779,3.76821424806805e-07,2.44011570801647e-05,1
"20115",2.34766422137088e-05,0.00338658488894446,0.996040702765442,5.16049362530396e-05,0.000328295362459594,0.000169335404686792,3
"20117",0.0190902387283282,0.379479925487536,0.000706354932881621,0.0830916145163967,4.15605262407237e-06,0.517627710282233,6
"20119",0.0514760499559907,0.0390013952361486,0.000104573514208929,0.909400018979013,2.13499873261662e-08,1.79409646510233e-05,4
"20121",0.0594607971193918,1.15238229552304e-06,2.50437127099663e-05,0.940328919576016,1.45016270101075e-08,0.000184072707959727,4
"20123",0.000919204820566238,5.01921263725101e-09,6.43679580572265e-06,0.000492328415273192,5.33878165032392e-09,0.998582019610361,6
"20125",0.00120806818315259,9.73265201224348e-06,0.911353735220606,6.84868835551787e-05,0.0873518709910008,8.10606967292564e-06,3
"20127",0.000172116841947024,5.71410763159796e-08,3.11069301610915e-06,0.999685886876389,1.02368021070849e-06,0.000137804767360462,4
"20140",0.987791870096987,4.29017829020865e-05,0.00177553389036807,0.00453220060305631,4.0740408312905e-08,0.00585745288627874,1
"20142",8.5003308053704e-06,1.04053986199785e-06,0.00479642144152614,5.15729842289558e-07,0.995193312061165,2.09896799198482e-07,5
"20144",0.0189460651953287,6.06750436832837e-05,0.969026665550094,3.79884298294119e-05,0.00796465443417263,0.00396395134689189,3
"20146",0.341816097477856,4.22770617173664e-05,0.290967838270757,0.00163600021013762,0.364696469677317,0.000841317302215033,5
"20148",0.0387879211930843,1.95945841651567e-05,0.957119426220579,0.00382147581561874,0.000207975708408943,4.36064781435218e-05,3
"20150",1.10263093998348e-05,0.00201440637571755,0.545213622070713,1.25996199488104e-06,0.452759619182114,6.610006108507e-08,3
"20152",0.0390842463770769,0.000107968296080442,0.940591580758727,0.0199944984274593,0.00014582840753959,7.58777331166775e-05,3
"20154",0.00052883483299205,3.59747691387683e-10,4.49999760539102e-06,0.0194202044835977,4.15659203059544e-06,0.980042303734027,6
"20156",0.680336378316193,0.000124666932206146,0.0456732536070714,0.229109697417096,0.0407433067494066,0.00401269697802727,1
"20159",0.000183485736751871,8.70223614244133e-06,0.416523859117912,8.10828390890048e-06,0.583273268674243,2.57595104148647e-06,5
"20161",0.00158340349235485,9.30117340724741e-05,0.00523568308440276,0.000178589587817682,0.992895139487846,1.41726135062637e-05,5
"20163",0.00200140128587452,0.000939203671399629,0.962608976298824,0.0335522002844068,4.71718211017746e-06,0.000893501277384583,3
"20165",1.39728200910813e-05,1.00068818973381e-06,0.00068703958079398,0.00737461305763771,0.99191292286381,1.04509894778896e-05,5
"20167",0.000706379611511622,1.05079781853482e-05,0.990475316656999,0.00213436611925379,0.00667070581969962,2.72381435083893e-06,3
"20169",6.83742762942163e-07,3.42343795843946e-07,0.000170292064306573,1.40708449327294e-07,0.999828480750365,6.03903201052042e-08,5
"20171",0.000397441621192457,1.98130292937925e-10,2.47117695275771e-07,0.00457263148402053,5.53026119421453e-06,0.995024149317767,6
"20173",3.88541210194079e-05,0.744707160297399,0.000843892924744561,0.0568712426366846,0.197531768354929,7.08166522340993e-06,2
"20175",0.00250807854745265,0.000222951997982289,0.989672015455901,0.000668489004752886,0.00692196562866612,6.49936524483658e-06,3
"20177",0.00101993969100631,0.504376365868585,0.00224948282975467,0.492221708832969,0.000129180075658738,3.32270202681121e-06,2
"20180",0.00604841559257868,8.8341039563568e-06,1.68490035753292e-05,0.992350093827252,6.91959040640533e-11,0.00157580740344158,4
"20182",7.12811522733645e-08,0.00146631975292234,0.000182336016927696,1.44796322042809e-08,0.998339228578142,1.2029891223777e-05,5
"20184",0.00025714554848243,6.2119947620247e-06,0.0382356648452016,4.79226281250049e-05,0.96145235243974,7.025436888579e-07,5
"20187",0.0034336537678224,0.992383268175289,0.00115176673505789,0.00194253103940944,0.00108865131890637,1.28963515038697e-07,2
"20189",0.000756053730177253,0.0151500114556929,0.0414290989093771,0.94265491258615,6.46429184927774e-06,3.45902675396117e-06,4
"20192",0.00022433585529158,0.0214200110353635,0.00275589914861178,0.829315256725051,2.33493992929954e-06,0.146282162295752,4
"20194",0.0855681562429177,0.107137187304874,0.0436382790609687,2.97988057562012e-05,0.763626007067095,5.71518388491579e-07,5
"20196",0.0050016070118338,8.51836426371778e-08,4.93574674046296e-05,0.800383343922461,1.57900574627083e-07,0.194565448514083,4
"20198",0.206071787958505,0.000611431382723856,0.572524251415734,0.21647015730594,0.000758698074037433,0.00356367386305931,3
"20204",2.5415730689406e-05,1.65878367206263e-05,0.573950644206611,1.25832707079751e-05,0.425989843573373,4.92538189760625e-06,3
"20207",0.0397964287603786,9.39119248167956e-09,0.000122658740979165,0.879581798840611,3.84515924538381e-05,0.0804606526743852,4
"20209",0.0258272029157169,0.062228992026925,0.860726068698036,0.000288330066361412,5.14743363648174e-06,0.0509242588593243,3
"20211",0.00237811300860055,1.01332382507732e-10,1.80019477228588e-05,0.000401252007410001,5.45326515286457e-08,0.997202578402283,6
"20215",0.878516050824221,2.17910102694039e-06,0.00163590388568359,0.119755739166054,9.27648826466182e-06,8.08505347493673e-05,1
"20218",4.96820117720832e-06,1.38684552951428e-06,0.019607802128772,1.11928746523484e-06,0.980384450517351,2.73019705088416e-07,5
"20222",0.0705915525048758,6.60024346706756e-08,0.00554362050807287,0.865096730544927,9.45582026525356e-05,0.0586734722370377,4
"20225",0.0415241681596106,0.000307414902202671,0.926401187661876,7.08001091909301e-05,0.0314523055968354,0.000244123570284216,3
"20229",0.996585817557938,1.82019720504297e-05,0.00288174188761652,0.000104306857822741,1.17995051477636e-05,0.000398132219423991,1
"20232",0.768858216285737,1.92962230451921e-05,0.0225776500872948,0.204334818405677,7.89726687678275e-06,0.00420212173136922,1
"20234",5.62204401706449e-05,1.62301885205084e-06,1.51509345830094e-07,0.891117399589568,6.12737486017388e-10,0.108824604829326,4
"20238",0.0133912867398601,1.01333785260676e-06,0.000199536620908516,0.985653604360976,7.58687783629954e-06,0.000746972062566135,4
"20253",0.694165747703877,1.11659937217884e-06,2.93721912311258e-05,0.30568390575635,7.66127095629738e-07,0.000119091622073878,1
"20255",0.00301673733998752,2.5090624031712e-06,0.996482796650093,0.000108823653429568,0.000204267364978524,0.000184865929108661,3
"20258",7.48940515012742e-05,1.00109897966789e-06,5.2771364360481e-05,0.999845692247494,2.10643083980967e-08,2.5620173355985e-05,4
"20269",4.65801352425255e-05,2.73068846982754e-05,0.0237853981251694,0.953334256964697,0.0227561726107752,5.02852794177433e-05,4
"20271",0.000175713961202223,0.0093126078004294,0.000150578900153781,0.990354446758349,9.13633928183654e-08,6.56121647308669e-06,4
"20285",0.00891679667463648,0.963988613490734,0.0241256584606595,0.00199326362353122,0.000972483833801523,3.18391663747812e-06,2
"20288",0.819630380243816,2.78122116970955e-06,0.00343797009550556,0.176648130285602,2.89994621438479e-05,0.000251738691762227,1
"20291",0.00653381854679123,4.93526457020454e-07,0.000102049877831081,0.723289623187248,1.8801213879654e-06,0.270072134740284,4
"20295",2.64121638133562e-05,0.109489887443548,0.0576077222352386,0.824222035497328,0.00855470110476132,9.9241555310551e-05,4
"20298",0.000349697704578122,4.89381072661975e-05,0.996845105643405,9.2220368298555e-06,0.00274593291856833,1.10358935275929e-06,3
"20302",6.69587779721316e-05,0.00198395356967309,0.409346232444085,0.000654196241393694,0.587945585127025,3.073839852083e-06,5
"20305",8.36316836334507e-05,0.00110951315341283,0.998401272672778,7.47120285944537e-06,0.000397670638559801,4.40648756659828e-07,3
"20307",0.00157912099860637,1.82744111829678e-08,6.90783316816672e-06,0.998196179455265,1.79645859819707e-08,0.000217755473963189,4
"20310",0.000234900568020694,3.07773544453617e-07,1.41177605246431e-07,0.998707524764452,1.35083673550734e-08,0.00105711220800992,4
"20313",1.5330182007755e-07,8.97580051653307e-06,0.00062145123229119,4.31904277047466e-08,0.999369371259028,5.21591663604392e-09,5
"20315",0.0150538217331018,1.52552989703612e-05,0.000291812951572716,0.98459221453756,3.03292028304911e-07,4.65921867668046e-05,4
"20319",0.0337509546731652,1.87586095392545e-07,7.27411734251456e-05,0.302048615689998,1.0540128058487e-07,0.664127395476036,6
"20321",0.00905043342479132,1.13320820199519e-06,3.01371048089571e-05,0.990885460595153,5.68227640005345e-06,2.71533906446795e-05,4
"20327",3.34890876336925e-05,1.85052509846717e-05,1.4846613634661e-05,0.999929969592289,6.42296650989769e-08,3.12522579307557e-06,4
"20329",3.74483219706734e-06,0.999804379274104,0.000121430317747766,3.61025401065088e-07,7.00842482585806e-05,3.02291425142504e-10,2
"20335",0.000993364493830269,9.59503661514805e-10,6.72755733868322e-06,0.896072974184242,7.62849041813505e-07,0.102926169956043,4
"20337",9.36655757678754e-05,8.90176887530358e-06,0.805695996708755,1.39834297371188e-05,0.194184406524017,3.04599284758522e-06,3
"20339",0.33722359832724,0.000403902906752227,0.00377089430553676,0.00241536694401348,2.16717837429313e-06,0.656184070338083,6
"20341",0.00352873193520805,9.47764722121607e-09,1.63414553501941e-05,0.0157687464131468,0.00040325670731817,0.98028291401133,6
"20343",0.00097007678029773,1.04197049416066e-07,5.73533533443817e-06,0.993162912067976,5.95178927309286e-05,0.00580165372661183,4
"20345",0.00990199548122204,0.0255017462114544,0.962215282673604,0.0023570561933729,5.05620580847208e-06,1.88632345377198e-05,3
"20350",0.98293638552576,0.000299534425657912,0.00251612321195104,0.00750317487068617,0.00134107401980137,0.00540370794614306,1
"20352",3.25335294360931e-07,3.00123754605709e-07,0.000419017037270461,8.71458800358305e-07,0.999579400759444,8.52854361950377e-08,5
"20355",0.000590688515262206,0.000111739133519441,0.0216135048006165,0.00174168298631094,0.975853188333045,8.91962312454425e-05,5
"20358",3.52120013479721e-05,0.954538467005285,0.0301282802258398,6.86671160980019e-06,0.0152911588889158,1.5167001196999e-08,2
"20363",0.00991316769844454,3.23381686957214e-07,0.000141699849934829,0.989912855461512,4.08821276327458e-06,2.78653956582577e-05,4
"20365",0.150705334521103,3.68146967621938e-07,0.0210256447572501,0.284786453160025,1.1946281244083e-06,0.54348100478653,6
"20379",0.000319959135929349,0.00020042616962572,0.998368482974362,0.000144735827985179,0.000663667559123921,0.000302728332973878,3
"20387",0.000327816624628598,6.4089506973271e-08,0.000244437769413654,0.998549141448525,9.49138537685205e-08,0.00087844515407218,4
"20392",0.000299882050244396,1.161774861039e-10,5.5625204959603e-06,0.00107154818775655,2.96994458152998e-09,0.998623004155381,6
"20395",0.315702743688286,3.48634553515206e-05,0.676977386054976,0.00636556843164702,0.000837840059007479,8.15983107324758e-05,3
"20397",1.60370205485023e-07,0.993801953736467,5.36143671240935e-05,5.36806850853552e-08,0.0061442160742246,1.7712941716116e-09,2
"20410",0.00178880143585689,0.000294292830119431,0.00508586867556371,0.992500171444235,1.19201599828744e-08,0.000330853694065054,4
"20414",2.851458425922e-05,5.39260314337386e-05,0.813213066493721,0.000540977791880693,0.186160462039836,3.05305886891646e-06,3
"20417",0.000357992530254979,4.08365618780331e-05,3.75321892526136e-08,0.0651506692046984,5.47057498476063e-09,0.934450458700404,6
"20419",0.000207488764737732,1.15031376770269e-05,7.55927229003486e-06,0.999772535752109,4.66870936033963e-07,4.46202249644642e-07,4
"20421",0.000902971261833168,6.04838212871042e-06,0.309412557113323,0.00205442912217425,0.675794372569689,0.0118296215508526,5
"20423",0.000174389731173563,5.17691358499967e-06,0.70551264501276,9.52528967308289e-05,0.294164877489839,4.76579559121645e-05,3
"20425",0.0287369934426131,1.8804526176735e-06,0.302558236362303,0.000171228636818919,0.668399824979832,0.000131836125814717,5
"20427",0.00752799983902873,5.95812388261133e-05,0.961201690500522,0.0310072608687519,0.00018967206872174,1.37954841499953e-05,3
"20429",0.0242728717254322,0.000151319983666154,5.90255361973692e-05,0.973314400456364,0.000196607752708345,0.00200577454563157,4
"20432",1.24434671726399e-05,0.000358234251490156,0.225126022388457,2.29469328586624e-05,0.774480214655707,1.38304314546307e-07,5
"20435",0.160298916384284,0.000214392202334018,0.122170270023614,0.700673160070546,6.70675207607953e-06,0.016636554567147,4
"20438",0.0641646142055566,6.68879057281575e-05,0.000149730815478813,0.935288234913158,0.000325422478129553,5.10968194888672e-06,4
"20440",2.87823723821605e-05,7.78783709621004e-06,5.14062694971596e-05,0.999896992638276,5.53383987510564e-06,9.49704287323742e-06,4
"20443",0.000807560784072175,2.45402989953107e-06,0.000680405021932306,4.73614935802121e-05,0.99845647367519,5.74499532621584e-06,5
"20446",0.00993528565605098,0.00226966354525308,0.429327873826689,0.554152317940676,0.00317655875741831,0.00113830027391291,4
"20449",0.830493317511184,5.56432103289056e-05,0.0288075077802309,0.138548909708122,5.2384539113503e-06,0.00208938333622245,1
"20537",0.000839310855326577,1.26673868704783e-06,0.00419426251002339,0.688264346107016,9.54281634436734e-05,0.306605385625503,4
"20540",1.31664380848542e-05,2.56040959096271e-09,2.25080177101259e-06,0.00401663845842501,1.32987793223391e-09,0.995967940411432,6
"20543",0.00295649755707812,4.32737069782755e-05,0.825577754678625,0.168507172058961,0.00247259801471209,0.000442703983645313,3
"20545",6.99378025272636e-05,4.17976735843962e-11,1.16774269360209e-05,0.000411001129793374,1.27712644666684e-07,0.999507255886301,6
"20549",0.0031908195825149,1.17276587437475e-06,0.953282940165159,0.0309019269341185,0.0101577010233583,0.00246543952897441,3
"20551",0.107733758991128,2.57489030772833e-07,0.0145373150498598,0.876756088493045,9.71573233737083e-05,0.000875422653562452,4
"20554",6.93212473219946e-05,3.83299925106468e-06,0.00220981013687197,0.997665009319962,3.40263927798167e-06,4.86236573145407e-05,4
"20556",0.951157482957213,2.1352353926896e-07,0.0355760867989677,0.00743802634739427,0.000123786521374146,0.00570440385151179,1
"20558",0.000531486013050376,2.50727386415496e-08,2.2185646653348e-05,0.999375515159471,9.8525684832896e-08,7.06895824021024e-05,4
"20560",0.0140453067210216,1.09055004580451e-06,0.0120419897843014,0.970634157754436,0.00324356293152049,3.38922586743492e-05,4
"20563",4.05268519239152e-05,7.85217670952798e-08,2.2317233235563e-06,0.999857459793324,2.53669255283716e-07,9.94494404058655e-05,4
"20565",0.248445713487784,4.90576885555187e-06,0.0754838551898305,0.65150237917339,0.02407309144093,0.000490054939210214,4
"20567",0.000302391530740639,0.00014348896883274,0.0948325451663158,2.4791432049824e-05,0.904696335292626,4.47609434671455e-07,5
"20571",0.986374942095715,1.93619936741977e-05,8.41635400117718e-06,0.0133471334151075,1.13951420342068e-06,0.000249006627298698,1
"20573",0.196316507590939,2.21721982393627e-06,0.0256365288340976,0.77520334725816,0.000503396879566583,0.00233800221741256,4
"20575",0.000330804828460978,1.26393789396736e-06,5.54773592245664e-06,0.999618331531439,6.0149289442034e-08,4.39918169934547e-05,4
"20577",0.727400932152045,0.000257299006708276,0.249569766978992,0.0223879454097036,3.23381806729063e-05,0.000351718271877594,1
"20579",2.8681053160475e-06,0.0968597832225754,0.00110977317840053,5.61510652012105e-07,0.902027010427582,3.55547410516083e-09,5
"20582",0.000521977812777025,7.11970569074687e-08,2.43843515428794e-06,0.999427800097105,1.45948377427334e-08,4.76978630691002e-05,4
"20585",0.0385457212780056,2.31713001734576e-08,0.00808252386700153,0.0525435358277298,7.36666190569554e-07,0.900827459189772,6
"20588",0.0754826009315743,1.25479365405683e-06,0.00530272106305335,0.00372499971867009,0.000141432887205222,0.915346990605843,6
"20590",1.28459804300262e-06,0.00107723372204422,0.00444511892733201,1.3920255912566e-07,0.994476221619017,1.93100489966924e-09,5
"20592",0.000878617430309902,2.67704342931311e-08,1.14801007911166e-06,0.999091277921608,5.69316066369183e-07,2.83605515023388e-05,4
"20594",0.000232042306661226,5.21900300930058e-07,4.80661066840908e-06,0.999606662110227,1.98717579278229e-09,0.000155965084966335,4
"20596",0.00153959082040657,0.00137949749042189,0.00524302330975212,0.991589669442281,0.00024665458319252,1.56435394606877e-06,4
"20598",0.00390726444022139,3.20375414132701e-06,0.0061697519960718,0.98986882139349,2.9183810655786e-06,4.80400350104061e-05,4
"20600",0.733628869841528,2.04822916636661e-07,0.052963234778954,0.0144983673635678,0.000508877145881705,0.198400446047152,1
"20603",0.00916820809024539,1.64999469629646e-05,0.986872904463276,0.000201713221672611,0.00255367521029225,0.00118699906755126,3
"20605",0.0388182321191688,8.23111609988707e-06,0.000135974231249923,0.960844359132379,1.10720171065371e-08,0.000193192329084997,4
"20607",0.0498027211242982,4.58616718996803e-05,0.000556117187313239,0.949591211808574,2.91924512552433e-07,3.79628340187957e-06,4
"20609",0.000263626016980734,9.00861059866743e-06,0.0110511445184828,0.988611517988462,1.07880458552216e-05,5.39148196208583e-05,4
"20611",0.000485219249318079,0.00777957004105811,0.991579408033753,1.00253068083031e-05,0.0001452546969605,5.22672102228934e-07,3
"20613",0.00220780366355986,8.98632399999367e-05,0.591800221420783,0.403497938974201,4.95078004255378e-06,0.00239922192141396,3
"20615",0.831890461328245,2.31555103797513e-07,0.124351736689752,0.0345549140519352,0.000627474447914374,0.00857518192704987,1
"20617",1.40732269320255e-06,5.48868711654754e-07,0.00208933012359259,3.25681087151871e-07,0.997908291586801,9.64171144349658e-08,5
"20619",0.0211719658570159,1.03655835310229e-06,6.07105641103104e-06,0.978806806637248,2.50407231995807e-06,1.16158186521064e-05,4
"20621",0.152930994985062,4.19080447955773e-05,0.00829441872399111,0.838551460214559,2.33505633522275e-05,0.00015786746823988,4
"20623",2.51310809522263e-05,0.000860357937176163,0.00821122456762015,0.00119682319063094,0.989706387138029,7.60855915735515e-08,5
"20625",0.0567199648151363,5.60069829647356e-06,0.885186849278944,0.000396810116930616,0.0434060647629285,0.0142847103277645,3
"20627",0.0761733350957858,0.000593688026445856,0.174459813008858,0.748500835846737,2.4498127598712e-06,0.000269878209413539,4
"20629",0.670749285822186,3.6629606117988e-06,0.0627120725982821,0.26551536423832,0.000351777569494055,0.000667836811106617,1
"20631",0.0011042434144359,6.3726209344412e-08,3.2703548731264e-06,0.998840187233829,4.27937632947114e-06,4.79558943227373e-05,4
"20633",8.71037654692714e-08,5.24280032014992e-05,0.000328175745563302,2.68784780589244e-08,0.999619279878432,2.39055984294416e-09,5
"20636",0.263271553524742,0.0503028258961986,0.661015611793835,0.000224151983567959,0.02518457741799,1.27938366601894e-06,3
"20638",0.969137751304854,6.67916401350724e-05,0.0255220816823028,0.00341242577529885,9.25580817424393e-06,0.0018516937892355,1
"20640",0.0232835747207073,7.16336612907239e-07,0.00157509146782994,0.898283277819162,6.57389899545737e-09,0.0768573330817893,4
"20645",0.00289705622377089,4.88612055345445e-09,5.54407550105031e-07,0.994611670194482,1.01724802590843e-09,0.00249071327082867,4
"20647",2.69542415672754e-07,3.22249222254734e-07,3.78030125370576e-05,1.31324626724871e-07,0.999961415295923,5.85752757369807e-08,5
"20649",0.00123278213479662,7.80530787094428e-07,0.0131309696761124,0.977501606062534,4.37686301444032e-06,0.0081294847327558,4
"20651",0.00266933336967509,1.38929060148158e-05,1.80472692440422e-06,0.99563779054839,6.84931806915584e-06,0.00167032913092658,4
"20656",0.000193345990658004,4.44831729528791e-07,0.000624357274628868,0.969792103174557,1.17477133091865e-06,0.0293885739570954,4
"20660",0.000176575569326427,0.000377884834508544,0.00335572554130502,0.0346340544862783,7.39591913096499e-07,0.961455019976669,6
"20662",0.000933759545579141,0.0808590933735511,0.0530430071025048,0.0001389633489849,0.865024575418274,6.0121110586361e-07,5
"20664",0.0047959913076469,0.00704681692600377,0.00699666276308704,0.887822275837488,0.0933280197722332,1.02333935411657e-05,4
"20666",0.000268723797723577,3.70156591665874e-05,0.958304363528685,0.000208866535776995,2.91197554289936e-05,0.0411519107232189,3
"20668",4.27384003367041e-05,9.08987113714098e-05,0.657987298189436,2.94563627051464e-05,0.341849427187052,1.81149098331276e-07,3
"20670",0.00293046530313034,0.000541658298089357,0.000354594682243371,0.996012579811646,2.12264301497645e-06,0.000158579261875336,4
"20672",3.13208490772338e-05,6.48244126154734e-06,0.667141206413964,1.81265951133442e-05,0.332793359692004,9.50400857996034e-06,3
"20674",0.449804830203984,0.000108096213405661,0.0364029999911638,0.513554045277226,9.28298050128722e-05,3.71985092067609e-05,4
"20676",8.73112156270444e-06,0.934147365025798,0.0634675803525624,2.63484062779403e-07,0.00237599512018713,6.48958270246889e-08,2
"20678",5.6308816829694e-06,0.929771383558074,0.0407035652960261,3.33061742843766e-07,0.0295190793113678,7.8911061931124e-09,2
"20680",0.000220344388326828,6.6101500966272e-06,0.785501468724803,0.000685379343441622,0.213575424785579,1.07726077532306e-05,3
"20682",0.0015246993129177,0.142374578513878,0.854253754097531,0.0014285006493675,0.000416468937515219,1.99848879074165e-06,3
"20684",0.210877754339254,0.101263169923974,0.0497032711522446,0.635987814827685,1.07619390386035e-05,0.00215722781780286,4
"20686",5.37392271056146e-06,1.28869597118849e-06,0.0209026161743988,1.78678739945949e-06,0.979088627405265,3.07014255091567e-07,5
"20688",4.55010611924665e-07,0.961727884054878,0.00139639543697319,1.04760669492908e-07,0.03687515907373,1.66313745137158e-09,2
"20690",0.0682027749380553,1.2332117148972e-06,0.000663181530490922,0.0220366119775822,4.44084035366358e-08,0.909096153933753,6
"20692",2.00168381804513e-07,0.0166814247608953,0.00105523349787964,6.02725765472626e-08,0.982263078890483,2.40978400403168e-09,5
"20694",0.000122761815062527,0.000152335880686141,0.990563620356187,5.1403780472545e-06,0.00915575469989372,3.86870123225131e-07,3
"20696",0.0109094689738208,0.000645689068731464,0.98356736533266,0.000226313253619401,0.004644660939561,6.50243160692383e-06,3
"20698",0.905258734285615,1.96790574507427e-06,0.00676845430353373,0.0855561726383919,0.00186674500211096,0.000547925864603618,1
"20700",0.00477628704666412,0.00019781168091738,0.000483873448571164,0.992025207550948,0.00236555895826535,0.000151261314633948,4
"20702",0.552911632517441,7.25632012295668e-08,1.98380717653164e-05,0.0292051090256816,1.4226675835733e-08,0.417863333595235,1
"20704",0.170449329721335,5.76107403995758e-05,0.13610217643924,0.693203620973194,2.53116058692353e-05,0.000161950519961209,4
"20706",0.72892963147245,0.133239454400096,0.0999564205782979,0.0336207267621988,0.00372181225614236,0.000531954530814359,1
"20708",6.11737272963196e-06,0.946836534945294,0.0529761005872108,2.39628491956824e-06,0.000178828309760857,2.25000849203092e-08,2
"20710",0.372317234543045,4.31536895010138e-07,0.0257118131196516,0.331476055318899,8.01692244927619e-07,0.270493663789264,1
"20714",2.88497289219714e-05,3.18071504560745e-05,0.00908254770689119,6.76608807387446e-06,0.990850020558554,8.76710326684937e-09,5
