"","V1","V2","V3","V4","V5","V6","result$classification"
"19811",2.55206669942434e-05,0.00116843108650005,0.0518357521279077,0.00158571522945186,0.945384433092618,1.47796527810127e-07,5
"19813",7.72046339412411e-07,1.25391931908648e-07,0.999959728271714,1.82100324270394e-06,3.75514296934245e-05,1.85707816049483e-09,3
"19815",0.00098595059762326,1.57515098138557e-05,2.97545646160673e-06,0.0158379957299032,0.982832106495229,0.000325220210968605,5
"19817",8.62459341167754e-05,0.000670687054341376,1.01487478336914e-05,0.00281836314771088,0.996407972720547,6.5823954502917e-06,5
"19819",0.828954569015154,3.98587958240572e-07,6.69831478442986e-10,4.80156632436647e-05,4.02879425074394e-05,0.170956728121305,1
"19821",0.000975584194147764,0.0273829979665443,0.0167249018288148,0.000679183123539167,0.954237090247675,2.42639278462582e-07,5
"19823",0.000333679360220758,0.000241166875714925,6.07210516215911e-06,0.000635834760783049,0.954625011485388,0.0441582354127309,5
"19825",0.10474736356784,0.880432684750258,0.0050097934776356,0.00715599570263411,0.00233784957232178,0.000316312929310311,2
"19827",0.000296315084759714,0.384534550806333,9.60827717666358e-07,5.97665423818016e-05,0.615044007240144,6.43994986644818e-05,5
"19829",0.989396375089597,0.00788302628690669,4.59457248003772e-06,0.000573005803907045,0.00207587518067722,6.7123066432479e-05,1
"19831",0.860086537893716,5.06629018117295e-07,1.17762266023358e-06,0.000110737714217585,0.000261999788306001,0.139539040352082,1
"19833",1.63491970424955e-05,2.33077209377411e-05,4.86696930723312e-06,0.00268492035566478,1.5241900495251e-06,0.997269031566998,6
"19835",0.000975584194147764,0.0273829979665443,0.0167249018288148,0.000679183123539167,0.954237090247675,2.42639278462582e-07,5
"19837",0.000650206623138344,0.0286119340479794,4.91047792078944e-06,8.54171625026621e-05,0.970642132186419,5.39950203918116e-06,5
"19839",0.964531469863953,0.0272210262577511,0.00182099883581806,0.0019620251001144,0.00444282556190825,2.16543804551597e-05,1
"19841",1.3754455899912e-05,0.999910128926297,5.99735611483677e-05,1.4096252255197e-07,1.59808338560082e-05,2.12602759761518e-08,2
"19843",0.971560526098048,5.26929304811434e-08,0.0210316570298578,0.00730524111268977,3.24897013122194e-05,7.00333651614168e-05,1
"19845",2.16162825203894e-06,2.232456866496e-05,0.940379395311408,0.000181643086541619,0.0594144071008082,6.83043255185433e-08,3
"19847",0.0040972203067761,1.96314953892731e-05,0.0082380755404175,0.0164058570147422,0.971186234172243,5.29814704313831e-05,5
"19849",8.14307777674067e-08,2.86226765109826e-07,0.999928760833946,3.46411554427442e-07,7.05244603672403e-05,6.36589680386677e-10,3
"19851",2.8527415683098e-05,4.68687665798925e-05,3.02553698482211e-05,0.000891813176033682,0.998993808785271,8.72648658463257e-06,5
"19853",6.73139758886057e-07,0.000648412906750216,0.0243625632240444,0.000170093697460916,0.974762415798722,5.58412332639362e-05,5
"19855",3.30377557604324e-06,0.0041603498310009,0.00124096414159668,0.00022720476006366,0.994366035308988,2.14218277494841e-06,5
"19857",0.00703705502482102,0.019955247417555,0.0156878688549246,0.00944859949593318,0.947870233128268,9.96078497965857e-07,5
"19859",0.000737973393081573,0.0112168584660673,1.91763789549073e-05,0.0022759823897828,0.985694883979226,5.51253928872747e-05,5
"19861",2.40909812392694e-05,5.90172499037212e-05,0.153781285561546,0.000593441313880324,0.84554152300789,6.41885540640882e-07,5
"19863",9.00205337303328e-08,0.00908328074056122,0.990886385102114,8.23360069875397e-07,2.94199492031687e-05,8.27518366299444e-10,3
"19865",2.41371210723821e-06,0.997735759904227,1.9487422186356e-06,6.67438311233993e-06,0.00225318411308374,1.91452513278681e-08,2
"19867",0.000585841838936305,4.31517224431222e-06,0.00838359565895842,0.00884885066295912,0.982161733198517,1.5663468384331e-05,5
"19869",1.53129187642413e-07,7.40378778807255e-05,0.993230469540122,2.12227519129375e-06,0.00669321553673806,1.64087994648744e-09,3
"19871",0.00205490206142081,0.0368028813773426,2.99697626403069e-06,0.000884506352135229,0.960198935249826,5.57779830112523e-05,5
"19874",1.14779289794309e-05,0.794689531968307,9.20773133728363e-06,0.000469617715092361,0.204815871549033,4.29310725072769e-06,2
"19876",2.34009388205255e-06,0.288716009502467,0.000502702934842487,2.85768276404013e-05,0.710750242609121,1.28032047398544e-07,5
"19878",0.00358438830437869,4.41214811774189e-06,8.99387767042831e-06,0.995554491289311,0.000793742740858448,5.39716396638186e-05,4
"19880",8.49653851121289e-08,0.998594268375266,1.78463929054291e-05,1.85284691793314e-07,0.00138761062427765,4.35747393900372e-09,2
"19882",1.81075508666389e-05,0.0017353844008898,0.305079823320032,0.010112027462243,0.683053057129741,1.60013622749309e-06,5
"19885",0.00399610935214967,0.00056972869960999,1.16909407569087e-05,0.00587800888583496,0.989540313464893,4.14865675519886e-06,5
"19907",0.000196006068050626,2.86075941742382e-05,0.0826176904630574,0.0129798898517167,0.904174429041727,3.37698127397746e-06,5
"19909",0.989637923370466,6.52498852280673e-06,0.000163855006995773,7.06803330881e-05,0.0100942509496532,2.67653512738878e-05,1
"19911",0.951875870684525,0.0207501031541231,2.57476768234362e-05,0.000666788455978,0.025947298556104,0.000734191472446598,1
"19913",3.33908130834051e-07,0.999979023931132,6.44918149355911e-07,6.64682329978709e-08,1.99003856344587e-05,3.03887205951563e-08,2
"19915",1.28386265366653e-05,0.402979804567141,4.35729841634337e-06,0.000175267827742049,0.596824341943859,3.38973630424258e-06,5
"19917",3.53459605119484e-05,0.986258169216241,4.18242220633618e-06,4.35277500113817e-05,0.013658127277446,6.47373583590496e-07,2
"19919",0.000209684092618132,0.13385863950406,2.65652114706486e-06,0.00383297076254419,0.862076309268785,1.97398508450528e-05,5
"19921",0.000144124605929979,1.28011818605526e-05,0.000309675936395239,0.00435834215337347,0.99517037398291,4.68213953107438e-06,5
"19923",0.00226361697124649,3.34290635379991e-07,4.15219557873697e-05,0.96954894698925,0.027097030981995,0.00104854881108604,4
"19925",9.40765028085683e-06,0.93922453188088,1.56953660914172e-06,0.000122443008798889,0.0606410823720997,9.6555133174234e-07,2
"19927",3.08996421523163e-05,0.000198177888836269,3.46543987415155e-05,0.000257754681781698,0.999474709436201,3.80395228775872e-06,5
"19929",2.59905660407676e-07,0.576442859180139,0.423382403282618,2.47494654759195e-07,0.00017422868650585,1.45042231825201e-09,2
"19931",0.000441741396034034,0.000806614130491273,1.4571180381616e-06,0.000715666364638274,0.997998158215919,3.63627748792564e-05,5
"19933",0.654448118510731,0.00102251269106252,8.9730045550525e-07,0.000480698889051355,0.343292021432154,0.000755751176546196,1
"19935",0.0671059098531918,0.00160997324481756,0.000863832673529152,0.0147466518549363,0.915669044136412,4.58823711347893e-06,5
"19937",0.000164273589771571,1.8762563135246e-05,4.13062807112848e-06,0.00249285814646749,0.997207586989384,0.000112388083170116,5
"19939",0.000382116594976202,0.00160455234166697,9.98667430412843e-06,0.203714381129941,0.794252001535591,3.6961723521286e-05,5
"19941",0.946623081576572,0.0457332772223039,0.000272779075923776,2.63566683626609e-05,0.00729977228257508,4.4733174262868e-05,1
"19943",7.47360512434243e-07,0.999162056224677,1.9784318663294e-07,1.79438258496337e-06,0.000834992933497945,2.11255540794503e-07,2
"19945",0.895299799129035,4.50056856625953e-05,4.21679153889754e-07,0.00704529808083443,0.0957344746692651,0.00187500075604862,1
"19947",0.107425759106815,0.847731606668432,0.0249428592208068,0.00085814643041685,0.0189317377420006,0.000109890831528796,2
"19949",0.0290607074553793,2.12065056399271e-06,1.50678314601736e-06,0.898511618450082,0.0696180289235285,0.00280601773730058,4
"19951",0.000886176669965151,0.712566706125137,1.64893764968402e-05,0.039055511253819,0.247460978334616,1.41382399654879e-05,2
"19953",0.117764035404932,4.64127876954552e-08,6.62886805023652e-08,0.00159256850636193,0.000948257401414402,0.879695025985824,6
"19955",0.675948545254503,2.56964948004127e-06,2.07240205202708e-05,0.289408668849245,0.00233261233808972,0.0322868798881617,1
"19957",0.000806688151004819,0.877106093740264,3.39006051467842e-05,0.000304609325208674,0.120740074306984,0.00100863387139093,2
"19960",0.98927331172221,0.000296807780747421,4.64762650504554e-05,0.00877722962999162,0.00154891835934187,5.72562426586214e-05,1
"19963",0.000301913214292149,0.937204083387047,7.70431121895986e-05,6.01009773591296e-06,0.000476426482930699,0.0619345237058047,2
"19965",0.849419768675165,2.55474317142297e-08,6.65447342018698e-05,0.15014845146139,0.000137907312543688,0.000227302269267589,1
"19968",0.00137368894680872,0.791279137597779,0.193312758604804,6.15894640708494e-05,0.0139728192426964,6.14384062564119e-09,2
"19971",0.000675303415032477,0.997300502675621,6.84144430510843e-07,5.5542356951398e-05,1.89103991338198e-05,0.00194905700883072,2
"19973",8.00343600481444e-05,0.00431911382374689,5.01180494862945e-05,0.000535842831453269,0.99501453972381,3.51211455220446e-07,5
"19975",2.67167566268297e-05,0.97312780457955,3.72370152954265e-05,5.13870723857519e-05,0.0267568292271269,2.53490151761424e-08,2
"19977",5.03942458806872e-05,0.998132079031565,0.000159666678479031,0.00096233939532761,0.000658241422356612,3.72792263915306e-05,2
"19979",0.999771113970283,6.57234483631924e-07,4.9518548607609e-10,1.34044449800188e-05,1.48792535723425e-06,0.000213335929710402,1
"19981",0.0107154519933804,0.000433748866291096,0.000893998322847768,0.000954053001010141,0.986992229032457,1.0518784014142e-05,5
"19983",0.0163783529923843,3.69781645322982e-05,0.000707295848350777,0.273069907631813,0.709746291430317,6.11739326033065e-05,5
"19985",2.56103203559597e-06,0.814524204028665,5.62313234980093e-05,0.000120432237166012,0.185296390644437,1.8073419914626e-07,2
"19987",0.0349632704598572,0.037532679117934,6.49637755857897e-06,0.000307828140283652,0.927130842927302,5.88829770645381e-05,5
"19989",0.996623284059977,3.63982175244227e-09,1.35926643469178e-09,0.00015989614604132,2.10388624899304e-05,0.00319577593240333,1
"19993",0.142012878737766,0.0174635479726469,1.26035037053523e-06,0.575437937254156,0.264759413264157,0.000324962420903874,4
"19995",0.743149852892912,0.00633910471730174,1.00085663837808e-05,0.0385569589307539,0.211726099173083,0.000217975719565568,1
"19997",2.45227782396285e-05,0.00775146254078953,5.53457007817615e-05,0.000316294000053153,0.991850779041323,1.59593881243544e-06,5
"19999",3.91246921574956e-06,0.0443451508183886,0.00131344763324174,6.12473752994229e-05,0.954276145289477,9.6414377640488e-08,5
"20002",0.000237831652040141,0.468310841101282,0.53097625724948,8.82908948814195e-07,0.000472781490641921,1.4055976077283e-06,3
"20004",0.879159919151931,0.00500181515992477,0.000347889802984997,5.05814060681438e-05,0.115399656975682,4.01375034094804e-05,1
"20006",0.466172054889156,0.000680561061950615,0.00205273118417442,0.522569228506745,0.00705404458324499,0.00147137977472858,4
"20008",0.175696466538057,0.000108312265632842,9.05548088392345e-05,0.816456245575379,0.00472447417689112,0.00292394663520087,4
"20010",0.598539468118043,3.85857084422752e-06,2.67173320726542e-08,0.359573291310365,0.0170315748444346,0.0248517804389804,1
"20012",3.41437113975996e-05,0.834823481737376,0.0110078150029608,0.00269372566677353,0.151440702329427,1.3155206444067e-07,2
"20015",0.996659228289513,3.58796765285927e-08,7.86253860857008e-07,0.00332612255874104,1.11437329634702e-05,2.6832852452385e-06,1
"20017",1.46987174929839e-05,0.0189451728048096,0.00303974159081753,9.29606082933304e-05,0.977907273736807,1.52541779180894e-07,5
"20019",0.997154700198313,5.67260036389966e-09,2.18101641900429e-10,0.000775176242414456,2.36548833923745e-07,0.00206988111973626,1
"20022",0.986776440409179,1.46940346625956e-06,2.8151619216285e-08,0.00802667899173972,0.00394925232090023,0.00124613072309587,1
"20024",0.436875198902356,4.8416915837525e-08,1.40750634575741e-07,0.000609394829772875,8.27488943158531e-06,0.562506942210889,6
"20026",0.436875198902356,4.8416915837525e-08,1.40750634575741e-07,0.000609394829772875,8.27488943158531e-06,0.562506942210889,6
"20028",5.46198129106073e-06,0.112181480848073,0.000183292747073896,2.03021121962027e-05,0.887608896595774,5.6571559147248e-07,5
"20030",0.999840099648811,6.79324787962655e-05,4.10532589895727e-06,9.41050804360673e-06,7.39579166966586e-05,4.49412175388528e-06,1
"20033",0.00082615701623141,0.188779219961586,3.98497172373642e-05,0.000223528231723618,0.810128191402859,3.05367036228304e-06,5
"20035",0.99543042796317,6.82121393106764e-09,5.7302019932067e-10,0.00141911979354073,7.48531724422176e-07,0.00314969631733052,1
"20037",0.997313636605163,2.11914446182308e-10,1.80923504118229e-08,0.00237725197356154,9.34308247261694e-07,0.000308158808763127,1
"20039",0.000151892660173046,5.41228650615255e-11,1.34788999101363e-10,6.88545702023927e-05,9.23124163599582e-08,0.999779160268296,6
"20041",0.00635108942199511,4.45765146336577e-05,6.53370502352331e-06,0.978073476425152,0.0143392439578983,0.00118507997529728,4
"20044",0.0420324349956607,0.00209446675585467,2.91477761832798e-05,0.885623779032172,0.0621270290554899,0.00809314238463909,4
"20047",0.994249129356513,6.26749795236607e-08,1.33280143660081e-10,3.45513036146999e-05,8.95681577117648e-08,0.00571616696345514,1
"20050",0.0637081481823882,2.73663494504587e-05,1.86760071204059e-09,0.47466651442864,0.00597212073418955,0.455625848437731,4
"20052",0.0112256369756421,0.0283318548119894,6.26669982176526e-07,0.0140103836467326,0.94565313342022,0.00077836447543392,5
"20054",0.999417206673813,4.01720191843026e-06,1.51613777801138e-05,0.000307433198821465,0.000255059836387386,1.12171127992773e-06,1
"20056",0.000118018134308266,0.998030387335789,5.99536245232231e-07,2.66691079368214e-06,0.00184646889641994,1.85918644469027e-06,2
"20058",0.998693321810918,8.9778718347849e-10,1.64725318013214e-08,0.000379847304016198,1.59837610328666e-05,0.000910829753714209,1
"20060",0.000514096730948939,0.000290677323427264,1.94600968982954e-05,0.00120897083901945,0.997955494255919,1.13007537874606e-05,5
"20062",0.00488490659313373,0.000149017852102241,3.35611873591764e-05,0.1590849099048,0.835829394893478,1.82095691273659e-05,5
"20064",0.975394503408445,0.000194433707128316,1.90369961991873e-07,0.000473865981167121,0.0238666260188134,7.03805144836154e-05,1
"20066",0.999968865867767,6.68943242025501e-06,5.67445962886429e-07,6.32150590186934e-06,5.09286092453846e-06,1.24628870233671e-05,1
"20068",4.5867772408019e-05,7.46507828473723e-05,0.0014836791576751,0.0086986181135558,0.989695690017302,1.494156211851e-06,5
"20070",7.59394995237974e-05,3.92524436534221e-05,8.10693269598272e-05,0.0115338019922517,0.9880456202464,0.000224316491210998,5
"20072",0.977479436220523,2.68443147482434e-08,0.0043680635280205,0.0177927223851934,0.00033440701963353,2.53440023143248e-05,1
"20074",5.91752453890146e-08,0.999528472790103,0.000428547191491669,2.29067570677839e-07,4.26887624107214e-05,3.01317874341815e-09,2
"20076",0.00908796599734803,0.657443277242804,0.286986870482736,0.000511902699963796,0.0459698735537964,1.10023351588681e-07,2
"20078",0.959667803884767,0.000123883158021901,1.05357673201452e-06,0.00363977414729877,0.0341983015935087,0.00236918363967109,1
"20080",0.998811907310938,1.84444815647429e-08,7.23228960866449e-11,0.000354143189606676,1.97629588643658e-06,0.00083195468676442,1
"20082",0.00341865836950667,3.72950206803243e-08,2.28792496698465e-11,1.32234493936564e-05,5.95670931322988e-06,0.996562124153887,6
"20084",0.948365556347086,0.0276691624678667,3.06165733582089e-07,0.000574361781542216,0.0116162486128567,0.0117743646249148,1
"20087",0.920283908524153,6.86425503094261e-07,4.18933141401402e-05,0.0590028129689776,0.020091228795411,0.000579469971815366,1
"20090",0.898152608869541,1.67562362113572e-07,2.64082101499094e-10,0.0802256442960237,2.65707064033665e-05,0.021595008301588,1
"20092",0.0139337055946337,1.18379318619816e-07,0.000796892013716873,0.25173849669397,0.0533863795861305,0.68014440773223,6
"20096",0.00669704771557192,0.00831995173684788,1.19675153746291e-05,0.0632554088416286,0.524126619315242,0.397589004875335,5
"20098",0.000201247009814165,0.18928352998336,5.84647782038528e-06,0.000380035950020209,0.810122723863568,6.61671541812492e-06,5
"20101",0.998217907162948,0.000106727902706574,2.21111624656963e-09,0.000501342139402832,8.36234482650344e-05,0.00109039713556116,1
"20104",0.00010151979967506,0.00151252520330059,0.433069494359138,0.00235770009393942,0.507597256255997,0.0553615042879499,5
"20106",0.992398999592763,5.28743555728746e-05,8.28848721094397e-09,0.00689843028228602,0.000600730345069704,4.8957135820913e-05,1
"20108",0.000309854974171415,0.013662915009282,0.000169646238621447,2.57924156661024e-05,0.985830877465747,9.13896511609844e-07,5
"20110",0.00385054309613708,0.13473720644357,4.15688584631796e-07,0.323547692603772,0.370591281865458,0.167272860302479,5
"20112",0.665659088456643,2.61666886285251e-05,3.62023861809888e-08,0.312538267101821,0.010903049886559,0.010873391663962,1
"20114",0.859347918135971,0.070927170563876,2.24575442339528e-06,7.46425611751711e-05,0.0681006499637471,0.00154737302080782,1
"20116",0.978132894025906,0.0168131661755208,3.64824073261258e-05,0.000140585341934422,0.00487113246749119,5.73958182170604e-06,1
"20118",0.0528861956824826,0.0657799245138347,2.9404573759703e-06,0.000646706820479704,0.880472030079548,0.000212202446278826,5
"20120",0.960563241597012,0.000818060345054953,2.03472389444037e-09,0.00782195721763923,0.00593871248315648,0.0248580263224138,1
"20122",4.04173308069769e-06,0.998583167080498,1.46777107988584e-05,7.14952843315898e-07,0.00139738077162997,1.77511485176685e-08,2
"20124",0.996589770098422,1.9806090068472e-09,1.24447877605879e-07,0.00139528069856608,1.01508659173382e-05,0.00200467190860755,1
"20126",0.0049153736701761,1.19002910553375e-07,9.19180195419428e-08,9.68767561302986e-05,1.5305738563418e-06,0.994986008078907,6
"20128",0.178325619030449,1.22921607984488e-09,1.50695801410914e-09,0.000328516542788815,2.73512240973158e-08,0.821345834339364,6
"20141",5.99125214631052e-05,0.0671205232399052,0.000110962620731733,0.000162812783630092,0.914063570496647,0.0184822183376232,5
"20143",6.38626477231324e-08,0.999967399169328,8.37802199085756e-06,3.14647942224338e-08,2.41232752646455e-05,4.20597426670587e-09,2
"20145",0.980856624744427,6.21202427969857e-06,1.95459662238937e-09,0.0078734192696918,0.00742881988084865,0.00383492212615654,1
"20147",0.997993371973252,4.14600204400007e-06,1.73427495322101e-08,0.000691787437769653,0.00121110577764318,9.95714665412618e-05,1
"20149",4.24889476917221e-07,0.998811412841272,8.28163661099936e-06,9.33043728064349e-07,0.00117891367696714,3.39119452367384e-08,2
"20151",0.000248974891627013,0.0691254506798288,4.92386687663149e-06,0.000473587224016272,0.9301441659833,2.89735435125332e-06,5
"20153",0.00107505136897665,0.598897210870255,7.4060515787677e-08,0.00290571478980598,0.389547802395442,0.00757414651500499,2
"20155",0.94146720167232,3.99380082062568e-07,5.84565767907482e-08,0.058267552366999,0.000135948350459785,0.000128839773562937,1
"20157",0.000114212988286694,0.51014094043633,4.28631971312771e-06,5.85901090856145e-05,0.48967318198717,8.78815941513549e-06,2
"20160",1.42493458992313e-07,0.999958081625222,1.306456487324e-06,4.43598486206882e-08,4.04142261483295e-05,1.08388353974472e-08,2
"20162",1.70047124877813e-07,0.996355673276278,9.37406615085441e-06,4.4278831346985e-07,0.00363432835501372,1.14671193092786e-08,2
"20164",6.85979604748037e-05,0.947998890354671,3.82026919084994e-06,0.000887332708587825,0.0510281381804682,1.32205266075174e-05,2
"20166",0.99894007408663,0.000741700892737812,0.000135471737282637,0.000118042862030097,6.0534031288008e-05,4.17639003146578e-06,1
"20168",0.00282256743312805,0.000808545073666334,0.99633060554242,1.89660309779246e-05,1.90188367558929e-05,2.97083051524347e-07,3
"20170",0.000155479485144753,0.259433324970092,2.28476160994934e-06,0.00017590390506083,0.740205192905955,2.78139721374253e-05,5
"20172",0.994222300879797,3.36620267321142e-08,3.1152939994354e-08,0.00258499442727763,0.00218328879191734,0.00100935108604164,1
"20174",5.36799902473607e-06,0.232340632511571,0.192692126535164,4.00238835022571e-05,0.574921821871846,2.71988915077101e-08,5
"20176",0.000133189349230689,5.42579021556636e-06,0.999778497411103,1.74804972618954e-05,6.53904869348022e-05,1.6465254255184e-08,3
"20178",1.59681288900296e-07,0.999977165479439,6.24183166845812e-07,5.75635871959907e-08,2.19706669572793e-05,2.24255600701646e-08,2
"20181",0.997032961102046,0.00285103620309671,8.83828015831583e-07,1.92790729607828e-05,8.97422597726955e-05,6.09753410805352e-06,1
"20183",0.00250069562027298,8.96189921036244e-06,4.51737195623874e-06,0.00375668832299809,0.993112043661724,0.000617093123837914,5
"20186",0.0188811665177404,2.86723248639901e-07,0.00452133558450535,0.0771886820261619,0.895851881701742,0.00355664744660192,5
"20188",1.50739970796832e-07,0.999737130456899,8.98312255989708e-07,1.95308448493961e-07,0.000261600900016582,2.42824092724761e-08,2
"20190",0.999740774014798,2.41730306533258e-07,2.18959616253542e-08,0.000223590852233486,2.27042030277756e-05,1.26673036723762e-05,1
"20193",0.00150673192602881,0.97290710874752,0.0250590539399005,0.000312287755094136,0.000214019936997373,7.97694459299964e-07,2
"20195",0.00114261773154479,0.794850407817388,3.98016657299241e-06,0.00362571490531607,0.200362930070122,1.43493090563159e-05,2
"20197",0.975331560291263,7.31459225159707e-08,8.47541215310773e-08,0.0229854636818286,0.00133506934502326,0.000347748781841358,1
"20199",3.2266594921677e-06,0.92853855474851,1.77530186719063e-06,5.79234539488953e-05,0.0713950343548939,3.48548128702904e-06,2
"20205",0.000117513743416402,3.92460092811127e-09,1.50367323927833e-10,0.000913416533900188,1.24364125300081e-05,0.998956629235185,6
"20208",0.00129962307147482,0.0129798981307875,4.03994789443139e-05,0.00231252969614403,0.983361707565643,5.84205700628297e-06,5
"20210",6.57842098538015e-07,0.987372949260901,4.07053629367975e-06,2.13148349106438e-06,0.012620134295629,5.65815871893975e-08,2
"20212",9.94211506363966e-05,0.862050998817574,7.18446250884589e-06,0.000279724504844254,0.137559802941741,2.86812269547169e-06,2
"20216",0.998105257000884,4.30740975457417e-05,2.31245722019375e-07,0.00020343198823742,0.00160466703888938,4.33386287215887e-05,1
"20219",0.324205564784404,5.8638689915114e-05,4.88408487325765e-09,0.0130872282987418,0.00667813628223977,0.655970427060614,6
"20223",0.987624413657969,9.10238844975237e-10,0.00164046046761755,0.010505369952564,3.64515714912706e-06,0.000226109854461877,1
"20226",0.0036689954434202,0.000234497880706085,2.80096536611777e-07,0.93833909950667,0.0574450661359949,0.000312060936672268,4
"20230",0.999823576290385,2.69619772362848e-08,1.6059179091969e-08,0.000100835142749347,8.18723869904084e-06,6.73583070103967e-05,1
"20233",1.57308616082171e-06,2.15334376171003e-05,7.72651190126478e-07,0.000198870177613708,0.00199972656426168,0.997777524083157,6
"20235",0.808403847064986,5.33639301337994e-09,0.000151402388905804,0.160685557607348,0.000140061913079605,0.0306191256892871,1
"20239",0.776617843748416,1.33974735618039e-06,0.00274716745794508,0.214070027747096,0.00608380754702129,0.0004798137521661,1
"20254",0.00384124330432084,3.04347081612146e-09,4.09772109185311e-12,6.66852905960997e-05,1.04749436934308e-06,0.996091020863145,6
"20256",0.999306929428401,3.52188082357424e-09,2.77360644939011e-07,0.000436455794960843,3.59152568817136e-05,0.000220418637231185,1
"20262",7.44209602326745e-05,0.613166095302651,2.96879832200372e-06,5.94497883798135e-05,0.386694795483108,2.26966730623102e-06,2
"20270",0.979580396600989,0.00346722048006092,0.00209875700279163,0.000428649215840877,0.0144076896855779,1.72870147390111e-05,1
"20284",0.00858577179477826,2.51261961390895e-05,4.94280704339657e-07,0.037572555230389,0.599929268021189,0.3538867844768,5
"20287",0.995964256962068,8.5394287373432e-10,9.14784395348433e-08,0.00393129157248841,3.55692171884133e-07,0.000104003440889766,1
"20290",0.00157282257768694,2.26167656866335e-05,4.15780935405643e-10,0.0043812476024188,0.00233077897679176,0.991692533661635,6
"20293",0.950120292487873,8.76322414636366e-06,9.39314024240333e-07,0.000860471202029746,0.0469997555217457,0.00200977825018111,1
"20296",0.0071904797196043,0.677968325514909,0.0177397977610859,0.000489895443028238,0.296611420640663,8.09207088994596e-08,2
"20301",0.997852610913975,9.88996784552996e-06,3.31855378993455e-08,0.0017643759948385,3.35430754199429e-07,0.000372754507049176,1
"20304",0.00423880013761167,6.09237353175983e-08,7.69265393551012e-11,7.66381246566441e-06,1.52199369107659e-05,0.99573825511235,6
"20306",0.997765178986337,9.32691310639862e-10,2.06693339822236e-08,0.000309640972666568,1.29322237173248e-05,0.00191222621525381,1
"20309",0.462408182323338,0.000160744774751006,1.86023811650387e-06,0.203395916697632,0.330328582249422,0.00370471371673983,1
"20311",0.994242101377122,0.00029243753713616,1.26806153369263e-06,0.000748581112687623,0.00396779466319473,0.000747817248325646,1
"20314",0.00166376163429316,0.019079767336414,5.88318563807765e-07,0.000654090053691049,0.978567208268064,3.45843889739085e-05,5
"20318",1.42756324098915e-05,0.999874427038043,9.48591493852507e-06,1.07481297249687e-07,0.000101632344954798,7.15883566368776e-08,2
"20320",0.000872625346892194,0.00210437271999088,2.23228578616866e-05,0.451103904684446,0.544002762822704,0.00189401156810504,5
"20326",0.0023270483023223,0.0429862015954384,1.38192326361084e-06,0.000307118675524185,0.954291155917318,8.70935861337656e-05,5
"20328",0.0007549627636139,1.37547834929785e-05,8.65635934569161e-06,0.11368305676355,0.884171435067974,0.00136813426202313,5
"20330",0.131906195271549,6.71340871203808e-07,7.76220705102451e-07,0.864178089983791,0.000329856852338021,0.00358441033074539,4
"20336",0.0105859582233462,6.45295490051851e-07,1.12799808039533e-08,0.00212040945458882,0.0272171425617763,0.960075833184818,6
"20338",0.0144564036781195,9.05610709693732e-05,4.43297092904704e-09,0.00401459370768079,0.00124903221625243,0.980189404894007,6
"20340",0.999392867020091,1.68385964137277e-08,4.07936190417681e-08,0.00021705265846162,2.46518843345787e-06,0.000387557500798694,1
"20342",0.000376729425937912,0.000244006615177738,4.46735625648587e-05,0.0188794900043604,0.000111209108025941,0.980343891283933,6
"20344",0.997849213619231,2.57299080352319e-07,2.36417924597633e-07,0.00026713513232509,0.0013710059500534,0.000512151581385598,1
"20349",0.999805497173372,2.21193539817671e-09,1.06271362023208e-07,4.66015063559962e-05,2.17649300136871e-05,0.000126027906960556,1
"20351",0.919981871329714,0.000522913203179737,1.13101586219795e-06,0.011977792495114,0.0540582025911513,0.0134580893649787,1
"20353",0.223099076411602,3.05930583565614e-08,1.18095541090348e-08,0.756739739861978,0.000187011570715281,0.0199741297530925,4
"20357",0.000725635948558502,2.42686468672471e-10,1.50782476016685e-10,0.00240543299111474,5.92864310351966e-06,0.996863002023754,6
"20360",0.00422573790773992,6.59204743056764e-07,0.000259801380797758,0.724881067066298,8.56988635039354e-05,0.270547035576917,4
"20364",0.653171745139864,1.09163576603874e-05,3.73678562485269e-08,0.309828736645475,0.0347008134683277,0.00228775102081679,1
"20366",0.000877037234563608,8.99768389967039e-06,8.83215973296953e-09,0.00064708154780676,0.00685555442838953,0.991611320273181,6
"20381",9.85025833921983e-07,0.0167312037843188,0.980075233059676,4.76390597602428e-06,0.00318768833892329,1.25885271715984e-07,3
"20391",0.187741939178771,4.26448405572188e-08,0.265490165714637,0.492604697849959,0.0358774929325829,0.0182856616792101,4
"20394",0.000105814827659024,0.000990005260958415,0.00265754804798175,0.0122770894959922,0.983967772442987,1.76992442114165e-06,5
"20396",6.44142160303705e-07,0.0125492355623647,0.799875552124874,5.22634462756231e-05,0.187522292918137,1.18061879641623e-08,3
"20409",0.618732441916786,0.155936040917785,6.5317261951691e-06,0.000168547187629138,0.224282965850876,0.000873472400729214,1
"20411",0.851003922304076,2.21898676563018e-09,1.01522779350327e-08,0.0325288861162762,0.000279525278176501,0.116187653930207,1
"20416",0.0291970133089022,2.12885265778434e-11,1.36520420951844e-10,0.000246240431708641,2.96174994724643e-08,0.970556716484081,6
"20418",5.88749886290659e-07,0.0588892325664869,0.811554038622351,7.33832987540764e-06,0.129548795528864,6.20253694676268e-09,3
"20420",2.01270002531497e-05,0.000212770252060059,1.01640137403424e-06,0.000963366976885617,0.0252761689145902,0.973526550454837,6
"20422",0.952387273271244,4.42031832349869e-05,4.62474755146001e-08,0.0468962812402776,0.000403576343326992,0.000268619714440639,1
"20424",0.849941690429816,7.21247860646649e-09,4.66261454729707e-09,0.10938670126954,0.000190245301092799,0.0404813511244572,1
"20426",3.71028253647354e-06,0.000101056725868382,4.8462907030007e-10,4.39003402770862e-05,8.62771974158618e-06,0.999842704446947,6
"20428",0.80818326852632,1.21106586043684e-05,0.00260461652008626,0.142520776372335,0.0466642873860593,1.49405365946195e-05,1
"20431",0.020812690593151,0.0951865735820104,1.88554140971887e-06,0.232774853681587,0.647192046375962,0.00403195022588049,5
"20433",0.999069995604753,9.15982105308293e-09,0.000134912905277926,0.000780920500197041,1.64159373473555e-06,1.25202362161132e-05,1
"20436",0.00733207591049734,7.8975751123757e-06,0.99255009243744,6.85171470838792e-05,4.1274452520863e-05,1.42477345409415e-07,3
"20439",3.07276381296013e-06,0.225252041429492,0.302186887215994,3.67416231797917e-05,0.472521234855655,2.21118673389996e-08,5
"20441",0.000648042252623935,1.65098333432388e-07,4.52883146495705e-10,0.0173994663026566,6.66479836511355e-05,0.981885677909852,6
"20444",8.13126601144743e-08,0.999849832287794,2.61233201515718e-06,7.40479534495489e-08,0.000147393433069698,6.58650800769421e-09,2
"20448",0.0097039530482728,0.152282148135997,0.000207847449345015,9.02060627979062e-05,0.836612086693952,0.00110375860963519,5
"20536",0.000126753139597717,1.17705540211106e-05,0.794875186695941,0.0036860544603676,0.201299873645935,3.61504138083265e-07,3
"20538",0.213084185999506,1.45306395610258e-06,7.71613877376722e-06,0.000313610208428302,0.058991313809593,0.727601720779743,6
"20541",0.93389964498155,4.77053228459759e-09,9.45469904178724e-11,0.00511763209996652,5.50199326492353e-06,0.0609772160601388,1
"20544",0.18490726060249,0.00370250335296322,3.2188366879911e-06,0.00233506863241316,0.808363835034728,0.000688113540718486,5
"20546",0.982619325033033,9.28857398842143e-09,9.30354973096994e-09,0.0104180783239955,0.000951915832096392,0.00601066221875107,1
"20550",0.00388881259421569,8.47216634053791e-05,1.02768758259016e-06,0.991785038544401,0.00400969229164453,0.000230707218751127,4
"20553",0.022260668228242,1.65502736136047e-07,7.18541554112285e-10,1.24788071896241e-05,5.80743422532666e-09,0.977726680935856,6
"20555",5.31426859729002e-06,1.04677503723235e-07,4.52635086976419e-07,0.0029506731977745,0.00142700658485673,0.995616448636181,6
"20557",0.00892389323078766,0.000284034574634064,2.72854954745514e-08,0.953228114665434,0.0255021225645399,0.0120618076791094,4
"20559",0.9994029960253,1.22065369139039e-06,3.59811417410099e-09,0.000313731337248512,0.000237298074860237,4.47503107851672e-05,1
"20561",0.000731573938538116,0.262055055694025,5.43546990643586e-06,0.000462931083219869,0.736716932297035,2.80715172757038e-05,5
"20564",1.59681288900296e-07,0.999977165479439,6.24183166845812e-07,5.75635871959907e-08,2.19706669572793e-05,2.24255600701646e-08,2
"20566",0.777759630497248,9.21314801137986e-05,5.78299312884111e-05,0.147508289226249,0.0745759495941216,6.16927097958922e-06,1
"20569",1.21822190625325e-05,0.127304397812276,0.000542740216819208,4.46348740774564e-05,0.872095893484665,1.51393099875128e-07,5
"20572",6.4869988381515e-06,0.930111658027018,0.000713606135970052,2.25977621127893e-06,0.0691659704196624,1.86423000437649e-08,2
"20574",0.995480286613011,2.64462982117253e-06,6.72268217971423e-10,0.00261060697337433,0.000173771132822229,0.00173268997870311,1
"20576",1.17263132900016e-06,0.999824278526597,4.77681157508023e-07,2.50930354906374e-07,0.000173754483202634,6.57473586090727e-08,2
"20578",0.759803156627791,0.00534358454157652,1.56045161130092e-06,0.0362601306725606,0.198041436480618,0.000550131225842003,1
"20580",0.833685394521381,5.59632859294317e-05,1.73609566656875e-05,0.00188191526084606,0.164311569610377,4.77963648011093e-05,1
"20583",8.45970288374244e-07,0.999909919285096,4.65365162634282e-07,1.63323002588644e-07,8.85551202774438e-05,5.09361724171261e-08,2
"20586",0.90646563143597,2.6222853285466e-06,1.03735393397538e-06,0.00222984605498497,0.0897175778831493,0.00158328498663342,1
"20589",0.99305864532324,7.18409991885931e-10,1.20559784699497e-07,0.00679278817948693,1.87759766870621e-05,0.000129669242392052,1
"20591",0.00101532622716631,4.40463421856901e-06,2.13415205532691e-05,0.755833486407867,0.19310842909373,0.0500170121164653,4
"20593",0.999313693822217,1.14431878041015e-08,8.10392664482459e-09,0.000640115537170096,9.45798355640461e-08,4.60765136629845e-05,1
"20595",0.996213486926558,3.57460908040953e-05,4.37985245491947e-08,0.000318619207135819,0.00320127781121086,0.000230826165767125,1
"20597",7.71671509136762e-08,4.48564312037173e-06,0.9992268484162,8.09975496708438e-07,0.000767777945277699,8.52754514821814e-10,3
"20599",2.18622523616247e-07,0.999963791205047,1.08058292069176e-06,3.23617340519845e-08,3.48654572377496e-05,1.17705372282172e-08,2
"20601",0.000186101392381584,0.000235617570317126,5.1650974145653e-06,0.0127324598682795,0.986818140461494,2.25156101139178e-05,5
"20604",0.99987960408888,6.54400918596934e-07,1.90074288955358e-09,6.90226648883663e-05,6.38651037999374e-06,4.43304341898035e-05,1
"20606",0.999139438121993,1.60770346661531e-08,3.21536672198852e-09,0.000801422268639487,5.73337136722184e-06,5.33869455990448e-05,1
"20608",0.967233465874023,2.26299536604611e-07,1.58865652864261e-06,0.0324105597161063,0.000347097341299708,7.06211250563386e-06,1
"20610",6.23257963621929e-06,0.99889826307836,7.68458665050499e-07,1.11302447830885e-05,0.00108327085010095,3.34788454599285e-07,2
"20612",0.239327044990634,0.000990356753244553,0.604212637748696,0.000332135608053624,0.00141940804542061,0.153718416853951,3
"20614",7.56118838455733e-07,0.99317961894742,7.67649335076332e-07,1.08147379508804e-05,0.0068078414610734,2.01085381958815e-07,2
"20616",0.00445889223368145,0.000475101082653814,4.52777568684656e-05,0.000733437802094297,0.99421559722316,7.16939015416579e-05,5
"20618",0.000155766654937102,1.4836326144528e-05,2.00518643945574e-09,0.00151889060692949,0.000897173304352959,0.99741333110245,6
"20620",0.999402686389251,2.04489457684411e-05,3.01320660235026e-05,0.00011426916750163,0.00040385949595894,2.86039354968791e-05,1
"20622",4.0195682887234e-06,0.999477878128257,2.87185570210047e-07,3.25442599228414e-07,0.000517388305070001,1.01370214701572e-07,2
"20624",0.972111749781887,3.14705202707901e-08,2.83995277473122e-08,0.000624606621101635,0.000358713063603021,0.0269048706633608,1
"20626",0.757378886854079,0.00112037328255675,0.218288058525468,0.00898325454125636,0.0142284328065075,9.93990132691978e-07,1
"20628",0.121728271606192,0.000352038752451853,0.151462592577787,0.59186427417522,0.134501708618109,9.11142702400253e-05,4
"20630",0.521380618367812,0.0122543962480114,3.51924487523831e-06,0.405680406921798,0.0605437781728151,0.00013728104468763,1
"20632",9.22017561132319e-08,0.991195644186521,0.00095961784432751,8.32611621444231e-07,0.00784381054687018,2.60890383526353e-09,2
"20634",0.998479725877898,1.20806867950262e-08,7.31898286492339e-09,0.00147450360501363,1.03230275091063e-05,3.54280899095432e-05,1
"20637",0.00676257640092282,7.61211765491654e-06,7.80321307222226e-12,0.00116628385126204,1.9362211865463e-05,0.992044165410492,6
"20639",1.04305168968792e-05,0.589951018760827,4.51756703558618e-06,5.94078115846587e-05,0.409972505580276,2.11976337972647e-06,2
"20644",0.323941946928822,1.97013650338979e-08,5.63841719061329e-06,0.000855644118177294,3.00679130136561e-08,0.675196720766532,6
"20646",0.595110112401057,8.77464959551247e-06,0.00135969690758459,0.392291103524976,5.05811386766974e-05,0.0111797313781096,1
"20648",7.11533839592247e-05,0.00675226135575459,1.04569640402196e-06,0.000384264845985374,0.992774601374547,1.6673343349406e-05,5
"20650",0.681428087709265,2.61348333675161e-08,1.9881415920145e-08,0.00187881700351601,8.5974939091534e-05,0.316607074331878,1
"20653",0.000244118726637526,0.00291084860396658,0.000113939349305765,0.0294704266915973,0.966970902524617,0.000289764103875456,5
"20658",0.998681383563538,1.31939872123855e-08,0.000154331999382478,0.00110426952289121,5.65048384333062e-05,3.4968817679635e-06,1
"20661",0.033282262740098,7.82552124929286e-07,0.000100500460702526,0.000469395202538058,0.0043448521902007,0.961802206854336,6
"20663",0.549530599207373,4.94368626210247e-06,4.06268948313497e-06,0.0219972450503898,0.426903454437673,0.0015596949288189,1
"20665",1.68569323212278e-06,0.999928135803941,3.57346221922281e-05,6.38253455523899e-08,3.43769374730191e-05,3.11781644563024e-09,2
"20667",0.00380318722814074,6.27543750259846e-05,0.00671650475640626,0.873935965103755,0.115408153961234,7.34345754388077e-05,4
"20669",4.85994177477345e-07,0.000155224193896435,0.972222573722778,4.21763511369038e-06,0.0276174654759341,3.29781000123005e-08,3
"20671",0.146200039784584,7.34785921703496e-05,2.40335468330952e-10,0.00676777870616386,0.00171833085116743,0.845240371825579,6
"20673",4.35935886235678e-08,2.41053083722832e-05,0.9992258724154,4.22142970142502e-07,0.000749556158657632,3.81011446124759e-10,3
"20675",0.00678618220316349,1.46539439076341e-05,0.259681843984313,0.00103078879350989,0.732481409969685,5.12110542092194e-06,5
"20677",0.546464358829562,3.74053954564036e-06,0.000755017124012324,0.0192265953553841,0.433325685657209,0.000224602494286365,1
"20679",1.23584625900607e-07,0.000668405161767153,0.969659112405073,9.76909704216691e-06,0.0296625772555366,1.24959546856006e-08,3
"20681",5.37240811652069e-05,1.55491950446237e-05,0.0728639451855045,0.00102609217799657,0.926038455522634,2.23383765545986e-06,5
"20683",0.374252071319553,1.15335173220161e-05,0.00525237677946499,0.137555019461207,0.482868605531233,6.03933912188458e-05,5
"20685",6.54620395878767e-06,5.92574151191792e-05,1.85307001754105e-06,0.00699408536236584,0.012275634565591,0.980662623382948,6
"20687",3.36094885116738e-06,0.905187731623706,2.43899465816969e-06,2.06946544012386e-05,0.0947851104089542,6.63369429549756e-07,2
"20689",0.148842785649185,8.45352112861491e-09,1.3017873791066e-05,9.31191058753214e-05,8.18860622520628e-07,0.851050250057005,6
"20691",1.88368086586546e-07,0.999768181199726,4.7054578041483e-07,1.59529303338298e-07,0.000230974108681846,2.62484222988785e-08,2
"20693",0.998759541690184,1.11741851890346e-09,3.59502452311056e-08,0.000165298546121493,6.62639970274456e-06,0.00106849629632787,1
"20695",7.54113731043894e-05,0.0017023958363709,1.50984632836349e-05,0.000466548290883858,0.997735999106952,4.54692940520802e-06,5
"20697",0.999339966586978,2.72870599317175e-05,6.19915222897967e-10,0.000322114420484718,7.88344357680559e-05,0.00023179687692188,1
"20699",0.330498978390002,9.00906488084928e-05,0.0184360900806823,0.00476294234297677,0.646207500942979,4.39759455176412e-06,5
"20701",0.844901462937006,2.26631187631436e-07,0.000738093790615338,0.109508359287158,0.0447293219323128,0.000122535421720426,1
"20703",5.45603267950075e-06,0.000108165650535802,0.983037634680613,0.00376669756995492,0.0126695809088003,0.000412465157416183,3
"20705",0.975219320322451,7.96448876270455e-08,6.34013578731957e-08,0.0202933362527769,0.00102712415883661,0.0034600762196899,1
"20707",0.00244373054753985,7.80793211744279e-06,5.1183716029421e-06,0.012938942655882,0.984457649883154,0.000146750609703973,5
"20709",0.0249368674826375,0.895376376469236,0.000330478994772534,0.000737183121270013,0.078616155411966,2.93852011820595e-06,2
