"","V1","V2","V3","V4","best$classification"
"19812",0.982559152651254,0.0174407881660836,5.87542661051763e-08,4.28396605164273e-10,1
"19814",0.989122164500243,0.00983650826344585,5.08967067145594e-11,0.00104132718541455,1
"19816",0.934719922312493,0.0179132829421277,0.0473667947453791,5.25287505247988e-22,1
"19818",0.990998834158188,0.00900082333385553,3.42502871829886e-07,5.08497000409811e-12,1
"19820",5.49811962596231e-05,0.0436585772357391,0.956286441568001,3.51410842872763e-53,3
"19822",2.12086207212583e-11,0.954783975268581,0.045216024710211,1.07829726533036e-68,2
"19824",0.000198036717766882,0.331943564911456,0.667858398370777,2.20101320902804e-41,3
"19826",0.96838385649866,0.0316160916695332,5.18317413884171e-08,6.5430200674716e-14,1
"19828",0.0295929857552762,0.0169803195077275,0.953426694736996,1.24795641149541e-38,3
"19830",0.864502489396579,0.135497510603389,3.25307940531476e-14,1.35146810228854e-22,1
"19832",0.0275965216921599,0.972331884918269,7.15933895712774e-05,7.39869800853541e-27,2
"19834",0.868925287330809,0.127899850573425,0.0031748620957656,1.76800053527695e-30,1
"19836",0.949786839180135,0.0501455633553045,6.75974645602859e-05,1.73892864456509e-19,1
"19838",0.614829675891079,0.00908686634741095,8.39512616132636e-17,0.37608345776151,1
"19840",0.95303582707605,0.0459929072574932,0.00097126566645681,6.63731534823361e-30,1
"19842",0.00134625632948183,0.169578338625533,1.40620457949975e-16,0.829075405044986,4
"19844",9.86585229155779e-13,0.999998841720894,2.03807179917519e-10,1.15807431179094e-06,2
"19846",0.0274915557774778,0.00118281767315761,3.01845388030622e-20,0.971325626549365,4
"19848",0.0576975369065003,0.000509498715170467,6.31224231982225e-20,0.941792964378329,4
"19850",0.97600833856185,0.023991571491157,4.65950401682837e-15,8.99469887365739e-08,1
"19852",0.98040177375036,0.019188660285717,0.000409565963922715,5.54638177752603e-22,1
"19854",0.00292211723174858,1.53235155774476e-05,2.34925291520132e-21,0.997062559252674,4
"19856",0.00154407713260544,0.998455922782139,8.52557839182404e-11,1.2135287824519e-25,2
"19858",9.92888415496586e-05,0.999874522404261,2.61887541898441e-05,2.5736933801424e-29,2
"19860",0.952130004664891,0.047817155861093,5.28394740159949e-05,3.65676638559209e-21,1
"19862",0.000771396963308509,3.3778246156024e-05,3.94333832621658e-23,0.999194824790535,4
"19864",6.5362153424194e-22,0.99999999890945,1.09054976982536e-09,3.09159296819269e-16,2
"19866",0.225187312946963,0.491102717173819,0.283709969879218,8.2913320235718e-42,2
"19868",9.17649388748164e-28,1,4.580193677343e-16,4.14489818766597e-26,2
"19870",0.985185709105792,0.0148142861558581,5.36659388073225e-13,4.73781353828919e-09,1
"19873",0.975161641857489,0.0248382473753267,1.10767184298274e-07,1.41488541635587e-25,1
"19875",0.563771208381422,0.0322326981142914,0.403996093504287,4.47272026333939e-38,1
"19877",0.98668736261527,0.0133126372576484,1.27064663049078e-10,1.64847556439753e-14,1
"19879",0.958304683275594,0.0416862489803573,9.06774404838975e-06,1.3435642074644e-31,1
"19881",0.950802903965143,0.049197094036576,1.99828071062387e-09,1.43772511018589e-23,1
"19883",0.93922010565547,0.0607786058244582,1.33460514745943e-09,1.2871854668481e-06,1
"19899",0.848187831801308,0.151797605591458,1.45626072341464e-05,4.9883419918859e-35,1
"19908",2.16854095586966e-14,0.999999797090777,2.02909201236809e-07,1.03782534517555e-57,2
"19910",0.989276817501875,0.0106617754134285,6.14070846963213e-05,6.95140996640954e-18,1
"19912",0.224467192307316,0.772224536708479,4.0014811061077e-17,0.00330827098420569,2
"19914",0.944013986716367,0.0559838823284934,2.13095513966877e-06,1.4966846343001e-39,1
"19916",4.18504294973142e-10,0.986904508424144,0.0130954911573514,5.76223472148909e-54,2
"19918",0.975601523756342,0.0151554311842516,3.73221383917734e-13,0.00924304505903297,1
"19920",0.00801622169328346,0.00025253995587562,4.99662376170963e-18,0.991731238350841,4
"19922",4.92017430759763e-06,0.999993966663939,7.08008522344587e-07,4.05153230721753e-07,2
"19924",0.983063998461305,0.0169360007826542,7.56040144967564e-10,2.4741562448322e-16,1
"19926",0.424289179962322,0.57551823711555,0.000192582922127608,8.37113463531374e-46,2
"19928",1.09073417461293e-27,0.999873240189084,2.77013710969546e-16,0.000126759810915633,2
"19930",0.993486309012126,0.0061016749600871,1.05741112558166e-11,0.000412016017212936,1
"19932",0.0202178773455455,0.000114035473742184,1.08355513688394e-18,0.979668087180712,4
"19934",0.919572157472046,0.0662177047438734,0.014210137784081,5.69428556994113e-30,1
"19936",0.969466530371604,0.0305334683839795,1.24441609772952e-09,1.46451984835856e-16,1
"19938",0.00187977490914287,0.893961050209488,0.104159174881369,3.12500905996179e-70,2
"19940",0.980559435753619,0.0194369406416112,3.62360469938237e-06,7.00120958964056e-14,1
"19942",7.06072428484928e-14,0.999999988800783,9.45893704674248e-12,1.11896877368042e-08,2
"19944",0.972680333109381,0.0266733073041348,0.000646359586484196,6.22884452721481e-28,1
"19946",0.975950473451796,0.0240487286672309,7.97880973029642e-07,2.32948110937641e-23,1
"19948",1.32922949534852e-12,0.989833266351362,1.28520994338658e-11,0.0101667336344566,2
"19950",1.16481930499959e-07,1.4453536899467e-05,5.93186369184286e-21,0.99998542998117,4
"19952",1.32922949534852e-12,0.989833266351362,1.28520994338658e-11,0.0101667336344566,2
"19954",0.565506965499227,0.00262165735416471,1.78814900394963e-14,0.431871377146591,1
"19956",6.19842066712876e-05,0.999938015793329,7.55684814046285e-21,1.59394572103741e-19,2
"19958",1.05491504531555e-21,0.999999999998404,1.41554772097192e-12,1.80514690500429e-13,2
"19962",0.51533035289985,0.48466838887465,1.25822550053357e-06,1.28291080880844e-34,1
"19964",0.871267928037066,0.128731317597664,7.54365269374132e-07,8.28603589569107e-23,1
"19966",0.000825520584222153,0.671816743853781,0.327357735561997,3.50513132732284e-51,2
"19969",0.981604583909922,0.0183954160183841,6.03514089061369e-13,7.10901398494288e-11,1
"19972",0.235221877344075,0.764778122635491,1.8074865176386e-11,2.35926741811657e-12,2
"19974",1.18924698855933e-06,0.000325706847658657,1.5395569747985e-23,0.999673103905353,4
"19976",0.981766586474063,0.0182334092523315,4.27360524295737e-09,1.87203569684584e-17,1
"19978",0.980403277983448,0.0181484158977656,0.00144830611878657,4.89336102175151e-17,1
"19980",0.0029447389198175,3.89052306865668e-05,1.07407175649882e-21,0.997016355849496,4
"19982",0.39657967791275,0.603420322086878,3.67405407525503e-13,4.06720014111307e-15,2
"19984",0.000423950505236799,0.999570968707352,6.27716192216175e-11,5.08072463934103e-06,2
"19986",0.000768411119623946,0.0863791397261603,0.912852449154216,6.93992357230929e-58,3
"19988",2.36921731392146e-06,0.15610879407528,0.843888836707407,5.54349363017282e-57,3
"19992",0.000793357451792297,0.0216947757131813,0.977511866835026,2.99556153096572e-49,3
"19994",0.980687640497312,0.00697523304067378,1.88853333917167e-11,0.0123371264431291,1
"19996",0.0132185025306757,0.00932024675289638,0.977461250716428,1.08960482929041e-44,3
"19998",0.0105020612149545,0.989497842951188,9.58338575388471e-08,2.75102201726212e-39,2
"20000",0.000438828189773855,0.999561171810226,1.92103418401185e-17,3.70152670218183e-21,2
"20003",0.988171315077984,0.0118281961206823,2.09667140788531e-09,4.86704662688098e-07,1
"20005",0.00324160582799158,5.18339658592473e-05,3.05852990714994e-22,0.996706560206149,4
"20007",0.944666277687314,0.0552450684787756,8.86538339104047e-05,5.64165108527347e-37,1
"20009",1.85324092648665e-05,0.91241875737837,0.0875627102123654,4.67239996011647e-63,2
"20011",0.858867584118823,0.141132414650983,1.23019393185459e-09,3.85699231151743e-17,1
"20013",0.989231595833435,0.010607799351699,4.41113273018111e-14,0.000160604814822189,1
"20016",2.78812441135553e-07,0.503720318148945,0.496279403038614,8.45476017743468e-61,2
"20018",3.64272628492259e-36,0.999994194347536,5.80565246390839e-06,1.17291820653006e-50,2
"20021",0.747174092206296,0.0289078920031505,0.223918015790553,8.44582940829204e-32,1
"20023",0.935190209203212,0.0622151936426072,0.00259459715418071,8.99081297737494e-42,1
"20025",3.84673053791614e-16,0.987192941209085,0.0128070587909148,1.60372100428491e-81,2
"20027",0.862395716004282,0.129370721832526,5.31833091038369e-14,0.00823356216313804,1
"20029",0.527195300348802,0.0107410961587878,9.00869955395604e-18,0.46206360349241,1
"20032",0.923716675522482,0.0140511022329645,2.82061418209873e-14,0.0622322222445256,1
"20034",3.05230959784212e-09,0.978830917161265,5.09433974958488e-10,0.0211690792769912,2
"20036",0.297026420781869,0.7029735752057,4.01243088575906e-09,4.31859040760698e-25,2
"20038",0.0684847428359556,0.0515906388948185,0.879924618269226,1.45411846786339e-39,3
"20040",1.48583389692463e-17,0.986859353097692,0.0131406469023083,6.06016997970766e-68,2
"20043",0.348500295437431,0.038113004112709,0.61338670044986,2.67012072692365e-36,3
"20045",6.09391533077634e-09,0.315504115940652,0.684495877965433,6.32030534450813e-50,3
"20048",2.6171445672314e-13,4.41096904783292e-05,1.00952516575096e-19,0.99995589030926,4
"20051",0.796724368069516,0.2032658045552,9.82737528436591e-06,1.48565432385743e-25,1
"20053",0.869070118408565,0.0869099570309469,0.0440199245604882,2.77123813689556e-43,1
"20055",0.0981481883304681,0.872349896037607,0.029501915631925,1.8832258680596e-29,2
"20057",3.44757857544494e-44,0.999999999869134,2.0383914950077e-23,1.30866199116548e-10,2
"20059",0.0464537270925917,0.739402184315326,0.214144088592082,1.41594575892707e-53,2
"20061",0.894443362027047,0.100087017725618,0.0054696202473353,3.20801838091871e-47,1
"20063",1.7895622288034e-23,0.999999890064758,1.09935241629245e-07,2.52671590352406e-26,2
"20065",5.46442008882932e-12,0.753013034393185,0.246986965601351,1.65856617556803e-39,2
"20067",0.00802236610161475,0.244134118778698,0.747843515119687,8.31340435755686e-32,3
"20069",0.00671766536177538,0.000145119031336275,2.17603652169569e-20,0.993137215606888,4
"20071",0.0516904566548336,0.948301567198197,7.97614696940097e-06,4.4374778548296e-43,2
"20073",0.697342069359389,0.302657887406794,1.28880058966976e-09,4.19450164601908e-08,1
"20075",1.91988958317137e-21,0.999999999999992,8.40802284738635e-15,5.62195775326992e-19,2
"20077",0.934505781174416,0.0462222378205383,0.0192719810050456,1.13447945986207e-27,1
"20079",0.00338314582469444,0.996601809056838,1.50451184674756e-05,7.71475406506737e-34,2
"20081",0.0662624263538207,0.635959546590596,0.297778027055583,3.94621829278555e-32,2
"20083",2.17804988261987e-08,0.999999978027467,1.92034530907422e-10,4.37321914204644e-36,2
"20085",2.15936262244317e-06,0.0691446112415321,0.930853229395845,1.72784716144749e-54,3
"20088",0.21161338894373,0.0273525574981212,0.761034053558149,1.17561859891271e-38,3
"20091",9.69175026292679e-13,0.999988212663324,1.17873357073103e-05,1.81669347941838e-34,2
"20095",3.60653035518663e-10,0.999999250541319,7.49098028331019e-07,7.8035790327009e-31,2
"20097",1.33947568947078e-06,0.0606562405804338,0.939342419943877,1.08105775818183e-53,3
"20099",4.82518606406018e-06,0.842068945962075,0.157926228851861,5.59277011750965e-28,2
"20102",6.75431690040725e-13,0.999999999172898,8.26426303438867e-10,1.33707320899531e-24,2
"20105",0.259047573539898,0.137622901295651,0.603329525164451,6.99647317651374e-41,3
"20107",0.569130770282632,0.0343625058910838,0.396506723826284,6.64080770502629e-41,1
"20109",0.0763455135061491,0.771731755291018,0.151922731202832,1.64951341234139e-18,2
"20111",2.11862498936199e-12,0.999770352355523,3.96391551467679e-17,0.000229647642358285,2
"20113",0.388027209876021,0.541005710967938,0.0709670791560417,2.53441705086765e-37,2
"20115",0.0290451038904342,0.970954896109532,3.29230075998838e-14,1.14959860819687e-15,2
"20117",4.48258873702648e-26,0.999999967806733,3.21932673216948e-08,1.06690258816435e-57,2
"20119",0.000309636247790426,0.360292392570458,0.639397971181751,4.91255966141641e-38,3
"20121",0.116896524468433,0.0448771169022833,0.838226358629283,3.79632575498702e-50,3
"20123",8.89926945826233e-14,0.999965781785655,3.42182142559901e-05,1.32898861761562e-44,2
"20125",0.981915168255362,0.0101515495914945,3.85721862756885e-16,0.00793328215314348,1
"20127",2.7594689155547e-06,0.0236245473261102,0.976372693204974,1.15421574567296e-51,3
"20140",0.0045315407055433,0.995313208879966,0.000155250414491005,1.48546149362735e-40,2
"20142",0.00049720167632675,0.00552284451730186,5.2349027982642e-19,0.993979953806371,4
"20144",0.175158752428745,0.824841247571255,5.20358925713122e-17,3.19638614111251e-20,2
"20146",0.236157835907924,0.763842164068249,2.38272952716979e-11,5.15092474592414e-32,2
"20148",0.970504433959848,0.029495565392297,6.478504540696e-10,4.44811069612933e-15,1
"20150",0.000511253687310146,0.000117200512082417,1.2162309823434e-23,0.999371545800607,4
"20152",0.971363789367441,0.028636172389839,3.8242717957219e-08,2.0376893356949e-15,1
"20154",3.16586818864114e-14,0.99590084138322,0.00409915861674847,2.61312750391466e-29,2
"20156",0.117072882047936,0.882755398309516,0.000171719642547519,1.12154117958176e-40,2
"20159",0.00128493173675577,3.53934416980618e-05,7.44976406781845e-22,0.998679674821546,4
"20161",0.000373925970548189,0.999626073944719,8.47330922461737e-11,7.42929553914575e-27,2
"20163",0.854213511455452,0.14578404444731,2.44409723148337e-06,6.29762950104853e-15,1
"20165",6.62542847044165e-05,0.999589185280393,0.00034456043490003,2.60807735188053e-15,2
"20167",0.989686630954973,0.0102188769026385,2.9501782494539e-10,9.44918473710713e-05,1
"20169",2.42449507820533e-09,0.000256139879179625,1.47582348852982e-19,0.999743857696325,4
"20171",2.36834031795873e-22,0.999813118508595,0.000186881491405267,1.33821935202106e-29,2
"20173",1.79096610013296e-14,0.999992885037591,7.11496239113153e-06,3.13022991886315e-32,2
"20175",0.987327666997833,0.0126723329986606,3.1148134566388e-12,3.91179120876405e-13,1
"20177",1.81357784695357e-05,0.973916404117853,0.0260654601036774,7.49276079773363e-40,2
"20180",0.000322405562202832,0.0666724289007761,0.933005165537021,5.09045163442831e-44,3
"20182",2.92700958891562e-32,0.140075349256052,2.78800365143434e-27,0.859924650743948,4
"20184",0.908968172281122,0.0910188887252177,6.16640167062255e-13,1.2938993043214e-05,1
"20187",2.59479122314213e-06,0.99999564488581,1.76032296692648e-06,1.74557334186064e-29,2
"20189",0.925638349170274,0.0449287478045816,0.0294329030251443,4.68115700771451e-22,1
"20192",1.53312611887554e-14,0.998744526239227,0.00125547376075799,1.23945165448432e-57,2
"20194",0.000213953116752292,0.99978604687901,2.01063798392166e-15,4.23596271746768e-12,2
"20196",9.7777322429027e-09,0.430757399008052,0.569242591214216,1.37296043564338e-44,3
"20198",0.736626759727494,0.263358156958847,1.50833136586823e-05,2.49050386095161e-35,1
"20204",0.543486709927284,0.0314953827878415,1.17242271318424e-17,0.425017907284875,1
"20207",0.000260970446948401,0.486096543986465,0.513642485566587,5.69189492592984e-39,3
"20209",1.99079966228884e-06,0.999998009200287,2.76996128535012e-14,2.33133164218202e-14,2
"20211",8.06933026099972e-11,0.999948422213311,5.1577705995335e-05,1.1736935778282e-21,2
"20215",0.796929733362348,0.147569415595434,0.0555008510422172,1.72109423883637e-42,1
"20218",2.92127163503146e-05,2.7916525372129e-05,5.96854358345108e-21,0.999942870758278,4
"20222",0.00719078840198895,0.560894299793452,0.431914911804559,8.48980413078056e-37,2
"20225",0.196154310404349,0.803845689595651,1.55263460827051e-16,5.11876606268944e-20,2
"20229",0.0271035882595537,0.972896404375964,7.36448243357499e-09,2.54309959814305e-35,2
"20232",0.739585129648959,0.258630659046779,0.00178421130426266,7.16590979122636e-38,1
"20234",1.98317341927427e-22,0.990683156572273,0.0093168434277274,4.92723903056069e-51,2
"20238",0.0238218963483656,0.253349464939437,0.722828638712198,1.33193229844185e-58,3
"20253",0.0149901713211181,0.0616881170898671,0.923321711589015,8.74353396381365e-45,3
"20255",0.952249505549616,0.0184371242118448,3.96310127720009e-14,0.0293133702384992,1
"20258",0.0123248551961525,0.0078871473598118,0.979787997444036,4.8726315250939e-43,3
"20269",0.575462388670292,0.232807843929449,0.191729767400259,9.14409733420969e-20,1
"20271",3.7975542457831e-05,0.193103328141059,0.806858696316484,3.91089808809055e-38,3
"20285",4.01850792365522e-05,0.999959810162767,4.7579963809399e-09,6.56757808797137e-50,2
"20288",0.810825586077606,0.167717694739665,0.0214567191827285,2.74922885250259e-41,1
"20291",1.8730225421116e-07,0.908920671298415,0.091079141399331,2.92486968554445e-57,2
"20295",4.00705449707732e-05,0.9884844487464,0.0114754807086289,1.37989873589508e-39,2
"20298",0.0774462738519543,0.000420302699336543,1.25556987917546e-19,0.922133423448709,4
"20302",0.61257951712281,0.387420482853403,2.37875830104564e-11,3.23140701398502e-20,1
"20305",0.274935946826812,0.00250969108261413,9.19376741091429e-19,0.722554362090574,4
"20307",0.0477909738840695,0.0246073106415656,0.927601715474365,9.87233905113046e-45,3
"20310",1.55200574300064e-13,0.698618319307609,0.301381680692235,3.27101902423349e-70,2
"20313",2.17130574827081e-10,6.29594881919532e-06,7.62497003608429e-24,0.99999370383405,4
"20315",0.0702468287012625,0.0582019392208605,0.871551232077877,8.24365194667979e-48,3
"20319",1.02318196716769e-08,0.895401089312576,0.104598900455605,8.78940604724959e-48,2
"20321",0.00224394302269893,0.0652135945729931,0.932542462404308,9.43353114198449e-64,3
"20327",0.00140035251254985,0.0242891220650991,0.974310525422351,1.78110292153999e-43,3
"20329",2.2326531135567e-09,0.999827215465388,1.08380585729918e-13,0.000172782301850188,2
"20335",1.66640087866965e-07,0.190833731546742,0.80916610181317,1.52873847371078e-38,3
"20337",0.000565504701617956,6.69046444386945e-06,1.86667128975277e-21,0.999427804833938,4
"20339",2.00992099677118e-11,0.999999981545327,1.84345742163704e-08,1.11968091619927e-53,2
"20341",1.30420544900683e-14,0.999886268700195,0.00011373129979197,1.70670780560434e-39,2
"20343",2.3851217900618e-08,0.527133745624411,0.472866230524371,9.24453169967228e-47,2
"20345",0.982105513122438,0.0178944857161492,2.43347565037372e-10,9.18065783588087e-10,1
"20350",3.29554438996787e-08,0.999999155964844,8.11079712050558e-07,3.54926793011645e-49,2
"20352",9.87146771962485e-07,0.0039428388590333,6.97168826373364e-16,0.996056173994194,4
"20355",0.0028852625626578,0.99711473150159,5.93575191305501e-09,4.82754753097721e-33,2
"20358",2.3817822461948e-05,0.999976161897774,9.45414201467542e-16,2.02797628103799e-08,2
"20363",0.137515937534109,0.0375573070749235,0.824926755390967,9.3081583003804e-52,3
"20365",0.0191115855176548,0.969083085143186,0.0118053293391588,3.46041699822575e-33,2
"20379",0.790772128672822,0.20922787132686,3.17933342176358e-13,5.20304990499353e-17,1
"20387",0.129989718891362,0.0247485459401464,0.845261735168492,3.88372106485268e-35,3
"20392",1.66108692990663e-12,0.998964394202222,0.00103560579611683,1.19904590962966e-28,2
"20395",0.968571099672132,0.0314288981680677,2.15979527375717e-09,4.75134495032003e-15,1
"20397",2.29337088952045e-23,0.00850196104716412,3.91450710668822e-21,0.991498038952836,4
"20410",0.532404920926354,0.074274544427401,0.393320534646245,6.50194199238113e-28,1
"20414",0.96323735220812,0.0367626477849837,4.99518591622143e-12,1.90053710166748e-12,1
"20417",2.02402395960605e-42,0.999999657551976,3.42448023660993e-07,3.90856875265776e-45,2
"20419",0.00520653229031897,0.0304985903531559,0.964294877356525,5.73818894615919e-43,3
"20421",0.0190960761519403,0.980903923458404,3.89655699752942e-10,4.48071891340009e-21,2
"20423",0.946460805322297,0.0478327111791719,1.03382160381425e-14,0.0057064834985213,1
"20425",0.876754305477443,0.122810761346084,4.74367794318361e-14,0.000434933176425599,1
"20427",0.969551941626972,0.0304478457030067,2.12668502670596e-07,1.51873937631782e-12,1
"20429",6.13273188238425e-08,0.848872373445065,0.151127565227616,4.6826347588246e-73,2
"20432",0.7176171050239,0.282382628861064,3.30454315052491e-15,2.66115032295112e-07,1
"20435",0.363212986693638,0.632060736556788,0.00472627674957416,2.01594537287589e-53,2
"20438",0.0319161718135734,0.226696787440896,0.74138704074553,1.15659103752835e-36,3
"20440",0.00068858813525059,0.0370415193329123,0.962269892531837,2.69068378416901e-43,3
"20443",0.000143692655277201,0.999856306996828,3.47477399806019e-10,4.16965631761399e-13,2
"20446",0.502506042707699,0.497385841470962,0.000108115821338564,4.47209222251447e-38,1
"20449",0.89371423187272,0.105760564111849,0.000525204015430514,9.40203339643193e-46,1
"20537",0.00013851116970911,0.897163452652263,0.102698036178028,1.91078303105697e-48,2
"20540",6.63895679934581e-16,0.996556122431385,0.00344387756861421,5.5498883951101e-36,2
"20543",0.984025031986401,0.0159723531283019,2.6148852974366e-06,3.00877468019103e-21,1
"20545",9.10557707862509e-13,0.999954672308436,4.53276906530247e-05,5.92492681589865e-16,2
"20549",0.974711984668913,0.025287883845136,1.30228987843129e-07,1.25696351120712e-09,1
"20551",0.958691068039558,0.0284512162540094,0.012857715706432,5.60574358828963e-25,1
"20554",0.487136356681127,0.0187941897120022,0.49406945360687,1.63394805832626e-28,3
"20556",0.75972109267905,0.240276534633404,2.37268754627392e-06,2.83401857808092e-22,1
"20558",0.0172377657816796,0.00682172381016704,0.975940510408153,3.76252078032153e-43,3
"20560",0.955689883909085,0.0259519257018755,0.0183581903890392,1.00135408888307e-21,1
"20563",2.829014587539e-06,0.0234238776270515,0.976573293358361,6.01537968951841e-52,3
"20565",0.766342758488425,0.229157731797266,0.00449950971430827,8.76833460419735e-38,1
"20567",0.724917077581721,0.275082912747016,1.09795269884419e-14,9.67125270858372e-09,1
"20571",8.28273285268856e-09,0.914670422482221,0.0853295692350466,8.86039571346011e-54,2
"20573",0.944340397329372,0.0511179911413877,0.00454161152924079,1.15229838080788e-34,1
"20575",0.0003263860416934,0.0470562212520805,0.952617392706226,1.35579938576585e-53,3
"20577",0.9559031543657,0.0440964852913617,3.60342938462284e-07,6.65055165989205e-29,1
"20579",5.16844642102745e-10,0.997594487102539,4.72141271372107e-17,0.00240551238061625,2
"20582",0.000572311554182621,0.0115924228368986,0.987835265608919,2.51518981429184e-51,3
"20585",0.00146999463665861,0.996348752588564,0.00218125277477758,1.39013196242135e-24,2
"20588",7.84856898144444e-08,0.999999873459711,4.80545991950706e-08,4.65595839264098e-56,2
"20590",3.53077798624594e-07,0.000600401416732455,6.67026872857452e-22,0.999399245505469,4
"20592",0.000838524175010051,0.0235710839970918,0.975590391827898,1.0042415596544e-44,3
"20594",3.8638979437489e-05,0.0176202631970131,0.982341097823549,1.9241398769037e-49,3
"20596",0.437177439344431,0.213032661961191,0.349789898694377,6.78078488480053e-31,1
"20598",0.897182941530737,0.0194769131403067,0.0833401453289565,6.83523928248954e-29,1
"20600",0.137524467405894,0.862472984437818,2.54815628751655e-06,1.10612176742467e-26,2
"20603",0.797779847334587,0.202220152665344,6.91506352008538e-14,7.84144166829828e-20,1
"20605",0.155061205553765,0.0703647236323,0.774574070813935,1.78209988947274e-44,3
"20607",0.585321570975704,0.0265905988161468,0.388087830208149,1.44999853081666e-35,1
"20609",0.629761157734439,0.0238058626483706,0.346432979617191,2.00003208574886e-30,1
"20611",0.0614652612158637,0.000778349370857522,5.6966210519064e-19,0.937756389413279,4
"20613",0.978561229654712,0.0210768803605898,0.000361889984695526,2.60678393387595e-15,1
"20615",0.907429569951472,0.0925671716414498,3.25840707703864e-06,1.4350745529286e-15,1
"20617",9.20381034698596e-08,5.13758900373921e-06,8.20596791618282e-22,0.999994770372893,4
"20619",0.00514774406416301,0.0334808470995006,0.961371408836337,7.22773722805925e-44,3
"20621",0.861775337855935,0.11454390925438,0.0236807528896853,7.61757555857523e-42,1
"20623",0.019767751482958,0.980231963748032,2.8472480022484e-07,4.42103900847363e-11,2
"20625",0.17995693092084,0.820043069079092,4.60293944255295e-14,2.17939768114384e-14,2
"20627",0.974674431811999,0.0244433901689003,0.000882178019101312,4.86039229704265e-27,1
"20629",0.95162024285976,0.0481315599012325,0.000248197239007331,1.86932691901568e-32,1
"20631",0.000254291431302281,0.0374383440974235,0.962307364471274,1.15313589178426e-49,3
"20633",4.18114403205155e-12,3.3357626027633e-05,1.41036324192086e-23,0.999966642369791,4
"20636",0.762903889760513,0.237096110239392,8.19866671233767e-14,1.40166329021721e-14,1
"20638",0.0349006786026053,0.965098739685883,5.81711511927112e-07,2.42640823690203e-53,2
"20640",0.0365823381743167,0.307076947396381,0.656340714429302,4.11130146795324e-34,3
"20645",7.72027634193232e-06,0.0328953314707128,0.967096948252945,3.97608088363117e-54,3
"20647",1.02306553360506e-12,0.000163094153256626,5.8052371960818e-19,0.99983690584572,4
"20649",0.285215080614076,0.271128237543087,0.443656681842837,8.7847723248245e-29,3
"20651",3.0928442027942e-11,0.84991601333532,0.150083986633751,9.89758532584572e-65,2
"20656",8.60436391073831e-07,0.224111926042305,0.775887213521304,1.05905227044081e-47,3
"20660",1.55493090599007e-14,0.999975109788407,2.48902115771067e-05,1.11159192713986e-35,2
"20662",7.75930542010531e-05,0.999922406944452,1.3469486725679e-12,1.64056152922577e-19,2
"20664",0.000222606319252018,0.975919883957682,0.0238575097230656,1.79802948567091e-38,2
"20666",0.00156335077139816,0.974394388249378,7.94413467994779e-13,0.0240422609784298,2
"20668",0.0320226863912899,0.000347259869028236,7.51801997527085e-18,0.967630053739682,4
"20670",3.38059437332866e-05,0.618066145329507,0.38190004872676,1.01761917475853e-59,2
"20672",0.0196229483729152,0.000979464618384116,1.13549687555976e-18,0.979397587008701,4
"20674",0.950426419009638,0.0460137265091262,0.00355985448123585,6.72162769116507e-36,1
"20676",7.43665909134784e-06,0.730599191687276,6.84730448783782e-21,0.269393371653632,2
"20678",1.33879408297405e-08,0.00376012767633474,1.13042996815828e-22,0.996239858935724,4
"20680",0.988921007105696,0.0109466627319408,3.28070052247098e-12,0.000132330159082001,1
"20682",0.927380769395269,0.0726192304834203,1.21310383783839e-10,8.25870679071286e-18,1
"20684",0.00908684461799906,0.985922575976793,0.00499057940520817,5.18302356661097e-57,2
"20686",6.20694731586001e-05,3.89662048014102e-05,6.02870957703088e-20,0.99989896432204,4
"20688",3.96176770031146e-14,0.00767347052006712,1.1073028485532e-21,0.992326529479893,4
"20690",8.38677541671265e-08,0.999524385528836,0.000475530603410089,1.16168832660989e-46,2
"20692",7.87443897857296e-15,0.000270798905555102,7.34720037321004e-24,0.999729201094437,4
"20694",0.289631490966485,0.0017747701342065,6.65654308260112e-20,0.708593738899309,4
"20696",0.956705572027747,0.0432944279721145,1.38465484938009e-13,7.45270304615482e-17,1
"20698",0.501868850110473,0.495998604331151,0.00213254555837657,3.86950435491191e-34,1
"20700",0.00071494688248351,0.773488812225788,0.225796240891728,1.41071318213726e-55,2
"20702",6.70846087066823e-09,0.968705620959788,0.0312943723317509,6.51051216626873e-47,2
"20704",0.979766263430119,0.0185266019895053,0.00170713458037563,1.56766094527373e-28,1
"20706",0.000721988921615138,0.999277605876299,4.05202086351747e-07,2.11939298553779e-52,2
"20708",3.04066187907642e-06,0.00141525658404132,2.31262817618953e-18,0.99858170275408,4
"20710",0.328855594016493,0.659350773526015,0.011793632457492,7.81311006813894e-29,2
"20714",0.00180921019445001,0.000859899195610191,4.30283035457268e-16,0.997330890609939,4
"20716",0.896686698414677,0.0315710242153547,0.0717422773699688,1.62878123441721e-36,1
"20719",0.016412118991878,0.98349795751832,8.99234898020117e-05,1.97135019242581e-36,2
"20721",0.000643524177280981,0.0453949106779658,0.953961565144753,7.1435918720229e-45,3
"20723",7.57603863974622e-08,0.999977886292221,2.20379473926395e-05,4.30002687390211e-43,2
"20725",0.987934377706416,0.00929486892160588,5.43532186583174e-11,0.00277075331762444,1
"20727",5.57617470240901e-11,0.999999999944238,1.44851169826711e-19,2.67386834247342e-26,2
"20729",0.00222771479227596,9.02474829343642e-05,4.26237419743939e-19,0.99768203772479,4
"20731",0.13423302134115,0.00165359739721974,4.60726698858245e-14,0.864113381261584,4
"20733",0.757497893168031,0.236587845451328,0.00591426138064059,7.55301500643323e-47,1
"20735",0.962174066497988,0.0377836695980923,4.2263903919162e-05,3.14727348893369e-26,1
"20737",0.00635125474640511,0.0107205013872551,6.41436490087888e-18,0.98292824386634,4
"20739",2.10542245453224e-07,0.136445511732153,4.9722063228836e-20,0.863554277725602,4
"20741",0.98794423310916,0.0110211760416805,1.23306400614581e-10,0.00103459072585281,1
"20743",0.947256359794038,0.0527436382041246,2.00177939946723e-09,5.8158444737146e-14,1
"20745",9.3653571771839e-07,0.0180539236403367,0.981945139823946,1.25270848951039e-48,3
"20747",0.000288148172840729,1.20878530470942e-05,4.58920246552013e-20,0.999699763974112,4
"20749",0.000201646169025173,9.68308973651328e-06,1.06356149811887e-21,0.999788670741238,4
"20751",0.385147393862924,0.614852240984282,1.3818400164048e-19,3.65152793575253e-07,2
"20753",0.791340704852457,0.00904861207665491,3.63144390067182e-16,0.199610683070888,1
"20755",2.88991947176755e-10,0.254226269253662,6.51681763514561e-16,0.745773730457345,4
"20757",1.72480816770535e-07,0.999998159917734,1.66760144979747e-06,7.89429409671934e-32,2
"20759",0.00351066706412315,0.224764422288457,0.77172491064742,3.43523073891642e-43,3
"20761",0.991399289596892,0.008600635440561,7.1744455937859e-08,3.21809151314575e-09,1
"20763",0.4389883937325,0.561010159266773,1.4470007272076e-06,4.19878767963609e-45,2
"20765",0.977514367934029,0.00925470413513422,2.26172856598865e-11,0.0132309279082194,1
"20767",0.721120136079417,0.244335622871788,0.0345442410487952,9.15273529106339e-36,1
"20769",2.87904388698483e-06,0.999358890968163,0.000638229987950308,1.27054465534179e-39,2
"20771",0.965313768274917,0.0346800136141632,6.21790879893426e-06,2.02121267177118e-10,1
"20773",2.19582842990785e-11,0.999999999793362,1.84679186672726e-10,1.01755455653271e-26,2
"20775",0.977927979959151,0.0220720200372781,3.5705435017653e-12,3.76913449313716e-16,1
"20777",6.83416724025165e-05,0.999931657789387,5.38210196617698e-10,2.2363949663952e-52,2
"20779",0.985442338206815,0.00875566780538395,3.2955510634597e-12,0.00580199398450505,1
"20781",9.5070677336859e-31,1,2.54417957734724e-23,1.96976623441656e-33,2
"20783",0.990216321169285,0.0097836558980017,2.29119077502711e-08,2.08061800443295e-11,1
"20785",3.6554621047204e-19,0.999999999999995,2.63688982844649e-15,2.52404625207816e-15,2
"20787",0.145947716841584,0.00208974617816965,7.71985420646502e-15,0.851962536980239,4
"20789",0.973573289398279,0.0262417935678388,0.000184917033882555,4.15920572282115e-23,1
"20791",0.00567594178608308,6.54484272428052e-05,6.36172345494476e-23,0.994258609786674,4
"20793",0.97167234690479,0.0282824055917497,4.52475034603698e-05,5.36865816484816e-18,1
"20795",0.986493893320878,0.013481998193825,8.39960188233203e-16,2.41084852964392e-05,1
"20797",3.52631842801113e-23,0.866848057688576,6.21493139958784e-23,0.133151942311424,2
"20800",0.000774275415031441,4.84742802222742e-06,6.20505527827717e-20,0.999220877156946,4
"20802",0.989549611509063,0.0102219272067617,8.4040316940464e-10,0.000228460443772331,1
"20804",0.000698231368400095,0.000146795205429172,3.02358689900109e-20,0.999154973426171,4
"20806",0.0016185870849376,5.38825609551472e-05,1.95394351144012e-23,0.998327530354107,4
"20808",0.896354567843965,0.0139274276849342,0.0897180044711008,1.57927581446465e-25,1
"20810",0.840087593550802,0.159912406448866,3.31523058014232e-13,3.60581115673455e-18,1
"20812",0.931049958987932,0.0689500410051949,6.42933336675106e-12,4.43836584097805e-13,1
"20814",1.20324865771646e-08,0.000141819172963705,2.86329723763106e-24,0.99985816879455,4
"20816",4.73619899055375e-08,0.999693428885874,0.000306523752136657,1.66350091382426e-35,2
"20818",0.986587805318404,0.0134121943316934,3.49900546130129e-10,1.55826604682379e-15,1
"20820",4.58052327698748e-09,0.114540887110328,9.90807560999189e-19,0.885459108309149,4
"20822",0.970835781988204,0.0166987790380959,2.50586967061331e-10,0.0124654387231128,1
"20824",1.47189221425412e-18,0.999999984637869,2.30803764471784e-16,1.53621313194765e-08,2
"20826",2.61734842730373e-06,3.31149391508592e-05,1.10741008594342e-20,0.999964267712422,4
"20828",2.6171445672314e-13,4.41096904783292e-05,1.00952516575096e-19,0.99995589030926,4
"20830",0.95958247688463,0.0395215233908191,6.15250053018213e-18,0.000895999724551358,1
"20832",0.96828489946694,0.0317069456811234,8.15485193681465e-06,4.67724391470977e-23,1
"20834",0.939960247238012,0.0327760260925382,0.0272637266694496,4.58414462808006e-32,1
"20836",0.562627546930786,0.00405909057162712,2.07953499231305e-13,0.433313362497379,1
"20838",5.0728995396251e-05,0.00725514827842496,2.35999431204194e-22,0.992694122726179,4
"20840",0.934461820186902,0.0488321715065076,0.0167060083065907,3.806277435207e-34,1
"20842",0.762448088933284,0.23755189970345,7.77673523726698e-14,1.13631882944817e-08,1
"20844",0.000471288520333942,0.999528639943479,7.15081602665708e-08,2.80268544665394e-11,2
"20846",0.956567300749926,0.0434326976856629,8.61817944575893e-10,7.02592599155135e-10,1
"20848",0.988290677775646,0.0117047387336792,4.58349066418671e-06,1.09041676092253e-14,1
"20850",0.86766254132347,0.0514276559360606,0.080909802740469,1.16317232214656e-26,1
"20852",0.0379790673346627,0.907942597010921,0.0540783356544167,1.94094238074436e-35,2
"20854",9.62995632945538e-05,1.36065800603394e-05,2.35623696042359e-21,0.999890093856645,4
"20856",3.81780287330247e-16,0.999999976642314,2.33576855548939e-08,1.70880658101456e-46,2
"20858",0.00609079936899545,0.0617423728838351,0.932166827747169,4.55926536775642e-45,3
"20860",0.00689297279753205,0.993105913011121,1.1780875477557e-08,1.10241047168536e-06,2
"20862",0.00164079753140624,0.0422216837730107,0.956137518695583,6.28033289134959e-43,3
"20864",1.8533215859999e-05,0.000320134967320321,1.44294056599237e-16,0.99966133181682,4
"20866",2.69874051046078e-12,0.783554127001998,0.216445872995303,4.54059488375777e-55,2
"20868",0.88545929380301,0.0807448542476452,0.0337958519493449,8.31159891233635e-37,1
"20870",0.986704965895631,0.0132950274569313,6.6366526168794e-09,1.07854598639181e-11,1
"20872",0.694471753415875,0.00570880143857347,6.57893419706802e-15,0.299819445145545,1
"20874",1.30576757560458e-09,0.000792805923197295,4.6818943040054e-21,0.999207192771035,4
"20877",0.793641416831055,0.0762825577507661,0.130076025418179,2.31006851539988e-31,1
"20879",0.123130065567417,0.0483992871712184,0.828470647261364,3.44574385462577e-45,3
"20881",0.991951103661549,0.00747799487840184,5.52888790097933e-18,0.000570901460048854,1
"20883",1.10380871922264e-05,0.999988961757262,1.86635346001494e-18,1.55545545321511e-10,2
"20885",0.0139977480678265,9.51045348977023e-05,9.25077411130525e-18,0.985907147397276,4
"20887",0.884940362539877,0.114924167389916,0.000135470070206832,4.44353788366841e-25,1
"20889",0.975053431516961,0.0249465684809626,1.31149579177377e-13,1.94511032023061e-12,1
"20891",0.0491686507104858,0.0146618134242371,0.936169535865277,3.208072959212e-39,3
"20896",0.718335594803812,0.279797724801984,0.00186668039420429,5.71968458182611e-28,1
"20898",0.989704156548231,0.0102940248310112,5.64242737618487e-10,1.81805651476596e-06,1
"20900",1.10514837083975e-20,0.999999999909333,3.23666935422982e-25,9.06669943430208e-11,2
"20902",0.00196774620572597,0.99565931022366,0.00237294357061386,2.65696630692069e-19,2
"20904",0.00046374525168875,0.999525833368694,1.04213113649831e-05,6.82524135373239e-11,2
"20906",0.114079603184267,0.658175570963256,0.227744825852477,6.84994902391459e-49,2
"20908",0.968786724805353,0.0312132740317629,1.16288438702805e-09,6.81159308079366e-17,1
"20910",0.43641991109604,0.563580078264025,1.06399352092241e-08,2.80556608133139e-16,2
"20912",1.25954436767178e-30,0.999999999999992,1.4288593425657e-22,8.11674036023635e-15,2
"20914",2.34565811409735e-06,0.0461091586687233,0.953888495673163,7.376737148129e-48,3
"20968",8.58289787572984e-14,0.999999999999852,6.24252103504175e-14,6.66939902160122e-30,2
"20970",0.662384607532414,0.200266431228154,0.137348961239433,7.12388508257225e-39,1
"20981",0.197483237873656,0.390217172564039,0.412299589562304,9.083867013549e-41,3
"20983",2.05058386349098e-08,1.67215888225254e-05,5.74295768690809e-25,0.999983257905339,4
"20988",0.0101023428710887,0.0180239415054621,0.971873715623449,7.00116634745915e-42,3
"20995",8.05786642855109e-14,0.999999971303376,2.86965428341087e-08,8.52808374420275e-61,2
"21017",0.986449204360366,0.01354864103846,2.15458755274479e-06,1.36217146914615e-11,1
"21038",0.246378394702914,0.253727021118776,0.499894584178311,7.71639591843546e-40,3
"21072",0.79316241519917,0.187929549747474,0.018908035053356,4.14318644407446e-32,1
"21075",0.00785089754411047,0.100978082589263,0.891171019866626,1.76004820591033e-34,3
"21223",0.983442123022722,0.0165578407608617,3.62164162349888e-08,1.4030161070187e-17,1
"21225",7.30440933084791e-32,0.999999999938213,6.17852617476102e-11,1.95088012230668e-15,2
"21230",4.20857873268207e-08,7.5964409043406e-05,1.42461328480812e-23,0.999923993505169,4
"21236",0.894765713990499,0.00770379868980772,1.29030252255639e-11,0.0975304873067899,1
"21238",7.01142586735672e-05,0.999929826657947,5.90833795937635e-08,1.84827237319501e-30,2
"21241",5.08495903728831e-05,0.129151543661275,0.870797606748352,5.45132452332623e-35,3
"21246",0.94209816754802,0.0264624324245235,0.0314394000274567,8.42118351555568e-21,1
"21253",0.000319331348860479,0.000104285222613555,1.61566921252299e-19,0.999576383428526,4
"21256",0.983239631984019,0.0167602835702104,9.87545549578696e-12,8.44358949707248e-08,1
"21260",4.92089348323589e-16,0.999879234549522,0.000120765450477522,6.06228725298412e-31,2
"21266",0.870160189697882,0.0724091122779131,0.0574306980242052,2.95361478125838e-43,1
"21332",0.866783584162346,0.0233026519739364,0.109913763863717,7.64519872514584e-28,1
"21334",0.970621915432813,0.0293740962468963,1.06503972162321e-10,3.98821378668776e-06,1
"21375",1.1104673906269e-06,0.145296699693756,0.854702189838854,7.35165120866641e-59,3
"21378",2.16097169439001e-11,0.435076024993201,0.56492397498519,2.85949178389076e-70,3
"21381",5.54004029143567e-05,0.370634129162612,0.629310470434474,4.36660262808853e-52,3
"21389",0.929720059777812,0.0702582217486126,1.08587196945314e-13,2.17184734666259e-05,1
"21391",0.000224056375203434,0.977305376699464,0.0224705669253328,2.03645481353257e-43,2
"21402",0.261213333298427,0.0788684920782667,0.659918174623306,8.61803805595086e-34,3
"21404",0.0499552018596545,0.664924937612573,0.285119860527772,1.03571079992938e-20,2
"21409",0.382457878278783,0.601370745952806,0.0161713757684107,7.5055455354777e-42,2
"21413",0.212482116329267,0.787505034007392,1.28496633408923e-05,1.26498661761627e-27,2
"21423",1.44770436600603e-12,0.943200679149744,0.0567993208488087,8.60705576480616e-46,2
"21425",0.0896145063561227,0.905018845142749,0.00536664850112819,2.51462768535894e-37,2
"21430",1.26644163687538e-05,0.999987288001549,4.75820825672627e-08,7.12563563959366e-18,2
"21432",0.95674336664484,0.0302919594273064,0.0129646739278537,5.81492006710879e-24,1
"21438",2.20814632650563e-17,0.999006385602256,0.00099361439774407,1.16641804645651e-46,2
"21440",0.774826289197682,0.223130984552609,0.00204272624970933,4.30442269731128e-40,1
"21443",0.877697760818728,0.00464743787539999,1.28117526010115e-15,0.11765480130587,1
"21445",4.55721017606318e-12,0.999999994954582,5.04086111063097e-09,8.35988492498581e-20,2
"21447",0.00132244533336474,0.0322432097858826,0.966434344880753,1.84539265412594e-51,3
"21449",0.0141175582324035,0.0291702863729777,0.956712155394619,7.10240013491085e-39,3
"21451",0.0141175582324035,0.0291702863729777,0.956712155394619,7.10240013491085e-39,3
"21455",0.284652615227521,0.0124931937474889,0.70285419102499,3.36521144620285e-35,3
"21469",1.59815020098805e-11,0.403921845907295,0.596078154076724,1.33614929467631e-45,3
"21471",8.91518050029479e-05,0.165647882895296,0.834262965299701,6.40442810314593e-38,3
"21473",0.547442036318366,0.452557906941806,5.67398278546825e-08,5.55541813036296e-22,1
