"","V1","V2","V3","V4","V5","V6","result$classification"
"19812",3.12044160491065e-06,0.938706031346421,0.0452871448580551,0.00010622472504856,0.0154514062476721,0.000446072381198853,2
"19814",0.00321692980194521,0.994429218768997,0.0011381207393922,3.57578529405761e-06,0.00120218979505324,9.96510931840332e-06,2
"19816",1.80499736752798e-06,0.0146445983368174,0.0118887817699908,8.87921697161841e-05,0.973372396714603,3.62601150467761e-06,5
"19818",0.0111084584490901,0.95273708953491,0.00075120512497992,3.76312362430401e-05,0.0353369530337675,2.86626210095857e-05,2
"19820",2.36710264455152e-09,2.39482587715371e-07,0.000194152569239921,6.11742254436095e-08,0.999771943707021,3.36006998235088e-05,5
"19822",4.38757753447176e-06,6.60381465283454e-06,0.033661724386561,1.95316831866787e-06,0.916970278830799,0.049355052222134,5
"19824",0.00109563810747543,0.000579953550090519,1.34438755656201e-05,0.000175733878826251,0.998099758285126,3.5472302915942e-05,5
"19826",6.53315528961814e-05,0.842175350907486,0.120491121699638,0.0138914949203602,0.0233695275092513,7.17341036816767e-06,2
"19828",2.26488943853433e-06,0.000465616426664059,0.000265063432077776,2.69932563373011e-07,0.999067136245267,0.00019964907398875,5
"19830",0.000194197736496898,0.917260335536815,0.0805573836237506,0.00158946753799183,0.000126794570743019,0.000271820994202492,2
"19832",3.37850577301614e-06,0.221261569534803,0.0428576132586789,9.32582558654263e-06,0.112833895802991,0.623034217072167,6
"19834",0.000138942406667505,0.0249927095702754,0.728737813112686,1.12870569990344e-06,0.242920066706737,0.00320933949793437,3
"19836",3.3298168583598e-06,0.589477840663085,0.0142981489917538,0.130872355358465,0.265178010843787,0.000170314326050742,2
"19838",0.000684561263143068,0.998164633011108,0.00108178980464826,7.17828836927875e-06,2.52315869285373e-05,3.66060458030357e-05,2
"19840",7.35572412987588e-06,0.0444564544151563,0.761163164072142,0.00115209709507346,0.193214901688904,6.02700459417609e-06,3
"19842",2.28257138493668e-05,0.0607684988742931,0.00072645714699513,0.938478188073865,3.90811264889912e-06,1.2207834844285e-07,4
"19844",0.999948733167016,1.89109947084827e-05,4.57122259140572e-07,2.44027414029724e-05,7.45155937655268e-06,4.44152366419485e-08,1
"19846",0.108967850408592,0.887192131012444,1.46255177947184e-05,0.00382011038140156,5.18736968507531e-06,9.53100831231284e-08,2
"19848",0.043237777329029,0.956480193300318,3.63732009024775e-05,0.000237401426476052,7.90051160576323e-06,3.54231668858144e-07,2
"19850",0.267429755876747,0.732176000400314,0.00020952578579965,6.10359321102765e-05,0.000121325189181096,2.35681584823593e-06,2
"19852",0.0006111464141252,0.332283614865555,0.0125035477818527,2.17534809219038e-05,0.654435740541471,0.000144196916074838,5
"19854",0.00477170446311909,0.995059098740745,0.000102232086479442,5.87332024280085e-05,7.38116830437114e-06,8.50338924402369e-07,2
"19856",0.983061451622805,0.0156269637739984,0.000658359981890334,0.000211922783198575,0.000432536787994551,8.76505011308924e-06,1
"19858",0.977288412787347,0.0025782785851267,0.000160509652605977,3.11709621833623e-05,0.0198312839737027,0.000110344039034356,1
"19860",6.43427575489568e-05,0.560490536560737,0.211432768772047,4.69186317605703e-05,0.227902702473352,6.2730804554065e-05,2
"19862",0.0055644837357164,0.981191552859275,3.65190198027291e-05,0.0132049831086823,2.35723676457166e-06,1.0403975864007e-07,2
"19864",2.31678051738414e-06,7.49881572902115e-06,1.3191374943443e-06,0.999971901541131,1.68867479454343e-05,7.6977183179405e-08,4
"19866",1.75232540771302e-06,0.00281954355868744,0.0928519257249293,0.0289869117781241,0.875329412699315,1.04539135368813e-05,5
"19868",7.49492850648139e-05,6.46242289486735e-05,0.00482781624923733,3.53045384386487e-07,4.79349852669546e-06,0.995027463692838,6
"19870",0.00234457819648878,0.996367982832364,7.0772845877195e-05,0.00104416332177937,0.000171094780007528,1.4080234827976e-06,2
"19873",0.000894109743583125,0.97547429869719,0.00183560202487546,0.00191094471713233,0.0198804277787771,4.61703844234153e-06,2
"19875",9.51492049749939e-08,0.0025899084453106,0.0438501713419487,1.10156473262502e-06,0.953326756538031,0.00023196696077181,5
"19877",0.00243618559512731,0.989887323613817,0.00539649429576751,9.62017518418549e-05,0.00217033252044261,1.34622230032896e-05,2
"19879",0.00636289158739996,0.707734546412286,0.0350240712858669,0.000228958798584322,0.249688011147287,0.000961520768576291,2
"19881",0.00153809933169514,0.962656850152983,0.00465936201978325,0.0240079573599005,0.00713114382772294,6.5873079153959e-06,2
"19883",9.85864064874179e-05,0.718046092543714,0.00217598894964066,0.277335508528832,0.00234307847568623,7.45095639829793e-07,2
"19899",5.66068321136631e-06,0.0358685337747529,0.939978286247229,0.000236191349586164,0.0235285971024755,0.000382730842744866,3
"19908",0.000321643040200945,0.000252267803875599,0.973221299538329,0.0219397653348833,0.0032188380210335,0.00104618626167821,3
"19910",0.000383687675951406,0.6704733214052,0.00258353041233901,0.000386384754269715,0.326126513489896,4.65622623449644e-05,2
"19912",0.00106160915025119,0.446075388921083,0.00568453038053856,0.547168626489432,9.49578071514628e-06,3.49277980286809e-07,4
"19914",0.0010975962616745,0.439418313232566,0.462640631273794,9.74895039460291e-05,0.0944651842092886,0.00228078551873109,3
"19916",0.00031642301922787,0.000278893525768125,0.000575370972197683,0.276180688341259,0.722602599557869,4.60245836786371e-05,5
"19918",0.0907562818980163,0.90676274814472,5.94580624786634e-05,0.0021844571030201,0.000236923678688385,1.3111307637075e-07,2
"19920",0.88926173779106,0.11058242746248,0.000107579931974677,3.53063393901449e-05,1.28715268054815e-05,7.69482904153997e-08,1
"19922",1.54147672075626e-05,0.238572067460438,0.000147945520418548,7.68515907684102e-06,0.0109237985760413,0.750333088516818,6
"19924",0.0321331371507208,0.95481695566137,0.00714997417437001,0.000195515047927346,0.00569853190368686,5.88606192461914e-06,2
"19926",6.43485043181884e-07,0.0869236430174467,0.751299770772596,0.0086707314936223,0.147720964748495,0.00538424648279699,3
"19928",1.46496698388163e-06,1.21000658003397e-06,1.25198554700208e-07,0.999997155375319,3.90708644889199e-08,5.38169800644853e-09,4
"19930",0.000148456812236611,0.999196992886888,0.000164329780409928,5.32342155242614e-05,0.00043152177888881,5.4645260526049e-06,2
"19932",0.00162552917556709,0.998197881405717,0.000139407648705729,1.68595542496509e-05,1.71079403681573e-05,3.2142753927921e-06,2
"19934",0.000130147292404412,0.0270554062301197,0.042993578062934,1.23394757102743e-06,0.928190269524716,0.00162936494225526,5
"19936",0.000204499358897083,0.934207512952882,0.0592686535259602,2.82720544743631e-05,0.00600314706222795,0.000287915045558361,2
"19938",5.08946300054841e-05,0.000215295006716632,0.144441789434815,1.50428216595835e-05,0.853626213777956,0.0016507643288476,5
"19940",0.000543268110196237,0.905625928821703,0.000507363550143549,0.0253298275409406,0.0679876472256772,5.96475133924529e-06,2
"19942",4.28842941835795e-07,1.02641594479453e-05,1.01278947692869e-05,0.999978560787251,6.16224603001827e-07,2.09098742689059e-09,4
"19944",4.23568114751169e-05,0.231436292031706,0.0194147831470018,0.00160842245431266,0.747447455483129,5.0690072375745e-05,5
"19946",0.0222619980176782,0.88671766168085,0.00908499818594666,0.000175239749743575,0.0817147572885101,4.53450772709381e-05,2
"19948",1.7869467345918e-06,4.88568423431327e-05,1.89810855690977e-07,0.999948369275713,7.96337051527273e-07,7.8730219450409e-10,4
"19950",0.998409531148541,0.00158833351393894,1.09743053917021e-06,6.23041177617888e-07,3.261484596183e-07,8.87173432054232e-08,1
"19952",1.7869467345918e-06,4.88568423431327e-05,1.89810855690977e-07,0.999948369275713,7.96337051527273e-07,7.8730219450409e-10,4
"19954",0.000702503597667593,0.999072719094124,9.18860386798358e-05,5.3706146422137e-05,7.76876342188722e-05,1.49748888816044e-06,2
"19956",0.733784408823632,0.158677276905823,0.0977683618617654,0.00971741917076966,4.19587067813101e-06,4.83373673312482e-05,1
"19958",0.00035281550933812,0.00158538646149372,1.04013214494175e-06,8.39234994560709e-07,7.12672562721355e-05,0.997988651405756,6
"19962",0.216142080156717,0.603632385522828,0.0211576702380959,0.000436957594043073,0.156589405098436,0.00204150138988024,2
"19964",0.0125707693180534,0.925614628771071,0.000204016006799722,0.0228012296267503,0.0387931288214993,1.62274558265805e-05,2
"19966",3.93596459751143e-08,8.57685872187731e-05,0.0327059206666047,0.00660023857814869,0.960565978469463,4.20543389187777e-05,5
"19969",0.000127132590395842,0.985022905493392,0.00554092467223587,0.00900252272401715,0.000305218950897725,1.29556906163447e-06,2
"19972",0.0629405507387496,0.822713077043249,0.000114104719939636,0.11379097689177,0.000440022615375634,1.26799091605025e-06,2
"19974",0.885265997634013,0.0851320285978661,3.57053090699645e-06,0.0295979037073623,4.89359549573323e-07,1.01703024462634e-08,1
"19976",0.0473824513640632,0.938256393742163,0.00387885246185208,0.000289663429692169,0.0101838523316416,8.78667058789159e-06,2
"19978",0.000503692467459387,0.239771565267714,0.0014403274427658,0.00117738821557049,0.757102322876583,4.70372990744758e-06,5
"19980",0.212233732914506,0.787664276101577,4.93560734962775e-05,4.60156827555841e-05,5.85618367199577e-06,7.63043993253808e-07,2
"19982",0.866354264963218,0.132145438068491,0.00137723777350624,1.41807104066993e-05,9.52578979262102e-05,1.36205864519689e-05,1
"19984",0.999646222395202,0.000339695860781937,2.39999122473212e-06,4.24607812950552e-06,7.38137955083511e-06,5.42951110087865e-08,1
"19986",3.67022549718183e-09,1.64714110541763e-06,0.00749219463869975,7.96462975843181e-07,0.992310586925406,0.000194771161587239,5
"19988",1.96029818816197e-09,1.15872800002034e-07,0.00111927173326532,2.86997448516366e-08,0.998557741580127,0.000322840153764727,5
"19992",2.05816956768227e-07,2.49534592121498e-06,0.0247767516995887,2.28006736586705e-08,0.97490594992235,0.000314574414509383,5
"19994",3.60820413081605e-05,0.998724457435066,0.000641402140393288,3.86550556653383e-05,0.000540195403935385,1.9207923631566e-05,2
"19996",9.96049777646511e-08,4.69162274640483e-06,0.000752899946360828,1.41594002916305e-08,0.999208753274522,3.35413919925582e-05,5
"19998",0.00744023460718611,0.125824690480761,0.411145811151042,0.438422788197207,0.0171205011659216,4.59743978834263e-05,4
"20000",0.00062441793368988,0.756262254576503,0.229357597014957,0.00408903580796629,3.86338412247397e-05,0.00962806082565949,2
"20003",2.47732083734399e-06,0.986119306362767,0.00894470538453599,0.000711614887966121,0.00410305683554491,0.000118839208348549,2
"20005",0.0386521593967957,0.959442673784414,3.58013780415367e-05,0.00186553049428268,3.73180046297904e-06,1.03146003223664e-07,2
"20007",0.000860457861932974,0.193141039711065,0.452308645701136,2.50088106847208e-05,0.352479809082144,0.00118503883303755,3
"20009",0.000234104861526992,0.000320757848886652,0.00105371611413854,0.000366684808152908,0.99755965980125,0.000465076566045308,5
"20011",0.00978854101823277,0.960982190158225,0.00106577696372036,0.0251029398706227,0.00305648550714379,4.0664820554596e-06,2
"20013",0.113135961701814,0.869743178473442,0.0167962543609983,1.75399794097766e-05,0.000299511521905085,7.55396243020452e-06,2
"20016",7.37390256890745e-06,8.57915112026922e-06,0.0061786176957142,1.2637572598368e-06,0.990280647988811,0.00352351750452596,5
"20018",9.62656639124349e-10,5.65978234969785e-09,2.02407335633238e-05,1.41353667425158e-08,0.00600823340729743,0.993971505101333,6
"20021",9.58600393929697e-08,0.00778397251106863,0.00085171701281671,1.00920606283627e-05,0.991082336039643,0.000271786515803891,5
"20023",0.000107719880835303,0.0528959520809918,0.0793891040033538,3.25656029266635e-05,0.86661434691958,0.000960311512312335,5
"20025",6.87616270815264e-08,1.3921609269414e-05,0.000983142549706251,1.27222575424609e-06,0.536867542125038,0.462134052728605,5
"20027",3.12296016885796e-05,0.67781707374709,0.01338761677964,0.308681232291421,8.13106235711465e-05,1.53695658950387e-06,2
"20029",0.0155529990521562,0.97390937456276,0.000702184647652115,0.00981515828838389,2.02263167563623e-05,5.71322911515008e-08,2
"20032",2.04659938750129e-05,0.993846017587703,0.000537294967958618,0.00551340849195917,7.86266564352178e-05,4.18630206954016e-06,2
"20034",3.72728702376576e-07,0.000194099746604339,5.59435040565909e-07,0.99980110056639,3.86164094534971e-06,5.8823168766154e-09,4
"20036",0.0191200061026955,0.0269147273569193,0.952494447138456,0.000250700198458467,0.00118159433009516,3.85248733758383e-05,3
"20038",3.02977837166383e-09,0.000171250598388585,0.229282223258996,4.54326704762088e-07,0.766612271010253,0.00393379777587958,5
"20040",2.75262782881918e-06,2.72183581083938e-06,6.8634523872351e-05,0.000147545816579315,0.989451685387654,0.0103266598082549,5
"20043",5.59729859097251e-07,0.00174497902214187,0.0123905918442201,1.50343632941484e-07,0.985349778957831,0.000513940102315255,5
"20045",7.78582487767044e-08,1.67307448459436e-07,0.000153576640656176,2.9140852090282e-09,0.994958307855155,0.00488786742440627,5
"20048",0.999963475443339,3.57881190051109e-05,2.09984068514402e-07,3.43743703565463e-07,1.31021205415627e-07,5.16886781743459e-08,1
"20051",0.0129384587712358,0.592057226209278,0.122157420516857,1.37305531640624e-06,0.258840469680707,0.0140050517666055,2
"20053",0.000173152585059898,0.00822183686359013,0.00294734851878144,0.000101900001203549,0.988507414848814,4.83471825511731e-05,5
"20055",1.71668653287256e-08,0.00590074585281262,0.874055433399776,1.65791569340971e-05,0.100630733299837,0.0193964911237748,3
"20057",0.000688068769964402,6.5259226131092e-05,2.28249144361021e-06,2.28180172325779e-05,3.20465323709589e-07,0.999221251029905,6
"20059",1.89712417095499e-05,0.00702128316943252,0.00209193204665727,0.000444300796414241,0.988380255650044,0.0020432570957424,5
"20061",0.000137547159305374,0.0835546943438183,0.014235516154502,0.000452574330180091,0.901370662624664,0.000249005387530312,5
"20063",0.990894058659999,1.45465492829926e-05,0.000393429172615753,0.000700227479326005,0.00778358999745172,0.00021414814132461,1
"20065",7.16927882780518e-11,2.13567754050349e-06,0.000963300958329712,5.06010256030027e-09,0.0948085335045121,0.904226024727822,6
"20067",0.000201740297494052,0.000157084289813014,0.00251839051021205,9.45144567728955e-09,0.988548062642709,0.00857471280832643,5
"20069",0.486092123817575,0.513799157344138,8.21137389119364e-05,1.64398698345164e-05,8.80337219168367e-06,1.36185734835144e-06,2
"20071",2.73077120260531e-05,0.00268151715741576,0.993004815571816,0.00201364763117118,0.00224672439991389,2.59875276569647e-05,3
"20073",0.872735285321546,0.126127840141136,6.55288778754745e-06,0.000485128171483929,0.000644574493523991,6.18984522356607e-07,1
"20075",6.96200287533462e-07,8.98591165594533e-05,0.000847058366594207,4.53731153069263e-08,2.53226837848187e-06,0.999059808675065,6
"20077",0.000275229385796405,0.00342922926266194,0.633313557746388,6.65311712100209e-06,0.362957740406079,1.75900819535441e-05,3
"20079",0.832920017600022,0.0453637511921372,0.0140461902305915,2.94936625281265e-05,0.106836645425911,0.000803901888810037,1
"20081",6.61672991284224e-06,0.00475442673859002,0.0733335594123852,4.70333053698032e-08,0.783747233612371,0.138158116473436,5
"20083",0.852026466728126,0.00421830388157245,0.14068053695928,0.00175501108228532,0.0011124020324138,0.00020727931632267,1
"20085",5.23702985656725e-10,2.3514723069026e-07,0.00203779668352097,1.0598071914561e-08,0.996108413242373,0.00185354380510097,5
"20088",1.04585656459637e-07,0.000192480065600397,0.00512190428258817,5.27416450376082e-08,0.994059076051728,0.000626382272781986,5
"20091",1.57581584058363e-06,3.79283116159783e-05,0.00027103461994526,1.59753965163542e-09,0.000926001152353979,0.998763458502705,6
"20095",0.885385715874943,0.0128237064850728,0.00118835362647095,0.043320874911995,0.0571133366714059,0.000168012430112295,1
"20097",8.41486592292751e-10,4.75232573168135e-07,0.00763306804314338,5.51445944855493e-09,0.984009059647802,0.00835739072053546,5
"20099",0.00269588327113011,0.00144113476634069,0.000154827328195946,0.097396994952659,0.898309847067757,1.31261391780145e-06,5
"20102",0.945436634579137,0.00143919233686631,0.000229350804554202,3.72732629943136e-07,0.000769892593606259,0.0521245569532061,1
"20105",0.00040838837899062,0.00322434937723673,0.00139804668962287,3.14190263537343e-07,0.994777002985028,0.00019189837885814,5
"20107",4.36076365944933e-07,0.000220578650022254,0.0736916099657349,1.44299272018458e-06,0.926028839350008,5.70929651488625e-05,5
"20109",0.181566058451789,0.0223281733346336,2.72596713630188e-05,0.000832035828159982,0.795235732297347,1.07404167072873e-05,5
"20111",0.00923654010622135,0.436811349420798,9.63533408222468e-05,3.27273226919016e-05,6.00716899692649e-05,0.553762958119497,6
"20113",3.93364673325089e-07,0.00234863171886434,0.779606623361795,0.0060959240276644,0.21192281235564,2.56151713626637e-05,3
"20115",0.000341505102809203,0.995533805796914,2.61757380496261e-05,0.00388017344136284,5.23504400831223e-05,0.000165989480780975,2
"20117",4.21586015917772e-06,0.000717965042747168,0.0190018375882736,0.350174894492413,0.0886725650059257,0.541428522010482,6
"20119",2.06888627936386e-08,9.99584142634515e-05,0.0443466122474536,0.0292600183097608,0.926275469669419,1.79206702404443e-05,5
"20121",1.47764999919334e-08,2.44065631895802e-05,0.0483419449669756,8.46466376214445e-07,0.951447650478366,0.000185136748592656,5
"20123",5.67266907213039e-09,6.44354071023819e-06,0.000875923518077347,4.18750980594199e-09,0.000507101414681972,0.998610521666352,6
"20125",0.0929414120176141,0.905640502140685,0.00132717096832325,1.11571767096111e-05,7.1718729547112e-05,8.03896712090263e-06,2
"20127",1.07196898395952e-06,3.16126406945903e-06,0.000132751222503164,4.74577889998984e-08,0.999717400464191,0.000145567622463423,5
"20140",4.19355074765707e-08,0.00173163854985746,0.987589488558408,3.76954042211248e-05,0.00482665033080751,0.00581448522119801,3
"20142",0.995431965410573,0.00455678327141142,9.31143351259016e-06,1.21282185703362e-06,5.24865072125495e-07,2.02197574216498e-07,1
"20144",0.0085045826885641,0.964903382435174,0.0225813267772011,6.71348419616047e-05,4.07886436432293e-05,0.00390278461345588,2
"20146",0.364366566266844,0.272303374587829,0.360807488424354,4.25184945078472e-05,0.0016792839126917,0.000800768313773348,1
"20148",0.000223335919292169,0.955818303242304,0.039885019574908,2.0354115512884e-05,0.00400935859721092,4.36285507723245e-05,2
"20150",0.46269906865992,0.534729265162437,1.29038183855289e-05,0.00255738270493414,1.31449461824926e-06,6.51597048614958e-08,2
"20152",0.000155906981703953,0.939930051287385,0.0389535694703017,0.000105823917151957,0.0207787516876161,7.58966558408429e-05,2
"20154",4.32079362829542e-06,4.42676071664261e-06,0.000439768183288948,3.02143241357026e-10,0.0190681069520457,0.980483377008177,6
"20156",0.0423062789713684,0.0452492356224847,0.666632523410982,0.000116181471940032,0.241627223304108,0.00406855721911665,3
"20159",0.598433408887951,0.401343843318377,0.000201710006538168,1.02754779003164e-05,8.27564978752045e-06,2.48665944626373e-06,1
"20161",0.993004126580347,0.00500484488392702,0.00169870183124456,9.24788202767785e-05,0.000185969314658054,1.38785695466303e-05,1
"20163",4.95619604087463e-06,0.962732941610429,0.00191689372017675,0.00095379680893205,0.0335038565508639,0.00088755511355755,2
"20165",0.992139923095543,0.000666637974588724,1.22396772167878e-05,1.02008704409996e-06,0.00716972153482824,1.04576307791726e-05,1
"20167",0.00709912728817418,0.990020916035393,0.000693111285722838,1.16947283717609e-05,0.00217241880642035,2.7318559180524e-06,2
"20169",0.999834928844676,0.000163718995723598,7.46819203897591e-07,4.01086337743113e-07,1.44827747843208e-07,5.94263112822089e-08,1
"20171",5.63567048956871e-06,2.40711435192856e-07,0.000338419959675339,1.64755371706008e-10,0.00453767274259123,0.995118030751053,6
"20173",0.204657657079347,0.000881225658190585,4.00255164480611e-05,0.732952074953927,0.0614613307960344,7.68599605311554e-06,4
"20175",0.00729153674839405,0.989103380765683,0.00265147771974324,0.000248999756752105,0.000698094104285521,6.51090514199663e-06,2
"20177",0.000134123595959601,0.00233456116043683,0.000965966402550285,0.470140775008894,0.526420994579923,3.57925223609712e-06,5
"20180",7.08757069443519e-11,1.67204458636484e-05,0.00490934870853048,6.56163646154157e-06,0.993470244455103,0.00159712468316497,5
"20182",0.997917058497181,0.000181485964186104,9.0071591898629e-08,0.00188916899261169,1.5501303607769e-08,1.21809731260563e-05,1
"20184",0.963409214463222,0.0362725812225716,0.000262477076934608,6.73212164746434e-06,4.831728438211e-05,6.77831241910177e-07,1
"20187",0.00115282893419203,0.00121068495497575,0.00398753256395484,0.991383739569113,0.00226507277362634,1.41204137990829e-07,4
"20189",6.65526777618858e-06,0.0415836657904062,0.000665875672076524,0.0135925977399739,0.944147679027397,3.52650237063035e-06,5
"20192",2.40518739145987e-06,0.00280804060837059,0.000208517539558989,0.0185665702409634,0.828954412333598,0.149460054090117,5
"20194",0.742461054714603,0.0409294291588318,0.101489199285909,0.115087156451308,3.26004169924033e-05,5.59972356220892e-07,1
"20196",1.65208979385858e-07,4.94993263771819e-05,0.00397798896641901,7.12483381932799e-08,0.796001012045821,0.199971263204065,5
"20198",0.000797548335064646,0.568515831762561,0.203173326193209,0.000566972389870052,0.223396612574394,0.00354970874490136,2
"20204",0.440109508281929,0.559825905266688,2.73898700925834e-05,1.97436345768187e-05,1.26706159895223e-05,4.78233072417904e-06,2
"20207",4.05436919646277e-05,0.000121997759951851,0.0325421520986382,7.80840922525233e-09,0.885170887949942,0.0821244106910938,5
"20209",5.32865310804529e-06,0.854158209593156,0.0295259687308198,0.06592400261818,0.00030474897170556,0.05008174143303,2
"20211",5.8469725601276e-08,1.79682890471441e-05,0.00221259612259316,9.14548984760309e-11,0.000410961119617198,0.997358415907562,6
"20215",1.03755999508244e-05,0.00172092153435467,0.862226367405503,2.04603404203936e-06,0.135952008033785,8.82813923636801e-05,3
"20218",0.981363971926555,0.0186277186555611,5.28260207063456e-06,1.64732527039716e-06,1.11772541264652e-06,2.61765130155473e-07,1
"20222",0.000101203125975943,0.00556855047781152,0.0597271287946225,6.17185215800839e-08,0.874390144666746,0.0602129112163222,5
"20225",0.0331704311712348,0.916954449895002,0.0492020832376032,0.000353252710633947,7.67559067141448e-05,0.000243027078811886,2
"20229",1.087922488067e-05,0.00248879240000611,0.997030106227498,1.53731567342546e-05,0.000102817586636411,0.000352031404244865,3
"20232",8.69766683153005e-06,0.0235823400548311,0.747893478738702,1.85789302500621e-05,0.224026071001001,0.00447083360838357,3
"20234",6.29026466399363e-10,1.54771660312615e-07,4.42575091705334e-05,1.24409463580813e-06,0.88559007509962,0.114364267895887,5
"20238",7.7803801452241e-06,0.000196685281159572,0.0111691301735488,8.31897651056841e-07,0.987869614837835,0.000755957429660669,5
"20253",8.49485217316276e-07,3.09704104974563e-05,0.650791470906734,9.51419568138627e-07,0.349043919350395,0.000131838427587817,3
"20255",0.000219907706443895,0.996275298340565,0.00320593801921319,2.84242352998211e-06,0.000113040601509614,0.000182972908738714,2
"20258",2.24622029332041e-08,5.45844839401201e-05,5.94927340424622e-05,8.47004256341305e-07,0.999858013138682,2.70401768758038e-05,5
"20269",0.0243710661370961,0.0247215929985371,3.98940903573029e-05,2.75766555837453e-05,0.950786789772891,5.30803455347488e-05,5
"20271",9.18889685810331e-08,0.000151053175223423,0.000147292394866584,0.00785955566020646,0.991835212234853,6.79464588143063e-06,5
"20285",0.000989494933032408,0.0240242260440853,0.00969696726040915,0.96311247501539,0.00217356253956244,3.27420752047544e-06,4
"20288",3.24087807107446e-05,0.00363814255681686,0.796770882456242,2.71103773353562e-06,0.199280216161726,0.000275639006770827,3
"20291",1.94902437527265e-06,0.000101972594527844,0.00542106612259994,4.02251692680573e-07,0.720340961920785,0.27413364808602,5
"20295",0.00885866895286041,0.0592366144367064,2.45024183184585e-05,0.107098745741516,0.824678237749447,0.000103230701150768,5
"20298",0.00293113806157018,0.996601528154491,0.000398392907238231,5.80775139444336e-05,9.76574814557494e-06,1.09761461094234e-06,2
"20302",0.597406951877311,0.399722038150761,6.86210936742262e-05,0.00214250324012475,0.000656865211893713,3.02042623587198e-06,1
"20305",0.000418949151915261,0.998151279504377,9.61329295067413e-05,0.00132533575408575,7.86487212955787e-06,4.37787985955871e-07,2
"20307",1.8921152123483e-08,6.95572791395366e-06,0.00122354083609493,1.4028216885037e-08,0.998544475587009,0.000224994899613071,5
"20310",1.37046300089337e-08,1.41658806009212e-07,0.000180299883248498,2.39915048802402e-07,0.9987086046298,0.00111070020846647,5
"20313",0.999386117669744,0.00060252237842193,1.74329907029328e-07,1.11356217546874e-05,4.48347157456615e-08,5.16545632137107e-09,1
"20315",3.07956643497076e-07,0.000286903869071459,0.0121307035792013,1.28896083922624e-05,0.987521692380582,4.7502606109795e-05,5
"20319",1.09804493722446e-07,7.17362586958506e-05,0.0290088652962763,1.48276264664267e-07,0.304393931324009,0.66652520904026,6
"20321",5.7239176773658e-06,2.9277160661867e-05,0.00733514088369422,9.11459103589678e-07,0.99260139945641,2.75471224533053e-05,5
"20327",6.65445989124623e-08,1.519585034102e-05,2.65297392467593e-05,1.53739881493843e-05,0.999939533679441,3.30019822288581e-06,5
"20329",6.41124950259142e-05,0.000111266202658606,4.22229100528537e-06,0.999820026835123,3.71889067083475e-07,2.87120031091697e-10,4
"20335",8.15367541449212e-07,6.86382445765473e-06,0.000775329455976399,7.89686485621103e-10,0.891888432568559,0.10732855799378,5
"20337",0.204180210369361,0.79568923742816,0.00010234568860401,1.08216884184295e-05,1.43832402598201e-05,3.00158519612586e-06,2
"20339",2.1844004818709e-06,0.0036087189948627,0.360549324746011,0.000347780896079462,0.00252770239929347,0.632964288563271,6
"20341",0.000414392132828867,1.60250874625051e-05,0.00314084291584003,8.11745530713378e-09,0.0158624806565382,0.980566251089875,6
"20343",6.14592805044432e-05,5.71623906625877e-06,0.000786048424896299,8.24391372941171e-08,0.993161521574663,0.00598517204173271,5
"20345",5.30180476526548e-06,0.961401125105464,0.010555086637679,0.0255385794086934,0.00248110126406177,1.8805779336071e-05,2
"20350",0.00130480079833493,0.00234561497571666,0.983109771780585,0.000269916144063096,0.00775814309751965,0.00521175320378107,3
"20352",0.999595570442527,0.000402788914148698,3.3601373633194e-07,3.47781494125307e-07,8.73222004239284e-07,8.36260893367547e-08,1
"20355",0.976764603969709,0.0207003206947566,0.000592745666219181,0.000108613631357337,0.00174709553026167,8.66205076961492e-05,1
"20358",0.0133222539591947,0.0258160318525313,3.62075705301089e-05,0.960819035876876,6.45737621299551e-06,1.33646547841067e-08,4
"20363",4.20787142657042e-06,0.000139063524763724,0.00802901573149034,2.65034146559683e-07,0.991799127429424,2.83204087487025e-05,5
"20365",1.29554595876545e-06,0.0213404050692964,0.133662051801971,3.38631093810602e-07,0.291274195313155,0.553721713638525,6
"20379",0.000699747847558794,0.998286104878021,0.000345882473565244,0.000222567342578376,0.000148057302576423,0.000297640155700087,2
"20387",1.03467363509343e-07,0.000253431256494362,0.000265124017439875,5.35311631871109e-08,0.998564029789203,0.00091725793833634,5
"20392",3.17011783948063e-09,5.57167239808094e-06,0.000266059758683467,1.00786328628288e-10,0.0010725581803061,0.998655807117708,6
"20395",0.000885834447560368,0.666351646924711,0.325932664819644,3.47517903527932e-05,0.00671421379321949,8.08882245126145e-05,2
"20397",0.00504744783085553,4.47287621538238e-05,1.6788905529583e-07,0.994907604225045,4.97559678982424e-08,1.53692290813796e-09,4
"20410",1.25002966707277e-08,0.00514712377289476,0.00153480645271468,0.000247441120121033,0.992733702166191,0.00033691398778196,5
"20414",0.193760908796317,0.805605387305227,2.86500394664833e-05,6.27733151139125e-05,0.000539252500800981,3.02804307522513e-06,2
"20417",5.24037451680906e-09,3.6011391766286e-08,0.000300589815232376,3.00659307576558e-05,0.0644348295838535,0.93523447341839,6
"20419",4.71741312283944e-07,7.51258566991797e-06,0.000161506209491127,9.3000135491499e-06,0.999820744550125,4.64899852253383e-07,5
"20421",0.687982151077249,0.297803703743085,0.000897539482839393,6.23412679898825e-06,0.00200817984688867,0.0113021917231387,1
"20423",0.306850972770918,0.692817410992989,0.000183143183776399,5.99969243878296e-06,9.59553503606656e-05,4.65180095177954e-05,2
"20425",0.682392176485453,0.2874524396406,0.029850267415058,2.08106215421567e-06,0.000175717994426051,0.00012731740230882,1
"20427",0.00020176647287482,0.960854745591762,0.00724900672654134,5.97209239136804e-05,0.0316209623222272,1.37979626809442e-05,2
"20429",0.000192178619176988,5.64051277903648e-05,0.0211583211343875,0.000114981564539884,0.976489951886895,0.00198816166721046,5
"20432",0.7817502822545,0.217790074267935,1.33364350514244e-05,0.000423024671003846,2.31472987605067e-05,1.35072749046056e-07,1
"20435",7.00391905813215e-06,0.121338880127042,0.150207068753201,0.000190940680606795,0.711694767990042,0.0165613385300502,5
"20438",0.000319250603503232,0.00014202013947044,0.0540335902773224,5.31058819216869e-05,0.945446929808188,5.10328959381808e-06,5
"20440",5.79962570305003e-06,5.29686513104484e-05,2.28066928989028e-05,6.85887338302875e-06,0.999901459177134,1.0106979570957e-05,5
"20443",0.998446435710537,0.000651731954748904,0.000844132065594981,2.55006930200645e-06,4.94683522582545e-05,5.68184755912597e-06,1
"20446",0.00330583712061515,0.426814856984969,0.00916558180082381,0.00213540502260796,0.557433687592298,0.0011446314786865,5
"20449",5.66477103835125e-06,0.0292569684996667,0.819016806193941,4.82763915544827e-05,0.149526128943592,0.00214615520020824,3
"20537",0.000102263176183087,0.0042854404907673,0.000737987869170255,1.09730536058901e-06,0.682928340923142,0.311944870235377,5
"20540",1.3967763792544e-09,2.26886750167406e-06,1.12634253563809e-05,2.12086201929668e-09,0.00391229381302709,0.996074170376476,6
"20543",0.00261986715555143,0.826650400374279,0.00271649349643661,4.17634674645905e-05,0.167530140956409,0.000441334549859759,2
"20545",1.37285105039614e-07,1.17432010233384e-05,6.2953159893636e-05,3.81465879804301e-11,0.000409173610926126,0.999515992704905,6
"20549",0.0108629255368454,0.952983429225234,0.00298682609719397,1.20787821534032e-06,0.0307198157069892,0.0024457955555222,2
"20551",0.000103808095043006,0.014552510400308,0.0919354200630353,2.29280787741978e-07,0.892515971665085,0.000892060495741093,5
"20554",3.68493294646313e-06,0.00230989482395828,5.70533589452304e-05,3.50564147305001e-06,0.997574518457053,5.13427856234762e-05,5
"20556",0.000135170145025144,0.0359813671061452,0.949978908892784,2.15656328667087e-07,0.00804381503018042,0.00586052316953653,3
"20558",1.04777068767568e-07,2.26272218098579e-05,0.000411407467474516,2.09617415961109e-08,0.999491729580559,7.41099913461911e-05,5
"20560",0.00339008769178513,0.0119016229848027,0.0118477666909417,9.8619597020941e-07,0.972825139116689,3.4397319811147e-05,5
"20563",2.68043005851311e-07,2.30011831166795e-06,3.14460560386387e-05,6.49295512954989e-08,0.99986008776951,0.00010583308358254,5
"20565",0.0254197141827046,0.075232964361756,0.224538504922379,4.89484354915322e-06,0.674299829925073,0.000504091764538709,5
"20567",0.908735334398436,0.0907502042513868,0.000328545797195883,0.000159990594846382,2.54904985739936e-05,4.3445956120568e-07,1
"20571",1.19841815781341e-06,8.55169442458833e-06,0.984453892606654,1.73002356351214e-05,0.0152507260543656,0.000268330990762601,3
"20573",0.000533872895614385,0.0256034121962578,0.174985022367697,1.95903079899046e-06,0.796503129011228,0.00237260449840312,5
"20575",6.18618593602709e-08,5.56946772178625e-06,0.000258328199498622,9.94767152299461e-07,0.999689261742163,4.57839616055065e-05,5
"20577",3.40986758521564e-05,0.246694898689648,0.728884808690846,0.000241692271859246,0.0237919451178898,0.000352556553904905,3
"20579",0.886621829178672,0.00108451007021686,3.45745341175581e-06,0.112289591686731,6.08016497488079e-07,3.59447098183662e-09,1
"20582",1.52047550815495e-08,2.4513122930405e-06,0.000398968798512894,5.56540040434763e-08,0.999548741018153,4.97680122815857e-05,5
"20585",7.99401722564598e-07,0.0081371998407441,0.0351456508393184,2.11336969693888e-08,0.053295988151791,0.903420340632727,6
"20588",0.000149551275267403,0.00528438090058561,0.0764831317038238,1.18108920838265e-06,0.00390026543031333,0.914181489600801,6
"20590",0.994335596666861,0.00433370126206785,1.51814488518902e-06,0.00132903403587258,1.47962016856222e-07,1.92829634532865e-09,1
"20592",5.84983483327081e-07,1.14044655941406e-06,0.000667262742705611,2.0777871396192e-08,0.999301510251485,2.9480797895212e-05,5
"20594",2.0809291768811e-09,4.89537097364976e-06,0.000178386743111725,4.18411206613647e-07,0.999652323120647,0.000163974273131372,5
"20596",0.000248836612753361,0.00518931895744634,0.00130184352579616,0.00126882027859645,0.991989577784699,1.60284070851799e-06,5
"20598",3.09523289880548e-06,0.00621515597830605,0.00325944486702306,2.78643928678842e-06,0.990470441874982,4.90756075031005e-05,5
"20600",0.000550715790272137,0.0530783698610857,0.731297175406539,1.96968618625134e-07,0.0153377463756548,0.19973579559783,3
"20603",0.00273241982072661,0.985617474470423,0.0102476653415955,1.81405233187398e-05,0.000212097684578409,0.00117220215935764,2
"20605",1.12825853995352e-08,0.000133479329485946,0.0318014654392083,6.48701264007154e-06,0.967863534825571,0.000195022110509042,5
"20607",2.94410834042841e-07,0.000539065340785145,0.0410659706392201,3.69926820218934e-05,0.958353859045372,3.81788176634593e-06,5
"20609",1.16031683789427e-05,0.0114440158704681,0.000220394457880442,8.63878477271164e-06,0.988258831918686,5.65157998135759e-05,5
"20611",0.000152520697082165,0.990228963781289,0.000569021610146125,0.00903821892456432,1.07537650749102e-05,5.21221843700359e-07,2
"20613",5.27630803796439e-06,0.597922046050782,0.00197736391687687,8.46968009353796e-05,0.397612336817898,0.00239828010547013,2
"20615",0.000703195299675255,0.128775418765884,0.823858228134905,2.3683930770544e-07,0.0376648696140072,0.00899805134622091,3
"20617",0.99800333615166,0.00199407718365319,1.51298103664924e-06,6.5119499459277e-07,3.2905611191229e-07,9.34325443325216e-08,1
"20619",2.48623693563107e-06,5.82163321807835e-06,0.0166534065084531,7.85239019409684e-07,0.983325756164662,1.17442177116416e-05,5
"20621",2.41709684807447e-05,0.00814278483586489,0.134635767889655,3.52050960531535e-05,0.857003290125506,0.000158781084439332,5
"20623",0.989854154932771,0.00800463964951072,2.4685143729777e-05,0.000904018597154916,0.00121242525410847,7.64227254261014e-08,1
"20625",0.0463617685522794,0.876527362702652,0.0625943759997203,6.10311097373237e-06,0.000418138642367117,0.0140922509920078,2
"20627",2.55904980079901e-06,0.172727204018884,0.0689994275091398,0.000510645534643005,0.757491575045145,0.000268588842387292,5
"20629",0.000392587191065067,0.0654139413442641,0.643064033229533,3.53018167415934e-06,0.29041496429902,0.00071094375444347,3
"20631",4.38776840177545e-06,3.2355517960779e-06,0.000861606999310492,5.02607208359241e-08,0.999081139622513,4.95797972577777e-05,5
"20633",0.999613049944741,0.000321031182825299,1.01722742441841e-07,6.57863981066856e-05,2.83530636701115e-08,2.39852074081982e-09,1
"20636",0.0249633124964002,0.62480490486351,0.295811061098999,0.0541794748773599,0.000240000496675765,1.24616705506662e-06,2
"20638",9.17420164754149e-06,0.0237955480187927,0.970876020231742,6.10202778069855e-05,0.00349774481286618,0.00176049245714438,3
"20640",7.02767690552919e-09,0.0015934189060933,0.0194549879915917,5.9283120053969e-07,0.900889002402867,0.0780619908405703,5
"20645",1.0600730103719e-09,5.53814667066431e-07,0.00220573380007448,3.62111838451963e-09,0.995220930449227,0.00257277725483997,5
"20647",0.999962517680307,3.66190877441301e-05,2.92502878456576e-07,3.76430427868328e-07,1.35919989004109e-07,5.83786539188511e-08,1
"20649",4.78384402859011e-06,0.0135900935245456,0.00105011330641017,7.20509143609865e-07,0.976932779131921,0.00842150968395083,5
"20651",6.74599639474284e-06,1.7499294596754e-06,0.00217270370145876,1.02393757889935e-05,0.996114461113586,0.00169409988331191,5
"20656",1.2759758023529e-06,0.000651915439013041,0.000160705322332639,4.12204733936662e-07,0.968187462445423,0.0309982286126945,5
"20660",7.60209531577002e-07,0.00338203057307434,0.000164717704254153,0.000351443110988677,0.0341867820032171,0.961914266398934,6
"20662",0.85667249692188,0.0515872910615908,0.00103732969691431,0.0905545844571998,0.000147694595868236,6.03266547080883e-07,1
"20664",0.0920982126542721,0.006765488194994,0.00418052397965226,0.00657171901793822,0.890373669017666,1.03871354776139e-05,5
"20666",3.08988792667124e-05,0.959249996679766,0.000284140469476633,4.1191060841644e-05,0.000209671697813037,0.0401841012128365,2
"20668",0.353475704329202,0.646338739380767,4.57474477079877e-05,0.00010950228770659,3.01275783553176e-05,1.78976261650877e-07,2
"20670",2.13148387267827e-06,0.000347272866464168,0.00247930271175508,0.000448460652363064,0.996561916003768,0.000160916281777057,5
"20672",0.346344851262839,0.653586387262795,3.34747416630446e-05,7.78825343487355e-06,1.82379218032719e-05,9.26055746485001e-06,2
"20674",9.78927001234045e-05,0.0363606173166997,0.4202710853224,9.57047766670472e-05,0.543136595991089,3.81038930206386e-05,5
"20676",0.001987075644146,0.0522169699321399,9.26727175616661e-06,0.94578639603107,2.37330633658533e-07,5.37902543800824e-08,4
"20678",0.0239645842744657,0.0326245437548037,5.70340482619293e-06,0.943404868589787,2.93519084228699e-07,6.45703276572805e-09,4
"20680",0.223685766779682,0.775386931244219,0.000221365931674215,7.44788756002639e-06,0.000687866337865426,1.06218189995983e-05,2
"20682",0.000431533257937055,0.851563322655934,0.00166795726942513,0.144832329186689,0.00150286275954946,1.99487046574342e-06,2
"20684",1.09009593150884e-05,0.0486679470377519,0.20505649027665,0.0849395256528555,0.659174276346837,0.0021508597265906,5
"20686",0.980121341718118,0.0198694150471063,5.6493579048424e-06,1.52089215228861e-06,1.77850726826191e-06,2.94477449890752e-07,1
"20688",0.0303018285689977,0.00114912772307593,4.75455495420336e-07,0.968548471767865,9.50777175915058e-08,1.40684854150001e-09,4
"20690",4.66926652625577e-08,0.000662983990070446,0.0648623309764308,1.07587710740711e-06,0.0228039135225777,0.911669648941148,6
"20692",0.977783546364107,0.00104347007779601,2.45186235213837e-07,0.0211726708706994,6.5048082131063e-08,2.4530798377878e-09,1
"20694",0.00969817504268558,0.989968978600267,0.00014218309528522,0.000184837849575891,5.44059262465289e-06,3.84819561869178e-07,2
"20696",0.0049024280367093,0.982097353538042,0.0120092377374886,0.000741120134094142,0.000243282021708778,6.57853195713606e-06,2
"20698",0.00203632274036542,0.00691550100786103,0.896113645604408,1.8805893004809e-06,0.094353525799857,0.000579124258207913,3
"20700",0.0023577719107517,0.000469593036501598,0.00418565632183324,0.000159632803448925,0.992675948148548,0.000151397778916541,5
"20702",1.56015958832729e-08,2.0589448196625e-05,0.521704342486376,6.25011620502824e-08,0.0323174640992666,0.445957525863402,3
"20704",2.66883610388516e-05,0.136227835357413,0.151646708026492,5.49381983434127e-05,0.711878585296509,0.000165244760203569,5
"20706",0.00359792274464363,0.0939123766322076,0.74509189238282,0.122173062794055,0.0347112847851231,0.000513460661150112,3
"20708",0.000156344904499558,0.0456137328138495,6.27448143019739e-06,0.954221415905223,2.21233066766056e-06,1.95643300383801e-08,4
"20710",8.84902106601613e-07,0.0264902746939416,0.347591688564565,3.90480051749804e-07,0.347645634137797,0.278271127221538,5
"20714",0.991218138931285,0.00870796483090899,3.07616104323127e-05,3.61405052808447e-05,6.98549440966584e-06,8.62768377759574e-09,1
