"","V1","V2","V3","V4","best$classification"
"19812",0.0200327800467291,0.979967213535151,5.68538158684684e-09,7.32737896450069e-10,2
"19814",0.0116085832905478,0.985199662317804,2.59350784268232e-12,0.00319175438905477,2
"19816",0.0250552223521004,0.956201367809441,0.0187434098384586,4.94660556083884e-21,2
"19818",0.010545883285079,0.989454072342859,4.43201954721321e-08,5.18668170900036e-11,2
"19820",0.0932330252524859,9.65976095174748e-05,0.906670377137997,9.00776746949271e-52,3
"19822",0.996048254821734,2.5761236444096e-12,0.00395174517569046,9.45874096611417e-70,1
"19824",0.516377006435171,9.71916656070767e-05,0.483525801899222,4.81030525351548e-40,1
"19826",0.038480233984873,0.961519757241618,8.77308309243976e-09,4.25549728350843e-13,2
"19828",0.0194356810530179,0.04541866451921,0.935145654427772,8.82834365259961e-38,3
"19830",0.233036035872929,0.76696396412707,1.62443767376036e-15,1.78455287028608e-21,2
"19832",0.956113631200457,0.0438605378483071,2.58309512364076e-05,5.19873878329608e-26,1
"19834",0.154463962916835,0.843715380770751,0.00182065631241431,2.36093862839582e-29,2
"19836",0.0721890900539295,0.927784519124488,2.63908215829812e-05,4.29790730164657e-19,2
"19838",0.0115528820207337,0.646920741541845,2.72536578698288e-18,0.341526376437421,2
"19840",0.057967954780107,0.941604787754959,0.000427257464934239,8.18059053892262e-28,2
"19842",0.131191596725209,4.33691509785192e-05,2.79923935220593e-18,0.868765034123813,4
"19844",0.999997709281822,1.04160073531372e-15,1.58497444270559e-12,2.29071659268381e-06,1
"19846",0.00157464089411475,0.0112020516921682,5.81922305298914e-22,0.987223307413717,4
"19848",0.000578566793433769,0.0388413443574831,1.08563812402095e-21,0.960580088849083,4
"19850",0.0380447985534711,0.961955051934156,3.26700055642186e-16,1.49512373030738e-07,2
"19852",0.0221304511657762,0.977803748014796,6.58008194273947e-05,2.45049712372533e-21,2
"19854",2.2955288918715e-05,0.00328158886732956,5.11226600180022e-23,0.996695455843752,4
"19856",0.999877448503075,0.000122551490290088,6.63489036003494e-12,1.06370091455475e-24,1
"19858",0.999986451575019,9.48349223865874e-06,4.06493274228299e-06,1.17311452402088e-28,1
"19860",0.0530588688673068,0.946935391588805,5.73954388865645e-06,1.05142925415443e-19,2
"19862",5.66062999147365e-05,0.000377703096107123,7.97656589761317e-25,0.999565690603978,4
"19864",0.99999999999959,5.41113042557981e-26,4.09596933734413e-13,3.37917724079979e-16,1
"19866",0.674251009267821,0.0813826444406685,0.244366346291511,7.88413841967189e-41,1
"19868",1,7.40866254833175e-30,9.10818581494545e-20,1.77474057267717e-24,1
"19870",0.021529293221295,0.978470660117465,2.98297069119957e-14,4.6661210365267e-08,2
"19873",0.0293793706591323,0.970620613233003,1.61078647203851e-08,1.47001544303891e-22,2
"19875",0.0387852486402113,0.703973086411488,0.257241664948301,1.13921309595156e-35,2
"19877",0.0131115389026062,0.986888461093329,4.03665256968447e-12,2.86123607654288e-14,2
"19879",0.0497722703193746,0.95022601306544,1.71661518590106e-06,4.40183895852654e-32,2
"19881",0.0755322242226918,0.924467775464128,3.13179817888463e-10,3.87039538803013e-23,2
"19883",0.140282305356475,0.859716019409569,3.57555636554031e-10,1.67487639969699e-06,2
"19899",0.207322215270014,0.792673555066868,4.22966311750066e-06,1.18420153361419e-33,2
"19908",0.99999999890606,1.63207093340049e-17,1.09393965749268e-09,1.02892626955442e-54,1
"19910",0.0127424268438181,0.987247414158362,1.01589978202861e-05,1.8720033606376e-17,2
"19912",0.97474792288483,0.0213596786993026,1.18668821205796e-18,0.00389239841586779,1
"19914",0.0623623828264752,0.937637247751397,3.69422127731356e-07,2.65670718791541e-39,2
"19916",0.999059556592233,4.02431545601969e-12,0.000940443403743066,8.45480043536371e-54,1
"19918",0.0262459423197959,0.960657003387966,2.43508186907257e-14,0.0130970542922137,2
"19920",0.000411154809335514,0.00500166840262381,2.76272555578812e-19,0.994587176788041,4
"19922",0.999980059664,1.95922392393714e-05,1.64527814950805e-07,1.83568945489625e-07,1
"19924",0.0192387576541128,0.980761242296654,4.92331921044288e-11,4.76781773829054e-16,2
"19926",0.672307990897845,0.327609154204863,8.28548972920928e-05,2.37543941717174e-43,1
"19928",0.999486320849922,1.83382128198545e-33,4.53481652411473e-21,0.000513679150078068,1
"19930",0.00698479770202393,0.992033717835599,4.40320783721111e-13,0.000981484461936776,2
"19932",0.000158108394896442,0.0235053720410687,2.8546951588855e-20,0.976336519564035,4
"19934",0.0719828685908335,0.921236430392914,0.0067807010162526,2.70287719527773e-30,2
"19936",0.0335766889513773,0.966423310938988,1.09627877006494e-10,6.97920816471487e-15,2
"19938",0.935733615044544,0.000497433242648091,0.0637689517128077,2.98186281736735e-69,1
"19940",0.0309975552456749,0.969001515487385,9.29266866955847e-07,7.3136771197072e-14,2
"19942",0.999999961055797,9.77620309926797e-18,3.45871518190619e-14,3.89441680934247e-08,1
"19944",0.0312243729176697,0.968606018305586,0.000169608776743921,2.13214476175973e-27,2
"19946",0.0259219282145777,0.974077984033454,8.77519684937479e-08,5.28881447114729e-23,2
"19948",0.987797220654493,1.00650250590904e-15,7.9662682961788e-14,0.0122027793454259,1
"19950",2.10182232500932e-05,1.21415290062621e-08,1.70720052886872e-22,0.999978969635221,4
"19952",0.987797220654493,1.00650250590904e-15,7.9662682961788e-14,0.0122027793454259,1
"19954",0.00261272763319101,0.483705762627983,4.27880276662445e-16,0.513681509738826,4
"19956",0.999999484711025,5.15288974630056e-07,3.72241873149198e-23,9.21663928106688e-19,1
"19958",0.99999999999987,8.93975863175477e-22,4.90143850800362e-15,1.25082088198089e-13,1
"19962",0.609893557610464,0.390106077206079,3.65183457085387e-07,4.84787408363953e-33,1
"19964",0.226044499268598,0.773955282363435,2.1836796662076e-07,3.32968222038076e-21,2
"19966",0.805064831976727,0.000151224681742825,0.19478394334153,2.61419188735091e-50,1
"19969",0.0278604926799365,0.972139505294317,5.78976356846909e-14,2.0256890916589e-09,2
"19972",0.949623056703426,0.050376943285201,7.13572045548237e-13,1.06591996596325e-11,1
"19974",0.000504380741660616,3.71658012919327e-08,1.29590083330378e-25,0.999495582092538,4
"19976",0.0210472163925546,0.978952783304723,3.02721857588506e-10,6.66382272753376e-17,2
"19978",0.0256904090174793,0.973848923227158,0.000460667755362677,2.55936928107327e-16,2
"19980",6.03743280582097e-05,0.00241167115708683,2.62700139699058e-23,0.997527954514855,4
"19982",0.84824475404131,0.151755245958582,3.52107435650882e-14,7.32379272833481e-14,1
"19984",0.999977982850474,1.41679505313836e-05,3.33508955012368e-12,7.84919565960498e-06,1
"19986",0.129227640819596,0.00056186928485895,0.870210489895546,1.09089150130412e-57,3
"19988",0.381292052480459,3.63511748151366e-06,0.618704312402059,7.24810136787695e-56,3
"19992",0.0296899732166142,0.000628356948971823,0.969681669834414,4.24930043636741e-48,3
"19994",0.00787188585528766,0.974433817274211,7.31974476845224e-13,0.017694296869769,2
"19996",0.0117050665523143,0.0167644761758134,0.971530457271872,3.18779107789231e-43,3
"19998",0.999272783100059,0.000727201710143353,1.51897975366819e-08,1.6137173635016e-38,1
"20000",0.999944047178969,5.59528210313818e-05,3.236777689271e-19,4.15264695341377e-20,1
"20003",0.0133032588936291,0.986696136701601,1.94962572730385e-10,6.04209807344241e-07,2
"20005",7.45284930976495e-05,0.00192711970886326,4.48681165565039e-24,0.997998351798039,4
"20007",0.0571983668367651,0.942780719812068,2.09133511673145e-05,9.68119229591988e-35,2
"20009",0.971248754097704,3.3413466794908e-06,0.0287479045556167,2.34795449902975e-62,1
"20011",0.285552839900016,0.714447159941684,1.58298824901809e-10,4.10830798669261e-16,2
"20013",0.0121968126087531,0.987709995631031,1.54735552589056e-15,9.31917602143015e-05,2
"20016",0.792432703864872,8.27511926055604e-08,0.207567213383936,7.09423275289987e-61,1
"20018",0.999999999399587,6.88493093931029e-37,6.00412538439998e-10,1.82001075333323e-49,1
"20021",0.02868742811339,0.853494420248457,0.117818151638153,3.52585424812173e-30,2
"20023",0.0666078440194206,0.932334297580166,0.00105785840041312,1.94860009366449e-40,2
"20025",0.999423822466727,6.12722236322978e-16,0.000576177533272043,1.50584025884518e-79,1
"20027",0.350391195033641,0.621185831807807,6.28568344478891e-15,0.028422973158546,2
"20029",0.0150587785320787,0.294918282000367,3.01946085434418e-19,0.690022939467554,4
"20032",0.0199782729889976,0.901097511182991,1.67729567678233e-15,0.0789242158280094,2
"20034",0.987467518130255,1.65386637968072e-11,9.57290133412951e-12,0.0125324818436338,1
"20036",0.939425953815842,0.0605740449762628,1.20789558571599e-09,3.30740661199053e-24,1
"20038",0.0571135438714354,0.0790318175044898,0.863854638624075,3.58651294727242e-39,3
"20040",0.999830467446353,6.80193530145708e-19,0.000169532553647572,9.84901423171097e-68,1
"20043",0.0451733671159354,0.49662851067522,0.458198122208844,8.56523247002282e-34,2
"20045",0.688583191962994,1.21908797983042e-08,0.311416795846126,1.89167315646904e-49,1
"20048",5.26881302188125e-05,1.57908425271971e-15,7.23326829422529e-22,0.99994731186978,4
"20051",0.200035346264709,0.799961621503094,3.03223219670481e-06,1.29122723129029e-23,2
"20053",0.122177640041369,0.847342049363364,0.0304803105952662,9.41779739699891e-43,2
"20055",0.883144219032341,0.099555807885786,0.0172999730818733,8.02015616298398e-29,1
"20057",0.999999972235381,2.58298577419993e-47,5.73643285430285e-30,2.77646191080476e-08,1
"20059",0.815695574792037,0.032462070971437,0.151842354236526,2.94908273743008e-52,1
"20061",0.116954673395664,0.880967523693545,0.00207780291079023,2.01571786186746e-46,2
"20063",0.999999999946333,1.40285763845116e-27,5.36671715882243e-11,9.48256096969092e-26,1
"20065",0.923591810224908,3.74361948577495e-11,0.0764081897376554,7.67953496121755e-39,1
"20067",0.304909774831817,0.00932405632460065,0.685766168843582,1.43613566620332e-31,3
"20069",0.000208668445781066,0.00477997120993157,6.465067395427e-22,0.995011360344287,4
"20071",0.994226544301388,0.00577204033813138,1.41536048070389e-06,2.74571354304213e-42,1
"20073",0.592408397296518,0.407591415903986,2.46542104126157e-10,1.86552953923805e-07,1
"20075",1,3.0390790204423e-22,2.38841185159721e-17,4.06623787083411e-18,1
"20077",0.0626212502106394,0.92373207658043,0.013646673208931,3.48973155498497e-27,2
"20079",0.998831936007891,0.00116261017072375,5.45382138577912e-06,1.27531065619102e-30,1
"20081",0.688427290384108,0.100976557180998,0.210596152434894,2.02780776793963e-31,1
"20083",0.999999999899679,9.47986824265845e-11,5.52194860152669e-12,5.78416384585544e-35,1
"20085",0.152928424329431,5.8308328801707e-06,0.847065744837688,3.63486958898304e-53,3
"20088",0.0349572410055376,0.307374200071456,0.657668558923006,1.68626857860017e-37,3
"20091",0.999999156749993,1.03349702682577e-12,8.43248973754559e-07,5.63308324255682e-34,1
"20095",0.999999988569163,4.01898401239701e-12,1.14268177101724e-08,2.97743395560518e-30,1
"20097",0.125437059348219,3.61459581871671e-06,0.874559326055963,2.73111946524523e-52,3
"20099",0.957411044908951,2.06463189155393e-07,0.0425887486278595,3.15484737468788e-27,1
"20102",0.999999999990117,3.60673039315314e-14,9.84679845191978e-12,2.2611776595113e-23,1
"20105",0.142715041134321,0.313851231376085,0.543433727489594,2.23100845201303e-36,3
"20107",0.0467203438522493,0.592367752284477,0.360911903863274,2.40625648856999e-40,2
"20109",0.886789254118336,0.0274336434947261,0.0857771023869379,1.19669364288131e-17,1
"20111",0.999839325721679,1.41802580170958e-12,2.65045875199266e-19,0.000160674276903189,1
"20113",0.777014325226264,0.172557590186879,0.0504280845868571,2.82574770288855e-36,1
"20115",0.983001387096931,0.0169986129030636,9.645327412185e-16,4.14874758104562e-15,1
"20117",0.99999999998617,3.29798118894961e-28,1.38303846907439e-11,6.36740367710587e-57,1
"20119",0.553148916733182,5.29781438963742e-05,0.446798105122922,1.653359931973e-37,1
"20121",0.0505498848434184,0.0928824918871199,0.856567623269462,8.53486445630369e-50,3
"20123",0.999996732097924,8.28711270874101e-14,3.26790199291285e-06,1.16160188420253e-42,1
"20125",0.0127326844198956,0.977812206858477,1.015534879487e-17,0.00945510872162709,2
"20127",0.0486605755515671,5.42599306637113e-06,0.951333998455367,1.30483895576278e-49,3
"20140",0.997996967550417,0.00195022278884322,5.28096607396957e-05,1.00852280256564e-37,1
"20142",0.00835209480956171,7.17594201802108e-05,1.60259218526388e-20,0.991576145770258,4
"20144",0.926150994600784,0.0738490053992163,1.10127858986127e-18,2.04162672612817e-18,1
"20146",0.921265366460607,0.0787346335365496,2.84344870200427e-12,9.41756980793529e-32,1
"20148",0.0316882014826652,0.968311798475712,4.16047046819809e-11,1.7923072640184e-14,2
"20150",0.000189514866644701,0.0001381564545061,1.93910822566268e-25,0.999672328678849,4
"20152",0.0300241582108642,0.969975838447999,3.34111695405532e-09,1.97483405793936e-14,2
"20154",0.999560793512513,3.98120226559473e-14,0.000439206487447314,3.72883735613129e-29,1
"20156",0.961031010017467,0.0389302344397678,3.87555427648088e-05,6.10926633812598e-40,1
"20159",5.88214183002491e-05,0.00101818258340479,2.04774521644957e-23,0.998922995998295,4
"20161",0.999986667940177,1.33320544752991e-05,5.34737696683311e-12,4.22851735253368e-26,1
"20163",0.12349428035644,0.87650511353543,6.06108114977374e-07,1.39387779767111e-14,2
"20165",0.999911225306639,1.02920413038993e-05,7.84826520307899e-05,2.59011956911283e-14,1
"20167",0.0119895499004887,0.987348382091657,1.67639305379764e-11,0.000662067991090437,2
"20169",0.000323138753582075,4.72322160562944e-11,2.1307311673653e-21,0.999676861199186,4
"20171",0.999998461790328,5.1672822368034e-23,1.53820967159341e-06,2.89631697122662e-29,1
"20173",0.999999920319324,2.12223254728973e-17,7.96806755084115e-08,1.0960994067559e-31,1
"20175",0.0148649781600062,0.985135021838552,1.15734470505272e-13,1.32625795979729e-12,2
"20177",0.992033631665156,8.66897260642642e-07,0.00796550143758322,9.4578903084123e-38,1
"20180",0.0940403160860522,0.000615873303757166,0.905343810610191,5.32117837920185e-43,3
"20182",0.0247468378959034,4.95380482957076e-38,3.94372735909041e-34,0.975253162104097,4
"20184",0.224517317111611,0.775441326276966,8.55620671419614e-14,4.13566113376158e-05,2
"20187",0.999999845983743,1.3000038200573e-08,1.41016218659029e-07,5.36858156539129e-30,1
"20189",0.0740768523837424,0.903153150659761,0.0227699969564967,7.61899752353381e-21,2
"20192",0.999942699985529,9.04108174939962e-15,5.73000144624401e-05,2.76782050733865e-57,1
"20194",0.999998902227444,1.09776053809368e-06,5.27781284164663e-17,1.2017714934532e-11,1
"20196",0.638602670602578,3.17094764384066e-08,0.361397297687945,2.798724827988e-45,1
"20198",0.322751062047473,0.677242630388291,6.30756423642489e-06,6.07985568954106e-33,2
"20204",0.0407160801486845,0.346183932716826,3.23348706112432e-19,0.613099987134489,4
"20207",0.568439652735999,0.000268739105937148,0.431291608158064,3.85532933640461e-38,1
"20209",0.999999399889334,6.00108948075238e-07,5.73844755069362e-16,1.71707617645581e-12,1
"20211",0.999989187541291,1.09481040402962e-10,1.08123492276398e-05,5.3864250126562e-21,1
"20215",0.188452593448322,0.756719717711322,0.0548276888403559,1.95717892213427e-39,2
"20218",4.21639374085213e-05,8.83088321355003e-06,2.1183339710278e-22,0.999949005179378,4
"20222",0.588388990396497,0.0111374736384377,0.400473535965065,2.94844792944885e-35,1
"20225",0.943567460252451,0.0564325397475489,7.7044325182373e-18,6.71098914667175e-21,1
"20229",0.995708613058606,0.00429138572546789,1.21592625501756e-09,8.07908788542228e-34,1
"20232",0.277231029595936,0.722201123124539,0.000567847279525407,1.12733062956751e-36,2
"20234",0.999944890181071,2.83130202105261e-22,5.5109818929384e-05,6.80226489282394e-51,1
"20238",0.361673975694743,0.0263129278426208,0.612013096462636,1.08104833185675e-56,3
"20253",0.0699188982295003,0.00624886388765912,0.923832237882841,2.98985104362138e-43,3
"20255",0.0206409850441342,0.941013236947371,1.33027088646025e-15,0.0383457780084941,2
"20258",0.0097021217595334,0.0203393562448583,0.969958521995608,1.67852283724311e-41,3
"20269",0.303921929981778,0.548962033012721,0.147116037005501,1.00027360958118e-18,2
"20271",0.365353175330238,1.98546852595704e-05,0.634626969984503,6.41939280340819e-37,3
"20285",0.999998798065987,1.20145452951018e-06,4.79483389851459e-10,3.79063777119213e-46,1
"20288",0.212999295736956,0.773402690122798,0.0135980141402459,5.69776728859538e-39,2
"20291",0.971982937735002,1.78895561603883e-07,0.0280168833694365,1.58910418120249e-57,1
"20295",0.996888982840754,9.81899921552299e-06,0.00310119816003042,4.13064746578558e-38,1
"20298",0.000523768100131558,0.0779438013445786,2.16569221138531e-21,0.92153243055529,4
"20302",0.664503485960362,0.335496514036799,2.83880659503842e-12,1.34758922663411e-18,1
"20305",0.00407861951611459,0.274405872124362,2.9743496667701e-20,0.721515508359524,4
"20307",0.0279605649782399,0.0581499975165909,0.913889437505169,2.63620848880353e-44,3
"20310",0.980397397663061,1.28494692384698e-13,0.0196026023368102,9.18574921907827e-67,1
"20313",8.59630717296801e-06,3.62779857057561e-12,6.4442192902133e-26,0.999991403689199,4
"20315",0.0789339931292235,0.0683214166156418,0.852744590255135,8.32163128089534e-47,3
"20319",0.965503838938971,1.67028413071198e-08,0.0344961443581873,4.47920346998509e-46,1
"20321",0.0964775760985391,0.00183503232533482,0.901687391576126,1.1034421702771e-60,3
"20327",0.0354209052180578,0.00129952724654214,0.9632795675354,3.39825879628096e-42,3
"20329",0.999852111206084,1.00539278305553e-12,7.52485742936188e-16,0.000147888792909399,1
"20335",0.317819273508563,5.9202402785135e-07,0.682180134467409,7.20829472906826e-38,3
"20337",1.01372551994733e-05,0.000548485963537961,5.2971450627082e-23,0.999441376781263,4
"20339",0.999999999230532,1.97440845261038e-12,7.67493929831979e-10,1.31745485908783e-51,1
"20341",0.999995793590873,1.75679526791522e-15,4.20640912563661e-06,2.19108194095562e-38,1
"20343",0.847020821391259,1.38665598267084e-08,0.152979164742181,1.12480969747863e-45,1
"20345",0.0241006749630022,0.975899320982071,2.75646762088348e-11,4.02736237591372e-09,2
"20350",0.999999917926526,9.42150430854829e-10,8.11313231142967e-08,5.02296406636407e-46,1
"20352",0.00396161908612874,5.12144245405585e-08,2.30369595655933e-17,0.996038329699447,4
"20355",0.99963920920734,0.00036079014746053,6.45199722883528e-10,7.01889704788507e-31,1
"20358",0.999999705819147,2.04518883052038e-07,2.04306612635874e-17,8.96619702500557e-08,1
"20363",0.048757663102385,0.164998055498316,0.786244281399299,2.23035565987586e-48,3
"20365",0.964121078331071,0.0291415978626117,0.00673732380631749,4.09038101120493e-33,1
"20379",0.245311675701284,0.754688324298697,1.20060744957766e-14,7.06649674110519e-15,2
"20387",0.0291533916083802,0.21330675287029,0.75753985552133,2.11512094192259e-34,3
"20392",0.99975096574022,6.01446180272515e-12,0.000249034253765335,8.55615595028008e-28,1
"20395",0.0312073464639482,0.968792653391873,1.44170132080485e-10,8.3009981973898e-15,2
"20397",0.00723654336978049,8.50635317354847e-29,1.99129435898211e-25,0.992763456630219,4
"20410",0.0761482301665659,0.637556846472422,0.286294923361012,4.83225988474731e-27,2
"20414",0.0523193778661429,0.947680622095635,6.21156586701927e-13,3.76006364456924e-11,2
"20417",0.999999999998396,2.10956471210813e-44,1.60442743186267e-12,4.7660686360321e-44,1
"20419",0.0473771075007504,0.00301003320500066,0.949612859294249,7.63209831820418e-41,3
"20421",0.991309666420365,0.00869033355787123,2.17641707678028e-11,4.37783224992142e-20,1
"20423",0.0726214364089064,0.915756290788538,4.51914628455513e-16,0.0116222728025549,2
"20425",0.250085326847805,0.74925530309909,6.53215070857712e-15,0.000659370053097827,2
"20427",0.0365169460723528,0.963483041008312,1.29130958027194e-08,6.23900011827346e-12,2
"20429",0.974082896422135,3.4770002709495e-09,0.0259171001008645,2.80007789809922e-72,1
"20432",0.617111985066653,0.382887394779038,3.38361352999808e-16,6.20154308324577e-07,1
"20435",0.61046769833128,0.387969128150231,0.00156317351848887,9.58177458583856e-53,1
"20438",0.294343645006887,0.00801345859865651,0.697642896394456,9.55486366986283e-36,3
"20440",0.053147644094152,0.000593966920222073,0.946258388985626,1.21503689523928e-42,3
"20443",0.999996114133761,3.88585171748089e-06,1.39752327745442e-11,5.46685874992277e-13,1
"20446",0.545906714196739,0.454054545140191,3.87406630703895e-05,1.18245458801441e-36,1
"20449",0.122992896634439,0.876775060155463,0.000232043210098982,9.72481642358938e-45,2
"20537",0.943462288742502,0.000212946400988935,0.0563247648565092,1.88648805401776e-47,1
"20540",0.999649029551863,3.42895782592704e-15,0.000350970448133866,1.4509990121327e-35,1
"20543",0.0180418749512826,0.981957764075276,3.60973441213957e-07,7.16590214709861e-21,2
"20545",0.999991694954769,2.54674210229568e-12,8.30504268410848e-06,5.55907544893093e-16,1
"20549",0.0277920895800772,0.972207894246007,1.41514531410569e-08,2.0224621451821e-09,2
"20551",0.0337130627868172,0.961215193678837,0.00507174353434606,5.72092269398879e-25,2
"20554",0.0215424271908141,0.58034732733077,0.398110245478416,6.8820582229223e-28,2
"20556",0.298827124028516,0.701172139475815,7.36495669099441e-07,2.24130129477852e-21,2
"20558",0.0082891229832388,0.026470048344216,0.965240828672545,1.13870825754428e-41,3
"20560",0.0307351267156379,0.960545590785998,0.00871928249836418,2.22277556540231e-20,2
"20563",0.0478668715000101,6.65044700505797e-06,0.952126478052985,1.91177912359674e-50,3
"20565",0.275468755243879,0.721361840242635,0.00316940451348588,2.03089845071836e-35,2
"20567",0.638421345984266,0.361578418167018,9.68105580932533e-16,2.35848714850916e-07,1
"20571",0.987140676606431,2.24886619503029e-10,0.0128593231686825,2.4485622457992e-51,1
"20573",0.0594795115794652,0.938583982714132,0.00193650570640262,7.88652262560667e-35,2
"20575",0.0640426840444101,0.000315752169369549,0.93564156378622,1.00897986500989e-51,3
"20577",0.0536095020282133,0.946390420371088,7.76006992386448e-08,2.2482765945271e-29,2
"20579",0.997901621204467,1.44409712751377e-13,9.27484206727191e-20,0.00209837879538911,1
"20582",0.018136142164011,0.001051026547933,0.980812831288056,3.5405231308735e-49,3
"20585",0.996107886222961,0.00261535209033616,0.00127676168670247,2.47692798141889e-23,1
"20588",0.999999966988438,2.82279154516119e-08,4.78364710415638e-09,1.88142462818016e-50,1
"20590",0.000946604163837202,5.73259156133126e-09,6.93332258015664e-24,0.999053390103571,4
"20592",0.036410722139696,0.000758777430103421,0.962830500430201,8.51121174692095e-44,3
"20594",0.0274693835250913,9.92324980343219e-05,0.972431383976874,3.52555586655097e-48,3
"20596",0.372869855789889,0.299729288972144,0.327400855237967,1.29485316529023e-29,1
"20598",0.0239887764518387,0.934997185214679,0.0410140383334821,1.8381737538145e-27,2
"20600",0.901679491493732,0.0983199912439465,5.17262321053401e-07,3.88196581078001e-26,1
"20603",0.261281903734561,0.738718096265436,3.04226293266578e-15,6.27697740412515e-20,2
"20605",0.0908374429631901,0.169690254024238,0.739472303012572,1.63746944998093e-43,3
"20607",0.0397809208247323,0.587744637120626,0.372474442054642,2.70867934760384e-34,2
"20609",0.0264980238815545,0.740139199588363,0.233362776530082,5.79729379008545e-29,2
"20611",0.00103972359559283,0.0437068663246511,1.57886304543532e-20,0.955253410079756,4
"20613",0.0206191424058934,0.979288450512694,9.240708140434e-05,8.58403483337834e-15,2
"20615",0.113835032289146,0.886164125073447,8.42637405770698e-07,9.68631139549113e-16,2
"20617",7.50550940471417e-06,1.07756505373388e-08,2.24482815500383e-23,0.999992483714945,4
"20619",0.0448313858819779,0.0020981264520448,0.953070487665977,2.71335433784236e-43,3
"20621",0.138832968750758,0.842926181120924,0.0182408501283175,4.28217095322033e-39,2
"20623",0.998383283890636,0.00161666390876761,5.20327697649653e-08,1.67826455245314e-10,1
"20625",0.903401339897904,0.0965986601006074,3.13668121661836e-15,1.4854652239011e-12,1
"20627",0.0277166036462203,0.972033440655772,0.000249955698007661,3.32470918673475e-26,2
"20629",0.0533786880354649,0.94654051466988,8.07972946553751e-05,1.33164040026723e-31,2
"20631",0.0646217806862367,0.000250211723214517,0.935128007590549,3.15500520725901e-47,3
"20633",4.27020295649504e-05,1.56280440957203e-14,5.53242792080033e-26,0.99995729797042,4
"20636",0.640232222247503,0.359767777752229,1.62304844778716e-14,2.51858914183589e-13,1
"20638",0.982229552693482,0.0177702410558155,2.06250702291214e-07,5.70182517970915e-49,1
"20640",0.323574428043672,0.0703177396610585,0.606107832295269,1.46058731315622e-33,3
"20645",0.0594042309898172,2.37882773359355e-05,0.940571980732847,3.6258979432339e-52,3
"20647",0.000194655382093532,5.94633093913196e-15,4.45452109492795e-21,0.9998053446179,4
"20649",0.255962500098243,0.444570337894056,0.299467162007701,1.17576321778937e-27,2
"20651",0.988114404983339,1.62112287149197e-12,0.0118855950150404,5.55647469709444e-65,1
"20656",0.308369596151412,5.37668973176947e-06,0.691625027158856,3.14417264346974e-46,3
"20660",0.999999106551324,2.15904703199712e-14,8.93448654659711e-07,1.05199338184046e-34,1
"20662",0.999998921712779,1.07828720161047e-06,1.96764831896802e-14,1.16559394864284e-18,1
"20664",0.991951339566749,2.03468535260353e-05,0.00802831357972453,3.75642833734347e-36,1
"20666",0.973794404084252,0.00237317459036695,5.01315218315031e-14,0.0238324213253307,1
"20668",0.000277461906917046,0.0137948111547827,1.61452915495199e-19,0.9859277269383,4
"20670",0.794159876096855,2.20829512771566e-05,0.205818040951868,1.02657319938487e-54,1
"20672",0.00127895915814979,0.0147837975410979,3.99822413651709e-20,0.983937243300752,4
"20674",0.0504005705591726,0.948352314000798,0.00124711544002981,1.09734063898216e-34,2
"20676",0.668063486182913,5.69355453599548e-08,1.43388723441016e-23,0.331936456881542,1
"20678",0.0049551099022837,6.85311270578633e-11,5.28708219283315e-25,0.995044890029185,4
"20680",0.0136944183420088,0.986016212378531,1.89171597835585e-13,0.000289369279271219,2
"20682",0.141329068465941,0.858670931516036,1.80229188166372e-11,6.8111985320745e-17,2
"20684",0.994948762589199,0.00300072856687868,0.00205050884392201,1.20145684758509e-54,1
"20686",5.68035128309866e-05,2.06107328159447e-05,2.2978747234863e-21,0.999922585754353,4
"20688",0.00836999376423809,6.97151460122982e-18,9.81845527660666e-25,0.991630006235762,4
"20690",0.999921829209546,9.03130903550395e-08,7.80804773641021e-05,5.016227595978e-45,1
"20692",0.000329822527694991,3.0407818911888e-18,7.65437523389119e-27,0.999670177472305,4
"20694",0.00274769643971427,0.305925357606645,1.09660303899864e-21,0.691326945953641,4
"20696",0.0731543479776889,0.926845652022287,1.5010407826936e-14,8.66841318420027e-15,2
"20698",0.651218130974268,0.346983643172876,0.00179822585285566,1.25806516988669e-32,1
"20700",0.895195993726551,0.000118428125262891,0.104685578148186,2.28930407558494e-55,1
"20702",0.992121515253282,3.30077741982432e-09,0.00787848144594079,1.46044922231438e-46,1
"20704",0.0203604106022837,0.979154456493342,0.000485132904374363,2.99731007913896e-27,2
"20706",0.999945898087312,5.40755176123033e-05,2.63950760814037e-08,1.74368180864383e-50,1
"20708",0.00241169536397072,1.81009522616565e-07,6.69324933781804e-20,0.997588123626507,4
"20710",0.634109374961494,0.361408947159204,0.00448167787930225,3.42116431530608e-28,1
"20714",0.0013956699713171,0.000434353324783584,3.68341676926181e-17,0.998169976703899,4
"20716",0.0399704351870092,0.915951586576564,0.0440779782364266,4.25480851562767e-36,2
"20719",0.998587232917117,0.00138206169470358,3.0705388179494e-05,3.38053585003826e-35,1
"20721",0.0752985765807256,0.000818366361733962,0.92388305705754,6.50232523391289e-44,3
"20723",0.999998026573269,9.41838334033558e-10,1.97248489243536e-06,9.54379293333027e-43,1
"20725",0.0101754828164485,0.984579047694413,2.99500060122853e-12,0.00524546948614306,2
"20727",0.999999999999917,8.26355539421071e-14,1.02777002892313e-22,8.36022719830656e-25,1
"20729",0.000131422782504918,0.00145397677167989,1.78937331201369e-20,0.998414600445815,4
"20731",0.00178029531895408,0.131517474618073,2.34086098859513e-15,0.86670223006297,4
"20733",0.245685718719984,0.751638380960269,0.00267590031974711,3.82024166542808e-46,2
"20735",0.0382558940708122,0.961736978422265,7.12750692284639e-06,1.41729213307622e-25,2
"20737",0.0136105379657026,0.00102390677829137,1.98330754206417e-19,0.985365555256006,4
"20739",0.175113114269002,9.9864794329148e-10,2.56213610293501e-22,0.82488688473235,4
"20741",0.012899438834396,0.984503019625498,8.95021319286913e-12,0.00259754153115602,2
"20743",0.0756599228527593,0.924340076934215,2.1265082302558e-10,3.74461144453915e-13,2
"20745",0.0322423018487146,2.75815874056671e-06,0.967754939992545,6.21142185733314e-47,3
"20747",1.72745030830189e-05,0.000190244785399445,1.80552602865727e-21,0.999792480711518,4
"20749",1.48943785403858e-05,0.000142432793182146,3.18260969251621e-23,0.999842672828277,4
"20751",0.791695549501294,0.208303476828477,2.39435159795963e-21,9.73670229541047e-07,1
"20753",0.0136234919527332,0.78076192499822,1.71327912657777e-17,0.205614583049047,2
"20755",0.319921849759865,4.50783857595153e-13,3.09564000398826e-18,0.680078150239684,4
"20757",0.999999889084598,6.66477918079011e-10,1.10248923678681e-07,1.11576446082943e-31,1
"20759",0.340325769344239,0.000911141728430122,0.658763088927331,1.48737574189986e-42,3
"20761",0.0102262285621078,0.989773752360144,5.34035341204562e-09,1.3737394703247e-08,2
"20763",0.488514876353274,0.511484719237897,4.04408829554253e-07,1.14505595026476e-41,2
"20765",0.0108670638095089,0.965363971776366,1.04417339513952e-12,0.0237689644130808,2
"20767",0.406547147270627,0.562796514807401,0.0306563379219723,2.06966417620844e-36,2
"20769",0.999826907721084,1.79434318535169e-06,0.000171297935731136,2.32226932933205e-38,1
"20771",0.0655017812876928,0.934495961813155,2.25596369635674e-06,9.35455981751409e-10,2
"20773",0.999999999998898,8.99308424851526e-15,1.09306186855216e-12,3.26799248680996e-26,1
"20775",0.0243542052638352,0.975645794735968,1.91311911797234e-13,5.89754165156456e-15,2
"20777",0.999972927612211,2.70722861022511e-05,1.01686541625167e-10,1.48931565564473e-49,1
"20779",0.00985565062504985,0.976345476638185,1.88509119135378e-13,0.0137988727365765,2
"20781",1,5.6173296884818e-35,9.45187739174842e-29,2.50552987577964e-29,1
"20783",0.0121922105084936,0.987807787416243,2.03097955115468e-09,4.42841132071148e-11,2
"20785",0.999999999999963,9.59835988315017e-24,9.71086161000805e-19,3.71009238217675e-14,1
"20787",0.00241767967497309,0.0827186639538947,2.91860667585282e-16,0.914863656371132,4
"20789",0.0286062141421289,0.971340597172512,5.31886853589218e-05,1.25998307518999e-22,2
"20791",0.000109597940762743,0.00436334771023517,1.15758622436931e-24,0.995527054349002,4
"20793",0.0304410821034107,0.969545245959098,1.36719374916212e-05,5.0647372851886e-17,2
"20795",0.0194708770038039,0.980482468749533,2.27886157158064e-17,4.66542466636124e-05,2
"20797",0.527620464925379,5.41210167619336e-26,1.74589145265108e-27,0.472379535074621,1
"20800",6.47947091434799e-06,0.000909165969396402,1.45276676215352e-21,0.999084354559689,4
"20802",0.0120406116899614,0.987410148163305,4.62160683115977e-11,0.000549240100517075,2
"20804",0.000223421187580356,0.00022382826932777,1.01936459968175e-21,0.999552750543092,4
"20806",8.87580543211288e-05,0.000839822481293175,3.49787296091308e-25,0.999071419464386,4
"20808",0.0175925253584097,0.930665391356652,0.051742083284938,1.73060385714499e-24,2
"20810",0.378719349274079,0.621280650725897,2.37955581563569e-14,7.19047219433423e-17,2
"20812",0.086846155237123,0.913153844761593,5.4789246439836e-13,7.3611846420835e-13,2
"20814",0.000225170887411188,1.72700801866589e-10,1.91237071453278e-26,0.999774828939888,4
"20816",0.999968635083766,6.86096906475712e-10,3.13642301369668e-05,7.82498534342381e-34,1
"20818",0.0142752097018867,0.985724790278622,1.94822846125697e-11,8.83688470710792e-15,2
"20820",0.104991027561571,8.21566094471522e-12,3.62945858159107e-21,0.895008972430213,4
"20822",0.0191091812063824,0.957178178334102,8.79927261187451e-12,0.0237126404507169,2
"20824",0.999999918008507,1.83899217098243e-23,6.90306296544752e-20,8.19914928633483e-08,1
"20826",4.9023754260156e-05,4.40531989888562e-07,3.68146580027053e-22,0.99995053571375,4
"20828",5.26881302188125e-05,1.57908425271971e-15,7.23326829422529e-22,0.99994731186978,4
"20830",0.100685360393158,0.895905885774785,4.08789818292437e-19,0.00340875383205714,2
"20832",0.0340056356860703,0.965993071569003,1.29274492638953e-06,4.78014662570549e-23,2
"20834",0.0366272470980502,0.950681402656056,0.0126913502458941,4.19240869649421e-30,2
"20836",0.0044048109669949,0.521142328167963,9.01057407233804e-15,0.474452860865033,2
"20838",0.0137138235083808,2.32154834892332e-06,2.88864590394316e-24,0.98628385494327,4
"20840",0.0487983411659282,0.943815408711681,0.00738625012239059,4.08920582233197e-32,2
"20842",0.571493423074015,0.428506546108439,1.29625445671338e-14,3.08175326757088e-08,1
"20844",0.999986864835899,1.3128284945017e-05,6.86758687194969e-09,1.15689381919024e-11,1
"20846",0.0707466789088818,0.929253316619815,2.1559029449316e-10,4.25571273207612e-09,2
"20848",0.0130854923393555,0.986913879510268,6.28150330202724e-07,4.66370237153773e-14,2
"20850",0.065265855484758,0.87632015421707,0.0584139902981717,2.44790874465455e-24,2
"20852",0.965470590993452,0.0103024702603253,0.0242269387462225,1.50755385085508e-35,1
"20854",2.09490575181372e-05,4.78036407516135e-05,8.29910874426043e-23,0.99993124730173,4
"20856",0.999999999617791,2.35074322547225e-16,3.82209226717614e-10,5.35779837165129e-46,1
"20858",0.0749758822954472,0.00806234870999769,0.916961768994555,1.05779200461905e-43,3
"20860",0.999321293776496,0.000675144704155057,1.47959746799758e-09,3.56003975100609e-06,1
"20862",0.0591120634345948,0.00137585158604446,0.939512084979361,1.18092193780506e-40,3
"20864",0.00046795133318617,4.60088933072187e-06,9.61982009440748e-18,0.999527447777483,4
"20866",0.984852921395198,1.33368087058723e-12,0.0151470786034682,1.81387143435299e-55,1
"20868",0.113820369590035,0.860176697106867,0.0260029333030974,7.00861293886809e-37,2
"20870",0.013959290983496,0.986040708511311,4.70899726575172e-10,3.42936065998537e-11,2
"20872",0.00639618449073998,0.73042074551361,1.59024355800446e-16,0.26318306999565,2
"20874",0.000923720884089539,7.76058651568408e-12,2.73857230591756e-23,0.99907627910815,4
"20877",0.0842375916563627,0.846047164840239,0.069715243503398,4.51715597576731e-31,2
"20879",0.0586689692019164,0.153472629299441,0.787858401498643,3.07829625980371e-44,3
"20881",0.00894722439346951,0.990544640727995,9.35147023366788e-20,0.000508134878535522,2
"20883",0.999998920721105,1.07502349950566e-06,1.73412260590144e-20,4.25539541753945e-09,1
"20885",0.000124047782250974,0.0160613572224641,2.61119453488925e-19,0.983814594995285,4
"20887",0.155120576718632,0.844788189325309,9.12339560593036e-05,1.73849153806562e-23,2
"20889",0.0329280928725728,0.967071907121844,1.00684273643649e-14,5.57331543116343e-12,2
"20891",0.0175372605906927,0.0718869850192394,0.910575754390068,1.42736990724788e-37,3
"20896",0.228713817513635,0.770719541696018,0.000566640790347585,3.3623234875801e-28,2
"20898",0.0116437680471946,0.988350085241985,3.48221821609467e-11,6.14667599850171e-06,2
"20900",0.999999995752855,6.0201870536861e-23,1.14225963373765e-29,4.24714499217292e-09,1
"20902",0.994301198165354,0.00452901663561568,0.0011697851990301,1.16517951159089e-18,1
"20904",0.999876558892562,0.000121704531945827,1.73650237445178e-06,7.3117614216945e-11,1
"20906",0.724637660394716,0.0790164261382112,0.196345913467072,5.16904138403863e-47,1
"20908",0.043279930877696,0.956720068902387,2.19915477729282e-10,1.00722871082281e-15,2
"20910",0.881480611656676,0.118519386564976,1.77834783004494e-09,6.44552959818152e-16,1
"20912",0.999999999956543,1.65595026132442e-33,1.37448914710148e-27,4.34573012536343e-11,1
"20914",0.0769200325723857,8.24581096837047e-06,0.923071721616646,7.8386655778925e-47,3
"20968",1,8.97040000821522e-18,1.40256924085356e-16,2.1705543098993e-28,1
"20970",0.217335477767005,0.687714053348144,0.0949504688848505,8.80561651156432e-38,2
"20981",0.558536812642888,0.108664822852439,0.332798364504673,2.18219801789387e-39,1
"20983",2.38484668316777e-05,5.68638772117045e-10,4.58344896769938e-27,0.99997615096453,4
"20988",0.0213957573729471,0.011395700775081,0.967208541851972,5.81140250259359e-40,3
"20995",0.999999999691027,2.69360451242992e-16,3.08972523299501e-10,3.71736302173706e-60,1
"21017",0.0177564007457999,0.982243137290137,4.61837820122443e-07,1.26243100624443e-10,2
"21038",0.277193280446991,0.354694067840177,0.368112651712833,9.63406818473098e-39,3
"21072",0.208977402646637,0.779263302057385,0.0117592952959772,4.0094943148371e-31,2
"21075",0.105244265911774,0.0156642644014078,0.879091469686818,1.37043589613477e-33,3
"21223",0.016653591329947,0.983346406161382,2.5086712067063e-09,6.77133092228536e-17,2
"21225",0.999999999999956,8.59159176511652e-32,4.08591690700723e-14,3.56123348191227e-15,1
"21230",0.000108112969966587,1.06259013257489e-09,1.31387913332654e-25,0.999891885967443,4
"21236",0.008845793781077,0.850375095104083,4.80990574077831e-13,0.140779111114359,2
"21238",0.999994694804598,5.29612646268919e-06,9.06893953988655e-09,1.1056901331812e-28,1
"21241",0.227180165580576,6.69835052350159e-05,0.772752850914189,7.96167094551658e-34,3
"21246",0.0341844690182964,0.95446788811574,0.0113476428659632,4.88378272792628e-20,2
"21253",0.000152871469556392,0.00012563673943189,6.66730362221361e-21,0.999721491791012,4
"21256",0.0208642850147321,0.979135420393843,5.35829275928739e-13,2.94590889062679e-07,2
"21260",0.999994251416764,3.36189792100667e-16,5.74858323579101e-06,4.58750351551457e-30,1
"21266",0.0884437709106559,0.867347323940863,0.0442089051484811,1.51888768600722e-40,2
"21332",0.0299468413402202,0.923942364848687,0.046110793811093,1.36328614989194e-26,2
"21334",0.0340467848770993,0.965945796906369,7.04450671692263e-12,7.41820948711295e-06,2
"21375",0.313668158397796,6.13670896145921e-07,0.686331227931308,7.02172979063334e-56,3
"21378",0.898983314539571,2.84031997490194e-11,0.101016685432026,9.39466111701502e-68,1
"21381",0.46230920130822,7.43859408135056e-05,0.537616412750967,4.54048107861849e-50,3
"21389",0.175948688125035,0.823975533681394,8.00279203219277e-15,7.57781935628237e-05,2
"21391",0.994890847460285,1.75235299271859e-05,0.00509162900978769,1.09191713542854e-43,1
"21402",0.126465591807695,0.178610270205171,0.694924137987135,4.46556166732479e-33,3
"21404",0.682373977015123,0.103039936178822,0.214586086806055,6.78573141219205e-20,1
"21409",0.754686848125149,0.23189000025387,0.013423151620981,1.53204417473171e-40,1
"21413",0.877407948245133,0.122588534365759,3.51738910861502e-06,7.84442317681384e-27,1
"21423",0.99592467775829,4.02467095182278e-13,0.00407532224130743,3.53313876078669e-44,1
"21425",0.899464219876044,0.0979933522743551,0.00254242784960088,1.21012666282258e-37,1
"21430",0.999989732157892,1.02595845318013e-05,8.25757586796402e-09,1.30192742898024e-17,1
"21432",0.0350699134175957,0.961635119656326,0.00329496692607831,2.12820045978842e-23,2
"21438",0.999991315774504,3.55429198701157e-20,8.68422549613965e-06,5.52572885629256e-45,1
"21440",0.272630426877086,0.726490840412127,0.000878732710787062,3.97469585954812e-38,2
"21443",0.0056341243616624,0.864305266981789,2.76553643376454e-17,0.130060608656548,2
"21445",0.999999999728246,3.77382468966929e-12,2.67979712058615e-10,6.19945440664083e-19,1
"21447",0.0404150761101366,0.000973685893362089,0.958611237996501,2.88990513260966e-50,3
"21449",0.0404214073799633,0.00917481066914703,0.95040378195089,4.44235581515337e-37,3
"21451",0.0404214073799633,0.00917481066914703,0.95040378195089,4.44235581515337e-37,3
"21455",0.018592790669719,0.294979762411168,0.686427446919113,2.8341546144967e-33,3
"21469",0.769323857932728,1.68384058156079e-10,0.230676141898888,5.89015758442544e-45,1
"21471",0.178008170580915,0.000145446153280928,0.821846383265804,3.38671493453744e-36,3
