"","V1","V2","V3","best$classification"
"19812",0.000113155624541535,3.94832591705921e-15,0.999886844375455,3
"19814",0.16510211351263,1.09604321188808e-08,0.834897875526937,3
"19816",0.653264078601905,0.346735830503627,9.08944677150074e-08,1
"19818",0.654313474984858,1.74221924172346e-07,0.345686350793218,1
"19820",0.000260707170547834,0.999739292829449,3.2598448867704e-15,2
"19822",0.0625676794347805,0.937432319093835,1.47138412100184e-09,2
"19824",0.877310688567458,0.122688652165954,6.59266588317568e-07,1
"19826",0.926126801987598,1.58630556201098e-06,0.0738716117068399,1
"19828",0.000139379436463675,0.999860620563533,3.06868155053277e-15,2
"19830",0.928445037492073,1.06658156805293e-06,0.0715538959263594,1
"19832",0.0314670240818688,0.968532975660638,2.57493183074194e-10,2
"19834",0.984767904257008,0.0152243501987816,7.74554421087766e-06,1
"19836",0.00041405104234074,3.7454373926756e-14,0.999585948957622,3
"19838",5.78040568469701e-06,3.05255899063289e-17,0.999994219594315,3
"19840",0.997840429802624,9.98237783952396e-05,0.00205974641898089,1
"19842",0.000543000355030634,8.49743172075621e-14,0.999456999644884,3
"19844",0.0133299419972433,5.27255416658406e-10,0.986670057475501,3
"19846",0.00010933764146723,4.31204064344986e-15,0.999890662358528,3
"19848",1.47699785239804e-06,2.18908487073716e-18,0.999998523002148,3
"19850",7.64162745289252e-05,6.64433622000643e-15,0.999923583725464,3
"19852",0.9985252248034,0.00144593096256565,2.88442340340621e-05,1
"19854",5.03840582102337e-06,1.77103478917591e-17,0.999994961594179,3
"19856",0.000284483807508503,1.55041717665845e-13,0.999715516192336,3
"19858",0.000364161808544255,1.51790624619646e-13,0.999635838191304,3
"19860",0.991440504265741,1.43408922860388e-05,0.00854515484197275,1
"19862",7.9712786596413e-07,5.63909818828526e-19,0.999999202872134,3
"19864",0.00345972604422265,8.73076282432467e-12,0.996540273947046,3
"19866",0.996270831693802,0.00372166190249536,7.50640370282625e-06,1
"19868",0.0102430811778751,1.53681168402804e-09,0.989756917285313,3
"19870",0.00243508756894714,1.63725290657571e-12,0.997564912429416,3
"19873",0.999240841788072,0.000201985428954207,0.000557172782973968,1
"19875",0.374850853699465,0.625149131402754,1.48977812439086e-08,2
"19877",0.756063422847773,7.91150900740152e-08,0.243936498037137,1
"19879",0.998583840067162,0.0013330831202293,8.30768126083341e-05,1
"19881",0.750511335331177,1.76175117145728e-07,0.249488488493706,1
"19883",0.962108595446502,4.71968590591978e-06,0.0378866848675922,1
"19899",0.996410495193739,2.67986299541341e-05,0.0035627061763065,1
"19908",0.020477271424441,3.33048507174975e-10,0.979522728242511,3
"19910",0.998948688574028,2.16007180019935e-05,0.00102971070796988,1
"19912",9.2528246156609e-05,4.57935511246702e-15,0.999907471753839,3
"19914",0.919081562089647,1.25436114255497e-06,0.0809171835492101,1
"19916",0.133374201080656,4.89788866542538e-09,0.866625794021455,3
"19918",0.00793686480704432,1.99977687045592e-11,0.992063135172958,3
"19920",0.000903260150736602,7.9123606247582e-13,0.999096739848472,3
"19922",0.997323697108588,0.00226189191278046,0.000414410978631175,1
"19924",0.733573031573896,2.57235495979115e-07,0.266426711190608,1
"19926",0.884770792887649,0.115229020767032,1.863453190298e-07,1
"19928",1.30357483539341e-06,2.21022205334545e-18,0.999998696425165,3
"19930",0.000479185185865339,4.72586363848275e-14,0.999520814814087,3
"19932",2.1043227064024e-06,3.00057044853303e-18,0.999997895677294,3
"19934",0.999040298277199,0.000358629188679952,0.000601072534121538,1
"19936",0.0292496604810357,1.51588082986994e-10,0.970750339367376,3
"19938",0.877283847731714,1.20875616475861e-06,0.122714943512121,1
"19940",0.999530510976436,2.8858857852509e-05,0.000440630165711451,1
"19942",0.000181620996367785,2.04973916535148e-14,0.999818379003612,3
"19944",0.254505019547659,0.745494979670116,7.82224218363576e-10,2
"19946",0.992669950988789,6.91226367019107e-06,0.00732313674754054,1
"19948",0.000210157249284815,2.47374124011453e-14,0.99978984275069,3
"19950",2.95903719785139e-08,2.63492241891233e-21,0.999999970409628,3
"19952",0.000210157249284815,2.47374124011453e-14,0.99978984275069,3
"19954",4.24340172367657e-05,7.27112913354629e-16,0.999957565982762,3
"19956",0.000441064492180602,2.45302163242815e-13,0.999558935507574,3
"19958",0.513846434677002,1.25917412101694e-06,0.486152306148877,1
"19962",0.000135319226401876,1.5848712399406e-14,0.999864680773582,3
"19964",0.999171578316331,0.000511227774391901,0.000317193909277015,1
"19966",0.999211251821603,0.000659684476933044,0.000129063701464125,1
"19969",0.676061127665298,1.30987737170998e-07,0.323938741346965,1
"19972",0.236722749080761,1.41023735694393e-08,0.763277236816866,3
"19974",3.86647539802343e-07,2.4114024435896e-19,0.99999961335246,3
"19976",0.054515671056006,5.66910755648987e-10,0.945484328377083,3
"19978",0.000123645730235207,0.999876354269764,3.83608235943201e-16,2
"19980",1.03223216013143e-06,1.39968136586956e-18,0.99999896776784,3
"19982",9.38428752991644e-06,2.27309418419587e-16,0.99999061571247,3
"19984",1.27281280314819e-05,3.63219086244625e-16,0.999987271871968,3
"19986",0.163418799174591,0.836581200406211,4.19197924526305e-10,2
"19988",0.000491799378089205,0.999508200621886,2.48436947920937e-14,2
"19992",5.03140015913251e-05,0.999949685998408,1.70872577524706e-16,2
"19994",2.90907833879708e-06,4.98049019636427e-18,0.999997090921661,3
"19996",0.105191668859516,0.894808329278829,1.86165455340938e-09,2
"19998",0.737872050894303,0.262127762061591,1.8704410617622e-07,1
"20000",0.00481010105818843,2.38127031076252e-11,0.995189898917999,3
"20003",0.0299011585063794,2.9993641246869e-10,0.970098841193684,3
"20005",2.41279878556899e-06,4.64940681259016e-18,0.999997587201214,3
"20007",0.530040930163278,9.15436649653379e-08,0.469958978293057,1
"20009",0.994780283159024,3.12123377758683e-05,0.00518850450319971,1
"20011",0.992215560659354,2.02770305738698e-06,0.00778241163758908,1
"20013",4.39074365570489e-05,1.67988527138038e-15,0.999956092563441,3
"20016",0.999163045371051,0.000704464322438855,0.00013249030651011,1
"20018",0.00348377288853951,0.996516227084272,2.71885029280131e-11,2
"20021",0.265775689668823,1.72147743950595e-08,0.734224293116402,3
"20023",0.984401779299671,3.56547335593801e-06,0.015594655226973,1
"20025",0.163310818326376,0.836689161501747,2.01718772166813e-08,2
"20027",0.0488876422297466,1.86476339528626e-10,0.951112357583777,3
"20029",0.00686329512268251,2.02228096147202e-11,0.993136704857095,3
"20032",0.000932932990748804,1.74650590689556e-13,0.999067067009077,3
"20034",2.09894583155918e-06,3.67874075220269e-18,0.999997901054168,3
"20036",0.965055569227378,0.034936599310436,7.83146218599278e-06,1
"20038",7.84718353897877e-05,0.99992152816461,5.92733208240163e-16,2
"20040",0.505447194287794,0.494552743467029,6.22451761294568e-08,1
"20043",1.5435592469246e-05,0.999984564407531,4.0722777648083e-17,2
"20045",5.2110477088011e-05,0.999947889522911,6.0022793021804e-16,2
"20048",2.96684957298485e-08,3.99905272578904e-21,0.999999970331504,3
"20051",0.161249894878028,3.95640744913123e-08,0.838750065557898,3
"20053",0.000447047950804541,1.06056489246529e-13,0.999552952049089,3
"20055",0.0340027455511327,0.96599725435094,9.79279655661557e-11,2
"20057",2.36740241247481e-05,1.42734556974464e-14,0.999976325975861,3
"20059",0.999030016702416,0.000242962806372623,0.00072702049121159,1
"20061",0.998388763409478,0.000125094734734399,0.00148614185578719,1
"20063",0.901378508924009,1.6925444340329e-05,0.0986045656316506,1
"20065",3.25247156865329e-05,0.999967475284313,3.1133607940153e-16,2
"20067",0.0516465142015393,0.948353484712417,1.08604365723674e-09,2
"20069",2.92842553607666e-06,1.29231980307233e-17,0.999997071574464,3
"20071",0.983954820727726,5.65288335769045e-06,0.0160395263889162,1
"20073",0.560852933576161,1.9170867422365e-07,0.439146874715165,1
"20075",0.00661011904276219,0.993389880771006,1.86231475297178e-10,2
"20077",1.16515596033177e-06,0.99999883484404,1.68682253598303e-20,2
"20079",0.0503731770193481,9.28993947657474e-09,0.949626813690712,3
"20081",0.487258249662963,0.512741522631755,2.27705281825458e-07,2
"20083",0.978761023018669,5.73116170873697e-05,0.0211816653642442,1
"20085",6.32067914761809e-08,0.999999936793208,2.87224829668025e-22,2
"20088",0.641601777453225,0.358398060636824,1.61909951596775e-07,1
"20091",0.00566493677186376,0.994335063210751,1.73852954020001e-11,2
"20095",0.000253287540555337,4.01716713580251e-14,0.999746712459404,3
"20097",1.43226844469219e-07,0.999999856773156,1.81928354316882e-21,2
"20099",0.984743925355935,2.16298480147469e-05,0.0152344447960504,1
"20102",0.173871743593813,0.826128204041154,5.23650333066593e-08,2
"20105",0.994849348657642,0.00502971224735936,0.000120939094999003,1
"20107",0.990730190504654,0.00926459393187994,5.21556346652964e-06,1
"20109",0.985690455771117,2.36787223948217e-05,0.0142858655064882,1
"20111",0.00506576414735246,0.994934235811576,4.10715407046685e-11,2
"20113",0.969350211875764,0.0306491428765379,6.45247697750589e-07,1
"20115",0.0422724511253414,1.12376586213801e-09,0.957727547750893,3
"20117",0.996216399281462,0.00365881854414671,0.000124782174391723,1
"20119",0.22070945947246,0.779290539490078,1.03746200896801e-09,2
"20121",0.9501540675021,0.0498454567252127,4.75772687315156e-07,1
"20123",5.00018444519993e-06,0.999994999815555,8.44754348497218e-18,2
"20125",0.000807405106317678,2.27521786279581e-13,0.999192594893455,3
"20127",0.00648950819489085,0.993510491784188,2.09207021426793e-11,2
"20140",0.0147190537325948,0.985280946252421,1.49840882828461e-11,2
"20142",2.01522328261426e-07,1.15119678035667e-19,0.999999798477672,3
"20144",0.606341864583609,3.46228842657962e-07,0.393657789187549,1
"20146",0.466081458383719,2.7536434902356e-07,0.533918266251932,3
"20148",0.265716261278575,2.5120631730851e-08,0.734283713600794,3
"20150",8.95314801022234e-07,1.04634479577507e-18,0.999999104685199,3
"20152",0.824933368918033,4.56090100795464e-07,0.175066174991866,1
"20154",2.43356535088567e-06,0.999997566434649,9.77237310000872e-18,2
"20156",0.757126348608902,2.43974268922063e-07,0.242873407416829,1
"20159",1.62178390522538e-05,2.86700896314152e-16,0.999983782160948,3
"20161",1.29614576809627e-05,2.6473011534101e-16,0.999987038542319,3
"20163",0.988304258845198,0.0116513800983281,4.43610564736871e-05,1
"20165",0.000293856186101468,2.79467726015363e-13,0.999706143813619,3
"20167",0.000654111030588709,3.32851517908534e-13,0.999345888969078,3
"20169",1.29545368493433e-07,8.37932658440878e-20,0.999999870454631,3
"20171",1.66065029315554e-05,0.999983393497067,8.00624228816081e-16,2
"20173",0.185022859989057,3.38731970390641e-08,0.814977106137746,3
"20175",0.608458971085933,4.39739043895239e-08,0.391540984940162,1
"20177",0.977997073835851,0.0219951463821821,7.77978196673603e-06,1
"20180",1.77678489963908e-07,0.99999982232151,1.15451466083288e-21,2
"20182",3.4594138639751e-07,1.89036774125532e-18,0.999999654058614,3
"20184",0.0041118173165857,1.2128541525808e-11,0.995888182671286,3
"20187",0.499657820639571,1.05400201246661e-07,0.500342073960228,3
"20189",0.989429163901979,0.0105681916105285,2.64448749208021e-06,1
"20192",0.124423238777487,1.54387068356011e-08,0.875576745783806,3
"20194",0.0165016230070114,2.62367380465837e-10,0.983498376730621,3
"20196",0.0167875756405823,0.983212424190547,1.68870686238861e-10,2
"20198",0.986848223807397,2.05734244109978e-05,0.0131312027681918,1
"20204",2.18965025282119e-06,7.71189045650762e-18,0.999997810349747,3
"20207",0.344165441044588,0.655834448907817,1.10047594828403e-07,2
"20209",0.997137601003164,0.00279651948380414,6.58795130315581e-05,1
"20211",5.60027950528809e-09,0.99999999439972,1.7224333864185e-23,2
"20215",0.318542221575873,0.681457744811634,3.36124922240159e-08,2
"20218",1.75288460294605e-07,8.91193297816732e-20,0.99999982471154,3
"20222",7.01698188471043e-05,0.999929830181148,5.15234052372385e-15,2
"20225",0.00104053594570139,1.71141176958594e-12,0.998959464052587,3
"20229",6.78857347856338e-05,3.18248681695307e-15,0.999932114265211,3
"20232",0.995048109732448,6.75886898359189e-06,0.00494513139856839,1
"20234",5.90748519269908e-06,0.999994092514807,1.50570327248479e-17,2
"20238",0.990310398221772,0.00968521883757253,4.38294065570818e-06,1
"20253",2.08098054984572e-05,0.999979190194502,5.31830275510471e-17,2
"20255",0.000231935268583858,4.50574531938403e-14,0.999768064731371,3
"20258",0.0159188470064137,0.984081152961408,3.21780396236231e-11,2
"20269",0.969580714359761,1.14680450024878e-05,0.0304078175952366,1
"20271",1.74204482399038e-05,0.99998257955176,2.38854159330005e-18,2
"20285",0.274731115872983,2.8107371761783e-08,0.725268856019645,3
"20288",0.557453241435477,0.442546717729356,4.08351669431568e-08,1
"20291",0.799039218901734,0.200960239662361,5.41435904275905e-07,1
"20295",0.974235608123915,2.56153326470607e-05,0.0257387765434386,1
"20298",3.28495995145161e-06,9.07496209588891e-18,0.999996715040049,3
"20302",0.623865314694246,3.64471306328023e-07,0.376134320834447,1
"20305",3.46398898627993e-06,7.91505437663674e-18,0.999996536011014,3
"20307",0.00251708858146898,0.997482911418254,2.76824520354292e-13,2
"20310",0.975465335793461,0.0245094748401482,2.51893663907267e-05,1
"20313",1.97179652513416e-07,1.50813769271454e-19,0.999999802820347,3
"20315",0.00226736649693617,0.997732633502854,2.10173616120442e-13,2
"20319",3.57236975401122e-06,0.999996427630246,6.21344990384769e-18,2
"20321",0.0504548032648793,0.949545196261592,4.73529114022748e-10,2
"20327",0.940244259538288,0.0597549249041881,8.15557524320021e-07,1
"20329",0.000489290073247725,1.22094145543753e-13,0.99951070992663,3
"20335",0.0039615105398626,0.996038489452193,7.94414755992373e-12,2
"20337",2.38001007130675e-07,1.01581751882776e-19,0.999999761998993,3
"20339",0.909765408272077,6.56113842002827e-06,0.0902280305895029,1
"20341",0.0107686138630084,0.989231386047753,8.92388680674568e-11,2
"20343",0.997436050981576,0.00210225760020715,0.000461691418216557,1
"20345",0.437400848860618,8.72128462726786e-09,0.562599142418097,3
"20350",7.85967323189011e-05,9.42842507442818e-15,0.999921403267672,3
"20352",1.23460881408798e-07,6.05413304384528e-20,0.999999876539119,3
"20355",9.21695537136697e-08,1.90013360736704e-20,0.999999907830446,3
"20358",0.635427278855276,0.364571963261267,7.57883456931136e-07,1
"20363",0.981956379480498,0.018029052921103,1.4567598399403e-05,1
"20365",9.47370014199167e-07,0.999999052629986,1.77000611666503e-19,2
"20379",0.386582841631844,5.61907585791159e-08,0.613417102177397,3
"20387",0.0117103927605354,0.988289607235301,4.16366607315293e-12,2
"20392",1.0787725755116e-05,0.999989212274245,8.78386688922964e-17,2
"20395",0.998569718325678,0.00136683752269038,6.34441516319313e-05,1
"20397",1.13892645742643e-07,3.01688198930515e-20,0.999999886107354,3
"20410",0.0155904809251685,0.984409519070696,4.13533278696188e-12,2
"20414",1.87944315122728e-05,5.57688848462119e-16,0.999981205568487,3
"20417",0.466138659368478,0.533859916511656,1.42411986668049e-06,2
"20419",0.0125166674161359,0.987483332573149,1.07151602451367e-11,2
"20421",0.989656196788054,0.0103097930216478,3.40101902984185e-05,1
"20423",0.000186682120585231,3.81907231646498e-14,0.999813317879377,3
"20425",0.00981250314177052,1.66986929435728e-10,0.990187496691243,3
"20427",0.991746914524568,2.60358044848103e-05,0.00822704967094723,1
"20429",0.000147203479614325,1.66267299593e-14,0.999852796520369,3
"20432",8.10732452608887e-05,1.12680269850712e-14,0.999918926754728,3
"20435",0.0054369518303192,5.20231717636044e-12,0.994563048164478,3
"20438",0.0135868828657831,0.986413117115457,1.87600462751423e-11,2
"20440",0.0475703596612329,0.952429640179758,1.59008767263295e-10,2
"20443",2.41319678718947e-05,9.1755035779309e-16,0.999975868032127,3
"20446",0.527515937177088,0.472483901895805,1.60927107558148e-07,1
"20449",0.160261211864796,6.26883730754371e-09,0.839738781866366,3
"20537",0.998586309960437,0.000872537304670201,0.000541152734892671,1
"20540",5.10216161226614e-08,0.999999948978384,6.67980461421656e-22,2
"20543",0.898608921741284,2.56906698631264e-07,0.101390821352017,1
"20545",8.00595989472638e-09,0.99999999199404,6.49216868075895e-23,2
"20549",0.926954889199087,5.78188130616384e-06,0.0730393289196066,1
"20551",7.06020827013658e-07,0.999999293979173,1.93620023812771e-20,2
"20554",0.000570844339849916,0.999429155660144,6.4742081178527e-15,2
"20556",0.00172818488829843,0.998271815111064,6.37280301860708e-13,2
"20558",4.34284238633917e-05,0.999956571576137,6.94303385698891e-17,2
"20560",0.0317003319395947,0.968299667974787,8.56186780419305e-11,2
"20563",0.00894228504263258,0.991057714941391,1.59765464764351e-11,2
"20565",0.996222726788334,0.00028052719995305,0.00349674601171241,1
"20567",4.96851273082432e-05,2.47498413872957e-15,0.999950314872689,3
"20571",0.972648468231626,0.0273314293227033,2.01024456712426e-05,1
"20573",0.0165425336398991,0.983457466345025,1.50759653424621e-11,2
"20575",0.998622184956372,0.00129776830494341,8.00467386845966e-05,1
"20577",0.851014107125415,1.23023784201369e-06,0.148984662636743,1
"20579",0.000563510120237286,2.18944018965857e-13,0.999436489879544,3
"20582",1.08421365772163e-05,0.999989157863423,9.15187367179024e-18,2
"20585",0.0190833789375797,0.980916620876339,1.86081266872113e-10,2
"20588",2.49490967053166e-06,0.999997505090329,1.13307390011119e-18,2
"20590",1.71779956892835e-05,3.96752729646447e-16,0.99998282200431,3
"20592",0.0767987286990386,0.923201270222992,1.07796937638908e-09,2
"20594",5.36855075881496e-07,0.999999463144924,1.82944087649498e-20,2
"20596",0.998904356777193,0.00016085774646344,0.000934785476343313,1
"20598",0.442788693790332,0.557211296422227,9.7874407978939e-09,2
"20600",8.34251304689059e-05,0.99991657486953,1.32935087460563e-15,2
"20603",7.98618943851108e-05,4.64193244191477e-15,0.99992013810561,3
"20605",4.88203003226204e-08,0.9999999511797,9.76122619348764e-23,2
"20607",0.000904700768537386,0.999095299231448,1.41331065772163e-14,2
"20609",0.999165446877146,0.000635644160909021,0.000198908961944461,1
"20611",0.00133875215541959,2.03340638154903e-13,0.998661247844377,3
"20613",0.000907598657099282,1.51679659813147e-13,0.999092401342749,3
"20615",0.343850016090244,0.656149927898137,5.60116187376075e-08,2
"20617",1.94331255309773e-07,1.44006553950915e-19,0.999999805668745,3
"20619",0.0156915910231037,0.98430840895543,2.14668756960393e-11,2
"20621",0.000290472037837033,0.999709527962161,2.41827752319812e-15,2
"20623",0.998542751256919,0.000862824476145797,0.000594424266934728,1
"20625",0.981347426627705,4.60031406672309e-05,0.0186065702316277,1
"20627",0.996776672880149,1.05447953821772e-05,0.00321278232446846,1
"20629",0.575787449433992,0.424212425373347,1.25192660794432e-07,1
"20631",0.00223273442519749,0.997767265573698,1.10407371577684e-12,2
"20633",1.88692814314655e-07,1.40778339947163e-19,0.999999811307186,3
"20636",0.0220339481406641,3.88181441000206e-10,0.977966051471154,3
"20638",0.914833161760622,5.83160867912252e-06,0.0851610066306989,1
"20640",0.948028016533467,0.0519673309779214,4.65248861187083e-06,1
"20645",2.15170566442551e-06,0.999997848294336,6.54234711538014e-19,2
"20647",4.84513013729856e-08,1.45015174527041e-20,0.999999951548699,3
"20649",0.931379692524525,0.0686164346439635,3.8728315109826e-06,1
"20651",0.757609064997583,0.242390445660735,4.89341681929611e-07,1
"20656",0.000373929850606426,0.999626070149251,1.42508897099068e-13,2
"20660",0.114491280255756,9.89727936644226e-09,0.885508709846964,3
"20662",0.000251538718622448,3.37128400787582e-14,0.999748461281344,3
"20664",4.90776883551411e-06,5.30672343507143e-17,0.999995092231164,3
"20666",6.79129194738149e-05,7.27255260221981e-15,0.999932087080519,3
"20668",9.77846313443181e-05,9.29902567821685e-15,0.999902215368646,3
"20670",0.994188180386359,0.00575192936003589,5.98902536049749e-05,1
"20672",7.4550964702439e-05,1.01409013326916e-14,0.999925449035287,3
"20674",0.00346724376678414,0.996532756232627,5.88524132400862e-13,2
"20676",5.87824909785543e-05,2.136081471002e-15,0.999941217509019,3
"20678",1.15379980195371e-07,2.50766138554291e-20,0.99999988462002,3
"20680",1.69248437988697e-06,3.85996334559352e-18,0.99999830751562,3
"20682",0.997877728060084,5.33728862255128e-05,0.0020688990536902,1
"20684",0.999455929183568,0.000266331265234392,0.000277739551197298,1
"20686",2.72457494396362e-07,1.89257325518559e-19,0.999999727542506,3
"20688",1.90971799168158e-07,6.56404447048432e-20,0.999999809028201,3
"20690",0.999053434251395,0.000544172029811027,0.000402393718793881,1
"20692",1.33327512291704e-07,5.06605545361485e-20,0.999999866672488,3
"20694",0.00173109229532378,2.55386308195635e-12,0.998268907702122,3
"20696",0.0412910086879473,1.24444954962666e-09,0.958708990067603,3
"20698",0.0247845673324304,8.97659694847003e-10,0.97521543176991,3
"20700",0.993484565111888,2.27709033579897e-05,0.00649266398475436,1
"20702",0.391197602468316,0.608802327903526,6.96281575661357e-08,2
"20704",0.998876851392762,0.00106092063602549,6.2227971212271e-05,1
"20706",8.9278550818932e-06,5.50465950960845e-17,0.999991072144918,3
"20708",3.60849834205639e-06,6.82152091333072e-18,0.999996391501658,3
"20710",0.00132765260145033,1.44499633896195e-12,0.998672347397105,3
"20714",0.000223411389806076,6.5578037452438e-14,0.999776588610128,3
"20716",0.999021052476578,0.000942444157681407,3.65033657408793e-05,1
"20719",0.937139678831134,0.0628587738235158,1.54734535044381e-06,1
"20721",0.0332323577333233,0.96676764218038,8.62967340144623e-11,2
"20723",0.041687365672426,9.33304003954583e-10,0.95831263339427,3
"20725",0.0331121417175324,2.20865738859743e-10,0.966887858061602,3
"20727",0.260635173087176,9.76823259942409e-08,0.739364729230498,3
"20729",2.53064726094501e-06,2.4636996286552e-18,0.999997469352739,3
"20731",3.99863875441336e-06,4.26999600858033e-18,0.999996001361246,3
"20733",0.99886857914386,0.000741956302644203,0.00038946455349544,1
"20735",0.999466298974613,3.36601187012143e-05,0.000500040906685464,1
"20737",0.000127574526456876,1.44961592384053e-14,0.999872425473529,3
"20739",1.9969627287806e-07,1.1854894080669e-19,0.999999800303727,3
"20741",0.031342571984756,6.23147598804109e-10,0.968657427392096,3
"20743",3.72259627404385e-06,6.32902960928052e-18,0.999996277403726,3
"20745",0.0157819306203319,0.984218069264187,1.15480567956611e-10,2
"20747",4.74008390845362e-06,6.52993409339188e-18,0.999995259916092,3
"20749",1.63674542786071e-05,7.59342164084613e-17,0.999983632545721,3
"20751",0.0353446669571389,5.13502226271465e-10,0.964655332529359,3
"20753",1.8606098277605e-06,2.69370352201225e-18,0.999998139390172,3
"20755",6.48964561791779e-06,2.01856366259647e-17,0.999993510354382,3
"20757",0.000187230320306868,2.73200740749424e-14,0.999812769679666,3
"20759",0.374197238365784,0.625802750222633,1.14115835867685e-08,2
"20761",0.0384708335737474,2.21194528171693e-10,0.961529166205058,3
"20763",0.00122562450665692,2.16751144120521e-12,0.998774375491176,3
"20765",4.22107203624905e-06,2.18716842699555e-17,0.999995778927964,3
"20767",0.999057732055222,5.65473325917232e-05,0.000885720612186246,1
"20769",0.00830704282902703,0.991692957149783,2.11894152255765e-11,2
"20771",0.326631808370131,5.79279156754201e-08,0.673368133701953,3
"20773",0.757449332872101,8.80524061094751e-07,0.242549786603838,1
"20775",0.0167766485015723,3.43940062046802e-11,0.983223351464034,3
"20777",0.0241545968928867,0.97584540260136,5.05753365893617e-10,2
"20779",0.12942573794456,4.42760240644031e-09,0.870574257627837,3
"20781",0.996242593242368,0.00307571728905187,0.000681689468580363,1
"20783",0.998485422079953,1.09417278629926e-05,0.00150363619218415,1
"20785",4.98469887981176e-07,5.39920404785708e-19,0.999999501530112,3
"20787",0.745339752375665,1.66406280424057e-07,0.254660081218055,1
"20789",0.00011566780239519,3.31240303864795e-15,0.999884332197601,3
"20791",1.59290112937489e-05,1.2859299567028e-16,0.999984070988706,3
"20793",0.693544812844984,2.94769433947156e-07,0.306454892385582,1
"20795",2.25844630005049e-05,3.38100792338981e-16,0.999977415536999,3
"20797",0.000897618806954944,7.60800675665814e-12,0.999102381185437,3
"20800",1.80727640051134e-05,1.11638151429385e-16,0.999981927235995,3
"20802",0.000678548607569078,1.90084172898765e-13,0.999321451392241,3
"20804",9.62900212214552e-05,2.79466889345467e-15,0.999903709978776,3
"20806",1.21325651491414e-06,1.63733266000588e-18,0.999998786743485,3
"20808",0.99893963912116,0.00102795022547732,3.24106533625936e-05,1
"20810",0.00215212633824962,1.42324914699487e-12,0.997847873660327,3
"20812",0.00527784884285633,2.23007553340483e-11,0.994722151134843,3
"20814",3.51943051138296e-06,9.37695129803625e-18,0.999996480569489,3
"20816",0.384024699806363,7.73611851476449e-08,0.615975222832452,3
"20818",0.000560455991254536,9.98659016820756e-14,0.999439544008646,3
"20820",2.68316140426313e-07,2.67240230691903e-19,0.99999973168386,3
"20822",0.4992030964242,8.61952207603829e-08,0.500796817380579,3
"20824",0.000176240382628177,3.47362597198175e-14,0.999823759617337,3
"20826",9.53232835290781e-08,3.0141673866974e-20,0.999999904676717,3
"20828",3.23543251926124e-08,5.2508744414859e-21,0.999999967645675,3
"20830",0.00202084124824771,6.58807806644247e-13,0.997979158751093,3
"20832",0.994785940871887,0.00519789431524713,1.61648128661221e-05,1
"20834",0.974612810613367,0.0253844506651728,2.73872146019145e-06,1
"20836",5.55821262056375e-07,2.5078070301952e-19,0.999999444178738,3
"20838",1.32774372604125e-05,7.45394220478848e-17,0.99998672256274,3
"20840",0.00014734632326107,1.11882443552789e-14,0.999852653676728,3
"20842",0.852897904096644,1.42083383516589e-06,0.147100675069521,1
"20844",0.207085100149038,9.23953073879006e-09,0.792914890611431,3
"20846",0.273902681515004,1.10740350735442e-07,0.726097207744645,3
"20848",0.0690070379673308,1.35145420892214e-09,0.930992960681215,3
"20850",0.947764403947544,0.0522312238529808,4.37219947537376e-06,1
"20852",0.869321067752812,0.130677707921837,1.22432535132608e-06,1
"20854",3.08666306635115e-07,2.2995305386056e-19,0.999999691333693,3
"20856",0.00280147837981318,0.997198521618986,1.2012068085104e-12,2
"20858",0.644626736672116,9.85678690279597e-07,0.355372277649194,1
"20860",0.002804855993771,3.98885248198112e-12,0.99719514400224,3
"20862",0.00312318259577352,0.996876817403818,4.08571799325443e-13,2
"20864",0.000570330337934959,8.53352522602168e-13,0.999429669661212,3
"20866",0.00014648430960312,0.999853515690393,3.94235694096718e-15,2
"20868",0.998060718962095,5.63437671249117e-05,0.0018829372707801,1
"20870",0.0433960198745161,3.76620454632128e-10,0.956603979748863,3
"20872",0.00215653186398268,1.6760511496967e-12,0.997843468134341,3
"20874",3.05998161524177e-07,2.55988270620181e-19,0.999999694001838,3
"20877",0.0174726231279322,0.982527376847598,2.44692951036787e-11,2
"20879",0.998765238232177,0.00121107772866518,2.36840391581458e-05,1
"20881",0.000343335856404396,3.32443504632285e-14,0.999656664143562,3
"20883",0.997482278444506,0.000301409014412096,0.00221631254108203,1
"20885",1.83513643249006e-07,4.48737339008916e-20,0.999999816486357,3
"20887",0.892709554882473,0.107288856243162,1.58887436489982e-06,1
"20889",0.00502090749976954,4.66323603576518e-12,0.994979092495567,3
"20891",1.32186425158749e-07,0.999999867813575,5.40061472544347e-22,2
"20896",0.989358047372511,0.0106284740986023,1.34785288865743e-05,1
"20898",0.000369419347873348,3.36869146729802e-14,0.999630580652093,3
"20900",0.985547171824287,0.000304760274772064,0.0141480679009411,1
"20902",0.974472694750547,0.0255208408244696,6.4644249832048e-06,1
"20904",0.208514030407603,8.49491380335128e-08,0.791485884643259,3
"20906",5.692251152385e-05,0.999943077488476,1.85033045373508e-16,2
"20908",1.08342340949695e-05,1.91531048109191e-16,0.999989165765905,3
"20910",0.960865623942999,0.0391338002246889,5.75832311917433e-07,1
"20912",0.872441876054973,1.6770063573877e-05,0.127541353881453,1
"20914",1.63388665847478e-07,0.999999836611334,2.04259749198949e-21,2
"20968",7.05425914971105e-05,1.15763387324255e-14,0.999929457408491,3
"20970",0.75936669606475,0.240632657219166,6.46716083712485e-07,1
"20981",0.991939514584094,0.00803918667264584,2.12987432598219e-05,1
"20983",2.30644451597803e-07,1.36328831198954e-19,0.999999769355548,3
"20988",0.0193288435770279,0.980671156364683,5.82890369123075e-11,2
"20995",8.59725581176019e-08,1.49468292973671e-20,0.999999914027442,3
"21017",0.956235493734169,6.86250710158719e-06,0.0437576437587289,1
"21038",0.113208286950005,0.886791712552636,4.97358632009024e-10,2
"21072",4.95244680059718e-05,0.999950475531993,5.96721281783104e-16,2
"21075",1.39940742471316e-05,0.999986005925753,1.15421649117131e-17,2
"21223",0.0246438518117098,3.64182948982961e-11,0.975356148151872,3
"21225",0.0704871170232534,0.929512869465225,1.35115211317481e-08,2
"21230",8.89764051073412e-08,2.2011131988869e-20,0.999999911023595,3
"21236",0.822809651585976,1.18473125213573e-06,0.177189163682772,1
"21238",0.995063708571029,0.00485884751643577,7.7443912534779e-05,1
"21241",0.234961080244836,0.765038885722292,3.40328716401411e-08,2
"21246",1.04028679847419e-05,0.999989597132015,2.05664687185098e-18,2
"21253",2.63415087910031e-06,1.6971434485492e-17,0.999997365849121,3
"21256",2.56503014449342e-07,9.93626819893865e-20,0.999999743496986,3
"21260",0.82699767549153,0.172996881891463,5.44261700743412e-06,1
"21266",0.937007778636263,0.0629913872135666,8.34150170211686e-07,1
"21332",0.0115507885954689,0.988449211398634,5.89743833818738e-12,2
"21334",0.0469959653861921,6.11480359014955e-10,0.953004034002328,3
"21375",0.000241399337607233,7.86928420701431e-14,0.999758600662314,3
"21378",0.249073307261569,0.75092665426149,3.84769415371393e-08,2
"21381",0.00450391041056518,0.995496089587341,2.094041898358e-12,2
"21389",0.00106325495122048,1.77901403649641e-13,0.998936745048602,3
"21391",0.996959019085356,3.38225739931334e-05,0.00300715834065131,1
"21402",0.22149729741747,0.778502701140006,1.44252468653924e-09,2
"21404",0.477787953957063,0.522211945834671,1.00208266154536e-07,2
"21409",0.842250273503574,0.157749685748343,4.07480835708385e-08,1
"21413",0.20396229123514,0.796037707950455,8.14404414440705e-10,2
"21423",0.988460481528048,0.0115044398836786,3.50785882738271e-05,1
"21425",0.0179435067101762,0.982056493248007,4.18169310076611e-11,2
"21430",6.458867948362e-05,0.999935411320514,2.5238326286655e-15,2
"21432",0.925070636634717,0.0749288751897199,4.88175563537723e-07,1
"21438",0.725542378887793,7.7540023304585e-07,0.274456845711974,1
"21440",0.99933674875324,0.000591479341860584,7.17719048988644e-05,1
"21443",0.000244943163795386,1.40686592934895e-14,0.999755056836191,3
"21445",9.0049506392296e-07,0.999999099504936,6.00376463860517e-19,2
"21447",0.0624280965709042,0.937571902607151,8.21945018516601e-10,2
"21449",4.24156070847147e-05,0.999957584392915,6.01946613382352e-17,2
"21451",4.24156070847147e-05,0.999957584392915,6.01946613382352e-17,2
"21455",3.46352716495645e-07,0.999999653647284,9.80916960976795e-22,2
"21469",0.00367733780780478,0.996322662185088,7.10690169575333e-12,2
"21471",2.38582472982725e-06,0.99999761417527,2.34247603600267e-18,2
"21473",0.997367996958891,0.000254054848832281,0.00237794819227668,1
"21476",0.433553856279568,0.566446116564141,2.7156290697613e-08,2
"21478",4.47424650603676e-05,2.19846904822284e-15,0.999955257534937,3
"21481",9.82183009461151e-05,1.57644456497972e-14,0.999901781699038,3
"21490",0.997138786570682,0.00266547419406513,0.000195739235252405,1
"21493",9.94828380315014e-05,0.999900517161966,2.53282962218186e-15,2
"21495",0.713963418701929,0.286036523606536,5.76915354861566e-08,1
"21500",0.99894215988363,6.89127662679801e-05,0.000988927350101573,1
"21504",0.294590347816462,1.10763415152112e-08,0.705409641107197,3
"21507",6.33761878896866e-10,0.999999999366238,3.74233097518961e-26,2
"21512",0.165093294191363,0.83490670395342,1.85521712094199e-09,2
"21519",0.01550219930713,0.984497800655931,3.69391989456361e-11,2
"21522",0.409722537543711,1.98110334439829e-07,0.590277264345954,3
"21524",0.0702344624746232,0.92976553715532,3.70057056716018e-10,2
"21528",0.0161000307456593,0.983899969245677,8.66359787139074e-12,2
"21532",0.998859172448247,0.00104120293465223,9.96246171009006e-05,1
"21543",0.998954053146556,0.000199284569792456,0.000846662283651475,1
"21546",0.681778165412175,0.31822154810367,2.86484154619089e-07,1
"21550",8.93292862056552e-06,0.999991067071379,8.82755878061129e-18,2
"21554",0.110582404226157,0.889417592504332,3.26951162468364e-09,2
"21557",0.00139822147362773,0.998601778525681,6.9146582730115e-13,2
"21560",3.93152802810951e-05,0.999960684719719,2.16612213089976e-16,2
"21564",0.892705782049024,0.107294074824973,1.4312600302688e-07,1
"21566",0.0023545731268413,0.997645426872687,4.7159220935451e-13,2
"21569",0.739575554089229,1.44117746788757e-06,0.260423004733303,1
"21574",0.311645784201039,2.22619446507615e-07,0.688353993179514,3
"21576",5.09931127846189e-06,2.92601336226216e-17,0.999994900688722,3
"21578",2.36059433197557e-05,3.53676508223439e-16,0.99997639405668,3
"21580",0.380291600848915,1.37264004869553e-08,0.619708385424684,3
"21583",0.956037468687095,0.0439623938796377,1.37433267064224e-07,1
"21585",0.00106266453007811,1.07340177842692e-12,0.998937335468848,3
"21587",0.000315215171436585,3.11542833412923e-14,0.999684784828532,3
"21589",0.987403078118158,3.61851736307042e-05,0.0125607367082111,1
"21593",4.93523637595889e-07,8.16550593603699e-19,0.999999506476362,3
"21595",0.98398514820624,4.3735491649446e-05,0.0159711163021107,1
"21597",0.258129606670523,0.741870393179109,1.50368050674037e-10,2
"21599",8.0849601862459e-05,2.89946793704328e-15,0.999919150398135,3
"21601",0.979279244844758,0.0207028685591056,1.78865961359781e-05,1
"21603",4.33075264464929e-06,1.54164257519292e-17,0.999995669247355,3
"21605",9.02132910179311e-06,9.26666837196936e-17,0.999990978670898,3
"21607",0.030815959520828,2.19312917012021e-10,0.969184040259859,3
"21610",6.91727760883994e-05,1.47181701656629e-15,0.99993082722391,3
"21612",5.27436644849107e-06,1.44794256920699e-17,0.999994725633552,3
"21614",0.972780279664655,7.4763756479095e-06,0.027212243959697,1
"21616",0.980779197708991,1.45469918799341e-05,0.0192062552991287,1
"21618",0.99860028259931,0.00137827717245873,2.14402282310665e-05,1
"21620",5.35916242446442e-05,5.5143988104461e-16,0.999946408375755,3
"21622",4.24281047980349e-06,0.99999575718952,8.02448614224703e-18,2
"21624",0.00371763095663658,4.54627749980689e-12,0.996282369038817,3
"21626",0.0171416405003113,2.60911320510303e-10,0.982858359238777,3
"21628",0.900227154564966,0.0997706871015891,2.15833344512984e-06,1
"21630",0.97325458071795,7.95592632897181e-06,0.0267374633557207,1
"21632",0.937757320390192,1.24757513172172e-06,0.0622414320346764,1
"21634",0.991821367693202,0.00817677524402988,1.85706276801179e-06,1
"21636",0.0117544307180818,1.10725263460973e-10,0.988245569171193,3
"21638",6.00037912513591e-05,6.738915712977e-15,0.999939996208742,3
"21640",5.98848837658137e-05,1.732012148803e-15,0.999940115116232,3
"21642",4.58200250123887e-06,3.4558631431785e-17,0.999995417997499,3
"21644",0.00692717875733607,3.81700799965796e-10,0.993072820860963,3
"21647",4.326333224923e-06,1.48902428278294e-17,0.999995673666775,3
"21649",0.223657996020047,4.52299670346219e-09,0.776341999456956,3
"21651",0.99857114357861,0.000230713750022986,0.00119814267136709,1
"21653",2.08503661866065e-05,8.03511674369368e-16,0.999979149633813,3
"21655",3.19618915325706e-07,2.78449780669827e-19,0.999999680381085,3
"21657",0.00059285511648011,5.30731675257255e-14,0.999407144883467,3
"21659",5.80451164482537e-07,2.96782828943044e-19,0.999999419548836,3
"21661",2.02616718735833e-05,9.6378307435724e-17,0.999979738328126,3
"21663",1.01881219475288e-06,4.87542372147679e-19,0.999998981187805,3
"21665",0.794362694671168,9.82964887425818e-07,0.205636322363944,1
"21667",0.0170724173500928,6.65790258955382e-11,0.982927582583328,3
"21670",0.938932470730486,1.79032582623042e-07,0.0610673502369318,1
"21672",0.428793536781276,2.96596437095275e-08,0.57120643355908,3
"21674",0.0201131875474756,0.979886812435385,1.71396756131411e-11,2
"21676",0.997738122925534,0.00203323973164649,0.000228637342819404,1
"21678",0.99496439360343,0.00445222710544785,0.000583379291122183,1
"21680",0.0372810582702428,5.94143809898597e-10,0.962718941135613,3
"21685",0.0629906542556651,5.23922263781531e-10,0.937009345220413,3
"21687",0.99680378790241,8.03598828164631e-05,0.00311585221477318,1
"21690",0.995601946566201,0.00432884596629883,6.92074675001355e-05,1
"21707",0.221773263413296,0.778226735151126,1.43557763282165e-09,2
"21710",0.00042798951603846,0.999572010483869,9.23228957227767e-14,2
"21713",0.275768153985523,0.724231831216005,1.47984715480811e-08,2
"21718",0.00132526884166989,0.998674731158063,2.66931434875209e-13,2
"21721",0.996368329144732,0.00281662163081829,0.000815049224449424,1
"21723",3.38382974820051e-06,0.999996616170252,3.73900821691457e-19,2
"21726",1.89066406303378e-07,0.999999810933594,7.48194871239547e-22,2
"21729",0.000239115138046133,1.14055783997451e-13,0.99976088486184,3
"21733",0.01222029032536,1.95036441606877e-10,0.987779709479604,3
"21735",0.000193721135577884,0.999806278864363,5.87801359587289e-14,2
"21739",0.998338351657648,0.00164398739378503,1.76609485672491e-05,1
"21741",0.996117180164861,0.00387934722679192,3.47260834747429e-06,1
"21744",0.999150885080262,0.000594082501313983,0.000255032418423502,1
"21746",9.280839224507e-08,0.999999907191608,1.83955488397578e-22,2
"21748",3.12708280936542e-07,0.999999687291719,4.98918671302926e-21,2
"21750",0.0701749942347195,1.10586325489784e-09,0.929825004659417,3
"21752",0.998354419800088,0.00162966070061914,1.59194992932536e-05,1
"21755",0.995323656286462,4.87659820297061e-05,0.00462757773150827,1
"21757",0.000581009004523664,1.881775699096e-13,0.999418990995288,3
"21760",2.31948988974969e-08,1.43245230780912e-21,0.999999976805101,3
"21762",0.999119958010278,0.00047156000627126,0.000408481983450553,1
"21764",7.77347041324315e-06,1.17228777984551e-16,0.999992226529587,3
"21766",0.997815409338063,0.00210535232373747,7.92383381992234e-05,1
"21768",0.945650483399973,0.0543472927167841,2.22388324320695e-06,1
"21770",0.996511630595505,0.00348042232617238,7.94707832334138e-06,1
"21773",3.91324479367808e-06,0.999996086755206,4.4361416869434e-18,2
"21775",0.00656953553868598,4.39145500279153e-12,0.993430464456923,3
"21777",0.000658748977438048,1.58571741698079e-13,0.999341251022403,3
"21779",0.00353883596106428,0.996461164035575,3.36084434416351e-12,2
"21781",0.299143198658228,0.700856798525162,2.81660923514886e-09,2
"21784",4.52102669723808e-05,0.999954789733027,6.22312645220991e-16,2
"21786",0.154995605308573,0.845004391289059,3.40236868236804e-09,2
"21789",0.998769835304871,0.000403397774893399,0.000826766920235443,1
"21791",5.99947250587776e-07,0.999999400052749,3.49836954277273e-20,2
"21794",0.997633737420222,0.00228587883751928,8.03837422587133e-05,1
"21797",0.033833703277346,0.966166296568974,1.53679971130546e-10,2
"21800",0.0735230957080728,0.926476898175027,6.11690038399537e-09,2
"21802",0.978922302740518,0.0210704782744036,7.21898507849631e-06,1
"21804",0.793617160319406,0.206345377903829,3.74617767651285e-05,1
"21806",0.993694541190265,0.00610796395433569,0.000197494855399002,1
"21808",9.70997420549449e-05,7.36306839709124e-15,0.999902900257938,3
"21811",0.00970786593577638,0.990292134051277,1.29469150344297e-11,2
"21815",0.93921912028091,0.0607804413330969,4.38385992962863e-07,1
"21817",0.0635832737029074,0.93641672453957,1.75752289710125e-09,2
"21820",0.988244721582527,3.20693702744017e-05,0.0117232090471986,1
"21822",0.0130723830223762,1.85888938317276e-10,0.986927616791735,3
"21824",0.944472744314732,1.62557033328074e-05,0.0555109999819351,1
"21826",0.00127963386483103,0.998720366135147,2.18244842234642e-14,2
"21828",0.000162363800168358,0.999837636199831,3.78492395821262e-16,2
"21830",0.697418134839521,2.50224076150553e-07,0.302581614936403,1
"21833",0.466472612967466,0.533527359696478,2.7336055314602e-08,2
"21835",0.466472612967466,0.533527359696478,2.7336055314602e-08,2
