"","V1","V2","V3","V4","V5","V6","V7","V8","V9","best$classification"
"19811",3.62826415503223e-09,0.000454631806579252,0.00231884955232053,0.000394538654267143,2.84431063375516e-07,7.03304542023842e-10,0.944315380320035,1.79925015775707e-05,0.0524983184025884,7
"19813",3.4582939397679e-08,1.1888811776584e-06,5.89652169267899e-07,1.25726546364989e-08,4.83172414974703e-09,3.90027678289353e-12,5.59786618160598e-06,3.78215424249321e-08,0.999992533787711,9
"19815",3.02545846027441e-09,0.00684844525228702,0.0339870967024623,4.76095946577142e-06,0.000123462506617998,3.80741725084552e-05,0.957792142613425,0.00120490100062891,1.11376714613718e-06,7
"19817",1.89302420198832e-10,0.00305273672947863,0.00414951514923948,0.000300382948552604,2.39605597749822e-06,2.76473669617418e-07,0.992414009117872,7.6205722555185e-05,4.47761335219489e-06,7
"19819",0.00353554664011598,0.0557755258283056,1.0445010568644e-05,6.15183252400921e-08,0.287809552193114,0.652821137723846,2.1456318745277e-06,4.5585426917373e-05,2.69324837204182e-11,6
"19821",1.0631226546944e-07,0.00463506203768217,0.000503976321716848,0.0128986679262502,3.34305916134842e-05,7.24278567475843e-09,0.96677802810063,6.24387232505723e-07,0.0151500970798234,7
"19823",7.6274437781194e-09,0.00173447837975417,0.000427124329427528,4.73095705759827e-05,6.20969047860949e-06,0.0014446182738557,0.428923842728048,0.567415559369816,8.50030599845263e-07,8
"19825",0.340463079753409,0.00607098521224578,0.00231195612671055,0.636913951391622,0.0123467833369174,5.30583320229072e-05,0.000455932474127713,4.41442669027686e-06,0.00137983894625477,4
"19827",3.61594027362851e-08,0.0030643960040727,4.81278167872251e-05,0.345220222477569,5.89599441879101e-06,3.83832284694737e-06,0.651446712950435,0.000210540067582597,2.30206884354823e-07,7
"19829",0.00212436985187629,0.87875169661617,0.00013521356993966,0.00416763257847473,0.114439665393311,0.000102525243557312,0.000277985078814079,6.08424869388599e-08,8.50825370476916e-07,2
"19831",0.0163348232958734,0.817123465524194,3.90389357529942e-05,8.27922312986997e-08,0.0647584633173267,0.100014393609649,1.42736985588628e-05,0.0017153345685782,1.24257835465452e-07,2
"19833",0.00155106200169991,5.2073915021555e-07,0.00139890662709145,1.20057306692817e-05,1.41625035741762e-06,0.12981419630457,1.47617647899154e-07,0.867221200793356,5.43935457808253e-07,8
"19835",1.0631226546944e-07,0.00463506203768217,0.000503976321716848,0.0128986679262502,3.34305916134842e-05,7.24278567475843e-09,0.96677802810063,6.24387232505723e-07,0.0151500970798234,7
"19837",5.51045876879229e-09,0.0195554326706235,7.11674834360964e-05,0.0186442103026493,1.41839300340109e-05,3.52802844574624e-07,0.961699272610879,1.34667216453368e-05,1.90796742940903e-06,7
"19839",0.545022405060496,0.409494367680434,0.000724575887500737,0.0110395733486865,0.0328577419347092,3.97237141144695e-06,0.000489749704367856,2.61548496323412e-07,0.000367352463898707,1
"19841",0.00011435035197608,1.25578181180319e-06,2.04957256744995e-08,0.999866467111245,2.13772519660487e-07,1.01982492690076e-09,4.29773961706663e-06,1.17199477506927e-09,1.3392555284981e-05,4
"19843",0.684231621168824,0.0252180915876939,0.00248268183133155,4.30276598389903e-09,0.281467776138194,1.67347863298173e-05,1.35242989306911e-06,1.90817533554097e-07,0.00658154693743444,1
"19845",8.01367486230925e-10,8.40290743332462e-06,0.000121306304459392,3.09651646760967e-06,1.96035825869945e-08,1.16918982579364e-10,0.0318945295394098,9.94006958847225e-06,0.967962704140772,9
"19847",3.09183988221668e-07,0.0545590453388184,0.0408193307733649,6.47635914963054e-06,0.000343965155174566,3.07172714797714e-06,0.894911455832887,0.000548111847925072,0.00880823378154422,7
"19849",2.88529669722423e-09,9.80674215264653e-08,1.12608294985478e-07,2.86237790384077e-08,3.77346565684647e-10,6.65353806254569e-13,1.64018258253011e-05,4.30019617548024e-08,0.999983312609409,9
"19851",5.07299728562709e-11,0.000490628825446128,0.0012196216245218,1.17266789378314e-05,7.9216717985493e-07,1.73986927696523e-07,0.998012999943694,0.000250571072609552,1.34856499534199e-05,7
"19853",4.79858030810198e-11,1.06980345803547e-05,0.000137032564012029,0.000150896951170667,3.39170301071118e-09,9.72844008676026e-08,0.898285772171953,0.0863349593972317,0.0150805401569629,7
"19855",2.36262875567405e-11,0.00021581841979683,0.000191484489630661,0.00173847712645324,2.02114086492319e-08,1.40809881310521e-08,0.996631685596299,0.000397325829057115,0.000825174222740558,7
"19857",7.41433866565295e-07,0.287489783616487,0.0110776174590328,0.0136199092393994,0.000180060399222491,4.80833729876469e-08,0.669994981597598,3.48892722331186e-06,0.0176333692437982,7
"19859",2.64762857340245e-08,0.0422101158644041,0.003682804782949,0.00915478346134989,1.71324041538197e-05,4.04978076831713e-06,0.944426132227129,0.000495938763293207,9.01623966682526e-06,7
"19861",2.01315285893556e-09,0.000401544266956683,0.000836660227389393,1.33618353419663e-05,3.21122551578939e-07,3.01050998656893e-09,0.818258682316217,0.000124441368155494,0.180364983839725,7
"19863",2.79360402087438e-06,4.67043941542413e-08,3.28296966523393e-07,0.00584940395527713,4.14655783118312e-10,1.90392966288219e-12,1.19511943886271e-05,2.79783218198802e-08,0.994135447850071,9
"19865",1.29662345907941e-08,3.29477298200289e-06,2.50679628228455e-06,0.998569081194375,3.03290910927033e-08,4.99538097162788e-10,0.00142462320714553,1.50624589826502e-08,4.35171892949215e-07,4
"19867",1.16897315267123e-08,0.00299646327257884,0.017427990500142,8.61077714029465e-07,5.26587804726741e-05,4.63699530227358e-07,0.971230939836217,0.000234389259653076,0.00805622188396061,7
"19869",2.75065700459904e-10,7.405153501915e-07,8.09021803919275e-07,1.17589972037615e-05,4.57234444367746e-10,1.34806980434972e-12,0.00310947455497017,3.22290470100399e-07,0.996876893886554,9
"19871",2.05720040633647e-08,0.123419241061985,0.000952494803855637,0.0332303119449726,5.58074261154172e-05,7.06584319438115e-06,0.842202256159127,0.000131573983642361,1.22820510370797e-06,7
"19874",8.50877599575052e-09,6.65229451590906e-05,0.000454709408455464,0.779606625237463,1.57526140142883e-07,9.92471100483603e-08,0.219823611687603,4.58326047712684e-05,2.43283452150519e-06,4
"19876",1.5412689637582e-10,4.10394513606962e-05,1.75575232904144e-05,0.162993158088081,1.13371605540865e-08,6.29299308218462e-10,0.836702991476902,7.95432024182913e-06,0.000237287019537502,7
"19878",4.01938782403585e-05,5.11115558484473e-05,0.997495055408559,7.45338731207686e-07,0.00225357845140749,1.20441101708698e-05,0.00014531417002659,6.94469651098389e-07,1.2626173646519e-06,3
"19880",9.81424307343752e-10,3.01666719777728e-07,5.69633121283733e-08,0.998943171640871,3.06645782041604e-10,2.77057169566682e-11,0.00105069644843289,4.97361085329482e-08,5.72222877950666e-06,4
"19882",7.67356083714679e-09,6.106096335754e-05,0.0121345377657694,0.000529764772087582,4.18571089675353e-07,7.02211293560042e-09,0.66491626999488,0.000162538741544108,0.322195394495598,7
"19885",1.02396686985853e-08,0.103991843282244,0.00906492488803751,0.000284311056790966,0.000278414990333972,5.81088933513854e-07,0.88636892535816,4.52974138284477e-06,6.45935444800298e-06,7
"19907",5.05711181123352e-09,0.000625654834791018,0.0176319454494093,5.89154020580695e-06,1.4337136066537e-05,5.96131712889505e-08,0.886895920057097,5.54385414562878e-05,0.0947707477706909,7
"19909",4.44030395051905e-05,0.976236524293216,7.08931969780637e-06,3.45467581023022e-07,0.0232467236147107,3.30301862501138e-06,0.000443203344668707,9.91604346456062e-08,1.83087415612998e-05,2
"19911",0.00151208170484484,0.982275865622487,7.95677687441055e-05,0.0032285282103376,0.0115362218248206,6.5089806743761e-05,0.00129458849043453,6.38259453650308e-06,1.67397705084655e-06,2
"19913",2.88945675246239e-07,1.1671021181177e-07,1.06653425943253e-08,0.99999384088761,1.79950231246657e-09,5.76193072341349e-10,5.64603802644757e-06,1.35448676540196e-08,8.08325704034606e-08,4
"19915",5.98973991282896e-10,0.000126934270999064,0.000136231126832052,0.305573229513803,1.66206385028078e-07,7.11580157166503e-08,0.694125388713854,3.6798245989472e-05,1.18016514697783e-06,7
"19917",3.87764099094057e-07,0.000133328382550538,2.57577203531802e-05,0.9923784022305,3.18597124235442e-07,1.79761539735869e-08,0.00745962666447062,1.29521862958044e-06,8.65446118750821e-07,4
"19919",9.40933026517886e-09,0.00319263892369924,0.00494679253665928,0.117114889409761,5.28460305657151e-06,1.21427118645878e-06,0.874653922443698,8.44947893107108e-05,7.53613298260178e-07,7
"19921",4.66679499502768e-10,0.00224224479197478,0.00795928262448733,3.13046252946039e-06,6.97798733563125e-06,1.24808380304477e-07,0.989474226226613,9.28775866312178e-05,0.000221135045368488,7
"19923",5.01934821528383e-07,0.000247088634177013,0.994474422056198,2.38705223221797e-08,0.000369032134379467,6.1855161174599e-05,0.00453884257066677,0.000303274879355742,4.95875870434051e-06,3
"19925",6.20043022607173e-09,4.12128685861227e-05,8.74713182578817e-05,0.944921092061601,1.33619430702993e-07,2.55703764285354e-08,0.0549459646240696,3.73233640817172e-06,3.61400839940659e-07,4
"19927",5.13027454951405e-11,0.00127984094171751,0.000296077285436573,6.4178618913241e-05,5.19549509365879e-07,7.89745972149948e-08,0.998223160348371,0.000118788617110653,1.73556130416013e-05,7
"19929",4.29960203941072e-06,2.92940029695034e-07,8.23792079445464e-08,0.590961829002812,8.19395133026354e-10,3.84020548550502e-12,9.65931819982905e-05,4.66938713421353e-08,0.408936855376806,4
"19931",3.22823775440451e-09,0.00612961269345814,0.00103117720119356,0.00034805069630837,1.75447001638665e-05,2.44468558357669e-06,0.992315379332597,0.000155348787784661,4.38674673309463e-07,7
"19933",7.21769089077574e-06,0.887978379039408,0.000139015088070493,0.000176901171918195,0.0435042872384609,0.000247632380964984,0.0679387917762538,7.68443259596929e-06,9.11814363221338e-08,2
"19935",9.76497693912568e-06,0.181863876975199,0.022611092017534,0.000733697893309011,0.0105693906472652,6.23244844472781e-07,0.783566102736778,1.56466511492691e-06,0.000643886843015541,7
"19937",2.03277576481996e-10,0.00223440024337515,0.0041055460911688,5.1373970391965e-06,1.01650011904469e-05,6.35742570644904e-06,0.992501243360907,0.00113553491525705,1.61536207884167e-06,7
"19939",2.29355305952527e-09,0.00102189286699588,0.293545438691966,0.000678617129917359,4.57240173479612e-05,3.64568953974331e-06,0.704655307965602,4.61308950553379e-05,3.24045002247616e-06,7
"19941",0.0960172313575883,0.856828033829828,6.48080439735579e-06,0.0198114342721757,0.0262256647520899,8.18831907502882e-06,0.0010430399323141,6.33202517431981e-07,5.92935300144011e-05,2
"19943",5.34272737172023e-09,1.22881284216063e-06,5.01231510514873e-07,0.999600542579203,5.6682403753227e-09,5.37550718134096e-09,0.000397449994787101,2.33859938474616e-07,2.71352435764946e-08,4
"19945",6.07065861944012e-05,0.900165220822476,0.0039364436306665,6.72501971770705e-06,0.0814735261478452,0.000684079503722467,0.0136489431771198,2.43188900895742e-05,3.62221678547532e-08,2
"19947",0.00233195373207211,0.41325911708853,0.000170058508130568,0.569074567081007,0.00184940474117079,1.35983226297245e-05,0.00302726765737487,8.54604651432564e-06,0.0102654868225709,4
"19949",1.4208910458492e-06,0.00274710506070085,0.966355257448248,2.34015581944895e-07,0.0132900513078312,0.000783386473466409,0.0167352906363929,8.70940245799981e-05,1.60142152151296e-07,3
"19951",2.36619241664003e-06,0.00100084630186475,0.0522017309821373,0.725063256473659,5.87255888953202e-05,1.21418636339933e-06,0.221656416704592,1.09023807992815e-05,4.54118927224391e-06,4
"19953",0.000124708717616549,0.0327838915905197,0.00124060473552114,7.69435511148447e-09,0.0587876467171266,0.881527803419819,0.000141349251908247,0.0253939788772463,8.99588725113735e-09,6
"19955",0.0118744628288302,0.521479881077443,0.321852748561924,6.34507026205277e-07,0.121686623402909,0.0218680014106951,0.000230231530009027,0.00100382603102402,3.59065013889875e-06,2
"19957",2.01744477368607e-06,0.027942310683435,0.000171658728292605,0.91823402800874,5.05276828851814e-06,5.08746768249996e-05,0.0477065779856168,0.00587910284607668,8.37685795127941e-06,4
"19960",0.00164124165137797,0.6589153515046,0.00360239093999198,0.000138738079116139,0.335349731696102,8.23478271271977e-05,0.000251827655461873,9.68564136013528e-08,1.82737898089057e-05,2
"19963",0.0240286103061059,6.09920491441918e-05,1.65147173402685e-06,0.865312479587278,3.1103134942865e-06,0.00269578101172409,0.000100378361539992,0.107787957078618,9.03982036198765e-06,4
"19965",0.0187878417842036,0.072780530212066,0.149266028729096,4.15150869408732e-09,0.758826687474581,0.00030402340233899,1.33773259638885e-05,6.28320233948279e-07,2.08786000072209e-05,5
"19968",0.000138988017967437,0.00169128309590382,3.08701984909985e-05,0.760874442922082,4.26978355865389e-05,2.20581852355932e-10,0.00962343669975885,2.28218825929192e-09,0.22759827872744,4
"19971",0.00439504979789344,2.86656023968278e-05,7.20861335334043e-06,0.99481176193273,2.96524177169979e-05,0.000711636397612826,2.12231784669011e-06,1.3855830973565e-05,4.70894765500458e-08,4
"19973",4.61116531411062e-10,0.00149385151115929,0.000549529146191253,0.0018156093771885,1.55480386258527e-06,7.86422582494058e-09,0.996112859544008,2.83575633208192e-06,2.37515359158146e-05,7
"19975",6.07265312913567e-08,0.000123135496910285,3.1529978513368e-05,0.979096323863991,3.33954761935741e-07,6.51433126772777e-10,0.0207349562617621,4.1561398653164e-08,1.36175046982151e-05,4
"19977",0.00033324219414361,8.28045634375357e-06,0.000493109033100677,0.998910901200217,1.09431501525747e-06,1.48496506700623e-06,0.000198924476296986,2.60065521131202e-05,2.69568077031088e-05,4
"19979",0.0253862026412027,0.050973664915065,3.40335543779812e-06,2.23290896177374e-07,0.920741113639821,0.00289528822242406,9.98994190089604e-08,3.99478219164616e-09,4.09520380553789e-11,5
"19981",1.0012376473508e-07,0.632963539298005,0.000693659802941513,0.000117637619972992,0.000141337978066115,4.45653393588475e-07,0.365605459516787,3.0173639602306e-05,0.000447646367467371,2
"19983",9.76914643593815e-08,0.279569552508467,0.404967080347031,1.04201954885469e-05,0.00135316943071138,6.83151786229045e-06,0.313576733709665,7.72287671546483e-05,0.000438885832155749,3
"19985",8.640233600442e-10,3.52077360700777e-05,0.000100873425403431,0.783127908688394,1.93285463516041e-08,1.87904043123308e-09,0.216707801284969,5.07279298561618e-06,2.31140005671901e-05,4
"19987",1.06670427936181e-06,0.386346472778335,0.000214581883398339,0.0217656426518134,0.00153405725785471,1.07645925072254e-05,0.590112057166742,1.3429608480417e-05,1.92735658899254e-06,7
"19989",0.000859389291813581,0.022219895643247,4.52731710380364e-05,2.77405271649136e-10,0.964162265417802,0.0127118829647264,1.06998026623669e-06,2.23186003994317e-07,6.76976857261073e-11,5
"19993",2.02371048563599e-05,0.0372295495702291,0.68851027094073,0.0111711152777238,0.0899729571130673,0.000362601515530263,0.172729985091202,3.01944023415635e-06,2.63946427614389e-07,3
"19995",0.000589520484009521,0.567568503008827,0.0487669907794768,0.00397679389783782,0.259703729503405,0.000141352261973392,0.119244435091505,5.24492561448086e-06,3.43004735061042e-06,2
"19997",8.83051775955717e-10,0.000387107078602644,0.000361440908837225,0.0032852398383891,2.68989060515106e-07,1.95450284407313e-08,0.995897666802949,4.83508743177846e-05,1.99050797636462e-05,7
"19999",8.91938629768999e-11,0.000139329757415109,4.28828176475747e-05,0.0199221461700509,1.77165390344768e-08,4.43454376122887e-10,0.979139842102763,7.96530463587811e-06,0.000747815598300141,7
"20002",0.0528948173820814,3.96093415917494e-05,3.65141114483519e-07,0.50470536095727,5.05163760036591e-06,3.22312115719673e-08,0.000258523362977394,2.33400939136975e-06,0.442093905936762,4
"20004",0.00028784116560763,0.964350491521082,7.86746136380938e-06,0.000721368133684542,0.0204782559333364,3.46590341027464e-06,0.0140960222591295,5.48116297078631e-07,5.4139506088573e-05,2
"20006",0.00660239671190563,0.53273000660873,0.381908822876045,0.000317975222881939,0.075870696297587,0.000545113204958351,0.00106412791680575,5.84142660085741e-05,0.000902446895077635,2
"20008",0.0497570745408605,0.00273658494974337,0.865901198095249,2.48860295939199e-05,0.0799249788347767,0.000748565402431098,0.000842188329517115,5.14286574165653e-05,1.30951604117579e-05,3
"20010",6.32052632317864e-05,0.189925497389044,0.41484947905026,8.2655135671102e-07,0.353040970146508,0.0389430679243,0.00305702483790486,0.000119926432113591,2.40528107331034e-09,3
"20012",7.26935595156682e-08,5.62203653636729e-05,0.00217590559467103,0.796867050732617,1.2451202080048e-06,3.02121966206164e-09,0.191573559546456,5.78600328952083e-07,0.00932536432557599,4
"20015",0.00503480725932082,0.00891217248474534,0.0008165512626733,2.86744335063968e-09,0.985231110796785,4.79117552325465e-06,4.82142983066622e-07,7.50759198213375e-11,8.19354496425858e-08,5
"20017",2.39894361949721e-10,0.000913045187517648,7.20048406954336e-05,0.00926778863181166,8.96988109884309e-08,1.09199434665436e-09,0.987278913883996,9.89633394138702e-06,0.00245826009133812,7
"20019",0.0179204364080731,0.00179117645458692,7.96520830997892e-05,3.01879028579627e-10,0.96961767746638,0.0105910497917448,2.84033895021186e-09,4.65019199812463e-09,3.70543683761084e-12,5
"20022",3.73198631123052e-05,0.775000379032835,0.00393421877281205,2.15613481929055e-07,0.219060698697854,0.00160513602867529,0.000360154777614193,1.87489196346707e-06,2.32165179380134e-09,2
"20024",0.0176973227663722,0.00624343092986717,9.07192144518131e-05,3.61350938925982e-09,0.157993421533916,0.81781675629907,2.02974705247094e-07,0.000158136917042585,5.75106506067404e-09,6
"20026",0.0176973227663722,0.00624343092986717,9.07192144518131e-05,3.61350938925982e-09,0.157993421533916,0.81781675629907,2.02974705247094e-07,0.000158136917042585,5.75106506067404e-09,6
"20028",4.21885050881257e-10,8.51837537138705e-05,1.34443767670372e-05,0.05325640011226,2.71061594933882e-08,3.16824230739765e-09,0.946545579650529,3.20033397445373e-05,6.73580706980968e-05,7
"20030",0.139515250095965,0.370033378918131,5.59625645465717e-06,5.40420716827403e-05,0.490354314483159,1.6001587152472e-05,1.94457250974167e-05,3.2076925326898e-09,1.9676546653672e-06,5
"20033",3.2398666692829e-08,0.0174750772014913,0.000173056243097637,0.162688033216352,1.7764383785721e-05,2.2741106924455e-07,0.81962039468961,6.39243880281525e-06,1.90220171239692e-05,7
"20035",0.00191909785406423,0.00152917344719726,9.85046794811919e-05,2.57874252089241e-10,0.982731042193857,0.0137221674908283,8.51123403567173e-09,5.55627989448502e-09,9.18376829325312e-12,5
"20037",0.00641816501375652,0.00297178633920472,0.000381689117197854,7.06854189903394e-12,0.989486327768677,0.000742013098746546,1.42527033550151e-08,3.7485210030007e-09,6.54124206156303e-10,5
"20039",1.65165540920608e-06,4.63087791291233e-07,1.03967010541584e-05,2.53767600059086e-12,8.94698133130782e-05,0.998613729196813,2.41140010133135e-09,0.00128428712874305,2.93879683826507e-12,6
"20041",8.63943446588232e-07,0.0150672627136789,0.980933472381998,1.41611283793041e-05,0.000720769198146973,0.000268973629071139,0.00275689591707134,0.000236186173324841,1.41491488248563e-06,3
"20044",9.86968318159458e-06,0.115960072648193,0.849620823909543,0.00132272077945588,0.00777935783860528,0.00393121691412651,0.020188331605067,0.00117742229717141,1.01843246568209e-05,3
"20047",0.302592937227899,0.00408091747952727,3.75413588026908e-06,7.66011475112409e-09,0.646030498025862,0.0472918600126397,1.43674471443075e-09,2.40183925060211e-08,2.93925952639174e-12,5
"20050",2.42157946460625e-05,0.00190687127506235,0.329663149808382,5.60698497501552e-06,0.0491495474710842,0.616809202847763,0.000968889661617138,0.00147251608230909,7.4161726315788e-11,6
"20052",1.36366856773176e-06,0.114488270338958,0.0260121645537817,0.0262265161943536,0.000777486329995565,0.000196456453892987,0.831570647475919,0.000726936196778495,1.58787752683394e-07,7
"20054",0.00140709862540644,0.757501110480185,0.000117325295953161,1.07313586089388e-06,0.240937517379618,1.61693658888483e-06,2.90349317282454e-05,7.90952680286459e-10,5.22242370726082e-06,2
"20056",7.14634551537849e-06,3.32455408592752e-05,9.14197572226929e-07,0.99893235674836,4.08797261528013e-06,1.51853392897667e-07,0.00102178182574859,2.16132765794862e-07,9.93831707787818e-08,4
"20058",0.00100745890263362,0.029997103052055,0.000122433767404054,6.02775853689344e-11,0.965901956365877,0.00297021376923128,7.45839474428807e-07,8.70437613554133e-08,1.19928538705632e-09,5
"20060",2.39687459141437e-09,0.0020332968235696,0.00136135484953054,8.38380890472799e-05,3.921515143253e-05,5.98634004219316e-07,0.996450274531543,2.36385520570099e-05,7.78097194157999e-06,7
"20062",8.06927678974793e-08,0.0125889400097954,0.318776644552599,4.98479243713321e-05,0.000787236702690985,2.26742600373616e-06,0.667766890788783,1.41286024957742e-05,1.39633004927278e-05,7
"20064",4.07714259587317e-05,0.922873936421169,0.000131357114753378,3.25138298000373e-05,0.0741224106531367,3.56715202275831e-05,0.00276318146284031,1.41421093169799e-07,1.61510205974269e-08,2
"20066",0.0732932549214128,0.0698416624470228,1.54204033974666e-06,3.10430967761558e-06,0.856771781568007,8.78822437856842e-05,6.14312997719325e-07,7.39874669151282e-10,1.57416882213959e-07,5
"20068",3.31226311169534e-10,0.000753116870677953,0.015119913869373,2.09023811115091e-05,1.46069737568617e-06,2.08267279529476e-08,0.982883929733679,5.78627908746274e-05,0.00116279249895368,7
"20070",2.49829414034021e-09,0.000766401682701417,0.0271968390368199,1.16998834831818e-05,2.87156114779033e-06,5.11729586114403e-06,0.958173047514523,0.0138083995749977,3.56209521712386e-05,7
"20072",0.00593882030935654,0.167450602786889,0.013167662858783,4.16078709208264e-09,0.810227379427679,2.70049817874565e-05,4.53721069482127e-05,9.90453398997082e-08,0.00314305432242943,5
"20074",2.24451435985954e-07,3.20823978978304e-08,5.37582751719695e-08,0.999851048166999,1.99941720244527e-10,1.45067700776759e-11,1.68839938201504e-05,1.75862533322748e-08,0.000131739746370206,4
"20076",0.000275055101704802,0.0735673082057825,0.000262412168444704,0.599317427565357,0.000131472057771907,4.31935353104679e-09,0.0193156352439938,8.58885666324071e-08,0.307130599449024,4
"20078",0.000403006381999049,0.949550651281662,0.00140787663813169,1.83181983694794e-05,0.0449698650951777,0.00054919071500463,0.00306801025260024,3.30027549743369e-05,7.86820809001728e-08,2
"20080",0.00168239280606514,0.00787785723206909,5.49569088180714e-05,1.50677260653786e-09,0.984834450465939,0.00555028601546619,5.04136775996637e-08,4.64937276985257e-09,1.82007463643107e-12,5
"20082",4.24979201721085e-06,7.15786297537847e-05,1.37049858233631e-06,2.38961318241258e-09,0.000464637649699534,0.998637664681922,1.71477248723171e-07,0.000820324880886001,2.77041106296706e-13,6
"20084",0.00945808090884349,0.942607367659309,0.000160402409432204,0.010721177247256,0.0308533137108819,0.00496871004327139,0.00113626958474291,9.4659405379574e-05,1.90308829972067e-08,2
"20087",0.00117066889553773,0.604887799860142,0.0901282538295484,1.2591984703786e-07,0.299220470084012,0.000255098229556349,0.00430225006059343,2.25545587955056e-05,1.27785619678249e-05,2
"20090",0.000545196765040496,0.00227559110859531,0.0120067199047087,9.33063707908827e-09,0.912801305658367,0.0723703794328152,5.8956952154921e-07,2.08226587020481e-07,3.72729398791859e-12,5
"20092",1.59158076074769e-06,0.00896068151394973,0.0723579484785714,3.08935011616353e-09,0.000225749315283717,0.0109174500638634,0.00192359068489125,0.905562088801176,5.08964721541451e-05,8
"20096",3.35072571003206e-06,0.0155394309244339,0.0208817253354661,0.00107965897865496,3.53666921920173e-05,0.00659376167913858,0.0440859160842166,0.911780315073715,4.74506472242541e-07,8
"20098",3.59558359424007e-09,0.00241925454275435,0.000283038985025862,0.145598738041082,4.84062506386468e-06,4.29759378706338e-07,0.851676748178107,1.50475947853491e-05,1.89867821894169e-06,7
"20101",0.0280939667464473,0.179104871292661,0.0003308104744545,8.80462810546578e-05,0.782520170072986,0.00984630863733278,1.55056150900027e-05,3.2059069301846e-07,2.89279850751973e-10,5
"20104",1.68140153457951e-08,6.4102026013639e-05,4.82836197679586e-05,1.23517813784483e-05,1.12073019109467e-08,8.58759776713149e-06,0.00500115940674782,0.988720307829066,0.00614517971794188,8
"20106",0.000454283929940616,0.127101976714936,0.00358572080605891,2.02073191642404e-05,0.868510280192274,0.000230051450526586,9.74721671096321e-05,6.4648981101038e-09,9.55092155580769e-10,5
"20108",1.41632629825124e-08,0.00587657048347873,2.09176060834652e-05,0.00643253014099533,4.15498676594592e-06,2.02276756993883e-08,0.987570862465437,7.54988225084716e-06,8.73800440503367e-05,7
"20110",7.52277456948336e-06,0.00481470353780082,0.463726480988112,0.111265538403297,0.000320154311263374,0.0279513980597448,0.201676033295326,0.190238119659519,4.89703670722248e-08,3
"20112",0.000202603487471699,0.0310315864619891,0.242231729303038,5.97272031368964e-06,0.699820372157935,0.0245185000290444,0.0021770741983793,1.21587247685955e-05,2.91705945685254e-09,5
"20114",0.00028697639813367,0.975602019945736,6.71827957275476e-06,0.0110500489895068,0.00868729657002846,0.000179449181057415,0.00417820361358798,9.18788162083461e-06,9.91407563036047e-08,2
"20116",0.0032073996719045,0.961683560250454,2.25559855431711e-05,0.00499992984956198,0.0296494640657411,1.97438461411846e-06,0.000430131523854818,9.79843303289902e-09,4.97446989309776e-06,2
"20118",1.37454063635486e-06,0.716433588759823,0.000271361450105948,0.02609736179669,0.000826090120596225,2.67113366731251e-05,0.256303871183818,3.9223766856156e-05,4.17044801652592e-07,2
"20120",0.000197338615412247,0.209884585690738,0.00389370864251304,0.000403086221450042,0.655241819787021,0.129062083724043,0.00130531025969511,1.2066901891658e-05,1.57236003187106e-10,5
"20122",5.02396694132783e-08,2.56940645596525e-05,1.97028252735999e-07,0.999375422228277,1.61647659755301e-08,3.05809083000936e-10,0.000594580704581799,3.11750715734708e-08,4.00808901311273e-06,4
"20124",0.0188087320860401,0.224292859287615,0.00111887551683289,3.69585575304634e-10,0.747859569440741,0.0079170961282191,6.97006831123371e-07,2.14696670513262e-06,2.31974307951382e-08,5
"20126",0.00144961631444058,0.00193516983951276,3.17914772144335e-05,3.62659357268291e-08,0.000624761507219388,0.966591494446466,7.64437501625751e-08,0.0293670429426145,1.07628469549971e-08,6
"20128",0.0828243802718635,9.27594586647605e-05,1.10335680399791e-05,2.48792904322476e-11,0.0345793444291739,0.882484072098878,8.07651826823102e-11,8.41005830946754e-06,9.42597781211292e-12,6
"20141",2.32295218451351e-09,0.00135685771269949,3.13391008633343e-05,0.0134732951148234,8.99004119466912e-08,9.40145605944861e-05,0.175373299590767,0.809659818830164,1.12828667235794e-05,8
"20143",4.48543600158183e-08,3.53930030171543e-08,5.02926971310326e-09,0.999989518340186,2.40335907207662e-10,3.70386399460838e-11,8.68055349379949e-06,6.99610345137571e-09,1.70855620927512e-06,4
"20145",2.25554713802183e-05,0.376665320574952,0.00505310617754364,1.45999722878747e-06,0.605415278861984,0.0115032518680972,0.00133561840704945,3.40847508405297e-06,1.66680823464766e-10,5
"20147",0.000108295091212824,0.79040039214605,0.000285785929236372,8.66124279023038e-07,0.208902607602063,0.000177945883698071,0.000124031493165592,7.39528307722193e-08,1.77746518721196e-09,2
"20149",8.86588305386112e-09,1.96275783768941e-06,2.93767507298615e-07,0.999419512275513,1.36517018203165e-09,2.90754850682024e-10,0.000575952091939614,2.56987769707418e-07,2.01159762499191e-06,4
"20151",5.41547525812783e-09,0.00127568151702307,0.000393291491167636,0.0385791307762075,7.64690106396882e-06,1.41127446536199e-07,0.959737870037908,4.86708987420949e-06,1.36564383382431e-06,7
"20153",4.59791009401663e-07,0.0015278264777481,0.00281627105362959,0.620590820408469,8.18801409770096e-05,0.00158530353730146,0.368698248429581,0.00469918042697842,9.73430640554446e-09,4
"20155",0.000458998933171245,0.20402069298298,0.0354718669069716,9.09062204130427e-08,0.759539589993869,0.000497246378423318,1.14721363760191e-05,3.36448754489323e-08,8.11711261262992e-09,5
"20157",1.14525580744024e-08,0.000441238610351607,3.83418016778147e-05,0.402176654677793,3.22564010743027e-06,4.23531748810027e-07,0.597321647127793,1.72535811973815e-05,1.20357677258818e-06,7
"20160",4.02959947747019e-08,8.88160715678225e-08,7.5491088285046e-09,0.99998509511954,6.32722536997941e-10,1.42356945969911e-10,1.45468722392619e-05,1.10317628134981e-08,2.09540203770288e-07,4
"20162",7.025695401379e-10,7.74322996199231e-07,1.57997108897384e-07,0.996943807723937,7.40242116730684e-10,9.24182796193641e-11,0.00305226409482994,1.27165694475192e-07,2.8671602036547e-06,4
"20164",3.30106905143321e-07,7.91068374070703e-05,0.000702937504595818,0.9583435043183,2.18594300969923e-06,5.67385105197405e-07,0.0408477638113279,2.27407041270801e-05,8.6338922232876e-07,4
"20166",0.647667640787802,0.0405488555118495,2.75325237399241e-05,0.000310645443347325,0.311393670136113,3.92485966829353e-06,6.95396947285094e-06,1.50708411626895e-09,4.07752609233566e-05,1
"20168",0.414204306376877,0.00026383944855967,5.33033108225377e-06,0.000307197084978271,8.06864855748632e-05,1.23272439311328e-08,2.19445724195385e-06,2.62804241718943e-08,0.585136407208018,9
"20170",5.22149459393996e-09,0.0068134932386613,0.000158835300146481,0.257132110473209,1.9726139399926e-06,1.43896292900237e-06,0.735679503788345,0.000211920839246777,7.19562027327581e-07,7
"20172",8.57690685199765e-06,0.615846033107118,0.00118095545475913,3.23661651804222e-09,0.381052741124316,0.00171136314613908,0.000199199973924558,1.12376930887137e-06,3.28096514058015e-09,2
"20174",1.87315013537359e-09,0.000119746833396276,2.3633554203038e-05,0.134355491914368,2.39633105843095e-08,9.65954234932696e-11,0.649422361058473,2.79263483043209e-06,0.216075948071674,7
"20176",0.00020895347725188,3.43138843166014e-05,8.15292678277658e-06,1.22558487003121e-06,4.17049233705338e-06,3.4789574230877e-10,1.37404594527135e-05,1.38370203779971e-08,0.999729428990073,9
"20178",6.69726940583172e-08,6.39519968116125e-08,8.82340689790106e-09,0.999992916838071,8.46861436419815e-10,3.77705840217566e-10,6.84562231208874e-06,1.2926350900252e-08,8.36406006417669e-08,4
"20181",0.146140081618624,0.353376904015628,9.50410907815151e-06,0.00380818445516071,0.496608124372657,3.08278658993428e-05,2.60150332587827e-05,2.25446587467506e-09,3.56275227559935e-07,5
"20183",4.18120724185493e-09,0.065932912478314,0.00767796840197416,3.04543539410396e-06,0.00025252952624786,8.43379567550523e-05,0.923014824042626,0.0030320095080058,2.36846947534307e-06,7
"20186",5.61897574258965e-07,0.10874697949605,0.209016701683844,5.47562940112371e-08,0.00426635419347599,0.00036579956989208,0.647837713034165,0.0253300746879955,0.00443576068070995,7
"20188",1.0543025766934e-08,1.08394619320705e-07,5.19628861720592e-08,0.999853890399347,9.57850753630128e-10,3.06862917371391e-10,0.000145736192293262,4.95624892433057e-08,1.51680625012546e-07,4
"20190",0.000954447394161276,0.0251842685605154,4.9448534030529e-05,3.25628169610554e-08,0.973761861945053,4.83968314022118e-05,1.54172117323926e-06,3.28585339455086e-10,2.12226197034123e-09,5
"20193",0.19975661196148,3.17909913567799e-05,0.000104679476682297,0.791883273586868,7.41807604915298e-05,4.41459346419937e-08,5.35493046277516e-05,4.46073379993956e-08,0.0080958251652211,4
"20195",1.28694084501239e-06,0.00133670049536505,0.00339886694365105,0.809763886073075,7.55163693660886e-05,1.92680099025918e-06,0.185415726817771,5.10939637208245e-06,9.80162564608554e-07,4
"20197",8.69440155219217e-05,0.365571871070631,0.0188260789658119,1.12876489493934e-08,0.614508754152138,0.000843072341426875,0.000162830752163572,4.25343538510415e-07,1.20711185558103e-08,5
"20199",1.68397152446415e-09,3.11685440429342e-05,3.87684347875971e-05,0.937248530451304,2.50882406625302e-08,6.43993459499597e-08,0.0626364769120591,4.45753399405202e-05,3.8914630755989e-07,4
"20205",1.08644474267723e-07,8.02812060237413e-06,0.000481289078884566,5.40608778424168e-10,4.47822601764129e-05,0.96633549281597,1.25377361298294e-06,0.0331290447590879,6.58263240007668e-12,6
"20208",2.75423023866271e-08,0.00840998426499726,0.00237397025061355,0.00721996012059524,6.77021323121491e-05,5.98301492049261e-07,0.981904599943415,6.3479094839593e-06,1.68095347887714e-05,7
"20210",7.1840010806928e-10,3.30894599080093e-06,9.08794988617537e-07,0.988155282263716,4.48745793429437e-09,7.85648832850241e-10,0.0118389369571159,4.06481828496396e-07,1.15056485260082e-06,4
"20212",7.32857139911354e-08,0.000227499405968591,0.000206255449717105,0.85713363527888,2.9878042216189e-06,1.93630836205199e-07,0.142424114855191,3.28923593900793e-06,1.95105353241409e-06,4
"20216",0.000136895499647423,0.726324696102706,6.39649501128642e-05,1.26339916389874e-05,0.273141480161155,8.31174333286167e-05,0.000237145941382479,2.46735635905092e-08,4.12464652252462e-08,2
"20219",0.000731132143137185,0.127905173676033,0.0108474370954133,1.93458934132458e-05,0.0736335968910266,0.776883877152631,0.00105236585704551,0.00892707099390273,2.97398032803561e-10,6
"20223",0.410883022683314,0.00192388696997373,0.00188914123783192,2.80427605944695e-11,0.5850077979713,0.000101528846751744,6.88045754977823e-08,4.52817463434281e-08,0.000194508176464149,5
"20226",2.05971237165118e-07,0.000830989342679383,0.979653960182789,5.91741270017691e-05,0.000930089202152228,7.50035123398016e-05,0.0184360432005911,1.45048579558265e-05,2.96032537302435e-08,3
"20230",0.00242424706480804,0.0118170713335653,1.8857262384235e-05,2.47216365440279e-09,0.98548269693884,0.000256722346699408,3.99871552737987e-07,1.54608539478916e-09,1.16390139854984e-09,5
"20233",3.7816808925447e-10,1.92570479057493e-08,2.36358049751528e-06,9.7889379976859e-08,5.46576635553646e-10,0.000349367205240036,1.01456309202089e-05,0.999638004182564,1.32960608431355e-09,8
"20235",0.039068197107289,0.115684417173753,0.178107340910492,8.33787263340482e-10,0.617897667182722,0.0488574924395321,1.2368843103115e-05,0.00032582263622105,4.66928731006671e-05,5
"20239",0.0171441240726396,0.500737815885988,0.305843169219036,2.75240606386717e-07,0.174033583234896,0.00013662132106029,0.000916138469085973,2.97347253343763e-05,0.00115853783135306,2
"20254",2.18864034400788e-06,2.20423203084699e-05,4.4700281246792e-06,1.02744546794528e-10,0.000762999622615987,0.999052039528497,1.38811200443253e-08,0.000156245876215879,2.90477734187603e-14,6
"20256",0.00121029904791291,0.617907181696041,0.000231112173437654,4.93718747907531e-10,0.380112357294263,0.000536497060319305,2.2747115968428e-06,2.2412431601047e-07,5.33983947959104e-08,2
"20262",4.13735953893206e-09,0.00115066746119873,4.13474464482676e-05,0.583318798882817,1.10605082301552e-06,1.0075784803327e-07,0.415479628729623,7.43362016644198e-06,9.12913715760689e-07,4
"20270",0.23200820212669,0.140292472830552,0.000503519490983483,0.00289143711325651,0.611126615055906,1.67019584095894e-05,0.0114400673778588,2.0353068288033e-07,0.00172078051566065,5
"20284",2.81193110996531e-07,0.00987153421677898,0.070320066163618,7.7128131460367e-06,0.0027893739458562,0.105828314164848,0.452684962773248,0.358497654617012,1.00112381029592e-07,7
"20287",0.0458376166523515,0.000941927192589597,0.000467222176671557,2.72195199529357e-11,0.952531435902384,0.000221790711320696,4.08859587395920e-09,4.64217899284747e-10,2.78464928074884e-09,5
"20290",1.81782030887577e-07,0.000167049144262631,0.00231818711079978,6.51936095654593e-06,0.000732918274767022,0.974678094479952,0.000602042561542333,0.021495007263148,2.25411833451694e-11,6
"20293",1.91712747924819e-06,0.988048377580217,6.02651179164333e-05,2.40928746144609e-07,0.0107063550269766,0.000172266236183074,0.0010044012854761,6.15314773182023e-06,2.35492735384665e-08,2
"20296",4.17259132443174e-05,0.0628323724668783,0.00046213977256443,0.67293277198082,0.000165598852931049,3.28655510480645e-09,0.246422989685596,1.00523536794594e-07,0.0171422975178735,4
"20301",0.848133587761792,6.14141894110753e-05,3.02529132239652e-05,2.25437266788093e-07,0.151560809932049,0.000213708305214731,1.14014098043892e-09,1.72544616589276e-10,1.48357649603618e-10,1
"20304",1.88701545101526e-06,0.000857460655892001,1.08194722782935e-06,6.30470183830743e-09,0.000398543884541298,0.995012296242049,6.16538592086848e-07,0.00372810740963325,1.91130505010729e-12,6
"20306",0.00361668966781792,0.0193344549033458,0.000104750768595418,6.43072803026164e-11,0.971784299769771,0.00515890071847743,6.14448395637917e-07,2.88124998328878e-07,1.5342914712447e-09,5
"20309",2.99936346041926e-06,0.553745371475926,0.162965343639447,4.66813339001365e-05,0.166099773643335,0.00460503557137573,0.11248865692427,4.577851942093e-05,3.59528866999409e-07,2
"20311",0.012139807224325,0.828339823124278,0.000524311674509097,0.000131851364049882,0.157571847440434,0.000527733835904194,0.000757062871373981,7.31131671653599e-06,2.51148409119891e-07,2
"20314",1.43712552727525e-08,0.0179614561680039,0.000668414827991071,0.0124428853575415,8.18348682849156e-05,5.17704575400733e-06,0.968812175086042,2.78848620987655e-05,1.57413028577776e-07,7
"20318",2.29974531925784e-05,2.14013741937238e-06,2.25637687548203e-08,0.999929964298809,2.55186652686111e-07,2.61346541896913e-09,4.25440296937665e-05,1.06311946059019e-08,2.06308580349057e-06,4
"20320",9.56209992247666e-08,0.0006434991570497,0.624516052816914,0.000792341646458622,0.000126370892421726,0.000128504696201799,0.370261108275218,0.00352622019280835,5.80670192860681e-06,3
"20326",7.06626247267251e-08,0.029476033498061,0.000297932484118111,0.0325126793650852,8.68022805649572e-05,1.240674087499e-05,0.937505571331143,0.000108105759945064,3.9787758339503e-07,7
"20328",3.61277724778023e-09,0.00244133959883444,0.236956157858335,3.60754969931584e-06,0.000129352890909644,0.000120298386502614,0.754279973876587,0.00606606226057492,3.20396578077671e-06,7
"20330",0.00148017510769914,0.0123715628147815,0.910729239076913,1.35608196239254e-07,0.0725110537709379,0.00285655391698491,3.11624582786543e-05,2.00218372334293e-05,9.54089750428361e-08,3
"20336",1.21174079793414e-07,0.0359015978153022,0.00225740937703442,1.59876232056973e-07,0.00232889983794514,0.678435982663917,0.00886027049467777,0.272215557186465,1.57434634074347e-09,6
"20338",3.32144813142719e-05,0.0209321386357162,0.00233841772765945,4.12932147666869e-05,0.00122050335902382,0.918905602613158,0.000163302791435737,0.0563655268869791,2.89946530527771e-10,6
"20340",0.0271958330263652,0.0447979223549608,7.43895062469071e-05,2.91440032777292e-09,0.925338780776224,0.00259291412804503,1.27785468548345e-07,2.50282812211868e-08,4.48000808336333e-09,5
"20342",0.0258971466058677,5.36745720891915e-06,0.0145997040140822,9.11599081420226e-05,4.16698045760743e-05,0.0669155399466347,1.64389813404959e-05,0.892428325747301,4.64753484727339e-06,8
"20344",0.000436648532913838,0.237361806236576,0.000181962775708092,5.3683371856051e-08,0.760386403268436,0.00133540024204983,0.000296806113254786,8.67785785181975e-07,5.13619041820611e-08,5
"20349",0.00324013360120829,0.136869757971165,2.5298668729484e-05,3.07596789047628e-10,0.859455102837324,0.000407576030011888,2.05158742251387e-06,5.77483558553209e-08,2.12481855193166e-08,5
"20351",4.8114966843334e-06,0.975193090058821,0.000996377968528613,3.60878316725186e-05,0.0193260558002447,0.00272322074029606,0.00169052638871315,2.9793301195575e-05,3.64138443218599e-08,2
"20353",8.28509580303064e-05,0.00968922946235537,0.574847241709836,4.25429783749886e-09,0.350331739819144,0.0650190500390177,1.57700168191048e-05,1.41127917956764e-05,9.48704643453662e-10,3
"20357",5.3689293420301e-07,1.12474809238997e-05,0.00101474401213748,1.62690051816362e-11,0.000577864265606136,0.993096174605072,3.47919308747471e-07,0.00529908480265832,5.0896956023442e-12,6
"20360",0.00900839961247323,0.000253079685753888,0.845527675289201,1.70476065883702e-07,0.00111878353600738,0.0821909200499394,9.08765585246403e-06,0.0618419051057598,4.99785889466915e-05,3
