"","V1","V2","V3","V4","V5","best$classification"
"19812",0.974658164282715,0.0243674345944542,0.000828841978199069,0.000140534498888733,5.02464574307339e-06,1
"19814",0.992421126928391,0.00264812311831434,3.03846892778859e-05,6.82361336785149e-06,0.00489354165064912,1
"19816",0.0247932095272711,0.975039545291488,1.11130803104975e-05,0.000152822829379961,3.30927155065138e-06,2
"19818",0.929537649283263,0.0523249700647716,7.23203556440612e-05,7.02952890276202e-05,0.0179947650072942,1
"19820",1.52759084320129e-06,0.999913232371818,8.49577745077443e-05,2.75184954128071e-07,7.07787644679322e-09,2
"19822",2.78060140239595e-05,0.943058568529682,0.0569029368846877,5.54294257713284e-06,5.14562902941885e-06,2
"19824",0.00136327430085978,0.995156069206443,8.37923612909131e-05,0.000519661193255197,0.00287720293815094,2
"19826",0.948554814733447,0.0373901872000076,2.58562705680794e-05,0.0139431439127681,8.59978832088975e-05,1
"19828",0.00114033107364785,0.998488429427895,0.000364861504768573,8.5079079028921e-07,5.5272028982688e-06,2
"19830",0.996852992814954,0.000366854198453434,0.000711225833515231,0.00184561746763603,0.00022330968544142,1
"19832",0.308369175048484,0.150282560783429,0.541323983285996,1.82917150972104e-05,5.9891669940509e-06,3
"19834",0.119926931793034,0.864260493744419,0.0154646630667748,6.61872608548026e-06,0.000341292669686826,2
"19836",0.601813859059373,0.276541608101986,0.000338465839960723,0.121299568811563,6.49818711681844e-06,1
"19838",0.998724800665128,8.57714822854622e-05,9.98151542758442e-05,1.23246676431341e-05,0.00107728803066784,1
"19840",0.228595600464228,0.766908701246776,7.33550169102218e-05,0.0043965505368935,2.57927351922021e-05,2
"19842",0.0995765480033668,1.87078527032751e-05,8.86075819568746e-07,0.900350784402983,5.3073665127104e-05,4
"19844",3.60883798351089e-05,1.72441592889051e-05,1.88836709212058e-07,4.55522961468286e-05,0.99990092632802,5
"19846",0.794112012484569,1.99968594046464e-05,5.07806413828758e-07,0.00510801102592845,0.200759471823684,1
"19848",0.920212290659551,3.09827086506237e-05,1.71123343864433e-06,0.000389414401641033,0.0793656009967183,1
"19850",0.668194584203335,0.000309902820765223,8.41612448894155e-06,0.000100071594745985,0.331387025256664,1
"19852",0.359794575610923,0.639066417167571,0.000296105966929884,3.91633770835228e-05,0.000803737877493094,2
"19854",0.990928249366367,2.96851980285909e-05,3.76925442527177e-06,9.83167379913479e-05,0.00893997944318773,1
"19856",0.0241601494559759,0.00107328748763847,2.93738798876774e-05,0.000383467133739073,0.974353722042759,5
"19858",0.00410397537960054,0.0262114787908705,0.000224158866464631,7.02900763468202e-05,0.969390096886718,5
"19860",0.703813249467598,0.29585163992008,0.000177188393021192,7.59747286897569e-05,8.19474906110813e-05,1
"19862",0.971744952363904,1.07074349622052e-05,6.21149179473265e-07,0.0161581659019307,0.012085553150024,1
"19864",1.94542581473076e-05,3.92172230165471e-05,3.47099712791012e-07,0.999935095408144,5.88601097945845e-06,4
"19866",0.00649185075075938,0.953456210926925,3.71191060418242e-05,0.0400120352764368,2.78393983715868e-06,2
"19868",0.000184986124465902,1.76731726148032e-05,0.999725191403799,7.48562845320046e-07,7.14007362745974e-05,3
"19870",0.992555160020965,0.000476211923566432,5.67544163945056e-06,0.0016245383390904,0.00533841427473885,1
"19873",0.965386799794914,0.0304061587730131,1.4819665853155e-05,0.00264691884432994,0.00154530292188947,1
"19875",0.00600419156690724,0.993494809408156,0.00049825976000697,2.56484752645926e-06,1.74417403506897e-07,2
"19877",0.992120860080395,0.00442769367213601,4.35846057192449e-05,0.000154485458386584,0.0032533761833631,1
"19879",0.70343950197352,0.287731436774316,0.00166225800813698,0.000340942473644672,0.00682586077038214,1
"19881",0.957891324920387,0.01255889194669,2.02473370368453e-05,0.0272218526299912,0.00230768316589443,1
"19883",0.742121099917884,0.00467163651027802,2.95061085458876e-06,0.253013146457162,0.000191166503821366,1
"19899",0.604968711557095,0.38127453987671,0.0105636321416761,0.00313335675589027,5.97596686296299e-05,1
"19908",0.0197938860888295,0.171655766163279,0.0809451612689878,0.721629512831715,0.00597567364718904,4
"19910",0.654634692567822,0.344021245359635,0.000103663745959391,0.000588608672612843,0.000651789653970605,1
"19912",0.537662767485262,3.93979200043821e-05,2.09059784928234e-06,0.460754408294947,0.00154133570193744,1
"19914",0.793514242729148,0.19837183288385,0.00637296914818303,0.000231355843099675,0.00150959939571922,1
"19916",0.000628602975314464,0.621908111877381,0.000111941508214977,0.376847288273563,0.000504055365526455,2
"19918",0.839057818430297,0.000607457041164753,6.43481498377339e-07,0.00323280197997085,0.157101279067069,1
"19920",0.112193549888815,3.96823192885713e-05,4.09818711848258e-07,5.66980080137581e-05,0.88770965996517,5
"19922",0.334296801110266,0.0207502882939358,0.644882162393169,1.9064671094189e-05,5.16835315348696e-05,3
"19924",0.952161290366213,0.0108873181663174,2.07636263258179e-05,0.000286970059991868,0.0366436577811517,1
"19926",0.383197415556576,0.562536098698284,0.0269827484966417,0.0272811365274988,2.6007209995822e-06,2
"19928",3.64644525105365e-06,1.6914618880659e-07,3.43569123677429e-08,0.999992216840507,3.93321114042957e-06,4
"19930",0.998493094067329,0.0010463612371034,1.7442720342588e-05,9.37511728108638e-05,0.00034935080241464,1
"19932",0.996757649441775,6.16876847366352e-05,1.18335847909656e-05,3.04130560352516e-05,0.00313841623266177,1
"19934",0.0422546952955443,0.955189339538798,0.00239729058818269,2.72173484713314e-06,0.00015595284262816,2
"19936",0.988090317174387,0.010947383408042,0.000678206628506078,4.02526642332514e-05,0.000243840124831299,1
"19938",0.000665572638932019,0.995894442587628,0.00335057982415002,3.55140668826109e-05,5.38908824075429e-05,2
"19940",0.876548401456058,0.0908246414701952,1.72405717529314e-05,0.0314298684952476,0.00117984800674645,1
"19942",3.1520681369598e-05,2.48918950555914e-06,1.8057708549464e-08,0.999964934772411,1.03729900571053e-06,4
"19944",0.268485957240857,0.729147530819009,0.00011698375190479,0.00218426295850646,6.52652297228438e-05,2
"19946",0.868998458425868,0.105202872184905,0.000117042963297271,0.000288449654610499,0.0253931767713187,1
"19948",0.00010497259767118,2.70151534190089e-06,5.78318760157235e-09,0.999886371272083,5.94883171608081e-06,4
"19950",0.00191533804038463,1.15196869670558e-06,3.53019883496271e-07,1.27276105001743e-06,0.998081884209985,5
"19952",0.00010497259767118,2.70151534190089e-06,5.78318760157235e-09,0.999886371272083,5.94883171608081e-06,4
"19954",0.998093629498194,0.000234989111633635,5.8508982311194e-06,9.48973285231479e-05,0.00157063316341821,1
"19956",0.315154306978263,2.746588005092e-05,0.000308111860213898,0.0156345446468658,0.668875570634606,5
"19958",0.00388001403138495,0.000239371432568319,0.994541614168324,3.48835534271304e-06,0.00133551201237983,3
"19962",0.615312316853481,0.185225211805905,0.00329767710427495,0.000656086821916608,0.195508707414422,1
"19964",0.888295010308189,0.0565819777922339,4.47617454293824e-05,0.029843996609773,0.0252342535443752,1
"19966",0.000281821711062784,0.989685837803462,0.000114788803546601,0.00991747729662765,7.43853007077028e-08,2
"19969",0.989522874542524,0.00075466386322061,5.17231796539354e-06,0.00951620937241212,0.000201079903877792,1
"19972",0.763321810949869,0.00102458049786059,5.25711196848537e-06,0.126582020103698,0.109066331336605,1
"19974",0.0592804106719719,1.49095066833625e-06,4.86832319779342e-08,0.0233141195213301,0.917403930172798,5
"19976",0.925537825954016,0.017262191500609,3.00714564971437e-05,0.000461586171848909,0.0567083249170286,1
"19978",0.26634403550304,0.731007069847807,1.39837458171745e-05,0.00173591393106563,0.000898996972270237,2
"19980",0.699834945270909,2.16403267242476e-05,3.17424198066787e-06,7.50142204945486e-05,0.300065225939891,1
"19982",0.165630297937318,0.00029171972809864,5.10213951949338e-05,2.53035887986868e-05,0.834001657350589,5
"19984",0.000527170707043891,1.97103934518014e-05,2.34599357186739e-07,8.942613130162e-06,0.999443941687017,5
"19986",8.60573433125759e-06,0.999552467282879,0.000436217645403432,2.70174250519667e-06,7.59488131251565e-09,2
"19988",8.25526766384624e-07,0.999304352163145,0.000694682917665669,1.34681921786401e-07,4.71050083685282e-09,2
"19992",1.25346525459688e-05,0.999270423497453,0.000716670315371142,8.97420233459217e-08,2.81792607147638e-07,2
"19994",0.998538812436628,0.00126677776473495,5.30367721417421e-05,6.34670493788982e-05,7.79059771162258e-05,1
"19996",2.05845728096846e-05,0.999895054298123,8.40850642882748e-05,6.1249032148047e-08,2.14815746787831e-07,2
"19998",0.285452274653211,0.0471982783688917,0.00023391915727533,0.657059727322956,0.0100558004976665,4
"20000",0.974919825634083,0.000146737901557106,0.0195194761130459,0.00474223844631512,0.000671721904998888,1
"20003",0.991516049639406,0.00736642196420416,0.000250629988773473,0.000862078782902973,4.8196247134169e-06,1
"20005",0.925119875679554,1.59174487600541e-05,6.15612380178538e-07,0.0026541977279688,0.0722093935313367,1
"20007",0.378940994962042,0.616208609707604,0.00362098747702494,6.32733481260132e-05,0.00116613450520371,2
"20009",0.000820258878634333,0.997100920757764,0.000850528176054285,0.000841181710545199,0.000387110477002644,2
"20011",0.948154760223604,0.00607722609241244,1.4878796519414e-05,0.0298984100888413,0.0158547247986228,1
"20013",0.89935036500459,0.00081062075019782,2.84802442085738e-05,2.89839835714636e-05,0.0997815500174325,1
"20016",3.46492402996346e-05,0.994315268505812,0.00563549387274109,4.30538656175703e-06,1.02829945858322e-05,2
"20018",6.57585469215389e-08,0.0120553881449032,0.987944441931655,1.00337367063057e-07,3.82752840539402e-09,3
"20021",0.0148616825359066,0.984624216068084,0.000489473805083048,2.43336505710318e-05,2.93940355042565e-07,2
"20023",0.0808181186844509,0.917166245019437,0.00181990414228604,6.2593883830646e-05,0.000133138269994743,2
"20025",5.70028271209179e-05,0.54587691100857,0.45406166746433,4.24918272279894e-06,1.69517256120638e-07,2
"20027",0.754288326372333,0.000244900277465598,7.27798219701715e-06,0.245408633275115,5.08620928897922e-05,1
"20029",0.966150889841733,7.2336553931084e-05,3.5795445390707e-07,0.0111190980175475,0.0226573176323343,1
"20032",0.993479648251002,0.000230342109567165,1.41081589922276e-05,0.00622855031019085,4.73511702478993e-05,1
"20034",0.000379828450945038,1.14412971485294e-05,3.48572779373259e-08,0.999607319002062,1.37639256665224e-06,4
"20036",0.760628294583984,0.0454950106590776,0.00242586952656542,0.00565633970029608,0.185794485530076,1
"20038",0.000656227052153578,0.991846729219012,0.00749570899752326,1.3286702402708e-06,6.06107135433035e-09,2
"20040",1.27273029100715e-05,0.984926591176496,0.0145601467218138,0.000493110555840591,7.42424293990031e-06,2
"20043",0.00396712775410964,0.995137097310799,0.000894375067607959,4.04836160043923e-07,9.95031323408229e-07,2
"20045",1.09817648755113e-06,0.992831550705464,0.00716714575445007,1.78566846584193e-08,1.87506913725192e-07,2
"20048",6.36215190520211e-05,4.90966490395677e-07,2.22299365569895e-07,8.37458743285408e-07,0.999934827756349,5
"20051",0.665386194175138,0.30446138217417,0.0186710333195403,2.7197488511132e-06,0.011478670582301,1
"20053",0.0146121546413797,0.984760482740203,0.000117922675622452,0.000226693358329548,0.000282746584465612,2
"20055",0.0705934325451636,0.774795307039229,0.154468106966949,0.000143012395270234,1.41053388077023e-07,2
"20057",0.00018945651806878,1.67075939037239e-06,0.998193246207859,6.05283432219321e-05,0.00155509817145961,3
"20059",0.013266068124589,0.982210735620186,0.00357608319288983,0.000908148106110271,3.89649562250484e-05,2
"20061",0.11577409046597,0.882690063405793,0.000556008513437551,0.000771725515570215,0.000208112099228855,2
"20063",5.66354160960211e-05,0.0145685515720917,0.000668647198390928,0.00174609013395409,0.982960075679467,5
"20065",1.31167644822424e-05,0.141245145329423,0.85874171097273,2.66613318918816e-08,2.72032864673062e-10,3
"20067",0.000442996639253515,0.987908632716808,0.0113829850534742,4.07112823196274e-08,0.000265344879182009,2
"20069",0.442947922770834,2.87926629488858e-05,5.00651086132526e-06,2.62869893974371e-05,0.556991991065959,5
"20071",0.444368885720796,0.35320226807606,0.00770324948556171,0.193042786658963,0.00168281005861913,1
"20073",0.0815631845952216,0.000828527692323998,1.40893634819715e-06,0.000552926992786853,0.917053951783319,5
"20075",0.000290075099227466,1.14913340207843e-05,0.999697060585472,1.34392378079562e-07,1.23858890205385e-06,3
"20077",0.0166816416431844,0.982654890961996,0.000140382317572396,3.0061866501458e-05,0.00049302321074588,2
"20079",0.0739513437451426,0.158321471661356,0.00170262144765778,6.38141326826152e-05,0.765960749013161,5
"20081",0.00970932658989315,0.842641842795977,0.147640079975008,1.27760560671093e-07,8.62287856047907e-06,2
"20083",0.0171954337879431,0.00539717314866514,0.00125863619819989,0.00504945205222768,0.971099304812964,5
"20085",1.55988612485744e-06,0.997012609605275,0.0029857792463958,4.99669492064977e-08,1.29525547109246e-09,2
"20088",0.000568398178834718,0.998360379532043,0.00107082840128742,1.83783922633762e-07,2.10103912353369e-07,2
"20091",0.000146829218408845,0.00236874122024022,0.997480863148391,8.73655662132115e-09,3.55767640334801e-06,3
"20095",0.0176781976576592,0.0699171513687725,0.000399559108725607,0.0526877613498998,0.859317330514943,5
"20097",2.96977318474417e-06,0.987831292282258,0.0121657110231943,2.51483031466687e-08,1.77305940652672e-09,2
"20099",0.00277862758565225,0.853391870358779,4.58246218300096e-06,0.138830239058621,0.00499468053476442,2
"20102",0.00283566492105421,0.00165031642691175,0.0688774197289722,1.22726741999406e-06,0.926635371655642,5
"20105",0.00631988412281455,0.992678797510268,0.00036749105457233,9.30989487162646e-07,0.000632896322857657,2
"20107",0.000666341130835993,0.99916922783603,0.000160078438081398,3.7283816533079e-06,6.24213399255282e-07,2
"20109",0.0270277501318164,0.67621112475691,2.38484438522032e-05,0.00149534953596957,0.295241927131452,2
"20111",0.468786375393245,0.000181318595172734,0.513455653090062,5.86695073510279e-05,0.017517983414169,3
"20113",0.0197799231254894,0.953294065216407,0.000328527650523164,0.0265957202814664,1.76372611411171e-06,2
"20115",0.99275333500154,0.000157092732373909,0.000384880692705058,0.00572288445660706,0.000981807116773705,1
"20117",0.00169940732656447,0.115015532982826,0.530201034693689,0.353077152453682,6.87254323892517e-06,3
"20119",0.000331847682820202,0.959203989968975,5.49635735118152e-05,0.0404091580533086,4.07213842497029e-08,2
"20121",9.64718648363116e-05,0.999459584864699,0.000441460384357792,2.45774490482999e-06,2.51412017139781e-08,2
"20123",3.28621608859072e-05,0.00136631539806816,0.998600786405871,2.1111137253177e-08,1.49240379228874e-08,3
"20125",0.894042046174047,0.000215921935203691,2.92615003249884e-05,2.02894827646028e-05,0.10569248090766,1
"20127",1.43470666803815e-05,0.999677376888716,0.000305581524608941,2.0202158281229e-07,2.49249841152053e-06,2
"20140",0.168301346178069,0.367409200825499,0.4621098007111,0.00217762062447262,2.03166085849993e-06,3
"20142",0.00609049612273684,2.13889645308489e-06,9.56099148815036e-07,2.6254758524866e-06,0.993903783405809,5
"20144",0.983775921103162,0.0001275479510797,0.00779408229872009,9.56009497395559e-05,0.0082068476972985,1
"20146",0.610126732465034,0.00641294293211384,0.00382059632250221,0.000118156917653288,0.379521571362697,1
"20148",0.992242817959102,0.00734105634686859,0.000118816082676538,3.05760303859755e-05,0.000266733580967208,1
"20150",0.400361963882006,4.71089311541461e-06,3.081169346465e-07,0.00276436444084998,0.596868652667094,5
"20152",0.967588077264288,0.0318835048935729,0.000181501968498267,0.000146744213140078,0.00020017166050101,1
"20154",2.39243124990927e-05,0.0366484237824244,0.963318728380325,2.09373444681483e-09,8.92143101763306e-06,3
"20156",0.172401862342833,0.737045088617184,0.0215029066758992,0.000475271924063639,0.0685748704400201,2
"20159",0.375831748936895,2.82541817948832e-05,9.40248220763409e-06,1.76126493716905e-05,0.62411298174973,5
"20161",0.0108922299353403,0.000596654735266135,6.48077139639505e-05,0.000224136301949722,0.98822217131348,5
"20163",0.952337190865112,0.0451050187918825,0.0013901130444585,0.00115611382171174,1.15634768347836e-05,1
"20165",0.0010027533281883,0.00869039931745183,2.29694560856475e-05,2.4290061102655e-06,0.990281448892164,5
"20167",0.984305590048293,0.00448533810560607,9.48339250323641e-06,2.19201417569535e-05,0.0111776683118408,1
"20169",0.000272297090125217,5.91158309726996e-07,2.82469116595588e-07,9.70971937034825e-07,0.999725858310512,5
"20171",1.56322886642765e-06,0.00861310410067499,0.991376543373366,1.10644035770246e-09,8.78819065262353e-06,3
"20173",0.00124029050619187,0.053116506426531,1.72865221559964e-05,0.720494072759735,0.225131843785386,4
"20175",0.988098752124021,0.00163413576013873,2.46707950829448e-05,0.000366423906805716,0.00987601741395177,1
"20177",0.00421783906073799,0.506901968484411,1.16710270321387e-05,0.488633831812446,0.000234689615372836,2
"20180",7.04750327005194e-05,0.997204453286283,0.0027075673764145,1.75040763108982e-05,2.28290939199068e-10,2
"20182",0.000208779944244818,5.6465868567646e-08,2.33503920762907e-05,0.00196694339912345,0.997800869798687,5
"20184",0.0475687574810334,0.000147799874829546,3.14604422267337e-06,1.41197207246819e-05,0.95226617687919,5
"20187",0.00245197428805456,0.00407850632330685,9.09764994079748e-07,0.992150636627553,0.00131797299609103,4
"20189",0.0606549445758404,0.919807782314416,1.04126018914392e-05,0.019509391017837,1.74694900156083e-05,2
"20192",0.00609716736615648,0.810707544213818,0.150332130226322,0.0328553326933944,7.82550030869824e-06,2
"20194",0.101193521517621,0.000184223552680808,6.05217452619531e-06,0.173810879136241,0.72480532361893,5
"20196",0.000167660320896894,0.831876288160727,0.167955483245696,2.41416977126651e-07,3.26855702329734e-07,2
"20198",0.704031560932208,0.287202917564613,0.00706905396684464,0.000793975254094123,0.000902492282240246,1
"20204",0.445381097458755,3.72601964208583e-05,1.3385080271533e-05,3.18278911406212e-05,0.554536429373412,5
"20207",0.000363937690287546,0.909495335298399,0.0900976208787965,2.7928271014856e-08,4.30782042464129e-05,2
"20209",0.882937047783998,0.000734107830865275,0.0637905373795922,0.0525295173687809,8.78963676326176e-06,1
"20211",7.81012455062732e-05,0.00110718444619857,0.99881459987407,5.14025917350297e-10,1.13920199661536e-07,3
"20215",0.0227004001967879,0.975851420102734,0.00137474831134521,2.26395259618316e-05,5.07918631708069e-05,2
"20218",0.0182149272842551,3.66012278450129e-06,9.48824913933106e-07,2.97275747715052e-06,0.981777491010569,5
"20222",0.0111407471882268,0.92060452656381,0.068139750794149,1.6002842800608e-07,0.000114815425386401,2
"20225",0.970709628290152,0.000226214705496401,0.00072441279726249,0.000418425020253978,0.0279213191868346,1
"20229",0.80523319502725,0.0428498064803641,0.14720342703685,0.00351129768580141,0.00120227376973461,1
"20232",0.124166069662217,0.850487539417993,0.0252259008567145,9.24596178279923e-05,2.80304452473133e-05,2
"20234",1.07238036291581e-06,0.8810397584949,0.118954117204189,5.04927022190481e-06,2.65032527275665e-09,2
"20238",0.000578770927842191,0.997802620588275,0.00160460099738785,2.57050541646534e-06,1.14369810791626e-05,2
"20253",0.000289546109653035,0.998826723774633,0.00087616662085235,5.61345155737121e-06,1.95004330378463e-06,2
"20255",0.998930976161244,0.000318621976003017,0.000415061434168481,5.01235353700485e-06,0.000330328075047852,1
"20258",0.000183920430492638,0.99974755315964,6.55083382818971e-05,2.93317116016497e-06,8.49004252342197e-08,2
"20269",0.0347697717450988,0.916546444435666,0.000111237144389749,6.7626405644204e-05,0.048504920269201,2
"20271",0.000449220966347659,0.985603631338422,2.1343703854292e-05,0.0139254785934618,3.25397913855579e-07,2
"20285",0.0430677859577614,0.00519290012289509,1.51826723210572e-05,0.950267171593036,0.00145695965398606,4
"20288",0.0300663623785625,0.96702916184058,0.00277531422050034,2.03278658504317e-05,0.000108833694506991,2
"20291",0.00030536016808796,0.742379242318037,0.257310882074086,1.28258143356709e-06,3.2328583553621e-06,2
"20295",0.0739058318002652,0.746102350694229,0.000200293630223656,0.157968102219917,0.0218234216553645,2
"20298",0.995114209377432,3.73975557373251e-05,4.87041200878056e-06,9.20546020342193e-05,0.004751468052788,1
"20302",0.30722170337688,0.00114792938849977,7.90228508129629e-06,0.00252313292005078,0.689099332029489,5
"20305",0.997250744862559,3.02662882451376e-05,2.09995983137479e-06,0.00177811899867639,0.000938769890687574,1
"20307",2.9645831181604e-05,0.999518259385599,0.000451990314751976,6.08441576488772e-08,4.3624309475568e-08,2
"20310",9.82999804319669e-07,0.997927050627038,0.00207087903680968,1.04871026747136e-06,3.86260806056053e-08,2
"20313",0.000673651124218833,1.66927097359958e-07,2.49221703614956e-08,1.71075082779496e-05,0.999309049518236,5
"20315",0.000774371933260939,0.999079291686327,0.000119341271531911,2.64475178461866e-05,5.4759103375705e-07,2
"20319",0.000272489866842024,0.38140886425014,0.618317952335044,4.98208430348028e-07,1.95339543624849e-07,3
"20321",0.000108809559029439,0.999795426162184,8.45913253716594e-05,2.81600339821718e-06,8.35695001689771e-06,2
"20327",5.78602941365478e-05,0.99988223351082,1.05426222490166e-05,4.91106973207507e-05,2.52875473799991e-07,2
"20329",0.000244534500369079,1.57623099259306e-06,3.12575683012501e-09,0.999622246349799,0.000131639793081959,4
"20335",2.86755121282204e-05,0.894994716960741,0.104975045673699,4.33667776502893e-09,1.55751675369852e-06,2
"20337",0.727202689605492,4.90641983249146e-05,1.07812535083188e-05,1.95153929734809e-05,0.272717949549701,1
"20339",0.011187632422698,0.00685878695473475,0.981230621299961,0.000719528280799451,3.43104180673473e-06,3
"20341",6.03839919475511e-05,0.0261121622392925,0.973376163906927,3.60733721254479e-08,0.000451253788460699,3
"20343",2.43233569582684e-05,0.991079582435382,0.00880264877119834,3.58452748636079e-07,9.3086983712396e-05,2
"20345",0.97066319431939,0.00472431608830206,5.32282568358222e-05,0.0245493882554864,9.87307998572173e-06,1
"20350",0.160285437232765,0.424894436683026,0.377696652042834,0.0109646692901831,0.0261588047511924,2
"20352",0.000508377378826342,2.45208770714019e-06,2.88350466017662e-07,7.43253396785193e-07,0.999488138929604,5
"20355",0.0295808290754284,0.00344539767756018,0.000224643066847063,0.000213588319259475,0.966535541860905,5
"20358",0.0363120451062254,2.41882201007419e-05,9.65477726632128e-08,0.939817378043113,0.0238462920827879,4
"20363",0.000425633307010708,0.999488716225191,7.84276814857735e-05,8.4252684678725e-07,6.38025946596128e-06,2
"20365",0.0430244382289197,0.411084412179997,0.545888150879393,8.47516772881564e-07,2.15119491705897e-06,3
"20379",0.997169260608681,0.000410467756825087,0.000687541651013987,0.00034682060676551,0.00138590937671421,1
"20387",0.000706983848447437,0.997883109557882,0.00140939278344232,2.11328947324756e-07,3.02481281131898e-07,2
"20392",3.02346673300507e-05,0.00273993398328986,0.997229820463613,6.93239433258382e-10,1.01925272852627e-08,3
"20395",0.982598148716896,0.0159951641679834,0.000317314903542654,6.48582689489674e-05,0.00102451394262948,1
"20397",9.00320192098199e-05,2.30296043827808e-07,1.18081636036467e-08,0.990389707112891,0.00952001876369216,4
"20410",0.0104779326306333,0.988447283371786,0.000599869549174444,0.000474872808243382,4.16401629564209e-08,2
"20414",0.686628048927334,0.00111125312878583,9.0706170296552e-06,0.000107211763907018,0.312144415562944,1
"20417",3.17679907758929e-07,0.0920420549084332,0.907858292878275,9.93191887392763e-05,1.53446451572719e-08,3
"20419",3.05447240889513e-05,0.999937916094949,1.88031450004513e-06,2.84582674923348e-05,1.20059896991884e-06,2
"20421",0.296244806243235,0.00365422393718494,0.01562460350633,1.29105513242016e-05,0.684463455761926,5
"20423",0.625526599791035,0.000252849275088707,0.0001227422573855,1.1378002429617e-05,0.374086430674061,1
"20425",0.41730600641219,0.00062255000015792,0.000442089193271023,4.74607244879803e-06,0.581624608321932,5
"20427",0.954959965906319,0.0446024871427328,3.88017850656309e-05,9.27504266635349e-05,0.00030599473921864,1
"20429",0.000193204012636342,0.995118303296357,0.00417679126122353,0.000292321540321905,0.000219379889461004,2
"20432",0.15741300193215,5.05262981345742e-05,4.84555739503168e-07,0.000478261246071221,0.842057725967905,5
"20435",0.18808741248411,0.784594999418243,0.0269849238367085,0.000321763838803515,1.09004221353886e-05,2
"20438",0.000434732667749075,0.999117763316666,2.02530123086239e-05,0.000114309771803356,0.000312941231472703,2
"20440",0.000162967508776355,0.999772583188154,2.60626112121679e-05,2.13259279032438e-05,1.70607639544359e-05,2
"20443",0.0018697769792732,0.000198924350970558,3.34481374187479e-05,8.60442723436794e-06,0.997889246105103,5
"20446",0.437292840527848,0.55413111910858,0.00161299295134421,0.0026879264977125,0.0042751209145155,2
"20449",0.200269400566915,0.783337687092479,0.0160479746041279,0.000320489817253938,2.44479192242631e-05,2
"20537",0.00854144542774296,0.718950293779181,0.272302504679401,3.63108886629242e-06,0.000202125024809241,2
"20540",1.37145753147238e-05,0.00879483527976802,0.991191427501911,1.52782421870741e-08,7.36476364372512e-09,3
"20543",0.797806634434905,0.197447261135212,0.000756192326490013,7.57600927810421e-05,0.00391415201061171,1
"20545",5.70068568366541e-05,0.00119818565976108,0.998744390030217,2.93370887622518e-10,4.17159814587527e-07,3
"20549",0.936348738337407,0.0455429492780583,0.0037634460447726,2.72085809616531e-06,0.0143421454816658,1
"20551",0.0259122879232435,0.972292751228451,0.00167849452874068,5.89545791504646e-07,0.000115876773773636,2
"20554",0.00468463296956616,0.995187283847205,0.000106432608393005,1.02020679457624e-05,1.14485068903249e-05,2
"20556",0.694806732154121,0.176768821717187,0.127173483543704,4.97170320058348e-06,0.00124599088178708,1
"20558",8.29149066654524e-05,0.999750405741616,0.000166334894428629,8.4833228512217e-08,2.59624061380084e-07,2
"20560",0.0199749864242047,0.97626022211402,8.68833948415951e-05,2.50343008135184e-06,0.00367540463685266,2
"20563",1.10561283123045e-05,0.999751770150175,0.000236049915087836,3.04873203986466e-07,8.1893322089732e-07,2
"20565",0.126293294347693,0.84984301449974,0.00131147002517192,1.02280584769189e-05,0.0225419930689187,2
"20567",0.104496909173732,7.99003068999208e-05,2.25329132998133e-06,0.000248408464514331,0.895172528763524,5
"20571",0.0014547898057494,0.965638654189244,0.0316773189381344,0.00119187341907981,3.73636477928673e-05,2
"20573",0.0462577773099017,0.948567904062597,0.00460372229874182,4.95911658733709e-06,0.000565637212172293,2
"20575",2.38959684405681e-05,0.999869290256984,0.000102948336571914,3.69825317002301e-06,1.67184833861529e-07,2
"20577",0.888744747071172,0.108172785864515,0.00212109374002465,0.000864662769131772,9.67105551566689e-05,1
"20579",0.00139222686200211,2.00268705332213e-06,2.38159903376961e-08,0.108805576235141,0.889800170399813,5
"20582",1.18745330243893e-05,0.999874185161654,0.000113674834811136,2.25421945173252e-07,4.00485652748775e-08,2
"20585",0.0193807070584073,0.0905225514332813,0.89009515219338,7.54453633612025e-08,1.5138695682214e-06,3
"20588",0.0104605928047634,0.007634570624462,0.981753450629578,2.57267929698098e-06,0.000148813261899865,3
"20590",0.00439772418779769,5.4420503908839e-07,1.20505737966929e-08,0.00149365507355666,0.994108064483033,5
"20592",5.81490526698507e-06,0.999916122987977,7.68797522614746e-05,9.45052840180807e-08,1.08784921076303e-06,2
"20594",2.17271911198229e-05,0.999676440525061,0.000300357186515295,1.46787258080607e-06,7.22472325682645e-09,2
"20596",0.00943497491704186,0.9880115960341,6.06870673335239e-06,0.00211227822558739,0.000435082116537609,2
"20598",0.0116022805805503,0.98827241887931,0.000112699936259602,6.53233053851714e-06,6.06827334190396e-06,2
"20600",0.236907989637936,0.0756378757244999,0.686236489668981,1.27422127312416e-06,0.00121637074730927,3
"20603",0.993771167262086,0.000535220155698613,0.00253367771088208,2.91675226168145e-05,0.00313076734871618,1
"20605",0.000425413063555097,0.999096833184335,0.000462941777702602,1.4789809407126e-05,2.21650003431283e-08,2
"20607",0.00142443409961954,0.998490728550814,1.37637938980508e-05,7.05973985945417e-05,4.761570742112e-07,2
"20609",0.0194418249518986,0.980384881921987,0.000122469535204337,2.03662653475128e-05,3.04573255621757e-05,2
"20611",0.989741032831205,3.97237223501613e-05,2.44648960454094e-06,0.0099193047857552,0.000297492171084685,1
"20613",0.601116635126389,0.395756969795782,0.00297899756686271,0.000135456876595206,1.19406343708495e-05,1
"20615",0.708640353652824,0.233634679761127,0.05556810307303,1.91609955872896e-06,0.00215494741345969,1
"20617",0.00242235616595771,1.1961143129046e-06,3.84738173916563e-07,1.34244567073996e-06,0.997574720535885,5
"20619",2.49886536199952e-05,0.999932476831135,3.70174787739263e-05,2.37757867267519e-06,3.13945779840618e-06,2
"20621",0.0168718939966986,0.982618305831617,0.00041195396210614,6.7028863993532e-05,3.0817345584771e-05,2
"20623",0.00888560345975033,0.0017793229865877,3.08124787911533e-07,0.00118481099402812,0.988149954434846,5
"20625",0.937233197334117,0.00105594277010208,0.0239946928192139,9.98022857929054e-06,0.0377061868479875,1
"20627",0.223968091477897,0.77478756397406,0.000527191999460524,0.000712983099658804,4.16944892315357e-06,2
"20629",0.212056750951574,0.784035413007117,0.00316733228779854,1.3780230534834e-05,0.000726723522975448,2
"20631",1.48856851012395e-05,0.999852544034132,0.000124919128572343,2.18240581727045e-07,7.4329116122017e-06,2
"20633",0.000364914786385282,1.05314632445991e-07,1.22788257679493e-08,8.85910175609052e-05,0.999546376602596,5
"20636",0.918275914484514,0.000867755374087421,9.04706951343211e-06,0.0567376392319497,0.0241096438399351,1
"20638",0.798404528775826,0.127676923886327,0.072087045691207,0.0016671364009668,0.000164365245673075,1
"20640",0.00373156323683658,0.919668960738543,0.0765980129522453,1.4469999798985e-06,1.60723952662261e-08,2
"20645",3.34938424403264e-06,0.995953742903207,0.0040428874302858,1.77349352003953e-08,2.54732798990757e-09,2
"20647",6.7664448767818e-05,5.25940919933529e-07,2.61042994548521e-07,9.36068817651795e-07,0.9999306124985,5
"20649",0.0234746302603428,0.966244618050987,0.0102678868193555,1.87475162336228e-06,1.09901176913436e-05,2
"20651",8.53172612969399e-06,0.996983759204883,0.00296332380472398,3.39560023730918e-05,1.04292618900995e-05,2
"20656",0.00165255679917166,0.965038336714876,0.0333040763715184,1.30975759462904e-06,3.72035683977623e-06,2
"20660",0.00814700043832589,0.0581467367926988,0.932835856939191,0.000867500924279038,2.90490550532783e-06,3
"20662",0.0649591885830248,0.0003874649947772,3.14420810235174e-06,0.100996493585024,0.833653708629072,5
"20664",0.0115043234613223,0.882478087656255,3.03441047965295e-05,0.00900415727640147,0.0969830875012243,2
"20666",0.95495668681278,0.000523135627567176,0.0443776791691528,6.81055099479876e-05,7.43928805515545e-05,1
"20668",0.537143860715731,8.48574755707869e-05,7.8374012918703e-07,0.000162562786576709,0.462607935281993,1
"20670",0.000954700685758182,0.997819969497858,0.000324235765342574,0.000896649276405109,4.44477463634418e-06,2
"20672",0.541773560591937,5.37677249054238e-05,2.50663278420785e-05,1.38537048340907e-05,0.458133751650481,1
"20674",0.0886739195658165,0.910769561407114,0.000168252777149723,0.000241431592898785,0.000146834657021014,2
"20676",0.0668464417964815,1.27297059955291e-06,3.69041867078406e-07,0.928617276683103,0.00453463950794831,4
"20678",0.0414336434880738,1.50263665749597e-06,5.15295431401133e-08,0.911821456356601,0.0467433459891242,4
"20680",0.709095652284876,0.00147728155767706,3.16044284611892e-05,1.47669950441522e-05,0.289380694733942,1
"20682",0.8495639268485,0.00304114710029246,7.70000254047109e-06,0.14662239824683,0.00076482780183672,1
"20684",0.0892785887262377,0.795506728843435,0.00432262781751741,0.110874593837666,1.74607751443297e-05,2
"20686",0.0192123723292047,5.50784689261966e-06,1.04401619704691e-06,2.77614217873845e-06,0.980778299665527,5
"20688",0.00171990973124202,4.45077944739505e-07,1.16369722487504e-08,0.943089395442728,0.0551902381111132,4
"20690",0.00183556295091543,0.0361292000066681,0.962032508023188,2.64977251309948e-06,7.92467151130924e-08,3
"20692",0.00102346309999307,2.1449729001191e-07,1.25874150102921e-08,0.0181510857123107,0.980825224102991,5
"20694",0.983049546017036,2.23567624276204e-05,2.01892030578796e-06,0.000290936580136904,0.0166351417200931,1
"20696",0.992785141035188,0.000646599242158531,2.29818092607986e-05,0.000924736164513845,0.00562054174887879,1
"20698",0.0949090832929214,0.88617137925015,0.00956464290730616,2.5792036180294e-05,0.00932910251344188,2
"20700",0.00119725689058703,0.995095229737684,0.000390596245084667,0.000389931790483322,0.00292698533616043,2
"20702",0.000159486393745728,0.095539171326185,0.904300984608475,3.22591717251999e-07,3.50798769253968e-08,3
"20704",0.193891348424637,0.805582516074804,0.000404945064746906,8.53903456823555e-05,3.58000901300399e-05,2
"20706",0.429008881173377,0.168058339887537,0.00456100246250751,0.389155087107115,0.00921668936946304,1
"20708",0.0585739477513452,9.08059521211294e-06,1.26322155406344e-07,0.940969842467311,0.000447002863975953,4
"20710",0.0622797388745504,0.538211072104149,0.399506446678228,1.17232443394209e-06,1.5700186390836e-06,2
"20714",0.0113206628761863,2.23003463034822e-05,5.9048896828824e-08,6.33235131207172e-05,0.988593654215493,5
"20716",0.00716791262135108,0.992575282378198,0.000125275134550948,0.000131083637476005,4.46228424167679e-07,2
"20719",0.0427098781584569,0.109187478757057,9.20101455475427e-05,0.847978215095472,3.24178434663409e-05,4
"20721",6.52931751652522e-06,0.999909333842835,8.26686215692238e-05,1.32151475442872e-07,1.336066604358e-06,2
"20723",0.0172648104187752,0.135949470884084,0.00129743531658979,0.845343408189919,0.000144875190632681,4
"20725",0.998127434861935,0.00161305135855378,0.000123319388754159,3.63470120705942e-05,9.98473786868401e-05,1
"20727",0.00523417859706858,3.38241203100847e-06,0.000108742643401126,0.000550450969476095,0.994103245378023,5
"20729",0.9761402299372,5.12743275391528e-05,3.63806586658196e-06,0.0236012604395589,0.000203597229835298,1
"20731",0.99920187980654,0.000459608612828982,0.000115164486447147,0.000210213210257522,1.31338839257603e-05,1
"20733",0.12609931558782,0.869599299751063,0.00404391576203991,0.00024426310732886,1.32057917485453e-05,2
"20735",0.64558156532839,0.339142474732382,0.0151568092920204,0.000111588243375188,7.56240383287513e-06,1
"20737",0.741539638837339,4.61059771849046e-05,3.79405724757422e-07,0.217541371584728,0.0408725041950232,1
"20739",0.000510401676942421,1.65995797870051e-07,4.24101299745607e-08,5.09726480590648e-05,0.999438417269071,5
"20741",0.962551794286291,0.00541793110479185,5.42130372958873e-05,6.62878157085262e-06,0.0319694327900502,1
"20743",0.976852271912424,0.00532890500426116,5.34684154677743e-05,0.0175094223864587,0.000255932281388242,1
"20745",9.22481692577005e-05,0.999640720793337,0.000259621768508755,5.42905111163985e-06,1.9802177854282e-06,2
"20747",0.975180814015691,5.83347502581481e-05,4.25229570660958e-06,0.0245923475463982,0.000164251391945577,1
"20749",0.988751072403157,2.56022884814842e-05,4.59731837996946e-06,0.0108127234770268,0.000406004512955087,1
"20751",0.997373436791334,2.29481735054776e-05,0.00202736658884583,0.000148110724214969,0.000428137722099626,1
"20753",0.995994152027853,9.39915103832178e-05,4.40810066925756e-06,0.00371431248947883,0.000193135871615795,1
"20755",0.000721027619980158,7.41365771933496e-07,9.72730570852246e-09,0.999223988916474,5.42323704679206e-05,4
"20757",0.00188590183090214,0.00424146936154027,7.01302826626979e-07,0.986419978952691,0.00745194855204005,4
"20759",0.000128452038148301,0.99962431745325,2.5999029389153e-05,5.45338882626475e-05,0.000166697590950514,2
"20761",0.9766759239224,0.0217956865093272,6.50946355581286e-05,4.81422854210633e-05,0.0014151526472935,1
"20763",0.929465223272379,0.0635470186269715,0.000832237737128392,0.000181637036597285,0.00597388332692343,1
"20765",0.994780923562485,0.0020046129018634,4.52146547756819e-05,5.74958766841522e-06,0.00316349929320774,1
"20767",0.0368073439029691,0.952693901834715,0.000363485735891454,0.010133568245347,1.70028107734843e-06,2
"20769",0.0329208106035094,0.259331388377303,0.702024012127051,0.00572371923010972,6.96620267610559e-08,3
"20771",0.703973519347033,0.0966226044627105,9.19952419729465e-06,0.00563929775614218,0.193755378909917,1
"20773",0.000168062841401875,2.47731389639851e-05,2.93744126829689e-07,0.99980055022149,6.32005401794309e-06,4
"20775",0.997537967785479,0.00155028915187302,0.000180658461352613,0.000665589984238549,6.54946170572408e-05,1
"20777",0.648927104482906,0.0239160123062204,0.326442973712288,0.000302490023693368,0.000411419474892092,1
"20779",0.998883736529663,0.000815141736261151,5.52301205426592e-05,0.000228639077538334,1.72525359944072e-05,1
"20781",0.00535685616863736,1.18857786515809e-05,0.969243200853199,0.005706304247373,0.0196817529521387,3
"20783",0.975358323084707,0.0196088110073815,1.4066546879437e-05,0.00234964774428335,0.002669151616749,1
"20785",0.000148141223092654,2.40368946441197e-06,7.04364113801438e-08,0.999031168735666,0.000818215915365638,4
"20787",0.968739236258053,0.000262062957583019,3.43695702258969e-07,0.0136869050524759,0.017311452036186,1
"20789",0.606260515247373,0.385483862831428,0.00100191889593927,0.00724348397417659,1.02190510831956e-05,1
"20791",0.945500775150988,1.00329902802481e-05,9.30393648952955e-07,0.000934787466069373,0.0535534739990135,1
"20793",0.701013737092467,0.296690683738372,0.000700335055986295,0.00159056802795354,4.67608522060935e-06,1
"20795",0.82499665566714,0.000184197905339763,2.33321253692599e-06,0.000635361444241981,0.174181451770741,1
"20797",0.00125991965658233,5.64637247108558e-07,0.00235720362186729,1.01406023884501e-05,0.996372171481915,5
"20800",0.997789296402329,9.37136727292875e-05,2.17184969300383e-05,1.68934804660411e-05,0.00207837794754585,1
"20802",0.992284878724642,0.00615132351141526,4.3867524812878e-05,2.63160820307384e-05,0.00149361415709928,1
"20804",0.863692191577707,3.10884622903001e-05,6.17709501450546e-07,0.133152631253167,0.00312347099733402,1
"20806",0.737098845493361,8.38783817804324e-06,6.881958218686e-07,0.00133079060332004,0.261561287869319,1
"20808",0.0133706496043539,0.986285362531309,5.3809026177271e-05,0.000290036833780359,1.42004379727312e-07,2
"20810",0.560728939917421,0.000850608504376283,1.87559459515501e-05,0.00170680603621174,0.43669488959604,1
"20812",0.987264972932073,0.0032050109559081,0.0046399597663581,5.37866531180962e-06,0.00488467768034929,1
"20814",0.118245809518606,2.79117568430587e-06,8.96463122025443e-08,0.71314212747168,0.168609182187717,4
"20816",0.00343336238759275,0.120501168799117,0.00173849095100302,0.874326660670043,3.17192244722207e-07,4
"20818",0.990513362288156,0.00672069490540895,0.000108778710149112,0.00013386835734116,0.00252329573894513,1
"20820",0.000165630087691562,2.6617530994573e-07,1.28806950608603e-07,1.08726643127555e-05,0.999823102265735,5
"20822",0.995435486705626,0.00343316836086507,1.48223766172965e-05,2.20714927958326e-05,0.00109445106409569,1
"20824",7.52006872008884e-05,7.11759828845907e-07,3.06207612434949e-08,0.999765528708687,0.000158528223522244,4
"20826",0.00464164328769776,1.67660695416228e-06,4.75290884703066e-07,1.64630990461354e-06,0.995354558504559,5
"20828",6.36215190520211e-05,4.90966490395677e-07,2.22299365569895e-07,8.37458743285408e-07,0.999934827756349,5
"20830",0.984587500342447,4.37029600356359e-05,6.84374693555113e-06,0.0149495886963863,0.000412364254195114,1
"20832",0.623507660981505,0.331952474030501,0.000215213987631375,0.00020287216501803,0.0441217788353444,1
