"","V1","V2","V3","V4","V5","best$classification"
"19812",0.974896702586971,0.024216237042136,5.32051880023341e-06,0.000729736602175132,0.000152003249917911,1
"19814",0.99217044942066,0.00264059865586393,0.00515396410198325,2.76791827481171e-05,7.30863874456798e-06,1
"19816",0.0259647452589179,0.973839359219633,3.60286628887398e-06,8.91359920270549e-06,0.000183379055957221,2
"19818",0.929751021472894,0.0512919292771894,0.0188155588838095,6.4617116641485e-05,7.6873249465683e-05,1
"19820",1.55535464891015e-06,0.999933819418001,7.13989483501659e-09,6.42945794862356e-05,3.23507968777453e-07,2
"19822",2.74183108613591e-05,0.952786876057532,4.96540499651975e-06,0.0471747423636858,5.99786292438554e-06,2
"19824",0.001418015440446,0.994863735321833,0.0030213136646914,7.59829342873653e-05,0.000620952638741963,2
"19826",0.948712956237609,0.0360979707933995,9.10361649385319e-05,2.23024730158308e-05,0.0150757343310369,1
"19828",0.001152724529187,0.998548630658169,5.67408460191368e-06,0.000291994517970049,9.76210072306143e-07,2
"19830",0.99683753595196,0.000370254798695775,0.000235752885065182,0.000705457707146024,0.00185099865713277,1
"19832",0.319304409615936,0.160620402167854,6.41650268255542e-06,0.520048237050179,2.05346633484408e-05,4
"19834",0.11882752677841,0.868077838524818,0.000343433576627252,0.0127441058939561,7.09522618846172e-06,2
"19836",0.602337968606968,0.264770562400214,6.88640232218406e-06,0.000296474952354436,0.132588107638141,1
"19838",0.998657147764502,8.74659750151985e-05,0.00114408513087186,9.86464077454292e-05,1.26547218652754e-05,1
"19840",0.23488112632026,0.760141257506935,2.75715292210826e-05,5.94937895693182e-05,0.00489055085401475,2
"19842",0.101312597917855,1.85529615304155e-05,5.81502016433869e-05,8.94376666300707e-07,0.898609804542305,5
"19844",3.59218625456455e-05,1.71114603107923e-05,0.999900512164343,1.91229371937643e-07,4.6263283428795e-05,3
"19846",0.783090157728581,1.93103627820922e-05,0.211740795377264,5.19890785300344e-07,0.00514921664058836,1
"19848",0.915414242058312,3.05052648787808e-05,0.0841535894353686,1.73998979490244e-06,0.000399923251645652,1
"19850",0.657518512450513,0.000303256955984772,0.34206614432794,8.23344720003647e-06,0.000103852818361518,1
"19852",0.366072859989455,0.632782569589699,0.000845116073147614,0.000254597465318052,4.48568823797768e-05,2
"19854",0.990316690113091,2.96296540174411e-05,0.00954910617181146,3.77408153605681e-06,0.000100799979544512,1
"19856",0.0236449625461863,0.00105378557571801,0.974877700278748,2.8253679527262e-05,0.000395297919820613,3
"19858",0.00410229430420242,0.0260943342788887,0.96951071817521,0.000215632153161961,7.70210885370171e-05,3
"19860",0.708484047322979,0.291198884604395,8.60823929136493e-05,0.000146567040439527,8.44186392724359e-05,1
"19862",0.970746511807988,1.04857380209941e-05,0.0130264981149192,6.42357753012055e-07,0.0162158619813186,1
"19864",1.97481718453604e-05,3.83430540423803e-05,6.19471461499114e-06,3.46821588474641e-07,0.999935367237909,5
"19866",0.00680452343538197,0.946866169282562,3.00234742270225e-06,3.11817850777857e-05,0.0462951231495555,2
"19868",0.000169630633117683,1.80391067680741e-05,6.54465470855344e-05,0.999746247059439,6.36653589519455e-07,4
"19870",0.992143832078236,0.000465134178444743,0.00569499568159539,5.50647645828504e-06,0.00169053158526579,1
"19873",0.966168485457168,0.0293133335078694,0.00163464912882856,1.31552292411424e-05,0.00287037667689278,1
"19875",0.00607417528257251,0.993535751265483,1.81078117941658e-07,0.000386960971702812,2.93140212362459e-06,2
"19877",0.992033869318884,0.00434589267464453,0.00341495299516795,4.0438191977366e-05,0.000164846819326322,1
"19879",0.706336706429831,0.284726501208458,0.00707585910416555,0.00148871438763171,0.00037221886991366,1
"19881",0.955919537088316,0.0120972707860456,0.0024356820631058,1.86202710908346e-05,0.0295288897914412,1
"19883",0.730876361281138,0.00439598371783958,0.000202009270015484,2.62755824545427e-06,0.264523018172761,1
"19899",0.607094342634095,0.380439492611096,6.19360189457484e-05,0.00913781725147978,0.00326641148438377,1
"19908",0.0202001177238416,0.177144296087289,0.00610748849785207,0.0779957969487517,0.718552300742266,5
"19910",0.663276499141382,0.335274242817826,0.000690882116741333,9.05265801521356e-05,0.000667849343898497,1
"19912",0.541661686570228,3.8941552870988e-05,0.00166623089942457,2.09337775601709e-06,0.45663104759972,1
"19914",0.794572652076054,0.197893265777879,0.00155520960528254,0.00572777348772784,0.000251099053056931,1
"19916",0.000623389992777087,0.58620935169623,0.000503980626888931,9.94247548562322e-05,0.412563852929248,2
"19918",0.830938747970149,0.000579719057617116,0.165060144452138,6.15227239019524e-07,0.0034207732928569,1
"19920",0.107998851841064,3.77937596888545e-05,0.891906631922859,3.91264440025889e-07,5.63312119476408e-05,3
"19922",0.33409311319043,0.0216369681386004,5.39007973818915e-05,0.644196026248834,1.99916247538567e-05,4
"19924",0.950759377462339,0.0106466337792826,0.0382693317568353,1.87249779538247e-05,0.000305932023589515,1
"19926",0.386363725491265,0.560580732506479,2.72914753102828e-06,0.0237786632383118,0.0292741496164136,2
"19928",3.8280177402785e-06,1.73218901226837e-07,4.30462023468117e-06,3.89582998645946e-08,0.999991655184824,5
"19930",0.998480829388674,0.00102994386244707,0.000372722054155909,1.63818281351699e-05,0.000100122866588173,1
"19932",0.996548407849549,6.18778825560616e-05,0.00334648166390386,1.17282460925953e-05,3.15043578989296e-05,1
"19934",0.0422042419420349,0.955669289353111,0.000158876052561895,0.00196451225836462,3.08039392796567e-06,2
"19936",0.988108850559837,0.0109798779169834,0.000255494268369204,0.000613123267016458,4.26539877934684e-05,1
"19938",0.000667606246093891,0.996460639163648,5.37352745567267e-05,0.00277861492089208,3.94043948088066e-05,2
"19940",0.877694000593189,0.0864228161704446,0.00125165739368844,1.53408708430624e-05,0.034616184971835,1
"19942",3.20213828143164e-05,2.42764499853374e-06,1.1063626621332e-06,1.79581711077355e-08,0.999964426651354,5
"19944",0.277293707063872,0.719979654729456,7.02658967221796e-05,0.000101325941934894,0.00255504636801504,2
"19946",0.870719385519484,0.102495439370322,0.0263599799985327,0.000105561856310365,0.000319633255351028,1
"19948",0.000105095771381735,2.56999412077905e-06,6.32620202503273e-06,5.75641009478251e-09,0.999886002276062,5
"19950",0.00186407228041129,1.1393092323269e-06,0.998133174887317,3.65561377835754e-07,1.24796166137762e-06,3
"19952",0.000105095771381735,2.56999412077905e-06,6.32620202503273e-06,5.75641009478251e-09,0.999886002276062,5
"19954",0.997984638574653,0.000231868878199874,0.00167804369369147,5.62673218797502e-06,9.98221212682734e-05,1
"19956",0.30835759349136,2.75706750947264e-05,0.67676746665589,0.000328002418553398,0.0145193667591012,3
"19958",0.00337198918427589,0.00022346943474914,0.00118001307180999,0.995221484918206,3.04339095948811e-06,4
"19962",0.612931193067896,0.183873954713966,0.199379361146816,0.00309531193411631,0.000720179137206477,1
"19964",0.886790722344053,0.0542143647679707,0.0264960819607328,4.1667873579622e-05,0.0324571630536638,1
"19966",0.000293047506863869,0.988147480883714,7.88016403066248e-08,9.39094134990497e-05,0.0114654833942824,2
"19969",0.989141263558796,0.000735325237320505,0.000215310023638478,4.78636120435523e-06,0.00990331481904086,1
"19972",0.756300767405849,0.000979845480937313,0.114481268150805,5.18250096436685e-06,0.128232936461444,1
"19974",0.0561668767427041,1.38060056887104e-06,0.922081307820861,4.99860453471996e-08,0.0217503848498206,3
"19976",0.923748277271278,0.0167643214901635,0.0589655936063584,2.76141838149135e-05,0.000494193448385367,1
"19978",0.276909911413644,0.720058557589655,0.000975975295600885,1.20687916405286e-05,0.00204348690945959,2
"19980",0.687737581004027,2.13105175880054e-05,0.312162663012101,3.21909493786237e-06,7.52263713455915e-05,1
"19982",0.161232934688486,0.00028918566854202,0.838403851871146,4.90667447386061e-05,2.49610270884567e-05,3
"19984",0.000518912281425492,1.93371371853946e-05,0.999452330726836,2.32517053123821e-07,9.18733750048118e-06,3
"19986",8.75948190146974e-06,0.999648580363585,7.67735068678863e-09,0.000339529169204748,3.12330795867904e-06,2
"19988",8.2913000760669e-07,0.999471099187841,4.63721679143635e-09,0.000527913516807903,1.53528126739349e-07,2
"19992",1.25176136850159e-05,0.999441549798476,2.76302979277164e-07,0.000545554758098287,1.01526761758633e-07,2
"19994",0.998544886286973,0.001255158723469,8.30790381998404e-05,4.94029648079668e-05,6.74729865503236e-05,1
"19996",2.08732030055158e-05,0.999915125065858,2.16713083053528e-07,6.37134224699878e-05,7.15955828891977e-08,2
"19998",0.276185591609513,0.0445929243398678,0.0100721412112913,0.000208963306271257,0.668940379533057,5
"20000",0.973913558917849,0.000152676650202124,0.000704701249855389,0.0206235578557714,0.00460550532632231,1
"20003",0.99157531027546,0.00726924346566746,5.14420263626232e-06,0.000226624561040013,0.000923677495195859,1
"20005",0.920404502060223,1.5546922106954e-05,0.0769062158453688,6.31062468205038e-07,0.00267310410983255,1
"20007",0.380414763312764,0.615220925649253,0.0011987511576978,0.00309724030442344,6.83195758608421e-05,2
"20009",0.000839216794126582,0.997029130575003,0.00039692023509601,0.000757085604376068,0.000977646791398542,2
"20011",0.946358388380619,0.00586485480941725,0.0167246485994081,1.39584841039824e-05,0.0310381497264514,1
"20013",0.895534398075517,0.000808737414815009,0.10359999075568,2.68293652445616e-05,3.0044388743376e-05,1
"20016",3.4615832810558e-05,0.995264041220114,1.00772665028406e-05,0.00468648947834758,4.77620222506897e-06,2
"20018",7.0237015970921e-08,0.0137648796051427,3.95588020236655e-09,0.986234933335466,1.12866494934139e-07,4
"20021",0.0152522448754322,0.984312858481456,3.12968004727865e-07,0.000405899983462317,2.86836916441302e-05,2
"20023",0.0821749101838923,0.916045411629507,0.000138350011812983,0.00156934699821031,7.19811765775935e-05,2
"20025",5.91041264312796e-05,0.583345218621332,1.74227558792844e-07,0.41659078091668,4.72210799810089e-06,2
"20027",0.754393022132169,0.000238766923314228,5.47327083458168e-05,6.93719228437345e-06,0.245306541043886,1
"20029",0.964373611474559,7.03002267196563e-05,0.0242170915819896,3.45888278488835e-07,0.0113386508284536,1
"20032",0.993266036547998,0.000226578167005422,5.10883745463451e-05,1.35911947510193e-05,0.006442705715699,1
"20034",0.000374758134246044,1.07144713219362e-05,1.44805244315732e-06,3.38184479726225e-08,0.999613045523541,5
"20036",0.757430312889792,0.0457158577409424,0.188832500810039,0.00223000239334231,0.00579132616588462,1
"20038",0.000653455705534419,0.993613617442928,6.11422541687878e-09,0.00573145359923407,1.46713807839109e-06,2
"20040",1.28566087978136e-05,0.986225534452288,7.37802358004838e-06,0.0132013611729665,0.000552869742368102,2
"20043",0.00396738593256827,0.995337742972736,1.01504782348892e-06,0.000693395372363234,4.60674509371861e-07,2
"20045",1.08287159825646e-06,0.994319288036846,1.79421315889135e-07,0.00567942954220503,2.01280346108233e-08,2
"20048",6.29841577991494e-05,4.96423967126986e-07,0.999935455977455,2.37506506831709e-07,8.25934271562887e-07,3
"20051",0.661923399000929,0.309908407025768,0.0116761957612918,0.0164890367937032,2.96141830807283e-06,1
"20053",0.0151949420011391,0.98413263679465,0.00029969864617851,0.000102992452861837,0.000269730105170731,2
"20055",0.0714135932933296,0.799660896716141,1.4725623504508e-07,0.128773257075655,0.000152105658639841,2
"20057",0.000148625041078809,1.44560767515656e-06,0.00123007047114444,0.998575984636403,4.38742436986808e-05,4
"20059",0.0136138587528814,0.982048998539817,4.07426384809141e-05,0.00325132710572417,0.00104507296309712,2
"20061",0.119281805790735,0.879120876301781,0.000220648494587418,0.000492242400967054,0.000884427011929893,2
"20063",5.79684865421613e-05,0.0150970416636829,0.98232811482898,0.000673119428930327,0.00184375559186437,3
"20065",1.49194009543255e-05,0.168976245501571,3.08168137896651e-10,0.831008801790537,3.29987693068179e-08,4
"20067",0.000435871567631197,0.989875580691991,0.000257183811600627,0.00943131828024618,4.56485308534156e-08,2
"20069",0.430671607072682,2.82118760215788e-05,0.569269102979815,4.99563830916142e-06,2.60824331719931e-05,3
"20071",0.444864654312257,0.349692159424173,0.00172351363696281,0.00684161936581285,0.196878053260795,1
"20073",0.0785670789984527,0.000775743728177781,0.920079088570808,1.34232725248943e-06,0.000576746375309394,3
"20075",0.00026823170477999,1.18067809417917e-05,1.16077451692365e-06,0.99971868204826,1.18691501516213e-07,4
"20077",0.0170256801641327,0.982319199951644,0.000507751587386621,0.000113407869547991,3.39604272892198e-05,2
"20079",0.0732019649720777,0.158867977919682,0.766330307889823,0.0015314383120153,6.83109064025652e-05,3
"20081",0.00967218632778984,0.867389872971371,8.65192804451627e-06,0.122929150309646,1.38463148567481e-07,2
"20083",0.017112336073784,0.00547880250770583,0.97109052895697,0.00122578926029092,0.00509254320124943,3
"20085",1.54797489533745e-06,0.997751522080942,1.26539085486434e-09,0.0022468720735831,5.66051883078014e-08,2
"20088",0.000571115278510681,0.998586771677013,2.12992014849684e-07,0.000841685487169593,2.14565291859704e-07,2
"20091",0.000148891646192844,0.00258616197365117,3.58284569210919e-06,0.997261354373075,9.16138933437368e-09,4
"20095",0.0174982633062754,0.0679514090444785,0.860872124413531,0.000379099651558523,0.0532991035841571,3
"20097",2.92242065865368e-06,0.990801435955453,1.71411021283876e-09,0.00919561195639693,2.79533816178377e-08,2
"20099",0.00288354183141017,0.833364707665219,0.00529973307868423,3.98514147874194e-06,0.158448032283208,2
"20102",0.00285032398497671,0.00175320124040547,0.921177653674066,0.0742175659427944,1.25515775711255e-06,3
"20105",0.00635231498166555,0.992703777835115,0.000643669200922704,0.000299180897605172,1.05708469217677e-06,2
"20107",0.000681054824965467,0.999189363947915,6.43328882120096e-07,0.000124669479037531,4.26841920009057e-06,2
"20109",0.0276206000768699,0.662404751627139,0.308221450390102,2.15055650606771e-05,0.0017316923408279,2
"20111",0.437389623283631,0.000181229125308453,0.0170204864705283,0.545355478602727,5.31825178049694e-05,4
"20113",0.0204180596333282,0.950122428099588,1.87327124423851e-06,0.000270890817612938,0.0291867481782262,2
"20115",0.992570994649923,0.000157384299732132,0.00104878178668355,0.000411012778665532,0.00581182648499603,1
"20117",0.00173640545812759,0.120003966580919,7.13403931484396e-06,0.520767586349587,0.357484907572051,4
"20119",0.000345683194576589,0.953103883573406,4.3422973391307e-08,4.46562610592522e-05,0.0465057335479848,2
"20121",9.81872858391276e-05,0.999555814260659,2.56401970586986e-08,0.000343131161259774,2.84165204485007e-06,2
"20123",3.39040578213664e-05,0.00151788149852099,1.53522617501105e-08,0.998448176238578,2.28528181405738e-08,4
"20125",0.889639017100928,0.000215882390506475,0.110095180142863,2.89304414970312e-05,2.09899242056814e-05,1
"20127",1.43885460728615e-05,0.999743330651632,2.47436963402519e-06,0.000239574640934194,2.31791727022982e-07,2
"20140",0.17699082354572,0.395478793805475,2.19321692002445e-06,0.425197411081554,0.00233077835032999,4
"20142",0.00592349089272762,2.11504582322272e-06,0.994070843070902,9.87432449034128e-07,2.56355809854696e-06,3
"20144",0.982896480652988,0.000132231942950498,0.00854353459584264,0.00833265186656151,9.51009416576686e-05,1
"20146",0.60564299801675,0.00651633644758398,0.384017155816348,0.00370419750879074,0.000119312210526667,1
"20148",0.9922686835215,0.00731206231911973,0.000280469764004966,0.0001059928666542,3.2791528721343e-05,1
"20150",0.385269937702813,4.47663408181689e-06,0.612063723658941,3.15018306066037e-07,0.00266154698585795,3
"20152",0.968020154393439,0.0314484240215592,0.000210363441144175,0.000159929461717676,0.000161128682140294,1
"20154",2.58316100282082e-05,0.0426329246112718,9.39937523914768e-06,0.957331841958335,2.44512611758903e-09,4
"20156",0.172528093042925,0.73860504083686,0.0688933706952047,0.0194734809489146,0.000500014476095311,2
"20159",0.36540998798172,2.77947691198802e-05,0.634535333090351,9.45466026968375e-06,1.7429498540083e-05,3
"20161",0.0107817564388659,0.000594261880085399,0.988329035447154,6.4962233493699e-05,0.000229984000401469,3
"20163",0.952675913580304,0.0448135597621958,1.23047787568135e-05,0.00125265012470052,0.00124557175404332,1
"20165",0.00100218933718455,0.00869412461677125,0.990279683514756,2.13784179588126e-05,2.62411332896786e-06,3
"20167",0.983777843449608,0.00441513012552786,0.0117747380085266,8.54183015651773e-06,2.3746586181067e-05,1
"20169",0.000267990770885613,5.93421578718503e-07,0.999730163539822,2.99051577357862e-07,9.53216136134623e-07,3
"20171",1.64957006244146e-06,0.00988874105519737,8.90429327599962e-06,0.99010070386076,1.22070438708477e-09,4
"20173",0.001173841612991,0.0481842810626119,0.215520725190094,1.5718701787972e-05,0.735105433432515,5
"20175",0.98760086048994,0.00160756844235261,0.0103880204724419,2.3326327405575e-05,0.000380224267860415,1
"20177",0.00415086492448472,0.470506882749985,0.000237852823747277,9.70464706695089e-06,0.525094694854716,5
"20180",7.14427300145552e-05,0.997775201771134,2.35093936708936e-10,0.00213341409115485,1.99411726028733e-05,2
"20182",0.000203933939959973,5.76032722752183e-08,0.998000229385258,2.88607670018366e-05,0.0017669183045079,3
"20184",0.0462676623308406,0.000143622567337425,0.95357139274492,3.00380314757928e-06,1.43185537547451e-05,3
"20187",0.00236796344239641,0.00372776412168229,0.00130818600553283,8.06265149115127e-07,0.992595280165239,5
"20189",0.0640648062998186,0.912371381812403,1.9363972928089e-05,8.97976496353091e-06,0.0235354681498866,2
"20192",0.00613970006133879,0.813973262089156,8.05903248553154e-06,0.14398282996774,0.03589614884928,2
"20194",0.0991534477330106,0.000179111417993745,0.734344863149755,5.88114458869191e-06,0.166316696554652,3
"20196",0.000167200242333384,0.860956077541778,3.25205790709806e-07,0.138876131774077,2.65236021432607e-07,2
"20198",0.705768330584206,0.286047768890775,0.000933548632743777,0.00638949817482434,0.000860853717451656,1
"20204",0.433173537191939,3.65831089835652e-05,0.56674427967111,1.36558022970839e-05,3.1944225671282e-05,3
"20207",0.000356804721851632,0.925799466054863,4.15181282762169e-05,0.07380218066714,3.04278695104235e-08,2
"20209",0.881967011379871,0.000754380527350088,9.33439933980704e-06,0.0660910337608061,0.0511782399326331,1
"20211",8.2253258717661e-05,0.00127371610802339,1.1927876384009e-07,0.998643910794962,5.59533205739962e-10,4
"20215",0.0227219631892076,0.976110368868389,5.15071649774034e-05,0.00109145653451504,2.47042429112599e-05,2
"20218",0.0175752398635063,3.5792728772011e-06,0.982417308615998,9.62863438663412e-07,2.90938417943002e-06,3
"20222",0.0108809753234968,0.933582911939103,0.000112789936060942,0.0554231517715588,1.71029780395001e-07,2
"20225",0.969501389647043,0.000231760703973467,0.0291156758540628,0.000737957559544757,0.00041321623537579,1
"20229",0.811650026418822,0.0445607763064169,0.00123926896067505,0.139012242958762,0.00353768535532363,1
"20232",0.12414536958272,0.854556744890107,2.86492186899978e-05,0.0211716601032777,9.75762052057718e-05,2
"20234",1.07240451167963e-06,0.899827127256909,2.61226140329613e-09,0.100166273108942,5.52461737595117e-06,2
"20238",0.000584215810156349,0.998077025493817,1.15107509993276e-05,0.00132436826062687,2.87968440016322e-06,2
"20253",0.000289863818417185,0.999026881061694,1.94206808620562e-06,0.000675118212884678,6.19483891845336e-06,2
"20255",0.998918886253784,0.000325626246184092,0.000349268680344029,0.000401047827869238,5.1709918184992e-06,1
"20258",0.000189551001576559,0.99975465839018,8.91294831918657e-08,5.21957466823208e-05,3.5057320778872e-06,2
"20269",0.0356456916402329,0.913388005199639,0.0507885943962388,9.88634661004487e-05,7.88452977892943e-05,2
"20271",0.000472743701938945,0.983141657097556,3.52693227016128e-07,1.79240273977695e-05,0.0163673224798805,2
"20285",0.0416532318503632,0.00487284503216074,0.00147262505237088,1.36231021259001e-05,0.951987674962979,5
"20288",0.0300723344372281,0.967560793696208,0.000110136296329865,0.00223503495171139,2.1700618523178e-05,2
"20291",0.000309628583041734,0.771804229452871,3.24881425560773e-06,0.227881476688167,1.4164616644028e-06,2
"20295",0.0749730546802016,0.723250911260167,0.0228974446214007,0.000188485392999901,0.178690104045231,2
"20298",0.994797733191961,3.73157675052791e-05,0.00506544186867717,4.83883993227751e-06,9.46703319247055e-05,1
"20302",0.297818453667251,0.00108941308281401,0.69847041196542,7.63639622885141e-06,0.0026140848882857,3
"20305",0.99713865435183,2.98343395773433e-05,0.00101211653201646,2.09943403124673e-06,0.00181729534254477,1
"20307",2.9928432980801e-05,0.999621199358302,4.38695847195878e-08,0.000348757090258536,7.12488734502429e-08,2
"20310",9.79804383287664e-07,0.998372041272278,3.77703934617698e-08,0.00162578528127376,1.15587167134053e-06,2
"20313",0.000651624787394772,1.61961603297007e-07,0.999331800634562,2.63120431032236e-08,1.63863043963399e-05,3
"20315",0.000792805297615658,0.999083334114404,5.70692228665339e-07,9.32908830815968e-05,2.99990126702871e-05,2
"20319",0.00029181554800588,0.427585453439833,2.08365058437515e-07,0.572121936309209,5.86337893645006e-07,4
"20321",0.000110850942998243,0.999810573858809,8.47159986281021e-06,6.68715615621937e-05,3.2320367676549e-06,2
"20327",6.07286883950037e-05,0.999871108565826,2.69303463513647e-07,8.56092996279148e-06,5.93325123524354e-05,2
"20329",0.000247322535669643,1.51345452680357e-06,0.000140330519760071,3.17679079210942e-09,0.999610830313253,5
"20335",2.82165611104089e-05,0.914161699321089,1.49979742929889e-06,0.0858085795322637,4.78810726614514e-09,2
"20337",0.716795699609125,4.88028732597055e-05,0.283124881883548,1.08456975092737e-05,1.97699365582257e-05,1
"20339",0.0112041165284057,0.0072087780084541,3.49633239045007e-06,0.980856057510014,0.000727551620735561,4
"20341",6.24252947217172e-05,0.0288260620920864,0.000452152546954224,0.970659321014093,3.90521443292901e-08,4
"20343",2.39839888470815e-05,0.992530209884189,8.94354547705245e-05,0.0073559695391048,4.01133088213386e-07,2
"20345",0.969359100671101,0.00458327655425358,1.05566058217201e-05,4.86629139716141e-05,0.025998403254852,1
"20350",0.16253393259832,0.443179702442315,0.0266324008333553,0.356560730916625,0.0110932332093844,2
"20352",0.000498497063439776,2.43651439325112e-06,0.999498023270135,2.96696277622256e-07,7.46455754220389e-07,3
"20355",0.0291767052409408,0.00340395618819747,0.966972133490139,0.000222602399115785,0.000224602681607117,3
"20358",0.0360381986402179,2.318424378946e-05,0.0251556084809655,9.68272467965834e-08,0.93878291180778,5
"20363",0.000433583754676126,0.999497400314064,6.52105055741208e-06,6.15122662521462e-05,9.82614450436965e-07,2
"20365",0.0457169235439665,0.454874946371652,2.3345523683724e-06,0.499404824757364,9.707746490062e-07,4
"20379",0.997061036695869,0.000413420464050044,0.00146558648856343,0.000704524162981736,0.000355432188536405,1
"20387",0.000712833588998563,0.998144108856094,3.08974287223143e-07,0.00114249936065552,2.49219964973327e-07,2
"20392",3.23986876190935e-05,0.00318159417133371,1.08804840695228e-08,0.996785995477015,7.83547790544455e-10,4
"20395",0.982650314774157,0.0159318426529732,0.00106589277237948,0.000283183751497314,6.87660489936962e-05,1
"20397",9.44833474569195e-05,2.35265800375624e-07,0.0104391183531176,1.364772727027e-08,0.989466149385898,5
"20410",0.0108189366495772,0.988121106099016,4.48087652295202e-08,0.000502326611373049,0.000557585831268049,2
"20414",0.67568192205589,0.00108147283579804,0.323115405400335,8.69854418519182e-06,0.000112501163791107,1
"20417",3.42143421195551e-07,0.104082703576713,1.61244727358123e-08,0.895805871336245,0.000111066819148657,4
"20419",3.21325875750988e-05,0.999930523518829,1.27223791296444e-06,1.47722946396877e-06,3.45944262189694e-05,2
"20421",0.29217433865845,0.00370775221064131,0.687957567188681,0.0161470771654083,1.32647768193653e-05,3
"20423",0.615931872047637,0.000252430222684148,0.383680239767541,0.000123901757073131,1.15562050644029e-05,1
"20425",0.410576858978524,0.000633145998722159,0.588360854542032,0.000424388678998765,4.75180172267379e-06,3
"20427",0.956075896308197,0.0434653642658689,0.000322491851442816,3.36004579521693e-05,0.000102647116538746,1
"20429",0.00019558581994446,0.995573417297596,0.000218410797864301,0.00368839788249934,0.000324188202095762,2
"20432",0.150784345894324,4.76564924636525e-05,0.848692271576432,4.71011706652274e-07,0.000475255025073978,3
"20435",0.189449522111755,0.786455522289357,1.13100161119279e-05,0.0237339887328552,0.000349656849921183,2
"20438",0.000449383007952171,0.999078887221521,0.000322580116100039,1.6457619527145e-05,0.000132692034899855,2
"20440",0.000168696460475865,0.999766613828636,1.78501003918131e-05,2.14483550125561e-05,2.53912554844432e-05,2
"20443",0.00186910964062788,0.000202126645299005,0.99788667861514,3.33941936922313e-05,8.6909052409237e-06,3
"20446",0.440532746389631,0.550527171616001,0.00446671520055468,0.00144520996716761,0.00302815682664565,2
"20449",0.201448485463468,0.784376503429499,2.52101633409116e-05,0.0137961317247374,0.000353669218954266,2
"20537",0.00858251905823345,0.736733298191707,0.000203875839583826,0.254476207361761,4.09954871532498e-06,2
"20540",1.44036018763022e-05,0.00979996489799859,7.7033986096891e-09,0.990185606620861,1.71758651125843e-08,4
"20543",0.800508485835063,0.194646266615653,0.00407853416761833,0.00068149296471082,8.52204169553719e-05,1
"20545",5.85028692570695e-05,0.00134225084946679,4.25378406238798e-07,0.99859882058551,3.17360093050724e-10,4
"20549",0.935702443816909,0.0459877753202487,0.0148074693455688,0.00349934589925447,2.96561801879894e-06,1
"20551",0.0259535052731465,0.97257061409945,0.000117588490203666,0.00135762739649156,6.64740707648257e-07,2
"20554",0.00483467695901072,0.995051777936058,1.21350162931894e-05,8.92030517036439e-05,1.22070369348149e-05,2
"20556",0.700800746198747,0.185201305192657,0.00128169011878282,0.11271105080671,5.20768310387907e-06,1
"20558",8.39119755163144e-05,0.999787733695164,2.63653089243438e-07,0.000127991790301913,9.88859283706913e-08,2
"20560",0.0203617935793611,0.975772243954903,0.00379149524594767,7.15490524322485e-05,2.91816735587411e-06,2
"20563",1.11824933289321e-05,0.999799471342554,8.21808611084676e-07,0.000188169686756038,3.54668750449787e-07,2
"20565",0.125754292667737,0.850388105012377,0.0227618784169794,0.00108469534840984,1.10285544965238e-05,2
"20567",0.101071549917115,7.66506639547445e-05,0.898603858746335,2.19633977952373e-06,0.000245744332815485,3
"20571",0.00143645454699473,0.971574481371874,3.66523190577411e-05,0.0257549326757748,0.00119747908629871,2
"20573",0.0464201813258726,0.949108621040868,0.000573389509309487,0.00389227879399566,5.52932995429117e-06,2
"20575",2.44942426319926e-05,0.999889247490842,1.71600374054928e-07,8.17261610158324e-05,4.36050513677769e-06,2
"20577",0.889285013455093,0.107846438486586,0.000100894228371667,0.00183878983362179,0.000928863996327217,1
"20579",0.0013503631409717,1.88343159867993e-06,0.894854803829164,2.49071668083734e-08,0.103792924691099,3
"20582",1.20268534743168e-05,0.999901367359981,4.05056106993532e-08,8.63002709627745e-05,2.65009970969472e-07,2
"20585",0.0212079770518645,0.104552998787796,1.68369016947068e-06,0.874237251401341,8.90688291013221e-08,4
"20588",0.0105431391386641,0.00815086078893315,0.000150692100621484,0.981152674813576,2.63315820496812e-06,4
"20590",0.0042069338397014,5.10939551686556e-07,0.994378661284325,1.23441551645261e-08,0.00141388159226687,3
"20592",5.88967377053311e-06,0.999933990861575,1.08374486404405e-06,5.89253136729309e-05,1.10406117194301e-07,2
"20594",2.19989859021366e-05,0.999745165856311,7.38457243868082e-09,0.000231120044078587,1.70772913551078e-06,2
"20596",0.00995144524024654,0.987093535928421,0.000471441264101499,5.120661013753e-06,0.00247845690621684,2
"20598",0.011924290590432,0.987970003118556,6.40756251708166e-06,9.15514641399335e-05,7.74726435513805e-06,2
"20600",0.247477656627008,0.0829171356029915,0.00128410363355134,0.668319714579199,1.38955724993047e-06,4
"20603",0.993585795780961,0.000547927025317729,0.00326769263373931,0.00256890468636542,2.96798736164035e-05,1
"20605",0.000434513955636164,0.999185958608233,2.29829510081893e-08,0.000362724825807445,1.67796273728282e-05,2
"20607",0.00148495569851494,0.998420560831577,5.07679453962911e-07,1.07162940862254e-05,8.32594963677619e-05,2
"20609",0.0199835357828057,0.979858319612407,3.2346216780305e-05,0.000101999336010364,2.37990519969289e-05,2
"20611",0.989554910441938,3.90001238106918e-05,0.000321121036420872,2.41798485481802e-06,0.010082550412976,1
"20613",0.604865378487461,0.392355651916922,1.26311372014965e-05,0.00261320706647064,0.000153131391945176,1
"20615",0.708307794404717,0.241085059573615,0.00219822490606466,0.0484068802375003,2.04087810366631e-06,1
"20617",0.00235614057413357,1.18221122422516e-06,0.997640964115489,3.98086967680161e-07,1.31501218555343e-06,3
"20619",2.55433200939902e-05,0.999939998112889,3.17463332912422e-06,2.85216802291814e-05,2.76225345861031e-06,2
"20621",0.0171985549035711,0.982353923469683,3.20345458856227e-05,0.000338623412166984,7.68636686930902e-05,2
"20623",0.00865082668604473,0.00167173193026758,0.988435600671695,2.81969235868159e-07,0.00124155874275646,3
"20625",0.935610470438381,0.00110373794529402,0.0388027720578553,0.0244729074896411,1.01120688288784e-05,1
"20627",0.229485894048987,0.76923884367372,4.46005995203911e-06,0.000446187279372495,0.000824614937968751,2
"20629",0.212004118116438,0.784620338055718,0.000741657638212885,0.00261873359663515,1.51525929959827e-05,2
"20631",1.50342447066924e-05,0.999879319318917,7.38685700024608e-06,9.80058066520739e-05,2.5377272440084e-07,2
"20633",0.000352807213923887,1.01588447870064e-07,0.999563025613846,1.3096398842545e-08,8.40524873830222e-05,3
"20636",0.917287417421876,0.000854026128296478,0.0253489589656174,8.44043264820996e-06,0.0565011570515614,1
"20638",0.801852071428365,0.131067374876061,0.000170201062619126,0.0651990464189738,0.00171130621398104,1
"20640",0.00372811884791869,0.933685970366522,1.64152244762078e-08,0.0625842809251065,1.61344522841543e-06,2
"20645",3.30943262775628e-06,0.996960613623165,2.48158011810578e-09,0.00303605447545227,1.99871749614718e-08,2
"20647",6.70295995245383e-05,5.32306780613406e-07,0.999931236274145,2.79176965891674e-07,9.226425837385e-07,3
"20649",0.0233801924068438,0.967972484162518,1.12215449639783e-05,0.0086339810472719,2.12083840236756e-06,2
"20651",8.5800829609018e-06,0.997438578818676,1.02450413703002e-05,0.00250452022663643,3.80758303562386e-05,2
"20656",0.00162961177071506,0.970421693884201,3.71827977290879e-06,0.0279435322741399,1.44379117081771e-06,2
"20660",0.00818912813076599,0.0599986908736762,2.9947610801662e-06,0.930908043879315,0.000901142355162269,4
"20662",0.0630739100932103,0.00036668216485595,0.839069195551304,3.05379165542895e-06,0.0974871583989743,3
"20664",0.0117915160500571,0.877050219136242,0.10095434305571,2.61654467996722e-05,0.0101777563111902,2
"20666",0.952944082218443,0.000543312338244762,7.86550126313178e-05,0.0463648231992039,6.91272314766366e-05,1
"20668",0.523385603252199,8.14773191695758e-05,0.476367408739423,7.57015450534002e-07,0.00016475367375836,1
"20670",0.000975025183169342,0.997720210891265,4.62333344983164e-06,0.000270199324877022,0.0010299412672383,2
"20672",0.529625201275373,5.33213357371726e-05,0.470281971247861,2.5522650594528e-05,1.39834904343923e-05,1
"20674",0.0911859487038797,0.908242944676468,0.000154763731167034,0.000140065871038422,0.00027627701744708,2
"20676",0.0692608716145944,1.28849236888257e-06,0.00504176238082468,4.21479534952061e-07,0.925695656032677,5
"20678",0.0424471795678033,1.49524734342098e-06,0.0512276574171427,5.67484796716467e-08,0.906323611019231,5
"20680",0.700492265118015,0.00145353929357711,0.298008411682173,3.02732077116789e-05,1.5510698522809e-05,1
"20682",0.841464814131726,0.00288313095770659,0.000806691649596,7.24915875514322e-06,0.154838114102216,1
"20684",0.0901687983073288,0.783963705761775,1.82280505874787e-05,0.00383611886160635,0.122013149018702,2
"20686",0.0185533601706683,5.37973421139584e-06,0.981437477854531,1.05308686510089e-06,2.72915372404414e-06,3
"20688",0.00176706513175048,4.42040059670109e-07,0.0598457865685484,1.31695658650673e-08,0.938386693090075,5
"20690",0.00198993041910411,0.0409599604733863,8.67916516884976e-08,0.957047069798767,2.95251709088145e-06,4
"20692",0.000981579683850477,2.02216193455814e-07,0.982180766275034,1.34595832581399e-08,0.0168374383653387,3
"20694",0.981946419554282,2.21321115579416e-05,0.017733088331748,2.04502860164656e-06,0.000296314973810579,1
"20696",0.992446099057809,0.000643407263422784,0.00594232217734858,2.16864162683135e-05,0.000946485085151288,1
"20698",0.0937794459337925,0.88892850834848,0.00926870362209305,0.00799586944052058,2.74726551139218e-05,2
"20700",0.00123129137134884,0.994975631246095,0.00299442181154035,0.000348879776533468,0.000449775794481929,2
"20702",0.000182955245843487,0.116063610222741,3.99776008268858e-08,0.88375301036606,3.84187755046854e-07,4
"20704",0.19693202817624,0.802606066770178,3.77115677181071e-05,0.000329540483123001,9.46530027410556e-05,2
"20706",0.428206772462147,0.164940967893744,0.00943841367814174,0.00423817981057636,0.393175666155392,1
"20708",0.0585093825088631,8.71930311503163e-06,0.000481916343307243,1.29531837127197e-07,0.940999852312877,5
"20710",0.0648062207654996,0.576221204986112,1.6640466429574e-06,0.358969594337568,1.31586417683724e-06,2
"20714",0.0109458793902429,2.11679181895313e-05,0.98896970209412,5.60557588750985e-08,6.31945416888449e-05,3
"20716",0.0074368005171249,0.992306793459857,4.74935018581646e-07,0.000101814436794669,0.000154116651204982,2
"20719",0.0408142154522605,0.100671672948399,3.21547931310348e-05,7.53352968274642e-05,0.858406621509382,5
"20721",6.65182249697781e-06,0.999926407061486,1.34264121333024e-06,6.54417011827142e-05,1.56773621115443e-07,2
"20723",0.0167370414994425,0.130222090567465,0.000144079672326001,0.00111067725853416,0.851786111002232,5
"20725",0.998131190398897,0.00160750790631142,0.00010635387974609,0.000116115636816878,3.88321782282515e-05,1
"20727",0.00514812234112658,3.42527724903726e-06,0.994208093677881,0.000123301294713388,0.000517057409029279,3
"20729",0.975760911077123,5.0254471003936e-05,0.00022049926373301,3.63150612707689e-06,0.0239647036820129,1
"20731",0.999197391569952,0.000459681038233675,1.40905194080652e-05,0.000109540022683842,0.00021929684972252,1
"20733",0.127368642510802,0.868904396795671,1.3739757379454e-05,0.00344016893261867,0.000273052003528933,2
"20735",0.647666298679877,0.339009240869715,7.88961044192332e-06,0.0131954484326055,0.000121122407360764,1
"20737",0.736709006228355,4.43043466498522e-05,0.0437659967623713,3.85226198838845e-07,0.219480307436425,1
"20739",0.00049653168209143,1.62099958505272e-07,0.999454772646762,4.5422242034725e-08,4.84881489463603e-05,3
"20741",0.961143070652703,0.00540688941146495,0.0333931703384821,4.96915506027917e-05,7.17804674763089e-06,1
"20743",0.976208840525907,0.00517233772209117,0.000272619743414212,5.02480131141911e-05,0.0182959539954736,1
"20745",9.38644726905045e-05,0.999683745627034,2.03412065084145e-06,0.000214028772567096,6.3270070575532e-06,2
"20747",0.974776836239584,5.71825358004697e-05,0.000177875984970646,4.23559988197974e-06,0.024983869639763,1
"20749",0.988612633755561,2.5269163353313e-05,0.0004394493282662,4.68491524499355e-06,0.0109179628375745,1
"20751",0.997219727724589,2.38173272809852e-05,0.000452930855247731,0.00215836888877164,0.000145155204111059,1
"20753",0.995855377137746,9.2265637867603e-05,0.000208348914055655,4.32543228153993e-06,0.0038396828780496,1
"20755",0.000736587256359933,7.2475807103625e-07,5.91260325642277e-05,1.03496416656901e-08,0.999203551603363,5
"20757",0.00177382868558564,0.00376749628683199,0.00719926138462275,6.22246962965671e-07,0.987258791395997,5
"20759",0.000133232789730354,0.999609931619322,0.000171751303223983,2.15043917109263e-05,6.35798960126087e-05,2
"20761",0.977045919759301,0.02135208712955,0.00149040874916684,5.86858722832877e-05,5.28984896990292e-05,1
"20763",0.929394485846063,0.0633919224911256,0.0062536213204252,0.000764026055844032,0.000195944286542441,1
"20765",0.994611952274518,0.00200558810059925,0.003334765605994,4.15549774116835e-05,6.13904147734328e-06,1
"20767",0.0378794858825178,0.950534195805673,1.81458922406883e-06,0.000297849228072779,0.0112866544945119,2
"20769",0.0348743896569644,0.279448269461775,7.6114914936279e-08,0.679268699259679,0.0064085655066665,4
"20771",0.700251632353977,0.091848915187776,0.201731137939325,8.24552595449134e-06,0.00616006899296729,1
"20773",0.000170799680086941,2.42579152506106e-05,6.68459450366192e-06,2.89239894635605e-07,0.999797968570264,5
"20775",0.997519279280653,0.00153748976089564,6.94335899597212e-05,0.000171539031017834,0.000702258337473938,1
"20777",0.659148267172332,0.0254563254320096,0.000429899323882343,0.314660314576796,0.00030519349498043,1
"20779",0.998880830103474,0.000810093445984142,1.84936441794127e-05,5.1181163917017e-05,0.000239401642445411,1
"20781",0.00439178833944758,1.05769592306567e-05,0.0162979521769653,0.975010567744793,0.00428911477956299,4
"20783",0.975747992877766,0.0188759912764746,0.00282301654524815,1.27022156172277e-05,0.00254029708489419,1
"20785",0.00015500184583974,2.45406929067959e-06,0.000893991688949437,7.62541410760565e-08,0.998948476141779,5
"20787",0.966892865833289,0.000251098970146098,0.0185382344477244,3.31018057771686e-07,0.0143174697307833,1
"20789",0.613636106746843,0.377391567301827,1.09003932308559e-05,0.000886494491559422,0.00807493106653969,1
"20791",0.94192333543824,9.89726871248342e-06,0.0571240930940478,9.59912348527354e-07,0.000941714286651506,1
"20793",0.705115906644881,0.292524575207551,4.96882148085935e-06,0.000592845080927887,0.00176170424515988,1
"20795",0.817285622865751,0.000178771091507462,0.181876726703864,2.29417453349633e-06,0.000656585164343154,1
"20797",0.00124043216812722,5.96075243488595e-07,0.995857090290836,0.00289246479865769,9.41666713514716e-06,3
"20800",0.99765418000647,9.42860355661586e-05,0.00221260034938326,2.1364693619124e-05,1.7568914961571e-05,1
"20802",0.992281713816103,0.0060717818473205,0.00157747886000617,4.01451403801608e-05,2.88803361903671e-05,1
"20804",0.862522925810683,3.01449471213486e-05,0.00337630074433027,6.24462986478174e-07,0.134070004034879,1
"20806",0.724374555424168,8.1620195379136e-06,0.274299631254821,7.09289329044872e-07,0.00131694201214426,1
"20808",0.0139685607063689,0.985643213306961,1.54620327359097e-07,4.37778990340062e-05,0.000344293467309021,2
"20810",0.551012022203503,0.000825801248458764,0.446439710324589,1.80283972526905e-05,0.00170443782619637,1
"20812",0.987185584049472,0.00329466405891171,0.00505164243548827,0.00446249668623811,5.61276988983023e-06,1
"20814",0.118710074663334,2.72038558632015e-06,0.181293226216411,9.74065390943567e-08,0.69999388132813,5
"20816",0.00336714482575371,0.116381079521543,3.19916822764701e-07,0.00145506719473637,0.878796388541144,5
"20818",0.990457363279299,0.00665399408176958,0.00264867902298445,9.97274624094057e-05,0.000140236153537716,1
"20820",0.000163102957190959,2.662454356805e-07,0.999826038973915,1.37768590763995e-07,1.04540548680369e-05,3
"20822",0.995424381725521,0.00338130061952696,0.00115702274625656,1.33493704807178e-05,2.39455382146429e-05,1
"20824",7.95302377299751e-05,7.35317759353215e-07,0.000175298979813289,3.33887606182043e-08,0.999744402075937,5
"20826",0.0045002304773515,1.65000154654967e-06,0.995496018790061,4.8822401530445e-07,1.61250702512386e-06,3
"20828",6.29841577991494e-05,4.96423967126986e-07,0.999935455977455,2.37506506831709e-07,8.25934271562887e-07,3
"20830",0.984575043422884,4.33325201091423e-05,0.000442936162279893,6.75715586814071e-06,0.0149319307388586,1
"20832",0.627957294888491,0.326000669414181,0.0456248535049648,0.00018968225962294,0.000227499932740536,1
