"","V1","V2","V3","V4","V5","V6","V7","V8","V9","result$classification"
"19812",0.693904375696099,0.000587029206804225,0.045454187396852,7.22310221106836e-05,0.000149214853768171,9.59825898427483e-05,0.259717346259929,7.12748343149854e-07,1.89202262510835e-05,1
"19814",0.986861349310527,4.4742115625963e-05,0.000591390648274905,1.05084857169713e-05,1.64917032597521e-06,1.2537647612734e-06,0.0111706687185447,0.00131842017147205,1.76147508615463e-08,1
"19816",0.00352429360112996,0.242208348755593,0.00650287384730506,8.27763040753371e-06,8.22341659579942e-06,4.39731601354431e-09,0.746869708597078,4.49856854320916e-07,0.000877819897720705,7
"19818",0.431251640499938,0.0012258910803685,0.000242775726732839,5.19306438668129e-05,6.22248520528163e-06,2.09938766556612e-06,0.561838585056246,0.00538007372341234,7.81396564590031e-07,7
"19820",3.96294546969615e-09,0.998186902333582,2.02674100792996e-05,3.58690193869367e-11,0.000179225439923827,1.72810851821628e-10,0.00149530520657587,1.7488143698985e-10,0.000118295263332283,2
"19822",3.41492392034425e-07,0.83935998171012,0.0100489908142452,2.20824845156866e-09,0.141824496245382,6.42732363418981e-06,0.00233441016762341,1.06501490301409e-06,0.00642428502345138,2
"19824",0.000156196825585882,0.498782314538242,4.29801670950536e-06,7.84308050595801e-06,7.50824945373768e-05,2.21660634362597e-07,0.438444763787017,0.00158071099219733,0.0609485686045701,2
"19826",0.759291624571333,0.00179834312073397,0.137377046052097,0.00825316931018979,1.62369373055295e-06,1.51196544108887e-06,0.0883426458450999,2.10339878045954e-05,0.00491300145356985,1
"19828",7.93163368221293e-05,0.741543645251149,0.000102770921025891,1.94781592579052e-08,0.00117102375518739,8.05427955412673e-08,0.257098637611438,9.08659816228486e-07,3.59744360649586e-06,2
"19830",0.878647360399752,1.5131339016845e-06,0.104648014186145,0.00390865400145967,9.11566912280732e-06,0.00390253424557811,0.00879965553612427,7.4630124923679e-05,8.52270299323388e-06,1
"19832",0.146707467416997,0.013610626237939,0.0336350687951144,9.37020177124777e-07,0.675106255827806,0.0245332886520586,0.106306296375101,7.97202549989214e-07,9.92624722560873e-05,5
"19834",0.0093983056094141,0.0775068529387386,0.750610230786162,1.5324336382259e-07,0.00800454701487465,6.74993828537625e-06,0.15440435458618,6.47781216883334e-05,4.02776129367728e-06,3
"19836",0.0237009293374421,0.00105410690225229,0.00112805393682278,0.00505241986422348,3.98048386671241e-06,1.49531711588776e-05,0.956806955182212,1.00524991826414e-07,0.0122385005970296,7
"19838",0.998873364125174,2.58198179359425e-07,0.000526953769017586,2.83904086154658e-05,1.24759544220916e-06,5.38649004356439e-05,0.000357317271365792,0.000158599059404059,4.67236581596531e-09,1
"19840",0.0146285564165051,0.0490695022188684,0.782561575645642,0.000252607685822852,5.44904965536353e-06,4.27767279534659e-08,0.152521021504035,1.83014662535452e-06,0.000959414556117824,3
"19842",0.00826838571731468,9.80158929790896e-09,0.000104150841689444,0.991553503710228,1.60303362376898e-10,1.35675847408638e-06,8.80218845956931e-06,9.56919243766872e-07,6.28339026978359e-05,4
"19844",4.23775214481584e-06,7.53245892529274e-07,5.93174992812099e-08,5.75728435014387e-06,8.53203476297734e-10,8.07530839998402e-09,3.55410361954745e-07,0.999987920414396,9.0764684290707e-07,8
"19846",0.907600943274188,2.49772591386673e-08,4.36211500455189e-06,0.038942033307376,4.91592063555463e-10,2.61396921594973e-06,0.000225600640047752,0.0532239136785643,5.07546751951362e-07,1
"19848",0.981008933983559,4.28685481089336e-08,1.11013348152658e-05,0.00150546951285318,3.09594324093652e-09,2.96839114355968e-06,0.000230754845231456,0.0172406600626203,6.5905285788479e-08,1
"19850",0.847850445929576,2.41682283908646e-06,7.22450477436253e-05,0.00012271693521594,8.03896680952404e-08,1.7268567589162e-06,0.000491718340158994,0.15145823652178,4.13156259467632e-07,1
"19852",0.0224897618933325,0.00921710582461629,0.00111338241013593,8.14987089615036e-07,2.08760320965582e-05,3.55176640504013e-07,0.967096428131751,5.36406984017962e-05,7.63484593595512e-06,7
"19854",0.997948677793742,4.68522964883191e-08,3.69449006073986e-05,0.000445943823423861,1.08136700600659e-08,4.23084734786379e-06,0.000202743587178566,0.0013613928983244,8.48340910109545e-09,1
"19856",0.0134645272018984,4.50210253719114e-05,0.00029141723447731,7.18573387969503e-05,7.7538205390351e-07,1.14308641739213e-06,6.85912318352692e-05,0.985956984659564,9.96828395851045e-05,8
"19858",0.000686836446330297,0.00214555776329803,3.06330817638423e-05,1.09014290856728e-06,1.98887721749918e-05,1.91921869221492e-06,0.00247237135334488,0.994068059705049,0.000573643516437837,8
"19860",0.259555438726991,0.024070810709528,0.150543524976751,1.37347407771547e-05,5.15973087953148e-05,4.95523227882799e-07,0.56572128536028,1.6592205279556e-05,2.65204483704028e-05,7
"19862",0.841964960511352,8.29841718565563e-09,1.1595349768667e-05,0.15640913213941,3.51632368312958e-10,5.48987081352567e-06,0.000117129221762345,0.00149114663798979,5.37618854997306e-07,1
"19864",1.63922893252726e-06,1.84358852936845e-06,8.34540696692728e-07,0.963502403955675,1.9333796950403e-09,2.96773532812422e-06,6.68994444911791e-05,1.89310652292399e-06,0.0364215164664446,4
"19866",0.000177056114260401,0.0802799652242905,0.0283368232089473,0.000458822298740474,4.10142324252804e-06,5.10556420044815e-08,0.330307083565539,2.37119876752044e-07,0.560435859989461,9
"19868",1.70356261985218e-05,5.99190424325178e-07,0.00282901291573445,6.62791661440573e-08,0.0421906805458574,0.954942994561692,2.21525150196459e-07,1.93849861807432e-05,4.36959617077214e-09,6
"19870",0.960970459202185,2.135049062016e-06,3.79388194361007e-05,0.0113004985445959,4.99157290014343e-08,1.22825314793912e-05,0.0263061686717854,0.00136983349172494,6.33774002652583e-07,1
"19873",0.54338722440883,0.000708560976804994,0.000908617390323403,0.00337908978057674,8.66453752060586e-07,1.06822798965189e-06,0.451169165446844,0.000389019535278406,5.63877796003174e-05,1
"19875",0.000744668761492063,0.860147155873562,0.0350691260586286,4.96374827704498e-08,0.00181194011197663,6.03632397544271e-08,0.102179775860177,1.99094734385351e-08,4.72034239679543e-05,2
"19877",0.807698666187114,3.82888206350456e-05,0.00408641899075404,0.000158795323754254,1.21930084781121e-06,1.59142658129817e-05,0.186498017062977,0.001500265980366,2.41406773831185e-06,1
"19879",0.0381723338698571,0.00143782038653204,0.00299906220841674,1.41061801568681e-05,4.14084920162258e-05,1.85171439686043e-05,0.95670903319382,0.000596176783507232,1.15417417250675e-05,7
"19881",0.893079310613404,0.000211238304378422,0.00333412128684136,0.0183807169977774,7.32123119432731e-07,5.21421125140884e-06,0.075210812536918,0.000795179447058774,0.00898267447925116,1
"19883",0.414304740206712,4.92970871376019e-05,0.00121851179253118,0.54825935746507,4.04523767950503e-08,1.17836540569713e-06,0.0322841428363716,2.54543169359396e-05,0.00385727747745864,4
"19899",0.00811221758871713,0.00148086087315875,0.873427053830786,4.26761441472199e-05,6.8567116154136e-05,5.28790796715216e-05,0.116780052923953,1.19371873326038e-06,3.4498724679091e-05,3
"19908",3.76676140726412e-05,0.000652164408756927,0.972144462750047,0.00137278173949617,0.000103047655525542,0.000390905234603574,0.0006981517622862,0.000164316126667867,0.0244365027085439,3
"19910",0.0282609987604742,0.00147264288531493,0.000126338064288883,1.87269652834181e-05,1.92382800042544e-06,4.10641737665195e-07,0.970078766479436,1.92695494621091e-05,2.09228260025862e-05,7
"19912",0.096187211971285,2.64029705056781e-08,0.00108193578244548,0.90259387768532,6.12876778315754e-10,2.83728066763547e-06,2.78848375111287e-05,7.18240319470369e-05,3.44013949767252e-05,4
"19914",0.143066560174245,0.00275243251891198,0.276400310030038,9.51569492892756e-06,0.000509284703228082,0.000145312257568916,0.576549676986828,0.000373161758106388,0.000193745876144912,7
"19916",2.03887235673888e-07,0.00108685169879263,1.09871195674662e-06,1.70215374752168e-05,9.02016213200994e-08,1.48470367763119e-08,0.000839725062154605,1.37920321806905e-06,0.998053614850509,9
"19918",0.915546927009425,3.00604417738922e-06,2.31854381401591e-05,0.00904665390074653,3.82020095734036e-09,3.61915505791933e-07,0.00850856379422859,0.0668613487815664,9.94929600888539e-06,1
"19920",0.13322224708549,2.92833320546139e-07,4.9442137979802e-05,0.000151374718068174,1.71972240021687e-09,1.24885235167825e-07,9.50640550193494e-05,0.866481402448275,5.01168895166808e-08,8
"19922",0.14493071088364,0.000591867045034119,6.60730503542829e-05,7.30972764301665e-06,0.225370429145303,0.544244497202212,0.0847840344748731,4.62314465522001e-06,4.55326285160673e-07,6
"19924",0.802256163763873,0.00021195759194635,0.00544747833262185,0.00046148981005736,6.92392295886255e-07,2.81146836975696e-06,0.165860943537955,0.0257558311909575,2.63191192399583e-06,1
"19926",0.0117815176269701,0.00390343788713408,0.415016719733549,0.000396474015634799,0.0006732040550933,0.000977006809657863,0.554173962751441,6.62232347927773e-08,0.0130776108972852,7
"19928",4.27174340687211e-07,1.89402904050463e-09,7.49875195329583e-08,0.984812479306381,2.2724111908156e-11,2.06885558381903e-06,5.93326033447221e-08,9.78110885230356e-07,0.0151839103159337,4
"19930",0.971151708275974,6.70146992566164e-06,8.78566428765537e-05,0.000217324999036325,4.52556583587168e-07,7.88444112860774e-06,0.0284736745877635,5.41826225730644e-05,2.14404139161715e-07,1
"19932",0.998952231103588,1.30659654716803e-07,5.34662309201353e-05,9.03826964312511e-05,6.87371583864973e-08,8.85400675915031e-06,0.000454527091068711,0.000440333164261534,6.31015782066283e-09,1
"19934",0.0191034674779298,0.613019125080335,0.0465560785311755,1.32943109648473e-07,0.0109207423098046,1.6781078075973e-06,0.310229651355698,9.32848566345135e-05,7.58393375047457e-05,2
"19936",0.872614025728811,0.000299848502004595,0.061415173187498,2.77439319447659e-05,5.24244565691784e-05,9.62652294157129e-05,0.0654187993075666,7.45335494623849e-05,1.1861067274202e-06,1
"19938",4.86954469199396e-05,0.74717320608725,0.152063991926967,1.58377641426882e-07,0.005049692636413,3.07542745156095e-06,0.0805143547672638,4.08988758279206e-05,0.0151059264542655,2
"19940",0.0956474941890412,0.000417252868776074,5.33753614643739e-05,0.00755995020631918,1.96049794030049e-07,9.98363362556322e-07,0.895775987711585,6.30948331641701e-05,0.000481650416493285,7
"19942",5.57077992178487e-06,5.80754997574005e-08,1.22778416841579e-05,0.926557607253517,3.76569056306011e-11,9.61420389706348e-08,9.47676596538747e-07,2.65265846128159e-07,0.073423176927239,4
"19944",0.0132176129932142,0.0076430593727751,0.00187525126277502,2.93704960751435e-05,4.55066218899729e-06,3.22906654882571e-07,0.974722478456468,2.58821554608822e-06,0.00250476563430214,7
"19946",0.310724717705374,0.00191778660585157,0.00279574344543012,3.78565232142187e-05,6.62720198968706e-06,2.74163443842899e-06,0.674794131608233,0.00963534523691714,8.50500385521191e-05,7
"19948",8.19933525187843e-06,1.31424169140563e-08,3.6924178375253e-08,0.997535973838515,3.53155224029544e-12,1.66991825828967e-08,1.36085666328368e-06,3.52499211301881e-07,0.0024540467010496,4
"19950",0.00116153649991427,6.4684984814341e-09,2.5564053649535e-07,1.57778651397756e-06,9.79030281511073e-10,1.65010966276083e-07,6.34524795723207e-07,0.998835822581585,5.08159198035953e-10,8
"19952",8.19933525187843e-06,1.31424169140563e-08,3.6924178375253e-08,0.997535973838515,3.53155224029544e-12,1.66991825828967e-08,1.36085666328368e-06,3.52499211301881e-07,0.0024540467010496,4
"19954",0.994233429123844,7.99246989562262e-07,4.19817476193253e-05,0.000339802723815962,5.58178824151171e-08,4.22845350138977e-06,0.00512689480717324,0.00025276556621748,4.25129567407638e-08,1
"19956",0.221926168969133,9.96369241282944e-08,0.119912483231664,0.0236755006917285,3.37390778984648e-07,0.00203371148415129,1.3776302172523e-05,0.632419097602869,1.88246905797059e-05,8
"19958",0.000135913522598831,5.70874609924372e-07,4.68697839452938e-08,5.46334953259727e-08,0.0104712768874164,0.989335608636014,2.08592541405817e-05,3.56546652571085e-05,1.46566840813587e-08,6
"19962",0.62868400807656,0.0204426989865128,0.013846655553385,6.09956091981357e-05,0.000837904612142995,0.000124021200443505,0.109126627231467,0.219761790071763,0.00711529865852707,1
"19964",0.222913750075449,0.000434618197466534,3.65084598472283e-05,0.0126760674385825,5.34350884427944e-07,1.39509390610127e-05,0.759154331934535,0.00409468988498827,0.000675548719185594,7
"19966",2.03803631345034e-06,0.124724750807545,0.00526302015213902,1.25665737911133e-05,1.61969331697871e-05,3.20207855440039e-08,0.0185150039258223,2.08695192824456e-09,0.851466389463482,9
"19969",0.955064337366197,6.37613280890546e-06,0.00455534143596345,0.0342338484029675,7.65652813854536e-08,2.54522391645682e-06,0.00605964777769552,3.8005775460621e-05,3.98213197098879e-05,1
"19972",0.313267816384688,2.98601466818099e-06,3.12695980011831e-05,0.610480047503179,1.10177922809656e-08,2.57707159531814e-05,0.0441873370670662,0.0319685766548536,3.61850437979712e-05,4
"19974",0.0626700560074445,2.34322490142761e-09,8.73693140535636e-07,0.360615230476277,1.61805096097478e-11,1.09453535091816e-06,1.17956783816086e-05,0.576700014651352,9.32598647529777e-07,8
"19976",0.543903815291439,0.000248427871218204,0.00197640490904757,0.000381173134680565,8.36649263372608e-07,4.31632970543786e-06,0.41769830506753,0.0357785335438605,8.18720325528394e-06,1
"19978",0.0159416202118105,0.0135060092262262,0.000110814652795358,7.58133975383454e-05,4.75069600119528e-07,2.30074917223468e-08,0.970110352229834,4.61148088213155e-05,0.000208777395883115,7
"19980",0.893010505859576,4.41341996543022e-08,1.60742195127206e-05,0.000381051434359785,7.75682312753866e-09,4.63979937956598e-06,0.000120766942321785,0.106466903114052,6.73977517715282e-09,1
"19982",0.160843139517773,6.2754540308295e-06,0.000899528694529353,5.00991425498955e-05,6.23649137361692e-07,1.22523632085374e-05,0.000216135808186171,0.837971922684431,2.26861537337116e-08,8
"19984",0.000140045520517568,3.20531804127974e-07,4.43281835360857e-07,1.60799070380191e-06,1.35771959328479e-09,1.07083048669092e-08,2.12220056478887e-06,0.999855262089527,1.86319022856949e-07,8
"19986",8.10542734421621e-08,0.962724803584428,0.00339601545365133,1.19470367456636e-09,0.00144168504975611,1.87026755718911e-08,0.026972794246902,7.83599122520084e-10,0.00546459993001003,2
"19988",1.53522979308552e-09,0.996609465643791,0.000137723618697386,9.1435021826671e-12,0.00166347548241112,2.04308825720796e-09,0.00148066061510763,1.50782784189682e-10,0.000108670901748091,2
"19992",7.8044224157783e-08,0.992338263815799,0.00468571836963326,1.48239571155128e-11,0.00159026299150223,1.71713263473047e-09,0.0013385684239497,2.3301789638504e-08,4.70833211450089e-05,2
"19994",0.956858274558113,8.68344834163498e-06,0.000442084284030876,0.000132965061915991,1.84151938196213e-06,3.06278806835222e-05,0.0425137063149862,1.16182527536528e-05,1.98679793344366e-07,1
"19996",2.01848558220851e-07,0.990229646017542,0.000143042703530522,4.53976317644464e-11,0.000251347134870111,3.32325125830186e-10,0.009370612355262,1.58989717056661e-08,5.13366354264564e-06,2
"19998",0.0352041730463103,0.000716096654423115,0.179182753139928,0.0318215777073895,2.6126893596715e-06,5.98254688937056e-06,0.00381940554436164,0.001839460040641,0.747407938630697,9
"20000",0.643934696520148,4.63122383304648e-07,0.213650526084453,0.00480930506734527,0.000154969318776161,0.137112864995775,0.000178625141647905,0.000138148013992783,2.04017354789912e-05,1
"20003",0.857272772061734,0.000109919861245001,0.00881788622658969,0.000926776662824732,2.21842209454585e-05,0.000110688877445687,0.132691198026257,6.03841773868839e-07,4.79702211848297e-05,1
"20005",0.958108669604448,1.65270087086656e-08,1.27779913519829e-05,0.0243544023240917,5.24872473438148e-10,3.54912647224617e-06,0.000293455103028797,0.0172270159408247,1.12857901870963e-07,1
"20007",0.030606636437096,0.0201037935600682,0.170234307344073,3.11171924621577e-06,0.000435643505741092,9.18690027122536e-06,0.778401698285709,0.000199003154241843,6.61909355303938e-06,7
"20009",4.09840133273583e-05,0.27989468341899,0.000276518456198293,1.8906082569964e-06,0.000477223277824946,1.12524621997846e-06,0.052265862331225,0.000119100446033218,0.666922612201924,9
"20011",0.526428205037423,5.60953036330487e-05,0.000598050621618165,0.131152658769859,1.79416762421958e-07,2.03156866726666e-05,0.335140102344125,0.00655557868905864,4.8814130847062e-05,1
"20013",0.910758040229828,7.28664352311463e-06,0.0122098371257567,4.16721525972192e-05,4.65732720957753e-07,3.74272505761181e-06,0.00356480827891055,0.0734140636040779,8.35075276917755e-08,1
"20016",7.11951816589087e-07,0.92544606863022,0.00296346536261934,4.95320610887236e-09,0.0174270987059355,1.51888903016026e-06,0.0505853042741162,4.87163413782405e-06,0.0035709555989185,2
"20018",6.76019218160932e-11,0.00325065617465067,1.44036118738126e-06,2.4884447270625e-12,0.996535002277947,0.000174236974832708,1.3164841280993e-06,5.58320568520827e-11,3.73476013314422e-05,5
"20021",0.00148135997508577,0.181612180057381,0.000297158199515306,4.86419259131057e-07,0.000713355182525987,4.75248999524397e-07,0.815622473959477,1.64712449838758e-08,0.000272494486511288,7
"20023",0.0122040409857092,0.0695442832411601,0.0349423603711543,7.1580720998921e-07,0.000663900440185321,5.54569340042497e-06,0.880849203473669,3.20238860115107e-05,0.00175792610149976,7
"20025",5.26347896262004e-07,0.280440409908926,0.000158431563314949,3.58443578202474e-09,0.712996006593248,0.000365874134447145,0.00586272953159795,7.9000036929179e-09,0.00017601043612987,5
"20027",0.2331012950968,4.87142828466533e-07,0.00610822563677495,0.759090280968209,1.05644250134058e-08,1.97635525553716e-05,0.00159464462149426,3.32661328797212e-06,8.19658036250309e-05,4
"20029",0.914683295970473,2.0173048632048e-07,0.000336480968201529,0.0790815498576905,7.03890994563276e-10,2.99008285238321e-07,0.000345532815459108,0.00555029824365799,2.34070185470761e-06,1
"20032",0.96661583123465,7.93951853920088e-07,0.000367918098939414,0.028668705670453,1.14289192685999e-07,4.76903946344691e-05,0.00428675961078543,4.75353643129532e-06,7.43321305995206e-06,1
"20034",4.24592146672563e-05,6.00771401914889e-08,1.59960231138109e-07,0.992485622862499,4.55582731095251e-11,1.97656430182702e-07,2.53613028109121e-05,8.1031483151028e-08,0.00744605784917934,4
"20036",0.0194824396219836,0.000186121903023487,0.970597160274952,4.03683024675072e-05,5.19034794544057e-06,2.11594521007392e-06,0.000122166622982866,0.00940432674795713,0.000160110233477574,3
"20038",2.4690027903219e-05,0.647457970717532,0.234245522273966,6.16242361866728e-09,0.0326495452204773,1.29788728123036e-06,0.0855410641295574,5.17834792391008e-10,7.99030630250226e-05,2
"20040",7.40240679734601e-08,0.275473125303134,8.08461717643498e-06,1.3623581024058e-07,0.00807782555731951,2.43575338859954e-05,0.0232774718685441,8.03077793630787e-07,0.693138121782268,9
"20043",0.000417664297731276,0.957259842147546,0.00610565937359891,5.01948923387548e-09,0.00445965492938795,3.84585256021747e-08,0.0317505349855451,1.0889761041746e-07,6.49189056567117e-06,2
"20045",2.99208043887934e-09,0.972465107781409,1.4037515077197e-05,8.02981806125188e-13,0.0264329979197267,3.26032647555285e-08,0.00106215472836982,1.00087113667033e-08,2.56564505574812e-05,2
"20048",1.27337288197349e-05,3.96378678473562e-09,3.12596688201847e-08,2.51088417091354e-07,4.54672532856884e-10,4.45524212681418e-08,3.84407391466325e-08,0.999986895582557,9.28917076433559e-10,8
"20051",0.685315159767416,0.103614706049944,0.105763715671368,3.83996081738167e-07,0.030825608126064,4.85541925757019e-05,0.0658827002281872,0.00854454269471151,4.62927365166733e-06,1
"20053",0.00095404364155477,0.0700947805782028,0.000645832105518547,1.84996081558593e-06,3.03739441142513e-05,1.49543942416593e-07,0.922230556042093,5.56342569237299e-05,0.00598677992683487,7
"20055",0.00114056796451981,0.0245573679003953,0.903020039567172,1.54705450820603e-06,0.0251772917080322,0.000165637859373517,0.0459207793222828,1.89313417307538e-09,1.67667305819599e-05,3
"20057",1.98449594196004e-07,7.17047856663252e-11,5.5731391707632e-09,6.16688106059174e-08,5.20784365295985e-05,0.999944790962009,1.05877033396815e-09,2.86110556358753e-06,2.67387883792433e-09,6
"20059",0.000492721259058528,0.0368725469003389,0.000319662626175969,3.49384544364074e-06,0.000419557762859466,3.84001663014326e-05,0.940895034369897,3.23633713380043e-06,0.0209553467327913,7
"20061",0.00399966907150961,0.0145780467208406,0.0012904145076405,7.86508716508671e-06,2.70463461628712e-05,1.51212396392835e-06,0.979470979686726,1.16325645593734e-05,0.000612833891432066,7
"20063",1.92827206132205e-06,0.00579360201946658,7.48708361983647e-05,7.22632634943979e-06,2.92161958962823e-05,2.25108453170933e-06,1.0747290555982e-05,0.969695427896119,0.024384730078821,8
"20065",2.40310093897327e-08,0.0140083724985141,6.00394738949353e-05,2.14938080571118e-12,0.985681818284494,4.80599377615732e-05,0.000201070191597801,1.13470756222494e-12,6.15579443965304e-07,5
"20067",3.0079833761569e-05,0.905179441172343,0.000957450756047876,6.87162686553109e-11,0.0615430340087311,9.78210390196875e-07,0.0321383266439726,0.000139083908182502,1.16053978546246e-05,2
"20069",0.670715560222825,1.12857346324515e-07,3.27130723570959e-05,0.000122906722886547,2.13644357273385e-08,5.15094942823509e-06,0.00012115557507953,0.329002374743393,4.49224889077589e-09,1
"20071",0.000526517742557864,0.00014070281914727,0.994231811889909,0.000203006648568963,2.62673087380417e-06,5.45169050080443e-06,0.00386868263615199,8.34459479738085e-06,0.00101285524749287,3
"20073",0.0943066862923679,1.60238707777998e-05,1.51298971242683e-06,0.000588161176228669,2.68384186317431e-08,4.632850863913e-07,0.00360843228442607,0.901455215109877,2.34781531047316e-05,8
"20075",3.18314401852142e-05,1.85877316703067e-07,0.000528202549567195,7.92252636044997e-09,0.0724379699610152,0.927001340318472,3.37597796185714e-07,1.22470973010151e-07,1.86214786045505e-09,6
"20077",0.00119047893732512,0.230772732821399,0.695778010123919,3.11327537329845e-07,4.36098059880525e-05,1.58892991571413e-08,0.0717884555404161,0.000178034653125401,0.000248350900990477,3
"20079",0.0388050712979732,0.0824071069433906,0.00768048717710762,5.79797643240494e-06,0.00102270771344535,1.97081377806202e-06,0.00243390569194514,0.867493065074606,0.000149887311321801,8
"20081",0.000895895241257598,0.30636503888933,0.0424839497090799,2.33724611651578e-09,0.39525891606881,0.000163959844642388,0.25483021133619,1.80290729496395e-06,2.23666149255221e-07,5
"20083",0.00262036492387627,0.000264052290323338,0.118099505626924,0.000204706067909257,2.08489196630966e-05,2.52785604608328e-05,4.14798433121529e-05,0.87543706501077,0.00328669875676114,8
"20085",3.80167997854197e-09,0.984474700533414,0.000261514654136546,2.94469392508246e-12,0.0143787654680737,6.08186815102971e-09,0.000816093236649245,2.88395993971912e-11,6.89161923938759e-05,2
"20088",4.24718306136156e-05,0.938791216235161,0.00301575171826324,4.32481273290033e-10,0.00801243842612322,5.54572309775946e-08,0.050036743856178,3.06404452457632e-08,0.000101291403503055,2
"20091",1.04225241814604e-05,0.000183592174535698,0.000196486969196379,8.9475113070505e-11,0.928862217728219,0.0697682317517128,0.000978028041272309,1.00853462199466e-06,1.21867856028729e-08,5
"20095",0.00158568130739004,0.00381740600342582,0.000281032937178507,0.0168675317836044,7.20891548152709e-06,0.000116413752411307,0.1631365345437,0.812960526386543,0.00122766437026508,8
"20097",8.47319908017422e-09,0.942800232764592,0.00108110969625327,1.49033198282962e-12,0.055350462495168,3.34648448900384e-08,0.000744182067077222,4.26675024141355e-11,2.39709947079275e-05,2
"20099",0.000186237619050186,0.309444955415375,4.20578672714097e-05,0.0156399287817447,6.63933962406743e-07,2.17437837443382e-08,0.42258778780227,0.00210828973291974,0.249990057103622,7
"20102",0.000391499959696282,5.49342196761659e-05,5.26593565207954e-05,3.61913872607313e-08,0.00451845096365381,0.00845236549878477,0.00025846903488713,0.986271393221538,1.91553855760786e-07,8
"20105",0.000911982856399106,0.913746900314385,0.000532360492012338,3.18348406065172e-08,0.00115510679187666,3.44217344601291e-08,0.0834223217346697,0.000227881200859446,3.38035322281072e-06,2
"20107",3.11444473713653e-05,0.62778105117278,0.0620711263099074,3.26186938397271e-08,0.000294838181202525,2.55637722099393e-08,0.309689360549495,1.65102215509017e-07,0.00013225605456291,2
"20109",0.00749039600119798,0.191767852428619,6.15163920573138e-06,0.000181088094245953,7.09300687541185e-06,1.30277349075439e-07,0.567084009698717,0.229507196125826,0.00395608272796394,7
"20111",0.0186647877824841,5.15212836926631e-08,1.98048486258912e-06,8.13352704353127e-06,0.000546637840534717,0.980531865432062,3.9830495800646e-05,0.000206712353502745,5.62425827661618e-10,6
"20113",0.000316760857026096,0.0468578839839149,0.746171778768231,0.00038715232835443,1.48236990841699e-05,4.83912474154016e-07,0.187901675387863,8.31683030393821e-08,0.0183493578947488,3
"20115",0.959311000292683,3.66235756484184e-07,1.14045349962708e-05,0.0227939427949103,2.51402711513563e-06,0.0119082563555282,0.00583779620078142,0.000130395564400122,4.32399382925044e-06,1
"20117",5.06666905439746e-05,0.011381137465801,0.0084497173284377,0.0220758784618636,0.0475891300127792,0.691140522321253,0.038316559403865,9.07372747095109e-07,0.180995480942709,6
"20119",9.08442291778355e-07,0.0530966718058286,0.00285154670138864,2.99264976833558e-05,2.99108939351126e-06,4.72519438381706e-09,0.00589656811054433,3.76217492013126e-10,0.938121382251458,9
"20121",2.86443318210079e-06,0.867577752611767,0.0409593079589118,3.67726781729319e-09,0.00141276335690461,4.62820420724252e-08,0.0877389548908914,4.35190834746559e-09,0.00230830243712473,2
"20123",1.26502503641911e-06,0.000108980498673403,0.000512228213848964,2.36085445337983e-11,0.985063028338934,0.0142883400252172,2.51051090010512e-05,1.06511248486071e-09,1.05170056762385e-06,5
"20125",0.948497926975483,8.68714404073379e-07,0.000625411316497019,2.53187005240761e-05,2.17926029466722e-07,1.22461247889568e-05,0.0011881624247236,0.0496498166863275,3.11312223946673e-08,1
"20127",8.98889184091836e-08,0.998680330356579,1.05699628763323e-05,7.24019029507215e-11,0.000479001788021438,9.74752821048254e-10,0.000816521263803078,1.12721707256877e-07,1.33729709401681e-05,2
"20140",0.000291043377999515,0.000494848109932956,0.994354542920691,2.23550882896861e-06,0.00125829333595184,0.000511860735618749,0.00306962130326914,4.61563984151894e-09,1.75500920681355e-05,3
"20142",0.00407571872679907,1.0049281727465e-08,2.99447789445645e-06,2.80544723536809e-06,2.20212743731259e-09,5.41650966001398e-07,1.41187152210528e-06,0.995916514164249,1.40992448741015e-09,8
"20144",0.921708938996458,3.37607782780787e-07,0.0152877332411715,6.84846580553968e-05,4.94966325477781e-05,0.0591987636427402,0.000643186496967197,0.00304270552758513,3.53196691884321e-07,1
"20146",0.298348037872545,0.000172306237135428,0.376609126974364,2.39675382830869e-05,9.62673310507566e-05,0.000216625901942331,0.00171226605993387,0.322816945090803,4.45699394325139e-06,3
"20148",0.952461351306194,0.000224988352697666,0.0325219387629086,1.7954715429051e-05,1.17342810297295e-05,3.27239049806159e-06,0.0146910088420803,6.63244021656023e-05,1.42694699667811e-06,1
"20150",0.661813845153821,7.75401725623533e-09,4.41155809429435e-06,0.0436206160766662,2.53192358257259e-10,3.07278298060356e-06,4.57814076897245e-05,0.294512154122778,1.10890760217544e-07,1
"20152",0.882514496675004,0.00121883277327925,0.0332180358990022,4.34581399275666e-05,2.51397057661806e-05,6.05756634712187e-06,0.0828540911845438,5.26116360482745e-05,6.72764200811364e-05,1
"20154",1.6137062355466e-07,0.00527500104295322,3.2671524981675e-05,2.69083313487751e-13,0.994632084440133,4.78948948363741e-05,1.17858936604081e-05,3.52941808383607e-07,4.78907341852104e-08,5
"20156",0.0096569797677841,0.0229608314876843,0.402143849600853,9.01088603521616e-06,0.000858325083662529,0.00024339154134889,0.534294145239827,0.0296756499149097,0.00015781647789543,7
"20159",0.551297294885056,1.13313258751585e-07,9.24713826130181e-05,5.11817946558583e-05,4.06272957007397e-08,9.42802539876329e-06,9.94767387561213e-05,0.448449986705986,6.52697962520092e-09,1
"20161",0.00292496819291484,1.16291476621606e-05,0.00070721221100364,1.17419940604036e-05,5.66968020844066e-07,4.31566910256026e-06,4.78761617379709e-05,0.996211327779242,8.03618762549543e-05,8
"20163",0.853084392243352,0.0031806686997105,0.0013589569163819,0.00124535318871521,0.000360205217498903,0.000221406530895431,0.140467476548255,1.16486386716868e-06,8.03757913235804e-05,1
"20165",0.000163702951030242,0.00196250760263411,1.81447022047598e-06,1.47858457012107e-07,3.11877848220609e-06,4.34134156656844e-08,0.000414162155970129,0.997453921420944,5.81348846408138e-07,8
"20167",0.977652987887662,9.03496027557817e-05,0.000333734272071115,3.18310709293241e-05,5.11448033803655e-07,2.63330845966405e-07,0.0184566028660317,0.00343360870694567,1.10814724175978e-07,1
"20169",8.11207595708776e-05,3.51322780643819e-09,1.45781863515364e-07,4.28290462253325e-07,5.11456643173134e-10,8.07163856440898e-08,9.29444933228426e-08,0.999918126724969,7.57570500054643e-10,8
"20171",8.9507961090574e-09,0.00285843211816793,3.88758928493518e-05,1.46640212069158e-13,0.996970515122332,0.000128983398743211,2.25533935272358e-06,8.978239299536e-07,3.13536818396379e-08,5
"20173",1.01676091207397e-05,0.000792593912529658,4.29593376112509e-07,0.00173918821806065,4.22467188064862e-08,5.359916136371e-08,0.000182360606089373,0.0115721878665619,0.985702976348381,9
"20175",0.909281247772753,1.39759172682594e-05,0.00216085775923029,0.00124623556513954,3.38135862528667e-07,2.60126061651958e-05,0.0819517440785392,0.00531909316330056,4.95001741780087e-07,1
"20177",0.00014108189852149,0.0505363379385944,0.000148775625780333,0.0161965413553704,3.46208038996896e-07,1.04500698206883e-07,0.105112210956931,2.52285862597536e-05,0.827839372929805,9
"20180",1.48592068582688e-06,0.892473245870621,0.0031872233500123,3.70724759250532e-08,0.0121664275602954,9.88121800357226e-07,0.0841052180291972,9.72582006382807e-12,0.00806537406518637,2
"20182",8.43489908980428e-05,1.75125489460949e-10,1.65493547196137e-08,0.00608046091943538,1.08006984627849e-08,0.00656348940853064,2.18682249638308e-08,0.987271425431913,2.25855818805644e-07,8
"20184",0.0291279896077216,1.35789125922437e-06,0.00011022880370725,8.71975548574218e-06,2.38513948218961e-08,3.52927042286808e-07,0.000185160799359835,0.970566097285365,6.90786646473414e-08,8
"20187",0.000278010017440877,0.000175849724975696,0.00233713896539728,0.131951539010072,4.96315814044617e-09,1.9980453712307e-07,0.00309686622896935,0.000752849843517565,0.861407541441932,9
"20189",0.00471897207882629,0.0526464498945244,0.000112078942527592,0.000867786381405766,1.25421660132662e-06,2.49239952037849e-08,0.896758297079658,8.87530111924079e-07,0.044894248952349,7
"20192",0.000192770109776587,0.075787908407485,2.26286836529999e-05,0.000155108351426238,0.0318816001206755,0.00545829579280005,0.0542982719426334,2.5426577852675e-07,0.832203162325772,9
"20194",0.0408152544922102,2.29887577118101e-06,0.113091085650325,0.18473053764487,9.24184620150846e-09,2.1077121681552e-06,1.94886799292183e-05,0.66050099951265,0.000838218190229882,8
"20196",1.90221355573904e-06,0.339473887190475,0.000578442209305915,2.777612703277e-10,0.655597484397472,1.02962164288026e-05,0.00433310668920861,1.31801216892961e-08,4.86762567081885e-06,5
"20198",0.309373800433139,0.0189237325813308,0.154872349096441,7.05948908824833e-05,0.000890881894535235,0.000457084582905942,0.513757310561173,0.000315246376903394,0.00133899958268881,7
"20204",0.700045938379043,1.22294109645468e-07,8.93716249825889e-06,9.71903781486894e-05,7.29461936661727e-08,2.34464510538466e-05,0.000201448186687071,0.299622827822271,1.63799948701383e-08,1
"20207",1.21700686335903e-05,0.674200971638794,0.00959397512219739,2.7900515804432e-11,0.309893804466888,5.25747829703583e-06,0.00628087107202873,1.0514956213469e-05,2.43516904673199e-06,2
"20209",0.100470189264597,7.22185517313063e-07,0.00556105333338578,0.0267551174722407,0.000164477755346942,0.865111379488328,0.00191202751578307,1.78982261321728e-07,2.48540025397091e-05,6
"20211",2.68802029048505e-06,8.0292990046057e-05,0.000902429980138725,1.27041703493294e-12,0.996010613254549,0.00298595099608189,1.80156558864422e-05,8.41196001168035e-09,6.89776670469694e-10,5
"20215",0.000566691366881811,0.130604262394749,0.864443134520635,8.11672259960556e-08,0.000310918588337304,2.70167293880975e-08,0.00402114975123714,3.10853384143506e-06,5.0626660362518e-05,3
"20218",0.0202679755369793,1.97310751079896e-08,1.68715127115964e-06,7.69601754709004e-06,3.76978016286736e-09,7.19075608095149e-07,5.9564118271862e-06,0.979715941373199,9.32712839768439e-10,8
"20222",0.00116068069318572,0.764572398652226,0.0203177573815981,2.01449495994467e-09,0.206444094581005,6.58029815389847e-06,0.00747890572644138,1.92047875853956e-05,3.75865310198516e-07,2
"20225",0.954678647754039,2.14240957668764e-06,0.0330425560166309,0.00061430622067039,4.43439127249835e-06,0.000745120656343334,0.000139450084725067,0.0107728199701241,5.22496618534524e-07,1
"20229",0.000865331773164266,6.71988557678448e-06,0.99901791267291,1.42431298054236e-06,3.421150851049e-05,4.09288869647267e-05,2.68698410689549e-05,2.02300175034072e-06,4.57811707417683e-06,3
"20232",0.00326372108935405,0.022404899902354,0.46891115126765,1.97158527310427e-06,0.00213632194058847,6.95081592716731e-05,0.503205096954072,1.69931921475727e-06,5.62978222132961e-06,7
"20234",1.83990740269764e-09,0.758747108697554,3.56139828167221e-06,6.45680630402552e-10,0.238982760759587,1.38004658048737e-05,0.00107027393662795,3.64868593169197e-11,0.00118249222006928,2
"20238",2.83696283419277e-05,0.647766381986535,0.00672165101669576,1.56524210714355e-08,0.00294381971122145,7.95471340683384e-07,0.342413977909515,4.67044036306355e-06,0.000120318183565955,2
"20253",3.6004333688715e-06,0.55459975375557,0.442810031576396,3.92914088588826e-09,0.000657945597456068,6.6234199446884e-09,0.00138094929240829,1.85447675535046e-07,0.000547523344564451,2
"20255",0.994265475825905,1.72547552739861e-06,0.00218479649409222,1.03273030921136e-05,1.29668543819958e-05,0.000211264420939606,0.00325119775171284,6.22418467962861e-05,4.02755207805178e-09,1
"20258",6.7824726541941e-06,0.90403329164435,1.91597552217092e-05,1.55312096686744e-08,0.000187460523938041,6.41772920618664e-09,0.0955922358385499,5.57031155808497e-09,0.000161042246035238,2
"20269",0.0075427656265542,0.230343168606705,8.7832528165254e-06,5.63456352616396e-06,5.535250520491e-05,2.5645537438911e-07,0.740560546337308,0.021401078416738,8.24142357722666e-05,7
"20271",1.59141124757516e-05,0.60645052245383,5.22736374533379e-05,0.000318716192856299,9.44267430957845e-06,4.00309360029125e-08,0.178470807311361,2.33925660992292e-08,0.214682260194212,2
"20285",0.0200420114429091,0.000281734600040121,0.0122836190945195,0.641206468967486,2.42788720196146e-07,8.5948883381639e-06,0.00280248229330522,0.000730787913524477,0.322644058011157,4
"20288",0.000875058683302126,0.102383015062336,0.818649357677054,2.95035501276599e-07,0.000523397048142436,5.40134145815809e-07,0.0775503521346331,1.31523942149844e-05,4.83183067037641e-06,3
"20291",7.64942952126875e-06,0.186183147663187,0.0021097565096486,3.48129935158207e-09,0.506467092877657,0.00099117035670963,0.304187365240084,7.25424293914872e-07,5.30890175994121e-05,5
"20295",0.0100781911594405,0.0583775910131988,2.86952576857279e-06,0.0108541005868673,1.70906714090289e-05,6.97721973497588e-06,0.562630715160399,0.00364795672922742,0.354384507933955,7
"20298",0.998555723256675,6.27171952871194e-08,0.000167256650642343,0.000261956115257065,1.47774099093705e-08,4.54021782752271e-06,0.000228657763199702,0.000781766660217729,2.18415744873275e-08,1
"20302",0.396026988684403,1.42416761093762e-05,2.55403474199768e-05,0.00315323523905076,1.02210621257024e-07,6.84734482307204e-06,0.00579111751716295,0.594897381343118,8.45456372909935e-05,8
"20305",0.989185807721039,4.72724780491981e-08,3.97367174259654e-05,0.0103733896729497,4.46435887824340e-09,6.07715055485242e-06,0.000298373612318074,9.63240586180147e-05,2.39330257167381e-07,1
"20307",5.54288361170996e-07,0.957206601869952,0.000467013679161833,4.22889806637888e-11,0.00238673095695958,1.05894746362419e-08,0.0399028992646357,4.73600951041886e-09,3.61845731562348e-05,2
"20310",1.21068807772113e-09,0.996522817825557,1.08185843169468e-05,1.35370889482597e-10,0.00288264249244584,9.53277783790263e-09,0.000508463889450241,7.81700212140929e-10,7.5245547692518e-05,2
"20313",0.000389743342260353,5.774464444512e-10,3.45970277224596e-08,4.40133618295779e-05,1.98359264419428e-11,4.81201491121091e-08,1.15373678350479e-07,0.999566042132397,2.47537574618144e-09,8
"20315",3.53429347638759e-05,0.769441877053577,0.00759100331131568,6.87077052404529e-07,0.000168381575245541,3.65435277616645e-08,0.222634768378198,8.75686668208227e-08,0.000127815557652869,2
"20319",2.80420102188977e-06,0.0832347914946836,0.00325387616688958,9.61171082190764e-11,0.913205939385877,2.94631281184911e-05,0.000190059939022771,4.15327176172606e-09,8.30614349978561e-05,5
"20321",1.67428491208738e-06,0.994726080669877,0.00143026388246668,3.28655969069232e-09,8.59517668034419e-05,6.66236873847948e-10,0.00355677181231141,1.01131462333687e-06,0.000198242316209487,2
"20327",1.28597866893435e-06,0.825067297940321,7.93756183698812e-06,2.87983747783256e-07,1.44866238942295e-05,1.89225388310996e-09,0.172065312720595,2.39760679924972e-08,0.00284336532261357,2
"20329",3.02873320010813e-05,5.16446947254046e-09,1.50576371927843e-06,0.996366754199036,8.09160655810276e-13,1.46689882646481e-08,1.29127569833774e-06,2.40799684491482e-05,0.00357606162682949,4
"20335",2.18086869142586e-07,0.486461387047813,8.92760376737272e-05,1.15185666907478e-12,0.508397652720956,1.941454311296e-06,0.00504907615663209,1.12847067804098e-07,3.35647524968445e-07,5
"20337",0.895113588577387,1.45755977567407e-07,3.50925785807445e-05,6.26981871610701e-05,5.15044690693287e-08,7.69445473241673e-06,0.000208587130585052,0.104572138159169,3.65193792820222e-09,1
"20339",0.00214348318655846,0.000492549557115157,0.526508642110459,1.4262960047837e-05,0.192913028601334,0.268787392444819,0.000376782640667628,6.61803230230075e-07,0.00876319669576886,3
"20341",2.45242161296784e-06,0.007386119302983,0.00145746905998673,6.22063011565588e-11,0.983900245338244,0.00610780624029687,0.00080227930411127,0.000342537221684675,1.09104887475333e-06,5
"20343",3.02287140536159e-07,0.979822124850802,9.99815806669916e-05,5.84394596224212e-11,0.0186760032263907,1.50014930854561e-07,0.000868266711582857,1.6123316369268e-05,0.000517047953677287,2
"20345",0.839449674653694,5.27608879309102e-05,0.0113988116332745,0.0359987596935015,1.55956310745951e-06,7.52364898670191e-05,0.111618932337127,1.48087857288486e-06,0.00140278386292507,1
"20350",0.000732810402562686,0.00270624303392964,0.993798164886267,2.0716540967859e-05,0.000718824403622823,0.000652926581936091,0.000635370825425426,0.000578794837340844,0.000156148487947211,3
"20352",0.000221140785399126,2.94612232585212e-08,5.64426612974088e-08,3.80276681662745e-07,1.55490102096775e-09,3.68515042821425e-08,4.43525341977788e-07,0.999777909590894,1.5113932000908e-09,8
"20355",0.0113389202001414,8.47298042410406e-05,0.000194951044910679,1.2819347358378e-05,5.17182802995882e-06,2.37349649169356e-05,0.00110870983028067,0.987030768979751,0.000200194000369896,8
"20358",0.00648035437376283,5.09633960052578e-08,4.48310730309552e-06,0.991023444062294,3.26377579336347e-11,5.02783369782702e-08,2.63660634126285e-06,0.00190358594684034,0.000585394629087696,4
"20363",1.67545324992173e-05,0.983892966752857,0.0025860075353789,2.19940949880018e-09,0.000173290211692635,8.8772874476375e-10,0.0132545480384978,1.06235754039563e-06,7.5367484395236e-05,2
