"","V1","V2","V3","V4","V5","V6","result$classification"
"19811",0.948146132150086,0.0485973898117455,0.00191315151065934,2.66638788974205e-05,0.00131651399246879,1.48656142939424e-07,1
"19813",3.97236125145407e-05,0.999957342526518,1.99779001943428e-06,8.01681547655523e-07,1.32513240872573e-07,1.87615897305277e-09,2
"19815",0.981952201477531,2.60375800228211e-06,0.0166836501039847,0.00101900593292203,1.85949316257372e-05,0.000323943795934044,1
"19817",0.996120680830349,9.33288381401327e-06,0.00298771016920823,9.14083438323577e-05,0.000784127926945335,6.73984585075424e-06,1
"19819",4.18215278119544e-05,6.52364847382867e-10,3.47471534745981e-05,0.824409031900293,4.34387675854519e-07,0.17551396437838,4
"19821",0.952191484687521,0.0161846739581903,0.000688223008762073,0.00099311644187689,0.0299422558884483,2.46015201629162e-07,1
"19823",0.954350173800955,5.59424776772126e-06,0.000692431562755742,0.000339758210187502,0.000280276491137772,0.044331765687196,1
"19825",0.00230453223389702,0.0053524977469864,0.00685980835788236,0.110881783959802,0.874272690627338,0.000328687074094161,5
"19827",0.581098529070508,9.22351833878373e-07,6.12720691643025e-05,0.00029508880661201,0.418479574656918,6.46130449634531e-05,1
"19829",0.00206786469973129,4.61253285294024e-06,0.000391748207179418,0.989451181021621,0.00801561557273963,6.89779658757724e-05,4
"19831",0.000278957868131015,1.15805212841939e-06,8.51672126818384e-05,0.856460701234302,5.51772380350185e-07,0.143173463860377,4
"19833",1.46595380609279e-06,4.86259603399997e-06,0.00292547508235992,1.79365118123679e-05,2.28929344788016e-05,0.997027366921509,6
"19835",0.952191484687521,0.0161846739581903,0.000688223008762073,0.00099311644187689,0.0299422558884483,2.46015201629162e-07,1
"19837",0.966677392505661,4.75014876748017e-06,8.32997973009083e-05,0.000663156315600635,0.0325658283923847,5.57284028531115e-06,1
"19839",0.00442405786560353,0.00185491954756812,0.00165277366549525,0.964714197736882,0.0273319977255599,2.20534588913253e-05,4
"19841",1.59347655604484e-05,7.03591959878913e-05,1.43852177191723e-07,1.46831826548032e-05,0.999898855880068,2.31235515701709e-08,5
"19843",3.40665516537719e-05,0.0200990496971232,0.00599623483070618,0.973801544820303,5.34333384287339e-08,6.90506668752133e-05,4
"19845",0.0638934571518081,0.935842293308176,0.00023571852094457,2.36998014212341e-06,2.60893515023416e-05,7.16874267421533e-08,2
"19847",0.971704190388524,0.00727482441073109,0.0168528655313936,0.00409452299505692,2.19885163929268e-05,5.1608157901927e-05,1
"19849",7.36358936478116e-05,0.999925561229803,4.13797274947687e-07,8.37826668263441e-08,3.04656903371265e-07,6.39703772998798e-10,2
"19851",0.998877382518524,2.71074973362911e-05,0.00100210214642059,2.94963358336377e-05,5.51761518762878e-05,8.73535000922175e-06,1
"19853",0.976015522106903,0.0229646150562631,0.000222984384825821,7.04812073803493e-07,0.000740266288436423,5.59073514976996e-05,1
"19855",0.993818835545557,0.0011800446654331,0.000256143642061039,3.48839700828911e-06,0.0047392999299163,2.18782002407722e-06,1
"19857",0.947503520765906,0.0149389327451719,0.00875803432300416,0.00725043673438703,0.021548067003604,1.00842792752901e-06,1
"19859",0.984043759516493,1.82807674740364e-05,0.00231364134130844,0.000775722777505053,0.0127916538059173,5.69417913024386e-05,1
"19861",0.857795160242564,0.141406002613675,0.000706619863669549,2.45823077002809e-05,6.69986642997331e-05,6.36308091731154e-07,1
"19863",2.65960292746762e-05,0.991796182406937,9.40380427628445e-07,8.75009253191414e-08,0.0081761929021861,7.80249369084452e-10,2
"19865",0.00204541036884435,1.94398536700758e-06,6.92933676042304e-06,2.45536452078205e-06,0.997943241804273,1.91402340798293e-08,5
"19867",0.982458754821855,0.00728247079562382,0.00965286635553225,0.000585858712905432,4.90608238491814e-06,1.51432316979615e-05,1
"19869",0.00687742194869151,0.993039045707178,2.62363258211609e-06,1.59194080659479e-07,8.07478502770909e-05,1.66719041620831e-09,2
"19871",0.95539193529764,2.87889375494833e-06,0.000821282370344884,0.00213487615092976,0.0415913083130491,5.77189742809622e-05,1
"19874",0.182688696279404,8.52779472220811e-06,0.000519774727339645,1.14947990091635e-05,0.816767351374618,4.15502490733217e-06,5
"19876",0.682943289061757,0.000490745187801892,3.34212829761325e-05,2.40894483798568e-06,0.316530005739429,1.29783197741739e-07,1
"19878",0.000718628866002037,7.55412045246878e-06,0.995599654276995,0.0036198753414221,4.41293071562575e-06,4.98744644127352e-05,3
"19880",0.00127328144403018,1.83178125412927e-05,2.05878018359594e-07,8.59073370375132e-08,0.998708104583624,4.37444869103456e-09,5
"19882",0.693051747254773,0.291937602348352,0.0130279402838275,1.96457355585638e-05,0.00196143384892371,1.63052856601304e-06,1
"19885",0.989731037926417,1.06468233834411e-05,0.0054875648026288,0.00411413605919501,0.000652411960771585,4.20242760459082e-06,1
"19907",0.911210857864936,0.0740414175936393,0.0145102971463637,0.000201794431903982,3.23107319727581e-05,3.32223118385753e-06,1
"19909",0.0110622361770839,0.000163457350912482,5.27031048806907e-05,0.988686156126161,7.35013583810004e-06,2.80971051238914e-05,4
"19911",0.0261512460366208,2.58334747609989e-05,0.000531128677874088,0.950779016952246,0.0217601589540127,0.000752615904485771,4
"19913",1.89566953552843e-05,7.21563349214391e-07,7.18414873624996e-08,3.54113418162059e-07,0.999979863588758,3.21976321155322e-08,5
"19915",0.559614174828274,4.14967950530995e-06,0.000194914611174008,1.32118486436996e-05,0.440170139486716,3.40954568757938e-06,1
"19917",0.0123656077162461,4.06076167993481e-06,4.47544026437652e-05,3.51948625884229e-05,0.987549745777987,6.36478854775625e-07,5
"19919",0.843216009719262,2.56390726536795e-06,0.00415696344761473,0.000225585796610036,0.152378298860023,2.05782692245857e-05,1
"19921",0.994847043679293,0.000271327591459864,0.00471502432364958,0.000147180422295146,1.48162305238817e-05,4.60775277848807e-06,1
"19923",0.0241093300319472,3.19796289790275e-05,0.972787617453773,0.00215160362243117,3.39730902406517e-07,0.000919129531967167,3
"19925",0.0534449455926591,1.45638397887857e-06,0.000128984358942147,9.30603796061039e-06,0.946414379246565,9.28379894052309e-07,5
"19927",0.999428087747238,3.16097078879798e-05,0.000274306459262152,3.17005074408966e-05,0.000230466888150861,3.82869001967399e-06,1
"19929",0.000164052280593207,0.456438805525162,2.87325842411317e-07,2.61627024342185e-07,0.543396591792366,1.44901198112951e-09,5
"19931",0.997793324664934,1.35119028988723e-06,0.000763184955237417,0.000456581317817264,0.000948385117043757,3.71727546780114e-05,1
"19933",0.351010957425778,8.57105763936221e-07,0.00039324134067029,0.646659009946633,0.00116037229422674,0.000775561886927996,4
"19935",0.915479672361472,0.000799884304766601,0.014275890678109,0.0676556242064187,0.0017843404638137,4.58798541991115e-06,1
"19937",0.997030412604257,3.64288140271397e-06,0.00266265863416525,0.000169031710172085,2.21964416539182e-05,0.000112057728348921,1
"19939",0.778274355432635,9.05088307558891e-06,0.219419525595459,0.000416141052366002,0.00184327991906574,3.76471173985509e-05,1
"19941",0.00759531829814263,0.000292929787316547,2.18520225408981e-05,0.943985072044802,0.0480576383292762,4.7189517921739e-05,4
"19943",0.000756675452948323,2.00050345203814e-07,1.85715849480591e-06,7.64409299545525e-07,0.999240290354502,2.1257441023304e-07,5
"19945",0.0971450814626104,3.87572532480629e-07,0.00603658892680209,0.894873481822099,5.09478968736675e-05,0.00189351231908253,4
"19947",0.0189977015782871,0.0262923605224248,0.000671083555944319,0.11004000232786,0.843884918586723,0.000113933428760421,5
"19949",0.0672765332522095,1.27255861956065e-06,0.900232138417257,0.0297798162176969,2.37208734346719e-06,0.00270786746687342,3
"19951",0.223873765992485,1.52091682487485e-05,0.0416073161232503,0.0009081016528708,0.733581804370116,1.38026930287842e-05,5
"19953",0.000985621571892708,6.06458609246703e-08,0.00138242388284688,0.118983326796451,5.23823427713248e-08,0.878648514720606,6
"19955",0.00240658634148332,1.93604167894821e-05,0.250901521120079,0.713837201833276,2.79796631976949e-06,0.0328325323220529,4
"19957",0.112244877509021,3.27297786966586e-05,0.000277488727512212,0.000799592060002739,0.885651382758459,0.000993929166308448,5
"19960",0.00153657459165682,4.43552394514087e-05,0.00611747695220823,0.991945509819242,0.000298964028663171,5.71193687784626e-05,4
"19963",0.000463173345812021,8.50274237093282e-05,6.58392090219501e-06,0.00031065709733774,0.934980271521797,0.064154286690442,5
"19965",0.000143243689784689,6.06210720468425e-05,0.121048486659477,0.878521519089005,2.71709352980973e-08,0.000226102318750504,4
"19968",0.0135702134016914,0.200701372115304,5.93512526239679e-05,0.00137676048929737,0.784292296517835,6.22324841351583e-09,5
"19971",1.87051797297729e-05,7.8187062653249e-07,5.11863051452576e-05,0.000748413694124819,0.997055011779046,0.00212590117132726,5
"19973",0.994307072164778,4.73487538898858e-05,0.000578818085016335,8.38322325896024e-05,0.00498256793858245,3.6082514339447e-07,1
"19975",0.0243018193037594,3.59459096130478e-05,5.1963035776956e-05,2.65730382569077e-05,0.975583673811449,2.49011443957903e-08,5
"19977",0.000622204508443348,0.000168318915907299,0.00111130694020136,5.47118302409086e-05,0.998004863023757,3.85947814498021e-05,5
"19979",1.5368335098651e-06,4.98973567244293e-10,8.69587515284726e-06,0.999767179145485,6.85981878782027e-07,0.000221901664999658,4
"19981",0.987381312437207,0.000814934486150624,0.000826824482450325,0.0104908034551004,0.000475745928320661,1.03792107710685e-05,1
"19983",0.728189804551864,0.000635344792802711,0.253717450758441,0.0173532255121382,4.22759154478492e-05,6.18984693060423e-05,1
"19985",0.166308556524602,5.24822125673101e-05,0.000133055103948919,2.56241542189225e-06,0.833503168667219,1.75076241149019e-07,5
"19987",0.922897287906793,6.28642184240698e-06,0.000274839782086529,0.0349060001143603,0.0418552203930215,6.03653818957328e-05,1
"19989",2.22525412423066e-05,1.27646751307002e-09,0.000118689004268093,0.99659435139278,4.0831120936902e-09,0.00326470170212998,4
"19993",0.266456784930686,1.21824142994976e-06,0.556577196698462,0.156620457662383,0.0199995803243559,0.000344762142682387,3
"19995",0.207866360590396,9.3642983182068e-06,0.0344320294966566,0.750613956426757,0.00685969549990857,0.00021859368796352,4
"19997",0.990529804651713,5.30908895691325e-05,0.000376225979665283,2.58889529845581e-05,0.00901333996811689,1.6495579510887e-06,1
"19999",0.948476310716422,0.0012856100192772,7.12499552061289e-05,4.11006403838095e-06,0.0501626197879337,9.94571226026215e-08,1
"20002",0.000444315502800582,0.5657051340907,9.30590825715381e-07,0.000225506777708475,0.433622740889733,1.37214823209306e-06,2
"20004",0.122103572996538,0.000357853988418538,4.22808847809728e-05,0.871906903132954,0.00554723392528456,4.21550720238987e-05,4
"20006",0.00755985080544764,0.00209775032023225,0.461720210139757,0.526292136023472,0.000745921818484319,0.00158413089260738,4
"20008",0.00437247268204578,7.95939628583714e-05,0.818343478442344,0.174356524353057,0.000108273620946198,0.00273965693874886,3
"20010",0.0173715588720101,2.42074559527001e-08,0.320586972297337,0.636544562638663,4.45947379993687e-06,0.0254924225107348,4
"20012",0.140195170245618,0.010549816512702,0.00290996679942445,3.51778696547655e-05,0.846309739025991,1.29546609859757e-07,5
"20015",1.13420239521676e-05,7.28270223637704e-07,0.002410029766245,0.9975751980252,3.7187103009795e-08,2.66472727561719e-06,4
"20017",0.975741723382334,0.00294019245878935,0.000100705305573497,1.52391149371842e-05,0.0212019838521356,1.55886230394741e-07,1
"20019",2.36386862756765e-07,2.02996022401446e-10,0.000522288318674603,0.997423947813006,5.77926720294659e-09,0.00205352149919365,4
"20022",0.00399204230486406,2.53973901036868e-08,0.00602994054643251,0.988727650686141,1.62493194782114e-06,0.00124871613322476,4
"20024",8.47938119914689e-06,1.34582661233255e-07,0.000460676446101409,0.437453759930404,5.04391495831043e-08,0.562076899220485,6
"20026",8.47938119914689e-06,1.34582661233255e-07,0.000460676446101409,0.437453759930404,5.04391495831043e-08,0.562076899220485,6
"20028",0.872961519305777,0.000180933644891318,2.43488545655361e-05,5.65561324442608e-06,0.12682696023529,5.82346232207608e-07,1
"20030",7.81855266028897e-05,4.3377363596348e-06,6.92745503838275e-06,0.999834122018196,7.16682506743447e-05,4.75901312835505e-06,4
"20033",0.792150365873354,3.87286905421802e-05,0.000211471460235458,0.000840174571034763,0.206756136070466,3.12333436714825e-06,1
"20035",7.49245417231977e-07,5.2776715277309e-10,0.00093386606629513,0.995947527974804,6.99698626343794e-09,0.00311784918873034,4
"20037",9.64741399462572e-07,1.63909198660205e-08,0.00168193784489785,0.99801305576394,2.22827693077677e-10,0.000304025036014854,4
"20039",9.43582706754744e-08,1.25031243912755e-10,6.02763430925175e-05,0.00015985912890727,5.87103360968454e-11,0.999779769985988,6
"20041",0.0154832573461699,6.43696137543836e-06,0.975606495604151,0.00754895229699791,5.30210152538273e-05,0.00130183677605237,3
"20044",0.0695667434601671,3.07554885630514e-05,0.867169638184877,0.0513903046599494,0.00254346755416254,0.00929909065228103,3
"20047",9.10019552481482e-08,1.32416121066095e-10,2.27463507282457e-05,0.994148838465747,6.33424221726246e-08,0.00582826070673128,4
"20050",0.00589165141765418,1.70543976883285e-09,0.459639647974831,0.0690844579967623,3.10628889231314e-05,0.46535317801639,6
"20052",0.940468983249755,5.99300989654991e-07,0.0142181410020306,0.011909292092123,0.0325919592514784,0.000811025103623114,1
"20054",0.000266910733941392,1.48292492459765e-05,0.000211088636453763,0.999501783199001,4.23601024889737e-06,1.15217110838979e-06,4
"20056",0.00170012707229245,6.11200670478269e-07,2.67317725882404e-06,0.000116491435701921,0.998178236388979,1.86072509731196e-06,5
"20058",1.69841790257309e-05,1.52835734546712e-08,0.000278488392953619,0.998781104604144,9.97935975705123e-10,0.000923406542366586,4
"20060",0.997808606267749,1.78282663513102e-05,0.00129646076158091,0.000527200697216421,0.000338505059274911,1.13989478273055e-05,1
"20062",0.828895891539758,2.98169693772949e-05,0.165756355460121,0.00512862956662097,0.000171068846919037,1.82376172047862e-05,1
"20064",0.024523349071096,1.83275683534664e-07,0.000367981467516071,0.974818422437278,0.000217333300125534,7.27304483009271e-05,4
"20066",5.37994217321514e-06,5.96852250207734e-07,4.16948376365422e-06,0.999969841444497,6.89433692331946e-06,1.31179403931393e-05,4
"20068",0.988593693140344,0.00132836642799171,0.00994237218008824,4.8122383514945e-05,8.59569374841389e-05,1.48893057667946e-06,1
"20070",0.985714561236963,7.22023951688475e-05,0.0138640428222762,7.96576458506128e-05,4.59991657525618e-05,0.000223536733988306,1
"20072",0.000353145684986919,0.00402948016920501,0.0134508680279041,0.982141350643816,2.8334107270127e-08,2.51271399808357e-05,4
"20074",4.12531549351289e-05,0.000483979031387195,2.77599386233175e-07,6.41697454096494e-08,0.999474422843796,3.20075041184435e-09,5
"20076",0.0451012502357903,0.292611507646365,0.000451681401588956,0.0091427820881906,0.652692667367142,1.11260922800379e-07,5
"20078",0.0347049572265345,9.92203760552668e-07,0.00307245436122846,0.959686995137433,0.00013673696664191,0.00239786410440142,4
"20080",1.99885267814108e-06,6.74561786404526e-11,0.000238488414057162,0.998922142809992,1.94943963397798e-08,0.000837350361419817,4
"20082",5.94002943802075e-06,2.14595032546159e-11,1.05562922611948e-05,0.0034138888886532,4.03392563670752e-08,0.996569574428932,6
"20084",0.0114874236183703,3.06428295249187e-07,0.000464380082774914,0.946883116313244,0.0290823350900322,0.0120824384672839,4
"20087",0.020659393707908,3.75486935153929e-05,0.0529316110984403,0.925796872458384,7.65164979886109e-07,0.00057380887677239,4
"20090",2.58090993577258e-05,2.34721136906908e-10,0.0594649245215528,0.919266424436712,1.75905508188362e-07,0.0212426658021478,4
"20092",0.0558887538601309,0.000706352586895363,0.254874386531694,0.0146516469601373,1.35372531141722e-07,0.673878724688611,6
"20096",0.514543091668442,1.12283923850557e-05,0.0675093679707986,0.00705909490588365,0.00923391648886928,0.401643300573621,1
"20098",0.788230449323894,5.66212742116959e-06,0.000382179824132782,0.000209275724866635,0.211165616282385,6.81671730118203e-06,1
"20101",8.22823712984744e-05,2.15216097102315e-09,0.000358836398436351,0.998341371629448,0.000110028831240013,0.00110747861741661,4
"20104",0.518345615577075,0.421291191829253,0.00271092308815714,0.000106271290686274,0.00165998303885435,0.0558860151759747,1
"20106",0.000583595971239181,7.66397050673822e-09,0.00496367254015709,0.994348559221628,5.52489100188156e-05,4.89156929867963e-05,4
"20108",0.984111201742601,0.000164125152043165,2.68595822208438e-05,0.000309234428314801,0.0153876495356104,9.29559210479351e-07,1
"20110",0.340002236839069,3.7820075975012e-07,0.348076996839854,0.00403044695908908,0.143490878004298,0.16439906315693,3
"20112",0.0109188463389509,3.31793817088066e-08,0.274980796167405,0.702977519248073,2.94088105365598e-05,0.011093396255653,4
"20114",0.0692710578701139,2.30067417421914e-06,5.91402756167274e-05,0.852462556906885,0.0765894468308783,0.00161549744233165,4
"20116",0.00496343247951492,3.76523665318394e-05,0.000103114343871175,0.977439760353058,0.0174500473300155,5.99312700835758e-06,4
"20118",0.873386761769604,2.84101628188756e-06,0.000556168521677329,0.053073154042813,0.0727632858163377,0.000217788833286636,1
"20120",0.00571185079949941,1.89397223213364e-09,0.00586143972562223,0.962611999393814,0.000869870607746291,0.0249448375793459,4
"20122",0.00131226636918512,1.52662314715274e-05,7.00578543438346e-07,4.0942969488948e-06,0.998667654423065,1.81007863011455e-08,5
"20124",1.06416928735411e-05,1.14747192289221e-07,0.000999831834963281,0.99698797468776,2.11546722945785e-09,0.00200143492174386,4
"20126",1.55301040695098e-06,8.95037680527855e-08,7.43793155182952e-05,0.00503492494982223,1.20605824033803e-07,0.99488893261466,6
"20128",2.7889402530386e-08,1.44928532832147e-09,0.000235244453409511,0.181600143592457,1.23357160280395e-09,0.818164581381874,6
"20141",0.906277017556844,0.000108841423067361,0.000171651487906968,6.2215908495824e-05,0.0744871347034537,0.0188931389202319,1
"20143",2.31283833087272e-05,9.44388854460667e-06,3.52883723251471e-08,6.80256059954029e-08,0.999967319953077,4.46109094124753e-09,5
"20145",0.00740044026689411,1.7590134665538e-09,0.00603169620995943,0.982716309546118,6.93019487892872e-06,0.00384462202313676,4
"20147",0.00124145970656419,1.63047387902681e-08,0.000497196219250628,0.998155093852496,4.55371745846016e-06,0.000101680199491686,4
"20149",0.00108988908342684,8.51372327333026e-06,1.00332220303117e-06,4.35455219115741e-07,0.998900124146998,3.42688796041181e-08,5
"20151",0.919872724475231,4.78754754215143e-06,0.000512444522272255,0.000261897303980131,0.0793451291506464,3.01700032780461e-06,1
"20153",0.353497372212744,6.86376152841902e-08,0.0029762498604347,0.0010805487013808,0.635007120481757,0.00743864010606899,5
"20155",0.0001349796679093,5.2367771996324e-08,0.0406922476451378,0.959044801116056,4.17538021426828e-07,0.000127501665103178,4
"20157",0.455018657729007,4.08410633943787e-06,6.08443720550018e-05,0.000112980090141012,0.544794724888416,8.70881404090257e-06,5
"20160",3.82381556412555e-05,1.44156378318609e-06,4.82577297662918e-08,1.49618007761311e-07,0.9999601110328,1.13720380085786e-08,5
"20162",0.00329344592509533,9.3762059441002e-06,4.83431720550931e-07,1.69791839747633e-07,0.996696513288515,1.13568849846693e-08,5
"20164",0.0454530390092909,3.57759228249281e-06,0.00095086089229486,6.87805702989638e-05,0.953510972235741,1.27697000915785e-05,5
"20166",6.16616517909923e-05,0.00014151783944914,8.90469476315261e-05,0.9989677866235,0.000735695947783934,4.29098984384172e-06,4
"20168",1.78782211320974e-05,0.996603427821343,1.66383252090397e-05,0.00264372083553007,0.000718054286696884,2.80510088362307e-07,2
"20170",0.713002104453539,2.20492917378337e-06,0.000176316730679957,0.000159740435791718,0.286631219716354,2.84137344611845e-05,1
"20172",0.00228768715895757,2.79747423805754e-08,0.00188955669853219,0.994804126117208,3.84022596296655e-08,0.00101856364830041,4
"20174",0.561533097277725,0.190965061189411,4.50460302498987e-05,5.48703683336061e-06,0.247451281015685,2.74500959666179e-08,1
"20176",6.65789032405052e-05,0.999777618367819,1.72704056682599e-05,0.000133090695558483,5.42529440834481e-06,1.63333052393706e-08,2
"20178",2.08467259532236e-05,6.95016301759302e-07,6.2333866440574e-08,1.69539648853814e-07,0.9999782026824,2.37018293521129e-08,5
"20181",9.1356267230085e-05,9.36125678740483e-07,1.36154502491204e-05,0.99698726490955,0.00290042048606432,6.40676122813527e-06,4
"20183",0.993249807434334,3.9283442482319e-06,0.00362474324882941,0.00250466689448972,1.04166155592376e-05,0.000606437462539355,1
"20186",0.898215783821664,0.00377713194517703,0.0761956535298065,0.0184545676169428,3.22505754034581e-07,0.00335654058065553,1
"20188",0.000239795139490613,9.40189885319464e-07,2.20149181405345e-07,1.54657992064426e-07,0.999758865176277,2.46871732392489e-08,5
"20190",2.34324627702648e-05,2.0977912100405e-08,0.000154678784423319,0.999808694511198,2.57592913816146e-07,1.29156707825924e-05,4
"20193",0.00021433337734582,0.0282957643039725,0.000344295215182608,0.00163827794061056,0.969506476761849,8.52401039787078e-07,5
"20195",0.181030969190895,3.69400755503739e-06,0.00359521375149252,0.00113907648187984,0.814217075682603,1.39708855751174e-05,5
"20197",0.00136185843464436,7.49268729662429e-08,0.0172561263491142,0.981036084078364,8.09185706803574e-08,0.00034577529243377,4
"20199",0.0628964959315123,1.64959022793787e-06,6.15382743334413e-05,3.18637345297744e-06,0.937033781360713,3.34846976038524e-06,5
"20205",1.24400429985578e-05,1.35442338954805e-10,0.000849472523380887,0.0001248385209709,4.38648769552281e-09,0.99901324439072,6
"20208",0.981510285630953,3.8589705721715e-05,0.00231853885810273,0.00135769438442697,0.0147688566478203,6.03477297496364e-06,1
"20210",0.0112808105064015,3.94180164092938e-06,2.24807399700611e-06,6.48498491936443e-07,0.988712295918614,5.52008545735547e-08,5
"20212",0.123426439961019,6.71591786717015e-06,0.000280609350501524,9.7775231895292e-05,0.876185678747972,2.78079074485925e-06,5
"20216",0.00165581499683828,2.26003609883832e-07,0.000143267772875935,0.998109207556607,4.66794849706955e-05,4.48041850985131e-05,4
"20219",0.00653279752481239,4.4833103270208e-09,0.0114473130792037,0.327955540833482,6.40512639115156e-05,0.65400029281528,6
"20223",3.83056530181218e-06,0.00153006445493087,0.00833307079656966,0.989911654980422,9.27651008625993e-10,0.000221378275124273,4
"20226",0.0535586030919362,2.41819621191199e-07,0.94203304093305,0.00384975566563179,0.00025454473547109,0.00030381375428978,3
"20230",8.60955345404446e-06,1.54880018161801e-08,7.08353090548741e-05,0.999851514523013,2.9086948215449e-08,6.89960395284783e-05,4
"20233",0.00195823193489768,7.32552607248119e-07,0.000249287486646265,1.67435267661767e-06,2.38927462635952e-05,0.997766180926909,6
"20235",0.00014800639033085,0.000138347008613035,0.130477940503902,0.838685256872908,5.74212265930151e-09,0.0305504434821235,4
"20239",0.00627375484287873,0.00252462929679038,0.193665576325106,0.797057404706072,1.4426947471634e-06,0.000477192134405411,4
"20254",1.05091664756943e-06,3.78281064369855e-12,5.21046523566477e-05,0.00392956931378645,3.29720217285969e-09,0.996017271816224,6
"20256",3.84077411714681e-05,2.58994133345217e-07,0.000301473471118758,0.999436268459646,3.84711741519936e-09,0.000223587486813157,4
"20262",0.355516218823803,2.79621133991857e-06,5.83481666972919e-05,7.33160448082138e-05,0.644347086918415,2.23383493629695e-06,5
"20270",0.014866970963555,0.00215838771549071,0.000392649575405971,0.978853780212959,0.00371028334171295,1.79281908763937e-05,4
"20284",0.597946042358991,4.3903474058951e-07,0.0402018022283843,0.00887407105408771,2.9534535037868e-05,0.352948110788759,1
"20287",3.60685513267525e-07,8.3972216471993e-08,0.00279247637543368,0.997104918584932,8.668672542551e-10,0.000102159515037457,4
"20290",0.00224760140539015,3.79134998585328e-10,0.00412562526142733,0.00164535841187727,2.51168338223051e-05,0.991956297708348,6
"20293",0.0494549914148137,8.81592099872918e-07,0.00064883627983022,0.94782466661146,9.97939780470308e-06,0.00206064470399099,4
"20296",0.284067328331703,0.0173674319210539,0.000466897238089317,0.00707412624373818,0.691024135902214,8.03632017004327e-08,5
"20301",3.20912371895698e-07,3.25651197142688e-08,0.00128418367068,0.998337804066628,9.35039609776771e-06,0.000368308389102347,4
"20304",1.53145496416255e-05,7.22398934840657e-11,5.79147806369608e-06,0.00420147603191867,6.58480099125912e-08,0.995777352020126,6
"20306",1.37874262155994e-05,1.93011419918353e-08,0.000234499862098647,0.997815389737542,1.03513356286206e-09,0.00193630263786793,4
"20309",0.338594673757312,1.71631863700997e-06,0.169505206967506,0.487881787914059,0.000185073922472871,0.00383154112001282,4
"20311",0.00402522664181343,1.24111726326251e-06,0.000621145161154876,0.994276454813632,0.000313418483332839,0.000762513782803774,4
"20314",0.975489253070365,5.64386548910947e-07,0.00064718818952506,0.00173240840936005,0.0220945900883115,3.59958558903277e-05,1
"20318",9.78188343338889e-05,1.05446703648207e-05,1.13341722421838e-07,1.45899764388625e-05,0.999876858313986,7.48631538040892e-08,5
"20320",0.502216836439781,1.92593061588781e-05,0.492806079183283,0.000898050162822311,0.0022540477012824,0.00180572720667196,1
"20326",0.948230965433595,1.33880451163601e-06,0.000299926780347583,0.00238862388206986,0.0489889479895042,9.01971099722022e-05,1
"20328",0.873618019386844,7.46582921375634e-06,0.124221039172888,0.000790376207016812,1.60333714907287e-05,0.0013470660325462,1
"20330",0.000355912006567125,7.58611408614926e-07,0.843263353751261,0.152510630426775,7.78837430476163e-07,0.00386856636655754,3
"20336",0.0276259836238293,1.00446508074247e-08,0.00189279096620707,0.0107612888256955,7.50840913515012e-07,0.959719175698704,6
"20338",0.00121094274255875,4.13002779697501e-09,0.00332691240866009,0.0148684511009735,9.61159412964885e-05,0.980497573676483,6
"20340",2.56486875156676e-06,3.92626981601492e-08,0.00014774686523948,0.999455748538281,1.76330252686077e-08,0.000393882832004114,4
"20342",0.000107187608405514,4.40175836192661e-05,0.0232235973065003,0.000405651433996613,0.000248650552143692,0.975970895515335,6
"20344",0.00146163155581156,2.25419601492281e-07,0.000209006749305278,0.997800868763791,2.92982511101458e-07,0.000527974528979198,4
"20349",2.38096708844568e-05,1.02500175069054e-07,3.43496584948699e-05,0.999811414012343,2.48641276735719e-09,0.000130321671689471,4
"20351",0.0538861286088341,1.05213048775543e-06,0.00861382874868745,0.923396379047599,0.000560984269840978,0.0135416271945512,4
"20353",0.000216560150657601,1.19185661644759e-08,0.703726907268433,0.273146047641865,3.86642032761128e-08,0.0229104343562752,3
"20357",6.05325065759172e-06,1.34532057970821e-10,0.00224252768280504,0.000773256322598008,2.75412724760394e-10,0.996978162333995,6
"20360",8.444299595788e-05,0.000239004935213025,0.729861662718549,0.00453909818619813,6.74706135560555e-07,0.265275116457946,3
"20364",0.0357128657478724,3.42049812277211e-08,0.261616877764854,0.700279105206779,1.27349521323131e-05,0.00237838212338119,4
"20366",0.00678406879662031,8.07580610620244e-09,0.000573048189808604,0.000901337624199462,1.00559928087894e-05,0.991731481320757,6
"20381",0.00303097908339222,0.980570869662195,5.63246627138179e-06,9.77176736051473e-07,0.016391419198299,1.2241310669923e-07,2
"20391",0.0389933287436409,0.242891782893085,0.501954717125788,0.197766831965641,4.87279585878488e-08,0.0183932905438858,3
"20394",0.981662190419763,0.00245794405370253,0.0146379141360857,0.000112143523157298,0.00112801993044065,1.78793685124674e-06,1
"20396",0.187908485884051,0.798245371814059,6.78549955912284e-05,6.80641168527273e-07,0.0137775945894951,1.20756350346731e-08,2
"20409",0.223294448538065,6.57682682602531e-06,0.000148539095239302,0.606880489708087,0.168770962527451,0.000898983304331645,4
"20411",0.000288053035304684,8.82696937008614e-09,0.0240147945104433,0.861069798706224,2.46970893886863e-09,0.114627342451349,4
"20416",3.07260083683964e-08,1.26969212180893e-10,0.000180717328171176,0.0300866070950462,2.24776030905159e-11,0.969732644701327,6
"20418",0.126626071033955,0.81121600630133,8.9395672794853e-06,6.00151415606374e-07,0.0621483767258956,6.22012447767196e-09,2
"20420",0.0246912018228865,9.48823972172821e-07,0.0010127037885793,2.12412417375954e-05,0.000235237714378393,0.974038666608446,6
"20422",0.000386699743728194,4.24631060642831e-08,0.036513323080594,0.962789072952577,4.55335064946981e-05,0.000265328253500313,4
"20424",0.000194426384031574,4.08046120529402e-09,0.0809078075669801,0.878631963933777,7.97873415166997e-09,0.0402657900560163,4
"20426",8.05685714476498e-06,4.74149321911686e-10,4.65354514722378e-05,3.93029232532549e-06,0.000104031864939033,0.999837445059969,6
"20428",0.0485098210242152,0.00240075493156825,0.116960083638981,0.832101028258254,1.32365920117999e-05,1.50755549700748e-05,4
"20431",0.627685126930085,1.79386249963268e-06,0.239327973063133,0.0223604219874703,0.106462468512819,0.00416221564399291,1
"20433",1.72667012427274e-06,0.000131124582208913,0.000609385692421893,0.999245229569008,9.31866836559496e-09,1.25241675683059e-05,4
"20436",4.2183637131224e-05,0.992672023752914,5.69520727268509e-05,0.00722106286106068,7.63726676721097e-06,1.40409400751126e-07,2
"20439",0.459391967495024,0.300276436289007,4.548209914714e-05,3.14077280148802e-06,0.240282951092034,2.22519872111391e-08,1
"20441",6.55171118252616e-05,4.07477324179609e-10,0.0151995808885812,0.000698342207915894,1.8053566525727e-07,0.984036378848535,6
"20444",0.000137408394735055,2.79721510662995e-06,8.14612514245892e-08,8.42799370065384e-08,0.999859621859383,6.78958641964066e-09,5
"20448",0.824841854292874,0.000205009718103551,8.49656235675192e-05,0.00952186638562668,0.164232078645615,0.00111422533421346,1
"20536",0.219901363245916,0.775696581729926,0.00424861722378838,0.000139147749513365,1.39087962860075e-05,3.8125456966857e-07,2
"20538",0.0620234707678939,7.16441393155991e-06,0.000260207458908398,0.208190249217088,1.65401066258533e-06,0.729517254131515,6
"20541",5.48569784729884e-06,8.44332346624803e-11,0.00369399218223679,0.936290963575985,5.07278747890813e-09,0.0600095533867106,4
"20544",0.808955145096313,3.01606115438246e-06,0.00200455531419065,0.184203580262499,0.00413678242383531,0.000696920842007877,1
"20546",0.000980700001225171,8.16392408456509e-09,0.00797385720713901,0.985074298561524,1.05251262082208e-08,0.00597112554106129,4
"20550",0.00403361870964792,9.68025160239673e-07,0.991207237895243,0.00442260965870768,9.48176506752493e-05,0.000240748060565682,3
"20553",5.70983373557587e-09,7.31646184471164e-10,9.04406439548723e-06,0.0224480656624725,1.57454392408658e-07,0.97754272637726,6
"20555",0.00143918397341668,4.1022345369939e-07,0.00355710515482616,5.76894955673011e-06,1.20681183158271e-07,0.994997411017564,6
"20557",0.0264454110755442,2.63813215035722e-08,0.949657835919855,0.01043388952084,0.0003386324857247,0.0131242046167152,3
"20559",0.000243479498942571,3.40736543470986e-09,0.000227047165766848,0.999482299564103,1.33992200631409e-06,4.5830441815767e-05,4
"20561",0.712501237213735,5.23749371201907e-06,0.000432030818854354,0.000750414316231181,0.286282424676542,2.86554809258077e-05,1
"20564",2.08467259532236e-05,6.95016301759302e-07,6.2333866440574e-08,1.69539648853814e-07,0.9999782026824,2.37018293521129e-08,5
"20566",0.0752752533185413,5.3082579571522e-05,0.12527129694983,0.79929253898359,0.000101588705892433,6.23946257443894e-06,4
"20569",0.856837029612762,0.00053459899649776,5.14467817366899e-05,1.26094480195107e-05,0.142564159524985,1.55635998817299e-07,1
"20572",0.0633948873759121,0.000695916838231925,2.4213070152976e-06,6.25086382581623e-06,0.93590050549997,1.81150443773132e-08,5
"20574",0.000171933465009847,6.1994034526354e-10,0.00189471658623174,0.996194790627393,2.8214398422719e-06,0.0017357372615822,4
"20576",0.000162983658190027,5.09441420714187e-07,2.48506603486261e-07,1.21377409477081e-06,0.999834976527195,6.80924964357972e-08,5
"20578",0.194945998203537,1.44894127439879e-06,0.0280180063801989,0.770716929275445,0.0057625762388764,0.0005550409606681,4
"20580",0.170271264216585,1.63162769186094e-05,0.0016381823967652,0.827961803890421,6.37363856162385e-05,4.86968336936945e-05,4
"20583",8.35748283585021e-05,5.03883164495979e-07,1.63520978050553e-07,8.82963755792807e-07,0.999914821612006,5.31917365989061e-08,5
"20586",0.0939099231397545,9.52173809053026e-07,0.0018314974598119,0.902645036843918,3.0471964198867e-06,0.00160954318628709,4
"20589",1.94956820659227e-05,1.0720677514222e-07,0.004710224728106,0.995142085554063,7.7137467570857e-10,0.000128086057615756,4
"20591",0.194032754279123,1.86559181473681e-05,0.754864866565164,0.00109902288962514,5.06329323926484e-06,0.0499796370547016,3
"20593",9.48855822170243e-08,7.70373073269802e-09,0.000423642213237424,0.999530459904495,1.13091854456434e-08,4.57839837695348e-05,4
"20595",0.00329433708969547,4.22248464398755e-08,0.000225337921340364,0.996202256949495,3.93314433166455e-05,0.000238694371305854,4
"20597",0.000796501389010466,0.999197574534232,9.89514513954434e-07,8.0103081109092e-08,4.85359583588983e-06,8.63326785982856e-10,2
"20599",3.30605878809187e-05,1.19838300879863e-06,3.49196000712739e-08,2.28675880188105e-07,0.999965465064178,1.23694517893329e-08,5
"20601",0.985625140875407,4.66553702437192e-06,0.0138717243578912,0.000198311859405231,0.000277258677010791,2.28986932618327e-05,1
"20604",6.54441363584696e-06,1.86094569292522e-09,4.6123317234401e-05,0.999901100614077,6.87913752549101e-07,4.55418803544087e-05,4
"20606",5.84509390777675e-06,2.98431132025085e-09,0.000580419693529715,0.999360168687206,1.70936063194892e-08,5.35464474388218e-05,4
"20608",0.000350314907219085,1.42995260654304e-06,0.023993865414806,0.975647146583912,2.40444516316409e-07,7.00269694052927e-06,4
"20610",0.000995635950736256,7.81045395937774e-07,1.09095598955281e-05,6.43600243765206e-06,0.998985897484372,3.39957162429986e-07,5
"20612",0.00142230072068528,0.615723981434491,0.000295382045810858,0.230538726275409,0.000960707578138078,0.151058901945465,2
"20614",0.00603111954285851,7.39495048469219e-07,1.17624641488389e-05,7.60015572200349e-07,0.993955421980602,1.9650176939429e-07,5
"20616",0.994174605734576,4.17908434559775e-05,0.00071790646367299,0.00445280575096037,0.000541061238522612,7.18299688119463e-05,1
"20618",0.000868848469402693,1.85366358234736e-09,0.00158264867440785,0.000164300368679357,1.63433274703838e-05,0.997367857306376,6
"20620",0.000425028056065435,3.0616989768932e-05,9.79351564641639e-05,0.999394822178613,2.19665876544249e-05,2.96310314341619e-05,4
"20622",0.00047955917963939,2.98862293253779e-07,3.15590818021496e-07,4.05684670974012e-06,0.999515666196116,1.03324424070345e-07,5
"20624",0.000379030089180401,2.63904518913044e-08,0.000442481848855493,0.971794139934425,3.52256336154729e-08,0.0273842865114539,4
"20626",0.0145491571987054,0.215651428140242,0.00769686817204114,0.760949438088382,0.00115210373503335,1.00466559644314e-06,4
"20628",0.151842117625705,0.156776256584083,0.549345981631287,0.141521169818501,0.00041296517937243,0.00010150916105093,3
"20630",0.0603907547831176,3.40874650563156e-06,0.363533442364182,0.562434021062332,0.0134947680749987,0.000143604968863212,4
"20632",0.0071967867814415,0.000965649827750076,9.70267112315179e-07,9.2723039173494e-08,0.991836497816385,2.58427135774992e-09,5
"20634",1.05402964153363e-05,6.72303542659107e-09,0.00106629150349519,0.998887703985596,1.29061866883264e-08,3.54445852713804e-05,4
"20637",1.84207182442591e-05,7.29122398952407e-12,0.000976974805840999,0.00700684953320812,8.01695275231608e-06,0.991989737982663,6
"20639",0.375364302568904,4.24873610736718e-06,6.34820459331018e-05,1.04109054986718e-05,0.624555470606257,2.08513730018625e-06,5
"20644",3.06404879629082e-08,5.64377393537346e-06,0.000638367660527398,0.329269937756815,1.87450330201949e-08,0.670086001423201,6
"20646",5.18622040356654e-05,0.00134649299586583,0.34714774719307,0.640007681777135,8.91510096361531e-06,0.0114373007289301,4
"20648",0.991561682878772,9.9468417883943e-07,0.000410774791784399,7.53475280037593e-05,0.00793385970361919,1.73404136422654e-05,1
"20650",8.83451051649427e-05,1.83780295014233e-08,0.00147829414485054,0.681424853020222,2.85804613960589e-08,0.317008460771271,4
"20653",0.959620012378414,0.000106579249968011,0.0363582881289242,0.000263055333624285,0.00335699849388405,0.000295066415185593,1
"20658",6.03989311913021e-05,0.000146059623165609,0.0007869071593685,0.999003091009219,1.40376281690025e-08,3.52923942693462e-06,4
"20661",0.00456127829323799,9.49344520387739e-05,0.000381021525883432,0.0333180617022735,8.5201545040901e-07,0.961643852011116,6
"20663",0.435734161244982,3.56762970129991e-06,0.0175539421879954,0.545155361492823,5.64384112374316e-06,0.00154732360337394,4
"20665",3.36380917353159e-05,4.07562192848618e-05,6.74178787231097e-08,1.77864024118576e-06,0.999923756298486,3.3323743627399e-09,5
"20667",0.103129208656677,0.0054556165321075,0.887647309941544,0.00364029336247729,6.20728460606364e-05,6.54986611336634e-05,3
"20669",0.0286366033813512,0.971186716694923,4.98918646708856e-06,5.05715863776897e-07,0.000171151349278895,3.36721160340705e-08,2
"20671",0.00165886768027614,2.20502834521717e-10,0.0051683081937083,0.14871489972236,7.87044843615153e-05,0.844379219698791,6
"20673",0.000759599130491352,0.999214406913523,5.12683330671725e-07,4.46188703731432e-08,2.54362723996416e-05,3.81384626416581e-10,2
"20675",0.754789303297661,0.237518660563697,0.00103171516234373,0.00663893059991569,1.63644218328001e-05,5.02595454900792e-06,1
"20677",0.446066273647349,0.000669674092887711,0.0161327037248379,0.536906279226793,4.19794166657199e-06,0.000220871366465726,4
"20679",0.0301923963776488,0.969062509062638,1.24703652279131e-05,1.30605988670056e-07,0.000732480828830511,1.27596659988077e-08,2
"20681",0.933693756076401,0.0651006076827559,0.00113191638221606,5.40036454417861e-05,1.75367626192168e-05,2.17945056665926e-06,1
"20683",0.492410830197767,0.00468952514749608,0.127531732104903,0.375295349670703,1.29031763969199e-05,5.96597027339483e-05,1
"20685",0.0119283013233179,1.71017046536812e-06,0.00833199232792352,7.07653547898014e-06,6.58983811879814e-05,0.979665021261626,6
"20687",0.0837085907374334,2.26790431077007e-06,2.17088681421092e-05,3.27564715292626e-06,0.916263520456887,6.36386073476878e-07,5
"20689",8.61623017707945e-07,1.2870229645819e-05,6.67545775069923e-05,0.14847205387819,8.50747569221557e-09,0.851447451184163,6
"20691",0.000212728710529081,4.93860392683453e-07,1.70694757696335e-07,1.9362069354585e-07,0.999786386298806,2.68148204847738e-08,5
"20693",7.08910759882192e-06,3.4122468796869e-08,0.000126478104477103,0.99877863747878,1.23140607927168e-09,0.00108775995526924,4
"20695",0.997416809580959,1.41476378490113e-05,0.000503354355498725,7.86500779431423e-05,0.00198238019086989,4.6581568805049e-06,1
"20697",7.81408959493746e-05,5.98936526354887e-10,0.000230403121294901,0.99942603151216,2.87585034509975e-05,0.000236665368208638,4
"20699",0.65894602243641,0.0168022364003138,0.00388692222405162,0.320262705091209,9.77890122285183e-05,4.32483578735102e-06,1
"20701",0.0472709612359475,0.000660815556136006,0.0908299456253941,0.861115244965485,2.56344199433828e-07,0.000122776272838307,4
"20703",0.0129953822845111,0.980813896663152,0.0056425598984869,5.99171841786348e-06,0.000120052095346515,0.000422117340085386,2
"20705",0.00103983690730949,5.64783650296022e-08,0.0173454129198901,0.978192523927286,8.85444411700287e-08,0.00342208122270803,4
"20707",0.984299850185406,4.43692134815517e-06,0.0130570089249883,0.00248457242793299,9.15613403836536e-06,0.000144975406286111,1
"20709",0.0749112297221398,0.000325578703847259,0.000594051518781596,0.0247385873703319,0.899427608652816,2.94403208348429e-06,5
